  147 base-pairs
...     1 T-A ...
    0.0000    0.0000    0.0000
    1.0000    0.0000    0.0000
    0.0000    1.0000    0.0000
    0.0000    0.0000    1.0000
...     2 G-C ...
   -0.5555   -1.1003    3.3981
    0.7749    0.6051    0.1828
   -0.5991    0.7953   -0.0929
   -0.2016   -0.0375    0.9787
...     3 T-A ...
   -0.6619   -3.0237    6.5348
    0.3046    0.9250    0.2271
   -0.8994    0.3578   -0.2510
   -0.3134   -0.1278    0.9410
...     4 G-C ...
   -1.1607   -3.8418    9.6940
   -0.3351    0.9421    0.0133
   -0.8752   -0.3061   -0.3746
   -0.3489   -0.1372    0.9271
...     5 A-T ...
   -1.3881   -3.6770   12.8999
   -0.7835    0.6162   -0.0801
   -0.5677   -0.7622   -0.3109
   -0.2527   -0.1981    0.9470
...     6 G-C ...
   -2.6236   -3.5448   15.7072
   -0.9923    0.0611   -0.1075
   -0.0294   -0.9610   -0.2748
   -0.1201   -0.2695    0.9555
...     7 C-G ...
   -2.3138   -3.7570   18.8866
   -0.8620   -0.4995   -0.0864
    0.5008   -0.8655    0.0073
   -0.0785   -0.0370    0.9962
...     8 G-C ...
   -3.9561   -6.8109   23.3205
   -0.2581   -0.3560   -0.8981
    0.6294   -0.7673    0.1233
   -0.7330   -0.5335    0.4221
...     9 C-G ...
   -6.1177   -8.9414   24.2385
    0.1143   -0.7320   -0.6716
    0.8123   -0.3203    0.4874
   -0.5720   -0.6013    0.5580
...    10 T-A ...
   -8.5041   -9.6771   26.0540
    0.4660   -0.8587   -0.2131
    0.6274    0.1508    0.7640
   -0.6239   -0.4897    0.6090
...    11 C-G ...
  -11.0625  -11.3174   27.2336
    0.6660   -0.6911    0.2808
    0.3382    0.6152    0.7121
   -0.6649   -0.3794    0.6435
...    12 A-T ...
  -13.0013  -13.1789   29.0658
    0.7188   -0.1490    0.6790
   -0.1787    0.9043    0.3876
   -0.6718   -0.4000    0.6235
...    13 C-G ...
  -14.1788  -15.9359   31.3399
    0.4052    0.2865    0.8682
   -0.5270    0.8492   -0.0343
   -0.7470   -0.4437    0.4951
...    14 A-T ...
  -15.9532  -18.1566   33.3080
   -0.1503    0.6873    0.7107
   -0.6106    0.5008   -0.6135
   -0.7776   -0.5261    0.3444
...    15 A-T ...
  -18.4984  -19.7843   34.5049
   -0.4434    0.8755    0.1922
   -0.4148   -0.0103   -0.9098
   -0.7946   -0.4832    0.3677
...    16 T-A ...
  -20.9032  -21.2004   36.4221
   -0.6217    0.7102   -0.3304
   -0.0991   -0.4898   -0.8662
   -0.7770   -0.5057    0.3749
...    17 T-A ...
  -23.4446  -22.5905   37.9729
   -0.5870    0.2605   -0.7665
    0.2889   -0.8171   -0.4989
   -0.7563   -0.5143    0.4044
...    18 T-A ...
  -26.0339  -24.0268   39.3757
   -0.3212   -0.2764   -0.9058
    0.5750   -0.8169    0.0454
   -0.7524   -0.5063    0.4213
...    19 A-T ...
  -28.4643  -25.9146   41.0123
    0.1101   -0.7948   -0.5968
    0.6488   -0.3974    0.6489
   -0.7529   -0.4587    0.4719
...    20 T-A ...
  -31.3839  -27.1560   42.1018
    0.4048   -0.9061   -0.1227
    0.5013    0.1078    0.8585
   -0.7647   -0.4091    0.4979
...    21 T-A ...
  -34.0074  -28.5163   43.4775
    0.5905   -0.6744    0.4432
    0.1595    0.6359    0.7552
   -0.7911   -0.3753    0.4830
...    22 C-G ...
  -36.6467  -29.7080   45.0722
    0.5868   -0.1456    0.7966
   -0.2307    0.9129    0.3368
   -0.7762   -0.3814    0.5021
...    23 G-C ...
  -39.5003  -30.3491   46.8333
    0.4799    0.4483    0.7542
   -0.5222    0.8367   -0.1650
   -0.7050   -0.3147    0.6356
...    24 C-G ...
  -41.5767  -31.6756   49.0039
    0.1776    0.8399    0.5129
   -0.6908    0.4776   -0.5428
   -0.7008   -0.2579    0.6651
...    25 A-T ...
  -44.2330  -32.3635   50.9004
   -0.1905    0.9811    0.0338
   -0.6750   -0.1059   -0.7302
   -0.7128   -0.1619    0.6824
...    26 A-T ...
  -46.5250  -32.7092   53.2245
   -0.5283    0.7426   -0.4117
   -0.4532   -0.6566   -0.6029
   -0.7180   -0.1319    0.6834
...    27 A-T ...
  -48.7250  -32.8415   55.6317
   -0.6978    0.2189   -0.6820
   -0.0608   -0.9668   -0.2482
   -0.7137   -0.1317    0.6879
...    28 G-C ...
  -51.2655  -32.7701   57.8868
   -0.5811   -0.3349   -0.7417
    0.3075   -0.9342    0.1809
   -0.7535   -0.1229    0.6458
...    29 G-C ...
  -54.0963  -32.9846   59.8709
   -0.2492   -0.8127   -0.5267
    0.5721   -0.5624    0.5970
   -0.7814   -0.1526    0.6051
...    30 C-G ...
  -56.8963  -33.4464   61.5486
    0.1496   -0.9819   -0.1164
    0.5985   -0.0038    0.8011
   -0.7871   -0.1895    0.5871
...    31 C-G ...
  -59.7355  -33.9651   63.3222
    0.5064   -0.7990    0.3242
    0.4029    0.5517    0.7303
   -0.7624   -0.2392    0.6013
...    32 G-C ...
  -61.9724  -34.4410   65.4506
    0.7117   -0.3591    0.6038
    0.0608    0.8877    0.4563
   -0.6998   -0.2880    0.6537
...    33 G-C ...
  -64.0781  -35.6173   67.7896
    0.6652    0.2273    0.7113
   -0.3643    0.9303    0.0434
   -0.6518   -0.2880    0.7016
...    34 C-G ...
  -66.0015  -36.8284   70.1650
    0.3755    0.7280    0.5736
   -0.6810    0.6365   -0.3620
   -0.6286   -0.2547    0.7348
...    35 C-G ...
  -67.7991  -37.4839   72.9940
   -0.0356    0.9755    0.2171
   -0.7891    0.1059   -0.6051
   -0.6132   -0.1929    0.7660
...    36 C-G ...
  -69.7021  -37.8720   75.7617
   -0.4484    0.8690   -0.2090
   -0.6557   -0.4787   -0.5838
   -0.6074   -0.1247    0.7845
...    37 G-C ...
  -72.1141  -38.9888   77.9322
   -0.6972    0.4487   -0.5591
   -0.2862   -0.8893   -0.3568
   -0.6573   -0.0887    0.7484
...    38 A-T ...
  -74.1528  -39.2346   80.3702
   -0.7279   -0.1682   -0.6648
    0.1914   -0.9808    0.0385
   -0.6585   -0.0993    0.7460
...    39 C-G ...
  -76.5607  -39.1613   82.5130
   -0.4882   -0.6570   -0.5744
    0.5369   -0.7450    0.3958
   -0.6880   -0.1152    0.7165
...    40 A-T ...
  -78.9675  -39.6505   84.8349
   -0.0227   -0.9604   -0.2775
    0.7124   -0.2103    0.6695
   -0.7014   -0.1825    0.6890
...    41 C-G ...
  -81.5728  -40.5091   86.6991
    0.3865   -0.9183    0.0860
    0.6080    0.3239    0.7249
   -0.6935   -0.2279    0.6835
...    42 G-C ...
  -83.5774  -41.0475   89.3244
    0.7190   -0.5235    0.4571
    0.2344    0.8019    0.5495
   -0.6542   -0.2880    0.6993
...    43 A-T ...
  -85.7212  -41.9766   91.4886
    0.7193    0.0584    0.6923
   -0.2337    0.9587    0.1620
   -0.6542   -0.2783    0.7032
...    44 C-G ...
  -87.5830  -43.4752   93.7760
    0.5074    0.5798    0.6375
   -0.6004    0.7685   -0.2211
   -0.6182   -0.2705    0.7380
...    45 T-A ...
  -89.2448  -44.7222   96.7346
    0.0863    0.9284    0.3614
   -0.7906    0.2845   -0.5422
   -0.6062   -0.2389    0.7586
...    46 T-A ...
  -90.9893  -45.5420   99.3243
   -0.3633    0.9315    0.0170
   -0.7017   -0.2616   -0.6627
   -0.6129   -0.2527    0.7487
...    47 A-T ...
  -93.2660  -46.5376  101.6315
   -0.7327    0.5393   -0.4151
   -0.2987   -0.8029   -0.5158
   -0.6115   -0.2539    0.7494
...    48 C-G ...
  -95.2459  -46.7174  104.3303
   -0.7659    0.0238   -0.6425
    0.1416   -0.9685   -0.2047
   -0.6272   -0.2478    0.7384
...    49 T-A ...
  -97.5990  -47.1833  106.7313
   -0.5135   -0.4877   -0.7061
    0.5243   -0.8297    0.1918
   -0.6793   -0.2717    0.6817
...    50 G-C ...
  -99.9704  -48.2921  108.8860
   -0.0280   -0.8329   -0.5527
    0.7131   -0.4041    0.5729
   -0.7005   -0.3780    0.6053
...    51 T-A ...
 -102.5612  -49.4473  110.4024
    0.3799   -0.8995   -0.2159
    0.6198    0.0743    0.7813
   -0.6867   -0.4306    0.5857
...    52 A-T ...
 -104.7147  -51.0955  112.3673
    0.7476   -0.6283    0.2151
    0.2500    0.5663    0.7853
   -0.6152   -0.5334    0.5805
...    53 G-C ...
 -106.7974  -52.9231  114.0720
    0.8277   -0.1826    0.5307
   -0.1967    0.7912    0.5790
   -0.5256   -0.5837    0.6189
...    54 G-C ...
 -108.1588  -55.5701  116.0984
    0.6072    0.3478    0.7144
   -0.6560    0.7267    0.2038
   -0.4482   -0.5924    0.6695
...    55 T-A ...
 -109.1243  -57.7225  118.3890
    0.1679    0.6802    0.7135
   -0.8881    0.4185   -0.1900
   -0.4279   -0.6018    0.6744
...    56 A-T ...
 -110.2289  -59.7523  120.8823
   -0.4014    0.8019    0.4425
   -0.8178   -0.0963   -0.5673
   -0.4123   -0.5896    0.6945
...    57 T-A ...
 -110.9960  -61.4932  123.5949
   -0.7925    0.6020    0.0977
   -0.4716   -0.5033   -0.7241
   -0.3867   -0.6199    0.6828
...    58 C-G ...
 -112.3127  -63.3769  126.0840
   -0.9156    0.1409   -0.3765
    0.1460   -0.7561   -0.6380
   -0.3746   -0.6391    0.6717
...    59 T-A ...
 -113.8544  -65.2940  128.4030
   -0.6685   -0.2617   -0.6962
    0.6230   -0.7084   -0.3318
   -0.4063   -0.6555    0.6366
...    60 C-G ...
 -115.2382  -67.4422  130.6707
   -0.1479   -0.6055   -0.7820
    0.9088   -0.3952    0.1341
   -0.3902   -0.6908    0.6087
...    61 G-C ...
 -116.0134  -69.9999  132.6957
    0.4240   -0.5495   -0.7199
    0.8495   -0.0343    0.5265
   -0.3140   -0.8348    0.4522
...    62 A-T ...
 -117.0849  -72.6831  134.2937
    0.8682   -0.3928   -0.3033
    0.4326    0.2995    0.8504
   -0.2432   -0.8695    0.4300
...    63 T-A ...
 -117.9189  -75.7620  135.0949
    0.9765   -0.1385    0.1649
   -0.0876    0.4439    0.8918
   -0.1967   -0.8853    0.4213
...    64 C-G ...
 -118.3914  -78.7492  136.3543
    0.7262    0.2048    0.6562
   -0.6739    0.4008    0.6207
   -0.1359   -0.8930    0.4290
...    65 A-T ...
 -118.5568  -81.8770  137.6534
    0.2525    0.4748    0.8431
   -0.9676    0.1257    0.2190
   -0.0019   -0.8711    0.4912
...    66 T-A ...
 -118.0349  -84.6591  139.3222
   -0.2873    0.4794    0.8292
   -0.9578   -0.1540   -0.2428
    0.0113   -0.8640    0.5034
...    67 G-C ...
 -117.8435  -87.5501  141.0602
   -0.8272    0.2631    0.4965
   -0.5615   -0.4199   -0.7131
    0.0208   -0.8686    0.4950
...    68 T-A ...
 -117.4995  -90.2316  143.1642
   -0.9977   -0.0651    0.0172
    0.0152   -0.4666   -0.8843
    0.0656   -0.8821    0.4666
...    69 T-A ...
 -117.2388  -92.9720  144.8665
   -0.7851   -0.3646   -0.5007
    0.6083   -0.3016   -0.7342
    0.1166   -0.8810    0.4586
...    70 A-T ...
 -116.5365  -95.9895  146.3186
   -0.2106   -0.4634   -0.8608
    0.9644    0.0458   -0.2606
    0.1602   -0.8850    0.4372
...    71 T-A ...
 -116.6999  -98.9257  147.7385
    0.3157   -0.3505   -0.8818
    0.9302    0.2975    0.2148
    0.1871   -0.8881    0.4199
...    72 A-T ...
 -115.8508 -101.8308  149.1096
    0.7594    0.0038   -0.6506
    0.5897    0.4186    0.6907
    0.2749   -0.9082    0.3156
...    73 A-T ...
 -114.9432 -104.7475  149.8360
    0.9273    0.3189   -0.1961
    0.0946    0.3070    0.9470
    0.3622   -0.8967    0.2545
...    74 C-G ...
 -113.4330 -107.7584  149.9771
    0.8068    0.4776    0.3478
   -0.4192    0.0479    0.9066
    0.4164   -0.8773    0.2389
...    75 G-C ...
 -111.8921 -110.4023  151.2299
    0.3788    0.4710    0.7966
   -0.7527   -0.3440    0.5613
    0.5384   -0.8123    0.2243
...    76 G-C ...
 -109.8961 -112.7068  152.5492
   -0.1394    0.2696    0.9528
   -0.7816   -0.6208    0.0613
    0.6080   -0.7362    0.2973
...    77 A-T ...
 -107.9843 -115.1117  153.8295
   -0.5677   -0.2209    0.7930
   -0.4960   -0.6770   -0.5437
    0.6570   -0.7020    0.2748
...    78 G-C ...
 -105.7348 -117.4142  154.6518
   -0.7250   -0.5920    0.3521
   -0.1087   -0.4065   -0.9071
    0.6802   -0.6959    0.2304
...    79 C-G ...
 -103.3376 -119.6789  155.7813
   -0.6406   -0.7158   -0.2779
    0.3395    0.0606   -0.9387
    0.6887   -0.6957    0.2042
...    80 T-A ...
 -101.0676 -122.0078  156.5787
   -0.3749   -0.5403   -0.7533
    0.6131    0.4651   -0.6386
    0.6954   -0.7013    0.1569
...    81 C-G ...
  -98.6461 -124.3667  157.3860
    0.0375   -0.1124   -0.9930
    0.6773    0.7335   -0.0575
    0.7347   -0.6704    0.1037
...    82 G-C ...
  -95.7925 -126.0253  157.5954
    0.3204    0.3882   -0.8641
    0.5531    0.6639    0.5033
    0.7690   -0.6392   -0.0020
...    83 G-C ...
  -93.2236 -128.1560  157.3931
    0.4861    0.7691   -0.4149
    0.2704    0.3191    0.9083
    0.8310   -0.5538   -0.0528
...    84 G-C ...
  -90.2681 -129.6848  156.7660
    0.4478    0.8778    0.1703
    0.0216   -0.2010    0.9793
    0.8939   -0.4349   -0.1090
...    85 A-T ...
  -87.2259 -130.9186  156.1845
    0.3514    0.5825    0.7330
   -0.2172   -0.7108    0.6690
    0.9107   -0.3943   -0.1232
...    86 T-A ...
  -84.0525 -131.6211  155.5613
    0.1749    0.1107    0.9783
   -0.3500   -0.9217    0.1669
    0.9203   -0.3717   -0.1225
...    87 C-G ...
  -80.7791 -132.5661  155.2678
   -0.0421   -0.5155    0.8558
   -0.3758   -0.7855   -0.4917
    0.9257   -0.3424   -0.1607
...    88 C-G ...
  -77.6668 -133.7492  155.0497
   -0.2756   -0.8544    0.4404
   -0.2658   -0.3726   -0.8891
    0.9238   -0.3621   -0.1244
...    89 G-C ...
  -74.7302 -134.9752  154.1106
   -0.4103   -0.8911   -0.1941
   -0.0599    0.2387   -0.9692
    0.9100   -0.3861   -0.1513
...    90 C-G ...
  -71.5065 -136.2920  154.0499
   -0.3891   -0.5719   -0.7222
    0.1459    0.7358   -0.6613
    0.9096   -0.3627   -0.2029
...    91 T-A ...
  -68.3926 -137.7612  153.6905
   -0.2960   -0.0109   -0.9551
    0.3224    0.9401   -0.1106
    0.8992   -0.3407   -0.2747
...    92 T-A ...
  -65.6348 -139.1121  152.6461
   -0.0963    0.5472   -0.8315
    0.4244    0.7782    0.4630
    0.9003   -0.3083   -0.3072
...    93 T-A ...
  -62.7323 -139.9890  151.5270
    0.0639    0.9191   -0.3887
    0.4266    0.3270    0.8433
    0.9022   -0.2197   -0.3712
...    94 A-T ...
  -59.5484 -140.2157  150.2705
    0.1087    0.9573    0.2678
    0.3896   -0.2889    0.8745
    0.9146    0.0093   -0.4044
...    95 A-T ...
  -56.7152 -139.8657  148.8687
    0.2768    0.6126    0.7403
    0.3077   -0.7864    0.5356
    0.9103    0.0796   -0.4062
...    96 C-G ...
  -53.8133 -138.9240  147.3665
    0.4302    0.0642    0.9004
    0.1254   -0.9920    0.0108
    0.8940    0.1083   -0.4349
...    97 A-T ...
  -50.6500 -138.5794  146.1281
    0.4030   -0.5726    0.7139
   -0.1510   -0.8110   -0.5652
    0.9027    0.1200   -0.4133
...    98 C-G ...
  -47.4128 -137.7523  145.3176
    0.2668   -0.9242    0.2732
   -0.3490   -0.3569   -0.8665
    0.8983    0.1359   -0.4178
...    99 T-A ...
  -43.8988 -137.1835  144.4952
    0.0227   -0.9545   -0.2973
   -0.4598    0.2540   -0.8509
    0.8877    0.1560   -0.4332
...   100 T-A ...
  -40.8533 -136.7950  143.3568
   -0.2136   -0.6000   -0.7710
   -0.4048    0.7726   -0.4891
    0.8891    0.2076   -0.4079
...   101 T-A ...
  -37.8635 -136.2386  142.1193
   -0.4186   -0.0295   -0.9077
   -0.2183    0.9734    0.0690
    0.8815    0.2270   -0.4139
...   102 A-T ...
  -34.9566 -135.0351  140.8298
   -0.5147    0.5771   -0.6340
    0.0860    0.7705    0.6316
    0.8531    0.2706   -0.4462
...   103 T-A ...
  -32.5186 -134.4858  138.8286
   -0.4704    0.8566   -0.2119
    0.3367    0.3962    0.8542
    0.8157    0.3305   -0.4748
...   104 G-C ...
  -29.9982 -133.2179  137.0361
   -0.2541    0.8796    0.4022
    0.5882   -0.1896    0.7862
    0.7677    0.4364   -0.4692
...   105 C-G ...
  -27.7946 -131.3227  135.4265
    0.0834    0.5977    0.7974
    0.6494   -0.6395    0.4114
    0.7559    0.4835   -0.4414
...   106 T-A ...
  -25.3831 -129.0134  134.2528
    0.4552    0.1063    0.8840
    0.5349   -0.8264   -0.1760
    0.7118    0.5530   -0.4330
...   107 T-A ...
  -23.1572 -126.9975  133.0618
    0.6784   -0.3998    0.6164
    0.1892   -0.7156   -0.6724
    0.7099    0.5727   -0.4099
...   108 C-G ...
  -20.7077 -124.9327  131.8730
    0.6680   -0.7433    0.0361
   -0.2856   -0.3008   -0.9099
    0.6872    0.5975   -0.4132
...   109 C-G ...
  -18.3983 -122.9361  130.5888
    0.3417   -0.8295   -0.4419
   -0.6053    0.1655   -0.7786
    0.7190    0.5335   -0.4455
...   110 G-C ...
  -16.5015 -120.9913  128.9949
   -0.1048   -0.6479   -0.7545
   -0.7028    0.5850   -0.4047
    0.7036    0.4878   -0.5167
...   111 G-C ...
  -14.1117 -119.4985  127.1743
   -0.5451   -0.2266   -0.8072
   -0.5206    0.8462    0.1139
    0.6572    0.4823   -0.5792
...   112 C-G ...
  -11.8508 -118.3547  124.9933
   -0.7808    0.2696   -0.5636
   -0.1192    0.8212    0.5580
    0.6132    0.5029   -0.6091
...   113 T-A ...
   -9.9161 -116.7707  122.7855
   -0.7655    0.6323   -0.1197
    0.3371    0.5524    0.7624
    0.5481    0.5432   -0.6360
...   114 C-G ...
   -8.2224 -114.7310  120.7976
   -0.4360    0.8125    0.3871
    0.7576    0.0993    0.6451
    0.4857    0.5745   -0.6588
...   115 G-C ...
   -6.2473 -112.6991  118.9963
    0.0727    0.6585    0.7491
    0.8926   -0.3780    0.2457
    0.4449    0.6508   -0.6153
...   116 T-A ...
   -5.3408 -109.9302  117.2526
    0.5380    0.3099    0.7839
    0.7097   -0.6683   -0.2229
    0.4548    0.6763   -0.5795
...   117 A-T ...
   -3.9519 -107.3121  115.5572
    0.8448   -0.1848    0.5022
    0.2480   -0.6963   -0.6735
    0.4741    0.6935   -0.5425
...   118 T-A ...
   -2.4852 -104.6058  114.3541
    0.8609   -0.5059    0.0535
   -0.2383   -0.4940   -0.8362
    0.4495    0.7072   -0.5458
...   119 A-T ...
   -1.2849 -102.1127  112.2020
    0.4785   -0.6530   -0.5871
   -0.7854   -0.0193   -0.6187
    0.3927    0.7571   -0.5221
...   120 A-T ...
    0.2513  -99.6611  110.6976
   -0.0742   -0.5381   -0.8396
   -0.9205    0.3609   -0.1499
    0.3837    0.7617   -0.5221
...   121 T-A ...
    2.0584  -97.4651  108.9415
   -0.5562   -0.2529   -0.7916
   -0.7380    0.5882    0.3306
    0.3820    0.7681   -0.5138
...   122 G-C ...
    3.3306  -94.7900  107.1141
   -0.9230    0.1103   -0.3686
   -0.2256    0.6208    0.7508
    0.3117    0.7761   -0.5481
...   123 T-A ...
    4.2590  -92.5032  104.9259
   -0.9077    0.4081    0.0972
    0.2985    0.4655    0.8332
    0.2948    0.7853   -0.5444
...   124 G-C ...
    5.1543  -89.7833  103.1055
   -0.5585    0.5511    0.6200
    0.7973    0.1502    0.5846
    0.2291    0.8208   -0.5233
...   125 T-A ...
    5.4266  -87.1601  101.2598
   -0.0534    0.5073    0.8601
    0.9753   -0.1582    0.1539
    0.2141    0.8471   -0.4864
...   126 C-G ...
    6.0574  -84.3818   99.8178
    0.5448    0.3151    0.7771
    0.8147   -0.4184   -0.4015
    0.1986    0.8518   -0.4847
...   127 G-C ...
    7.2346  -81.7928   98.0025
    0.8786   -0.0829    0.4702
    0.3763   -0.4859   -0.7889
    0.2939    0.8701   -0.3957
...   128 A-T ...
    8.0719  -78.9721   96.7546
    0.9275   -0.3606   -0.0988
   -0.2324   -0.3490   -0.9079
    0.2929    0.8650   -0.4075
...   129 C-G ...
    9.3087  -75.9544   96.1546
    0.6387   -0.5272   -0.5605
   -0.6968   -0.0872   -0.7120
    0.3264    0.8453   -0.4230
...   130 C-G ...
   10.8796  -73.2561   94.7708
    0.1155   -0.5667   -0.8158
   -0.9193    0.2501   -0.3039
    0.3762    0.7850   -0.4921
...   131 A-T ...
   11.2770  -70.2442   93.1147
   -0.5017   -0.3310   -0.7992
   -0.7863    0.5596    0.2619
    0.3606    0.7598   -0.5411
...   132 A-T ...
   12.4810  -67.8530   91.2036
   -0.8705    0.0677   -0.4875
   -0.3301    0.6544    0.6803
    0.3651    0.7531   -0.5473
...   133 A-T ...
   13.7470  -65.6405   89.1321
   -0.8757    0.4827   -0.0063
    0.2553    0.4742    0.8426
    0.4097    0.7363   -0.5385
...   134 T-A ...
   14.7385  -63.4258   86.8200
   -0.5923    0.6747    0.4404
    0.6886    0.1401    0.7115
    0.4183    0.7247   -0.5475
...   135 G-C ...
   15.7317  -61.4928   83.9331
    0.0341    0.7400    0.6717
    0.8636   -0.3601    0.3528
    0.5030    0.5681   -0.6514
...   136 T-A ...
   15.7849  -59.5604   80.7993
    0.5517    0.4998    0.6677
    0.6739   -0.7388   -0.0038
    0.4915    0.4520   -0.7444
...   137 G-C ...
   16.8386  -57.7218   78.2676
    0.8528   -0.0848    0.5153
    0.1507   -0.9048   -0.3983
    0.5000    0.4173   -0.7588
...   138 A-T ...
   18.4283  -55.5286   76.5299
    0.8547   -0.5006    0.1371
   -0.3188   -0.7148   -0.6224
    0.4096    0.4883   -0.7706
...   139 G-C ...
   20.4260  -54.3093   74.5420
    0.5847   -0.7389   -0.3347
   -0.7593   -0.3533   -0.5465
    0.2856    0.5737   -0.7676
...   140 C-G ...
   21.4270  -51.8265   72.7876
    0.1304   -0.7144   -0.6875
   -0.8897    0.2216   -0.3991
    0.4375    0.6637   -0.6067
...   141 G-C ...
   22.1521  -50.1494   67.4640
   -0.4682   -0.8748    0.1248
   -0.8494    0.4066   -0.3364
    0.2435   -0.2635   -0.9334
...   142 C-G ...
   22.3489  -51.2413   64.4934
   -0.8528   -0.5119   -0.1032
   -0.4975    0.8565   -0.1374
    0.1587   -0.0659   -0.9851
...   143 T-A ...
   24.0166  -51.6378   61.9248
   -0.9562    0.0401   -0.2898
    0.0524    0.9980   -0.0348
    0.2878   -0.0485   -0.9564
...   144 C-G ...
   24.8958  -52.7395   58.9873
   -0.7529    0.5560   -0.3520
    0.5214    0.8304    0.1965
    0.4016   -0.0356   -0.9151
...   145 A-T ...
   25.5276  -52.9803   55.8053
   -0.2442    0.9563   -0.1610
    0.8906    0.2869    0.3528
    0.3836   -0.0573   -0.9217
...   146 C-G ...
   25.2778  -52.5122   52.0796
    0.3204    0.9427   -0.0929
    0.8825   -0.2614    0.3909
    0.3443   -0.2072   -0.9157
...   147 A-T ...
   25.6239  -52.5939   48.6396
    0.8597    0.5097    0.0339
    0.4496   -0.7865    0.4233
    0.2424   -0.3487   -0.9053
