  147 base-pairs
...     1 T-A ...
    0.0000    0.0000    0.0000
    1.0000    0.0000    0.0000
    0.0000    1.0000    0.0000
    0.0000    0.0000    1.0000
...     2 G-C ...
   -0.5555   -1.1003    3.3981
    0.7749    0.6051    0.1828
   -0.5991    0.7953   -0.0929
   -0.2016   -0.0375    0.9787
...     3 T-A ...
   -0.6619   -3.0237    6.5348
    0.3046    0.9250    0.2271
   -0.8994    0.3578   -0.2510
   -0.3134   -0.1278    0.9410
...     4 G-C ...
   -1.1607   -3.8418    9.6940
   -0.3351    0.9421    0.0133
   -0.8752   -0.3061   -0.3746
   -0.3489   -0.1372    0.9271
...     5 A-T ...
   -1.3881   -3.6770   12.8999
   -0.7835    0.6162   -0.0801
   -0.5677   -0.7622   -0.3109
   -0.2527   -0.1981    0.9470
...     6 G-C ...
   -2.6236   -3.5448   15.7072
   -0.9923    0.0611   -0.1075
   -0.0294   -0.9610   -0.2748
   -0.1201   -0.2695    0.9555
...     7 C-G ...
   -2.3138   -3.7570   18.8866
   -0.8620   -0.4995   -0.0864
    0.5008   -0.8655    0.0073
   -0.0785   -0.0370    0.9962
...     8 G-C ...
   -3.9561   -6.8109   23.3205
   -0.2581   -0.3560   -0.8981
    0.6294   -0.7673    0.1233
   -0.7330   -0.5335    0.4221
...     9 C-G ...
   -6.1177   -8.9414   24.2385
    0.1143   -0.7320   -0.6716
    0.8123   -0.3203    0.4874
   -0.5720   -0.6013    0.5580
...    10 T-A ...
   -8.5041   -9.6771   26.0540
    0.4660   -0.8587   -0.2131
    0.6274    0.1508    0.7640
   -0.6239   -0.4897    0.6090
...    11 C-G ...
  -11.0625  -11.3174   27.2336
    0.6660   -0.6911    0.2808
    0.3382    0.6152    0.7121
   -0.6649   -0.3794    0.6435
...    12 A-T ...
  -13.0013  -13.1789   29.0658
    0.7188   -0.1490    0.6790
   -0.1787    0.9043    0.3876
   -0.6718   -0.4000    0.6235
...    13 C-G ...
  -14.1788  -15.9359   31.3399
    0.4052    0.2865    0.8682
   -0.5270    0.8492   -0.0343
   -0.7470   -0.4437    0.4951
...    14 A-T ...
  -15.9532  -18.1566   33.3080
   -0.1503    0.6873    0.7107
   -0.6106    0.5008   -0.6135
   -0.7776   -0.5261    0.3444
...    15 A-T ...
  -18.4946  -19.7943   34.4995
   -0.4479    0.8734    0.1913
   -0.4108   -0.0109   -0.9117
   -0.7941   -0.4870    0.3637
...    16 T-A ...
  -20.9021  -21.2292   36.4018
   -0.6240    0.7068   -0.3334
   -0.0909   -0.4894   -0.8673
   -0.7761   -0.5109    0.3696
...    17 T-A ...
  -23.4447  -22.6425   37.9309
   -0.5829    0.2570   -0.7708
    0.2992   -0.8141   -0.4977
   -0.7555   -0.5208    0.3976
...    18 T-A ...
  -26.0319  -24.1141   39.3027
   -0.3078   -0.2767   -0.9103
    0.5814   -0.8121    0.0502
   -0.7531   -0.5138    0.4109
...    19 A-T ...
  -28.4626  -26.0369   40.9006
    0.1283   -0.7913   -0.5978
    0.6428   -0.3926    0.6577
   -0.7552   -0.4687    0.4583
...    20 T-A ...
  -31.3820  -27.3229   41.9337
    0.4194   -0.8999   -0.1191
    0.4844    0.1109    0.8678
   -0.7677   -0.4217    0.4825
...    21 T-A ...
  -34.0060  -28.7301   43.2587
    0.5910   -0.6665    0.4544
    0.1330    0.6361    0.7601
   -0.7957   -0.3888    0.4645
...    22 C-G ...
  -36.6570  -29.9719   44.7978
    0.5686   -0.1368    0.8112
   -0.2550    0.9082    0.3318
   -0.7821   -0.3955    0.4815
...    23 G-C ...
  -39.5333  -30.6674   46.4948
    0.4491    0.4551    0.7689
   -0.5341    0.8266   -0.1773
   -0.7162   -0.3310    0.6144
...    24 C-G ...
  -41.6452  -32.0453   48.6024
    0.1444    0.8418    0.5202
   -0.6847    0.4645   -0.5616
   -0.7144   -0.2750    0.6435
...    25 A-T ...
  -44.3630  -32.8169   50.3884
   -0.2205    0.9749    0.0293
   -0.6464   -0.1235   -0.7530
   -0.7305   -0.1850    0.6574
...    26 A-T ...
  -46.7229  -33.2490   52.6296
   -0.5379    0.7257   -0.4290
   -0.4097   -0.6698   -0.6193
   -0.7368   -0.1573    0.6576
...    27 A-T ...
  -49.0037  -33.4705   54.9556
   -0.6799    0.1950   -0.7069
   -0.0169   -0.9679   -0.2507
   -0.7331   -0.1585    0.6614
...    28 G-C ...
  -51.6274  -33.4998   57.1164
   -0.5393   -0.3560   -0.7632
    0.3357   -0.9220    0.1928
   -0.7723   -0.1522    0.6168
...    29 G-C ...
  -54.5256  -33.8303   58.9885
   -0.1949   -0.8219   -0.5352
    0.5700   -0.5390    0.6201
   -0.7982   -0.1842    0.5736
...    30 C-G ...
  -57.3718  -34.4219   60.5476
    0.1954   -0.9748   -0.1073
    0.5634    0.0221    0.8259
   -0.8028   -0.2219    0.5535
...    31 C-G ...
  -60.2512  -35.0785   62.2048
    0.5256   -0.7753    0.3502
    0.3437    0.5701    0.7462
   -0.7782   -0.2719    0.5661
...    32 G-C ...
  -62.5553  -35.6567   64.2423
    0.6964   -0.3235    0.6406
   -0.0041    0.8909    0.4543
   -0.7176   -0.3190    0.6191
...    33 G-C ...
  -64.7232  -36.9212   66.4821
    0.6142    0.2621    0.7444
   -0.4109    0.9115    0.0181
   -0.6738   -0.3170    0.6675
...    34 C-G ...
  -66.7201  -38.2137   68.7560
    0.3046    0.7491    0.5883
   -0.6912    0.5988   -0.4046
   -0.6553   -0.2834    0.7002
...    35 C-G ...
  -68.6516  -38.9510   71.4760
   -0.1024    0.9731    0.2066
   -0.7559    0.0589   -0.6520
   -0.6466   -0.2229    0.7295
...    36 C-G ...
  -70.6940  -39.4451   74.1335
   -0.4845    0.8396   -0.2455
   -0.5881   -0.5205   -0.6191
   -0.6476   -0.1556    0.7460
...    37 G-C ...
  -73.1698  -40.7175   76.1591
   -0.6859    0.3996   -0.6082
   -0.2054   -0.9081   -0.3649
   -0.6981   -0.1254    0.7049
...    38 A-T ...
  -75.3446  -41.0785   78.4642
   -0.6696   -0.2204   -0.7093
    0.2513   -0.9659    0.0629
   -0.6990   -0.1361    0.7021
...    39 C-G ...
  -77.8877  -41.1503   80.4415
   -0.4031   -0.6933   -0.5974
    0.5565   -0.7039    0.4413
   -0.7265   -0.1545    0.6696
...    40 A-T ...
  -80.4110  -41.7930   82.6059
    0.0627   -0.9629   -0.2623
    0.6757   -0.1525    0.7212
   -0.7345   -0.2225    0.6411
...    41 C-G ...
  -83.0786  -42.8119   84.2989
    0.4425   -0.8871    0.1314
    0.5290    0.3765    0.7605
   -0.7241   -0.2670    0.6359
...    42 G-C ...
  -85.2269  -43.4628   86.7847
    0.7167   -0.4612    0.5231
    0.1314    0.8259    0.5482
   -0.6849   -0.3242    0.6526
...    43 A-T ...
  -87.4613  -44.5166   88.8014
    0.6538    0.1250    0.7463
   -0.3172    0.9407    0.1204
   -0.6869   -0.3155    0.6547
...    44 C-G ...
  -89.3909  -46.1076   90.9711
    0.4050    0.6291    0.6634
   -0.6366    0.7149   -0.2893
   -0.6563   -0.3051    0.6900
...    45 T-A ...
  -91.2053  -47.4358   93.8037
   -0.0201    0.9392    0.3429
   -0.7595    0.2087   -0.6161
   -0.6502   -0.2728    0.7092
...    46 T-A ...
  -93.1159  -48.3416   96.2414
   -0.4410    0.8965   -0.0436
   -0.6120   -0.3359   -0.7160
   -0.6565   -0.2891    0.6967
...    47 A-T ...
  -95.5106  -49.5059   98.3512
   -0.7360    0.4583   -0.4983
   -0.1738   -0.8393   -0.5152
   -0.6543   -0.2925    0.6974
...    48 C-G ...
  -97.7059  -49.8106  100.8626
   -0.6979   -0.0641   -0.7133
    0.2494   -0.9554   -0.1581
   -0.6714   -0.2882    0.6828
...    49 T-A ...
 -100.2308  -50.4488  103.0419
   -0.3920   -0.5525   -0.7356
    0.5776   -0.7701    0.2707
   -0.7161   -0.3188    0.6210
...    50 G-C ...
 -102.6929  -51.7334  104.9937
    0.1093   -0.8458   -0.5222
    0.6835   -0.3176    0.6573
   -0.7218   -0.4288    0.5433
...    51 T-A ...
 -105.2998  -52.9887  106.3662
    0.4959   -0.8587   -0.1289
    0.5148    0.1712    0.8400
   -0.6993   -0.4830    0.5270
...    52 C-G ...
 -107.4388  -54.7272  108.0209
    0.7389   -0.5830    0.3377
    0.1225    0.6091    0.7836
   -0.6626   -0.5377    0.5215
...    53 A-T ...
 -109.7653  -56.5685  109.6752
    0.7526   -0.0802    0.6535
   -0.3543    0.7874    0.5045
   -0.5550   -0.6113    0.5642
...    54 T-A ...
 -111.2333  -58.9267  111.4077
    0.4838    0.3615    0.7970
   -0.7020    0.7042    0.1067
   -0.5227   -0.6111    0.5944
...    55 G-C ...
 -112.9239  -61.0127  113.5352
   -0.0345    0.7494    0.6612
   -0.8656    0.3083   -0.3946
   -0.4996   -0.5859    0.6380
...    56 T-A ...
 -114.1200  -63.0350  116.0104
   -0.5336    0.7762    0.3358
   -0.6909   -0.1712   -0.7024
   -0.4877   -0.6068    0.6277
...    57 T-A ...
 -115.5433  -64.9507  118.2020
   -0.8643    0.4882   -0.1214
   -0.2286   -0.5962   -0.7696
   -0.4481   -0.6374    0.6269
...    58 A-T ...
 -116.9694  -67.4282  120.1887
   -0.8108   -0.0892   -0.5785
    0.4432   -0.7391   -0.5073
   -0.3823   -0.6677    0.6387
...    59 T-A ...
 -118.6226  -69.0927  122.4978
   -0.4626   -0.4692   -0.7522
    0.8101   -0.5685   -0.1436
   -0.3603   -0.6758    0.6431
...    60 A-T ...
 -119.6367  -71.4498  124.7511
    0.1719   -0.7012   -0.6919
    0.9224   -0.1320    0.3629
   -0.3458   -0.7007    0.6241
...    61 A-T ...
 -120.8796  -73.7119  126.6063
    0.6797   -0.6157   -0.3987
    0.6626    0.2822    0.6938
   -0.3147   -0.7357    0.5998
...    62 C-G ...
 -122.1630  -76.4744  128.0565
    0.9467   -0.3211    0.0265
    0.1704    0.5688    0.8046
   -0.2734   -0.7572    0.5932
...    63 G-C ...
 -122.6687  -78.7926  130.3377
    0.9043    0.1540    0.3982
   -0.4075    0.5894    0.6975
   -0.1273   -0.7930    0.5958
...    64 G-C ...
 -122.4402  -81.2083  132.5879
    0.5466    0.5352    0.6441
   -0.8373    0.3368    0.4307
    0.0135   -0.7747    0.6322
...    65 A-T ...
 -122.0948  -83.8576  134.6365
   -0.0889    0.6170    0.7819
   -0.9954   -0.0837   -0.0472
    0.0363   -0.7825    0.6216
...    66 T-A ...
 -121.2769  -86.1841  136.8396
   -0.6139    0.4335    0.6597
   -0.7867   -0.4055   -0.4655
    0.0658   -0.8047    0.5900
...    67 A-T ...
 -121.1426  -89.5890  138.0781
   -0.9729   -0.1292    0.1915
   -0.0903   -0.5505   -0.8299
    0.2127   -0.8248    0.5240
...    68 G-C ...
 -120.4340  -92.2432  139.8749
   -0.8754   -0.3738   -0.3064
    0.4448   -0.3749   -0.8134
    0.1892   -0.8484    0.4945
...    69 G-C ...
 -120.2961  -95.0702  142.0895
   -0.4779   -0.4628   -0.7467
    0.8621   -0.0840   -0.4997
    0.1686   -0.8825    0.4391
...    70 T-A ...
 -120.1115  -97.9414  143.6062
    0.0458   -0.4063   -0.9126
    0.9793    0.1983   -0.0391
    0.1969   -0.8919    0.4070
...    71 A-T ...
 -119.8561 -101.1917  144.7630
    0.5754   -0.0857   -0.8133
    0.7720    0.3853    0.5056
    0.2701   -0.9188    0.2879
...    72 T-A ...
 -119.3271 -104.3549  145.1791
    0.8714    0.1822   -0.4556
    0.3721    0.3599    0.8556
    0.3198   -0.9150    0.2459
...    73 C-G ...
 -118.0157 -107.5201  145.7282
    0.8836    0.4354    0.1724
   -0.2463    0.1189    0.9619
    0.3983   -0.8924    0.2122
...    74 T-A ...
 -116.3469 -110.2913  146.2969
    0.5719    0.4992    0.6509
   -0.6602   -0.1909    0.7264
    0.4869   -0.8452    0.2204
...    75 C-G ...
 -114.8522 -112.8766  147.6111
    0.0548    0.2844    0.9571
   -0.8064   -0.5527    0.2104
    0.5888   -0.7833    0.1990
...    76 G-C ...
 -113.4421 -115.8000  148.4371
   -0.4317   -0.0840    0.8981
   -0.6356   -0.6782   -0.3690
    0.6401   -0.7301    0.2394
...    77 A-T ...
 -111.3359 -118.3462  149.1759
   -0.7087   -0.5312    0.4643
   -0.2092   -0.4703   -0.8573
    0.6738   -0.7047    0.2222
...    78 G-C ...
 -109.0158 -120.6149  149.8469
   -0.6851   -0.7219   -0.0976
    0.1963   -0.0540   -0.9791
    0.7015   -0.6899    0.1787
...    79 C-G ...
 -106.6675 -122.9693  150.8393
   -0.4379   -0.5957   -0.6733
    0.5497    0.4153   -0.7249
    0.7114   -0.6875    0.1456
...    80 T-A ...
 -104.3857 -125.3461  151.4351
   -0.1170   -0.2346   -0.9650
    0.6795    0.6898   -0.2500
    0.7243   -0.6850    0.0787
...    81 C-G ...
 -101.9505 -127.7299  151.8452
    0.2607    0.2636   -0.9287
    0.5972    0.7118    0.3697
    0.7586   -0.6510    0.0281
...    82 G-C ...
  -99.0608 -129.2999  151.9771
    0.4514    0.6845   -0.5725
    0.3837    0.4303    0.8171
    0.8056   -0.5885   -0.0684
...    83 G-C ...
  -96.3055 -131.1342  151.4585
    0.4992    0.8665    0.0017
    0.0786   -0.0472    0.9958
    0.8629   -0.4970   -0.0917
...    84 G-C ...
  -93.1666 -132.2799  150.8890
    0.3581    0.7428    0.5657
   -0.1355   -0.5581    0.8186
    0.9238   -0.3698   -0.0992
...    85 A-T ...
  -89.9977 -133.2352  150.4107
    0.2007    0.2471    0.9480
   -0.2901   -0.9093    0.2985
    0.9357   -0.3349   -0.1108
...    86 T-A ...
  -86.7351 -133.7163  150.0797
    0.0172   -0.2812    0.9595
   -0.3353   -0.9057   -0.2595
    0.9420   -0.3172   -0.1099
...    87 C-G ...
  -83.4228 -134.5407  149.9245
   -0.1492   -0.8063    0.5724
   -0.2768   -0.5216   -0.8070
    0.9493   -0.2788   -0.1453
...    88 C-G ...
  -80.2623 -135.5057  149.6188
   -0.3246   -0.9450    0.0386
   -0.1410    0.0081   -0.9900
    0.9353   -0.3268   -0.1359
...    89 G-C ...
  -77.2281 -136.4236  148.6488
   -0.3965   -0.7321   -0.5539
    0.0603    0.5813   -0.8115
    0.9160   -0.3552   -0.1863
...    90 C-G ...
  -74.0487 -137.8167  148.4510
   -0.3160   -0.2458   -0.9163
    0.2343    0.9157   -0.3265
    0.9194   -0.3179   -0.2318
...    91 T-A ...
  -70.9705 -139.2529  147.8259
   -0.1947    0.3501   -0.9163
    0.3587    0.8948    0.2656
    0.9129   -0.2770   -0.2998
...    92 T-A ...
  -68.1693 -140.3132  146.5877
    0.0005    0.8116   -0.5842
    0.4027    0.5346    0.7430
    0.9153   -0.2356   -0.3266
...    93 T-A ...
  -65.2183 -140.9180  145.4295
    0.1347    0.9904   -0.0322
    0.3589   -0.0185    0.9332
    0.9236   -0.1372   -0.3580
...    94 A-T ...
  -61.9540 -140.9553  144.4494
    0.1617    0.7954    0.5841
    0.2894   -0.6041    0.7425
    0.9435    0.0489   -0.3279
...    95 A-T ...
  -58.9908 -140.4762  143.3628
    0.2831    0.2945    0.9128
    0.1876   -0.9503    0.2485
    0.9406    0.1009   -0.3243
...    96 C-G ...
  -55.9060 -139.4540  142.3412
    0.3775   -0.2909    0.8791
    0.0181   -0.9469   -0.3211
    0.9258    0.1371   -0.3522
...    97 A-T ...
  -52.6963 -139.0821  141.3027
    0.2996   -0.8196    0.4885
   -0.2151   -0.5568   -0.8023
    0.9295    0.1353   -0.3431
...    98 C-G ...
  -49.3642 -138.4138  140.8238
    0.1445   -0.9888   -0.0372
   -0.3524   -0.0163   -0.9357
    0.9246    0.1483   -0.3508
...    99 T-A ...
  -45.7974 -138.0754  140.1939
   -0.0923   -0.8120   -0.5763
   -0.3965    0.5608   -0.7268
    0.9134    0.1614   -0.3737
...   100 T-A ...
  -42.7090 -137.7906  139.1741
   -0.2827   -0.3158   -0.9057
   -0.2878    0.9287   -0.2340
    0.9150    0.1945   -0.3535
...   101 T-A ...
  -39.6920 -137.2834  138.0284
   -0.4269    0.2760   -0.8611
   -0.0797    0.9371    0.3399
    0.9008    0.2138   -0.3781
...   102 A-T ...
  -36.7281 -136.1960  136.8746
   -0.4682    0.7628   -0.4460
    0.1986    0.5827    0.7881
    0.8610    0.2804   -0.4243
...   103 T-A ...
  -34.3234 -135.4590  134.8925
   -0.3784    0.9254    0.0209
    0.4166    0.1501    0.8966
    0.8266    0.3480   -0.4423
...   104 G-C ...
  -31.7639 -134.0649  133.2585
   -0.1340    0.7842    0.6059
    0.5979   -0.4236    0.6805
    0.7903    0.4535   -0.4121
...   105 C-G ...
  -29.4300 -132.0897  131.9441
    0.1923    0.3910    0.9001
    0.5918   -0.7778    0.2114
    0.7828    0.4920   -0.3810
...   106 T-A ...
  -26.8445 -129.8319  131.1117
    0.5119   -0.1357    0.8483
    0.4269   -0.8167   -0.3882
    0.7455    0.5608   -0.3602
...   107 T-A ...
  -24.4875 -127.8300  130.1791
    0.6649   -0.5857    0.4635
    0.0650   -0.5728   -0.8171
    0.7441    0.5735   -0.3428
...   108 C-G ...
  -21.9153 -125.8026  129.2327
    0.5796   -0.7984   -0.1633
   -0.3725   -0.0813   -0.9245
    0.7248    0.5966   -0.3445
...   109 C-G ...
  -19.5237 -123.7727  128.1874
    0.2143   -0.7623   -0.6107
   -0.6317    0.3687   -0.6819
    0.7450    0.5319   -0.4025
...   110 G-C ...
  -17.5185 -121.7861  126.8141
   -0.2292   -0.4936   -0.8389
   -0.6580    0.7137   -0.2401
    0.7172    0.4970   -0.4884
...   111 G-C ...
  -15.1170 -120.2812  125.0375
   -0.6230   -0.0379   -0.7813
   -0.4128    0.8643    0.2872
    0.6645    0.5015   -0.5541
...   112 C-G ...
  -12.9332 -119.0433  122.8303
   -0.7845    0.4280   -0.4487
    0.0118    0.7338    0.6793
    0.6200    0.5276   -0.5807
...   113 T-A ...
  -11.0147 -117.3620  120.6910
   -0.7018    0.7115    0.0346
    0.4469    0.4020    0.7992
    0.5547    0.5764   -0.6001
...   114 C-G ...
   -9.3075 -115.1978  118.8785
   -0.3265    0.7853    0.5260
    0.8096   -0.0548    0.5844
    0.4877    0.6167   -0.6179
...   115 G-C ...
   -7.3094 -113.1107  117.1896
    0.1879    0.5489    0.8145
    0.8709   -0.4765    0.1202
    0.4541    0.6868   -0.5676
...   116 T-A ...
   -6.2755 -110.2602  115.7033
    0.6187    0.1700    0.7670
    0.6323   -0.6871   -0.3578
    0.4662    0.7064   -0.5327
...   117 A-T ...
   -4.8213 -107.5594  114.2118
    0.8614   -0.3017    0.4087
    0.1422   -0.6292   -0.7641
    0.4876    0.7163   -0.4991
...   118 T-A ...
   -3.2452 -104.8473  113.1992
    0.8215   -0.5663   -0.0668
   -0.3327   -0.3810   -0.8626
    0.4631    0.7309   -0.5014
...   119 A-T ...
   -1.9955 -102.2537  111.2391
    0.3966   -0.6308   -0.6669
   -0.8154    0.0916   -0.5716
    0.4216    0.7705   -0.4781
...   120 A-T ...
   -0.3591  -99.8077  109.8433
   -0.1560   -0.4648   -0.8715
   -0.8975    0.4353   -0.0715
    0.4126    0.7710   -0.4851
...   121 T-A ...
    1.5087  -97.6202  108.1514
   -0.6106   -0.1586   -0.7759
   -0.6777    0.6116    0.4083
    0.4098    0.7751   -0.4809
...   122 G-C ...
    2.8642  -94.9399  106.3985
   -0.9308    0.1838   -0.3160
   -0.1538    0.5872    0.7947
    0.3316    0.7883   -0.5182
...   123 T-A ...
    3.7924  -92.5891  104.2954
   -0.8804    0.4472    0.1580
    0.3571    0.4057    0.8414
    0.3121    0.7971   -0.5169
...   124 G-C ...
    4.7126  -89.8320  102.5692
   -0.5108    0.5430    0.6665
    0.8238    0.0877    0.5600
    0.2456    0.8351   -0.4921
...   125 T-A ...
    5.0251  -87.1397  100.8308
   -0.0039    0.4686    0.8834
    0.9727   -0.2031    0.1120
    0.2319    0.8597   -0.4551
...   126 C-G ...
    5.7146  -84.3280   99.4971
    0.5799    0.2600    0.7720
    0.7857   -0.4290   -0.4457
    0.2153    0.8651   -0.4531
...   127 G-C ...
    6.9117  -81.7119   97.7684
    0.8864   -0.1284    0.4447
    0.3419   -0.4660   -0.8161
    0.3120    0.8754   -0.3692
...   128 A-T ...
    7.7963  -78.8769   96.6070
    0.9139   -0.3841   -0.1313
   -0.2614   -0.3096   -0.9142
    0.3105    0.8698   -0.3833
...   129 C-G ...
    9.1133  -75.8827   96.0780
    0.6135   -0.5260   -0.5891
   -0.7115   -0.0445   -0.7012
    0.3426    0.8493   -0.4016
...   130 C-G ...
   10.7558  -73.1995   94.7547
    0.0906   -0.5477   -0.8318
   -0.9166    0.2806   -0.2847
    0.3893    0.7882   -0.4766
...   131 A-T ...
   11.2478  -70.2166   93.1197
   -0.5120   -0.3184   -0.7978
   -0.7764    0.5689    0.2712
    0.3675    0.7583   -0.5384
...   132 A-T ...
   12.4729  -67.8379   91.2111
   -0.8720    0.0757   -0.4837
   -0.3219    0.6558    0.6829
    0.3688    0.7512   -0.5474
...   133 A-T ...
   13.7458  -65.6333   89.1344
   -0.8733    0.4871   -0.0032
    0.2602    0.4720    0.8424
    0.4119    0.7348   -0.5389
...   134 T-A ...
   14.7384  -63.4259   86.8198
   -0.5923    0.6747    0.4404
    0.6886    0.1401    0.7115
    0.4183    0.7247   -0.5475
...   135 G-C ...
   15.7317  -61.4929   83.9329
    0.0341    0.7400    0.6717
    0.8636   -0.3601    0.3528
    0.5030    0.5681   -0.6514
...   136 T-A ...
   15.7848  -59.5605   80.7991
    0.5517    0.4998    0.6677
    0.6739   -0.7388   -0.0038
    0.4915    0.4520   -0.7444
...   137 G-C ...
   16.8385  -57.7219   78.2675
    0.8528   -0.0848    0.5153
    0.1507   -0.9048   -0.3983
    0.5000    0.4173   -0.7588
...   138 A-T ...
   18.4282  -55.5287   76.5298
    0.8547   -0.5006    0.1371
   -0.3188   -0.7148   -0.6224
    0.4096    0.4883   -0.7706
...   139 G-C ...
   20.4259  -54.3094   74.5419
    0.5847   -0.7389   -0.3347
   -0.7593   -0.3533   -0.5465
    0.2856    0.5737   -0.7676
...   140 C-G ...
   21.4269  -51.8266   72.7875
    0.1304   -0.7144   -0.6875
   -0.8897    0.2216   -0.3991
    0.4375    0.6637   -0.6067
...   141 G-C ...
   22.1521  -50.1495   67.4639
   -0.4682   -0.8748    0.1248
   -0.8494    0.4066   -0.3364
    0.2435   -0.2635   -0.9334
...   142 C-G ...
   22.3488  -51.2414   64.4932
   -0.8528   -0.5119   -0.1032
   -0.4975    0.8565   -0.1374
    0.1587   -0.0659   -0.9851
...   143 T-A ...
   24.0166  -51.6379   61.9247
   -0.9562    0.0401   -0.2898
    0.0524    0.9980   -0.0348
    0.2878   -0.0485   -0.9564
...   144 C-G ...
   24.8958  -52.7396   58.9872
   -0.7529    0.5560   -0.3520
    0.5214    0.8304    0.1965
    0.4016   -0.0356   -0.9151
...   145 A-T ...
   25.5275  -52.9804   55.8052
   -0.2442    0.9563   -0.1610
    0.8906    0.2869    0.3528
    0.3836   -0.0573   -0.9217
...   146 C-G ...
   25.2778  -52.5123   52.0795
    0.3204    0.9427   -0.0929
    0.8825   -0.2614    0.3909
    0.3443   -0.2072   -0.9157
...   147 A-T ...
   25.6238  -52.5940   48.6395
    0.8597    0.5097    0.0339
    0.4496   -0.7865    0.4233
    0.2424   -0.3487   -0.9053
