  147 base-pairs
...     1 T-A ...
    0.0000    0.0000    0.0000
    1.0000    0.0000    0.0000
    0.0000    1.0000    0.0000
    0.0000    0.0000    1.0000
...     2 G-C ...
   -0.5555   -1.1003    3.3981
    0.7749    0.6051    0.1828
   -0.5991    0.7953   -0.0929
   -0.2016   -0.0375    0.9787
...     3 T-A ...
   -0.6619   -3.0237    6.5348
    0.3046    0.9250    0.2271
   -0.8994    0.3578   -0.2510
   -0.3134   -0.1278    0.9410
...     4 G-C ...
   -1.1607   -3.8418    9.6940
   -0.3351    0.9421    0.0133
   -0.8752   -0.3061   -0.3746
   -0.3489   -0.1372    0.9271
...     5 A-T ...
   -1.3881   -3.6770   12.8999
   -0.7835    0.6162   -0.0801
   -0.5677   -0.7622   -0.3109
   -0.2527   -0.1981    0.9470
...     6 G-C ...
   -2.6236   -3.5448   15.7072
   -0.9923    0.0611   -0.1075
   -0.0294   -0.9610   -0.2748
   -0.1201   -0.2695    0.9555
...     7 C-G ...
   -2.3138   -3.7570   18.8866
   -0.8620   -0.4995   -0.0864
    0.5008   -0.8655    0.0073
   -0.0785   -0.0370    0.9962
...     8 G-C ...
   -3.9561   -6.8109   23.3205
   -0.2581   -0.3560   -0.8981
    0.6294   -0.7673    0.1233
   -0.7330   -0.5335    0.4221
...     9 C-G ...
   -6.1177   -8.9414   24.2385
    0.1143   -0.7320   -0.6716
    0.8123   -0.3203    0.4874
   -0.5720   -0.6013    0.5580
...    10 T-A ...
   -8.5041   -9.6771   26.0540
    0.4660   -0.8587   -0.2131
    0.6274    0.1508    0.7640
   -0.6239   -0.4897    0.6090
...    11 C-G ...
  -11.0625  -11.3174   27.2336
    0.6660   -0.6911    0.2808
    0.3382    0.6152    0.7121
   -0.6649   -0.3794    0.6435
...    12 A-T ...
  -13.0013  -13.1789   29.0658
    0.7188   -0.1490    0.6790
   -0.1787    0.9043    0.3876
   -0.6718   -0.4000    0.6235
...    13 C-G ...
  -14.1788  -15.9359   31.3399
    0.4052    0.2865    0.8682
   -0.5270    0.8492   -0.0343
   -0.7470   -0.4437    0.4951
...    14 A-T ...
  -15.9532  -18.1566   33.3080
   -0.1503    0.6873    0.7107
   -0.6106    0.5008   -0.6135
   -0.7776   -0.5261    0.3444
...    15 A-T ...
  -18.3866  -19.8290   34.6388
   -0.4472    0.8685    0.2138
   -0.4241    0.0046   -0.9056
   -0.7875   -0.4957    0.3663
...    16 T-A ...
  -20.7540  -21.2111   36.4515
   -0.5875    0.7560   -0.2887
   -0.1447   -0.4492   -0.8817
   -0.7962   -0.4762    0.3732
...    17 T-A ...
  -23.3632  -22.5515   37.8549
   -0.5636    0.3496   -0.7484
    0.2128   -0.8140   -0.5405
   -0.7982   -0.4639    0.3843
...    18 T-A ...
  -26.0562  -23.7886   39.2151
   -0.3515   -0.2105   -0.9122
    0.4980   -0.8671    0.0082
   -0.7927   -0.4514    0.4096
...    19 A-T ...
  -28.4232  -25.6423   40.8408
    0.0250   -0.7568   -0.6531
    0.6125   -0.5047    0.6083
   -0.7900   -0.4153    0.4510
...    20 T-A ...
  -31.4069  -26.7395   41.8082
    0.3230   -0.9193   -0.2250
    0.5145   -0.0289    0.8570
   -0.7943   -0.3926    0.4636
...    21 T-A ...
  -34.1430  -27.9829   43.0807
    0.5403   -0.7687    0.3423
    0.2377    0.5296    0.8143
   -0.8072   -0.3586    0.4689
...    22 C-G ...
  -36.8369  -29.1855   44.5710
    0.5947   -0.2793    0.7539
   -0.1312    0.8915    0.4337
   -0.7932   -0.3568    0.4935
...    23 G-C ...
  -39.6031  -29.9522   46.3723
    0.5018    0.3242    0.8019
   -0.4539    0.8879   -0.0749
   -0.7363   -0.3264    0.5927
...    24 C-G ...
  -41.7514  -31.3203   48.5081
    0.2066    0.7802    0.5904
   -0.6615    0.5560   -0.5033
   -0.7209   -0.2866    0.6310
...    25 A-T ...
  -44.2922  -32.0703   50.5717
   -0.1335    0.9843    0.1155
   -0.6851   -0.0075   -0.7284
   -0.7161   -0.1764    0.6753
...    26 A-T ...
  -46.4812  -32.4992   52.9316
   -0.4970    0.8000   -0.3361
   -0.4889   -0.5782   -0.6532
   -0.7169   -0.1603    0.6785
...    27 A-T ...
  -48.7490  -32.7721   55.2468
   -0.6896    0.3138   -0.6527
   -0.1154   -0.9373   -0.3287
   -0.7150   -0.1513    0.6826
...    28 G-C ...
  -51.2129  -32.9211   57.4999
   -0.6034   -0.2409   -0.7602
    0.2634   -0.9600    0.0952
   -0.7527   -0.1428    0.6427
...    29 G-C ...
  -53.9690  -33.1779   59.4755
   -0.3007   -0.7277   -0.6165
    0.5359   -0.6636    0.5220
   -0.7889   -0.1734    0.5895
...    30 C-G ...
  -56.8506  -33.5907   61.1283
    0.0782   -0.9689   -0.2349
    0.6055   -0.1410    0.7832
   -0.7920   -0.2035    0.5757
...    31 C-G ...
  -59.6706  -34.3710   62.8432
    0.4610   -0.8635    0.2043
    0.4459    0.4245    0.7880
   -0.7672   -0.2722    0.5808
...    32 G-C ...
  -62.0713  -35.0437   65.1334
    0.7088   -0.4296    0.5594
    0.0869    0.8403    0.5352
   -0.7000   -0.3307    0.6330
...    33 G-C ...
  -64.3463  -36.3973   67.2313
    0.6934    0.1413    0.7066
   -0.3336    0.9321    0.1410
   -0.6387   -0.3335    0.6934
...    34 C-G ...
  -66.1785  -37.8353   69.6071
    0.4202    0.6517    0.6314
   -0.6708    0.6917   -0.2675
   -0.6111   -0.3112    0.7278
...    35 C-G ...
  -67.9635  -38.8459   72.2946
    0.0256    0.9495    0.3127
   -0.8097    0.2031   -0.5505
   -0.5862   -0.2391    0.7741
...    36 C-G ...
  -69.7360  -39.3995   75.1280
   -0.3836    0.9170   -0.1091
   -0.7063   -0.3674   -0.6051
   -0.5950   -0.1551    0.7887
...    37 G-C ...
  -72.0624  -39.9515   77.5193
   -0.6590    0.5501   -0.5130
   -0.3825   -0.8323   -0.4011
   -0.6476   -0.0681    0.7589
...    38 A-T ...
  -74.2065  -40.0492   80.0275
   -0.7407   -0.0619   -0.6689
    0.0864   -0.9963   -0.0036
   -0.6662   -0.0604    0.7433
...    39 C-G ...
  -76.5928  -39.6362   82.3277
   -0.5625   -0.5870   -0.5823
    0.4658   -0.8068    0.3633
   -0.6830   -0.0669    0.7273
...    40 A-T ...
  -78.7759  -40.0190   84.8440
   -0.1192   -0.9393   -0.3217
    0.6915   -0.3111    0.6519
   -0.7124   -0.1448    0.6866
...    41 C-G ...
  -81.5491  -40.4642   86.6270
    0.2918   -0.9548    0.0577
    0.6416    0.2401    0.7285
   -0.7094   -0.1756    0.6826
...    42 G-C ...
  -83.6574  -40.9792   89.2216
    0.6834   -0.6205    0.3846
    0.3388    0.7362    0.5859
   -0.6467   -0.2701    0.7134
...    43 A-T ...
  -85.7568  -41.9599   91.5571
    0.7730   -0.0446    0.6329
   -0.1479    0.9574    0.2482
   -0.6170   -0.2855    0.7334
...    44 C-G ...
  -87.4966  -43.4757   93.9471
    0.5898    0.4836    0.6468
   -0.5500    0.8270   -0.1168
   -0.5913   -0.2869    0.7537
...    45 T-A ...
  -89.1563  -44.5268   96.6373
    0.2225    0.8703    0.4394
   -0.8015    0.4199   -0.4258
   -0.5551   -0.2575    0.7910
...    46 T-A ...
  -90.7291  -45.4205   99.3470
   -0.3036    0.9449    0.1223
   -0.7785   -0.1720   -0.6036
   -0.5493   -0.2785    0.7878
...    47 A-T ...
  -92.8591  -46.5752  101.7328
   -0.7499    0.5991   -0.2807
   -0.3902   -0.7431   -0.5436
   -0.5342   -0.2981    0.7911
...    48 C-G ...
  -94.5328  -46.9706  104.6060
   -0.8339    0.1072   -0.5414
    0.0754   -0.9497   -0.3041
   -0.5467   -0.2944    0.7839
...    49 T-A ...
  -96.5269  -47.6522  107.2002
   -0.6282   -0.4123   -0.6598
    0.5141   -0.8565    0.0458
   -0.5840   -0.3105    0.7500
...    50 G-C ...
  -98.4292  -48.9021  109.6607
   -0.1513   -0.7967   -0.5851
    0.7754   -0.4627    0.4297
   -0.6131   -0.3887    0.6878
...    51 T-A ...
 -100.9177  -50.0489  111.5280
    0.3112   -0.9025   -0.2978
    0.7376    0.0318    0.6745
   -0.5992   -0.4295    0.6756
...    52 A-T ...
 -102.8178  -51.5588  113.8386
    0.7431   -0.6617    0.0998
    0.3911    0.5504    0.7377
   -0.5431   -0.5091    0.6677
...    53 G-C ...
 -104.5790  -53.5093  115.8639
    0.8775   -0.2196    0.4263
   -0.0833    0.8057    0.5865
   -0.4723   -0.5501    0.6887
...    54 G-C ...
 -105.8256  -55.6179  118.1877
    0.7206    0.3113    0.6195
   -0.5773    0.7643    0.2874
   -0.3841   -0.5647    0.7305
...    55 T-A ...
 -106.5369  -57.8199  120.5736
    0.3042    0.6849    0.6621
   -0.8819    0.4652   -0.0760
   -0.3601   -0.5608    0.7455
...    56 A-T ...
 -108.2632  -59.5940  122.9322
   -0.3708    0.7930    0.4833
   -0.8638   -0.1034   -0.4930
   -0.3410   -0.6003    0.7234
...    57 T-A ...
 -108.8469  -61.3386  125.7009
   -0.7785    0.6030    0.1743
   -0.5393   -0.5006   -0.6772
   -0.3211   -0.6211    0.7149
...    58 C-G ...
 -109.8783  -63.3185  128.1487
   -0.9459    0.1723   -0.2749
    0.0506   -0.7586   -0.6496
   -0.3205   -0.6284    0.7088
...    59 T-A ...
 -111.1078  -65.1725  130.6471
   -0.7496   -0.2425   -0.6159
    0.5622   -0.7243   -0.3991
   -0.3493   -0.6454    0.6793
...    60 C-G ...
 -112.2827  -67.2229  132.9510
   -0.2481   -0.6004   -0.7602
    0.9056   -0.4223    0.0380
   -0.3439   -0.6791    0.6486
...    61 G-C ...
 -113.1032  -69.6020  135.2015
    0.3501   -0.6212   -0.7011
    0.8897   -0.0138    0.4564
   -0.2932   -0.7835    0.5478
...    62 A-T ...
 -114.0908  -72.1963  136.9197
    0.8242   -0.4520   -0.3412
    0.5134    0.3420    0.7870
   -0.2391   -0.8238    0.5140
...    63 G-C ...
 -114.8315  -75.0964  138.3218
    0.9900   -0.1185    0.0771
   -0.0073    0.5015    0.8651
   -0.1412   -0.8570    0.4956
...    64 C-G ...
 -114.9211  -78.1484  139.6013
    0.8293    0.2242    0.5119
   -0.5545    0.4441    0.7038
   -0.0695   -0.8675    0.4926
...    65 T-A ...
 -114.7295  -81.0718  141.1601
    0.3980    0.4719    0.7867
   -0.9173    0.1978    0.3455
    0.0074   -0.8592    0.5116
...    66 C-G ...
 -114.5380  -83.8039  143.0036
   -0.2398    0.4893    0.8385
   -0.9699   -0.1582   -0.1851
    0.0420   -0.8576    0.5125
...    67 G-C ...
 -114.8906  -86.7160  144.6825
   -0.7685    0.3262    0.5505
   -0.6384   -0.4504   -0.6242
    0.0443   -0.8311    0.5543
...    68 G-C ...
 -114.6356  -89.4037  146.7509
   -0.9963    0.0387    0.0763
   -0.0849   -0.5528   -0.8290
    0.0101   -0.8324    0.5540
...    69 G-C ...
 -114.5056  -92.0918  148.8349
   -0.8687   -0.2330   -0.4371
    0.4946   -0.4549   -0.7406
   -0.0263   -0.8595    0.5104
...    70 A-T ...
 -114.5090  -94.8355  150.6532
   -0.3998   -0.4246   -0.8124
    0.9165   -0.1963   -0.3485
   -0.0116   -0.8839    0.4676
...    71 T-A ...
 -115.1835  -97.6294  152.2332
    0.1216   -0.4391   -0.8902
    0.9926    0.0573    0.1073
    0.0038   -0.8966    0.4428
...    72 C-G ...
 -115.2095 -100.5827  153.6316
    0.6761   -0.2429   -0.6956
    0.7344    0.2979    0.6098
    0.0590   -0.9232    0.3798
...    73 C-G ...
 -115.0087 -103.8202  154.5124
    0.9493    0.0832   -0.3033
    0.2590    0.3403    0.9039
    0.1784   -0.9366    0.3015
...    74 G-C ...
 -113.9266 -106.7917  155.6985
    0.8942    0.3964    0.2081
   -0.2846    0.1446    0.9477
    0.3455   -0.9066    0.2421
...    75 C-G ...
 -112.2649 -109.6310  156.1929
    0.5707    0.4469    0.6889
   -0.7091   -0.1548    0.6879
    0.4141   -0.8811    0.2286
...    76 T-A ...
 -110.4929 -112.3569  156.9277
    0.0746    0.3086    0.9483
   -0.8773   -0.4318    0.2095
    0.4741   -0.8476    0.2385
...    77 T-A ...
 -108.6278 -114.9494  157.6502
   -0.4298   -0.0804    0.8993
   -0.7464   -0.5288   -0.4040
    0.5081   -0.8449    0.1673
...    78 T-A ...
 -106.6688 -117.4978  158.3087
   -0.7458   -0.4586    0.4833
   -0.3482   -0.3502   -0.8696
    0.5680   -0.8167    0.1015
...    79 A-T ...
 -104.5455 -120.1979  157.7631
   -0.7091   -0.6594   -0.2496
    0.2217    0.1276   -0.9667
    0.6693   -0.7409    0.0557
...    80 A-T ...
 -102.4021 -122.6180  158.1808
   -0.4261   -0.4684   -0.7740
    0.5706    0.5247   -0.6317
    0.7020   -0.7108    0.0437
...    81 C-G ...
 -100.4911 -125.2820  158.5858
   -0.0893   -0.0760   -0.9931
    0.6984    0.7061   -0.1168
    0.7102   -0.7040   -0.0100
...    82 A-T ...
  -97.9720 -127.5198  158.5114
    0.2092    0.4499   -0.8682
    0.6365    0.6114    0.4702
    0.7423   -0.6510   -0.1585
...    83 C-G ...
  -95.9124 -129.8400  157.5016
    0.4532    0.7532   -0.4767
    0.4497    0.2685    0.8519
    0.7696   -0.6005   -0.2170
...    84 T-A ...
  -93.3633 -131.6191  156.3852
    0.5398    0.8382    0.0777
    0.1896   -0.2110    0.9589
    0.8201   -0.5029   -0.2728
...    85 C-G ...
  -90.5111 -132.9558  155.4781
    0.5116    0.5678    0.6449
   -0.1181   -0.6969    0.7074
    0.8510   -0.4381   -0.2895
...    86 A-T ...
  -87.5830 -134.4464  154.8112
    0.2909    0.0671    0.9544
   -0.3337   -0.9278    0.1670
    0.8967   -0.3671   -0.2475
...    87 T-A ...
  -84.3825 -134.9690  154.0416
    0.1074   -0.4512    0.8859
   -0.4321   -0.8237   -0.3671
    0.8954   -0.3434   -0.2835
...    88 G-C ...
  -81.5973 -136.4154  152.8988
   -0.1867   -0.8644    0.4669
   -0.3915   -0.3704   -0.8423
    0.9011   -0.3400   -0.2693
...    89 T-A ...
  -78.3689 -137.3948  152.5655
   -0.3594   -0.9296   -0.0816
   -0.2430    0.1777   -0.9536
    0.9010   -0.3229   -0.2897
...    90 T-A ...
  -75.3411 -138.4206  151.8893
   -0.3994   -0.6472   -0.6493
   -0.0158    0.7130   -0.7009
    0.9166   -0.2697   -0.2950
...    91 A-T ...
  -72.1649 -138.8668  150.7796
   -0.3512   -0.0283   -0.9359
    0.2145    0.9705   -0.1098
    0.9114   -0.2393   -0.3347
...    92 T-A ...
  -69.4352 -140.2224  149.5845
   -0.2222    0.4828   -0.8470
    0.3583    0.8484    0.3896
    0.9068   -0.2169   -0.3616
...    93 A-T ...
  -66.4535 -140.7884  148.1677
   -0.1156    0.9104   -0.3974
    0.4570    0.4039    0.7925
    0.8819   -0.0900   -0.4627
...    94 A-T ...
  -63.7007 -140.9550  146.4858
    0.1202    0.9805    0.1556
    0.4674   -0.1941    0.8625
    0.8759   -0.0309   -0.4816
...    95 C-G ...
  -61.1220 -140.6014  144.4399
    0.3145    0.7230    0.6151
    0.3672   -0.6902    0.6235
    0.8754    0.0298   -0.4826
...    96 G-C ...
  -57.9136 -140.4741  143.3038
    0.3995    0.1779    0.8993
    0.2042   -0.9736    0.1019
    0.8937    0.1430   -0.4253
...    97 G-C ...
  -54.7913 -139.6582  142.1854
    0.4086   -0.4208    0.8099
   -0.0150   -0.8904   -0.4550
    0.9126    0.1737   -0.3701
...    98 A-T ...
  -51.7381 -138.9713  141.0370
    0.3296   -0.8816    0.3379
   -0.2637   -0.4296   -0.8636
    0.9065    0.1955   -0.3741
...    99 T-A ...
  -48.5639 -138.1243  140.4450
    0.1728   -0.9657   -0.1937
   -0.4142    0.1072   -0.9039
    0.8936    0.2364   -0.3815
...   100 T-A ...
  -45.5509 -137.3173  139.4617
   -0.0768   -0.6909   -0.7189
   -0.4628    0.6633   -0.5880
    0.8831    0.2876   -0.3707
...   101 T-A ...
  -42.5803 -136.4977  138.4011
   -0.3316   -0.1507   -0.9313
   -0.3471    0.9374   -0.0281
    0.8772    0.3140   -0.3631
...   102 A-T ...
  -39.7221 -135.0177  137.3024
   -0.5217    0.4726   -0.7103
   -0.0574    0.8112    0.5819
    0.8512    0.3444   -0.3961
...   103 T-A ...
  -37.0647 -134.2995  135.5157
   -0.4967    0.8170   -0.2930
    0.2246    0.4470    0.8659
    0.8384    0.3643   -0.4055
...   104 G-C ...
  -34.3102 -132.7355  134.3376
   -0.3624    0.8732    0.3258
    0.5142   -0.1042    0.8513
    0.7773    0.4760   -0.4113
...   105 C-G ...
  -32.0881 -130.8050  132.7452
   -0.0442    0.6357    0.7707
    0.6570   -0.5627    0.5018
    0.7526    0.5285   -0.3928
...   106 T-A ...
  -29.7961 -128.6964  131.5086
    0.2953    0.1822    0.9379
    0.6045   -0.7958   -0.0358
    0.7398    0.5775   -0.3452
...   107 T-A ...
  -27.5436 -126.5830  130.4463
    0.6254   -0.3152    0.7138
    0.3065   -0.7420   -0.5962
    0.7176    0.5916   -0.3674
...   108 C-G ...
  -25.1373 -124.5697  129.3430
    0.6832   -0.7065    0.1845
   -0.1445   -0.3785   -0.9143
    0.7158    0.5980   -0.3607
...   109 C-G ...
  -22.5975 -122.5277  128.3462
    0.4358   -0.8234   -0.3636
   -0.5064    0.1097   -0.8553
    0.7441    0.5568   -0.3692
...   110 G-C ...
  -20.4175 -120.4343  126.7571
   -0.0135   -0.6363   -0.7714
   -0.6702    0.5782   -0.4653
    0.7421    0.5107   -0.4342
...   111 G-C ...
  -17.7891 -118.7975  125.3738
   -0.4543   -0.2279   -0.8612
   -0.5450    0.8358    0.0663
    0.7047    0.4994   -0.5039
...   112 C-G ...
  -15.2950 -117.4952  123.5723
   -0.7193    0.2598   -0.6443
   -0.1923    0.8167    0.5440
    0.6675    0.5152   -0.5375
...   113 T-A ...
  -13.2102 -115.9031  121.5147
   -0.7536    0.6285   -0.1923
    0.2530    0.5474    0.7977
    0.6067    0.5526   -0.5715
...   114 C-G ...
  -11.3366 -114.0049  119.5791
   -0.4707    0.8066    0.3576
    0.6710    0.0641    0.7387
    0.5729    0.5876   -0.5714
...   115 G-C ...
   -9.2344 -111.8170  118.0301
   -0.0491    0.6239    0.7800
    0.8521   -0.3813    0.3586
    0.5211    0.6822   -0.5129
...   116 T-A ...
   -8.0543 -109.1680  116.3659
    0.4148    0.2955    0.8606
    0.7467   -0.6511   -0.1363
    0.5200    0.6992   -0.4907
...   117 A-T ...
   -6.0441 -107.1205  114.4998
    0.8206   -0.1956    0.5370
    0.2808   -0.6804   -0.6769
    0.4978    0.7063   -0.5034
...   118 T-A ...
   -4.4933 -104.3952  113.4063
    0.8535   -0.5138    0.0871
   -0.1983   -0.4748   -0.8575
    0.4820    0.7146   -0.5071
...   119 A-T ...
   -3.2579 -102.0467  111.2099
    0.5132   -0.6677   -0.5393
   -0.7336   -0.0151   -0.6794
    0.4454    0.7443   -0.4976
...   120 A-T ...
   -1.6231  -99.6356  109.7412
   -0.0207   -0.5259   -0.8503
   -0.9006    0.3792   -0.2126
    0.4342    0.7614   -0.4814
...   121 T-A ...
    0.3635  -97.4953  108.1876
   -0.4907   -0.2421   -0.8370
   -0.7563    0.5954    0.2711
    0.4327    0.7661   -0.4753
...   122 G-C ...
    1.4942  -94.7112  106.6616
   -0.8814    0.1033   -0.4610
   -0.2968    0.6382    0.7104
    0.3676    0.7629   -0.5318
...   123 T-A ...
    2.6382  -92.5486  104.3970
   -0.9104    0.4133    0.0201
    0.2364    0.4796    0.8450
    0.3396    0.7740   -0.5344
...   124 G-C ...
    3.7286  -89.7301  102.9041
   -0.6108    0.5501    0.5695
    0.7464    0.1600    0.6460
    0.2643    0.8196   -0.5083
...   125 T-A ...
    3.9850  -86.9805  101.0220
   -0.1079    0.5254    0.8440
    0.9608   -0.1628    0.2242
    0.2552    0.8351   -0.4872
...   126 C-G ...
    4.7466  -84.1444   99.4918
    0.4989    0.2951    0.8149
    0.8275   -0.4416   -0.3467
    0.2575    0.8473   -0.4645
...   127 G-C ...
    5.9705  -81.4405   97.8232
    0.8628   -0.1028    0.4950
    0.3838   -0.5043   -0.7736
    0.3292    0.8574   -0.3956
...   128 A-T ...
    7.0509  -78.5594   96.5998
    0.9080   -0.4124   -0.0743
   -0.2250   -0.3303   -0.9166
    0.3534    0.8490   -0.3927
...   129 C-G ...
    8.5062  -75.6405   95.8707
    0.6260   -0.5480   -0.5548
   -0.6831   -0.0420   -0.7292
    0.3763    0.8354   -0.4006
...   130 C-G ...
   10.0406  -72.9017   94.5829
    0.0923   -0.5391   -0.8371
   -0.9086    0.2983   -0.2923
    0.4073    0.7876   -0.4623
...   131 A-T ...
   11.1049  -70.1508   92.9512
   -0.5082   -0.3172   -0.8007
   -0.7692    0.5852    0.2564
    0.3872    0.7462   -0.5415
...   132 A-T ...
   12.4799  -67.8739   91.0743
   -0.8639    0.1006   -0.4935
   -0.3127    0.6609    0.6822
    0.3948    0.7437   -0.5395
...   133 A-T ...
   13.7548  -65.5932   89.1269
   -0.8722    0.4891    0.0040
    0.2675    0.4702    0.8410
    0.4095    0.7346   -0.5410
...   134 T-A ...
   14.7385  -63.4258   86.8200
   -0.5923    0.6747    0.4404
    0.6886    0.1401    0.7115
    0.4183    0.7247   -0.5475
...   135 G-C ...
   15.7318  -61.4928   83.9331
    0.0341    0.7400    0.6717
    0.8636   -0.3601    0.3528
    0.5030    0.5681   -0.6514
...   136 T-A ...
   15.7849  -59.5604   80.7993
    0.5517    0.4998    0.6677
    0.6739   -0.7388   -0.0038
    0.4915    0.4520   -0.7444
...   137 G-C ...
   16.8386  -57.7218   78.2677
    0.8528   -0.0848    0.5153
    0.1507   -0.9048   -0.3983
    0.5000    0.4173   -0.7588
...   138 A-T ...
   18.4283  -55.5286   76.5300
    0.8547   -0.5006    0.1371
   -0.3188   -0.7148   -0.6224
    0.4096    0.4883   -0.7706
...   139 G-C ...
   20.4260  -54.3093   74.5421
    0.5847   -0.7389   -0.3347
   -0.7593   -0.3533   -0.5465
    0.2856    0.5737   -0.7676
...   140 C-G ...
   21.4271  -51.8265   72.7877
    0.1304   -0.7144   -0.6875
   -0.8897    0.2216   -0.3991
    0.4375    0.6637   -0.6067
...   141 G-C ...
   22.1522  -50.1494   67.4641
   -0.4682   -0.8748    0.1248
   -0.8494    0.4066   -0.3364
    0.2435   -0.2635   -0.9334
...   142 C-G ...
   22.3490  -51.2413   64.4935
   -0.8528   -0.5119   -0.1032
   -0.4975    0.8565   -0.1374
    0.1587   -0.0659   -0.9851
...   143 T-A ...
   24.0167  -51.6378   61.9249
   -0.9562    0.0401   -0.2898
    0.0524    0.9980   -0.0348
    0.2878   -0.0485   -0.9564
...   144 C-G ...
   24.8959  -52.7395   58.9875
   -0.7529    0.5560   -0.3520
    0.5214    0.8304    0.1965
    0.4016   -0.0356   -0.9151
...   145 A-T ...
   25.5277  -52.9803   55.8054
   -0.2442    0.9563   -0.1610
    0.8906    0.2869    0.3528
    0.3836   -0.0573   -0.9217
...   146 C-G ...
   25.2779  -52.5122   52.0798
    0.3204    0.9427   -0.0929
    0.8825   -0.2614    0.3909
    0.3443   -0.2072   -0.9157
...   147 A-T ...
   25.6240  -52.5939   48.6397
    0.8597    0.5097    0.0339
    0.4496   -0.7865    0.4233
    0.2424   -0.3487   -0.9053
