  147 base-pairs
...     1 T-A ...
    0.0000    0.0000    0.0000
    1.0000    0.0000    0.0000
    0.0000    1.0000    0.0000
    0.0000    0.0000    1.0000
...     2 G-C ...
   -0.5555   -1.1003    3.3981
    0.7749    0.6051    0.1828
   -0.5991    0.7953   -0.0929
   -0.2016   -0.0375    0.9787
...     3 T-A ...
   -0.6619   -3.0237    6.5348
    0.3046    0.9250    0.2271
   -0.8994    0.3578   -0.2510
   -0.3134   -0.1278    0.9410
...     4 G-C ...
   -1.1607   -3.8418    9.6940
   -0.3351    0.9421    0.0133
   -0.8752   -0.3061   -0.3746
   -0.3489   -0.1372    0.9271
...     5 A-T ...
   -1.3881   -3.6770   12.8999
   -0.7835    0.6162   -0.0801
   -0.5677   -0.7622   -0.3109
   -0.2527   -0.1981    0.9470
...     6 G-C ...
   -2.6236   -3.5448   15.7072
   -0.9923    0.0611   -0.1075
   -0.0294   -0.9610   -0.2748
   -0.1201   -0.2695    0.9555
...     7 C-G ...
   -2.3138   -3.7570   18.8866
   -0.8620   -0.4995   -0.0864
    0.5008   -0.8655    0.0073
   -0.0785   -0.0370    0.9962
...     8 G-C ...
   -3.9561   -6.8109   23.3205
   -0.2581   -0.3560   -0.8981
    0.6294   -0.7673    0.1233
   -0.7330   -0.5335    0.4221
...     9 C-G ...
   -6.1177   -8.9414   24.2385
    0.1143   -0.7320   -0.6716
    0.8123   -0.3203    0.4874
   -0.5720   -0.6013    0.5580
...    10 T-A ...
   -8.5041   -9.6771   26.0540
    0.4660   -0.8587   -0.2131
    0.6274    0.1508    0.7640
   -0.6239   -0.4897    0.6090
...    11 C-G ...
  -11.0625  -11.3174   27.2336
    0.6660   -0.6911    0.2808
    0.3382    0.6152    0.7121
   -0.6649   -0.3794    0.6435
...    12 A-T ...
  -13.0013  -13.1789   29.0658
    0.7188   -0.1490    0.6790
   -0.1787    0.9043    0.3876
   -0.6718   -0.4000    0.6235
...    13 C-G ...
  -14.1788  -15.9359   31.3399
    0.4052    0.2865    0.8682
   -0.5270    0.8492   -0.0343
   -0.7470   -0.4437    0.4951
...    14 A-T ...
  -15.9532  -18.1566   33.3080
   -0.1503    0.6873    0.7107
   -0.6106    0.5008   -0.6135
   -0.7776   -0.5261    0.3444
...    15 A-T ...
  -18.4954  -19.7922   34.5046
   -0.4516    0.8719    0.1894
   -0.4096   -0.0140   -0.9122
   -0.7926   -0.4895    0.3634
...    16 T-A ...
  -20.9005  -21.2369   36.4057
   -0.6275    0.7021   -0.3366
   -0.0863   -0.4923   -0.8661
   -0.7738   -0.5144    0.3695
...    17 T-A ...
  -23.4357  -22.6643   37.9332
   -0.5834    0.2495   -0.7729
    0.3068   -0.8135   -0.4941
   -0.7520   -0.5253    0.3981
...    18 T-A ...
  -26.0132  -24.1552   39.3115
   -0.3038   -0.2866   -0.9086
    0.5899   -0.8054    0.0568
   -0.7481   -0.5188    0.4137
...    19 A-T ...
  -28.4163  -26.1011   40.9434
    0.1397   -0.8005   -0.5829
    0.6468   -0.3720    0.6658
   -0.7498   -0.4700    0.4658
...    20 T-A ...
  -31.3185  -27.4094   41.9977
    0.4329   -0.8959   -0.0997
    0.4806    0.1359    0.8663
   -0.7626   -0.4230    0.4894
...    21 T-A ...
  -33.9211  -28.8276   43.3503
    0.5995   -0.6464    0.4720
    0.1194    0.6554    0.7458
   -0.7914   -0.3908    0.4700
...    22 C-G ...
  -36.5573  -30.0753   44.9133
    0.5659   -0.1065    0.8176
   -0.2730    0.9115    0.3077
   -0.7780   -0.3973    0.4867
...    23 G-C ...
  -39.4272  -30.7816   46.6201
    0.4354    0.4829    0.7597
   -0.5490    0.8113   -0.2010
   -0.7134   -0.3296    0.6184
...    24 C-G ...
  -41.5251  -32.1482   48.7521
    0.1237    0.8576    0.4993
   -0.6904    0.4358   -0.5774
   -0.7127   -0.2733    0.6460
...    25 A-T ...
  -44.2544  -32.9344   50.5277
   -0.2464    0.9692    0.0007
   -0.6366   -0.1613   -0.7541
   -0.7307   -0.1862    0.6568
...    26 A-T ...
  -46.6228  -33.3724   52.7602
   -0.5553    0.6965   -0.4544
   -0.3845   -0.6995   -0.6024
   -0.7374   -0.1598    0.6562
...    27 A-T ...
  -48.9174  -33.6016   55.0740
   -0.6797    0.1511   -0.7177
    0.0163   -0.9752   -0.2207
   -0.7333   -0.1618    0.6604
...    28 G-C ...
  -51.5571  -33.6549   57.2184
   -0.5204   -0.3993   -0.7548
    0.3658   -0.9030    0.2255
   -0.7716   -0.1587    0.6159
...    29 G-C ...
  -54.4532  -34.0301   59.0880
   -0.1605   -0.8474   -0.5061
    0.5843   -0.4948    0.6432
   -0.7955   -0.1925    0.5745
...    30 C-G ...
  -57.2863  -34.6735   60.6553
    0.2331   -0.9701   -0.0671
    0.5546    0.0759    0.8286
   -0.7988   -0.2303    0.5558
...    31 C-G ...
  -60.1475  -35.3784   62.3252
    0.5514   -0.7388    0.3874
    0.3129    0.6136    0.7249
   -0.7733   -0.2785    0.5696
...    32 G-C ...
  -62.4512  -35.9560   64.3743
    0.7004   -0.2657    0.6625
   -0.0463    0.9093    0.4136
   -0.7123   -0.3203    0.6246
...    33 G-C ...
  -64.6051  -37.1997   66.6426
    0.5914    0.3223    0.7391
   -0.4484    0.8933   -0.0308
   -0.6702   -0.3132    0.6729
...    34 C-G ...
  -66.5884  -38.4658   68.9475
    0.2620    0.7897    0.5547
   -0.7093    0.5473   -0.4442
   -0.6544   -0.2770    0.7036
...    35 C-G ...
  -68.5395  -39.1520   71.6696
   -0.1498    0.9766    0.1543
   -0.7452   -0.0090   -0.6668
   -0.6498   -0.2149    0.7291
...    36 C-G ...
  -70.6092  -39.6088   74.3201
   -0.5188    0.8006   -0.2998
   -0.5496   -0.5809   -0.6004
   -0.6549   -0.1467    0.7414
...    37 G-C ...
  -73.0648  -40.9064   76.3682
   -0.6917    0.3292   -0.6428
   -0.1511   -0.9363   -0.3169
   -0.7062   -0.1221    0.6974
...    38 A-T ...
  -75.2727  -41.2512   78.6486
   -0.6411   -0.2959   -0.7081
    0.2993   -0.9460    0.1244
   -0.7067   -0.1322    0.6951
...    39 C-G ...
  -77.8507  -41.3437   80.5789
   -0.3518   -0.7485   -0.5621
    0.5822   -0.6452    0.4948
   -0.7330   -0.1532    0.6627
...    40 A-T ...
  -80.3843  -42.0030   82.7363
    0.1215   -0.9730   -0.1962
    0.6646   -0.0670    0.7442
   -0.7372   -0.2208    0.6385
...    41 C-G ...
  -83.0375  -43.0570   84.4391
    0.4868   -0.8494    0.2038
    0.4862    0.4573    0.7446
   -0.7257   -0.2634    0.6356
...    42 G-C ...
  -85.2153  -43.6561   86.9156
    0.7241   -0.3793    0.5761
    0.0668    0.8699    0.4887
   -0.6865   -0.3154    0.6552
...    43 A-T ...
  -87.4535  -44.6901   88.9437
    0.6190    0.2190    0.7542
   -0.3749    0.9262    0.0388
   -0.6901   -0.3068    0.6555
...    44 C-G ...
  -89.3667  -46.2223   91.1726
    0.3416    0.7012    0.6258
   -0.6663    0.6503   -0.3650
   -0.6628   -0.2923    0.6894
...    45 T-A ...
  -91.2136  -47.4467   94.0311
   -0.0907    0.9600    0.2647
   -0.7450    0.1110   -0.6577
   -0.6608   -0.2569    0.7052
...    46 T-A ...
  -93.1803  -48.2715   96.4497
   -0.4948    0.8581   -0.1372
   -0.5564   -0.4340   -0.7085
   -0.6676   -0.2742    0.6922
...    47 A-T ...
  -95.5910  -49.4238   98.5538
   -0.7398    0.3622   -0.5671
   -0.0936   -0.8900   -0.4463
   -0.6663   -0.2771    0.6923
...    48 C-G ...
  -97.8744  -49.6664  100.9898
   -0.6548   -0.1735   -0.7356
    0.3191   -0.9457   -0.0610
   -0.6851   -0.2747    0.6746
...    49 T-A ...
 -100.4600  -50.2946  103.1026
   -0.3147   -0.6410   -0.7001
    0.6118   -0.7009    0.3667
   -0.7257   -0.3129    0.6127
...    50 G-C ...
 -102.9293  -51.5781  105.0507
    0.1952   -0.8794   -0.4343
    0.6633   -0.2079    0.7189
   -0.7225   -0.4284    0.5427
...    51 T-A ...
 -105.5100  -53.0215  106.3211
    0.5484   -0.8359   -0.0225
    0.4536    0.2748    0.8478
   -0.7025   -0.4752    0.5298
...    52 A-T ...
 -107.6854  -54.6217  108.3474
    0.7628   -0.4510    0.4635
   -0.0079    0.7101    0.7041
   -0.6466   -0.5407    0.5380
...    53 G-C ...
 -109.7962  -56.5057  109.9682
    0.6966    0.0474    0.7159
   -0.4352    0.8213    0.3690
   -0.5705   -0.5686    0.5927
...    54 G-C ...
 -111.2272  -59.0029  112.1301
    0.3536    0.5549    0.7530
   -0.7822    0.6169   -0.0873
   -0.5130   -0.5581    0.6522
...    55 T-A ...
 -112.4415  -60.9478  114.5003
   -0.1237    0.7960    0.5925
   -0.8577    0.2144   -0.4672
   -0.4990   -0.5660    0.6562
...    56 A-T ...
 -113.8896  -62.7973  116.9619
   -0.6222    0.7640    0.1709
   -0.6053   -0.3310   -0.7239
   -0.4965   -0.5539    0.6684
...    57 T-A ...
 -115.1251  -64.2520  119.6645
   -0.8676    0.4437   -0.2245
   -0.1656   -0.6835   -0.7109
   -0.4689   -0.5796    0.6665
...    58 C-G ...
 -116.8174  -65.9974  122.0415
   -0.7727   -0.0958   -0.6275
    0.4365   -0.7978   -0.4158
   -0.4608   -0.5952    0.6583
...    59 T-A ...
 -118.6797  -67.8342  124.1771
   -0.3777   -0.4834   -0.7897
    0.7887   -0.6147   -0.0009
   -0.4850   -0.6232    0.6135
...    60 C-G ...
 -120.2772  -69.9988  126.0270
    0.1810   -0.7039   -0.6869
    0.8619   -0.2229    0.4555
   -0.4738   -0.6744    0.5663
...    61 A-T ...
 -121.8833  -72.1478  128.1369
    0.6974   -0.6079   -0.3796
    0.5922    0.1906    0.7829
   -0.4036   -0.7708    0.4929
...    62 T-A ...
 -123.2961  -74.8445  129.3007
    0.9292   -0.3678    0.0369
    0.1463    0.4574    0.8771
   -0.3395   -0.8096    0.4788
...    63 G-C ...
 -124.2289  -77.7517  130.9730
    0.8600    0.0858    0.5030
   -0.4649    0.5378    0.7033
   -0.2102   -0.8387    0.5024
...    64 T-A ...
 -124.4329  -80.8356  132.3573
    0.4580    0.3734    0.8068
   -0.8701    0.3743    0.3207
   -0.1823   -0.8488    0.4963
...    65 T-A ...
 -124.7925  -83.6301  133.9281
   -0.1492    0.4885    0.8597
   -0.9772    0.0600   -0.2037
   -0.1511   -0.8705    0.4684
...    66 A-T ...
 -125.6295  -86.7748  135.2796
   -0.8110    0.2890    0.5087
   -0.5796   -0.2794   -0.7655
   -0.0791   -0.9157    0.3941
...    67 T-A ...
 -125.5967  -89.4990  137.1461
   -0.9972    0.0535    0.0519
   -0.0682   -0.3750   -0.9245
   -0.0300   -0.9255    0.3776
...    68 A-T ...
 -125.3493  -92.8374  138.2189
   -0.7505   -0.3137   -0.5817
    0.6560   -0.2472   -0.7131
    0.0799   -0.9168    0.3913
...    69 A-T ...
 -125.1745  -95.7484  139.5969
   -0.2210   -0.4093   -0.8852
    0.9668    0.0274   -0.2540
    0.1283   -0.9120    0.3897
...    70 C-G ...
 -125.3473  -98.8371  140.9814
    0.3514   -0.2916   -0.8897
    0.9219    0.2733    0.2745
    0.1630   -0.9167    0.3649
...    71 G-C ...
 -124.2980 -101.7146  142.1211
    0.7457    0.0817   -0.6613
    0.5899    0.3806    0.7122
    0.3099   -0.9211    0.2356
...    72 G-C ...
 -122.8454 -104.6386  142.4651
    0.8909    0.4026   -0.2102
    0.1329    0.2115    0.9683
    0.4343   -0.8906    0.1349
...    73 A-T ...
 -121.2967 -107.5512  142.6818
    0.7699    0.4992    0.3975
   -0.4063   -0.0969    0.9086
    0.4921   -0.8610    0.1282
...    74 T-A ...
 -119.2533 -110.1356  142.6543
    0.4235    0.3993    0.8132
   -0.7377   -0.3690    0.5654
    0.5258   -0.8393    0.1383
...    75 C-G ...
 -117.3650 -112.7653  143.4926
   -0.1305    0.0836    0.9879
   -0.7964   -0.6023   -0.0542
    0.5905   -0.7939    0.1451
...    76 G-C ...
 -115.9503 -115.7589  143.9237
   -0.5710   -0.2829    0.7706
   -0.5282   -0.5921   -0.6087
    0.6285   -0.7546    0.1887
...    77 A-T ...
 -113.8577 -118.3542  144.3887
   -0.7523   -0.6235    0.2131
   -0.0477   -0.2710   -0.9614
    0.6571   -0.7334    0.1741
...    78 G-C ...
 -111.5949 -120.7065  144.9350
   -0.6362   -0.6807   -0.3632
    0.3507    0.1642   -0.9220
    0.6872   -0.7139    0.1343
...    79 C-G ...
 -109.3698 -123.2261  145.7607
   -0.3138   -0.4278   -0.8476
    0.6420    0.5621   -0.5214
    0.6996   -0.7078    0.0982
...    80 T-A ...
 -107.1621 -125.7097  146.1629
    0.0265   -0.0088   -0.9996
    0.6934    0.7204    0.0120
    0.7200   -0.6935    0.0251
...    81 C-G ...
 -104.7585 -128.1227  146.3061
    0.3764    0.4629   -0.8025
    0.5372    0.5967    0.5962
    0.7548   -0.6555   -0.0241
...    82 G-C ...
 -101.8861 -129.7206  146.3941
    0.5142    0.7872   -0.3406
    0.2795    0.2216    0.9342
    0.8109   -0.5755   -0.1060
...    83 G-C ...
  -99.0653 -131.4205  145.7563
    0.4960    0.8292    0.2578
   -0.0334   -0.2784    0.9599
    0.8677   -0.4847   -0.1104
...    84 G-C ...
  -95.8780 -132.4733  145.2815
    0.2977    0.5803    0.7581
   -0.2244   -0.7293    0.6464
    0.9279   -0.3625   -0.0869
...    85 A-T ...
  -92.6770 -133.3804  144.9026
    0.1058    0.0099    0.9943
   -0.3261   -0.9443    0.0441
    0.9394   -0.3289   -0.0967
...    86 T-A ...
  -89.4003 -133.8743  144.7694
   -0.0788   -0.5006    0.8621
   -0.3175   -0.8072   -0.4977
    0.9450   -0.3129   -0.0954
...    87 C-G ...
  -86.0994 -134.7401  144.7104
   -0.2119   -0.9128    0.3490
   -0.2081   -0.3068   -0.9288
    0.9549   -0.2694   -0.1249
...    88 C-G ...
  -82.9257 -135.6464  144.4293
   -0.3480   -0.9136   -0.2101
   -0.0574    0.2444   -0.9680
    0.9357   -0.3249   -0.1375
...    89 G-C ...
  -79.8500 -136.4528  143.4967
   -0.3786   -0.5684   -0.7304
    0.1389    0.7454   -0.6520
    0.9151   -0.3483   -0.2032
...    90 C-G ...
  -76.7211 -137.9285  143.1855
   -0.2595   -0.0194   -0.9655
    0.2891    0.9524   -0.0968
    0.9214   -0.3043   -0.2416
...    91 T-A ...
  -73.6744 -139.3439  142.4015
   -0.1201    0.5521   -0.8251
    0.3760    0.7945    0.4769
    0.9188   -0.2529   -0.3030
...    92 T-A ...
  -70.8473 -140.2557  141.1068
    0.0703    0.9180   -0.3902
    0.3776    0.3376    0.8622
    0.9233   -0.2080   -0.3229
...    93 T-A ...
  -67.8663 -140.7556  139.9802
    0.1823    0.9646    0.1905
    0.3006   -0.2391    0.9233
    0.9362   -0.1110   -0.3336
...    94 A-T ...
  -64.5635 -140.8130  139.1919
    0.1864    0.6417    0.7440
    0.2106   -0.7657    0.6077
    0.9596    0.0434   -0.2779
...    95 A-T ...
  -61.5242 -140.3579  138.3100
    0.2671    0.0755    0.9607
    0.1046   -0.9933    0.0490
    0.9580    0.0874   -0.2732
...    96 C-G ...
  -58.3322 -139.4095  137.5873
    0.3209   -0.4953    0.8073
   -0.0434   -0.8592   -0.5099
    0.9461    0.1286   -0.2972
...    97 A-T ...
  -55.0869 -139.0826  136.6907
    0.2178   -0.9231    0.3169
   -0.2335   -0.3645   -0.9014
    0.9477    0.1223   -0.2949
...    98 C-G ...
  -51.7052 -138.6053  136.4022
    0.0649   -0.9711   -0.2296
   -0.3262    0.1968   -0.9246
    0.9431    0.1349   -0.3040
...    99 T-A ...
  -48.1174 -138.4636  135.8715
   -0.1495   -0.6773   -0.7203
   -0.3313    0.7207   -0.6089
    0.9316    0.1476   -0.3321
...   100 T-A ...
  -45.0031 -138.2769  134.9256
   -0.2983   -0.1206   -0.9468
   -0.2027    0.9774   -0.0606
    0.9327    0.1739   -0.3160
...   101 T-A ...
  -41.9567 -137.8254  133.8610
   -0.4009    0.4563   -0.7944
    0.0004    0.8672    0.4979
    0.9161    0.1993   -0.3478
...   102 A-T ...
  -38.9440 -136.8163  132.8215
   -0.4169    0.8541   -0.3111
    0.2477    0.4360    0.8652
    0.8745    0.2837   -0.3933
...   103 T-A ...
  -36.5131 -135.9572  130.9203
   -0.3117    0.9348    0.1704
    0.4374   -0.0181    0.8991
    0.8435    0.3548   -0.4032
...   104 G-C ...
  -33.8861 -134.5037  129.4558
   -0.0703    0.6901    0.7203
    0.5756   -0.5617    0.5943
    0.8147    0.4563   -0.3578
...   105 C-G ...
  -31.4344 -132.5184  128.3883
    0.2343    0.2381    0.9426
    0.5386   -0.8390    0.0780
    0.8093    0.4894   -0.3248
...   106 T-A ...
  -28.7168 -130.3429  127.8208
    0.5159   -0.2921    0.8053
    0.3612   -0.7782   -0.5137
    0.7768    0.5559   -0.2960
...   107 T-A ...
  -26.2491 -128.3851  127.1091
    0.6317   -0.6884    0.3566
    0.0076   -0.4544   -0.8908
    0.7752    0.5654   -0.2818
...   108 C-G ...
  -23.5703 -126.4163  126.3782
    0.5177   -0.8065   -0.2856
   -0.3959    0.0701   -0.9156
    0.7585    0.5871   -0.2829
...   109 C-G ...
  -21.0836 -124.4014  125.5560
    0.1451   -0.6911   -0.7080
   -0.6193    0.4946   -0.6098
    0.7716    0.5270   -0.3563
...   110 G-C ...
  -18.9700 -122.4120  124.3787
   -0.2845   -0.3736   -0.8829
   -0.6119    0.7797   -0.1327
    0.7380    0.5025   -0.4504
...   111 G-C ...
  -16.5217 -120.8888  122.6939
   -0.6447    0.0916   -0.7590
   -0.3437    0.8521    0.3947
    0.6829    0.5153   -0.5179
...   112 C-G ...
  -14.3331 -119.5627  120.5438
   -0.7650    0.5241   -0.3742
    0.0803    0.6541    0.7521
    0.6390    0.5454   -0.5425
...   113 T-A ...
  -12.3704 -117.8027  118.5168
   -0.6521    0.7469    0.1300
    0.4939    0.2885    0.8202
    0.5751    0.5991   -0.5571
...   114 C-G ...
  -10.5938 -115.5611  116.8902
   -0.2628    0.7470    0.6107
    0.8210   -0.1593    0.5482
    0.5068    0.6455   -0.5714
...   115 G-C ...
   -8.5323 -113.4363  115.3428
    0.2434    0.4591    0.8544
    0.8447   -0.5333    0.0459
    0.4767    0.7105   -0.5176
...   116 T-A ...
   -7.3689 -110.5417  114.0754
    0.6490    0.0673    0.7578
    0.5827   -0.6844   -0.4382
    0.4892    0.7260   -0.4834
...   117 A-T ...
   -5.8224 -107.7953  112.7779
    0.8555   -0.3788    0.3530
    0.0867   -0.5673   -0.8189
    0.5105    0.7312   -0.4525
...   118 T-A ...
   -4.1402 -105.0912  111.9458
    0.7894   -0.5981   -0.1383
   -0.3751   -0.2917   -0.8799
    0.4859    0.7465   -0.4546
...   119 A-T ...
   -2.8025 -102.4281  110.1692
    0.3516   -0.6028   -0.7163
   -0.8196    0.1715   -0.5466
    0.4523    0.7793   -0.4338
...   120 A-T ...
   -1.0695  -99.9841  108.8967
   -0.1947   -0.4024   -0.8945
   -0.8753    0.4828   -0.0266
    0.4426    0.7778   -0.4463
...   121 T-A ...
    0.8711  -97.7948  107.2990
   -0.6308   -0.0854   -0.7712
   -0.6401    0.6190    0.4550
    0.4385    0.7807   -0.4452
...   122 G-C ...
    2.3140  -95.0989  105.6442
   -0.9275    0.2365   -0.2896
   -0.1164    0.5533    0.8248
    0.3553    0.7987   -0.4856
...   123 T-A ...
    3.2808  -92.6893  103.6378
   -0.8609    0.4713    0.1917
    0.3840    0.3546    0.8525
    0.3338    0.8075   -0.4863
...   124 G-C ...
    4.2539  -89.8948  102.0189
   -0.4848    0.5308    0.6952
    0.8329    0.0377    0.5521
    0.2668    0.8467   -0.4604
...   125 T-A ...
    4.6281  -87.1444  100.3841
    0.0201    0.4333    0.9010
    0.9672   -0.2367    0.0922
    0.2532    0.8696   -0.4238
...   126 C-G ...
    5.3863  -84.3060   99.1559
    0.5948    0.2137    0.7749
    0.7686   -0.4337   -0.4703
    0.2356    0.8753   -0.4222
...   127 G-C ...
    6.6274  -81.6686   97.5131
    0.8870   -0.1641    0.4316
    0.3231   -0.4471   -0.8341
    0.3298    0.8793   -0.3436
...   128 A-T ...
    7.5592  -78.8212   96.4330
    0.9037   -0.4009   -0.1503
   -0.2755   -0.2760   -0.9208
    0.3277    0.8736   -0.3599
...   129 C-G ...
    8.9420  -75.8465   95.9750
    0.5980   -0.5224   -0.6079
   -0.7170   -0.0098   -0.6970
    0.3581    0.8526   -0.3804
...   130 C-G ...
   10.6447  -73.1717   94.7163
    0.0763   -0.5302   -0.8444
   -0.9124    0.3045   -0.2737
    0.4022    0.7913   -0.4605
...   131 A-T ...
   11.2168  -70.2065   93.1054
   -0.5166   -0.3073   -0.7992
   -0.7698    0.5754    0.2763
    0.3749    0.7579   -0.5338
...   132 A-T ...
   12.4625  -67.8318   91.2094
   -0.8720    0.0820   -0.4826
   -0.3173    0.6561    0.6847
    0.3728    0.7502   -0.5461
...   133 A-T ...
   13.7440  -65.6299   89.1338
   -0.8716    0.4902   -0.0017
    0.2627    0.4700    0.8427
    0.4139    0.7340   -0.5384
...   134 T-A ...
   14.7385  -63.4259   86.8199
   -0.5923    0.6747    0.4404
    0.6886    0.1401    0.7115
    0.4183    0.7247   -0.5475
...   135 G-C ...
   15.7318  -61.4929   83.9330
    0.0341    0.7400    0.6717
    0.8636   -0.3601    0.3528
    0.5030    0.5681   -0.6514
...   136 T-A ...
   15.7849  -59.5605   80.7992
    0.5517    0.4998    0.6677
    0.6739   -0.7388   -0.0038
    0.4915    0.4520   -0.7444
...   137 G-C ...
   16.8386  -57.7219   78.2675
    0.8528   -0.0848    0.5153
    0.1507   -0.9048   -0.3983
    0.5000    0.4173   -0.7588
...   138 A-T ...
   18.4283  -55.5287   76.5299
    0.8547   -0.5006    0.1371
   -0.3188   -0.7148   -0.6224
    0.4096    0.4883   -0.7706
...   139 G-C ...
   20.4260  -54.3094   74.5420
    0.5847   -0.7389   -0.3347
   -0.7593   -0.3533   -0.5465
    0.2856    0.5737   -0.7676
...   140 C-G ...
   21.4271  -51.8266   72.7876
    0.1304   -0.7144   -0.6875
   -0.8897    0.2216   -0.3991
    0.4375    0.6637   -0.6067
...   141 G-C ...
   22.1522  -50.1495   67.4640
   -0.4682   -0.8748    0.1248
   -0.8494    0.4066   -0.3364
    0.2435   -0.2635   -0.9334
...   142 C-G ...
   22.3490  -51.2414   64.4933
   -0.8528   -0.5119   -0.1032
   -0.4975    0.8565   -0.1374
    0.1587   -0.0659   -0.9851
...   143 T-A ...
   24.0167  -51.6379   61.9248
   -0.9562    0.0401   -0.2898
    0.0524    0.9980   -0.0348
    0.2878   -0.0485   -0.9564
...   144 C-G ...
   24.8959  -52.7396   58.9873
   -0.7529    0.5560   -0.3520
    0.5214    0.8304    0.1965
    0.4016   -0.0356   -0.9151
...   145 A-T ...
   25.5277  -52.9804   55.8053
   -0.2442    0.9563   -0.1610
    0.8906    0.2869    0.3528
    0.3836   -0.0573   -0.9217
...   146 C-G ...
   25.2779  -52.5123   52.0796
    0.3204    0.9427   -0.0929
    0.8825   -0.2614    0.3909
    0.3443   -0.2072   -0.9157
...   147 A-T ...
   25.6240  -52.5940   48.6395
    0.8597    0.5097    0.0339
    0.4496   -0.7865    0.4233
    0.2424   -0.3487   -0.9053
