  147 base-pairs
...     1 T-A ...
    0.0000    0.0000    0.0000
    1.0000    0.0000    0.0000
    0.0000    1.0000    0.0000
    0.0000    0.0000    1.0000
...     2 G-C ...
   -0.5555   -1.1003    3.3981
    0.7749    0.6051    0.1828
   -0.5991    0.7953   -0.0929
   -0.2016   -0.0375    0.9787
...     3 T-A ...
   -0.6619   -3.0237    6.5348
    0.3046    0.9250    0.2271
   -0.8994    0.3578   -0.2510
   -0.3134   -0.1278    0.9410
...     4 G-C ...
   -1.1607   -3.8418    9.6940
   -0.3351    0.9421    0.0133
   -0.8752   -0.3061   -0.3746
   -0.3489   -0.1372    0.9271
...     5 A-T ...
   -1.3881   -3.6770   12.8999
   -0.7835    0.6162   -0.0801
   -0.5677   -0.7622   -0.3109
   -0.2527   -0.1981    0.9470
...     6 G-C ...
   -2.6236   -3.5448   15.7072
   -0.9923    0.0611   -0.1075
   -0.0294   -0.9610   -0.2748
   -0.1201   -0.2695    0.9555
...     7 C-G ...
   -2.3138   -3.7570   18.8866
   -0.8620   -0.4995   -0.0864
    0.5008   -0.8655    0.0073
   -0.0785   -0.0370    0.9962
...     8 G-C ...
   -3.9561   -6.8109   23.3205
   -0.2581   -0.3560   -0.8981
    0.6294   -0.7673    0.1233
   -0.7330   -0.5335    0.4221
...     9 C-G ...
   -6.1177   -8.9414   24.2385
    0.1143   -0.7320   -0.6716
    0.8123   -0.3203    0.4874
   -0.5720   -0.6013    0.5580
...    10 T-A ...
   -8.5041   -9.6771   26.0540
    0.4660   -0.8587   -0.2131
    0.6274    0.1508    0.7640
   -0.6239   -0.4897    0.6090
...    11 C-G ...
  -11.0625  -11.3174   27.2336
    0.6660   -0.6911    0.2808
    0.3382    0.6152    0.7121
   -0.6649   -0.3794    0.6435
...    12 A-T ...
  -13.0013  -13.1789   29.0658
    0.7188   -0.1490    0.6790
   -0.1787    0.9043    0.3876
   -0.6718   -0.4000    0.6235
...    13 C-G ...
  -14.1788  -15.9359   31.3399
    0.4052    0.2865    0.8682
   -0.5270    0.8492   -0.0343
   -0.7470   -0.4437    0.4951
...    14 A-T ...
  -15.9532  -18.1566   33.3080
   -0.1503    0.6873    0.7107
   -0.6106    0.5008   -0.6135
   -0.7776   -0.5261    0.3444
...    15 A-T ...
  -18.3958  -19.8390   34.6202
   -0.4573    0.8653    0.2055
   -0.4151   -0.0033   -0.9098
   -0.7865   -0.5013    0.3607
...    16 T-A ...
  -20.7745  -21.2393   36.4118
   -0.5944    0.7446   -0.3037
   -0.1253   -0.4588   -0.8796
   -0.7943   -0.4848    0.3661
...    17 T-A ...
  -23.3861  -22.6204   37.7773
   -0.5563    0.3262   -0.7643
    0.2401   -0.8174   -0.5236
   -0.7955   -0.4748    0.3765
...    18 T-A ...
  -26.0761  -23.9100   39.0991
   -0.3242   -0.2395   -0.9152
    0.5196   -0.8535    0.0393
   -0.7905   -0.4628    0.4011
...    19 A-T ...
  -28.4066  -25.8273   40.7493
    0.0667   -0.7810   -0.6210
    0.6104   -0.4604    0.6445
   -0.7893   -0.4220    0.4460
...    20 T-A ...
  -31.3827  -26.9813   41.6823
    0.3601   -0.9168   -0.1728
    0.4878    0.0271    0.8726
   -0.7953   -0.3985    0.4569
...    21 T-A ...
  -34.1151  -28.2568   42.9380
    0.5535   -0.7291    0.4025
    0.1878    0.5801    0.7926
   -0.8114   -0.3631    0.4580
...    22 C-G ...
  -36.8282  -29.4745   44.4016
    0.5687   -0.2092    0.7955
   -0.1855    0.9096    0.3719
   -0.8013   -0.3590    0.4785
...    23 G-C ...
  -39.6692  -30.2217   46.1255
    0.4363    0.4004    0.8058
   -0.4891    0.8572   -0.1611
   -0.7553   -0.3238    0.5699
...    24 C-G ...
  -41.8977  -31.5537   48.2223
    0.1229    0.8297    0.5446
   -0.6544    0.4803   -0.5840
   -0.7461   -0.2846    0.6020
...    25 A-T ...
  -44.5773  -32.3121   50.1147
   -0.2108    0.9771    0.0285
   -0.6233   -0.1119   -0.7739
   -0.7530   -0.1810    0.6326
...    26 A-T ...
  -46.9180  -32.7508   52.3283
   -0.5317    0.7256   -0.4368
   -0.3852   -0.6665   -0.6383
   -0.7542   -0.1711    0.6339
...    27 A-T ...
  -49.3390  -33.0653   54.4818
   -0.6588    0.1919   -0.7274
   -0.0024   -0.9674   -0.2531
   -0.7523   -0.1650    0.6378
...    28 G-C ...
  -51.9631  -33.2868   56.5539
   -0.5090   -0.3680   -0.7781
    0.3482   -0.9148    0.2049
   -0.7872   -0.1667    0.5937
...    29 G-C ...
  -54.8319  -33.6759   58.3476
   -0.1657   -0.8101   -0.5623
    0.5556   -0.5478    0.6255
   -0.8148   -0.2088    0.5409
...    30 C-G ...
  -57.7954  -34.2665   59.8065
    0.2072   -0.9703   -0.1252
    0.5436    0.0078    0.8393
   -0.8134   -0.2419    0.5291
...    31 C-G ...
  -60.6446  -35.2215   61.3848
    0.5377   -0.7729    0.3369
    0.3142    0.5544    0.7706
   -0.7824   -0.3085    0.5409
...    32 G-C ...
  -63.1568  -35.9697   63.5544
    0.6933   -0.2684    0.6688
   -0.0772    0.8951    0.4392
   -0.7165   -0.3561    0.5999
...    33 G-C ...
  -65.4503  -37.3771   65.6035
    0.5815    0.3161    0.7496
   -0.4702    0.8825   -0.0074
   -0.6639   -0.3482    0.6618
...    34 C-G ...
  -67.3425  -38.8008   67.9603
    0.2407    0.7738    0.5860
   -0.7257    0.5444   -0.4208
   -0.6446   -0.3239    0.6925
...    35 C-G ...
  -69.3077  -39.7767   70.5429
   -0.1662    0.9676    0.1901
   -0.7536   -0.0003   -0.6574
   -0.6360   -0.2525    0.7292
...    36 C-G ...
  -71.3402  -40.3476   73.2034
   -0.5182    0.8116   -0.2696
   -0.5448   -0.5563   -0.6275
   -0.6593   -0.1783    0.7305
...    37 G-C ...
  -73.8234  -41.1214   75.3896
   -0.6742    0.3462   -0.6524
   -0.1592   -0.9307   -0.3293
   -0.7212   -0.1181    0.6826
...    38 A-T ...
  -76.2223  -41.4066   77.6503
   -0.6129   -0.2910   -0.7346
    0.2825   -0.9490    0.1403
   -0.7379   -0.1216    0.6638
...    39 C-G ...
  -78.9332  -41.2662   79.6002
   -0.3399   -0.7577   -0.5572
    0.5657   -0.6380    0.5225
   -0.7513   -0.1376    0.6454
...    40 A-T ...
  -81.3226  -41.8567   81.8965
    0.1353   -0.9707   -0.1984
    0.6391   -0.0675    0.7662
   -0.7572   -0.2304    0.6112
...    41 C-G ...
  -84.1651  -42.7379   83.3842
    0.4861   -0.8435    0.2286
    0.4540    0.4673    0.7586
   -0.7467   -0.2650    0.6101
...    42 G-C ...
  -86.4522  -43.4867   85.7858
    0.7383   -0.3814    0.5563
    0.0575    0.8574    0.5114
   -0.6720   -0.3456    0.6550
...    43 A-T ...
  -88.5963  -44.7099   87.9784
    0.6396    0.2308    0.7333
   -0.4180    0.9049    0.0797
   -0.6452   -0.3575    0.6752
...    44 C-G ...
  -90.2988  -46.3691   90.3220
    0.3192    0.6942    0.6452
   -0.7119    0.6250   -0.3202
   -0.6255   -0.3570    0.6937
...    45 T-A ...
  -92.1149  -47.5486   92.8729
   -0.1106    0.9374    0.3302
   -0.7878    0.1199   -0.6041
   -0.6059   -0.3269    0.7253
...    46 T-A ...
  -93.8744  -48.6084   95.4128
   -0.5841    0.8086   -0.0711
   -0.5586   -0.4640   -0.6875
   -0.5889   -0.3618    0.7227
...    47 A-T ...
  -95.9952  -50.3088   97.5174
   -0.8373    0.2627   -0.4796
   -0.0022   -0.8786   -0.4775
   -0.5468   -0.3987    0.7362
...    48 C-G ...
  -97.9472  -51.0357  100.1496
   -0.6925   -0.2564   -0.6744
    0.4600   -0.8770   -0.1390
   -0.5558   -0.4065    0.7252
...    49 T-A ...
 -100.0380  -52.1910  102.4981
   -0.2874   -0.6740   -0.6806
    0.7657   -0.5885    0.2595
   -0.5754   -0.4465    0.6852
...    50 G-C ...
 -101.8202  -53.8707  104.8070
    0.2814   -0.8344   -0.4740
    0.7807   -0.0882    0.6187
   -0.5580   -0.5441    0.6266
...    51 T-A ...
 -104.0299  -55.7692  106.3773
    0.6853   -0.7213   -0.0998
    0.5048    0.3719    0.7790
   -0.5248   -0.5843    0.6190
...    52 A-T ...
 -105.6368  -57.7309  108.5861
    0.8966   -0.2877    0.3365
   -0.0353    0.7112    0.7021
   -0.4413   -0.6414    0.6276
...    53 T-A ...
 -106.8421  -60.3104  110.2231
    0.7554    0.1318    0.6419
   -0.5009    0.7478    0.4359
   -0.4225   -0.6507    0.6309
...    54 C-G ...
 -108.0384  -62.4485  112.4277
    0.3034    0.5725    0.7617
   -0.8724    0.4883   -0.0195
   -0.3831   -0.6586    0.6477
...    55 A-T ...
 -109.6112  -64.4225  114.6419
   -0.2710    0.7812    0.5625
   -0.8944    0.0117   -0.4471
   -0.3558   -0.6242    0.6955
...    56 T-A ...
 -110.2046  -66.3291  117.3084
   -0.7185    0.6436    0.2635
   -0.6114   -0.4040   -0.6805
   -0.3315   -0.6500    0.6838
...    57 G-C ...
 -111.5302  -68.6592  119.3164
   -0.9326    0.2769   -0.2314
   -0.0416   -0.7195   -0.6933
   -0.3585   -0.6369    0.6825
...    58 T-A ...
 -112.8425  -70.2917  121.9650
   -0.7989   -0.1620   -0.5793
    0.4871   -0.7392   -0.4650
   -0.3529   -0.6537    0.6695
...    59 T-A ...
 -114.0902  -72.2340  124.2679
   -0.3556   -0.5766   -0.7356
    0.8770   -0.4779   -0.0494
   -0.3230   -0.6627    0.6756
...    60 A-T ...
 -114.9949  -74.5148  126.5828
    0.2894   -0.6910   -0.6624
    0.9109   -0.0139    0.4125
   -0.2942   -0.7227    0.6254
...    61 T-A ...
 -116.4439  -76.9588  128.2074
    0.7264   -0.5724   -0.3804
    0.6330    0.3418    0.6946
   -0.2675   -0.7453    0.6107
...    62 A-T ...
 -117.1499  -79.5733  130.1850
    0.9888   -0.1487    0.0114
    0.0768    0.5732    0.8158
   -0.1279   -0.8058    0.5782
...    63 A-T ...
 -117.4059  -82.2920  131.9197
    0.8537    0.2427    0.4608
   -0.5149    0.5256    0.6772
   -0.0778   -0.8154    0.5737
...    64 C-G ...
 -117.0724  -85.1952  133.5018
    0.4391    0.5114    0.7387
   -0.8980    0.2743    0.3440
   -0.0267   -0.8144    0.5797
...    65 G-C ...
 -117.4520  -87.6357  135.8636
   -0.1817    0.6120    0.7697
   -0.9817   -0.1584   -0.1058
    0.0572   -0.7748    0.6296
...    66 G-C ...
 -117.1149  -90.0323  138.2676
   -0.7217    0.4208    0.5496
   -0.6887   -0.5160   -0.5093
    0.0693   -0.7461    0.6622
...    67 A-T ...
 -116.7792  -92.4664  140.5289
   -0.9918   -0.0234    0.1258
   -0.0795   -0.6573   -0.7495
    0.1002   -0.7533    0.6500
...    68 G-C ...
 -116.4512  -94.8192  142.9146
   -0.8616   -0.3798   -0.3367
    0.4977   -0.5021   -0.7072
    0.0996   -0.7769    0.6217
...    69 G-C ...
 -116.0622  -97.2831  145.2491
   -0.4245   -0.5402   -0.7266
    0.8993   -0.1581   -0.4078
    0.1054   -0.8266    0.5529
...    70 T-A ...
 -116.2993  -99.9828  147.1847
    0.1249   -0.4969   -0.8588
    0.9827    0.1816    0.0379
    0.1371   -0.8486    0.5110
...    71 A-T ...
 -115.8075 -102.8929  148.7824
    0.6464   -0.1587   -0.7463
    0.7275    0.4231    0.5401
    0.2301   -0.8921    0.3890
...    72 T-A ...
 -115.3563 -106.0292  149.5217
    0.9117    0.1275   -0.3905
    0.3025    0.4348    0.8482
    0.2780   -0.8914    0.3578
...    73 C-G ...
 -114.2165 -108.8996  150.5755
    0.8888    0.4298    0.1592
   -0.2789    0.2314    0.9320
    0.3637   -0.8728    0.3256
...    74 T-A ...
 -112.6251 -111.6843  151.4179
    0.5607    0.5502    0.6188
   -0.6857   -0.1104    0.7195
    0.4641   -0.8277    0.3154
...    75 C-G ...
 -110.8690 -114.2101  152.6236
    0.0241    0.3696    0.9289
   -0.8570   -0.4707    0.2096
    0.5147   -0.8011    0.3054
...    76 G-C ...
 -109.5530 -117.0530  153.9794
   -0.5048    0.0180    0.8630
   -0.6541   -0.6604   -0.3688
    0.5633   -0.7507    0.3452
...    77 A-T ...
 -107.5765 -119.4663  155.1846
   -0.7785   -0.4381    0.4494
   -0.1895   -0.5186   -0.8338
    0.5983   -0.7343    0.3207
...    78 G-C ...
 -105.5061 -121.7827  156.4904
   -0.7472   -0.6553   -0.1104
    0.2721   -0.1502   -0.9505
    0.6063   -0.7403    0.2905
...    79 C-G ...
 -103.4829 -124.1319  157.8315
   -0.4713   -0.6015   -0.6451
    0.6261    0.2870   -0.7250
    0.6212   -0.7456    0.2413
...    80 T-A ...
 -101.5781 -126.7286  158.7253
   -0.0928   -0.2856   -0.9538
    0.7623    0.5960   -0.2526
    0.6406   -0.7505    0.1624
...    81 C-G ...
  -99.4834 -129.1924  159.3306
    0.3261    0.1908   -0.9259
    0.6544    0.6613    0.3667
    0.6822   -0.7255    0.0908
...    82 G-C ...
  -96.9161 -131.3832  159.6465
    0.4880    0.6612   -0.5698
    0.3862    0.4219    0.8203
    0.7827   -0.6204   -0.0494
...    83 G-C ...
  -94.1684 -133.2216  158.9979
    0.5060    0.8624   -0.0170
    0.1088   -0.0443    0.9931
    0.8557   -0.5043   -0.1162
...    84 G-C ...
  -91.0274 -134.3255  158.3360
    0.3854    0.7421    0.5484
   -0.1098   -0.5532    0.8258
    0.9162   -0.3785   -0.1317
...    85 A-T ...
  -87.8631 -135.2735  158.0205
    0.2227    0.2551    0.9409
   -0.2643   -0.9132    0.3101
    0.9384   -0.3178   -0.1359
...    86 T-A ...
  -84.5884 -135.6085  157.5326
    0.0823   -0.2803    0.9564
   -0.3290   -0.9135   -0.2395
    0.9407   -0.2949   -0.1674
...    87 C-G ...
  -81.4067 -136.5067  157.1209
   -0.1028   -0.8017    0.5888
   -0.2974   -0.5401   -0.7873
    0.9492   -0.2560   -0.1829
...    88 C-G ...
  -78.1158 -137.2912  156.6996
   -0.2711   -0.9623    0.0209
   -0.1853    0.0309   -0.9822
    0.9445   -0.2702   -0.1867
...    89 G-C ...
  -74.9430 -137.7588  155.5566
   -0.3809   -0.7358   -0.5600
   -0.0342    0.6164   -0.7867
    0.9240   -0.2805   -0.2599
...    90 C-G ...
  -71.8152 -138.8493  155.0457
   -0.3779   -0.2462   -0.8925
    0.1497    0.9351   -0.3213
    0.9137   -0.2550   -0.3165
...    91 T-A ...
  -68.8767 -139.9078  153.9188
   -0.3220    0.3216   -0.8904
    0.3165    0.9230    0.2189
    0.8923   -0.2113   -0.3990
...    92 T-A ...
  -66.0730 -140.6546  152.5094
   -0.1481    0.8023   -0.5782
    0.4439    0.5764    0.6861
    0.8838   -0.1550   -0.4415
...    93 T-A ...
  -63.3117 -141.0803  150.9032
    0.0633    0.9965   -0.0552
    0.4697    0.0191    0.8826
    0.8806   -0.0818   -0.4668
...    94 A-T ...
  -60.3912 -140.9223  149.2662
    0.1923    0.8274    0.5277
    0.4159   -0.5558    0.7198
    0.8889    0.0810   -0.4509
...    95 A-T ...
  -57.5807 -140.3654  147.7401
    0.3918    0.3487    0.8514
    0.2581   -0.9299    0.2621
    0.8831    0.1170   -0.4543
...    96 C-G ...
  -54.7432 -139.2574  146.3236
    0.4661   -0.2136    0.8586
    0.0366   -0.9649   -0.2599
    0.8840    0.1525   -0.4420
...    97 A-T ...
  -51.7895 -139.0236  144.7782
    0.3713   -0.7605    0.5328
   -0.2228   -0.6300   -0.7439
    0.9014    0.1575   -0.4034
...    98 C-G ...
  -48.6031 -138.1942  143.9865
    0.2028   -0.9789    0.0245
   -0.3925   -0.1042   -0.9138
    0.8971    0.1757   -0.4054
...    99 T-A ...
  -45.4826 -137.6473  142.8796
   -0.0674   -0.8713   -0.4861
   -0.4497    0.4614   -0.7648
    0.8906    0.1671   -0.4229
...   100 T-A ...
  -42.4705 -137.1662  141.7228
   -0.3010   -0.4186   -0.8568
   -0.3507    0.8841   -0.3088
    0.8868    0.2076   -0.4129
...   101 T-A ...
  -39.5317 -136.6524  140.4374
   -0.4620    0.1793   -0.8686
   -0.1260    0.9561    0.2644
    0.8779    0.2316   -0.4191
...   102 A-T ...
  -36.6459 -135.6406  139.0426
   -0.5319    0.6965   -0.4817
    0.1917    0.6531    0.7326
    0.8248    0.2973   -0.4808
...   103 T-A ...
  -34.2520 -134.9116  136.9348
   -0.3870    0.9218   -0.0217
    0.4433    0.2067    0.8722
    0.8085    0.3279   -0.4886
...   104 G-C ...
  -31.5794 -133.4501  135.4874
   -0.1572    0.8213    0.5483
    0.6311   -0.3435    0.6955
    0.7596    0.4554   -0.4643
...   105 C-G ...
  -29.4112 -131.4799  133.8812
    0.1882    0.4651    0.8650
    0.6435   -0.7238    0.2491
    0.7420    0.5098   -0.4355
...   106 T-A ...
  -27.1115 -129.4174  132.5954
    0.4809   -0.0373    0.8760
    0.4692   -0.8330   -0.2931
    0.7407    0.5520   -0.3831
...   107 T-A ...
  -24.8331 -127.3617  131.4735
    0.6970   -0.5048    0.5093
    0.0892   -0.6437   -0.7601
    0.7115    0.5752   -0.4036
...   108 C-G ...
  -22.4438 -125.4099  130.2450
    0.6078   -0.7908   -0.0722
   -0.3582   -0.1918   -0.9137
    0.7087    0.5812   -0.3999
...   109 C-G ...
  -19.9161 -123.4452  129.0983
    0.2549   -0.7867   -0.5622
   -0.6390    0.2994   -0.7085
    0.7257    0.5399   -0.4264
...   110 G-C ...
  -17.8462 -121.3174  127.4390
   -0.2328   -0.5049   -0.8312
   -0.6740    0.6999   -0.2363
    0.7011    0.5052   -0.5032
...   111 G-C ...
  -15.3603 -119.7399  125.7754
   -0.6314   -0.0638   -0.7729
   -0.4281    0.8597    0.2788
    0.6466    0.5069   -0.5701
...   112 C-G ...
  -13.1508 -118.4137  123.6712
   -0.7986    0.3977   -0.4516
   -0.0020    0.7487    0.6629
    0.6018    0.5303   -0.5972
...   113 T-A ...
  -11.3749 -116.7289  121.4221
   -0.7170    0.6965    0.0302
    0.4467    0.4257    0.7869
    0.5352    0.5777   -0.6163
...   114 C-G ...
   -9.7701 -114.7265  119.3693
   -0.3309    0.7846    0.5242
    0.7993   -0.0622    0.5977
    0.5015    0.6168   -0.6066
...   115 G-C ...
   -7.8693 -112.4821  117.6833
    0.1342    0.5333    0.8352
    0.8745   -0.4601    0.1533
    0.4660    0.7098   -0.5282
...   116 T-A ...
   -6.8424 -109.7293  116.0990
    0.5751    0.1817    0.7977
    0.6696   -0.6647   -0.3313
    0.4700    0.7246   -0.5039
...   117 A-T ...
   -5.1008 -107.5232  114.1898
    0.8783   -0.2840    0.3846
    0.1386   -0.6185   -0.7734
    0.4576    0.7326   -0.5039
...   118 T-A ...
   -3.5819 -104.7683  113.1394
    0.8276   -0.5548   -0.0856
   -0.3432   -0.3794   -0.8592
    0.4442    0.7404   -0.5044
...   119 A-T ...
   -2.4700 -102.2838  111.0754
    0.4071   -0.6477   -0.6440
   -0.8096    0.0705   -0.5827
    0.4228    0.7586   -0.4957
...   120 A-T ...
   -0.8869  -99.8584  109.5829
   -0.1445   -0.4673   -0.8722
   -0.8981    0.4320   -0.0827
    0.4154    0.7713   -0.4821
...   121 T-A ...
    1.0140  -97.7190  107.9348
   -0.5908   -0.1717   -0.7883
   -0.6926    0.6090    0.3865
    0.4138    0.7744   -0.4787
...   122 G-C ...
    2.0958  -94.9315  106.4026
   -0.9200    0.1549   -0.3600
   -0.1971    0.6112    0.7665
    0.3388    0.7762   -0.5318
...   123 T-A ...
    3.0721  -92.7038  104.1323
   -0.8904    0.4368    0.1281
    0.3333    0.4338    0.8371
    0.3101    0.7880   -0.5318
...   124 G-C ...
    4.0572  -89.8624  102.6330
   -0.5449    0.5364    0.6445
    0.8044    0.1174    0.5824
    0.2367    0.8358   -0.4954
...   125 T-A ...
    4.2063  -87.0486  100.8451
   -0.0290    0.4914    0.8704
    0.9727   -0.1867    0.1378
    0.2303    0.8507   -0.4726
...   126 C-G ...
    4.8791  -84.1680   99.3744
    0.5606    0.2555    0.7877
    0.7936   -0.4375   -0.4229
    0.2365    0.8622   -0.4480
...   127 G-C ...
    6.0005  -81.4174   97.7422
    0.8885   -0.1329    0.4392
    0.3301   -0.4796   -0.8130
    0.3187    0.8674   -0.3822
...   128 A-T ...
    7.0453  -78.5118   96.5747
    0.8969   -0.4224   -0.1308
   -0.2731   -0.2965   -0.9151
    0.3477    0.8565   -0.3813
...   129 C-G ...
    8.5087  -75.6026   95.8745
    0.5963   -0.5409   -0.5931
   -0.7107   -0.0122   -0.7034
    0.3732    0.8410   -0.3917
...   130 C-G ...
   10.0527  -72.8693   94.6058
    0.0611   -0.5228   -0.8502
   -0.9126    0.3158   -0.2598
    0.4043    0.7918   -0.4578
...   131 A-T ...
   11.1358  -70.1320   92.9851
   -0.5267   -0.3038   -0.7939
   -0.7582    0.5901    0.2772
    0.3843    0.7480   -0.5412
...   132 A-T ...
   12.5011  -67.8641   91.0936
   -0.8694    0.1086   -0.4820
   -0.3001    0.6589    0.6898
    0.3925    0.7444   -0.5402
...   133 A-T ...
   13.7629  -65.5922   89.1295
   -0.8709    0.4914    0.0097
    0.2732    0.4677    0.8406
    0.4086    0.7347   -0.5415
...   134 T-A ...
   14.7385  -63.4258   86.8199
   -0.5923    0.6747    0.4404
    0.6886    0.1401    0.7115
    0.4183    0.7247   -0.5475
...   135 G-C ...
   15.7318  -61.4928   83.9330
    0.0341    0.7400    0.6717
    0.8636   -0.3601    0.3528
    0.5030    0.5681   -0.6514
...   136 T-A ...
   15.7849  -59.5603   80.7992
    0.5517    0.4998    0.6677
    0.6739   -0.7388   -0.0038
    0.4915    0.4520   -0.7444
...   137 G-C ...
   16.8386  -57.7218   78.2676
    0.8528   -0.0848    0.5153
    0.1507   -0.9048   -0.3983
    0.5000    0.4173   -0.7588
...   138 A-T ...
   18.4283  -55.5286   76.5299
    0.8547   -0.5006    0.1371
   -0.3188   -0.7148   -0.6224
    0.4096    0.4883   -0.7706
...   139 G-C ...
   20.4260  -54.3092   74.5420
    0.5847   -0.7389   -0.3347
   -0.7593   -0.3533   -0.5465
    0.2856    0.5737   -0.7676
...   140 C-G ...
   21.4271  -51.8265   72.7876
    0.1304   -0.7144   -0.6875
   -0.8897    0.2216   -0.3991
    0.4375    0.6637   -0.6067
...   141 G-C ...
   22.1522  -50.1494   67.4640
   -0.4682   -0.8748    0.1248
   -0.8494    0.4066   -0.3364
    0.2435   -0.2635   -0.9334
...   142 C-G ...
   22.3490  -51.2413   64.4933
   -0.8528   -0.5119   -0.1032
   -0.4975    0.8565   -0.1374
    0.1587   -0.0659   -0.9851
...   143 T-A ...
   24.0167  -51.6378   61.9248
   -0.9562    0.0401   -0.2898
    0.0524    0.9980   -0.0348
    0.2878   -0.0485   -0.9564
...   144 C-G ...
   24.8959  -52.7395   58.9873
   -0.7529    0.5560   -0.3520
    0.5214    0.8304    0.1965
    0.4016   -0.0356   -0.9151
...   145 A-T ...
   25.5277  -52.9802   55.8053
   -0.2442    0.9563   -0.1610
    0.8906    0.2869    0.3528
    0.3836   -0.0573   -0.9217
...   146 C-G ...
   25.2779  -52.5122   52.0796
    0.3204    0.9427   -0.0929
    0.8825   -0.2614    0.3909
    0.3443   -0.2072   -0.9157
...   147 A-T ...
   25.6240  -52.5939   48.6396
    0.8597    0.5097    0.0339
    0.4496   -0.7865    0.4233
    0.2424   -0.3487   -0.9053
