  147 base-pairs
...     1 T-A ...
    0.0000    0.0000    0.0000
    1.0000    0.0000    0.0000
    0.0000    1.0000    0.0000
    0.0000    0.0000    1.0000
...     2 G-C ...
   -0.5555   -1.1003    3.3981
    0.7749    0.6051    0.1828
   -0.5991    0.7953   -0.0929
   -0.2016   -0.0375    0.9787
...     3 T-A ...
   -0.6619   -3.0237    6.5348
    0.3046    0.9250    0.2271
   -0.8994    0.3578   -0.2510
   -0.3134   -0.1278    0.9410
...     4 G-C ...
   -1.1607   -3.8418    9.6940
   -0.3351    0.9421    0.0133
   -0.8752   -0.3061   -0.3746
   -0.3489   -0.1372    0.9271
...     5 A-T ...
   -1.3881   -3.6770   12.8999
   -0.7835    0.6162   -0.0801
   -0.5677   -0.7622   -0.3109
   -0.2527   -0.1981    0.9470
...     6 G-C ...
   -2.6236   -3.5448   15.7072
   -0.9923    0.0611   -0.1075
   -0.0294   -0.9610   -0.2748
   -0.1201   -0.2695    0.9555
...     7 C-G ...
   -2.3138   -3.7570   18.8866
   -0.8620   -0.4995   -0.0864
    0.5008   -0.8655    0.0073
   -0.0785   -0.0370    0.9962
...     8 G-C ...
   -3.9561   -6.8109   23.3205
   -0.2581   -0.3560   -0.8981
    0.6294   -0.7673    0.1233
   -0.7330   -0.5335    0.4221
...     9 C-G ...
   -6.1177   -8.9414   24.2385
    0.1143   -0.7320   -0.6716
    0.8123   -0.3203    0.4874
   -0.5720   -0.6013    0.5580
...    10 T-A ...
   -8.5041   -9.6771   26.0540
    0.4660   -0.8587   -0.2131
    0.6274    0.1508    0.7640
   -0.6239   -0.4897    0.6090
...    11 C-G ...
  -11.0625  -11.3174   27.2336
    0.6660   -0.6911    0.2808
    0.3382    0.6152    0.7121
   -0.6649   -0.3794    0.6435
...    12 A-T ...
  -13.0013  -13.1789   29.0658
    0.7188   -0.1490    0.6790
   -0.1787    0.9043    0.3876
   -0.6718   -0.4000    0.6235
...    13 C-G ...
  -14.1788  -15.9359   31.3399
    0.4052    0.2865    0.8682
   -0.5270    0.8492   -0.0343
   -0.7470   -0.4437    0.4951
...    14 A-T ...
  -15.9532  -18.1566   33.3080
   -0.1503    0.6873    0.7107
   -0.6106    0.5008   -0.6135
   -0.7776   -0.5261    0.3444
...    15 A-T ...
  -18.4875  -19.7831   34.5386
   -0.4514    0.8712    0.1931
   -0.4182   -0.0153   -0.9082
   -0.7883   -0.4907    0.3712
...    16 T-A ...
  -20.8686  -21.2300   36.4722
   -0.6342    0.7005   -0.3273
   -0.0971   -0.4921   -0.8651
   -0.7671   -0.5168    0.3801
...    17 T-A ...
  -23.3678  -22.6606   38.0492
   -0.6005    0.2461   -0.7608
    0.3011   -0.8119   -0.5002
   -0.7408   -0.5295    0.4134
...    18 T-A ...
  -25.9048  -24.1376   39.5180
   -0.3314   -0.2937   -0.8966
    0.5986   -0.8000    0.0408
   -0.7293   -0.5232    0.4409
...    19 A-T ...
  -28.2122  -26.0942   41.2514
    0.1214   -0.7971   -0.5915
    0.6787   -0.3681    0.6355
   -0.7243   -0.4786    0.4963
...    20 T-A ...
  -31.0474  -27.4335   42.4300
    0.4366   -0.8905   -0.1282
    0.5215    0.1344    0.8426
   -0.7331   -0.4347    0.5230
...    21 T-A ...
  -33.5654  -28.8897   43.9007
    0.6375   -0.6457    0.4204
    0.1597    0.6445    0.7477
   -0.7537   -0.4095    0.5140
...    22 C-G ...
  -36.0654  -30.2054   45.6127
    0.6284   -0.1159    0.7692
   -0.2593    0.9011    0.3476
   -0.7334   -0.4179    0.5362
...    23 G-C ...
  -38.7526  -30.9981   47.5673
    0.4927    0.4738    0.7299
   -0.5776    0.8054   -0.1330
   -0.6509   -0.3560    0.6705
...    24 C-G ...
  -40.6212  -32.4375   49.8520
    0.1548    0.8478    0.5072
   -0.7473    0.4363   -0.5012
   -0.6462   -0.3015    0.7011
...    25 A-T ...
  -43.1319  -33.2600   51.9024
   -0.2553    0.9655    0.0518
   -0.7090   -0.1505   -0.6889
   -0.6574   -0.2126    0.7230
...    26 A-T ...
  -45.2426  -33.7677   54.3678
   -0.6090    0.7013   -0.3706
   -0.4399   -0.6874   -0.5780
   -0.6601   -0.1890    0.7271
...    27 A-T ...
  -47.2571  -34.0908   56.9186
   -0.7605    0.1616   -0.6289
    0.0030   -0.9676   -0.2523
   -0.6493   -0.1937    0.7354
...    28 G-C ...
  -49.6168  -34.2572   59.3586
   -0.6045   -0.3848   -0.6975
    0.4022   -0.9032    0.1497
   -0.6876   -0.1900    0.7008
...    29 G-C ...
  -52.2211  -34.7298   61.5882
   -0.2156   -0.8336   -0.5086
    0.6696   -0.5053    0.5444
   -0.7108   -0.2232    0.6671
...    30 C-G ...
  -54.8058  -35.4164   63.5152
    0.2319   -0.9635   -0.1338
    0.6646    0.0565    0.7451
   -0.7103   -0.2616    0.6534
...    31 C-G ...
  -57.4049  -36.1858   65.5412
    0.6096   -0.7449    0.2714
    0.4139    0.5910    0.6924
   -0.6761   -0.3098    0.6685
...    32 G-C ...
  -59.3713  -36.8759   67.8719
    0.8001   -0.2841    0.5283
    0.0173    0.8913    0.4532
   -0.5996   -0.3534    0.7180
...    33 G-C ...
  -61.0983  -38.2472   70.4037
    0.7093    0.2959    0.6398
   -0.4490    0.8893    0.0864
   -0.5434   -0.3486    0.7637
...    34 C-G ...
  -62.6075  -39.6328   72.9769
    0.3597    0.7651    0.5340
   -0.7770    0.5625   -0.2825
   -0.5165   -0.3133    0.7969
...    35 C-G ...
  -64.0005  -40.4449   75.9916
   -0.1102    0.9681    0.2250
   -0.8589    0.0212   -0.5117
   -0.5002   -0.2496    0.8292
...    36 C-G ...
  -65.5313  -40.9971   78.9571
   -0.5575    0.8161   -0.1521
   -0.6662   -0.5491   -0.5047
   -0.4954   -0.1800    0.8498
...    37 G-C ...
  -67.5550  -42.3453   81.3888
   -0.8031    0.3663   -0.4699
   -0.2311   -0.9184   -0.3210
   -0.5492   -0.1492    0.8223
...    38 A-T ...
  -69.2495  -42.7770   84.0562
   -0.7814   -0.2533   -0.5704
    0.2986   -0.9543    0.0148
   -0.5480   -0.1587    0.8213
...    39 C-G ...
  -71.3673  -42.9271   86.4862
   -0.4821   -0.7144   -0.5071
    0.6592   -0.6771    0.3271
   -0.5771   -0.1766    0.7974
...    40 A-T ...
  -73.3828  -43.6345   89.1052
    0.0474   -0.9633   -0.2643
    0.8107   -0.1175    0.5736
   -0.5836   -0.2414    0.7753
...    41 C-G ...
  -75.6190  -44.7241   91.3019
    0.4924   -0.8692    0.0448
    0.6569    0.4049    0.6361
   -0.5710   -0.2838    0.7703
...    42 G-C ...
  -77.1985  -45.3960   94.1751
    0.8251   -0.4311    0.3651
    0.2158    0.8378    0.5015
   -0.5221   -0.3350    0.7843
...    43 A-T ...
  -78.9327  -46.4790   96.6159
    0.7936    0.1545    0.5885
   -0.3123    0.9335    0.1761
   -0.5222   -0.3235    0.7891
...    44 C-G ...
  -80.3030  -48.0947   99.1548
    0.5228    0.6497    0.5519
   -0.7034    0.6945   -0.1513
   -0.4816   -0.3091    0.8201
...    45 T-A ...
  -81.4172  -49.4020  102.3320
    0.0354    0.9455    0.3238
   -0.8822    0.1818   -0.4344
   -0.4696   -0.2702    0.8405
...    46 T-A ...
  -82.7099  -50.2848  105.1513
   -0.4512    0.8915    0.0407
   -0.7547   -0.3568   -0.5506
   -0.4763   -0.2792    0.8338
...    47 A-T ...
  -84.5283  -51.3717  107.7925
   -0.8292    0.4527   -0.3278
   -0.2880   -0.8487   -0.4436
   -0.4790   -0.2734    0.8341
...    48 C-G ...
  -86.1077  -51.6008  110.7406
   -0.8436   -0.0737   -0.5318
    0.2026   -0.9610   -0.1882
   -0.4972   -0.2665    0.8257
...    49 T-A ...
  -88.0648  -52.1479  113.4587
   -0.5562   -0.5643   -0.6102
    0.6184   -0.7715    0.1498
   -0.5553   -0.2940    0.7780
...    50 G-C ...
  -89.9951  -53.3465  115.9689
   -0.0266   -0.8630   -0.5045
    0.8166   -0.3098    0.4870
   -0.5766   -0.3990    0.7130
...    51 T-A ...
  -92.2406  -54.6325  117.8803
    0.4268   -0.8782   -0.2159
    0.7074    0.1754    0.6848
   -0.5635   -0.4450    0.6960
...    52 A-T ...
  -93.9255  -56.2219  120.3081
    0.8152   -0.5525    0.1740
    0.2902    0.6496    0.7027
   -0.5012   -0.5223    0.6899
...    53 G-C ...
  -95.6421  -58.0294  122.4027
    0.8918   -0.0770    0.4458
   -0.1930    0.8265    0.5288
   -0.4092   -0.5576    0.7222
...    54 G-C ...
  -96.5779  -60.5631  124.7842
    0.6526    0.4520    0.6081
   -0.6822    0.6998    0.2120
   -0.3297   -0.5532    0.7650
...    55 T-A ...
  -97.1455  -62.5441  127.3433
    0.1937    0.7562    0.6251
   -0.9304    0.3437   -0.1274
   -0.3112   -0.5569    0.7701
...    56 A-T ...
  -97.8228  -64.3788  130.1317
   -0.4017    0.8232    0.4012
   -0.8655   -0.1981   -0.4601
   -0.2993   -0.5320    0.7921
...    57 T-A ...
  -98.2012  -65.8478  133.0707
   -0.8103    0.5740    0.1184
   -0.5155   -0.6018   -0.6100
   -0.2789   -0.5553    0.7835
...    58 C-G ...
  -99.1607  -67.4944  135.8820
   -0.9541    0.0611   -0.2931
    0.1195   -0.8199   -0.5599
   -0.2745   -0.5692    0.7750
...    59 T-A ...
 -100.3706  -69.1802  138.5417
   -0.7192   -0.3661   -0.5906
    0.6200   -0.7217   -0.3076
   -0.3136   -0.5874    0.7460
...    60 C-G ...
 -101.4234  -71.1240  141.1176
   -0.1935   -0.7030   -0.6844
    0.9310   -0.3517    0.0981
   -0.3097   -0.6182    0.7225
...    61 G-C ...
 -101.9064  -73.4231  143.5145
    0.3824   -0.6399   -0.6666
    0.8883    0.0559    0.4559
   -0.2545   -0.7664    0.5898
...    62 A-T ...
 -102.6438  -75.8425  145.6278
    0.8442   -0.4252   -0.3263
    0.5064    0.4332    0.7455
   -0.1757   -0.7947    0.5811
...    63 G-C ...
 -103.1083  -78.6795  147.3073
    0.9955   -0.0626    0.0713
   -0.0231    0.5687    0.8222
   -0.0920   -0.8202    0.5647
...    64 C-G ...
 -103.0926  -81.7277  148.8489
    0.7978    0.3152    0.5140
   -0.6017    0.4702    0.6456
   -0.0382   -0.8244    0.5648
...    65 T-A ...
 -103.0059  -84.4819  150.6695
    0.3383    0.5394    0.7711
   -0.9408    0.1775    0.2886
    0.0188   -0.8232    0.5675
...    66 C-G ...
 -103.1984  -86.9715  152.8030
   -0.3063    0.5283    0.7919
   -0.9480   -0.2453   -0.2030
    0.0870   -0.8128    0.5759
...    67 G-C ...
 -104.0039  -90.0846  154.4402
   -0.8133    0.2823    0.5087
   -0.5726   -0.5435   -0.6138
    0.1031   -0.7905    0.6037
...    68 G-C ...
 -103.5233  -92.6906  156.5928
   -0.9979   -0.0562    0.0324
    0.0059   -0.5769   -0.8168
    0.0646   -0.8149    0.5760
...    69 G-C ...
 -103.3260  -95.3087  158.6809
   -0.8283   -0.2925   -0.4779
    0.5602   -0.4490   -0.6961
   -0.0109   -0.8443    0.5358
...    70 A-T ...
 -103.4986  -98.0195  160.6627
   -0.3182   -0.4832   -0.8157
    0.9480   -0.1619   -0.2739
    0.0003   -0.8604    0.5096
...    71 T-A ...
 -104.1129 -100.8029  162.3156
    0.2254   -0.4588   -0.8595
    0.9742    0.1169    0.1931
    0.0119   -0.8808    0.4733
...    72 C-G ...
 -104.2052 -103.8060  163.6948
    0.7545   -0.2441   -0.6092
    0.6542    0.3530    0.6689
    0.0517   -0.9032    0.4261
...    73 C-G ...
 -104.1511 -106.7901  165.0584
    0.9661    0.1201   -0.2285
    0.1607    0.4130    0.8964
    0.2021   -0.9028    0.3797
...    74 G-C ...
 -103.1981 -109.5851  166.6680
    0.8492    0.4639    0.2524
   -0.3810    0.2070    0.9011
    0.3657   -0.8614    0.3525
...    75 C-G ...
 -101.3530 -112.3958  167.5716
    0.4657    0.5043    0.7272
   -0.7845   -0.1450    0.6029
    0.4095   -0.8513    0.3281
...    76 T-A ...
  -99.2940 -114.9083  169.0014
   -0.0697    0.2977    0.9521
   -0.8666   -0.4908    0.0900
    0.4941   -0.8188    0.2922
...    77 T-A ...
  -97.3505 -117.3833  169.9589
   -0.5329   -0.1453    0.8336
   -0.6429   -0.5710   -0.5106
    0.5502   -0.8080    0.2108
...    78 T-A ...
  -95.2158 -119.7719  170.8311
   -0.7520   -0.5412    0.3763
   -0.2144   -0.3391   -0.9160
    0.6233   -0.7695    0.1390
...    79 A-T ...
  -92.8430 -122.1340  170.2550
   -0.6178   -0.7314   -0.2887
    0.2689    0.1485   -0.9517
    0.7389   -0.6656    0.1049
...    80 A-T ...
  -90.4722 -124.2725  170.7366
   -0.3284   -0.5106   -0.7947
    0.5430    0.5863   -0.6011
    0.7728   -0.6289    0.0847
...    81 C-G ...
  -88.2169 -126.7451  171.2640
    0.0028   -0.0793   -0.9968
    0.6118    0.7886   -0.0611
    0.7910   -0.6097    0.0507
...    82 A-T ...
  -85.5212 -128.7736  171.3247
    0.2585    0.4736   -0.8420
    0.5036    0.6777    0.5358
    0.8244   -0.5625   -0.0634
...    83 C-G ...
  -82.9764 -130.7304  170.4622
    0.4392    0.7933   -0.4216
    0.3115    0.3057    0.8997
    0.8426   -0.5265   -0.1128
...    84 T-A ...
  -80.0084 -132.4321  169.4775
    0.4438    0.8698    0.2156
    0.0319   -0.2558    0.9662
    0.8955   -0.4220   -0.1412
...    85 T-A ...
  -77.0312 -133.5834  168.7458
    0.4001    0.5303    0.7475
   -0.2154   -0.7384    0.6391
    0.8908   -0.4166   -0.1812
...    86 T-A ...
  -74.0216 -134.6719  168.0103
    0.2378   -0.0296    0.9709
   -0.4071   -0.9106    0.0719
    0.8819   -0.4123   -0.2285
...    87 A-T ...
  -71.1059 -136.3725  166.9187
   -0.0082   -0.7361    0.6768
   -0.4874   -0.5881   -0.6455
    0.8732   -0.3352   -0.3539
...    88 T-A ...
  -67.9451 -137.1501  166.3356
   -0.2375   -0.9348    0.2640
   -0.4278   -0.1434   -0.8924
    0.8721   -0.3248   -0.3658
...    89 G-C ...
  -65.0437 -138.3737  165.3237
   -0.5214   -0.7950   -0.3101
   -0.1717    0.4537   -0.8744
    0.8359   -0.4027   -0.3730
...    90 C-G ...
  -62.4253 -140.0106  164.2447
   -0.5722   -0.3891   -0.7219
    0.1087    0.8366   -0.5370
    0.8129   -0.3857   -0.4364
...    91 T-A ...
  -59.6480 -141.6392  163.0058
   -0.4672    0.1892   -0.8637
    0.4018    0.9156   -0.0169
    0.7875   -0.3549   -0.5038
...    92 T-A ...
  -57.2575 -142.8763  161.2957
   -0.2448    0.6935   -0.6776
    0.6070    0.6545    0.4507
    0.7560   -0.3010   -0.5812
...    93 C-G ...
  -54.9420 -143.7418  159.1465
    0.0442    0.9729   -0.2268
    0.6640    0.1410    0.7343
    0.7464   -0.1831   -0.6398
...    94 C-G ...
  -52.5856 -144.1868  156.9096
    0.2808    0.9167    0.2842
    0.5706   -0.3976    0.7186
    0.7717   -0.0396   -0.6347
...    95 G-C ...
  -49.8720 -143.9662  155.3533
    0.4461    0.5703    0.6897
    0.4189   -0.8141    0.4022
    0.7909    0.1095   -0.6021
...    96 G-C ...
  -46.9801 -143.0639  153.7888
    0.5737    0.0141    0.8189
    0.1659   -0.9811   -0.0993
    0.8021    0.1929   -0.5652
...    97 C-G ...
  -44.1121 -141.9341  152.3954
    0.5550   -0.5512    0.6231
   -0.1596   -0.8056   -0.5706
    0.8164    0.2172   -0.5350
...    98 T-A ...
  -41.3896 -141.1331  150.6796
    0.3992   -0.9001    0.1745
   -0.4286   -0.3515   -0.8324
    0.8105    0.2575   -0.5261
...    99 C-G ...
  -38.7737 -140.1132  148.7794
    0.0541   -0.9126   -0.4053
   -0.6101    0.2911   -0.7369
    0.7905    0.2871   -0.5410
...   100 G-C ...
  -36.5116 -138.7082  146.7631
   -0.3768   -0.5552   -0.7414
   -0.5574    0.7752   -0.2973
    0.7398    0.3013   -0.6016
...   101 T-A ...
  -33.9117 -138.4688  144.5846
   -0.6675   -0.0449   -0.7432
   -0.2699    0.9449    0.1853
    0.6940    0.3243   -0.6428
...   102 A-T ...
  -31.6166 -137.7357  142.1179
   -0.7812    0.4747   -0.4055
    0.1818    0.7943    0.5797
    0.5972    0.3792   -0.7068
...   103 T-A ...
  -30.0389 -136.9421  139.3873
   -0.5941    0.8040   -0.0266
    0.5586    0.4361    0.7055
    0.5788    0.4043   -0.7082
...   104 A-T ...
  -28.3739 -135.4636  136.8441
   -0.1842    0.8636    0.4693
    0.8247   -0.1239    0.5518
    0.5347    0.4887   -0.6894
...   105 T-A ...
  -27.2720 -133.6359  134.3722
    0.2575    0.6579    0.7077
    0.8144   -0.5419    0.2075
    0.5200    0.5229   -0.6754
...   106 C-G ...
  -25.6675 -131.6827  132.2402
    0.6978    0.1646    0.6971
    0.4966   -0.8125   -0.3053
    0.5162    0.5592   -0.6487
...   107 A-T ...
  -24.0769 -129.5680  130.1103
    0.8109   -0.3606    0.4609
    0.0746   -0.7174   -0.6926
    0.5804    0.5960   -0.5549
...   108 T-A ...
  -22.1113 -127.3121  128.7219
    0.7272   -0.6858    0.0301
   -0.3591   -0.4174   -0.8348
    0.5850    0.5962   -0.5498
...   109 G-C ...
  -20.1146 -125.1544  126.9682
    0.3315   -0.8004   -0.4995
   -0.7510    0.0966   -0.6532
    0.5710    0.5916   -0.5691
...   110 T-A ...
  -17.7503 -123.2464  125.4176
   -0.1416   -0.5884   -0.7961
   -0.8232    0.5167   -0.2354
    0.5498    0.6220   -0.5575
...   111 T-A ...
  -15.8349 -121.3330  123.6911
   -0.6039   -0.1744   -0.7778
   -0.5926    0.7508    0.2918
    0.5331    0.6371   -0.5567
...   112 A-T ...
  -14.2188 -118.8389  122.0187
   -0.8613    0.3194   -0.3952
   -0.0810    0.6814    0.7274
    0.5017    0.6585   -0.5610
...   113 T-A ...
  -12.7605 -117.1170  119.6529
   -0.7842    0.6184    0.0515
    0.3799    0.4128    0.8278
    0.4907    0.6687   -0.5587
...   114 A-T ...
  -11.0121 -114.7270  118.0094
   -0.4029    0.7063    0.5821
    0.7982   -0.0401    0.6010
    0.4478    0.7068   -0.5476
...   115 A-T ...
   -9.8227 -112.3297  116.2647
    0.1225    0.5356    0.8356
    0.8956   -0.4225    0.1395
    0.4277    0.7312   -0.5314
...   116 C-G ...
   -8.9676 -109.4213  114.6341
    0.6087    0.2040    0.7668
    0.6746   -0.6418   -0.3647
    0.4177    0.7392   -0.5283
...   117 G-C ...
   -7.3021 -107.1483  112.9267
    0.8839   -0.2537    0.3930
    0.1790   -0.5926   -0.7853
    0.4322    0.7645   -0.4784
...   118 G-C ...
   -5.6937 -104.5994  111.5495
    0.8011   -0.5950   -0.0649
   -0.3174   -0.3303   -0.8889
    0.5075    0.7327   -0.4534
...   119 A-T ...
   -3.9412 -102.0159  110.2278
    0.4338   -0.6709   -0.6014
   -0.7491    0.1023   -0.6545
    0.5006    0.7345   -0.4582
...   120 A-T ...
   -2.1733  -99.6223  108.8972
   -0.1002   -0.4551   -0.8848
   -0.8759    0.4622   -0.1385
    0.4720    0.7611   -0.4449
...   121 T-A ...
   -0.1177  -97.4773  107.3777
   -0.5539   -0.1354   -0.8215
   -0.6885    0.6293    0.3605
    0.4681    0.7653   -0.4417
...   122 G-C ...
    1.4438  -94.8139  105.7634
   -0.9002    0.2139   -0.3793
   -0.1921    0.5865    0.7868
    0.3908    0.7812   -0.4869
...   123 T-A ...
    2.5886  -92.4778  103.7523
   -0.8750    0.4730    0.1032
    0.3121    0.3882    0.8671
    0.3701    0.7909   -0.4873
...   124 G-C ...
    3.7157  -89.7303  102.1286
   -0.5328    0.5548    0.6390
    0.7904    0.0565    0.6099
    0.3023    0.8300   -0.4687
...   125 T-A ...
    4.2228  -87.0346  100.4427
   -0.0394    0.4624    0.8858
    0.9576   -0.2356    0.1655
    0.2852    0.8548   -0.4336
...   126 C-G ...
    5.0812  -84.2329   99.1847
    0.5457    0.2363    0.8040
    0.7946   -0.4506   -0.4069
    0.2661    0.8609   -0.4337
...   127 G-C ...
    6.4595  -81.6595   97.5139
    0.8672   -0.1514    0.4744
    0.3586   -0.4713   -0.8058
    0.3456    0.8689   -0.3544
...   128 A-T ...
    7.4529  -78.8393   96.3939
    0.9085   -0.4042   -0.1057
   -0.2406   -0.2992   -0.9233
    0.3416    0.8643   -0.3691
...   129 C-G ...
    8.8554  -75.8725   95.9110
    0.6175   -0.5357   -0.5760
   -0.6941   -0.0265   -0.7194
    0.3701    0.8440   -0.3882
...   130 C-G ...
   10.5664  -73.2033   94.6494
    0.0974   -0.5445   -0.8331
   -0.9056    0.2987   -0.3010
    0.4127    0.7838   -0.4640
...   131 A-T ...
   11.1447  -70.2131   93.0510
   -0.5043   -0.3092   -0.8063
   -0.7729    0.5781    0.2617
    0.3852    0.7551   -0.5305
...   132 A-T ...
   12.4228  -67.8331   91.1838
   -0.8670    0.0830   -0.4913
   -0.3224    0.6583    0.6802
    0.3799    0.7482   -0.5440
...   133 A-T ...
   13.7266  -65.6322   89.1195
   -0.8711    0.4911   -0.0077
    0.2583    0.4714    0.8433
    0.4177    0.7326   -0.5375
...   134 T-A ...
   14.7385  -63.4258   86.8199
   -0.5923    0.6747    0.4404
    0.6886    0.1401    0.7115
    0.4183    0.7247   -0.5475
...   135 G-C ...
   15.7317  -61.4927   83.9330
    0.0341    0.7400    0.6717
    0.8636   -0.3601    0.3528
    0.5030    0.5681   -0.6514
...   136 T-A ...
   15.7849  -59.5603   80.7992
    0.5517    0.4998    0.6677
    0.6739   -0.7388   -0.0038
    0.4915    0.4520   -0.7444
...   137 G-C ...
   16.8386  -57.7218   78.2675
    0.8528   -0.0848    0.5153
    0.1507   -0.9048   -0.3983
    0.5000    0.4173   -0.7588
...   138 A-T ...
   18.4283  -55.5286   76.5299
    0.8547   -0.5006    0.1371
   -0.3188   -0.7148   -0.6224
    0.4096    0.4883   -0.7706
...   139 G-C ...
   20.4260  -54.3092   74.5419
    0.5847   -0.7389   -0.3347
   -0.7593   -0.3533   -0.5465
    0.2856    0.5737   -0.7676
...   140 C-G ...
   21.4270  -51.8265   72.7875
    0.1304   -0.7144   -0.6875
   -0.8897    0.2216   -0.3991
    0.4375    0.6637   -0.6067
...   141 G-C ...
   22.1522  -50.1494   67.4640
   -0.4682   -0.8748    0.1248
   -0.8494    0.4066   -0.3364
    0.2435   -0.2635   -0.9334
...   142 C-G ...
   22.3489  -51.2413   64.4933
   -0.8528   -0.5119   -0.1032
   -0.4975    0.8565   -0.1374
    0.1587   -0.0659   -0.9851
...   143 T-A ...
   24.0167  -51.6378   61.9248
   -0.9562    0.0401   -0.2898
    0.0524    0.9980   -0.0348
    0.2878   -0.0485   -0.9564
...   144 C-G ...
   24.8959  -52.7395   58.9873
   -0.7529    0.5560   -0.3520
    0.5214    0.8304    0.1965
    0.4016   -0.0356   -0.9151
...   145 A-T ...
   25.5276  -52.9802   55.8053
   -0.2442    0.9563   -0.1610
    0.8906    0.2869    0.3528
    0.3836   -0.0573   -0.9217
...   146 C-G ...
   25.2779  -52.5122   52.0796
    0.3204    0.9427   -0.0929
    0.8825   -0.2614    0.3909
    0.3443   -0.2072   -0.9157
...   147 A-T ...
   25.6239  -52.5939   48.6395
    0.8597    0.5097    0.0339
    0.4496   -0.7865    0.4233
    0.2424   -0.3487   -0.9053
