  147 base-pairs
...     1 T-A ...
    0.0000    0.0000    0.0000
    1.0000    0.0000    0.0000
    0.0000    1.0000    0.0000
    0.0000    0.0000    1.0000
...     2 G-C ...
   -0.5555   -1.1003    3.3981
    0.7749    0.6051    0.1828
   -0.5991    0.7953   -0.0929
   -0.2016   -0.0375    0.9787
...     3 T-A ...
   -0.6619   -3.0237    6.5348
    0.3046    0.9250    0.2271
   -0.8994    0.3578   -0.2510
   -0.3134   -0.1278    0.9410
...     4 G-C ...
   -1.1607   -3.8418    9.6940
   -0.3351    0.9421    0.0133
   -0.8752   -0.3061   -0.3746
   -0.3489   -0.1372    0.9271
...     5 A-T ...
   -1.3881   -3.6770   12.8999
   -0.7835    0.6162   -0.0801
   -0.5677   -0.7622   -0.3109
   -0.2527   -0.1981    0.9470
...     6 G-C ...
   -2.6236   -3.5448   15.7072
   -0.9923    0.0611   -0.1075
   -0.0294   -0.9610   -0.2748
   -0.1201   -0.2695    0.9555
...     7 C-G ...
   -2.3138   -3.7570   18.8866
   -0.8620   -0.4995   -0.0864
    0.5008   -0.8655    0.0073
   -0.0785   -0.0370    0.9962
...     8 G-C ...
   -3.9561   -6.8109   23.3205
   -0.2581   -0.3560   -0.8981
    0.6294   -0.7673    0.1233
   -0.7330   -0.5335    0.4221
...     9 C-G ...
   -6.1177   -8.9414   24.2385
    0.1143   -0.7320   -0.6716
    0.8123   -0.3203    0.4874
   -0.5720   -0.6013    0.5580
...    10 T-A ...
   -8.5041   -9.6771   26.0540
    0.4660   -0.8587   -0.2131
    0.6274    0.1508    0.7640
   -0.6239   -0.4897    0.6090
...    11 C-G ...
  -11.0625  -11.3174   27.2336
    0.6660   -0.6911    0.2808
    0.3382    0.6152    0.7121
   -0.6649   -0.3794    0.6435
...    12 A-T ...
  -13.0013  -13.1789   29.0658
    0.7188   -0.1490    0.6790
   -0.1787    0.9043    0.3876
   -0.6718   -0.4000    0.6235
...    13 C-G ...
  -14.1788  -15.9359   31.3399
    0.4052    0.2865    0.8682
   -0.5270    0.8492   -0.0343
   -0.7470   -0.4437    0.4951
...    14 A-T ...
  -15.9532  -18.1566   33.3080
   -0.1503    0.6873    0.7107
   -0.6106    0.5008   -0.6135
   -0.7776   -0.5261    0.3444
...    15 A-T ...
  -18.4936  -19.7915   34.5143
   -0.4581    0.8690    0.1873
   -0.4078   -0.0182   -0.9129
   -0.7899   -0.4945    0.3627
...    16 T-A ...
  -20.8929  -21.2559   36.4128
   -0.6338    0.6947   -0.3401
   -0.0790   -0.4956   -0.8650
   -0.7694   -0.5214    0.3690
...    17 T-A ...
  -23.4130  -22.7107   37.9376
   -0.5850    0.2381   -0.7752
    0.3194   -0.8110   -0.4902
   -0.7454   -0.5344    0.3984
...    18 T-A ...
  -25.9702  -24.2371   39.3263
   -0.2976   -0.2997   -0.9064
    0.6045   -0.7941    0.0641
   -0.7390   -0.5288    0.4175
...    19 A-T ...
  -28.3242  -26.2244   40.9994
    0.1586   -0.8081   -0.5672
    0.6540   -0.3444    0.6735
   -0.7396   -0.4778    0.4739
...    20 T-A ...
  -31.1925  -27.5845   42.0762
    0.4566   -0.8860   -0.0805
    0.4749    0.1662    0.8642
   -0.7523   -0.4328    0.4966
...    21 T-A ...
  -33.7535  -29.0439   43.4601
    0.6166   -0.6177    0.4880
    0.0973    0.6749    0.7314
   -0.7812   -0.4036    0.4763
...    22 C-G ...
  -36.3510  -30.3351   45.0549
    0.5648   -0.0683    0.8224
   -0.3041    0.9092    0.2844
   -0.7671   -0.4107    0.4927
...    23 G-C ...
  -39.1866  -31.0958   46.7967
    0.4137    0.5161    0.7500
   -0.5784    0.7852   -0.2213
   -0.7031   -0.3423    0.6234
...    24 C-G ...
  -41.2386  -32.4892   48.9599
    0.0871    0.8731    0.4797
   -0.7049    0.3943   -0.5896
   -0.7040   -0.2868    0.6498
...    25 A-T ...
  -43.9699  -33.3454   50.7227
   -0.2961    0.9548   -0.0249
   -0.6230   -0.2128   -0.7527
   -0.7240   -0.2074    0.6579
...    26 A-T ...
  -46.3264  -33.8558   52.9553
   -0.5927    0.6505   -0.4750
   -0.3398   -0.7366   -0.5848
   -0.7303   -0.1852    0.6576
...    27 A-T ...
  -48.6154  -34.1725   55.2685
   -0.6854    0.0866   -0.7230
    0.0798   -0.9780   -0.1929
   -0.7237   -0.1899    0.6634
...    28 G-C ...
  -51.2517  -34.3448   57.4156
   -0.4898   -0.4575   -0.7421
    0.4266   -0.8681    0.2537
   -0.7603   -0.1923    0.6204
...    29 G-C ...
  -54.1087  -34.8649   59.3143
   -0.0972   -0.8740   -0.4761
    0.6180   -0.4280    0.6595
   -0.7802   -0.2301    0.5817
...    30 C-G ...
  -56.8870  -35.6546   60.9176
    0.3066   -0.9513   -0.0306
    0.5459    0.1494    0.8244
   -0.7797   -0.2695    0.5652
...    31 C-G ...
  -59.6743  -36.5200   62.6322
    0.6072   -0.6768    0.4162
    0.2607    0.6646    0.7002
   -0.7505   -0.3167    0.5800
...    32 G-C ...
  -61.9271  -37.1992   64.7214
    0.7171   -0.1779    0.6739
   -0.1246    0.9186    0.3750
   -0.6858   -0.3529    0.6365
...    33 G-C ...
  -63.9838  -38.5137   67.0419
    0.5567    0.4041    0.7258
   -0.5240    0.8488   -0.0707
   -0.6446   -0.3409    0.6843
...    34 C-G ...
  -65.8639  -39.8361   69.4062
    0.1847    0.8344    0.5192
   -0.7530    0.4597   -0.4708
   -0.6315   -0.3040    0.7133
...    35 C-G ...
  -67.7766  -40.5684   72.1475
   -0.2458    0.9632    0.1086
   -0.7351   -0.1122   -0.6686
   -0.6319   -0.2442    0.7356
...    36 C-G ...
  -69.8175  -41.1097   74.8164
   -0.5960    0.7267   -0.3415
   -0.4804   -0.6635   -0.5735
   -0.6434   -0.1778    0.7446
...    37 G-C ...
  -72.1470  -42.5955   76.9152
   -0.7176    0.2169   -0.6619
   -0.0430   -0.9623   -0.2687
   -0.6952   -0.1644    0.6998
...    38 A-T ...
  -74.3239  -43.0695   79.2070
   -0.5961   -0.4041   -0.6939
    0.4034   -0.8979    0.1763
   -0.6942   -0.1748    0.6982
...    39 C-G ...
  -76.8884  -43.3540   81.1350
   -0.2560   -0.8143   -0.5210
    0.6475   -0.5446    0.5330
   -0.7178   -0.2009    0.6667
...    40 A-T ...
  -79.3437  -44.1923   83.3313
    0.2399   -0.9614   -0.1349
    0.6582    0.0589    0.7505
   -0.7136   -0.2688    0.6469
...    41 C-G ...
  -81.8723  -45.4541   85.0856
    0.5847   -0.7679    0.2618
    0.4149    0.5603    0.7168
   -0.6971   -0.3105    0.6462
...    42 G-C ...
  -83.9928  -46.1650   87.5885
    0.7549   -0.2439    0.6087
   -0.0548    0.9016    0.4292
   -0.6535   -0.3573    0.6673
...    43 A-T ...
  -86.1170  -47.3460   89.6666
    0.5676    0.3490    0.7457
   -0.4942    0.8688   -0.0305
   -0.6585   -0.3512    0.6656
...    44 C-G ...
  -87.8678  -48.9577   91.9753
    0.2275    0.7820    0.5803
   -0.7382    0.5272   -0.4210
   -0.6351   -0.3326    0.6972
...    45 T-A ...
  -89.6112  -50.2366   94.8765
   -0.2313    0.9538    0.1920
   -0.7338   -0.0414   -0.6781
   -0.6388   -0.2977    0.7095
...    46 T-A ...
  -91.5279  -51.1628   97.2975
   -0.6114    0.7619   -0.2139
   -0.4612   -0.5627   -0.6860
   -0.6431   -0.3208    0.6954
...    47 A-T ...
  -93.8084  -52.5633   99.4175
   -0.7696    0.1894   -0.6098
    0.0681   -0.9252   -0.3734
   -0.6349   -0.3289    0.6991
...    48 C-G ...
  -96.0901  -52.9920  101.8284
   -0.5897   -0.3384   -0.7333
    0.4736   -0.8804    0.0253
   -0.6541   -0.3324    0.6794
...    49 T-A ...
  -98.6053  -53.8948  103.9321
   -0.1740   -0.7398   -0.6500
    0.7075   -0.5530    0.4401
   -0.6850   -0.3833    0.6196
...    50 G-C ...
 -100.8851  -55.4289  105.9351
    0.3628   -0.8637   -0.3498
    0.6573   -0.0289    0.7531
   -0.6605   -0.5031    0.5573
...    51 T-A ...
 -103.2223  -57.2045  107.2571
    0.6863   -0.7236    0.0739
    0.3559    0.4226    0.8335
   -0.6344   -0.5457    0.5475
...    52 A-T ...
 -105.1983  -58.9029  109.4405
    0.7922   -0.2625    0.5510
   -0.1811    0.7611    0.6229
   -0.5829   -0.5932    0.5554
...    53 G-C ...
 -107.0591  -60.9618  111.1602
    0.6150    0.2410    0.7508
   -0.6010    0.7596    0.2485
   -0.5104   -0.6040    0.6120
...    54 G-C ...
 -108.2163  -63.4479  113.4902
    0.1773    0.6800    0.7115
   -0.8686    0.4481   -0.2118
   -0.4628   -0.5804    0.6701
...    55 T-A ...
 -109.2831  -65.3658  115.9600
   -0.3249    0.8085    0.4907
   -0.8321    0.0023   -0.5547
   -0.4496   -0.5885    0.6720
...    56 A-T ...
 -110.6163  -67.2542  118.4577
   -0.7706    0.6365    0.0327
   -0.4504   -0.5075   -0.7346
   -0.4510   -0.5808    0.6777
...    57 T-A ...
 -111.8384  -68.6862  121.1755
   -0.9061    0.2367   -0.3507
    0.0502   -0.7629   -0.6445
   -0.4201   -0.6016    0.6794
...    58 C-G ...
 -113.4209  -70.5345  123.5590
   -0.6587   -0.3066   -0.6871
    0.6290   -0.7255   -0.2793
   -0.4128   -0.6162    0.6708
...    59 T-A ...
 -115.1265  -72.5259  125.6825
   -0.1739   -0.6172   -0.7674
    0.8865   -0.4374    0.1509
   -0.4288   -0.6541    0.6232
...    60 C-G ...
 -116.5796  -74.7204  127.8231
    0.4163   -0.7263   -0.5470
    0.8103    0.0235    0.5856
   -0.4124   -0.6870    0.5982
...    61 G-C ...
 -117.3835  -77.0869  130.1241
    0.8613   -0.4333   -0.2653
    0.4404    0.3766    0.8150
   -0.2532   -0.8188    0.5152
...    62 A-T ...
 -118.1738  -79.7575  131.9652
    0.9680   -0.0712    0.2405
   -0.1607    0.5604    0.8125
   -0.1926   -0.8252    0.5311
...    63 G-C ...
 -118.5541  -82.6151  133.6547
    0.7344    0.3014    0.6081
   -0.6682    0.4781    0.5700
   -0.1189   -0.8250    0.5525
...    64 C-G ...
 -118.4410  -85.5339  135.4800
    0.1911    0.5451    0.8163
   -0.9782    0.1744    0.1126
   -0.0810   -0.8201    0.5665
...    65 T-A ...
 -118.6070  -88.1959  137.4522
   -0.3956    0.5417    0.7417
   -0.9177   -0.2016   -0.3423
   -0.0359   -0.8161    0.5768
...    66 C-G ...
 -119.0247  -90.9172  139.3200
   -0.8880    0.2699    0.3723
   -0.4599   -0.5251   -0.7161
    0.0022   -0.8071    0.5904
...    67 G-C ...
 -119.0643  -93.8649  140.8476
   -0.9804   -0.1051   -0.1669
    0.1970   -0.5653   -0.8010
   -0.0101   -0.8182    0.5749
...    68 T-A ...
 -119.2283  -96.2065  143.2336
   -0.7269   -0.3733   -0.5764
    0.6867   -0.3943   -0.6107
    0.0007   -0.8397    0.5430
...    69 C-G ...
 -119.2580  -98.9473  144.9839
   -0.1853   -0.5019   -0.8448
    0.9827   -0.0923   -0.1607
    0.0027   -0.8600    0.5103
...    70 A-T ...
 -118.7861 -101.6731  147.0133
    0.4255   -0.3410   -0.8382
    0.9021    0.2336    0.3629
    0.0720   -0.9106    0.4070
...    71 T-A ...
 -118.8479 -104.7792  147.9986
    0.8189   -0.0984   -0.5654
    0.5586    0.3623    0.7461
    0.1314   -0.9268    0.3517
...    72 G-C ...
 -118.1220 -108.0496  149.0885
    0.9564    0.2868   -0.0555
   -0.0344    0.2992    0.9536
    0.2901   -0.9101    0.2960
...    73 T-A ...
 -116.8471 -111.1401  149.4636
    0.7748    0.4305    0.4629
   -0.5366    0.0607    0.8417
    0.3343   -0.9005    0.2781
...    74 T-A ...
 -115.5678 -113.9675  150.2322
    0.3242    0.3924    0.8607
   -0.8690   -0.2359    0.4349
    0.3737   -0.8890    0.2646
...    75 A-T ...
 -114.5929 -117.1840  151.1871
   -0.3376    0.0509    0.9399
   -0.8476   -0.4507   -0.2800
    0.4094   -0.8912    0.1953
...    76 T-A ...
 -112.7189 -119.7261  152.1497
   -0.7077   -0.2437    0.6631
   -0.5431   -0.4126   -0.7313
    0.4518   -0.8777    0.1597
...    77 A-T ...
 -110.9462 -122.8123  152.1971
   -0.7989   -0.5977   -0.0669
    0.1165   -0.0447   -0.9922
    0.5901   -0.8005    0.1053
...    78 A-T ...
 -108.9767 -125.3556  152.7048
   -0.5267   -0.5502   -0.6480
    0.5352    0.3776   -0.7556
    0.6604   -0.7448    0.0956
...    79 C-G ...
 -107.0587 -128.0786  153.5035
   -0.1329   -0.2370   -0.9624
    0.7116    0.6530   -0.2591
    0.6899   -0.7193    0.0819
...    80 G-C ...
 -104.5026 -130.1094  153.5942
    0.1631    0.2847   -0.9446
    0.6407    0.6976    0.3209
    0.7503   -0.6575   -0.0686
...    81 G-C ...
 -102.0374 -132.1808  152.9802
    0.3690    0.6987   -0.6130
    0.4886    0.4152    0.7674
    0.7906   -0.5827   -0.1882
...    82 A-T ...
  -99.3813 -133.9243  152.3588
    0.5191    0.8542   -0.0308
    0.2051   -0.0895    0.9746
    0.8297   -0.5122   -0.2217
...    83 G-C ...
  -96.6763 -135.3702  151.2836
    0.4667    0.7356    0.4909
   -0.0451   -0.5345    0.8439
    0.8832   -0.4161   -0.2163
...    84 G-C ...
  -93.3181 -136.0972  150.4201
    0.2979    0.3336    0.8944
   -0.2252   -0.8859    0.4054
    0.9277   -0.3222   -0.1888
...    85 A-T ...
  -90.1170 -136.8479  149.7658
    0.1151   -0.2839    0.9519
   -0.3298   -0.9148   -0.2330
    0.9370   -0.2871   -0.1989
...    86 T-A ...
  -86.8425 -137.2797  149.4408
   -0.0685   -0.7323    0.6776
   -0.3294   -0.6245   -0.7082
    0.9417   -0.2717   -0.1985
...    87 C-G ...
  -83.5531 -138.0766  149.0578
   -0.2117   -0.9747    0.0718
   -0.2311   -0.0215   -0.9727
    0.9496   -0.2225   -0.2207
...    88 C-G ...
  -80.3800 -138.7695  148.4381
   -0.3710   -0.8119   -0.4508
   -0.0874    0.5138   -0.8535
    0.9245   -0.2772   -0.2615
...    89 G-C ...
  -77.3664 -139.3073  147.1779
   -0.4307   -0.3389   -0.8365
    0.1248    0.8956   -0.4271
    0.8938   -0.2883   -0.3434
...    90 C-G ...
  -74.3130 -140.6837  146.2783
   -0.3139    0.2494   -0.9161
    0.3108    0.9387    0.1490
    0.8971   -0.2380   -0.3722
...    91 T-A ...
  -71.3830 -141.8534  144.8976
   -0.1534    0.7552   -0.6373
    0.4315    0.6314    0.6443
    0.8890   -0.1761   -0.4227
...    92 T-A ...
  -68.6839 -142.4265  143.2011
    0.0748    0.9875   -0.1384
    0.4458    0.0911    0.8905
    0.8920   -0.1283   -0.4334
...    93 T-A ...
  -65.8196 -142.6525  141.7409
    0.2329    0.8779    0.4184
    0.3552   -0.4773    0.8038
    0.9053   -0.0385   -0.4230
...    94 A-T ...
  -62.6073 -142.5986  140.6966
    0.2864    0.4276    0.8574
    0.2182   -0.9005    0.3762
    0.9329    0.0793   -0.3512
...    95 A-T ...
  -59.6418 -142.0454  139.6303
    0.3606   -0.1728    0.9166
    0.0470   -0.9781   -0.2029
    0.9315    0.1162   -0.3446
...    96 C-G ...
  -56.4874 -141.0651  138.8089
    0.3649   -0.6867    0.6287
   -0.1458   -0.7091   -0.6899
    0.9196    0.1601   -0.3588
...    97 A-T ...
  -53.3527 -140.6262  137.6603
    0.1881   -0.9793    0.0750
   -0.3441   -0.1372   -0.9289
    0.9199    0.1489   -0.3628
...    98 C-G ...
  -50.0013 -140.2227  137.1127
   -0.0219   -0.8974   -0.4406
   -0.4046    0.4110   -0.8169
    0.9142    0.1604   -0.3722
...    99 T-A ...
  -46.4975 -140.1277  136.2011
   -0.2714   -0.5008   -0.8219
   -0.3453    0.8478   -0.4025
    0.8984    0.1746   -0.4030
...   100 T-A ...
  -43.5071 -139.8911  134.9377
   -0.4130    0.0886   -0.9064
   -0.1429    0.9766    0.1606
    0.8995    0.1958   -0.3907
...   101 T-A ...
  -40.5981 -139.3531  133.5924
   -0.4659    0.6186   -0.6326
    0.1161    0.7515    0.6494
    0.8772    0.2291   -0.4219
...   102 A-T ...
  -37.7202 -138.2785  132.3208
   -0.4136    0.9052   -0.0974
    0.3776    0.2679    0.8864
    0.8285    0.3299   -0.4526
...   103 T-A ...
  -35.5185 -137.1570  130.2747
   -0.2439    0.8975    0.3673
    0.5494   -0.1843    0.8150
    0.7992    0.4006   -0.4482
...   104 G-C ...
  -33.0453 -135.5278  128.7314
    0.0556    0.5570    0.8287
    0.6222   -0.6684    0.4075
    0.7809    0.4929   -0.3837
...   105 C-G ...
  -30.6693 -133.4484  127.6810
    0.3653    0.0702    0.9282
    0.5055   -0.8523   -0.1345
    0.7817    0.5183   -0.3468
...   106 T-A ...
  -27.9708 -131.2718  127.0930
    0.6004   -0.4326    0.6726
    0.2557   -0.6931   -0.6740
    0.7577    0.5767   -0.3055
...   107 T-A ...
  -25.5354 -129.2842  126.3651
    0.6382   -0.7529    0.1605
   -0.1269   -0.3086   -0.9427
    0.7593    0.5813   -0.2926
...   108 C-G ...
  -22.8857 -127.3093  125.5991
    0.4374   -0.7723   -0.4607
   -0.5002    0.2168   -0.8383
    0.7473    0.5972   -0.2915
...   109 C-G ...
  -20.4252 -125.2690  124.7742
    0.0231   -0.5912   -0.8062
   -0.6632    0.5944   -0.4548
    0.7481    0.5452   -0.3783
...   110 G-C ...
  -18.3702 -123.2421  123.5907
   -0.4066   -0.2469   -0.8796
   -0.5835    0.8110    0.0421
    0.7030    0.5304   -0.4738
...   111 G-C ...
  -16.0817 -121.6275  121.7761
   -0.7243    0.2057   -0.6581
   -0.2509    0.8104    0.5295
    0.6423    0.5486   -0.5353
...   112 C-G ...
  -14.1131 -120.1366  119.5217
   -0.7764    0.5908   -0.2193
    0.1992    0.5603    0.8040
    0.5979    0.5805   -0.5528
...   113 T-A ...
  -12.3205 -118.2433  117.4641
   -0.5966    0.7512    0.2826
    0.5965    0.1795    0.7823
    0.5369    0.6353   -0.5551
...   114 C-G ...
  -10.6461 -115.9037  115.8780
   -0.1608    0.6867    0.7089
    0.8675   -0.2442    0.4334
    0.4707    0.6847   -0.5565
...   115 G-C ...
   -8.6788 -113.7075  114.3230
    0.3509    0.3628    0.8633
    0.8203   -0.5637   -0.0965
    0.4516    0.7420   -0.4954
...   116 T-A ...
   -7.5177 -110.7691  113.2041
    0.7234   -0.0269    0.6899
    0.5071   -0.6573   -0.5574
    0.4685    0.7531   -0.4619
...   117 A-T ...
   -6.0007 -107.9485  112.0339
    0.8674   -0.4379    0.2363
   -0.0114   -0.4921   -0.8705
    0.4975    0.7524   -0.4318
...   118 T-A ...
   -4.2924 -105.2440  111.2943
    0.7497   -0.6094   -0.2578
   -0.4606   -0.2009   -0.8646
    0.4751    0.7669   -0.4314
...   119 A-T ...
   -2.9726 -102.5229  109.6428
    0.2762   -0.5687   -0.7748
   -0.8463    0.2380   -0.4765
    0.4554    0.7873   -0.4156
...   120 A-T ...
   -1.2222 -100.0845  108.3917
   -0.2688   -0.3429   -0.9001
   -0.8539    0.5172    0.0580
    0.4456    0.7842   -0.4319
...   121 T-A ...
    0.7055  -97.8920  106.7867
   -0.6801   -0.0211   -0.7328
   -0.5853    0.6176    0.5254
    0.4415    0.7862   -0.4324
...   122 G-C ...
    2.1509  -95.1939  105.1495
   -0.9334    0.2794   -0.2252
   -0.0509    0.5181    0.8538
    0.3552    0.8084   -0.4694
...   123 T-A ...
    3.0788  -92.7326  103.1975
   -0.8350    0.4875    0.2552
    0.4378    0.3076    0.8448
    0.3333    0.8172   -0.4702
...   124 G-C ...
    4.0339  -89.9101  101.6378
   -0.4393    0.5145    0.7364
    0.8574   -0.0044    0.5146
    0.2680    0.8575   -0.4393
...   125 T-A ...
    4.4023  -87.1109  100.0856
    0.0676    0.3986    0.9146
    0.9641   -0.2620    0.0429
    0.2567    0.8789   -0.4020
...   126 C-G ...
    5.1749  -84.2510   98.9309
    0.6283    0.1726    0.7586
    0.7403   -0.4326   -0.5147
    0.2394    0.8849   -0.3995
...   127 G-C ...
    6.4042  -81.5855   97.3547
    0.8944   -0.1966    0.4018
    0.2913   -0.4259   -0.8566
    0.3395    0.8831   -0.3237
...   128 A-T ...
    7.3623  -78.7287   96.3425
    0.8915   -0.4144   -0.1831
   -0.3021   -0.2427   -0.9219
    0.3376    0.8771   -0.3415
...   129 C-G ...
    8.8015  -75.7757   95.9357
    0.5755   -0.5169   -0.6337
   -0.7305    0.0235   -0.6825
    0.3677    0.8557   -0.3641
...   130 C-G ...
   10.5585  -73.1179   94.7168
    0.0548   -0.5129   -0.8567
   -0.9105    0.3266   -0.2538
    0.4099    0.7939   -0.4491
...   131 A-T ...
   11.2021  -70.1836   93.1165
   -0.5261   -0.2979   -0.7966
   -0.7618    0.5813    0.2857
    0.3780    0.7572   -0.5327
...   132 A-T ...
   12.4599  -67.8196   91.2181
   -0.8738    0.0876   -0.4783
   -0.3105    0.6565    0.6874
    0.3743    0.7492   -0.5465
...   133 A-T ...
   13.7436  -65.6234   89.1375
   -0.8698    0.4933    0.0015
    0.2669    0.4680    0.8424
    0.4149    0.7332   -0.5388
...   134 T-A ...
   14.7384  -63.4258   86.8200
   -0.5923    0.6747    0.4404
    0.6886    0.1401    0.7115
    0.4183    0.7247   -0.5475
...   135 G-C ...
   15.7316  -61.4928   83.9331
    0.0341    0.7400    0.6717
    0.8636   -0.3601    0.3528
    0.5030    0.5681   -0.6514
...   136 T-A ...
   15.7847  -59.5604   80.7993
    0.5517    0.4998    0.6677
    0.6739   -0.7388   -0.0038
    0.4915    0.4520   -0.7444
...   137 G-C ...
   16.8385  -57.7218   78.2676
    0.8528   -0.0848    0.5153
    0.1507   -0.9048   -0.3983
    0.5000    0.4173   -0.7588
...   138 A-T ...
   18.4282  -55.5286   76.5299
    0.8547   -0.5006    0.1371
   -0.3188   -0.7148   -0.6224
    0.4096    0.4883   -0.7706
...   139 G-C ...
   20.4258  -54.3093   74.5420
    0.5847   -0.7389   -0.3347
   -0.7593   -0.3533   -0.5465
    0.2856    0.5737   -0.7676
...   140 C-G ...
   21.4269  -51.8265   72.7876
    0.1304   -0.7144   -0.6875
   -0.8897    0.2216   -0.3991
    0.4375    0.6637   -0.6067
...   141 G-C ...
   22.1520  -50.1494   67.4640
   -0.4682   -0.8748    0.1248
   -0.8494    0.4066   -0.3364
    0.2435   -0.2635   -0.9334
...   142 C-G ...
   22.3488  -51.2413   64.4934
   -0.8528   -0.5119   -0.1032
   -0.4975    0.8565   -0.1374
    0.1587   -0.0659   -0.9851
...   143 T-A ...
   24.0165  -51.6378   61.9248
   -0.9562    0.0401   -0.2898
    0.0524    0.9980   -0.0348
    0.2878   -0.0485   -0.9564
...   144 C-G ...
   24.8957  -52.7395   58.9874
   -0.7529    0.5560   -0.3520
    0.5214    0.8304    0.1965
    0.4016   -0.0356   -0.9151
...   145 A-T ...
   25.5275  -52.9802   55.8053
   -0.2442    0.9563   -0.1610
    0.8906    0.2869    0.3528
    0.3836   -0.0573   -0.9217
...   146 C-G ...
   25.2777  -52.5122   52.0796
    0.3204    0.9427   -0.0929
    0.8825   -0.2614    0.3909
    0.3443   -0.2072   -0.9157
...   147 A-T ...
   25.6238  -52.5939   48.6396
    0.8597    0.5097    0.0339
    0.4496   -0.7865    0.4233
    0.2424   -0.3487   -0.9053
