  147 base-pairs
...     1 T-A ...
    0.0000    0.0000    0.0000
    1.0000    0.0000    0.0000
    0.0000    1.0000    0.0000
    0.0000    0.0000    1.0000
...     2 G-C ...
   -0.5555   -1.1003    3.3981
    0.7749    0.6051    0.1828
   -0.5991    0.7953   -0.0929
   -0.2016   -0.0375    0.9787
...     3 T-A ...
   -0.6619   -3.0237    6.5348
    0.3046    0.9250    0.2271
   -0.8994    0.3578   -0.2510
   -0.3134   -0.1278    0.9410
...     4 G-C ...
   -1.1607   -3.8418    9.6940
   -0.3351    0.9421    0.0133
   -0.8752   -0.3061   -0.3746
   -0.3489   -0.1372    0.9271
...     5 A-T ...
   -1.3881   -3.6770   12.8999
   -0.7835    0.6162   -0.0801
   -0.5677   -0.7622   -0.3109
   -0.2527   -0.1981    0.9470
...     6 G-C ...
   -2.6236   -3.5448   15.7072
   -0.9923    0.0611   -0.1075
   -0.0294   -0.9610   -0.2748
   -0.1201   -0.2695    0.9555
...     7 C-G ...
   -2.3138   -3.7570   18.8866
   -0.8620   -0.4995   -0.0864
    0.5008   -0.8655    0.0073
   -0.0785   -0.0370    0.9962
...     8 G-C ...
   -3.9561   -6.8109   23.3205
   -0.2581   -0.3560   -0.8981
    0.6294   -0.7673    0.1233
   -0.7330   -0.5335    0.4221
...     9 C-G ...
   -6.1177   -8.9414   24.2385
    0.1143   -0.7320   -0.6716
    0.8123   -0.3203    0.4874
   -0.5720   -0.6013    0.5580
...    10 T-A ...
   -8.5041   -9.6771   26.0540
    0.4660   -0.8587   -0.2131
    0.6274    0.1508    0.7640
   -0.6239   -0.4897    0.6090
...    11 C-G ...
  -11.0625  -11.3174   27.2336
    0.6660   -0.6911    0.2808
    0.3382    0.6152    0.7121
   -0.6649   -0.3794    0.6435
...    12 A-T ...
  -13.0013  -13.1789   29.0658
    0.7188   -0.1490    0.6790
   -0.1787    0.9043    0.3876
   -0.6718   -0.4000    0.6235
...    13 C-G ...
  -14.1788  -15.9359   31.3399
    0.4052    0.2865    0.8682
   -0.5270    0.8492   -0.0343
   -0.7470   -0.4437    0.4951
...    14 A-T ...
  -15.9532  -18.1566   33.3080
   -0.1503    0.6873    0.7107
   -0.6106    0.5008   -0.6135
   -0.7776   -0.5261    0.3444
...    15 A-T ...
  -18.3880  -19.8471   34.6238
   -0.4569    0.8645    0.2094
   -0.4157    0.0006   -0.9095
   -0.7864   -0.5026    0.3591
...    16 T-A ...
  -20.7619  -21.2588   36.4111
   -0.5937    0.7476   -0.2977
   -0.1271   -0.4524   -0.8827
   -0.7946   -0.4862    0.3636
...    17 T-A ...
  -23.3711  -22.6456   37.7707
   -0.5553    0.3378   -0.7599
    0.2360   -0.8122   -0.5335
   -0.7974   -0.4757    0.3713
...    18 T-A ...
  -26.0656  -23.9386   39.0734
   -0.3247   -0.2202   -0.9198
    0.5136   -0.8577    0.0240
   -0.7942   -0.4646    0.3915
...    19 A-T ...
  -28.4458  -25.8419   40.6332
    0.0642   -0.7572   -0.6500
    0.6032   -0.4894    0.6298
   -0.7950   -0.4325    0.4253
...    20 T-A ...
  -31.4321  -27.0128   41.4992
    0.3544   -0.9113   -0.2098
    0.4831   -0.0138    0.8755
   -0.8007   -0.4116    0.4353
...    21 T-A ...
  -34.1780  -28.3288   42.6775
    0.5463   -0.7516    0.3696
    0.1885    0.5403    0.8201
   -0.8161   -0.3784    0.4369
...    22 C-G ...
  -36.8972  -29.6072   44.0682
    0.5642   -0.2549    0.7853
   -0.1795    0.8905    0.4180
   -0.8059   -0.3768    0.4566
...    23 G-C ...
  -39.7399  -30.4304   45.7390
    0.4383    0.3504    0.8277
   -0.4803    0.8697   -0.1138
   -0.7597   -0.3477    0.5495
...    24 C-G ...
  -41.9860  -31.8601   47.7458
    0.1318    0.7950    0.5922
   -0.6474    0.5215   -0.5559
   -0.7507   -0.3101    0.5834
...    25 A-T ...
  -44.6650  -32.7071   49.5929
   -0.1945    0.9769    0.0884
   -0.6239   -0.0537   -0.7796
   -0.7569   -0.2068    0.6200
...    26 A-T ...
  -47.0124  -33.2415   51.7755
   -0.5155    0.7630   -0.3900
   -0.3976   -0.6161   -0.6800
   -0.7591   -0.1954    0.6210
...    27 A-T ...
  -49.4442  -33.6391   53.8995
   -0.6505    0.2570   -0.7147
   -0.0257   -0.9479   -0.3175
   -0.7591   -0.1881    0.6232
...    28 G-C ...
  -52.0812  -33.9296   55.9374
   -0.5145   -0.2967   -0.8045
    0.3204   -0.9368    0.1405
   -0.7954   -0.1855    0.5770
...    29 G-C ...
  -54.9791  -34.3634   57.6662
   -0.1870   -0.7598   -0.6226
    0.5325   -0.6110    0.5857
   -0.8255   -0.2220    0.5189
...    30 C-G ...
  -57.9702  -34.9758   59.0476
    0.1749   -0.9642   -0.1994
    0.5356   -0.0768    0.8410
   -0.8261   -0.2539    0.5030
...    31 C-G ...
  -60.8650  -35.9663   60.5148
    0.5054   -0.8174    0.2764
    0.3266    0.4777    0.8155
   -0.7987   -0.3219    0.5084
...    32 G-C ...
  -63.4215  -36.7997   62.5880
    0.6754   -0.3516    0.6482
   -0.0457    0.8574    0.5126
   -0.7360   -0.3758    0.5631
...    33 G-C ...
  -65.7943  -38.2908   64.4820
    0.5879    0.2243    0.7772
   -0.4310    0.8999    0.0663
   -0.6845   -0.3740    0.6258
...    34 C-G ...
  -67.7731  -39.8324   66.6829
    0.2725    0.7073    0.6523
   -0.6950    0.6135   -0.3750
   -0.6654   -0.3512    0.6587
...    35 C-G ...
  -69.7981  -40.9525   69.1547
   -0.1150    0.9548    0.2741
   -0.7463    0.0991   -0.6582
   -0.6556   -0.2802    0.7012
...    36 C-G ...
  -71.8729  -41.6491   71.7462
   -0.4648    0.8629   -0.1984
   -0.5710   -0.4634   -0.6777
   -0.6767   -0.2018    0.7081
...    37 G-C ...
  -74.4229  -42.4432   73.8357
   -0.6402    0.4499   -0.6226
   -0.2187   -0.8837   -0.4138
   -0.7364   -0.1288    0.6642
...    38 A-T ...
  -76.8719  -42.7570   76.0313
   -0.6216   -0.1754   -0.7634
    0.2095   -0.9763    0.0537
   -0.7548   -0.1265    0.6437
...    39 C-G ...
  -79.5990  -42.5972   77.9520
   -0.3890   -0.6729   -0.6291
    0.5061   -0.7268    0.4644
   -0.7698   -0.1377    0.6233
...    40 A-T ...
  -82.0683  -43.2147   80.1463
    0.0578   -0.9555   -0.2893
    0.6184   -0.1932    0.7617
   -0.7837   -0.2229    0.5798
...    41 C-G ...
  -84.9994  -43.9971   81.5160
    0.4071   -0.9009    0.1505
    0.4801    0.3512    0.8039
   -0.7771   -0.2550    0.5755
...    42 G-C ...
  -87.3883  -44.7544   83.8030
    0.6907   -0.4997    0.5228
    0.1284    0.7961    0.5913
   -0.7117   -0.3413    0.6140
...    43 A-T ...
  -89.6842  -45.9700   85.8353
    0.6481    0.0960    0.7555
   -0.3283    0.9303    0.1634
   -0.6872   -0.3539    0.6344
...    44 C-G ...
  -91.5808  -47.6656   87.9892
    0.3809    0.5929    0.7095
   -0.6390    0.7234   -0.2615
   -0.6683   -0.3538    0.6544
...    45 T-A ...
  -93.5389  -48.8885   90.4033
   -0.0083    0.9087    0.4173
   -0.7624    0.2642   -0.5907
   -0.6470   -0.3230    0.6907
...    46 T-A ...
  -95.4386  -49.9663   92.8265
   -0.4786    0.8780    0.0037
   -0.6042   -0.3262   -0.7270
   -0.6371   -0.3502    0.6866
...    47 A-T ...
  -97.7717  -51.4903   94.8052
   -0.7793    0.4296   -0.4562
   -0.1259   -0.8205   -0.5576
   -0.6139   -0.3771    0.6935
...    48 C-G ...
  -99.8675  -52.1424   97.3370
   -0.7115   -0.0803   -0.6981
    0.3191   -0.9221   -0.2191
   -0.6261   -0.3786    0.6817
...    49 T-A ...
 -102.1686  -53.1577   99.5436
   -0.3816   -0.5522   -0.7413
    0.6539   -0.7281    0.2058
   -0.6533   -0.4062    0.6389
...    50 G-C ...
 -104.2469  -54.7288  101.6654
    0.1435   -0.8253   -0.5461
    0.7430   -0.2746    0.6103
   -0.6537   -0.4934    0.5738
...    51 T-A ...
 -106.7836  -56.3477  103.0556
    0.5495   -0.8199   -0.1606
    0.5486    0.2090    0.8095
   -0.6302   -0.5329    0.5647
...    52 A-T ...
 -108.7658  -58.1537  105.0823
    0.8202   -0.4759    0.3176
    0.0824    0.6475    0.7576
   -0.5662   -0.5952    0.5703
...    53 G-C ...
 -110.5040  -60.3855  106.8313
    0.7716   -0.0009    0.6361
   -0.3948    0.7835    0.4799
   -0.4988   -0.6214    0.6042
...    54 G-C ...
 -111.8091  -62.6393  108.9913
    0.4507    0.4869    0.7481
   -0.7843    0.6163    0.0714
   -0.4263   -0.6189    0.6597
...    55 T-A ...
 -112.6182  -64.8940  111.3167
   -0.0449    0.7519    0.6578
   -0.9107    0.2399   -0.3363
   -0.4107   -0.6141    0.6739
...    56 A-T ...
 -114.5478  -67.0409  113.2093
   -0.6805    0.6673    0.3027
   -0.6325   -0.3263   -0.7025
   -0.3700   -0.6695    0.6441
...    57 T-A ...
 -115.4320  -68.8918  115.8310
   -0.9234    0.3720   -0.0946
   -0.1732   -0.6236   -0.7623
   -0.3426   -0.6876    0.6402
...    58 C-G ...
 -116.5477  -71.1085  118.0359
   -0.8332   -0.0882   -0.5458
    0.4370   -0.7098   -0.5524
   -0.3387   -0.6989    0.6300
...    59 T-A ...
 -117.9143  -73.2627  120.2051
   -0.4358   -0.4289   -0.7913
    0.8276   -0.5366   -0.1649
   -0.3538   -0.7268    0.5888
...    60 C-G ...
 -119.1297  -75.6017  122.1939
    0.1685   -0.6291   -0.7588
    0.9282   -0.1579    0.3370
   -0.3318   -0.7611    0.5573
...    61 G-C ...
 -119.9204  -78.1993  124.2181
    0.7073   -0.4816   -0.5174
    0.6682    0.2168    0.7117
   -0.2306   -0.8492    0.4751
...    62 A-T ...
 -120.6342  -81.0327  125.6891
    0.9797   -0.1983   -0.0294
    0.1162    0.4422    0.8893
   -0.1634   -0.8747    0.4563
...    63 G-C ...
 -120.9737  -84.0785  126.9522
    0.8983    0.1514    0.4124
   -0.4345    0.4448    0.7832
   -0.0648   -0.8827    0.4654
...    64 C-G ...
 -120.6578  -87.0957  128.3171
    0.5051    0.4135    0.7575
   -0.8630    0.2420    0.4434
    0.0000   -0.8778    0.4791
...    65 T-A ...
 -120.2503  -89.9509  129.9873
   -0.0567    0.5102    0.8582
   -0.9968   -0.0771   -0.0200
    0.0560   -0.8566    0.5129
...    66 C-G ...
 -119.9919  -92.6782  131.8520
   -0.6574    0.3411    0.6720
   -0.7488   -0.3959   -0.5316
    0.0847   -0.8526    0.5156
...    67 G-C ...
 -120.0622  -95.7425  133.2991
   -0.9772    0.0606    0.2036
   -0.2037   -0.5398   -0.8168
    0.0604   -0.8396    0.5398
...    68 G-C ...
 -119.8007  -98.4701  135.3226
   -0.9179   -0.2265   -0.3259
    0.3958   -0.4636   -0.7927
    0.0285   -0.8566    0.5152
...    69 G-C ...
 -119.6976 -101.2430  137.2988
   -0.5309   -0.3898   -0.7524
    0.8472   -0.2254   -0.4811
    0.0180   -0.8929    0.4499
...    70 A-T ...
 -119.6344 -104.1063  138.9166
    0.0810   -0.4013   -0.9123
    0.9954    0.0787    0.0538
    0.0502   -0.9125    0.4059
...    71 T-A ...
 -120.0680 -107.1591  140.0159
    0.5747   -0.2717   -0.7720
    0.8148    0.2779    0.5088
    0.0763   -0.9214    0.3811
...    72 C-G ...
 -119.7860 -110.2038  141.1682
    0.9344    0.0234   -0.3556
    0.3225    0.3687    0.8718
    0.1515   -0.9292    0.3370
...    73 C-G ...
 -118.9997 -113.3815  141.9417
    0.9315    0.3357    0.1404
   -0.2295    0.2424    0.9426
    0.2824   -0.9102    0.3029
...    74 G-C ...
 -117.7328 -116.1878  143.3702
    0.5924    0.5240    0.6120
   -0.6787   -0.0848    0.7295
    0.4341   -0.8475    0.3054
...    75 C-G ...
 -115.7685 -118.7104  144.3575
    0.0942    0.4075    0.9083
   -0.8678   -0.4135    0.2756
    0.4879   -0.8142    0.3147
...    76 T-A ...
 -113.8432 -121.1740  145.5556
   -0.4145    0.1141    0.9029
   -0.7446   -0.6129   -0.2644
    0.5232   -0.7819    0.3390
...    77 T-A ...
 -111.8633 -123.5011  146.7480
   -0.7355   -0.3488    0.5809
   -0.3452   -0.5448   -0.7642
    0.5830   -0.7626    0.2803
...    78 T-A ...
 -109.7916 -125.7725  147.8956
   -0.7429   -0.6692    0.0153
    0.1545   -0.1937   -0.9688
    0.6513   -0.7174    0.2473
...    79 A-T ...
 -107.0712 -127.9260  148.0849
   -0.3708   -0.6714   -0.6416
    0.5780    0.3739   -0.7253
    0.7269   -0.6398    0.2495
...    80 A-T ...
 -104.8209 -130.0725  149.0470
    0.0480   -0.3175   -0.9470
    0.6605    0.7213   -0.2084
    0.7493   -0.6155    0.2443
...    81 C-G ...
 -102.7542 -132.5268  149.8214
    0.3546    0.1590   -0.9214
    0.5235    0.7828    0.3365
    0.7747   -0.6017    0.1943
...    82 A-T ...
 -100.0057 -134.3734  150.4881
    0.4673    0.6698   -0.5770
    0.2456    0.5286    0.8126
    0.8493   -0.5215    0.0825
...    83 C-G ...
  -97.2882 -136.1725  150.1086
    0.4678    0.8820   -0.0568
   -0.0163    0.0729    0.9972
    0.8837   -0.4656    0.0485
...    84 T-A ...
  -94.2157 -137.4234  149.9677
    0.3053    0.8133    0.4954
   -0.2091   -0.4502    0.8681
    0.9290   -0.3686    0.0326
...    85 T-A ...
  -91.1139 -138.3941  149.9311
    0.1287    0.3868    0.9131
   -0.3220   -0.8546    0.4074
    0.9379   -0.3465    0.0146
...    86 T-A ...
  -87.9535 -139.2193  149.9157
   -0.0424   -0.2222    0.9741
   -0.3218   -0.9200   -0.2239
    0.9459   -0.3229   -0.0325
...    87 A-T ...
  -84.9471 -140.8500  149.1616
   -0.1236   -0.8466    0.5177
   -0.2324   -0.4825   -0.8445
    0.9647   -0.2247   -0.1371
...    88 T-A ...
  -81.6436 -141.3263  149.3535
   -0.1808   -0.9833   -0.0217
   -0.1480    0.0490   -0.9878
    0.9723   -0.1754   -0.1544
...    89 G-C ...
  -78.4417 -141.7073  148.4587
   -0.2748   -0.7409   -0.6128
   -0.0259    0.6429   -0.7656
    0.9611   -0.1946   -0.1958
...    90 C-G ...
  -75.2170 -142.5544  148.1369
   -0.2859   -0.2398   -0.9278
    0.1024    0.9550   -0.2784
    0.9528   -0.1746   -0.2485
...    91 T-A ...
  -72.1268 -143.3641  147.2213
   -0.2678    0.3310   -0.9048
    0.2316    0.9337    0.2731
    0.9352   -0.1364   -0.3267
...    92 T-A ...
  -69.1669 -143.8920  146.0416
   -0.1427    0.8121   -0.5658
    0.3430    0.5768    0.7414
    0.9284   -0.0882   -0.3609
...    93 C-G ...
  -66.1759 -144.0340  144.7395
    0.0134    0.9999    0.0089
    0.3890   -0.0134    0.9211
    0.9211   -0.0089   -0.3891
...    94 C-G ...
  -63.1934 -143.5659  143.2215
    0.1273    0.8209    0.5567
    0.3793   -0.5589    0.7374
    0.9165    0.1173   -0.3825
...    95 G-C ...
  -59.9329 -143.0195  142.4395
    0.2281    0.3334    0.9148
    0.3309   -0.9102    0.2492
    0.9157    0.2459   -0.3180
...    96 G-C ...
  -56.8381 -141.7772  141.7144
    0.3269   -0.2562    0.9097
    0.2006   -0.9218   -0.3316
    0.9235    0.2909   -0.2500
...    97 C-G ...
  -53.7521 -140.5075  141.2330
    0.3765   -0.7411    0.5560
   -0.0001   -0.6002   -0.7999
    0.9264    0.3011   -0.2260
...    98 T-A ...
  -50.6050 -139.4094  140.7955
    0.3014   -0.9535    0.0079
   -0.2023   -0.0720   -0.9767
    0.9318    0.2928   -0.2146
...    99 C-G ...
  -47.5079 -138.3622  140.1754
    0.1129   -0.7902   -0.6023
   -0.3650    0.5308   -0.7648
    0.9241    0.3062   -0.2285
...   100 A-T ...
  -44.5966 -136.9606  139.2448
   -0.1997   -0.3254   -0.9242
   -0.3705    0.8983   -0.2363
    0.9071    0.2953   -0.2999
...   101 T-A ...
  -41.4675 -136.6179  138.2723
   -0.3723    0.1877   -0.9089
   -0.2233    0.9324    0.2841
    0.9008    0.3088   -0.3052
...   102 G-C ...
  -38.5617 -135.2786  137.2253
   -0.5416    0.6540   -0.5282
    0.0525    0.6534    0.7552
    0.8390    0.3813   -0.3882
...   103 T-A ...
  -36.0459 -134.2031  135.3840
   -0.4756    0.8794   -0.0184
    0.3430    0.2047    0.9168
    0.8100    0.4297   -0.3990
...   104 T-A ...
  -33.5567 -132.7297  133.9229
   -0.2112    0.8218    0.5291
    0.5692   -0.3367    0.7501
    0.7946    0.4596   -0.3967
...   105 A-T ...
  -30.7857 -131.1488  132.8187
    0.1560    0.4088    0.8992
    0.6084   -0.7569    0.2385
    0.7782    0.5098   -0.3668
...   106 T-A ...
  -28.6512 -128.9038  131.6513
    0.4594   -0.0427    0.8872
    0.4444   -0.8538   -0.2713
    0.7691    0.5188   -0.3733
...   107 A-T ...
  -25.9527 -127.5256  130.0547
    0.6803   -0.5740    0.4558
    0.0198   -0.6073   -0.7942
    0.7327    0.5493   -0.4018
...   108 A-T ...
  -23.5613 -125.5632  128.9958
    0.5906   -0.7962   -0.1312
   -0.4030   -0.1501   -0.9028
    0.6991    0.5861   -0.4095
...   109 C-G ...
  -20.9312 -123.6393  128.1850
    0.2691   -0.7513   -0.6026
   -0.6634    0.3090   -0.6815
    0.6982    0.5832   -0.4152
...   110 G-C ...
  -18.9573 -121.3899  126.5794
   -0.2336   -0.4790   -0.8462
   -0.7007    0.6863   -0.1951
    0.6741    0.5473   -0.4959
...   111 G-C ...
  -16.5566 -119.6865  124.9173
   -0.6446   -0.0569   -0.7624
   -0.4494    0.8349    0.3176
    0.6185    0.5474   -0.5638
...   112 A-T ...
  -14.5236 -117.9226  123.0341
   -0.8149    0.4280   -0.3909
    0.0282    0.7028    0.7108
    0.5790    0.5682   -0.5848
...   113 T-A ...
  -12.8623 -116.4389  120.6210
   -0.6955    0.7173    0.0415
    0.4452    0.3849    0.8085
    0.5639    0.5808   -0.5870
...   114 C-G ...
  -11.1636 -114.4203  118.6624
   -0.3150    0.7782    0.5433
    0.7865   -0.1064    0.6084
    0.5313    0.6189   -0.5785
...   115 G-C ...
   -9.1583 -112.1965  117.0787
    0.1389    0.5052    0.8518
    0.8565   -0.4931    0.1528
    0.4972    0.7083   -0.5011
...   116 T-A ...
   -8.0179 -109.4402  115.5789
    0.5694    0.1418    0.8097
    0.6519   -0.6779   -0.3397
    0.5008    0.7213   -0.4785
...   117 A-T ...
   -6.1777 -107.2634  113.7272
    0.8654   -0.3208    0.3849
    0.1258   -0.6044   -0.7867
    0.4850    0.7292   -0.4828
...   118 T-A ...
   -4.5632 -104.5359  112.7525
    0.8104   -0.5786   -0.0916
   -0.3477   -0.3492   -0.8702
    0.4715    0.7371   -0.4841
...   119 A-T ...
   -3.3476 -102.0476  110.7596
    0.3927   -0.6490   -0.6515
   -0.8010    0.1066   -0.5890
    0.4518    0.7532   -0.4781
...   120 A-T ...
   -1.6750  -99.6520  109.3212
   -0.1504   -0.4502   -0.8802
   -0.8831    0.4613   -0.0850
    0.4443    0.7645   -0.4669
...   121 T-A ...
    0.3055  -97.5535  107.7194
   -0.5882   -0.1443   -0.7957
   -0.6775    0.6253    0.3874
    0.4416    0.7669   -0.4656
...   122 G-C ...
    1.4869  -94.7939  106.2134
   -0.9122    0.1829   -0.3667
   -0.1874    0.6097    0.7702
    0.3644    0.7713   -0.5218
...   123 T-A ...
    2.5398  -92.5768  103.9711
   -0.8802    0.4581    0.1240
    0.3368    0.4189    0.8433
    0.3344    0.7840   -0.5230
...   124 G-C ...
    3.5997  -89.7500  102.4986
   -0.5378    0.5444    0.6437
    0.8020    0.0949    0.5898
    0.2600    0.8334   -0.4876
...   125 T-A ...
    3.8277  -86.9306  100.7303
   -0.0252    0.4867    0.8732
    0.9672   -0.2089    0.1443
    0.2526    0.8482   -0.4655
...   126 C-G ...
    4.5746  -84.0562   99.2848
    0.5602    0.2399    0.7929
    0.7873   -0.4517   -0.4196
    0.2574    0.8593   -0.4419
...   127 G-C ...
    5.7664  -81.3278   97.6695
    0.8837   -0.1510    0.4431
    0.3254   -0.4823   -0.8134
    0.3365    0.8629   -0.3771
...   128 A-T ...
    6.8662  -78.4366   96.5174
    0.8903   -0.4367   -0.1291
   -0.2745   -0.2885   -0.9173
    0.3633    0.8521   -0.3768
...   129 C-G ...
    8.3791  -75.5496   95.8311
    0.5899   -0.5477   -0.5933
   -0.7086    0.0011   -0.7056
    0.3871    0.8367   -0.3875
...   130 C-G ...
    9.9639  -72.8311   94.5829
    0.0563   -0.5211   -0.8517
   -0.9078    0.3284   -0.2610
    0.4157    0.7878   -0.4545
...   131 A-T ...
   11.0919  -70.1059   92.9755
   -0.5284   -0.2969   -0.7954
   -0.7524    0.5977    0.2768
    0.3932    0.7447   -0.5392
...   132 A-T ...
   12.4814  -67.8501   91.0899
   -0.8680    0.1152   -0.4830
   -0.2959    0.6611    0.6895
    0.3987    0.7414   -0.5398
...   133 A-T ...
   13.7579  -65.5869   89.1285
   -0.8694    0.4941    0.0092
    0.2745    0.4673    0.8404
    0.4109    0.7331   -0.5419
...   134 T-A ...
   14.7384  -63.4257   86.8199
   -0.5923    0.6747    0.4404
    0.6886    0.1401    0.7115
    0.4183    0.7247   -0.5475
...   135 G-C ...
   15.7317  -61.4927   83.9330
    0.0341    0.7400    0.6717
    0.8636   -0.3601    0.3528
    0.5030    0.5681   -0.6514
...   136 T-A ...
   15.7848  -59.5603   80.7992
    0.5517    0.4998    0.6677
    0.6739   -0.7388   -0.0038
    0.4915    0.4520   -0.7444
...   137 G-C ...
   16.8385  -57.7218   78.2675
    0.8528   -0.0848    0.5153
    0.1507   -0.9048   -0.3983
    0.5000    0.4173   -0.7588
...   138 A-T ...
   18.4282  -55.5286   76.5298
    0.8547   -0.5006    0.1371
   -0.3188   -0.7148   -0.6224
    0.4096    0.4883   -0.7706
...   139 G-C ...
   20.4259  -54.3092   74.5419
    0.5847   -0.7389   -0.3347
   -0.7593   -0.3533   -0.5465
    0.2856    0.5737   -0.7676
...   140 C-G ...
   21.4270  -51.8265   72.7875
    0.1304   -0.7144   -0.6875
   -0.8897    0.2216   -0.3991
    0.4375    0.6637   -0.6067
...   141 G-C ...
   22.1521  -50.1493   67.4640
   -0.4682   -0.8748    0.1248
   -0.8494    0.4066   -0.3364
    0.2435   -0.2635   -0.9334
...   142 C-G ...
   22.3488  -51.2412   64.4933
   -0.8528   -0.5119   -0.1032
   -0.4975    0.8565   -0.1374
    0.1587   -0.0659   -0.9851
...   143 T-A ...
   24.0166  -51.6377   61.9248
   -0.9562    0.0401   -0.2898
    0.0524    0.9980   -0.0348
    0.2878   -0.0485   -0.9564
...   144 C-G ...
   24.8958  -52.7394   58.9873
   -0.7529    0.5560   -0.3520
    0.5214    0.8304    0.1965
    0.4016   -0.0356   -0.9151
...   145 A-T ...
   25.5275  -52.9802   55.8053
   -0.2442    0.9563   -0.1610
    0.8906    0.2869    0.3528
    0.3836   -0.0573   -0.9217
...   146 C-G ...
   25.2778  -52.5121   52.0796
    0.3204    0.9427   -0.0929
    0.8825   -0.2614    0.3909
    0.3443   -0.2072   -0.9157
...   147 A-T ...
   25.6238  -52.5938   48.6395
    0.8597    0.5097    0.0339
    0.4496   -0.7865    0.4233
    0.2424   -0.3487   -0.9053
