  147 base-pairs
...     1 T-A ...
    0.0000    0.0000    0.0000
    1.0000    0.0000    0.0000
    0.0000    1.0000    0.0000
    0.0000    0.0000    1.0000
...     2 G-C ...
   -0.5555   -1.1003    3.3981
    0.7749    0.6051    0.1828
   -0.5991    0.7953   -0.0929
   -0.2016   -0.0375    0.9787
...     3 T-A ...
   -0.6619   -3.0237    6.5348
    0.3046    0.9250    0.2271
   -0.8994    0.3578   -0.2510
   -0.3134   -0.1278    0.9410
...     4 G-C ...
   -1.1607   -3.8418    9.6940
   -0.3351    0.9421    0.0133
   -0.8752   -0.3061   -0.3746
   -0.3489   -0.1372    0.9271
...     5 A-T ...
   -1.3881   -3.6770   12.8999
   -0.7835    0.6162   -0.0801
   -0.5677   -0.7622   -0.3109
   -0.2527   -0.1981    0.9470
...     6 G-C ...
   -2.6236   -3.5448   15.7072
   -0.9923    0.0611   -0.1075
   -0.0294   -0.9610   -0.2748
   -0.1201   -0.2695    0.9555
...     7 C-G ...
   -2.3138   -3.7570   18.8866
   -0.8620   -0.4995   -0.0864
    0.5008   -0.8655    0.0073
   -0.0785   -0.0370    0.9962
...     8 G-C ...
   -3.9561   -6.8109   23.3205
   -0.2581   -0.3560   -0.8981
    0.6294   -0.7673    0.1233
   -0.7330   -0.5335    0.4221
...     9 C-G ...
   -6.1177   -8.9414   24.2385
    0.1143   -0.7320   -0.6716
    0.8123   -0.3203    0.4874
   -0.5720   -0.6013    0.5580
...    10 T-A ...
   -8.5041   -9.6771   26.0540
    0.4660   -0.8587   -0.2131
    0.6274    0.1508    0.7640
   -0.6239   -0.4897    0.6090
...    11 C-G ...
  -11.0625  -11.3174   27.2336
    0.6660   -0.6911    0.2808
    0.3382    0.6152    0.7121
   -0.6649   -0.3794    0.6435
...    12 A-T ...
  -13.0013  -13.1789   29.0658
    0.7188   -0.1490    0.6790
   -0.1787    0.9043    0.3876
   -0.6718   -0.4000    0.6235
...    13 C-G ...
  -14.1788  -15.9359   31.3399
    0.4052    0.2865    0.8682
   -0.5270    0.8492   -0.0343
   -0.7470   -0.4437    0.4951
...    14 A-T ...
  -15.9532  -18.1566   33.3080
   -0.1503    0.6873    0.7107
   -0.6106    0.5008   -0.6135
   -0.7776   -0.5261    0.3444
...    15 A-T ...
  -18.4944  -19.7921   34.5079
   -0.4525    0.8714    0.1894
   -0.4098   -0.0146   -0.9120
   -0.7920   -0.4903    0.3637
...    16 T-A ...
  -20.8973  -21.2399   36.4105
   -0.6287    0.7011   -0.3364
   -0.0860   -0.4926   -0.8660
   -0.7729   -0.5155    0.3700
...    17 T-A ...
  -23.4283  -22.6715   37.9405
   -0.5846    0.2479   -0.7725
    0.3081   -0.8130   -0.4941
   -0.7506   -0.5268    0.3989
...    18 T-A ...
  -26.0009  -24.1666   39.3250
   -0.3045   -0.2885   -0.9078
    0.5923   -0.8037    0.0567
   -0.7459   -0.5204    0.4156
...    19 A-T ...
  -28.3917  -26.1198   40.9674
    0.1411   -0.8010   -0.5817
    0.6496   -0.3686    0.6650
   -0.7471   -0.4717    0.4683
...    20 T-A ...
  -31.2860  -27.4372   42.0308
    0.4362   -0.8944   -0.0992
    0.4822    0.1392    0.8649
   -0.7598   -0.4251    0.4920
...    21 T-A ...
  -33.8789  -28.8637   43.3931
    0.6038   -0.6431    0.4710
    0.1188    0.6569    0.7445
   -0.7882   -0.3936    0.4731
...    22 C-G ...
  -36.5031  -30.1217   44.9678
    0.5693   -0.1027    0.8157
   -0.2762    0.9106    0.3075
   -0.7743   -0.4003    0.4900
...    23 G-C ...
  -39.3599  -30.8405   46.6916
    0.4360    0.4862    0.7573
   -0.5543    0.8080   -0.1996
   -0.7090   -0.3328    0.6218
...    24 C-G ...
  -41.4408  -32.2156   48.8352
    0.1210    0.8588    0.4978
   -0.6954    0.4312   -0.5749
   -0.7083   -0.2766    0.6494
...    25 A-T ...
  -44.1586  -33.0136   50.6245
   -0.2525    0.9676    0.0006
   -0.6392   -0.1663   -0.7509
   -0.7264   -0.1900    0.6604
...    26 A-T ...
  -46.5132  -33.4640   52.8694
   -0.5624    0.6921   -0.4525
   -0.3826   -0.7030   -0.5995
   -0.7330   -0.1640    0.6601
...    27 A-T ...
  -48.7940  -33.7072   55.1957
   -0.6847    0.1450   -0.7142
    0.0224   -0.9754   -0.2194
   -0.7285   -0.1662    0.6646
...    28 G-C ...
  -51.4208  -33.7784   57.3554
   -0.5216   -0.4047   -0.7511
    0.3741   -0.8997    0.2249
   -0.7668   -0.1637    0.6207
...    29 G-C ...
  -54.3004  -34.1738   59.2457
   -0.1568   -0.8498   -0.5033
    0.5922   -0.4887    0.6407
   -0.7904   -0.1976    0.5799
...    30 C-G ...
  -57.1174  -34.8353   60.8342
    0.2405   -0.9684   -0.0661
    0.5594    0.0826    0.8248
   -0.7933   -0.2353    0.5615
...    31 C-G ...
  -59.9612  -35.5584   62.5258
    0.5600   -0.7332    0.3857
    0.3127    0.6182    0.7211
   -0.7672   -0.2832    0.5755
...    32 G-C ...
  -62.2462  -36.1489   64.5928
    0.7070   -0.2579    0.6585
   -0.0509    0.9102    0.4111
   -0.7053   -0.3242    0.6304
...    33 G-C ...
  -64.3746  -37.4033   66.8792
    0.5939    0.3296    0.7339
   -0.4558    0.8895   -0.0306
   -0.6629   -0.3164    0.6786
...    34 C-G ...
  -66.3310  -38.6786   69.2025
    0.2596    0.7938    0.5500
   -0.7168    0.5400   -0.4411
   -0.6471   -0.2797    0.7092
...    35 C-G ...
  -68.2562  -39.3711   71.9418
   -0.1562    0.9760    0.1515
   -0.7498   -0.0174   -0.6614
   -0.6429   -0.2169    0.7346
...    36 C-G ...
  -70.3029  -39.8334   74.6095
   -0.5270    0.7953   -0.2995
   -0.5494   -0.5877   -0.5939
   -0.6484   -0.1484    0.7467
...    37 G-C ...
  -72.7336  -41.1397   76.6812
   -0.6988    0.3210   -0.6393
   -0.1463   -0.9389   -0.3115
   -0.7002   -0.1242    0.7031
...    38 A-T ...
  -74.9235  -41.4899   78.9785
   -0.6440   -0.3042   -0.7020
    0.3071   -0.9432    0.1269
   -0.7007   -0.1339    0.7008
...    39 C-G ...
  -77.4868  -41.5914   80.9280
   -0.3503   -0.7541   -0.5556
    0.5904   -0.6383    0.4940
   -0.7271   -0.1549    0.6688
...    40 A-T ...
  -79.9991  -42.2590   83.1083
    0.1271   -0.9733   -0.1909
    0.6704   -0.0575    0.7398
   -0.7311   -0.2220    0.6452
...    41 C-G ...
  -82.6332  -43.3211   84.8374
    0.4940   -0.8446    0.2063
    0.4882    0.4658    0.7381
   -0.7195   -0.2639    0.6424
...    42 G-C ...
  -84.7903  -43.9161   87.3326
    0.7301   -0.3702    0.5743
    0.0644    0.8741    0.4815
   -0.6803   -0.3146    0.6620
...    43 A-T ...
  -87.0103  -44.9477   89.3819
    0.6223    0.2289    0.7486
   -0.3804    0.9242    0.0336
   -0.6841   -0.3056    0.6622
...    44 C-G ...
  -88.9003  -46.4732   91.6352
    0.3412    0.7084    0.6178
   -0.6723    0.6433   -0.3663
   -0.6569   -0.2904    0.6958
...    45 T-A ...
  -90.7241  -47.6834   94.5138
   -0.0943    0.9620    0.2564
   -0.7494    0.1010   -0.6544
   -0.6554   -0.2538    0.7114
...    46 T-A ...
  -92.6750  -48.4939   96.9487
   -0.4993    0.8545   -0.1431
   -0.5583   -0.4436   -0.7011
   -0.6626   -0.2702    0.6986
...    47 A-T ...
  -95.0680  -49.6258   99.0808
   -0.7425    0.3556   -0.5676
   -0.0942   -0.8945   -0.4371
   -0.6632   -0.2710    0.6977
...    48 C-G ...
  -97.3420  -49.8463  101.5269
   -0.6571   -0.1814   -0.7316
    0.3196   -0.9461   -0.0525
   -0.6827   -0.2683    0.6797
...    49 T-A ...
  -99.9203  -50.4524  103.6545
   -0.3167   -0.6482   -0.6925
    0.6128   -0.6971    0.3723
   -0.7241   -0.3064    0.6179
...    50 G-C ...
 -102.3828  -51.7157  105.6238
    0.1935   -0.8844   -0.4247
    0.6646   -0.2002    0.7198
   -0.7217   -0.4216    0.5491
...    51 T-A ...
 -104.9607  -53.1446  106.9163
    0.5472   -0.8369   -0.0123
    0.4549    0.2849    0.8438
   -0.7027   -0.4673    0.5366
...    52 A-T ...
 -107.1378  -54.6909  108.9878
    0.7587   -0.4465    0.4745
   -0.0080    0.7218    0.6920
   -0.6514   -0.5288    0.5441
...    53 G-C ...
 -109.2630  -56.5377  110.6336
    0.6924    0.0560    0.7193
   -0.4330    0.8298    0.3521
   -0.5771   -0.5553    0.5988
...    54 G-C ...
 -110.7225  -58.9909  112.8270
    0.3517    0.5656    0.7459
   -0.7777    0.6201   -0.1035
   -0.5211   -0.5437    0.6580
...    55 T-A ...
 -111.9686  -60.8885  115.2187
   -0.1229    0.8070    0.5776
   -0.8525    0.2121   -0.4778
   -0.5081   -0.5511    0.6619
...    56 A-T ...
 -113.4485  -62.6856  117.7018
   -0.6169    0.7724    0.1514
   -0.6018   -0.3389   -0.7232
   -0.5072   -0.5372    0.6739
...    57 T-A ...
 -114.7615  -64.1642  120.4087
   -0.8681    0.4361   -0.2369
   -0.1546   -0.6912   -0.7059
   -0.4716   -0.5762    0.6675
...    58 T-A ...
 -116.2770  -65.8360  122.7618
   -0.8016   -0.0876   -0.5914
    0.4036   -0.8090   -0.4273
   -0.4410   -0.5812    0.6839
...    59 C-G ...
 -117.5016  -67.9464  125.0899
   -0.3685   -0.5442   -0.7537
    0.8168   -0.5767    0.0170
   -0.4439   -0.6094    0.6570
...    60 A-T ...
 -118.7323  -69.9503  127.5664
    0.2263   -0.6956   -0.6819
    0.8746   -0.1631    0.4566
   -0.4288   -0.6997    0.5715
...    61 T-A ...
 -120.4630  -72.2698  129.0809
    0.6701   -0.6322   -0.3889
    0.6297    0.2069    0.7487
   -0.3929   -0.7466    0.5368
...    62 G-C ...
 -121.6910  -75.0284  130.8594
    0.9585   -0.2754    0.0735
    0.0826    0.5149    0.8533
   -0.2729   -0.8118    0.5163
...    63 T-A ...
 -122.4033  -78.0956  132.0678
    0.8524    0.0667    0.5186
   -0.4622    0.5600    0.6876
   -0.2446   -0.8258    0.5082
...    64 T-A ...
 -123.0100  -80.8423  133.5969
    0.4305    0.3784    0.8195
   -0.8763    0.3929    0.2789
   -0.2164   -0.8381    0.5007
...    65 A-T ...
 -124.1473  -83.6479  135.3216
   -0.2974    0.4918    0.8183
   -0.9347    0.0249   -0.3547
   -0.1948   -0.8703    0.4523
...    66 T-A ...
 -124.1690  -86.3847  137.1600
   -0.7509    0.3914    0.5319
   -0.6407   -0.2367   -0.7304
   -0.1600   -0.8893    0.4285
...    67 A-T ...
 -124.6293  -89.7056  138.2622
   -0.9949   -0.0049   -0.1007
    0.0943   -0.4006   -0.9114
   -0.0359   -0.9162    0.3990
...    68 A-T ...
 -124.7330  -92.6107  139.7104
   -0.7396   -0.2884   -0.6082
    0.6722   -0.2693   -0.6897
    0.0351   -0.9189    0.3930
...    69 C-G ...
 -125.0594  -95.5462  141.4554
   -0.2314   -0.3869   -0.8926
    0.9705   -0.0285   -0.2393
    0.0672   -0.9217    0.3821
...    70 G-C ...
 -124.4311  -98.5684  142.5254
    0.3357   -0.1877   -0.9231
    0.9310    0.2151    0.2949
    0.1432   -0.9584    0.2470
...    71 G-C ...
 -123.9399 -101.7841  142.9825
    0.7538    0.0847   -0.6517
    0.6184    0.2442    0.7470
    0.2224   -0.9660    0.1318
...    72 A-T ...
 -122.9754 -104.8831  143.1635
    0.9468    0.3057   -0.1008
    0.0718    0.1046    0.9919
    0.3138   -0.9464    0.0771
...    73 C-G ...
 -121.9376 -107.9589  142.7045
    0.8080    0.3955    0.4367
   -0.4266   -0.1184    0.8966
    0.4063   -0.9108    0.0731
...    74 T-A ...
 -120.0242 -110.7369  142.3839
    0.4028    0.3503    0.8456
   -0.7555   -0.3943    0.5233
    0.5167   -0.8496    0.1058
...    75 C-G ...
 -118.5431 -113.5011  143.2889
   -0.1359    0.0378    0.9900
   -0.7817   -0.6180   -0.0837
    0.6086   -0.7853    0.1135
...    76 G-C ...
 -117.0577 -116.4742  143.5987
   -0.5676   -0.3268    0.7557
   -0.5130   -0.5775   -0.6351
    0.6440   -0.7481    0.1602
...    77 A-T ...
 -114.9109 -119.0391  143.9652
   -0.7403   -0.6464    0.1846
   -0.0392   -0.2325   -0.9718
    0.6711   -0.7267    0.1468
...    78 G-C ...
 -112.6061 -121.3682  144.4284
   -0.6224   -0.6772   -0.3925
    0.3504    0.2073   -0.9133
    0.6999   -0.7060    0.1083
...    79 C-G ...
 -110.3407 -123.8796  145.1607
   -0.3038   -0.3993   -0.8650
    0.6335    0.5935   -0.4964
    0.7116   -0.6988    0.0726
...    80 T-A ...
 -108.0921 -126.3384  145.4715
    0.0298    0.0309   -0.9991
    0.6812    0.7308    0.0429
    0.7315   -0.6819    0.0007
...    81 C-G ...
 -105.6472 -128.7092  145.5248
    0.3717    0.4998   -0.7824
    0.5261    0.5810    0.6211
    0.7649   -0.6424   -0.0470
...    82 G-C ...
 -102.7478 -130.2647  145.5656
    0.5041    0.8071   -0.3074
    0.2731    0.1887    0.9433
    0.8194   -0.5594   -0.1253
...    83 G-C ...
  -99.9019 -131.9008  144.8730
    0.4840    0.8250    0.2918
   -0.0331   -0.3160    0.9482
    0.8745   -0.4685   -0.1256
...    84 G-C ...
  -96.7019 -132.8975  144.3694
    0.2876    0.5543    0.7811
   -0.2178   -0.7563    0.6169
    0.9327   -0.3475   -0.0968
...    85 A-T ...
  -93.4889 -133.7513  143.9679
    0.1018   -0.0268    0.9944
   -0.3151   -0.9490    0.0067
    0.9436   -0.3140   -0.1051
...    86 T-A ...
  -90.2064 -134.2020  143.8297
   -0.0766   -0.5336    0.8423
   -0.3064   -0.7913   -0.5291
    0.9488   -0.2986   -0.1029
...    87 C-G ...
  -86.8976 -135.0293  143.7522
   -0.2042   -0.9271    0.3144
   -0.2009   -0.2746   -0.9403
    0.9581   -0.2551   -0.1302
...    88 C-G ...
  -83.7134 -135.8898  143.4526
   -0.3391   -0.9085   -0.2442
   -0.0558    0.2786   -0.9588
    0.9391   -0.3115   -0.1452
...    89 G-C ...
  -80.6281 -136.6401  142.5042
   -0.3721   -0.5454   -0.7510
    0.1356    0.7685   -0.6253
    0.9182   -0.3345   -0.2120
...    90 C-G ...
  -77.4907 -138.0858  142.1481
   -0.2562    0.0121   -0.9666
    0.2836    0.9569   -0.0631
    0.9241   -0.2903   -0.2486
...    91 T-A ...
  -74.4353 -139.4553  141.3183
   -0.1197    0.5790   -0.8065
    0.3706    0.7797    0.5047
    0.9210   -0.2385   -0.3079
...    92 T-A ...
  -71.5995 -140.3130  140.0047
    0.0690    0.9307   -0.3592
    0.3731    0.3098    0.8745
    0.9252   -0.1944   -0.3259
...    93 T-A ...
  -68.6141 -140.7708  138.8703
    0.1808    0.9580    0.2228
    0.2970   -0.2691    0.9162
    0.9376   -0.0994   -0.3332
...    94 A-T ...
  -65.3094 -140.8146  138.0976
    0.1869    0.6170    0.7645
    0.2068   -0.7855    0.5833
    0.9604    0.0491   -0.2744
...    95 A-T ...
  -62.2667 -140.3443  137.2347
    0.2658    0.0443    0.9630
    0.1003   -0.9948    0.0181
    0.9588    0.0917   -0.2688
...    96 C-G ...
  -59.0699 -139.3888  136.5462
    0.3167   -0.5212    0.7925
   -0.0466   -0.8430   -0.5359
    0.9474    0.1328   -0.2913
...    97 A-T ...
  -55.8225 -139.0496  135.6663
    0.2115   -0.9332    0.2905
   -0.2333   -0.3368   -0.9122
    0.9491    0.1252   -0.2890
...    98 C-G ...
  -52.4383 -138.5873  135.3994
    0.0592   -0.9647   -0.2567
   -0.3225    0.2248   -0.9195
    0.9447    0.1372   -0.2978
...    99 T-A ...
  -48.8494 -138.4570  134.8795
   -0.1530   -0.6564   -0.7388
   -0.3245    0.7395   -0.5898
    0.9334    0.1495   -0.3261
...   100 T-A ...
  -45.7321 -138.2702  133.9445
   -0.2976   -0.0932   -0.9501
   -0.1949    0.9802   -0.0351
    0.9346    0.1747   -0.3099
...   101 T-A ...
  -42.6812 -137.8166  132.8959
   -0.3959    0.4798   -0.7830
    0.0066    0.8541    0.5201
    0.9183    0.2008   -0.3413
...   102 A-T ...
  -39.6590 -136.8079  131.8845
   -0.4092    0.8651   -0.2901
    0.2500    0.4121    0.8762
    0.8776    0.2860   -0.3849
...   103 T-A ...
  -37.2163 -135.9254  130.0080
   -0.3035    0.9331    0.1929
    0.4358   -0.0441    0.8990
    0.8473    0.3569   -0.3933
...   104 G-C ...
  -34.5742 -134.4609  128.5831
   -0.0649    0.6730    0.7368
    0.5695   -0.5813    0.5812
    0.8194    0.4573   -0.3455
...   105 C-G ...
  -32.1021 -132.4747  127.5662
    0.2353    0.2131    0.9483
    0.5303   -0.8458    0.0585
    0.8145    0.4891   -0.3121
...   106 T-A ...
  -29.3643 -130.3139  127.0499
    0.5117   -0.3161    0.7989
    0.3539   -0.7697   -0.5313
    0.7829    0.5546   -0.2820
...   107 T-A ...
  -26.8761 -128.3660  126.3860
    0.6237   -0.7030    0.3417
    0.0042   -0.4341   -0.9008
    0.7816    0.5633   -0.2679
...   108 C-G ...
  -24.1758 -126.4113  125.7039
    0.5090   -0.8061   -0.3020
   -0.3932    0.0944   -0.9146
    0.7657    0.5842   -0.2689
...   109 C-G ...
  -21.6653 -124.4065  124.9313
    0.1382   -0.6782   -0.7217
   -0.6124    0.5142   -0.6005
    0.7784    0.5250   -0.3443
...   110 G-C ...
  -19.5248 -122.4234  123.7964
   -0.2875   -0.3532   -0.8903
   -0.6022    0.7894   -0.1187
    0.7447    0.5020   -0.4397
...   111 G-C ...
  -17.0564 -120.9015  122.1411
   -0.6422    0.1132   -0.7581
   -0.3338    0.8490    0.4096
    0.6900    0.5161   -0.5075
...   112 C-G ...
  -14.8495 -119.5647  120.0163
   -0.7579    0.5399   -0.3661
    0.0871    0.6399    0.7635
    0.6465    0.5468   -0.5320
...   113 T-A ...
  -12.8618 -117.7963  118.0223
   -0.6431    0.7526    0.1416
    0.4961    0.2686    0.8257
    0.5834    0.6012   -0.5461
...   114 C-G ...
  -11.0554 -115.5493  116.4387
   -0.2545    0.7401    0.6225
    0.8183   -0.1782    0.5465
    0.5154    0.6484   -0.5602
...   115 G-C ...
   -8.9668 -113.4260  114.9278
    0.2480    0.4429    0.8616
    0.8381   -0.5441    0.0384
    0.4858    0.7126   -0.5062
...   116 T-A ...
   -7.7653 -110.5296  113.7041
    0.6489    0.0483    0.7594
    0.5751   -0.6847   -0.4478
    0.4983    0.7273   -0.4720
...   117 A-T ...
   -6.1859 -107.7833  112.4481
    0.8508   -0.3937    0.3482
    0.0809   -0.5565   -0.8269
    0.5193    0.7317   -0.4416
...   118 T-A ...
   -4.4719 -105.0879  111.6558
    0.7827   -0.6050   -0.1459
   -0.3776   -0.2752   -0.8841
    0.4948    0.7471   -0.4439
...   119 A-T ...
   -3.0996 -102.4187  109.9187
    0.3460   -0.5983   -0.7227
   -0.8165    0.1874   -0.5461
    0.4622    0.7791   -0.4236
...   120 A-T ...
   -1.3364  -99.9809  108.6768
   -0.1977   -0.3907   -0.8991
   -0.8697    0.4931   -0.0231
    0.4523    0.7773   -0.4372
...   121 T-A ...
    0.6312  -97.7975  107.1058
   -0.6303   -0.0708   -0.7731
   -0.6341    0.6216    0.4600
    0.4480    0.7801   -0.4367
...   122 G-C ...
    2.1053  -95.1030  105.4759
   -0.9246    0.2481   -0.2890
   -0.1124    0.5473    0.8293
    0.3640    0.7993   -0.4782
...   123 T-A ...
    3.0955  -92.6863  103.4915
   -0.8569    0.4776    0.1940
    0.3857    0.3444    0.8560
    0.3420    0.8083   -0.4793
...   124 G-C ...
    4.0940  -89.8881  101.8970
   -0.4816    0.5297    0.6982
    0.8321    0.0265    0.5539
    0.2749    0.8478   -0.4535
...   125 T-A ...
    4.4940  -87.1289  100.2830
    0.0220    0.4267    0.9041
    0.9651   -0.2452    0.0923
    0.2611    0.8705   -0.4172
...   126 C-G ...
    5.2774  -84.2883   99.0776
    0.5950    0.2038    0.7774
    0.7661   -0.4364   -0.4719
    0.2431    0.8764   -0.4158
...   127 G-C ...
    6.5401  -81.6518   97.4529
    0.8857   -0.1721    0.4312
    0.3209   -0.4443   -0.8364
    0.3356    0.8792   -0.3383
...   128 A-T ...
    7.4891  -78.8044   96.3893
    0.9014   -0.4055   -0.1518
   -0.2766   -0.2694   -0.9225
    0.3331    0.8735   -0.3550
...   129 C-G ...
    8.8905  -75.8360   95.9462
    0.5954   -0.5226   -0.6102
   -0.7167   -0.0023   -0.6974
    0.3631    0.8525   -0.3760
...   130 C-G ...
   10.6093  -73.1650   94.7027
    0.0742   -0.5270   -0.8466
   -0.9107    0.3101   -0.2728
    0.4063    0.7913   -0.4569
...   131 A-T ...
   11.2025  -70.2032   93.0983
   -0.5170   -0.3047   -0.8000
   -0.7682    0.5774    0.2765
    0.3776    0.7575   -0.5325
...   132 A-T ...
   12.4563  -67.8297   91.2073
   -0.8716    0.0837   -0.4830
   -0.3164    0.6564    0.6848
    0.3744    0.7497   -0.5456
...   133 A-T ...
   13.7417  -65.6289   89.1326
   -0.8711    0.4912   -0.0018
    0.2630    0.4696    0.8428
    0.4148    0.7336   -0.5382
...   134 T-A ...
   14.7384  -63.4258   86.8200
   -0.5923    0.6747    0.4404
    0.6886    0.1401    0.7115
    0.4183    0.7247   -0.5475
...   135 G-C ...
   15.7316  -61.4928   83.9331
    0.0341    0.7400    0.6717
    0.8636   -0.3601    0.3528
    0.5030    0.5681   -0.6514
...   136 T-A ...
   15.7848  -59.5604   80.7993
    0.5517    0.4998    0.6677
    0.6739   -0.7388   -0.0038
    0.4915    0.4520   -0.7444
...   137 G-C ...
   16.8385  -57.7218   78.2676
    0.8528   -0.0848    0.5153
    0.1507   -0.9048   -0.3983
    0.5000    0.4173   -0.7588
...   138 A-T ...
   18.4282  -55.5286   76.5299
    0.8547   -0.5006    0.1371
   -0.3188   -0.7148   -0.6224
    0.4096    0.4883   -0.7706
...   139 G-C ...
   20.4259  -54.3093   74.5420
    0.5847   -0.7389   -0.3347
   -0.7593   -0.3533   -0.5465
    0.2856    0.5737   -0.7676
...   140 C-G ...
   21.4269  -51.8265   72.7876
    0.1304   -0.7144   -0.6875
   -0.8897    0.2216   -0.3991
    0.4375    0.6637   -0.6067
...   141 G-C ...
   22.1521  -50.1494   67.4640
   -0.4682   -0.8748    0.1248
   -0.8494    0.4066   -0.3364
    0.2435   -0.2635   -0.9334
...   142 C-G ...
   22.3488  -51.2413   64.4934
   -0.8528   -0.5119   -0.1032
   -0.4975    0.8565   -0.1374
    0.1587   -0.0659   -0.9851
...   143 T-A ...
   24.0165  -51.6378   61.9248
   -0.9562    0.0401   -0.2898
    0.0524    0.9980   -0.0348
    0.2878   -0.0485   -0.9565
...   144 C-G ...
   24.8957  -52.7395   58.9874
   -0.7529    0.5560   -0.3520
    0.5214    0.8304    0.1965
    0.4016   -0.0356   -0.9151
...   145 A-T ...
   25.5275  -52.9802   55.8053
   -0.2442    0.9563   -0.1610
    0.8906    0.2869    0.3528
    0.3836   -0.0573   -0.9217
...   146 C-G ...
   25.2777  -52.5122   52.0797
    0.3204    0.9427   -0.0929
    0.8825   -0.2614    0.3909
    0.3443   -0.2072   -0.9157
...   147 A-T ...
   25.6238  -52.5939   48.6396
    0.8597    0.5097    0.0339
    0.4496   -0.7865    0.4233
    0.2424   -0.3487   -0.9053
