  147 base-pairs
...     1 T-A ...
    0.0000    0.0000    0.0000
    1.0000    0.0000    0.0000
    0.0000    1.0000    0.0000
    0.0000    0.0000    1.0000
...     2 G-C ...
   -0.5555   -1.1003    3.3981
    0.7749    0.6051    0.1828
   -0.5991    0.7953   -0.0929
   -0.2016   -0.0375    0.9787
...     3 T-A ...
   -0.6619   -3.0237    6.5348
    0.3046    0.9250    0.2271
   -0.8994    0.3578   -0.2510
   -0.3134   -0.1278    0.9410
...     4 G-C ...
   -1.1607   -3.8418    9.6940
   -0.3351    0.9421    0.0133
   -0.8752   -0.3061   -0.3746
   -0.3489   -0.1372    0.9271
...     5 A-T ...
   -1.3881   -3.6770   12.8999
   -0.7835    0.6162   -0.0801
   -0.5677   -0.7622   -0.3109
   -0.2527   -0.1981    0.9470
...     6 G-C ...
   -2.6236   -3.5448   15.7072
   -0.9923    0.0611   -0.1075
   -0.0294   -0.9610   -0.2748
   -0.1201   -0.2695    0.9555
...     7 C-G ...
   -2.3138   -3.7570   18.8866
   -0.8620   -0.4995   -0.0864
    0.5008   -0.8655    0.0073
   -0.0785   -0.0370    0.9962
...     8 G-C ...
   -3.9561   -6.8109   23.3205
   -0.2581   -0.3560   -0.8981
    0.6294   -0.7673    0.1233
   -0.7330   -0.5335    0.4221
...     9 C-G ...
   -6.1177   -8.9414   24.2385
    0.1143   -0.7320   -0.6716
    0.8123   -0.3203    0.4874
   -0.5720   -0.6013    0.5580
...    10 T-A ...
   -8.5041   -9.6771   26.0540
    0.4660   -0.8587   -0.2131
    0.6274    0.1508    0.7640
   -0.6239   -0.4897    0.6090
...    11 C-G ...
  -11.0625  -11.3174   27.2336
    0.6660   -0.6911    0.2808
    0.3382    0.6152    0.7121
   -0.6649   -0.3794    0.6435
...    12 A-T ...
  -13.0013  -13.1789   29.0658
    0.7188   -0.1490    0.6790
   -0.1787    0.9043    0.3876
   -0.6718   -0.4000    0.6235
...    13 C-G ...
  -14.1788  -15.9359   31.3399
    0.4052    0.2865    0.8682
   -0.5270    0.8492   -0.0343
   -0.7470   -0.4437    0.4951
...    14 A-T ...
  -15.9532  -18.1566   33.3080
   -0.1503    0.6873    0.7107
   -0.6106    0.5008   -0.6135
   -0.7776   -0.5261    0.3444
...    15 A-T ...
  -18.3880  -19.8469   34.6244
   -0.4570    0.8645    0.2093
   -0.4158    0.0004   -0.9095
   -0.7863   -0.5027    0.3592
...    16 T-A ...
  -20.7614  -21.2590   36.4125
   -0.5940    0.7473   -0.2978
   -0.1270   -0.4527   -0.8826
   -0.7943   -0.4865    0.3638
...    17 T-A ...
  -23.3695  -22.6468   37.7738
   -0.5559    0.3370   -0.7599
    0.2365   -0.8123   -0.5332
   -0.7969   -0.4761    0.3719
...    18 T-A ...
  -26.0621  -23.9413   39.0795
   -0.3251   -0.2213   -0.9194
    0.5145   -0.8571    0.0244
   -0.7935   -0.4651    0.3925
...    19 A-T ...
  -28.4365  -25.8476   40.6465
    0.0644   -0.7584   -0.6486
    0.6044   -0.4875    0.6301
   -0.7940   -0.4326    0.4270
...    20 T-A ...
  -31.4205  -27.0203   41.5184
    0.3552   -0.9113   -0.2084
    0.4841   -0.0114    0.8749
   -0.7997   -0.4117    0.4371
...    21 T-A ...
  -34.1632  -28.3372   42.7033
    0.5478   -0.7501    0.3705
    0.1888    0.5423    0.8187
   -0.8150   -0.3785    0.4387
...    22 C-G ...
  -36.8789  -29.6161   44.1006
    0.5656   -0.2524    0.7851
   -0.1802    0.8912    0.4163
   -0.8048   -0.3769    0.4586
...    23 G-C ...
  -39.7179  -30.4403   45.7779
    0.4390    0.3530    0.8263
   -0.4818    0.8687   -0.1152
   -0.7584   -0.3476    0.5514
...    24 C-G ...
  -41.9585  -31.8687   47.7921
    0.1314    0.7966    0.5901
   -0.6491    0.5191   -0.5562
   -0.7493   -0.3099    0.5853
...    25 A-T ...
  -44.6331  -32.7156   49.6461
   -0.1961    0.9768    0.0862
   -0.6250   -0.0568   -0.7785
   -0.7556   -0.2065    0.6217
...    26 A-T ...
  -46.9762  -33.2488   51.8339
   -0.5175    0.7611   -0.3911
   -0.3976   -0.6186   -0.6777
   -0.7578   -0.1952    0.6227
...    27 A-T ...
  -49.4038  -33.6455   53.9630
   -0.6521    0.2538   -0.7144
   -0.0244   -0.9488   -0.3149
   -0.7577   -0.1879    0.6250
...    28 G-C ...
  -52.0367  -33.9359   56.0066
   -0.5153   -0.3000   -0.8028
    0.3225   -0.9357    0.1427
   -0.7940   -0.1854    0.5789
...    29 G-C ...
  -54.9304  -34.3709   57.7423
   -0.1865   -0.7621   -0.6200
    0.5348   -0.6081    0.5867
   -0.8242   -0.2221    0.5210
...    30 C-G ...
  -57.9180  -34.9853   59.1310
    0.1766   -0.9645   -0.1965
    0.5372   -0.0729    0.8403
   -0.8248   -0.2539    0.5052
...    31 C-G ...
  -60.8079  -35.9770   60.6073
    0.5075   -0.8154    0.2785
    0.3269    0.4813    0.8133
   -0.7972   -0.3217    0.5108
...    32 G-C ...
  -63.3597  -36.8077   62.6881
    0.6770   -0.3478    0.6487
   -0.0467    0.8592    0.5094
   -0.7345   -0.3752    0.5654
...    33 G-C ...
  -65.7274  -38.2961   64.5910
    0.5884    0.2285    0.7756
   -0.4327    0.8993    0.0633
   -0.6831   -0.3729    0.6280
...    34 C-G ...
  -67.7011  -39.8331   66.8002
    0.2717    0.7105    0.6492
   -0.6966    0.6106   -0.3768
   -0.6641   -0.3498    0.6608
...    35 C-G ...
  -69.7216  -40.9483   69.2783
   -0.1166    0.9557    0.2703
   -0.7470    0.0949   -0.6580
   -0.6545   -0.2786    0.7029
...    36 C-G ...
  -71.7926  -41.6392   71.8747
   -0.4666    0.8612   -0.2017
   -0.5705   -0.4673   -0.6754
   -0.6759   -0.2001    0.7093
...    37 G-C ...
  -74.3397  -42.4296   73.9698
   -0.6413    0.4461   -0.6243
   -0.2172   -0.8859   -0.4099
   -0.7359   -0.1273    0.6650
...    38 A-T ...
  -76.7877  -42.7387   76.1673
   -0.6214   -0.1798   -0.7626
    0.2112   -0.9757    0.0579
   -0.7545   -0.1251    0.6443
...    39 C-G ...
  -79.5148  -42.5753   78.0876
   -0.3878   -0.6764   -0.6262
    0.5074   -0.7238    0.4676
   -0.7695   -0.1363    0.6239
...    40 A-T ...
  -81.9829  -43.1886   80.2848
    0.0595   -0.9567   -0.2848
    0.6186   -0.1886    0.7628
   -0.7835   -0.2215    0.5806
...    41 C-G ...
  -84.9132  -43.9702   81.6575
    0.4084   -0.8995    0.1551
    0.4791    0.3559    0.8024
   -0.7769   -0.2534    0.5763
...    42 G-C ...
  -87.3016  -44.7200   83.9483
    0.6909   -0.4959    0.5261
    0.1266    0.7994    0.5873
   -0.7118   -0.3392    0.6150
...    43 A-T ...
  -89.5986  -45.9285   85.9843
    0.6467    0.1010    0.7560
   -0.3299    0.9307    0.1579
   -0.6877   -0.3516    0.6352
...    44 C-G ...
  -91.4966  -47.6157   88.1444
    0.3786    0.5973    0.7070
   -0.6396    0.7210   -0.2667
   -0.6690   -0.3513    0.6550
...    45 T-A ...
  -93.4583  -48.8289   90.5611
   -0.0107    0.9110    0.4123
   -0.7614    0.2598   -0.5939
   -0.6482   -0.3203    0.6909
...    46 T-A ...
  -95.3625  -49.8966   92.9853
   -0.4798    0.8774   -0.0024
   -0.6018   -0.3311   -0.7268
   -0.6384   -0.3473    0.6869
...    47 A-T ...
  -97.6981  -51.4105   94.9683
   -0.7780    0.4266   -0.4612
   -0.1236   -0.8237   -0.5534
   -0.6160   -0.3736    0.6936
...    48 C-G ...
  -99.8017  -52.0494   97.4967
   -0.7089   -0.0845   -0.7002
    0.3202   -0.9231   -0.2128
   -0.6284   -0.3751    0.6815
...    49 T-A ...
 -102.1108  -53.0533   99.7002
   -0.3784   -0.5564   -0.7397
    0.6532   -0.7267    0.2125
   -0.6558   -0.4028    0.6385
...    50 G-C ...
 -104.1975  -54.6144  101.8216
    0.1461   -0.8284   -0.5408
    0.7403   -0.2711    0.6153
   -0.6563   -0.4903    0.5736
...    51 T-A ...
 -106.7405  -56.2264  103.2090
    0.5503   -0.8208   -0.1532
    0.5445    0.2137    0.8110
   -0.6330   -0.5297    0.5646
...    52 A-T ...
 -108.7317  -58.0168  105.2422
    0.8178   -0.4742    0.3263
    0.0777    0.6526    0.7537
   -0.5703   -0.5910    0.5705
...    53 G-C ...
 -110.4837  -60.2358  106.9948
    0.7668    0.0029    0.6419
   -0.3979    0.7869    0.4716
   -0.5038   -0.6170    0.6046
...    54 G-C ...
 -111.8089  -62.4739  109.1596
    0.4448    0.4916    0.7487
   -0.7844    0.6173    0.0607
   -0.4323   -0.6142    0.6602
...    55 T-A ...
 -112.6399  -64.7135  111.4930
   -0.0503    0.7561    0.6525
   -0.9074    0.2383   -0.3460
   -0.4171   -0.6095    0.6741
...    56 A-T ...
 -114.5895  -66.8492  113.3793
   -0.6833    0.6692    0.2921
   -0.6257   -0.3304   -0.7066
   -0.3764   -0.6656    0.6445
...    57 T-A ...
 -115.5001  -68.6844  116.0030
   -0.9222    0.3718   -0.1060
   -0.1657   -0.6280   -0.7604
   -0.3493   -0.6837    0.6408
...    58 C-G ...
 -116.6382  -70.8883  118.2095
   -0.8275   -0.0907   -0.5541
    0.4423   -0.7131   -0.5439
   -0.3458   -0.6952    0.6302
...    59 T-A ...
 -118.0295  -73.0297  120.3758
   -0.4274   -0.4325   -0.7939
    0.8288   -0.5381   -0.1530
   -0.3610   -0.7234    0.5885
...    60 C-G ...
 -119.2694  -75.3584  122.3614
    0.1765   -0.6328   -0.7539
    0.9241   -0.1574    0.3484
   -0.3391   -0.7581    0.5570
...    61 G-C ...
 -120.0859  -77.9488  124.3855
    0.7129   -0.4848   -0.5068
    0.6598    0.2186    0.7189
   -0.2377   -0.8469    0.4757
...    62 A-T ...
 -120.8206  -80.7765  125.8585
    0.9796   -0.2001   -0.0160
    0.1055    0.4453    0.8891
   -0.1708   -0.8727    0.4574
...    63 G-C ...
 -121.1825  -83.8174  127.1287
    0.8929    0.1510    0.4243
   -0.4444    0.4481    0.7757
   -0.0730   -0.8811    0.4672
...    64 C-G ...
 -120.8923  -86.8314  128.5087
    0.4950    0.4144    0.7637
   -0.8689    0.2449    0.4302
   -0.0088   -0.8765    0.4812
...    65 T-A ...
 -120.5165  -89.6843  130.1918
   -0.0687    0.5117    0.8564
   -0.9966   -0.0750   -0.0351
    0.0463   -0.8559    0.5151
...    66 C-G ...
 -120.2923  -92.4115  132.0623
   -0.6672    0.3429    0.6613
   -0.7412   -0.3947   -0.5431
    0.0747   -0.8524    0.5175
...    67 G-C ...
 -120.3883  -95.4772  133.5062
   -0.9802    0.0628    0.1877
   -0.1916   -0.5388   -0.8203
    0.0496   -0.8401    0.5402
...    68 G-C ...
 -120.1624  -98.2071  135.5316
   -0.9130   -0.2236   -0.3413
    0.4077   -0.4634   -0.7868
    0.0178   -0.8574    0.5143
...    69 G-C ...
 -120.0982 -100.9830  137.5061
   -0.5196   -0.3864   -0.7620
    0.8544   -0.2266   -0.4676
    0.0080   -0.8940    0.4479
...    70 A-T ...
 -120.0700 -103.8509  139.1160
    0.0947   -0.3984   -0.9123
    0.9947    0.0753    0.0703
    0.0407   -0.9141    0.4034
...    71 T-A ...
 -120.5310 -106.9059  140.1964
    0.5862   -0.2703   -0.7637
    0.8074    0.2730    0.5231
    0.0671   -0.9232    0.3783
...    72 C-G ...
 -120.2751 -109.9568  141.3376
    0.9400    0.0220   -0.3403
    0.3096    0.3632    0.8788
    0.1430   -0.9315    0.3346
...    73 C-G ...
 -119.5071 -113.1401  142.1071
    0.9302    0.3314    0.1577
   -0.2439    0.2374    0.9403
    0.2741   -0.9131    0.3017
...    74 G-C ...
 -118.2721 -115.9589  143.5412
    0.5842    0.5166    0.6259
   -0.6910   -0.0879    0.7175
    0.4257   -0.8517    0.3056
...    75 C-G ...
 -116.3348 -118.4986  144.5417
    0.0808    0.3987    0.9135
   -0.8739   -0.4124    0.2573
    0.4793   -0.8191    0.3151
...    76 T-A ...
 -114.4399 -120.9831  145.7477
   -0.4288    0.1061    0.8971
   -0.7426   -0.6069   -0.2832
    0.5144   -0.7877    0.3391
...    77 T-A ...
 -112.4877 -123.3313  146.9455
   -0.7460   -0.3530    0.5647
   -0.3347   -0.5342   -0.7762
    0.5757   -0.7681    0.2804
...    78 T-A ...
 -110.4417 -125.6243  148.0972
   -0.7453   -0.6667   -0.0052
    0.1693   -0.1817   -0.9687
    0.6449   -0.7228    0.2483
...    79 A-T ...
 -107.7332 -127.7903  148.3043
   -0.3640   -0.6607   -0.6565
    0.5906    0.3813   -0.7112
    0.7202   -0.6466    0.2514
...    80 A-T ...
 -105.5062 -129.9598  149.2676
    0.0597   -0.3036   -0.9509
    0.6669    0.7209   -0.1883
    0.7427   -0.6229    0.2456
...    81 C-G ...
 -103.4635 -132.4358  150.0334
    0.3676    0.1715   -0.9140
    0.5229    0.7747    0.3556
    0.7690   -0.6087    0.1951
...    82 A-T ...
 -100.7322 -134.3081  150.7031
    0.4776    0.6768   -0.5602
    0.2383    0.5140    0.8241
    0.8456   -0.5271    0.0842
...    83 C-G ...
  -98.0188 -136.1140  150.3257
    0.4727    0.8805   -0.0363
   -0.0277    0.0560    0.9980
    0.8808   -0.4708    0.0509
...    84 T-A ...
  -94.9503 -137.3774  150.1989
    0.3038    0.8026    0.5134
   -0.2209   -0.4648    0.8574
    0.9268   -0.3739    0.0361
...    85 T-A ...
  -91.8525 -138.3636  150.1768
    0.1218    0.3680    0.9218
   -0.3308   -0.8606    0.3873
    0.9358   -0.3521    0.0170
...    86 T-A ...
  -88.6958 -139.2057  150.1733
   -0.0517   -0.2427    0.9687
   -0.3251   -0.9131   -0.2462
    0.9443   -0.3276   -0.0317
...    87 A-T ...
  -85.6955 -140.8454  149.3894
   -0.1293   -0.8592    0.4950
   -0.2296   -0.4597   -0.8579
    0.9646   -0.2246   -0.1379
...    88 T-A ...
  -82.3938 -141.3374  149.5849
   -0.1836   -0.9818   -0.0486
   -0.1432    0.0757   -0.9868
    0.9725   -0.1742   -0.1545
...    89 G-C ...
  -79.1878 -141.6997  148.6947
   -0.2747   -0.7232   -0.6337
   -0.0214    0.6635   -0.7479
    0.9613   -0.1919   -0.1977
...    90 C-G ...
  -75.9634 -142.5450  148.3635
   -0.2842   -0.2135   -0.9347
    0.1054    0.9620   -0.2518
    0.9530   -0.1701   -0.2509
...    91 T-A ...
  -72.8733 -143.3358  147.4321
   -0.2662    0.3567   -0.8955
    0.2332    0.9252    0.2992
    0.9353   -0.1292   -0.3294
...    92 T-A ...
  -69.9139 -143.8331  146.2395
   -0.1422    0.8279   -0.5426
    0.3441    0.5553    0.7571
    0.9281   -0.0791   -0.3638
...    93 C-G ...
  -66.9247 -143.9369  144.9303
    0.0140    0.9992    0.0373
    0.3906   -0.0398    0.9197
    0.9205    0.0017   -0.3908
...    94 C-G ...
  -63.9445 -143.4196  143.4228
    0.1292    0.8045    0.5798
    0.3814   -0.5800    0.7198
    0.9153    0.1282   -0.3818
...    95 G-C ...
  -60.6846 -142.8478  142.6504
    0.2328    0.3062    0.9230
    0.3325   -0.9170    0.2204
    0.9139    0.2556   -0.3153
...    96 G-C ...
  -57.5927 -141.5841  141.9464
    0.3333   -0.2833    0.8992
    0.1988   -0.9112   -0.3608
    0.9216    0.2991   -0.2474
...    97 T-A ...
  -54.6027 -140.0741  141.5452
    0.3958   -0.7375    0.5473
   -0.0082   -0.5987   -0.8009
    0.9183    0.3125   -0.2431
...    98 C-G ...
  -51.5408 -138.9787  140.8372
    0.3213   -0.9439   -0.0760
   -0.2582   -0.0101   -0.9660
    0.9111    0.3300   -0.2470
...    99 A-T ...
  -48.6917 -137.6628  139.6488
    0.0544   -0.7631   -0.6440
   -0.4126    0.5701   -0.7104
    0.9093    0.3044   -0.2838
...   100 T-A ...
  -45.4663 -137.1352  139.1071
   -0.1613   -0.3444   -0.9249
   -0.3966    0.8808   -0.2588
    0.9037    0.3250   -0.2787
...   101 G-C ...
  -42.5776 -135.7411  138.0981
   -0.4576    0.2088   -0.8643
   -0.2242    0.9136    0.3394
    0.8605    0.3490   -0.3712
...   102 T-A ...
  -39.7751 -135.0573  136.4862
   -0.5525    0.6471   -0.5254
    0.0541    0.6568    0.7521
    0.8318    0.3871   -0.3979
...   103 T-A ...
  -37.1624 -133.8296  135.0222
   -0.4532    0.8911    0.0237
    0.3712    0.1645    0.9139
    0.8105    0.4229   -0.4053
...   104 A-T ...
  -34.4953 -132.1906  133.7945
   -0.2092    0.7647    0.6095
    0.6066   -0.3873    0.6942
    0.7670    0.5150   -0.3829
...   105 T-A ...
  -32.4736 -130.0975  132.2495
    0.1299    0.4487    0.8842
    0.6384   -0.7202    0.2717
    0.7587    0.5291   -0.3800
...   106 A-T ...
  -29.7008 -128.5646  131.0224
    0.5215   -0.1203    0.8447
    0.4187   -0.8266   -0.3762
    0.7435    0.5498   -0.3806
...   107 A-T ...
  -27.3772 -126.5324  129.9511
    0.6996   -0.5665    0.4354
    0.0223   -0.5918   -0.8058
    0.7142    0.5735   -0.4014
...   108 C-G ...
  -24.9213 -124.3497  129.2097
    0.5981   -0.7975   -0.0796
   -0.3621   -0.1803   -0.9145
    0.7149    0.5758   -0.3966
...   109 G-C ...
  -22.7928 -122.3669  127.4626
    0.2181   -0.7876   -0.5763
   -0.6460    0.3261   -0.6901
    0.7315    0.5228   -0.4377
...   110 G-C ...
  -20.1949 -120.6388  126.1380
   -0.2398   -0.4995   -0.8324
   -0.6625    0.7110   -0.2358
    0.7097    0.4949   -0.5014
...   111 A-T ...
  -17.8138 -119.0230  124.5403
   -0.6186    0.0116   -0.7856
   -0.3903    0.8633    0.3201
    0.6819    0.5046   -0.5295
...   112 C-G ...
  -15.5054 -117.8752  122.4697
   -0.7602    0.4509   -0.4678
    0.0062    0.7250    0.6887
    0.6497    0.5206   -0.5540
...   113 T-A ...
  -13.5667 -116.2090  120.3473
   -0.6846    0.7284    0.0263
    0.4350    0.3793    0.8166
    0.5849    0.5705   -0.5765
...   114 C-G ...
  -11.7990 -114.2193  118.4212
   -0.3136    0.7840    0.5357
    0.7727   -0.1172    0.6239
    0.5519    0.6096   -0.5690
...   115 G-C ...
   -9.7313 -112.0241  116.8774
    0.1303    0.5048    0.8533
    0.8464   -0.5049    0.1694
    0.5164    0.7002   -0.4931
...   116 T-A ...
   -8.5240 -109.2862  115.3953
    0.5569    0.1354    0.8194
    0.6483   -0.6876   -0.3270
    0.5192    0.7134   -0.4707
...   117 A-T ...
   -6.6196 -107.1453  113.5632
    0.8558   -0.3311    0.3974
    0.1290   -0.6075   -0.7838
    0.5009    0.7221   -0.4772
...   118 T-A ...
   -4.9580 -104.4389  112.6061
    0.8045   -0.5885   -0.0802
   -0.3405   -0.3463   -0.8741
    0.4866    0.7306   -0.4790
...   119 A-T ...
   -3.6973 -101.9650  110.6201
    0.3929   -0.6529   -0.6476
   -0.7934    0.1154   -0.5977
    0.4650    0.7486   -0.4727
...   120 A-T ...
   -1.9848  -99.5851  109.2024
   -0.1458   -0.4479   -0.8821
   -0.8774    0.4704   -0.0938
    0.4570    0.7603   -0.4616
...   121 T-A ...
    0.0327  -97.5054  107.6233
   -0.5816   -0.1380   -0.8016
   -0.6751    0.6317    0.3810
    0.4538    0.7628   -0.4606
...   122 G-C ...
    1.2563  -94.7566  106.1302
   -0.9071    0.1910   -0.3752
   -0.1892    0.6110    0.7686
    0.3761    0.7682   -0.5181
...   123 T-A ...
    2.3472  -92.5480  103.8992
   -0.8775    0.4652    0.1163
    0.3327    0.4159    0.8464
    0.3453    0.7814   -0.5197
...   124 G-C ...
    3.4391  -89.7271  102.4377
   -0.5392    0.5481    0.6395
    0.7977    0.0889    0.5964
    0.2700    0.8317   -0.4851
...   125 T-A ...
    3.7005  -86.9077  100.6744
   -0.0287    0.4865    0.8732
    0.9647   -0.2155    0.1517
    0.2620    0.8467   -0.4632
...   126 C-G ...
    4.4779  -84.0362   99.2384
    0.5562    0.2362    0.7968
    0.7874   -0.4565   -0.4143
    0.2658    0.8578   -0.4399
...   127 G-C ...
    5.6991  -81.3153   97.6316
    0.8805   -0.1556    0.4478
    0.3273   -0.4838   -0.8117
    0.3430    0.8612   -0.3751
...   128 A-T ...
    6.8179  -78.4282   96.4853
    0.8889   -0.4406   -0.1255
   -0.2719   -0.2870   -0.9185
    0.3687    0.8506   -0.3749
...   129 C-G ...
    8.3448  -75.5457   95.8062
    0.5898   -0.5497   -0.5916
   -0.7062    0.0042   -0.7080
    0.3917    0.8353   -0.3857
...   130 C-G ...
    9.9407  -72.8285   94.5685
    0.0569   -0.5208   -0.8518
   -0.9060    0.3315   -0.2631
    0.4194    0.7867   -0.4530
...   131 A-T ...
   11.0802  -70.1036   92.9680
   -0.5277   -0.2951   -0.7965
   -0.7514    0.5994    0.2757
    0.3961    0.7440   -0.5381
...   132 A-T ...
   12.4768  -67.8492   91.0867
   -0.8673    0.1167   -0.4839
   -0.2955    0.6616    0.6892
    0.4006    0.7407   -0.5393
...   133 A-T ...
   13.7572  -65.5866   89.1278
   -0.8691    0.4946    0.0088
    0.2745    0.4673    0.8404
    0.4116    0.7328   -0.5418
...   134 T-A ...
   14.7385  -63.4258   86.8201
   -0.5923    0.6747    0.4404
    0.6886    0.1401    0.7115
    0.4183    0.7247   -0.5475
...   135 G-C ...
   15.7318  -61.4928   83.9332
    0.0341    0.7400    0.6717
    0.8636   -0.3601    0.3528
    0.5030    0.5681   -0.6514
...   136 T-A ...
   15.7849  -59.5604   80.7994
    0.5517    0.4998    0.6677
    0.6739   -0.7388   -0.0038
    0.4915    0.4520   -0.7444
...   137 G-C ...
   16.8386  -57.7218   78.2677
    0.8528   -0.0848    0.5153
    0.1507   -0.9048   -0.3983
    0.5000    0.4173   -0.7588
...   138 A-T ...
   18.4283  -55.5286   76.5300
    0.8547   -0.5006    0.1371
   -0.3188   -0.7148   -0.6224
    0.4096    0.4883   -0.7706
...   139 G-C ...
   20.4260  -54.3093   74.5421
    0.5847   -0.7389   -0.3347
   -0.7593   -0.3533   -0.5465
    0.2856    0.5737   -0.7676
...   140 C-G ...
   21.4271  -51.8266   72.7877
    0.1304   -0.7144   -0.6875
   -0.8897    0.2216   -0.3991
    0.4375    0.6637   -0.6067
...   141 G-C ...
   22.1522  -50.1494   67.4641
   -0.4682   -0.8748    0.1248
   -0.8494    0.4066   -0.3364
    0.2435   -0.2635   -0.9334
...   142 C-G ...
   22.3490  -51.2413   64.4935
   -0.8528   -0.5119   -0.1032
   -0.4975    0.8565   -0.1374
    0.1587   -0.0659   -0.9851
...   143 T-A ...
   24.0167  -51.6378   61.9250
   -0.9562    0.0401   -0.2898
    0.0524    0.9980   -0.0348
    0.2878   -0.0485   -0.9564
...   144 C-G ...
   24.8959  -52.7395   58.9875
   -0.7529    0.5560   -0.3520
    0.5214    0.8304    0.1965
    0.4016   -0.0356   -0.9151
...   145 A-T ...
   25.5277  -52.9803   55.8055
   -0.2442    0.9563   -0.1610
    0.8906    0.2869    0.3528
    0.3836   -0.0573   -0.9217
...   146 C-G ...
   25.2779  -52.5122   52.0798
    0.3204    0.9427   -0.0929
    0.8825   -0.2614    0.3909
    0.3443   -0.2072   -0.9157
...   147 A-T ...
   25.6240  -52.5940   48.6397
    0.8597    0.5097    0.0339
    0.4496   -0.7865    0.4233
    0.2425   -0.3487   -0.9053
