  147 base-pairs
...     1 T-A ...
    0.0000    0.0000    0.0000
    1.0000    0.0000    0.0000
    0.0000    1.0000    0.0000
    0.0000    0.0000    1.0000
...     2 G-C ...
   -0.5555   -1.1003    3.3981
    0.7749    0.6051    0.1828
   -0.5991    0.7953   -0.0929
   -0.2016   -0.0375    0.9787
...     3 T-A ...
   -0.6619   -3.0237    6.5348
    0.3046    0.9250    0.2271
   -0.8994    0.3578   -0.2510
   -0.3134   -0.1278    0.9410
...     4 G-C ...
   -1.1607   -3.8418    9.6940
   -0.3351    0.9421    0.0133
   -0.8752   -0.3061   -0.3746
   -0.3489   -0.1372    0.9271
...     5 A-T ...
   -1.3881   -3.6770   12.8999
   -0.7835    0.6162   -0.0801
   -0.5677   -0.7622   -0.3109
   -0.2527   -0.1981    0.9470
...     6 G-C ...
   -2.6236   -3.5448   15.7072
   -0.9923    0.0611   -0.1075
   -0.0294   -0.9610   -0.2748
   -0.1201   -0.2695    0.9555
...     7 C-G ...
   -2.3138   -3.7570   18.8866
   -0.8620   -0.4995   -0.0864
    0.5008   -0.8655    0.0073
   -0.0785   -0.0370    0.9962
...     8 G-C ...
   -3.9561   -6.8109   23.3205
   -0.2581   -0.3560   -0.8981
    0.6294   -0.7673    0.1233
   -0.7330   -0.5335    0.4221
...     9 C-G ...
   -6.1177   -8.9414   24.2385
    0.1143   -0.7320   -0.6716
    0.8123   -0.3203    0.4874
   -0.5720   -0.6013    0.5580
...    10 T-A ...
   -8.5041   -9.6771   26.0540
    0.4660   -0.8587   -0.2131
    0.6274    0.1508    0.7640
   -0.6239   -0.4897    0.6090
...    11 C-G ...
  -11.0625  -11.3174   27.2336
    0.6660   -0.6911    0.2808
    0.3382    0.6152    0.7121
   -0.6649   -0.3794    0.6435
...    12 A-T ...
  -13.0013  -13.1789   29.0658
    0.7188   -0.1490    0.6790
   -0.1787    0.9043    0.3876
   -0.6718   -0.4000    0.6235
...    13 C-G ...
  -14.1788  -15.9359   31.3399
    0.4052    0.2865    0.8682
   -0.5270    0.8492   -0.0343
   -0.7470   -0.4437    0.4951
...    14 A-T ...
  -15.9532  -18.1566   33.3080
   -0.1503    0.6873    0.7107
   -0.6106    0.5008   -0.6135
   -0.7776   -0.5261    0.3444
...    15 A-T ...
  -18.5032  -19.7751   34.5117
   -0.4463    0.8746    0.1893
   -0.4145   -0.0145   -0.9099
   -0.7931   -0.4846    0.3690
...    16 T-A ...
  -20.9061  -21.1933   36.4322
   -0.6249    0.7054   -0.3345
   -0.0960   -0.4946   -0.8638
   -0.7748   -0.5077    0.3768
...    17 T-A ...
  -23.4397  -22.5897   37.9882
   -0.5885    0.2513   -0.7684
    0.2948   -0.8184   -0.4934
   -0.7528   -0.5169    0.4075
...    18 T-A ...
  -26.0208  -24.0338   39.4098
   -0.3204   -0.2908   -0.9015
    0.5834   -0.8104    0.0541
   -0.7463   -0.5086    0.4293
...    19 A-T ...
  -28.4209  -25.9304   41.1095
    0.1184   -0.8112   -0.5727
    0.6559   -0.3691    0.6584
   -0.7455   -0.4536    0.4884
...    20 T-A ...
  -31.3205  -27.1741   42.2524
    0.4170   -0.9041   -0.0929
    0.5022    0.1440    0.8527
   -0.7575   -0.4022    0.5141
...    21 T-A ...
  -33.9183  -28.5181   43.6879
    0.6011   -0.6484    0.4672
    0.1508    0.6662    0.7304
   -0.7848   -0.3686    0.4982
...    22 C-G ...
  -36.5384  -29.6820   45.3379
    0.5893   -0.1036    0.8013
   -0.2458    0.9217    0.3000
   -0.7696   -0.3737    0.5177
...    23 G-C ...
  -39.3803  -30.2987   47.1332
    0.4727    0.4877    0.7339
   -0.5374    0.8196   -0.1985
   -0.6984   -0.3006    0.6496
...    24 C-G ...
  -41.4288  -31.5699   49.3654
    0.1621    0.8640    0.4767
   -0.7006    0.4410   -0.5610
   -0.6949   -0.2431    0.6768
...    25 A-T ...
  -44.0880  -32.2196   51.2861
   -0.2154    0.9765   -0.0098
   -0.6727   -0.1557   -0.7233
   -0.7078   -0.1492    0.6905
...    26 A-T ...
  -46.3719  -32.5186   53.6264
   -0.5503    0.7067   -0.4447
   -0.4347   -0.6972   -0.5701
   -0.7129   -0.1204    0.6909
...    27 A-T ...
  -48.5655  -32.6093   56.0443
   -0.7062    0.1626   -0.6891
   -0.0297   -0.9792   -0.2006
   -0.7073   -0.1212    0.6964
...    28 G-C ...
  -51.1011  -32.5159   58.3090
   -0.5715   -0.3931   -0.7203
    0.3417   -0.9121    0.2267
   -0.7461   -0.1165    0.6556
...    29 G-C ...
  -53.9054  -32.7324   60.3334
   -0.2203   -0.8498   -0.4789
    0.5968   -0.5058    0.6229
   -0.7715   -0.1486    0.6186
...    30 C-G ...
  -56.6722  -33.1991   62.0691
    0.1891   -0.9802   -0.0596
    0.6030    0.0680    0.7948
   -0.7750   -0.1862    0.6039
...    31 C-G ...
  -59.4698  -33.7242   63.9065
    0.5418   -0.7554    0.3685
    0.3831    0.6121    0.6918
   -0.7481   -0.2337    0.6210
...    32 G-C ...
  -61.6765  -34.1512   66.0897
    0.7302   -0.2867    0.6201
    0.0228    0.9174    0.3974
   -0.6828   -0.2760    0.6764
...    33 G-C ...
  -63.7230  -35.2523   68.5165
    0.6569    0.3055    0.6893
   -0.4072    0.9132   -0.0166
   -0.6346   -0.2698    0.7243
...    34 C-G ...
  -65.5770  -36.3803   70.9897
    0.3409    0.7837    0.5192
   -0.7133    0.5754   -0.4002
   -0.6124   -0.2339    0.7552
...    35 C-G ...
  -67.3366  -36.9143   73.8710
   -0.0874    0.9851    0.1483
   -0.7956    0.0205   -0.6054
   -0.5994   -0.1709    0.7820
...    36 C-G ...
  -69.2115  -37.2037   76.6779
   -0.4991    0.8238   -0.2688
   -0.6285   -0.5577   -0.5421
   -0.5965   -0.1017    0.7961
...    37 G-C ...
  -71.5560  -38.3196   78.9416
   -0.7264    0.3602   -0.5853
   -0.2304   -0.9300   -0.2865
   -0.6475   -0.0733    0.7585
...    38 A-T ...
  -73.5670  -38.5091   81.4120
   -0.7178   -0.2663   -0.6433
    0.2555   -0.9603    0.1123
   -0.6476   -0.0837    0.7574
...    39 C-G ...
  -75.9616  -38.4261   83.5703
   -0.4447   -0.7321   -0.5160
    0.5877   -0.6732    0.4488
   -0.6760   -0.1037    0.7296
...    40 A-T ...
  -78.3138  -38.8939   85.9600
    0.0447   -0.9797   -0.1953
    0.7281   -0.1019    0.6779
   -0.6840   -0.1725    0.7088
...    41 C-G ...
  -80.8441  -39.7712   87.9193
    0.4536   -0.8764    0.1618
    0.5843    0.4296    0.6885
   -0.6729   -0.2177    0.7069
...    42 G-C ...
  -82.7949  -40.2242   90.6062
    0.7574   -0.4232    0.4973
    0.1715    0.8637    0.4739
   -0.6301   -0.2736    0.7267
...    43 A-T ...
  -84.8580  -41.1205   92.8664
    0.7109    0.1783    0.6804
   -0.3103    0.9476    0.0758
   -0.6312   -0.2650    0.7290
...    44 C-G ...
  -86.6002  -42.5420   95.2950
    0.4548    0.6759    0.5799
   -0.6612    0.6925   -0.2887
   -0.5967   -0.2521    0.7618
...    45 T-A ...
  -88.1707  -43.6515   98.3579
    0.0030    0.9621    0.2728
   -0.8091    0.1627   -0.5648
   -0.5877   -0.2190    0.7789
...    46 T-A ...
  -89.8651  -44.3736  101.0093
   -0.4497    0.8902   -0.0722
   -0.6671   -0.3886   -0.6356
   -0.5939   -0.2377    0.7686
...    47 A-T ...
  -92.0720  -45.4050  103.3859
   -0.7844    0.4116   -0.4640
   -0.2035   -0.8774   -0.4344
   -0.5859   -0.2463    0.7720
...    48 C-G ...
  -94.0331  -45.5446  106.1021
   -0.7573   -0.1265   -0.6407
    0.2527   -0.9614   -0.1089
   -0.6022   -0.2444    0.7600
...    49 T-A ...
  -96.3397  -46.0544  108.5441
   -0.4447   -0.6123   -0.6537
    0.6164   -0.7388    0.2727
   -0.6499   -0.2817    0.7059
...    50 G-C ...
  -98.5819  -47.2209  110.8090
    0.0807   -0.8807   -0.4668
    0.7486   -0.2557    0.6118
   -0.6581   -0.3988    0.6386
...    51 T-A ...
 -101.0324  -48.5308  112.4307
    0.4917   -0.8623   -0.1210
    0.5923    0.2293    0.7724
   -0.6383   -0.4515    0.6235
...    52 A-T ...
 -102.9828  -50.1945  114.6003
    0.8138   -0.5015    0.2937
    0.1554    0.6747    0.7216
   -0.5600   -0.5416    0.6270
...    53 G-C ...
 -104.8573  -52.0739  116.4853
    0.8255   -0.0135    0.5643
   -0.3168    0.8163    0.4830
   -0.4672   -0.5775    0.6695
...    54 G-C ...
 -105.9328  -54.6263  118.7823
    0.5254    0.5033    0.6861
   -0.7552    0.6472    0.1036
   -0.3919   -0.5726    0.7201
...    55 T-A ...
 -106.6964  -56.6361  121.2784
    0.0402    0.7686    0.6384
   -0.9274    0.2665   -0.2624
   -0.3718   -0.5815    0.7236
...    56 A-T ...
 -107.6502  -58.5416  123.9253
   -0.5364    0.7730    0.3388
   -0.7638   -0.2738   -0.5845
   -0.3590   -0.5723    0.7373
...    57 T-A ...
 -108.3007  -60.1012  126.7765
   -0.8782    0.4782    0.0009
   -0.3487   -0.6391   -0.6855
   -0.3272   -0.6024    0.7281
...    58 C-G ...
 -109.4570  -61.9208  129.3922
   -0.9019   -0.0436   -0.4297
    0.2985   -0.7821   -0.5470
   -0.3122   -0.6216    0.7184
...    59 T-A ...
 -110.8195  -63.8294  131.8299
   -0.5735   -0.4317   -0.6962
    0.7453   -0.6278   -0.2246
   -0.3401   -0.6477    0.6818
...    60 C-G ...
 -111.9917  -65.9443  134.2496
    0.0023   -0.6928   -0.7212
    0.9478   -0.2283    0.2224
   -0.3187   -0.6841    0.6561
...    61 G-C ...
 -112.4818  -68.4118  136.4881
    0.5596   -0.5321   -0.6354
    0.8014    0.1520    0.5785
   -0.2113   -0.8329    0.5115
...    62 A-T ...
 -113.1065  -71.0624  138.3468
    0.9349   -0.2695   -0.2308
    0.3338    0.4475    0.8297
   -0.1203   -0.8527    0.5083
...    63 G-C ...
 -113.2953  -74.0692  139.7743
    0.9760    0.0895    0.1987
   -0.2169    0.4875    0.8458
   -0.0211   -0.8685    0.4952
...    64 C-G ...
 -112.9214  -77.1891  141.1156
    0.6643    0.3924    0.6362
   -0.7465    0.3066    0.5905
    0.0367   -0.8672    0.4966
...    65 T-A ...
 -112.5937  -80.0329  142.7563
    0.1389    0.5055    0.8516
   -0.9854   -0.0147    0.1695
    0.0982   -0.8627    0.4960
...    66 C-G ...
 -112.6354  -82.7273  144.6386
   -0.4988    0.3682    0.7847
   -0.8498   -0.3858   -0.3592
    0.1705   -0.8460    0.5053
...    67 G-C ...
 -113.0394  -86.1863  145.7689
   -0.9117    0.0516    0.4076
   -0.3650   -0.5570   -0.7460
    0.1885   -0.8289    0.5266
...    68 G-C ...
 -112.2348  -88.9336  147.6436
   -0.9578   -0.2569   -0.1287
    0.2340   -0.4377   -0.8681
    0.1667   -0.8616    0.4793
...    69 G-C ...
 -111.6586  -91.7254  149.4139
   -0.6767   -0.3764   -0.6328
    0.7276   -0.2105   -0.6529
    0.1126   -0.9022    0.4163
...    70 A-T ...
 -111.4448  -94.6913  150.9815
   -0.1004   -0.3952   -0.9131
    0.9859    0.0842   -0.1448
    0.1341   -0.9147    0.3812
...    71 T-A ...
 -111.6038  -97.7755  152.1164
    0.4237   -0.2454   -0.8719
    0.8920    0.2804    0.3545
    0.1575   -0.9280    0.3377
...    72 C-G ...
 -111.1474 -100.9167  153.0050
    0.8523    0.0379   -0.5217
    0.4770    0.3528    0.8050
    0.2146   -0.9349    0.2826
...    73 C-G ...
 -110.5077 -104.0149  153.8578
    0.9287    0.3659   -0.0609
   -0.0378    0.2569    0.9657
    0.3690   -0.8945    0.2524
...    74 G-C ...
 -109.0613 -106.7930  155.0987
    0.6809    0.5768    0.4512
   -0.5103   -0.0682    0.8573
    0.5252   -0.8140    0.2479
...    75 C-G ...
 -106.6507 -109.2195  155.7966
    0.2527    0.4300    0.8667
   -0.7793   -0.4405    0.4457
    0.5735   -0.7880    0.2238
...    76 T-A ...
 -104.6535 -111.7248  156.5961
   -0.2145    0.0827    0.9732
   -0.7504   -0.6518   -0.1100
    0.6252   -0.7539    0.2019
...    77 C-G ...
 -102.7140 -114.2646  157.5323
   -0.5912   -0.3402    0.7313
   -0.4664   -0.5956   -0.6540
    0.6580   -0.7277    0.1935
...    78 A-T ...
 -100.4274 -116.7879  157.5215
   -0.7883   -0.5880    0.1811
   -0.0273   -0.2606   -0.9651
    0.6146   -0.7658    0.1894
...    79 T-A ...
  -98.4847 -119.2161  158.6308
   -0.6838   -0.6371   -0.3558
    0.3829    0.1018   -0.9182
    0.6212   -0.7640    0.1743
...    80 G-C ...
  -96.2738 -121.8303  159.3552
   -0.3424   -0.3872   -0.8560
    0.6855    0.5201   -0.5095
    0.6425   -0.7613    0.0874
...    81 T-A ...
  -94.6061 -124.7057  159.8445
    0.0683   -0.0239   -0.9974
    0.7423    0.6692    0.0348
    0.6666   -0.7427    0.0635
...    82 T-A ...
  -92.5960 -127.1186  159.8799
    0.3867    0.4313   -0.8151
    0.5802    0.5733    0.5785
    0.7168   -0.6967   -0.0286
...    83 A-T ...
  -89.9991 -129.1380  159.7486
    0.5160    0.7830   -0.3473
    0.3065    0.2098    0.9285
    0.7999   -0.5855   -0.1318
...    84 T-A ...
  -87.5415 -130.9117  158.5760
    0.5737    0.7970    0.1888
    0.0205   -0.2444    0.9695
    0.8188   -0.5523   -0.1565
...    85 A-T ...
  -84.7203 -132.7450  158.3024
    0.4358    0.4980    0.7497
   -0.2770   -0.7183    0.6382
    0.8563   -0.4858   -0.1752
...    86 A-T ...
  -81.8308 -134.0325  157.6959
    0.2100   -0.0456    0.9766
   -0.4509   -0.8909    0.0554
    0.8675   -0.4520   -0.2077
...    87 C-G ...
  -78.4804 -134.9285  157.1418
   -0.0320   -0.5819    0.8126
   -0.4862   -0.7013   -0.5214
    0.8733   -0.4118   -0.2605
...    88 G-C ...
  -75.6745 -136.3456  156.1535
   -0.2803   -0.9313    0.2328
   -0.3433   -0.1292   -0.9303
    0.8964   -0.3407   -0.2834
...    89 G-C ...
  -72.5066 -137.1693  155.3732
   -0.4651   -0.8307   -0.3058
   -0.1620    0.4195   -0.8932
    0.8703   -0.3659   -0.3297
...    90 A-T ...
  -69.4851 -138.4491  154.5351
   -0.4700   -0.3922   -0.7907
    0.1280    0.8561   -0.5007
    0.8733   -0.3365   -0.3522
...    91 T-A ...
  -66.7937 -140.1664  153.6249
   -0.3607    0.1067   -0.9265
    0.3288    0.9442   -0.0193
    0.8728   -0.3116   -0.3757
...    92 T-A ...
  -64.0535 -141.4721  152.3258
   -0.0926    0.6475   -0.7565
    0.4605    0.7015    0.5440
    0.8828   -0.2979   -0.3631
...    93 T-A ...
  -61.2096 -142.2876  151.0354
    0.0839    0.9572   -0.2770
    0.4567    0.2102    0.8645
    0.8857   -0.1990   -0.4195
...    94 A-T ...
  -58.0795 -142.4281  149.6464
    0.1440    0.9161    0.3742
    0.4045   -0.3997    0.8226
    0.9031    0.0329   -0.4281
...    95 A-T ...
  -55.2793 -141.9881  148.2029
    0.3169    0.5154    0.7962
    0.2999   -0.8509    0.4314
    0.8998    0.1021   -0.4242
...    96 C-G ...
  -52.3988 -140.9522  146.7205
    0.4607   -0.0505    0.8861
    0.0967   -0.9896   -0.1066
    0.8823    0.1348   -0.4510
...    97 A-T ...
  -49.2801 -140.5402  145.4074
    0.4111   -0.6592    0.6297
   -0.1946   -0.7383   -0.6458
    0.8906    0.1430   -0.4318
...    98 C-G ...
  -46.0568 -139.6929  144.5629
    0.2501   -0.9549    0.1599
   -0.3913   -0.2508   -0.8854
    0.8856    0.1589   -0.4364
...    99 T-A ...
  -42.5634 -139.1267  143.6625
   -0.0164   -0.9177   -0.3970
   -0.4857    0.3544   -0.7991
    0.8740    0.1797   -0.4515
...   100 T-A ...
  -39.5582 -138.6985  142.4413
   -0.2638   -0.5124   -0.8172
   -0.4027    0.8284   -0.3894
    0.8765    0.2264   -0.4249
...   101 T-A ...
  -36.6191 -138.0879  141.1215
   -0.4621    0.0694   -0.8841
   -0.1866    0.9670    0.1734
    0.8670    0.2452   -0.4339
...   102 A-T ...
  -33.7649 -136.8419  139.7863
   -0.5369    0.6376   -0.5524
    0.1356    0.7115    0.6895
    0.8327    0.2953   -0.4685
...   103 T-A ...
  -31.4334 -136.1576  137.7016
   -0.4655    0.8778   -0.1126
    0.3906    0.3179    0.8639
    0.7942    0.3582   -0.4909
...   104 G-C ...
  -28.9957 -134.7758  135.8787
   -0.2157    0.8461    0.4874
    0.6275   -0.2624    0.7331
    0.7482    0.4640   -0.4743
...   105 C-G ...
  -26.8535 -132.7798  134.3087
    0.1376    0.5290    0.8374
    0.6603   -0.6791    0.3205
    0.7383    0.5089   -0.4427
...   106 T-A ...
  -24.4765 -130.4109  133.1912
    0.5048    0.0297    0.8627
    0.5111   -0.8157   -0.2710
    0.6956    0.5777   -0.4270
...   107 T-A ...
  -22.2922 -128.3308  132.0355
    0.7050   -0.4545    0.5445
    0.1405   -0.6630   -0.7353
    0.6952    0.5949   -0.4035
...   108 C-G ...
  -19.8842 -126.2065  130.8762
    0.6572   -0.7517   -0.0555
   -0.3382   -0.2283   -0.9130
    0.6736    0.6188   -0.4042
...   109 C-G ...
  -17.6269 -124.1345  129.6240
    0.3048   -0.7998   -0.5171
   -0.6430    0.2277   -0.7313
    0.7026    0.5554   -0.4448
...   110 G-C ...
  -15.7854 -122.1094  128.0723
   -0.1539   -0.5940   -0.7896
   -0.7141    0.6192   -0.3267
    0.6829    0.5136   -0.5195
...   111 G-C ...
  -13.4737 -120.5360  126.2229
   -0.5891   -0.1674   -0.7905
   -0.5011    0.8432    0.1949
    0.6339    0.5109   -0.5806
...   112 C-G ...
  -11.3178 -119.2840  123.9956
   -0.8042    0.3132   -0.5052
   -0.0790    0.7861    0.6130
    0.5891    0.5328   -0.6075
...   113 T-A ...
   -9.4781 -117.5923  121.7889
   -0.7615    0.6466   -0.0437
    0.3816    0.5018    0.7762
    0.5239    0.5745   -0.6289
...   114 C-G ...
   -7.8652 -115.4530  119.8437
   -0.4071    0.7925    0.4541
    0.7887    0.0543    0.6123
    0.4606    0.6075   -0.6472
...   115 G-C ...
   -5.9582 -113.3406  118.0673
    0.1145    0.6149    0.7803
    0.8986   -0.3991    0.1826
    0.4236    0.6802   -0.5982
...   116 T-A ...
   -5.0967 -110.4954  116.4365
    0.5755    0.2624    0.7746
    0.6922   -0.6607   -0.2904
    0.4356    0.7033   -0.5619
...   117 A-T ...
   -3.7640 -107.7924  114.8297
    0.8626   -0.2176    0.4567
    0.2136   -0.6616   -0.7188
    0.4586    0.7176   -0.5242
...   118 T-A ...
   -2.3231 -105.0394  113.7128
    0.8575   -0.5144   -0.0056
   -0.2748   -0.4488   -0.8503
    0.4349    0.7307   -0.5262
...   119 A-T ...
   -1.1673 -102.4636  111.6531
    0.4547   -0.6328   -0.6268
   -0.8026    0.0139   -0.5963
    0.3861    0.7742   -0.5016
...   120 A-T ...
    0.3538  -99.9726  110.2016
   -0.1026   -0.5058   -0.8565
   -0.9200    0.3756   -0.1115
    0.3781    0.7766   -0.5039
...   121 T-A ...
    2.1381  -97.7343  108.4782
   -0.5789   -0.2198   -0.7852
   -0.7231    0.5835    0.3697
    0.3769    0.7818   -0.4967
...   122 G-C ...
    3.3906  -95.0209  106.6995
   -0.9304    0.1291   -0.3431
   -0.2027    0.5987    0.7749
    0.3055    0.7905   -0.5309
...   123 T-A ...
    4.2805  -92.6764  104.5596
   -0.9023    0.4114    0.1285
    0.3198    0.4391    0.8396
    0.2890    0.7987   -0.5278
...   124 G-C ...
    5.1497  -89.9155  102.7965
   -0.5428    0.5375    0.6454
    0.8094    0.1295    0.5728
    0.2243    0.8333   -0.5053
...   125 T-A ...
    5.4012  -87.2458  101.0129
   -0.0348    0.4855    0.8736
    0.9769   -0.1678    0.1321
    0.2107    0.8580   -0.4685
...   126 C-G ...
    6.0220  -84.4379   99.6271
    0.5596    0.2926    0.7754
    0.8053   -0.4131   -0.4253
    0.1958    0.8624   -0.4668
...   127 G-C ...
    7.1778  -81.8134   97.8598
    0.8836   -0.0987    0.4577
    0.3637   -0.4708   -0.8038
    0.2948    0.8767   -0.3801
...   128 A-T ...
    8.0116  -78.9736   96.6619
    0.9240   -0.3644   -0.1155
   -0.2439   -0.3295   -0.9121
    0.2944    0.8710   -0.3933
...   129 C-G ...
    9.2635  -75.9550   96.1066
    0.6305   -0.5207   -0.5756
   -0.7034   -0.0698   -0.7074
    0.3282    0.8509   -0.4103
...   130 C-G ...
   10.8539  -73.2502   94.7587
    0.1073   -0.5553   -0.8247
   -0.9196    0.2599   -0.2946
    0.3780    0.7900   -0.4827
...   131 A-T ...
   11.2823  -70.2472   93.1138
   -0.5050   -0.3261   -0.7991
   -0.7840    0.5605    0.2667
    0.3609    0.7613   -0.5387
...   132 A-T ...
   12.4863  -67.8546   91.2056
   -0.8713    0.0695   -0.4858
   -0.3283    0.6533    0.6823
    0.3647    0.7539   -0.5464
...   133 A-T ...
   13.7505  -65.6402   89.1346
   -0.8755    0.4832   -0.0046
    0.2566    0.4730    0.8429
    0.4095    0.7367   -0.5381
...   134 T-A ...
   14.7385  -63.4259   86.8200
   -0.5923    0.6747    0.4404
    0.6886    0.1401    0.7115
    0.4183    0.7247   -0.5475
...   135 G-C ...
   15.7318  -61.4929   83.9331
    0.0341    0.7400    0.6717
    0.8636   -0.3601    0.3528
    0.5030    0.5681   -0.6514
...   136 T-A ...
   15.7849  -59.5605   80.7993
    0.5517    0.4998    0.6677
    0.6739   -0.7388   -0.0038
    0.4915    0.4520   -0.7444
...   137 G-C ...
   16.8386  -57.7219   78.2676
    0.8528   -0.0848    0.5153
    0.1507   -0.9048   -0.3983
    0.5000    0.4173   -0.7588
...   138 A-T ...
   18.4283  -55.5287   76.5299
    0.8547   -0.5006    0.1371
   -0.3188   -0.7148   -0.6224
    0.4096    0.4883   -0.7706
...   139 G-C ...
   20.4260  -54.3094   74.5420
    0.5847   -0.7389   -0.3347
   -0.7593   -0.3533   -0.5465
    0.2856    0.5737   -0.7676
...   140 C-G ...
   21.4271  -51.8266   72.7876
    0.1304   -0.7144   -0.6875
   -0.8897    0.2216   -0.3991
    0.4375    0.6637   -0.6067
...   141 G-C ...
   22.1522  -50.1495   67.4640
   -0.4682   -0.8748    0.1248
   -0.8494    0.4066   -0.3364
    0.2435   -0.2635   -0.9334
...   142 C-G ...
   22.3490  -51.2414   64.4934
   -0.8528   -0.5119   -0.1032
   -0.4975    0.8565   -0.1374
    0.1587   -0.0659   -0.9851
...   143 T-A ...
   24.0167  -51.6379   61.9248
   -0.9562    0.0401   -0.2898
    0.0524    0.9980   -0.0348
    0.2878   -0.0485   -0.9564
...   144 C-G ...
   24.8959  -52.7396   58.9874
   -0.7529    0.5560   -0.3520
    0.5214    0.8304    0.1965
    0.4016   -0.0356   -0.9151
...   145 A-T ...
   25.5277  -52.9804   55.8053
   -0.2442    0.9563   -0.1610
    0.8906    0.2869    0.3528
    0.3836   -0.0573   -0.9217
...   146 C-G ...
   25.2779  -52.5123   52.0797
    0.3204    0.9427   -0.0929
    0.8825   -0.2614    0.3909
    0.3443   -0.2072   -0.9157
...   147 A-T ...
   25.6240  -52.5940   48.6396
    0.8597    0.5097    0.0339
    0.4496   -0.7865    0.4233
    0.2424   -0.3487   -0.9053
