  147 base-pairs
...     1 T-A ...
    0.0000    0.0000    0.0000
    1.0000    0.0000    0.0000
    0.0000    1.0000    0.0000
    0.0000    0.0000    1.0000
...     2 G-C ...
   -0.5555   -1.1003    3.3981
    0.7749    0.6051    0.1828
   -0.5991    0.7953   -0.0929
   -0.2016   -0.0375    0.9787
...     3 T-A ...
   -0.6619   -3.0237    6.5348
    0.3046    0.9250    0.2271
   -0.8994    0.3578   -0.2510
   -0.3134   -0.1278    0.9410
...     4 G-C ...
   -1.1607   -3.8418    9.6940
   -0.3351    0.9421    0.0133
   -0.8752   -0.3061   -0.3746
   -0.3489   -0.1372    0.9271
...     5 A-T ...
   -1.3881   -3.6770   12.8999
   -0.7835    0.6162   -0.0801
   -0.5677   -0.7622   -0.3109
   -0.2527   -0.1981    0.9470
...     6 G-C ...
   -2.6236   -3.5448   15.7072
   -0.9923    0.0611   -0.1075
   -0.0294   -0.9610   -0.2748
   -0.1201   -0.2695    0.9555
...     7 C-G ...
   -2.3138   -3.7570   18.8866
   -0.8620   -0.4995   -0.0864
    0.5008   -0.8655    0.0073
   -0.0785   -0.0370    0.9962
...     8 G-C ...
   -3.9561   -6.8109   23.3205
   -0.2581   -0.3560   -0.8981
    0.6294   -0.7673    0.1233
   -0.7330   -0.5335    0.4221
...     9 C-G ...
   -6.1177   -8.9414   24.2385
    0.1143   -0.7320   -0.6716
    0.8123   -0.3203    0.4874
   -0.5720   -0.6013    0.5580
...    10 T-A ...
   -8.5041   -9.6771   26.0540
    0.4660   -0.8587   -0.2131
    0.6274    0.1508    0.7640
   -0.6239   -0.4897    0.6090
...    11 C-G ...
  -11.0625  -11.3174   27.2336
    0.6660   -0.6911    0.2808
    0.3382    0.6152    0.7121
   -0.6649   -0.3794    0.6435
...    12 A-T ...
  -13.0013  -13.1789   29.0658
    0.7188   -0.1490    0.6790
   -0.1787    0.9043    0.3876
   -0.6718   -0.4000    0.6235
...    13 C-G ...
  -14.1788  -15.9359   31.3399
    0.4052    0.2865    0.8682
   -0.5270    0.8492   -0.0343
   -0.7470   -0.4437    0.4951
...    14 A-T ...
  -15.9532  -18.1566   33.3080
   -0.1503    0.6873    0.7107
   -0.6106    0.5008   -0.6135
   -0.7776   -0.5261    0.3444
...    15 A-T ...
  -18.3842  -19.8426   34.6332
   -0.4545    0.8651    0.2120
   -0.4195    0.0020   -0.9077
   -0.7857   -0.5015    0.3620
...    16 T-A ...
  -20.7501  -21.2515   36.4330
   -0.5943    0.7491   -0.2927
   -0.1335   -0.4508   -0.8826
   -0.7931   -0.4855    0.3679
...    17 T-A ...
  -23.3494  -22.6325   37.8181
   -0.5629    0.3397   -0.7535
    0.2301   -0.8112   -0.5376
   -0.7938   -0.4760    0.3785
...    18 T-A ...
  -26.0299  -23.9200   39.1560
   -0.3380   -0.2184   -0.9154
    0.5138   -0.8578    0.0150
   -0.7885   -0.4653    0.4022
...    19 A-T ...
  -28.3795  -25.8216   40.7569
    0.0510   -0.7560   -0.6526
    0.6148   -0.4912    0.6171
   -0.7870   -0.4327    0.4397
...    20 T-A ...
  -31.3483  -26.9904   41.6800
    0.3488   -0.9109   -0.2203
    0.5016   -0.0171    0.8649
   -0.7916   -0.4122    0.4510
...    21 T-A ...
  -34.0671  -28.3078   42.9135
    0.5554   -0.7539    0.3511
    0.2093    0.5352    0.8184
   -0.8048   -0.3810    0.4550
...    22 C-G ...
  -36.7463  -29.5938   44.3637
    0.5879   -0.2616    0.7655
   -0.1664    0.8869    0.4309
   -0.7917   -0.3807    0.4779
...    23 G-C ...
  -39.5209  -30.4450   46.1211
    0.4705    0.3410    0.8138
   -0.4828    0.8715   -0.0861
   -0.7386   -0.3524    0.5747
...    24 C-G ...
  -41.6770  -31.8892   48.2065
    0.1600    0.7875    0.5952
   -0.6687    0.5300   -0.5215
   -0.7261   -0.3146    0.6114
...    25 A-T ...
  -44.2586  -32.7432   50.1800
   -0.1824    0.9771    0.1100
   -0.6610   -0.0390   -0.7494
   -0.7279   -0.2094    0.6530
...    26 A-T ...
  -46.4982  -33.2836   52.4709
   -0.5269    0.7732   -0.3530
   -0.4372   -0.6027   -0.6676
   -0.7289   -0.1974    0.6556
...    27 A-T ...
  -48.8202  -33.6836   54.7141
   -0.6848    0.2743   -0.6752
   -0.0523   -0.9426   -0.3298
   -0.7269   -0.1905    0.6598
...    28 G-C ...
  -51.3426  -33.9773   56.8893
   -0.5623   -0.2777   -0.7789
    0.3167   -0.9424    0.1074
   -0.7639   -0.1863    0.6179
...    29 G-C ...
  -54.1371  -34.4019   58.7801
   -0.2332   -0.7466   -0.6231
    0.5582   -0.6274    0.5429
   -0.7963   -0.2212    0.5631
...    30 C-G ...
  -57.0442  -34.9947   60.3331
    0.1490   -0.9624   -0.2270
    0.5853   -0.0992    0.8048
   -0.7970   -0.2528    0.5485
...    31 C-G ...
  -59.8608  -35.9626   61.9557
    0.5100   -0.8298    0.2266
    0.3865    0.4564    0.8015
   -0.7685   -0.3212    0.5535
...    32 G-C ...
  -62.2899  -36.8000   64.1669
    0.7138   -0.3764    0.5906
    0.0056    0.8463    0.5326
   -0.7003   -0.3769    0.6062
...    33 G-C ...
  -64.5415  -38.3034   66.1900
    0.6495    0.1952    0.7348
   -0.4073    0.9055    0.1194
   -0.6421   -0.3768    0.6676
...    34 C-G ...
  -66.3670  -39.8625   68.5004
    0.3392    0.6851    0.6446
   -0.7090    0.6366   -0.3036
   -0.6183   -0.3540    0.7017
...    35 C-G ...
  -68.1993  -40.9975   71.1087
   -0.0670    0.9499    0.3052
   -0.7958    0.1337   -0.5906
   -0.6018   -0.2825    0.7470
...    36 C-G ...
  -70.0615  -41.6948   73.8541
   -0.4547    0.8801   -0.1365
   -0.6407   -0.4298   -0.6362
   -0.6186   -0.2018    0.7593
...    37 G-C ...
  -72.4463  -42.4552   76.1345
   -0.6782    0.4856   -0.5515
   -0.2840   -0.8654   -0.4128
   -0.6778   -0.1234    0.7249
...    38 A-T ...
  -74.6982  -42.7446   78.5331
   -0.6948   -0.1344   -0.7065
    0.1792   -0.9838    0.0110
   -0.6965   -0.1189    0.7076
...    39 C-G ...
  -77.2302  -42.5467   80.7019
   -0.4709   -0.6416   -0.6054
    0.5202   -0.7562    0.3969
   -0.7125   -0.1280    0.6899
...    40 A-T ...
  -79.4987  -43.1323   83.1056
   -0.0079   -0.9486   -0.3162
    0.6808   -0.2368    0.6932
   -0.7325   -0.2098    0.6477
...    41 C-G ...
  -82.3110  -43.8412   84.7364
    0.3823   -0.9199    0.0872
    0.5707    0.3093    0.7607
   -0.7267   -0.2410    0.6433
...    42 G-C ...
  -84.4981  -44.5582   87.2219
    0.7182   -0.5429    0.4352
    0.2237    0.7724    0.5944
   -0.6589   -0.3296    0.6762
...    43 A-T ...
  -86.6248  -45.7345   89.4453
    0.7293    0.0442    0.6828
   -0.2647    0.9384    0.2220
   -0.6309   -0.3426    0.6961
...    44 C-G ...
  -88.3523  -47.4073   91.7452
    0.4867    0.5519    0.6772
   -0.6271    0.7604   -0.1690
   -0.6082   -0.3424    0.7161
...    45 T-A ...
  -90.0800  -48.6100   94.3328
    0.0896    0.8944    0.4383
   -0.8099    0.3216   -0.4906
   -0.5797   -0.3110    0.7531
...    46 T-A ...
  -91.7413  -49.6568   96.9349
   -0.4210    0.9034    0.0819
   -0.7042   -0.2686   -0.6573
   -0.5718   -0.3343    0.7492
...    47 A-T ...
  -93.9035  -51.0670   99.1600
   -0.7951    0.4961   -0.3489
   -0.2493   -0.7917   -0.5577
   -0.5529   -0.3565    0.7532
...    48 C-G ...
  -95.7291  -51.6511  101.9064
   -0.7942   -0.0070   -0.6076
    0.2211   -0.9347   -0.2782
   -0.5660   -0.3553    0.7439
...    49 T-A ...
  -97.8192  -52.5666  104.3503
   -0.5111   -0.4982   -0.7004
    0.6160   -0.7806    0.1056
   -0.5994   -0.3775    0.7059
...    50 G-C ...
  -99.7350  -54.0438  106.6758
    0.0076   -0.8160   -0.5779
    0.7894   -0.3499    0.5044
   -0.6138   -0.4601    0.6416
...    51 T-A ...
 -102.2002  -55.5023  108.3459
    0.4553   -0.8551   -0.2480
    0.6627    0.1394    0.7358
   -0.5946   -0.4994    0.6301
...    52 A-T ...
 -104.0607  -57.2137  110.5540
    0.8116   -0.5515    0.1925
    0.2372    0.6123    0.7542
   -0.5338   -0.5664    0.6278
...    53 G-C ...
 -105.7359  -59.3529  112.4658
    0.8487   -0.0874    0.5216
   -0.2545    0.7971    0.5476
   -0.4636   -0.5975    0.6543
...    54 G-C ...
 -106.9277  -61.5665  114.7254
    0.5956    0.4209    0.6842
   -0.7063    0.6801    0.1965
   -0.3826   -0.6003    0.7023
...    55 T-A ...
 -107.5969  -63.8112  117.0943
    0.1240    0.7320    0.6699
   -0.9233    0.3325   -0.1924
   -0.3636   -0.5946    0.7171
...    56 A-T ...
 -109.3627  -65.8023  119.2618
   -0.5456    0.7306    0.4107
   -0.7676   -0.2388   -0.5948
   -0.3365   -0.6397    0.6910
...    57 T-A ...
 -110.0264  -67.5992  121.9802
   -0.8775    0.4763    0.0561
   -0.3630   -0.5829   -0.7269
   -0.3136   -0.6582    0.6844
...    58 C-G ...
 -111.0426  -69.7097  124.3266
   -0.9150    0.0215   -0.4028
    0.2541   -0.7449   -0.6169
   -0.3133   -0.6669    0.6761
...    59 T-A ...
 -112.2950  -71.7249  126.6862
   -0.6093   -0.3586   -0.7073
    0.7174   -0.6293   -0.2989
   -0.3379   -0.6895    0.6406
...    60 C-G ...
 -113.4499  -73.9334  128.8502
   -0.0401   -0.6331   -0.7730
    0.9446   -0.2762    0.1772
   -0.3257   -0.7231    0.6091
...    61 G-C ...
 -114.2054  -76.4315  131.0001
    0.5427   -0.5604   -0.6256
    0.8016    0.1229    0.5851
   -0.2510   -0.8190    0.5159
...    62 A-T ...
 -115.0234  -79.1597  132.6051
    0.9264   -0.3213   -0.1963
    0.3242    0.4157    0.8497
   -0.1914   -0.8508    0.4893
...    63 G-C ...
 -115.5305  -82.1446  133.9462
    0.9694    0.0313    0.2435
   -0.2269    0.4926    0.8401
   -0.0936   -0.8697    0.4846
...    64 C-G ...
 -115.3802  -85.1835  135.2745
    0.6844    0.3419    0.6439
   -0.7286    0.3527    0.5872
   -0.0263   -0.8711    0.4905
...    65 T-A ...
 -115.0460  -88.0650  136.9032
    0.1736    0.5163    0.8386
   -0.9841    0.0577    0.1682
    0.0385   -0.8545    0.5181
...    66 C-G ...
 -114.8019  -90.7821  138.7733
   -0.4635    0.4355    0.7717
   -0.8835   -0.2935   -0.3650
    0.0676   -0.8510    0.5208
...    67 G-C ...
 -115.0158  -93.7681  140.3517
   -0.9001    0.2035    0.3853
   -0.4328   -0.5199   -0.7365
    0.0504   -0.8296    0.5560
...    68 G-C ...
 -114.7703  -96.4527  142.4284
   -0.9869   -0.0976   -0.1284
    0.1608   -0.5356   -0.8290
    0.0121   -0.8388    0.5443
...    69 G-C ...
 -114.6898  -99.1595  144.4911
   -0.7214   -0.3289   -0.6095
    0.6924   -0.3631   -0.6235
   -0.0163   -0.8718    0.4896
...    70 A-T ...
 -114.7089 -101.9484  146.2362
   -0.1630   -0.4409   -0.8826
    0.9866   -0.0689   -0.1478
    0.0044   -0.8949    0.4462
...    71 T-A ...
 -115.3340 -104.8611  147.6023
    0.3616   -0.3857   -0.8488
    0.9320    0.1726    0.3187
    0.0235   -0.9063    0.4219
...    72 C-G ...
 -115.2640 -107.8596  148.9012
    0.8355   -0.1339   -0.5330
    0.5426    0.3549    0.7614
    0.0872   -0.9253    0.3692
...    73 C-G ...
 -114.8225 -111.0837  149.7504
    0.9772    0.1984   -0.0755
    0.0075    0.3232    0.9463
    0.2121   -0.9253    0.3144
...    74 G-C ...
 -113.7071 -113.9750  151.1148
    0.7733    0.4666    0.4292
   -0.5137    0.0644    0.8555
    0.3716   -0.8821    0.2895
...    75 C-G ...
 -111.9376 -116.6910  151.9087
    0.3400    0.4516    0.8249
   -0.8355   -0.2576    0.4854
    0.4317   -0.8542    0.2898
...    76 T-A ...
 -110.1430 -119.3137  152.9415
   -0.1904    0.2472    0.9501
   -0.8579   -0.5123   -0.0386
    0.4772   -0.8225    0.3097
...    77 T-A ...
 -108.2821 -121.8063  153.9705
   -0.6313   -0.1781    0.7548
   -0.5720   -0.5504   -0.6082
    0.5238   -0.8157    0.2456
...    78 T-A ...
 -106.3362 -124.2578  154.9518
   -0.8036   -0.5407    0.2488
   -0.0879   -0.3056   -0.9481
    0.5887   -0.7837    0.1981
...    79 A-T ...
 -103.9631 -126.7855  154.8674
   -0.5855   -0.6679   -0.4595
    0.4484    0.2054   -0.8699
    0.6754   -0.7153    0.1793
...    80 T-A ...
 -102.1314 -129.3217  155.9444
   -0.2611   -0.4629   -0.8471
    0.6728    0.5420   -0.5036
    0.6922   -0.7014    0.1700
...    81 C-G ...
  -99.8581 -131.6236  156.5942
    0.1536    0.0029   -0.9881
    0.6794    0.7258    0.1077
    0.7175   -0.6879    0.1095
...    82 A-T ...
  -97.2996 -133.7942  156.9385
    0.4007    0.5222   -0.7528
    0.4859    0.5754    0.6578
    0.7767   -0.6294   -0.0231
...    83 T-A ...
  -95.0146 -136.0225  156.2753
    0.5553    0.7709   -0.3121
    0.2262    0.2211    0.9487
    0.8003   -0.5974   -0.0516
...    84 G-C ...
  -92.0760 -137.6756  156.2020
    0.4730    0.8273    0.3031
   -0.0751   -0.3050    0.9494
    0.8778   -0.4719   -0.0822
...    85 T-A ...
  -89.0180 -138.7239  155.4820
    0.3284    0.5449    0.7715
   -0.2855   -0.7214    0.6310
    0.9004   -0.4275   -0.0814
...    86 T-A ...
  -85.9784 -139.8422  155.0989
    0.1289   -0.0101    0.9916
   -0.4082   -0.9118    0.0438
    0.9037   -0.4104   -0.1216
...    87 A-T ...
  -83.2300 -141.8255  154.3060
   -0.0791   -0.6907    0.7188
   -0.4033   -0.6372   -0.6567
    0.9116   -0.3419   -0.2281
...    88 T-A ...
  -79.9768 -142.5648  154.0984
   -0.2360   -0.9403    0.2454
   -0.3125   -0.1657   -0.9354
    0.9201   -0.2974   -0.2547
...    89 A-T ...
  -76.9563 -143.1013  152.4415
   -0.2909   -0.8134   -0.5037
   -0.1248    0.5542   -0.8230
    0.9486   -0.1765   -0.2627
...    90 A-T ...
  -73.8369 -143.7817  151.7846
   -0.2904   -0.3250   -0.9000
    0.0386    0.9358   -0.3504
    0.9561   -0.1365   -0.2592
...    91 C-G ...
  -70.7832 -144.7956  151.0121
   -0.2673    0.2392   -0.9334
    0.1781    0.9643    0.1961
    0.9470   -0.1139   -0.3004
...    92 G-C ...
  -67.5146 -144.7869  150.0982
   -0.2729    0.7530   -0.5987
    0.3062    0.6580    0.6880
    0.9120    0.0045   -0.4101
...    93 G-C ...
  -64.6222 -144.6701  148.3724
   -0.1721    0.9829   -0.0650
    0.4384    0.1355    0.8885
    0.8821    0.1244   -0.4543
...    94 A-T ...
  -61.7939 -144.0271  146.8334
    0.0692    0.8597    0.5061
    0.4913   -0.4709    0.7327
    0.8682    0.1979   -0.4549
...    95 A-T ...
  -59.0847 -143.1258  145.2888
    0.3344    0.4213    0.8430
    0.3846   -0.8776    0.2861
    0.8604    0.2285   -0.4555
...    96 C-G ...
  -56.4226 -141.6793  143.8528
    0.4812   -0.1265    0.8674
    0.1702   -0.9572   -0.2340
    0.8599    0.2603   -0.4391
...    97 A-T ...
  -53.4953 -141.0791  142.3447
    0.4545   -0.6907    0.5625
   -0.1237   -0.6743   -0.7281
    0.8821    0.2613   -0.3919
...    98 C-G ...
  -50.4214 -139.8863  141.5999
    0.3208   -0.9452    0.0614
   -0.3520   -0.1792   -0.9187
    0.8793    0.2731   -0.3901
...    99 T-A ...
  -47.3529 -139.0150  140.5564
    0.0497   -0.8878   -0.4576
   -0.4750    0.3820   -0.7927
    0.8786    0.2568   -0.4027
...   100 T-A ...
  -44.3766 -138.2342  139.4697
   -0.2213   -0.4750   -0.8517
   -0.4360    0.8294   -0.3493
    0.8723    0.2940   -0.3907
...   101 T-A ...
  -41.4595 -137.4417  138.2709
   -0.4410    0.1065   -0.8912
   -0.2383    0.9434    0.2307
    0.8653    0.3141   -0.3906
...   102 A-T ...
  -38.6173 -136.1021  137.0428
   -0.5592    0.6444   -0.5216
    0.0940    0.6744    0.7324
    0.8237    0.3605   -0.4377
...   103 T-A ...
  -36.1599 -135.2093  135.0645
   -0.4528    0.8898   -0.0573
    0.3733    0.2476    0.8941
    0.8097    0.3835   -0.4442
...   104 G-C ...
  -33.4828 -133.6041  133.7910
   -0.2404    0.8144    0.5281
    0.6084   -0.2975    0.7358
    0.7563    0.4982   -0.4240
...   105 C-G ...
  -31.3303 -131.5435  132.2765
    0.1094    0.4819    0.8694
    0.6662   -0.6846    0.2956
    0.7377    0.5468   -0.3960
...   106 T-A ...
  -29.0619 -129.3803  131.1046
    0.4276   -0.0061    0.9039
    0.5269   -0.8109   -0.2547
    0.7345    0.5852   -0.3435
...   107 T-A ...
  -26.8124 -127.2365  130.1004
    0.6843   -0.4690    0.5583
    0.1666   -0.6449   -0.7459
    0.7099    0.6034   -0.3632
...   108 C-G ...
  -24.4307 -125.1992  129.0071
    0.6420   -0.7664   -0.0228
   -0.2887   -0.2140   -0.9332
    0.7103    0.6057   -0.3586
...   109 C-G ...
  -21.8929 -123.1669  128.0085
    0.3197   -0.7825   -0.5343
   -0.5991    0.2700   -0.7538
    0.7341    0.5611   -0.3825
...   110 G-C ...
  -19.7654 -121.0136  126.4563
   -0.1598   -0.5203   -0.8389
   -0.6752    0.6776   -0.2916
    0.7201    0.5198   -0.4596
...   111 G-C ...
  -17.2113 -119.3986  124.9326
   -0.5738   -0.0876   -0.8143
   -0.4667    0.8520    0.2372
    0.6730    0.5162   -0.5298
...   112 C-G ...
  -14.8889 -118.0420  122.9668
   -0.7726    0.3768   -0.5109
   -0.0629    0.7554    0.6522
    0.6317    0.5361   -0.5599
...   113 T-A ...
  -12.9802 -116.3501  120.8298
   -0.7270    0.6861   -0.0270
    0.3852    0.4400    0.8112
    0.5685    0.5794   -0.5841
...   114 C-G ...
  -11.2516 -114.3512  118.8702
   -0.3723    0.7868    0.4923
    0.7575   -0.0489    0.6510
    0.5363    0.6153   -0.5778
...   115 G-C ...
   -9.2338 -112.1269  117.2894
    0.0786    0.5434    0.8358
    0.8638   -0.4557    0.2151
    0.4977    0.7050   -0.5052
...   116 T-A ...
   -8.1068 -109.3914  115.7396
    0.5243    0.1915    0.8297
    0.6889   -0.6682   -0.2810
    0.5006    0.7189   -0.4823
...   117 A-T ...
   -6.2324 -107.2371  113.8839
    0.8563   -0.2803    0.4338
    0.1784   -0.6277   -0.7577
    0.4847    0.7262   -0.4875
...   118 T-A ...
   -4.6513 -104.4992  112.8817
    0.8295   -0.5573   -0.0367
   -0.2996   -0.3886   -0.8713
    0.4714    0.7337   -0.4893
...   119 A-T ...
   -3.4309 -102.0429  110.8386
    0.4348   -0.6552   -0.6178
   -0.7807    0.0677   -0.6213
    0.4489    0.7524   -0.4820
...   120 A-T ...
   -1.7710  -99.6374  109.3979
   -0.1068   -0.4745   -0.8737
   -0.8911    0.4355   -0.1276
    0.4410    0.7650   -0.4694
...   121 T-A ...
    0.2144  -97.5218  107.8194
   -0.5563   -0.1753   -0.8123
   -0.7055    0.6162    0.3502
    0.4391    0.7679   -0.4664
...   122 G-C ...
    1.3835  -94.7516  106.3151
   -0.9029    0.1586   -0.3996
   -0.2245    0.6188    0.7528
    0.3666    0.7694   -0.5231
...   123 T-A ...
    2.4742  -92.5498  104.0703
   -0.8910    0.4451    0.0893
    0.3034    0.4374    0.8465
    0.3378    0.7814   -0.5248
...   124 G-C ...
    3.5559  -89.7260  102.5997
   -0.5622    0.5472    0.6201
    0.7839    0.1135    0.6105
    0.2637    0.8292   -0.4928
...   125 T-A ...
    3.8025  -86.9276  100.7970
   -0.0525    0.4988    0.8651
    0.9653   -0.1967    0.1720
    0.2560    0.8441   -0.4711
...   126 C-G ...
    4.5638  -84.0662   99.3273
    0.5401    0.2557    0.8018
    0.8004   -0.4505   -0.3954
    0.2601    0.8554   -0.4480
...   127 G-C ...
    5.7770  -81.3484   97.6976
    0.8764   -0.1382    0.4613
    0.3443   -0.4899   -0.8009
    0.3367    0.8607   -0.3818
...   128 A-T ...
    6.8803  -78.4624   96.5262
    0.8954   -0.4313   -0.1106
   -0.2583   -0.3007   -0.9181
    0.3627    0.8506   -0.3807
...   129 C-G ...
    8.3846  -75.5687   95.8304
    0.6010   -0.5490   -0.5808
   -0.6998   -0.0105   -0.7143
    0.3861    0.8357   -0.3905
...   130 C-G ...
    9.9633  -72.8461   94.5748
    0.0676   -0.5266   -0.8474
   -0.9072    0.3211   -0.2719
    0.4153    0.7872   -0.4560
...   131 A-T ...
   11.0832  -70.1152   92.9635
   -0.5218   -0.3022   -0.7977
   -0.7570    0.5951    0.2698
    0.3932    0.7446   -0.5393
...   132 A-T ...
   12.4744  -67.8547   91.0831
   -0.8663    0.1118   -0.4869
   -0.3008    0.6615    0.6870
    0.3989    0.7416   -0.5395
...   133 A-T ...
   13.7549  -65.5875   89.1277
   -0.8700    0.4930    0.0073
    0.2724    0.4682    0.8406
    0.4110    0.7333   -0.5416
...   134 T-A ...
   14.7385  -63.4257   86.8200
   -0.5923    0.6747    0.4404
    0.6886    0.1401    0.7115
    0.4183    0.7247   -0.5475
...   135 G-C ...
   15.7318  -61.4927   83.9331
    0.0341    0.7400    0.6717
    0.8636   -0.3601    0.3528
    0.5030    0.5681   -0.6514
...   136 T-A ...
   15.7849  -59.5603   80.7993
    0.5517    0.4998    0.6677
    0.6739   -0.7388   -0.0038
    0.4915    0.4520   -0.7444
...   137 G-C ...
   16.8386  -57.7218   78.2676
    0.8528   -0.0848    0.5153
    0.1507   -0.9048   -0.3983
    0.5000    0.4173   -0.7588
...   138 A-T ...
   18.4283  -55.5286   76.5299
    0.8547   -0.5006    0.1371
   -0.3188   -0.7148   -0.6224
    0.4096    0.4883   -0.7706
...   139 G-C ...
   20.4260  -54.3092   74.5420
    0.5847   -0.7389   -0.3347
   -0.7593   -0.3533   -0.5465
    0.2856    0.5737   -0.7676
...   140 C-G ...
   21.4270  -51.8265   72.7876
    0.1304   -0.7144   -0.6875
   -0.8897    0.2216   -0.3991
    0.4375    0.6637   -0.6067
...   141 G-C ...
   22.1522  -50.1494   67.4640
   -0.4682   -0.8748    0.1248
   -0.8494    0.4066   -0.3364
    0.2435   -0.2635   -0.9334
...   142 C-G ...
   22.3489  -51.2413   64.4934
   -0.8528   -0.5119   -0.1032
   -0.4975    0.8565   -0.1374
    0.1587   -0.0659   -0.9851
...   143 T-A ...
   24.0167  -51.6377   61.9248
   -0.9562    0.0401   -0.2898
    0.0524    0.9980   -0.0348
    0.2878   -0.0485   -0.9564
...   144 C-G ...
   24.8959  -52.7394   58.9874
   -0.7529    0.5560   -0.3520
    0.5214    0.8304    0.1965
    0.4016   -0.0356   -0.9151
...   145 A-T ...
   25.5276  -52.9802   55.8053
   -0.2442    0.9563   -0.1610
    0.8906    0.2869    0.3528
    0.3836   -0.0573   -0.9217
...   146 C-G ...
   25.2779  -52.5122   52.0797
    0.3204    0.9427   -0.0929
    0.8825   -0.2614    0.3909
    0.3443   -0.2072   -0.9157
...   147 A-T ...
   25.6239  -52.5939   48.6396
    0.8597    0.5097    0.0339
    0.4496   -0.7865    0.4233
    0.2424   -0.3487   -0.9053
