  147 base-pairs
...     1 T-A ...
    0.0000    0.0000    0.0000
    1.0000    0.0000    0.0000
    0.0000    1.0000    0.0000
    0.0000    0.0000    1.0000
...     2 G-C ...
   -0.5555   -1.1003    3.3981
    0.7749    0.6051    0.1828
   -0.5991    0.7953   -0.0929
   -0.2016   -0.0375    0.9787
...     3 T-A ...
   -0.6619   -3.0237    6.5348
    0.3046    0.9250    0.2271
   -0.8994    0.3578   -0.2510
   -0.3134   -0.1278    0.9410
...     4 G-C ...
   -1.1607   -3.8418    9.6940
   -0.3351    0.9421    0.0133
   -0.8752   -0.3061   -0.3746
   -0.3489   -0.1372    0.9271
...     5 A-T ...
   -1.3881   -3.6770   12.8999
   -0.7835    0.6162   -0.0801
   -0.5677   -0.7622   -0.3109
   -0.2527   -0.1981    0.9470
...     6 G-C ...
   -2.6236   -3.5448   15.7072
   -0.9923    0.0611   -0.1075
   -0.0294   -0.9610   -0.2748
   -0.1201   -0.2695    0.9555
...     7 C-G ...
   -2.3138   -3.7570   18.8866
   -0.8620   -0.4995   -0.0864
    0.5008   -0.8655    0.0073
   -0.0785   -0.0370    0.9962
...     8 G-C ...
   -3.9561   -6.8109   23.3205
   -0.2581   -0.3560   -0.8981
    0.6294   -0.7673    0.1233
   -0.7330   -0.5335    0.4221
...     9 C-G ...
   -6.1177   -8.9414   24.2385
    0.1143   -0.7320   -0.6716
    0.8123   -0.3203    0.4874
   -0.5720   -0.6013    0.5580
...    10 T-A ...
   -8.5041   -9.6771   26.0540
    0.4660   -0.8587   -0.2131
    0.6274    0.1508    0.7640
   -0.6239   -0.4897    0.6090
...    11 C-G ...
  -11.0625  -11.3174   27.2336
    0.6660   -0.6911    0.2808
    0.3382    0.6152    0.7121
   -0.6649   -0.3794    0.6435
...    12 A-T ...
  -13.0013  -13.1789   29.0658
    0.7188   -0.1490    0.6790
   -0.1787    0.9043    0.3876
   -0.6718   -0.4000    0.6235
...    13 C-G ...
  -14.1788  -15.9359   31.3399
    0.4052    0.2865    0.8682
   -0.5270    0.8492   -0.0343
   -0.7470   -0.4437    0.4951
...    14 A-T ...
  -15.9532  -18.1566   33.3080
   -0.1503    0.6873    0.7107
   -0.6106    0.5008   -0.6135
   -0.7776   -0.5261    0.3444
...    15 A-T ...
  -18.4813  -19.8036   34.5173
   -0.4550    0.8693    0.1931
   -0.4113   -0.0129   -0.9114
   -0.7898   -0.4941    0.3634
...    16 T-A ...
  -20.8728  -21.2711   36.4209
   -0.6332    0.6999   -0.3304
   -0.0865   -0.4883   -0.8684
   -0.7691   -0.5213    0.3697
...    17 T-A ...
  -23.3870  -22.7250   37.9551
   -0.5905    0.2488   -0.7677
    0.3112   -0.8075   -0.5011
   -0.7446   -0.5349    0.3994
...    18 T-A ...
  -25.9362  -24.2427   39.3511
   -0.3095   -0.2825   -0.9080
    0.5990   -0.7995    0.0445
   -0.7385   -0.5301    0.4167
...    19 A-T ...
  -28.2881  -26.2316   40.9684
    0.1421   -0.7812   -0.6078
    0.6602   -0.3827    0.6463
   -0.7375   -0.4931    0.4614
...    20 T-A ...
  -31.1500  -27.6182   42.0125
    0.4462   -0.8841   -0.1387
    0.4919    0.1128    0.8633
   -0.7476   -0.4535    0.4853
...    21 T-A ...
  -33.7028  -29.1364   43.3527
    0.6248   -0.6532    0.4277
    0.1248    0.6243    0.7711
   -0.7707   -0.4285    0.4716
...    22 C-G ...
  -36.2554  -30.5225   44.9277
    0.5937   -0.1323    0.7938
   -0.2829    0.8891    0.3598
   -0.7533   -0.4382    0.4904
...    23 G-C ...
  -39.0117  -31.3873   46.7382
    0.4492    0.4556    0.7685
   -0.5794    0.8034   -0.1376
   -0.6801   -0.3834    0.6249
...    24 C-G ...
  -40.9802  -32.9182   48.8777
    0.1171    0.8331    0.5406
   -0.7255    0.4435   -0.5263
   -0.6782   -0.3306    0.6564
...    25 A-T ...
  -43.6100  -33.8639   50.7227
   -0.2791    0.9579    0.0677
   -0.6635   -0.1414   -0.7347
   -0.6942   -0.2500    0.6750
...    26 A-T ...
  -45.8510  -34.5105   53.0355
   -0.6032    0.6990   -0.3842
   -0.3859   -0.6772   -0.6264
   -0.6981   -0.2296    0.6782
...    27 A-T ...
  -48.0115  -34.9796   55.4407
   -0.7234    0.1638   -0.6707
    0.0463   -0.9578   -0.2838
   -0.6888   -0.2363    0.6853
...    28 G-C ...
  -50.5186  -35.2958   57.7132
   -0.5450   -0.3759   -0.7494
    0.4182   -0.8966    0.1455
   -0.7266   -0.2341    0.6459
...    29 G-C ...
  -53.2619  -35.9242   59.7315
   -0.1520   -0.8190   -0.5533
    0.6458   -0.5061    0.5717
   -0.7482   -0.2704    0.6059
...    30 C-G ...
  -55.9578  -36.7823   61.4253
    0.2745   -0.9493   -0.1532
    0.6055    0.0469    0.7944
   -0.7470   -0.3108    0.5877
...    31 C-G ...
  -58.6554  -37.7477   63.2178
    0.6148   -0.7341    0.2883
    0.3355    0.5743    0.7468
   -0.7138   -0.3624    0.5993
...    32 G-C ...
  -60.7533  -38.6274   65.3653
    0.7654   -0.2767    0.5810
   -0.0582    0.8694    0.4908
   -0.6409   -0.4094    0.6493
...    33 G-C ...
  -62.6168  -40.1788   67.6914
    0.6376    0.2938    0.7122
   -0.4951    0.8645    0.0866
   -0.5902   -0.4078    0.6967
...    34 C-G ...
  -64.2821  -41.7397   70.0618
    0.2719    0.7531    0.5991
   -0.7763    0.5396   -0.3259
   -0.5687   -0.3765    0.7313
...    35 C-G ...
  -65.9137  -42.7665   72.8842
   -0.1864    0.9473    0.2606
   -0.8078    0.0032   -0.5895
   -0.5593   -0.3204    0.7646
...    36 C-G ...
  -67.6763  -43.5757   75.6627
   -0.5907    0.7896   -0.1659
   -0.5787   -0.5579   -0.5949
   -0.5622   -0.2554    0.7865
...    37 G-C ...
  -69.8307  -45.2157   77.8076
   -0.7766    0.3405   -0.5300
   -0.1337   -0.9113   -0.3895
   -0.6156   -0.2317    0.7532
...    38 A-T ...
  -71.7339  -45.9155   80.2682
   -0.7005   -0.2703   -0.6605
    0.3638   -0.9315   -0.0046
   -0.6140   -0.2435    0.7508
...    39 C-G ...
  -74.0612  -46.3593   82.4524
   -0.3733   -0.7135   -0.5929
    0.6714   -0.6489    0.3581
   -0.6402   -0.2644    0.7213
...    40 A-T ...
  -76.2728  -47.3706   84.8027
    0.1498   -0.9385   -0.3112
    0.7532   -0.0956    0.6508
   -0.6405   -0.3319    0.6926
...    41 C-G ...
  -78.6279  -48.7620   86.6763
    0.5548   -0.8305    0.0487
    0.5508    0.4106    0.7267
   -0.6235   -0.3763    0.6853
...    42 G-C ...
  -80.4314  -49.7597   89.3164
    0.8149   -0.3875    0.4309
    0.0851    0.8155    0.5724
   -0.5733   -0.4298    0.6976
...    43 A-T ...
  -82.3086  -51.1547   91.4828
    0.7054    0.1784    0.6860
   -0.4145    0.8889    0.1951
   -0.5750   -0.4220    0.7009
...    44 C-G ...
  -83.8033  -53.0523   93.7446
    0.3917    0.6510    0.6502
   -0.7444    0.6396   -0.1919
   -0.5408   -0.4088    0.7351
...    45 T-A ...
  -85.1435  -54.6943   96.6724
   -0.0985    0.9171    0.3863
   -0.8390    0.1323   -0.5279
   -0.5352   -0.3761    0.7564
...    46 T-A ...
  -86.6647  -55.9160   99.2418
   -0.5492    0.8346    0.0417
   -0.6378   -0.3864   -0.6663
   -0.5400   -0.3926    0.7445
...    47 A-T ...
  -88.6628  -57.4624  101.5164
   -0.8374    0.3727   -0.3998
   -0.1189   -0.8382   -0.5322
   -0.5335   -0.3981    0.7463
...    48 C-G ...
  -90.5163  -58.1345  104.2249
   -0.7564   -0.1343   -0.6402
    0.3519   -0.9085   -0.2252
   -0.5514   -0.3957    0.7345
...    49 T-A ...
  -92.6861  -59.1722  106.6215
   -0.3941   -0.5779   -0.7147
    0.6985   -0.6937    0.1758
   -0.5973   -0.4299    0.6770
...    50 G-C ...
  -94.7173  -60.8334  108.7673
    0.1607   -0.8095   -0.5647
    0.7868   -0.2404    0.5684
   -0.5959   -0.5356    0.5983
...    51 T-A ...
  -96.9667  -62.5815  110.2602
    0.5755   -0.7876   -0.2203
    0.5831    0.2063    0.7857
   -0.5734   -0.5807    0.5780
...    52 A-T ...
  -98.6743  -64.6278  112.3049
    0.8624   -0.4452    0.2409
    0.0972    0.6127    0.7843
   -0.4968   -0.6530    0.5717
...    53 G-C ...
 -100.3243  -66.8633  114.0019
    0.8283    0.0104    0.5601
   -0.3878    0.7322    0.5599
   -0.4043   -0.6810    0.6106
...    54 G-C ...
 -101.1364  -69.7241  116.0303
    0.4834    0.4815    0.7311
   -0.8099    0.5630    0.1647
   -0.3323   -0.6717    0.6621
...    55 T-A ...
 -101.7018  -72.0246  118.3137
   -0.0224    0.7072    0.7066
   -0.9491    0.2071   -0.2373
   -0.3142   -0.6760    0.6666
...    56 A-T ...
 -102.4502  -74.2409  120.7835
   -0.5930    0.6971    0.4031
   -0.7439   -0.2826   -0.6056
   -0.3082   -0.6589    0.6861
...    57 T-A ...
 -102.9649  -76.0784  123.4854
   -0.9100    0.4130    0.0376
   -0.3052   -0.6055   -0.7350
   -0.2808   -0.6803    0.6770
...    58 C-G ...
 -103.9906  -78.1811  125.9463
   -0.8966   -0.0691   -0.4375
    0.3495   -0.7171   -0.6030
   -0.2721   -0.6935    0.6671
...    59 T-A ...
 -105.2276  -80.3527  128.2116
   -0.5426   -0.4129   -0.7314
    0.7833   -0.5632   -0.2632
   -0.3032   -0.7158    0.6291
...    60 C-G ...
 -106.2479  -82.7422  130.3961
    0.0483   -0.6404   -0.7665
    0.9553   -0.1944    0.2227
   -0.2916   -0.7430    0.6024
...    61 G-C ...
 -106.6204  -85.3725  132.4602
    0.5978   -0.4764   -0.6448
    0.7787    0.1537    0.6083
   -0.1907   -0.8657    0.4628
...    62 A-T ...
 -107.1790  -88.1500  134.1611
    0.9519   -0.2286   -0.2040
    0.2852    0.4175    0.8627
   -0.1121   -0.8794    0.4627
...    63 G-C ...
 -107.3451  -91.2116  135.4637
    0.9625    0.1018    0.2514
   -0.2700    0.4470    0.8528
   -0.0255   -0.8887    0.4577
...    64 C-G ...
 -107.0001  -94.3853  136.6962
    0.6209    0.3781    0.6867
   -0.7835    0.2715    0.5589
    0.0249   -0.8850    0.4648
...    65 T-A ...
 -106.7116  -97.2980  138.2318
    0.0848    0.4798    0.8733
   -0.9934   -0.0273    0.1114
    0.0773   -0.8770    0.4743
...    66 C-G ...
 -106.7701 -100.0819  139.9916
   -0.5441    0.3509    0.7621
   -0.8283   -0.3694   -0.4213
    0.1337   -0.8605    0.4916
...    67 G-C ...
 -107.2330 -103.4988  141.0574
   -0.9337    0.0655    0.3520
   -0.3307   -0.5344   -0.7778
    0.1372   -0.8427    0.5206
...    68 G-C ...
 -106.6494 -106.2874  142.9364
   -0.9555   -0.2235   -0.1927
    0.2749   -0.4366   -0.8566
    0.1073   -0.8715    0.4786
...    69 G-C ...
 -106.3504 -109.1269  144.6997
   -0.6464   -0.3461   -0.6800
    0.7616   -0.2389   -0.6024
    0.0461   -0.9073    0.4180
...    70 A-T ...
 -106.3851 -112.1066  146.2530
   -0.0517   -0.3938   -0.9177
    0.9967    0.0369   -0.0720
    0.0623   -0.9184    0.3906
...    71 T-A ...
 -106.7749 -115.1792  147.3744
    0.4770   -0.2756   -0.8346
    0.8750    0.2382    0.4215
    0.0826   -0.9313    0.3548
...    72 C-G ...
 -106.5697 -118.3482  148.3178
    0.8969   -0.0247   -0.4414
    0.4227    0.3404    0.8399
    0.1296   -0.9400    0.3157
...    73 C-G ...
 -106.1785 -121.4672  149.2598
    0.9550    0.2952    0.0275
   -0.1141    0.2803    0.9531
    0.2737   -0.9134    0.3014
...    74 G-C ...
 -105.1279 -124.3221  150.6915
    0.6762    0.5245    0.5174
   -0.6072   -0.0010    0.7946
    0.4173   -0.8514    0.3178
...    75 C-G ...
 -103.1042 -126.9906  151.6470
    0.1913    0.4304    0.8821
   -0.8682   -0.3450    0.3566
    0.4578   -0.8341    0.3077
...    76 T-A ...
 -101.0574 -129.4518  153.1534
   -0.3442    0.1232    0.9308
   -0.7732   -0.5995   -0.2066
    0.5326   -0.7908    0.3016
...    77 T-A ...
  -99.0409 -131.8052  154.2535
   -0.6933   -0.3398    0.6355
   -0.4029   -0.5484   -0.7328
    0.5975   -0.7641    0.2432
...    78 T-A ...
  -96.8677 -134.0707  155.3183
   -0.7413   -0.6656    0.0860
    0.0740   -0.2085   -0.9752
    0.6670   -0.7166    0.2038
...    79 A-T ...
  -94.1633 -136.1321  155.1542
   -0.4448   -0.7123   -0.5429
    0.4900    0.3139   -0.8133
    0.7497   -0.6278    0.2094
...    80 A-T ...
  -91.8117 -138.1884  155.9517
   -0.0627   -0.3924   -0.9177
    0.6272    0.6997   -0.3420
    0.7763   -0.5970    0.2022
...    81 C-G ...
  -89.5657 -140.6124  156.7054
    0.2776    0.0800   -0.9574
    0.5383    0.8125    0.2239
    0.7957   -0.5775    0.1825
...    82 A-T ...
  -86.8016 -142.4993  157.2020
    0.4496    0.6102   -0.6522
    0.2808    0.5966    0.7518
    0.8479   -0.5212    0.0969
...    83 C-G ...
  -83.9701 -144.2306  156.8263
    0.4889    0.8596   -0.1488
    0.0178    0.1607    0.9868
    0.8722   -0.4851    0.0633
...    84 T-A ...
  -80.7384 -145.7211  156.4874
    0.3212    0.8235    0.4676
   -0.2392   -0.4072    0.8815
    0.9163   -0.3950    0.0662
...    85 T-A ...
  -77.6297 -146.7604  156.4856
    0.1459    0.3975    0.9059
   -0.3650   -0.8295    0.4228
    0.9195   -0.3924    0.0241
...    86 T-A ...
  -74.4973 -147.7626  156.4828
   -0.0560   -0.1915    0.9799
   -0.3821   -0.9026   -0.1982
    0.9224   -0.3855   -0.0227
...    87 A-T ...
  -71.3496 -149.3153  156.0477
   -0.2012   -0.8263    0.5260
   -0.2608   -0.4724   -0.8419
    0.9442   -0.3066   -0.1205
...    88 T-A ...
  -68.0605 -149.9959  156.2183
   -0.2473   -0.9684   -0.0335
   -0.1390    0.0697   -0.9878
    0.9589   -0.2396   -0.1518
...    89 T-A ...
  -64.9059 -150.7696  155.9977
   -0.2362   -0.7367   -0.6336
    0.0214    0.6480   -0.7614
    0.9715   -0.1933   -0.1373
...    90 C-G ...
  -61.5443 -151.0018  155.5631
   -0.2074   -0.1710   -0.9632
    0.1342    0.9703   -0.2012
    0.9690   -0.1710   -0.1783
...    91 A-T ...
  -58.1349 -151.0694  155.2709
   -0.2122    0.4528   -0.8660
    0.2219    0.8853    0.4086
    0.9517   -0.1054   -0.2884
...    92 T-A ...
  -55.2103 -151.6712  153.9637
   -0.1388    0.8479   -0.5116
    0.3123    0.5277    0.7899
    0.9398   -0.0501   -0.3380
...    93 G-C ...
  -51.9617 -151.5929  152.6434
   -0.0552    0.9915    0.1177
    0.3762   -0.0885    0.9223
    0.9249    0.0951   -0.3681
...    94 T-A ...
  -49.1533 -150.9188  150.9027
    0.1383    0.7803    0.6100
    0.3720   -0.6117    0.6981
    0.9179    0.1304   -0.3749
...    95 T-A ...
  -46.2886 -150.2686  149.6304
    0.3232    0.2858    0.9022
    0.2537   -0.9446    0.2083
    0.9117    0.1616   -0.3778
...    96 A-T ...
  -43.1049 -149.9438  148.2910
    0.4567   -0.4202    0.7841
   -0.0272   -0.8876   -0.4598
    0.8892    0.1887   -0.4168
...    97 T-A ...
  -40.1660 -148.7557  147.3828
    0.4105   -0.8144    0.4101
   -0.2616   -0.5360   -0.8026
    0.8736    0.2222   -0.4331
...    98 A-T ...
  -37.3508 -147.8192  145.5000
    0.1932   -0.9280   -0.3187
   -0.5083    0.1831   -0.8415
    0.8392    0.3245   -0.4363
...    99 A-T ...
  -34.5596 -146.7557  144.2507
   -0.1164   -0.6222   -0.7742
   -0.5565    0.6865   -0.4680
    0.8227    0.3763   -0.4262
...   100 C-G ...
  -31.4526 -145.9374  143.0674
   -0.4113   -0.1242   -0.9030
   -0.4139    0.9081    0.0636
    0.8121    0.3999   -0.4249
...   101 G-C ...
  -29.0362 -144.2633  141.6229
   -0.6712    0.3674   -0.6438
   -0.1046    0.8129    0.5729
    0.7339    0.4519   -0.5072
...   102 G-C ...
  -26.9100 -142.6776  139.6834
   -0.7056    0.6872   -0.1730
    0.3012    0.5117    0.8046
    0.6415    0.5156   -0.5680
...   103 A-T ...
  -24.8938 -140.8498  137.8804
   -0.4174    0.8303    0.3693
    0.6764    0.0124    0.7365
    0.6069    0.5572   -0.5668
...   104 G-C ...
  -23.1757 -138.7166  135.9757
   -0.0386    0.6637    0.7470
    0.8123   -0.4146    0.4103
    0.5820    0.6226   -0.5231
...   105 C-G ...
  -21.6016 -136.2064  134.2479
    0.4238    0.2703    0.8645
    0.6981   -0.7056   -0.1216
    0.5771    0.6550   -0.4877
...   106 T-A ...
  -19.6704 -133.5175  133.0889
    0.7500   -0.1915    0.6332
    0.3598   -0.6851   -0.6334
    0.5551    0.7028   -0.4449
...   107 T-A ...
  -17.8788 -131.1136  131.9064
    0.8127   -0.5602    0.1604
   -0.1242   -0.4356   -0.8915
    0.5693    0.7046   -0.4236
...   108 C-G ...
  -15.8315 -128.7116  130.6841
    0.5696   -0.7043   -0.4237
   -0.5964    0.0007   -0.8027
    0.5657    0.7099   -0.4196
...   109 C-G ...
  -13.9125 -126.3557  129.3943
    0.1018   -0.6562   -0.7477
   -0.8077    0.3843   -0.4471
    0.5807    0.6495   -0.4909
...   110 G-C ...
  -12.4414 -124.1116  127.8019
   -0.3965   -0.4134   -0.8196
   -0.7378    0.6748    0.0166
    0.5462    0.6114   -0.5726
...   111 G-C ...
  -10.6547 -122.2629  125.6530
   -0.7843   -0.0042   -0.6203
   -0.3797    0.7940    0.4748
    0.4905    0.6080   -0.6243
...   112 C-G ...
   -9.1200 -120.6393  123.1598
   -0.8862    0.4108   -0.2142
    0.1278    0.6612    0.7393
    0.4453    0.6278   -0.6384
...   113 T-A ...
   -7.8030 -118.6304  120.8599
   -0.7074    0.6587    0.2565
    0.5913    0.3525    0.7254
    0.3874    0.6647   -0.6388
...   114 C-G ...
   -6.5940 -116.2407  118.9208
   -0.2380    0.7132    0.6593
    0.9129   -0.0676    0.4026
    0.3317    0.6977   -0.6350
...   115 G-C ...
   -5.0402 -113.9417  117.0599
    0.3261    0.4797    0.8146
    0.8890   -0.4487   -0.0916
    0.3216    0.7540   -0.5728
...   116 T-A ...
   -4.3637 -110.9529  115.6781
    0.7441    0.1254    0.6562
    0.5718   -0.6274   -0.5285
    0.3454    0.7685   -0.5386
...   117 A-T ...
   -3.2582 -108.0508  114.2486
    0.9202   -0.3103    0.2385
    0.0279   -0.5557   -0.8309
    0.3904    0.7713   -0.5027
...   118 T-A ...
   -1.8947 -105.2318  113.2596
    0.8091   -0.5381   -0.2361
   -0.4537   -0.3167   -0.8330
    0.3735    0.7811   -0.5004
...   119 A-T ...
   -0.9045 -102.5243  111.3741
    0.3218   -0.5927   -0.7383
   -0.8759    0.1098   -0.4698
    0.3595    0.7979   -0.4838
...   120 A-T ...
    0.5585 -100.0174  109.9061
   -0.2470   -0.4301   -0.8683
   -0.9016    0.4305    0.0432
    0.3553    0.7935   -0.4941
...   121 T-A ...
    2.2425  -97.7627  108.1095
   -0.6860   -0.1332   -0.7153
   -0.6343    0.5912    0.4982
    0.3565    0.7954   -0.4901
...   122 G-C ...
    3.4287  -95.0565  106.3029
   -0.9557    0.1913   -0.2237
   -0.0815    0.5583    0.8256
    0.2828    0.8073   -0.5180
...   123 T-A ...
    4.1853  -92.6429  104.1999
   -0.8640    0.4399    0.2450
    0.4262    0.3797    0.8211
    0.2682    0.8138   -0.5155
...   124 G-C ...
    4.9669  -89.8537  102.4741
   -0.4587    0.5223    0.7188
    0.8638    0.0725    0.4986
    0.2083    0.8497   -0.4845
...   125 T-A ...
    5.1507  -87.1212  100.7796
    0.0583    0.4440    0.8941
    0.9780   -0.2053    0.0381
    0.2005    0.8722   -0.4462
...   126 C-G ...
    5.7457  -84.2835   99.4653
    0.6292    0.2390    0.7396
    0.7543   -0.4173   -0.5068
    0.1875    0.8768   -0.4428
...   127 G-C ...
    6.8422  -81.6239   97.7603
    0.9034   -0.1468    0.4028
    0.3028   -0.4466   -0.8419
    0.3035    0.8826   -0.3591
...   128 A-T ...
    7.7024  -78.7737   96.6389
    0.9049   -0.3885   -0.1738
   -0.2975   -0.2854   -0.9111
    0.3043    0.8762   -0.3738
...   129 C-G ...
    9.0420  -75.7903   96.1300
    0.5898   -0.5185   -0.6191
   -0.7332   -0.0226   -0.6796
    0.3384    0.8548   -0.3935
...   130 C-G ...
   10.7154  -73.1219   94.8090
    0.0666   -0.5351   -0.8422
   -0.9199    0.2939   -0.2595
    0.3864    0.7920   -0.4726
...   131 A-T ...
   11.2546  -70.1812   93.1615
   -0.5244   -0.3144   -0.7913
   -0.7700    0.5718    0.2831
    0.3635    0.7577   -0.5419
...   132 A-T ...
   12.4775  -67.8193   91.2311
   -0.8755    0.0784   -0.4768
   -0.3147    0.6562    0.6858
    0.3666    0.7505   -0.5498
...   133 A-T ...
   13.7448  -65.6227   89.1432
   -0.8722    0.4892    0.0011
    0.2651    0.4708    0.8415
    0.4111    0.7342   -0.5403
...   134 T-A ...
   14.7384  -63.4258   86.8198
   -0.5923    0.6747    0.4404
    0.6886    0.1401    0.7115
    0.4183    0.7247   -0.5475
...   135 G-C ...
   15.7317  -61.4928   83.9329
    0.0341    0.7400    0.6717
    0.8636   -0.3601    0.3528
    0.5030    0.5681   -0.6514
...   136 T-A ...
   15.7848  -59.5604   80.7991
    0.5517    0.4998    0.6677
    0.6739   -0.7388   -0.0038
    0.4914    0.4520   -0.7444
...   137 G-C ...
   16.8385  -57.7218   78.2675
    0.8528   -0.0848    0.5153
    0.1507   -0.9048   -0.3983
    0.5000    0.4173   -0.7588
...   138 A-T ...
   18.4282  -55.5286   76.5298
    0.8547   -0.5006    0.1371
   -0.3188   -0.7148   -0.6224
    0.4096    0.4883   -0.7706
...   139 G-C ...
   20.4259  -54.3093   74.5419
    0.5847   -0.7389   -0.3347
   -0.7593   -0.3533   -0.5465
    0.2856    0.5737   -0.7676
...   140 C-G ...
   21.4269  -51.8265   72.7875
    0.1304   -0.7144   -0.6875
   -0.8897    0.2216   -0.3991
    0.4375    0.6637   -0.6067
...   141 G-C ...
   22.1521  -50.1494   67.4639
   -0.4682   -0.8748    0.1248
   -0.8494    0.4066   -0.3364
    0.2435   -0.2635   -0.9334
...   142 C-G ...
   22.3488  -51.2413   64.4932
   -0.8528   -0.5119   -0.1032
   -0.4975    0.8565   -0.1374
    0.1587   -0.0659   -0.9851
...   143 T-A ...
   24.0166  -51.6378   61.9247
   -0.9562    0.0401   -0.2898
    0.0524    0.9980   -0.0348
    0.2878   -0.0485   -0.9564
...   144 C-G ...
   24.8958  -52.7395   58.9872
   -0.7529    0.5560   -0.3520
    0.5214    0.8304    0.1965
    0.4016   -0.0356   -0.9151
...   145 A-T ...
   25.5275  -52.9803   55.8052
   -0.2442    0.9563   -0.1610
    0.8906    0.2869    0.3528
    0.3836   -0.0573   -0.9217
...   146 C-G ...
   25.2778  -52.5122   52.0795
    0.3204    0.9427   -0.0929
    0.8825   -0.2614    0.3909
    0.3443   -0.2072   -0.9157
...   147 A-T ...
   25.6238  -52.5939   48.6394
    0.8597    0.5097    0.0339
    0.4496   -0.7865    0.4233
    0.2424   -0.3487   -0.9053
