  147 base-pairs
...     1 T-A ...
    0.0000    0.0000    0.0000
    1.0000    0.0000    0.0000
    0.0000    1.0000    0.0000
    0.0000    0.0000    1.0000
...     2 G-C ...
   -0.5555   -1.1003    3.3981
    0.7749    0.6051    0.1828
   -0.5991    0.7953   -0.0929
   -0.2016   -0.0375    0.9787
...     3 T-A ...
   -0.6619   -3.0237    6.5348
    0.3046    0.9250    0.2271
   -0.8994    0.3578   -0.2510
   -0.3134   -0.1278    0.9410
...     4 G-C ...
   -1.1607   -3.8418    9.6940
   -0.3351    0.9421    0.0133
   -0.8752   -0.3061   -0.3746
   -0.3489   -0.1372    0.9271
...     5 A-T ...
   -1.3881   -3.6770   12.8999
   -0.7835    0.6162   -0.0801
   -0.5677   -0.7622   -0.3109
   -0.2527   -0.1981    0.9470
...     6 G-C ...
   -2.6236   -3.5448   15.7072
   -0.9923    0.0611   -0.1075
   -0.0294   -0.9610   -0.2748
   -0.1201   -0.2695    0.9555
...     7 C-G ...
   -2.3138   -3.7570   18.8866
   -0.8620   -0.4995   -0.0864
    0.5008   -0.8655    0.0073
   -0.0785   -0.0370    0.9962
...     8 G-C ...
   -3.9561   -6.8109   23.3205
   -0.2581   -0.3560   -0.8981
    0.6294   -0.7673    0.1233
   -0.7330   -0.5335    0.4221
...     9 C-G ...
   -6.1177   -8.9414   24.2385
    0.1143   -0.7320   -0.6716
    0.8123   -0.3203    0.4874
   -0.5720   -0.6013    0.5580
...    10 T-A ...
   -8.5041   -9.6771   26.0540
    0.4660   -0.8587   -0.2131
    0.6274    0.1508    0.7640
   -0.6239   -0.4897    0.6090
...    11 C-G ...
  -11.0625  -11.3174   27.2336
    0.6660   -0.6911    0.2808
    0.3382    0.6152    0.7121
   -0.6649   -0.3794    0.6435
...    12 A-T ...
  -13.0013  -13.1789   29.0658
    0.7188   -0.1490    0.6790
   -0.1787    0.9043    0.3876
   -0.6718   -0.4000    0.6235
...    13 C-G ...
  -14.1788  -15.9359   31.3399
    0.4052    0.2865    0.8682
   -0.5270    0.8492   -0.0343
   -0.7470   -0.4437    0.4951
...    14 A-T ...
  -15.9532  -18.1566   33.3080
   -0.1503    0.6873    0.7107
   -0.6106    0.5008   -0.6135
   -0.7776   -0.5261    0.3444
...    15 A-T ...
  -18.3872  -19.8424   34.6290
   -0.4554    0.8651    0.2102
   -0.4182    0.0006   -0.9084
   -0.7860   -0.5016    0.3615
...    16 T-A ...
  -20.7566  -21.2497   36.4257
   -0.5943    0.7479   -0.2958
   -0.1311   -0.4529   -0.8819
   -0.7935   -0.4853    0.3672
...    17 T-A ...
  -23.3596  -22.6311   37.8040
   -0.5608    0.3363   -0.7566
    0.2329   -0.8128   -0.5339
   -0.7945   -0.4756    0.3775
...    18 T-A ...
  -26.0434  -23.9194   39.1353
   -0.3338   -0.2238   -0.9157
    0.5152   -0.8568    0.0216
   -0.7894   -0.4645    0.4013
...    19 A-T ...
  -28.3890  -25.8266   40.7463
    0.0554   -0.7628   -0.6443
    0.6131   -0.4833    0.6249
   -0.7881   -0.4296    0.4409
...    20 T-A ...
  -31.3607  -26.9912   41.6696
    0.3517   -0.9129   -0.2073
    0.4973   -0.0054    0.8676
   -0.7931   -0.4083    0.4521
...    21 T-A ...
  -34.0847  -28.2965   42.9068
    0.5542   -0.7478    0.3656
    0.2031    0.5474    0.8118
   -0.8072   -0.3757    0.4553
...    22 C-G ...
  -36.7755  -29.5624   44.3583
    0.5820   -0.2479    0.7745
   -0.1714    0.8936    0.4148
   -0.7949   -0.3741    0.4776
...    23 G-C ...
  -39.5710  -30.3831   46.1035
    0.4611    0.3569    0.8124
   -0.4837    0.8687   -0.1072
   -0.7440   -0.3435    0.5731
...    24 C-G ...
  -41.7502  -31.7945   48.1905
    0.1506    0.7994    0.5817
   -0.6640    0.5177   -0.5396
   -0.7324   -0.3050    0.6087
...    25 A-T ...
  -44.3610  -32.6173   50.1419
   -0.1886    0.9782    0.0874
   -0.6507   -0.0578   -0.7572
   -0.7356   -0.1996    0.6473
...    26 A-T ...
  -46.6312  -33.1230   52.4110
   -0.5266    0.7619   -0.3770
   -0.4241   -0.6198   -0.6602
   -0.7368   -0.1877    0.6496
...    27 A-T ...
  -48.9834  -33.4910   54.6286
   -0.6769    0.2535   -0.6910
   -0.0408   -0.9503   -0.3087
   -0.7349   -0.1807    0.6536
...    28 G-C ...
  -51.5369  -33.7548   56.7739
   -0.5485   -0.3016   -0.7799
    0.3229   -0.9367    0.1352
   -0.7713   -0.1776    0.6111
...    29 G-C ...
  -54.3557  -34.1593   58.6350
   -0.2169   -0.7648   -0.6066
    0.5557   -0.6076    0.5674
   -0.8026   -0.2140    0.5569
...    30 C-G ...
  -57.2819  -34.7391   60.1612
    0.1619   -0.9668   -0.1979
    0.5737   -0.0709    0.8160
   -0.8029   -0.2457    0.5432
...    31 C-G ...
  -60.1129  -35.6889   61.7713
    0.5149   -0.8171    0.2591
    0.3685    0.4839    0.7937
   -0.7740   -0.3132    0.5503
...    32 G-C ...
  -62.5711  -36.4842   63.9707
    0.7074   -0.3493    0.6144
   -0.0135    0.8625    0.5059
   -0.7066   -0.3662    0.6054
...    33 G-C ...
  -64.8438  -37.9453   66.0024
    0.6328    0.2274    0.7401
   -0.4207    0.9034    0.0822
   -0.6500   -0.3634    0.6674
...    34 C-G ...
  -66.6956  -39.4521   68.3295
    0.3166    0.7109    0.6280
   -0.7114    0.6159   -0.3385
   -0.6274   -0.3396    0.7007
...    35 C-G ...
  -68.5692  -40.5241   70.9363
   -0.0884    0.9584    0.2713
   -0.7852    0.1005   -0.6110
   -0.6129   -0.2670    0.7437
...    36 C-G ...
  -70.4818  -41.1599   73.6633
   -0.4673    0.8663   -0.1766
   -0.6191   -0.4632   -0.6341
   -0.6311   -0.1870    0.7528
...    37 G-C ...
  -72.9025  -41.8902   75.9200
   -0.6757    0.4517   -0.5826
   -0.2575   -0.8851   -0.3876
   -0.6908   -0.1119    0.7144
...    38 A-T ...
  -75.1998  -42.1440   78.2814
   -0.6762   -0.1754   -0.7156
    0.2001   -0.9785    0.0508
   -0.7091   -0.1088    0.6967
...    39 C-G ...
  -77.7818  -41.9238   80.3900
   -0.4427   -0.6746   -0.5907
    0.5285   -0.7285    0.4360
   -0.7244   -0.1192    0.6790
...    40 A-T ...
  -80.0863  -42.4745   82.7706
    0.0222   -0.9600   -0.2791
    0.6707   -0.1927    0.7162
   -0.7414   -0.2031    0.6397
...    41 C-G ...
  -82.9170  -43.1895   84.3683
    0.4036   -0.9053    0.1322
    0.5452    0.3540    0.7599
   -0.7348   -0.2346    0.6364
...    42 G-C ...
  -85.1406  -43.8658   86.8370
    0.7218   -0.5046    0.4736
    0.1884    0.8018    0.5672
   -0.6659   -0.3202    0.6738
...    43 A-T ...
  -87.2870  -45.0096   89.0610
    0.7100    0.0938    0.6979
   -0.2970    0.9385    0.1760
   -0.6385   -0.3322    0.6942
...    44 C-G ...
  -89.0252  -46.6373   91.3883
    0.4514    0.5945    0.6654
   -0.6449    0.7327   -0.2171
   -0.6167   -0.3311    0.7142
...    45 T-A ...
  -90.7879  -47.7839   93.9804
    0.0479    0.9145    0.4018
   -0.8057    0.2732   -0.5255
   -0.5903   -0.2986    0.7499
...    46 T-A ...
  -92.4881  -48.7788   96.5791
   -0.4552    0.8898    0.0316
   -0.6747   -0.3215   -0.6644
   -0.5811   -0.3238    0.7467
...    47 A-T ...
  -94.6682  -50.1981   98.7904
   -0.8055    0.4452   -0.3911
   -0.1986   -0.8247   -0.5296
   -0.5583   -0.3489    0.7527
...    48 C-G ...
  -96.5432  -50.7496  101.5124
   -0.7750   -0.0696   -0.6281
    0.2712   -0.9344   -0.2311
   -0.5708   -0.3495    0.7430
...    49 T-A ...
  -98.6577  -51.6597  103.9397
   -0.4659   -0.5519   -0.6916
    0.6489   -0.7445    0.1570
   -0.6016   -0.3756    0.7050
...    50 G-C ...
 -100.5662  -53.1284  106.2795
    0.0654   -0.8388   -0.5404
    0.7899   -0.2875    0.5417
   -0.6098   -0.4623    0.6438
...    51 T-A ...
 -103.0055  -54.6374  107.9422
    0.5055   -0.8403   -0.1960
    0.6313    0.2054    0.7478
   -0.5881   -0.5018    0.6343
...    52 A-T ...
 -104.8400  -56.3422  110.1807
    0.8326   -0.4978    0.2430
    0.1792    0.6572    0.7321
   -0.5241   -0.5660    0.6363
...    53 G-C ...
 -106.4617  -58.4822  112.1395
    0.8332   -0.0166    0.5527
   -0.3167    0.8051    0.5015
   -0.4533   -0.5929    0.6656
...    54 G-C ...
 -107.6069  -60.6527  114.4660
    0.5449    0.4842    0.6846
   -0.7504    0.6458    0.1406
   -0.3740   -0.5904    0.7152
...    55 T-A ...
 -108.2360  -62.8277  116.9139
    0.0547    0.7661    0.6404
   -0.9329    0.2679   -0.2408
   -0.3560   -0.5842    0.7294
...    56 A-T ...
 -109.9927  -64.8415  119.0826
   -0.6108    0.7062    0.3579
   -0.7230   -0.3133   -0.6157
   -0.3227   -0.6349    0.7020
...    57 T-A ...
 -110.6511  -66.5791  121.8428
   -0.9101    0.4145    0.0004
   -0.2889   -0.6337   -0.7176
   -0.2972   -0.6532    0.6965
...    58 C-G ...
 -111.6129  -68.6744  124.2287
   -0.8949   -0.0605   -0.4422
    0.3350   -0.7458   -0.5758
   -0.2949   -0.6634    0.6877
...    59 T-A ...
 -112.8176  -70.6936  126.6117
   -0.5472   -0.4283   -0.7191
    0.7752   -0.5833   -0.2425
   -0.3156   -0.6902    0.6512
...    60 C-G ...
 -113.9006  -72.9061  128.8101
    0.0449   -0.6602   -0.7497
    0.9532   -0.1962    0.2299
   -0.2989   -0.7250    0.6205
...    61 G-C ...
 -114.5655  -75.3850  131.0159
    0.6143   -0.5360   -0.5791
    0.7600    0.2045    0.6170
   -0.2123   -0.8191    0.5329
...    62 A-T ...
 -115.2409  -78.1193  132.6777
    0.9574   -0.2523   -0.1402
    0.2472    0.4665    0.8493
   -0.1489   -0.8478    0.5090
...    63 G-C ...
 -115.5751  -81.0932  134.0984
    0.9496    0.1168    0.2908
   -0.3093    0.4972    0.8106
   -0.0499   -0.8597    0.5083
...    64 C-G ...
 -115.2472  -84.0695  135.5398
    0.6185    0.4143    0.6677
   -0.7856    0.3078    0.5368
    0.0169   -0.8565    0.5158
...    65 T-A ...
 -114.7725  -86.8704  137.2764
    0.0826    0.5494    0.8315
   -0.9935   -0.0201    0.1120
    0.0783   -0.8353    0.5441
...    66 C-G ...
 -114.4139  -89.5170  139.2327
   -0.5430    0.4111    0.7322
   -0.8329   -0.3749   -0.4071
    0.1071   -0.8310    0.5459
...    67 G-C ...
 -114.4626  -92.4869  140.8599
   -0.9360    0.1318    0.3265
   -0.3413   -0.5677   -0.7492
    0.0866   -0.8126    0.5763
...    68 G-C ...
 -114.0990  -95.1105  142.9989
   -0.9649   -0.1851   -0.1864
    0.2578   -0.5310   -0.8072
    0.0504   -0.8269    0.5601
...    69 G-C ...
 -113.8980  -97.7711  145.1146
   -0.6499   -0.3978   -0.6476
    0.7595   -0.3077   -0.5732
    0.0288   -0.8643    0.5021
...    70 A-T ...
 -113.7798 -100.5323  146.8990
   -0.0671   -0.4612   -0.8848
    0.9963    0.0168   -0.0844
    0.0538   -0.8872    0.4583
...    71 T-A ...
 -114.2323 -103.4768  148.2608
    0.4478   -0.3579   -0.8194
    0.8910    0.2559    0.3751
    0.0754   -0.8980    0.4335
...    72 C-G ...
 -113.9758 -106.4510  149.5912
    0.8770   -0.0624   -0.4765
    0.4587    0.4042    0.7913
    0.1432   -0.9125    0.3831
...    73 C-G ...
 -113.2911 -109.6169  150.4967
    0.9593    0.2822   -0.0113
   -0.0840    0.3233    0.9425
    0.2696   -0.9032    0.3339
...    74 G-C ...
 -112.0140 -112.3967  151.9576
    0.6994    0.5286    0.4811
   -0.5752    0.0167    0.8178
    0.4243   -0.8487    0.3157
...    75 C-G ...
 -110.0781 -114.9600  152.8801
    0.2417    0.4719    0.8479
   -0.8429   -0.3308    0.4244
    0.4808   -0.8172    0.3178
...    76 T-A ...
 -108.1454 -117.4373  154.0279
   -0.2779    0.2186    0.9354
   -0.8071   -0.5812   -0.1040
    0.5210   -0.7839    0.3379
...    77 T-A ...
 -106.1569 -119.7819  155.1652
   -0.6666   -0.2426    0.7049
   -0.4785   -0.5858   -0.6541
    0.5716   -0.7733    0.2744
...    78 T-A ...
 -104.0843 -122.0806  156.2523
   -0.7715   -0.6098    0.1817
    0.0069   -0.2936   -0.9559
    0.6362   -0.7362    0.2307
...    79 A-T ...
 -101.5045 -124.4011  156.3080
   -0.4952   -0.7016   -0.5124
    0.4924    0.2592   -0.8309
    0.7158   -0.6637    0.2171
...    80 A-T ...
  -99.2760 -126.6041  157.1922
   -0.1014   -0.4130   -0.9051
    0.6657    0.6479   -0.3702
    0.7393   -0.6401    0.2092
...    81 C-G ...
  -97.2658 -129.1105  157.9537
    0.2334    0.0383   -0.9716
    0.6085    0.7737    0.1766
    0.7585   -0.6325    0.1573
...    82 A-T ...
  -94.5680 -131.0725  158.4669
    0.4215    0.5706   -0.7048
    0.3834    0.5922    0.7087
    0.8218   -0.5690    0.0308
...    83 C-G ...
  -92.0363 -133.0918  157.9516
    0.5041    0.8355   -0.2186
    0.1234    0.1809    0.9757
    0.8547   -0.5189   -0.0120
...    84 T-A ...
  -89.0894 -134.5652  157.5634
    0.4130    0.8404    0.3511
   -0.1140   -0.3348    0.9354
    0.9036   -0.4263   -0.0425
...    85 T-A ...
  -86.0789 -135.7445  157.2520
    0.2687    0.4812    0.8344
   -0.3085   -0.7777    0.5478
    0.9125   -0.4046   -0.0605
...    86 T-A ...
  -82.9965 -136.7750  156.9505
    0.0731   -0.0985    0.9924
   -0.3939   -0.9170   -0.0620
    0.9162   -0.3864   -0.1058
...    87 A-T ...
  -80.1847 -138.6540  156.0991
   -0.1034   -0.7587    0.6431
   -0.3602   -0.5741   -0.7352
    0.9271   -0.3077   -0.2140
...    88 T-A ...
  -76.9145 -139.3312  155.9793
   -0.2342   -0.9619    0.1407
   -0.2652   -0.0760   -0.9612
    0.9353   -0.2624   -0.2373
...    89 G-C ...
  -73.8742 -140.0662  154.7997
   -0.3860   -0.7979   -0.4629
   -0.0842    0.5302   -0.8437
    0.9187   -0.2867   -0.2718
...    90 C-G ...
  -70.7641 -141.1756  154.2444
   -0.4071   -0.3477   -0.8446
    0.1188    0.8967   -0.4264
    0.9056   -0.2739   -0.3237
...    91 T-A ...
  -67.8526 -142.3225  153.1282
   -0.3547    0.2157   -0.9098
    0.3104    0.9450    0.1031
    0.8820   -0.2458   -0.4021
...    92 T-A ...
  -65.0834 -143.2238  151.7311
   -0.1647    0.7293   -0.6640
    0.4558    0.6533    0.6045
    0.8747   -0.2031   -0.4401
...    93 C-G ...
  -62.2744 -143.7666  150.1605
    0.0651    0.9872   -0.1459
    0.4901    0.0957    0.8664
    0.8693   -0.1279   -0.4775
...    94 A-T ...
  -59.2865 -143.9052  148.6200
    0.2142    0.8742    0.4358
    0.4288   -0.4851    0.7622
    0.8777    0.0236   -0.4787
...    95 T-A ...
  -56.6992 -143.2926  146.6837
    0.3956    0.4997    0.7706
    0.2762   -0.8649    0.4191
    0.8759    0.0471   -0.4802
...    96 G-C ...
  -53.6038 -143.2469  145.3975
    0.4298   -0.1211    0.8947
    0.0416   -0.9873   -0.1536
    0.9019    0.1032   -0.4193
...    97 T-A ...
  -50.5630 -142.3049  144.3040
    0.3884   -0.6418    0.6612
   -0.1889   -0.7578   -0.6246
    0.9019    0.1177   -0.4155
...    98 T-A ...
  -47.5737 -141.6352  143.1457
    0.2559   -0.9589    0.1221
   -0.4008   -0.2202   -0.8893
    0.8797    0.1787   -0.4407
...    99 A-T ...
  -45.0064 -140.6629  141.0257
   -0.0152   -0.8272   -0.5617
   -0.5135    0.4885   -0.7055
    0.8580    0.2777   -0.4321
...   100 T-A ...
  -41.8899 -140.1784  140.0121
   -0.2724   -0.4436   -0.8538
   -0.4447    0.8450   -0.2970
    0.8532    0.2988   -0.4275
...   101 A-T ...
  -39.1537 -138.7355  138.6208
   -0.5242    0.1883   -0.8305
   -0.1826    0.9277    0.3256
    0.8318    0.3224   -0.4519
...   102 A-T ...
  -36.4870 -137.8176  137.0250
   -0.5578    0.6828   -0.4718
    0.1549    0.6441    0.7491
    0.8154    0.3448   -0.4651
...   103 C-G ...
  -34.0891 -136.8934  134.9573
   -0.4305    0.9022    0.0279
    0.4439    0.1847    0.8769
    0.7859    0.3899   -0.4799
...   104 G-C ...
  -31.4001 -135.2636  133.6822
   -0.1997    0.7863    0.5847
    0.6602   -0.3329    0.6733
    0.7240    0.5205   -0.4526
...   105 G-C ...
  -29.2353 -133.0745  132.2377
    0.1447    0.4171    0.8973
    0.6978   -0.6859    0.2063
    0.7015    0.5963   -0.3903
...   106 A-T ...
  -26.9621 -130.9613  131.0783
    0.5302   -0.0989    0.8421
    0.4840   -0.7801   -0.3964
    0.6961    0.6177   -0.3658
...   107 T-A ...
  -24.9489 -128.4374  130.3032
    0.7197   -0.4828    0.4989
    0.1335   -0.6090   -0.7818
    0.6813    0.6293   -0.3739
...   108 C-G ...
  -22.6602 -126.3175  129.1735
    0.6492   -0.7553   -0.0897
   -0.3358   -0.1789   -0.9248
    0.6825    0.6305   -0.3698
...   109 C-G ...
  -20.2071 -124.2078  128.1305
    0.3005   -0.7560   -0.5815
   -0.6415    0.2909   -0.7098
    0.7058    0.5863   -0.3975
...   110 G-C ...
  -18.1911 -121.9708  126.5535
   -0.1970   -0.4913   -0.8484
   -0.6976    0.6783   -0.2308
    0.6889    0.5464   -0.4764
...   111 G-C ...
  -15.7418 -120.2728  124.9534
   -0.6138   -0.0675   -0.7866
   -0.4642    0.8367    0.2905
    0.6386    0.5434   -0.5449
...   112 C-G ...
  -13.5457 -118.8184  122.9165
   -0.8021    0.3826   -0.4585
   -0.0391    0.7326    0.6796
    0.5959    0.5630   -0.5727
...   113 T-A ...
  -11.7723 -117.0320  120.7410
   -0.7361    0.6762    0.0308
    0.4193    0.4197    0.8050
    0.5314    0.6054   -0.5925
...   114 C-G ...
  -10.1712 -114.9496  118.7612
   -0.3581    0.7662    0.5336
    0.7887   -0.0576    0.6120
    0.4997    0.6401   -0.5837
...   115 G-C ...
   -8.2637 -112.6555  117.1496
    0.1104    0.5199    0.8471
    0.8786   -0.4496    0.1614
    0.4647    0.7264   -0.5064
...   116 T-A ...
   -7.2470 -109.8627  115.6274
    0.5585    0.1754    0.8108
    0.6841   -0.6502   -0.3305
    0.4692    0.7392   -0.4831
...   117 A-T ...
   -5.4949 -107.6159  113.7721
    0.8751   -0.2808    0.3941
    0.1576   -0.6045   -0.7809
    0.4575    0.7455   -0.4847
...   118 T-A ...
   -3.9851 -104.8332  112.7888
    0.8339   -0.5460   -0.0803
   -0.3256   -0.3693   -0.8704
    0.4456    0.7520   -0.4857
...   119 A-T ...
   -2.8387 -102.3158  110.7894
    0.4226   -0.6391   -0.6426
   -0.7988    0.0724   -0.5973
    0.4283    0.7657   -0.4799
...   120 A-T ...
   -1.2402  -99.8720  109.3459
   -0.1265   -0.4610   -0.8784
   -0.8979    0.4296   -0.0961
    0.4216    0.7765   -0.4682
...   121 T-A ...
    0.6836  -97.7153  107.7484
   -0.5759   -0.1678   -0.8001
   -0.7013    0.6044    0.3780
    0.4202    0.7788   -0.4657
...   122 G-C ...
    1.7866  -94.9172  106.2500
   -0.9138    0.1560   -0.3751
   -0.2112    0.6063    0.7667
    0.3470    0.7798   -0.5210
...   123 T-A ...
    2.8038  -92.6758  104.0092
   -0.8923    0.4363    0.1158
    0.3193    0.4290    0.8450
    0.3190    0.7910   -0.5221
...   124 G-C ...
    3.8265  -89.8278  102.5478
   -0.5530    0.5351    0.6386
    0.7959    0.1125    0.5949
    0.2465    0.8373   -0.4881
...   125 T-A ...
    4.0141  -87.0084  100.7704
   -0.0390    0.4885    0.8717
    0.9700   -0.1911    0.1504
    0.2400    0.8514   -0.4664
...   126 C-G ...
    4.7217  -84.1277   99.3137
    0.5525    0.2510    0.7948
    0.7964   -0.4403   -0.4146
    0.2459    0.8620   -0.4432
...   127 G-C ...
    5.8788  -81.3853   97.6901
    0.8838   -0.1377    0.4472
    0.3353   -0.4803   -0.8105
    0.3264    0.8662   -0.3783
...   128 A-T ...
    6.9483  -78.4843   96.5316
    0.8959   -0.4264   -0.1245
   -0.2676   -0.2943   -0.9175
    0.3546    0.8553   -0.3778
...   129 C-G ...
    8.4330  -75.5827   95.8427
    0.5975   -0.5430   -0.5900
   -0.7063   -0.0082   -0.7078
    0.3795    0.8397   -0.3885
...   130 C-G ...
    9.9979  -72.8542   94.5870
    0.0631   -0.5224   -0.8504
   -0.9099    0.3200   -0.2641
    0.4101    0.7904   -0.4551
...   131 A-T ...
   11.1068  -70.1220   92.9738
   -0.5249   -0.3016   -0.7960
   -0.7571    0.5928    0.2746
    0.3890    0.7467   -0.5395
...   132 A-T ...
   12.4860  -67.8579   91.0888
   -0.8680    0.1108   -0.4841
   -0.3000    0.6599    0.6889
    0.3958    0.7431   -0.5395
...   133 A-T ...
   13.7579  -65.5890   89.1289
   -0.8704    0.4923    0.0087
    0.2729    0.4677    0.8407
    0.4098    0.7341   -0.5415
...   134 T-A ...
   14.7385  -63.4259   86.8199
   -0.5923    0.6747    0.4404
    0.6886    0.1401    0.7115
    0.4183    0.7247   -0.5475
...   135 G-C ...
   15.7317  -61.4929   83.9330
    0.0341    0.7400    0.6717
    0.8636   -0.3601    0.3528
    0.5030    0.5681   -0.6514
...   136 T-A ...
   15.7849  -59.5604   80.7992
    0.5517    0.4998    0.6677
    0.6739   -0.7388   -0.0038
    0.4915    0.4520   -0.7444
...   137 G-C ...
   16.8386  -57.7219   78.2675
    0.8528   -0.0848    0.5153
    0.1507   -0.9048   -0.3983
    0.5000    0.4173   -0.7588
...   138 A-T ...
   18.4283  -55.5287   76.5298
    0.8547   -0.5006    0.1371
   -0.3188   -0.7148   -0.6224
    0.4096    0.4883   -0.7706
...   139 G-C ...
   20.4260  -54.3094   74.5419
    0.5847   -0.7389   -0.3347
   -0.7593   -0.3533   -0.5465
    0.2856    0.5737   -0.7676
...   140 C-G ...
   21.4270  -51.8266   72.7875
    0.1304   -0.7144   -0.6875
   -0.8897    0.2216   -0.3991
    0.4375    0.6637   -0.6067
...   141 G-C ...
   22.1522  -50.1495   67.4639
   -0.4682   -0.8748    0.1248
   -0.8494    0.4066   -0.3364
    0.2435   -0.2635   -0.9334
...   142 C-G ...
   22.3489  -51.2414   64.4933
   -0.8528   -0.5119   -0.1032
   -0.4975    0.8565   -0.1374
    0.1587   -0.0659   -0.9851
...   143 T-A ...
   24.0166  -51.6379   61.9248
   -0.9562    0.0401   -0.2898
    0.0524    0.9980   -0.0348
    0.2878   -0.0485   -0.9565
...   144 C-G ...
   24.8958  -52.7396   58.9873
   -0.7529    0.5560   -0.3520
    0.5214    0.8304    0.1965
    0.4016   -0.0356   -0.9151
...   145 A-T ...
   25.5276  -52.9804   55.8053
   -0.2442    0.9563   -0.1610
    0.8906    0.2869    0.3528
    0.3836   -0.0573   -0.9217
...   146 C-G ...
   25.2778  -52.5123   52.0796
    0.3204    0.9427   -0.0929
    0.8825   -0.2614    0.3909
    0.3443   -0.2072   -0.9157
...   147 A-T ...
   25.6239  -52.5940   48.6395
    0.8597    0.5097    0.0339
    0.4496   -0.7865    0.4233
    0.2424   -0.3487   -0.9053
