  147 base-pairs
...     1 T-A ...
    0.0000    0.0000    0.0000
    1.0000    0.0000    0.0000
    0.0000    1.0000    0.0000
    0.0000    0.0000    1.0000
...     2 G-C ...
   -0.5555   -1.1003    3.3981
    0.7749    0.6051    0.1828
   -0.5991    0.7953   -0.0929
   -0.2016   -0.0375    0.9787
...     3 T-A ...
   -0.6619   -3.0237    6.5348
    0.3046    0.9250    0.2271
   -0.8994    0.3578   -0.2510
   -0.3134   -0.1278    0.9410
...     4 G-C ...
   -1.1607   -3.8418    9.6940
   -0.3351    0.9421    0.0133
   -0.8752   -0.3061   -0.3746
   -0.3489   -0.1372    0.9271
...     5 A-T ...
   -1.3881   -3.6770   12.8999
   -0.7835    0.6162   -0.0801
   -0.5677   -0.7622   -0.3109
   -0.2527   -0.1981    0.9470
...     6 G-C ...
   -2.6236   -3.5448   15.7072
   -0.9923    0.0611   -0.1075
   -0.0294   -0.9610   -0.2748
   -0.1201   -0.2695    0.9555
...     7 C-G ...
   -2.3138   -3.7570   18.8866
   -0.8620   -0.4995   -0.0864
    0.5008   -0.8655    0.0073
   -0.0785   -0.0370    0.9962
...     8 G-C ...
   -3.9561   -6.8109   23.3205
   -0.2581   -0.3560   -0.8981
    0.6294   -0.7673    0.1233
   -0.7330   -0.5335    0.4221
...     9 C-G ...
   -6.1177   -8.9414   24.2385
    0.1143   -0.7320   -0.6716
    0.8123   -0.3203    0.4874
   -0.5720   -0.6013    0.5580
...    10 T-A ...
   -8.5041   -9.6771   26.0540
    0.4660   -0.8587   -0.2131
    0.6274    0.1508    0.7640
   -0.6239   -0.4897    0.6090
...    11 C-G ...
  -11.0625  -11.3174   27.2336
    0.6660   -0.6911    0.2808
    0.3382    0.6152    0.7121
   -0.6649   -0.3794    0.6435
...    12 A-T ...
  -13.0013  -13.1789   29.0658
    0.7188   -0.1490    0.6790
   -0.1787    0.9043    0.3876
   -0.6718   -0.4000    0.6235
...    13 C-G ...
  -14.1788  -15.9359   31.3399
    0.4052    0.2865    0.8682
   -0.5270    0.8492   -0.0343
   -0.7470   -0.4437    0.4951
...    14 A-T ...
  -15.9532  -18.1566   33.3080
   -0.1503    0.6873    0.7107
   -0.6106    0.5008   -0.6135
   -0.7776   -0.5261    0.3444
...    15 A-T ...
  -18.3937  -19.8456   34.6173
   -0.4576    0.8649    0.2061
   -0.4136   -0.0018   -0.9105
   -0.7871   -0.5019    0.3585
...    16 T-A ...
  -20.7744  -21.2516   36.4007
   -0.5926    0.7462   -0.3032
   -0.1236   -0.4562   -0.8812
   -0.7959   -0.4847    0.3626
...    17 T-A ...
  -23.3921  -22.6349   37.7492
   -0.5507    0.3327   -0.7655
    0.2392   -0.8157   -0.5266
   -0.7997   -0.4731    0.3696
...    18 T-A ...
  -26.0955  -23.9233   39.0406
   -0.3174   -0.2290   -0.9202
    0.5136   -0.8573    0.0362
   -0.7972   -0.4611    0.3897
...    19 A-T ...
  -28.4726  -25.8329   40.6208
    0.0699   -0.7700   -0.6342
    0.5979   -0.4766    0.6445
   -0.7985   -0.4242    0.4271
...    20 T-A ...
  -31.4691  -26.9856   41.4861
    0.3558   -0.9160   -0.1851
    0.4744    0.0064    0.8803
   -0.8052   -0.4010    0.4369
...    21 T-A ...
  -34.2317  -28.2684   42.6687
    0.5394   -0.7422    0.3978
    0.1790    0.5626    0.8071
   -0.8228   -0.3641    0.4363
...    22 C-G ...
  -36.9810  -29.4959   44.0581
    0.5493   -0.2313    0.8030
   -0.1839    0.9039    0.3862
   -0.8151   -0.3598    0.4540
...    23 G-C ...
  -39.8735  -30.2447   45.6926
    0.4197    0.3785    0.8250
   -0.4745    0.8663   -0.1560
   -0.7738   -0.3259    0.5432
...    24 C-G ...
  -42.1817  -31.6003   47.6882
    0.1179    0.8165    0.5652
   -0.6307    0.5012   -0.5925
   -0.7670   -0.2866    0.5741
...    25 A-T ...
  -44.9238  -32.3771   49.4804
   -0.1964    0.9796    0.0430
   -0.5998   -0.0853   -0.7956
   -0.7757   -0.1820    0.6043
...    26 A-T ...
  -47.3427  -32.8267   51.6040
   -0.5019    0.7454   -0.4387
   -0.3757   -0.6447   -0.6657
   -0.7791   -0.1693    0.6036
...    27 A-T ...
  -49.8469  -33.1395   53.6570
   -0.6245    0.2245   -0.7480
   -0.0155   -0.9612   -0.2755
   -0.7808   -0.1604    0.6038
...    28 G-C ...
  -52.5596  -33.3421   55.6089
   -0.4839   -0.3351   -0.8084
    0.3144   -0.9287    0.1967
   -0.8167   -0.1590    0.5548
...    29 G-C ...
  -55.5267  -33.7059   57.2383
   -0.1622   -0.7905   -0.5906
    0.5083   -0.5799    0.6366
   -0.8458   -0.1970    0.4959
...    30 C-G ...
  -58.5753  -34.2609   58.5250
    0.1826   -0.9732   -0.1400
    0.4993   -0.0309    0.8659
   -0.8470   -0.2280    0.4803
...    31 C-G ...
  -61.5262  -35.1836   59.9287
    0.4912   -0.7993    0.3462
    0.2885    0.5243    0.8012
   -0.8219   -0.2936    0.4881
...    32 G-C ...
  -64.1825  -35.8905   61.9345
    0.6393   -0.3094    0.7039
   -0.0721    0.8873    0.4555
   -0.7655   -0.3420    0.5450
...    33 G-C ...
  -66.6675  -37.2552   63.7854
    0.5411    0.2763    0.7942
   -0.4339    0.9008   -0.0177
   -0.7203   -0.3350    0.6073
...    34 C-G ...
  -68.7854  -38.6600   65.9570
    0.2299    0.7507    0.6194
   -0.6706    0.5834   -0.4582
   -0.7053   -0.3101    0.6375
...    35 C-G ...
  -70.9717  -39.6358   68.3562
   -0.1360    0.9704    0.1996
   -0.7006    0.0483   -0.7119
   -0.7005   -0.2366    0.6733
...    36 C-G ...
  -73.2161  -40.1863   70.8432
   -0.4533    0.8426   -0.2907
   -0.5194   -0.5147   -0.6822
   -0.7244   -0.1583    0.6709
...    37 G-C ...
  -75.9042  -40.8645   72.8064
   -0.5937    0.3980   -0.6994
   -0.1820   -0.9130   -0.3651
   -0.7838   -0.0895    0.6145
...    38 A-T ...
  -78.5141  -41.0526   74.8260
   -0.5584   -0.2369   -0.7950
    0.2104   -0.9675    0.1405
   -0.8024   -0.0888    0.5901
...    39 C-G ...
  -81.3862  -40.7861   76.5088
   -0.3317   -0.7220   -0.6072
    0.4714   -0.6844    0.5562
   -0.8171   -0.1017    0.5674
...    40 A-T ...
  -84.0244  -41.2854   78.5368
    0.0894   -0.9737   -0.2097
    0.5528   -0.1266    0.8236
   -0.8285   -0.1895    0.5269
...    41 C-G ...
  -87.0592  -42.0074   79.7094
    0.3994   -0.8803    0.2562
    0.4044    0.4199    0.8125
   -0.8228   -0.2209    0.5237
...    42 G-C ...
  -89.6309  -42.6216   81.8470
    0.6412   -0.4441    0.6258
    0.0637    0.8435    0.5333
   -0.7648   -0.3021    0.5691
...    43 A-T ...
  -92.1084  -43.7061   83.7463
    0.5651    0.1709    0.8071
   -0.3530    0.9343    0.0493
   -0.7457   -0.3128    0.5883
...    44 C-G ...
  -94.2093  -45.2548   85.8325
    0.2933    0.6589    0.6927
   -0.6155    0.6846   -0.3905
   -0.7315   -0.3118    0.6063
...    45 T-A ...
  -96.4159  -46.3160   88.1135
   -0.0709    0.9404    0.3326
   -0.6930    0.1934   -0.6945
   -0.7175   -0.2797    0.6380
...    46 T-A ...
  -98.5704  -47.2393   90.3851
   -0.4920    0.8609   -0.1298
   -0.5069   -0.4045   -0.7613
   -0.7078   -0.3087    0.6353
...    47 A-T ...
 -101.0936  -48.6660   92.2047
   -0.7248    0.3642   -0.5848
   -0.0388   -0.8691   -0.4931
   -0.6879   -0.3347    0.6440
...    48 C-G ...
 -103.4722  -49.1629   94.5111
   -0.6139   -0.1634   -0.7723
    0.3639   -0.9268   -0.0932
   -0.7005   -0.3383    0.6284
...    49 T-A ...
 -106.0178  -50.0604   96.4917
   -0.2665   -0.6267   -0.7323
    0.6363   -0.6850    0.3547
   -0.7239   -0.3714    0.5813
...    50 C-G ...
 -108.4613  -51.2575   98.3614
    0.2060   -0.8959   -0.3935
    0.6666   -0.1659    0.7267
   -0.7163   -0.4121    0.5631
...    51 A-T ...
 -110.7237  -52.6971  100.4016
    0.6374   -0.7693    0.0439
    0.3970    0.3767    0.8369
   -0.6604   -0.5160    0.5455
...    52 T-A ...
 -112.9814  -54.7472  101.6282
    0.7616   -0.4545    0.4619
    0.0041    0.7162    0.6979
   -0.6480   -0.5296    0.5473
...    53 G-C ...
 -115.0074  -56.3600  103.7795
    0.6710    0.1116    0.7330
   -0.4812    0.8176    0.3160
   -0.5641   -0.5648    0.6023
...    54 T-A ...
 -116.3833  -58.6519  105.7668
    0.3104    0.5512    0.7745
   -0.7805    0.6128   -0.1234
   -0.5426   -0.5662    0.6205
...    55 T-A ...
 -117.9164  -60.6288  107.8626
   -0.2394    0.7867    0.5690
   -0.8125    0.1585   -0.5610
   -0.5316   -0.5967    0.6012
...    56 A-T ...
 -120.1624  -62.8223  109.3389
   -0.7774    0.6242    0.0774
   -0.4113   -0.4113   -0.8134
   -0.4759   -0.6642    0.5765
...    57 T-A ...
 -121.5553  -64.6119  111.7781
   -0.8915    0.2898   -0.3483
    0.0701   -0.6713   -0.7379
   -0.4476   -0.6822    0.5781
...    58 A-T ...
 -122.7198  -67.3536  113.4829
   -0.6302   -0.2695   -0.7282
    0.6698   -0.6630   -0.3343
   -0.3927   -0.6984    0.5983
...    59 A-T ...
 -124.1621  -69.4792  115.4867
   -0.1117   -0.6139   -0.7815
    0.9219   -0.3576    0.1491
   -0.3710   -0.7038    0.6059
...    60 C-G ...
 -125.9412  -71.6497  117.2567
    0.4228   -0.6761   -0.6035
    0.8359    0.0338    0.5479
   -0.3500   -0.7361    0.5794
...    61 G-C ...
 -126.8065  -74.1350  119.4071
    0.8693   -0.4150   -0.2685
    0.4381    0.3954    0.8073
   -0.2289   -0.8194    0.5255
...    62 G-C ...
 -127.4261  -77.0916  120.9103
    0.9855   -0.0284    0.1674
   -0.1276    0.5264    0.8406
   -0.1120   -0.8498    0.5151
...    63 A-T ...
 -127.5864  -79.9074  122.6073
    0.7123    0.3365    0.6159
   -0.7001    0.4021    0.5900
   -0.0492   -0.8515    0.5220
...    64 T-A ...
 -127.1260  -82.8411  124.0366
    0.2416    0.4967    0.8336
   -0.9698    0.1518    0.1907
   -0.0318   -0.8545    0.5185
...    65 G-C ...
 -127.5917  -85.5391  125.9906
   -0.4029    0.5198    0.7533
   -0.9152   -0.2324   -0.3291
    0.0040   -0.8221    0.5694
...    66 T-A ...
 -127.1182  -87.9943  128.2591
   -0.8436    0.2919    0.4506
   -0.5365   -0.4889   -0.6878
    0.0195   -0.8220    0.5691
...    67 A-T ...
 -126.9829  -91.3055  129.4255
   -0.9625   -0.2517   -0.1013
    0.2194   -0.5025   -0.8363
    0.1596   -0.8271    0.5389
...    68 G-C ...
 -126.5499  -93.9521  131.4492
   -0.6743   -0.4673   -0.5718
    0.7209   -0.2488   -0.6468
    0.1600   -0.8484    0.5047
...    69 G-C ...
 -126.0810  -96.7168  133.3878
   -0.1543   -0.4557   -0.8766
    0.9716    0.0912   -0.2185
    0.1795   -0.8854    0.4287
...    70 T-A ...
 -126.0804  -99.7403  134.7672
    0.3842   -0.2882   -0.8771
    0.8974    0.3399    0.2813
    0.2171   -0.8952    0.3893
...    71 A-T ...
 -125.2708 -102.7704  135.9534
    0.7962    0.0993   -0.5969
    0.5086    0.4245    0.7491
    0.3277   -0.9000    0.2875
...    72 T-A ...
 -124.3472 -105.8794  136.2752
    0.9274    0.3441   -0.1470
    0.0381    0.3040    0.9519
    0.3722   -0.8884    0.2688
...    73 C-G ...
 -122.8958 -108.6905  137.0953
    0.7415    0.5164    0.4284
   -0.4997   -0.0010    0.8662
    0.4477   -0.8564    0.2573
...    74 T-A ...
 -121.0237 -111.3347  137.8220
    0.3149    0.4857    0.8154
   -0.7881   -0.3450    0.5098
    0.5290   -0.8031    0.2741
...    75 C-G ...
 -119.1367 -113.8101  138.9340
   -0.2320    0.1722    0.9574
   -0.7895   -0.6083   -0.0819
    0.5682   -0.7748    0.2770
...    76 G-C ...
 -117.6515 -116.6855  139.9882
   -0.6713   -0.2149    0.7094
   -0.4534   -0.6380   -0.6224
    0.5863   -0.7394    0.3309
...    77 A-T ...
 -115.6198 -119.0576  141.1610
   -0.7865   -0.5933    0.1714
    0.0640   -0.3544   -0.9329
    0.6143   -0.7228    0.3167
...    78 G-C ...
 -113.5858 -121.3882  142.4792
   -0.6200   -0.6789   -0.3933
    0.4808    0.0674   -0.8742
    0.6200   -0.7311    0.2846
...    79 C-G ...
 -111.6440 -123.8026  143.7977
   -0.2569   -0.4922   -0.8317
    0.7254    0.4704   -0.5025
    0.6386   -0.7324    0.2362
...    80 T-A ...
 -109.7026 -126.3958  144.5949
    0.1319   -0.0938   -0.9868
    0.7331    0.6793    0.0334
    0.6672   -0.7278    0.1584
...    81 C-G ...
 -107.5345 -128.8025  145.1352
    0.4861    0.3886   -0.7827
    0.5039    0.6072    0.6144
    0.7140   -0.6931    0.0994
...    82 G-C ...
 -104.8749 -130.8555  145.5498
    0.5400    0.7795   -0.3174
    0.1810    0.2608    0.9483
    0.8220   -0.5695   -0.0003
...    83 G-C ...
 -101.9174 -132.4277  145.1548
    0.4420    0.8595    0.2567
   -0.0887   -0.2429    0.9660
    0.8926   -0.4497   -0.0312
...    84 G-C ...
  -98.6529 -133.3380  144.9534
    0.2292    0.6179    0.7521
   -0.2418   -0.7123    0.6589
    0.9429   -0.3329   -0.0138
...    85 A-T ...
  -95.4475 -134.1905  145.0710
    0.0242    0.0548    0.9982
   -0.2805   -0.9580    0.0594
    0.9596   -0.2814   -0.0078
...    86 T-A ...
  -92.1272 -134.4172  145.1764
   -0.0918   -0.4731    0.8762
   -0.2419   -0.8430   -0.4805
    0.9659   -0.2561   -0.0370
...    87 C-G ...
  -88.8924 -135.2044  145.1868
   -0.1892   -0.9042    0.3829
   -0.1275   -0.3640   -0.9226
    0.9736   -0.2234   -0.0464
...    88 C-G ...
  -85.5580 -135.9007  145.2510
   -0.2541   -0.9413   -0.2220
   -0.0021    0.2301   -0.9732
    0.9672   -0.2468   -0.0605
...    89 G-C ...
  -82.2285 -136.2406  144.6500
   -0.2756   -0.6022   -0.7493
    0.1038    0.7563   -0.6460
    0.9557   -0.2558   -0.1459
...    90 C-G ...
  -79.0794 -137.3464  144.4609
   -0.2217   -0.0606   -0.9732
    0.2086    0.9720   -0.1080
    0.9526   -0.2269   -0.2028
...    91 T-A ...
  -76.0120 -138.3036  143.6380
   -0.1667    0.4927   -0.8541
    0.2892    0.8525    0.4354
    0.9426   -0.1744   -0.2846
...    92 T-A ...
  -73.0315 -138.9104  142.5639
   -0.0368    0.8996   -0.4352
    0.3379    0.4211    0.8417
    0.9405   -0.1161   -0.3195
...    93 T-A ...
  -70.0600 -139.1879  141.3411
    0.1009    0.9851    0.1396
    0.3220   -0.1651    0.9322
    0.9414   -0.0491   -0.3338
...    94 A-T ...
  -66.8865 -138.9966  140.2821
    0.1597    0.7002    0.6959
    0.2689   -0.7091    0.6518
    0.9498    0.0831   -0.3015
...    95 A-T ...
  -63.8551 -138.4234  139.2598
    0.2919    0.1544    0.9439
    0.1533   -0.9817    0.1131
    0.9441    0.1117   -0.3102
...    96 C-G ...
  -60.7759 -137.3635  138.4213
    0.3295   -0.4046    0.8531
   -0.0006   -0.9036   -0.4283
    0.9442    0.1406   -0.2980
...    97 A-T ...
  -57.6507 -137.1542  137.2656
    0.2386   -0.8743    0.4227
   -0.1759   -0.4669   -0.8666
    0.9551    0.1325   -0.2652
...    98 C-G ...
  -54.3422 -136.5295  136.9863
    0.1154   -0.9850   -0.1283
   -0.2837    0.0911   -0.9546
    0.9520    0.1465   -0.2689
...    99 T-A ...
  -51.0805 -136.1437  136.3271
   -0.0872   -0.7707   -0.6313
   -0.3133    0.6227   -0.7170
    0.9457    0.1352   -0.2957
...   100 T-A ...
  -47.9328 -135.8194  135.5576
   -0.2451   -0.2507   -0.9365
   -0.2294    0.9536   -0.1952
    0.9420    0.1670   -0.2912
...   101 T-A ...
  -44.8482 -135.4490  134.6249
   -0.3554    0.3488   -0.8672
   -0.0591    0.9175    0.3933
    0.9329    0.1910   -0.3055
...   102 A-T ...
  -41.7837 -134.6195  133.5503
   -0.4284    0.7996   -0.4209
    0.1850    0.5335    0.8253
    0.8845    0.2757   -0.3764
...   103 T-A ...
  -39.1728 -133.8639  131.7306
   -0.3039    0.9500    0.0722
    0.3869    0.0538    0.9205
    0.8706    0.3077   -0.3839
...   104 G-C ...
  -36.2832 -132.4927  130.6773
   -0.1258    0.7609    0.6365
    0.5435   -0.4839    0.6859
    0.8299    0.4322   -0.3527
...   105 C-G ...
  -33.8299 -130.5676  129.4771
    0.1659    0.3403    0.9256
    0.5569   -0.8069    0.1968
    0.8138    0.4828   -0.3234
...   106 T-A ...
  -31.2721 -128.6052  128.5843
    0.4162   -0.1821    0.8909
    0.4109   -0.8363   -0.3629
    0.8112    0.5171   -0.2732
...   107 T-A ...
  -28.7576 -126.6574  127.8327
    0.6172   -0.6213    0.4827
    0.0780   -0.5621   -0.8234
    0.7829    0.5458   -0.2985
...   108 C-G ...
  -26.1504 -124.8041  126.9474
    0.5383   -0.8327   -0.1298
   -0.3207   -0.0600   -0.9453
    0.7793    0.5505   -0.2994
...   109 C-G ...
  -23.4099 -122.9586  126.1534
    0.2138   -0.7483   -0.6280
   -0.5712    0.4258   -0.7018
    0.7925    0.5088   -0.3363
...   110 G-C ...
  -21.0699 -120.8921  124.8204
   -0.2361   -0.4068   -0.8825
   -0.5982    0.7765   -0.1979
    0.7658    0.4812   -0.4267
...   111 G-C ...
  -18.3832 -119.4299  123.3891
   -0.6000    0.0540   -0.7982
   -0.3651    0.8693    0.3332
    0.7119    0.4913   -0.5019
...   112 C-G ...
  -15.9973 -118.1509  121.4671
   -0.7441    0.4965   -0.4469
    0.0326    0.6952    0.7181
    0.6673    0.5198   -0.5335
...   113 T-A ...
  -14.0131 -116.4670  119.4064
   -0.6610    0.7483    0.0569
    0.4484    0.3331    0.8294
    0.6017    0.5737   -0.5557
...   114 C-G ...
  -12.1994 -114.4522  117.5547
   -0.2896    0.7720    0.5658
    0.7705   -0.1627    0.6163
    0.5679    0.6144   -0.5477
...   115 G-C ...
  -10.0855 -112.2484  116.0943
    0.1462    0.4703    0.8703
    0.8339   -0.5319    0.1473
    0.5322    0.7042   -0.4699
...   116 T-A ...
   -8.8175 -109.4896  114.7030
    0.5633    0.0935    0.8209
    0.6302   -0.6911   -0.3538
    0.5343    0.7167   -0.4483
...   117 A-T ...
   -6.8776 -107.3332  112.9295
    0.8511   -0.3621    0.3802
    0.1107   -0.5841   -0.8041
    0.5132    0.7265   -0.4571
...   118 T-A ...
   -5.1686 -104.6301  112.0482
    0.7918   -0.6017   -0.1050
   -0.3535   -0.3113   -0.8821
    0.4980    0.7356   -0.4592
...   119 A-T ...
   -3.8738 -102.1179  110.1392
    0.3766   -0.6413   -0.6685
   -0.7945    0.1475   -0.5891
    0.4764    0.7530   -0.4539
...   120 A-T ...
   -2.1269  -99.7316  108.7784
   -0.1588   -0.4222   -0.8925
   -0.8693    0.4883   -0.0763
    0.4681    0.7637   -0.4445
...   121 T-A ...
   -0.0844  -97.6494  107.2400
   -0.5884   -0.1093   -0.8012
   -0.6623    0.6336    0.4000
    0.4639    0.7659   -0.4452
...   122 G-C ...
    1.1720  -94.8927  105.7921
   -0.9065    0.2108   -0.3658
   -0.1768    0.5974    0.7822
    0.3834    0.7738   -0.5043
...   123 T-A ...
    2.2719  -92.6534  103.6008
   -0.8716    0.4727    0.1301
    0.3418    0.3956    0.8524
    0.3515    0.7875   -0.5064
...   124 G-C ...
    3.3728  -89.8145  102.1847
   -0.5312    0.5411    0.6520
    0.8013    0.0708    0.5940
    0.2752    0.8380   -0.4712
...   125 T-A ...
    3.6484  -86.9652  100.4721
   -0.0209    0.4717    0.8815
    0.9635   -0.2258    0.1436
    0.2668    0.8524   -0.4497
...   126 C-G ...
    4.4383  -84.0745   99.0832
    0.5612    0.2196    0.7980
    0.7824   -0.4554   -0.4249
    0.2701    0.8628   -0.4274
...   127 G-C ...
    5.6645  -81.3393   97.5105
    0.8812   -0.1675    0.4420
    0.3209   -0.4745   -0.8197
    0.3470    0.8642   -0.3644
...   128 A-T ...
    6.7888  -78.4419   96.3992
    0.8858   -0.4442   -0.1339
   -0.2767   -0.2741   -0.9210
    0.3725    0.8529   -0.3657
...   129 C-G ...
    8.3253  -75.5598   95.7508
    0.5853   -0.5465   -0.5989
   -0.7079    0.0157   -0.7061
    0.3953    0.8373   -0.3777
...   130 C-G ...
    9.9303  -72.8364   94.5436
    0.0529   -0.5140   -0.8561
   -0.9050    0.3377   -0.2587
    0.4221    0.7885   -0.4473
...   131 A-T ...
   11.0834  -70.1091   92.9598
   -0.5295   -0.2896   -0.7973
   -0.7491    0.6007    0.2793
    0.3981    0.7452   -0.5350
...   132 A-T ...
   12.4816  -67.8526   91.0844
   -0.8675    0.1194   -0.4829
   -0.2937    0.6605    0.6910
    0.4014    0.7413   -0.5379
...   133 A-T ...
   13.7597  -65.5885   89.1269
   -0.8689    0.4949    0.0097
    0.2751    0.4664    0.8407
    0.4116    0.7331   -0.5414
...   134 T-A ...
   14.7384  -63.4259   86.8199
   -0.5923    0.6747    0.4404
    0.6886    0.1401    0.7115
    0.4183    0.7247   -0.5475
...   135 G-C ...
   15.7317  -61.4929   83.9330
    0.0341    0.7400    0.6717
    0.8636   -0.3601    0.3528
    0.5030    0.5681   -0.6514
...   136 T-A ...
   15.7848  -59.5605   80.7992
    0.5517    0.4998    0.6677
    0.6739   -0.7388   -0.0038
    0.4915    0.4520   -0.7444
...   137 G-C ...
   16.8386  -57.7219   78.2675
    0.8528   -0.0848    0.5153
    0.1507   -0.9048   -0.3983
    0.5000    0.4173   -0.7588
...   138 A-T ...
   18.4283  -55.5287   76.5299
    0.8547   -0.5006    0.1371
   -0.3188   -0.7148   -0.6224
    0.4096    0.4883   -0.7706
...   139 G-C ...
   20.4259  -54.3094   74.5419
    0.5847   -0.7389   -0.3347
   -0.7593   -0.3533   -0.5465
    0.2856    0.5737   -0.7676
...   140 C-G ...
   21.4270  -51.8266   72.7875
    0.1304   -0.7144   -0.6875
   -0.8897    0.2216   -0.3991
    0.4375    0.6637   -0.6067
...   141 G-C ...
   22.1521  -50.1495   67.4640
   -0.4682   -0.8748    0.1248
   -0.8494    0.4066   -0.3364
    0.2435   -0.2635   -0.9334
...   142 C-G ...
   22.3489  -51.2414   64.4933
   -0.8528   -0.5119   -0.1032
   -0.4975    0.8565   -0.1374
    0.1587   -0.0659   -0.9851
...   143 T-A ...
   24.0166  -51.6379   61.9248
   -0.9562    0.0401   -0.2898
    0.0524    0.9980   -0.0348
    0.2878   -0.0485   -0.9564
...   144 C-G ...
   24.8958  -52.7396   58.9873
   -0.7529    0.5560   -0.3520
    0.5214    0.8304    0.1965
    0.4016   -0.0356   -0.9151
...   145 A-T ...
   25.5276  -52.9804   55.8053
   -0.2442    0.9563   -0.1610
    0.8906    0.2869    0.3528
    0.3836   -0.0573   -0.9217
...   146 C-G ...
   25.2778  -52.5123   52.0796
    0.3204    0.9427   -0.0929
    0.8825   -0.2614    0.3909
    0.3443   -0.2072   -0.9157
...   147 A-T ...
   25.6239  -52.5940   48.6395
    0.8597    0.5097    0.0339
    0.4496   -0.7865    0.4233
    0.2424   -0.3487   -0.9053
