  147 base-pairs
...     1 T-A ...
    0.0000    0.0000    0.0000
    1.0000    0.0000    0.0000
    0.0000    1.0000    0.0000
    0.0000    0.0000    1.0000
...     2 G-C ...
   -0.5555   -1.1003    3.3981
    0.7749    0.6051    0.1828
   -0.5991    0.7953   -0.0929
   -0.2016   -0.0375    0.9787
...     3 T-A ...
   -0.6619   -3.0237    6.5348
    0.3046    0.9250    0.2271
   -0.8994    0.3578   -0.2510
   -0.3134   -0.1278    0.9410
...     4 G-C ...
   -1.1607   -3.8418    9.6940
   -0.3351    0.9421    0.0133
   -0.8752   -0.3061   -0.3746
   -0.3489   -0.1372    0.9271
...     5 A-T ...
   -1.3881   -3.6770   12.8999
   -0.7835    0.6162   -0.0801
   -0.5677   -0.7622   -0.3109
   -0.2527   -0.1981    0.9470
...     6 G-C ...
   -2.6236   -3.5448   15.7072
   -0.9923    0.0611   -0.1075
   -0.0294   -0.9610   -0.2748
   -0.1201   -0.2695    0.9555
...     7 C-G ...
   -2.3138   -3.7570   18.8866
   -0.8620   -0.4995   -0.0864
    0.5008   -0.8655    0.0073
   -0.0785   -0.0370    0.9962
...     8 G-C ...
   -3.9561   -6.8109   23.3205
   -0.2581   -0.3560   -0.8981
    0.6294   -0.7673    0.1233
   -0.7330   -0.5335    0.4221
...     9 C-G ...
   -6.1177   -8.9414   24.2385
    0.1143   -0.7320   -0.6716
    0.8123   -0.3203    0.4874
   -0.5720   -0.6013    0.5580
...    10 T-A ...
   -8.5041   -9.6771   26.0540
    0.4660   -0.8587   -0.2131
    0.6274    0.1508    0.7640
   -0.6239   -0.4897    0.6090
...    11 C-G ...
  -11.0625  -11.3174   27.2336
    0.6660   -0.6911    0.2808
    0.3382    0.6152    0.7121
   -0.6649   -0.3794    0.6435
...    12 A-T ...
  -13.0013  -13.1789   29.0658
    0.7188   -0.1490    0.6790
   -0.1787    0.9043    0.3876
   -0.6718   -0.4000    0.6235
...    13 C-G ...
  -14.1788  -15.9359   31.3399
    0.4052    0.2865    0.8682
   -0.5270    0.8492   -0.0343
   -0.7470   -0.4437    0.4951
...    14 A-T ...
  -15.9532  -18.1566   33.3080
   -0.1503    0.6873    0.7107
   -0.6106    0.5008   -0.6135
   -0.7776   -0.5261    0.3444
...    15 A-T ...
  -18.3968  -19.8374   34.6189
   -0.4546    0.8665    0.2060
   -0.4155   -0.0017   -0.9096
   -0.7879   -0.4991    0.3608
...    16 T-A ...
  -20.7793  -21.2290   36.4089
   -0.5901    0.7483   -0.3029
   -0.1280   -0.4572   -0.8801
   -0.7971   -0.4806    0.3656
...    17 T-A ...
  -23.4016  -22.5939   37.7671
   -0.5517    0.3338   -0.7643
    0.2330   -0.8182   -0.5255
   -0.8008   -0.4680    0.3736
...    18 T-A ...
  -26.1086  -23.8604   39.0737
   -0.3234   -0.2308   -0.9177
    0.5090   -0.8600    0.0369
   -0.7977   -0.4551    0.3956
...    19 A-T ...
  -28.4805  -25.7526   40.6875
    0.0594   -0.7762   -0.6277
    0.5998   -0.4749    0.6440
   -0.7980   -0.4147    0.4373
...    20 T-A ...
  -31.4800  -26.8723   41.5896
    0.3470   -0.9207   -0.1787
    0.4821    0.0116    0.8760
   -0.8045   -0.3901    0.4480
...    21 T-A ...
  -34.2447  -28.1157   42.8093
    0.5365   -0.7425    0.4011
    0.1914    0.5700    0.7991
   -0.8219   -0.3519    0.4479
...    22 C-G ...
  -36.9956  -29.2959   44.2353
    0.5556   -0.2272    0.7998
   -0.1711    0.9101    0.3774
   -0.8136   -0.3465    0.4668
...    23 G-C ...
  -39.8792  -29.9946   45.9071
    0.4344    0.3840    0.8148
   -0.4668    0.8696   -0.1609
   -0.7703   -0.3105    0.5570
...    24 C-G ...
  -42.1728  -31.2966   47.9515
    0.1356    0.8221    0.5530
   -0.6330    0.5012   -0.5900
   -0.7622   -0.2701    0.5883
...    25 A-T ...
  -44.8955  -32.0097   49.7989
   -0.1825    0.9827    0.0332
   -0.6134   -0.0874   -0.7849
   -0.7684   -0.1636    0.6187
...    26 A-T ...
  -47.2865  -32.3941   51.9661
   -0.4984    0.7467   -0.4404
   -0.3957   -0.6480   -0.6508
   -0.7713   -0.1501    0.6185
...    27 A-T ...
  -49.7605  -32.6403   54.0650
   -0.6344    0.2234   -0.7400
   -0.0340   -0.9644   -0.2621
   -0.7722   -0.1411    0.6195
...    28 G-C ...
  -52.4406  -32.7746   56.0684
   -0.5040   -0.3391   -0.7944
    0.3047   -0.9304    0.2038
   -0.8082   -0.1394    0.5722
...    29 G-C ...
  -55.3796  -33.0669   57.7636
   -0.1855   -0.7962   -0.5758
    0.5128   -0.5783    0.6345
   -0.8383   -0.1776    0.5156
...    30 C-G ...
  -58.4082  -33.5515   59.1241
    0.1656   -0.9776   -0.1298
    0.5174   -0.0259    0.8554
   -0.8396   -0.2088    0.5015
...    31 C-G ...
  -61.3442  -34.4000   60.6032
    0.4876   -0.8015    0.3463
    0.3145    0.5312    0.7867
   -0.8144   -0.2747    0.5111
...    32 G-C ...
  -63.9648  -35.0354   62.6778
    0.6526   -0.3091    0.6918
   -0.0476    0.8945    0.4446
   -0.7562   -0.3231    0.5690
...    33 G-C ...
  -66.4187  -36.3356   64.6117
    0.5665    0.2789    0.7754
   -0.4212    0.9068   -0.0184
   -0.7083   -0.3161    0.6312
...    34 C-G ...
  -68.4919  -37.6765   66.8631
    0.2583    0.7552    0.6025
   -0.6749    0.5873   -0.4468
   -0.6912   -0.2912    0.6614
...    35 C-G ...
  -70.6206  -38.5767   69.3412
   -0.1163    0.9747    0.1908
   -0.7211    0.0493   -0.6911
   -0.6830   -0.2179    0.6971
...    36 C-G ...
  -72.7983  -39.0517   71.9020
   -0.4510    0.8451   -0.2871
   -0.5478   -0.5161   -0.6584
   -0.7046   -0.1397    0.6957
...    37 G-C ...
  -75.4319  -39.6650   73.9572
   -0.6123    0.3966   -0.6840
   -0.2057   -0.9152   -0.3466
   -0.7634   -0.0715    0.6419
...    38 A-T ...
  -77.9709  -39.7922   76.0711
   -0.5893   -0.2402   -0.7714
    0.2039   -0.9681    0.1456
   -0.7817   -0.0715    0.6195
...    39 C-G ...
  -80.7761  -39.4676   77.8555
   -0.3621   -0.7256   -0.5851
    0.4839   -0.6828    0.5473
   -0.7967   -0.0850    0.5984
...    40 A-T ...
  -83.3428  -39.9017   79.9877
    0.0711   -0.9770   -0.2013
    0.5827   -0.1231    0.8033
   -0.8095   -0.1744    0.5606
...    41 C-G ...
  -86.3362  -40.5721   81.2848
    0.4008   -0.8815    0.2497
    0.4404    0.4243    0.7912
   -0.8034   -0.2071    0.5583
...    42 G-C ...
  -88.8274  -41.1394   83.5270
    0.6636   -0.4443    0.6018
    0.0938    0.8476    0.5223
   -0.7422   -0.2901    0.6042
...    43 A-T ...
  -91.2244  -42.1845   85.5448
    0.6025    0.1725    0.7792
   -0.3429    0.9376    0.0576
   -0.7207   -0.3019    0.6241
...    44 C-G ...
  -93.2362  -43.6973   87.7395
    0.3306    0.6615    0.6731
   -0.6281    0.6866   -0.3663
   -0.7044   -0.3017    0.6425
...    45 T-A ...
  -95.3376  -44.7205   90.1333
   -0.0485    0.9430    0.3292
   -0.7249    0.1934   -0.6611
   -0.6871   -0.2707    0.6743
...    46 T-A ...
  -97.3808  -45.6144   92.5178
   -0.4946    0.8622   -0.1099
   -0.5461   -0.4066   -0.7324
   -0.6762   -0.3023    0.6719
...    47 A-T ...
  -99.8155  -47.0420   94.4604
   -0.7572    0.3581   -0.5463
   -0.0624   -0.8722   -0.4852
   -0.6502   -0.3333    0.6828
...    48 C-G ...
 -102.0613  -47.5352   96.9004
   -0.6558   -0.1711   -0.7353
    0.3631   -0.9254   -0.1085
   -0.6619   -0.3381    0.6690
...    49 T-A ...
 -104.4819  -48.4331   99.0327
   -0.3047   -0.6325   -0.7121
    0.6611   -0.6787    0.3199
   -0.6857   -0.3733    0.6249
...    50 G-C ...
 -106.6649  -49.8925  101.1374
    0.2173   -0.8630   -0.4560
    0.7021   -0.1864    0.6873
   -0.6781   -0.4696    0.5654
...    51 T-A ...
 -109.2379  -51.4979  102.4716
    0.5934   -0.8038   -0.0425
    0.4717    0.3044    0.8276
   -0.6522   -0.5111    0.5598
...    52 A-T ...
 -111.2953  -53.2027  104.5198
    0.8087   -0.4036    0.4280
   -0.0131    0.7151    0.6989
   -0.5881   -0.5708    0.5730
...    53 G-C ...
 -113.0821  -55.3593  106.3206
    0.7074    0.0963    0.7002
   -0.4745    0.7989    0.3695
   -0.5239   -0.5937    0.6109
...    54 G-C ...
 -114.4765  -57.4763  108.5678
    0.3474    0.5731    0.7422
   -0.8184    0.5716   -0.0584
   -0.4577   -0.5871    0.6676
...    55 T-A ...
 -115.4009  -59.5820  111.0011
   -0.1570    0.7966    0.5837
   -0.8822    0.1525   -0.4455
   -0.4439   -0.5849    0.6788
...    56 A-T ...
 -117.4449  -61.7494  112.7954
   -0.7637    0.6215    0.1749
   -0.5171   -0.4266   -0.7420
   -0.3865   -0.6571    0.6471
...    57 T-A ...
 -118.4714  -63.5070  115.4352
   -0.9346    0.2760   -0.2245
   -0.0265   -0.6833   -0.7297
   -0.3547   -0.6760    0.6459
...    58 C-G ...
 -119.6161  -65.6902  117.6665
   -0.7490   -0.2022   -0.6310
    0.5646   -0.6932   -0.4481
   -0.3468   -0.6918    0.6333
...    59 T-A ...
 -121.0208  -67.8464  119.8132
   -0.2904   -0.5121   -0.8083
    0.8894   -0.4560   -0.0306
   -0.3529   -0.7278    0.5879
...    60 C-G ...
 -122.2346  -70.1923  121.7953
    0.3250   -0.6414   -0.6950
    0.8892   -0.0430    0.4554
   -0.3220   -0.7660    0.5564
...    61 G-C ...
 -123.0067  -72.7879  123.8391
    0.8139   -0.4196   -0.4018
    0.5454    0.3139    0.7771
   -0.2000   -0.8517    0.4844
...    62 A-T ...
 -123.5742  -75.6375  125.3456
    0.9908   -0.0878    0.1033
   -0.0490    0.4786    0.8766
   -0.1264   -0.8736    0.4699
...    63 G-C ...
 -123.7335  -78.6659  126.6930
    0.8121    0.2630    0.5209
   -0.5829    0.4091    0.7021
   -0.0285   -0.8738    0.4855
...    64 T-A ...
 -123.2174  -81.6500  128.0290
    0.3676    0.4682    0.8035
   -0.9299    0.1712    0.3256
    0.0149   -0.8669    0.4983
...    65 C-G ...
 -123.0144  -84.3941  129.8638
   -0.2794    0.4713    0.8366
   -0.9586   -0.1873   -0.2146
    0.0556   -0.8618    0.5041
...    66 A-T ...
 -123.2068  -87.3316  131.4604
   -0.8117    0.2697    0.5180
   -0.5809   -0.4644   -0.6685
    0.0603   -0.8436    0.5337
...    67 T-A ...
 -122.7132  -89.7305  133.7377
   -0.9924   -0.0640    0.1050
   -0.0562   -0.5238   -0.8500
    0.1094   -0.8494    0.5162
...    68 G-C ...
 -122.2451  -92.7362  135.1289
   -0.8211   -0.3428   -0.4563
    0.5636   -0.3605   -0.7433
    0.0903   -0.8675    0.4892
...    69 T-A ...
 -122.3809  -95.4323  137.1352
   -0.3809   -0.4657   -0.7988
    0.9180   -0.0870   -0.3870
    0.1108   -0.8806    0.4606
...    70 T-A ...
 -122.1901  -98.2693  138.7033
    0.2257   -0.4063   -0.8854
    0.9638    0.2256    0.1421
    0.1420   -0.8854    0.4425
...    71 A-T ...
 -121.6764 -101.2933  140.0593
    0.7144   -0.0581   -0.6973
    0.6559    0.4030    0.6383
    0.2439   -0.9134    0.3260
...    72 T-A ...
 -121.1268 -104.4644  140.5498
    0.9339    0.2023   -0.2947
    0.2070    0.3661    0.9073
    0.2914   -0.9083    0.3000
...    73 A-T ...
 -119.8163 -107.4218  141.4087
    0.8231    0.5180    0.2328
   -0.3389    0.1191    0.9333
    0.4557   -0.8471    0.2736
...    74 A-T ...
 -118.1162 -110.0746  142.1575
    0.4611    0.5100    0.7261
   -0.7347   -0.2394    0.6347
    0.4976   -0.8262    0.2643
...    75 C-G ...
 -115.8654 -112.4523  142.8478
   -0.0186    0.3043    0.9524
   -0.8439   -0.5156    0.1483
    0.5362   -0.8010    0.2664
...    76 G-C ...
 -114.4770 -115.3238  144.0497
   -0.5321   -0.0528    0.8450
   -0.6189   -0.6568   -0.4307
    0.5777   -0.7522    0.3168
...    77 G-C ...
 -112.4593 -117.7433  145.3586
   -0.7999   -0.4196    0.4290
   -0.1808   -0.5132   -0.8390
    0.5722   -0.7487    0.3347
...    78 A-T ...
 -110.4163 -120.1059  146.5257
   -0.7201   -0.6687   -0.1851
    0.3437   -0.1120   -0.9324
    0.6028   -0.7350    0.3105
...    79 C-G ...
 -108.6753 -122.5259  148.0890
   -0.4119   -0.6141   -0.6732
    0.6674    0.2997   -0.6818
    0.6204   -0.7301    0.2864
...    80 T-A ...
 -106.7814 -125.0798  149.1262
   -0.0172   -0.2915   -0.9564
    0.7657    0.6113   -0.2000
    0.6430   -0.7358    0.2127
...    81 C-G ...
 -104.6854 -127.5000  149.8963
    0.3932    0.1924   -0.8991
    0.6110    0.6761    0.4119
    0.6871   -0.7113    0.1483
...    82 G-C ...
 -102.1092 -129.6369  150.4482
    0.5244    0.6653   -0.5314
    0.3091    0.4328    0.8469
    0.7934   -0.6084    0.0213
...    83 G-C ...
  -99.2985 -131.4552  150.0711
    0.4956    0.8683    0.0222
    0.0203   -0.0371    0.9991
    0.8683   -0.4947   -0.0360
...    84 G-C ...
  -96.1105 -132.5553  149.7103
    0.3274    0.7481    0.5771
   -0.1817   -0.5495    0.8155
    0.9272   -0.3719   -0.0440
...    85 A-T ...
  -92.9283 -133.4934  149.6915
    0.1316    0.2612    0.9563
   -0.2878   -0.9130    0.2890
    0.9486   -0.3133   -0.0450
...    86 T-A ...
  -89.6221 -133.8163  149.5208
   -0.0087   -0.2746    0.9615
   -0.3009   -0.9163   -0.2644
    0.9536   -0.2916   -0.0747
...    87 C-G ...
  -86.4139 -134.7074  149.4235
   -0.1584   -0.7982    0.5812
   -0.2181   -0.5458   -0.8090
    0.9630   -0.2548   -0.0876
...    88 C-G ...
  -83.0984 -135.4981  149.3393
   -0.2722   -0.9622    0.0005
   -0.0868    0.0240   -0.9959
    0.9583   -0.2712   -0.0900
...    89 G-C ...
  -79.8293 -135.9942  148.5280
   -0.3247   -0.7390   -0.5902
    0.0478    0.6104   -0.7906
    0.9446   -0.2850   -0.1628
...    90 C-G ...
  -76.6715 -137.1057  148.3417
   -0.2857   -0.2511   -0.9248
    0.1867    0.9320   -0.3107
    0.9400   -0.2614   -0.2194
...    91 T-A ...
  -73.6369 -138.1894  147.5330
   -0.2255    0.3179   -0.9209
    0.2986    0.9223    0.2453
    0.9273   -0.2197   -0.3029
...    92 T-A ...
  -70.7061 -138.9677  146.4304
   -0.0784    0.8003   -0.5944
    0.3744    0.5762    0.7265
    0.9239   -0.1656   -0.3448
...    93 T-A ...
  -67.7933 -139.4337  145.1301
    0.0818    0.9953   -0.0517
    0.3731    0.0175    0.9276
    0.9242   -0.0951   -0.3699
...    94 A-T ...
  -64.6970 -139.3486  143.8491
    0.1547    0.8239    0.5452
    0.3255   -0.5635    0.7592
    0.9328    0.0600   -0.3554
...    95 A-T ...
  -61.7296 -138.8632  142.6240
    0.3108    0.3397    0.8877
    0.2063   -0.9358    0.2859
    0.9278    0.0943   -0.3609
...    96 C-G ...
  -58.7326 -137.8315  141.5081
    0.3706   -0.2256    0.9010
    0.0374   -0.9656   -0.2572
    0.9280    0.1290   -0.3495
...    97 A-T ...
  -55.6337 -137.6858  140.2636
    0.2955   -0.7710    0.5641
   -0.1647   -0.6227   -0.7649
    0.9410    0.1331   -0.3110
...    98 C-G ...
  -52.3622 -136.9459  139.7955
    0.1719   -0.9843    0.0399
   -0.3032   -0.0914   -0.9485
    0.9373    0.1510   -0.3142
...    99 T-A ...
  -49.1332 -136.4868  139.0024
   -0.0448   -0.8679   -0.4947
   -0.3596    0.4760   -0.8026
    0.9320    0.1419   -0.3334
...   100 T-A ...
  -46.0117 -136.0913  138.1431
   -0.2299   -0.4077   -0.8837
   -0.2930    0.8949   -0.3366
    0.9280    0.1816   -0.3252
...   101 T-A ...
  -42.9511 -135.6615  137.1448
   -0.3730    0.1947   -0.9072
   -0.1214    0.9591    0.2558
    0.9198    0.2056   -0.3341
...   102 A-T ...
  -39.9192 -134.7392  136.0247
   -0.4653    0.7126   -0.5251
    0.1433    0.6460    0.7497
    0.8735    0.2736   -0.4027
...   103 T-A ...
  -37.3238 -134.0783  134.1463
   -0.3563    0.9329   -0.0523
    0.3690    0.1919    0.9094
    0.8584    0.3048   -0.4126
...   104 G-C ...
  -34.4864 -132.6935  132.9604
   -0.1791    0.8246    0.5367
    0.5571   -0.3646    0.7461
    0.8109    0.4326   -0.3940
...   105 C-G ...
  -32.1245 -130.7849  131.5632
    0.1285    0.4567    0.8803
    0.5972   -0.7443    0.2990
    0.7918    0.4873   -0.3683
...   106 T-A ...
  -29.6583 -128.7940  130.4869
    0.4064   -0.0552    0.9120
    0.4652   -0.8466   -0.2585
    0.7864    0.5293   -0.3184
...   107 T-A ...
  -27.2343 -126.8059  129.5623
    0.6396   -0.5279    0.5588
    0.1282   -0.6435   -0.7547
    0.7579    0.5543   -0.3439
...   108 C-G ...
  -24.7027 -124.9187  128.5289
    0.5876   -0.8085   -0.0319
   -0.2946   -0.1771   -0.9391
    0.7536    0.5612   -0.3422
...   109 C-G ...
  -22.0464 -123.0144  127.5865
    0.2716   -0.7916   -0.5474
   -0.5774    0.3210   -0.7507
    0.7700    0.5199   -0.3698
...   110 G-C ...
  -19.8031 -120.9325  126.1009
   -0.1891   -0.4953   -0.8479
   -0.6365    0.7194   -0.2783
    0.7478    0.4870   -0.4513
...   111 G-C ...
  -17.1665 -119.4172  124.6231
   -0.5801   -0.0445   -0.8133
   -0.4226    0.8701    0.2538
    0.6963    0.4909   -0.5236
...   112 C-G ...
  -14.7901 -118.1478  122.6732
   -0.7573    0.4193   -0.5006
   -0.0255    0.7470    0.6643
    0.6525    0.5159   -0.5550
...   113 T-A ...
  -12.8340 -116.5032  120.5489
   -0.7002    0.7138   -0.0119
    0.4072    0.4130    0.8146
    0.5865    0.5656   -0.5798
...   114 C-G ...
  -11.0629 -114.5295  118.6088
   -0.3433    0.7914    0.5059
    0.7603   -0.0821    0.6444
    0.5515    0.6058   -0.5735
...   115 G-C ...
   -9.0149 -112.3169  117.0556
    0.0990    0.5294    0.8426
    0.8541   -0.4797    0.2010
    0.5106    0.6997   -0.4997
...   116 T-A ...
   -7.8396 -109.5839  115.5369
    0.5356    0.1685    0.8275
    0.6715   -0.6791   -0.2964
    0.5120    0.7144   -0.4769
...   117 A-T ...
   -5.9454 -107.4397  113.6920
    0.8562   -0.3011    0.4199
    0.1580   -0.6210   -0.7677
    0.4919    0.7236   -0.4841
...   118 T-A ...
   -4.3347 -104.7113  112.7048
    0.8201   -0.5697   -0.0547
   -0.3170   -0.3726   -0.8722
    0.4765    0.7326   -0.4861
...   119 A-T ...
   -3.1285 -102.2382  110.6712
    0.4179   -0.6506   -0.6342
   -0.7892    0.0859   -0.6081
    0.4501    0.7546   -0.4775
...   120 A-T ...
   -1.4663  -99.8266  109.2445
   -0.1245   -0.4606   -0.8788
   -0.8887    0.4456   -0.1076
    0.4412    0.7676   -0.4649
...   121 T-A ...
    0.5120  -97.7064  107.6667
   -0.5698   -0.1598   -0.8061
   -0.6951    0.6170    0.3691
    0.4384    0.7706   -0.4626
...   122 G-C ...
    1.6747  -94.9266  106.1770
   -0.9079    0.1674   -0.3844
   -0.2105    0.6108    0.7633
    0.3626    0.7738   -0.5193
...   123 T-A ...
    2.7317  -92.7022  103.9428
   -0.8885    0.4462    0.1069
    0.3165    0.4273    0.8469
    0.3322    0.7864   -0.5209
...   124 G-C ...
    3.7782  -89.8611  102.4820
   -0.5545    0.5399    0.6333
    0.7917    0.1076    0.6014
    0.2565    0.8348   -0.4871
...   125 T-A ...
    3.9935  -87.0407  100.7101
   -0.0430    0.4894    0.8710
    0.9677   -0.1964    0.1581
    0.2485    0.8496   -0.4652
...   126 C-G ...
    4.7248  -84.1597   99.2650
    0.5480    0.2492    0.7985
    0.7974   -0.4438   -0.4088
    0.2525    0.8608   -0.4419
...   127 G-C ...
    5.9013  -81.4185   97.6528
    0.8810   -0.1397    0.4520
    0.3385   -0.4812   -0.8086
    0.3304    0.8654   -0.3767
...   128 A-T ...
    6.9769  -78.5161   96.4999
    0.8959   -0.4275   -0.1209
   -0.2643   -0.2941   -0.9185
    0.3571    0.8549   -0.3764
...   129 C-G ...
    8.4599  -75.6106   95.8188
    0.5991   -0.5432   -0.5883
   -0.7042   -0.0078   -0.7100
    0.3811    0.8396   -0.3871
...   130 C-G ...
   10.0189  -72.8746   94.5740
    0.0650   -0.5220   -0.8504
   -0.9095    0.3197   -0.2658
    0.4106    0.7907   -0.4540
...   131 A-T ...
   11.1185  -70.1341   92.9671
   -0.5237   -0.3012   -0.7968
   -0.7578    0.5921    0.2742
    0.3892    0.7474   -0.5384
...   132 A-T ...
   12.4944  -67.8657   91.0857
   -0.8678    0.1104   -0.4846
   -0.3009    0.6593    0.6890
    0.3956    0.7437   -0.5389
...   133 A-T ...
   13.7617  -65.5927   89.1277
   -0.8707    0.4918    0.0087
    0.2725    0.4676    0.8409
    0.4095    0.7345   -0.5412
...   134 T-A ...
   14.7384  -63.4258   86.8199
   -0.5923    0.6747    0.4404
    0.6886    0.1401    0.7115
    0.4183    0.7247   -0.5475
...   135 G-C ...
   15.7317  -61.4928   83.9330
    0.0341    0.7400    0.6717
    0.8636   -0.3601    0.3528
    0.5030    0.5681   -0.6514
...   136 T-A ...
   15.7848  -59.5604   80.7992
    0.5517    0.4998    0.6677
    0.6739   -0.7388   -0.0038
    0.4915    0.4520   -0.7444
...   137 G-C ...
   16.8385  -57.7219   78.2675
    0.8528   -0.0848    0.5153
    0.1507   -0.9048   -0.3983
    0.5000    0.4173   -0.7588
...   138 A-T ...
   18.4282  -55.5287   76.5299
    0.8547   -0.5006    0.1371
   -0.3188   -0.7148   -0.6224
    0.4096    0.4883   -0.7706
...   139 G-C ...
   20.4259  -54.3093   74.5419
    0.5847   -0.7389   -0.3347
   -0.7593   -0.3533   -0.5465
    0.2856    0.5737   -0.7676
...   140 C-G ...
   21.4270  -51.8266   72.7875
    0.1304   -0.7144   -0.6875
   -0.8897    0.2216   -0.3991
    0.4375    0.6637   -0.6067
...   141 G-C ...
   22.1521  -50.1495   67.4640
   -0.4682   -0.8748    0.1248
   -0.8494    0.4066   -0.3364
    0.2435   -0.2635   -0.9334
...   142 C-G ...
   22.3489  -51.2414   64.4933
   -0.8528   -0.5119   -0.1032
   -0.4975    0.8565   -0.1374
    0.1587   -0.0659   -0.9851
...   143 T-A ...
   24.0166  -51.6379   61.9248
   -0.9562    0.0401   -0.2898
    0.0524    0.9980   -0.0348
    0.2878   -0.0485   -0.9564
...   144 C-G ...
   24.8958  -52.7395   58.9873
   -0.7529    0.5560   -0.3520
    0.5214    0.8304    0.1965
    0.4016   -0.0356   -0.9151
...   145 A-T ...
   25.5276  -52.9803   55.8053
   -0.2442    0.9563   -0.1610
    0.8906    0.2869    0.3528
    0.3836   -0.0573   -0.9217
...   146 C-G ...
   25.2778  -52.5123   52.0796
    0.3204    0.9427   -0.0929
    0.8825   -0.2614    0.3909
    0.3443   -0.2072   -0.9157
...   147 A-T ...
   25.6239  -52.5940   48.6395
    0.8597    0.5097    0.0339
    0.4496   -0.7865    0.4233
    0.2424   -0.3487   -0.9053
