  147 base-pairs
...     1 T-A ...
    0.0000    0.0000    0.0000
    1.0000    0.0000    0.0000
    0.0000    1.0000    0.0000
    0.0000    0.0000    1.0000
...     2 G-C ...
   -0.5555   -1.1003    3.3981
    0.7749    0.6051    0.1828
   -0.5991    0.7953   -0.0929
   -0.2016   -0.0375    0.9787
...     3 T-A ...
   -0.6619   -3.0237    6.5348
    0.3046    0.9250    0.2271
   -0.8994    0.3578   -0.2510
   -0.3134   -0.1278    0.9410
...     4 G-C ...
   -1.1607   -3.8418    9.6940
   -0.3351    0.9421    0.0133
   -0.8752   -0.3061   -0.3746
   -0.3489   -0.1372    0.9271
...     5 A-T ...
   -1.3881   -3.6770   12.8999
   -0.7835    0.6162   -0.0801
   -0.5677   -0.7622   -0.3109
   -0.2527   -0.1981    0.9470
...     6 G-C ...
   -2.6236   -3.5448   15.7072
   -0.9923    0.0611   -0.1075
   -0.0294   -0.9610   -0.2748
   -0.1201   -0.2695    0.9555
...     7 C-G ...
   -2.3138   -3.7570   18.8866
   -0.8620   -0.4995   -0.0864
    0.5008   -0.8655    0.0073
   -0.0785   -0.0370    0.9962
...     8 G-C ...
   -3.9561   -6.8109   23.3205
   -0.2581   -0.3560   -0.8981
    0.6294   -0.7673    0.1233
   -0.7330   -0.5335    0.4221
...     9 C-G ...
   -6.1177   -8.9414   24.2385
    0.1143   -0.7320   -0.6716
    0.8123   -0.3203    0.4874
   -0.5720   -0.6013    0.5580
...    10 T-A ...
   -8.5041   -9.6771   26.0540
    0.4660   -0.8587   -0.2131
    0.6274    0.1508    0.7640
   -0.6239   -0.4897    0.6090
...    11 C-G ...
  -11.0625  -11.3174   27.2336
    0.6660   -0.6911    0.2808
    0.3382    0.6152    0.7121
   -0.6649   -0.3794    0.6435
...    12 A-T ...
  -13.0013  -13.1789   29.0658
    0.7188   -0.1490    0.6790
   -0.1787    0.9043    0.3876
   -0.6718   -0.4000    0.6235
...    13 C-G ...
  -14.1788  -15.9359   31.3399
    0.4052    0.2865    0.8682
   -0.5270    0.8492   -0.0343
   -0.7470   -0.4437    0.4951
...    14 A-T ...
  -15.9532  -18.1566   33.3080
   -0.1503    0.6873    0.7107
   -0.6106    0.5008   -0.6135
   -0.7776   -0.5261    0.3444
...    15 A-T ...
  -18.3877  -19.8475   34.6251
   -0.4583    0.8640    0.2088
   -0.4157   -0.0007   -0.9095
   -0.7856   -0.5036    0.3594
...    16 T-A ...
  -20.7589  -21.2635   36.4148
   -0.5962    0.7453   -0.2986
   -0.1258   -0.4540   -0.8821
   -0.7930   -0.4883    0.3644
...    17 T-A ...
  -23.3615  -22.6589   37.7809
   -0.5583    0.3324   -0.7601
    0.2399   -0.8124   -0.5315
   -0.7942   -0.4791    0.3738
...    18 T-A ...
  -26.0451  -23.9640   39.0963
   -0.3257   -0.2272   -0.9178
    0.5199   -0.8538    0.0268
   -0.7897   -0.4684    0.3962
...    19 A-T ...
  -28.3926  -25.8868   40.6912
    0.0674   -0.7634   -0.6424
    0.6102   -0.4779    0.6318
   -0.7894   -0.4346    0.4336
...    20 T-A ...
  -31.3645  -27.0731   41.5856
    0.3612   -0.9104   -0.2017
    0.4876    0.0001    0.8730
   -0.7948   -0.4137    0.4440
...    21 T-A ...
  -34.0909  -28.3996   42.7964
    0.5558   -0.7420    0.3750
    0.1880    0.5515    0.8127
   -0.8098   -0.3812    0.4460
...    22 C-G ...
  -36.7889  -29.6871   44.2197
    0.5720   -0.2395    0.7845
   -0.1861    0.8936    0.4085
   -0.7989   -0.3797    0.4665
...    23 G-C ...
  -39.6087  -30.5227   45.9252
    0.4406    0.3658    0.8198
   -0.4912    0.8626   -0.1209
   -0.7514   -0.3495    0.5597
...    24 C-G ...
  -41.8197  -31.9512   47.9725
    0.1269    0.8042    0.5807
   -0.6584    0.5061   -0.5571
   -0.7419   -0.3117    0.5937
...    25 A-T ...
  -44.4730  -32.8042   49.8552
   -0.2071    0.9753    0.0768
   -0.6299   -0.0729   -0.7732
   -0.7485   -0.2085    0.6295
...    26 A-T ...
  -46.7933  -33.3414   52.0668
   -0.5306    0.7495   -0.3958
   -0.3945   -0.6317   -0.6674
   -0.7502   -0.1980    0.6309
...    27 A-T ...
  -49.1975  -33.7467   54.2217
   -0.6622    0.2353   -0.7115
   -0.0130   -0.9529   -0.3030
   -0.7493   -0.1913    0.6340
...    28 G-C ...
  -51.8062  -34.0523   56.2956
   -0.5182   -0.3189   -0.7936
    0.3388   -0.9285    0.1519
   -0.7853   -0.1901    0.5892
...    29 G-C ...
  -54.6710  -34.5099   58.0732
   -0.1802   -0.7741   -0.6069
    0.5512   -0.5905    0.5895
   -0.8147   -0.2283    0.5331
...    30 C-G ...
  -57.6322  -35.1512   59.5071
    0.1911   -0.9642   -0.1840
    0.5478   -0.0508    0.8351
   -0.8145   -0.2604    0.5185
...    31 C-G ...
  -60.4872  -36.1658   61.0344
    0.5253   -0.8017    0.2852
    0.3278    0.4999    0.8016
   -0.7852   -0.3276    0.5254
...    32 G-C ...
  -62.9994  -37.0075   63.1602
    0.6913   -0.3245    0.6456
   -0.0563    0.8666    0.4959
   -0.7204   -0.3791    0.5808
...    33 G-C ...
  -65.3130  -38.5064   65.1202
    0.5938    0.2528    0.7639
   -0.4490    0.8919    0.0538
   -0.6677   -0.3750    0.6431
...    34 C-G ...
  -67.2261  -40.0419   67.3837
    0.2661    0.7268    0.6332
   -0.7133    0.5903   -0.3778
   -0.6483   -0.3512    0.6755
...    35 C-G ...
  -69.1912  -41.1495   69.9100
   -0.1326    0.9578    0.2550
   -0.7576    0.0680   -0.6491
   -0.6391   -0.2793    0.7166
...    36 C-G ...
  -71.2134  -41.8338   72.5471
   -0.4877    0.8472   -0.2105
   -0.5696   -0.4916   -0.6587
   -0.6616   -0.2013    0.7224
...    37 G-C ...
  -73.7139  -42.6403   74.6929
   -0.6601    0.4198   -0.6230
   -0.2031   -0.8981   -0.3900
   -0.7232   -0.1309    0.6781
...    38 A-T ...
  -76.1216  -42.9628   76.9339
   -0.6283   -0.2090   -0.7493
    0.2347   -0.9693    0.0735
   -0.7417   -0.1297    0.6581
...    39 C-G ...
  -78.8219  -42.8238   78.8947
   -0.3810   -0.6979   -0.6064
    0.5315   -0.7020    0.4740
   -0.7566   -0.1417    0.6384
...    40 A-T ...
  -81.2369  -43.4508   81.1471
    0.0784   -0.9609   -0.2654
    0.6347   -0.1572    0.7566
   -0.7688   -0.2278    0.5976
...    41 C-G ...
  -84.1256  -44.2724   82.5836
    0.4330   -0.8856    0.1681
    0.4824    0.3852    0.7867
   -0.7615   -0.2596    0.5940
...    42 G-C ...
  -86.4585  -45.0285   84.9304
    0.7110   -0.4664    0.5263
    0.1150    0.8155    0.5672
   -0.6937   -0.3428    0.6335
...    43 A-T ...
  -88.6926  -46.2469   87.0304
    0.6548    0.1350    0.7436
   -0.3517    0.9254    0.1416
   -0.6690   -0.3542    0.6534
...    44 C-G ...
  -90.5141  -47.9314   89.2584
    0.3725    0.6235    0.6873
   -0.6622    0.6975   -0.2738
   -0.6502   -0.3531    0.6727
...    45 T-A ...
  -92.4091  -49.1380   91.7321
   -0.0300    0.9200    0.3908
   -0.7763    0.2249   -0.5889
   -0.6297   -0.3210    0.7074
...    46 T-A ...
  -94.2504  -50.1991   94.2075
   -0.5044    0.8633   -0.0165
   -0.6019   -0.3652   -0.7102
   -0.6191   -0.3483    0.7038
...    47 A-T ...
  -96.5154  -51.7356   96.2568
   -0.7966    0.3917   -0.4605
   -0.1060   -0.8404   -0.5315
   -0.5952   -0.3746    0.7109
...    48 C-G ...
  -98.5633  -52.3752   98.8306
   -0.7149   -0.1235   -0.6882
    0.3457   -0.9180   -0.1944
   -0.6078   -0.3769    0.6990
...    49 T-A ...
 -100.8105  -53.3941  101.0910
   -0.3699   -0.5865   -0.7206
    0.6782   -0.7005    0.2221
   -0.6350   -0.4066    0.6569
...    50 G-C ...
 -102.8171  -54.9668  103.2811
    0.1660   -0.8372   -0.5210
    0.7556   -0.2315    0.6127
   -0.6336   -0.4955    0.5942
...    51 T-A ...
 -105.2902  -56.6225  104.7413
    0.5746   -0.8067   -0.1382
    0.5463    0.2524    0.7986
   -0.6094   -0.5344    0.5857
...    52 A-T ...
 -107.1968  -58.4134  106.8561
    0.8351   -0.4386    0.3321
    0.0630    0.6759    0.7343
   -0.5465   -0.5923    0.5920
...    53 G-C ...
 -108.8621  -60.6364  108.6881
    0.7706    0.0459    0.6357
   -0.4198    0.7869    0.4522
   -0.4795   -0.6153    0.6257
...    54 G-C ...
 -110.1008  -62.8520  110.9272
    0.4324    0.5269    0.7317
   -0.8038    0.5929    0.0481
   -0.4085   -0.6090    0.6799
...    55 T-A ...
 -110.8462  -65.0514  113.3291
   -0.0727    0.7721    0.6313
   -0.9163    0.1983   -0.3480
   -0.3939   -0.6037    0.6931
...    56 A-T ...
 -112.7188  -67.2021  115.2790
   -0.7056    0.6527    0.2760
   -0.6154   -0.3713   -0.6953
   -0.3513   -0.6604    0.6636
...    57 T-A ...
 -113.5577  -68.9968  117.9543
   -0.9349    0.3362   -0.1136
   -0.1449   -0.6539   -0.7425
   -0.3239   -0.6778    0.6601
...    58 C-G ...
 -114.6108  -71.1804  120.2228
   -0.8242   -0.1345   -0.5501
    0.4668   -0.7115   -0.5253
   -0.3208   -0.6897    0.6492
...    59 T-A ...
 -115.9231  -73.3112  122.4481
   -0.4115   -0.4680   -0.7821
    0.8473   -0.5126   -0.1390
   -0.3359   -0.7198    0.6075
...    60 C-G ...
 -117.0806  -75.6312  124.4925
    0.1997   -0.6457   -0.7370
    0.9284   -0.1159    0.3531
   -0.3134   -0.7548    0.5763
...    61 G-C ...
 -117.8046  -78.2012  126.5786
    0.7309   -0.4730   -0.4920
    0.6491    0.2593    0.7151
   -0.2107   -0.8421    0.4965
...    62 A-T ...
 -118.4441  -81.0167  128.1207
    0.9859   -0.1674   -0.0058
    0.0852    0.4708    0.8781
   -0.1443   -0.8662    0.4784
...    63 G-C ...
 -118.7112  -84.0365  129.4670
    0.8838    0.1905    0.4273
   -0.4654    0.4519    0.7611
   -0.0481   -0.8715    0.4881
...    64 C-G ...
 -118.3366  -87.0068  130.9252
    0.4734    0.4478    0.7586
   -0.8807    0.2264    0.4160
    0.0145   -0.8650    0.5016
...    65 T-A ...
 -117.8885  -89.8095  132.6775
   -0.0955    0.5275    0.8442
   -0.9932   -0.1076   -0.0452
    0.0670   -0.8427    0.5342
...    66 C-G ...
 -117.5990  -92.4935  134.6030
   -0.6868    0.3349    0.6451
   -0.7208   -0.4286   -0.5448
    0.0940   -0.8391    0.5358
...    67 G-C ...
 -117.6088  -95.5352  136.1019
   -0.9844    0.0372    0.1717
   -0.1629   -0.5589   -0.8131
    0.0657   -0.8284    0.5562
...    68 G-C ...
 -117.3286  -98.2212  138.1788
   -0.9006   -0.2547   -0.3522
    0.4334   -0.4646   -0.7722
    0.0331   -0.8481    0.5288
...    69 G-C ...
 -117.2217 -100.9628  140.1979
   -0.4958   -0.4113   -0.7648
    0.8681   -0.2109   -0.4493
    0.0235   -0.8868    0.4616
...    70 A-T ...
 -117.1480 -103.8087  141.8438
    0.1213   -0.4081   -0.9048
    0.9910    0.1010    0.0873
    0.0557   -0.9073    0.4167
...    71 T-A ...
 -117.5530 -106.8600  142.9556
    0.6071   -0.2656   -0.7489
    0.7904    0.2992    0.5346
    0.0821   -0.9165    0.3916
...    72 C-G ...
 -117.2393 -109.8914  144.1355
    0.9463    0.0392   -0.3210
    0.2830    0.3801    0.8806
    0.1565   -0.9241    0.3486
...    73 C-G ...
 -116.4068 -113.0455  144.9615
    0.9195    0.3514    0.1760
   -0.2705    0.2410    0.9321
    0.2851   -0.9047    0.3167
...    74 G-C ...
 -115.1585 -115.8288  146.4564
    0.5591    0.5297    0.6378
   -0.7079   -0.0954    0.6999
    0.4316   -0.8428    0.3216
...    75 C-G ...
 -113.2121 -118.3399  147.5182
    0.0499    0.4029    0.9139
   -0.8745   -0.4244    0.2348
    0.4824   -0.8109    0.3311
...    76 T-A ...
 -111.3158 -120.7983  148.7794
   -0.4553    0.1015    0.8845
   -0.7267   -0.6163   -0.3034
    0.5144   -0.7809    0.3544
...    77 T-A ...
 -109.3699 -123.1241  150.0301
   -0.7583   -0.3610    0.5428
   -0.3064   -0.5376   -0.7856
    0.5754   -0.7620    0.2971
...    78 T-A ...
 -107.3370 -125.3999  151.2351
   -0.7403   -0.6717   -0.0278
    0.1992   -0.1797   -0.9633
    0.6421   -0.7187    0.2668
...    79 T-A ...
 -105.2470 -127.6401  152.3821
   -0.4389   -0.6749   -0.5932
    0.5794    0.2920   -0.7609
    0.6868   -0.6777    0.2628
...    80 C-G ...
 -102.9488 -129.8136  153.3863
   -0.0183   -0.3264   -0.9450
    0.7033    0.6677   -0.2442
    0.7107   -0.6691    0.2174
...    81 A-T ...
 -100.3726 -131.8590  154.1314
    0.2977    0.2182   -0.9294
    0.5809    0.7312    0.3577
    0.7576   -0.6464    0.0909
...    82 T-A ...
  -98.2292 -134.3154  153.9966
    0.5170    0.5902   -0.6200
    0.3510    0.5144    0.7824
    0.7807   -0.6221    0.0588
...    83 G-C ...
  -95.3632 -136.0916  154.1531
    0.4992    0.8642   -0.0630
    0.0391    0.0501    0.9980
    0.8656   -0.5006   -0.0087
...    84 T-A ...
  -92.4126 -137.4076  153.5275
    0.3958    0.7806    0.4837
   -0.2037   -0.4390    0.8751
    0.8955   -0.4449   -0.0147
...    85 T-A ...
  -89.4079 -138.6293  153.3300
    0.2057    0.3688    0.9065
   -0.3712   -0.8277    0.4210
    0.9055   -0.4231   -0.0334
...    86 A-T ...
  -86.5717 -140.5781  153.2599
   -0.0284   -0.3223    0.9462
   -0.4020   -0.8630   -0.3060
    0.9152   -0.3890   -0.1051
...    87 T-A ...
  -83.3050 -141.2741  153.2600
   -0.1929   -0.7512    0.6313
   -0.3286   -0.5568   -0.7629
    0.9246   -0.3546   -0.1395
...    88 A-T ...
  -80.3082 -142.3979  151.8120
   -0.2364   -0.9641   -0.1210
   -0.1585    0.1612   -0.9741
    0.9586   -0.2110   -0.1909
...    89 A-T ...
  -77.1290 -143.0831  151.4678
   -0.2368   -0.6806   -0.6933
   -0.0249    0.7176   -0.6960
    0.9712   -0.1475   -0.1869
...    90 C-G ...
  -73.9509 -144.0414  151.1815
   -0.2392   -0.1748   -0.9551
    0.0879    0.9757   -0.2006
    0.9670   -0.1319   -0.2180
...    91 G-C ...
  -70.6131 -144.0196  150.5398
   -0.2896    0.4289   -0.8557
    0.1887    0.9020    0.3882
    0.9384   -0.0491   -0.3422
...    92 G-C ...
  -67.5554 -144.2947  149.1578
   -0.2565    0.8550   -0.4507
    0.3289    0.5157    0.7911
    0.9089    0.0547   -0.4135
...    93 A-T ...
  -64.6434 -143.9713  147.7056
   -0.0823    0.9872    0.1363
    0.4439   -0.0862    0.8919
    0.8923    0.1339   -0.4311
...    94 A-T ...
  -61.8650 -143.3226  146.1794
    0.1545    0.7525    0.6402
    0.4400   -0.6325    0.6374
    0.8846    0.1832   -0.4289
...    95 A-T ...
  -59.0857 -142.4414  144.7467
    0.3813    0.2426    0.8921
    0.2933   -0.9468    0.1321
    0.8767    0.2113   -0.4321
...    96 C-G ...
  -56.2991 -141.0557  143.4869
    0.4758   -0.3114    0.8226
    0.0674   -0.9196   -0.3871
    0.8770    0.2396   -0.4165
...    97 A-T ...
  -53.3668 -140.5157  141.9791
    0.3918   -0.8123    0.4320
   -0.2069   -0.5353   -0.8189
    0.8965    0.2315   -0.3778
...    98 C-G ...
  -50.2109 -139.5200  141.3068
    0.2237   -0.9701   -0.0945
   -0.3899   -0.0002   -0.9208
    0.8933    0.2429   -0.3783
...    99 T-A ...
  -47.1035 -138.7973  140.2824
   -0.0539   -0.8110   -0.5826
   -0.4562    0.5390   -0.7081
    0.8882    0.2276   -0.3990
...   100 T-A ...
  -44.1042 -138.1568  139.1802
   -0.2988   -0.3284   -0.8960
   -0.3607    0.9081   -0.2126
    0.8835    0.2597   -0.3898
...   101 T-A ...
  -41.1778 -137.4889  137.9415
   -0.4668    0.2623   -0.8445
   -0.1328    0.9234    0.3602
    0.8743    0.2803   -0.3962
...   102 A-T ...
  -38.3101 -136.3308  136.6313
   -0.5358    0.7377   -0.4107
    0.1911    0.5798    0.7920
    0.8224    0.3459   -0.4516
...   103 T-A ...
  -35.9203 -135.4006  134.5940
   -0.3868    0.9198    0.0664
    0.4450    0.1231    0.8871
    0.8077    0.3727   -0.4569
...   104 G-C ...
  -33.2403 -133.8315  133.2921
   -0.1498    0.7689    0.6215
    0.6306   -0.4098    0.6591
    0.7615    0.4907   -0.4235
...   105 C-G ...
  -31.0538 -131.7583  131.8502
    0.1959    0.3847    0.9020
    0.6364   -0.7497    0.1816
    0.7461    0.5385   -0.3917
...   106 T-A ...
  -28.7352 -129.6239  130.7313
    0.4833   -0.1176    0.8675
    0.4565   -0.8117   -0.3643
    0.7470    0.5721   -0.3386
...   107 T-A ...
  -26.4325 -127.5160  129.7715
    0.6896   -0.5556    0.4645
    0.0774   -0.5812   -0.8101
    0.7201    0.5945   -0.3578
...   108 C-G ...
  -24.0192 -125.5117  128.6939
    0.5923   -0.7946   -0.1335
   -0.3620   -0.1145   -0.9251
    0.7198    0.5963   -0.3554
...   109 C-G ...
  -21.4485 -123.5245  127.7004
    0.2378   -0.7507   -0.6163
   -0.6317    0.3625   -0.6852
    0.7379    0.5523   -0.3880
...   110 G-C ...
  -19.3146 -121.3643  126.1816
   -0.2448   -0.4464   -0.8607
   -0.6556    0.7302   -0.1922
    0.7143    0.5173   -0.4714
...   111 G-C ...
  -16.7896 -119.7778  124.5908
   -0.6322   -0.0034   -0.7748
   -0.4049    0.8540    0.3266
    0.6606    0.5202   -0.5413
...   112 C-G ...
  -14.5541 -118.4019  122.5499
   -0.7871    0.4427   -0.4295
    0.0185    0.7129    0.7010
    0.6165    0.5438   -0.5693
...   113 T-A ...
  -12.7320 -116.6607  120.3839
   -0.6968    0.7143    0.0649
    0.4583    0.3739    0.8064
    0.5517    0.5916   -0.5879
...   114 C-G ...
  -11.0720 -114.6095  118.4258
   -0.3076    0.7691    0.5602
    0.7970   -0.1134    0.5933
    0.5199    0.6289   -0.5781
...   115 G-C ...
   -9.0967 -112.3628  116.8388
    0.1516    0.4929    0.8568
    0.8595   -0.4937    0.1320
    0.4881    0.7164   -0.4985
...   116 T-A ...
   -7.9842 -109.5841  115.3612
    0.5813    0.1311    0.8031
    0.6477   -0.6720   -0.3591
    0.4926    0.7289   -0.4755
...   117 A-T ...
   -6.1762 -107.3713  113.5251
    0.8697   -0.3256    0.3709
    0.1175   -0.5933   -0.7963
    0.4794    0.7361   -0.4778
...   118 T-A ...
   -4.5723 -104.6312  112.5714
    0.8094   -0.5773   -0.1074
   -0.3563   -0.3374   -0.8713
    0.4667    0.7435   -0.4788
...   119 A-T ...
   -3.3603 -102.1205  110.6107
    0.3872   -0.6431   -0.6607
   -0.8050    0.1137   -0.5823
    0.4496    0.7573   -0.4737
...   120 A-T ...
   -1.6926  -99.7152  109.1837
   -0.1568   -0.4421   -0.8832
   -0.8828    0.4636   -0.0753
    0.4427    0.7679   -0.4630
...   121 T-A ...
    0.2820  -97.6068  107.5879
   -0.5932   -0.1366   -0.7934
   -0.6740    0.6232    0.3967
    0.4402    0.7701   -0.4618
...   122 G-C ...
    1.4598  -94.8390  106.0959
   -0.9138    0.1874   -0.3603
   -0.1821    0.6039    0.7759
    0.3630    0.7747   -0.5178
...   123 T-A ...
    2.5065  -92.6071  103.8654
   -0.8787    0.4588    0.1317
    0.3418    0.4120    0.8447
    0.3333    0.7872   -0.5188
...   124 G-C ...
    3.5664  -89.7728  102.4093
   -0.5337    0.5411    0.6499
    0.8048    0.0890    0.5869
    0.2597    0.8362   -0.4830
...   125 T-A ...
    3.7938  -86.9426  100.6584
   -0.0206    0.4810    0.8765
    0.9673   -0.2119    0.1390
    0.2526    0.8507   -0.4609
...   126 C-G ...
    4.5412  -84.0613   99.2277
    0.5636    0.2337    0.7923
    0.7848   -0.4508   -0.4252
    0.2578    0.8615   -0.4375
...   127 G-C ...
    5.7325  -81.3270   97.6241
    0.8846   -0.1556    0.4397
    0.3219   -0.4785   -0.8170
    0.3375    0.8642   -0.3732
...   128 A-T ...
    6.8356  -78.4327   96.4852
    0.8889   -0.4384   -0.1332
   -0.2773   -0.2832   -0.9181
    0.3647    0.8530   -0.3733
...   129 C-G ...
    8.3553  -75.5474   95.8100
    0.5875   -0.5467   -0.5966
   -0.7098    0.0060   -0.7044
    0.3886    0.8373   -0.3845
...   130 C-G ...
    9.9480  -72.8286   94.5728
    0.0542   -0.5184   -0.8534
   -0.9072    0.3315   -0.2589
    0.4171    0.7883   -0.4523
...   131 A-T ...
   11.0869  -70.1048   92.9721
   -0.5294   -0.2945   -0.7956
   -0.7512    0.5986    0.2782
    0.3943    0.7449   -0.5381
...   132 A-T ...
   12.4796  -67.8494   91.0889
   -0.8681    0.1166   -0.4826
   -0.2949    0.6609    0.6902
    0.3994    0.7414   -0.5393
...   133 A-T ...
   13.7575  -65.5867   89.1282
   -0.8692    0.4944    0.0095
    0.2748    0.4670    0.8405
    0.4111    0.7331   -0.5418
...   134 T-A ...
   14.7384  -63.4259   86.8199
   -0.5923    0.6747    0.4404
    0.6886    0.1401    0.7115
    0.4183    0.7247   -0.5475
...   135 G-C ...
   15.7316  -61.4929   83.9330
    0.0341    0.7400    0.6717
    0.8636   -0.3601    0.3528
    0.5030    0.5681   -0.6514
...   136 T-A ...
   15.7847  -59.5605   80.7992
    0.5517    0.4998    0.6677
    0.6739   -0.7388   -0.0038
    0.4915    0.4520   -0.7444
...   137 G-C ...
   16.8385  -57.7219   78.2675
    0.8528   -0.0848    0.5153
    0.1507   -0.9048   -0.3983
    0.5000    0.4173   -0.7588
...   138 A-T ...
   18.4282  -55.5287   76.5299
    0.8547   -0.5006    0.1371
   -0.3188   -0.7148   -0.6224
    0.4096    0.4883   -0.7706
...   139 G-C ...
   20.4258  -54.3094   74.5420
    0.5847   -0.7389   -0.3347
   -0.7593   -0.3533   -0.5465
    0.2856    0.5737   -0.7676
...   140 C-G ...
   21.4269  -51.8266   72.7876
    0.1304   -0.7144   -0.6875
   -0.8897    0.2216   -0.3991
    0.4375    0.6637   -0.6067
...   141 G-C ...
   22.1520  -50.1495   67.4640
   -0.4682   -0.8748    0.1248
   -0.8494    0.4066   -0.3364
    0.2435   -0.2635   -0.9334
...   142 C-G ...
   22.3488  -51.2414   64.4933
   -0.8528   -0.5119   -0.1032
   -0.4975    0.8565   -0.1374
    0.1587   -0.0659   -0.9851
...   143 T-A ...
   24.0165  -51.6379   61.9248
   -0.9562    0.0401   -0.2898
    0.0524    0.9980   -0.0348
    0.2878   -0.0485   -0.9564
...   144 C-G ...
   24.8957  -52.7396   58.9873
   -0.7529    0.5560   -0.3520
    0.5214    0.8304    0.1965
    0.4016   -0.0356   -0.9151
...   145 A-T ...
   25.5275  -52.9804   55.8053
   -0.2442    0.9563   -0.1610
    0.8906    0.2869    0.3528
    0.3836   -0.0573   -0.9217
...   146 C-G ...
   25.2777  -52.5123   52.0796
    0.3204    0.9427   -0.0929
    0.8825   -0.2614    0.3909
    0.3443   -0.2072   -0.9157
...   147 A-T ...
   25.6238  -52.5940   48.6395
    0.8597    0.5097    0.0339
    0.4496   -0.7865    0.4233
    0.2424   -0.3487   -0.9053
