  147 base-pairs
...     1 T-A ...
    0.0000    0.0000    0.0000
    1.0000    0.0000    0.0000
    0.0000    1.0000    0.0000
    0.0000    0.0000    1.0000
...     2 G-C ...
   -0.5555   -1.1003    3.3981
    0.7749    0.6051    0.1828
   -0.5991    0.7953   -0.0929
   -0.2016   -0.0375    0.9787
...     3 T-A ...
   -0.6619   -3.0237    6.5348
    0.3046    0.9250    0.2271
   -0.8994    0.3578   -0.2510
   -0.3134   -0.1278    0.9410
...     4 G-C ...
   -1.1607   -3.8418    9.6940
   -0.3351    0.9421    0.0133
   -0.8752   -0.3061   -0.3746
   -0.3489   -0.1372    0.9271
...     5 A-T ...
   -1.3881   -3.6770   12.8999
   -0.7835    0.6162   -0.0801
   -0.5677   -0.7622   -0.3109
   -0.2527   -0.1981    0.9470
...     6 G-C ...
   -2.6236   -3.5448   15.7072
   -0.9923    0.0611   -0.1075
   -0.0294   -0.9610   -0.2748
   -0.1201   -0.2695    0.9555
...     7 C-G ...
   -2.3138   -3.7570   18.8866
   -0.8620   -0.4995   -0.0864
    0.5008   -0.8655    0.0073
   -0.0785   -0.0370    0.9962
...     8 G-C ...
   -3.9561   -6.8109   23.3205
   -0.2581   -0.3560   -0.8981
    0.6294   -0.7673    0.1233
   -0.7330   -0.5335    0.4221
...     9 C-G ...
   -6.1177   -8.9414   24.2385
    0.1143   -0.7320   -0.6716
    0.8123   -0.3203    0.4874
   -0.5720   -0.6013    0.5580
...    10 T-A ...
   -8.5041   -9.6771   26.0540
    0.4660   -0.8587   -0.2131
    0.6274    0.1508    0.7640
   -0.6239   -0.4897    0.6090
...    11 C-G ...
  -11.0625  -11.3174   27.2336
    0.6660   -0.6911    0.2808
    0.3382    0.6152    0.7121
   -0.6649   -0.3794    0.6435
...    12 A-T ...
  -13.0013  -13.1789   29.0658
    0.7188   -0.1490    0.6790
   -0.1787    0.9043    0.3876
   -0.6718   -0.4000    0.6235
...    13 C-G ...
  -14.1788  -15.9359   31.3399
    0.4052    0.2865    0.8682
   -0.5270    0.8492   -0.0343
   -0.7470   -0.4437    0.4951
...    14 A-T ...
  -15.9532  -18.1566   33.3080
   -0.1503    0.6873    0.7107
   -0.6106    0.5008   -0.6135
   -0.7776   -0.5261    0.3444
...    15 A-T ...
  -18.4993  -19.7827   34.5090
   -0.4496    0.8729    0.1894
   -0.4120   -0.0145   -0.9110
   -0.7925   -0.4877    0.3662
...    16 T-A ...
  -20.9027  -21.2157   36.4192
   -0.6271    0.7031   -0.3353
   -0.0908   -0.4935   -0.8650
   -0.7737   -0.5120    0.3733
...    17 T-A ...
  -23.4347  -22.6305   37.9613
   -0.5868    0.2494   -0.7704
    0.3020   -0.8154   -0.4940
   -0.7513   -0.5225    0.4032
...    18 T-A ...
  -26.0110  -24.1008   39.3643
   -0.3127   -0.2898   -0.9046
    0.5887   -0.8065    0.0549
   -0.7454   -0.5154    0.4228
...    19 A-T ...
  -28.4095  -26.0223   41.0308
    0.1304   -0.8047   -0.5792
    0.6539   -0.3693    0.6603
   -0.7453   -0.4648    0.4780
...    20 T-A ...
  -31.3034  -27.3091   42.1331
    0.4286   -0.8980   -0.0994
    0.4930    0.1403    0.8587
   -0.7572   -0.4170    0.5028
...    21 T-A ...
  -33.8942  -28.7034   43.5316
    0.6060   -0.6456    0.4648
    0.1347    0.6591    0.7399
   -0.7840   -0.3858    0.4864
...    22 C-G ...
  -36.5067  -29.9292   45.1480
    0.5829   -0.1044    0.8058
   -0.2633    0.9139    0.3089
   -0.7687   -0.3922    0.5052
...    23 G-C ...
  -39.3388  -30.6145   46.9288
    0.4554    0.4858    0.7460
   -0.5517    0.8117   -0.1917
   -0.6987   -0.3243    0.6377
...    24 C-G ...
  -41.3818  -31.9572   49.1250
    0.1386    0.8597    0.4915
   -0.7043    0.4345   -0.5614
   -0.6962   -0.2684    0.6658
...    25 A-T ...
  -44.0659  -32.6952   50.9894
   -0.2446    0.9696    0.0034
   -0.6597   -0.1638   -0.7334
   -0.7106   -0.1816    0.6798
...    26 A-T ...
  -46.3644  -33.1043   53.3003
   -0.5702    0.6947   -0.4385
   -0.4043   -0.7020   -0.5863
   -0.7151   -0.1570    0.6811
...    27 A-T ...
  -48.5774  -33.3224   55.6945
   -0.7064    0.1469   -0.6924
    0.0105   -0.9760   -0.2177
   -0.7078   -0.1610    0.6878
...    28 G-C ...
  -51.1332  -33.3735   57.9396
   -0.5492   -0.4043   -0.7314
    0.3780   -0.9007    0.2141
   -0.7453   -0.1589    0.6475
...    29 G-C ...
  -53.9363  -33.7423   59.9459
   -0.1784   -0.8500   -0.4957
    0.6150   -0.4896    0.6182
   -0.7681   -0.1946    0.6100
...    30 C-G ...
  -56.6927  -34.3556   61.6540
    0.2362   -0.9687   -0.0770
    0.5948    0.0814    0.7998
   -0.7684   -0.2347    0.5953
...    31 C-G ...
  -59.4632  -35.0580   63.4667
    0.5778   -0.7346    0.3557
    0.3482    0.6160    0.7066
   -0.7382   -0.2844    0.6117
...    32 G-C ...
  -61.6484  -35.6544   65.6353
    0.7428   -0.2605    0.6168
   -0.0287    0.9080    0.4180
   -0.6689   -0.3282    0.6670
...    33 G-C ...
  -63.6298  -36.9167   68.0356
    0.6369    0.3255    0.6989
   -0.4588    0.8885    0.0043
   -0.6196   -0.3234    0.7152
...    34 C-G ...
  -65.4089  -38.1950   70.4911
    0.2918    0.7894    0.5400
   -0.7468    0.5408   -0.3870
   -0.5975   -0.2904    0.7474
...    35 C-G ...
  -67.1434  -38.8975   73.3530
   -0.1542    0.9722    0.1760
   -0.7958   -0.0166   -0.6053
   -0.5856   -0.2334    0.7763
...    36 C-G ...
  -68.9977  -39.3897   76.1499
   -0.5586    0.7924   -0.2450
   -0.5878   -0.5866   -0.5571
   -0.5852   -0.1672    0.7935
...    37 G-C ...
  -71.2593  -40.7750   78.3764
   -0.7559    0.3174   -0.5726
   -0.1571   -0.9370   -0.3120
   -0.6356   -0.1458    0.7581
...    38 A-T ...
  -73.2265  -41.1974   80.8532
   -0.6977   -0.3057   -0.6479
    0.3341   -0.9389    0.0833
   -0.6338   -0.1583    0.7572
...    39 C-G ...
  -75.6015  -41.3760   83.0273
   -0.3852   -0.7518   -0.5352
    0.6457   -0.6339    0.4257
   -0.6593   -0.1816    0.7296
...    40 A-T ...
  -77.8814  -42.1036   85.4220
    0.1283   -0.9658   -0.2252
    0.7404   -0.0578    0.6697
   -0.6599   -0.2527    0.7076
...    41 C-G ...
  -80.3010  -43.2567   87.3696
    0.5333   -0.8359    0.1296
    0.5504    0.4593    0.6973
   -0.6424   -0.3005    0.7050
...    42 G-C ...
  -82.1662  -43.9778   90.0630
    0.8012   -0.3651    0.4742
    0.0947    0.8597    0.5020
   -0.5909   -0.3573    0.7233
...    43 A-T ...
  -84.0932  -45.1490   92.3205
    0.6997    0.2238    0.6785
   -0.4008    0.9091    0.1135
   -0.5914   -0.3514    0.7258
...    44 C-G ...
  -85.6532  -46.8191   94.7141
    0.3933    0.6978    0.5986
   -0.7320    0.6316   -0.2554
   -0.5564   -0.3377    0.7592
...    45 T-A ...
  -87.0517  -48.1953   97.7541
   -0.0939    0.9463    0.3094
   -0.8312    0.0965   -0.5476
   -0.5480   -0.3086    0.7775
...    46 T-A ...
  -88.6092  -49.2004  100.4015
   -0.5487    0.8355   -0.0300
   -0.6297   -0.4366   -0.6426
   -0.5499   -0.3337    0.7656
...    47 A-T ...
  -90.6509  -50.6533  102.7317
   -0.8462    0.3145   -0.4301
   -0.0909   -0.8806   -0.4650
   -0.5250   -0.3545    0.7738
...    48 C-G ...
  -92.4908  -51.1731  105.4917
   -0.7500   -0.2110   -0.6268
    0.3848   -0.9100   -0.1541
   -0.5379   -0.3568    0.7637
...    49 T-A ...
  -94.6207  -52.1224  107.9671
   -0.3687   -0.6479   -0.6665
    0.7287   -0.6466    0.2255
   -0.5771   -0.4025    0.7106
...    50 G-C ...
  -96.5788  -53.6980  110.2476
    0.1989   -0.8391   -0.5063
    0.8001   -0.1592    0.5783
   -0.5659   -0.5201    0.6397
...    51 T-A ...
  -98.7402  -55.4309  111.8834
    0.6162   -0.7677   -0.1758
    0.5777    0.2889    0.7634
   -0.5353   -0.5720    0.6215
...    52 A-T ...
 -100.3151  -57.5386  113.9718
    0.9006   -0.3710    0.2264
    0.0803    0.6540    0.7522
   -0.4271   -0.6593    0.6188
...    53 G-C ...
 -101.4094  -59.9068  116.0057
    0.8266    0.1057    0.5527
   -0.4475    0.7190    0.5318
   -0.3412   -0.6869    0.6416
...    54 T-A ...
 -101.9184  -62.4750  118.0069
    0.4693    0.5145    0.7177
   -0.8313    0.5315    0.1626
   -0.2977   -0.6729    0.6771
...    55 C-G ...
 -102.5873  -64.5099  120.4578
   -0.0983    0.7368    0.6689
   -0.9610    0.1042   -0.2560
   -0.2584   -0.6680    0.6978
...    56 A-T ...
 -103.5215  -66.8660  122.6874
   -0.6116    0.7120    0.3450
   -0.7444   -0.3701   -0.5558
   -0.2680   -0.5968    0.7563
...    57 T-A ...
 -104.1450  -68.4995  125.4862
   -0.9109    0.4127   -0.0022
   -0.3110   -0.6900   -0.6536
   -0.2712   -0.5947    0.7568
...    58 G-C ...
 -104.9885  -70.4600  128.1914
   -0.8979   -0.0980   -0.4291
    0.3387   -0.7765   -0.5313
   -0.2811   -0.6224    0.7305
...    59 T-A ...
 -106.2023  -72.0904  130.9222
   -0.5546   -0.5257   -0.6450
    0.7940   -0.5662   -0.2212
   -0.2489   -0.6348    0.7314
...    60 T-A ...
 -107.1564  -74.0226  133.2816
    0.0182   -0.7318   -0.6813
    0.9733   -0.1431    0.1797
   -0.2290   -0.6663    0.7096
...    61 A-T ...
 -107.6711  -76.2993  135.7030
    0.6187   -0.6101   -0.4949
    0.7651    0.3250    0.5558
   -0.1783   -0.7226    0.6679
...    62 T-A ...
 -108.6386  -78.9479  137.3406
    0.9311   -0.3311   -0.1528
    0.3305    0.5895    0.7370
   -0.1540   -0.7368    0.6584
...    63 A-T ...
 -109.0107  -81.2447  139.7623
    0.9520    0.1476    0.2683
   -0.2995    0.6316    0.7151
   -0.0638   -0.7611    0.6455
...    64 A-T ...
 -108.9681  -83.7661  141.7087
    0.6041    0.5059    0.6157
   -0.7968    0.3947    0.4575
   -0.0116   -0.7670    0.6415
...    65 C-G ...
 -108.2680  -86.4562  143.7562
    0.0405    0.6248    0.7797
   -0.9991    0.0178    0.0377
    0.0096   -0.7806    0.6250
...    66 G-C ...
 -108.4606  -88.9267  145.9463
   -0.6130    0.4534    0.6470
   -0.7857   -0.4361   -0.4388
    0.0832   -0.7773    0.6236
...    67 G-C ...
 -108.1609  -91.3821  148.1576
   -0.9483    0.1755    0.2643
   -0.3146   -0.6286   -0.7113
    0.0413   -0.7577    0.6513
...    68 A-T ...
 -107.8948  -93.9418  150.2768
   -0.9362   -0.2698   -0.2254
    0.3442   -0.5725   -0.7442
    0.0717   -0.7743    0.6288
...    69 G-C ...
 -108.2376  -96.3560  152.6584
   -0.5878   -0.4723   -0.6568
    0.8076   -0.2944   -0.5110
    0.0480   -0.8308    0.5545
...    70 T-A ...
 -108.6137  -98.9173  154.7916
   -0.0638   -0.5086   -0.8586
    0.9948    0.0356   -0.0950
    0.0789   -0.8603    0.5037
...    71 A-T ...
 -108.8215 -102.0327  156.3022
    0.5041   -0.2532   -0.8257
    0.8507    0.3104    0.4242
    0.1489   -0.9163    0.3719
...    72 T-A ...
 -108.7182 -105.1764  157.0168
    0.8526    0.0093   -0.5224
    0.4806    0.3784    0.7911
    0.2050   -0.9256    0.3182
...    73 C-G ...
 -107.8083 -108.4415  157.7942
    0.9441    0.3223    0.0688
   -0.1505    0.2357    0.9601
    0.2932   -0.9168    0.2710
...    74 T-A ...
 -106.4731 -111.3412  158.5130
    0.6836    0.4742    0.5549
   -0.6139   -0.0377    0.7885
    0.3948   -0.8796    0.2654
...    75 C-G ...
 -105.1982 -113.9313  160.0203
    0.1754    0.3571    0.9174
   -0.8395   -0.4325    0.3288
    0.5142   -0.8279    0.2240
...    76 G-C ...
 -104.0433 -116.9115  161.0000
   -0.3439    0.0294    0.9385
   -0.7332   -0.6329   -0.2488
    0.5867   -0.7737    0.2392
...    77 A-T ...
 -102.1213 -119.6018  161.7576
   -0.6999   -0.4286    0.5713
   -0.3360   -0.5083   -0.7929
    0.6302   -0.7469    0.2118
...    78 G-C ...
  -99.9218 -122.0082  162.3370
   -0.7431   -0.6686    0.0266
    0.0854   -0.1343   -0.9873
    0.6637   -0.7314    0.1569
...    79 C-G ...
  -97.6332 -124.4578  163.2466
   -0.5487   -0.6023   -0.5798
    0.4942    0.3257   -0.8061
    0.6743   -0.7288    0.1190
...    80 T-A ...
  -95.4610 -126.9545  163.7675
   -0.2420   -0.2851   -0.9274
    0.6877    0.6239   -0.3712
    0.6845   -0.7276    0.0450
...    81 C-G ...
  -93.1553 -129.4970  164.1027
    0.1594    0.1884   -0.9691
    0.6740    0.6965    0.2463
    0.7213   -0.6924   -0.0160
...    82 G-C ...
  -90.4069 -131.2484  163.9579
    0.4014    0.6216   -0.6727
    0.5047    0.4628    0.7288
    0.7643   -0.6320   -0.1279
...    83 G-C ...
  -87.8182 -133.2266  163.2064
    0.5247    0.8418   -0.1267
    0.2109    0.0157    0.9774
    0.8248   -0.5395   -0.1693
...    84 G-C ...
  -84.8091 -134.5042  162.2907
    0.4536    0.7652    0.4568
   -0.0361   -0.4964    0.8674
    0.8905   -0.4100   -0.1975
...    85 A-T ...
  -81.7632 -135.5922  161.4634
    0.3362    0.3058    0.8908
   -0.2654   -0.8767    0.4011
    0.9036   -0.3713   -0.2136
...    86 T-A ...
  -78.5883 -136.1932  160.7232
    0.1463   -0.2143    0.9657
   -0.3856   -0.9114   -0.1438
    0.9110   -0.3513   -0.2160
...    87 C-G ...
  -75.3399 -137.1129  160.1713
   -0.0779   -0.7623    0.6426
   -0.3964   -0.5677   -0.7215
    0.9148   -0.3109   -0.2580
...    88 C-G ...
  -72.2680 -138.1827  159.5030
   -0.3226   -0.9349    0.1478
   -0.2795   -0.0551   -0.9586
    0.9043   -0.3505   -0.2435
...    89 G-C ...
  -69.4068 -139.1869  158.1745
   -0.4693   -0.7623   -0.4457
   -0.0547    0.5289   -0.8469
    0.8814   -0.3731   -0.2899
...    90 C-G ...
  -66.2694 -140.5877  157.6328
   -0.4411   -0.3004   -0.8457
    0.1804    0.8934   -0.4115
    0.8791   -0.3341   -0.3399
...    91 T-A ...
  -63.2875 -142.0550  156.6970
   -0.3284    0.2935   -0.8978
    0.3819    0.9106    0.1580
    0.8639   -0.2909   -0.4111
...    92 T-A ...
  -60.6843 -143.1699  155.1275
   -0.1006    0.7746   -0.6245
    0.4965    0.5830    0.6431
    0.8622   -0.2453   -0.4432
...    93 T-A ...
  -57.9190 -143.7890  153.5917
    0.0987    0.9892   -0.1081
    0.4939    0.0456    0.8683
    0.8639   -0.1391   -0.4841
...    94 A-T ...
  -54.8620 -143.7442  152.0698
    0.1982    0.8356    0.5123
    0.4240   -0.5443    0.7238
    0.8837    0.0737   -0.4622
...    95 A-T ...
  -52.1175 -143.1747  150.5539
    0.3836    0.3652    0.8482
    0.2799   -0.9212    0.2701
    0.8800    0.1339   -0.4556
...    96 C-G ...
  -49.2751 -142.0310  149.0713
    0.5085   -0.2122    0.8345
    0.0399   -0.9623   -0.2691
    0.8601    0.1701   -0.4808
...    97 A-T ...
  -46.2532 -141.5258  147.6054
    0.4164   -0.7668    0.4886
   -0.2755   -0.6185   -0.7359
    0.8664    0.1718   -0.4688
...    98 C-G ...
  -43.0644 -140.6690  146.6581
    0.2098   -0.9777   -0.0034
   -0.4650   -0.0968   -0.8800
    0.8601    0.1862   -0.4750
...    99 T-A ...
  -39.6292 -140.1312  145.5676
   -0.0980   -0.8493   -0.5188
   -0.5241    0.4872   -0.6986
    0.8460    0.2034   -0.4928
...   100 T-A ...
  -36.7144 -139.6816  144.1631
   -0.3604   -0.3853   -0.8495
   -0.3857    0.8908   -0.2404
    0.8493    0.2410   -0.4696
...   101 T-A ...
  -33.8904 -139.0253  142.6498
   -0.5395    0.1993   -0.8181
   -0.1150    0.9451    0.3060
    0.8341    0.2592   -0.4870
...   102 A-T ...
  -31.1561 -137.7719  141.1378
   -0.5684    0.7062   -0.4221
    0.2361    0.6315    0.7386
    0.7881    0.3202   -0.5257
...   103 T-A ...
  -29.0410 -136.9438  138.8788
   -0.4429    0.8962    0.0258
    0.4939    0.2198    0.8413
    0.7483    0.3853   -0.5400
...   104 G-C ...
  -26.7738 -135.4462  136.9317
   -0.1308    0.7990    0.5869
    0.6944   -0.3487    0.6295
    0.7076    0.4899   -0.5092
...   105 C-G ...
  -24.7481 -133.3633  135.3189
    0.2480    0.4430    0.8615
    0.6676   -0.7226    0.1794
    0.7020    0.5306   -0.4750
...   106 T-A ...
  -22.4389 -130.9612  134.1500
    0.5976   -0.0616    0.7994
    0.4497   -0.7996   -0.3979
    0.6638    0.5973   -0.4502
...   107 T-A ...
  -20.3355 -128.8366  132.9298
    0.7452   -0.5171    0.4210
    0.0355   -0.5997   -0.7994
    0.6659    0.6107   -0.4286
...   108 C-G ...
  -18.0085 -126.6791  131.6892
    0.6213   -0.7613   -0.1854
   -0.4420   -0.1450   -0.8852
    0.6471    0.6319   -0.4266
...   109 C-G ...
  -15.8485 -124.5522  130.3679
    0.2203   -0.7672   -0.6024
   -0.7099    0.2974   -0.6384
    0.6690    0.5683   -0.4791
...   110 G-C ...
  -14.1135 -122.4865  128.7626
   -0.2563   -0.5360   -0.8044
   -0.7241    0.6577   -0.2075
    0.6402    0.5293   -0.5567
...   111 G-C ...
  -11.9669 -120.8782  126.7562
   -0.6739   -0.1037   -0.7315
   -0.4502    0.8427    0.2952
    0.5859    0.5283   -0.6146
...   112 C-G ...
  -10.0325 -119.5581  124.3696
   -0.8418    0.3614   -0.4009
    0.0092    0.7522    0.6588
    0.5396    0.5509   -0.6366
...   113 T-A ...
   -8.3855 -117.8054  122.0644
   -0.7431    0.6659    0.0664
    0.4722    0.4513    0.7572
    0.4742    0.5940   -0.6498
...   114 C-G ...
   -6.9328 -115.6062  120.0673
   -0.3405    0.7770    0.5295
    0.8461    0.0076    0.5330
    0.4101    0.6295   -0.6599
...   115 G-C ...
   -5.1640 -113.4540  118.2077
    0.2019    0.5759    0.7922
    0.9021   -0.4242    0.0784
    0.3813    0.6988   -0.6052
...   116 T-A ...
   -4.3853 -110.5745  116.6200
    0.6490    0.2184    0.7287
    0.6489   -0.6590   -0.3804
    0.3971    0.7198   -0.5694
...   117 A-T ...
   -3.1579 -107.8147  115.0238
    0.8934   -0.2506    0.3730
    0.1394   -0.6345   -0.7603
    0.4272    0.7312   -0.5319
...   118 T-A ...
   -1.7652 -105.0457  113.9036
    0.8445   -0.5272   -0.0941
   -0.3503   -0.4109   -0.8417
    0.4050    0.7438   -0.5317
...   119 A-T ...
   -0.7094 -102.4370  111.8595
    0.4009   -0.6254   -0.6695
   -0.8388    0.0433   -0.5428
    0.3684    0.7791   -0.5072
...   120 A-T ...
    0.7685  -99.9501  110.3625
   -0.1645   -0.4864   -0.8581
   -0.9177    0.3944   -0.0476
    0.3616    0.7797   -0.5112
...   121 T-A ...
    2.4900  -97.7159  108.5727
   -0.6278   -0.1959   -0.7533
   -0.6895    0.5891    0.4214
    0.3612    0.7840   -0.5049
...   122 G-C ...
    3.6891  -95.0148  106.7483
   -0.9454    0.1467   -0.2909
   -0.1524    0.5903    0.7927
    0.2880    0.7938   -0.5357
...   123 T-A ...
    4.4938  -92.6571  104.5938
   -0.8900    0.4199    0.1777
    0.3660    0.4255    0.8276
    0.2719    0.8016   -0.5324
...   124 G-C ...
    5.2941  -89.8945  102.8129
   -0.5095    0.5342    0.6746
    0.8349    0.1169    0.5379
    0.2084    0.8372   -0.5055
...   125 T-A ...
    5.4863  -87.2116  101.0415
    0.0042    0.4763    0.8793
    0.9803   -0.1754    0.0903
    0.1973    0.8616   -0.4676
...   126 C-G ...
    6.0664  -84.3973   99.6586
    0.5902    0.2813    0.7566
    0.7862   -0.4130   -0.4597
    0.1832    0.8662   -0.4649
...   127 G-C ...
    7.1656  -81.7577   97.8949
    0.8944   -0.1096    0.4336
    0.3397   -0.4642   -0.8180
    0.2909    0.8789   -0.3780
...   128 A-T ...
    7.9866  -78.9141   96.7084
    0.9188   -0.3692   -0.1396
   -0.2664   -0.3190   -0.9096
    0.2913    0.8729   -0.3914
...   129 C-G ...
    9.2498  -75.9023   96.1543
    0.6160   -0.5196   -0.5921
   -0.7172   -0.0590   -0.6944
    0.3258    0.8524   -0.4090
...   130 C-G ...
   10.8519  -73.2079   94.7985
    0.0921   -0.5506   -0.8296
   -0.9221    0.2673   -0.2798
    0.3758    0.7908   -0.4831
...   131 A-T ...
   11.2958  -70.2255   93.1458
   -0.5133   -0.3244   -0.7945
   -0.7799    0.5626    0.2742
    0.3581    0.7604   -0.5418
...   132 A-T ...
   12.4948  -67.8439   91.2206
   -0.8738    0.0709   -0.4810
   -0.3234    0.6539    0.6839
    0.3631    0.7532   -0.5485
...   133 A-T ...
   13.7533  -65.6350   89.1408
   -0.8748    0.4844   -0.0018
    0.2599    0.4724    0.8422
    0.4088    0.7363   -0.5392
...   134 T-A ...
   14.7384  -63.4257   86.8200
   -0.5923    0.6747    0.4404
    0.6886    0.1401    0.7115
    0.4183    0.7247   -0.5475
...   135 G-C ...
   15.7317  -61.4927   83.9331
    0.0341    0.7400    0.6717
    0.8636   -0.3601    0.3528
    0.5030    0.5681   -0.6514
...   136 T-A ...
   15.7848  -59.5603   80.7993
    0.5517    0.4998    0.6677
    0.6739   -0.7388   -0.0038
    0.4915    0.4520   -0.7444
...   137 G-C ...
   16.8386  -57.7217   78.2676
    0.8528   -0.0848    0.5153
    0.1507   -0.9048   -0.3983
    0.5000    0.4173   -0.7588
...   138 A-T ...
   18.4283  -55.5285   76.5300
    0.8547   -0.5006    0.1371
   -0.3188   -0.7148   -0.6224
    0.4096    0.4883   -0.7706
...   139 G-C ...
   20.4259  -54.3092   74.5421
    0.5847   -0.7389   -0.3347
   -0.7593   -0.3533   -0.5465
    0.2856    0.5737   -0.7676
...   140 C-G ...
   21.4270  -51.8264   72.7877
    0.1304   -0.7144   -0.6875
   -0.8897    0.2216   -0.3991
    0.4375    0.6637   -0.6067
...   141 G-C ...
   22.1522  -50.1493   67.4641
   -0.4682   -0.8748    0.1248
   -0.8494    0.4066   -0.3364
    0.2435   -0.2635   -0.9334
...   142 C-G ...
   22.3489  -51.2412   64.4934
   -0.8528   -0.5119   -0.1032
   -0.4975    0.8565   -0.1374
    0.1587   -0.0659   -0.9851
...   143 T-A ...
   24.0167  -51.6377   61.9249
   -0.9562    0.0401   -0.2898
    0.0524    0.9980   -0.0348
    0.2878   -0.0485   -0.9564
...   144 C-G ...
   24.8959  -52.7394   58.9874
   -0.7529    0.5560   -0.3520
    0.5214    0.8304    0.1965
    0.4016   -0.0356   -0.9151
...   145 A-T ...
   25.5276  -52.9802   55.8054
   -0.2442    0.9563   -0.1610
    0.8906    0.2869    0.3528
    0.3836   -0.0573   -0.9217
...   146 C-G ...
   25.2779  -52.5121   52.0797
    0.3204    0.9427   -0.0929
    0.8825   -0.2614    0.3909
    0.3443   -0.2072   -0.9157
...   147 A-T ...
   25.6239  -52.5938   48.6396
    0.8597    0.5097    0.0339
    0.4496   -0.7865    0.4233
    0.2425   -0.3487   -0.9053
