  147 base-pairs
...     1 T-A ...
    0.0000    0.0000    0.0000
    1.0000    0.0000    0.0000
    0.0000    1.0000    0.0000
    0.0000    0.0000    1.0000
...     2 G-C ...
   -0.5555   -1.1003    3.3981
    0.7749    0.6051    0.1828
   -0.5991    0.7953   -0.0929
   -0.2016   -0.0375    0.9787
...     3 T-A ...
   -0.6619   -3.0237    6.5348
    0.3046    0.9250    0.2271
   -0.8994    0.3578   -0.2510
   -0.3134   -0.1278    0.9410
...     4 G-C ...
   -1.1607   -3.8418    9.6940
   -0.3351    0.9421    0.0133
   -0.8752   -0.3061   -0.3746
   -0.3489   -0.1372    0.9271
...     5 A-T ...
   -1.3881   -3.6770   12.8999
   -0.7835    0.6162   -0.0801
   -0.5677   -0.7622   -0.3109
   -0.2527   -0.1981    0.9470
...     6 G-C ...
   -2.6236   -3.5448   15.7072
   -0.9923    0.0611   -0.1075
   -0.0294   -0.9610   -0.2748
   -0.1201   -0.2695    0.9555
...     7 C-G ...
   -2.3138   -3.7570   18.8866
   -0.8620   -0.4995   -0.0864
    0.5008   -0.8655    0.0073
   -0.0785   -0.0370    0.9962
...     8 G-C ...
   -3.9561   -6.8109   23.3205
   -0.2581   -0.3560   -0.8981
    0.6294   -0.7673    0.1233
   -0.7330   -0.5335    0.4221
...     9 C-G ...
   -6.1177   -8.9414   24.2385
    0.1143   -0.7320   -0.6716
    0.8123   -0.3203    0.4874
   -0.5720   -0.6013    0.5580
...    10 T-A ...
   -8.5041   -9.6771   26.0540
    0.4660   -0.8587   -0.2131
    0.6274    0.1508    0.7640
   -0.6239   -0.4897    0.6090
...    11 C-G ...
  -11.0625  -11.3174   27.2336
    0.6660   -0.6911    0.2808
    0.3382    0.6152    0.7121
   -0.6649   -0.3794    0.6435
...    12 A-T ...
  -13.0013  -13.1789   29.0658
    0.7188   -0.1490    0.6790
   -0.1787    0.9043    0.3876
   -0.6718   -0.4000    0.6235
...    13 C-G ...
  -14.1788  -15.9359   31.3399
    0.4052    0.2865    0.8682
   -0.5270    0.8492   -0.0343
   -0.7470   -0.4437    0.4951
...    14 A-T ...
  -15.9532  -18.1566   33.3080
   -0.1503    0.6873    0.7107
   -0.6106    0.5008   -0.6135
   -0.7776   -0.5261    0.3444
...    15 A-T ...
  -18.4908  -19.7890   34.5226
   -0.4546    0.8702    0.1900
   -0.4121   -0.0164   -0.9110
   -0.7896   -0.4924    0.3661
...    16 T-A ...
  -20.8835  -21.2445   36.4351
   -0.6332    0.6981   -0.3344
   -0.0871   -0.4935   -0.8654
   -0.7691   -0.5188    0.3733
...    17 T-A ...
  -23.3975  -22.6868   37.9804
   -0.5909    0.2431   -0.7692
    0.3106   -0.8115   -0.4950
   -0.7445   -0.5314    0.4040
...    18 T-A ...
  -25.9494  -24.1899   39.3983
   -0.3116   -0.2949   -0.9033
    0.6002   -0.7980    0.0535
   -0.7366   -0.5255    0.4257
...    19 A-T ...
  -28.2916  -26.1613   41.0863
    0.1417   -0.8017   -0.5807
    0.6628   -0.3589    0.6572
   -0.7352   -0.4780    0.4806
...    20 T-A ...
  -31.1520  -27.5086   42.1963
    0.4459   -0.8890   -0.1039
    0.4940    0.1476    0.8569
   -0.7464   -0.4334    0.5050
...    21 T-A ...
  -33.7023  -28.9649   43.6062
    0.6231   -0.6339    0.4581
    0.1245    0.6586    0.7421
   -0.7721   -0.4054    0.4894
...    22 C-G ...
  -36.2670  -30.2648   45.2402
    0.5905   -0.0944    0.8015
   -0.2831    0.9058    0.3152
   -0.7558   -0.4130    0.5081
...    23 G-C ...
  -39.0499  -31.0348   47.0617
    0.4477    0.4930    0.7460
   -0.5753    0.7975   -0.1818
   -0.6846   -0.3478    0.6406
...    24 C-G ...
  -41.0375  -32.4488   49.2662
    0.1180    0.8599    0.4966
   -0.7207    0.4182   -0.5529
   -0.6831   -0.2927    0.6691
...    25 A-T ...
  -43.6857  -33.2877   51.1430
   -0.2746    0.9615    0.0122
   -0.6594   -0.1791   -0.7302
   -0.6999   -0.2086    0.6831
...    26 A-T ...
  -45.9511  -33.7942   53.4676
   -0.5956    0.6787   -0.4297
   -0.3850   -0.7106   -0.5888
   -0.7050   -0.1853    0.6846
...    27 A-T ...
  -48.1379  -34.1085   55.8755
   -0.7155    0.1276   -0.6869
    0.0421   -0.9735   -0.2247
   -0.6974   -0.1896    0.6912
...    28 G-C ...
  -50.6720  -34.2682   58.1385
   -0.5394   -0.4185   -0.7307
    0.4103   -0.8884    0.2059
   -0.7353   -0.1887    0.6510
...    29 G-C ...
  -53.4439  -34.7551   60.1612
   -0.1514   -0.8533   -0.4990
    0.6353   -0.4708    0.6122
   -0.7573   -0.2243    0.6133
...    30 C-G ...
  -56.1626  -35.4912   61.8807
    0.2692   -0.9597   -0.0813
    0.5945    0.0992    0.7979
   -0.7577   -0.2631    0.5973
...    31 C-G ...
  -58.8940  -36.3059   63.7050
    0.6032   -0.7149    0.3536
    0.3273    0.6262    0.7076
   -0.7273   -0.3111    0.6117
...    32 G-C ...
  -61.0470  -36.9866   65.8825
    0.7499   -0.2354    0.6183
   -0.0607    0.9061    0.4186
   -0.6588   -0.3514    0.6652
...    33 G-C ...
  -62.9952  -38.3247   68.2762
    0.6223    0.3471    0.7016
   -0.4882    0.8727    0.0013
   -0.6119   -0.3433    0.7125
...    34 C-G ...
  -64.7547  -39.6746   70.7114
    0.2625    0.7998    0.5399
   -0.7608    0.5157   -0.3940
   -0.5935   -0.3074    0.7438
...    35 C-G ...
  -66.4835  -40.4449   73.5600
   -0.1833    0.9684    0.1691
   -0.7882   -0.0420   -0.6140
   -0.5875   -0.2458    0.7710
...    36 C-G ...
  -68.3432  -40.9939   76.3456
   -0.5754    0.7759   -0.2585
   -0.5635   -0.6052   -0.5624
   -0.5928   -0.1779    0.7855
...    37 G-C ...
  -70.5872  -42.4116   78.5557
   -0.7519    0.2961   -0.5891
   -0.1293   -0.9423   -0.3087
   -0.6465   -0.1560    0.7468
...    38 A-T ...
  -72.6000  -42.8627   80.9924
   -0.6770   -0.3262   -0.6598
    0.3527   -0.9306    0.0982
   -0.6460   -0.1662    0.7450
...    39 C-G ...
  -75.0172  -43.0774   83.1129
   -0.3566   -0.7648   -0.5366
    0.6483   -0.6162    0.4472
   -0.6727   -0.1884    0.7156
...    40 A-T ...
  -77.3383  -43.8534   85.4591
    0.1532   -0.9662   -0.2074
    0.7225   -0.0337    0.6906
   -0.6742   -0.2557    0.6929
...    41 C-G ...
  -79.7959  -45.0323   87.3592
    0.5422   -0.8243    0.1628
    0.5199    0.4814    0.7057
   -0.6601   -0.2980    0.6896
...    42 G-C ...
  -81.7394  -45.7327   89.9988
    0.7855   -0.3426    0.5153
    0.0630    0.8727    0.4842
   -0.6156   -0.3478    0.7071
...    43 A-T ...
  -83.7534  -46.8722   92.1972
    0.6664    0.2499    0.7025
   -0.4154    0.9068    0.0714
   -0.6192   -0.3394    0.7081
...    44 C-G ...
  -85.4009  -48.4937   94.5694
    0.3570    0.7179    0.5976
   -0.7247    0.6166   -0.3078
   -0.5894   -0.3232    0.7404
...    45 T-A ...
  -86.9454  -49.8005   97.5665
   -0.1149    0.9551    0.2732
   -0.8012    0.0736   -0.5939
   -0.5873   -0.2871    0.7567
...    46 T-A ...
  -88.6617  -50.7145  100.1386
   -0.5447    0.8333   -0.0940
   -0.5920   -0.4615   -0.6608
   -0.5940   -0.3043    0.7447
...    47 A-T ...
  -90.8278  -51.9742  102.4365
   -0.8006    0.3258   -0.5029
   -0.0884   -0.8943   -0.4387
   -0.5926   -0.3067    0.7448
...    48 C-G ...
  -92.8839  -52.3191  105.0556
   -0.7049   -0.2057   -0.6788
    0.3571   -0.9298   -0.0891
   -0.6128   -0.3052    0.7289
...    49 T-A ...
  -95.2505  -53.0622  107.3765
   -0.3416   -0.6566   -0.6724
    0.6723   -0.6707    0.3133
   -0.6567   -0.3451    0.6706
...    50 G-C ...
  -97.4796  -54.4552  109.5257
    0.1987   -0.8708   -0.4497
    0.7301   -0.1746    0.6607
   -0.6539   -0.4596    0.6010
...    51 T-A ...
  -99.8732  -56.0140  111.0071
    0.5825   -0.8100   -0.0681
    0.5095    0.2986    0.8070
   -0.6333   -0.5048    0.5866
...    52 A-T ...
 -101.7938  -57.6948  113.2182
    0.8172   -0.4142    0.4009
    0.0175    0.7129    0.7010
   -0.5761   -0.5658    0.5898
...    53 G-C ...
 -103.6757  -59.6627  115.0109
    0.7492    0.0816    0.6573
   -0.4395    0.8037    0.4012
   -0.4955   -0.5895    0.6379
...    54 G-C ...
 -104.8168  -62.2098  117.2849
    0.3889    0.5735    0.7210
   -0.8123    0.5827   -0.0254
   -0.4347   -0.5758    0.6925
...    55 T-A ...
 -105.7534  -64.1916  119.7478
   -0.1092    0.7936    0.5986
   -0.9006    0.1759   -0.3975
   -0.4207   -0.5825    0.6955
...    56 A-T ...
 -106.9165  -66.0850  122.3256
   -0.6362    0.7403    0.2174
   -0.6476   -0.3592   -0.6720
   -0.4194   -0.5683    0.7079
...    57 T-A ...
 -107.8752  -67.5681  125.1217
   -0.8986    0.4097   -0.1569
   -0.1956   -0.6942   -0.6927
   -0.3927   -0.5918    0.7039
...    58 C-G ...
 -109.3103  -69.3581  127.6328
   -0.8152   -0.1275   -0.5650
    0.4311   -0.7850   -0.4449
   -0.3868   -0.6063    0.6949
...    59 T-A ...
 -110.9314  -71.2430  129.9131
   -0.4203   -0.5014   -0.7563
    0.8069   -0.5877   -0.0589
   -0.4149   -0.6350    0.6516
...    60 C-G ...
 -112.3429  -73.3618  132.1576
    0.1668   -0.7262   -0.6670
    0.8991   -0.1655    0.4051
   -0.4046   -0.6673    0.6253
...    61 G-C ...
 -113.1136  -75.7591  134.4118
    0.6954   -0.5421   -0.4718
    0.6591    0.2194    0.7193
   -0.2864   -0.8112    0.5099
...    62 A-T ...
 -114.0045  -78.3827  136.2417
    0.9682   -0.2502    0.0057
    0.1249    0.5029    0.8553
   -0.2169   -0.8274    0.5181
...    63 G-C ...
 -114.5018  -81.2894  137.8024
    0.8961    0.1225    0.4267
   -0.4227    0.5290    0.7359
   -0.1356   -0.8398    0.5258
...    64 C-G ...
 -114.4884  -84.3314  139.3920
    0.4753    0.4365    0.7639
   -0.8751    0.3242    0.3593
   -0.0908   -0.8393    0.5361
...    65 T-A ...
 -114.6247  -87.0852  141.2236
   -0.0939    0.5455    0.8329
   -0.9947   -0.0159   -0.1017
   -0.0422   -0.8380    0.5441
...    66 C-G ...
 -115.0977  -89.7691  143.0993
   -0.6950    0.3989    0.5982
   -0.7190   -0.3924   -0.5737
    0.0059   -0.8288    0.5595
...    67 G-C ...
 -115.8195  -93.1525  144.1830
   -0.9885    0.0841    0.1256
   -0.1511   -0.5723   -0.8060
    0.0041   -0.8158    0.5784
...    68 G-C ...
 -115.6683  -95.8648  146.2579
   -0.8864   -0.2301   -0.4018
    0.4628   -0.4677   -0.7531
   -0.0146   -0.8534    0.5210
...    69 G-C ...
 -115.9788  -98.6002  148.3267
   -0.4651   -0.3853   -0.7970
    0.8849   -0.2285   -0.4059
   -0.0257   -0.8940    0.4472
...    70 T-A ...
 -116.8962 -101.4737  149.6852
    0.0848   -0.3941   -0.9152
    0.9963    0.0239    0.0820
   -0.0104   -0.9188    0.3947
...    71 C-G ...
 -116.8334 -104.4388  150.9000
    0.6265   -0.2351   -0.7431
    0.7788    0.2285    0.5842
    0.0325   -0.9447    0.3262
...    72 A-T ...
 -116.8557 -107.6641  152.0065
    0.9381    0.0743   -0.3384
    0.3092    0.2610    0.9145
    0.1563   -0.9625    0.2219
...    73 T-A ...
 -116.2444 -110.8462  152.2371
    0.9494    0.2744    0.1526
   -0.2013    0.1590    0.9665
    0.2410   -0.9484    0.2063
...    74 G-C ...
 -115.1033 -114.0219  152.9777
    0.5974    0.4174    0.6848
   -0.7128   -0.1148    0.6919
    0.3674   -0.9015    0.2289
...    75 T-A ...
 -113.3017 -116.8560  153.5139
    0.0977    0.2716    0.9575
   -0.9124   -0.3597    0.1951
    0.3974   -0.8927    0.2126
...    76 T-A ...
 -111.7712 -119.6486  154.1560
   -0.4372   -0.0688    0.8968
   -0.7799   -0.4676   -0.4161
    0.4479   -0.8813    0.1508
...    77 A-T ...
 -110.2770 -122.8712  154.2217
   -0.7939   -0.5144    0.3243
   -0.2442   -0.2187   -0.9447
    0.5569   -0.8292    0.0480
...    78 T-A ...
 -108.3855 -125.4502  155.0439
   -0.7753   -0.5932   -0.2167
    0.1906    0.1074   -0.9758
    0.6021   -0.7978    0.0297
...    79 A-T ...
 -105.9499 -127.9558  154.9523
   -0.3879   -0.3970   -0.8318
    0.6355    0.5385   -0.5533
    0.6676   -0.7433    0.0434
...    80 A-T ...
 -103.8965 -130.4034  155.1522
    0.0314    0.0021   -0.9995
    0.7175    0.6962    0.0240
    0.6959   -0.7179    0.0204
...    81 C-G ...
 -102.0089 -133.1724  155.0530
    0.3804    0.4290   -0.8193
    0.5716    0.5874    0.5729
    0.7271   -0.6862   -0.0218
...    82 G-C ...
  -99.2512 -134.9304  155.0236
    0.4560    0.8049   -0.3798
    0.3166    0.2521    0.9144
    0.8318   -0.5372   -0.1399
...    83 G-C ...
  -96.1922 -135.9465  154.3089
    0.4264    0.8846    0.1890
    0.1160   -0.2606    0.9585
    0.8971   -0.3868   -0.2137
...    84 A-T ...
  -93.1063 -136.8633  153.4667
    0.3428    0.5839    0.7359
   -0.0994   -0.7564    0.6465
    0.9341   -0.2948   -0.2013
...    85 A-T ...
  -89.9894 -137.5054  152.7759
    0.2292    0.0299    0.9729
   -0.2559   -0.9625    0.0898
    0.9391   -0.2696   -0.2129
...    86 T-A ...
  -86.6524 -137.6325  152.2397
    0.0989   -0.4930    0.8644
   -0.3275   -0.8364   -0.4395
    0.9396   -0.2396   -0.2442
...    87 C-G ...
  -83.3476 -138.2457  151.6675
   -0.0840   -0.9199    0.3831
   -0.3237   -0.3384   -0.8836
    0.9424   -0.1982   -0.2693
...    88 C-G ...
  -80.1954 -138.9485  150.9256
   -0.3012   -0.9419   -0.1488
   -0.2193    0.2203   -0.9505
    0.9280   -0.2536   -0.2729
...    89 G-C ...
  -77.2356 -139.5340  149.5560
   -0.4313   -0.6103   -0.6645
   -0.0153    0.7413   -0.6710
    0.9021   -0.2792   -0.3291
...    90 C-G ...
  -74.0786 -140.7712  148.8023
   -0.3884   -0.0580   -0.9197
    0.1970    0.9697   -0.1444
    0.9002   -0.2373   -0.3652
...    91 T-A ...
  -71.0685 -141.9636  147.6102
   -0.2713    0.5251   -0.8067
    0.3748    0.8296    0.4139
    0.8865   -0.1900   -0.4219
...    92 T-A ...
  -68.3762 -142.6971  145.9606
   -0.0478    0.9124   -0.4065
    0.4605    0.3813    0.8016
    0.8864   -0.1489   -0.4384
...    93 T-A ...
  -65.5379 -143.0205  144.4577
    0.1377    0.9785    0.1534
    0.4314   -0.1986    0.8800
    0.8916   -0.0550   -0.4495
...    94 A-T ...
  -62.3718 -142.8743  143.2370
    0.2266    0.6698    0.7071
    0.3379   -0.7350    0.5879
    0.9135    0.1057   -0.3929
...    95 A-T ...
  -59.5036 -142.2238  141.9961
    0.3658    0.1197    0.9230
    0.1849   -0.9813    0.0540
    0.9122    0.1509   -0.3810
...    96 C-G ...
  -56.4977 -141.0583  140.9101
    0.4398   -0.4467    0.7791
   -0.0317   -0.8747   -0.4836
    0.8976    0.1879   -0.3989
...    97 A-T ...
  -53.3852 -140.5278  139.6892
    0.3135   -0.8945    0.3187
   -0.2909   -0.4099   -0.8645
    0.9039    0.1783   -0.3887
...    98 C-G ...
  -50.0882 -139.8427  139.0625
    0.1124   -0.9717   -0.2079
   -0.4220    0.1428   -0.8953
    0.8996    0.1883   -0.3940
...    99 T-A ...
  -46.5751 -139.4817  138.2072
   -0.1622   -0.7093   -0.6860
   -0.4316    0.6762   -0.5971
    0.8874    0.1993   -0.4158
...   100 T-A ...
  -43.5668 -139.1144  136.9981
   -0.3625   -0.1679   -0.9167
   -0.2733    0.9595   -0.0677
    0.8910    0.2261   -0.3937
...   101 T-A ...
  -40.6361 -138.5145  135.6946
   -0.4824    0.4101   -0.7740
   -0.0213    0.8778    0.4785
    0.8757    0.2473   -0.4147
...   102 A-T ...
  -37.7427 -137.3484  134.4569
   -0.4759    0.8281   -0.2962
    0.2771    0.4609    0.8431
    0.8347    0.3192   -0.4488
...   103 T-A ...
  -35.4680 -136.3999  132.4043
   -0.3437    0.9223    0.1765
    0.4878    0.0148    0.8728
    0.8024    0.3861   -0.4550
...   104 G-C ...
  -32.9938 -134.8561  130.7760
   -0.0606    0.6967    0.7148
    0.6322   -0.5274    0.5676
    0.7725    0.4863   -0.4084
...   105 C-G ...
  -30.6981 -132.7833  129.5577
    0.2715    0.2610    0.9264
    0.5771   -0.8145    0.0603
    0.7702    0.5182   -0.3718
...   106 T-A ...
  -28.1126 -130.5098  128.8116
    0.5639   -0.2607    0.7836
    0.3665   -0.7713   -0.5203
    0.7401    0.5806   -0.3394
...   107 T-A ...
  -25.7534 -128.4766  127.9652
    0.6696   -0.6611    0.3385
   -0.0130   -0.4661   -0.8847
    0.7426    0.5879   -0.3207
...   108 C-G ...
  -23.1691 -126.4429  127.1036
    0.5318   -0.7946   -0.2928
   -0.4309    0.0437   -0.9013
    0.7290    0.6055   -0.3192
...   109 C-G ...
  -20.7540 -124.3964  126.1567
    0.1424   -0.6961   -0.7037
   -0.6531    0.4682   -0.5953
    0.7438    0.5443   -0.3879
...   110 G-C ...
  -18.7347 -122.3807  124.8717
   -0.2998   -0.3914   -0.8700
   -0.6355    0.7621   -0.1239
    0.7115    0.5158   -0.4772
...   111 G-C ...
  -16.3727 -120.8217  123.0910
   -0.6656    0.0686   -0.7432
   -0.3531    0.8484    0.3945
    0.6575    0.5250   -0.5405
...   112 C-G ...
  -14.2584 -119.4711  120.8807
   -0.7848    0.5039   -0.3607
    0.0840    0.6632    0.7437
    0.6140    0.5534   -0.5629
...   113 T-A ...
  -12.3716 -117.6908  118.7993
   -0.6623    0.7365    0.1372
    0.5062    0.3050    0.8067
    0.5523    0.6037   -0.5748
...   114 C-G ...
  -10.6508 -115.4522  117.1001
   -0.2611    0.7484    0.6097
    0.8328   -0.1447    0.5343
    0.4881    0.6473   -0.5855
...   115 G-C ...
   -8.6356 -113.3240  115.4938
    0.2521    0.4669    0.8476
    0.8501   -0.5254    0.0366
    0.4624    0.7113   -0.5293
...   116 T-A ...
   -7.5169 -110.4262  114.1950
    0.6587    0.0766    0.7485
    0.5817   -0.6827   -0.4421
    0.4772    0.7266   -0.4943
...   117 A-T ...
   -6.0000 -107.6723  112.8722
    0.8604   -0.3731    0.3472
    0.0820   -0.5711   -0.8168
    0.5030    0.7312   -0.4607
...   118 T-A ...
   -4.3311 -104.9686  112.0149
    0.7901   -0.5964   -0.1414
   -0.3809   -0.2970   -0.8756
    0.4802    0.7457   -0.4619
...   119 A-T ...
   -2.9974 -102.3174  110.2237
    0.3491   -0.6072   -0.7138
   -0.8223    0.1669   -0.5441
    0.4495    0.7769   -0.4410
...   120 A-T ...
   -1.2687  -99.8820  108.9288
   -0.1976   -0.4075   -0.8916
   -0.8756    0.4823   -0.0264
    0.4408    0.7754   -0.4521
...   121 T-A ...
    0.6719  -97.7029  107.3140
   -0.6328   -0.0887   -0.7692
   -0.6387    0.6215    0.4538
    0.4377    0.7784   -0.4499
...   122 G-C ...
    2.1213  -95.0203  105.6468
   -0.9272    0.2381   -0.2892
   -0.1140    0.5561    0.8233
    0.3568    0.7963   -0.4885
...   123 T-A ...
    3.1056  -92.6220  103.6329
   -0.8590    0.4749    0.1913
    0.3859    0.3551    0.8515
    0.3365    0.8052   -0.4883
...   124 G-C ...
    4.0976  -89.8374  102.0079
   -0.4821    0.5342    0.6944
    0.8333    0.0348    0.5517
    0.2706    0.8446   -0.4619
...   125 T-A ...
    4.4862  -87.0928  100.3686
    0.0224    0.4344    0.9005
    0.9660   -0.2413    0.0924
    0.2574    0.8678   -0.4250
...   126 C-G ...
    5.2595  -84.2602   99.1375
    0.5958    0.2116    0.7747
    0.7664   -0.4381   -0.4697
    0.2400    0.8737   -0.4232
...   127 G-C ...
    6.5214  -81.6316   97.4951
    0.8858   -0.1685    0.4323
    0.3215   -0.4490   -0.8337
    0.3346    0.8775   -0.3435
...   128 A-T ...
    7.4733  -78.7900   96.4165
    0.9018   -0.4054   -0.1496
   -0.2762   -0.2744   -0.9211
    0.3324    0.8720   -0.3594
...   129 C-G ...
    8.8759  -75.8236   95.9595
    0.5959   -0.5251   -0.6075
   -0.7165   -0.0060   -0.6976
    0.3627    0.8510   -0.3798
...   130 C-G ...
   10.5962  -73.1575   94.7043
    0.0747   -0.5303   -0.8445
   -0.9107    0.3087   -0.2744
    0.4063    0.7896   -0.4599
...   131 A-T ...
   11.1908  -70.1972   93.0977
   -0.5168   -0.3057   -0.7997
   -0.7681    0.5780    0.2755
    0.3780    0.7566   -0.5335
...   132 A-T ...
   12.4495  -67.8263   91.2064
   -0.8714    0.0838   -0.4833
   -0.3163    0.6571    0.6843
    0.3749    0.7492   -0.5461
...   133 A-T ...
   13.7377  -65.6275   89.1312
   -0.8709    0.4915   -0.0023
    0.2630    0.4699    0.8426
    0.4152    0.7332   -0.5385
...   134 T-A ...
   14.7384  -63.4258   86.8200
   -0.5923    0.6747    0.4404
    0.6886    0.1401    0.7115
    0.4183    0.7247   -0.5475
...   135 G-C ...
   15.7317  -61.4928   83.9331
    0.0341    0.7400    0.6717
    0.8636   -0.3601    0.3528
    0.5030    0.5681   -0.6514
...   136 T-A ...
   15.7848  -59.5604   80.7993
    0.5517    0.4998    0.6677
    0.6739   -0.7388   -0.0038
    0.4915    0.4520   -0.7444
...   137 G-C ...
   16.8385  -57.7219   78.2677
    0.8528   -0.0848    0.5153
    0.1507   -0.9048   -0.3983
    0.5000    0.4173   -0.7588
...   138 A-T ...
   18.4282  -55.5287   76.5300
    0.8547   -0.5006    0.1371
   -0.3188   -0.7148   -0.6224
    0.4096    0.4883   -0.7706
...   139 G-C ...
   20.4259  -54.3093   74.5421
    0.5847   -0.7389   -0.3347
   -0.7593   -0.3533   -0.5465
    0.2856    0.5737   -0.7676
...   140 C-G ...
   21.4270  -51.8266   72.7877
    0.1304   -0.7144   -0.6875
   -0.8897    0.2216   -0.3991
    0.4375    0.6637   -0.6067
...   141 G-C ...
   22.1521  -50.1494   67.4641
   -0.4682   -0.8748    0.1248
   -0.8494    0.4066   -0.3364
    0.2435   -0.2635   -0.9334
...   142 C-G ...
   22.3489  -51.2413   64.4934
   -0.8528   -0.5119   -0.1032
   -0.4975    0.8565   -0.1374
    0.1587   -0.0659   -0.9851
...   143 T-A ...
   24.0166  -51.6378   61.9249
   -0.9562    0.0401   -0.2898
    0.0524    0.9980   -0.0348
    0.2878   -0.0485   -0.9564
...   144 C-G ...
   24.8958  -52.7395   58.9874
   -0.7529    0.5560   -0.3520
    0.5214    0.8304    0.1965
    0.4016   -0.0356   -0.9151
...   145 A-T ...
   25.5276  -52.9803   55.8054
   -0.2442    0.9563   -0.1610
    0.8906    0.2869    0.3528
    0.3836   -0.0573   -0.9217
...   146 C-G ...
   25.2778  -52.5122   52.0797
    0.3204    0.9427   -0.0929
    0.8825   -0.2614    0.3909
    0.3443   -0.2072   -0.9157
...   147 A-T ...
   25.6239  -52.5939   48.6397
    0.8597    0.5097    0.0339
    0.4496   -0.7865    0.4233
    0.2425   -0.3487   -0.9053
