  147 base-pairs
...     1 T-A ...
    0.0000    0.0000    0.0000
    1.0000    0.0000    0.0000
    0.0000    1.0000    0.0000
    0.0000    0.0000    1.0000
...     2 G-C ...
   -0.5555   -1.1003    3.3981
    0.7749    0.6051    0.1828
   -0.5991    0.7953   -0.0929
   -0.2016   -0.0375    0.9787
...     3 T-A ...
   -0.6619   -3.0237    6.5348
    0.3046    0.9250    0.2271
   -0.8994    0.3578   -0.2510
   -0.3134   -0.1278    0.9410
...     4 G-C ...
   -1.1607   -3.8418    9.6940
   -0.3351    0.9421    0.0133
   -0.8752   -0.3061   -0.3746
   -0.3489   -0.1372    0.9271
...     5 A-T ...
   -1.3881   -3.6770   12.8999
   -0.7835    0.6162   -0.0801
   -0.5677   -0.7622   -0.3109
   -0.2527   -0.1981    0.9470
...     6 G-C ...
   -2.6236   -3.5448   15.7072
   -0.9923    0.0611   -0.1075
   -0.0294   -0.9610   -0.2748
   -0.1201   -0.2695    0.9555
...     7 C-G ...
   -2.3138   -3.7570   18.8866
   -0.8620   -0.4995   -0.0864
    0.5008   -0.8655    0.0073
   -0.0785   -0.0370    0.9962
...     8 G-C ...
   -3.9561   -6.8109   23.3205
   -0.2581   -0.3560   -0.8981
    0.6294   -0.7673    0.1233
   -0.7330   -0.5335    0.4221
...     9 C-G ...
   -6.1177   -8.9414   24.2385
    0.1143   -0.7320   -0.6716
    0.8123   -0.3203    0.4874
   -0.5720   -0.6013    0.5580
...    10 T-A ...
   -8.5041   -9.6771   26.0540
    0.4660   -0.8587   -0.2131
    0.6274    0.1508    0.7640
   -0.6239   -0.4897    0.6090
...    11 C-G ...
  -11.0625  -11.3174   27.2336
    0.6660   -0.6911    0.2808
    0.3382    0.6152    0.7121
   -0.6649   -0.3794    0.6435
...    12 A-T ...
  -13.0013  -13.1789   29.0658
    0.7188   -0.1490    0.6790
   -0.1787    0.9043    0.3876
   -0.6718   -0.4000    0.6235
...    13 C-G ...
  -14.1788  -15.9359   31.3399
    0.4052    0.2865    0.8682
   -0.5270    0.8492   -0.0343
   -0.7470   -0.4437    0.4951
...    14 A-T ...
  -15.9532  -18.1566   33.3080
   -0.1503    0.6873    0.7107
   -0.6106    0.5008   -0.6135
   -0.7776   -0.5261    0.3444
...    15 A-T ...
  -18.3903  -19.8521   34.6167
   -0.4597    0.8636    0.2071
   -0.4123   -0.0010   -0.9110
   -0.7866   -0.5042    0.3565
...    16 T-A ...
  -20.7693  -21.2697   36.3937
   -0.5944    0.7453   -0.3021
   -0.1208   -0.4541   -0.8827
   -0.7951   -0.4882    0.3599
...    17 T-A ...
  -23.3831  -22.6670   37.7336
   -0.5501    0.3343   -0.7653
    0.2431   -0.8126   -0.5297
   -0.7989   -0.4774    0.3658
...    18 T-A ...
  -26.0841  -23.9722   39.0101
   -0.3133   -0.2235   -0.9230
    0.5162   -0.8558    0.0320
   -0.7971   -0.4664    0.3836
...    19 A-T ...
  -28.4783  -25.8861   40.5427
    0.0776   -0.7590   -0.6464
    0.5958   -0.4846    0.6405
   -0.7994   -0.4348    0.4146
...    20 T-A ...
  -31.4723  -27.0697   41.3660
    0.3625   -0.9103   -0.2000
    0.4683   -0.0076    0.8835
   -0.8058   -0.4139    0.4236
...    21 T-A ...
  -34.2319  -28.3954   42.5040
    0.5425   -0.7465    0.3852
    0.1696    0.5465    0.8201
   -0.8227   -0.3796    0.4231
...    22 C-G ...
  -36.9741  -29.6800   43.8510
    0.5464   -0.2453    0.8008
   -0.1942    0.8930    0.4061
   -0.8147   -0.3774    0.4403
...    23 G-C ...
  -39.8626  -30.4951   45.4559
    0.4103    0.3617    0.8371
   -0.4828    0.8650   -0.1371
   -0.7737   -0.3479    0.5295
...    24 C-G ...
  -42.1687  -31.9241   47.4016
    0.1044    0.8025    0.5874
   -0.6327    0.5093   -0.5833
   -0.7673   -0.3107    0.5609
...    25 A-T ...
  -44.9154  -32.7821   49.1458
   -0.2106    0.9751    0.0688
   -0.5928   -0.0715   -0.8022
   -0.7773   -0.2097    0.5931
...    26 A-T ...
  -47.3405  -33.3283   51.2399
   -0.5110    0.7497   -0.4204
   -0.3605   -0.6310   -0.6869
   -0.7803   -0.1995    0.5927
...    27 A-T ...
  -49.8513  -33.7431   53.2666
   -0.6238    0.2361   -0.7451
    0.0031   -0.9525   -0.3044
   -0.7816   -0.1922    0.5934
...    28 G-C ...
  -52.5704  -34.0539   55.1930
   -0.4725   -0.3180   -0.8219
    0.3305   -0.9285    0.1693
   -0.8170   -0.1917    0.5439
...    29 G-C ...
  -55.5376  -34.5216   56.7928
   -0.1428   -0.7730   -0.6181
    0.5158   -0.5911    0.6201
   -0.8447   -0.2303    0.4832
...    30 C-G ...
  -58.5813  -35.1786   58.0364
    0.2038   -0.9635   -0.1736
    0.4949   -0.0517    0.8674
   -0.8447   -0.2627    0.4663
...    31 C-G ...
  -61.5198  -36.2163   59.3816
    0.5073   -0.8009    0.3182
    0.2729    0.4995    0.8222
   -0.8174   -0.3303    0.4719
...    32 G-C ...
  -64.1624  -37.0724   61.3429
    0.6445   -0.3226    0.6932
   -0.0950    0.8658    0.4913
   -0.7587   -0.3825    0.5274
...    33 G-C ...
  -66.6094  -38.5778   63.1323
    0.5325    0.2557    0.8069
   -0.4568    0.8894    0.0196
   -0.7126   -0.3790    0.5904
...    34 C-G ...
  -68.6902  -40.1257   65.2403
    0.2093    0.7286    0.6522
   -0.6855    0.5850   -0.4335
   -0.6974   -0.3564    0.6218
...    35 C-G ...
  -70.8515  -41.2581   67.5916
   -0.1633    0.9562    0.2428
   -0.7017    0.0604   -0.7099
   -0.6935   -0.2864    0.6611
...    36 C-G ...
  -73.0810  -41.9825   70.0464
   -0.4787    0.8411   -0.2519
   -0.5044   -0.4983   -0.7052
   -0.7186   -0.2105    0.6628
...    37 G-C ...
  -75.7417  -42.8402   71.9737
   -0.6082    0.4108   -0.6793
   -0.1532   -0.9003   -0.4073
   -0.7789   -0.1436    0.6105
...    38 A-T ...
  -78.3338  -43.2099   73.9906
   -0.5533   -0.2175   -0.8041
    0.2434   -0.9654    0.0937
   -0.7967   -0.1439    0.5870
...    39 C-G ...
  -81.2045  -43.1222   75.6929
   -0.3095   -0.7027   -0.6406
    0.4973   -0.6939    0.5208
   -0.8105   -0.1574    0.5642
...    40 A-T ...
  -83.8163  -43.8052   77.7003
    0.1229   -0.9579   -0.2594
    0.5618   -0.1483    0.8139
   -0.8181   -0.2458    0.5199
...    41 C-G ...
  -86.8135  -44.6939   78.8459
    0.4335   -0.8770    0.2073
    0.3944    0.3914    0.8314
   -0.8103   -0.2786    0.5156
...    42 G-C ...
  -89.3434  -45.5247   80.9565
    0.6644   -0.4525    0.5948
    0.0368    0.8147    0.5787
   -0.7465   -0.3626    0.5579
...    43 A-T ...
  -91.7498  -46.8106   82.8174
    0.5685    0.1476    0.8093
   -0.3888    0.9152    0.1062
   -0.7250   -0.3750    0.5777
...    44 C-G ...
  -93.7562  -48.5572   84.8361
    0.2773    0.6296    0.7257
   -0.6480    0.6802   -0.3425
   -0.7093   -0.3753    0.5967
...    45 T-A ...
  -95.8806  -49.8348   87.0819
   -0.1035    0.9159    0.3879
   -0.7120    0.2041   -0.6718
   -0.6945   -0.3457    0.6310
...    46 T-A ...
  -97.9532  -50.9781   89.3299
   -0.5308    0.8446   -0.0707
   -0.5030   -0.3810   -0.7758
   -0.6821   -0.3762    0.6270
...    47 A-T ...
 -100.3779  -52.6426   91.0871
   -0.7553    0.3597   -0.5478
   -0.0065   -0.8399   -0.5426
   -0.6554   -0.4063    0.6367
...    48 C-G ...
 -102.6744  -53.3964   93.4088
   -0.6236   -0.1506   -0.7671
    0.4086   -0.8994   -0.1556
   -0.6665   -0.4104    0.6223
...    49 T-A ...
 -105.1174  -54.5411   95.3904
   -0.2528   -0.5968   -0.7615
    0.6808   -0.6690    0.2982
   -0.6874   -0.4430    0.5755
...    50 G-C ...
 -107.2932  -56.2335   97.3192
    0.2702   -0.8216   -0.5019
    0.6875   -0.2003    0.6980
   -0.6741   -0.5337    0.5107
...    51 T-A ...
 -109.8321  -58.0331   98.4583
    0.6294   -0.7737   -0.0721
    0.4310    0.2703    0.8609
   -0.6466   -0.5729    0.5036
...    52 A-T ...
 -111.8779  -59.9492  100.3230
    0.8105   -0.3965    0.4312
   -0.0668    0.6687    0.7405
   -0.5819   -0.6290    0.5155
...    53 G-C ...
 -113.6305  -62.2860  101.9216
    0.6791    0.0807    0.7296
   -0.5194    0.7552    0.4000
   -0.5187   -0.6506    0.5547
...    54 G-C ...
 -115.0128  -64.5963  103.9773
    0.2995    0.5398    0.7867
   -0.8383    0.5427   -0.0532
   -0.4556   -0.6435    0.6150
...    55 T-A ...
 -115.9314  -66.8807  106.2436
   -0.2065    0.7541    0.6234
   -0.8724    0.1465   -0.4663
   -0.4430   -0.6402    0.6277
...    56 A-T ...
 -117.9333  -69.2137  107.8547
   -0.7875    0.5883    0.1836
   -0.4803   -0.3992   -0.7810
   -0.3862   -0.7032    0.5970
...    57 T-A ...
 -118.9877  -71.1436  110.3570
   -0.9346    0.2626   -0.2400
    0.0162   -0.6425   -0.7661
   -0.3554   -0.7199    0.5962
...    58 C-G ...
 -120.1471  -73.4751  112.4221
   -0.7228   -0.1867   -0.6653
    0.5970   -0.6537   -0.4651
   -0.3481   -0.7334    0.5840
...    59 T-A ...
 -121.5643  -75.7785  114.3996
   -0.2511   -0.4763   -0.8427
    0.9012   -0.4328   -0.0239
   -0.3533   -0.7654    0.5379
...    60 C-G ...
 -122.7841  -78.2554  116.2116
    0.3630   -0.5993   -0.7135
    0.8743   -0.0458    0.4832
   -0.3223   -0.7992    0.5073
...    61 G-C ...
 -123.5583  -80.9617  118.1043
    0.8363   -0.3854   -0.3899
    0.5106    0.2886    0.8099
   -0.1996   -0.8764    0.4382
...    62 A-T ...
 -124.1303  -83.8863  119.4616
    0.9876   -0.0756    0.1376
   -0.0909    0.4395    0.8936
   -0.1281   -0.8951    0.4271
...    63 G-C ...
 -124.2907  -86.9732  120.6711
    0.7868    0.2531    0.5629
   -0.6163    0.3716    0.6944
   -0.0334   -0.8932    0.4484
...    64 C-G ...
 -123.8360  -89.9569  122.0894
    0.3052    0.4535    0.8374
   -0.9519    0.1207    0.2816
    0.0267   -0.8831    0.4685
...    65 T-A ...
 -123.3750  -92.7908  123.7957
   -0.2790    0.4695    0.8377
   -0.9576   -0.2017   -0.2059
    0.0723   -0.8596    0.5059
...    66 C-G ...
 -123.0992  -95.5418  125.6346
   -0.8111    0.2252    0.5399
   -0.5762   -0.4663   -0.6712
    0.1006   -0.8555    0.5079
...    67 G-C ...
 -122.9867  -98.6646  126.9617
   -0.9969   -0.0775    0.0106
    0.0312   -0.5182   -0.8547
    0.0718   -0.8518    0.5190
...    68 G-C ...
 -122.6989 -101.4398  128.9210
   -0.7978   -0.3246   -0.5081
    0.6010   -0.3597   -0.7137
    0.0489   -0.8748    0.4821
...    69 G-C ...
 -122.5672 -104.2854  130.7922
   -0.3162   -0.4049   -0.8579
    0.9470   -0.0804   -0.3111
    0.0570   -0.9108    0.4088
...    70 A-T ...
 -122.4046 -107.2204  132.2651
    0.3105   -0.3199   -0.8951
    0.9454    0.2025    0.2556
    0.0995   -0.9256    0.3653
...    71 T-A ...
 -122.5999 -110.3743  133.1061
    0.7445   -0.1342   -0.6539
    0.6544    0.3404    0.6752
    0.1320   -0.9307    0.3413
...    72 C-G ...
 -122.0895 -113.4373  134.1222
    0.9724    0.1723   -0.1573
    0.0929    0.3327    0.9384
    0.2140   -0.9272    0.3075
...    73 C-G ...
 -120.9839 -116.5283  134.8661
    0.8293    0.4350    0.3508
   -0.4408    0.1236    0.8890
    0.3434   -0.8919    0.2943
...    74 G-C ...
 -119.6304 -119.2715  136.3568
    0.3808    0.5240    0.7618
   -0.7905   -0.2428    0.5622
    0.4796   -0.8163    0.3218
...    75 C-G ...
 -117.5689 -121.6434  137.5339
   -0.1458    0.3094    0.9397
   -0.8387   -0.5425    0.0485
    0.5248   -0.7810    0.3386
...    76 T-A ...
 -115.5888 -123.9949  138.8793
   -0.5972   -0.0486    0.8006
   -0.5838   -0.6581   -0.4754
    0.5500   -0.7513    0.3646
...    77 T-A ...
 -113.5661 -126.2057  140.2194
   -0.7781   -0.5070    0.3707
   -0.1061   -0.4756   -0.8732
    0.6191   -0.7188    0.3163
...    78 T-A ...
 -111.4507 -128.3500  141.5220
   -0.6289   -0.7463   -0.2181
    0.3687   -0.0392   -0.9287
    0.6845   -0.6645    0.2998
...    79 A-T ...
 -108.5496 -130.1889  142.0522
   -0.1472   -0.6071   -0.7809
    0.6525    0.5337   -0.5379
    0.7433   -0.5887    0.3176
...    80 A-T ...
 -106.2525 -132.1962  143.1824
    0.2668   -0.1648   -0.9496
    0.5892    0.8076    0.0254
    0.7627   -0.5662    0.3125
...    81 C-G ...
 -104.0684 -134.5184  144.0320
    0.4978    0.3344   -0.8002
    0.3469    0.7689    0.5371
    0.7949   -0.5450    0.2668
...    82 A-T ...
 -101.2615 -136.1466  144.9838
    0.4806    0.7952   -0.3698
    0.0216    0.4108    0.9115
    0.8767   -0.4460    0.1803
...    83 C-G ...
  -98.3077 -137.5938  144.9117
    0.3607    0.9170    0.1703
   -0.2116   -0.0974    0.9725
    0.9084   -0.3868    0.1589
...    84 T-A ...
  -95.1280 -138.5306  145.2187
    0.1128    0.7349    0.6687
   -0.3131   -0.6124    0.7259
    0.9430   -0.2913    0.1610
...    85 T-A ...
  -91.9754 -139.2295  145.6377
   -0.0787    0.2170    0.9730
   -0.2948   -0.9374    0.1852
    0.9523   -0.2723    0.1378
...    86 T-A ...
  -88.7842 -139.7993  146.0768
   -0.1837   -0.4123    0.8923
   -0.1792   -0.8785   -0.4428
    0.9665   -0.2412    0.0875
...    87 T-A ...
  -85.5635 -140.2596  146.4995
   -0.1744   -0.8813    0.4391
   -0.0435   -0.4386   -0.8976
    0.9837   -0.1756    0.0382
...    88 C-G ...
  -82.2693 -140.7455  146.7065
   -0.1401   -0.9650   -0.2217
    0.0550    0.2159   -0.9749
    0.9886   -0.1488    0.0228
...    89 A-T ...
  -78.9223 -140.8673  146.4367
   -0.1261   -0.6166   -0.7771
    0.1035    0.7709   -0.6285
    0.9866   -0.1597   -0.0334
...    90 T-A ...
  -75.8063 -141.9498  146.6193
   -0.0542   -0.1195   -0.9914
    0.1333    0.9831   -0.1258
    0.9896   -0.1390   -0.0373
...    91 G-C ...
  -72.4493 -142.1273  146.4171
   -0.0944    0.4920   -0.8655
    0.1416    0.8671    0.4775
    0.9854   -0.0775   -0.1515
...    92 T-A ...
  -69.3728 -142.7074  145.4154
   -0.0716    0.8827   -0.4645
    0.1733    0.4696    0.8657
    0.9823   -0.0185   -0.1866
...    93 T-A ...
  -66.2408 -142.6947  144.6223
   -0.0129    0.9915    0.1292
    0.2026   -0.1239    0.9714
    0.9792    0.0387   -0.1993
...    94 A-T ...
  -62.9430 -142.3002  144.0955
    0.0177    0.7059    0.7081
    0.2292   -0.6923    0.6843
    0.9732    0.1502   -0.1740
...    95 T-A ...
  -59.9564 -141.1877  143.2417
    0.1346    0.2410    0.9611
    0.2048   -0.9558    0.2110
    0.9695    0.1684   -0.1780
...    96 A-T ...
  -56.5960 -141.0906  142.5798
    0.2929   -0.4510    0.8431
    0.0743   -0.8683   -0.4904
    0.9533    0.2063   -0.2208
...    97 A-T ...
  -53.5072 -140.1409  142.0476
    0.3406   -0.8687    0.3597
   -0.1285   -0.4220   -0.8975
    0.9314    0.2595   -0.2554
...    98 C-G ...
  -50.2943 -139.1226  141.8122
    0.2238   -0.9541   -0.1992
   -0.2998    0.1271   -0.9455
    0.9274    0.2713   -0.2576
...    99 G-C ...
  -47.4043 -137.8726  140.5378
   -0.0602   -0.7095   -0.7021
   -0.3968    0.6624   -0.6354
    0.9159    0.2403   -0.3214
...   100 G-C ...
  -44.2261 -137.1065  139.6439
   -0.3471   -0.2287   -0.9095
   -0.3144    0.9421   -0.1169
    0.8836    0.2454   -0.3989
...   101 A-T ...
  -41.2943 -136.3228  138.3949
   -0.5139    0.3663   -0.7757
   -0.0566    0.8878    0.4567
    0.8560    0.2786   -0.4355
...   102 A-T ...
  -38.5871 -135.5095  136.8221
   -0.4886    0.7977   -0.3535
    0.2521    0.5169    0.8180
    0.8353    0.3106   -0.4537
...   103 T-A ...
  -36.1904 -134.6344  134.7738
   -0.3193    0.9390    0.1275
    0.4744    0.0419    0.8793
    0.8204    0.3412   -0.4589
...   104 G-C ...
  -33.4606 -133.1605  133.4700
   -0.0827    0.7427    0.6645
    0.6196   -0.4840    0.6180
    0.7806    0.4628   -0.4201
...   105 C-G ...
  -31.1859 -131.1498  132.0790
    0.2449    0.3251    0.9134
    0.5929   -0.7956    0.1242
    0.7671    0.5112   -0.3876
...   106 T-A ...
  -28.7783 -129.1023  130.9898
    0.5014   -0.1879    0.8445
    0.3955   -0.8184   -0.4169
    0.7695    0.5431   -0.3360
...   107 T-A ...
  -26.3923 -127.0779  130.0506
    0.6720   -0.6141    0.4138
    0.0168   -0.5460   -0.8376
    0.7404    0.5698   -0.3566
...   108 C-G ...
  -23.9171 -125.1520  128.9736
    0.5428   -0.8182   -0.1896
   -0.4002   -0.0535   -0.9149
    0.7384    0.5724   -0.3565
...   109 C-G ...
  -21.2906 -123.2461  127.9744
    0.1751   -0.7357   -0.6542
   -0.6369    0.4221   -0.6451
    0.7508    0.5297   -0.3947
...   110 G-C ...
  -19.1108 -121.1313  126.4666
   -0.3000   -0.4026   -0.8648
   -0.6264    0.7669   -0.1396
    0.7194    0.4999   -0.4823
...   111 G-C ...
  -16.5796 -119.6152  124.8251
   -0.6627    0.0496   -0.7473
   -0.3521    0.8600    0.3693
    0.6610    0.5079   -0.5524
...   112 C-G ...
  -14.3796 -118.2784  122.7289
   -0.7850    0.4868   -0.3832
    0.0774    0.6907    0.7190
    0.6147    0.5347   -0.5798
...   113 T-A ...
  -12.5897 -116.5509  120.5307
   -0.6664    0.7371    0.1122
    0.5050    0.3354    0.7953
    0.5486    0.5867   -0.5957
...   114 C-G ...
  -10.9511 -114.5037  118.5561
   -0.2586    0.7645    0.5905
    0.8164   -0.1538    0.5567
    0.5164    0.6260   -0.5843
...   115 G-C ...
   -8.9847 -112.2729  116.9466
    0.2000    0.4681    0.8607
    0.8494   -0.5207    0.0857
    0.4883    0.7140   -0.5018
...   116 T-A ...
   -7.8573 -109.4939  115.4834
    0.6155    0.0978    0.7820
    0.6147   -0.6806   -0.3987
    0.4933    0.7261   -0.4791
...   117 A-T ...
   -6.0733 -107.2820  113.6315
    0.8742   -0.3539    0.3324
    0.0738   -0.5799   -0.8114
    0.4799    0.7338   -0.4808
...   118 T-A ...
   -4.4413 -104.5611  112.6726
    0.7913   -0.5935   -0.1469
   -0.3948   -0.3125   -0.8640
    0.4669    0.7417   -0.4816
...   119 A-T ...
   -3.2357 -102.0443  110.7253
    0.3514   -0.6415   -0.6819
   -0.8205    0.1398   -0.5543
    0.4509    0.7543   -0.4772
...   120 A-T ...
   -1.5614  -99.6572  109.2784
   -0.1929   -0.4279   -0.8830
   -0.8749    0.4824   -0.0426
    0.4442    0.7644   -0.4674
...   121 T-A ...
    0.4040  -97.5719  107.6452
   -0.6192   -0.1171   -0.7765
   -0.6498    0.6316    0.4229
    0.4409    0.7664   -0.4671
...   122 G-C ...
    1.5868  -94.8215  106.1316
   -0.9207    0.2037   -0.3328
   -0.1509    0.6005    0.7853
    0.3598    0.7732   -0.5221
...   123 T-A ...
    2.5980  -92.5898  103.8889
   -0.8690    0.4688    0.1583
    0.3695    0.4019    0.8378
    0.3292    0.7865   -0.5225
...   124 G-C ...
    3.6345  -89.7606  102.4125
   -0.5132    0.5412    0.6661
    0.8194    0.0781    0.5678
    0.2553    0.8372   -0.4836
...   125 T-A ...
    3.8421  -86.9231  100.6748
    0.0021    0.4753    0.8798
    0.9686   -0.2196    0.1164
    0.2485    0.8520   -0.4608
...   126 C-G ...
    4.5734  -84.0378   99.2497
    0.5800    0.2252    0.7829
    0.7739   -0.4524   -0.4432
    0.2543    0.8629   -0.4367
...   127 G-C ...
    5.7443  -81.2999   97.6473
    0.8906   -0.1629    0.4247
    0.3065   -0.4749   -0.8249
    0.3361    0.8648   -0.3730
...   128 A-T ...
    6.8421  -78.4050   96.5126
    0.8849   -0.4419   -0.1471
   -0.2905   -0.2769   -0.9159
    0.3640    0.8533   -0.3734
...   129 C-G ...
    8.3652  -75.5257   95.8338
    0.5788   -0.5466   -0.6052
   -0.7172    0.0122   -0.6968
    0.3882    0.8373   -0.3849
...   130 C-G ...
    9.9584  -72.8128   94.5913
    0.0452   -0.5158   -0.8555
   -0.9081    0.3357   -0.2504
    0.4163    0.7882   -0.4533
...   131 A-T ...
   11.0968  -70.0947   92.9873
   -0.5348   -0.2917   -0.7930
   -0.7478    0.6003    0.2835
    0.3934    0.7446   -0.5393
...   132 A-T ...
   12.4861  -67.8443   91.0965
   -0.8696    0.1187   -0.4792
   -0.2910    0.6608    0.6918
    0.3988    0.7411   -0.5401
...   133 A-T ...
   13.7601  -65.5856   89.1294
   -0.8687    0.4953    0.0110
    0.2766    0.4665    0.8402
    0.4110    0.7329   -0.5422
...   134 T-A ...
   14.7385  -63.4257   86.8201
   -0.5923    0.6747    0.4404
    0.6886    0.1401    0.7115
    0.4183    0.7247   -0.5475
...   135 G-C ...
   15.7317  -61.4926   83.9332
    0.0341    0.7400    0.6717
    0.8636   -0.3601    0.3528
    0.5030    0.5681   -0.6514
...   136 T-A ...
   15.7849  -59.5602   80.7994
    0.5517    0.4998    0.6677
    0.6739   -0.7388   -0.0038
    0.4915    0.4520   -0.7444
...   137 G-C ...
   16.8386  -57.7217   78.2677
    0.8528   -0.0848    0.5153
    0.1507   -0.9048   -0.3983
    0.5000    0.4173   -0.7588
...   138 A-T ...
   18.4283  -55.5285   76.5300
    0.8547   -0.5006    0.1371
   -0.3188   -0.7148   -0.6224
    0.4096    0.4883   -0.7706
...   139 G-C ...
   20.4260  -54.3091   74.5421
    0.5847   -0.7389   -0.3347
   -0.7593   -0.3533   -0.5465
    0.2856    0.5737   -0.7676
...   140 C-G ...
   21.4270  -51.8264   72.7877
    0.1304   -0.7144   -0.6875
   -0.8897    0.2216   -0.3991
    0.4375    0.6637   -0.6067
...   141 G-C ...
   22.1522  -50.1493   67.4641
   -0.4682   -0.8748    0.1248
   -0.8494    0.4066   -0.3364
    0.2435   -0.2635   -0.9334
...   142 C-G ...
   22.3489  -51.2412   64.4935
   -0.8528   -0.5119   -0.1032
   -0.4975    0.8565   -0.1374
    0.1587   -0.0659   -0.9851
...   143 T-A ...
   24.0167  -51.6376   61.9250
   -0.9562    0.0401   -0.2898
    0.0524    0.9980   -0.0348
    0.2878   -0.0485   -0.9564
...   144 C-G ...
   24.8958  -52.7393   58.9875
   -0.7529    0.5560   -0.3520
    0.5214    0.8304    0.1965
    0.4016   -0.0356   -0.9151
...   145 A-T ...
   25.5276  -52.9801   55.8055
   -0.2442    0.9563   -0.1610
    0.8906    0.2869    0.3528
    0.3836   -0.0573   -0.9217
...   146 C-G ...
   25.2779  -52.5121   52.0798
    0.3204    0.9427   -0.0929
    0.8825   -0.2614    0.3909
    0.3443   -0.2072   -0.9157
...   147 A-T ...
   25.6239  -52.5938   48.6397
    0.8597    0.5097    0.0339
    0.4496   -0.7865    0.4233
    0.2425   -0.3487   -0.9053
