  147 base-pairs
...     1 T-A ...
    0.0000    0.0000    0.0000
    1.0000    0.0000    0.0000
    0.0000    1.0000    0.0000
    0.0000    0.0000    1.0000
...     2 G-C ...
   -0.5555   -1.1003    3.3981
    0.7749    0.6051    0.1828
   -0.5991    0.7953   -0.0929
   -0.2016   -0.0375    0.9787
...     3 T-A ...
   -0.6619   -3.0237    6.5348
    0.3046    0.9250    0.2271
   -0.8994    0.3578   -0.2510
   -0.3134   -0.1278    0.9410
...     4 G-C ...
   -1.1607   -3.8418    9.6940
   -0.3351    0.9421    0.0133
   -0.8752   -0.3061   -0.3746
   -0.3489   -0.1372    0.9271
...     5 A-T ...
   -1.3881   -3.6770   12.8999
   -0.7835    0.6162   -0.0801
   -0.5677   -0.7622   -0.3109
   -0.2527   -0.1981    0.9470
...     6 G-C ...
   -2.6236   -3.5448   15.7072
   -0.9923    0.0611   -0.1075
   -0.0294   -0.9610   -0.2748
   -0.1201   -0.2695    0.9555
...     7 C-G ...
   -2.3138   -3.7570   18.8866
   -0.8620   -0.4995   -0.0864
    0.5008   -0.8655    0.0073
   -0.0785   -0.0370    0.9962
...     8 G-C ...
   -3.9561   -6.8109   23.3205
   -0.2581   -0.3560   -0.8981
    0.6294   -0.7673    0.1233
   -0.7330   -0.5335    0.4221
...     9 C-G ...
   -6.1177   -8.9414   24.2385
    0.1143   -0.7320   -0.6716
    0.8123   -0.3203    0.4874
   -0.5720   -0.6013    0.5580
...    10 T-A ...
   -8.5041   -9.6771   26.0540
    0.4660   -0.8587   -0.2131
    0.6274    0.1508    0.7640
   -0.6239   -0.4897    0.6090
...    11 C-G ...
  -11.0625  -11.3174   27.2336
    0.6660   -0.6911    0.2808
    0.3382    0.6152    0.7121
   -0.6649   -0.3794    0.6435
...    12 A-T ...
  -13.0013  -13.1789   29.0658
    0.7188   -0.1490    0.6790
   -0.1787    0.9043    0.3876
   -0.6718   -0.4000    0.6235
...    13 C-G ...
  -14.1788  -15.9359   31.3399
    0.4052    0.2865    0.8682
   -0.5270    0.8492   -0.0343
   -0.7470   -0.4437    0.4951
...    14 A-T ...
  -15.9532  -18.1566   33.3080
   -0.1503    0.6873    0.7107
   -0.6106    0.5008   -0.6135
   -0.7776   -0.5261    0.3444
...    15 A-T ...
  -18.4969  -19.7868   34.5147
   -0.4582    0.8691    0.1861
   -0.4077   -0.0195   -0.9129
   -0.7898   -0.4942    0.3633
...    16 T-A ...
  -20.8972  -21.2480   36.4144
   -0.6340    0.6938   -0.3418
   -0.0786   -0.4974   -0.8639
   -0.7694   -0.5208    0.3699
...    17 T-A ...
  -23.4175  -22.7001   37.9410
   -0.5849    0.2358   -0.7761
    0.3200   -0.8122   -0.4879
   -0.7453   -0.5337    0.3996
...    18 T-A ...
  -25.9758  -24.2234   39.3349
   -0.2975   -0.3043   -0.9049
    0.6054   -0.7930    0.0677
   -0.7382   -0.5277    0.4202
...    19 A-T ...
  -28.3277  -26.2046   41.0298
    0.1597   -0.8148   -0.5573
    0.6547   -0.3351    0.6776
   -0.7388   -0.4731    0.4799
...    20 T-A ...
  -31.1950  -27.5534   42.1265
    0.4576   -0.8865   -0.0680
    0.4746    0.1789    0.8618
   -0.7519   -0.4267    0.5026
...    21 T-A ...
  -33.7546  -28.9934   43.5318
    0.6166   -0.6093    0.4986
    0.0956    0.6865    0.7208
   -0.7815   -0.3968    0.4816
...    22 C-G ...
  -36.3554  -30.2581   45.1444
    0.5632   -0.0537    0.8246
   -0.3058    0.9135    0.2684
   -0.7676   -0.4033    0.4981
...    23 G-C ...
  -39.1980  -30.9915   46.8894
    0.4117    0.5298    0.7415
   -0.5786    0.7806   -0.2364
   -0.7041   -0.3317    0.6279
...    24 C-G ...
  -41.2536  -32.3479   49.0735
    0.0852    0.8817    0.4640
   -0.7040    0.3828   -0.5982
   -0.7051   -0.2757    0.6533
...    25 A-T ...
  -43.9935  -33.1722   50.8427
   -0.2983    0.9535   -0.0440
   -0.6207   -0.2288   -0.7499
   -0.7251   -0.1964    0.6601
...    26 A-T ...
  -46.3561  -33.6442   53.0779
   -0.5935    0.6389   -0.4895
   -0.3361   -0.7494   -0.5705
   -0.7313   -0.1740    0.6595
...    27 A-T ...
  -48.6507  -33.9223   55.3914
   -0.6840    0.0689   -0.7262
    0.0839   -0.9815   -0.1721
   -0.7246   -0.1787    0.6656
...    28 G-C ...
  -51.2919  -34.0599   57.5368
   -0.4862   -0.4759   -0.7329
    0.4300   -0.8604    0.2735
   -0.7608   -0.1822    0.6229
...    29 G-C ...
  -54.1488  -34.5511   59.4450
   -0.0918   -0.8855   -0.4556
    0.6189   -0.4091    0.6705
   -0.7801   -0.2204    0.5856
...    30 C-G ...
  -56.9257  -35.3138   61.0659
    0.3121   -0.9500   -0.0065
    0.5436    0.1729    0.8213
   -0.7792   -0.2598    0.5704
...    31 C-G ...
  -59.7102  -36.1499   62.8005
    0.6104   -0.6622    0.4346
    0.2553    0.6839    0.6834
   -0.7498   -0.3062    0.5865
...    32 G-C ...
  -61.9668  -36.7837   64.9047
    0.7165   -0.1548    0.6802
   -0.1317    0.9275    0.3498
   -0.6850   -0.3402    0.6442
...    33 G-C ...
  -64.0244  -38.0437   67.2542
    0.5517    0.4282    0.7157
   -0.5298    0.8427   -0.0958
   -0.6441   -0.3264    0.6918
...    34 C-G ...
  -65.9029  -39.3099   69.6513
    0.1763    0.8504    0.4957
   -0.7553    0.4398   -0.4859
   -0.6312   -0.2888    0.7198
...    35 C-G ...
  -67.8218  -39.9750   72.4065
   -0.2554    0.9635    0.0800
   -0.7318   -0.1386   -0.6673
   -0.6318   -0.2290    0.7405
...    36 C-G ...
  -69.8684  -40.4567   75.0851
   -0.6030    0.7094   -0.3648
   -0.4712   -0.6858   -0.5547
   -0.6437   -0.1625    0.7478
...    37 G-C ...
  -72.1897  -41.9132   77.2208
   -0.7184    0.1871   -0.6700
   -0.0299   -0.9706   -0.2390
   -0.6950   -0.1517    0.7028
...    38 A-T ...
  -74.3671  -42.3444   79.5220
   -0.5886   -0.4337   -0.6822
    0.4150   -0.8863    0.2055
   -0.6938   -0.1621    0.7017
...    39 C-G ...
  -76.9318  -42.6019   81.4542
   -0.2429   -0.8342   -0.4951
    0.6537   -0.5179    0.5519
   -0.7168   -0.1896    0.6711
...    40 A-T ...
  -79.3796  -43.4036   83.6752
    0.2549   -0.9616   -0.1019
    0.6550    0.0942    0.7497
   -0.7113   -0.2578    0.6538
...    41 C-G ...
  -81.8939  -44.6431   85.4659
    0.5963   -0.7488    0.2895
    0.4035    0.5913    0.6983
   -0.6940   -0.2996    0.6546
...    42 G-C ...
  -84.0101  -45.3024   87.9887
    0.7568   -0.2091    0.6193
   -0.0724    0.9148    0.3973
   -0.6496   -0.3455    0.6772
...    43 A-T ...
  -86.1195  -46.4487   90.1031
    0.5577    0.3856    0.7350
   -0.5104    0.8576   -0.0627
   -0.6546   -0.3402    0.6751
...    44 C-G ...
  -87.8509  -48.0091   92.4619
    0.2090    0.8064    0.5532
   -0.7465    0.4970   -0.4424
   -0.6317   -0.3205    0.7059
...    45 T-A ...
  -89.5828  -49.2225   95.3989
   -0.2529    0.9547    0.1569
   -0.7293   -0.0815   -0.6794
   -0.6358   -0.2862    0.7168
...    46 T-A ...
  -91.4937  -50.1056   97.8412
   -0.6289    0.7381   -0.2443
   -0.4429   -0.5983   -0.6678
   -0.6390   -0.3118    0.7031
...    47 A-T ...
  -93.7495  -51.5090   99.9946
   -0.7728    0.1412   -0.6187
    0.0991   -0.9361   -0.3375
   -0.6268   -0.3222    0.7094
...    48 C-G ...
  -96.0227  -51.9188  102.4181
   -0.5753   -0.3858   -0.7212
    0.5025   -0.8625    0.0605
   -0.6454   -0.3276    0.6900
...    49 T-A ...
  -98.5125  -52.8293  104.5508
   -0.1455   -0.7703   -0.6209
    0.7248   -0.5102    0.4630
   -0.6734   -0.3827    0.6325
...    50 G-C ...
 -100.7435  -54.3632  106.6102
    0.3956   -0.8628   -0.3148
    0.6548    0.0246    0.7554
   -0.6440   -0.5050    0.5747
...    51 T-A ...
 -103.0192  -56.1707  107.9952
    0.7128   -0.6936    0.1044
    0.3357    0.4681    0.8174
   -0.6158   -0.5476    0.5665
...    52 A-T ...
 -104.9388  -57.8529  110.2465
    0.7987   -0.2087    0.5644
   -0.2148    0.7773    0.5914
   -0.5621   -0.5936    0.5759
...    53 G-C ...
 -106.7249  -59.9126  112.0440
    0.5990    0.2963    0.7439
   -0.6341    0.7429    0.2147
   -0.4890   -0.6003    0.6329
...    54 G-C ...
 -107.7947  -62.3447  114.4698
    0.1409    0.7150    0.6847
   -0.8858    0.4000   -0.2354
   -0.4422   -0.5733    0.6897
...    55 T-A ...
 -108.7957  -64.2096  117.0096
   -0.3665    0.8110    0.4560
   -0.8261   -0.0582   -0.5605
   -0.4281   -0.5821    0.6913
...    56 A-T ...
 -110.0668  -66.0673  119.5610
   -0.8021    0.5971    0.0020
   -0.4165   -0.5571   -0.7184
   -0.4279   -0.5771    0.6956
...    57 T-A ...
 -111.2408  -67.4578  122.3221
   -0.9137    0.1742   -0.3672
    0.0976   -0.7829   -0.6145
   -0.3945   -0.5973    0.6983
...    58 C-G ...
 -112.7445  -69.2997  124.7609
   -0.6332   -0.3685   -0.6806
    0.6712   -0.6994   -0.2457
   -0.3855   -0.6124    0.6902
...    59 T-A ...
 -114.3584  -71.3030  126.9456
   -0.1297   -0.6545   -0.7449
    0.9080   -0.3803    0.1760
   -0.3984   -0.6535    0.6436
...    60 C-G ...
 -115.7114  -73.4923  129.1599
    0.4643   -0.7207   -0.5149
    0.8004    0.0924    0.5924
   -0.3793   -0.6871    0.6197
...    61 G-C ...
 -116.3990  -75.8193  131.5439
    0.8895   -0.3885   -0.2405
    0.4062    0.4311    0.8057
   -0.2094   -0.8144    0.5412
...    62 A-T ...
 -117.0390  -78.4751  133.4691
    0.9670   -0.0027    0.2547
   -0.2067    0.5761    0.7908
   -0.1489   -0.8174    0.5565
...    63 G-C ...
 -117.2640  -81.2922  135.2542
    0.7045    0.3671    0.6074
   -0.7057    0.4526    0.5450
   -0.0748   -0.8126    0.5779
...    64 C-G ...
 -116.9938  -84.1370  137.1814
    0.1420    0.5810    0.8014
   -0.9892    0.1136    0.0929
   -0.0371   -0.8059    0.5909
...    65 T-A ...
 -117.0285  -86.7428  139.2357
   -0.4441    0.5339    0.7195
   -0.8959   -0.2727   -0.3507
    0.0090   -0.8004    0.5994
...    66 C-G ...
 -117.0770  -89.4707  141.1260
   -0.9067    0.2204    0.3596
   -0.4204   -0.5406   -0.7287
    0.0338   -0.8119    0.5828
...    67 T-A ...
 -117.1017  -92.0146  143.3888
   -0.9852   -0.1129   -0.1293
    0.1708   -0.5706   -0.8033
    0.0169   -0.8134    0.5814
...    68 C-G ...
 -117.0369  -94.7458  145.2426
   -0.7000   -0.4152   -0.5810
    0.7133   -0.3678   -0.5966
    0.0340   -0.8321    0.5537
...    69 A-T ...
 -116.1485  -97.5058  147.0988
   -0.1336   -0.4557   -0.8801
    0.9894   -0.0104   -0.1449
    0.0569   -0.8901    0.4522
...    70 T-A ...
 -116.4179 -100.4596  148.4762
    0.3914   -0.3370   -0.8563
    0.9167    0.2240    0.3308
    0.0803   -0.9145    0.3966
...    71 G-C ...
 -116.0396 -103.7615  149.6957
    0.8399    0.0112   -0.5426
    0.5025    0.3616    0.7853
    0.2050   -0.9323    0.2981
...    72 T-A ...
 -115.4413 -107.0389  150.0263
    0.9685    0.2435   -0.0520
   -0.0178    0.2763    0.9609
    0.2483   -0.9297    0.2720
...    73 T-A ...
 -114.4852 -109.9783  150.7055
    0.7773    0.4116    0.4758
   -0.5428    0.0565    0.8380
    0.3180   -0.9096    0.2673
...    74 A-T ...
 -113.5391 -113.0391  151.9085
    0.2409    0.3581    0.9021
   -0.9007   -0.2636    0.3452
    0.3614   -0.8957    0.2590
...    75 T-A ...
 -111.6821 -115.6470  152.6635
   -0.2535    0.1333    0.9581
   -0.8848   -0.4324   -0.1740
    0.3911   -0.8918    0.2276
...    76 A-T ...
 -110.4739 -118.9524  153.0589
   -0.7484   -0.3509    0.5628
   -0.4424   -0.3681   -0.8178
    0.4942   -0.8610    0.1202
...    77 A-T ...
 -108.7212 -121.6651  153.5767
   -0.8127   -0.5806   -0.0502
    0.0818   -0.0283   -0.9962
    0.5770   -0.8137    0.0705
...    78 C-G ...
 -106.7623 -124.3931  154.4735
   -0.5958   -0.5232   -0.6094
    0.5058    0.3449   -0.7907
    0.6238   -0.7793    0.0591
...    79 G-C ...
 -104.5003 -126.7523  154.4225
   -0.2432   -0.1385   -0.9600
    0.7242    0.6325   -0.2747
    0.6453   -0.7621   -0.0535
...    80 G-C ...
 -102.4999 -129.3752  154.2408
    0.1027    0.3081   -0.9458
    0.7410    0.6106    0.2794
    0.6636   -0.7295   -0.1656
...    81 A-T ...
 -100.3005 -131.7489  153.8296
    0.4532    0.6699   -0.5881
    0.5340    0.3242    0.7808
    0.7137   -0.6679   -0.2108
...    82 G-C ...
  -98.0933 -133.8971  152.8167
    0.5726    0.8152   -0.0871
    0.2540   -0.0754    0.9643
    0.7795   -0.5743   -0.2502
...    83 G-C ...
  -95.3515 -135.4466  151.6269
    0.5101    0.7057    0.4917
   -0.0568   -0.5428    0.8379
    0.8582   -0.4554   -0.2368
...    84 G-C ...
  -92.1665 -136.3702  150.9090
    0.3044    0.3274    0.8945
   -0.2468   -0.8799    0.4060
    0.9200   -0.3444   -0.1870
...    85 A-T ...
  -88.9819 -137.1941  150.2591
    0.1087   -0.2866    0.9519
   -0.3504   -0.9071   -0.2331
    0.9303   -0.3081   -0.1991
...    86 T-A ...
  -85.7173 -137.6983  149.9313
   -0.0834   -0.7313    0.6770
   -0.3436   -0.6166   -0.7084
    0.9354   -0.2917   -0.1998
...    87 C-G ...
  -82.4433 -138.5605  149.5422
   -0.2304   -0.9706    0.0698
   -0.2338   -0.0144   -0.9722
    0.9446   -0.2403   -0.2236
...    88 C-G ...
  -79.2833 -139.3009  148.9105
   -0.3874   -0.8035   -0.4520
   -0.0810    0.5181   -0.8515
    0.9183   -0.2933   -0.2658
...    89 G-C ...
  -76.2844 -139.8836  147.6376
   -0.4402   -0.3287   -0.8356
    0.1377    0.8949   -0.4245
    0.8873   -0.3019   -0.3487
...    90 C-G ...
  -73.2548 -141.3041  146.7260
   -0.3151    0.2577   -0.9134
    0.3256    0.9334    0.1510
    0.8914   -0.2498   -0.3780
...    91 T-A ...
  -70.3489 -142.5128  145.3302
   -0.1479    0.7598   -0.6332
    0.4434    0.6232    0.6443
    0.8840   -0.1855   -0.4290
...    92 T-A ...
  -67.6692 -143.1076  143.6124
    0.0834    0.9874   -0.1346
    0.4530    0.0827    0.8877
    0.8876   -0.1350   -0.4404
...    93 T-A ...
  -64.8167 -143.3483  142.1348
    0.2417    0.8743    0.4209
    0.3576   -0.4834    0.7990
    0.9020   -0.0426   -0.4295
...    94 A-T ...
  -61.6120 -143.2913  141.0666
    0.2930    0.4225    0.8577
    0.2171   -0.9030    0.3706
    0.9311    0.0776   -0.3563
...    95 A-T ...
  -58.6512 -142.7405  139.9849
    0.3661   -0.1786    0.9133
    0.0431   -0.9771   -0.2083
    0.9296    0.1156   -0.3500
...    96 C-G ...
  -55.4995 -141.7624  139.1475
    0.3683   -0.6910    0.6219
   -0.1519   -0.7047   -0.6931
    0.9172    0.1608   -0.3645
...    97 A-T ...
  -52.3748 -141.3180  137.9758
    0.1884   -0.9798    0.0665
   -0.3520   -0.1306   -0.9268
    0.9168    0.1512   -0.3695
...    98 C-G ...
  -49.0276 -140.9045  137.4042
   -0.0254   -0.8942   -0.4469
   -0.4122    0.4166   -0.8102
    0.9107    0.1637   -0.3792
...    99 T-A ...
  -45.5322 -140.7987  136.4620
   -0.2781   -0.4952   -0.8231
   -0.3505    0.8501   -0.3930
    0.8943    0.1791   -0.4100
...   100 T-A ...
  -42.5549 -140.5471  135.1720
   -0.4222    0.0940   -0.9016
   -0.1436    0.9751    0.1689
    0.8951    0.2008   -0.3982
...   101 T-A ...
  -39.6626 -139.9882  133.8009
   -0.4750    0.6213   -0.6232
    0.1207    0.7475    0.6532
    0.8717    0.2351   -0.4301
...   102 A-T ...
  -36.8088 -138.8915  132.5007
   -0.4211    0.9028   -0.0876
    0.3861    0.2658    0.8833
    0.8207    0.3381   -0.4605
...   103 T-A ...
  -34.6415 -137.7404  130.4351
   -0.2465    0.8936    0.3751
    0.5604   -0.1843    0.8074
    0.7906    0.4093   -0.4554
...   104 G-C ...
  -32.2002 -136.0821  128.8714
    0.0608    0.5530    0.8310
    0.6324   -0.6654    0.3966
    0.7723    0.5014   -0.3902
...   105 C-G ...
  -29.8545 -133.9761  127.8050
    0.3756    0.0684    0.9243
    0.5112   -0.8471   -0.1451
    0.7730    0.5270   -0.3531
...   106 T-A ...
  -27.1816 -131.7720  127.1996
    0.6122   -0.4306    0.6632
    0.2542   -0.6870   -0.6808
    0.7487    0.5854   -0.3111
...   107 T-A ...
  -24.7743 -129.7565  126.4540
    0.6473   -0.7475    0.1488
   -0.1352   -0.3047   -0.9428
    0.7501    0.5902   -0.2983
...   108 C-G ...
  -22.1538 -127.7504  125.6680
    0.4397   -0.7652   -0.4703
   -0.5123    0.2164   -0.8311
    0.7377    0.6064   -0.2968
...   109 C-G ...
  -19.7258 -125.6782  124.8263
    0.0197   -0.5864   -0.8098
   -0.6747    0.5900   -0.4436
    0.7379    0.5551   -0.3840
...   110 G-C ...
  -17.7071 -123.6212  123.6311
   -0.4143   -0.2461   -0.8762
   -0.5915    0.8045    0.0537
    0.6917    0.5406   -0.4789
...   111 G-C ...
  -15.4579 -121.9714  121.7993
   -0.7340    0.2018   -0.6485
   -0.2533    0.8046    0.5371
    0.6302    0.5585   -0.5394
...   112 C-G ...
  -13.5329 -120.4455  119.5305
   -0.7851    0.5836   -0.2071
    0.2024    0.5579    0.8048
    0.5853    0.5900   -0.5562
...   113 T-A ...
  -11.7857 -118.5197  117.4636
   -0.6014    0.7431    0.2934
    0.6032    0.1815    0.7767
    0.5239    0.6440   -0.5574
...   114 C-G ...
  -10.1559 -116.1531  115.8704
   -0.1606    0.6810    0.7144
    0.8746   -0.2373    0.4228
    0.4574    0.6927   -0.5576
...   115 G-C ...
   -8.2292 -113.9273  114.3067
    0.3558    0.3618    0.8617
    0.8252   -0.5545   -0.1079
    0.4387    0.7495   -0.4958
...   116 T-A ...
   -7.1110 -110.9700  113.1930
    0.7304   -0.0232    0.6826
    0.5084   -0.6490   -0.5660
    0.4561    0.7605   -0.4622
...   117 A-T ...
   -5.6350 -108.1255  112.0261
    0.8737   -0.4306    0.2263
   -0.0142   -0.4876   -0.8730
    0.4862    0.7595   -0.4321
...   118 T-A ...
   -3.9604 -105.4002  111.2867
    0.7534   -0.6009   -0.2672
   -0.4659   -0.2009   -0.8617
    0.4641    0.7737   -0.4313
...   119 A-T ...
   -2.6794 -102.6601  109.6382
    0.2758   -0.5633   -0.7789
   -0.8519    0.2321   -0.4695
    0.4453    0.7930   -0.4158
...   120 A-T ...
   -0.9598 -100.2018  108.3836
   -0.2720   -0.3421   -0.8994
   -0.8580    0.5094    0.0657
    0.4357    0.7896   -0.4321
...   121 T-A ...
    0.9383  -97.9873  106.7728
   -0.6847   -0.0244   -0.7284
   -0.5870    0.6108    0.5314
    0.4319    0.7914   -0.4325
...   122 G-C ...
    2.3501  -95.2724  105.1357
   -0.9369    0.2729   -0.2185
   -0.0497    0.5147    0.8560
    0.3460    0.8128   -0.4686
...   123 T-A ...
    3.2478  -92.7971  103.1861
   -0.8370    0.4805    0.2617
    0.4405    0.3080    0.8433
    0.3246    0.8211   -0.4694
...   124 G-C ...
    4.1743  -89.9635  101.6290
   -0.4386    0.5094    0.7404
    0.8603   -0.0002    0.5097
    0.2598    0.8605   -0.4382
...   125 T-A ...
    4.5150  -87.1570  100.0825
    0.0700    0.3965    0.9153
    0.9660   -0.2560    0.0370
    0.2490    0.8816   -0.4010
...   126 C-G ...
    5.2629  -84.2896   98.9289
    0.6311    0.1743    0.7559
    0.7402   -0.4270   -0.5195
    0.2322    0.8873   -0.3985
...   127 G-C ...
    6.4680  -81.6114   97.3553
    0.8965   -0.1937    0.3985
    0.2903   -0.4227   -0.8585
    0.3347    0.8853   -0.3227
...   128 A-T ...
    7.4094  -78.7483   96.3464
    0.8926   -0.4105   -0.1863
   -0.3037   -0.2421   -0.9215
    0.3332    0.8791   -0.3408
...   129 C-G ...
    8.8357  -75.7891   95.9424
    0.5759   -0.5137   -0.6359
   -0.7321    0.0221   -0.6808
    0.3638    0.8577   -0.3634
...   130 C-G ...
   10.5838  -73.1252   94.7230
    0.0549   -0.5117   -0.8574
   -0.9119    0.3241   -0.2519
    0.4068    0.7957   -0.4488
...   131 A-T ...
   11.2174  -70.1898   93.1206
   -0.5263   -0.2987   -0.7961
   -0.7628    0.5795    0.2869
    0.3756    0.7583   -0.5328
...   132 A-T ...
   12.4675  -67.8232   91.2197
   -0.8743    0.0865   -0.4777
   -0.3110    0.6557    0.6880
    0.3727    0.7501   -0.5464
...   133 A-T ...
   13.7469  -65.6245   89.1391
   -0.8703    0.4925    0.0020
    0.2668    0.4680    0.8425
    0.4140    0.7338   -0.5387
...   134 T-A ...
   14.7384  -63.4257   86.8198
   -0.5923    0.6747    0.4404
    0.6886    0.1401    0.7115
    0.4183    0.7247   -0.5475
...   135 G-C ...
   15.7317  -61.4927   83.9329
    0.0341    0.7400    0.6717
    0.8636   -0.3601    0.3528
    0.5030    0.5681   -0.6514
...   136 T-A ...
   15.7848  -59.5603   80.7991
    0.5517    0.4998    0.6677
    0.6739   -0.7388   -0.0038
    0.4914    0.4520   -0.7444
...   137 G-C ...
   16.8385  -57.7217   78.2674
    0.8528   -0.0848    0.5153
    0.1507   -0.9048   -0.3983
    0.5000    0.4173   -0.7588
...   138 A-T ...
   18.4282  -55.5285   76.5297
    0.8547   -0.5006    0.1371
   -0.3188   -0.7148   -0.6224
    0.4096    0.4883   -0.7706
...   139 G-C ...
   20.4259  -54.3092   74.5418
    0.5847   -0.7389   -0.3347
   -0.7593   -0.3533   -0.5465
    0.2856    0.5737   -0.7676
...   140 C-G ...
   21.4269  -51.8264   72.7874
    0.1304   -0.7144   -0.6875
   -0.8897    0.2216   -0.3991
    0.4375    0.6637   -0.6067
...   141 G-C ...
   22.1521  -50.1493   67.4638
   -0.4682   -0.8748    0.1248
   -0.8494    0.4066   -0.3364
    0.2435   -0.2635   -0.9334
...   142 C-G ...
   22.3488  -51.2412   64.4932
   -0.8528   -0.5119   -0.1032
   -0.4975    0.8565   -0.1374
    0.1587   -0.0659   -0.9851
...   143 T-A ...
   24.0166  -51.6377   61.9246
   -0.9562    0.0401   -0.2898
    0.0524    0.9980   -0.0348
    0.2878   -0.0485   -0.9565
...   144 C-G ...
   24.8957  -52.7394   58.9871
   -0.7529    0.5560   -0.3520
    0.5214    0.8304    0.1965
    0.4016   -0.0356   -0.9151
...   145 A-T ...
   25.5275  -52.9802   55.8051
   -0.2442    0.9563   -0.1610
    0.8906    0.2869    0.3528
    0.3836   -0.0573   -0.9217
...   146 C-G ...
   25.2777  -52.5121   52.0794
    0.3204    0.9427   -0.0929
    0.8825   -0.2614    0.3909
    0.3443   -0.2072   -0.9157
...   147 A-T ...
   25.6238  -52.5938   48.6394
    0.8597    0.5097    0.0339
    0.4496   -0.7865    0.4233
    0.2424   -0.3487   -0.9053
