  147 base-pairs
...     1 T-A ...
    0.0000    0.0000    0.0000
    1.0000    0.0000    0.0000
    0.0000    1.0000    0.0000
    0.0000    0.0000    1.0000
...     2 G-C ...
   -0.5555   -1.1003    3.3981
    0.7749    0.6051    0.1828
   -0.5991    0.7953   -0.0929
   -0.2016   -0.0375    0.9787
...     3 T-A ...
   -0.6619   -3.0237    6.5348
    0.3046    0.9250    0.2271
   -0.8994    0.3578   -0.2510
   -0.3134   -0.1278    0.9410
...     4 G-C ...
   -1.1607   -3.8418    9.6940
   -0.3351    0.9421    0.0133
   -0.8752   -0.3061   -0.3746
   -0.3489   -0.1372    0.9271
...     5 A-T ...
   -1.3881   -3.6770   12.8999
   -0.7835    0.6162   -0.0801
   -0.5677   -0.7622   -0.3109
   -0.2527   -0.1981    0.9470
...     6 G-C ...
   -2.6236   -3.5448   15.7072
   -0.9923    0.0611   -0.1075
   -0.0294   -0.9610   -0.2748
   -0.1201   -0.2695    0.9555
...     7 C-G ...
   -2.3138   -3.7570   18.8866
   -0.8620   -0.4995   -0.0864
    0.5008   -0.8655    0.0073
   -0.0785   -0.0370    0.9962
...     8 G-C ...
   -3.9561   -6.8109   23.3205
   -0.2581   -0.3560   -0.8981
    0.6294   -0.7673    0.1233
   -0.7330   -0.5335    0.4221
...     9 C-G ...
   -6.1177   -8.9414   24.2385
    0.1143   -0.7320   -0.6716
    0.8123   -0.3203    0.4874
   -0.5720   -0.6013    0.5580
...    10 T-A ...
   -8.5041   -9.6771   26.0540
    0.4660   -0.8587   -0.2131
    0.6274    0.1508    0.7640
   -0.6239   -0.4897    0.6090
...    11 C-G ...
  -11.0625  -11.3174   27.2336
    0.6660   -0.6911    0.2808
    0.3382    0.6152    0.7121
   -0.6649   -0.3794    0.6435
...    12 A-T ...
  -13.0013  -13.1789   29.0658
    0.7188   -0.1490    0.6790
   -0.1787    0.9043    0.3876
   -0.6718   -0.4000    0.6235
...    13 C-G ...
  -14.1788  -15.9359   31.3399
    0.4052    0.2865    0.8682
   -0.5270    0.8492   -0.0343
   -0.7470   -0.4437    0.4951
...    14 A-T ...
  -15.9532  -18.1566   33.3080
   -0.1503    0.6873    0.7107
   -0.6106    0.5008   -0.6135
   -0.7776   -0.5261    0.3444
...    15 A-T ...
  -18.5040  -19.7806   34.4985
   -0.4440    0.8757    0.1899
   -0.4127   -0.0118   -0.9108
   -0.7953   -0.4828    0.3666
...    16 T-A ...
  -20.9151  -21.1931   36.4098
   -0.6206    0.7091   -0.3347
   -0.0958   -0.4922   -0.8652
   -0.7782   -0.5049    0.3734
...    17 T-A ...
  -23.4639  -22.5806   37.9515
   -0.5831    0.2578   -0.7704
    0.2915   -0.8188   -0.4946
   -0.7583   -0.5130    0.4022
...    18 T-A ...
  -26.0624  -24.0180   39.3403
   -0.3146   -0.2810   -0.9067
    0.5750   -0.8164    0.0535
   -0.7553   -0.5045    0.4184
...    19 A-T ...
  -28.5089  -25.8988   40.9806
    0.1163   -0.8042   -0.5829
    0.6432   -0.3862    0.6611
   -0.7568   -0.4518    0.4724
...    20 T-A ...
  -31.4396  -27.1231   42.0657
    0.4066   -0.9080   -0.1009
    0.4921    0.1246    0.8616
   -0.7697   -0.4000    0.4975
...    21 T-A ...
  -34.0764  -28.4555   43.4407
    0.5834   -0.6637    0.4681
    0.1479    0.6535    0.7424
   -0.7986   -0.3639    0.4794
...    22 C-G ...
  -36.7449  -29.6040   45.0235
    0.5718   -0.1243    0.8109
   -0.2373    0.9211    0.3085
   -0.7853   -0.3688    0.4972
...    23 G-C ...
  -39.6409  -30.1970   46.7340
    0.4643    0.4687    0.7515
   -0.5181    0.8319   -0.1988
   -0.7184   -0.2970    0.6291
...    24 C-G ...
  -41.7660  -31.4656   48.8950
    0.1667    0.8540    0.4929
   -0.6786    0.4620   -0.5710
   -0.7153   -0.2393    0.6565
...    25 A-T ...
  -44.4786  -32.1085   50.7351
   -0.1943    0.9809   -0.0005
   -0.6564   -0.1304   -0.7430
   -0.7289   -0.1441    0.6692
...    26 A-T ...
  -46.8308  -32.3962   53.0069
   -0.5206    0.7264   -0.4487
   -0.4347   -0.6778   -0.5930
   -0.7349   -0.1136    0.6686
...    27 A-T ...
  -49.0959  -32.4661   55.3572
   -0.6799    0.1920   -0.7077
   -0.0492   -0.9749   -0.2173
   -0.7316   -0.1129    0.6723
...    28 G-C ...
  -51.7004  -32.3344   57.5389
   -0.5576   -0.3644   -0.7459
    0.3080   -0.9252    0.2218
   -0.7709   -0.1060    0.6281
...    29 G-C ...
  -54.5899  -32.5023   59.4464
   -0.2274   -0.8335   -0.5035
    0.5582   -0.5353    0.6339
   -0.7979   -0.1369    0.5870
...    30 C-G ...
  -57.4367  -32.9337   61.0569
    0.1614   -0.9842   -0.0732
    0.5729    0.0331    0.8189
   -0.8036   -0.1741    0.5692
...    31 C-G ...
  -60.3224  -33.4178   62.7660
    0.5026   -0.7796    0.3737
    0.3723    0.5853    0.7203
   -0.7802   -0.2229    0.5844
...    32 G-C ...
  -62.6284  -33.8239   64.8447
    0.6927   -0.3235    0.6446
    0.0337    0.9073    0.4190
   -0.7205   -0.2685    0.6394
...    33 G-C ...
  -64.8146  -34.9146   67.1539
    0.6334    0.2685    0.7258
   -0.3772    0.9260   -0.0133
   -0.6757   -0.2653    0.6878
...    34 C-G ...
  -66.8251  -36.0387   69.5027
    0.3401    0.7600    0.5538
   -0.6745    0.6076   -0.4195
   -0.6553   -0.2309    0.7192
...    35 C-G ...
  -68.7422  -36.5873   72.2770
   -0.0632    0.9837    0.1685
   -0.7630    0.0612   -0.6435
   -0.6433   -0.1693    0.7466
...    36 C-G ...
  -70.7630  -36.8885   74.9783
   -0.4569    0.8469   -0.2721
   -0.6171   -0.5221   -0.5887
   -0.6407   -0.1011    0.7611
...    37 G-C ...
  -73.2532  -37.9779   77.0889
   -0.6807    0.4009   -0.6131
   -0.2457   -0.9134   -0.3245
   -0.6901   -0.0702    0.7203
...    38 A-T ...
  -75.4001  -38.1619   79.4408
   -0.6897   -0.2227   -0.6890
    0.2159   -0.9715    0.0979
   -0.6912   -0.0812    0.7181
...    39 C-G ...
  -77.9087  -38.0550   81.4621
   -0.4396   -0.7005   -0.5622
    0.5376   -0.7066    0.4600
   -0.7195   -0.1001    0.6872
...    40 A-T ...
  -80.4145  -38.5068   83.6930
    0.0218   -0.9740   -0.2255
    0.6830   -0.1502    0.7148
   -0.7301   -0.1696    0.6620
...    41 C-G ...
  -83.0847  -39.3544   85.4703
    0.4122   -0.8975    0.1571
    0.5573    0.3847    0.7358
   -0.7208   -0.2158    0.6587
...    42 G-C ...
  -85.2061  -39.8294   88.0198
    0.7107   -0.4680    0.5253
    0.1725    0.8398    0.5147
   -0.6820   -0.2752    0.6776
...    43 A-T ...
  -87.4309  -40.7283   90.1200
    0.6739    0.1277    0.7277
   -0.2811    0.9552    0.0927
   -0.6832   -0.2671    0.6796
...    44 C-G ...
  -89.3668  -42.1699   92.3857
    0.4414    0.6372    0.6318
   -0.6176    0.7265   -0.3012
   -0.6509   -0.2573    0.7142
...    45 T-A ...
  -91.1590  -43.3338   95.3049
    0.0192    0.9501    0.3113
   -0.7661    0.2140   -0.6060
   -0.6424   -0.2269    0.7320
...    46 T-A ...
  -93.0357  -44.0983   97.8196
   -0.4138    0.9082   -0.0619
   -0.6389   -0.3382   -0.6910
   -0.6485   -0.2464    0.7202
...    47 A-T ...
  -95.4207  -45.1426  100.0103
   -0.7390    0.4593   -0.4929
   -0.2060   -0.8506   -0.4837
   -0.6414   -0.2559    0.7232
...    48 C-G ...
  -97.5516  -45.3220  102.5917
   -0.7193   -0.0710   -0.6911
    0.2256   -0.9647   -0.1356
   -0.6571   -0.2534    0.7099
...    49 T-A ...
 -100.0243  -45.8477  104.8607
   -0.4235   -0.5665   -0.7069
    0.5719   -0.7724    0.2763
   -0.7025   -0.2873    0.6511
...    50 G-C ...
 -102.4527  -47.0259  106.9208
    0.0798   -0.8608   -0.5027
    0.6989   -0.3112    0.6440
   -0.7107   -0.4027    0.5767
...    51 T-A ...
 -105.0466  -48.3137  108.3217
    0.4687   -0.8731   -0.1343
    0.5502    0.1696    0.8176
   -0.6911   -0.4571    0.5598
...    52 A-T ...
 -107.1904  -50.0335  110.2473
    0.7794   -0.5448    0.3093
    0.1352    0.6284    0.7661
   -0.6117   -0.5553    0.5634
...    53 G-C ...
 -109.2296  -51.9497  111.9097
    0.7919   -0.0735    0.6062
   -0.3176    0.7983    0.5118
   -0.5215   -0.5978    0.6088
...    54 G-C ...
 -110.5091  -54.5911  113.9926
    0.5024    0.4451    0.7413
   -0.7393    0.6657    0.1014
   -0.4483   -0.5990    0.6635
...    55 T-A ...
 -111.4680  -56.7131  116.3234
    0.0290    0.7286    0.6843
   -0.9033    0.3122   -0.2941
   -0.4280   -0.6097    0.6672
...    56 A-T ...
 -112.6226  -58.7358  118.7957
   -0.5313    0.7680    0.3575
   -0.7390   -0.2139   -0.6388
   -0.4141   -0.6037    0.6812
...    57 T-A ...
 -113.4665  -60.4432  121.5099
   -0.8637    0.5039   -0.0136
   -0.3297   -0.5851   -0.7410
   -0.3813   -0.6354    0.6714
...    58 C-G ...
 -114.8044  -62.3819  123.9442
   -0.8798    0.0096   -0.4752
    0.3053   -0.7549   -0.5805
   -0.3643   -0.6558    0.6612
...    59 T-A ...
 -116.3392  -64.3981  126.1877
   -0.5493   -0.3706   -0.7490
    0.7393   -0.6334   -0.2288
   -0.3896   -0.6794    0.6218
...    60 C-G ...
 -117.6904  -66.6184  128.4203
    0.0197   -0.6449   -0.7640
    0.9309   -0.2670    0.2494
   -0.3649   -0.7161    0.5950
...    61 G-C ...
 -118.3484  -69.2100  130.4638
    0.5747   -0.5010   -0.6471
    0.7791    0.0932    0.6199
   -0.2503   -0.8604    0.4439
...    62 A-T ...
 -119.1108  -71.9588  132.1104
    0.9377   -0.2731   -0.2148
    0.3106    0.3823    0.8703
   -0.1556   -0.8828    0.4433
...    63 G-C ...
 -119.3024  -75.1832  133.0620
    0.9679    0.0793    0.2386
   -0.2493    0.4258    0.8698
   -0.0327   -0.9013    0.4319
...    64 T-A ...
 -118.8061  -78.2661  134.0660
    0.6822    0.3566    0.6383
   -0.7302    0.2882    0.6194
    0.0370   -0.8887    0.4570
...    65 C-G ...
 -118.2699  -80.9909  135.7488
    0.1368    0.4756    0.8690
   -0.9858   -0.0205    0.1664
    0.0969   -0.8794    0.4660
...    66 A-T ...
 -117.8507  -83.9715  137.2702
   -0.4508    0.4425    0.7752
   -0.8817   -0.3562   -0.3094
    0.1392   -0.8230    0.5508
...    67 T-A ...
 -117.0354  -86.3973  139.3617
   -0.8480    0.1786    0.4989
   -0.5085   -0.5392   -0.6713
    0.1491   -0.8230    0.5481
...    68 G-C ...
 -116.3442  -89.1233  141.2856
   -0.9748   -0.2203   -0.0358
    0.1436   -0.4959   -0.8564
    0.1709   -0.8400    0.5150
...    69 T-A ...
 -115.8709  -91.6740  143.5145
   -0.7096   -0.4912   -0.5052
    0.6681   -0.2411   -0.7039
    0.2240   -0.8370    0.4993
...    70 T-A ...
 -115.2608  -94.2985  145.2582
   -0.1810   -0.5226   -0.8332
    0.9497    0.1273   -0.2862
    0.2556   -0.8431    0.4732
...    71 A-T ...
 -114.1207  -97.0671  146.8020
    0.4108   -0.2667   -0.8719
    0.8594    0.4327    0.2725
    0.3046   -0.8612    0.4069
...    72 T-A ...
 -113.6429 -100.1528  147.7247
    0.7850    0.0322   -0.6186
    0.5197    0.5093    0.6860
    0.3371   -0.8600    0.3831
...    73 A-T ...
 -112.2839 -102.8518  149.1007
    0.8891    0.4292   -0.1588
   -0.0025    0.3517    0.9361
    0.4576   -0.8319    0.3138
...    74 A-T ...
 -110.6268 -105.4347  149.8530
    0.6994    0.6060    0.3790
   -0.4746   -0.0028    0.8802
    0.5344   -0.7955    0.2857
...    75 C-G ...
 -108.2378 -107.8368  150.3647
    0.3049    0.5002    0.8105
   -0.7674   -0.3750    0.5201
    0.5641   -0.7805    0.2695
...    76 G-C ...
 -106.4885 -110.3717  151.5914
   -0.2334    0.1180    0.9652
   -0.7276   -0.6797   -0.0928
    0.6451   -0.7239    0.2445
...    77 G-C ...
 -104.3652 -112.6646  152.6966
   -0.6296   -0.2442    0.7376
   -0.4469   -0.6628   -0.6009
    0.6356   -0.7079    0.3081
...    78 A-T ...
 -102.2684 -114.9022  153.8274
   -0.7772   -0.5923    0.2123
    0.0246   -0.3658   -0.9304
    0.6288   -0.7179    0.2989
...    79 C-G ...
 -100.3518 -117.1548  155.3743
   -0.6418   -0.6868   -0.3411
    0.4429    0.0311   -0.8961
    0.6261   -0.7261    0.2842
...    80 T-A ...
  -98.3363 -119.5754  156.6251
   -0.3304   -0.4880   -0.8079
    0.6998    0.4477   -0.5566
    0.6334   -0.7492    0.1936
...    81 C-G ...
  -96.1685 -122.1270  157.5542
    0.1176   -0.0776   -0.9900
    0.7254    0.6876    0.0323
    0.6782   -0.7219    0.1372
...    82 G-C ...
  -93.4959 -124.0091  157.8779
    0.4104    0.3989   -0.8200
    0.5550    0.6043    0.5717
    0.7236   -0.6897    0.0266
...    83 G-C ...
  -91.0585 -126.2881  157.7252
    0.5637    0.7496   -0.3469
    0.2292    0.2616    0.9376
    0.7935   -0.6080   -0.0244
...    84 G-C ...
  -88.1591 -127.9626  157.1994
    0.4944    0.8360    0.2382
   -0.0524   -0.2448    0.9681
    0.8677   -0.4911   -0.0772
...    85 A-T ...
  -85.1758 -129.3752  156.7306
    0.3485    0.5213    0.7790
   -0.3033   -0.7237    0.6199
    0.8869   -0.4523   -0.0941
...    86 T-A ...
  -82.0275 -130.2755  156.2372
    0.1302    0.0507    0.9902
   -0.4218   -0.9010    0.1016
    0.8973   -0.4309   -0.0959
...    87 C-G ...
  -78.8130 -131.4351  156.0448
   -0.1180   -0.5550    0.8234
   -0.4066   -0.7295   -0.5500
    0.9059   -0.3997   -0.1396
...    88 C-G ...
  -75.7811 -132.8096  155.8679
   -0.3538   -0.8540    0.3815
   -0.2542   -0.3048   -0.9179
    0.9001   -0.4217   -0.1092
...    89 G-C ...
  -72.9057 -134.1854  154.9637
   -0.4658   -0.8472   -0.2555
   -0.0084    0.2929   -0.9561
    0.8848   -0.4432   -0.1436
...    90 C-G ...
  -69.7727 -135.7062  154.9406
   -0.4064   -0.5033   -0.7626
    0.2168    0.7577   -0.6156
    0.8876   -0.4155   -0.1988
...    91 T-A ...
  -66.7553 -137.3631  154.5959
   -0.2745    0.0608   -0.9597
    0.3875    0.9204   -0.0525
    0.8801   -0.3863   -0.2762
...    92 T-A ...
  -64.0795 -138.8373  153.5170
   -0.0498    0.5963   -0.8012
    0.4666    0.7232    0.5092
    0.8831   -0.3485   -0.3142
...    93 T-A ...
  -61.2242 -139.8154  152.3766
    0.1186    0.9338   -0.3377
    0.4390    0.2557    0.8614
    0.8906   -0.2504   -0.3795
...    94 A-T ...
  -58.0634 -140.1167  151.0770
    0.1539    0.9353    0.3187
    0.3735   -0.3537    0.8575
    0.9148   -0.0130   -0.4038
...    95 A-T ...
  -55.2172 -139.8221  149.6883
    0.3063    0.5584    0.7709
    0.2713   -0.8275    0.4916
    0.9125    0.0586   -0.4050
...    96 C-G ...
  -52.2776 -138.9335  148.2242
    0.4379   -0.0044    0.8990
    0.0798   -0.9958   -0.0438
    0.8955    0.0909   -0.4358
...    97 A-T ...
  -49.1179 -138.6634  146.9691
    0.3849   -0.6283    0.6761
   -0.1943   -0.7713   -0.6061
    0.9023    0.1019   -0.4190
...    98 C-G ...
  -45.8604 -137.9184  146.1492
    0.2298   -0.9483    0.2189
   -0.3775   -0.2942   -0.8780
    0.8970    0.1191   -0.4256
...    99 T-A ...
  -42.3388 -137.4561  145.2948
   -0.0227   -0.9378   -0.3465
   -0.4644    0.3168   -0.8270
    0.8853    0.1422   -0.4427
...   100 T-A ...
  -39.3041 -137.1354  144.1136
   -0.2551   -0.5521   -0.7938
   -0.3831    0.8115   -0.4413
    0.8878    0.1915   -0.4186
...   101 T-A ...
  -36.3319 -136.6313  142.8223
   -0.4449    0.0282   -0.8952
   -0.1764    0.9772    0.1185
    0.8781    0.2106   -0.4297
...   102 A-T ...
  -33.4405 -135.4920  141.4766
   -0.5209    0.6125   -0.5945
    0.1323    0.7460    0.6527
    0.8433    0.2613   -0.4697
...   103 T-A ...
  -31.0727 -134.9399  139.3978
   -0.4556    0.8746   -0.1658
    0.3805    0.3597    0.8520
    0.8048    0.3251   -0.4966
...   104 G-C ...
  -28.5953 -133.6751  137.5424
   -0.2157    0.8721    0.4392
    0.6142   -0.2285    0.7554
    0.7591    0.4327   -0.4863
...   105 C-G ...
  -26.4149 -131.7766  135.9041
    0.1296    0.5706    0.8109
    0.6507   -0.6660    0.3647
    0.7482    0.4804   -0.4576
...   106 T-A ...
  -24.0019 -129.4753  134.7126
    0.4942    0.0710    0.8664
    0.5101   -0.8307   -0.2229
    0.7039    0.5521   -0.4468
...   107 T-A ...
  -21.7923 -127.4638  133.4835
    0.6971   -0.4295    0.5741
    0.1458   -0.6991   -0.7000
    0.7020    0.5717   -0.4247
...   108 C-G ...
  -19.3637 -125.4034  132.2449
    0.6565   -0.7542   -0.0148
   -0.3311   -0.2705   -0.9040
    0.6778    0.5984   -0.4273
...   109 C-G ...
  -17.0937 -123.3948  130.9130
    0.3084   -0.8222   -0.4784
   -0.6374    0.1947   -0.7455
    0.7061    0.5348   -0.4640
...   110 G-C ...
  -15.2468 -121.4272  129.2909
   -0.1481   -0.6274   -0.7645
   -0.7129    0.6035   -0.3572
    0.6855    0.4921   -0.5366
...   111 G-C ...
  -12.9255 -119.9192  127.3992
   -0.5846   -0.2013   -0.7859
   -0.5044    0.8489    0.1578
    0.6354    0.4887   -0.5978
...   112 C-G ...
  -10.7594 -118.7496  125.1382
   -0.8030    0.2898   -0.5208
   -0.0846    0.8095    0.5810
    0.5900    0.5106   -0.6255
...   113 T-A ...
   -8.9185 -117.1374  122.8726
   -0.7649    0.6402   -0.0711
    0.3759    0.5333    0.7578
    0.5230    0.5529   -0.6486
...   114 C-G ...
   -7.3151 -115.0631  120.8500
   -0.4144    0.8060    0.4228
    0.7863    0.0831    0.6123
    0.4583    0.5861   -0.6682
...   115 G-C ...
   -5.4195 -112.9985  119.0044
    0.1068    0.6435    0.7580
    0.9016   -0.3842    0.1991
    0.4193    0.6621   -0.6212
...   116 T-A ...
   -4.5822 -110.2023  117.2774
    0.5709    0.2948    0.7663
    0.6991   -0.6639   -0.2654
    0.4305    0.6872   -0.5851
...   117 A-T ...
   -3.2702 -107.5439  115.5820
    0.8638   -0.1933    0.4653
    0.2218   -0.6834   -0.6955
    0.4525    0.7040   -0.5475
...   118 T-A ...
   -1.8564 -104.8140  114.3746
    0.8629   -0.5053    0.0122
   -0.2689   -0.4794   -0.8354
    0.4280    0.7175   -0.5495
...   119 A-T ...
   -0.7356 -102.2883  112.2270
    0.4604   -0.6446   -0.6103
   -0.8044   -0.0122   -0.5940
    0.3754    0.7644   -0.5241
...   120 A-T ...
    0.7519  -99.8180  110.7059
   -0.0988   -0.5282   -0.8434
   -0.9250    0.3612   -0.1178
    0.3668    0.7685   -0.5243
...   121 T-A ...
    2.5035  -97.6000  108.9221
   -0.5786   -0.2453   -0.7779
   -0.7291    0.5830    0.3585
    0.3656    0.7745   -0.5161
...   122 G-C ...
    3.7174  -94.9089  107.0830
   -0.9329    0.1111   -0.3426
   -0.2071    0.6126    0.7628
    0.2946    0.7825   -0.5485
...   123 T-A ...
    4.5767  -92.5983  104.8931
   -0.9065    0.4037    0.1236
    0.3177    0.4592    0.8296
    0.2782    0.7913   -0.5445
...   124 G-C ...
    5.4096  -89.8618  103.0727
   -0.5468    0.5430    0.6373
    0.8097    0.1493    0.5675
    0.2130    0.8264   -0.5213
...   125 T-A ...
    5.6250  -87.2220  101.2419
   -0.0375    0.5000    0.8652
    0.9792   -0.1543    0.1317
    0.1994    0.8521   -0.4839
...   126 C-G ...
    6.2092  -84.4308   99.8065
    0.5586    0.3117    0.7686
    0.8086   -0.4110   -0.4210
    0.1847    0.8567   -0.4817
...   127 G-C ...
    7.3312  -81.8171   97.9989
    0.8851   -0.0836    0.4578
    0.3674   -0.4782   -0.7977
    0.2856    0.8743   -0.3925
...   128 A-T ...
    8.1390  -78.9851   96.7627
    0.9274   -0.3570   -0.1120
   -0.2418   -0.3434   -0.9075
    0.2855    0.8687   -0.4048
...   129 C-G ...
    9.3590  -75.9602   96.1715
    0.6346   -0.5218   -0.5701
   -0.7035   -0.0845   -0.7057
    0.3201    0.8488   -0.4207
...   130 C-G ...
   10.9195  -73.2552   94.7889
    0.1108   -0.5625   -0.8193
   -0.9220    0.2495   -0.2960
    0.3710    0.7882   -0.4910
...   131 A-T ...
   11.3068  -70.2481   93.1302
   -0.5048   -0.3312   -0.7972
   -0.7863    0.5575    0.2663
    0.3562    0.7613   -0.5418
...   132 A-T ...
   12.4969  -67.8560   91.2109
   -0.8720    0.0665   -0.4849
   -0.3293    0.6531    0.6819
    0.3621    0.7543   -0.5477
...   133 A-T ...
   13.7541  -65.6412   89.1369
   -0.8762    0.4818   -0.0045
    0.2562    0.4738    0.8425
    0.4081    0.7371   -0.5386
...   134 T-A ...
   14.7385  -63.4258   86.8200
   -0.5923    0.6747    0.4404
    0.6886    0.1401    0.7115
    0.4183    0.7247   -0.5475
...   135 G-C ...
   15.7318  -61.4928   83.9331
    0.0341    0.7400    0.6717
    0.8636   -0.3601    0.3528
    0.5030    0.5681   -0.6514
...   136 T-A ...
   15.7849  -59.5604   80.7993
    0.5517    0.4998    0.6677
    0.6739   -0.7388   -0.0038
    0.4915    0.4520   -0.7444
...   137 G-C ...
   16.8386  -57.7219   78.2676
    0.8528   -0.0848    0.5153
    0.1507   -0.9048   -0.3983
    0.5000    0.4173   -0.7588
...   138 A-T ...
   18.4283  -55.5287   76.5300
    0.8547   -0.5006    0.1371
   -0.3188   -0.7148   -0.6224
    0.4096    0.4883   -0.7706
...   139 G-C ...
   20.4260  -54.3093   74.5420
    0.5847   -0.7389   -0.3347
   -0.7593   -0.3533   -0.5465
    0.2856    0.5737   -0.7676
...   140 C-G ...
   21.4271  -51.8266   72.7876
    0.1304   -0.7144   -0.6875
   -0.8897    0.2216   -0.3991
    0.4375    0.6637   -0.6067
...   141 G-C ...
   22.1522  -50.1494   67.4641
   -0.4682   -0.8748    0.1248
   -0.8494    0.4066   -0.3364
    0.2435   -0.2635   -0.9334
...   142 C-G ...
   22.3490  -51.2413   64.4934
   -0.8528   -0.5119   -0.1032
   -0.4975    0.8565   -0.1374
    0.1587   -0.0659   -0.9851
...   143 T-A ...
   24.0167  -51.6378   61.9249
   -0.9562    0.0401   -0.2898
    0.0524    0.9980   -0.0348
    0.2878   -0.0485   -0.9564
...   144 C-G ...
   24.8959  -52.7395   58.9874
   -0.7529    0.5560   -0.3520
    0.5214    0.8304    0.1965
    0.4016   -0.0356   -0.9151
...   145 A-T ...
   25.5277  -52.9803   55.8054
   -0.2442    0.9563   -0.1610
    0.8906    0.2869    0.3528
    0.3836   -0.0573   -0.9217
...   146 C-G ...
   25.2779  -52.5122   52.0797
    0.3204    0.9427   -0.0929
    0.8825   -0.2614    0.3909
    0.3443   -0.2072   -0.9157
...   147 A-T ...
   25.6240  -52.5940   48.6396
    0.8597    0.5097    0.0339
    0.4496   -0.7865    0.4233
    0.2424   -0.3487   -0.9053
