  147 base-pairs
...     1 T-A ...
    0.0000    0.0000    0.0000
    1.0000    0.0000    0.0000
    0.0000    1.0000    0.0000
    0.0000    0.0000    1.0000
...     2 G-C ...
   -0.5555   -1.1003    3.3981
    0.7749    0.6051    0.1828
   -0.5991    0.7953   -0.0929
   -0.2016   -0.0375    0.9787
...     3 T-A ...
   -0.6619   -3.0237    6.5348
    0.3046    0.9250    0.2271
   -0.8994    0.3578   -0.2510
   -0.3134   -0.1278    0.9410
...     4 G-C ...
   -1.1607   -3.8418    9.6940
   -0.3351    0.9421    0.0133
   -0.8752   -0.3061   -0.3746
   -0.3489   -0.1372    0.9271
...     5 A-T ...
   -1.3881   -3.6770   12.8999
   -0.7835    0.6162   -0.0801
   -0.5677   -0.7622   -0.3109
   -0.2527   -0.1981    0.9470
...     6 G-C ...
   -2.6236   -3.5448   15.7072
   -0.9923    0.0611   -0.1075
   -0.0294   -0.9610   -0.2748
   -0.1201   -0.2695    0.9555
...     7 C-G ...
   -2.3138   -3.7570   18.8866
   -0.8620   -0.4995   -0.0864
    0.5008   -0.8655    0.0073
   -0.0785   -0.0370    0.9962
...     8 G-C ...
   -3.9561   -6.8109   23.3205
   -0.2581   -0.3560   -0.8981
    0.6294   -0.7673    0.1233
   -0.7330   -0.5335    0.4221
...     9 C-G ...
   -6.1177   -8.9414   24.2385
    0.1143   -0.7320   -0.6716
    0.8123   -0.3203    0.4874
   -0.5720   -0.6013    0.5580
...    10 T-A ...
   -8.5041   -9.6771   26.0540
    0.4660   -0.8587   -0.2131
    0.6274    0.1508    0.7640
   -0.6239   -0.4897    0.6090
...    11 C-G ...
  -11.0625  -11.3174   27.2336
    0.6660   -0.6911    0.2808
    0.3382    0.6152    0.7121
   -0.6649   -0.3794    0.6435
...    12 A-T ...
  -13.0013  -13.1789   29.0658
    0.7188   -0.1490    0.6790
   -0.1787    0.9043    0.3876
   -0.6718   -0.4000    0.6235
...    13 C-G ...
  -14.1788  -15.9359   31.3399
    0.4052    0.2865    0.8682
   -0.5270    0.8492   -0.0343
   -0.7470   -0.4437    0.4951
...    14 A-T ...
  -15.9532  -18.1566   33.3080
   -0.1503    0.6873    0.7107
   -0.6106    0.5008   -0.6135
   -0.7776   -0.5261    0.3444
...    15 A-T ...
  -18.4933  -19.7712   34.5437
   -0.4493    0.8725    0.1920
   -0.4209   -0.0172   -0.9069
   -0.7880   -0.4883    0.3750
...    16 T-A ...
  -20.8719  -21.2035   36.4893
   -0.6338    0.7007   -0.3275
   -0.1017   -0.4953   -0.8627
   -0.7667   -0.5135    0.3852
...    17 T-A ...
  -23.3668  -22.6182   38.0848
   -0.6041    0.2437   -0.7587
    0.2961   -0.8153   -0.4977
   -0.7398   -0.5253    0.4204
...    18 T-A ...
  -25.9021  -24.0698   39.5862
   -0.3412   -0.3020   -0.8902
    0.5978   -0.8005    0.0425
   -0.7254   -0.5177    0.4537
...    19 A-T ...
  -28.1911  -26.0018   41.3864
    0.1119   -0.8107   -0.5746
    0.6869   -0.3547    0.6343
   -0.7181   -0.4657    0.5172
...    20 T-A ...
  -31.0139  -27.3010   42.6424
    0.4316   -0.8952   -0.1113
    0.5347    0.1545    0.8308
   -0.7265   -0.4181    0.5453
...    21 T-A ...
  -33.5168  -28.7013   44.1899
    0.6420   -0.6368    0.4270
    0.1756    0.6642    0.7266
   -0.7464   -0.3915    0.5382
...    22 C-G ...
  -35.9978  -29.9484   45.9793
    0.6431   -0.0974    0.7596
   -0.2478    0.9121    0.3268
   -0.7246   -0.3983    0.5624
...    23 G-C ...
  -38.6637  -30.6685   47.9984
    0.5128    0.4929    0.7029
   -0.5745    0.8054   -0.1456
   -0.6379   -0.3292    0.6962
...    24 C-G ...
  -40.4882  -32.0179   50.3701
    0.1736    0.8624    0.4756
   -0.7556    0.4264   -0.4973
   -0.6316   -0.2730    0.7256
...    25 A-T ...
  -42.9451  -32.7272   52.5237
   -0.2422    0.9699    0.0249
   -0.7296   -0.1652   -0.6636
   -0.6395   -0.1789    0.7477
...    26 A-T ...
  -44.9942  -33.1107   55.0619
   -0.6101    0.6961   -0.3784
   -0.4656   -0.7014   -0.5397
   -0.6411   -0.1531    0.7520
...    27 A-T ...
  -46.9361  -33.3074   57.6805
   -0.7772    0.1496   -0.6112
   -0.0182   -0.9763   -0.2158
   -0.6290   -0.1566    0.7615
...    28 G-C ...
  -49.2192  -33.3471   60.1978
   -0.6326   -0.4022   -0.6618
    0.3946   -0.9027    0.1714
   -0.6664   -0.1527    0.7298
...    29 G-C ...
  -51.7421  -33.6921   62.5387
   -0.2456   -0.8506   -0.4650
    0.6818   -0.4926    0.5409
   -0.6891   -0.1842    0.7009
...    30 C-G ...
  -54.2577  -34.2372   64.5979
    0.2127   -0.9720   -0.1001
    0.6941    0.0782    0.7156
   -0.6877   -0.2217    0.6913
...    31 C-G ...
  -56.7914  -34.8527   66.7583
    0.6089   -0.7424    0.2794
    0.4524    0.6143    0.6465
   -0.6516   -0.2672    0.7099
...    32 G-C ...
  -58.6806  -35.3861   69.1917
    0.8189   -0.2740    0.5043
    0.0535    0.9113    0.4083
   -0.5715   -0.3074    0.7609
...    33 G-C ...
  -60.3170  -36.5959   71.8565
    0.7454    0.3127    0.5888
   -0.4282    0.9015    0.0632
   -0.5110   -0.2992    0.8058
...    34 C-G ...
  -61.7133  -37.8227   74.5690
    0.4017    0.7831    0.4748
   -0.7798    0.5644   -0.2710
   -0.4802   -0.2613    0.8373
...    35 C-G ...
  -62.9515  -38.4409   77.6950
   -0.0766    0.9810    0.1782
   -0.8853    0.0153   -0.4648
   -0.4587   -0.1934    0.8673
...    36 C-G ...
  -64.3313  -38.7810   80.7606
   -0.5469    0.8208   -0.1648
   -0.7070   -0.5583   -0.4341
   -0.4483   -0.1209    0.8857
...    37 G-C ...
  -66.2432  -39.9227   83.3748
   -0.8215    0.3616   -0.4409
   -0.2727   -0.9282   -0.2530
   -0.5007   -0.0876    0.8611
...    38 A-T ...
  -67.7850  -40.1537   86.1581
   -0.8217   -0.2635   -0.5053
    0.2754   -0.9599    0.0527
   -0.4989   -0.0958    0.8613
...    39 C-G ...
  -69.7477  -40.0983   88.7222
   -0.5318   -0.7288   -0.4314
    0.6620   -0.6754    0.3249
   -0.5282   -0.1128    0.8416
...    40 A-T ...
  -71.5985  -40.5834   91.5048
    0.0053   -0.9786   -0.2055
    0.8446   -0.1057    0.5249
   -0.5354   -0.1763    0.8260
...    41 C-G ...
  -73.7066  -41.4643   93.9111
    0.4718   -0.8791    0.0669
    0.7096    0.4237    0.5630
   -0.5233   -0.2182    0.8238
...    42 G-C ...
  -75.1013  -41.8944   96.9217
    0.8378   -0.4329    0.3328
    0.2746    0.8609    0.4284
   -0.4719   -0.2675    0.8401
...    43 A-T ...
  -76.6845  -42.7590   99.5424
    0.8396    0.1658    0.5172
   -0.2717    0.9528    0.1356
   -0.4703   -0.2544    0.8450
...    44 C-G ...
  -77.9047  -44.1633  102.2730
    0.5828    0.6662    0.4654
   -0.6926    0.7067   -0.1445
   -0.4251   -0.2381    0.8733
...    45 T-A ...
  -78.8049  -45.2122  105.6066
    0.0896    0.9634    0.2527
   -0.9083    0.1831   -0.3760
   -0.4085   -0.1958    0.8915
...    46 T-A ...
  -79.8920  -45.8504  108.5734
   -0.4168    0.9089    0.0123
   -0.8089   -0.3647   -0.4612
   -0.4147   -0.2022    0.8872
...    47 A-T ...
  -81.5202  -46.6699  111.4245
   -0.8379    0.4614   -0.2915
   -0.3529   -0.8655   -0.3555
   -0.4163   -0.1951    0.8881
...    48 C-G ...
  -82.8601  -46.6252  114.5003
   -0.8883   -0.0775   -0.4527
    0.1531   -0.9792   -0.1329
   -0.4330   -0.1873    0.8817
...    49 T-A ...
  -84.5929  -46.8957  117.4059
   -0.6263   -0.5834   -0.5171
    0.6024   -0.7832    0.1540
   -0.4948   -0.2151    0.8420
...    50 G-C ...
  -86.3255  -47.8281  120.1566
   -0.1016   -0.8961   -0.4320
    0.8466   -0.3059    0.4355
   -0.5225   -0.3215    0.7897
...    51 T-A ...
  -88.4304  -48.8730  122.3537
    0.3746   -0.9086   -0.1845
    0.7733    0.1965    0.6028
   -0.5115   -0.3685    0.7763
...    52 A-T ...
  -89.9464  -50.2167  125.0249
    0.8089   -0.5718    0.1370
    0.3798    0.6860    0.6206
   -0.4488   -0.4500    0.7721
...    53 G-C ...
  -91.5187  -51.7890  127.4023
    0.9293   -0.0817    0.3600
   -0.1095    0.8703    0.4802
   -0.3526   -0.4857    0.7998
...    54 G-C ...
  -92.2940  -54.0982  130.0514
    0.7283    0.4673    0.5012
   -0.6312    0.7422    0.2252
   -0.2668   -0.4804    0.8355
...    55 T-A ...
  -92.6533  -55.8533  132.8015
    0.2868    0.7920    0.5390
   -0.9259    0.3735   -0.0563
   -0.2459   -0.4829    0.8404
...    56 A-T ...
  -93.0759  -57.4313  135.7908
   -0.3231    0.8700    0.3725
   -0.9182   -0.1930   -0.3458
   -0.2289   -0.4538    0.8612
...    57 T-A ...
  -93.1770  -58.6452  138.8655
   -0.7690    0.6196    0.1576
   -0.6038   -0.6230   -0.4973
   -0.2099   -0.4775    0.8532
...    58 C-G ...
  -93.8739  -60.0140  141.8932
   -0.9783    0.0834   -0.1895
    0.0227   -0.8666   -0.4986
   -0.2058   -0.4921    0.8459
...    59 T-A ...
  -94.8333  -61.4197  144.8057
   -0.7965   -0.3775   -0.4724
    0.5520   -0.7729   -0.3129
   -0.2470   -0.5100    0.8240
...    60 C-G ...
  -95.6480  -63.0944  147.6437
   -0.2989   -0.7467   -0.5943
    0.9225   -0.3855    0.0204
   -0.2443   -0.5421    0.8040
...    61 G-C ...
  -95.9223  -65.1525  150.2739
    0.2750   -0.7117   -0.6464
    0.9387    0.0534    0.3406
   -0.2079   -0.7005    0.6827
...    62 A-T ...
  -96.4772  -67.3251  152.6817
    0.7814   -0.4898   -0.3866
    0.6107    0.4730    0.6351
   -0.1282   -0.7324    0.6687
...    63 G-C ...
  -96.8210  -69.9828  154.6538
    0.9937   -0.1008   -0.0480
    0.1017    0.6393    0.7622
   -0.0462   -0.7623    0.6456
...    64 C-G ...
  -96.7100  -72.8806  156.4522
    0.8683    0.3237    0.3758
   -0.4959    0.5528    0.6697
    0.0091   -0.7679    0.6405
...    65 T-A ...
  -96.4679  -75.4661  158.4907
    0.4563    0.5932    0.6633
   -0.8872    0.2459    0.3904
    0.0685   -0.7666    0.6385
...    66 C-G ...
  -96.4450  -77.7177  160.8753
   -0.1763    0.6161    0.7677
   -0.9742   -0.2210   -0.0464
    0.1410   -0.7560    0.6392
...    67 G-C ...
  -97.1037  -80.5983  162.9339
   -0.7240    0.3690    0.5828
   -0.6703   -0.5760   -0.4679
    0.1630   -0.7294    0.6643
...    68 G-C ...
  -96.4107  -82.9807  165.2772
   -0.9841   -0.0069    0.1776
   -0.1291   -0.6589   -0.7411
    0.1221   -0.7522    0.6475
...    69 G-C ...
  -96.0032  -85.3707  167.5939
   -0.8969   -0.3043   -0.3209
    0.4402   -0.5458   -0.7129
    0.0418   -0.7807    0.6235
...    70 A-T ...
  -95.9660  -87.8399  169.8773
   -0.4463   -0.5556   -0.7015
    0.8934   -0.2324   -0.3844
    0.0505   -0.7983    0.6002
...    71 T-A ...
  -96.4086  -90.3938  171.9129
    0.0855   -0.5616   -0.8230
    0.9947    0.0953    0.0383
    0.0569   -0.8219    0.5668
...    72 C-G ...
  -96.3804  -93.2131  173.6385
    0.6509   -0.3448   -0.6763
    0.7538    0.3989    0.5221
    0.0898   -0.8497    0.5196
...    73 C-G ...
  -96.2214  -96.0126  175.3445
    0.9242    0.0524   -0.3783
    0.3013    0.5085    0.8066
    0.2346   -0.8595    0.4542
...    74 G-C ...
  -95.1053  -98.6330  177.1289
    0.8872    0.4569    0.0640
   -0.2357    0.3296    0.9142
    0.3966   -0.8262    0.4001
...    75 C-G ...
  -93.2104 -101.3876  178.0922
    0.5811    0.5714    0.5796
   -0.6866   -0.0381    0.7260
    0.4369   -0.8198    0.3702
...    76 T-A ...
  -91.0104 -103.7812  179.5085
    0.0823    0.4188    0.9043
   -0.8525   -0.4404    0.2815
    0.5162   -0.7941    0.3208
...    77 T-A ...
  -88.9936 -106.1857  180.4886
   -0.4026   -0.0130    0.9153
   -0.7248   -0.6063   -0.3274
    0.5592   -0.7952    0.2346
...    78 T-A ...
  -86.8043 -108.5226  181.3540
   -0.6971   -0.4537    0.5551
   -0.3589   -0.4495   -0.8180
    0.6207   -0.7695    0.1505
...    79 A-T ...
  -84.6045 -111.0380  180.7689
   -0.6673   -0.7398   -0.0862
    0.1219    0.0057   -0.9925
    0.7347   -0.6728    0.0864
...    80 A-T ...
  -82.2227 -113.1768  181.1908
   -0.4541   -0.6045   -0.6545
    0.4531    0.4759   -0.7538
    0.7672   -0.6389    0.0578
...    81 C-G ...
  -79.9525 -115.6326  181.7247
   -0.1511   -0.2206   -0.9636
    0.6067    0.7489   -0.2666
    0.7805   -0.6249    0.0206
...    82 A-T ...
  -77.3152 -117.7280  181.6868
    0.1332    0.3362   -0.9323
    0.5882    0.7303    0.3474
    0.7977   -0.5947   -0.1005
...    83 C-G ...
  -74.9607 -119.8841  180.7624
    0.3790    0.7060   -0.5983
    0.4482    0.4255    0.7861
    0.8096   -0.5661   -0.1552
...    84 T-A ...
  -72.1953 -121.8090  179.6168
    0.4796    0.8774    0.0084
    0.1754   -0.1053    0.9788
    0.8598   -0.4680   -0.2044
...    85 T-A ...
  -69.3746 -123.1496  178.6407
    0.5100    0.6299    0.5857
   -0.1219   -0.6212    0.7741
    0.8515   -0.4662   -0.2400
...    86 T-A ...
  -66.5160 -124.4301  177.6714
    0.3750    0.1243    0.9187
   -0.3940   -0.8756    0.2793
    0.8391   -0.4667   -0.2794
...    87 A-T ...
  -63.7831 -126.3430  176.5097
    0.0854   -0.5993    0.7960
   -0.5705   -0.6844   -0.4541
    0.8169   -0.4153   -0.4003
...    88 T-A ...
  -60.7304 -127.2813  175.6607
   -0.1983   -0.8633    0.4640
   -0.5436   -0.2971   -0.7850
    0.8156   -0.4079   -0.4104
...    89 G-C ...
  -57.9888 -128.7429  174.5258
   -0.5567   -0.8266   -0.0828
   -0.2879    0.2855   -0.9141
    0.7792   -0.4851   -0.3969
...    90 C-G ...
  -55.5296 -130.6145  173.4422
   -0.6605   -0.5054   -0.5552
    0.0361    0.7172   -0.6959
    0.7500   -0.4797   -0.4555
...    91 T-A ...
  -52.9456 -132.5187  172.1835
   -0.5732    0.0305   -0.8188
    0.3954    0.8856   -0.2438
    0.7177   -0.4635   -0.5197
...    92 T-A ...
  -50.7860 -134.1208  170.4672
   -0.3263    0.5540   -0.7659
    0.6567    0.7156    0.2379
    0.6799   -0.4253   -0.5973
...    93 C-G ...
  -48.7468 -135.4496  168.2726
    0.0173    0.9079   -0.4188
    0.7466    0.2669    0.6094
    0.6650   -0.3232   -0.6732
...    94 C-G ...
  -46.6736 -136.4076  165.9206
    0.3104    0.9486    0.0617
    0.6501   -0.2592    0.7143
    0.6936   -0.1816   -0.6971
...    95 G-C ...
  -44.1699 -136.5770  164.0510
    0.5183    0.6886    0.5072
    0.4624   -0.7245    0.5111
    0.7194   -0.0304   -0.6939
...    96 G-C ...
  -41.4780 -136.0690  162.0299
    0.6572    0.1694    0.7344
    0.1564   -0.9839    0.0869
    0.7373    0.0578   -0.6731
...    97 C-G ...
  -38.7759 -135.2996  160.1479
    0.6180   -0.4214    0.6637
   -0.2158   -0.9027   -0.3721
    0.7560    0.0867   -0.6488
...    98 T-A ...
  -36.2420 -134.9100  158.0482
    0.4158   -0.8509    0.3211
   -0.5086   -0.5103   -0.6935
    0.7539    0.1251   -0.6450
...    99 C-G ...
  -33.8262 -134.3974  155.7411
    0.0165   -0.9794   -0.2012
   -0.6757    0.1374   -0.7242
    0.7370    0.1479   -0.6595
...   100 G-C ...
  -31.7581 -133.5247  153.2731
   -0.4405   -0.6965   -0.5664
   -0.5804    0.7023   -0.4123
    0.6849    0.1471   -0.7136
...   101 T-A ...
  -29.3626 -133.8054  150.8881
   -0.7275   -0.1957   -0.6576
   -0.2525    0.9675   -0.0085
    0.6379    0.1599   -0.7533
...   102 A-T ...
  -27.2770 -133.6866  148.1486
   -0.8093    0.3880   -0.4409
    0.2292    0.8998    0.3711
    0.5408    0.1993   -0.8172
...   103 T-A ...
  -25.8577 -133.5334  145.1812
   -0.5855    0.7956   -0.1557
    0.6165    0.5616    0.5518
    0.5264    0.2271   -0.8193
...   104 T-A ...
  -24.3656 -132.8187  142.3703
   -0.1461    0.9653    0.2167
    0.8522    0.0116    0.5231
    0.5024    0.2611   -0.8243
...   105 C-G ...
  -22.5111 -131.6007  139.9927
    0.3516    0.7700    0.5325
    0.8093   -0.5359    0.2406
    0.4706    0.3463   -0.8115
...   106 A-T ...
  -21.2369 -130.0770  137.2133
    0.6821    0.3167    0.6591
    0.5460   -0.8202   -0.1709
    0.4865    0.4764   -0.7324
...   107 T-A ...
  -19.7928 -128.0608  135.0549
    0.8568   -0.1653    0.4884
    0.1202   -0.8571   -0.5010
    0.5014    0.4879   -0.7145
...   108 G-C ...
  -18.0907 -126.2408  132.7285
    0.7361   -0.6728    0.0740
   -0.4416   -0.5602   -0.7009
    0.5130    0.4833   -0.7094
...   109 T-A ...
  -16.0695 -124.3070  130.7565
    0.3676   -0.8558   -0.3641
   -0.7936   -0.0845   -0.6025
    0.4849    0.5104   -0.7102
...   110 T-A ...
  -14.3578 -122.5706  128.6328
   -0.1665   -0.7196   -0.6742
   -0.8659    0.4338   -0.2491
    0.4717    0.5423   -0.6953
...   111 A-T ...
  -13.0732 -120.3587  126.3161
   -0.6923   -0.2444   -0.6790
   -0.5549    0.7817    0.2845
    0.4613    0.5737   -0.6768
...   112 T-A ...
  -11.3569 -119.0814  123.8373
   -0.8828    0.1975   -0.4263
   -0.1168    0.7866    0.6063
    0.4551    0.5850   -0.6713
...   113 A-T ...
   -9.8119 -116.8403  121.8056
   -0.7816    0.6187    0.0799
    0.4680    0.4968    0.7308
    0.4124    0.6086   -0.6779
...   114 A-T ...
   -8.7308 -114.8700  119.5471
   -0.3883    0.7680    0.5093
    0.8387    0.0656    0.5406
    0.3818    0.6371   -0.6696
...   115 C-G ...
   -8.1382 -112.5403  117.1192
    0.1432    0.6617    0.7360
    0.9174   -0.3678    0.1521
    0.3713    0.6534   -0.6597
...   116 G-C ...
   -6.5793 -110.3662  115.1986
    0.6394    0.2700    0.7199
    0.6746   -0.6462   -0.3569
    0.3689    0.7138   -0.5953
...   117 G-C ...
   -5.1676 -107.8486  113.5812
    0.8680   -0.1896    0.4589
    0.2405   -0.6481   -0.7226
    0.4344    0.7376   -0.5169
...   118 A-T ...
   -3.7403 -105.1984  112.0222
    0.8306   -0.5502   -0.0861
   -0.3463   -0.3892   -0.8536
    0.4361    0.7388   -0.5138
...   119 A-T ...
   -2.2305 -102.7634  110.4598
    0.4646   -0.6417   -0.6102
   -0.7837    0.0229   -0.6207
    0.4123    0.7666   -0.4923
...   120 A-T ...
   -0.5698 -100.2971  109.0733
   -0.0791   -0.4630   -0.8828
   -0.9141    0.3870   -0.1211
    0.3977    0.7974   -0.4538
...   121 T-A ...
    1.2786  -97.9942  107.5126
   -0.5563   -0.1791   -0.8114
   -0.7299    0.5721    0.3741
    0.3972    0.8004   -0.4490
...   122 G-C ...
    2.6050  -95.2217  105.8876
   -0.9189    0.1527   -0.3638
   -0.2197    0.5680    0.7932
    0.3278    0.8088   -0.4884
...   123 T-A ...
    3.5789  -92.8039  103.8664
   -0.9008    0.4174    0.1198
    0.3012    0.4019    0.8647
    0.3128    0.8150   -0.4878
...   124 G-C ...
    4.5429  -89.9926  102.2367
   -0.5497    0.5238    0.6507
    0.7969    0.0952    0.5966
    0.2505    0.8465   -0.4697
...   125 T-A ...
    4.8847  -87.2683  100.5486
   -0.0463    0.4573    0.8881
    0.9704   -0.1902    0.1485
    0.2368    0.8687   -0.4350
...   126 C-G ...
    5.5893  -84.4312   99.2636
    0.5483    0.2575    0.7956
    0.8063   -0.4154   -0.4212
    0.2220    0.8724   -0.4354
...   127 G-C ...
    6.8384  -81.7959   97.5737
    0.8759   -0.1253    0.4660
    0.3657   -0.4576   -0.8105
    0.3148    0.8803   -0.3550
...   128 A-T ...
    7.7307  -78.9439   96.4507
    0.9189   -0.3777   -0.1136
   -0.2392   -0.3046   -0.9220
    0.3137    0.8744   -0.3702
...   129 C-G ...
    9.0483  -75.9411   95.9660
    0.6275   -0.5188   -0.5806
   -0.6976   -0.0434   -0.7152
    0.3458    0.8538   -0.3891
...   130 C-G ...
   10.7006  -73.2382   94.6905
    0.1059   -0.5421   -0.8336
   -0.9131    0.2789   -0.2973
    0.3937    0.7927   -0.4654
...   131 A-T ...
   11.2160  -70.2442   93.0710
   -0.5021   -0.3166   -0.8048
   -0.7806    0.5665    0.2642
    0.3723    0.7608   -0.5316
...   132 A-T ...
   12.4542  -67.8504   91.1903
   -0.8687    0.0753   -0.4896
   -0.3277    0.6539    0.6820
    0.3715    0.7529   -0.5433
...   133 A-T ...
   13.7377  -65.6370   89.1278
   -0.8739    0.4860   -0.0064
    0.2562    0.4717    0.8437
    0.4131    0.7357   -0.5367
...   134 T-A ...
   14.7384  -63.4259   86.8199
   -0.5923    0.6747    0.4404
    0.6886    0.1401    0.7115
    0.4183    0.7247   -0.5475
...   135 G-C ...
   15.7317  -61.4928   83.9330
    0.0341    0.7400    0.6717
    0.8636   -0.3601    0.3528
    0.5030    0.5681   -0.6514
...   136 T-A ...
   15.7848  -59.5604   80.7992
    0.5517    0.4998    0.6677
    0.6739   -0.7388   -0.0038
    0.4915    0.4520   -0.7444
...   137 G-C ...
   16.8385  -57.7219   78.2675
    0.8528   -0.0848    0.5153
    0.1507   -0.9048   -0.3983
    0.5000    0.4173   -0.7588
...   138 A-T ...
   18.4282  -55.5287   76.5299
    0.8547   -0.5006    0.1371
   -0.3188   -0.7148   -0.6224
    0.4096    0.4883   -0.7706
...   139 G-C ...
   20.4259  -54.3093   74.5419
    0.5847   -0.7389   -0.3347
   -0.7593   -0.3533   -0.5465
    0.2856    0.5737   -0.7676
...   140 C-G ...
   21.4270  -51.8266   72.7876
    0.1304   -0.7144   -0.6875
   -0.8897    0.2216   -0.3991
    0.4375    0.6637   -0.6067
...   141 G-C ...
   22.1521  -50.1495   67.4640
   -0.4682   -0.8748    0.1248
   -0.8494    0.4066   -0.3364
    0.2435   -0.2635   -0.9334
...   142 C-G ...
   22.3489  -51.2414   64.4933
   -0.8528   -0.5119   -0.1032
   -0.4975    0.8565   -0.1374
    0.1587   -0.0659   -0.9851
...   143 T-A ...
   24.0166  -51.6379   61.9248
   -0.9562    0.0401   -0.2898
    0.0524    0.9980   -0.0348
    0.2878   -0.0485   -0.9564
...   144 C-G ...
   24.8958  -52.7396   58.9873
   -0.7529    0.5560   -0.3520
    0.5214    0.8304    0.1965
    0.4016   -0.0356   -0.9151
...   145 A-T ...
   25.5276  -52.9803   55.8053
   -0.2442    0.9563   -0.1610
    0.8906    0.2869    0.3528
    0.3836   -0.0573   -0.9217
...   146 C-G ...
   25.2778  -52.5123   52.0796
    0.3204    0.9427   -0.0929
    0.8825   -0.2614    0.3909
    0.3443   -0.2072   -0.9157
...   147 A-T ...
   25.6239  -52.5940   48.6395
    0.8597    0.5097    0.0339
    0.4496   -0.7865    0.4233
    0.2424   -0.3487   -0.9053
