  147 base-pairs
...     1 T-A ...
    0.0000    0.0000    0.0000
    1.0000    0.0000    0.0000
    0.0000    1.0000    0.0000
    0.0000    0.0000    1.0000
...     2 G-C ...
   -0.5555   -1.1003    3.3981
    0.7749    0.6051    0.1828
   -0.5991    0.7953   -0.0929
   -0.2016   -0.0375    0.9787
...     3 T-A ...
   -0.6619   -3.0237    6.5348
    0.3046    0.9250    0.2271
   -0.8994    0.3578   -0.2510
   -0.3134   -0.1278    0.9410
...     4 G-C ...
   -1.1607   -3.8418    9.6940
   -0.3351    0.9421    0.0133
   -0.8752   -0.3061   -0.3746
   -0.3489   -0.1372    0.9271
...     5 A-T ...
   -1.3881   -3.6770   12.8999
   -0.7835    0.6162   -0.0801
   -0.5677   -0.7622   -0.3109
   -0.2527   -0.1981    0.9470
...     6 G-C ...
   -2.6236   -3.5448   15.7072
   -0.9923    0.0611   -0.1075
   -0.0294   -0.9610   -0.2748
   -0.1201   -0.2695    0.9555
...     7 C-G ...
   -2.3138   -3.7570   18.8866
   -0.8620   -0.4995   -0.0864
    0.5008   -0.8655    0.0073
   -0.0785   -0.0370    0.9962
...     8 G-C ...
   -3.9561   -6.8109   23.3205
   -0.2581   -0.3560   -0.8981
    0.6294   -0.7673    0.1233
   -0.7330   -0.5335    0.4221
...     9 C-G ...
   -6.1177   -8.9414   24.2385
    0.1143   -0.7320   -0.6716
    0.8123   -0.3203    0.4874
   -0.5720   -0.6013    0.5580
...    10 T-A ...
   -8.5041   -9.6771   26.0540
    0.4660   -0.8587   -0.2131
    0.6274    0.1508    0.7640
   -0.6239   -0.4897    0.6090
...    11 C-G ...
  -11.0625  -11.3174   27.2336
    0.6660   -0.6911    0.2808
    0.3382    0.6152    0.7121
   -0.6649   -0.3794    0.6435
...    12 A-T ...
  -13.0013  -13.1789   29.0658
    0.7188   -0.1490    0.6790
   -0.1787    0.9043    0.3876
   -0.6718   -0.4000    0.6235
...    13 C-G ...
  -14.1788  -15.9359   31.3399
    0.4052    0.2865    0.8682
   -0.5270    0.8492   -0.0343
   -0.7470   -0.4437    0.4951
...    14 A-T ...
  -15.9532  -18.1566   33.3080
   -0.1503    0.6873    0.7107
   -0.6106    0.5008   -0.6135
   -0.7776   -0.5261    0.3444
...    15 A-T ...
  -18.3919  -19.8415   34.6223
   -0.4545    0.8660    0.2085
   -0.4161    0.0005   -0.9093
   -0.7876   -0.5001    0.3601
...    16 T-A ...
  -20.7705  -21.2403   36.4114
   -0.5904    0.7497   -0.2991
   -0.1292   -0.4535   -0.8818
   -0.7967   -0.4819    0.3646
...    17 T-A ...
  -23.3891  -22.6100   37.7699
   -0.5525    0.3397   -0.7612
    0.2312   -0.8149   -0.5315
   -0.8008   -0.4696    0.3717
...    18 T-A ...
  -26.0950  -23.8813   39.0711
   -0.3250   -0.2205   -0.9197
    0.5070   -0.8615    0.0274
   -0.7983   -0.4574    0.3918
...    19 A-T ...
  -28.4880  -25.7668   40.6404
    0.0582   -0.7625   -0.6443
    0.5980   -0.4901    0.6341
   -0.7994   -0.4223    0.4275
...    20 T-A ...
  -31.4884  -26.9017   41.5122
    0.3454   -0.9167   -0.2011
    0.4815   -0.0108    0.8764
   -0.8055   -0.3995    0.4377
...    21 T-A ...
  -34.2536  -28.1750   42.6962
    0.5359   -0.7541    0.3798
    0.1926    0.5471    0.8146
   -0.8221   -0.3634    0.4384
...    22 C-G ...
  -36.9984  -29.3993   44.0903
    0.5568   -0.2524    0.7914
   -0.1694    0.8982    0.4057
   -0.8132   -0.3599    0.4573
...    23 G-C ...
  -39.8704  -30.1540   45.7478
    0.4377    0.3557    0.8258
   -0.4661    0.8751   -0.1299
   -0.7689   -0.3281    0.5488
...    24 C-G ...
  -42.1568  -31.5220   47.7535
    0.1397    0.8017    0.5811
   -0.6342    0.5232   -0.5693
   -0.7604   -0.2890    0.5816
...    25 A-T ...
  -44.8657  -32.2991   49.5900
   -0.1782    0.9814    0.0709
   -0.6175   -0.0555   -0.7846
   -0.7661   -0.1836    0.6159
...    26 A-T ...
  -47.2450  -32.7553   51.7554
   -0.4964    0.7661   -0.4082
   -0.4025   -0.6197   -0.6738
   -0.7692   -0.1702    0.6160
...    27 A-T ...
  -49.7088  -33.0689   53.8557
   -0.6360    0.2582   -0.7272
   -0.0420   -0.9525   -0.3015
   -0.7705   -0.1612    0.6167
...    28 G-C ...
  -52.3788  -33.2663   55.8623
   -0.5099   -0.2995   -0.8064
    0.2975   -0.9410    0.1614
   -0.8071   -0.1576    0.5689
...    29 G-C ...
  -55.3151  -33.6067   57.5491
   -0.1952   -0.7667   -0.6117
    0.5092   -0.6122    0.6049
   -0.8383   -0.1934    0.5098
...    30 C-G ...
  -58.3422  -34.1286   58.8917
    0.1550   -0.9717   -0.1781
    0.5197   -0.0732    0.8512
   -0.8402   -0.2245    0.4937
...    31 C-G ...
  -61.2822  -35.0254   60.3309
    0.4797   -0.8236    0.3025
    0.3232    0.4864    0.8118
   -0.8157   -0.2917    0.4995
...    32 G-C ...
  -63.8984  -35.7460   62.3756
    0.6519   -0.3540    0.6706
   -0.0347    0.8695    0.4927
   -0.7575   -0.3444    0.5545
...    33 G-C ...
  -66.3567  -37.1279   64.2451
    0.5746    0.2273    0.7863
   -0.4089    0.9119    0.0351
   -0.7090   -0.3416    0.6169
...    34 C-G ...
  -68.4346  -38.5671   66.4268
    0.2737    0.7155    0.6428
   -0.6686    0.6219   -0.4076
   -0.6914   -0.3182    0.6486
...    35 C-G ...
  -70.5565  -39.5827   68.8638
   -0.0974    0.9638    0.2482
   -0.7246    0.1023   -0.6815
   -0.6823   -0.2463    0.6884
...    36 C-G ...
  -72.7204  -40.1706   71.4102
   -0.4353    0.8697   -0.2327
   -0.5625   -0.4646   -0.6839
   -0.7029   -0.1668    0.6915
...    37 G-C ...
  -75.3510  -40.8475   73.4424
   -0.6067    0.4519   -0.6539
   -0.2294   -0.8872   -0.4003
   -0.7611   -0.0929    0.6420
...    38 A-T ...
  -77.8802  -41.0425   75.5590
   -0.5994   -0.1762   -0.7808
    0.1798   -0.9802    0.0833
   -0.7800   -0.0905    0.6192
...    39 C-G ...
  -80.6674  -40.7615   77.3752
   -0.3848   -0.6765   -0.6279
    0.4679   -0.7294    0.4990
   -0.7956   -0.1018    0.5973
...    40 A-T ...
  -83.2371  -41.2623   79.4843
    0.0415   -0.9631   -0.2659
    0.5829   -0.1928    0.7893
   -0.8115   -0.1878    0.5534
...    41 C-G ...
  -86.2414  -41.9333   80.7536
    0.3747   -0.9081    0.1867
    0.4575    0.3563    0.8147
   -0.8064   -0.2199    0.5490
...    42 G-C ...
  -88.7374  -42.5741   82.9636
    0.6527   -0.5060    0.5639
    0.1253    0.8061    0.5784
   -0.7472   -0.3069    0.5895
...    43 A-T ...
  -91.1559  -43.6780   84.9198
    0.6146    0.0965    0.7829
   -0.3091    0.9426    0.1265
   -0.7257   -0.3197    0.6092
...    44 C-G ...
  -93.2016  -45.2699   87.0208
    0.3619    0.5995    0.7139
   -0.6051    0.7336   -0.3093
   -0.7091   -0.3201    0.6282
...    45 T-A ...
  -95.3132  -46.3833   89.3603
   -0.0056    0.9183    0.3959
   -0.7235    0.2696   -0.6355
   -0.6903   -0.2900    0.6629
...    46 T-A ...
  -97.3649  -47.3578   91.7031
   -0.4553    0.8894   -0.0411
   -0.5729   -0.3280   -0.7512
   -0.6816   -0.3184    0.6588
...    47 A-T ...
  -99.8365  -48.7748   93.5908
   -0.7407    0.4392   -0.5084
   -0.1168   -0.8293   -0.5464
   -0.6616   -0.3453    0.6656
...    48 C-G ...
 -102.0861  -49.3153   96.0133
   -0.6720   -0.0770   -0.7365
    0.3059   -0.9346   -0.1814
   -0.6744   -0.3472    0.6517
...    49 T-A ...
 -104.5386  -50.2217   98.1014
   -0.3513   -0.5572   -0.7524
    0.6203   -0.7404    0.2587
   -0.7013   -0.3759    0.6058
...    50 G-C ...
 -106.7896  -51.6967  100.1167
    0.1551   -0.8386   -0.5222
    0.6960   -0.2824    0.6602
   -0.7011   -0.4659    0.5398
...    51 T-A ...
 -109.4495  -53.2263  101.3694
    0.5368   -0.8362   -0.1121
    0.5012    0.2092    0.8397
   -0.6787   -0.5069    0.5314
...    52 A-T ...
 -111.6000  -54.9403  103.3064
    0.7836   -0.4906    0.3810
    0.0478    0.6591    0.7505
   -0.6194   -0.5699    0.5400
...    53 G-C ...
 -113.5144  -57.0954  104.9694
    0.7238   -0.0090    0.6900
   -0.4077    0.8012    0.4380
   -0.5568   -0.5983    0.5762
...    54 G-C ...
 -115.0328  -59.2751  107.0681
    0.4050    0.4878    0.7734
   -0.7720    0.6356    0.0034
   -0.4899   -0.5984    0.6340
...    55 T-A ...
 -116.0737  -61.4782  109.3570
   -0.0788    0.7615    0.6433
   -0.8758    0.2553   -0.4096
   -0.4762   -0.5957    0.6468
...    56 A-T ...
 -118.2169  -63.5750  111.0869
   -0.6940    0.6787    0.2404
   -0.5761   -0.3232   -0.7507
   -0.4318   -0.6595    0.6153
...    57 T-A ...
 -119.3431  -65.3963  113.6374
   -0.9073    0.3827   -0.1744
   -0.1160   -0.6263   -0.7709
   -0.4042   -0.6792    0.6127
...    58 C-G ...
 -120.6594  -67.5904  115.7549
   -0.7840   -0.0807   -0.6155
    0.4746   -0.7170   -0.5106
   -0.4001   -0.6924    0.6004
...    59 T-A ...
 -122.2322  -69.7217  117.8047
   -0.3692   -0.4244   -0.8268
    0.8327   -0.5460   -0.0915
   -0.4126   -0.7223    0.5550
...    60 C-G ...
 -123.6428  -72.0472  119.6760
    0.2288   -0.6284   -0.7435
    0.8927   -0.1693    0.4177
   -0.3884   -0.7592    0.5222
...    61 G-C ...
 -124.6401  -74.6560  121.5952
    0.7465   -0.4845   -0.4560
    0.6032    0.2035    0.7712
   -0.2809   -0.8508    0.4441
...    62 T-A ...
 -125.6950  -77.6437  122.4626
    0.9689   -0.2473   -0.0055
    0.1116    0.4170    0.9020
   -0.2208   -0.8746    0.4316
...    63 C-G ...
 -126.2083  -80.5655  123.8452
    0.8564    0.1007    0.5064
   -0.4938    0.4463    0.7463
   -0.1509   -0.8892    0.4319
...    64 A-T ...
 -126.6636  -83.4086  125.5770
    0.4145    0.4245    0.8050
   -0.9087    0.2405    0.3411
   -0.0488   -0.8729    0.4855
...    65 T-A ...
 -126.1200  -86.3056  127.0819
   -0.1248    0.4718    0.8728
   -0.9917   -0.0306   -0.1252
   -0.0323   -0.8812    0.4717
...    66 G-C ...
 -126.6607  -89.1994  128.6855
   -0.7083    0.3710    0.6005
   -0.7057   -0.3511   -0.6154
   -0.0175   -0.8597    0.5105
...    67 T-A ...
 -126.4209  -91.7698  130.8763
   -0.9809    0.0989    0.1675
   -0.1945   -0.4933   -0.8478
   -0.0013   -0.8642    0.5031
...    68 T-A ...
 -126.3118  -94.4322  132.7841
   -0.8958   -0.2757   -0.3487
    0.4387   -0.4215   -0.7936
    0.0718   -0.8639    0.4985
...    69 A-T ...
 -125.4861  -97.4393  134.2103
   -0.3654   -0.5154   -0.7751
    0.9212   -0.0809   -0.3805
    0.1334   -0.8531    0.5044
...    70 T-A ...
 -125.6858 -100.2242  135.9626
    0.1666   -0.4698   -0.8669
    0.9742    0.2144    0.0710
    0.1525   -0.8563    0.4934
...    71 A-T ...
 -125.0735 -103.1150  137.5636
    0.6910   -0.1338   -0.7104
    0.6833    0.4415    0.5815
    0.2359   -0.8872    0.3965
...    72 A-T ...
 -124.2996 -106.0482  138.6672
    0.9410    0.2012   -0.2722
    0.1677    0.4214    0.8913
    0.2940   -0.8843    0.3628
...    73 C-G ...
 -123.1911 -109.0899  139.2154
    0.8645    0.4498    0.2242
   -0.3486    0.2155    0.9121
    0.3619   -0.8667    0.3432
...    74 G-C ...
 -121.7344 -111.7141  140.8307
    0.4572    0.5863    0.6688
   -0.7354   -0.1737    0.6550
    0.5002   -0.7913    0.3517
...    75 G-C ...
 -119.6443 -114.0136  142.2286
   -0.0744    0.4236    0.9028
   -0.8237   -0.5364    0.1838
    0.5621   -0.7300    0.3888
...    76 A-T ...
 -117.6963 -116.3148  143.6620
   -0.5606   -0.0248    0.8277
   -0.5779   -0.7042   -0.4126
    0.5931   -0.7096    0.3804
...    77 A-T ...
 -115.5659 -118.3939  145.0487
   -0.7430   -0.5144    0.4283
   -0.1247   -0.5223   -0.8436
    0.6576   -0.6802    0.3239
...    78 G-C ...
 -113.3359 -120.5385  146.3818
   -0.6847   -0.7165   -0.1337
    0.3074   -0.1175   -0.9443
    0.6609   -0.6877    0.3006
...    79 C-G ...
 -111.1825 -122.7470  147.7547
   -0.4002   -0.6348   -0.6609
    0.6221    0.3414   -0.7046
    0.6729   -0.6931    0.2583
...    80 T-A ...
 -109.1074 -125.1929  148.7047
   -0.0334   -0.2899   -0.9565
    0.7220    0.6548   -0.2237
    0.6911   -0.6980    0.1874
...    81 C-G ...
 -106.8519 -127.4946  149.3905
    0.3549    0.2145   -0.9100
    0.5846    0.7086    0.3950
    0.7296   -0.6722    0.1261
...    82 G-C ...
 -104.1471 -129.4840  149.8797
    0.4768    0.6911   -0.5431
    0.3064    0.4485    0.8396
    0.8239   -0.5668    0.0021
...    83 G-C ...
 -101.2645 -131.1753  149.4523
    0.4535    0.8911    0.0124
    0.0414   -0.0350    0.9985
    0.8903   -0.4524   -0.0528
...    84 G-C ...
  -98.0454 -132.1510  149.0332
    0.3026    0.7632    0.5710
   -0.1440   -0.5555    0.8189
    0.9422   -0.3301   -0.0582
...    85 A-T ...
  -94.8308 -132.9589  148.9583
    0.1330    0.2699    0.9537
   -0.2449   -0.9234    0.2955
    0.9604   -0.2728   -0.0567
...    86 T-A ...
  -91.5186 -133.1447  148.7484
    0.0129   -0.2696    0.9629
   -0.2654   -0.9293   -0.2567
    0.9640   -0.2523   -0.0835
...    87 C-G ...
  -88.2807 -133.9076  148.6246
   -0.1230   -0.7992    0.5884
   -0.2029   -0.5601   -0.8032
    0.9715   -0.2181   -0.0933
...    88 C-G ...
  -84.9414 -134.5862  148.5329
   -0.2375   -0.9713    0.0111
   -0.0922    0.0111   -0.9957
    0.9670   -0.2375   -0.0922
...    89 G-C ...
  -81.6646 -135.0052  147.7159
   -0.3013   -0.7560   -0.5811
    0.0279    0.6022   -0.7978
    0.9531   -0.2566   -0.1604
...    90 C-G ...
  -78.4772 -136.0303  147.5315
   -0.2764   -0.2708   -0.9221
    0.1597    0.9332   -0.3219
    0.9477   -0.2362   -0.2147
...    91 T-A ...
  -75.4092 -137.0391  146.7432
   -0.2294    0.3005   -0.9258
    0.2724    0.9329    0.2354
    0.9344   -0.1982   -0.2959
...    92 T-A ...
  -72.4514 -137.7610  145.6687
   -0.0912    0.7912   -0.6047
    0.3543    0.5933    0.7229
    0.9307   -0.1483   -0.3344
...    93 T-A ...
  -69.5156 -138.1862  144.4021
    0.0644    0.9960   -0.0625
    0.3619    0.0350    0.9316
    0.9300   -0.0826   -0.3581
...    94 A-T ...
  -66.3935 -138.0916  143.1853
    0.1417    0.8303    0.5390
    0.3216   -0.5536    0.7682
    0.9362    0.0645   -0.3454
...    95 A-T ...
  -63.4159 -137.5990  141.9878
    0.2982    0.3501    0.8880
    0.2089   -0.9317    0.2972
    0.9314    0.0968   -0.3509
...    96 C-G ...
  -60.4130 -136.5634  140.8968
    0.3602   -0.2149    0.9078
    0.0454   -0.9679   -0.2471
    0.9318    0.1302   -0.3389
...    97 A-T ...
  -57.2969 -136.4164  139.6934
    0.2892   -0.7640    0.5768
   -0.1518   -0.6316   -0.7603
    0.9452    0.1323   -0.2986
...    98 C-G ...
  -54.0211 -135.6791  139.2687
    0.1722   -0.9836    0.0542
   -0.2881   -0.1029   -0.9521
    0.9420    0.1483   -0.3011
...    99 T-A ...
  -50.7793 -135.2339  138.5231
   -0.0375   -0.8740   -0.4844
   -0.3455    0.4662   -0.8144
    0.9377    0.1369   -0.3195
...   100 T-A ...
  -47.6434 -134.8564  137.7100
   -0.2157   -0.4187   -0.8821
   -0.2851    0.8910   -0.3532
    0.9339    0.1753   -0.3116
...   101 T-A ...
  -44.5640 -134.4498  136.7595
   -0.3558    0.1844   -0.9162
   -0.1228    0.9626    0.2414
    0.9265    0.1983   -0.3198
...   102 A-T ...
  -41.5044 -133.5462  135.6962
   -0.4488    0.7104   -0.5421
    0.1324    0.6528    0.7459
    0.8838    0.2630   -0.3870
...   103 T-A ...
  -38.8623 -132.9282  133.8667
   -0.3465    0.9355   -0.0694
    0.3512    0.1979    0.9152
    0.8698    0.2927   -0.3971
...   104 G-C ...
  -35.9802 -131.5921  132.7362
   -0.1806    0.8320    0.5246
    0.5368   -0.3636    0.7614
    0.8242    0.4191   -0.3809
...   105 C-G ...
  -33.5630 -129.7325  131.3679
    0.1160    0.4638    0.8783
    0.5807   -0.7490    0.3189
    0.8058    0.4731   -0.3562
...   106 T-A ...
  -31.0458 -127.7892  130.3242
    0.3864   -0.0517    0.9209
    0.4582   -0.8558   -0.2403
    0.8005    0.5148   -0.3070
...   107 T-A ...
  -28.5730 -125.8481  129.4312
    0.6196   -0.5317    0.5774
    0.1343   -0.6530   -0.7454
    0.7734    0.5394   -0.3332
...   108 C-G ...
  -25.9907 -124.0120  128.4330
    0.5752   -0.8180   -0.0112
   -0.2774   -0.1822   -0.9433
    0.7696    0.5457   -0.3317
...   109 C-G ...
  -23.2820 -122.1639  127.5289
    0.2700   -0.8017   -0.5332
   -0.5558    0.3225   -0.7662
    0.7863    0.5032   -0.3586
...   110 G-C ...
  -20.9690 -120.1412  126.0699
   -0.1798   -0.5015   -0.8463
   -0.6178    0.7270   -0.2996
    0.7655    0.4689   -0.4405
...   111 G-C ...
  -18.2741 -118.6924  124.6299
   -0.5638   -0.0438   -0.8248
   -0.4122    0.8803    0.2350
    0.7157    0.4725   -0.5143
...   112 C-G ...
  -15.8345 -117.4891  122.7160
   -0.7392    0.4268   -0.5209
   -0.0258    0.7550    0.6552
    0.6730    0.4977   -0.5471
...   113 T-A ...
  -13.8041 -115.9066  120.6146
   -0.6867    0.7261   -0.0342
    0.3981    0.4151    0.8180
    0.6082    0.5482   -0.5742
...   114 C-G ...
  -11.9577 -113.9884  118.6891
   -0.3386    0.8032    0.4900
    0.7458   -0.0884    0.6603
    0.5737    0.5890   -0.5691
...   115 G-C ...
   -9.8365 -111.8325  117.1542
    0.0929    0.5373    0.8382
    0.8412   -0.4928    0.2227
    0.5328    0.6844   -0.4978
...   116 T-A ...
   -8.5815 -109.1399  115.6274
    0.5235    0.1683    0.8353
    0.6642   -0.6947   -0.2763
    0.5337    0.6994   -0.4754
...   117 A-T ...
   -6.6099 -107.0628  113.7827
    0.8445   -0.3112    0.4359
    0.1582   -0.6325   -0.7582
    0.5117    0.7092   -0.4849
...   118 T-A ...
   -4.9363 -104.3746  112.7886
    0.8108   -0.5842   -0.0369
   -0.3113   -0.3769   -0.8724
    0.4957    0.7188   -0.4874
...   119 A-T ...
   -3.6678 -101.9445  110.7380
    0.4148   -0.6628   -0.6234
   -0.7805    0.0929   -0.6182
    0.4677    0.7430   -0.4788
...   120 A-T ...
   -1.9509  -99.5719  109.3105
   -0.1218   -0.4660   -0.8764
   -0.8804    0.4585   -0.1214
    0.4584    0.7568   -0.4661
...   121 T-A ...
    0.0775  -97.4955  107.7383
   -0.5634   -0.1577   -0.8110
   -0.6895    0.6305    0.3564
    0.4551    0.7600   -0.4640
...   122 G-C ...
    1.3015  -94.7478  106.2382
   -0.9014    0.1771   -0.3952
   -0.2096    0.6200    0.7561
    0.3789    0.7643   -0.5218
...   123 T-A ...
    2.4125  -92.5578  103.9979
   -0.8835    0.4588    0.0946
    0.3138    0.4298    0.8466
    0.3478    0.7777   -0.5237
...   124 G-C ...
    3.5087  -89.7417  102.5244
   -0.5538    0.5512    0.6241
    0.7872    0.1026    0.6081
    0.2711    0.8280   -0.4907
...   125 T-A ...
    3.7736  -86.9373  100.7361
   -0.0452    0.4959    0.8672
    0.9639   -0.2063    0.1682
    0.2623    0.8435   -0.4687
...   126 C-G ...
    4.5517  -84.0733   99.2822
    0.5441    0.2486    0.8014
    0.7960   -0.4549   -0.3993
    0.2653    0.8552   -0.4454
...   127 G-C ...
    5.7759  -81.3558   97.6650
    0.8768   -0.1449    0.4586
    0.3395   -0.4888   -0.8036
    0.3406    0.8603   -0.3793
...   128 A-T ...
    6.8861  -78.4690   96.5031
    0.8932   -0.4350   -0.1142
   -0.2618   -0.2964   -0.9185
    0.3656    0.8502   -0.3787
...   129 C-G ...
    8.3953  -75.5767   95.8149
    0.5978   -0.5495   -0.5837
   -0.7013   -0.0057   -0.7128
    0.3884    0.8355   -0.3888
...   130 C-G ...
    9.9740  -72.8518   94.5690
    0.0646   -0.5247   -0.8488
   -0.9068    0.3241   -0.2694
    0.4165    0.7872   -0.4549
...   131 A-T ...
   11.0918  -70.1181   92.9634
   -0.5235   -0.2999   -0.7975
   -0.7555    0.5961    0.2718
    0.3938    0.7448   -0.5386
...   132 A-T ...
   12.4815  -67.8573   91.0834
   -0.8667    0.1131   -0.4858
   -0.2994    0.6612    0.6879
    0.3990    0.7416   -0.5392
...   133 A-T ...
   13.7583  -65.5894   89.1272
   -0.8699    0.4932    0.0079
    0.2729    0.4679    0.8406
    0.4109    0.7334   -0.5416
...   134 T-A ...
   14.7383  -63.4258   86.8199
   -0.5923    0.6747    0.4404
    0.6886    0.1401    0.7115
    0.4183    0.7247   -0.5475
...   135 G-C ...
   15.7316  -61.4928   83.9330
    0.0341    0.7400    0.6717
    0.8636   -0.3601    0.3528
    0.5030    0.5681   -0.6514
...   136 T-A ...
   15.7847  -59.5604   80.7992
    0.5517    0.4998    0.6677
    0.6739   -0.7388   -0.0038
    0.4915    0.4520   -0.7444
...   137 G-C ...
   16.8384  -57.7218   78.2676
    0.8528   -0.0848    0.5153
    0.1507   -0.9048   -0.3983
    0.5000    0.4173   -0.7588
...   138 A-T ...
   18.4281  -55.5286   76.5299
    0.8547   -0.5006    0.1371
   -0.3188   -0.7148   -0.6224
    0.4096    0.4883   -0.7706
...   139 G-C ...
   20.4258  -54.3093   74.5420
    0.5847   -0.7389   -0.3347
   -0.7593   -0.3533   -0.5465
    0.2856    0.5737   -0.7676
...   140 C-G ...
   21.4269  -51.8265   72.7876
    0.1304   -0.7144   -0.6875
   -0.8897    0.2216   -0.3991
    0.4375    0.6637   -0.6067
...   141 G-C ...
   22.1520  -50.1494   67.4640
   -0.4682   -0.8748    0.1248
   -0.8494    0.4066   -0.3364
    0.2435   -0.2635   -0.9334
...   142 C-G ...
   22.3488  -51.2413   64.4933
   -0.8528   -0.5119   -0.1032
   -0.4975    0.8565   -0.1374
    0.1587   -0.0659   -0.9851
...   143 T-A ...
   24.0165  -51.6378   61.9248
   -0.9562    0.0401   -0.2898
    0.0524    0.9980   -0.0348
    0.2878   -0.0485   -0.9564
...   144 C-G ...
   24.8957  -52.7395   58.9873
   -0.7529    0.5560   -0.3520
    0.5214    0.8304    0.1965
    0.4016   -0.0356   -0.9151
...   145 A-T ...
   25.5275  -52.9803   55.8053
   -0.2442    0.9563   -0.1610
    0.8906    0.2869    0.3528
    0.3836   -0.0573   -0.9217
...   146 C-G ...
   25.2777  -52.5122   52.0796
    0.3204    0.9427   -0.0929
    0.8825   -0.2614    0.3909
    0.3443   -0.2072   -0.9157
...   147 A-T ...
   25.6238  -52.5940   48.6396
    0.8597    0.5097    0.0339
    0.4496   -0.7865    0.4233
    0.2424   -0.3487   -0.9053
