  147 base-pairs
...     1 T-A ...
    0.0000    0.0000    0.0000
    1.0000    0.0000    0.0000
    0.0000    1.0000    0.0000
    0.0000    0.0000    1.0000
...     2 G-C ...
   -0.5555   -1.1003    3.3981
    0.7749    0.6051    0.1828
   -0.5991    0.7953   -0.0929
   -0.2016   -0.0375    0.9787
...     3 T-A ...
   -0.6619   -3.0237    6.5348
    0.3046    0.9250    0.2271
   -0.8994    0.3578   -0.2510
   -0.3134   -0.1278    0.9410
...     4 G-C ...
   -1.1607   -3.8418    9.6940
   -0.3351    0.9421    0.0133
   -0.8752   -0.3061   -0.3746
   -0.3489   -0.1372    0.9271
...     5 A-T ...
   -1.3881   -3.6770   12.8999
   -0.7835    0.6162   -0.0801
   -0.5677   -0.7622   -0.3109
   -0.2527   -0.1981    0.9470
...     6 G-C ...
   -2.6236   -3.5448   15.7072
   -0.9923    0.0611   -0.1075
   -0.0294   -0.9610   -0.2748
   -0.1201   -0.2695    0.9555
...     7 C-G ...
   -2.3138   -3.7570   18.8866
   -0.8620   -0.4995   -0.0864
    0.5008   -0.8655    0.0073
   -0.0785   -0.0370    0.9962
...     8 G-C ...
   -3.9561   -6.8109   23.3205
   -0.2581   -0.3560   -0.8981
    0.6294   -0.7673    0.1233
   -0.7330   -0.5335    0.4221
...     9 C-G ...
   -6.1177   -8.9414   24.2385
    0.1143   -0.7320   -0.6716
    0.8123   -0.3203    0.4874
   -0.5720   -0.6013    0.5580
...    10 T-A ...
   -8.5041   -9.6771   26.0540
    0.4660   -0.8587   -0.2131
    0.6274    0.1508    0.7640
   -0.6239   -0.4897    0.6090
...    11 C-G ...
  -11.0625  -11.3174   27.2336
    0.6660   -0.6911    0.2808
    0.3382    0.6152    0.7121
   -0.6649   -0.3794    0.6435
...    12 A-T ...
  -13.0013  -13.1789   29.0658
    0.7188   -0.1490    0.6790
   -0.1787    0.9043    0.3876
   -0.6718   -0.4000    0.6235
...    13 C-G ...
  -14.1788  -15.9359   31.3399
    0.4052    0.2865    0.8682
   -0.5270    0.8492   -0.0343
   -0.7470   -0.4437    0.4951
...    14 A-T ...
  -15.9532  -18.1566   33.3080
   -0.1503    0.6873    0.7107
   -0.6106    0.5008   -0.6135
   -0.7776   -0.5261    0.3444
...    15 A-T ...
  -18.3891  -19.8428   34.6263
   -0.4556    0.8652    0.2092
   -0.4170    0.0002   -0.9089
   -0.7864   -0.5014    0.3608
...    16 T-A ...
  -20.7620  -21.2487   36.4197
   -0.5934    0.7479   -0.2976
   -0.1295   -0.4536   -0.8818
   -0.7944   -0.4847    0.3660
...    17 T-A ...
  -23.3701  -22.6287   37.7899
   -0.5577    0.3362   -0.7589
    0.2338   -0.8137   -0.5323
   -0.7964   -0.4743    0.3752
...    18 T-A ...
  -26.0609  -23.9145   39.1096
   -0.3295   -0.2241   -0.9172
    0.5136   -0.8577    0.0251
   -0.7923   -0.4628    0.3977
...    19 A-T ...
  -28.4202  -25.8187   40.7083
    0.0586   -0.7638   -0.6427
    0.6079   -0.4834    0.6299
   -0.7918   -0.4277    0.4360
...    20 T-A ...
  -31.4013  -26.9767   41.6122
    0.3516   -0.9140   -0.2027
    0.4906   -0.0045    0.8714
   -0.7973   -0.4058    0.4468
...    21 T-A ...
  -34.1392  -28.2738   42.8304
    0.5487   -0.7480    0.3735
    0.1969    0.5498    0.8118
   -0.8125   -0.3718    0.4489
...    22 C-G ...
  -36.8494  -29.5273   44.2610
    0.5719   -0.2461    0.7826
   -0.1736    0.8961    0.4086
   -0.8018   -0.3695    0.4697
...    23 G-C ...
  -39.6761  -30.3255   45.9716
    0.4494    0.3602    0.8175
   -0.4794    0.8694   -0.1195
   -0.7538   -0.3382    0.5634
...    24 C-G ...
  -41.8979  -31.7215   48.0276
    0.1423    0.8026    0.5794
   -0.6531    0.5160   -0.5543
   -0.7438   -0.2995    0.5976
...    25 A-T ...
  -44.5506  -32.5308   49.9300
   -0.1887    0.9790    0.0772
   -0.6356   -0.0619   -0.7695
   -0.7486   -0.1943    0.6340
...    26 A-T ...
  -46.8682  -33.0202   52.1546
   -0.5172    0.7601   -0.3935
   -0.4112   -0.6239   -0.6646
   -0.7506   -0.1819    0.6352
...    27 A-T ...
  -49.2694  -33.3709   54.3217
   -0.6603    0.2498   -0.7082
   -0.0360   -0.9525   -0.3024
   -0.7501   -0.1742    0.6380
...    28 G-C ...
  -51.8747  -33.6138   56.4074
   -0.5297   -0.3065   -0.7908
    0.3172   -0.9364    0.1504
   -0.7866   -0.1712    0.5932
...    29 G-C ...
  -54.7446  -34.0012   58.1942
   -0.2027   -0.7693   -0.6059
    0.5390   -0.6043    0.5868
   -0.8176   -0.2076    0.5371
...    30 C-G ...
  -57.7141  -34.5677   59.6425
    0.1648   -0.9689   -0.1848
    0.5504   -0.0651    0.8324
   -0.8185   -0.2389    0.5225
...    31 C-G ...
  -60.5891  -35.5050   61.1826
    0.5046   -0.8158    0.2827
    0.3454    0.4908    0.7998
   -0.7913   -0.3059    0.5294
...    32 G-C ...
  -63.1155  -36.2715   63.3186
    0.6851   -0.3441    0.6421
   -0.0286    0.8680    0.4957
   -0.7279   -0.3579    0.5848
...    33 G-C ...
  -65.4658  -37.7014   65.2865
    0.6054    0.2351    0.7604
   -0.4216    0.9051    0.0558
   -0.6751   -0.3543    0.6471
...    34 C-G ...
  -67.4131  -39.1783   67.5582
    0.2926    0.7184    0.6311
   -0.6966    0.6123   -0.3739
   -0.6551   -0.3302    0.6796
...    35 C-G ...
  -69.3955  -40.2241   70.0963
   -0.0990    0.9618    0.2552
   -0.7590    0.0929   -0.6445
   -0.6436   -0.2575    0.7208
...    36 C-G ...
  -71.4214  -40.8363   72.7475
   -0.4590    0.8638   -0.2080
   -0.5908   -0.4716   -0.6547
   -0.6636   -0.1776    0.7267
...    37 G-C ...
  -73.9372  -41.5452   74.9085
   -0.6479    0.4438   -0.6191
   -0.2390   -0.8901   -0.3880
   -0.7232   -0.1034    0.6828
...    38 A-T ...
  -76.3434  -41.7733   77.1618
   -0.6407   -0.1849   -0.7452
    0.1976   -0.9776    0.0727
   -0.7419   -0.1007    0.6629
...    39 C-G ...
  -79.0257  -41.5291   79.1375
   -0.4123   -0.6825   -0.6036
    0.5064   -0.7224    0.4709
   -0.7574   -0.1115    0.6434
...    40 A-T ...
  -81.4506  -42.0582   81.4032
    0.0374   -0.9634   -0.2654
    0.6328   -0.1827    0.7525
   -0.7734   -0.1961    0.6028
...    41 C-G ...
  -84.3617  -42.7603   82.8594
    0.3968   -0.9028    0.1656
    0.5034    0.3649    0.7832
   -0.7675   -0.2274    0.5993
...    42 G-C ...
  -86.7107  -43.4122   85.2199
    0.6943   -0.4963    0.5213
    0.1544    0.8101    0.5656
   -0.7030   -0.3122    0.6390
...    43 A-T ...
  -88.9821  -44.5306   87.3342
    0.6663    0.1063    0.7380
   -0.3091    0.9401    0.1437
   -0.6786   -0.3239    0.6593
...    44 C-G ...
  -90.8585  -46.1309   89.5769
    0.4068    0.6062    0.6834
   -0.6322    0.7268   -0.2684
   -0.6594   -0.3229    0.6789
...    45 T-A ...
  -92.7827  -47.2482   92.0683
    0.0174    0.9206    0.3902
   -0.7706    0.2610   -0.5814
   -0.6370   -0.2906    0.7140
...    46 T-A ...
  -94.6477  -48.2170   94.5629
   -0.4613    0.8872   -0.0124
   -0.6266   -0.3356   -0.7034
   -0.6282   -0.3167    0.7107
...    47 A-T ...
  -96.9637  -49.6212   96.6444
   -0.7789    0.4339   -0.4529
   -0.1566   -0.8337   -0.5295
   -0.6073   -0.3415    0.7173
...    48 C-G ...
  -99.0199  -50.1455   99.2375
   -0.7279   -0.0842   -0.6805
    0.2925   -0.9357   -0.1970
   -0.6202   -0.3425    0.7057
...    49 T-A ...
 -101.2982  -51.0359  101.5206
   -0.4103   -0.5651   -0.7157
    0.6402   -0.7374    0.2152
   -0.6494   -0.3699    0.6644
...    50 G-C ...
 -103.3683  -52.4895  103.7324
    0.1116   -0.8456   -0.5220
    0.7484   -0.2740    0.6039
   -0.6537   -0.4581    0.6023
...    51 T-A ...
 -105.9167  -53.9973  105.2253
    0.5250   -0.8387   -0.1443
    0.5701    0.2207    0.7914
   -0.6319   -0.4978    0.5941
...    52 A-T ...
 -107.9023  -55.6745  107.3586
    0.8126   -0.4871    0.3201
    0.1134    0.6708    0.7329
   -0.5717   -0.5592    0.6003
...    53 G-C ...
 -109.6711  -57.7945  109.2139
    0.7820   -0.0004    0.6232
   -0.3647    0.8106    0.4582
   -0.5054   -0.5856    0.6338
...    54 G-C ...
 -111.0060  -59.9332  111.4708
    0.4766    0.4998    0.7233
   -0.7652    0.6408    0.0614
   -0.4328   -0.5827    0.6878
...    55 T-A ...
 -111.8411  -62.0805  113.8873
   -0.0127    0.7756    0.6311
   -0.9087    0.2544   -0.3309
   -0.4173   -0.5777    0.7016
...    56 A-T ...
 -113.7976  -64.0993  115.8882
   -0.6548    0.6986    0.2884
   -0.6535   -0.3316   -0.6805
   -0.3797   -0.6340    0.6737
...    57 T-A ...
 -114.6966  -65.8253  118.5885
   -0.9127    0.3976   -0.0944
   -0.2047   -0.6449   -0.7364
   -0.3536   -0.6527    0.6700
...    58 C-G ...
 -115.8478  -67.9232  120.8891
   -0.8441   -0.0805   -0.5302
    0.4053   -0.7431   -0.5325
   -0.3511   -0.6643    0.6599
...    59 T-A ...
 -117.2509  -69.9511  123.1550
   -0.4616   -0.4421   -0.7691
    0.8069   -0.5694   -0.1570
   -0.3685   -0.6930    0.6196
...    60 C-G ...
 -118.5137  -72.1763  125.2425
    0.1361   -0.6610   -0.7379
    0.9273   -0.1771    0.3297
   -0.3486   -0.7292    0.5889
...    61 G-C ...
 -119.3611  -74.6739  127.3678
    0.6831   -0.5236   -0.5091
    0.6853    0.2186    0.6947
   -0.2525   -0.8234    0.5081
...    62 A-T ...
 -120.1501  -77.4279  128.9485
    0.9718   -0.2332   -0.0346
    0.1436    0.4689    0.8715
   -0.1870   -0.8519    0.4892
...    63 G-C ...
 -120.5791  -80.4135  130.3241
    0.9084    0.1340    0.3961
   -0.4085    0.4868    0.7721
   -0.0893   -0.8632    0.4969
...    64 C-G ...
 -120.3521  -83.3908  131.7918
    0.5288    0.4211    0.7369
   -0.8484    0.2875    0.4446
   -0.0246   -0.8603    0.5093
...    65 T-A ...
 -120.0256  -86.1998  133.5563
   -0.0283    0.5404    0.8409
   -0.9991   -0.0422   -0.0065
    0.0320   -0.8404    0.5411
...    66 C-G ...
 -119.8412  -88.8717  135.5089
   -0.6369    0.3860    0.6673
   -0.7685   -0.3863   -0.5101
    0.0608   -0.8377    0.5427
...    67 G-C ...
 -120.0005  -91.8842  137.0553
   -0.9720    0.1018    0.2119
   -0.2321   -0.5578   -0.7968
    0.0371   -0.8237    0.5658
...    68 G-C ...
 -119.8095  -94.5536  139.1637
   -0.9291   -0.2035   -0.3088
    0.3698   -0.5017   -0.7820
    0.0042   -0.8407    0.5414
...    69 G-C ...
 -119.7812  -97.2649  141.2278
   -0.5535   -0.3928   -0.7344
    0.8328   -0.2699   -0.4833
   -0.0084   -0.8791    0.4765
...    70 A-T ...
 -119.8007 -100.0784  142.9313
    0.0551   -0.4300   -0.9011
    0.9982    0.0442    0.0399
    0.0227   -0.9017    0.4317
...    71 T-A ...
 -120.3292 -103.0801  144.1238
    0.5544   -0.3135   -0.7710
    0.8308    0.2624    0.4908
    0.0484   -0.9126    0.4059
...    72 C-G ...
 -120.1395 -106.0998  145.3562
    0.9295   -0.0194   -0.3682
    0.3475    0.3801    0.8572
    0.1233   -0.9247    0.3601
...    73 C-G ...
 -119.4511 -109.2807  146.2046
    0.9446    0.3061    0.1189
   -0.2072    0.2744    0.9390
    0.2547   -0.9116    0.3226
...    74 G-C ...
 -118.2571 -112.0896  147.6919
    0.6193    0.5173    0.5906
   -0.6701   -0.0438    0.7410
    0.4092   -0.8547    0.3195
...    75 C-G ...
 -116.3649 -114.6535  148.7158
    0.1222    0.4242    0.8973
   -0.8770   -0.3772    0.2977
    0.4648   -0.8233    0.3259
...    76 T-A ...
 -114.5066 -117.1553  149.9423
   -0.3958    0.1465    0.9066
   -0.7688   -0.5928   -0.2399
    0.5022   -0.7919    0.3472
...    77 T-A ...
 -112.5830 -119.5219  151.1516
   -0.7362   -0.3142    0.5994
   -0.3753   -0.5474   -0.7480
    0.5632   -0.7756    0.2851
...    78 T-A ...
 -110.5622 -121.8357  152.3078
   -0.7623   -0.6460    0.0399
    0.1314   -0.2149   -0.9677
    0.6337   -0.7325    0.2487
...    79 A-T ...
 -107.9022 -124.0640  152.4897
   -0.4020   -0.6704   -0.6237
    0.5751    0.3452   -0.7417
    0.7125   -0.6569    0.2468
...    80 A-T ...
 -105.6961 -126.2584  153.4447
    0.0196   -0.3328   -0.9428
    0.6769    0.6984   -0.2325
    0.7359   -0.6336    0.2389
...    81 C-G ...
 -103.6878 -128.7591  154.2172
    0.3388    0.1359   -0.9310
    0.5528    0.7719    0.3138
    0.7613   -0.6210    0.1864
...    82 A-T ...
 -100.9795 -130.6800  154.8448
    0.4707    0.6492   -0.5975
    0.2799    0.5324    0.7989
    0.8367   -0.5432    0.0689
...    83 C-G ...
  -98.3228 -132.5551  154.4220
    0.4885    0.8688   -0.0806
    0.0117    0.0859    0.9962
    0.8725   -0.4876    0.0318
...    84 T-A ...
  -95.2870 -133.8832  154.2173
    0.3384    0.8112    0.4768
   -0.1957   -0.4349    0.8789
    0.9204   -0.3908    0.0116
...    85 T-A ...
  -92.2107 -134.9278  154.1070
    0.1645    0.3928    0.9048
   -0.3302   -0.8425    0.4257
    0.9295   -0.3688   -0.0089
...    86 T-A ...
  -89.0706 -135.8257  154.0060
   -0.0163   -0.2138    0.9767
   -0.3498   -0.9139   -0.2059
    0.9367   -0.3450   -0.0598
...    87 A-T ...
  -86.1355 -137.5478  153.1368
   -0.1191   -0.8446    0.5220
   -0.2728   -0.4776   -0.8351
    0.9547   -0.2418   -0.1735
...    88 T-A ...
  -82.8336 -138.0797  153.2021
   -0.1971   -0.9802   -0.0161
   -0.1855    0.0534   -0.9812
    0.9627   -0.1904   -0.1924
...    89 G-C ...
  -79.6739 -138.4964  152.1821
   -0.3099   -0.7350   -0.6031
   -0.0482    0.6457   -0.7621
    0.9496   -0.2071   -0.2355
...    90 C-G ...
  -76.4734 -139.3783  151.7339
   -0.3284   -0.2328   -0.9154
    0.1020    0.9548   -0.2794
    0.9390   -0.1851   -0.2898
...    91 T-A ...
  -73.4361 -140.2186  150.6831
   -0.3056    0.3373   -0.8904
    0.2533    0.9302    0.2655
    0.9179   -0.1444   -0.3697
...    92 T-A ...
  -70.5403 -140.7630  149.3648
   -0.1652    0.8153   -0.5550
    0.3831    0.5716    0.7256
    0.9088   -0.0928   -0.4068
...    93 C-G ...
  -67.6217 -140.9099  147.9130
    0.0174    0.9998    0.0120
    0.4360   -0.0184    0.8997
    0.8998   -0.0105   -0.4363
...    94 C-G ...
  -64.7221 -140.4273  146.2465
    0.1578    0.8184    0.5525
    0.4180   -0.5623    0.7135
    0.8947    0.1183   -0.4308
...    95 T-A ...
  -61.8596 -139.5732  144.7796
    0.3062    0.3695    0.8773
    0.3262   -0.9065    0.2679
    0.8943    0.2042   -0.3981
...    96 C-G ...
  -58.8645 -138.7152  143.6729
    0.4421   -0.2594    0.8586
    0.1085   -0.9348   -0.3383
    0.8904    0.2428   -0.3852
...    97 A-T ...
  -55.8720 -138.1805  142.2799
    0.3929   -0.7819    0.4840
   -0.1545   -0.5750   -0.8034
    0.9065    0.2409   -0.3467
...    98 T-A ...
  -52.7652 -137.0732  141.7626
    0.2894   -0.9566   -0.0343
   -0.3515   -0.0729   -0.9333
    0.8903    0.2822   -0.3573
...    99 G-C ...
  -49.9892 -136.0199  140.2165
   -0.0218   -0.8125   -0.5825
   -0.4630    0.5246   -0.7144
    0.8861    0.2541   -0.3876
...   100 T-A ...
  -46.7998 -135.5803  139.2870
   -0.2888   -0.4003   -0.8697
   -0.3968    0.8767   -0.2718
    0.8713    0.2666   -0.4121
...   101 T-A ...
  -43.9041 -134.8800  137.9942
   -0.4798    0.1863   -0.8574
   -0.1697    0.9390    0.2991
    0.8608    0.2890   -0.4189
...   102 A-T ...
  -41.0902 -133.7018  136.5913
   -0.5725    0.6825   -0.4543
    0.1672    0.6396    0.7503
    0.8027    0.3536   -0.4803
...   103 T-A ...
  -38.7611 -132.7928  134.4807
   -0.4333    0.9012    0.0096
    0.4428    0.2037    0.8732
    0.7849    0.3826   -0.4873
...   104 A-T ...
  -36.2074 -131.2567  132.9344
   -0.1624    0.7987    0.5794
    0.6530   -0.3533    0.6699
    0.7398    0.4871   -0.4641
...   105 A-T ...
  -33.9894 -129.4671  131.3761
    0.2444    0.4386    0.8648
    0.6420   -0.7416    0.1946
    0.7267    0.5077   -0.4628
...   106 C-G ...
  -31.9598 -127.2006  129.9741
    0.5439   -0.0417    0.8381
    0.4276   -0.8456   -0.3196
    0.7220    0.5322   -0.4421
...   107 G-C ...
  -29.2895 -125.7632  128.4583
    0.6492   -0.5632    0.5113
    0.0630   -0.6300   -0.7740
    0.7580    0.5347   -0.3735
...   108 G-C ...
  -26.6605 -123.8509  127.4480
    0.5326   -0.8463   -0.0084
   -0.3103   -0.1860   -0.9323
    0.7874    0.4992   -0.3617
...   109 A-T ...
  -24.0605 -122.1137  126.3502
    0.2249   -0.7837   -0.5790
   -0.5828    0.3680   -0.7245
    0.7809    0.5004   -0.3739
...   110 G-C ...
  -21.3061 -120.5787  125.2483
   -0.1776   -0.4732   -0.8629
   -0.6205    0.7344   -0.2750
    0.7638    0.4865   -0.4241
...   111 G-C ...
  -18.6170 -119.0829  123.8472
   -0.5633   -0.0191   -0.8260
   -0.4145    0.8714    0.2625
    0.7148    0.4902   -0.4988
...   112 C-G ...
  -16.1841 -117.8152  121.9672
   -0.7397    0.4413   -0.5081
   -0.0271    0.7348    0.6777
    0.6724    0.5151   -0.5316
...   113 T-A ...
  -14.1547 -116.1698  119.9130
   -0.6869    0.7266   -0.0135
    0.3976    0.3914    0.8299
    0.6083    0.5647   -0.5577
...   114 C-G ...
  -12.3073 -114.1978  118.0427
   -0.3379    0.7897    0.5120
    0.7454   -0.1076    0.6579
    0.5747    0.6039   -0.5523
...   115 G-C ...
  -10.1767 -112.0118  116.5660
    0.0945    0.5150    0.8520
    0.8396   -0.5011    0.2098
    0.5349    0.6955   -0.4797
...   116 T-A ...
   -8.9128 -109.2862  115.1051
    0.5242    0.1454    0.8391
    0.6616   -0.6900   -0.2937
    0.5363    0.7090   -0.4579
...   117 A-T ...
   -6.9348 -107.1740  113.3085
    0.8431   -0.3251    0.4283
    0.1556   -0.6151   -0.7730
    0.5147    0.7183   -0.4680
...   118 T-A ...
   -5.2487 -104.4719  112.3776
    0.8080   -0.5871   -0.0499
   -0.3126   -0.3554   -0.8809
    0.4995    0.7273   -0.4706
...   119 A-T ...
   -3.9509 -102.0069  110.3950
    0.4124   -0.6544   -0.6338
   -0.7777    0.1094   -0.6190
    0.4744    0.7482   -0.4638
...   120 A-T ...
   -2.2130  -99.6238  109.0127
   -0.1220   -0.4514   -0.8839
   -0.8765    0.4668   -0.1174
    0.4656    0.7605   -0.4526
...   121 T-A ...
   -0.1645  -97.5401  107.4785
   -0.5616   -0.1422   -0.8151
   -0.6862    0.6304    0.3629
    0.4622    0.7631   -0.4516
...   122 G-C ...
    1.0847  -94.7853  106.0134
   -0.8988    0.1880   -0.3960
   -0.2082    0.6119    0.7630
    0.3858    0.7683   -0.5109
...   123 T-A ...
    2.2184  -92.5763  103.8037
   -0.8808    0.4635    0.0969
    0.3136    0.4178    0.8527
    0.3547    0.7814   -0.5134
...   124 G-C ...
    3.3388  -89.7511  102.3676
   -0.5520    0.5484    0.6281
    0.7860    0.0907    0.6116
    0.2784    0.8313   -0.4811
...   125 T-A ...
    3.6303  -86.9310  100.6074
   -0.0443    0.4879    0.8718
    0.9620   -0.2147    0.1690
    0.2696    0.8461   -0.4598
...   126 C-G ...
    4.4328  -84.0594   99.1812
    0.5438    0.2379    0.8048
    0.7938   -0.4570   -0.4013
    0.2723    0.8571   -0.4374
...   127 G-C ...
    5.6793  -81.3411   97.5837
    0.8750   -0.1541    0.4589
    0.3375   -0.4853   -0.8066
    0.3470    0.8607   -0.3726
...   128 A-T ...
    6.8077  -78.4533   96.4424
    0.8905   -0.4399   -0.1159
   -0.2626   -0.2889   -0.9207
    0.3715    0.8503   -0.3727
...   129 C-G ...
    8.3362  -75.5671   95.7733
    0.5952   -0.5497   -0.5862
   -0.7005    0.0026   -0.7137
    0.3939    0.8353   -0.3835
...   130 C-G ...
    9.9336  -72.8437   94.5479
    0.0627   -0.5213   -0.8511
   -0.9048    0.3302   -0.2689
    0.4212    0.7869   -0.4510
...   131 A-T ...
   11.0750  -70.1130   92.9544
   -0.5240   -0.2957   -0.7988
   -0.7532    0.5987    0.2725
    0.3976    0.7444   -0.5364
...   132 A-T ...
   12.4745  -67.8544   91.0802
   -0.8661    0.1160   -0.4862
   -0.2979    0.6614    0.6883
    0.4014    0.7410   -0.5383
...   133 A-T ...
   13.7566  -65.5883   89.1265
   -0.8694    0.4941    0.0079
    0.2733    0.4674    0.8407
    0.4117    0.7330   -0.5414
...   134 T-A ...
   14.7384  -63.4259   86.8199
   -0.5923    0.6747    0.4404
    0.6886    0.1401    0.7115
    0.4183    0.7247   -0.5475
...   135 G-C ...
   15.7316  -61.4928   83.9330
    0.0341    0.7400    0.6717
    0.8636   -0.3601    0.3528
    0.5030    0.5681   -0.6514
...   136 T-A ...
   15.7848  -59.5604   80.7992
    0.5517    0.4998    0.6677
    0.6739   -0.7388   -0.0038
    0.4915    0.4520   -0.7444
...   137 G-C ...
   16.8385  -57.7219   78.2675
    0.8528   -0.0848    0.5153
    0.1507   -0.9048   -0.3983
    0.5000    0.4173   -0.7588
...   138 A-T ...
   18.4282  -55.5287   76.5298
    0.8547   -0.5006    0.1371
   -0.3188   -0.7148   -0.6224
    0.4096    0.4883   -0.7706
...   139 G-C ...
   20.4259  -54.3093   74.5419
    0.5847   -0.7389   -0.3347
   -0.7593   -0.3533   -0.5465
    0.2856    0.5737   -0.7676
...   140 C-G ...
   21.4269  -51.8266   72.7875
    0.1304   -0.7144   -0.6875
   -0.8897    0.2216   -0.3991
    0.4375    0.6637   -0.6067
...   141 G-C ...
   22.1521  -50.1495   67.4639
   -0.4682   -0.8748    0.1248
   -0.8494    0.4066   -0.3364
    0.2435   -0.2635   -0.9334
...   142 C-G ...
   22.3488  -51.2414   64.4933
   -0.8528   -0.5119   -0.1032
   -0.4975    0.8565   -0.1374
    0.1587   -0.0659   -0.9851
...   143 T-A ...
   24.0166  -51.6379   61.9247
   -0.9562    0.0401   -0.2898
    0.0524    0.9980   -0.0348
    0.2878   -0.0485   -0.9564
...   144 C-G ...
   24.8957  -52.7396   58.9873
   -0.7529    0.5560   -0.3520
    0.5214    0.8304    0.1965
    0.4016   -0.0356   -0.9151
...   145 A-T ...
   25.5275  -52.9804   55.8053
   -0.2442    0.9563   -0.1610
    0.8906    0.2869    0.3528
    0.3836   -0.0573   -0.9217
...   146 C-G ...
   25.2777  -52.5123   52.0796
    0.3204    0.9427   -0.0929
    0.8825   -0.2614    0.3909
    0.3443   -0.2072   -0.9157
...   147 A-T ...
   25.6238  -52.5940   48.6395
    0.8597    0.5097    0.0339
    0.4496   -0.7865    0.4233
    0.2424   -0.3487   -0.9053
