  147 base-pairs
...     1 T-A ...
    0.0000    0.0000    0.0000
    1.0000    0.0000    0.0000
    0.0000    1.0000    0.0000
    0.0000    0.0000    1.0000
...     2 G-C ...
   -0.5555   -1.1003    3.3981
    0.7749    0.6051    0.1828
   -0.5991    0.7953   -0.0929
   -0.2016   -0.0375    0.9787
...     3 T-A ...
   -0.6619   -3.0237    6.5348
    0.3046    0.9250    0.2271
   -0.8994    0.3578   -0.2510
   -0.3134   -0.1278    0.9410
...     4 G-C ...
   -1.1607   -3.8418    9.6940
   -0.3351    0.9421    0.0133
   -0.8752   -0.3061   -0.3746
   -0.3489   -0.1372    0.9271
...     5 A-T ...
   -1.3881   -3.6770   12.8999
   -0.7835    0.6162   -0.0801
   -0.5677   -0.7622   -0.3109
   -0.2527   -0.1981    0.9470
...     6 G-C ...
   -2.6236   -3.5448   15.7072
   -0.9923    0.0611   -0.1075
   -0.0294   -0.9610   -0.2748
   -0.1201   -0.2695    0.9555
...     7 C-G ...
   -2.3138   -3.7570   18.8866
   -0.8620   -0.4995   -0.0864
    0.5008   -0.8655    0.0073
   -0.0785   -0.0370    0.9962
...     8 G-C ...
   -3.9561   -6.8109   23.3205
   -0.2581   -0.3560   -0.8981
    0.6294   -0.7673    0.1233
   -0.7330   -0.5335    0.4221
...     9 C-G ...
   -6.1177   -8.9414   24.2385
    0.1143   -0.7320   -0.6716
    0.8123   -0.3203    0.4874
   -0.5720   -0.6013    0.5580
...    10 T-A ...
   -8.5041   -9.6771   26.0540
    0.4660   -0.8587   -0.2131
    0.6274    0.1508    0.7640
   -0.6239   -0.4897    0.6090
...    11 C-G ...
  -11.0625  -11.3174   27.2336
    0.6660   -0.6911    0.2808
    0.3382    0.6152    0.7121
   -0.6649   -0.3794    0.6435
...    12 A-T ...
  -13.0013  -13.1789   29.0658
    0.7188   -0.1490    0.6790
   -0.1787    0.9043    0.3876
   -0.6718   -0.4000    0.6235
...    13 C-G ...
  -14.1788  -15.9359   31.3399
    0.4052    0.2865    0.8682
   -0.5270    0.8492   -0.0343
   -0.7470   -0.4437    0.4951
...    14 A-T ...
  -15.9532  -18.1566   33.3080
   -0.1503    0.6873    0.7107
   -0.6106    0.5008   -0.6135
   -0.7776   -0.5261    0.3444
...    15 A-T ...
  -18.4876  -19.7956   34.5185
   -0.4560    0.8694    0.1904
   -0.4105   -0.0156   -0.9117
   -0.7897   -0.4939    0.3639
...    16 T-A ...
  -20.8816  -21.2595   36.4231
   -0.6336    0.6976   -0.3345
   -0.0842   -0.4920   -0.8665
   -0.7690   -0.5209    0.3705
...    17 T-A ...
  -23.3970  -22.7113   37.9576
   -0.5891    0.2437   -0.7705
    0.3139   -0.8096   -0.4960
   -0.7446   -0.5341    0.4004
...    18 T-A ...
  -25.9486  -24.2287   39.3581
   -0.3063   -0.2915   -0.9062
    0.6015   -0.7971    0.0531
   -0.7378   -0.5288    0.4195
...    19 A-T ...
  -28.2968  -26.2138   41.0129
    0.1477   -0.7953   -0.5879
    0.6594   -0.3639    0.6579
   -0.7372   -0.4848    0.4707
...    20 T-A ...
  -31.1590  -27.5838   42.0855
    0.4502   -0.8860   -0.1113
    0.4872    0.1393    0.8621
   -0.7483   -0.4423    0.4943
...    21 T-A ...
  -33.7120  -29.0696   43.4592
    0.6227   -0.6367    0.4548
    0.1155    0.6497    0.7513
   -0.7739   -0.4153    0.4782
...    22 C-G ...
  -36.2797  -30.4058   45.0580
    0.5841   -0.1017    0.8053
   -0.2907    0.9001    0.3246
   -0.7578   -0.4237    0.4962
...    23 G-C ...
  -39.0656  -31.2150   46.8537
    0.4372    0.4852    0.7573
   -0.5794    0.7959   -0.1755
   -0.6879   -0.3621    0.6291
...    24 C-G ...
  -41.0626  -32.6746   49.0201
    0.1066    0.8533    0.5104
   -0.7188    0.4208   -0.5534
   -0.6870   -0.3078    0.6582
...    25 A-T ...
  -43.7291  -33.5672   50.8486
   -0.2856    0.9580    0.0243
   -0.6496   -0.1749   -0.7399
   -0.7046   -0.2271    0.6723
...    26 A-T ...
  -46.0116  -34.1384   53.1415
   -0.6000    0.6778   -0.4248
   -0.3696   -0.7059   -0.6043
   -0.7095   -0.2056    0.6740
...    27 A-T ...
  -48.2186  -34.5242   55.5209
   -0.7103    0.1287   -0.6920
    0.0586   -0.9689   -0.2403
   -0.7015   -0.2112    0.6807
...    28 G-C ...
  -50.7728  -34.7601   57.7544
   -0.5254   -0.4142   -0.7432
    0.4219   -0.8854    0.1953
   -0.7389   -0.2110    0.6399
...    29 G-C ...
  -53.5580  -35.3240   59.7390
   -0.1319   -0.8464   -0.5159
    0.6365   -0.4713    0.6105
   -0.7599   -0.2478    0.6009
...    30 C-G ...
  -56.2839  -36.1361   61.4124
    0.2869   -0.9531   -0.0965
    0.5842    0.0943    0.8061
   -0.7592   -0.2877    0.5838
...    31 C-G ...
  -59.0149  -37.0404   63.1909
    0.6128   -0.7105    0.3459
    0.3077    0.6177    0.7237
   -0.7278   -0.3371    0.5972
...    32 G-C ...
  -61.1722  -37.8135   65.3328
    0.7480   -0.2334    0.6214
   -0.0838    0.8955    0.4372
   -0.6584   -0.3790    0.6502
...    33 G-C ...
  -63.1125  -39.2422   67.6798
    0.6072    0.3444    0.7161
   -0.5071    0.8617    0.0155
   -0.6117   -0.3726    0.6978
...    34 C-G ...
  -64.8643  -40.6793   70.0702
    0.2381    0.7927    0.5612
   -0.7686    0.5071   -0.3901
   -0.5938   -0.3384    0.7300
...    35 C-G ...
  -66.6082  -41.5536   72.8792
   -0.2103    0.9588    0.1908
   -0.7806   -0.0472   -0.6232
   -0.5886   -0.2800    0.7584
...    36 C-G ...
  -68.4821  -42.2210   75.6306
   -0.5943    0.7659   -0.2453
   -0.5407   -0.6063   -0.5831
   -0.5953   -0.2139    0.7745
...    37 G-C ...
  -70.7088  -43.7708   77.7784
   -0.7549    0.2881   -0.5892
   -0.0975   -0.9377   -0.3336
   -0.6486   -0.1944    0.7359
...    38 A-T ...
  -72.7254  -44.3463   80.1849
   -0.6602   -0.3298   -0.6748
    0.3808   -0.9214    0.0778
   -0.6474   -0.2056    0.7339
...    39 C-G ...
  -75.1524  -44.6935   82.2752
   -0.3268   -0.7613   -0.5600
    0.6637   -0.6067    0.4374
   -0.6728   -0.2288    0.7036
...    40 A-T ...
  -77.4672  -45.6038   84.5782
    0.1872   -0.9545   -0.2321
    0.7170   -0.0288    0.6965
   -0.6715   -0.2968    0.6790
...    41 C-G ...
  -79.8979  -46.9161   86.4205
    0.5693   -0.8093    0.1445
    0.4970    0.4788    0.7237
   -0.6549   -0.3402    0.6748
...    42 G-C ...
  -81.8343  -47.7631   89.0231
    0.7936   -0.3289    0.5118
    0.0273    0.8596    0.5102
   -0.6078   -0.3909    0.6912
...    43 A-T ...
  -83.8176  -49.0424   91.1730
    0.6512    0.2535    0.7153
   -0.4500    0.8880    0.0950
   -0.6111   -0.3837    0.6923
...    44 C-G ...
  -85.4207  -50.7957   93.4810
    0.3246    0.7126    0.6219
   -0.7458    0.5973   -0.2952
   -0.5818   -0.3680    0.7253
...    45 T-A ...
  -86.9328  -52.2549   96.4245
   -0.1555    0.9406    0.3019
   -0.7994    0.0597   -0.5979
   -0.5804   -0.3343    0.7426
...    46 T-A ...
  -88.6255  -53.3223   98.9543
   -0.5799    0.8115   -0.0717
   -0.5667   -0.4650   -0.6802
   -0.5853   -0.3538    0.7295
...    47 A-T ...
  -90.7508  -54.7795  101.1812
   -0.8148    0.2988   -0.4968
   -0.0395   -0.8835   -0.4667
   -0.5784   -0.3607    0.7317
...    48 C-G ...
  -92.7920  -55.3162  103.7808
   -0.6908   -0.2221   -0.6880
    0.4072   -0.9059   -0.1164
   -0.5974   -0.3606    0.7163
...    49 T-A ...
  -95.1193  -56.2665  106.0668
   -0.3027   -0.6534   -0.6939
    0.7085   -0.6412    0.2948
   -0.6375   -0.4024    0.6570
...    50 G-C ...
  -97.2682  -57.8506  108.1645
    0.2493   -0.8431   -0.4765
    0.7382   -0.1530    0.6570
   -0.6268   -0.5156    0.5842
...    51 T-A ...
  -99.5690  -59.5914  109.5885
    0.6294   -0.7715   -0.0934
    0.4909    0.3015    0.8174
   -0.6024   -0.5603    0.5685
...    52 A-T ...
 -101.3821  -61.4819  111.7158
    0.8439   -0.3763    0.3823
   -0.0229    0.6867    0.7266
   -0.5359   -0.6220    0.5709
...    53 G-C ...
 -103.1253  -63.6293  113.4403
    0.7473    0.1061    0.6560
   -0.4875    0.7584    0.4327
   -0.4516   -0.6431    0.6184
...    54 G-C ...
 -104.0798  -66.3225  115.6291
    0.3559    0.5721    0.7390
   -0.8493    0.5279    0.0004
   -0.3899   -0.6277    0.6737
...    55 T-A ...
 -104.8591  -68.4480  118.0263
   -0.1571    0.7626    0.6275
   -0.9139    0.1286   -0.3851
   -0.3744   -0.6339    0.6767
...    56 A-T ...
 -105.8702  -70.5072  120.5382
   -0.6842    0.6856    0.2486
   -0.6271   -0.3791   -0.6804
   -0.3722   -0.6215    0.6893
...    57 T-A ...
 -106.6930  -72.1560  123.2853
   -0.9272    0.3492   -0.1355
   -0.1518   -0.6810   -0.7164
   -0.3424   -0.6437    0.6844
...    58 C-G ...
 -107.9671  -74.1356  125.7379
   -0.8094   -0.1671   -0.5630
    0.4831   -0.7344   -0.4766
   -0.3338   -0.6578    0.6752
...    59 T-A ...
 -109.4189  -76.2171  127.9619
   -0.3896   -0.5048   -0.7703
    0.8481   -0.5228   -0.0863
   -0.3591   -0.6869    0.6318
...    60 C-G ...
 -110.6404  -78.5105  130.1490
    0.2145   -0.6883   -0.6930
    0.9138   -0.1092    0.3913
   -0.3450   -0.7172    0.6055
...    61 G-C ...
 -111.1934  -81.0324  132.3298
    0.7302   -0.4699   -0.4961
    0.6484    0.2473    0.7201
   -0.2157   -0.8474    0.4852
...    62 A-T ...
 -111.8517  -83.7717  134.0844
    0.9850   -0.1719   -0.0122
    0.0953    0.4841    0.8698
   -0.1436   -0.8580    0.4932
...    63 G-C ...
 -112.0875  -86.7573  135.5545
    0.8888    0.1817    0.4207
   -0.4543    0.4700    0.7568
   -0.0602   -0.8638    0.5003
...    64 C-G ...
 -111.8035  -89.8352  137.0452
    0.4487    0.4507    0.7717
   -0.8936    0.2406    0.3790
   -0.0149   -0.8596    0.5107
...    65 T-A ...
 -111.6861  -92.6458  138.7892
   -0.1265    0.5119    0.8497
   -0.9914   -0.0947   -0.0906
    0.0341   -0.8538    0.5195
...    66 C-G ...
 -111.9120  -95.4096  140.5921
   -0.7169    0.3236    0.6175
   -0.6923   -0.4348   -0.5759
    0.0821   -0.8404    0.5358
...    67 G-C ...
 -112.3396  -98.8702  141.5902
   -0.9902   -0.0020    0.1394
   -0.1142   -0.5617   -0.8194
    0.0799   -0.8273    0.5560
...    68 G-C ...
 -111.9353 -101.6129  143.5892
   -0.8693   -0.2936   -0.3976
    0.4901   -0.4086   -0.7700
    0.0636   -0.8642    0.4991
...    69 G-C ...
 -111.7952 -104.4296  145.4153
   -0.4507   -0.3841   -0.8058
    0.8924   -0.1719   -0.4172
    0.0217   -0.9071    0.4203
...    70 A-T ...
 -111.9358 -107.4295  146.9159
    0.1828   -0.3741   -0.9092
    0.9821    0.1118    0.1514
    0.0450   -0.9206    0.3879
...    71 T-A ...
 -112.3247 -110.5489  147.8903
    0.6697   -0.2142   -0.7111
    0.7388    0.2890    0.6088
    0.0751   -0.9331    0.3518
...    72 C-G ...
 -112.0718 -113.7254  148.8011
    0.9712    0.0590   -0.2310
    0.1983    0.3379    0.9200
    0.1323   -0.9393    0.3165
...    73 C-G ...
 -111.5684 -116.8339  149.7246
    0.8986    0.3581    0.2536
   -0.3462    0.2235    0.9111
    0.2696   -0.9066    0.3248
...    74 G-C ...
 -110.6479 -119.6872  151.2584
    0.4962    0.5304    0.6874
   -0.7727   -0.0913    0.6282
    0.3959   -0.8428    0.3646
...    75 C-G ...
 -108.6994 -122.2763  152.5530
   -0.0528    0.3757    0.9252
   -0.8973   -0.4245    0.1211
    0.4383   -0.8238    0.3595
...    76 T-A ...
 -106.8702 -124.7210  154.3527
   -0.5595    0.0220    0.8285
   -0.6522   -0.6285   -0.4237
    0.5114   -0.7775    0.3661
...    77 T-A ...
 -104.9665 -127.0299  155.7262
   -0.7879   -0.4448    0.4259
   -0.1736   -0.5031   -0.8466
    0.5908   -0.7410    0.3192
...    78 T-A ...
 -102.8328 -129.2616  156.7918
   -0.6666   -0.7253   -0.1722
    0.3257   -0.0756   -0.9424
    0.6705   -0.6843    0.2866
...    79 C-G ...
 -100.1876 -131.2892  157.6562
   -0.3161   -0.6047   -0.7310
    0.6443    0.4287   -0.6332
    0.6963   -0.6712    0.2541
...    80 A-T ...
  -97.2773 -132.9263  158.5422
    0.0511   -0.1398   -0.9889
    0.6762    0.7335   -0.0687
    0.7349   -0.6652    0.1320
...    81 T-A ...
  -95.1768 -135.4115  158.8026
    0.3372    0.3069   -0.8900
    0.5584    0.6959    0.4515
    0.7579   -0.6493    0.0633
...    82 G-C ...
  -92.3870 -137.5816  158.8136
    0.4756    0.7612   -0.4409
    0.2722    0.3492    0.8966
    0.8365   -0.5464   -0.0411
...    83 T-A ...
  -89.6528 -139.3427  157.9878
    0.5147    0.8497    0.1141
   -0.0003   -0.1329    0.9911
    0.8574   -0.5102   -0.0681
...    84 T-A ...
  -86.8443 -140.7835  157.6017
    0.3923    0.6432    0.6575
   -0.2554   -0.6105    0.7497
    0.8837   -0.4620   -0.0753
...    85 A-T ...
  -83.8709 -142.5394  157.5387
    0.1483    0.0575    0.9873
   -0.4253   -0.8976    0.1161
    0.8928   -0.4371   -0.1087
...    86 T-A ...
  -80.6691 -143.2831  157.2669
   -0.0575   -0.4421    0.8951
   -0.4277   -0.7993   -0.4222
    0.9021   -0.4071   -0.1431
...    87 A-T ...
  -77.5869 -144.7349  156.2795
   -0.2157   -0.9355    0.2799
   -0.2937   -0.2112   -0.9323
    0.9312   -0.2833   -0.2292
...    88 A-T ...
  -74.4799 -145.5298  155.6834
   -0.2798   -0.8876   -0.3658
   -0.1538    0.4175   -0.8956
    0.9477   -0.1943   -0.2533
...    89 C-G ...
  -71.1560 -146.4092  155.3992
   -0.2987   -0.4931   -0.8171
   -0.0047    0.8569   -0.5154
    0.9543   -0.1501   -0.2583
...    90 G-C ...
  -68.0573 -146.5352  154.3568
   -0.3598    0.1141   -0.9260
    0.1344    0.9885    0.0696
    0.9233   -0.0995   -0.3710
...    91 G-C ...
  -65.1282 -146.9188  152.9160
   -0.3441    0.6333   -0.6932
    0.3254    0.7730    0.5446
    0.8807   -0.0382   -0.4721
...    92 A-T ...
  -62.3191 -147.1014  151.1754
   -0.1481    0.9679   -0.2033
    0.4742    0.2499    0.8442
    0.8679    0.0286   -0.4959
...    93 T-A ...
  -59.8964 -146.8718  149.0386
    0.0649    0.9564    0.2847
    0.4989   -0.2782    0.8208
    0.8642    0.0888   -0.4952
...    94 A-T ...
  -56.9144 -146.4744  147.5795
    0.2789    0.6016    0.7485
    0.4195   -0.7775    0.4686
    0.8639    0.1833   -0.4692
...    95 A-T ...
  -54.2175 -145.5878  146.1169
    0.4596    0.0410    0.8872
    0.2170   -0.9739   -0.0674
    0.8612    0.2235   -0.4565
...    96 C-G ...
  -51.3856 -144.2037  144.8418
    0.5333   -0.5029    0.6802
   -0.0594   -0.8244   -0.5629
    0.8438    0.2598   -0.4695
...    97 A-T ...
  -48.4545 -143.4257  143.3548
    0.3701   -0.9076    0.1981
   -0.3712   -0.3399   -0.8641
    0.8516    0.2463   -0.4627
...    98 C-G ...
  -45.2702 -142.5609  142.4521
    0.1153   -0.9452   -0.3053
   -0.5200    0.2045   -0.8293
    0.8464    0.2544   -0.4679
...    99 T-A ...
  -41.8874 -142.0095  141.2574
   -0.2186   -0.6562   -0.7222
   -0.5117    0.7073   -0.4877
    0.8309    0.2630   -0.4904
...   100 T-A ...
  -39.0446 -141.4488  139.7621
   -0.4591   -0.1093   -0.8816
   -0.3039    0.9519    0.0402
    0.8348    0.2864   -0.4702
...   101 T-A ...
  -36.3044 -140.6509  138.1876
   -0.5788    0.4481   -0.6813
    0.0098    0.8393    0.5436
    0.8154    0.3079   -0.4902
...   102 A-T ...
  -33.6216 -139.3046  136.7017
   -0.5336    0.8259   -0.1819
    0.3574    0.4152    0.8366
    0.7665    0.3814   -0.5168
...   103 T-A ...
  -31.6300 -138.1356  134.4703
   -0.3506    0.8951    0.2756
    0.5841   -0.0210    0.8114
    0.7320    0.4455   -0.5155
...   104 G-C ...
  -29.4119 -136.3957  132.6796
   -0.0005    0.6480    0.7617
    0.7097   -0.5363    0.4568
    0.7045    0.5408   -0.4596
...   105 C-G ...
  -27.3404 -134.1670  131.3473
    0.3663    0.2150    0.9053
    0.6055   -0.7938   -0.0564
    0.7065    0.5689   -0.4210
...   106 T-A ...
  -24.9421 -131.7592  130.4471
    0.6545   -0.2846    0.7004
    0.3292   -0.7267   -0.6029
    0.6806    0.6252   -0.3819
...   107 T-A ...
  -22.7566 -129.5984  129.4679
    0.7204   -0.6555    0.2266
   -0.0956   -0.4175   -0.9036
    0.6869    0.6293   -0.3634
...   108 C-G ...
  -20.3388 -127.4442  128.4579
    0.5183   -0.7632   -0.3859
   -0.5229    0.0743   -0.8492
    0.6767    0.6419   -0.3605
...   109 C-G ...
  -18.0852 -125.2860  127.3782
    0.0870   -0.6596   -0.7466
   -0.7216    0.4750   -0.5037
    0.6868    0.5826   -0.4346
...   110 G-C ...
  -16.2546 -123.1818  125.9736
   -0.3754   -0.3639   -0.8524
   -0.6620    0.7490   -0.0283
    0.6488    0.5536   -0.5221
...   111 G-C ...
  -14.1238 -121.5069  124.0138
   -0.7354    0.0792   -0.6730
   -0.3312    0.8244    0.4589
    0.5912    0.5604   -0.5800
...   112 C-G ...
  -12.2688 -120.0269  121.6563
   -0.8258    0.4967   -0.2672
    0.1400    0.6396    0.7559
    0.5463    0.5868   -0.5977
...   113 T-A ...
  -10.6244 -118.1385  119.4693
   -0.6612    0.7169    0.2210
    0.5718    0.2908    0.7671
    0.4857    0.6336   -0.6022
...   114 C-G ...
   -9.1105 -115.8199  117.6806
   -0.2202    0.7238    0.6539
    0.8787   -0.1439    0.4552
    0.4235    0.6749   -0.6043
...   115 G-C ...
   -7.2821 -113.6138  115.9656
    0.3138    0.4470    0.8377
    0.8584   -0.5106   -0.0491
    0.4057    0.7345   -0.5439
...   116 T-A ...
   -6.3176 -110.6717  114.6610
    0.7148    0.0680    0.6960
    0.5556   -0.6597   -0.5061
    0.4247    0.7485   -0.5093
...   117 A-T ...
   -4.9550 -107.8449  113.3173
    0.8879   -0.3686    0.2751
    0.0313   -0.5482   -0.8357
    0.4589    0.7507   -0.4753
...   118 T-A ...
   -3.3877 -105.0994  112.4210
    0.7863   -0.5814   -0.2092
   -0.4355   -0.2813   -0.8551
    0.4383    0.7635   -0.4744
...   119 A-T ...
   -2.1902 -102.4130  110.6126
    0.3151   -0.5954   -0.7390
   -0.8526    0.1645   -0.4960
    0.4170    0.7864   -0.4558
...   120 A-T ...
   -0.5549  -99.9546  109.2467
   -0.2404   -0.4015   -0.8838
   -0.8800    0.4743    0.0239
    0.4096    0.7835   -0.4673
...   121 T-A ...
    1.2847  -97.7492  107.5499
   -0.6698   -0.0885   -0.7372
   -0.6205    0.6121    0.4902
    0.4079    0.7858   -0.4649
...   122 G-C ...
    2.6331  -95.0591  105.8229
   -0.9412    0.2324   -0.2453
   -0.0810    0.5495    0.8315
    0.3280    0.8025   -0.4984
...   123 T-A ...
    3.5139  -92.6438  103.7811
   -0.8538    0.4670    0.2300
    0.4187    0.3535    0.8365
    0.3093    0.8106   -0.4973
...   124 G-C ...
    4.4140  -89.8512  102.1239
   -0.4596    0.5266    0.7151
    0.8534    0.0391    0.5197
    0.2457    0.8492   -0.4674
...   125 T-A ...
    4.7173  -87.0993  100.4789
    0.0507    0.4303    0.9012
    0.9706   -0.2338    0.0570
    0.2352    0.8719   -0.4296
...   126 C-G ...
    5.4218  -84.2588   99.2292
    0.6193    0.2127    0.7558
    0.7539   -0.4301   -0.4967
    0.2194    0.8774   -0.4267
...   127 G-C ...
    6.6103  -81.6101   97.5754
    0.8955   -0.1676    0.4122
    0.3050   -0.4433   -0.8429
    0.3241    0.8806   -0.3458
...   128 A-T ...
    7.5299  -78.7626   96.4934
    0.9001   -0.4020   -0.1682
   -0.2925   -0.2711   -0.9170
    0.3231    0.8746   -0.3616
...   129 C-G ...
    8.9192  -75.7938   96.0255
    0.5874   -0.5214   -0.6189
   -0.7274   -0.0049   -0.6862
    0.3547    0.8533   -0.3822
...   130 C-G ...
   10.6316  -73.1307   94.7507
    0.0655   -0.5283   -0.8465
   -0.9143    0.3080   -0.2629
    0.3996    0.7912   -0.4629
...   131 A-T ...
   11.2176  -70.1852   93.1293
   -0.5227   -0.3071   -0.7953
   -0.7669    0.5769    0.2813
    0.3724    0.7569   -0.5370
...   132 A-T ...
   12.4629  -67.8207   91.2198
   -0.8737    0.0829   -0.4793
   -0.3138    0.6568    0.6856
    0.3716    0.7495   -0.5479
...   133 A-T ...
   13.7419  -65.6242   89.1376
   -0.8710    0.4913    0.0001
    0.2651    0.4698    0.8420
    0.4136    0.7335   -0.5394
...   134 T-A ...
   14.7385  -63.4259   86.8200
   -0.5923    0.6747    0.4404
    0.6886    0.1401    0.7115
    0.4183    0.7247   -0.5475
...   135 G-C ...
   15.7318  -61.4928   83.9331
    0.0341    0.7400    0.6717
    0.8636   -0.3601    0.3528
    0.5030    0.5681   -0.6514
...   136 T-A ...
   15.7849  -59.5604   80.7993
    0.5517    0.4998    0.6677
    0.6739   -0.7388   -0.0038
    0.4915    0.4520   -0.7444
...   137 G-C ...
   16.8386  -57.7219   78.2676
    0.8528   -0.0848    0.5153
    0.1507   -0.9048   -0.3983
    0.5000    0.4173   -0.7588
...   138 A-T ...
   18.4283  -55.5287   76.5300
    0.8547   -0.5006    0.1371
   -0.3188   -0.7148   -0.6224
    0.4096    0.4883   -0.7706
...   139 G-C ...
   20.4260  -54.3093   74.5420
    0.5847   -0.7389   -0.3347
   -0.7593   -0.3533   -0.5465
    0.2856    0.5737   -0.7676
...   140 C-G ...
   21.4271  -51.8266   72.7876
    0.1304   -0.7144   -0.6875
   -0.8897    0.2216   -0.3991
    0.4375    0.6637   -0.6067
...   141 G-C ...
   22.1522  -50.1495   67.4641
   -0.4682   -0.8748    0.1248
   -0.8494    0.4066   -0.3364
    0.2435   -0.2635   -0.9334
...   142 C-G ...
   22.3490  -51.2414   64.4934
   -0.8528   -0.5119   -0.1032
   -0.4975    0.8565   -0.1374
    0.1587   -0.0659   -0.9851
...   143 T-A ...
   24.0167  -51.6379   61.9249
   -0.9562    0.0401   -0.2898
    0.0524    0.9980   -0.0348
    0.2878   -0.0485   -0.9564
...   144 C-G ...
   24.8959  -52.7395   58.9874
   -0.7529    0.5560   -0.3520
    0.5214    0.8304    0.1965
    0.4016   -0.0356   -0.9151
...   145 A-T ...
   25.5277  -52.9803   55.8054
   -0.2442    0.9563   -0.1610
    0.8906    0.2869    0.3528
    0.3836   -0.0573   -0.9217
...   146 C-G ...
   25.2779  -52.5123   52.0797
    0.3204    0.9427   -0.0929
    0.8825   -0.2614    0.3909
    0.3443   -0.2072   -0.9157
...   147 A-T ...
   25.6240  -52.5940   48.6396
    0.8597    0.5097    0.0339
    0.4496   -0.7865    0.4233
    0.2424   -0.3487   -0.9053
