  147 base-pairs
...     1 T-A ...
    0.0000    0.0000    0.0000
    1.0000    0.0000    0.0000
    0.0000    1.0000    0.0000
    0.0000    0.0000    1.0000
...     2 G-C ...
   -0.5555   -1.1003    3.3981
    0.7749    0.6051    0.1828
   -0.5991    0.7953   -0.0929
   -0.2016   -0.0375    0.9787
...     3 T-A ...
   -0.6619   -3.0237    6.5348
    0.3046    0.9250    0.2271
   -0.8994    0.3578   -0.2510
   -0.3134   -0.1278    0.9410
...     4 G-C ...
   -1.1607   -3.8418    9.6940
   -0.3351    0.9421    0.0133
   -0.8752   -0.3061   -0.3746
   -0.3489   -0.1372    0.9271
...     5 A-T ...
   -1.3881   -3.6770   12.8999
   -0.7835    0.6162   -0.0801
   -0.5677   -0.7622   -0.3109
   -0.2527   -0.1981    0.9470
...     6 G-C ...
   -2.6236   -3.5448   15.7072
   -0.9923    0.0611   -0.1075
   -0.0294   -0.9610   -0.2748
   -0.1201   -0.2695    0.9555
...     7 C-G ...
   -2.3138   -3.7570   18.8866
   -0.8620   -0.4995   -0.0864
    0.5008   -0.8655    0.0073
   -0.0785   -0.0370    0.9962
...     8 G-C ...
   -3.9561   -6.8109   23.3205
   -0.2581   -0.3560   -0.8981
    0.6294   -0.7673    0.1233
   -0.7330   -0.5335    0.4221
...     9 C-G ...
   -6.1177   -8.9414   24.2385
    0.1143   -0.7320   -0.6716
    0.8123   -0.3203    0.4874
   -0.5720   -0.6013    0.5580
...    10 T-A ...
   -8.5041   -9.6771   26.0540
    0.4660   -0.8587   -0.2131
    0.6274    0.1508    0.7640
   -0.6239   -0.4897    0.6090
...    11 C-G ...
  -11.0625  -11.3174   27.2336
    0.6660   -0.6911    0.2808
    0.3382    0.6152    0.7121
   -0.6649   -0.3794    0.6435
...    12 A-T ...
  -13.0013  -13.1789   29.0658
    0.7188   -0.1490    0.6790
   -0.1787    0.9043    0.3876
   -0.6718   -0.4000    0.6235
...    13 C-G ...
  -14.1788  -15.9359   31.3399
    0.4052    0.2865    0.8682
   -0.5270    0.8492   -0.0343
   -0.7470   -0.4437    0.4951
...    14 A-T ...
  -15.9532  -18.1566   33.3080
   -0.1503    0.6873    0.7107
   -0.6106    0.5008   -0.6135
   -0.7776   -0.5261    0.3444
...    15 A-T ...
  -18.4932  -19.7932   34.5038
   -0.4463    0.8739    0.1926
   -0.4128   -0.0100   -0.9108
   -0.7940   -0.4860    0.3652
...    16 T-A ...
  -20.8975  -21.2241   36.4129
   -0.6236    0.7084   -0.3308
   -0.0947   -0.4884   -0.8675
   -0.7760   -0.5096    0.3716
...    17 T-A ...
  -23.4373  -22.6315   37.9518
   -0.5855    0.2595   -0.7681
    0.2950   -0.8143   -0.4999
   -0.7551   -0.5193    0.4002
...    18 T-A ...
  -26.0219  -24.0924   39.3371
   -0.3141   -0.2742   -0.9089
    0.5791   -0.8140    0.0454
   -0.7523   -0.5121    0.4145
...    19 A-T ...
  -28.4471  -26.0083   40.9424
    0.1204   -0.7880   -0.6038
    0.6461   -0.3996    0.6503
   -0.7537   -0.4684    0.4610
...    20 T-A ...
  -31.3642  -27.2872   41.9899
    0.4138   -0.9011   -0.1295
    0.4925    0.1019    0.8643
   -0.7657   -0.4215    0.4859
...    21 T-A ...
  -33.9852  -28.6915   43.3257
    0.5924   -0.6740    0.4412
    0.1451    0.6280    0.7645
   -0.7924   -0.3889    0.4699
...    22 C-G ...
  -36.6246  -29.9351   44.8804
    0.5785   -0.1492    0.8019
   -0.2447    0.9061    0.3451
   -0.7781   -0.3959    0.4877
...    23 G-C ...
  -39.4818  -30.6324   46.6086
    0.4635    0.4436    0.7671
   -0.5308    0.8322   -0.1605
   -0.7095   -0.3328    0.6211
...    24 C-G ...
  -41.5716  -32.0179   48.7310
    0.1587    0.8347    0.5273
   -0.6895    0.4760   -0.5460
   -0.7067   -0.2769    0.6511
...    25 A-T ...
  -44.2532  -32.7849   50.5642
   -0.2080    0.9771    0.0450
   -0.6605   -0.1064   -0.7433
   -0.7215   -0.1843    0.6675
...    26 A-T ...
  -46.5775  -33.2134   52.8422
   -0.5347    0.7390   -0.4100
   -0.4300   -0.6555   -0.6208
   -0.7275   -0.1556    0.6682
...    27 A-T ...
  -48.8183  -33.4284   55.2058
   -0.6889    0.2159   -0.6919
   -0.0371   -0.9639   -0.2638
   -0.7239   -0.1561    0.6720
...    28 G-C ...
  -51.4023  -33.4438   57.4117
   -0.5591   -0.3348   -0.7585
    0.3224   -0.9306    0.1731
   -0.7638   -0.1478    0.6283
...    29 G-C ...
  -54.2718  -33.7493   59.3284
   -0.2207   -0.8090   -0.5447
    0.5705   -0.5601    0.6007
   -0.7911   -0.1782    0.5851
...    30 C-G ...
  -57.0996  -34.3105   60.9281
    0.1729   -0.9766   -0.1278
    0.5789   -0.0042    0.8154
   -0.7968   -0.2150    0.5646
...    31 C-G ...
  -59.9647  -34.9315   62.6237
    0.5150   -0.7930    0.3256
    0.3709    0.5486    0.7493
   -0.7728   -0.2651    0.5766
...    32 G-C ...
  -62.2398  -35.4978   64.6901
    0.7015   -0.3526    0.6194
    0.0269    0.8816    0.4713
   -0.7122   -0.3139    0.6279
...    33 G-C ...
  -64.3879  -36.7612   66.9490
    0.6365    0.2312    0.7358
   -0.3870    0.9209    0.0455
   -0.6671   -0.3137    0.6757
...    34 C-G ...
  -66.3663  -38.0553   69.2362
    0.3383    0.7278    0.5966
   -0.6832    0.6259   -0.3761
   -0.6472   -0.2803    0.7090
...    35 C-G ...
  -68.2487  -38.8044   71.9861
   -0.0671    0.9711    0.2291
   -0.7685    0.0962   -0.6326
   -0.6363   -0.2185    0.7398
...    36 C-G ...
  -70.2395  -39.2927   74.6788
   -0.4609    0.8610   -0.2151
   -0.6199   -0.4858   -0.6162
   -0.6350   -0.1507    0.7576
...    37 G-C ...
  -72.7020  -40.5065   76.7387
   -0.6838    0.4398   -0.5823
   -0.2485   -0.8906   -0.3808
   -0.6860   -0.1157    0.7183
...    38 A-T ...
  -74.8362  -40.8386   79.0836
   -0.6938   -0.1763   -0.6982
    0.2140   -0.9762    0.0338
   -0.6876   -0.1260    0.7151
...    39 C-G ...
  -77.3361  -40.8577   81.1164
   -0.4450   -0.6606   -0.6046
    0.5369   -0.7371    0.4103
   -0.7167   -0.1420    0.6828
...    40 A-T ...
  -79.8358  -41.4502   83.3173
    0.0148   -0.9570   -0.2896
    0.6847   -0.2013    0.7005
   -0.7287   -0.2086    0.6523
...    41 C-G ...
  -82.5072  -42.4008   85.0441
    0.4044   -0.9095    0.0961
    0.5630    0.3303    0.7576
   -0.7208   -0.2523    0.6456
...    42 G-C ...
  -84.6261  -43.0230   87.5587
    0.7058   -0.5102    0.4915
    0.1844    0.8021    0.5680
   -0.6840   -0.3102    0.6602
...    43 A-T ...
  -86.8624  -44.0249   89.5959
    0.6775    0.0700    0.7322
   -0.2663    0.9513    0.1555
   -0.6856   -0.3004    0.6631
...    44 C-G ...
  -88.8131  -45.5854   91.7679
    0.4541    0.5868    0.6704
   -0.6054    0.7553   -0.2510
   -0.6537   -0.2919    0.6982
...    45 T-A ...
  -90.6198  -46.9005   94.6105
    0.0409    0.9276    0.3712
   -0.7625    0.2691   -0.5884
   -0.6457   -0.2590    0.7183
...    46 T-A ...
  -92.5085  -47.7756   97.0755
   -0.3866    0.9222   -0.0032
   -0.6509   -0.2753   -0.7074
   -0.6533   -0.2715    0.7068
...    47 A-T ...
  -94.8952  -48.8179   99.2401
   -0.7107    0.5296   -0.4630
   -0.2498   -0.8053   -0.5378
   -0.6576   -0.2666    0.7046
...    48 C-G ...
  -97.0485  -49.0400  101.7931
   -0.7175    0.0159   -0.6964
    0.1695   -0.9657   -0.1967
   -0.6757   -0.2591    0.6902
...    49 T-A ...
  -99.5626  -49.5429  104.0154
   -0.4533   -0.4914   -0.7436
    0.5180   -0.8242    0.2289
   -0.7254   -0.2815    0.6282
...    50 G-C ...
 -102.0802  -50.6899  105.9799
    0.0244   -0.8321   -0.5540
    0.6691   -0.3982    0.6275
   -0.7428   -0.3860    0.5470
...    51 T-A ...
 -104.7688  -51.8827  107.2816
    0.4043   -0.8966   -0.1806
    0.5517    0.0816    0.8300
   -0.7295   -0.4352    0.5277
...    52 A-T ...
 -107.0461  -53.4801  109.1573
    0.7213   -0.6236    0.3016
    0.1704    0.5818    0.7953
   -0.6714   -0.5222    0.5259
...    53 G-C ...
 -109.2814  -55.2810  110.6926
    0.7646   -0.1729    0.6209
   -0.2548    0.8038    0.5376
   -0.5920   -0.5693    0.5705
...    54 G-C ...
 -110.8718  -57.8830  112.6110
    0.5241    0.3609    0.7714
   -0.6705    0.7333    0.1125
   -0.5251   -0.5762    0.6263
...    55 T-A ...
 -112.1189  -59.9865  114.8133
    0.0872    0.6946    0.7141
   -0.8562    0.4188   -0.3027
   -0.5093   -0.5850    0.6312
...    56 A-T ...
 -113.5363  -61.9663  117.1893
   -0.4452    0.8145    0.3720
   -0.7424   -0.1035   -0.6619
   -0.5006   -0.5709    0.6508
...    57 T-A ...
 -114.6587  -63.6350  119.8181
   -0.7906    0.6121   -0.0173
   -0.3830   -0.5162   -0.7661
   -0.4778   -0.5990    0.6425
...    58 C-G ...
 -116.3149  -65.4450  122.1635
   -0.8558    0.1432   -0.4971
    0.2153   -0.7751   -0.5940
   -0.4704   -0.6154    0.6325
...    59 T-A ...
 -118.1818  -67.2789  124.2970
   -0.5734   -0.2690   -0.7739
    0.6474   -0.7277   -0.2267
   -0.5022   -0.6310    0.5914
...    60 C-G ...
 -119.7243  -69.2754  126.4502
   -0.0478   -0.6251   -0.7791
    0.8799   -0.3956    0.2633
   -0.4728   -0.6729    0.5689
...    61 T-A ...
 -121.4907  -71.5917  128.0677
    0.4705   -0.6788   -0.5638
    0.7610   -0.0112    0.6487
   -0.4467   -0.7342    0.5113
...    62 C-G ...
 -122.6699  -74.2310  129.5519
    0.8609   -0.4908   -0.1343
    0.3341    0.3461    0.8767
   -0.3838   -0.7996    0.4620
...    63 A-T ...
 -124.0616  -77.0348  130.9008
    0.9457   -0.1130    0.3048
   -0.2159    0.4828    0.8487
   -0.2431   -0.8684    0.4321
...    64 T-A ...
 -124.5226  -80.0784  131.9787
    0.7151    0.1969    0.6707
   -0.6739    0.4493    0.5865
   -0.1859   -0.8714    0.4540
...    65 G-C ...
 -124.9799  -83.0358  133.6299
    0.1539    0.4827    0.8621
   -0.9802    0.1845    0.0717
   -0.1245   -0.8561    0.5016
...    66 T-A ...
 -124.8150  -85.9314  135.4326
   -0.4355    0.4762    0.7640
   -0.8943   -0.1315   -0.4278
   -0.1032   -0.8695    0.4831
...    67 T-A ...
 -124.9160  -88.7287  137.0920
   -0.8935    0.2294    0.3860
   -0.4476   -0.3884   -0.8055
   -0.0349   -0.8925    0.4497
...    68 A-T ...
 -124.8787  -92.0386  138.2897
   -0.9445   -0.2092   -0.2534
    0.3170   -0.3774   -0.8701
    0.0864   -0.9021    0.4227
...    69 T-A ...
 -124.9297  -94.7244  140.1984
   -0.6363   -0.3962   -0.6620
    0.7612   -0.1833   -0.6220
    0.1251   -0.8997    0.4182
...    70 A-T ...
 -124.2150  -97.7651  141.6167
    0.0087   -0.4030   -0.9152
    0.9879    0.1455   -0.0547
    0.1552   -0.9036    0.3993
...    71 A-T ...
 -123.8702 -100.6826  142.8192
    0.5499   -0.1972   -0.8116
    0.8124    0.3518    0.4650
    0.1938   -0.9151    0.3537
...    72 C-G ...
 -123.5867 -103.9488  143.4991
    0.8916    0.0890   -0.4440
    0.3773    0.3960    0.8372
    0.2503   -0.9139    0.3194
...    73 G-C ...
 -122.2553 -106.6691  144.7652
    0.8935    0.4485    0.0219
   -0.1329    0.2175    0.9670
    0.4289   -0.8669    0.2540
...    74 G-C ...
 -120.1024 -109.0229  145.6746
    0.6178    0.6028    0.5050
   -0.5331   -0.1511    0.8325
    0.5781   -0.7835    0.2279
...    75 A-T ...
 -117.9942 -111.2984  146.7745
    0.1623    0.3808    0.9103
   -0.7525   -0.5490    0.3638
    0.6383   -0.7440    0.1975
...    76 G-C ...
 -115.5570 -113.5781  147.4029
   -0.3001    0.0261    0.9536
   -0.6927   -0.6932   -0.1990
    0.6558   -0.7203    0.2261
...    77 A-T ...
 -113.5267 -116.0703  148.2011
   -0.6384   -0.4484    0.6257
   -0.3340   -0.5710   -0.7499
    0.6935   -0.6877    0.2148
...    78 G-C ...
 -111.1571 -118.3007  148.8540
   -0.6963   -0.7113    0.0959
    0.0598   -0.1907   -0.9798
    0.7152   -0.6766    0.1753
...    79 C-G ...
 -108.7144 -120.5741  149.8304
   -0.5229   -0.6739   -0.5220
    0.4524    0.2997   -0.8400
    0.7225   -0.6753    0.1482
...    80 T-A ...
 -106.3655 -122.8783  150.4433
   -0.2265   -0.3700   -0.9010
    0.6449    0.6363   -0.4234
    0.7299   -0.6769    0.0945
...    81 C-G ...
 -103.8759 -125.2049  150.9663
    0.1658    0.1232   -0.9784
    0.6243    0.7549    0.2009
    0.7634   -0.6441    0.0482
...    82 G-C ...
 -100.9463 -126.7382  151.1307
    0.3952    0.5903   -0.7038
    0.4470    0.5458    0.7088
    0.8025   -0.5947   -0.0481
...    83 G-C ...
  -98.2370 -128.6656  150.7314
    0.4884    0.8570   -0.1645
    0.1491    0.1038    0.9834
    0.8598   -0.5048   -0.0771
...    84 G-C ...
  -95.1507 -129.9230  150.1342
    0.3847    0.8215    0.4210
   -0.0774   -0.4257    0.9015
    0.9198   -0.3794   -0.1002
...    85 A-T ...
  -92.0087 -130.9365  149.6249
    0.2487    0.3947    0.8845
   -0.2605   -0.8523    0.4536
    0.9329   -0.3432   -0.1091
...    86 T-A ...
  -88.7630 -131.4417  149.2039
    0.0683   -0.1246    0.9899
   -0.3342   -0.9377   -0.0950
    0.9400   -0.3243   -0.1057
...    87 C-G ...
  -85.4520 -132.2645  149.0352
   -0.1138   -0.7040    0.7010
   -0.3020   -0.6477   -0.6995
    0.9465   -0.2913   -0.1389
...    88 C-G ...
  -82.2978 -133.2939  148.8106
   -0.3045   -0.9311    0.2008
   -0.1729   -0.1532   -0.9729
    0.9367   -0.3310   -0.1143
...    89 G-C ...
  -79.2731 -134.3130  147.9035
   -0.3909   -0.8171   -0.4237
    0.0289    0.4492   -0.8930
    0.9200   -0.3613   -0.1520
...    90 C-G ...
  -76.0682 -135.6650  147.8361
   -0.3253   -0.3904   -0.8613
    0.2079    0.8590   -0.4679
    0.9225   -0.3312   -0.1983
...    91 T-A ...
  -72.9599 -137.1137  147.3913
   -0.2111    0.2030   -0.9561
    0.3414    0.9319    0.1225
    0.9159   -0.3005   -0.2661
...    92 T-A ...
  -70.1404 -138.2951  146.3064
   -0.0163    0.7145   -0.6995
    0.3948    0.6473    0.6520
    0.9186   -0.2656   -0.2926
...    93 T-A ...
  -67.1757 -139.0238  145.2469
    0.1185    0.9767   -0.1787
    0.3584    0.1258    0.9251
    0.9260   -0.1737   -0.3351
...    94 A-T ...
  -63.9002 -139.1623  144.2861
    0.1377    0.8744    0.4653
    0.2973   -0.4846    0.8227
    0.9448    0.0251   -0.3266
...    95 A-T ...
  -60.9390 -138.7627  143.1738
    0.2599    0.4288    0.8652
    0.2100   -0.8997    0.3828
    0.9425    0.0822   -0.3239
...    96 C-G ...
  -57.8673 -137.8007  142.0653
    0.3667   -0.1526    0.9177
    0.0510   -0.9817   -0.1836
    0.9289    0.1141   -0.3522
...    97 A-T ...
  -54.6286 -137.4901  141.0675
    0.3084   -0.7343    0.6047
   -0.1769   -0.6688   -0.7221
    0.9347    0.1157   -0.3362
...    98 C-G ...
  -51.2971 -136.8100  140.5904
    0.1727   -0.9798    0.1009
   -0.3220   -0.1530   -0.9343
    0.9309    0.1288   -0.3419
...    99 T-A ...
  -47.7158 -136.4394  140.0327
   -0.0471   -0.8822   -0.4685
   -0.3855    0.4487   -0.8062
    0.9215    0.1427   -0.3613
...   100 T-A ...
  -44.5954 -136.1736  139.0946
   -0.2330   -0.4336   -0.8705
   -0.3048    0.8826   -0.3581
    0.9235    0.1818   -0.3378
...   101 T-A ...
  -41.5311 -135.7136  138.0383
   -0.3876    0.1609   -0.9077
   -0.1240    0.9666    0.2242
    0.9134    0.1994   -0.3548
...   102 A-T ...
  -38.5103 -134.6495  136.9610
   -0.4498    0.7054   -0.5478
    0.1405    0.6616    0.7366
    0.8820    0.2544   -0.3967
...   103 T-A ...
  -35.9928 -134.0591  135.0726
   -0.3902    0.9161   -0.0924
    0.3560    0.2427    0.9024
    0.8491    0.3193   -0.4208
...   104 G-C ...
  -33.3467 -132.7831  133.4806
   -0.1822    0.8353    0.5186
    0.5572   -0.3468    0.7544
    0.8101    0.4265   -0.4023
...   105 C-G ...
  -30.9556 -130.8975  132.1415
    0.1275    0.4756    0.8704
    0.5851   -0.7446    0.3212
    0.8009    0.4683   -0.3732
...   106 T-A ...
  -28.3399 -128.6809  131.2793
    0.4552   -0.0508    0.8889
    0.4606   -0.8410   -0.2840
    0.7620    0.5387   -0.3594
...   107 T-A ...
  -25.9405 -126.7331  130.3387
    0.6375   -0.5328    0.5564
    0.1269   -0.6397   -0.7580
    0.7599    0.5539   -0.3402
...   108 C-G ...
  -23.3225 -124.7562  129.3962
    0.5981   -0.7993   -0.0582
   -0.3085   -0.1625   -0.9372
    0.7397    0.5785   -0.3438
...   109 C-G ...
  -20.8692 -122.8001  128.3462
    0.2643   -0.8027   -0.5346
   -0.5876    0.3055   -0.7493
    0.7647    0.5122   -0.3909
...   110 G-C ...
  -18.7989 -120.8803  126.9647
   -0.1656   -0.5549   -0.8152
   -0.6479    0.6844   -0.3343
    0.7435    0.4729   -0.4729
...   111 G-C ...
  -16.2937 -119.4491  125.2659
   -0.5677   -0.0990   -0.8173
   -0.4414    0.8746    0.2007
    0.6949    0.4747   -0.5402
...   112 C-G ...
  -13.9659 -118.3188  123.1503
   -0.7572    0.3873   -0.5261
   -0.0422    0.7746    0.6310
    0.6519    0.5000   -0.5701
...   113 T-A ...
  -11.9193 -116.7364  121.0515
   -0.7096    0.7025   -0.0540
    0.3890    0.4545    0.8013
    0.5875    0.5477   -0.5958
...   114 C-G ...
  -10.1021 -114.6638  119.2318
   -0.3659    0.8101    0.4581
    0.7703   -0.0127    0.6376
    0.5223    0.5862   -0.6194
...   115 G-C ...
   -8.0070 -112.6497  117.5632
    0.1325    0.5932    0.7941
    0.8648   -0.4607    0.1999
    0.4844    0.6602   -0.5740
...   116 T-A ...
   -6.9058 -109.8578  116.0003
    0.5697    0.2142    0.7934
    0.6567   -0.6992   -0.2827
    0.4942    0.6821   -0.5390
...   117 A-T ...
   -5.3683 -107.2328  114.4592
    0.8383   -0.2746    0.4711
    0.1887   -0.6646   -0.7230
    0.5116    0.6949   -0.5053
...   118 T-A ...
   -3.7465 -104.5588  113.4042
    0.8266   -0.5628    0.0043
   -0.2836   -0.4230   -0.8606
    0.4862    0.7101   -0.5092
...   119 A-T ...
   -2.4171 -102.0293  111.3910
    0.4296   -0.6497   -0.6271
   -0.7908    0.0646   -0.6087
    0.4360    0.7574   -0.4860
...   120 A-T ...
   -0.7419  -99.6100  109.9904
   -0.1162   -0.4919   -0.8629
   -0.8971    0.4248   -0.1214
    0.4262    0.7600   -0.4906
...   121 T-A ...
    1.1766  -97.4525  108.3144
   -0.5780   -0.1846   -0.7948
   -0.6978    0.6169    0.3642
    0.4231    0.7651   -0.4854
...   122 G-C ...
    2.5816  -94.7943  106.5596
   -0.9195    0.1710   -0.3540
   -0.1857    0.6048    0.7744
    0.3465    0.7778   -0.5244
...   123 T-A ...
    3.5815  -92.4853  104.4399
   -0.8868    0.4466    0.1186
    0.3269    0.4248    0.8442
    0.3267    0.7874   -0.5227
...   124 G-C ...
    4.5601  -89.7548  102.6944
   -0.5320    0.5547    0.6398
    0.8062    0.1006    0.5831
    0.2591    0.8260   -0.5007
...   125 T-A ...
    4.9228  -87.0935  100.9205
   -0.0297    0.4847    0.8742
    0.9694   -0.1991    0.1434
    0.2435    0.8517   -0.4639
...   126 C-G ...
    5.6482  -84.3016   99.5604
    0.5590    0.2746    0.7824
    0.7978   -0.4354   -0.4171
    0.2261    0.8573   -0.4624
...   127 G-C ...
    6.8946  -81.7149   97.8093
    0.8785   -0.1185    0.4629
    0.3581   -0.4780   -0.8020
    0.3163    0.8703   -0.3775
...   128 A-T ...
    7.7978  -78.8933   96.6196
    0.9170   -0.3831   -0.1113
   -0.2460   -0.3233   -0.9138
    0.3141    0.8653   -0.3907
...   129 C-G ...
    9.1127  -75.8998   96.0698
    0.6230   -0.5316   -0.5738
   -0.7018   -0.0560   -0.7102
    0.3454    0.8451   -0.4079
...   130 C-G ...
   10.7484  -73.2181   94.7351
    0.1006   -0.5557   -0.8253
   -0.9146    0.2749   -0.2966
    0.3917    0.7846   -0.4805
...   131 A-T ...
   11.2282  -70.2216   93.1016
   -0.5067   -0.3206   -0.8003
   -0.7786    0.5689    0.2650
    0.3703    0.7573   -0.5379
...   132 A-T ...
   12.4615  -67.8400   91.2019
   -0.8702    0.0751   -0.4870
   -0.3245    0.6565    0.6810
    0.3708    0.7506   -0.5469
...   133 A-T ...
   13.7408  -65.6351   89.1292
   -0.8734    0.4870   -0.0056
    0.2582    0.4728    0.8425
    0.4129    0.7344   -0.5386
...   134 T-A ...
   14.7385  -63.4258   86.8200
   -0.5923    0.6747    0.4404
    0.6886    0.1401    0.7115
    0.4183    0.7247   -0.5475
...   135 G-C ...
   15.7318  -61.4928   83.9331
    0.0341    0.7400    0.6717
    0.8636   -0.3601    0.3528
    0.5030    0.5681   -0.6514
...   136 T-A ...
   15.7849  -59.5604   80.7993
    0.5517    0.4998    0.6677
    0.6739   -0.7388   -0.0038
    0.4915    0.4520   -0.7444
...   137 G-C ...
   16.8387  -57.7219   78.2676
    0.8528   -0.0848    0.5153
    0.1507   -0.9048   -0.3983
    0.5000    0.4173   -0.7588
...   138 A-T ...
   18.4284  -55.5287   76.5299
    0.8547   -0.5006    0.1371
   -0.3188   -0.7148   -0.6224
    0.4096    0.4883   -0.7706
...   139 G-C ...
   20.4260  -54.3093   74.5420
    0.5847   -0.7389   -0.3347
   -0.7593   -0.3533   -0.5465
    0.2856    0.5737   -0.7676
...   140 C-G ...
   21.4271  -51.8266   72.7876
    0.1304   -0.7144   -0.6875
   -0.8897    0.2216   -0.3991
    0.4375    0.6637   -0.6067
...   141 G-C ...
   22.1522  -50.1494   67.4640
   -0.4682   -0.8748    0.1248
   -0.8494    0.4066   -0.3364
    0.2435   -0.2635   -0.9334
...   142 C-G ...
   22.3490  -51.2413   64.4934
   -0.8528   -0.5119   -0.1032
   -0.4975    0.8565   -0.1374
    0.1587   -0.0659   -0.9851
...   143 T-A ...
   24.0167  -51.6378   61.9249
   -0.9562    0.0401   -0.2898
    0.0524    0.9980   -0.0348
    0.2878   -0.0485   -0.9564
...   144 C-G ...
   24.8959  -52.7395   58.9874
   -0.7529    0.5560   -0.3520
    0.5214    0.8304    0.1965
    0.4016   -0.0356   -0.9151
...   145 A-T ...
   25.5277  -52.9803   55.8054
   -0.2442    0.9563   -0.1610
    0.8906    0.2869    0.3528
    0.3836   -0.0573   -0.9217
...   146 C-G ...
   25.2779  -52.5122   52.0797
    0.3204    0.9427   -0.0929
    0.8825   -0.2614    0.3909
    0.3443   -0.2072   -0.9157
...   147 A-T ...
   25.6240  -52.5939   48.6396
    0.8597    0.5097    0.0339
    0.4496   -0.7865    0.4233
    0.2424   -0.3487   -0.9053
