  147 base-pairs
...     1 T-A ...
    0.0000    0.0000    0.0000
    1.0000    0.0000    0.0000
    0.0000    1.0000    0.0000
    0.0000    0.0000    1.0000
...     2 G-C ...
   -0.5555   -1.1003    3.3981
    0.7749    0.6051    0.1828
   -0.5991    0.7953   -0.0929
   -0.2016   -0.0375    0.9787
...     3 T-A ...
   -0.6619   -3.0237    6.5348
    0.3046    0.9250    0.2271
   -0.8994    0.3578   -0.2510
   -0.3134   -0.1278    0.9410
...     4 G-C ...
   -1.1607   -3.8418    9.6940
   -0.3351    0.9421    0.0133
   -0.8752   -0.3061   -0.3746
   -0.3489   -0.1372    0.9271
...     5 A-T ...
   -1.3881   -3.6770   12.8999
   -0.7835    0.6162   -0.0801
   -0.5677   -0.7622   -0.3109
   -0.2527   -0.1981    0.9470
...     6 G-C ...
   -2.6236   -3.5448   15.7072
   -0.9923    0.0611   -0.1075
   -0.0294   -0.9610   -0.2748
   -0.1201   -0.2695    0.9555
...     7 C-G ...
   -2.3138   -3.7570   18.8866
   -0.8620   -0.4995   -0.0864
    0.5008   -0.8655    0.0073
   -0.0785   -0.0370    0.9962
...     8 G-C ...
   -3.9561   -6.8109   23.3205
   -0.2581   -0.3560   -0.8981
    0.6294   -0.7673    0.1233
   -0.7330   -0.5335    0.4221
...     9 C-G ...
   -6.1177   -8.9414   24.2385
    0.1143   -0.7320   -0.6716
    0.8123   -0.3203    0.4874
   -0.5720   -0.6013    0.5580
...    10 T-A ...
   -8.5041   -9.6771   26.0540
    0.4660   -0.8587   -0.2131
    0.6274    0.1508    0.7640
   -0.6239   -0.4897    0.6090
...    11 C-G ...
  -11.0625  -11.3174   27.2336
    0.6660   -0.6911    0.2808
    0.3382    0.6152    0.7121
   -0.6649   -0.3794    0.6435
...    12 A-T ...
  -13.0013  -13.1789   29.0658
    0.7188   -0.1490    0.6790
   -0.1787    0.9043    0.3876
   -0.6718   -0.4000    0.6235
...    13 C-G ...
  -14.1788  -15.9359   31.3399
    0.4052    0.2865    0.8682
   -0.5270    0.8492   -0.0343
   -0.7470   -0.4437    0.4951
...    14 A-T ...
  -15.9532  -18.1566   33.3080
   -0.1503    0.6873    0.7107
   -0.6106    0.5008   -0.6135
   -0.7776   -0.5261    0.3444
...    15 A-T ...
  -18.3825  -19.8355   34.6399
   -0.4498    0.8669    0.2148
   -0.4233    0.0048   -0.9060
   -0.7864   -0.4984    0.3648
...    16 T-A ...
  -20.7456  -21.2318   36.4495
   -0.5908    0.7539   -0.2875
   -0.1419   -0.4479   -0.8828
   -0.7942   -0.4807    0.3716
...    17 T-A ...
  -23.3462  -22.5908   37.8514
   -0.5657    0.3482   -0.7475
    0.2181   -0.8110   -0.5429
   -0.7952   -0.4701    0.3828
...    18 T-A ...
  -26.0294  -23.8510   39.2086
   -0.3498   -0.2092   -0.9131
    0.5043   -0.8635    0.0047
   -0.7895   -0.4588    0.4076
...    19 A-T ...
  -28.3900  -25.7220   40.8154
    0.0323   -0.7501   -0.6606
    0.6160   -0.5055    0.6042
   -0.7871   -0.4264    0.4457
...    20 T-A ...
  -31.3628  -26.8572   41.7658
    0.3321   -0.9134   -0.2353
    0.5137   -0.0341    0.8573
   -0.7911   -0.4056    0.4579
...    21 T-A ...
  -34.0841  -28.1469   43.0205
    0.5491   -0.7672    0.3315
    0.2315    0.5207    0.8217
   -0.8030   -0.3745    0.4635
...    22 C-G ...
  -36.7578  -29.4080   44.4947
    0.5988   -0.2837    0.7489
   -0.1421    0.8827    0.4480
   -0.7882   -0.3747    0.4883
...    23 G-C ...
  -39.5026  -30.2462   46.2931
    0.4986    0.3170    0.8068
   -0.4667    0.8825   -0.0583
   -0.7304   -0.3475    0.5880
...    24 C-G ...
  -41.6240  -31.6820   48.4109
    0.1961    0.7721    0.6045
   -0.6711    0.5552   -0.4914
   -0.7149   -0.3093    0.6270
...    25 A-T ...
  -44.1472  -32.5105   50.4640
   -0.1496    0.9794    0.1353
   -0.6868   -0.0045   -0.7268
   -0.7113   -0.2016    0.6733
...    26 A-T ...
  -46.3199  -33.0256   52.8221
   -0.5126    0.7976   -0.3179
   -0.4803   -0.5733   -0.6638
   -0.7117   -0.1876    0.6770
...    27 A-T ...
  -48.5724  -33.3902   55.1398
   -0.6982    0.3143   -0.6432
   -0.0985   -0.9321   -0.3485
   -0.7091   -0.1800    0.6818
...    28 G-C ...
  -51.0210  -33.6387   57.3995
   -0.6019   -0.2359   -0.7630
    0.2831   -0.9563    0.0724
   -0.7467   -0.1725    0.6424
...    29 G-C ...
  -53.7574  -33.9961   59.3845
   -0.2885   -0.7191   -0.6322
    0.5523   -0.6643    0.5036
   -0.7821   -0.2039    0.5888
...    30 C-G ...
  -56.6199  -34.5076   61.0399
    0.0976   -0.9608   -0.2593
    0.6127   -0.1473    0.7764
   -0.7842   -0.2347    0.5743
...    31 C-G ...
  -59.4127  -35.3927   62.7463
    0.4811   -0.8582    0.1788
    0.4415    0.4134    0.7964
   -0.7574   -0.3042    0.5778
...    32 G-C ...
  -61.7804  -36.1870   65.0291
    0.7226   -0.4289    0.5421
    0.0720    0.8267    0.5581
   -0.6875   -0.3643    0.6282
...    33 G-C ...
  -64.0014  -37.6570   67.1057
    0.6961    0.1366    0.7048
   -0.3537    0.9196    0.1711
   -0.6247   -0.3684    0.6884
...    34 C-G ...
  -65.7752  -39.2063   69.4546
    0.4110    0.6422    0.6470
   -0.6891    0.6835   -0.2407
   -0.5968   -0.3469    0.7235
...    35 C-G ...
  -67.5077  -40.3375   72.1279
    0.0067    0.9399    0.3413
   -0.8198    0.2006   -0.5363
   -0.5726   -0.2762    0.7719
...    36 C-G ...
  -69.2368  -41.0186   74.9597
   -0.4062    0.9106   -0.0766
   -0.7039   -0.3653   -0.6091
   -0.5827   -0.1935    0.7894
...    37 G-C ...
  -71.5226  -41.7022   77.3541
   -0.6778    0.5498   -0.4882
   -0.3671   -0.8283   -0.4232
   -0.6371   -0.1076    0.7633
...    38 A-T ...
  -73.6327  -41.9319   79.8820
   -0.7470   -0.0586   -0.6622
    0.1103   -0.9932   -0.0365
   -0.6556   -0.1003    0.7484
...    39 C-G ...
  -75.9993  -41.6517   82.2213
   -0.5554   -0.5815   -0.5944
    0.4895   -0.8065    0.3315
   -0.6722   -0.1069    0.7326
...    40 A-T ...
  -78.1391  -42.1686   84.7494
   -0.1008   -0.9309   -0.3510
    0.7071   -0.3152    0.6330
   -0.6999   -0.1844    0.6900
...    41 C-G ...
  -80.8761  -42.7403   86.5500
    0.3153   -0.9487    0.0220
    0.6453    0.2313    0.7281
   -0.6959   -0.2153    0.6851
...    42 G-C ...
  -82.9368  -43.3941   89.1496
    0.7034   -0.6165    0.3538
    0.3295    0.7239    0.6061
   -0.6297   -0.3098    0.7124
...    43 A-T ...
  -84.9769  -44.5054   91.4777
    0.7834   -0.0477    0.6197
   -0.1667    0.9444    0.2835
   -0.5988   -0.3253    0.7319
...    44 C-G ...
  -86.6421  -46.1443   93.8378
    0.5887    0.4748    0.6542
   -0.5709    0.8172   -0.0794
   -0.5723   -0.3268    0.7521
...    45 T-A ...
  -88.2315  -47.3281   96.5140
    0.2102    0.8594    0.4660
   -0.8179    0.4157   -0.3978
   -0.5356   -0.2976    0.7903
...    46 T-A ...
  -89.7367  -48.3513   99.2157
   -0.3221    0.9330    0.1603
   -0.7849   -0.1685   -0.5963
   -0.5293   -0.3178    0.7866
...    47 A-T ...
  -91.7963  -49.6325  101.5964
   -0.7668    0.5924   -0.2469
   -0.3845   -0.7320   -0.5624
   -0.5140   -0.3363    0.7891
...    48 C-G ...
  -93.4099  -50.1621  104.4815
   -0.8455    0.1085   -0.5229
    0.0889   -0.9369   -0.3381
   -0.5266   -0.3324    0.7825
...    49 T-A ...
  -95.3426  -50.9737  107.0834
   -0.6320   -0.4021   -0.6625
    0.5316   -0.8470    0.0071
   -0.5640   -0.3477    0.7490
...    50 G-C ...
  -97.1715  -52.3475  109.5319
   -0.1469   -0.7795   -0.6089
    0.7921   -0.4614    0.3996
   -0.5924   -0.4236    0.6852
...    51 T-A ...
  -99.6014  -53.6064  111.4039
    0.3224   -0.8859   -0.3336
    0.7496    0.0237    0.6614
   -0.5780   -0.4633    0.6717
...    52 A-T ...
 -101.4279  -55.2282  113.6969
    0.7566   -0.6507    0.0642
    0.3952    0.5333    0.7479
   -0.5209   -0.5405    0.6607
...    53 G-C ...
 -103.1140  -57.2761  115.6888
    0.8895   -0.2174    0.4020
   -0.0855    0.7849    0.6137
   -0.4489   -0.5803    0.6795
...    54 G-C ...
 -104.2801  -59.4820  117.9629
    0.7280    0.3040    0.6145
   -0.5837    0.7450    0.3230
   -0.3596   -0.5938    0.7198
...    55 T-A ...
 -104.9057  -61.7695  120.2900
    0.3077    0.6691    0.6765
   -0.8904    0.4530   -0.0431
   -0.3353   -0.5891    0.7352
...    56 A-T ...
 -106.5308  -63.6408  122.6374
   -0.3674    0.7755    0.5135
   -0.8745   -0.1001   -0.4746
   -0.3166   -0.6234    0.7149
...    57 T-A ...
 -107.0275  -65.4646  125.3701
   -0.7796    0.5904    0.2089
   -0.5511   -0.4883   -0.6766
   -0.2975   -0.6426    0.7061
...    58 C-G ...
 -107.9835  -67.5141  127.7889
   -0.9538    0.1709   -0.2471
    0.0405   -0.7417   -0.6695
   -0.2977   -0.6486    0.7005
...    59 T-A ...
 -109.1373  -69.4386  130.2684
   -0.7631   -0.2335   -0.6027
    0.5571   -0.7104   -0.4301
   -0.3277   -0.6639    0.6722
...    60 C-G ...
 -110.2440  -71.5529  132.5471
   -0.2634   -0.5852   -0.7669
    0.9089   -0.4170    0.0060
   -0.3234   -0.6955    0.6417
...    61 G-C ...
 -110.9887  -73.9884  134.7612
    0.3359   -0.6057   -0.7213
    0.9005   -0.0179    0.4344
   -0.2760   -0.7955    0.5395
...    62 A-T ...
 -111.9246  -76.6194  136.4539
    0.8175   -0.4427   -0.3683
    0.5306    0.3305    0.7806
   -0.2238   -0.8336    0.5051
...    63 G-C ...
 -112.6237  -79.5459  137.8234
    0.9918   -0.1169    0.0523
    0.0115    0.4880    0.8728
   -0.1276   -0.8650    0.4853
...    64 C-G ...
 -112.6859  -82.6175  139.0567
    0.8405    0.2187    0.4957
   -0.5387    0.4334    0.7224
   -0.0569   -0.8743    0.4821
...    65 T-A ...
 -112.4567  -85.5622  140.5688
    0.4164    0.4630    0.7825
   -0.9090    0.1935    0.3692
    0.0195   -0.8650    0.5014
...    66 C-G ...
 -112.2233  -88.3160  142.3713
   -0.2188    0.4824    0.8482
   -0.9743   -0.1552   -0.1631
    0.0529   -0.8621    0.5040
...    67 G-C ...
 -112.5351  -91.2369  144.0400
   -0.7533    0.3273    0.5705
   -0.6555   -0.4444   -0.6106
    0.0537   -0.8339    0.5493
...    68 G-C ...
 -112.2527  -93.9285  146.0974
   -0.9939    0.0457    0.1007
   -0.1091   -0.5507   -0.8275
    0.0176   -0.8334    0.5523
...    69 G-C ...
 -112.1112  -96.6187  148.1746
   -0.8811   -0.2254   -0.4157
    0.4724   -0.4604   -0.7516
   -0.0220   -0.8586    0.5122
...    70 A-T ...
 -112.1068  -99.3629  149.9920
   -0.4229   -0.4235   -0.8011
    0.9061   -0.2072   -0.3688
   -0.0099   -0.8819    0.4714
...    71 T-A ...
 -112.7756 -102.1439  151.6008
    0.0970   -0.4462   -0.8897
    0.9953    0.0474    0.0848
    0.0043   -0.8937    0.4487
...    72 C-G ...
 -112.8040 -105.0889  153.0204
    0.6589   -0.2580   -0.7066
    0.7501    0.2950    0.5918
    0.0557   -0.9200    0.3879
...    73 C-G ...
 -112.6303 -108.3193  153.9380
    0.9446    0.0660   -0.3216
    0.2802    0.3484    0.8945
    0.1711   -0.9350    0.3106
...    74 G-C ...
 -111.5908 -111.2920  155.1543
    0.9036    0.3852    0.1871
   -0.2671    0.1655    0.9493
    0.3347   -0.9079    0.2525
...    75 C-G ...
 -109.9820 -114.1566  155.6688
    0.5887    0.4504    0.6713
   -0.7014   -0.1282    0.7011
    0.4019   -0.8836    0.2405
...    76 T-A ...
 -108.2511 -116.8994  156.4323
    0.0941    0.3296    0.9394
   -0.8823   -0.4094    0.2320
    0.4611   -0.8507    0.2523
...    77 T-A ...
 -106.4331 -119.5105  157.1972
   -0.4195   -0.0443    0.9067
   -0.7627   -0.5245   -0.3785
    0.4923   -0.8503    0.1862
...    78 T-A ...
 -104.5295 -122.0831  157.9120
   -0.7510   -0.4224    0.5075
   -0.3675   -0.3712   -0.8527
    0.5486   -0.8269    0.1236
...    79 A-T ...
 -102.4998 -124.8621  157.4756
   -0.7342   -0.6447   -0.2129
    0.2121    0.0802   -0.9740
    0.6450   -0.7602    0.0779
...    80 A-T ...
 -100.4385 -127.3387  157.9691
   -0.4523   -0.4864   -0.7475
    0.5797    0.4766   -0.6609
    0.6777   -0.7323    0.0664
...    81 C-G ...
  -98.6177 -130.0526  158.4667
   -0.1038   -0.1181   -0.9876
    0.7213    0.6747   -0.1565
    0.6848   -0.7286    0.0152
...    82 T-A ...
  -96.5409 -132.6307  158.3462
    0.2233    0.3408   -0.9132
    0.6698    0.6271    0.3977
    0.7082   -0.7005   -0.0882
...    83 C-G ...
  -94.2118 -134.8740  157.9133
    0.5106    0.7031   -0.4949
    0.4289    0.2906    0.8553
    0.7452   -0.6490   -0.1532
...    84 A-T ...
  -91.5180 -136.8196  157.3639
    0.5493    0.8293    0.1027
    0.1226   -0.2015    0.9718
    0.8266   -0.5212   -0.2123
...    85 T-A ...
  -88.8091 -138.1473  156.0727
    0.5205    0.6162    0.5911
   -0.1560   -0.6120    0.7753
    0.8395   -0.4958   -0.2225
...    86 G-C ...
  -85.9125 -139.8135  155.7458
    0.2726    0.1514    0.9501
   -0.3736   -0.8934    0.2495
    0.8866   -0.4230   -0.1870
...    87 T-A ...
  -82.6853 -140.6093  155.2033
    0.0324   -0.3714    0.9279
   -0.4452   -0.8366   -0.3193
    0.8948   -0.4028   -0.1925
...    88 T-A ...
  -79.6062 -141.6014  154.6621
   -0.1701   -0.8348    0.5237
   -0.3900   -0.4310   -0.8137
    0.9050   -0.3426   -0.2522
...    89 A-T ...
  -76.7341 -142.5311  152.8800
   -0.2822   -0.9292   -0.2388
   -0.2213    0.3052   -0.9262
    0.9335   -0.2085   -0.2917
...    90 T-A ...
  -73.5812 -143.5066  152.5102
   -0.3383   -0.6303   -0.6988
   -0.0614    0.7558   -0.6520
    0.9390   -0.1776   -0.2944
...    91 A-T ...
  -70.3616 -143.6133  151.4235
   -0.3285    0.0128   -0.9444
    0.1433    0.9890   -0.0364
    0.9336   -0.1473   -0.3267
...    92 A-T ...
  -67.3906 -144.2220  150.2905
   -0.2220    0.5920   -0.7748
    0.3028    0.7972    0.5223
    0.9268   -0.1186   -0.3562
...    93 C-G ...
  -64.6334 -144.9126  148.6437
   -0.0850    0.9328   -0.3501
    0.3909    0.3545    0.8494
    0.9165   -0.0646   -0.3948
...    94 G-C ...
  -61.4358 -144.6981  147.5159
    0.0164    0.9665    0.2562
    0.4382   -0.2373    0.8670
    0.8987    0.0980   -0.4274
...    95 G-C ...
  -58.5305 -143.7996  145.9968
    0.1776    0.6527    0.7365
    0.4153   -0.7282    0.5452
    0.8922    0.2091   -0.4004
...    96 A-T ...
  -55.5740 -142.8862  144.7971
    0.3837    0.0641    0.9212
    0.2556   -0.9660   -0.0392
    0.8874    0.2506   -0.3870
...    97 A-T ...
  -52.7344 -141.7716  143.6193
    0.5037   -0.5189    0.6907
   -0.0251   -0.8080   -0.5887
    0.8635    0.2791   -0.4200
...    98 C-G ...
  -49.7669 -140.4113  142.7280
    0.4153   -0.8770    0.2419
   -0.2944   -0.3811   -0.8764
    0.8608    0.2928   -0.4164
...    99 T-A ...
  -46.7575 -139.4126  141.6097
    0.1622   -0.9428   -0.2913
   -0.4772    0.1834   -0.8594
    0.8637    0.2784   -0.4202
...   100 T-A ...
  -43.8270 -138.5007  140.4875
   -0.1275   -0.6293   -0.7666
   -0.5041    0.7068   -0.4963
    0.8542    0.3231   -0.4073
...   101 T-A ...
  -40.9436 -137.5839  139.2814
   -0.3988   -0.0797   -0.9136
   -0.3480    0.9348    0.0704
    0.8484    0.3460   -0.4005
...   102 A-T ...
  -38.1779 -136.0401  138.0640
   -0.5749    0.5167   -0.6344
   -0.0151    0.7686    0.6396
    0.8181    0.3773   -0.4341
...   103 T-A ...
  -35.6651 -135.1831  136.1338
   -0.5186    0.8315   -0.1992
    0.2880    0.3892    0.8749
    0.8050    0.3964   -0.4414
...   104 G-C ...
  -33.0149 -133.5293  134.8534
   -0.3382    0.8484    0.4074
    0.5758   -0.1559    0.8026
    0.7444    0.5060   -0.4358
...   105 C-G ...
  -30.9153 -131.4969  133.2250
    0.0119    0.5861    0.8101
    0.6918   -0.5898    0.4166
    0.7220    0.5555   -0.4125
...   106 T-A ...
  -28.7228 -129.3082  131.9527
    0.3613    0.1273    0.9237
    0.6000   -0.7900   -0.1258
    0.7138    0.5997   -0.3618
...   107 T-A ...
  -26.5528 -127.1274  130.8585
    0.6724   -0.3538    0.6501
    0.2642   -0.7058   -0.6573
    0.6914    0.6137   -0.3812
...   108 C-G ...
  -24.2296 -125.0491  129.7088
    0.6921   -0.7148    0.1007
   -0.2052   -0.3286   -0.9219
    0.6920    0.6174   -0.3741
...   109 C-G ...
  -21.7535 -122.9589  128.6628
    0.4086   -0.8044   -0.4312
   -0.5593    0.1527   -0.8148
    0.7213    0.5741   -0.3875
...   110 G-C ...
  -19.6610 -120.8105  127.0405
   -0.0644   -0.6009   -0.7967
   -0.6940    0.6007   -0.3969
    0.7171    0.5274   -0.4557
...   111 G-C ...
  -17.1107 -119.1416  125.5580
   -0.5064   -0.1904   -0.8410
   -0.5343    0.8348    0.1327
    0.6768    0.5165   -0.5245
...   112 C-G ...
  -14.7264 -117.7824  123.6565
   -0.7540    0.2879   -0.5905
   -0.1542    0.7962    0.5851
    0.6385    0.5322   -0.5559
...   113 T-A ...
  -12.7559 -116.1289  121.5374
   -0.7589    0.6389   -0.1264
    0.3019    0.5170    0.8010
    0.5771    0.5697   -0.5852
...   114 C-G ...
  -10.9834 -114.1762  119.5627
   -0.4442    0.7965    0.4103
    0.7114    0.0352    0.7019
    0.5446    0.6037   -0.5822
...   115 G-C ...
   -8.9522 -111.9609  117.9683
   -0.0029    0.5985    0.8011
    0.8667   -0.3981    0.3005
    0.4988    0.6952   -0.5176
...   116 T-A ...
   -7.8415 -109.2722  116.3233
    0.4602    0.2660    0.8470
    0.7337   -0.6511   -0.1941
    0.4999    0.7108   -0.4948
...   117 A-T ...
   -5.9232 -107.1669  114.4379
    0.8407   -0.2170    0.4960
    0.2468   -0.6618   -0.7078
    0.4819    0.7175   -0.5029
...   118 T-A ...
   -4.3965 -104.4242  113.3615
    0.8518   -0.5225    0.0390
   -0.2358   -0.4488   -0.8620
    0.4679    0.7250   -0.5054
...   119 A-T ...
   -3.1930 -102.0313  111.2126
    0.4887   -0.6626   -0.5676
   -0.7541    0.0064   -0.6568
    0.4388    0.7489   -0.4965
...   120 A-T ...
   -1.5721  -99.6166  109.7377
   -0.0510   -0.5119   -0.8575
   -0.9016    0.3929   -0.1809
    0.4295    0.7639   -0.4815
...   121 T-A ...
    0.3952  -97.4781  108.1599
   -0.5159   -0.2249   -0.8266
   -0.7418    0.5998    0.2999
    0.4284    0.7679   -0.4763
...   122 G-C ...
    1.5182  -94.6973  106.6290
   -0.8917    0.1171   -0.4373
   -0.2724    0.6327    0.7249
    0.3616    0.7655   -0.5323
...   123 T-A ...
    2.6284  -92.5225  104.3605
   -0.9058    0.4211    0.0459
    0.2607    0.4686    0.8441
    0.3340    0.7766   -0.5342
...   124 G-C ...
    3.7055  -89.7041  102.8648
   -0.5941    0.5492    0.5877
    0.7612    0.1478    0.6314
    0.2599    0.8225   -0.5059
...   125 T-A ...
    3.9463  -86.9430  100.9999
   -0.0877    0.5184    0.8506
    0.9638   -0.1717    0.2040
    0.2518    0.8377   -0.4846
...   126 C-G ...
    4.6972  -84.1016   99.4790
    0.5147    0.2846    0.8088
    0.8184   -0.4441   -0.3646
    0.2554    0.8496   -0.4615
...   127 G-C ...
    5.9088  -81.3949   97.8139
    0.8688   -0.1127    0.4821
    0.3695   -0.5006   -0.7829
    0.3296    0.8583   -0.3933
...   128 A-T ...
    6.9930  -78.5141   96.6007
    0.9042   -0.4181   -0.0874
   -0.2375   -0.3222   -0.9164
    0.3550    0.8493   -0.3907
...   129 C-G ...
    8.4634  -75.6050   95.8753
    0.6173   -0.5489   -0.5636
   -0.6898   -0.0331   -0.7233
    0.3784    0.8352   -0.3990
...   130 C-G ...
   10.0123  -72.8752   94.5896
    0.0834   -0.5360   -0.8401
   -0.9086    0.3053   -0.2850
    0.4092    0.7871   -0.4616
...   131 A-T ...
   11.0950  -70.1339   92.9600
   -0.5133   -0.3130   -0.7991
   -0.7651    0.5887    0.2609
    0.3887    0.7453   -0.5417
...   132 A-T ...
   12.4756  -67.8644   91.0792
   -0.8649    0.1042   -0.4910
   -0.3084    0.6615    0.6836
    0.3960    0.7427   -0.5400
...   133 A-T ...
   13.7535  -65.5899   89.1277
   -0.8714    0.4905    0.0051
    0.2693    0.4697    0.8407
    0.4100    0.7340   -0.5414
...   134 T-A ...
   14.7384  -63.4258   86.8200
   -0.5923    0.6747    0.4404
    0.6886    0.1401    0.7115
    0.4183    0.7247   -0.5475
...   135 G-C ...
   15.7317  -61.4928   83.9331
    0.0341    0.7400    0.6717
    0.8636   -0.3601    0.3528
    0.5030    0.5681   -0.6514
...   136 T-A ...
   15.7848  -59.5604   80.7993
    0.5517    0.4998    0.6677
    0.6739   -0.7388   -0.0038
    0.4915    0.4520   -0.7444
...   137 G-C ...
   16.8385  -57.7218   78.2676
    0.8528   -0.0848    0.5153
    0.1507   -0.9048   -0.3983
    0.5000    0.4173   -0.7588
...   138 A-T ...
   18.4282  -55.5286   76.5299
    0.8547   -0.5006    0.1371
   -0.3188   -0.7148   -0.6224
    0.4096    0.4883   -0.7706
...   139 G-C ...
   20.4259  -54.3093   74.5420
    0.5847   -0.7389   -0.3347
   -0.7593   -0.3533   -0.5465
    0.2856    0.5737   -0.7676
...   140 C-G ...
   21.4269  -51.8265   72.7876
    0.1304   -0.7144   -0.6875
   -0.8897    0.2216   -0.3991
    0.4375    0.6637   -0.6067
...   141 G-C ...
   22.1521  -50.1494   67.4641
   -0.4682   -0.8748    0.1248
   -0.8494    0.4066   -0.3364
    0.2435   -0.2635   -0.9334
...   142 C-G ...
   22.3488  -51.2413   64.4934
   -0.8528   -0.5119   -0.1032
   -0.4975    0.8565   -0.1374
    0.1587   -0.0659   -0.9851
...   143 T-A ...
   24.0166  -51.6378   61.9249
   -0.9562    0.0401   -0.2898
    0.0524    0.9980   -0.0348
    0.2878   -0.0485   -0.9564
...   144 C-G ...
   24.8958  -52.7395   58.9874
   -0.7529    0.5560   -0.3520
    0.5214    0.8304    0.1965
    0.4016   -0.0356   -0.9151
...   145 A-T ...
   25.5275  -52.9802   55.8054
   -0.2442    0.9563   -0.1610
    0.8906    0.2869    0.3528
    0.3836   -0.0573   -0.9217
...   146 C-G ...
   25.2778  -52.5122   52.0797
    0.3204    0.9427   -0.0929
    0.8825   -0.2614    0.3909
    0.3443   -0.2072   -0.9157
...   147 A-T ...
   25.6238  -52.5939   48.6396
    0.8597    0.5097    0.0339
    0.4496   -0.7865    0.4233
    0.2424   -0.3487   -0.9053
