  147 base-pairs
...     1 T-A ...
    0.0000    0.0000    0.0000
    1.0000    0.0000    0.0000
    0.0000    1.0000    0.0000
    0.0000    0.0000    1.0000
...     2 G-C ...
   -0.5555   -1.1003    3.3981
    0.7749    0.6051    0.1828
   -0.5991    0.7953   -0.0929
   -0.2016   -0.0375    0.9787
...     3 T-A ...
   -0.6619   -3.0237    6.5348
    0.3046    0.9250    0.2271
   -0.8994    0.3578   -0.2510
   -0.3134   -0.1278    0.9410
...     4 G-C ...
   -1.1607   -3.8418    9.6940
   -0.3351    0.9421    0.0133
   -0.8752   -0.3061   -0.3746
   -0.3489   -0.1372    0.9271
...     5 A-T ...
   -1.3881   -3.6770   12.8999
   -0.7835    0.6162   -0.0801
   -0.5677   -0.7622   -0.3109
   -0.2527   -0.1981    0.9470
...     6 G-C ...
   -2.6236   -3.5448   15.7072
   -0.9923    0.0611   -0.1075
   -0.0294   -0.9610   -0.2748
   -0.1201   -0.2695    0.9555
...     7 C-G ...
   -2.3138   -3.7570   18.8866
   -0.8620   -0.4995   -0.0864
    0.5008   -0.8655    0.0073
   -0.0785   -0.0370    0.9962
...     8 G-C ...
   -3.9561   -6.8109   23.3205
   -0.2581   -0.3560   -0.8981
    0.6294   -0.7673    0.1233
   -0.7330   -0.5335    0.4221
...     9 C-G ...
   -6.1177   -8.9414   24.2385
    0.1143   -0.7320   -0.6716
    0.8123   -0.3203    0.4874
   -0.5720   -0.6013    0.5580
...    10 T-A ...
   -8.5041   -9.6771   26.0540
    0.4660   -0.8587   -0.2131
    0.6274    0.1508    0.7640
   -0.6239   -0.4897    0.6090
...    11 C-G ...
  -11.0625  -11.3174   27.2336
    0.6660   -0.6911    0.2808
    0.3382    0.6152    0.7121
   -0.6649   -0.3794    0.6435
...    12 A-T ...
  -13.0013  -13.1789   29.0658
    0.7188   -0.1490    0.6790
   -0.1787    0.9043    0.3876
   -0.6718   -0.4000    0.6235
...    13 C-G ...
  -14.1788  -15.9359   31.3399
    0.4052    0.2865    0.8682
   -0.5270    0.8492   -0.0343
   -0.7470   -0.4437    0.4951
...    14 A-T ...
  -15.9532  -18.1566   33.3080
   -0.1503    0.6873    0.7107
   -0.6106    0.5008   -0.6135
   -0.7776   -0.5261    0.3444
...    15 A-T ...
  -18.4941  -19.7784   34.5272
   -0.4479    0.8732    0.1920
   -0.4182   -0.0148   -0.9082
   -0.7903   -0.4871    0.3718
...    16 T-A ...
  -20.8822  -21.2080   36.4594
   -0.6300    0.7035   -0.3290
   -0.0996   -0.4934   -0.8641
   -0.7702   -0.5116    0.3809
...    17 T-A ...
  -23.3933  -22.6176   38.0357
   -0.5978    0.2489   -0.7620
    0.2951   -0.8155   -0.4979
   -0.7454   -0.5225    0.4140
...    18 T-A ...
  -25.9474  -24.0689   39.4983
   -0.3330   -0.2937   -0.8960
    0.5911   -0.8053    0.0443
   -0.7346   -0.5149    0.4418
...    19 A-T ...
  -28.2846  -25.9919   41.2391
    0.1132   -0.8057   -0.5815
    0.6739   -0.3678    0.6408
   -0.7301   -0.4644    0.5013
...    20 T-A ...
  -31.1401  -27.2775   42.4351
    0.4244   -0.8983   -0.1136
    0.5223    0.1403    0.8412
   -0.7397   -0.4163    0.5287
...    21 T-A ...
  -33.6841  -28.6685   43.9223
    0.6257   -0.6479    0.4344
    0.1680    0.6557    0.7361
   -0.7618   -0.3875    0.5191
...    22 C-G ...
  -36.2200  -29.9014   45.6446
    0.6239   -0.1115    0.7735
   -0.2444    0.9123    0.3287
   -0.7423   -0.3941    0.5419
...    23 G-C ...
  -38.9538  -30.6010   47.5743
    0.5007    0.4800    0.7203
   -0.5590    0.8147   -0.1543
   -0.6609   -0.3254    0.6763
...    24 C-G ...
  -40.8632  -31.9455   49.8810
    0.1730    0.8561    0.4871
   -0.7352    0.4413   -0.5145
   -0.6554   -0.2691    0.7057
...    25 A-T ...
  -43.3920  -32.6484   51.9483
   -0.2279    0.9733    0.0256
   -0.7117   -0.1486   -0.6866
   -0.6645   -0.1747    0.7266
...    26 A-T ...
  -45.5247  -33.0219   54.4167
   -0.5861    0.7092   -0.3919
   -0.4599   -0.6894   -0.5597
   -0.6671   -0.1477    0.7302
...    27 A-T ...
  -47.5544  -33.2028   56.9680
   -0.7533    0.1685   -0.6358
   -0.0287   -0.9742   -0.2241
   -0.6571   -0.1505    0.7386
...    28 G-C ...
  -49.9249  -33.2149   59.4027
   -0.6162   -0.3844   -0.6874
    0.3707   -0.9116    0.1775
   -0.6949   -0.1455    0.7042
...    29 G-C ...
  -52.5476  -33.5285   61.6367
   -0.2446   -0.8411   -0.4825
    0.6508   -0.5113    0.5614
   -0.7188   -0.1767    0.6724
...    30 C-G ...
  -55.1550  -34.0512   63.5846
    0.1969   -0.9751   -0.1020
    0.6665    0.0568    0.7433
   -0.7190   -0.2144    0.6611
...    31 C-G ...
  -57.7853  -34.6431   65.6328
    0.5819   -0.7575    0.2959
    0.4373    0.5982    0.6715
   -0.6857   -0.2613    0.6794
...    32 G-C ...
  -59.7837  -35.1650   67.9780
    0.7908   -0.2961    0.5357
    0.0538    0.9055    0.4210
   -0.6097   -0.3041    0.7320
...    33 G-C ...
  -61.5579  -36.3690   70.5557
    0.7244    0.2910    0.6249
   -0.4129    0.9091    0.0553
   -0.5520   -0.2981    0.7787
...    34 C-G ...
  -63.1027  -37.5965   73.1853
    0.3945    0.7694    0.5024
   -0.7558    0.5826   -0.2989
   -0.5227   -0.2618    0.8113
...    35 C-G ...
  -64.4999  -38.2273   76.2390
   -0.0674    0.9799    0.1878
   -0.8621    0.0376   -0.5053
   -0.5022   -0.1959    0.8423
...    36 C-G ...
  -66.0289  -38.5836   79.2304
   -0.5240    0.8327   -0.1790
   -0.6950   -0.5395   -0.4753
   -0.4923   -0.1247    0.8614
...    37 G-C ...
  -68.0822  -39.7299   81.7334
   -0.7927    0.3823   -0.4748
   -0.2757   -0.9196   -0.2800
   -0.5437   -0.0910    0.8344
...    38 A-T ...
  -69.7593  -39.9747   84.4349
   -0.8001   -0.2415   -0.5491
    0.2564   -0.9652    0.0509
   -0.5423   -0.1000    0.8342
...    39 C-G ...
  -71.8453  -39.9260   86.8980
   -0.5215   -0.7126   -0.4694
    0.6338   -0.6918    0.3461
   -0.5713   -0.1170    0.8123
...    40 A-T ...
  -73.8433  -40.4218   89.5738
   -0.0003   -0.9748   -0.2233
    0.8150   -0.1296    0.5647
   -0.5794   -0.1818    0.7945
...    41 C-G ...
  -76.0834  -41.3099   91.8519
    0.4541   -0.8879    0.0730
    0.6867    0.4010    0.6063
   -0.5676   -0.2252    0.7919
...    42 G-C ...
  -77.6344  -41.7797   94.7786
    0.8133   -0.4528    0.3654
    0.2648    0.8473    0.4604
   -0.5180   -0.2777    0.8090
...    43 A-T ...
  -79.3584  -42.6763   97.2980
    0.8143    0.1420    0.5629
   -0.2651    0.9535    0.1430
   -0.5164   -0.2657    0.8141
...    44 C-G ...
  -80.7371  -44.1206   99.9305
    0.5667    0.6473    0.5098
   -0.6749    0.7196   -0.1634
   -0.4726   -0.2514    0.8446
...    45 T-A ...
  -81.8197  -45.2341  103.1883
    0.0879    0.9557    0.2809
   -0.8854    0.2042   -0.4176
   -0.4564   -0.2120    0.8641
...    46 T-A ...
  -83.0639  -45.9340  106.0794
   -0.4081    0.9128    0.0150
   -0.7872   -0.3435   -0.5122
   -0.4623   -0.2208    0.8588
...    47 A-T ...
  -84.8544  -46.8325  108.8115
   -0.8211    0.4730   -0.3194
   -0.3373   -0.8536   -0.3971
   -0.4604   -0.2183    0.8604
...    48 C-G ...
  -86.3421  -46.8718  111.8186
   -0.8651   -0.0613   -0.4978
    0.1576   -0.9754   -0.1539
   -0.4761   -0.2116    0.8535
...    49 T-A ...
  -88.2162  -47.2281  114.6257
   -0.6006   -0.5663   -0.5644
    0.5941   -0.7885    0.1590
   -0.5351   -0.2398    0.8100
...    50 G-C ...
  -90.0842  -48.2413  117.2572
   -0.0800   -0.8813   -0.4658
    0.8248   -0.3209    0.4655
   -0.5597   -0.3469    0.7526
...    51 T-A ...
  -92.2927  -49.3538  119.3141
    0.3841   -0.9016   -0.1990
    0.7438    0.1744    0.6452
   -0.5470   -0.3959    0.7376
...    52 A-T ...
  -93.9475  -50.8320  121.8232
    0.8048   -0.5760    0.1430
    0.3526    0.6579    0.6655
   -0.4774   -0.4852    0.7326
...    53 G-C ...
  -95.6089  -52.5155  124.0576
    0.9156   -0.0955    0.3907
   -0.1319    0.8464    0.5160
   -0.3799   -0.5240    0.7623
...    54 G-C ...
  -96.4668  -54.9478  126.5662
    0.7064    0.4463    0.5493
   -0.6439    0.7275    0.2369
   -0.2939   -0.5210    0.8013
...    55 T-A ...
  -96.9090  -56.8340  129.2156
    0.2613    0.7664    0.5868
   -0.9261    0.3704   -0.0713
   -0.2720   -0.5248    0.8066
...    56 A-T ...
  -97.4286  -58.5591  132.1035
   -0.3448    0.8469    0.4049
   -0.9035   -0.1824   -0.3877
   -0.2545   -0.4995    0.8281
...    57 T-A ...
  -97.6206  -59.9348  135.1064
   -0.7815    0.6022    0.1633
   -0.5787   -0.6017   -0.5505
   -0.2333   -0.5246    0.8187
...    58 C-G ...
  -98.3993  -61.4722  138.0279
   -0.9727    0.0817   -0.2173
    0.0512   -0.8374   -0.5442
   -0.2264   -0.5404    0.8104
...    59 T-A ...
  -99.4306  -63.0492  140.8270
   -0.7753   -0.3613   -0.5181
    0.5733   -0.7468   -0.3371
   -0.2651   -0.5584    0.7861
...    60 C-G ...
 -100.3045  -64.8832  143.5516
   -0.2682   -0.7162   -0.6443
    0.9280   -0.3715    0.0266
   -0.2585   -0.5908    0.7643
...    61 G-C ...
 -100.6178  -67.0919  146.0494
    0.3059   -0.6665   -0.6798
    0.9280    0.0491    0.3694
   -0.2128   -0.7439    0.6335
...    62 A-T ...
 -101.1919  -69.4106  148.3079
    0.8003   -0.4502   -0.3961
    0.5856    0.4446    0.6778
   -0.1291   -0.7744    0.6194
...    63 G-C ...
 -101.5186  -72.1976  150.0948
    0.9965   -0.0771   -0.0315
    0.0712    0.5921    0.8027
   -0.0432   -0.8022    0.5955
...    64 C-G ...
 -101.3755  -75.2000  151.7057
    0.8531    0.3180    0.4136
   -0.5215    0.4985    0.6925
    0.0140   -0.8065    0.5911
...    65 T-A ...
 -101.1110  -77.9049  153.5770
    0.4297    0.5604    0.7080
   -0.8999    0.2005    0.3874
    0.0752   -0.8036    0.5904
...    66 C-G ...
 -101.0781  -80.2937  155.8210
   -0.2049    0.5621    0.8013
   -0.9673   -0.2416   -0.0779
    0.1498   -0.7910    0.5932
...    67 G-C ...
 -101.6988  -83.3160  157.6834
   -0.7430    0.3125    0.5918
   -0.6468   -0.5627   -0.5149
    0.1720   -0.7653    0.6202
...    68 G-C ...
 -100.9749  -85.8233  159.8809
   -0.9861   -0.0448    0.1598
   -0.0989   -0.6142   -0.7829
    0.1332   -0.7879    0.6013
...    69 G-C ...
 -100.5297  -88.3434  162.0464
   -0.8826   -0.3089   -0.3545
    0.4669   -0.4871   -0.7380
    0.0553   -0.8169    0.5742
...    70 A-T ...
 -100.4520  -90.9485  164.1727
   -0.4185   -0.5239   -0.7419
    0.9058   -0.1815   -0.3828
    0.0659   -0.8322    0.5505
...    71 T-A ...
 -100.8457  -93.6365  166.0384
    0.1153   -0.5069   -0.8543
    0.9906    0.1227    0.0609
    0.0739   -0.8533    0.5162
...    72 C-G ...
 -100.7538  -96.5542  167.5878
    0.6715   -0.2828   -0.6849
    0.7329    0.3892    0.5580
    0.1088   -0.8767    0.4686
...    73 C-G ...
 -100.5326  -99.4461  169.1239
    0.9274    0.1042   -0.3592
    0.2730    0.4680    0.8405
    0.2557   -0.8776    0.4056
...    74 G-C ...
  -99.3549 -102.1315  170.7632
    0.8706    0.4808    0.1045
   -0.2588    0.2670    0.9283
    0.4184   -0.8352    0.3568
...    75 C-G ...
  -97.3842 -104.8767  171.5894
    0.5538    0.5552    0.6205
   -0.6947   -0.1027    0.7119
    0.4590   -0.8254    0.3288
...    76 T-A ...
  -95.1278 -107.2787  172.8919
    0.0556    0.3696    0.9275
   -0.8414   -0.4828    0.2428
    0.5375   -0.7939    0.2841
...    77 T-A ...
  -93.0464 -109.6668  173.7695
   -0.4156   -0.0751    0.9065
   -0.6997   -0.6104   -0.3713
    0.5811   -0.7886    0.2011
...    78 T-A ...
  -90.7994 -111.9776  174.5429
   -0.6917   -0.5022    0.5190
   -0.3317   -0.4174   -0.8460
    0.6415   -0.7573    0.1222
...    79 A-T ...
  -88.5174 -114.3975  173.8683
   -0.6439   -0.7532   -0.1347
    0.1386    0.0584   -0.9886
    0.7525   -0.6552    0.0668
...    80 A-T ...
  -86.0820 -116.4857  174.2291
   -0.4244   -0.5847   -0.6914
    0.4527    0.5242   -0.7213
    0.7842   -0.6191    0.0423
...    81 C-G ...
  -83.7528 -118.9008  174.6860
   -0.1247   -0.1795   -0.9758
    0.5903    0.7771   -0.2184
    0.7975   -0.6033    0.0090
...    82 A-T ...
  -81.0548 -120.9137  174.6051
    0.1468    0.3813   -0.9127
    0.5586    0.7296    0.3947
    0.8164   -0.5678   -0.1059
...    83 C-G ...
  -78.6179 -122.9651  173.6437
    0.3755    0.7411   -0.5566
    0.4150    0.4025    0.8160
    0.8287   -0.5373   -0.1564
...    84 T-A ...
  -75.7717 -124.7677  172.4897
    0.4574    0.8875    0.0567
    0.1497   -0.1396    0.9788
    0.8766   -0.4392   -0.1967
...    85 T-A ...
  -72.8934 -126.0010  171.5445
    0.4759    0.6201    0.6237
   -0.1300   -0.6518    0.7472
    0.8698   -0.4367   -0.2296
...    86 T-A ...
  -69.9779 -127.1810  170.6256
    0.3395    0.1036    0.9349
   -0.3798   -0.8942    0.2370
    0.8605   -0.4356   -0.2642
...    87 A-T ...
  -67.1506 -128.9647  169.5270
    0.0676   -0.6089    0.7904
   -0.5317   -0.6923   -0.4878
    0.8442   -0.3873   -0.3705
...    88 T-A ...
  -64.0432 -129.7995  168.7971
   -0.1976   -0.8732    0.4455
   -0.4989   -0.3016   -0.8125
    0.8438   -0.3828   -0.3761
...    89 G-C ...
  -61.2147 -131.1836  167.7798
   -0.5317   -0.8389   -0.1164
   -0.2514    0.2875   -0.9242
    0.8088   -0.4621   -0.3637
...    90 C-G ...
  -58.6559 -132.9885  166.8013
   -0.6186   -0.5160   -0.5925
    0.0559    0.7233   -0.6882
    0.7837   -0.4589   -0.4186
...    91 T-A ...
  -55.9929 -134.8457  165.6393
   -0.5241    0.0223   -0.8514
    0.3927    0.8934   -0.2183
    0.7558   -0.4487   -0.4769
...    92 T-A ...
  -53.7063 -136.4100  164.0517
   -0.2826    0.5491   -0.7865
    0.6281    0.7256    0.2809
    0.7250   -0.4146   -0.5499
...    93 C-G ...
  -51.4943 -137.7205  162.0025
    0.0443    0.9061   -0.4208
    0.6967    0.2738    0.6630
    0.7160   -0.3226   -0.6191
...    94 C-G ...
  -49.2398 -138.6861  159.8225
    0.3037    0.9495    0.0790
    0.5921   -0.2531    0.7651
    0.7464   -0.1856   -0.6391
...    95 G-C ...
  -46.6103 -138.9156  158.1518
    0.4769    0.6927    0.5410
    0.4139   -0.7200    0.5570
    0.7754   -0.0418   -0.6301
...    96 G-C ...
  -43.7736 -138.4693  156.3352
    0.5901    0.1751    0.7881
    0.1370   -0.9838    0.1159
    0.7956    0.0396   -0.6045
...    97 C-G ...
  -40.9191 -137.7565  154.6750
    0.5475   -0.4155    0.7263
   -0.1937   -0.9074   -0.3731
    0.8141    0.0635   -0.5773
...    98 T-A ...
  -38.1879 -137.4270  152.8257
    0.3635   -0.8486    0.3844
   -0.4475   -0.5210   -0.7269
    0.8171    0.0922   -0.5691
...    99 C-G ...
  -35.5384 -137.0679  150.7754
    0.0137   -0.9866   -0.1628
   -0.5886    0.1237   -0.7989
    0.8083    0.1068   -0.5790
...   100 G-C ...
  -33.1882 -136.3742  148.5109
   -0.3931   -0.7100   -0.5843
   -0.5050    0.6978   -0.5080
    0.7684    0.0954   -0.6328
...   101 T-A ...
  -30.3101 -136.5985  146.6582
   -0.6167   -0.1936   -0.7630
   -0.2084    0.9749   -0.0789
    0.7591    0.1104   -0.6415
...   102 T-A ...
  -27.8623 -136.3347  144.5402
   -0.6436    0.4037   -0.6502
    0.1787    0.9054    0.3852
    0.7442    0.1318   -0.6549
...   103 C-G ...
  -25.4400 -135.5516  142.4820
   -0.4732    0.8480   -0.2387
    0.5442    0.4945    0.6777
    0.6928    0.1908   -0.6955
...   104 A-T ...
  -23.1878 -134.9510  140.0131
   -0.1804    0.9464    0.2680
    0.7648   -0.0364    0.6433
    0.6186    0.3210   -0.7172
...   105 T-A ...
  -21.5849 -133.6423  137.4838
    0.2025    0.7745    0.5992
    0.7638   -0.5079    0.3983
    0.6129    0.3770   -0.6945
...   106 G-C ...
  -19.5314 -132.1136  135.1789
    0.5844    0.2694    0.7655
    0.5065   -0.8581   -0.0847
    0.6340    0.4372   -0.6379
...   107 T-A ...
  -17.6143 -130.0779  133.2237
    0.7787   -0.2545    0.5734
    0.0939   -0.8564   -0.5077
    0.6203    0.4492   -0.6430
...   108 T-A ...
  -15.6682 -128.3942  131.2578
    0.7085   -0.6943    0.1267
   -0.3892   -0.5341   -0.7505
    0.5887    0.4824   -0.6486
...   109 A-T ...
  -13.9515 -126.6908  128.7400
    0.2824   -0.8356   -0.4712
   -0.7920    0.0741   -0.6060
    0.5412    0.5443   -0.6409
...   110 T-A ...
  -11.6387 -125.0883  127.0349
   -0.1636   -0.6612   -0.7322
   -0.8312    0.4921   -0.2587
    0.5314    0.5663   -0.6301
...   111 A-T ...
  -10.0885 -122.7925  124.9684
   -0.6671   -0.1570   -0.7282
   -0.5215    0.7965    0.3060
    0.5319    0.5839   -0.6133
...   112 A-T ...
   -8.3736 -121.0559  122.8966
   -0.8549    0.3230   -0.4060
   -0.0429    0.7358    0.6758
    0.5171    0.5951   -0.6152
...   113 C-G ...
   -6.8179 -119.4521  120.3333
   -0.7426    0.6673    0.0569
    0.4443    0.4273    0.7874
    0.5011    0.6100   -0.6138
...   114 G-C ...
   -5.1896 -117.1315  118.6708
   -0.3975    0.7233    0.5647
    0.8133   -0.0072    0.5818
    0.4249    0.6905   -0.5854
...   115 G-C ...
   -4.0525 -114.4921  117.0454
    0.0618    0.5267    0.8478
    0.9254   -0.3484    0.1490
    0.3739    0.7754   -0.5089
...   116 A-T ...
   -3.0008 -111.7414  115.4129
    0.6010    0.1841    0.7778
    0.7049   -0.5806   -0.4073
    0.3766    0.7931   -0.4787
...   117 A-T ...
   -1.9150 -109.0127  113.9957
    0.9089   -0.1863    0.3732
    0.2022   -0.5857   -0.7849
    0.3648    0.7888   -0.4946
...   118 T-A ...
   -0.7010 -106.0696  112.9845
    0.8853   -0.4472   -0.1275
   -0.3217   -0.3909   -0.8624
    0.3358    0.8045   -0.4899
...   119 A-T ...
    0.1635 -103.2971  111.0954
    0.4508   -0.5647   -0.6913
   -0.8363    0.0036   -0.5482
    0.3120    0.8253   -0.4706
...   120 A-T ...
    1.4622 -100.6543  109.7045
   -0.1247   -0.4657   -0.8761
   -0.9421    0.3325   -0.0427
    0.3112    0.8201   -0.4803
...   121 T-A ...
    3.0484  -98.2529  108.0056
   -0.6079   -0.2096   -0.7658
   -0.7291    0.5293    0.4339
    0.3144    0.8222   -0.4746
...   122 G-C ...
    4.1010  -95.4326  106.2893
   -0.9492    0.1069   -0.2959
   -0.1904    0.5537    0.8107
    0.2505    0.8259   -0.5052
...   123 T-A ...
    4.8238  -92.9667  104.2129
   -0.9091    0.3744    0.1826
    0.3400    0.4137    0.8445
    0.2406    0.8299   -0.5034
...   124 G-C ...
    5.5578  -90.1251  102.5218
   -0.5296    0.4986    0.6862
    0.8281    0.1287    0.5456
    0.1838    0.8572   -0.4811
...   125 T-A ...
    5.6777  -87.3919  100.8147
   -0.0122    0.4543    0.8908
    0.9844   -0.1507    0.0903
    0.1753    0.8780   -0.4453
...   126 C-G ...
    6.1878  -84.5361   99.4794
    0.5815    0.2772    0.7649
    0.7967   -0.3847   -0.4662
    0.1650    0.8804   -0.4446
...   127 G-C ...
    7.2457  -81.8466   97.7526
    0.8949   -0.1044    0.4340
    0.3483   -0.4446   -0.8252
    0.2791    0.8896   -0.3615
...   128 A-T ...
    8.0235  -78.9725   96.6139
    0.9237   -0.3556   -0.1430
   -0.2601   -0.3077   -0.9152
    0.2814    0.8825   -0.3767
...   129 C-G ...
    9.2606  -75.9440   96.1053
    0.6230   -0.5043   -0.5980
   -0.7148   -0.0564   -0.6971
    0.3178    0.8617   -0.3956
...   130 C-G ...
   10.8556  -73.2244   94.7866
    0.0993   -0.5402   -0.8357
   -0.9234    0.2630   -0.2797
    0.3708    0.7994   -0.4727
...   131 A-T ...
   11.3067  -70.2466   93.1322
   -0.5089   -0.3244   -0.7973
   -0.7841    0.5570    0.2738
    0.3553    0.7645   -0.5378
...   132 A-T ...
   12.4968  -67.8538   91.2148
   -0.8732    0.0684   -0.4826
   -0.3276    0.6508    0.6849
    0.3609    0.7562   -0.5459
...   133 A-T ...
   13.7526  -65.6361   89.1424
   -0.8761    0.4821   -0.0021
    0.2577    0.4719    0.8431
    0.4075    0.7381   -0.5377
...   134 T-A ...
   14.7385  -63.4258   86.8199
   -0.5923    0.6747    0.4404
    0.6886    0.1401    0.7115
    0.4183    0.7247   -0.5475
...   135 G-C ...
   15.7317  -61.4928   83.9330
    0.0341    0.7400    0.6717
    0.8636   -0.3601    0.3528
    0.5030    0.5681   -0.6514
...   136 T-A ...
   15.7848  -59.5604   80.7992
    0.5517    0.4998    0.6677
    0.6739   -0.7388   -0.0038
    0.4915    0.4520   -0.7444
...   137 G-C ...
   16.8386  -57.7218   78.2675
    0.8528   -0.0848    0.5153
    0.1507   -0.9048   -0.3983
    0.5000    0.4173   -0.7588
...   138 A-T ...
   18.4283  -55.5286   76.5298
    0.8547   -0.5006    0.1371
   -0.3188   -0.7148   -0.6224
    0.4096    0.4883   -0.7706
...   139 G-C ...
   20.4260  -54.3093   74.5419
    0.5847   -0.7389   -0.3347
   -0.7593   -0.3533   -0.5465
    0.2856    0.5737   -0.7676
...   140 C-G ...
   21.4270  -51.8265   72.7875
    0.1304   -0.7144   -0.6875
   -0.8897    0.2216   -0.3991
    0.4375    0.6637   -0.6067
...   141 G-C ...
   22.1521  -50.1494   67.4640
   -0.4682   -0.8748    0.1248
   -0.8494    0.4066   -0.3364
    0.2435   -0.2635   -0.9334
...   142 C-G ...
   22.3489  -51.2413   64.4933
   -0.8528   -0.5119   -0.1032
   -0.4975    0.8565   -0.1374
    0.1587   -0.0659   -0.9851
...   143 T-A ...
   24.0166  -51.6378   61.9248
   -0.9562    0.0401   -0.2898
    0.0524    0.9980   -0.0348
    0.2878   -0.0485   -0.9564
...   144 C-G ...
   24.8958  -52.7395   58.9873
   -0.7529    0.5560   -0.3520
    0.5214    0.8304    0.1965
    0.4016   -0.0356   -0.9151
...   145 A-T ...
   25.5276  -52.9803   55.8053
   -0.2442    0.9563   -0.1610
    0.8906    0.2869    0.3528
    0.3836   -0.0573   -0.9217
...   146 C-G ...
   25.2778  -52.5122   52.0796
    0.3204    0.9427   -0.0929
    0.8825   -0.2614    0.3909
    0.3443   -0.2072   -0.9157
...   147 A-T ...
   25.6239  -52.5939   48.6395
    0.8597    0.5097    0.0339
    0.4496   -0.7865    0.4233
    0.2424   -0.3487   -0.9053
