  147 base-pairs
...     1 T-A ...
    0.0000    0.0000    0.0000
    1.0000    0.0000    0.0000
    0.0000    1.0000    0.0000
    0.0000    0.0000    1.0000
...     2 G-C ...
   -0.5555   -1.1003    3.3981
    0.7749    0.6051    0.1828
   -0.5991    0.7953   -0.0929
   -0.2016   -0.0375    0.9787
...     3 T-A ...
   -0.6619   -3.0237    6.5348
    0.3046    0.9250    0.2271
   -0.8994    0.3578   -0.2510
   -0.3134   -0.1278    0.9410
...     4 G-C ...
   -1.1607   -3.8418    9.6940
   -0.3351    0.9421    0.0133
   -0.8752   -0.3061   -0.3746
   -0.3489   -0.1372    0.9271
...     5 A-T ...
   -1.3881   -3.6770   12.8999
   -0.7835    0.6162   -0.0801
   -0.5677   -0.7622   -0.3109
   -0.2527   -0.1981    0.9470
...     6 G-C ...
   -2.6236   -3.5448   15.7072
   -0.9923    0.0611   -0.1075
   -0.0294   -0.9610   -0.2748
   -0.1201   -0.2695    0.9555
...     7 C-G ...
   -2.3138   -3.7570   18.8866
   -0.8620   -0.4995   -0.0864
    0.5008   -0.8655    0.0073
   -0.0785   -0.0370    0.9962
...     8 G-C ...
   -3.9561   -6.8109   23.3205
   -0.2581   -0.3560   -0.8981
    0.6294   -0.7673    0.1233
   -0.7330   -0.5335    0.4221
...     9 C-G ...
   -6.1177   -8.9414   24.2385
    0.1143   -0.7320   -0.6716
    0.8123   -0.3203    0.4874
   -0.5720   -0.6013    0.5580
...    10 T-A ...
   -8.5041   -9.6771   26.0540
    0.4660   -0.8587   -0.2131
    0.6274    0.1508    0.7640
   -0.6239   -0.4897    0.6090
...    11 C-G ...
  -11.0625  -11.3174   27.2336
    0.6660   -0.6911    0.2808
    0.3382    0.6152    0.7121
   -0.6649   -0.3794    0.6435
...    12 A-T ...
  -13.0013  -13.1789   29.0658
    0.7188   -0.1490    0.6790
   -0.1787    0.9043    0.3876
   -0.6718   -0.4000    0.6235
...    13 C-G ...
  -14.1788  -15.9359   31.3399
    0.4052    0.2865    0.8682
   -0.5270    0.8492   -0.0343
   -0.7470   -0.4437    0.4951
...    14 A-T ...
  -15.9532  -18.1566   33.3080
   -0.1503    0.6873    0.7107
   -0.6106    0.5008   -0.6135
   -0.7776   -0.5261    0.3444
...    15 A-T ...
  -18.3915  -19.8423   34.6215
   -0.4539    0.8662    0.2090
   -0.4160    0.0014   -0.9094
   -0.7880   -0.4997    0.3597
...    16 T-A ...
  -20.7716  -21.2400   36.4082
   -0.5890    0.7511   -0.2983
   -0.1297   -0.4522   -0.8824
   -0.7977   -0.4811    0.3638
...    17 T-A ...
  -23.3938  -22.6061   37.7615
   -0.5504    0.3434   -0.7610
    0.2291   -0.8144   -0.5332
   -0.8028   -0.4679    0.3696
...    18 T-A ...
  -26.1062  -23.8718   39.0527
   -0.3237   -0.2153   -0.9213
    0.5033   -0.8638    0.0250
   -0.8012   -0.4556    0.3880
...    19 A-T ...
  -28.5216  -25.7456   40.5937
    0.0572   -0.7573   -0.6506
    0.5931   -0.4984    0.6323
   -0.8031   -0.4221    0.4206
...    20 T-A ...
  -31.5308  -26.8742   41.4421
    0.3418   -0.9164   -0.2081
    0.4777   -0.0213    0.8783
   -0.8093   -0.3996    0.4305
...    21 T-A ...
  -34.3081  -28.1455   42.5997
    0.5299   -0.7607    0.3749
    0.1917    0.5380    0.8208
   -0.8261   -0.3631    0.4309
...    22 C-G ...
  -37.0657  -29.3702   43.9676
    0.5511   -0.2639    0.7917
   -0.1663    0.8949    0.4141
   -0.8177   -0.3599    0.4493
...    23 G-C ...
  -39.9520  -30.1239   45.5984
    0.4348    0.3439    0.8323
   -0.4597    0.8795   -0.1232
   -0.7743   -0.3290    0.5405
...    24 C-G ...
  -42.2614  -31.5002   47.5713
    0.1414    0.7941    0.5911
   -0.6268    0.5340   -0.5675
   -0.7663   -0.2903    0.5732
...    25 A-T ...
  -44.9875  -32.2816   49.3791
   -0.1712    0.9819    0.0812
   -0.6123   -0.0415   -0.7895
   -0.7719   -0.1850    0.6083
...    26 A-T ...
  -47.3854  -32.7449   51.5216
   -0.4867    0.7754   -0.4024
   -0.4027   -0.6079   -0.6843
   -0.7752   -0.1710    0.6081
...    27 A-T ...
  -49.8682  -33.0623   53.5980
   -0.6274    0.2738   -0.7290
   -0.0487   -0.9481   -0.3142
   -0.7772   -0.1616    0.6082
...    28 G-C ...
  -52.5576  -33.2584   55.5771
   -0.5056   -0.2830   -0.8150
    0.2862   -0.9462    0.1509
   -0.8139   -0.1570    0.5594
...    29 G-C ...
  -55.5155  -33.5910   57.2264
   -0.1976   -0.7553   -0.6249
    0.4963   -0.6267    0.6007
   -0.8453   -0.1915    0.4987
...    30 C-G ...
  -58.5616  -34.1013   58.5281
    0.1457   -0.9706   -0.1917
    0.5100   -0.0923    0.8552
   -0.8478   -0.2224    0.4815
...    31 C-G ...
  -61.5268  -34.9898   59.9200
    0.4667   -0.8341    0.2941
    0.3202    0.4693    0.8230
   -0.8244   -0.2900    0.4861
...    32 G-C ...
  -64.1725  -35.7138   61.9233
    0.6401   -0.3732    0.6716
   -0.0296    0.8615    0.5069
   -0.7678   -0.3444    0.5403
...    33 G-C ...
  -66.6693  -37.0978   63.7397
    0.5684    0.2064    0.7964
   -0.3977    0.9163    0.0464
   -0.7202   -0.3431    0.6030
...    34 C-G ...
  -68.7912  -38.5484   65.8702
    0.2756    0.7004    0.6584
   -0.6557    0.6378   -0.4040
   -0.7029   -0.3203    0.6351
...    35 C-G ...
  -70.9540  -39.5811   68.2628
   -0.0870    0.9605    0.2645
   -0.7151    0.1246   -0.6878
   -0.6936   -0.2490    0.6760
...    36 C-G ...
  -73.1546  -40.1858   70.7727
   -0.4199    0.8801   -0.2217
   -0.5610   -0.4437   -0.6989
   -0.7134   -0.1691    0.6800
...    37 G-C ...
  -75.8187  -40.8601   72.7600
   -0.5916    0.4735   -0.6525
   -0.2380   -0.8759   -0.4198
   -0.7703   -0.0931    0.6309
...    38 A-T ...
  -78.3771  -41.0545   74.8403
   -0.5922   -0.1514   -0.7914
    0.1630   -0.9844    0.0664
   -0.7891   -0.0897    0.6076
...    39 C-G ...
  -81.1828  -40.7638   76.6250
   -0.3879   -0.6574   -0.6461
    0.4495   -0.7469    0.4901
   -0.8047   -0.1003    0.5852
...    40 A-T ...
  -83.7897  -41.2626   78.6873
    0.0286   -0.9580   -0.2854
    0.5693   -0.2191    0.7924
   -0.8217   -0.1851    0.5391
...    41 C-G ...
  -86.8213  -41.9084   79.9037
    0.3565   -0.9183    0.1720
    0.4531    0.3309    0.8278
   -0.8171   -0.2171    0.5341
...    42 G-C ...
  -89.3570  -42.5518   82.0655
    0.6365   -0.5298    0.5605
    0.1325    0.7910    0.5973
   -0.7598   -0.3059    0.5737
...    43 A-T ...
  -91.8196  -43.6537   83.9658
    0.6069    0.0678    0.7918
   -0.2931    0.9452    0.1437
   -0.7387   -0.3193    0.5936
...    44 C-G ...
  -93.9194  -45.2527   86.0058
    0.3650    0.5764    0.7311
   -0.5875    0.7518   -0.2994
   -0.7222   -0.3202    0.6130
...    45 T-A ...
  -96.0777  -46.3772   88.2955
    0.0084    0.9091    0.4165
   -0.7110    0.2983   -0.6368
   -0.7031   -0.2908    0.6489
...    46 T-A ...
  -98.1737  -47.3615   90.5940
   -0.4361    0.8995   -0.0255
   -0.5716   -0.2988   -0.7642
   -0.6950   -0.3186    0.6445
...    47 A-T ...
 -100.6943  -48.7612   92.4259
   -0.7249    0.4679   -0.5055
   -0.1301   -0.8137   -0.5666
   -0.6764   -0.3450    0.6507
...    48 C-G ...
 -102.9827  -49.3036   94.8109
   -0.6661   -0.0439   -0.7446
    0.2856   -0.9372   -0.2002
   -0.6890   -0.3460    0.6368
...    49 T-A ...
 -105.4783  -50.1985   96.8516
   -0.3574   -0.5308   -0.7685
    0.5996   -0.7612    0.2469
   -0.7160   -0.3726    0.5903
...    50 G-C ...
 -107.7856  -51.6633   98.8087
    0.1390   -0.8297   -0.5406
    0.6827   -0.3152    0.6592
   -0.7174   -0.4607    0.5226
...    51 T-A ...
 -110.4949  -53.1538  100.0020
    0.5165   -0.8467   -0.1277
    0.4990    0.1765    0.8484
   -0.6959   -0.5019    0.5137
...    52 A-T ...
 -112.7075  -54.8613  101.8715
    0.7683   -0.5198    0.3735
    0.0595    0.6389    0.7670
   -0.6373   -0.5671    0.5218
...    53 G-C ...
 -114.6882  -57.0065  103.4668
    0.7195   -0.0450    0.6931
   -0.3891    0.8005    0.4558
   -0.5753   -0.5976    0.5585
...    54 G-C ...
 -116.2746  -59.1982  105.5002
    0.4147    0.4577    0.7865
   -0.7547    0.6559    0.0162
   -0.5084   -0.6003    0.6174
...    55 T-A ...
 -117.3831  -61.4267  107.7295
   -0.0597    0.7477    0.6613
   -0.8672    0.2893   -0.4053
   -0.4944   -0.5977    0.6312
...    56 A-T ...
 -119.5819  -63.4976  109.4132
   -0.6728    0.6943    0.2556
   -0.5852   -0.2881   -0.7580
   -0.4526   -0.6595    0.6001
...    57 T-A ...
 -120.7669  -65.3390  111.9216
   -0.8947    0.4150   -0.1654
   -0.1355   -0.6049   -0.7847
   -0.4257   -0.6796    0.5974
...    58 C-G ...
 -122.1569  -67.5345  113.9889
   -0.7865   -0.0420   -0.6161
    0.4511   -0.7205   -0.5267
   -0.4218   -0.6922    0.5857
...    59 T-A ...
 -123.7980  -69.6575  115.9930
   -0.3841   -0.3947   -0.8347
    0.8145   -0.5706   -0.1050
   -0.4349   -0.7202    0.5406
...    60 C-G ...
 -125.2818  -71.9735  117.8190
    0.2063   -0.6204   -0.7567
    0.8877   -0.2067    0.4114
   -0.4116   -0.7566    0.5081
...    61 T-A ...
 -126.8374  -74.5389  119.2470
    0.6899   -0.5578   -0.4614
    0.6302    0.1491    0.7619
   -0.3562   -0.8164    0.4545
...    62 C-G ...
 -127.9418  -77.2824  120.6499
    0.9525   -0.3007    0.0473
    0.0917    0.4317    0.8973
   -0.2903   -0.8504    0.4388
...    63 A-T ...
 -128.7240  -80.1114  122.2957
    0.8606    0.1120    0.4969
   -0.4864    0.4705    0.7363
   -0.1514   -0.8753    0.4593
...    64 T-A ...
 -128.6976  -83.2065  123.4015
    0.4865    0.3467    0.8019
   -0.8640    0.3270    0.3828
   -0.1295   -0.8791    0.4587
...    65 G-C ...
 -129.3585  -85.9299  125.2547
   -0.1295    0.5193    0.8447
   -0.9889   -0.0052   -0.1484
   -0.0727   -0.8546    0.5142
...    66 T-A ...
 -129.0311  -88.6136  127.2589
   -0.6541    0.4210    0.6284
   -0.7544   -0.3033   -0.5821
   -0.0545   -0.8548    0.5160
...    67 T-A ...
 -128.9379  -91.3007  129.1354
   -0.9793    0.0828    0.1846
   -0.2015   -0.4792   -0.8543
    0.0177   -0.8738    0.4860
...    68 A-T ...
 -128.4771  -94.6170  130.0961
   -0.8314   -0.3709   -0.4138
    0.5366   -0.3423   -0.7713
    0.1444   -0.8633    0.4836
...    69 T-A ...
 -128.4601  -97.2480  132.1225
   -0.4196   -0.5091   -0.7515
    0.8911   -0.0736   -0.4477
    0.1726   -0.8576    0.4846
...    70 A-T ...
 -127.5445 -100.0642  133.7610
    0.2309   -0.3936   -0.8898
    0.9504    0.2873    0.1195
    0.2086   -0.8732    0.4404
...    71 A-T ...
 -126.9867 -102.9588  135.0950
    0.7276   -0.1110   -0.6770
    0.6401    0.4649    0.6117
    0.2469   -0.8784    0.4093
...    72 C-G ...
 -126.4101 -106.0835  135.9008
    0.9371    0.2167   -0.2737
    0.1585    0.4344    0.8866
    0.3110   -0.8742    0.3728
...    73 G-C ...
 -124.9947 -108.7894  137.3875
    0.8010    0.5564    0.2210
   -0.3670    0.1646    0.9156
    0.4730   -0.8144    0.3360
...    74 G-C ...
 -122.8926 -111.2388  138.4236
    0.4093    0.6238    0.6659
   -0.7122   -0.2377    0.6605
    0.5703   -0.7446    0.3470
...    75 A-T ...
 -120.8407 -113.5151  139.7072
   -0.1210    0.3479    0.9297
   -0.7835   -0.6085    0.1257
    0.6094   -0.7132    0.3462
...    76 G-C ...
 -118.5755 -115.6484  140.9841
   -0.5489   -0.0551    0.8341
   -0.5548   -0.7223   -0.4128
    0.6252   -0.6894    0.3659
...    77 A-T ...
 -116.4278 -117.8549  142.2774
   -0.7535   -0.5224    0.3991
   -0.0847   -0.5249   -0.8469
    0.6520   -0.6719    0.3513
...    78 G-C ...
 -114.2303 -119.9730  143.7026
   -0.6715   -0.7235   -0.1600
    0.3461   -0.1153   -0.9311
    0.6552   -0.6806    0.3278
...    79 C-G ...
 -112.1149 -122.1599  145.1642
   -0.3679   -0.6389   -0.6756
    0.6466    0.3463   -0.6797
    0.6683   -0.6869    0.2857
...    80 T-A ...
 -110.0598 -124.5883  146.1977
    0.0065   -0.2905   -0.9569
    0.7253    0.6601   -0.1955
    0.6884   -0.6927    0.2150
...    81 C-G ...
 -107.8159 -126.8738  146.9684
    0.3888    0.2168   -0.8954
    0.5641    0.7124    0.4174
    0.7284   -0.6674    0.1547
...    82 G-C ...
 -105.1171 -128.8441  147.5582
    0.4943    0.6938   -0.5237
    0.2713    0.4492    0.8512
    0.8258   -0.5629    0.0338
...    83 G-C ...
 -102.2109 -130.5205  147.2423
    0.4497    0.8926    0.0313
    0.0027   -0.0364    0.9993
    0.8932   -0.4493   -0.0188
...    84 G-C ...
  -98.9752 -131.4882  146.9489
    0.2789    0.7623    0.5840
   -0.1744   -0.5578    0.8114
    0.9443   -0.3282   -0.0226
...    85 A-T ...
  -95.7588 -132.2938  146.9932
    0.0966    0.2668    0.9589
   -0.2552   -0.9246    0.2829
    0.9620   -0.2721   -0.0212
...    86 T-A ...
  -92.4403 -132.4776  146.9069
   -0.0229   -0.2735    0.9616
   -0.2554   -0.9283   -0.2701
    0.9666   -0.2518   -0.0486
...    87 C-G ...
  -89.1993 -133.2389  146.8956
   -0.1448   -0.8017    0.5799
   -0.1737   -0.5564   -0.8126
    0.9741   -0.2184   -0.0587
...    88 C-G ...
  -85.8585 -133.9157  146.9205
   -0.2393   -0.9709   -0.0018
   -0.0566    0.0158   -0.9983
    0.9693   -0.2388   -0.0587
...    89 G-C ...
  -82.5549 -134.3380  146.2207
   -0.2834   -0.7525   -0.5945
    0.0570    0.6055   -0.7938
    0.9573   -0.2589   -0.1287
...    90 C-G ...
  -79.3676 -135.3751  146.1405
   -0.2464   -0.2659   -0.9320
    0.1738    0.9339   -0.3124
    0.9535   -0.2389   -0.1839
...    91 T-A ...
  -76.2799 -136.3936  145.4492
   -0.1979    0.3054   -0.9314
    0.2687    0.9307    0.2480
    0.9427   -0.2012   -0.2663
...    92 T-A ...
  -73.2925 -137.1238  144.4665
   -0.0684    0.7942   -0.6038
    0.3339    0.5886    0.7363
    0.9401   -0.1513   -0.3054
...    93 T-A ...
  -70.3203 -137.5581  143.2907
    0.0717    0.9959   -0.0560
    0.3327    0.0290    0.9426
    0.9403   -0.0862   -0.3293
...    94 A-T ...
  -67.1574 -137.4827  142.1816
    0.1329    0.8261    0.5476
    0.2936   -0.5605    0.7744
    0.9466    0.0579   -0.3171
...    95 A-T ...
  -64.1416 -137.0113  141.0728
    0.2765    0.3421    0.8980
    0.1910   -0.9354    0.2975
    0.9418    0.0893   -0.3240
...    96 C-G ...
  -61.0981 -136.0014  140.0703
    0.3332   -0.2239    0.9159
    0.0419   -0.9669   -0.2516
    0.9419    0.1222   -0.3128
...    97 A-T ...
  -57.9520 -135.8842  138.9448
    0.2662   -0.7707    0.5790
   -0.1393   -0.6251   -0.7680
    0.9538    0.1238   -0.2737
...    98 C-G ...
  -54.6592 -135.1798  138.6057
    0.1599   -0.9858    0.0521
   -0.2657   -0.0938   -0.9595
    0.9507    0.1396   -0.2769
...    99 T-A ...
  -51.3960 -134.7663  137.9406
   -0.0360   -0.8707   -0.4905
   -0.3209    0.4749   -0.8194
    0.9464    0.1279   -0.2966
...   100 T-A ...
  -48.2389 -134.4205  137.2007
   -0.2011   -0.4117   -0.8889
   -0.2665    0.8962   -0.3548
    0.9426    0.1656   -0.2900
...   101 T-A ...
  -45.1362 -134.0457  136.3177
   -0.3346    0.1924   -0.9225
   -0.1162    0.9630    0.2430
    0.9352    0.1885   -0.2999
...   102 A-T ...
  -42.0477 -133.1821  135.3094
   -0.4317    0.7162   -0.5484
    0.1255    0.6497    0.7497
    0.8933    0.2548   -0.3704
...   103 T-A ...
  -39.3677 -132.5866  133.5288
   -0.3359    0.9390   -0.0734
    0.3369    0.1925    0.9216
    0.8796    0.2849   -0.3811
...   104 G-C ...
  -36.4541 -131.2750  132.4522
   -0.1809    0.8328    0.5232
    0.5204   -0.3704    0.7695
    0.8346    0.4115   -0.3663
...   105 C-G ...
  -33.9957 -129.4359  131.1291
    0.1067    0.4611    0.8809
    0.5681   -0.7554    0.3266
    0.8160    0.4656   -0.3426
...   106 T-A ...
  -31.4432 -127.5163  130.1272
    0.3724   -0.0569    0.9263
    0.4531   -0.8599   -0.2350
    0.8100    0.5072   -0.2944
...   107 T-A ...
  -28.9397 -125.5970  129.2716
    0.6068   -0.5384    0.5847
    0.1379   -0.6532   -0.7445
    0.7828    0.5324   -0.3221
...   108 C-G ...
  -26.3294 -123.7817  128.3079
    0.5677   -0.8232   -0.0053
   -0.2675   -0.1784   -0.9469
    0.7786    0.5390   -0.3214
...   109 C-G ...
  -23.5960 -121.9532  127.4391
    0.2688   -0.8037   -0.5309
   -0.5441    0.3281   -0.7722
    0.7948    0.4965   -0.3491
...   110 G-C ...
  -21.2495 -119.9477  126.0102
   -0.1753   -0.4998   -0.8482
   -0.6085    0.7323   -0.3058
    0.7740    0.4625   -0.4324
...   111 G-C ...
  -18.5282 -118.5220  124.5980
   -0.5561   -0.0396   -0.8302
   -0.4073    0.8837    0.2308
    0.7244    0.4665   -0.5075
...   112 C-G ...
  -16.0625 -117.3403  122.7054
   -0.7312    0.4320   -0.5280
   -0.0260    0.7558    0.6543
    0.6817    0.4921   -0.5414
...   113 T-A ...
  -14.0031 -115.7750  120.6199
   -0.6813    0.7308   -0.0409
    0.3941    0.4134    0.8209
    0.6168    0.5432   -0.5696
...   114 C-G ...
  -12.1298 -113.8701  118.7079
   -0.3374    0.8062    0.4861
    0.7398   -0.0922    0.6664
    0.5821    0.5845   -0.5653
...   115 G-C ...
   -9.9845 -111.7271  117.1886
    0.0900    0.5383    0.8379
    0.8366   -0.4974    0.2296
    0.5404    0.6804   -0.4951
...   116 T-A ...
   -8.7032 -109.0445  115.6651
    0.5188    0.1670    0.8384
    0.6620   -0.6990   -0.2705
    0.5409    0.6954   -0.4732
...   117 A-T ...
   -6.7074 -106.9875  113.8217
    0.8411   -0.3145    0.4400
    0.1581   -0.6350   -0.7561
    0.5172    0.7056   -0.4844
...   118 T-A ...
   -5.0173 -104.3091  112.8280
    0.8082   -0.5880   -0.0327
   -0.3099   -0.3774   -0.8727
    0.5008    0.7154   -0.4872
...   119 A-T ...
   -3.7368 -101.8880  110.7724
    0.4139   -0.6652   -0.6214
   -0.7786    0.0951   -0.6203
    0.4717    0.7405   -0.4786
...   120 A-T ...
   -2.0082  -99.5233  109.3461
   -0.1215   -0.4668   -0.8760
   -0.8785    0.4614   -0.1241
    0.4621    0.7545   -0.4661
...   121 T-A ...
    0.0304  -97.4565  107.7751
   -0.5622   -0.1571   -0.8119
   -0.6881    0.6334    0.3539
    0.4587    0.7577   -0.4643
...   122 G-C ...
    1.2663  -94.7162  106.2712
   -0.9002    0.1788   -0.3971
   -0.2093    0.6220    0.7545
    0.3819    0.7623   -0.5225
...   123 T-A ...
    2.3855  -92.5333  104.0287
   -0.8826    0.4610    0.0922
    0.3134    0.4307    0.8463
    0.3504    0.7759   -0.5246
...   124 G-C ...
    3.4872  -89.7219  102.5500
   -0.5539    0.5533    0.6222
    0.7865    0.1024    0.6091
    0.2733    0.8267   -0.4918
...   125 T-A ...
    3.7588  -86.9212  100.7574
   -0.0457    0.4975    0.8662
    0.9634   -0.2074    0.1699
    0.2642    0.8423   -0.4698
...   126 C-G ...
    4.5426  -84.0603   99.3001
    0.5434    0.2493    0.8016
    0.7959   -0.4565   -0.3975
    0.2669    0.8541   -0.4465
...   127 G-C ...
    5.7723  -81.3473   97.6797
    0.8762   -0.1450    0.4596
    0.3398   -0.4904   -0.8025
    0.3417    0.8594   -0.3804
...   128 A-T ...
    6.8854  -78.4630   96.5138
    0.8930   -0.4357   -0.1131
   -0.2615   -0.2976   -0.9182
    0.3664    0.8495   -0.3797
...   129 C-G ...
    8.3961  -75.5722   95.8220
    0.5977   -0.5505   -0.5828
   -0.7011   -0.0063   -0.7131
    0.3889    0.8348   -0.3897
...   130 C-G ...
    9.9746  -72.8490   94.5728
    0.0646   -0.5256   -0.8483
   -0.9067    0.3241   -0.2699
    0.4168    0.7866   -0.4556
...   131 A-T ...
   11.0913  -70.1160   92.9652
   -0.5236   -0.3002   -0.7973
   -0.7554    0.5964    0.2715
    0.3940    0.7444   -0.5390
...   132 A-T ...
   12.4813  -67.8564   91.0841
   -0.8667    0.1131   -0.4859
   -0.2992    0.6615    0.6877
    0.3992    0.7414   -0.5395
...   133 A-T ...
   13.7584  -65.5892   89.1273
   -0.8698    0.4934    0.0078
    0.2730    0.4680    0.8405
    0.4110    0.7332   -0.5417
...   134 T-A ...
   14.7384  -63.4258   86.8200
   -0.5923    0.6747    0.4404
    0.6886    0.1401    0.7115
    0.4183    0.7247   -0.5475
...   135 G-C ...
   15.7317  -61.4928   83.9331
    0.0341    0.7400    0.6717
    0.8636   -0.3601    0.3528
    0.5030    0.5681   -0.6514
...   136 T-A ...
   15.7848  -59.5604   80.7993
    0.5517    0.4998    0.6677
    0.6739   -0.7388   -0.0038
    0.4915    0.4520   -0.7444
...   137 G-C ...
   16.8386  -57.7219   78.2676
    0.8528   -0.0848    0.5153
    0.1507   -0.9048   -0.3983
    0.5000    0.4173   -0.7588
...   138 A-T ...
   18.4283  -55.5287   76.5300
    0.8547   -0.5006    0.1371
   -0.3188   -0.7148   -0.6224
    0.4096    0.4883   -0.7706
...   139 G-C ...
   20.4259  -54.3093   74.5420
    0.5847   -0.7389   -0.3347
   -0.7593   -0.3533   -0.5465
    0.2856    0.5737   -0.7676
...   140 C-G ...
   21.4270  -51.8266   72.7876
    0.1304   -0.7144   -0.6875
   -0.8897    0.2216   -0.3991
    0.4375    0.6637   -0.6067
...   141 G-C ...
   22.1521  -50.1494   67.4641
   -0.4682   -0.8748    0.1248
   -0.8494    0.4066   -0.3364
    0.2435   -0.2635   -0.9334
...   142 C-G ...
   22.3489  -51.2413   64.4934
   -0.8528   -0.5119   -0.1032
   -0.4975    0.8565   -0.1374
    0.1587   -0.0659   -0.9851
...   143 T-A ...
   24.0166  -51.6378   61.9249
   -0.9562    0.0401   -0.2898
    0.0524    0.9980   -0.0348
    0.2878   -0.0485   -0.9564
...   144 C-G ...
   24.8958  -52.7395   58.9874
   -0.7529    0.5560   -0.3520
    0.5214    0.8304    0.1965
    0.4016   -0.0356   -0.9151
...   145 A-T ...
   25.5276  -52.9803   55.8054
   -0.2442    0.9563   -0.1610
    0.8906    0.2869    0.3528
    0.3836   -0.0573   -0.9217
...   146 C-G ...
   25.2778  -52.5122   52.0797
    0.3204    0.9427   -0.0929
    0.8825   -0.2614    0.3909
    0.3443   -0.2072   -0.9157
...   147 A-T ...
   25.6239  -52.5939   48.6396
    0.8597    0.5097    0.0339
    0.4496   -0.7865    0.4233
    0.2424   -0.3487   -0.9053
