  147 base-pairs
...     1 T-A ...
    0.0000    0.0000    0.0000
    1.0000    0.0000    0.0000
    0.0000    1.0000    0.0000
    0.0000    0.0000    1.0000
...     2 G-C ...
   -0.5555   -1.1003    3.3981
    0.7749    0.6051    0.1828
   -0.5991    0.7953   -0.0929
   -0.2016   -0.0375    0.9787
...     3 T-A ...
   -0.6619   -3.0237    6.5348
    0.3046    0.9250    0.2271
   -0.8994    0.3578   -0.2510
   -0.3134   -0.1278    0.9410
...     4 G-C ...
   -1.1607   -3.8418    9.6940
   -0.3351    0.9421    0.0133
   -0.8752   -0.3061   -0.3746
   -0.3489   -0.1372    0.9271
...     5 A-T ...
   -1.3881   -3.6770   12.8999
   -0.7835    0.6162   -0.0801
   -0.5677   -0.7622   -0.3109
   -0.2527   -0.1981    0.9470
...     6 G-C ...
   -2.6236   -3.5448   15.7072
   -0.9923    0.0611   -0.1075
   -0.0294   -0.9610   -0.2748
   -0.1201   -0.2695    0.9555
...     7 C-G ...
   -2.3138   -3.7570   18.8866
   -0.8620   -0.4995   -0.0864
    0.5008   -0.8655    0.0073
   -0.0785   -0.0370    0.9962
...     8 G-C ...
   -3.9561   -6.8109   23.3205
   -0.2581   -0.3560   -0.8981
    0.6294   -0.7673    0.1233
   -0.7330   -0.5335    0.4221
...     9 C-G ...
   -6.1177   -8.9414   24.2385
    0.1143   -0.7320   -0.6716
    0.8123   -0.3203    0.4874
   -0.5720   -0.6013    0.5580
...    10 T-A ...
   -8.5041   -9.6771   26.0540
    0.4660   -0.8587   -0.2131
    0.6274    0.1508    0.7640
   -0.6239   -0.4897    0.6090
...    11 C-G ...
  -11.0625  -11.3174   27.2336
    0.6660   -0.6911    0.2808
    0.3382    0.6152    0.7121
   -0.6649   -0.3794    0.6435
...    12 A-T ...
  -13.0013  -13.1789   29.0658
    0.7188   -0.1490    0.6790
   -0.1787    0.9043    0.3876
   -0.6718   -0.4000    0.6235
...    13 C-G ...
  -14.1788  -15.9359   31.3399
    0.4052    0.2865    0.8682
   -0.5270    0.8492   -0.0343
   -0.7470   -0.4437    0.4951
...    14 A-T ...
  -15.9532  -18.1566   33.3080
   -0.1503    0.6873    0.7107
   -0.6106    0.5008   -0.6135
   -0.7776   -0.5261    0.3444
...    15 A-T ...
  -18.4851  -19.7952   34.5229
   -0.4542    0.8699    0.1923
   -0.4131   -0.0144   -0.9106
   -0.7893   -0.4930    0.3659
...    16 T-A ...
  -20.8744  -21.2550   36.4351
   -0.6336    0.6994   -0.3308
   -0.0890   -0.4906   -0.8668
   -0.7685   -0.5198    0.3731
...    17 T-A ...
  -23.3846  -22.7009   37.9819
   -0.5931    0.2464   -0.7665
    0.3090   -0.8095   -0.4993
   -0.7435   -0.5330    0.4040
...    18 T-A ...
  -25.9313  -24.2058   39.4008
   -0.3153   -0.2888   -0.9040
    0.5997   -0.7989    0.0461
   -0.7355   -0.5276    0.4251
...    19 A-T ...
  -28.2690  -26.1832   41.0649
    0.1374   -0.7906   -0.5967
    0.6658   -0.3723    0.6466
   -0.7333   -0.4861    0.4753
...    20 T-A ...
  -31.1227  -27.5502   42.1600
    0.4446   -0.8867   -0.1271
    0.4999    0.1279    0.8566
   -0.7433   -0.4444    0.5001
...    21 T-A ...
  -33.6648  -29.0390   43.5517
    0.6286   -0.6456    0.4336
    0.1330    0.6386    0.7580
   -0.7662   -0.4188    0.4873
...    22 C-G ...
  -36.2052  -30.3881   45.1784
    0.6024   -0.1175    0.7895
   -0.2780    0.8962    0.3456
   -0.7482   -0.4277    0.5072
...    23 G-C ...
  -38.9477  -31.2136   47.0328
    0.4599    0.4708    0.7529
   -0.5795    0.8015   -0.1472
   -0.6728   -0.3686    0.6415
...    24 C-G ...
  -40.8908  -32.6939   49.2299
    0.1259    0.8442    0.5211
   -0.7315    0.4338   -0.5261
   -0.6702   -0.3149    0.6721
...    25 A-T ...
  -43.4949  -33.5821   51.1392
   -0.2747    0.9602    0.0501
   -0.6749   -0.1554   -0.7213
   -0.6848   -0.2320    0.6908
...    26 A-T ...
  -45.7046  -34.1624   53.4994
   -0.6062    0.6924   -0.3912
   -0.3982   -0.6901   -0.6043
   -0.6884   -0.2106    0.6941
...    27 A-T ...
  -47.8291  -34.5637   55.9489
   -0.7335    0.1508   -0.6627
    0.0378   -0.9645   -0.2613
   -0.6786   -0.2167    0.7018
...    28 G-C ...
  -50.2992  -34.8136   58.2706
   -0.5594   -0.3921   -0.7303
    0.4173   -0.8945    0.1607
   -0.7162   -0.2149    0.6640
...    29 G-C ...
  -53.0041  -35.3788   60.3575
   -0.1655   -0.8329   -0.5281
    0.6544   -0.4934    0.5730
   -0.7378   -0.2508    0.6267
...    30 C-G ...
  -55.6687  -36.1711   62.1315
    0.2677   -0.9544   -0.1318
    0.6213    0.0665    0.7808
   -0.7364   -0.2909    0.6108
...    31 C-G ...
  -58.3366  -37.0639   64.0063
    0.6174   -0.7284    0.2970
    0.3535    0.5942    0.7225
   -0.7027   -0.3411    0.6244
...    32 G-C ...
  -60.3991  -37.8615   66.2211
    0.7765   -0.2631    0.5725
   -0.0432    0.8843    0.4649
   -0.6286   -0.3858    0.6753
...    33 G-C ...
  -62.2225  -39.3269   68.6314
    0.6551    0.3125    0.6879
   -0.4885    0.8698    0.0701
   -0.5764   -0.3819    0.7224
...    34 C-G ...
  -63.8396  -40.8016   71.0888
    0.2900    0.7703    0.5679
   -0.7807    0.5337   -0.3252
   -0.5536   -0.3490    0.7562
...    35 C-G ...
  -65.4075  -41.7217   73.9838
   -0.1740    0.9568    0.2331
   -0.8218   -0.0107   -0.5696
   -0.5425   -0.2906    0.7882
...    36 C-G ...
  -67.1085  -42.4189   76.8300
   -0.5896    0.7878   -0.1781
   -0.5972   -0.5736   -0.5606
   -0.5438   -0.2242    0.8087
...    37 G-C ...
  -69.2204  -43.9622   79.0837
   -0.7878    0.3279   -0.5215
   -0.1502   -0.9232   -0.3536
   -0.5974   -0.2003    0.7765
...    38 A-T ...
  -71.0659  -44.5590   81.6154
   -0.7195   -0.2880   -0.6319
    0.3569   -0.9339    0.0193
   -0.5957   -0.2117    0.7748
...    39 C-G ...
  -73.3375  -44.9036   83.8764
   -0.3942   -0.7315   -0.5564
    0.6761   -0.6408    0.3636
   -0.6225   -0.2329    0.7472
...    40 A-T ...
  -75.4902  -45.8086   86.3229
    0.1346   -0.9507   -0.2794
    0.7701   -0.0771    0.6332
   -0.6235   -0.3004    0.7218
...    41 C-G ...
  -77.8034  -47.1074   88.3123
    0.5500   -0.8326    0.0654
    0.5736    0.4335    0.6951
   -0.6071   -0.3448    0.7160
...    42 G-C ...
  -79.5414  -47.9845   91.0380
    0.8239   -0.3773    0.4230
    0.1072    0.8365    0.5374
   -0.5566   -0.3974    0.7296
...    43 A-T ...
  -81.3682  -49.2770   93.3084
    0.7258    0.1990    0.6584
   -0.4021    0.8994    0.1714
   -0.5581   -0.3892    0.7329
...    44 C-G ...
  -82.8117  -51.0705   95.6849
    0.4150    0.6727    0.6125
   -0.7447    0.6380   -0.1961
   -0.5227   -0.3748    0.7657
...    45 T-A ...
  -84.0805  -52.5820   98.7128
   -0.0802    0.9326    0.3518
   -0.8528    0.1185   -0.5086
   -0.5161   -0.3408    0.7858
...    46 T-A ...
  -85.5368  -53.6849  101.3719
   -0.5411    0.8406    0.0236
   -0.6599   -0.4071   -0.6315
   -0.5213   -0.3573    0.7750
...    47 A-T ...
  -87.4798  -55.1168  103.7658
   -0.8457    0.3639   -0.3904
   -0.1412   -0.8579   -0.4940
   -0.5147   -0.3627    0.7769
...    48 C-G ...
  -89.2590  -55.6612  106.5524
   -0.7759   -0.1532   -0.6120
    0.3379   -0.9201   -0.1980
   -0.5328   -0.3605    0.7656
...    49 T-A ...
  -91.3656  -56.5803  109.0519
   -0.4194   -0.6028   -0.6788
    0.6978   -0.6923    0.1836
   -0.5806   -0.3966    0.7110
...    50 G-C ...
  -93.3452  -58.1329  111.3235
    0.1376   -0.8332   -0.5355
    0.8013   -0.2241    0.5547
   -0.5822   -0.5054    0.6368
...    51 T-A ...
  -95.5638  -59.7971  112.9523
    0.5627   -0.8010   -0.2046
    0.6076    0.2329    0.7593
   -0.5605   -0.5515    0.6177
...    52 A-T ...
  -97.2257  -61.7411  115.1308
    0.8657   -0.4426    0.2339
    0.1248    0.6433    0.7554
   -0.4848   -0.6248    0.6121
...    53 G-C ...
  -98.8420  -63.8900  116.9664
    0.8443    0.0262    0.5352
   -0.3660    0.7576    0.5404
   -0.3913   -0.6522    0.6493
...    54 G-C ...
  -99.6151  -66.6574  119.1342
    0.5077    0.5068    0.6967
   -0.8008    0.5758    0.1647
   -0.3177   -0.6416    0.6982
...    55 T-A ...
 -100.1296  -68.8585  121.5258
    0.0028    0.7351    0.6779
   -0.9541    0.2049   -0.2183
   -0.2994   -0.6462    0.7020
...    56 A-T ...
 -100.8230  -70.9682  124.1024
   -0.5770    0.7166    0.3918
   -0.7626   -0.3009   -0.5727
   -0.2925   -0.6292    0.7201
...    57 T-A ...
 -101.2713  -72.6943  126.8890
   -0.9062    0.4202    0.0472
   -0.3294   -0.6316   -0.7019
   -0.2651   -0.6516    0.7108
...    58 C-G ...
 -102.2372  -74.6926  129.4583
   -0.9091   -0.0801   -0.4088
    0.3283   -0.7420   -0.5845
   -0.2565   -0.6656    0.7009
...    59 T-A ...
 -103.4193  -76.7674  131.8412
   -0.5656   -0.4370   -0.6994
    0.7725   -0.5777   -0.2638
   -0.2887   -0.6894    0.6643
...    60 C-G ...
 -104.3910  -79.0631  134.1473
    0.0228   -0.6687   -0.7432
    0.9604   -0.1917    0.2020
   -0.2776   -0.7184    0.6379
...    61 G-C ...
 -104.7172  -81.6151  136.3163
    0.5763   -0.5016   -0.6452
    0.7970    0.1706    0.5793
   -0.1806   -0.8481    0.4982
...    62 A-T ...
 -105.2362  -84.3310  138.1263
    0.9444   -0.2403   -0.2245
    0.3127    0.4451    0.8391
   -0.1018   -0.8626    0.4955
...    63 G-C ...
 -105.3746  -87.3466  139.5356
    0.9701    0.1055    0.2187
   -0.2423    0.4762    0.8453
   -0.0150   -0.8730    0.4875
...    64 C-G ...
 -105.0015  -90.4789  140.8630
    0.6427    0.3972    0.6551
   -0.7653    0.2929    0.5732
    0.0358   -0.8697    0.4922
...    65 T-A ...
 -104.6790  -93.3400  142.4858
    0.1123    0.5058    0.8553
   -0.9897   -0.0199    0.1417
    0.0887   -0.8624    0.4984
...    66 C-G ...
 -104.6960  -96.0699  144.3298
   -0.5207    0.3745    0.7672
   -0.8412   -0.3787   -0.3860
    0.1460   -0.8464    0.5122
...    67 G-C ...
 -105.1351  -99.4592  145.4991
   -0.9229    0.0774    0.3771
   -0.3542   -0.5546   -0.7530
    0.1508   -0.8285    0.5393
...    68 G-C ...
 -104.4945 -102.1989  147.4313
   -0.9610   -0.2263   -0.1590
    0.2492   -0.4588   -0.8529
    0.1200   -0.8592    0.4973
...    69 G-C ...
 -104.1399 -104.9916  149.2584
   -0.6667   -0.3612   -0.6520
    0.7431   -0.2547   -0.6188
    0.0575   -0.8970    0.4382
...    70 A-T ...
 -104.1299 -107.9328  150.8817
   -0.0801   -0.4141   -0.9067
    0.9941    0.0334   -0.1031
    0.0729   -0.9096    0.4090
...    71 T-A ...
 -104.4896 -110.9785  152.0819
    0.4507   -0.2941   -0.8428
    0.8879    0.2455    0.3891
    0.0925   -0.9237    0.3718
...    72 C-G ...
 -104.2566 -114.1261  153.0834
    0.8823   -0.0343   -0.4695
    0.4497    0.3562    0.8191
    0.1391   -0.9338    0.3297
...    73 C-G ...
 -103.8298 -117.2261  154.0690
    0.9556    0.2945   -0.0089
   -0.0830    0.2978    0.9510
    0.2828   -0.9081    0.3090
...    74 G-C ...
 -102.7317 -120.0556  155.5164
    0.6929    0.5324    0.4862
   -0.5808    0.0127    0.8139
    0.4272   -0.8464    0.3180
...    75 C-G ...
 -100.6735 -122.7053  156.4544
    0.2203    0.4439    0.8686
   -0.8557   -0.3394    0.3905
    0.4682   -0.8293    0.3050
...    76 T-A ...
  -98.5753 -125.1417  157.9348
   -0.3126    0.1354    0.9402
   -0.7789   -0.6031   -0.1721
    0.5438   -0.7861    0.2940
...    77 T-A ...
  -96.5165 -127.4781  158.9943
   -0.6698   -0.3341    0.6631
   -0.4266   -0.5578   -0.7120
    0.6078   -0.7597    0.2311
...    78 T-A ...
  -94.2959 -129.7229  160.0089
   -0.7348   -0.6678    0.1188
    0.0405   -0.2181   -0.9751
    0.6771   -0.7117    0.1874
...    79 A-T ...
  -91.5833 -131.7689  159.7696
   -0.4610   -0.7185   -0.5207
    0.4593    0.3089   -0.8328
    0.7593   -0.6232    0.1876
...    80 A-T ...
  -89.1960 -133.8085  160.4977
   -0.0954   -0.3991   -0.9119
    0.6117    0.6992   -0.3700
    0.7853   -0.5931    0.1774
...    81 C-G ...
  -86.9151 -136.2189  161.1847
    0.2403    0.0749   -0.9678
    0.5434    0.8157    0.1981
    0.8043   -0.5735    0.1553
...    82 A-T ...
  -84.1229 -138.0910  161.5817
    0.4207    0.6087   -0.6726
    0.3085    0.6013    0.7371
    0.8532   -0.5176    0.0652
...    83 C-G ...
  -81.2987 -139.8069  161.0983
    0.4789    0.8609   -0.1716
    0.0577    0.1642    0.9847
    0.8760   -0.4815    0.0290
...    84 T-A ...
  -78.0775 -141.2868  160.6299
    0.3376    0.8254    0.4525
   -0.2003   -0.4067    0.8913
    0.9197   -0.3915    0.0280
...    85 T-A ...
  -74.9674 -142.3171  160.4967
    0.1844    0.3971    0.8991
   -0.3437   -0.8309    0.4375
    0.9208   -0.3897   -0.0168
...    86 T-A ...
  -71.8315 -143.3053  160.3478
   -0.0090   -0.1956    0.9806
   -0.3888   -0.9028   -0.1836
    0.9213   -0.3830   -0.0679
...    87 A-T ...
  -68.6998 -144.8461  159.7416
   -0.1705   -0.8333    0.5259
   -0.3010   -0.4641   -0.8331
    0.9383   -0.3003   -0.1717
...    88 T-A ...
  -65.5012 -145.6233  159.8537
   -0.2966   -0.9541    0.0427
   -0.1846    0.0134   -0.9827
    0.9370   -0.2993   -0.1801
...    89 G-C ...
  -62.2175 -146.5401  159.3362
   -0.3681   -0.7248   -0.5823
    0.0034    0.6253   -0.7804
    0.9298   -0.2892   -0.2277
...    90 T-A ...
  -59.2699 -147.7798  158.9606
   -0.3511   -0.2632   -0.8986
    0.1844    0.9215   -0.3419
    0.9180   -0.2857   -0.2750
...    91 C-G ...
  -56.3103 -148.6252  158.0161
   -0.2440    0.3278   -0.9127
    0.3535    0.9065    0.2310
    0.9031   -0.2663   -0.3370
...    92 A-T ...
  -53.1389 -149.4306  157.0969
   -0.1263    0.8170   -0.5627
    0.4545    0.5518    0.6993
    0.8818   -0.1674   -0.4410
...    93 T-A ...
  -50.5303 -149.9751  155.2318
    0.0514    0.9943   -0.0935
    0.4757    0.0580    0.8777
    0.8781   -0.0896   -0.4700
...    94 G-C ...
  -47.4861 -149.9562  153.5401
    0.2141    0.8309    0.5136
    0.4058   -0.5540    0.7269
    0.8885    0.0528   -0.4558
...    95 T-A ...
  -44.7238 -149.2035  151.7289
    0.3961    0.3864    0.8329
    0.2482   -0.9184    0.3081
    0.8841    0.0847   -0.4596
...    96 T-A ...
  -41.9240 -148.6765  150.2196
    0.4961   -0.2224    0.8393
   -0.0089   -0.9679   -0.2513
    0.8682    0.1172   -0.4822
...    97 A-T ...
  -39.0109 -148.4537  148.2890
    0.4274   -0.8214    0.3777
   -0.3721   -0.5406   -0.7546
    0.8240    0.1819   -0.5366
...    98 T-A ...
  -36.0547 -147.5682  147.1265
    0.2055   -0.9739   -0.0960
   -0.5508   -0.0340   -0.8339
    0.8089    0.2243   -0.5434
...    99 A-T ...
  -33.5095 -146.4161  145.0119
   -0.1736   -0.7008   -0.6919
   -0.5756    0.6422   -0.5061
    0.7991    0.3104   -0.5149
...   100 A-T ...
  -30.8537 -145.5000  143.4375
   -0.4696   -0.1878   -0.8627
   -0.3934    0.9192    0.0140
    0.7904    0.3460   -0.5056
...   101 C-G ...
  -28.0310 -144.9125  141.6443
   -0.6273    0.3519   -0.6947
   -0.0765    0.8599    0.5046
    0.7750    0.3697   -0.5125
...   102 G-C ...
  -25.6867 -143.2467  140.0780
   -0.6735    0.7079   -0.2129
    0.2996    0.5247    0.7968
    0.6758    0.4728   -0.5655
...   103 G-C ...
  -23.8944 -141.3086  138.1150
   -0.4896    0.8122    0.3173
    0.6543    0.1016    0.7494
    0.5764    0.5745   -0.5812
...   104 A-T ...
  -22.2431 -139.1477  136.3127
   -0.0508    0.6680    0.7425
    0.8426   -0.3705    0.3909
    0.5362    0.6454   -0.5440
...   105 C-G ...
  -21.0808 -136.7043  134.4163
    0.3804    0.3239    0.8663
    0.7562   -0.6482   -0.0896
    0.5325    0.6891   -0.4915
...   106 T-A ...
  -19.5583 -133.7328  133.0164
    0.7314   -0.1434    0.6667
    0.4055   -0.6946   -0.5942
    0.5483    0.7050   -0.4499
...   107 T-A ...
  -17.7976 -131.3135  131.8175
    0.8234   -0.5272    0.2098
   -0.0761   -0.4690   -0.8799
    0.5623    0.7085   -0.4263
...   108 C-G ...
  -15.7793 -128.8865  130.5881
    0.6070   -0.6977   -0.3804
   -0.5661   -0.0436   -0.8232
    0.5578    0.7150   -0.4214
...   109 C-G ...
  -13.8818 -126.5171  129.2876
    0.1497   -0.6727   -0.7246
   -0.8022    0.3457   -0.4868
    0.5780    0.6541   -0.4879
...   110 G-C ...
  -12.4263 -124.2620  127.6890
   -0.3537   -0.4451   -0.8227
   -0.7579    0.6518   -0.0268
    0.5482    0.6141   -0.5678
...   111 G-C ...
  -10.6160 -122.4006  125.5685
   -0.7609   -0.0409   -0.6476
   -0.4198    0.7920    0.4432
    0.4948    0.6091   -0.6199
...   112 C-G ...
   -9.0334 -120.7810  123.1030
   -0.8893    0.3806   -0.2534
    0.0827    0.6788    0.7296
    0.4497    0.6279   -0.6352
...   113 T-A ...
   -7.6899 -118.7721  120.8162
   -0.7331    0.6437    0.2196
    0.5562    0.3815    0.7383
    0.3914    0.6634   -0.6377
...   114 C-G ...
   -6.4691 -116.3878  118.8725
   -0.2773    0.7184    0.6380
    0.9001   -0.0380    0.4340
    0.3361    0.6946   -0.6361
...   115 G-C ...
   -4.9047 -114.0823  117.0237
    0.2884    0.4999    0.8167
    0.9014   -0.4295   -0.0554
    0.3230    0.7521   -0.5745
...   116 T-A ...
   -4.2552 -111.0900  115.6216
    0.7203    0.1511    0.6770
    0.6012   -0.6229   -0.5006
    0.3460    0.7676   -0.5395
...   117 A-T ...
   -3.1620 -108.1890  114.1784
    0.9188   -0.2882    0.2698
    0.0635   -0.5667   -0.8215
    0.3896    0.7719   -0.5023
...   118 T-A ...
   -1.8240 -105.3553  113.1878
    0.8255   -0.5255   -0.2061
   -0.4240   -0.3362   -0.8409
    0.3726    0.7816   -0.5003
...   119 A-T ...
   -0.8377 -102.6446  111.2939
    0.3498   -0.5923   -0.7258
   -0.8668    0.0894   -0.4906
    0.3554    0.8007   -0.4822
...   120 A-T ...
    0.6102 -100.1180  109.8424
   -0.2201   -0.4401   -0.8706
   -0.9099    0.4143    0.0206
    0.3516    0.7967   -0.4916
...   121 T-A ...
    2.2923  -97.8426  108.0688
   -0.6684   -0.1488   -0.7288
   -0.6546    0.5828    0.4814
    0.3531    0.7988   -0.4870
...   122 G-C ...
    3.4701  -95.1179  106.2825
   -0.9539    0.1767   -0.2427
   -0.1053    0.5601    0.8217
    0.2811    0.8094   -0.5157
...   123 T-A ...
    4.2369  -92.6995  104.1847
   -0.8735    0.4299    0.2285
    0.4070    0.3872    0.8273
    0.2672    0.8156   -0.5132
...   124 G-C ...
    5.0240  -89.9031  102.4663
   -0.4747    0.5200    0.7101
    0.8554    0.0825    0.5114
    0.2074    0.8502   -0.4840
...   125 T-A ...
    5.2081  -87.1720  100.7687
    0.0421    0.4472    0.8935
    0.9791   -0.1966    0.0523
    0.1991    0.8726   -0.4461
...   126 C-G ...
    5.7976  -84.3321   99.4516
    0.6178    0.2462    0.7468
    0.7639   -0.4130   -0.4959
    0.1863    0.8768   -0.4432
...   127 G-C ...
    6.8978  -81.6694   97.7442
    0.9008   -0.1393    0.4114
    0.3134   -0.4474   -0.8376
    0.3007    0.8834   -0.3593
...   128 A-T ...
    7.7488  -78.8156   96.6199
    0.9087   -0.3832   -0.1656
   -0.2885   -0.2900   -0.9125
    0.3016    0.8770   -0.3741
...   129 C-G ...
    9.0724  -75.8240   96.1130
    0.5971   -0.5167   -0.6136
   -0.7284   -0.0288   -0.6845
    0.3360    0.8557   -0.3936
...   130 C-G ...
   10.7336  -73.1458   94.7957
    0.0738   -0.5364   -0.8407
   -0.9201    0.2886   -0.2649
    0.3847    0.7931   -0.4722
...   131 A-T ...
   11.2589  -70.1955   93.1503
   -0.5207   -0.3159   -0.7931
   -0.7727    0.5694    0.2806
    0.3630    0.7589   -0.5406
...   132 A-T ...
   12.4786  -67.8266   91.2257
   -0.8747    0.0768   -0.4785
   -0.3174    0.6553    0.6855
    0.3662    0.7515   -0.5488
...   133 A-T ...
   13.7454  -65.6258   89.1419
   -0.8729    0.4880    0.0002
    0.2634    0.4710    0.8419
    0.4107    0.7349   -0.5396
...   134 T-A ...
   14.7383  -63.4258   86.8199
   -0.5923    0.6747    0.4404
    0.6886    0.1401    0.7115
    0.4183    0.7247   -0.5475
...   135 G-C ...
   15.7316  -61.4927   83.9330
    0.0341    0.7400    0.6717
    0.8636   -0.3601    0.3528
    0.5030    0.5681   -0.6514
...   136 T-A ...
   15.7847  -59.5603   80.7992
    0.5517    0.4998    0.6677
    0.6739   -0.7388   -0.0038
    0.4914    0.4520   -0.7444
...   137 G-C ...
   16.8384  -57.7218   78.2675
    0.8528   -0.0848    0.5153
    0.1507   -0.9048   -0.3983
    0.5000    0.4173   -0.7588
...   138 A-T ...
   18.4281  -55.5286   76.5298
    0.8547   -0.5006    0.1371
   -0.3188   -0.7148   -0.6224
    0.4096    0.4883   -0.7706
...   139 G-C ...
   20.4258  -54.3092   74.5419
    0.5847   -0.7389   -0.3347
   -0.7593   -0.3533   -0.5465
    0.2856    0.5737   -0.7676
...   140 C-G ...
   21.4269  -51.8265   72.7875
    0.1304   -0.7144   -0.6875
   -0.8897    0.2216   -0.3991
    0.4375    0.6637   -0.6067
...   141 G-C ...
   22.1520  -50.1494   67.4639
   -0.4682   -0.8748    0.1248
   -0.8494    0.4066   -0.3364
    0.2435   -0.2635   -0.9334
...   142 C-G ...
   22.3488  -51.2413   64.4933
   -0.8528   -0.5119   -0.1032
   -0.4975    0.8565   -0.1374
    0.1587   -0.0659   -0.9851
...   143 T-A ...
   24.0165  -51.6377   61.9248
   -0.9562    0.0401   -0.2898
    0.0524    0.9980   -0.0348
    0.2878   -0.0485   -0.9565
...   144 C-G ...
   24.8957  -52.7394   58.9873
   -0.7529    0.5560   -0.3520
    0.5214    0.8304    0.1965
    0.4016   -0.0356   -0.9151
...   145 A-T ...
   25.5275  -52.9802   55.8053
   -0.2442    0.9563   -0.1610
    0.8906    0.2869    0.3528
    0.3836   -0.0573   -0.9217
...   146 C-G ...
   25.2777  -52.5121   52.0796
    0.3204    0.9427   -0.0929
    0.8825   -0.2614    0.3909
    0.3443   -0.2072   -0.9157
...   147 A-T ...
   25.6237  -52.5939   48.6395
    0.8597    0.5097    0.0339
    0.4496   -0.7865    0.4233
    0.2424   -0.3487   -0.9053
