  147 base-pairs
...     1 T-A ...
    0.0000    0.0000    0.0000
    1.0000    0.0000    0.0000
    0.0000    1.0000    0.0000
    0.0000    0.0000    1.0000
...     2 G-C ...
   -0.5555   -1.1003    3.3981
    0.7749    0.6051    0.1828
   -0.5991    0.7953   -0.0929
   -0.2016   -0.0375    0.9787
...     3 T-A ...
   -0.6619   -3.0237    6.5348
    0.3046    0.9250    0.2271
   -0.8994    0.3578   -0.2510
   -0.3134   -0.1278    0.9410
...     4 G-C ...
   -1.1607   -3.8418    9.6940
   -0.3351    0.9421    0.0133
   -0.8752   -0.3061   -0.3746
   -0.3489   -0.1372    0.9271
...     5 A-T ...
   -1.3881   -3.6770   12.8999
   -0.7835    0.6162   -0.0801
   -0.5677   -0.7622   -0.3109
   -0.2527   -0.1981    0.9470
...     6 G-C ...
   -2.6236   -3.5448   15.7072
   -0.9923    0.0611   -0.1075
   -0.0294   -0.9610   -0.2748
   -0.1201   -0.2695    0.9555
...     7 C-G ...
   -2.3138   -3.7570   18.8866
   -0.8620   -0.4995   -0.0864
    0.5008   -0.8655    0.0073
   -0.0785   -0.0370    0.9962
...     8 G-C ...
   -3.9561   -6.8109   23.3205
   -0.2581   -0.3560   -0.8981
    0.6294   -0.7673    0.1233
   -0.7330   -0.5335    0.4221
...     9 C-G ...
   -6.1177   -8.9414   24.2385
    0.1143   -0.7320   -0.6716
    0.8123   -0.3203    0.4874
   -0.5720   -0.6013    0.5580
...    10 T-A ...
   -8.5041   -9.6771   26.0540
    0.4660   -0.8587   -0.2131
    0.6274    0.1508    0.7640
   -0.6239   -0.4897    0.6090
...    11 C-G ...
  -11.0625  -11.3174   27.2336
    0.6660   -0.6911    0.2808
    0.3382    0.6152    0.7121
   -0.6649   -0.3794    0.6435
...    12 A-T ...
  -13.0013  -13.1789   29.0658
    0.7188   -0.1490    0.6790
   -0.1787    0.9043    0.3876
   -0.6718   -0.4000    0.6235
...    13 C-G ...
  -14.1788  -15.9359   31.3399
    0.4052    0.2865    0.8682
   -0.5270    0.8492   -0.0343
   -0.7470   -0.4437    0.4951
...    14 A-T ...
  -15.9532  -18.1566   33.3080
   -0.1503    0.6873    0.7107
   -0.6106    0.5008   -0.6135
   -0.7776   -0.5261    0.3444
...    15 A-T ...
  -18.4858  -19.8078   34.5002
   -0.4545    0.8700    0.1914
   -0.4071   -0.0117   -0.9133
   -0.7923   -0.4930    0.3595
...    16 T-A ...
  -20.8903  -21.2721   36.3882
   -0.6291    0.7015   -0.3348
   -0.0817   -0.4880   -0.8690
   -0.7730   -0.5193    0.3643
...    17 T-A ...
  -23.4245  -22.7213   37.8976
   -0.5814    0.2519   -0.7737
    0.3128   -0.8086   -0.4983
   -0.7511   -0.5317    0.3913
...    18 T-A ...
  -25.9962  -24.2426   39.2459
   -0.2955   -0.2771   -0.9143
    0.5929   -0.8036    0.0519
   -0.7491   -0.5267    0.4017
...    19 A-T ...
  -28.4023  -26.2207   40.8047
    0.1502   -0.7817   -0.6053
    0.6422   -0.3884    0.6609
   -0.7517   -0.4880    0.4437
...    20 T-A ...
  -31.3018  -27.5858   41.7790
    0.4421   -0.8880   -0.1264
    0.4702    0.1094    0.8757
   -0.7639   -0.4466    0.4659
...    21 T-A ...
  -33.9019  -29.0814   43.0513
    0.6024   -0.6575    0.4526
    0.1047    0.6271    0.7718
   -0.7913   -0.4176    0.4466
...    22 C-G ...
  -36.5290  -30.4291   44.5413
    0.5591   -0.1328    0.8184
   -0.2875    0.8948    0.3416
   -0.7776   -0.4263    0.4621
...    23 G-C ...
  -39.3829  -31.2433   46.2151
    0.4189    0.4556    0.7855
   -0.5609    0.8101   -0.1707
   -0.7141   -0.3691    0.5948
...    24 C-G ...
  -41.4775  -32.7370   48.2634
    0.1025    0.8360    0.5391
   -0.6923    0.4491   -0.5648
   -0.7143   -0.3153    0.6248
...    25 A-T ...
  -44.2190  -33.6625   49.9538
   -0.2701    0.9618    0.0439
   -0.6233   -0.1399   -0.7694
   -0.7338   -0.2352    0.6373
...    26 A-T ...
  -46.5983  -34.2710   52.1348
   -0.5694    0.7031   -0.4260
   -0.3578   -0.6785   -0.6416
   -0.7401   -0.2129    0.6379
...    27 A-T ...
  -48.9103  -34.6863   54.4055
   -0.6764    0.1676   -0.7172
    0.0486   -0.9615   -0.2704
   -0.7350   -0.2178    0.6422
...    28 G-C ...
  -51.5689  -34.9335   56.5107
   -0.4990   -0.3748   -0.7814
    0.3918   -0.9018    0.1823
   -0.7730   -0.2151    0.5969
...    29 G-C ...
  -54.4730  -35.4977   58.3195
   -0.1257   -0.8220   -0.5554
    0.5932   -0.5110    0.6221
   -0.7952   -0.2513    0.5518
...    30 C-G ...
  -57.3040  -36.3239   59.8006
    0.2683   -0.9556   -0.1217
    0.5420    0.0453    0.8392
   -0.7964   -0.2911    0.5301
...    31 C-G ...
  -60.1483  -37.2435   61.3829
    0.5749   -0.7406    0.3477
    0.2808    0.5778    0.7663
   -0.7685   -0.3429    0.5402
...    32 G-C ...
  -62.4363  -38.0583   63.3637
    0.7036   -0.2810    0.6527
   -0.0882    0.8769    0.4725
   -0.7051   -0.3900    0.5922
...    33 G-C ...
  -64.5460  -39.5436   65.5256
    0.5693    0.2944    0.7676
   -0.4865    0.8733    0.0259
   -0.6627   -0.3882    0.6404
...    34 C-G ...
  -66.4867  -41.0442   67.7225
    0.2201    0.7585    0.6134
   -0.7296    0.5454   -0.4126
   -0.6475   -0.3567    0.6734
...    35 C-G ...
  -68.4343  -42.0126   70.3594
   -0.2008    0.9534    0.2251
   -0.7380    0.0039   -0.6748
   -0.6443   -0.3016    0.7028
...    36 C-G ...
  -70.5006  -42.7763   72.9423
   -0.5581    0.7930   -0.2442
   -0.5127   -0.5610   -0.6499
   -0.6524   -0.2375    0.7197
...    37 G-C ...
  -72.9012  -44.3797   74.8493
   -0.7042    0.3391   -0.6238
   -0.0949   -0.9157   -0.3906
   -0.7036   -0.2158    0.6770
...    38 A-T ...
  -75.0936  -45.0299   77.0740
   -0.6173   -0.2746   -0.7372
    0.3531   -0.9341    0.0523
   -0.7030   -0.2280    0.6736
...    39 C-G ...
  -77.6735  -45.4300   78.9588
   -0.3022   -0.7194   -0.6254
    0.6160   -0.6481    0.4478
   -0.7275   -0.2499    0.6390
...    40 A-T ...
  -80.1778  -46.4084   81.0231
    0.1822   -0.9435   -0.2768
    0.6622   -0.0903    0.7438
   -0.7268   -0.3188    0.6084
...    41 C-G ...
  -82.7672  -47.7658   82.5947
    0.5387   -0.8318    0.1339
    0.4521    0.4195    0.7872
   -0.7109   -0.3635    0.6020
...    42 G-C ...
  -84.9096  -48.7285   84.9868
    0.7455   -0.3820    0.5461
    0.0071    0.8239    0.5666
   -0.6664   -0.4186    0.6170
...    43 A-T ...
  -87.0742  -50.0936   86.8962
    0.6003    0.1893    0.7771
   -0.4372    0.8912    0.1207
   -0.6697   -0.4122    0.6178
...    44 C-G ...
  -88.8852  -51.9533   88.9549
    0.2908    0.6613    0.6914
   -0.7087    0.6344   -0.3087
   -0.6428   -0.4002    0.6532
...    45 T-A ...
  -90.6445  -53.5695   91.6723
   -0.1598    0.9212    0.3548
   -0.7500    0.1204   -0.6504
   -0.6419   -0.3700    0.6716
...    46 T-A ...
  -92.5416  -54.7711   93.9898
   -0.5581    0.8279   -0.0562
   -0.5214   -0.4025   -0.7524
   -0.6456   -0.3906    0.6563
...    47 A-T ...
  -94.8577  -56.3446   95.9325
   -0.7707    0.3498   -0.5327
   -0.0174   -0.8471   -0.5311
   -0.6370   -0.4001    0.6589
...    48 C-G ...
  -97.0960  -57.0253   98.3280
   -0.6407   -0.1585   -0.7513
    0.4018   -0.9030   -0.1521
   -0.6543   -0.3993    0.6422
...    49 T-A ...
  -99.6008  -58.0949  100.3595
   -0.2592   -0.5955   -0.7604
    0.6761   -0.6741    0.2974
   -0.6897   -0.4370    0.5774
...    50 G-C ...
 -101.9269  -59.7881  102.1650
    0.2731   -0.8092   -0.5201
    0.6861   -0.2151    0.6950
   -0.6743   -0.5467    0.4965
...    51 T-A ...
 -104.3496  -61.5870  103.2814
    0.6255   -0.7725   -0.1092
    0.4346    0.2288    0.8711
   -0.6479   -0.5923    0.4789
...    52 A-T ...
 -106.3273  -63.6426  105.0741
    0.8160   -0.4174    0.3999
   -0.0630    0.6235    0.7793
   -0.5746   -0.6611    0.4825
...    53 G-C ...
 -108.1916  -65.9076  106.4928
    0.7078    0.0421    0.7052
   -0.5078    0.7243    0.4664
   -0.4911   -0.6882    0.5341
...    54 G-C ...
 -109.2874  -68.7667  108.3856
    0.3158    0.5039    0.8040
   -0.8452    0.5344   -0.0029
   -0.4311   -0.6786    0.5947
...    55 T-A ...
 -110.2101  -71.0786  110.5477
   -0.1888    0.7080    0.6805
   -0.8903    0.1690   -0.4228
   -0.4143   -0.6857    0.5984
...    56 A-T ...
 -111.3699  -73.3332  112.8132
   -0.6956    0.6661    0.2694
   -0.5898   -0.3152   -0.7435
   -0.4103   -0.6760    0.6121
...    57 T-A ...
 -112.3396  -75.2083  115.3622
   -0.9189    0.3634   -0.1534
   -0.1134   -0.6158   -0.7797
   -0.3778   -0.6991    0.6070
...    58 C-G ...
 -113.7357  -77.3863  117.5634
   -0.7797   -0.1161   -0.6153
    0.5084   -0.6910   -0.5138
   -0.3655   -0.7134    0.5978
...    59 T-A ...
 -115.2939  -79.6515  119.5251
   -0.3498   -0.4364   -0.8290
    0.8535   -0.5134   -0.0898
   -0.3864   -0.7389    0.5520
...    60 C-G ...
 -116.6219  -82.1153  121.4620
    0.2506   -0.6257   -0.7387
    0.8962   -0.1387    0.4215
   -0.3662   -0.7676    0.5260
...    61 G-C ...
 -117.2578  -84.8128  123.3921
    0.7544   -0.4196   -0.5049
    0.6167    0.1895    0.7640
   -0.2249   -0.8877    0.4017
...    62 A-T ...
 -117.9612  -87.6855  124.8858
    0.9873   -0.1590    0.0074
    0.0593    0.4102    0.9101
   -0.1477   -0.8980    0.4144
...    63 G-C ...
 -118.1911  -90.7910  126.0825
    0.8729    0.1596    0.4611
   -0.4843    0.3983    0.7790
   -0.0593   -0.9032    0.4250
...    64 C-G ...
 -117.8847  -93.9738  127.3177
    0.4201    0.3939    0.8176
   -0.9074    0.1938    0.3729
   -0.0116   -0.8985    0.4388
...    65 T-A ...
 -117.7495  -96.9131  128.8278
   -0.1571    0.4409    0.8837
   -0.9868   -0.1064   -0.1224
    0.0400   -0.8912    0.4518
...    66 C-G ...
 -117.9871  -99.7969  130.4175
   -0.7369    0.2599    0.6240
   -0.6696   -0.4073   -0.6211
    0.0927   -0.8755    0.4742
...    67 G-C ...
 -118.3609 -103.3445  131.1442
   -0.9922   -0.0401    0.1178
   -0.0816   -0.5048   -0.8594
    0.0939   -0.8623    0.4976
...    68 G-C ...
 -117.9173 -106.2097  132.9580
   -0.8520   -0.2927   -0.4341
    0.5170   -0.3393   -0.7859
    0.0827   -0.8940    0.4404
...    69 G-C ...
 -117.7093 -109.1368  134.5916
   -0.4227   -0.3446   -0.8382
    0.9051   -0.1132   -0.4099
    0.0464   -0.9319    0.3597
...    70 A-T ...
 -117.7698 -112.2324  135.8971
    0.2127   -0.3084   -0.9272
    0.9744    0.1378    0.1777
    0.0729   -0.9412    0.3298
...    71 T-A ...
 -118.0572 -115.4191  136.6685
    0.6895   -0.1437   -0.7099
    0.7166    0.2780    0.6397
    0.1054   -0.9498    0.2947
...    72 C-G ...
 -117.6972 -118.6296  137.3912
    0.9711    0.1124   -0.2106
    0.1709    0.2887    0.9421
    0.1667   -0.9508    0.2611
...    73 C-G ...
 -117.1158 -121.7695  138.1415
    0.8779    0.3841    0.2859
   -0.3671    0.1566    0.9169
    0.3074   -0.9099    0.2785
...    74 G-C ...
 -116.0681 -124.6538  139.5322
    0.4629    0.5214    0.7169
   -0.7715   -0.1612    0.6155
    0.4365   -0.8380    0.3276
...    75 C-G ...
 -113.9879 -127.1866  140.7291
   -0.0787    0.3288    0.9411
   -0.8734   -0.4779    0.0939
    0.4806   -0.8146    0.3247
...    76 T-A ...
 -112.0407 -129.5969  142.4620
   -0.5634   -0.0476    0.8248
   -0.6118   -0.6470   -0.4552
    0.5553   -0.7610    0.3354
...    77 T-A ...
 -110.0053 -131.8445  143.7477
   -0.7595   -0.5120    0.4012
   -0.1376   -0.4763   -0.8685
    0.6357   -0.7149    0.2913
...    78 T-A ...
 -107.7896 -133.9555  145.0480
   -0.6220   -0.7617   -0.1816
    0.3250   -0.0402   -0.9449
    0.7124   -0.6467    0.2725
...    79 A-T ...
 -104.7716 -135.5531  145.2887
   -0.1809   -0.6644   -0.7252
    0.5997    0.5099   -0.6167
    0.7795   -0.5465    0.3062
...    80 A-T ...
 -102.3361 -137.3718  146.3695
    0.2157   -0.2300   -0.9490
    0.5555    0.8282   -0.0744
    0.8030   -0.5111    0.3064
...    81 C-G ...
  -99.9212 -139.5532  147.3305
    0.4665    0.2905   -0.8355
    0.3193    0.8255    0.4653
    0.8249   -0.4838    0.2923
...    82 A-T ...
  -97.0208 -141.0752  148.2315
    0.4638    0.7806   -0.4190
   -0.0067    0.4760    0.8794
    0.8859   -0.4051    0.2260
...    83 C-G ...
  -93.8969 -142.2557  148.3206
    0.3420    0.9325    0.1164
   -0.2286   -0.0375    0.9728
    0.9115   -0.3593    0.2004
...    84 T-A ...
  -90.4510 -143.1862  148.5627
    0.0515    0.7447    0.6654
   -0.3420   -0.6129    0.7124
    0.9383   -0.2643    0.2231
...    85 T-A ...
  -87.2705 -143.7583  149.1511
   -0.1223    0.2042    0.9713
   -0.2807   -0.9458    0.1635
    0.9520   -0.2526    0.1730
...    86 T-A ...
  -84.0765 -144.2467  149.6926
   -0.2040   -0.4449    0.8720
   -0.1464   -0.8669   -0.4766
    0.9680   -0.2249    0.1117
...    87 T-A ...
  -80.8636 -144.7424  149.9637
   -0.1617   -0.9070    0.3888
   -0.0270   -0.3898   -0.9205
    0.9865   -0.1593    0.0386
...    88 C-G ...
  -77.4432 -145.0615  149.7714
   -0.1010   -0.9524   -0.2876
    0.0579    0.2830   -0.9574
    0.9932   -0.1134    0.0265
...    89 A-T ...
  -74.0307 -144.6154  149.4071
   -0.1332   -0.5689   -0.8115
    0.0620    0.8124   -0.5798
    0.9891   -0.1276   -0.0730
...    90 T-A ...
  -70.8648 -145.4720  149.3162
   -0.1220   -0.0565   -0.9909
    0.1165    0.9907   -0.0708
    0.9857   -0.1241   -0.1143
...    91 G-C ...
  -67.3992 -145.8809  148.8137
   -0.1505    0.5686   -0.8087
    0.1578    0.8214    0.5481
    0.9759   -0.0451   -0.2133
...    92 T-A ...
  -64.3257 -146.3725  147.5744
   -0.0782    0.9223   -0.3786
    0.2193    0.3864    0.8959
    0.9725   -0.0130   -0.2325
...    93 T-A ...
  -61.3144 -146.2777  146.6299
   -0.0198    0.9793    0.2014
    0.2496   -0.1902    0.9495
    0.9682    0.0691   -0.2406
...    94 A-T ...
  -57.9983 -145.9377  146.0830
    0.0761    0.6493    0.7567
    0.2545   -0.7464    0.6149
    0.9641    0.1458   -0.2221
...    95 T-A ...
  -55.0869 -144.7811  145.1038
    0.2084    0.1639    0.9642
    0.2009   -0.9720    0.1218
    0.9572    0.1683   -0.2355
...    96 A-T ...
  -51.7637 -144.4276  144.1429
    0.3637   -0.5292    0.7666
    0.0130   -0.8200   -0.5722
    0.9314    0.2181   -0.2913
...    97 A-T ...
  -48.7511 -143.5187  143.3263
    0.3577   -0.9024    0.2404
   -0.2280   -0.3341   -0.9145
    0.9056    0.2723   -0.3253
...    98 C-G ...
  -45.4928 -142.3795  142.8466
    0.2033   -0.9163   -0.3451
   -0.4153    0.2384   -0.8779
    0.8867    0.3218   -0.3320
...    99 G-C ...
  -42.7321 -141.1943  141.5256
   -0.1299   -0.5798   -0.8043
   -0.4756    0.7482   -0.4626
    0.8700    0.3225   -0.3730
...   100 G-C ...
  -39.7751 -140.2276  140.3790
   -0.4443   -0.1104   -0.8890
   -0.3338    0.9413    0.0499
    0.8313    0.3190   -0.4551
...   101 A-T ...
  -36.9671 -139.3144  138.8501
   -0.6093    0.4410   -0.6590
   -0.0132    0.8253    0.5645
    0.7928    0.3527   -0.4971
...   102 A-T ...
  -34.4709 -138.2499  137.0423
   -0.5354    0.8214   -0.1966
    0.3354    0.4204    0.8431
    0.7752    0.3854   -0.5005
...   103 T-A ...
  -32.2649 -137.0320  134.9006
   -0.3051    0.9077    0.2880
    0.5777   -0.0641    0.8137
    0.7571    0.4146   -0.5049
...   104 G-C ...
  -29.9526 -135.3795  133.1469
    0.0289    0.6357    0.7714
    0.6791   -0.5788    0.4515
    0.7335    0.5108   -0.4484
...   105 C-G ...
  -27.7626 -133.2407  131.8469
    0.3754    0.1836    0.9085
    0.5653   -0.8221   -0.0675
    0.7345    0.5389   -0.4124
...   106 T-A ...
  -25.2461 -130.9406  130.9866
    0.6413   -0.3246    0.6952
    0.2939   -0.7331   -0.6134
    0.7088    0.5977   -0.3747
...   107 T-A ...
  -22.9691 -128.8666  130.0261
    0.6918   -0.6895    0.2145
   -0.1187   -0.4017   -0.9080
    0.7122    0.6027   -0.3598
...   108 C-G ...
  -20.4709 -126.7995  129.0274
    0.4829   -0.7795   -0.3989
   -0.5256    0.1063   -0.8441
    0.7003    0.6173   -0.3584
...   109 C-G ...
  -18.1545 -124.7016  127.9636
    0.0528   -0.6558   -0.7531
   -0.7070    0.5080   -0.4920
    0.7052    0.5584   -0.4368
...   110 G-C ...
  -16.2564 -122.6563  126.5643
   -0.3993   -0.3443   -0.8497
   -0.6339    0.7733   -0.0154
    0.6624    0.5325   -0.5270
...   111 G-C ...
  -14.0926 -121.0525  124.5870
   -0.7418    0.1075   -0.6620
   -0.2957    0.8335    0.4667
    0.6019    0.5420   -0.5865
...   112 C-G ...
  -12.2330 -119.6288  122.1994
   -0.8128    0.5244   -0.2538
    0.1724    0.6325    0.7551
    0.5565    0.5700   -0.6045
...   113 T-A ...
  -10.5695 -117.7949  119.9823
   -0.6365    0.7355    0.2324
    0.5919    0.2726    0.7585
    0.4945    0.6203   -0.6089
...   114 C-G ...
   -9.0344 -115.5061  118.1824
   -0.1918    0.7284    0.6578
    0.8824   -0.1654    0.4405
    0.4296    0.6649   -0.6110
...   115 G-C ...
   -7.1902 -113.3376  116.4418
    0.3375    0.4408    0.8317
    0.8468   -0.5281   -0.0637
    0.4112    0.7258   -0.5515
...   116 T-A ...
   -6.1870 -110.4257  115.1111
    0.7279    0.0558    0.6834
    0.5346   -0.6703   -0.5146
    0.4294    0.7400   -0.5177
...   117 A-T ...
   -4.8043 -107.6261  113.7366
    0.8870   -0.3820    0.2595
    0.0072   -0.5504   -0.8349
    0.4617    0.7424   -0.4855
...   118 T-A ...
   -3.2167 -104.9062  112.8042
    0.7741   -0.5929   -0.2220
   -0.4551   -0.2774   -0.8462
    0.4401    0.7560   -0.4845
...   119 A-T ...
   -2.0254 -102.2426  110.9609
    0.2945   -0.6021   -0.7421
   -0.8590    0.1735   -0.4816
    0.4187    0.7793   -0.4661
...   120 A-T ...
   -0.3848  -99.8116  109.5547
   -0.2602   -0.4025   -0.8777
   -0.8740    0.4844    0.0369
    0.4103    0.7767   -0.4778
...   121 T-A ...
    1.4472  -97.6350  107.8152
   -0.6831   -0.0853   -0.7253
   -0.6057    0.6209    0.4975
    0.4079    0.7792   -0.4758
...   122 G-C ...
    2.7892  -94.9703  106.0438
   -0.9434    0.2376   -0.2315
   -0.0636    0.5553    0.8292
    0.3256    0.7969   -0.5088
...   123 T-A ...
    3.6455  -92.5741  103.9734
   -0.8479    0.4728    0.2397
    0.4331    0.3570    0.8276
    0.3057    0.8056   -0.5075
...   124 G-C ...
    4.5218  -89.7975  102.2814
   -0.4491    0.5320    0.7178
    0.8603    0.0404    0.5082
    0.2414    0.8458   -0.4758
...   125 T-A ...
    4.8075  -87.0579  100.6141
    0.0622    0.4355    0.8980
    0.9710   -0.2346    0.0466
    0.2310    0.8691   -0.4375
...   126 C-G ...
    5.4988  -84.2259   99.3415
    0.6278    0.2167    0.7476
    0.7481   -0.4332   -0.5027
    0.2149    0.8749   -0.4341
...   127 G-C ...
    6.6652  -81.5845   97.6677
    0.8988   -0.1656    0.4059
    0.2985   -0.4470   -0.8433
    0.3211    0.8791   -0.3523
...   128 A-T ...
    7.5758  -78.7426   96.5666
    0.8990   -0.4024   -0.1727
   -0.2988   -0.2753   -0.9137
    0.3201    0.8731   -0.3677
...   129 C-G ...
    8.9585  -75.7749   96.0775
    0.5839   -0.5237   -0.6203
   -0.7316   -0.0083   -0.6817
    0.3519    0.8518   -0.3880
...   130 C-G ...
   10.6615  -73.1173   94.7804
    0.0615   -0.5315   -0.8448
   -0.9159    0.3064   -0.2594
    0.3967    0.7897   -0.4680
...   131 A-T ...
   11.2324  -70.1755   93.1492
   -0.5256   -0.3088   -0.7927
   -0.7661    0.5770    0.2832
    0.3699    0.7561   -0.5399
...   132 A-T ...
   12.4704  -67.8163   91.2278
   -0.8749    0.0823   -0.4773
   -0.3122    0.6575    0.6858
    0.3703    0.7490   -0.5495
...   133 A-T ...
   13.7447  -65.6229   89.1403
   -0.8710    0.4913    0.0011
    0.2662    0.4701    0.8415
    0.4130    0.7332   -0.5402
...   134 T-A ...
   14.7385  -63.4259   86.8199
   -0.5923    0.6747    0.4404
    0.6886    0.1401    0.7115
    0.4183    0.7247   -0.5475
...   135 G-C ...
   15.7318  -61.4929   83.9330
    0.0341    0.7400    0.6717
    0.8636   -0.3601    0.3528
    0.5030    0.5681   -0.6514
...   136 T-A ...
   15.7849  -59.5605   80.7992
    0.5517    0.4998    0.6677
    0.6739   -0.7388   -0.0038
    0.4915    0.4520   -0.7444
...   137 G-C ...
   16.8386  -57.7219   78.2675
    0.8528   -0.0848    0.5153
    0.1507   -0.9048   -0.3983
    0.5000    0.4173   -0.7588
...   138 A-T ...
   18.4283  -55.5287   76.5298
    0.8547   -0.5006    0.1371
   -0.3188   -0.7148   -0.6224
    0.4096    0.4883   -0.7706
...   139 G-C ...
   20.4260  -54.3094   74.5419
    0.5847   -0.7389   -0.3347
   -0.7593   -0.3533   -0.5465
    0.2856    0.5737   -0.7676
...   140 C-G ...
   21.4270  -51.8266   72.7875
    0.1304   -0.7144   -0.6875
   -0.8897    0.2216   -0.3991
    0.4375    0.6637   -0.6067
...   141 G-C ...
   22.1522  -50.1495   67.4639
   -0.4682   -0.8748    0.1248
   -0.8494    0.4066   -0.3364
    0.2435   -0.2635   -0.9334
...   142 C-G ...
   22.3489  -51.2414   64.4933
   -0.8528   -0.5119   -0.1032
   -0.4975    0.8565   -0.1374
    0.1587   -0.0659   -0.9851
...   143 T-A ...
   24.0167  -51.6379   61.9247
   -0.9562    0.0401   -0.2898
    0.0524    0.9980   -0.0348
    0.2878   -0.0485   -0.9564
...   144 C-G ...
   24.8959  -52.7396   58.9872
   -0.7529    0.5560   -0.3520
    0.5214    0.8304    0.1965
    0.4016   -0.0356   -0.9151
...   145 A-T ...
   25.5276  -52.9804   55.8052
   -0.2442    0.9563   -0.1610
    0.8906    0.2869    0.3528
    0.3836   -0.0573   -0.9217
...   146 C-G ...
   25.2779  -52.5123   52.0795
    0.3204    0.9427   -0.0929
    0.8825   -0.2614    0.3909
    0.3443   -0.2072   -0.9157
...   147 A-T ...
   25.6239  -52.5940   48.6395
    0.8597    0.5097    0.0339
    0.4496   -0.7865    0.4233
    0.2424   -0.3487   -0.9053
