  147 base-pairs
...     1 T-A ...
    0.0000    0.0000    0.0000
    1.0000    0.0000    0.0000
    0.0000    1.0000    0.0000
    0.0000    0.0000    1.0000
...     2 G-C ...
   -0.5555   -1.1003    3.3981
    0.7749    0.6051    0.1828
   -0.5991    0.7953   -0.0929
   -0.2016   -0.0375    0.9787
...     3 T-A ...
   -0.6619   -3.0237    6.5348
    0.3046    0.9250    0.2271
   -0.8994    0.3578   -0.2510
   -0.3134   -0.1278    0.9410
...     4 G-C ...
   -1.1607   -3.8418    9.6940
   -0.3351    0.9421    0.0133
   -0.8752   -0.3061   -0.3746
   -0.3489   -0.1372    0.9271
...     5 A-T ...
   -1.3881   -3.6770   12.8999
   -0.7835    0.6162   -0.0801
   -0.5677   -0.7622   -0.3109
   -0.2527   -0.1981    0.9470
...     6 G-C ...
   -2.6236   -3.5448   15.7072
   -0.9923    0.0611   -0.1075
   -0.0294   -0.9610   -0.2748
   -0.1201   -0.2695    0.9555
...     7 C-G ...
   -2.3138   -3.7570   18.8866
   -0.8620   -0.4995   -0.0864
    0.5008   -0.8655    0.0073
   -0.0785   -0.0370    0.9962
...     8 G-C ...
   -3.9561   -6.8109   23.3205
   -0.2581   -0.3560   -0.8981
    0.6294   -0.7673    0.1233
   -0.7330   -0.5335    0.4221
...     9 C-G ...
   -6.1177   -8.9414   24.2385
    0.1143   -0.7320   -0.6716
    0.8123   -0.3203    0.4874
   -0.5720   -0.6013    0.5580
...    10 T-A ...
   -8.5041   -9.6771   26.0540
    0.4660   -0.8587   -0.2131
    0.6274    0.1508    0.7640
   -0.6239   -0.4897    0.6090
...    11 C-G ...
  -11.0625  -11.3174   27.2336
    0.6660   -0.6911    0.2808
    0.3382    0.6152    0.7121
   -0.6649   -0.3794    0.6435
...    12 A-T ...
  -13.0013  -13.1789   29.0658
    0.7188   -0.1490    0.6790
   -0.1787    0.9043    0.3876
   -0.6718   -0.4000    0.6235
...    13 C-G ...
  -14.1788  -15.9359   31.3399
    0.4052    0.2865    0.8682
   -0.5270    0.8492   -0.0343
   -0.7470   -0.4437    0.4951
...    14 A-T ...
  -15.9532  -18.1566   33.3080
   -0.1503    0.6873    0.7107
   -0.6106    0.5008   -0.6135
   -0.7776   -0.5261    0.3444
...    15 A-T ...
  -18.4955  -19.7891   34.5103
   -0.4539    0.8709    0.1885
   -0.4096   -0.0161   -0.9121
   -0.7913   -0.4913    0.3640
...    16 T-A ...
  -20.8973  -21.2392   36.4129
   -0.6303    0.6991   -0.3377
   -0.0845   -0.4941   -0.8653
   -0.7717   -0.5169    0.3705
...    17 T-A ...
  -23.4244  -22.6752   37.9439
   -0.5854    0.2443   -0.7731
    0.3110   -0.8129   -0.4924
   -0.7488   -0.5287    0.3999
...    18 T-A ...
  -25.9920  -24.1758   39.3349
   -0.3040   -0.2935   -0.9063
    0.5963   -0.8006    0.0593
   -0.7430   -0.5224    0.4184
...    19 A-T ...
  -28.3706  -26.1334   40.9961
    0.1452   -0.8051   -0.5751
    0.6527   -0.3589    0.6672
   -0.7436   -0.4723    0.4733
...    20 T-A ...
  -31.2542  -27.4594   42.0757
    0.4425   -0.8921   -0.0917
    0.4824    0.1505    0.8629
   -0.7560   -0.4261    0.4969
...    21 T-A ...
  -33.8336  -28.8902   43.4570
    0.6100   -0.6335    0.4761
    0.1146    0.6650    0.7380
   -0.7841   -0.3956    0.4782
...    22 C-G ...
  -36.4433  -30.1529   45.0520
    0.5717   -0.0891    0.8156
   -0.2841    0.9111    0.2987
   -0.7697   -0.4025    0.4956
...    23 G-C ...
  -39.2833  -30.8794   46.8011
    0.4326    0.4985    0.7512
   -0.5640    0.7997   -0.2059
   -0.7034   -0.3346    0.6271
...    24 C-G ...
  -41.3401  -32.2531   48.9688
    0.1120    0.8651    0.4889
   -0.7025    0.4169   -0.5768
   -0.7028   -0.2789    0.6544
...    25 A-T ...
  -44.0546  -33.0568   50.7693
   -0.2692    0.9631   -0.0085
   -0.6390   -0.1852   -0.7466
   -0.7206   -0.1955    0.6653
...    26 A-T ...
  -46.3929  -33.5215   53.0295
   -0.5787    0.6754   -0.4571
   -0.3710   -0.7171   -0.5900
   -0.7263   -0.1718    0.6656
...    27 A-T ...
  -48.6563  -33.7914   55.3718
   -0.6927    0.1208   -0.7111
    0.0440   -0.9770   -0.2087
   -0.7199   -0.1759    0.6714
...    28 G-C ...
  -51.2652  -33.9030   57.5536
   -0.5170   -0.4273   -0.7417
    0.3991   -0.8869    0.2327
   -0.7573   -0.1757    0.6290
...    29 G-C ...
  -54.1112  -34.3470   59.4849
   -0.1374   -0.8604   -0.4907
    0.6119   -0.4633    0.6410
   -0.7789   -0.2122    0.5901
...    30 C-G ...
  -56.8933  -35.0515   61.1173
    0.2691   -0.9615   -0.0562
    0.5658    0.1106    0.8171
   -0.7794   -0.2517    0.5738
...    31 C-G ...
  -59.6884  -35.8360   62.8571
    0.5882   -0.7098    0.3877
    0.3016    0.6373    0.7092
   -0.7504   -0.3002    0.5889
...    32 G-C ...
  -61.9252  -36.4753   64.9669
    0.7249   -0.2245    0.6513
   -0.0770    0.9131    0.4004
   -0.6846   -0.3404    0.6446
...    33 G-C ...
  -63.9707  -37.7659   67.3052
    0.5925    0.3603    0.7205
   -0.4889    0.8717   -0.0339
   -0.6402   -0.3322    0.6927
...    34 C-G ...
  -65.8319  -39.0694   69.6902
    0.2365    0.8101    0.5365
   -0.7453    0.5055   -0.4347
   -0.6234   -0.2970    0.7233
...    35 C-G ...
  -67.6878  -39.7915   72.4709
   -0.1979    0.9695    0.1448
   -0.7605   -0.0586   -0.6467
   -0.6185   -0.2381    0.7488
...    36 C-G ...
  -69.6669  -40.3107   75.1829
   -0.5717    0.7648   -0.2969
   -0.5316   -0.6210   -0.5760
   -0.6249   -0.1715    0.7616
...    37 G-C ...
  -71.9942  -41.7382   77.3142
   -0.7293    0.2745   -0.6267
   -0.1016   -0.9493   -0.2975
   -0.6766   -0.1533    0.7203
...    38 A-T ...
  -74.1026  -42.1808   79.6713
   -0.6417   -0.3486   -0.6831
    0.3630   -0.9227    0.1299
   -0.6756   -0.1646    0.7187
...    39 C-G ...
  -76.6053  -42.4031   81.6885
   -0.3187   -0.7801   -0.5385
    0.6386   -0.5965    0.4862
   -0.7005   -0.1890    0.6882
...    40 A-T ...
  -79.0148  -43.1815   83.9462
    0.1818   -0.9660   -0.1839
    0.6912   -0.0074    0.7226
   -0.6994   -0.2585    0.6664
...    41 C-G ...
  -81.5285  -44.3801   85.7548
    0.5532   -0.8086    0.2003
    0.4767    0.5044    0.7199
   -0.6832   -0.3028    0.6645
...    42 G-C ...
  -83.5686  -45.0914   88.3213
    0.7704   -0.3136    0.5551
    0.0177    0.8809    0.4730
   -0.6373   -0.3546    0.6842
...    43 A-T ...
  -85.6425  -46.2582   90.4524
    0.6260    0.2793    0.7281
   -0.4448    0.8948    0.0391
   -0.6406   -0.3483    0.6843
...    44 C-G ...
  -87.3510  -47.8932   92.7728
    0.3058    0.7370    0.6027
   -0.7289    0.5885   -0.3498
   -0.6125   -0.3323    0.7172
...    45 T-A ...
  -88.9884  -49.2170   95.7153
   -0.1621    0.9532    0.2551
   -0.7748    0.0371   -0.6311
   -0.6111   -0.3000    0.7325
...    46 T-A ...
  -90.7868  -50.1716   98.2189
   -0.5758    0.8073   -0.1292
   -0.5389   -0.4936   -0.6826
   -0.6149   -0.3234    0.7193
...    47 A-T ...
  -93.0050  -51.5700  100.4059
   -0.7985    0.2668   -0.5396
   -0.0124   -0.9035   -0.4284
   -0.6019   -0.3354    0.7248
...    48 C-G ...
  -95.1339  -52.0196  102.9534
   -0.6617   -0.2618   -0.7026
    0.4227   -0.9042   -0.0612
   -0.6192   -0.3375    0.7090
...    49 T-A ...
  -97.5309  -52.9124  105.1935
   -0.2665   -0.6882   -0.6748
    0.7072   -0.6153    0.3483
   -0.6549   -0.3844    0.6507
...    50 G-C ...
  -99.7335  -54.4407  107.2809
    0.2823   -0.8571   -0.4309
    0.7160   -0.1107    0.6892
   -0.6384   -0.5031    0.5825
...    51 T-A ...
 -102.0552  -56.1630  108.6943
    0.6481   -0.7605   -0.0392
    0.4545    0.3449    0.8213
   -0.6111   -0.5501    0.5692
...    52 A-T ...
 -103.8999  -58.0304  110.8167
    0.8411   -0.3389    0.4215
   -0.0637    0.7118    0.6995
   -0.5371   -0.6152    0.5772
...    53 G-C ...
 -105.6397  -60.1586  112.5689
    0.7229    0.1529    0.6738
   -0.5233    0.7579    0.3895
   -0.4511   -0.6342    0.6279
...    54 G-C ...
 -106.5793  -62.7897  114.8358
    0.3123    0.6105    0.7279
   -0.8664    0.4973   -0.0454
   -0.3897   -0.6164    0.6842
...    55 T-A ...
 -107.3581  -64.8536  117.2908
   -0.2057    0.7771    0.5947
   -0.9051    0.0801   -0.4177
   -0.3722   -0.6242    0.6869
...    56 A-T ...
 -108.3828  -66.8707  119.8277
   -0.7225    0.6604    0.2047
   -0.5863   -0.4282   -0.6877
   -0.3665   -0.6169    0.6965
...    57 T-A ...
 -109.2160  -68.4747  122.6017
   -0.9389    0.2964   -0.1749
   -0.0933   -0.7084   -0.6997
   -0.3313   -0.6406    0.6927
...    58 C-G ...
 -110.4592  -70.4478  125.0718
   -0.7809   -0.2283   -0.5815
    0.5378   -0.7192   -0.4399
   -0.3178   -0.6562    0.6844
...    59 T-A ...
 -111.8603  -72.5471  127.3181
   -0.3355   -0.5483   -0.7660
    0.8794   -0.4738   -0.0460
   -0.3377   -0.6891    0.6412
...    60 C-G ...
 -113.0260  -74.8328  129.5607
    0.2773   -0.6918   -0.6667
    0.9074   -0.0395    0.4184
   -0.3158   -0.7210    0.6168
...    61 G-C ...
 -113.4765  -77.3315  131.7988
    0.7735   -0.4268   -0.4685
    0.6114    0.3081    0.7289
   -0.1668   -0.8502    0.4993
...    62 A-T ...
 -113.9763  -80.0741  133.5996
    0.9951   -0.0981    0.0112
    0.0403    0.5075    0.8607
   -0.0901   -0.8560    0.5090
...    63 G-C ...
 -114.0065  -83.0420  135.1271
    0.8634    0.2598    0.4324
   -0.5045    0.4466    0.7390
   -0.0012   -0.8562    0.5167
...    64 C-G ...
 -113.4949  -86.0541  136.6902
    0.3961    0.4993    0.7706
   -0.9171    0.1729    0.3593
    0.0461   -0.8490    0.5264
...    65 T-A ...
 -113.1870  -88.8105  138.4948
   -0.1863    0.5103    0.8396
   -0.9776   -0.1819   -0.1063
    0.0985   -0.8406    0.5327
...    66 C-G ...
 -113.2252  -91.5601  140.3333
   -0.7559    0.2614    0.6002
   -0.6373   -0.5038   -0.5832
    0.1500   -0.8233    0.5474
...    67 G-C ...
 -113.3409  -95.0684  141.3329
   -0.9876   -0.1013    0.1201
   -0.0402   -0.5762   -0.8163
    0.1519   -0.8110    0.5649
...    68 G-C ...
 -112.6718  -97.7450  143.3576
   -0.8249   -0.3858   -0.4133
    0.5464   -0.3564   -0.7579
    0.1451   -0.8510    0.5047
...    69 G-C ...
 -112.2398 -100.5152  145.2101
   -0.3899   -0.4322   -0.8131
    0.9138   -0.0724   -0.3997
    0.1138   -0.8989    0.4232
...    70 A-T ...
 -112.0695 -103.5101  146.7182
    0.2402   -0.3492   -0.9057
    0.9603    0.2220    0.1691
    0.1420   -0.9104    0.3887
...    71 T-A ...
 -112.1183 -106.6543  147.6834
    0.7018   -0.1327   -0.6999
    0.6902    0.3698    0.6220
    0.1762   -0.9196    0.3511
...    72 C-G ...
 -111.5079 -109.7790  148.5901
    0.9602    0.1759   -0.2169
    0.1443    0.3528    0.9245
    0.2391   -0.9190    0.3134
...    73 C-G ...
 -110.6370 -112.8069  149.5031
    0.8449    0.4630    0.2681
   -0.3822    0.1718    0.9080
    0.3743   -0.8696    0.3221
...    74 G-C ...
 -109.3787 -115.5357  151.0298
    0.4176    0.5814    0.6983
   -0.7619   -0.1946    0.6177
    0.4950   -0.7900    0.3617
...    75 C-G ...
 -107.1233 -117.8564  152.3447
   -0.1101    0.3540    0.9288
   -0.8356   -0.5390    0.1064
    0.5383   -0.7643    0.3551
...    76 T-A ...
 -105.0097 -120.0605  154.1583
   -0.5639   -0.0666    0.8231
   -0.5575   -0.7046   -0.4390
    0.6092   -0.7065    0.3602
...    77 T-A ...
 -102.9505 -122.1595  155.5221
   -0.7642   -0.4937    0.4150
   -0.1178   -0.5258   -0.8424
    0.6341   -0.6927    0.3436
...    78 C-G ...
 -100.5017 -124.4428  156.3733
   -0.6371   -0.7419   -0.2091
    0.3764   -0.0627   -0.9243
    0.6727   -0.6676    0.3192
...    79 A-T ...
  -97.5621 -126.2002  156.9205
   -0.3363   -0.5569   -0.7594
    0.6503    0.4460   -0.6150
    0.6812   -0.7007    0.2121
...    80 T-A ...
  -95.6868 -128.7512  157.7677
    0.0158   -0.2071   -0.9782
    0.7267    0.6743   -0.1310
    0.6868   -0.7088    0.1612
...    81 G-C ...
  -93.2301 -131.2689  158.1904
    0.3436    0.3443   -0.8737
    0.5695    0.6634    0.4853
    0.7467   -0.6644    0.0319
...    82 T-A ...
  -91.0398 -133.7547  157.7502
    0.5581    0.6756   -0.4817
    0.3098    0.3688    0.8763
    0.7697   -0.6383   -0.0035
...    83 T-A ...
  -88.5504 -135.6686  157.5011
    0.5668    0.8197    0.0823
   -0.0217   -0.0850    0.9961
    0.8236   -0.5664   -0.0304
...    84 A-T ...
  -85.6936 -137.4693  157.6779
    0.3828    0.6231    0.6821
   -0.3188   -0.6039    0.7305
    0.8671   -0.4971   -0.0325
...    85 T-A ...
  -82.6053 -138.4748  157.1951
    0.1754    0.2036    0.9632
   -0.4461   -0.8557    0.2621
    0.8776   -0.4757   -0.0592
...    86 A-T ...
  -79.6974 -140.4009  156.8039
   -0.0844   -0.5113    0.8552
   -0.4429   -0.7496   -0.4919
    0.8926   -0.4202   -0.1632
...    87 A-T ...
  -76.6815 -141.5706  156.3460
   -0.2568   -0.8999    0.3525
   -0.3288   -0.2617   -0.9074
    0.9088   -0.3489   -0.2287
...    88 C-G ...
  -73.3330 -142.5545  156.1654
   -0.3479   -0.9038   -0.2493
   -0.1547    0.3177   -0.9355
    0.9247   -0.2869   -0.2504
...    89 G-C ...
  -70.3228 -143.2800  155.0933
   -0.4127   -0.4991   -0.7619
    0.0460    0.8240   -0.5647
    0.9097   -0.2681   -0.3171
...    90 G-C ...
  -67.2816 -144.2704  154.2023
   -0.4111    0.0498   -0.9102
    0.2466    0.9673   -0.0585
    0.8776   -0.2486   -0.4099
...    91 A-T ...
  -64.4377 -145.2666  152.8015
   -0.2425    0.6291   -0.7385
    0.4342    0.7511    0.4973
    0.8676   -0.2001   -0.4553
...    92 T-A ...
  -62.0055 -146.2110  150.8228
   -0.0500    0.9274   -0.3707
    0.5009    0.3444    0.7940
    0.8641   -0.1460   -0.4817
...    93 T-A ...
  -59.3169 -146.3904  149.0194
    0.1359    0.9704    0.1997
    0.4842   -0.2409    0.8411
    0.8643   -0.0176   -0.5026
...    94 A-T ...
  -56.2435 -146.0957  147.6130
    0.2608    0.6358    0.7264
    0.3839   -0.7587    0.5263
    0.8858    0.1416   -0.4419
...    95 A-T ...
  -53.4718 -145.3290  146.2230
    0.4250    0.0784    0.9018
    0.2018   -0.9794   -0.0099
    0.8824    0.1862   -0.4320
...    96 C-G ...
  -50.5650 -144.0531  144.9957
    0.5005   -0.4778    0.7220
   -0.0519   -0.8490   -0.5259
    0.8642    0.2258   -0.4497
...    97 A-T ...
  -47.5710 -143.3867  143.5767
    0.3524   -0.9026    0.2471
   -0.3480   -0.3715   -0.8608
    0.8688    0.2174   -0.4450
...    98 C-G ...
  -44.3484 -142.5782  142.7427
    0.1148   -0.9574   -0.2650
   -0.4931    0.1767   -0.8519
    0.8624    0.2285   -0.4518
...    99 T-A ...
  -40.9248 -142.0936  141.6335
   -0.2019   -0.6805   -0.7044
   -0.4925    0.6922   -0.5275
    0.8465    0.2404   -0.4749
...   100 T-A ...
  -38.0373 -141.5989  140.2028
   -0.4347   -0.1380   -0.8899
   -0.2999    0.9540   -0.0015
    0.8492    0.2662   -0.4561
...   101 T-A ...
  -35.2536 -140.8564  138.6786
   -0.5602    0.4256   -0.7106
   -0.0010    0.8575    0.5145
    0.8283    0.2890   -0.4800
...   102 A-T ...
  -32.5413 -139.5585  137.2129
   -0.5330    0.8163   -0.2228
    0.3371    0.4463    0.8290
    0.7761    0.3667   -0.5130
...   103 T-A ...
  -30.5129 -138.4511  134.9882
   -0.3626    0.9012    0.2374
    0.5667    0.0110    0.8238
    0.7398    0.4332   -0.5147
...   104 G-C ...
  -28.2700 -136.7532  133.1862
   -0.0219    0.6732    0.7392
    0.7039   -0.5146    0.4895
    0.7099    0.5310   -0.4626
...   105 C-G ...
  -26.1890 -134.5471  131.8248
    0.3459    0.2480    0.9049
    0.6141   -0.7890   -0.0185
    0.7094    0.5621   -0.4252
...   106 T-A ...
  -23.7890 -132.1394  130.9096
    0.6450   -0.2546    0.7205
    0.3493   -0.7404   -0.5743
    0.6797    0.6221   -0.3887
...   107 T-A ...
  -21.6136 -129.9778  129.9054
    0.7260   -0.6378    0.2572
   -0.0747   -0.4450   -0.8924
    0.6836    0.6286   -0.3707
...   108 C-G ...
  -19.2137 -127.8086  128.8697
    0.5368   -0.7633   -0.3594
   -0.5125    0.0434   -0.8576
    0.6702    0.6445   -0.3679
...   109 C-G ...
  -16.9911 -125.6300  127.7642
    0.1086   -0.6752   -0.7296
   -0.7239    0.4493   -0.5236
    0.6813    0.5850   -0.4399
...   110 G-C ...
  -15.1879 -123.5066  126.3432
   -0.3584   -0.3893   -0.8485
   -0.6766    0.7346   -0.0513
    0.6433    0.5558   -0.5266
...   111 G-C ...
  -13.0685 -121.8190  124.3832
   -0.7301    0.0506   -0.6815
   -0.3534    0.8256    0.4399
    0.5849    0.5620   -0.5849
...   112 C-G ...
  -11.2235 -120.3405  122.0178
   -0.8339    0.4735   -0.2836
    0.1188    0.6558    0.7455
    0.5390    0.5880   -0.6031
...   113 T-A ...
   -9.6056 -118.4484  119.8123
   -0.6794    0.7049    0.2036
    0.5583    0.3166    0.7669
    0.4761    0.6347   -0.6086
...   114 C-G ...
   -8.1362 -116.1196  117.9991
   -0.2428    0.7285    0.6405
    0.8783   -0.1152    0.4640
    0.4118    0.6753   -0.6119
...   115 G-C ...
   -6.3499 -113.8913  116.2661
    0.2965    0.4670    0.8330
    0.8713   -0.4894   -0.0358
    0.3910    0.7364   -0.5521
...   116 T-A ...
   -5.4546 -110.9379  114.9280
    0.7085    0.0956    0.6993
    0.5750   -0.6527   -0.4934
    0.4092    0.7516   -0.5173
...   117 A-T ...
   -4.1553 -108.0968  113.5509
    0.8954   -0.3425    0.2844
    0.0494   -0.5584   -0.8281
    0.4424    0.7556   -0.4831
...   118 T-A ...
   -2.6548 -105.3218  112.6249
    0.8015   -0.5641   -0.1985
   -0.4245   -0.3028   -0.8533
    0.4213    0.7682   -0.4822
...   119 A-T ...
   -1.5273 -102.6218  110.7840
    0.3312   -0.5937   -0.7334
   -0.8558    0.1384   -0.4985
    0.3975    0.7927   -0.4623
...   120 A-T ...
    0.0460 -100.1319  109.4008
   -0.2293   -0.4140   -0.8809
   -0.8917    0.4522    0.0196
    0.3902    0.7900   -0.4728
...   121 T-A ...
    1.8306  -97.8924  107.6890
   -0.6669   -0.1098   -0.7370
   -0.6357    0.5999    0.4858
    0.3888    0.7925   -0.4699
...   122 G-C ...
    3.1123  -95.1759  105.9521
   -0.9462    0.2098   -0.2464
   -0.0934    0.5519    0.8286
    0.3099    0.8071   -0.5026
...   123 T-A ...
    3.9390  -92.7500  103.8969
   -0.8634    0.4499    0.2283
    0.4115    0.3662    0.8346
    0.2918    0.8145   -0.5014
...   124 G-C ...
    4.7825  -89.9456  102.2251
   -0.4688    0.5210    0.7133
    0.8532    0.0582    0.5183
    0.2285    0.8516   -0.4718
...   125 T-A ...
    5.0296  -87.1944  100.5676
    0.0442    0.4355    0.8991
    0.9749   -0.2154    0.0564
    0.2183    0.8740   -0.4341
...   126 C-G ...
    5.6787  -84.3473   99.2986
    0.6169    0.2271    0.7536
    0.7603   -0.4193   -0.4960
    0.2033    0.8790   -0.4314
...   127 G-C ...
    6.8164  -81.6818   97.6301
    0.8981   -0.1529    0.4123
    0.3108   -0.4424   -0.8412
    0.3110    0.8837   -0.3499
...   128 A-T ...
    7.6925  -78.8250   96.5347
    0.9054   -0.3904   -0.1671
   -0.2893   -0.2791   -0.9156
    0.3108    0.8773   -0.3656
...   129 C-G ...
    9.0379  -75.8381   96.0566
    0.5937   -0.5165   -0.6171
   -0.7276   -0.0170   -0.6858
    0.3437    0.8561   -0.3859
...   130 C-G ...
   10.7148  -73.1586   94.7679
    0.0710   -0.5306   -0.8446
   -0.9179    0.2968   -0.2636
    0.3905    0.7940   -0.4660
...   131 A-T ...
   11.2575  -70.2033   93.1384
   -0.5212   -0.3115   -0.7946
   -0.7709    0.5713    0.2817
    0.3662    0.7593   -0.5379
...   132 A-T ...
   12.4815  -67.8311   91.2224
   -0.8745    0.0788   -0.4786
   -0.3166    0.6549    0.6862
    0.3676    0.7516   -0.5478
...   133 A-T ...
   13.7497  -65.6284   89.1409
   -0.8725    0.4887    0.0006
    0.2639    0.4702    0.8422
    0.4113    0.7350   -0.5391
...   134 T-A ...
   14.7385  -63.4258   86.8199
   -0.5923    0.6747    0.4404
    0.6886    0.1401    0.7115
    0.4183    0.7247   -0.5475
...   135 G-C ...
   15.7318  -61.4928   83.9330
    0.0341    0.7400    0.6717
    0.8636   -0.3601    0.3528
    0.5030    0.5681   -0.6514
...   136 T-A ...
   15.7849  -59.5604   80.7992
    0.5517    0.4998    0.6677
    0.6739   -0.7388   -0.0038
    0.4915    0.4520   -0.7444
...   137 G-C ...
   16.8386  -57.7219   78.2675
    0.8528   -0.0848    0.5153
    0.1507   -0.9048   -0.3983
    0.5000    0.4173   -0.7588
...   138 A-T ...
   18.4283  -55.5287   76.5298
    0.8547   -0.5006    0.1371
   -0.3188   -0.7148   -0.6224
    0.4096    0.4883   -0.7706
...   139 G-C ...
   20.4260  -54.3093   74.5419
    0.5847   -0.7389   -0.3347
   -0.7593   -0.3533   -0.5465
    0.2856    0.5737   -0.7676
...   140 C-G ...
   21.4270  -51.8266   72.7875
    0.1304   -0.7144   -0.6875
   -0.8897    0.2216   -0.3991
    0.4375    0.6637   -0.6067
...   141 G-C ...
   22.1522  -50.1494   67.4639
   -0.4682   -0.8748    0.1248
   -0.8494    0.4066   -0.3364
    0.2435   -0.2635   -0.9334
...   142 C-G ...
   22.3489  -51.2413   64.4933
   -0.8528   -0.5119   -0.1032
   -0.4975    0.8565   -0.1374
    0.1587   -0.0659   -0.9851
...   143 T-A ...
   24.0167  -51.6378   61.9248
   -0.9562    0.0401   -0.2898
    0.0524    0.9980   -0.0348
    0.2878   -0.0485   -0.9564
...   144 C-G ...
   24.8959  -52.7395   58.9873
   -0.7529    0.5560   -0.3520
    0.5214    0.8304    0.1965
    0.4016   -0.0356   -0.9151
...   145 A-T ...
   25.5276  -52.9803   55.8053
   -0.2442    0.9563   -0.1610
    0.8906    0.2869    0.3528
    0.3836   -0.0573   -0.9217
...   146 C-G ...
   25.2779  -52.5122   52.0796
    0.3204    0.9427   -0.0929
    0.8825   -0.2614    0.3909
    0.3443   -0.2072   -0.9157
...   147 A-T ...
   25.6239  -52.5940   48.6395
    0.8597    0.5097    0.0339
    0.4496   -0.7865    0.4233
    0.2424   -0.3487   -0.9053
