  147 base-pairs
...     1 T-A ...
    0.0000    0.0000    0.0000
    1.0000    0.0000    0.0000
    0.0000    1.0000    0.0000
    0.0000    0.0000    1.0000
...     2 G-C ...
   -0.5555   -1.1003    3.3981
    0.7749    0.6051    0.1828
   -0.5991    0.7953   -0.0929
   -0.2016   -0.0375    0.9787
...     3 T-A ...
   -0.6619   -3.0237    6.5348
    0.3046    0.9250    0.2271
   -0.8994    0.3578   -0.2510
   -0.3134   -0.1278    0.9410
...     4 G-C ...
   -1.1607   -3.8418    9.6940
   -0.3351    0.9421    0.0133
   -0.8752   -0.3061   -0.3746
   -0.3489   -0.1372    0.9271
...     5 A-T ...
   -1.3881   -3.6770   12.8999
   -0.7835    0.6162   -0.0801
   -0.5677   -0.7622   -0.3109
   -0.2527   -0.1981    0.9470
...     6 G-C ...
   -2.6236   -3.5448   15.7072
   -0.9923    0.0611   -0.1075
   -0.0294   -0.9610   -0.2748
   -0.1201   -0.2695    0.9555
...     7 C-G ...
   -2.3138   -3.7570   18.8866
   -0.8620   -0.4995   -0.0864
    0.5008   -0.8655    0.0073
   -0.0785   -0.0370    0.9962
...     8 G-C ...
   -3.9561   -6.8109   23.3205
   -0.2581   -0.3560   -0.8981
    0.6294   -0.7673    0.1233
   -0.7330   -0.5335    0.4221
...     9 C-G ...
   -6.1177   -8.9414   24.2385
    0.1143   -0.7320   -0.6716
    0.8123   -0.3203    0.4874
   -0.5720   -0.6013    0.5580
...    10 T-A ...
   -8.5041   -9.6771   26.0540
    0.4660   -0.8587   -0.2131
    0.6274    0.1508    0.7640
   -0.6239   -0.4897    0.6090
...    11 C-G ...
  -11.0625  -11.3174   27.2336
    0.6660   -0.6911    0.2808
    0.3382    0.6152    0.7121
   -0.6649   -0.3794    0.6435
...    12 A-T ...
  -13.0013  -13.1789   29.0658
    0.7188   -0.1490    0.6790
   -0.1787    0.9043    0.3876
   -0.6718   -0.4000    0.6235
...    13 C-G ...
  -14.1788  -15.9359   31.3399
    0.4052    0.2865    0.8682
   -0.5270    0.8492   -0.0343
   -0.7470   -0.4437    0.4951
...    14 A-T ...
  -15.9532  -18.1566   33.3080
   -0.1503    0.6873    0.7107
   -0.6106    0.5008   -0.6135
   -0.7776   -0.5261    0.3444
...    15 A-T ...
  -18.3864  -19.8479   34.6260
   -0.4583    0.8638    0.2093
   -0.4161   -0.0004   -0.9093
   -0.7854   -0.5039    0.3596
...    16 T-A ...
  -20.7558  -21.2657   36.4166
   -0.5968    0.7452   -0.2976
   -0.1263   -0.4535   -0.8823
   -0.7924   -0.4889    0.3647
...    17 T-A ...
  -23.3555  -22.6631   37.7855
   -0.5599    0.3325   -0.7590
    0.2399   -0.8117   -0.5325
   -0.7931   -0.4802    0.3747
...    18 T-A ...
  -26.0354  -23.9710   39.1051
   -0.3275   -0.2266   -0.9173
    0.5210   -0.8532    0.0248
   -0.7882   -0.4698    0.3975
...    19 A-T ...
  -28.3774  -25.8959   40.7017
    0.0665   -0.7619   -0.6442
    0.6127   -0.4784    0.6290
   -0.7875   -0.4366    0.4351
...    20 T-A ...
  -31.3443  -27.0883   41.6024
    0.3620   -0.9093   -0.2053
    0.4906   -0.0014    0.8714
   -0.7927   -0.4161    0.4456
...    21 T-A ...
  -34.0632  -28.4228   42.8191
    0.5591   -0.7421    0.3698
    0.1904    0.5490    0.8138
   -0.8070   -0.3846    0.4482
...    22 C-G ...
  -36.7504  -29.7215   44.2496
    0.5772   -0.2414    0.7801
   -0.1859    0.8914    0.4134
   -0.7952   -0.3836    0.4696
...    23 G-C ...
  -39.5531  -30.5746   45.9708
    0.4461    0.3629    0.8181
   -0.4944    0.8619   -0.1128
   -0.7460   -0.3541    0.5639
...    24 C-G ...
  -41.7406  -32.0170   48.0311
    0.1302    0.8014    0.5837
   -0.6647    0.5074   -0.5484
   -0.7357   -0.3166    0.5988
...    25 A-T ...
  -44.3720  -32.8832   49.9365
   -0.2085    0.9744    0.0844
   -0.6377   -0.0700   -0.7671
   -0.7415   -0.2137    0.6360
...    26 A-T ...
  -46.6668  -33.4370   52.1703
   -0.5369    0.7504   -0.3854
   -0.4003   -0.6288   -0.6667
   -0.7426   -0.2037    0.6380
...    27 A-T ...
  -49.0444  -33.8601   54.3513
   -0.6717    0.2374   -0.7018
   -0.0137   -0.9511   -0.3086
   -0.7407   -0.1977    0.6421
...    28 G-C ...
  -51.6245  -34.1865   56.4567
   -0.5279   -0.3157   -0.7885
    0.3439   -0.9283    0.1414
   -0.7766   -0.1966    0.5986
...    29 G-C ...
  -54.4600  -34.6627   58.2749
   -0.1863   -0.7707   -0.6093
    0.5620   -0.5923    0.5774
   -0.8059   -0.2349    0.5435
...    30 C-G ...
  -57.3959  -35.3203   59.7507
    0.1919   -0.9621   -0.1939
    0.5611   -0.0545    0.8259
   -0.8052   -0.2673    0.5294
...    31 C-G ...
  -60.2245  -36.3514   61.3140
    0.5335   -0.8017    0.2696
    0.3398    0.4951    0.7997
   -0.7746   -0.3350    0.5365
...    32 G-C ...
  -62.6953  -37.2219   63.4732
    0.7055   -0.3271    0.6287
   -0.0499    0.8620    0.5045
   -0.7069   -0.3873    0.5918
...    33 G-C ...
  -64.9580  -38.7504   65.4671
    0.6095    0.2483    0.7529
   -0.4514    0.8894    0.0721
   -0.6517   -0.3838    0.6542
...    34 C-G ...
  -66.8089  -40.3138   67.7602
    0.2783    0.7218    0.6337
   -0.7244    0.5910   -0.3550
   -0.6308   -0.3603    0.6873
...    35 C-G ...
  -68.7057  -41.4469   70.3255
   -0.1295    0.9548    0.2677
   -0.7741    0.0714   -0.6290
   -0.6197   -0.2887    0.7298
...    36 C-G ...
  -70.6584  -42.1568   73.0067
   -0.4962    0.8474   -0.1890
   -0.5854   -0.4873   -0.6479
   -0.6411   -0.2109    0.7379
...    37 G-C ...
  -73.0986  -42.9909   75.2083
   -0.6794    0.4230   -0.5995
   -0.2109   -0.8952   -0.3927
   -0.7028   -0.1404    0.6974
...    38 A-T ...
  -75.4376  -43.3435   77.5164
   -0.6500   -0.2047   -0.7318
    0.2408   -0.9689    0.0571
   -0.7208   -0.1391    0.6791
...    39 C-G ...
  -78.0766  -43.2347   79.5616
   -0.3971   -0.6939   -0.6007
    0.5490   -0.7041    0.4504
   -0.7354   -0.1510    0.6606
...    40 A-T ...
  -80.4135  -43.8888   81.8858
    0.0736   -0.9581   -0.2770
    0.6600   -0.1614    0.7337
   -0.7477   -0.2368    0.6204
...    41 C-G ...
  -83.2483  -44.7341   83.4099
    0.4422   -0.8852    0.1444
    0.5074    0.3796    0.7736
   -0.7396   -0.2688    0.6170
...    42 G-C ...
  -85.4985  -45.5215   85.8235
    0.7320   -0.4687    0.4945
    0.1327    0.8100    0.5712
   -0.6683   -0.3525    0.6551
...    43 A-T ...
  -87.6453  -46.7712   87.9918
    0.6832    0.1296    0.7186
   -0.3493    0.9223    0.1657
   -0.6413   -0.3642    0.6754
...    44 C-G ...
  -89.3676  -48.4862   90.2708
    0.3987    0.6173    0.6782
   -0.6753    0.6980   -0.2384
   -0.6205   -0.3629    0.6951
...    45 T-A ...
  -91.1507  -49.7251   92.8084
   -0.0155    0.9156    0.4019
   -0.8018    0.2288   -0.5521
   -0.5975   -0.3307    0.7305
...    46 T-A ...
  -92.8782  -50.8169   95.3510
   -0.5066    0.8620    0.0155
   -0.6321   -0.3592   -0.6866
   -0.5863   -0.3577    0.7268
...    47 A-T ...
  -95.0468  -52.3848   97.4790
   -0.8187    0.3932   -0.4185
   -0.1275   -0.8350   -0.5352
   -0.5599   -0.3848    0.7338
...    48 C-G ...
  -96.9698  -53.0611  100.1391
   -0.7467   -0.1194   -0.6543
    0.3396   -0.9143   -0.2206
   -0.5719   -0.3869    0.7233
...    49 T-A ...
  -99.0998  -54.1134  102.4950
   -0.4029   -0.5809   -0.7072
    0.6913   -0.6996    0.1808
   -0.5998   -0.4161    0.6835
...    50 G-C ...
 -100.9847  -55.7135  104.7692
    0.1424   -0.8315   -0.5370
    0.7872   -0.2338    0.5707
   -0.6001   -0.5040    0.6212
...    51 T-A ...
 -103.3721  -57.3924  106.3401
    0.5697   -0.8027   -0.1762
    0.5868    0.2473    0.7711
   -0.5754   -0.5427    0.6119
...    52 A-T ...
 -105.1601  -59.2222  108.5196
    0.8550   -0.4379    0.2778
    0.1022    0.6674    0.7376
   -0.5084   -0.6023    0.6154
...    53 G-C ...
 -106.7026  -61.4754  110.4171
    0.8076    0.0427    0.5882
   -0.3952    0.7795    0.4860
   -0.4377   -0.6250    0.6464
...    54 G-C ...
 -107.7861  -63.7244  112.7007
    0.4760    0.5213    0.7084
   -0.8016    0.5884    0.1056
   -0.3618   -0.6181    0.6979
...    55 T-A ...
 -108.3649  -65.9488  115.1209
   -0.0337    0.7658    0.6422
   -0.9379    0.1978   -0.2851
   -0.3454   -0.6119    0.7116
...    56 A-T ...
 -110.0827  -68.1132  117.1843
   -0.6843    0.6512    0.3281
   -0.6622   -0.3665   -0.6536
   -0.3053   -0.6645    0.6820
...    57 T-A ...
 -110.7358  -69.9233  119.8999
   -0.9402    0.3376   -0.0462
   -0.1972   -0.6494   -0.7344
   -0.2779   -0.6814    0.6771
...    58 C-G ...
 -111.6350  -72.1164  122.2233
   -0.8614   -0.1312   -0.4907
    0.4273   -0.7095   -0.5604
   -0.2746   -0.6924    0.6673
...    59 T-A ...
 -112.7877  -74.2549  124.5269
   -0.4677   -0.4654   -0.7514
    0.8344   -0.5130   -0.2017
   -0.2916   -0.7213    0.6283
...    60 C-G ...
 -113.7961  -76.5776  126.6457
    0.1442   -0.6451   -0.7503
    0.9517   -0.1171    0.2837
   -0.2709   -0.7550    0.5971
...    61 G-C ...
 -114.3656  -79.1396  128.7854
    0.6915   -0.4744   -0.5448
    0.7013    0.2599    0.6639
   -0.1734   -0.8411    0.5124
...    62 A-T ...
 -114.8953  -81.9481  130.3784
    0.9824   -0.1685   -0.0809
    0.1527    0.4735    0.8675
   -0.1079   -0.8645    0.4908
...    63 G-C ...
 -115.0601  -84.9618  131.7499
    0.9149    0.1916    0.3553
   -0.4035    0.4564    0.7930
   -0.0102   -0.8689    0.4949
...    64 C-G ...
 -114.5758  -87.9245  133.1844
    0.5335    0.4527    0.7144
   -0.8441    0.2311    0.4839
    0.0540   -0.8612    0.5054
...    65 T-A ...
 -113.9880  -90.7115  134.9155
   -0.0245    0.5370    0.8432
   -0.9937   -0.1055    0.0383
    0.1095   -0.8369    0.5362
...    66 C-G ...
 -113.5454  -93.3682  136.8447
   -0.6291    0.3471    0.6956
   -0.7653   -0.4335   -0.4759
    0.1363   -0.8317    0.5383
...    67 G-C ...
 -113.4471  -96.3778  138.3990
   -0.9661    0.0460    0.2541
   -0.2339   -0.5733   -0.7853
    0.1095   -0.8181    0.5646
...    68 G-C ...
 -113.0177  -99.0225  140.5001
   -0.9286   -0.2565   -0.2681
    0.3635   -0.4846   -0.7957
    0.0742   -0.8363    0.5432
...    69 G-C ...
 -112.7617 -101.7212  142.5598
   -0.5614   -0.4271   -0.7088
    0.8255   -0.2286   -0.5161
    0.0584   -0.8748    0.4809
...    70 A-T ...
 -112.5643 -104.5251  144.2679
    0.0423   -0.4349   -0.8995
    0.9954    0.0962    0.0003
    0.0864   -0.8953    0.4370
...    71 T-A ...
 -112.8903 -107.5408  145.5022
    0.5409   -0.2940   -0.7880
    0.8339    0.3097    0.4568
    0.1098   -0.9042    0.4127
...    72 C-G ...
 -112.5016 -110.5349  146.7557
    0.9167    0.0199   -0.3990
    0.3569    0.4079    0.8404
    0.1795   -0.9128    0.3669
...    73 C-G ...
 -111.6388 -113.6693  147.6246
    0.9330    0.3494    0.0862
   -0.1914    0.2790    0.9410
    0.3047   -0.8945    0.3272
...    74 G-C ...
 -110.3031 -116.4111  149.1120
    0.6129    0.5516    0.5658
   -0.6489   -0.0574    0.7587
    0.4510   -0.8321    0.3227
...    75 C-G ...
 -108.2951 -118.8929  150.1153
    0.1272    0.4456    0.8862
   -0.8554   -0.4029    0.3254
    0.5020   -0.7994    0.3299
...    76 T-A ...
 -106.3199 -121.3042  151.3381
   -0.3813    0.1538    0.9116
   -0.7539   -0.6224   -0.2103
    0.5350   -0.7674    0.3533
...    77 T-A ...
 -104.3057 -123.5849  152.5571
   -0.7166   -0.3168    0.6213
   -0.3740   -0.5774   -0.7258
    0.5887   -0.7525    0.2953
...    78 T-A ...
 -102.2151 -125.8205  153.7343
   -0.7494   -0.6581    0.0721
    0.1200   -0.2420   -0.9628
    0.6511   -0.7129    0.2603
...    79 A-T ...
  -99.5436 -128.0168  153.9639
   -0.4094   -0.6928   -0.5936
    0.5597    0.3232   -0.7631
    0.7206   -0.6446    0.2555
...    80 A-T ...
  -97.3140 -130.1737  154.9489
    0.0053   -0.3654   -0.9308
    0.6711    0.6914   -0.2676
    0.7413   -0.6233    0.2489
...    81 C-G ...
  -95.2862 -132.6481  155.7688
    0.3269    0.1014   -0.9396
    0.5571    0.7824    0.2783
    0.7634   -0.6144    0.1993
...    82 A-T ...
  -92.5683 -134.5333  156.4417
    0.4718    0.6230   -0.6239
    0.2880    0.5599    0.7769
    0.8333   -0.5462    0.0848
...    83 C-G ...
  -89.9230 -136.4489  156.0786
    0.4991    0.8590   -0.1145
    0.0149    0.1236    0.9922
    0.8664   -0.4969    0.0489
...    84 T-A ...
  -86.9071 -137.8343  155.9224
    0.3532    0.8228    0.4453
   -0.2049   -0.3964    0.8949
    0.9128   -0.4073    0.0286
...    85 T-A ...
  -83.8536 -138.9491  155.8529
    0.1712    0.4251    0.8888
   -0.3506   -0.8168    0.4582
    0.9208   -0.3900    0.0093
...    86 T-A ...
  -80.7393 -139.9306  155.8003
   -0.0288   -0.1693    0.9851
   -0.3726   -0.9127   -0.1678
    0.9276   -0.3719   -0.0368
...    87 A-T ...
  -77.8290 -141.7254  155.1018
   -0.1632   -0.8038    0.5721
   -0.2763   -0.5194   -0.8086
    0.9471   -0.2901   -0.1373
...    88 T-A ...
  -74.5613 -142.3922  155.2739
   -0.2429   -0.9690    0.0454
   -0.1625   -0.0055   -0.9867
    0.9563   -0.2470   -0.1561
...    89 G-C ...
  -71.4083 -143.0610  154.3705
   -0.3366   -0.7594   -0.5568
    0.0047    0.5899   -0.8075
    0.9416   -0.2744   -0.1950
...    90 C-G ...
  -68.2659 -144.1719  154.0526
   -0.3187   -0.2812   -0.9052
    0.1674    0.9233   -0.3458
    0.9330   -0.2617   -0.2472
...    91 T-A ...
  -65.2620 -145.2774  153.1552
   -0.2554    0.2876   -0.9231
    0.3079    0.9292    0.2043
    0.9165   -0.2321   -0.3259
...    92 C-G ...
  -62.2838 -146.0404  152.0234
   -0.0913    0.7984   -0.5952
    0.4043    0.5759    0.7105
    0.9100   -0.1758   -0.3754
...    93 A-T ...
  -59.1827 -146.3830  150.7594
    0.0217    0.9994   -0.0259
    0.4311    0.0140    0.9022
    0.9021   -0.0308   -0.4305
...    94 T-A ...
  -56.5631 -146.2298  148.8001
    0.2135    0.8669    0.4505
    0.3768   -0.4985    0.7807
    0.9014    0.0031   -0.4331
...    95 G-C ...
  -53.3940 -146.0414  147.6926
    0.3091    0.4039    0.8610
    0.2434   -0.9088    0.3389
    0.9193    0.1048   -0.3792
...    96 T-A ...
  -50.4483 -145.0165  146.4870
    0.3822   -0.1573    0.9106
    0.0588   -0.9793   -0.1938
    0.9222    0.1277   -0.3651
...    97 T-A ...
  -47.4610 -144.2743  145.3840
    0.3921   -0.7046    0.5915
   -0.1835   -0.6900   -0.7002
    0.9015    0.1660   -0.3998
...    98 A-T ...
  -44.7163 -143.8023  143.3210
    0.2460   -0.9645   -0.0964
   -0.4381   -0.0219   -0.8986
    0.8646    0.2633   -0.4279
...    99 T-A ...
  -41.5806 -143.0337  142.5242
    0.0014   -0.8227   -0.5684
   -0.5164    0.4862   -0.7050
    0.8564    0.2945   -0.4241
...   100 A-T ...
  -38.9797 -141.4726  140.9320
   -0.3228   -0.2862   -0.9021
   -0.4191    0.8979   -0.1349
    0.8486    0.3345   -0.4098
...   101 A-T ...
  -36.1662 -140.5676  139.5836
   -0.5152    0.2930   -0.8054
   -0.1624    0.8894    0.4274
    0.8415    0.3510   -0.4106
...   102 C-G ...
  -33.4545 -139.8709  137.8302
   -0.5616    0.7075   -0.4290
    0.1448    0.5946    0.7909
    0.8146    0.3821   -0.4364
...   103 G-C ...
  -30.7448 -138.2369  136.6132
   -0.4886    0.8576    0.1608
    0.4717    0.1046    0.8756
    0.7340    0.5036   -0.4556
...   104 G-C ...
  -28.5945 -136.2330  134.9264
   -0.2134    0.7161    0.6646
    0.6964   -0.3656    0.6176
    0.6852    0.5946   -0.4206
...   105 A-T ...
  -26.4340 -134.1061  133.6190
    0.2286    0.3286    0.9164
    0.7053   -0.7047    0.0768
    0.6710    0.6288   -0.3929
...   106 T-A ...
  -24.6959 -131.5320  132.4790
    0.5680   -0.0832    0.8188
    0.4879   -0.7672   -0.4165
    0.6628    0.6360   -0.3952
...   107 T-A ...
  -22.6677 -129.2367  131.3514
    0.7688   -0.5014    0.3970
    0.0549   -0.5668   -0.8220
    0.6372    0.6537   -0.4082
...   108 C-G ...
  -20.5152 -127.0450  130.1080
    0.6392   -0.7451   -0.1902
   -0.4253   -0.1365   -0.8947
    0.6407    0.6528   -0.4042
...   109 C-G ...
  -18.1781 -124.8783  128.9337
    0.2448   -0.7273   -0.6412
   -0.7076    0.3181   -0.6310
    0.6629    0.6082   -0.4367
...   110 G-C ...
  -16.3236 -122.5787  127.2632
   -0.2748   -0.4576   -0.8456
   -0.7170    0.6835   -0.1369
    0.6406    0.5687   -0.5160
...   111 G-C ...
  -14.0383 -120.8202  125.4981
   -0.6829   -0.0411   -0.7294
   -0.4368    0.8233    0.3626
    0.5856    0.5662   -0.5802
...   112 C-G ...
  -12.0447 -119.2831  123.3215
   -0.8406    0.3947   -0.3710
    0.0210    0.7082    0.7057
    0.5413    0.5854   -0.6036
...   113 T-A ...
  -10.4775 -117.4189  121.0568
   -0.7319    0.6713    0.1171
    0.4869    0.3950    0.7790
    0.4767    0.6272   -0.6159
...   114 C-G ...
   -9.0590 -115.2706  119.0113
   -0.3135    0.7471    0.5861
    0.8378   -0.0729    0.5411
    0.4470    0.6607   -0.6031
...   115 G-C ...
   -7.3021 -112.9297  117.3095
    0.1769    0.4942    0.8512
    0.8896   -0.4503    0.0766
    0.4211    0.7437   -0.5193
...   116 T-A ...
   -6.4192 -110.0920  115.7934
    0.6186    0.1540    0.7705
    0.6583   -0.6368   -0.4013
    0.4289    0.7555   -0.4953
...   117 A-T ...
   -4.8291 -107.7589  113.9166
    0.8982   -0.2897    0.3306
    0.1092   -0.5814   -0.8062
    0.4258    0.7603   -0.4906
...   118 T-A ...
   -3.3838 -104.9493  112.9230
    0.8277   -0.5424   -0.1440
   -0.3762   -0.3460   -0.8595
    0.4164    0.7656   -0.4904
...   119 A-T ...
   -2.3111 -102.3892  110.9565
    0.3889   -0.6291   -0.6731
   -0.8266    0.0844   -0.5564
    0.4069    0.7727   -0.4872
...   120 A-T ...
   -0.7721  -99.9315  109.4753
   -0.1679   -0.4484   -0.8779
   -0.9000    0.4330   -0.0490
    0.4021    0.7819   -0.4763
...   121 T-A ...
    1.0841  -97.7606  107.8195
   -0.6109   -0.1566   -0.7761
   -0.6825    0.6010    0.4159
    0.4013    0.7837   -0.4741
...   122 G-C ...
    2.1283  -94.9566  106.2985
   -0.9282    0.1611   -0.3355
   -0.1785    0.5982    0.7812
    0.3266    0.7850   -0.5265
...   123 T-A ...
    3.0606  -92.6952  104.0415
   -0.8867    0.4358    0.1544
    0.3522    0.4204    0.8362
    0.2995    0.7958   -0.5263
...   124 G-C ...
    4.0262  -89.8412  102.5619
   -0.5302    0.5290    0.6626
    0.8162    0.1069    0.5677
    0.2295    0.8419   -0.4885
...   125 T-A ...
    4.1546  -87.0102  100.8009
   -0.0112    0.4805    0.8769
    0.9744   -0.1918    0.1175
    0.2247    0.8557   -0.4661
...   126 C-G ...
    4.8115  -84.1199   99.3464
    0.5745    0.2440    0.7813
    0.7846   -0.4358   -0.4409
    0.2329    0.8663   -0.4419
...   127 G-C ...
    5.9167  -81.3631   97.7216
    0.8935   -0.1420    0.4259
    0.3166   -0.4732   -0.8221
    0.3183    0.8694   -0.3779
...   128 A-T ...
    6.9649  -78.4563   96.5692
    0.8928   -0.4268   -0.1439
   -0.2845   -0.2869   -0.9147
    0.3491    0.8577   -0.3776
...   129 C-G ...
    8.4452  -75.5580   95.8763
    0.5879   -0.5405   -0.6019
   -0.7165   -0.0026   -0.6975
    0.3755    0.8414   -0.3888
...   130 C-G ...
   10.0084  -72.8354   94.6111
    0.0528   -0.5188   -0.8533
   -0.9120    0.3231   -0.2528
    0.4068    0.7915   -0.4561
...   131 A-T ...
   11.1179  -70.1112   92.9923
   -0.5312   -0.2993   -0.7926
   -0.7540    0.5936    0.2812
    0.3863    0.7470   -0.5410
...   132 A-T ...
   12.4914  -67.8516   91.0981
   -0.8701    0.1124   -0.4800
   -0.2960    0.6595    0.6910
    0.3942    0.7433   -0.5405
...   133 A-T ...
   13.7591  -65.5872   89.1305
   -0.8700    0.4929    0.0105
    0.2748    0.4671    0.8404
    0.4093    0.7340   -0.5419
...   134 T-A ...
   14.7384  -63.4258   86.8199
   -0.5923    0.6747    0.4404
    0.6886    0.1401    0.7115
    0.4183    0.7247   -0.5475
...   135 G-C ...
   15.7317  -61.4928   83.9330
    0.0341    0.7400    0.6717
    0.8636   -0.3601    0.3528
    0.5030    0.5681   -0.6514
...   136 T-A ...
   15.7848  -59.5604   80.7992
    0.5517    0.4998    0.6677
    0.6739   -0.7388   -0.0038
    0.4915    0.4520   -0.7444
...   137 G-C ...
   16.8385  -57.7218   78.2675
    0.8528   -0.0848    0.5153
    0.1507   -0.9048   -0.3983
    0.5000    0.4173   -0.7588
...   138 A-T ...
   18.4282  -55.5286   76.5298
    0.8547   -0.5006    0.1371
   -0.3188   -0.7148   -0.6224
    0.4096    0.4883   -0.7706
...   139 G-C ...
   20.4259  -54.3093   74.5419
    0.5847   -0.7389   -0.3347
   -0.7593   -0.3533   -0.5465
    0.2856    0.5737   -0.7676
...   140 C-G ...
   21.4270  -51.8266   72.7875
    0.1304   -0.7144   -0.6875
   -0.8897    0.2216   -0.3991
    0.4375    0.6637   -0.6067
...   141 G-C ...
   22.1521  -50.1494   67.4639
   -0.4682   -0.8748    0.1248
   -0.8494    0.4066   -0.3364
    0.2435   -0.2635   -0.9334
...   142 C-G ...
   22.3489  -51.2413   64.4932
   -0.8528   -0.5119   -0.1032
   -0.4975    0.8565   -0.1374
    0.1587   -0.0659   -0.9851
...   143 T-A ...
   24.0166  -51.6378   61.9247
   -0.9562    0.0401   -0.2898
    0.0524    0.9980   -0.0348
    0.2878   -0.0485   -0.9564
...   144 C-G ...
   24.8958  -52.7395   58.9872
   -0.7529    0.5560   -0.3520
    0.5214    0.8304    0.1965
    0.4016   -0.0356   -0.9151
...   145 A-T ...
   25.5276  -52.9803   55.8052
   -0.2442    0.9563   -0.1610
    0.8906    0.2869    0.3528
    0.3836   -0.0573   -0.9217
...   146 C-G ...
   25.2778  -52.5122   52.0795
    0.3204    0.9427   -0.0929
    0.8825   -0.2614    0.3909
    0.3443   -0.2072   -0.9157
...   147 A-T ...
   25.6239  -52.5940   48.6395
    0.8597    0.5097    0.0339
    0.4496   -0.7865    0.4233
    0.2424   -0.3487   -0.9053
