  147 base-pairs
...     1 T-A ...
    0.0000    0.0000    0.0000
    1.0000    0.0000    0.0000
    0.0000    1.0000    0.0000
    0.0000    0.0000    1.0000
...     2 G-C ...
   -0.5555   -1.1003    3.3981
    0.7749    0.6051    0.1828
   -0.5991    0.7953   -0.0929
   -0.2016   -0.0375    0.9787
...     3 T-A ...
   -0.6619   -3.0237    6.5348
    0.3046    0.9250    0.2271
   -0.8994    0.3578   -0.2510
   -0.3134   -0.1278    0.9410
...     4 G-C ...
   -1.1607   -3.8418    9.6940
   -0.3351    0.9421    0.0133
   -0.8752   -0.3061   -0.3746
   -0.3489   -0.1372    0.9271
...     5 A-T ...
   -1.3881   -3.6770   12.8999
   -0.7835    0.6162   -0.0801
   -0.5677   -0.7622   -0.3109
   -0.2527   -0.1981    0.9470
...     6 G-C ...
   -2.6236   -3.5448   15.7072
   -0.9923    0.0611   -0.1075
   -0.0294   -0.9610   -0.2748
   -0.1201   -0.2695    0.9555
...     7 C-G ...
   -2.3138   -3.7570   18.8866
   -0.8620   -0.4995   -0.0864
    0.5008   -0.8655    0.0073
   -0.0785   -0.0370    0.9962
...     8 G-C ...
   -3.9561   -6.8109   23.3205
   -0.2581   -0.3560   -0.8981
    0.6294   -0.7673    0.1233
   -0.7330   -0.5335    0.4221
...     9 C-G ...
   -6.1177   -8.9414   24.2385
    0.1143   -0.7320   -0.6716
    0.8123   -0.3203    0.4874
   -0.5720   -0.6013    0.5580
...    10 T-A ...
   -8.5041   -9.6771   26.0540
    0.4660   -0.8587   -0.2131
    0.6274    0.1508    0.7640
   -0.6239   -0.4897    0.6090
...    11 C-G ...
  -11.0625  -11.3174   27.2336
    0.6660   -0.6911    0.2808
    0.3382    0.6152    0.7121
   -0.6649   -0.3794    0.6435
...    12 A-T ...
  -13.0013  -13.1789   29.0658
    0.7188   -0.1490    0.6790
   -0.1787    0.9043    0.3876
   -0.6718   -0.4000    0.6235
...    13 C-G ...
  -14.1788  -15.9359   31.3399
    0.4052    0.2865    0.8682
   -0.5270    0.8492   -0.0343
   -0.7470   -0.4437    0.4951
...    14 A-T ...
  -15.9532  -18.1566   33.3080
   -0.1503    0.6873    0.7107
   -0.6106    0.5008   -0.6135
   -0.7776   -0.5261    0.3444
...    15 A-T ...
  -18.3956  -19.8383   34.6197
   -0.4546    0.8664    0.2066
   -0.4156   -0.0012   -0.9095
   -0.7878   -0.4994    0.3607
...    16 T-A ...
  -20.7772  -21.2315   36.4095
   -0.5902    0.7486   -0.3019
   -0.1283   -0.4563   -0.8805
   -0.7970   -0.4810    0.3654
...    17 T-A ...
  -23.3985  -22.5976   37.7679
   -0.5520    0.3352   -0.7635
    0.2326   -0.8174   -0.5270
   -0.8007   -0.4685    0.3732
...    18 T-A ...
  -26.1049  -23.8655   39.0736
   -0.3240   -0.2284   -0.9181
    0.5087   -0.8603    0.0345
   -0.7977   -0.4558    0.3948
...    19 A-T ...
  -28.4816  -25.7559   40.6769
    0.0592   -0.7729   -0.6318
    0.5996   -0.4785    0.6415
   -0.7981   -0.4168    0.4351
...    20 T-A ...
  -31.4807  -26.8800   41.5725
    0.3468   -0.9196   -0.1844
    0.4823    0.0063    0.8760
   -0.8044   -0.3927    0.4457
...    21 T-A ...
  -34.2447  -28.1316   42.7845
    0.5368   -0.7452    0.3956
    0.1918    0.5644    0.8029
   -0.8216   -0.3551    0.4459
...    22 C-G ...
  -36.9928  -29.3239   44.2040
    0.5565   -0.2332    0.7974
   -0.1709    0.9071    0.3846
   -0.8131   -0.3504    0.4650
...    23 G-C ...
  -39.8715  -30.0382   45.8749
    0.4357    0.3772    0.8173
   -0.4674    0.8708   -0.1527
   -0.7692   -0.3154    0.5557
...    24 C-G ...
  -42.1603  -31.3580   47.9123
    0.1365    0.8171    0.5601
   -0.6343    0.5064   -0.5842
   -0.7609   -0.2755    0.5874
...    25 A-T ...
  -44.8774  -32.0884   49.7596
   -0.1824    0.9823    0.0429
   -0.6152   -0.0799   -0.7843
   -0.7670   -0.1694    0.6189
...    26 A-T ...
  -47.2625  -32.4934   51.9295
   -0.4995    0.7511   -0.4316
   -0.3974   -0.6414   -0.6562
   -0.7698   -0.1562    0.6189
...    27 A-T ...
  -49.7306  -32.7600   54.0326
   -0.6364    0.2313   -0.7358
   -0.0348   -0.9616   -0.2721
   -0.7705   -0.1475    0.6201
...    28 G-C ...
  -52.4045  -32.9148   56.0417
   -0.5063   -0.3300   -0.7967
    0.3050   -0.9327    0.1925
   -0.8066   -0.1455    0.5729
...    29 G-C ...
  -55.3382  -33.2238   57.7420
   -0.1876   -0.7893   -0.5847
    0.5144   -0.5860    0.6260
   -0.8368   -0.1834    0.5159
...    30 C-G ...
  -58.3624  -33.7230   59.1052
    0.1648   -0.9760   -0.1426
    0.5201   -0.0369    0.8533
   -0.8381   -0.2148    0.5015
...    31 C-G ...
  -61.2945  -34.5893   60.5808
    0.4886   -0.8062    0.3337
    0.3177    0.5205    0.7926
   -0.8126   -0.2812    0.5104
...    32 G-C ...
  -63.9063  -35.2544   62.6550
    0.6556   -0.3192    0.6843
   -0.0452    0.8880    0.4576
   -0.7538   -0.3309    0.5677
...    33 G-C ...
  -66.3499  -36.5837   64.5814
    0.5707    0.2670    0.7766
   -0.4207    0.9072   -0.0027
   -0.7052   -0.3252    0.6300
...    34 C-G ...
  -68.4106  -37.9569   66.8235
    0.2623    0.7457    0.6125
   -0.6770    0.5945   -0.4338
   -0.6877   -0.3008    0.6608
...    35 C-G ...
  -70.5244  -38.8925   69.3005
   -0.1140    0.9717    0.2068
   -0.7253    0.0609   -0.6858
   -0.6790   -0.2281    0.6978
...    36 C-G ...
  -72.6863  -39.4039   71.8671
   -0.4518    0.8501   -0.2705
   -0.5528   -0.5047   -0.6630
   -0.7002   -0.1500    0.6980
...    37 G-C ...
  -75.3069  -40.0464   73.9283
   -0.6165    0.4087   -0.6730
   -0.2096   -0.9091   -0.3601
   -0.7590   -0.0809    0.6461
...    38 A-T ...
  -77.8303  -40.2041   76.0581
   -0.5955   -0.2262   -0.7709
    0.2033   -0.9707    0.1278
   -0.7772   -0.0806    0.6240
...    39 C-G ...
  -80.6214  -39.9053   77.8685
   -0.3681   -0.7148   -0.5946
    0.4868   -0.6930    0.5317
   -0.7922   -0.0938    0.6030
...    40 A-T ...
  -83.1727  -40.3693   80.0116
    0.0674   -0.9734   -0.2192
    0.5890   -0.1385    0.7962
   -0.8053   -0.1827    0.5640
...    41 C-G ...
  -86.1563  -41.0565   81.3208
    0.4009   -0.8868    0.2300
    0.4481    0.4088    0.7950
   -0.7990   -0.2156    0.5613
...    42 G-C ...
  -88.6299  -41.6603   83.5710
    0.6684   -0.4572    0.5867
    0.1011    0.8373    0.5374
   -0.7369   -0.2999    0.6058
...    43 A-T ...
  -91.0085  -42.7385   85.5915
    0.6114    0.1556    0.7758
   -0.3396    0.9372    0.0796
   -0.7147   -0.3122    0.6259
...    44 C-G ...
  -92.9994  -44.2883   87.7775
    0.3407    0.6470    0.6821
   -0.6300    0.6956   -0.3452
   -0.6979   -0.3122    0.6446
...    45 T-A ...
  -95.0743  -45.3519   90.1755
   -0.0407    0.9364    0.3485
   -0.7324    0.2093   -0.6479
   -0.6796   -0.2816    0.6773
...    46 T-A ...
  -97.0900  -46.2851   92.5678
   -0.4921    0.8663   -0.0859
   -0.5574   -0.3894   -0.7332
   -0.6686   -0.3129    0.6745
...    47 A-T ...
  -99.5055  -47.7401   94.5128
   -0.7630    0.3726   -0.5282
   -0.0733   -0.8618   -0.5020
   -0.6422   -0.3443    0.6849
...    48 C-G ...
 -101.7201  -48.2729   96.9728
   -0.6673   -0.1528   -0.7290
    0.3568   -0.9247   -0.1328
   -0.6538   -0.3487    0.6715
...    49 T-A ...
 -104.1140  -49.2026   99.1210
   -0.3189   -0.6160   -0.7203
    0.6622   -0.6885    0.2956
   -0.6780   -0.3827    0.6276
...    50 G-C ...
 -106.2727  -50.6924  101.2280
    0.2051   -0.8544   -0.4774
    0.7120   -0.2044    0.6717
   -0.6715   -0.4777    0.5665
...    51 T-A ...
 -108.8330  -52.3106  102.5704
    0.5879   -0.8060   -0.0695
    0.4874    0.2843    0.8256
   -0.6457   -0.5192    0.5599
...    52 A-T ...
 -110.8668  -54.0545  104.6062
    0.8148   -0.4173    0.4024
    0.0049    0.6990    0.7151
   -0.5797   -0.5807    0.5716
...    53 G-C ...
 -112.6285  -56.2423  106.3922
    0.7229    0.0765    0.6867
   -0.4617    0.7929    0.3976
   -0.5141   -0.6045    0.6085
...    54 G-C ...
 -113.9837  -58.4033  108.6200
    0.3682    0.5543    0.7464
   -0.8158    0.5777   -0.0266
   -0.4459   -0.5992    0.6649
...    55 T-A ...
 -114.8639  -60.5556  111.0262
   -0.1371    0.7847    0.6046
   -0.8917    0.1681   -0.4203
   -0.4314   -0.5967    0.6766
...    56 A-T ...
 -116.8733  -62.7408  112.8314
   -0.7526    0.6249    0.2076
   -0.5405   -0.4063   -0.7367
   -0.3760   -0.6667    0.6436
...    57 T-A ...
 -117.8478  -64.5417  115.4612
   -0.9374    0.2896   -0.1936
   -0.0530   -0.6680   -0.7423
   -0.3443   -0.6856    0.6415
...    58 C-G ...
 -118.9579  -66.7569  117.6775
   -0.7682   -0.1823   -0.6137
    0.5447   -0.6898   -0.4770
   -0.3364   -0.7007    0.6292
...    59 T-A ...
 -120.3260  -68.9401  119.8199
   -0.3189   -0.4938   -0.8090
    0.8833   -0.4643   -0.0647
   -0.3437   -0.7352    0.5842
...    60 C-G ...
 -121.5084  -71.3090  121.7935
    0.2975   -0.6320   -0.7156
    0.9017   -0.0603    0.4281
   -0.3137   -0.7726    0.5520
...    61 G-C ...
 -122.2505  -73.9274  123.8172
    0.7967   -0.4210   -0.4336
    0.5724    0.2953    0.7649
   -0.1940   -0.8576    0.4763
...    62 A-T ...
 -122.8060  -76.7936  125.2941
    0.9926   -0.0994    0.0699
   -0.0157    0.4651    0.8851
   -0.1205   -0.8797    0.4601
...    63 T-A ...
 -122.9503  -79.9279  126.2207
    0.8476    0.1781    0.4998
   -0.5237    0.4324    0.7340
   -0.0854   -0.8839    0.4598
...    64 C-G ...
 -122.9671  -82.7860  127.8421
    0.3635    0.4283    0.8273
   -0.9312    0.1931    0.3091
   -0.0274   -0.8828    0.4690
...    65 A-T ...
 -123.3131  -85.6057  129.6257
   -0.2697    0.4991    0.8235
   -0.9628   -0.1557   -0.2209
    0.0180   -0.8524    0.5225
...    66 T-A ...
 -122.6293  -88.1885  131.6197
   -0.7396    0.3019    0.6015
   -0.6711   -0.3981   -0.6254
    0.0506   -0.8663    0.4970
...    67 G-C ...
 -122.7086  -91.2418  132.9802
   -0.9969   -0.0019    0.0790
   -0.0672   -0.5071   -0.8593
    0.0417   -0.8619    0.5054
...    68 T-A ...
 -122.6583  -93.8013  135.1984
   -0.8674   -0.2877   -0.4060
    0.4940   -0.3998   -0.7721
    0.0598   -0.8703    0.4889
...    69 T-A ...
 -122.5471  -96.5135  137.0127
   -0.3980   -0.4904   -0.7753
    0.9113   -0.1142   -0.3956
    0.1055   -0.8640    0.4924
...    70 A-T ...
 -121.9298  -99.3813  138.6808
    0.2477   -0.3897   -0.8870
    0.9581    0.2347    0.1645
    0.1441   -0.8905    0.4315
...    71 T-A ...
 -121.9987 -102.4546  139.7922
    0.6959   -0.1766   -0.6961
    0.6961    0.4040    0.5935
    0.1764   -0.8976    0.4041
...    72 A-T ...
 -121.2464 -105.5325  140.8785
    0.9202    0.2488   -0.3024
    0.1918    0.3870    0.9019
    0.3414   -0.8879    0.3084
...    73 A-T ...
 -119.9936 -108.3945  141.6860
    0.8417    0.4780    0.2511
   -0.3558    0.1412    0.9238
    0.4062   -0.8669    0.2890
...    74 C-G ...
 -118.1801 -111.1244  142.1210
    0.5010    0.5140    0.6963
   -0.7308   -0.1798    0.6585
    0.4637   -0.8387    0.2855
...    75 G-C ...
 -116.7252 -113.7960  143.6742
   -0.0556    0.3593    0.9316
   -0.8276   -0.5385    0.1583
    0.5586   -0.7622    0.3273
...    76 G-C ...
 -114.6715 -116.1040  145.1292
   -0.5384   -0.0037    0.8427
   -0.6096   -0.6888   -0.3924
    0.5819   -0.7250    0.3686
...    77 A-T ...
 -112.6531 -118.4310  146.4266
   -0.7785   -0.4674    0.4189
   -0.1329   -0.5295   -0.8378
    0.6134   -0.7079    0.3501
...    78 G-C ...
 -110.5610 -120.6625  147.8409
   -0.7165   -0.6837   -0.1385
    0.3206   -0.1465   -0.9358
    0.6195   -0.7149    0.3241
...    79 C-G ...
 -108.5339 -122.9418  149.2918
   -0.4176   -0.6237   -0.6608
    0.6506    0.3025   -0.6966
    0.6343   -0.7208    0.2794
...    80 T-A ...
 -106.5907 -125.4664  150.3098
   -0.0317   -0.2987   -0.9538
    0.7545    0.6187   -0.2188
    0.6555   -0.7266    0.2058
...    81 C-G ...
 -104.4521 -127.8564  151.0584
    0.3746    0.1900   -0.9075
    0.6103    0.6863    0.3956
    0.6980   -0.7021    0.1411
...    82 G-C ...
 -101.8418 -129.9589  151.5825
    0.5074    0.6670   -0.5456
    0.3186    0.4430    0.8380
    0.8006   -0.5990    0.0123
...    83 G-C ...
  -99.0182 -131.7502  151.1726
    0.4859    0.8740    0.0069
    0.0374   -0.0287    0.9989
    0.8732   -0.4851   -0.0467
...    84 G-C ...
  -95.8255 -132.8199  150.7669
    0.3282    0.7566    0.5655
   -0.1622   -0.5446    0.8229
    0.9306   -0.3618   -0.0560
...    85 A-T ...
  -92.6342 -133.7233  150.7036
    0.1437    0.2712    0.9518
   -0.2729   -0.9136    0.3015
    0.9513   -0.3030   -0.0573
...    86 T-A ...
  -89.3280 -134.0109  150.4841
    0.0091   -0.2658    0.9640
   -0.2945   -0.9220   -0.2514
    0.9556   -0.2816   -0.0867
...    87 C-G ...
  -86.1123 -134.8679  150.3469
   -0.1409   -0.7943    0.5910
   -0.2239   -0.5559   -0.8005
    0.9644   -0.2451   -0.0995
...    88 C-G ...
  -82.7905 -135.6260  150.2230
   -0.2616   -0.9651    0.0137
   -0.1011    0.0133   -0.9948
    0.9599   -0.2617   -0.1010
...    89 G-C ...
  -79.5287 -136.0986  149.3701
   -0.3245   -0.7483   -0.5786
    0.0309    0.6030   -0.7972
    0.9454   -0.2765   -0.1726
...    90 C-G ...
  -76.3620 -137.1794  149.1516
   -0.2946   -0.2633   -0.9186
    0.1729    0.9307   -0.3222
    0.9398   -0.2538   -0.2287
...    91 T-A ...
  -73.3260 -138.2397  148.3157
   -0.2397    0.3065   -0.9212
    0.2920    0.9277    0.2327
    0.9259   -0.2132   -0.3118
...    92 T-A ...
  -70.4002 -139.0004  147.1868
   -0.0928    0.7937   -0.6012
    0.3767    0.5869    0.7167
    0.9217   -0.1600   -0.3534
...    93 T-A ...
  -67.4972 -139.4524  145.8593
    0.0720    0.9955   -0.0622
    0.3827    0.0300    0.9234
    0.9211   -0.0903   -0.3788
...    94 A-T ...
  -64.4144 -139.3548  144.5469
    0.1533    0.8304    0.5357
    0.3380   -0.5535    0.7612
    0.9286    0.0644   -0.3655
...    95 A-T ...
  -61.4636 -138.8572  143.2872
    0.3165    0.3508    0.8813
    0.2170   -0.9312    0.2927
    0.9234    0.0986   -0.3709
...    96 C-G ...
  -58.4867 -137.8116  142.1324
    0.3809   -0.2138    0.8996
    0.0431   -0.9677   -0.2482
    0.9236    0.1333   -0.3594
...    97 A-T ...
  -55.3997 -137.6520  140.8595
    0.3065   -0.7630    0.5691
   -0.1663   -0.6316   -0.7573
    0.9372    0.1375   -0.3205
...    98 C-G ...
  -52.1383 -136.8918  140.3568
    0.1800   -0.9825    0.0482
   -0.3102   -0.1032   -0.9450
    0.9335    0.1551   -0.3234
...    99 T-A ...
  -48.9193 -136.4169  139.5330
   -0.0421   -0.8731   -0.4858
   -0.3694    0.4653   -0.8044
    0.9283    0.1456   -0.3421
...   100 T-A ...
  -45.8072 -136.0071  138.6458
   -0.2333   -0.4179   -0.8780
   -0.3022    0.8894   -0.3430
    0.9242    0.1853   -0.3338
...   101 T-A ...
  -42.7566 -135.5650  137.6217
   -0.3804    0.1836   -0.9064
   -0.1267    0.9605    0.2478
    0.9161    0.2091   -0.3422
...   102 A-T ...
  -39.7372 -134.6276  136.4786
   -0.4724    0.7055   -0.5283
    0.1435    0.6530    0.7436
    0.8696    0.2754   -0.4097
...   103 T-A ...
  -37.1551 -133.9677  134.5808
   -0.3617    0.9305   -0.0579
    0.3726    0.2012    0.9059
    0.8546    0.3061   -0.4195
...   104 G-C ...
  -34.3298 -132.5797  133.3701
   -0.1806    0.8279    0.5310
    0.5626   -0.3559    0.7462
    0.8068    0.4335   -0.4015
...   105 C-G ...
  -31.9838 -130.6723  131.9449
    0.1304    0.4642    0.8761
    0.6020   -0.7392    0.3020
    0.7877    0.4881   -0.3759
...   106 T-A ...
  -29.5316 -128.6791  130.8415
    0.4106   -0.0464    0.9106
    0.4678   -0.8465   -0.2540
    0.7827    0.5303   -0.3259
...   107 T-A ...
  -27.1197 -126.6886  129.8915
    0.6439   -0.5210    0.5603
    0.1280   -0.6487   -0.7502
    0.7543    0.5548   -0.3510
...   108 C-G ...
  -24.5989 -124.8002  128.8346
    0.5906   -0.8065   -0.0278
   -0.2972   -0.1853   -0.9367
    0.7502    0.5615   -0.3491
...   109 C-G ...
  -21.9517 -122.8954  127.8680
    0.2728   -0.7946   -0.5424
   -0.5809    0.3134   -0.7512
    0.7669    0.5200   -0.3761
...   110 G-C ...
  -19.7198 -120.8183  126.3588
   -0.1898   -0.5019   -0.8439
   -0.6396    0.7153   -0.2815
    0.7449    0.4863   -0.4568
...   111 G-C ...
  -17.0919 -119.3053  124.8624
   -0.5821   -0.0518   -0.8115
   -0.4245    0.8705    0.2490
    0.6935    0.4894   -0.5287
...   112 C-G ...
  -14.7235 -118.0417  122.8984
   -0.7597    0.4140   -0.5015
   -0.0260    0.7512    0.6595
    0.6498    0.5141   -0.5599
...   113 T-A ...
  -12.7757 -116.4060  120.7591
   -0.7019    0.7121   -0.0149
    0.4080    0.4191    0.8111
    0.5838    0.5633   -0.5847
...   114 C-G ...
  -11.0121 -114.4415  118.8026
   -0.3439    0.7937    0.5017
    0.7618   -0.0766    0.6433
    0.5490    0.6035   -0.5783
...   115 G-C ...
   -8.9707 -112.2358  117.2307
    0.0996    0.5345    0.8393
    0.8553   -0.4770    0.2023
    0.5084    0.6977   -0.5047
...   116 T-A ...
   -7.8027 -109.5100  115.6941
    0.5367    0.1741    0.8256
    0.6722   -0.6797   -0.2936
    0.5100    0.7125   -0.4818
...   117 A-T ...
   -5.9144 -107.3727  113.8353
    0.8570   -0.2976    0.4206
    0.1581   -0.6250   -0.7644
    0.4904    0.7217   -0.4886
...   118 T-A ...
   -4.3080 -104.6479  112.8317
    0.8207   -0.5689   -0.0524
   -0.3173   -0.3777   -0.8699
    0.4751    0.7306   -0.4905
...   119 A-T ...
   -3.1065 -102.1849  110.7828
    0.4180   -0.6532   -0.6313
   -0.7899    0.0819   -0.6077
    0.4487    0.7527   -0.4818
...   120 A-T ...
   -1.4482  -99.7784  109.3425
   -0.1248   -0.4648   -0.8766
   -0.8893    0.4441   -0.1088
    0.4399    0.7660   -0.4688
...   121 T-A ...
    0.5266  -97.6631  107.7533
   -0.5704   -0.1639   -0.8049
   -0.6954    0.6178    0.3670
    0.4371    0.7690   -0.4664
...   122 G-C ...
    1.6859  -94.8882  106.2519
   -0.9083    0.1652   -0.3843
   -0.2103    0.6137    0.7610
    0.3616    0.7721   -0.5227
...   123 T-A ...
    2.7405  -92.6719  104.0082
   -0.8887    0.4460    0.1059
    0.3169    0.4306    0.8451
    0.3313    0.7846   -0.5241
...   124 G-C ...
    3.7855  -89.8362  102.5356
   -0.5543    0.5418    0.6318
    0.7920    0.1101    0.6005
    0.2558    0.8333   -0.4902
...   125 T-A ...
    3.9984  -87.0222  100.7538
   -0.0427    0.4922    0.8694
    0.9679   -0.1954    0.1582
    0.2478    0.8482   -0.4681
...   126 C-G ...
    4.7279  -84.1456   99.2991
    0.5482    0.2518    0.7975
    0.7975   -0.4446   -0.4078
    0.2519    0.8596   -0.4446
...   127 G-C ...
    5.9037  -81.4082   97.6799
    0.8812   -0.1381    0.4521
    0.3385   -0.4831   -0.8075
    0.3299    0.8646   -0.3790
...   128 A-T ...
    6.9793  -78.5087   96.5198
    0.8961   -0.4274   -0.1201
   -0.2643   -0.2963   -0.9178
    0.3566    0.8542   -0.3784
...   129 C-G ...
    8.4618  -75.6042   95.8318
    0.5992   -0.5441   -0.5873
   -0.7043   -0.0095   -0.7098
    0.3806    0.8390   -0.3889
...   130 C-G ...
   10.0199  -72.8705   94.5804
    0.0650   -0.5233   -0.8497
   -0.9096    0.3190   -0.2661
    0.4103    0.7902   -0.4553
...   131 A-T ...
   11.1174  -70.1314   92.9699
   -0.5238   -0.3021   -0.7965
   -0.7578    0.5922    0.2738
    0.3889    0.7470   -0.5391
...   132 A-T ...
   12.4934  -67.8642   91.0866
   -0.8678    0.1102   -0.4845
   -0.3008    0.6596    0.6888
    0.3955    0.7435   -0.5393
...   133 A-T ...
   13.7612  -65.5921   89.1279
   -0.8706    0.4919    0.0086
    0.2726    0.4678    0.8408
    0.4096    0.7343   -0.5413
...   134 T-A ...
   14.7384  -63.4258   86.8199
   -0.5923    0.6747    0.4404
    0.6886    0.1401    0.7115
    0.4183    0.7247   -0.5475
...   135 G-C ...
   15.7317  -61.4928   83.9330
    0.0341    0.7400    0.6717
    0.8636   -0.3601    0.3528
    0.5030    0.5681   -0.6514
...   136 T-A ...
   15.7848  -59.5604   80.7992
    0.5517    0.4998    0.6677
    0.6739   -0.7388   -0.0038
    0.4915    0.4520   -0.7444
...   137 G-C ...
   16.8385  -57.7219   78.2675
    0.8528   -0.0848    0.5153
    0.1507   -0.9048   -0.3983
    0.5000    0.4173   -0.7588
...   138 A-T ...
   18.4282  -55.5287   76.5298
    0.8547   -0.5006    0.1371
   -0.3188   -0.7148   -0.6224
    0.4096    0.4883   -0.7706
...   139 G-C ...
   20.4259  -54.3093   74.5419
    0.5847   -0.7389   -0.3347
   -0.7593   -0.3533   -0.5465
    0.2856    0.5737   -0.7676
...   140 C-G ...
   21.4269  -51.8266   72.7875
    0.1304   -0.7144   -0.6875
   -0.8897    0.2216   -0.3991
    0.4375    0.6637   -0.6067
...   141 G-C ...
   22.1521  -50.1494   67.4639
   -0.4682   -0.8748    0.1248
   -0.8494    0.4066   -0.3364
    0.2435   -0.2635   -0.9334
...   142 C-G ...
   22.3488  -51.2414   64.4933
   -0.8528   -0.5119   -0.1032
   -0.4975    0.8565   -0.1374
    0.1587   -0.0659   -0.9851
...   143 T-A ...
   24.0166  -51.6378   61.9247
   -0.9562    0.0401   -0.2898
    0.0524    0.9980   -0.0348
    0.2878   -0.0485   -0.9564
...   144 C-G ...
   24.8958  -52.7395   58.9873
   -0.7529    0.5560   -0.3520
    0.5214    0.8304    0.1965
    0.4016   -0.0356   -0.9151
...   145 A-T ...
   25.5275  -52.9803   55.8053
   -0.2442    0.9563   -0.1610
    0.8906    0.2869    0.3528
    0.3836   -0.0573   -0.9217
...   146 C-G ...
   25.2778  -52.5122   52.0796
    0.3204    0.9427   -0.0929
    0.8825   -0.2614    0.3909
    0.3443   -0.2072   -0.9157
...   147 A-T ...
   25.6238  -52.5940   48.6395
    0.8597    0.5097    0.0339
    0.4496   -0.7865    0.4233
    0.2424   -0.3487   -0.9053
