  147 base-pairs
...     1 T-A ...
    0.0000    0.0000    0.0000
    1.0000    0.0000    0.0000
    0.0000    1.0000    0.0000
    0.0000    0.0000    1.0000
...     2 G-C ...
   -0.5555   -1.1003    3.3981
    0.7749    0.6051    0.1828
   -0.5991    0.7953   -0.0929
   -0.2016   -0.0375    0.9787
...     3 T-A ...
   -0.6619   -3.0237    6.5348
    0.3046    0.9250    0.2271
   -0.8994    0.3578   -0.2510
   -0.3134   -0.1278    0.9410
...     4 G-C ...
   -1.1607   -3.8418    9.6940
   -0.3351    0.9421    0.0133
   -0.8752   -0.3061   -0.3746
   -0.3489   -0.1372    0.9271
...     5 A-T ...
   -1.3881   -3.6770   12.8999
   -0.7835    0.6162   -0.0801
   -0.5677   -0.7622   -0.3109
   -0.2527   -0.1981    0.9470
...     6 G-C ...
   -2.6236   -3.5448   15.7072
   -0.9923    0.0611   -0.1075
   -0.0294   -0.9610   -0.2748
   -0.1201   -0.2695    0.9555
...     7 C-G ...
   -2.3138   -3.7570   18.8866
   -0.8620   -0.4995   -0.0864
    0.5008   -0.8655    0.0073
   -0.0785   -0.0370    0.9962
...     8 G-C ...
   -3.9561   -6.8109   23.3205
   -0.2581   -0.3560   -0.8981
    0.6294   -0.7673    0.1233
   -0.7330   -0.5335    0.4221
...     9 C-G ...
   -6.1177   -8.9414   24.2385
    0.1143   -0.7320   -0.6716
    0.8123   -0.3203    0.4874
   -0.5720   -0.6013    0.5580
...    10 T-A ...
   -8.5041   -9.6771   26.0540
    0.4660   -0.8587   -0.2131
    0.6274    0.1508    0.7640
   -0.6239   -0.4897    0.6090
...    11 C-G ...
  -11.0625  -11.3174   27.2336
    0.6660   -0.6911    0.2808
    0.3382    0.6152    0.7121
   -0.6649   -0.3794    0.6435
...    12 A-T ...
  -13.0013  -13.1789   29.0658
    0.7188   -0.1490    0.6790
   -0.1787    0.9043    0.3876
   -0.6718   -0.4000    0.6235
...    13 C-G ...
  -14.1788  -15.9359   31.3399
    0.4052    0.2865    0.8682
   -0.5270    0.8492   -0.0343
   -0.7470   -0.4437    0.4951
...    14 A-T ...
  -15.9532  -18.1566   33.3080
   -0.1503    0.6873    0.7107
   -0.6106    0.5008   -0.6135
   -0.7776   -0.5261    0.3444
...    15 A-T ...
  -18.3898  -19.9169   34.5514
   -0.4962    0.8438    0.2047
   -0.3931   -0.0082   -0.9194
   -0.7741   -0.5367    0.3358
...    16 T-A ...
  -20.7295  -21.6037   36.3732
   -0.6687    0.6703   -0.3218
   -0.0364   -0.4618   -0.8863
   -0.7427   -0.5809    0.3332
...    17 T-A ...
  -23.1561  -23.3124   37.7878
   -0.5891    0.2331   -0.7737
    0.3908   -0.7558   -0.5253
   -0.7072   -0.6119    0.3542
...    18 T-A ...
  -25.5491  -25.1658   39.0286
   -0.2414   -0.2410   -0.9400
    0.6665   -0.7453    0.0200
   -0.7054   -0.6217    0.3406
...    19 A-T ...
  -27.6738  -27.5247   40.2382
    0.2613   -0.6248   -0.7357
    0.6700   -0.4313    0.6042
   -0.6948   -0.6508    0.3060
...    20 T-A ...
  -30.3201  -29.4577   40.7078
    0.5827   -0.7543   -0.3024
    0.4303   -0.0294    0.9022
   -0.6895   -0.6558    0.3074
...    21 T-A ...
  -32.6015  -31.6643   41.4559
    0.7216   -0.6280    0.2913
   -0.0136    0.4079    0.9129
   -0.6921   -0.6628    0.2859
...    22 C-G ...
  -34.7724  -33.9314   42.4614
    0.5843   -0.2381    0.7758
   -0.4651    0.6852    0.5605
   -0.6651   -0.6883    0.2896
...    23 G-C ...
  -37.0715  -35.8576   44.0631
    0.3009    0.2767    0.9126
   -0.7599    0.6478    0.0542
   -0.5762   -0.7098    0.4052
...    24 C-G ...
  -38.6296  -38.3929   45.4796
   -0.1215    0.6141    0.7798
   -0.8050    0.3986   -0.4393
   -0.5806   -0.6812    0.4459
...    25 A-T ...
  -41.0086  -40.5935   46.4605
   -0.5809    0.7448    0.3284
   -0.5515   -0.0634   -0.8318
   -0.5987   -0.6642    0.4476
...    26 A-T ...
  -42.9228  -42.7245   48.0879
   -0.8035    0.5516   -0.2238
   -0.0924   -0.4870   -0.8685
   -0.5881   -0.6772    0.4423
...    27 A-T ...
  -44.7950  -44.7978   49.7999
   -0.7105    0.1361   -0.6904
    0.4244   -0.6997   -0.5747
   -0.5613   -0.7013    0.4394
...    28 G-C ...
  -47.0096  -46.8409   51.3662
   -0.3211   -0.2298   -0.9188
    0.7388   -0.6677   -0.0912
   -0.5925   -0.7081    0.3842
...    29 G-C ...
  -49.3236  -49.1671   52.5010
    0.2276   -0.5137   -0.8272
    0.7780   -0.4149    0.4717
   -0.5855   -0.7510    0.3052
...    30 C-G ...
  -51.4277  -51.6366   53.0841
    0.6651   -0.6120   -0.4278
    0.4913   -0.0728    0.8680
   -0.5624   -0.7875    0.2523
...    31 C-G ...
  -53.3122  -54.3347   53.7015
    0.8651   -0.4845    0.1297
   -0.0031    0.2534    0.9674
   -0.5016   -0.8373    0.2177
...    32 G-C ...
  -54.6482  -56.9573   54.8234
    0.7666   -0.1947    0.6119
   -0.4971    0.4232    0.7575
   -0.4064   -0.8849    0.2276
...    33 G-C ...
  -55.5702  -60.0801   55.8092
    0.3597    0.1181    0.9256
   -0.8619    0.4220    0.2812
   -0.3574   -0.8989    0.2536
...    34 C-G ...
  -56.4201  -63.1327   56.7568
   -0.1983    0.3644    0.9099
   -0.9161    0.2611   -0.3042
   -0.3484   -0.8939    0.2821
...    35 C-G ...
  -57.5133  -66.0898   58.1058
   -0.6908    0.4698    0.5496
   -0.6277   -0.0124   -0.7784
   -0.3589   -0.8827    0.3035
...    36 C-G ...
  -58.6407  -69.0495   59.4502
   -0.9105    0.4125   -0.0293
   -0.1051   -0.2993   -0.9484
   -0.3999   -0.8604    0.3159
...    37 G-C ...
  -59.5234  -72.4594   59.6023
   -0.7648    0.2229   -0.6045
    0.4656   -0.4574   -0.7577
   -0.4453   -0.8609    0.2460
...    38 A-T ...
  -60.8508  -75.2041   60.5181
   -0.3272   -0.0803   -0.9415
    0.8406   -0.4798   -0.2512
   -0.4316   -0.8737    0.2245
...    39 C-G ...
  -62.6399  -77.8003   61.0277
    0.2007   -0.2677   -0.9423
    0.8771   -0.3793    0.2946
   -0.4363   -0.8857    0.1587
...    40 A-T ...
  -64.0120  -80.8986   61.3667
    0.7262   -0.3563   -0.5880
    0.5662   -0.1753    0.8054
   -0.3900   -0.9178    0.0745
...    41 C-G ...
  -65.2003  -83.9786   61.0178
    0.9349   -0.3488   -0.0655
    0.0755    0.0152    0.9970
   -0.3468   -0.9371    0.0406
...    42 G-C ...
  -66.2150  -87.1286   61.6290
    0.7940   -0.2251    0.5648
   -0.5416    0.1602    0.8252
   -0.2762   -0.9611    0.0053
...    43 A-T ...
  -67.0462  -90.2358   61.6093
    0.2946   -0.0955    0.9508
   -0.9143    0.2612    0.3095
   -0.2779   -0.9605   -0.0104
...    44 C-G ...
  -67.3608  -93.5596   61.5854
   -0.2570    0.0814    0.9630
   -0.9283    0.2563   -0.2695
   -0.2687   -0.9632    0.0097
...    45 T-A ...
  -67.7638  -97.1518   62.0274
   -0.7551    0.2286    0.6144
   -0.5912    0.1676   -0.7889
   -0.2834   -0.9590    0.0086
...    46 T-A ...
  -68.5362 -100.2829   62.2069
   -0.9643    0.2601    0.0492
   -0.0371    0.0513   -0.9980
   -0.2621   -0.9642   -0.0399
...    47 A-T ...
  -69.2676 -103.5740   61.7252
   -0.7464    0.2456   -0.6185
    0.6099   -0.1196   -0.7834
   -0.2664   -0.9620   -0.0606
...    48 C-G ...
  -70.6154 -106.5876   61.9721
   -0.2793    0.1928   -0.9406
    0.9165   -0.2388   -0.3211
   -0.2865   -0.9517   -0.1100
...    49 T-A ...
  -72.1225 -109.6050   61.6452
    0.3076    0.1314   -0.9424
    0.9085   -0.3351    0.2498
   -0.2829   -0.9330   -0.2224
...    50 C-G ...
  -72.6739 -112.6176   60.4918
    0.8100   -0.0105   -0.5863
    0.5313   -0.4102    0.7413
   -0.2483   -0.9119   -0.3267
...    51 A-T ...
  -73.5770 -115.6780   59.3145
    0.9909   -0.1331   -0.0220
   -0.0354   -0.4136    0.9098
   -0.1301   -0.9007   -0.4145
...    52 T-A ...
  -73.7393 -118.4442   57.5432
    0.8273   -0.2980    0.4762
   -0.5550   -0.3026    0.7749
   -0.0868   -0.9053   -0.4157
...    53 G-C ...
  -73.9361 -121.5518   56.1280
    0.2784   -0.4002    0.8731
   -0.9593   -0.0703    0.2736
   -0.0481   -0.9137   -0.4035
...    54 T-A ...
  -73.5336 -124.6659   54.7097
   -0.3418   -0.4041    0.8484
   -0.9388    0.1866   -0.2894
   -0.0414   -0.8955   -0.4432
...    55 T-A ...
  -73.4013 -127.5964   53.2730
   -0.8535   -0.2642    0.4491
   -0.5210    0.4177   -0.7444
    0.0091   -0.8693   -0.4942
...    56 A-T ...
  -73.2241 -130.4110   51.1440
   -0.9614    0.0421   -0.2719
    0.2512    0.5374   -0.8051
    0.1122   -0.8423   -0.5272
...    57 T-A ...
  -73.1588 -133.4887   49.9321
   -0.6751    0.3195   -0.6650
    0.7255    0.4513   -0.5197
    0.1340   -0.8332   -0.5365
...    58 A-T ...
  -72.3272 -136.2680   48.0629
   -0.0206    0.5570   -0.8303
    0.9885    0.1359    0.0666
    0.1499   -0.8193   -0.5534
...    59 A-T ...
  -72.0082 -138.8258   46.1863
    0.5515    0.5714   -0.6077
    0.8175   -0.2252    0.5301
    0.1660   -0.7891   -0.5913
...    60 C-G ...
  -71.7878 -141.1490   43.7428
    0.9121    0.3710   -0.1742
    0.3605   -0.5237    0.7719
    0.1952   -0.7669   -0.6114
...    61 G-C ...
  -70.7352 -143.7610   42.0003
    0.9278    0.0426    0.3706
   -0.2351   -0.7046    0.6696
    0.2896   -0.7084   -0.6437
...    62 G-C ...
  -69.1764 -146.0810   40.2060
    0.6060   -0.2888    0.7412
   -0.6791   -0.6731    0.2929
    0.4144   -0.6808   -0.6040
...    63 A-T ...
  -67.5097 -148.1841   38.1110
    0.0488   -0.6725    0.7385
   -0.9047   -0.3430   -0.2526
    0.4232   -0.6559   -0.6251
...    64 T-A ...
  -65.5834 -150.1696   36.3840
   -0.4137   -0.7671    0.4904
   -0.8020    0.0520   -0.5951
    0.4310   -0.6394   -0.6367
...    65 G-C ...
  -63.9762 -152.2777   34.1995
   -0.8363   -0.5477   -0.0249
   -0.3442    0.5599   -0.7536
    0.4267   -0.6217   -0.6568
...    66 T-A ...
  -62.6400 -154.6517   32.4351
   -0.8824   -0.1380   -0.4498
    0.1840    0.7787   -0.5999
    0.4330   -0.6121   -0.6617
...    67 A-T ...
  -60.5943 -156.0127   29.8920
   -0.5061    0.4268   -0.7495
    0.7218    0.6852   -0.0972
    0.4721   -0.5902   -0.6548
...    68 G-C ...
  -58.9019 -158.0592   27.9081
   -0.0779    0.8039   -0.5896
    0.8764    0.3371    0.3438
    0.4752   -0.4899   -0.7309
...    69 G-C ...
  -57.6724 -159.6091   24.9758
    0.4006    0.8999   -0.1723
    0.7647   -0.2248    0.6039
    0.5047   -0.3737   -0.7782
...    70 T-A ...
  -56.2646 -160.4584   22.1848
    0.7214    0.6571    0.2187
    0.4421   -0.6800    0.5848
    0.5330   -0.3252   -0.7811
...    71 A-T ...
  -54.3331 -161.0586   19.4007
    0.7848    0.1376    0.6043
   -0.0520   -0.9570    0.2855
    0.6176   -0.2554   -0.7438
...    72 T-A ...
  -52.1907 -161.1820   16.9207
    0.6262   -0.4141    0.6606
   -0.4623   -0.8795   -0.1131
    0.6278   -0.2346   -0.7421
...    73 C-G ...
  -49.8433 -161.9096   14.5216
    0.1666   -0.8905    0.4234
   -0.7491   -0.3935   -0.5329
    0.6412   -0.2284   -0.7326
...    74 T-A ...
  -47.4352 -162.8520   12.3182
   -0.3081   -0.9505    0.0415
   -0.6927    0.1942   -0.6946
    0.6522   -0.2428   -0.7182
...    75 C-G ...
  -45.2652 -163.4909    9.7810
   -0.6645   -0.6013   -0.4437
   -0.3392    0.7718   -0.5379
    0.6658   -0.2070   -0.7168
...    76 G-C ...
  -43.1118 -163.3654    7.1577
   -0.7708    0.0000   -0.6370
    0.1032    0.9868   -0.1249
    0.6286   -0.1620   -0.7607
...    77 A-T ...
  -40.6314 -163.4526    4.9905
   -0.5754    0.6228   -0.5301
    0.5094    0.7800    0.3634
    0.6398   -0.0610   -0.7661
...    78 G-C ...
  -38.5724 -163.6104    2.3863
   -0.2405    0.9552   -0.1726
    0.7279    0.2951    0.6190
    0.6421    0.0233   -0.7662
...    79 C-G ...
  -36.7969 -163.4803   -0.5335
    0.1938    0.9418    0.2746
    0.7335   -0.3250    0.5970
    0.6515    0.0857   -0.7538
...    80 T-A ...
  -34.7427 -162.9713   -3.1132
    0.5022    0.5930    0.6294
    0.5350   -0.7849    0.3126
    0.6794    0.1797   -0.7114
...    81 C-G ...
  -32.1734 -162.4413   -5.0941
    0.6979   -0.0105    0.7161
    0.1957   -0.9591   -0.2047
    0.6890    0.2830   -0.6673
...    82 G-C ...
  -29.4153 -162.5401   -7.3889
    0.6517   -0.5948    0.4705
   -0.1925   -0.7298   -0.6560
    0.7336    0.3370   -0.5901
...    83 G-C ...
  -26.5972 -161.3631   -9.0422
    0.3857   -0.9226   -0.0005
   -0.5146   -0.2147   -0.8301
    0.7657    0.3205   -0.5576
...    84 G-C ...
  -23.8189 -160.5352  -10.7640
   -0.0306   -0.8904   -0.4541
   -0.6041    0.3784   -0.7013
    0.7963    0.2529   -0.5495
...    85 A-T ...
  -20.8743 -159.7613  -12.3547
   -0.3733   -0.4238   -0.8252
   -0.4582    0.8577   -0.2332
    0.8066    0.2911   -0.5144
...    86 T-A ...
  -18.0232 -159.3567  -14.0068
   -0.5631    0.1157   -0.8182
   -0.1890    0.9459    0.2638
    0.8045    0.3032   -0.5108
...    87 C-G ...
  -15.2881 -158.5441  -15.8316
   -0.5565    0.6861   -0.4686
    0.1840    0.6517    0.7358
    0.8102    0.3233   -0.4889
...    88 C-G ...
  -12.4071 -157.7366  -17.2879
   -0.4851    0.8699    0.0894
    0.4395    0.1542    0.8849
    0.7560    0.4685   -0.4572
...    89 G-C ...
   -9.6865 -156.0047  -18.3493
   -0.2601    0.7137    0.6503
    0.6595   -0.3606    0.6595
    0.7053    0.6004   -0.3769
...    90 C-G ...
   -7.6534 -153.5935  -19.7835
    0.1494    0.3481    0.9255
    0.6962   -0.7017    0.1516
    0.7022    0.6216   -0.3472
...    91 T-A ...
   -5.4065 -150.9904  -20.5237
    0.5098   -0.1523    0.8467
    0.5247   -0.7250   -0.4463
    0.6818    0.6717   -0.2897
...    92 T-A ...
   -3.2664 -148.5972  -21.2021
    0.7468   -0.5365    0.3931
    0.1258   -0.4665   -0.8756
    0.6531    0.7033   -0.2808
...    93 T-A ...
   -1.1133 -146.1816  -21.8216
    0.7066   -0.6716   -0.2230
   -0.3459   -0.0529   -0.9368
    0.6173    0.7391   -0.2696
...    94 A-T ...
    0.2032 -143.4589  -23.4262
    0.4057   -0.3990   -0.8223
   -0.7514    0.3666   -0.5486
    0.5204    0.8405   -0.1511
...    95 A-T ...
    2.0352 -140.7638  -23.7387
   -0.1049   -0.0094   -0.9944
   -0.8647    0.4948    0.0866
    0.4913    0.8689   -0.0600
...    96 C-G ...
    4.1585 -138.0754  -24.0487
   -0.5730    0.3110   -0.7583
   -0.6550    0.3824    0.6518
    0.4927    0.8701   -0.0154
...    97 A-T ...
    5.8022 -135.1390  -23.9709
   -0.8809    0.4334   -0.1903
   -0.1775    0.0702    0.9816
    0.4388    0.8985    0.0151
...    98 C-G ...
    7.0952 -132.0952  -24.5478
   -0.8538    0.3700    0.3662
    0.3179   -0.1863    0.9296
    0.4122    0.9101    0.0414
...    99 T-A ...
    8.1442 -128.7061  -24.6692
   -0.5440    0.0688    0.8362
    0.7663   -0.3653    0.5286
    0.3418    0.9284    0.1460
...   100 T-A ...
    8.9238 -125.5902  -24.1569
   -0.0077   -0.1872    0.9823
    0.9435   -0.3269   -0.0549
    0.3314    0.9263    0.1791
...   101 T-A ...
    9.9300 -122.5979  -23.3977
    0.5148   -0.3945    0.7612
    0.7862   -0.1368   -0.6026
    0.3418    0.9087    0.2397
...   102 A-T ...
   11.3207 -119.5431  -22.6728
    0.9033   -0.3879    0.1834
    0.2719    0.1866   -0.9441
    0.3320    0.9026    0.2740
...   103 T-A ...
   12.2998 -116.8764  -21.0482
    0.9151   -0.2597   -0.3085
   -0.1957    0.3830   -0.9028
    0.3527    0.8865    0.2996
...   104 G-C ...
   13.7093 -114.0839  -19.9613
    0.5708   -0.0405   -0.8201
   -0.7018    0.4944   -0.5128
    0.4262    0.8683    0.2538
...   105 C-G ...
   15.4517 -111.3344  -19.0947
    0.0599    0.2563   -0.9647
   -0.9073    0.4170    0.0544
    0.4162    0.8720    0.2576
...   106 T-A ...
   17.2569 -108.4607  -18.3481
   -0.4944    0.4427   -0.7480
   -0.7631    0.1910    0.6174
    0.4162    0.8761    0.2434
...   107 T-A ...
   18.7149 -105.6652  -17.6987
   -0.8534    0.4493   -0.2644
   -0.3473   -0.1118    0.9311
    0.3887    0.8864    0.2515
...   108 C-G ...
   20.0062 -102.6422  -17.0245
   -0.9127    0.2300    0.3376
    0.2382   -0.3718    0.8972
    0.3319    0.8994    0.2845
...   109 C-G ...
   21.2857  -99.7109  -16.2036
   -0.6858   -0.1480    0.7126
    0.6897   -0.4448    0.5714
    0.2324    0.8833    0.4071
...   110 G-C ...
   22.1656  -97.1580  -14.5773
   -0.2461   -0.4906    0.8359
    0.9567   -0.2614    0.1283
    0.1556    0.8312    0.5337
...   111 G-C ...
   22.4719  -94.6537  -12.3784
    0.3192   -0.6251    0.7123
    0.9383    0.1031   -0.3300
    0.1328    0.7737    0.6195
...   112 C-G ...
   22.6628  -92.5503   -9.7442
    0.7929   -0.4848    0.3692
    0.5932    0.4756   -0.6495
    0.1393    0.7340    0.6647
...   113 T-A ...
   23.1347  -90.2655   -7.3814
    0.9868   -0.1477   -0.0665
    0.0574    0.7024   -0.7095
    0.1515    0.6963    0.7016
...   114 C-G ...
   23.7930  -87.8063   -5.2565
    0.8085    0.3323   -0.4858
   -0.5636    0.6749   -0.4763
    0.1696    0.6588    0.7329
...   115 G-C ...
   23.9698  -85.3770   -2.9912
    0.2796    0.6683   -0.6894
   -0.9429    0.3265   -0.0659
    0.1811    0.6684    0.7214
...   116 T-A ...
   25.2989  -83.0399   -0.8557
   -0.3095    0.7172   -0.6243
   -0.9374   -0.1198    0.3271
    0.1599    0.6865    0.7093
...   117 A-T ...
   26.0903  -80.6379    1.4423
   -0.8305    0.4594   -0.3149
   -0.5440   -0.5479    0.6355
    0.1194    0.6991    0.7050
...   118 T-A ...
   26.7050  -77.9565    3.2421
   -0.9926    0.1002    0.0678
   -0.0254   -0.7206    0.6929
    0.1183    0.6861    0.7178
...   119 A-T ...
   27.2224  -75.9070    5.9283
   -0.7812   -0.4118    0.4691
    0.6181   -0.6157    0.4888
    0.0875    0.6718    0.7355
...   120 A-T ...
   27.2650  -73.6561    8.2726
   -0.2836   -0.7399    0.6100
    0.9579   -0.2487    0.1437
    0.0454    0.6250    0.7793
...   121 T-A ...
   26.7885  -71.6449   10.8771
    0.2715   -0.7663    0.5823
    0.9619    0.1953   -0.1915
    0.0330    0.6121    0.7901
...   122 G-C ...
   26.9127  -69.6987   13.7368
    0.8081   -0.5227    0.2718
    0.5850    0.6576   -0.4748
    0.0694    0.5426    0.8371
...   123 T-A ...
   27.0707  -68.4144   16.7941
    0.9961   -0.0861   -0.0195
    0.0628    0.8466   -0.5286
    0.0620    0.5253    0.8487
...   124 G-C ...
   27.3042  -66.6860   19.7071
    0.8154    0.4511   -0.3629
   -0.5704    0.7334   -0.3698
    0.0993    0.5085    0.8553
...   125 T-A ...
   27.9746  -65.4119   22.6211
    0.3734    0.7661   -0.5232
   -0.9212    0.3728   -0.1115
    0.1096    0.5236    0.8449
...   126 C-G ...
   28.3815  -63.7500   25.3374
   -0.2622    0.8406   -0.4739
   -0.9590   -0.1723    0.2249
    0.1075    0.5135    0.8514
...   127 G-C ...
   28.0706  -62.3040   28.3877
   -0.7711    0.5255   -0.3594
   -0.6365   -0.6244    0.4527
    0.0135    0.5779    0.8160
...   128 A-T ...
   28.2732  -60.5210   31.0155
   -0.9988    0.0401   -0.0266
   -0.0481   -0.8300    0.5557
    0.0003    0.5564    0.8309
...   129 C-G ...
   28.1347  -58.1148   33.2698
   -0.8640   -0.4442    0.2371
    0.5013   -0.7153    0.4869
   -0.0466    0.5395    0.8407
...   130 C-G ...
   27.3949  -56.2415   36.0323
   -0.4429   -0.8190    0.3648
    0.8858   -0.3369    0.3190
   -0.1383    0.4645    0.8747
...   131 A-T ...
   27.6245  -54.9787   39.2183
    0.1936   -0.8971    0.3971
    0.9678    0.2409    0.0725
   -0.1607    0.3703    0.9149
...   132 A-T ...
   27.0128  -53.9670   42.2907
    0.7301   -0.5799    0.3616
    0.6613    0.7329   -0.1599
   -0.1723    0.3558    0.9185
...   133 A-T ...
   26.2311  -53.1316   45.3727
    0.9709   -0.0037    0.2394
    0.0903    0.9318   -0.3516
   -0.2217    0.3630    0.9050
...   134 T-A ...
   25.6308  -52.5797   48.6350
    0.8597    0.5096    0.0340
   -0.4497    0.7867   -0.4230
   -0.2423    0.3484    0.9055
...   135 G-C ...
   25.2859  -52.4981   52.0751
    0.3205    0.9427   -0.0927
   -0.8825    0.2616   -0.3908
   -0.3441    0.2071    0.9158
...   136 T-A ...
   25.5356  -52.9669   55.8003
   -0.2443    0.9563   -0.1608
   -0.8908   -0.2868   -0.3525
   -0.3832    0.0571    0.9219
...   137 G-C ...
   24.9038  -52.7260   58.9822
   -0.7529    0.5562   -0.3519
   -0.5214   -0.8303   -0.1968
   -0.4017    0.0354    0.9151
...   138 A-T ...
   24.0250  -51.6262   61.9211
   -0.9563    0.0400   -0.2896
   -0.0523   -0.9980    0.0347
   -0.2877    0.0483    0.9565
...   139 G-C ...
   22.3575  -51.2300   64.4910
   -0.8529   -0.5117   -0.1032
    0.4973   -0.8566    0.1372
   -0.1586    0.0657    0.9852
...   140 C-G ...
   22.1609  -50.1387   67.4619
   -0.4681   -0.8749    0.1247
    0.8495   -0.4066    0.3363
   -0.2435    0.2633    0.9335
...   141 G-C ...
   21.4367  -51.8165   72.7857
    0.1304   -0.7141   -0.6877
    0.8897   -0.2218    0.3990
   -0.4375   -0.6639    0.6065
...   142 C-G ...
   20.4355  -54.2995   74.5396
    0.5847   -0.7390   -0.3347
    0.7593    0.3532    0.5466
   -0.2857   -0.5737    0.7676
...   143 T-A ...
   18.4378  -55.5191   76.5273
    0.8548   -0.5006    0.1370
    0.3188    0.7147    0.6225
   -0.4096   -0.4884    0.7705
...   144 C-G ...
   16.8486  -57.7127   78.2649
    0.8529   -0.0846    0.5152
   -0.1509    0.9047    0.3983
   -0.4998   -0.4175    0.7589
...   145 A-T ...
   15.7934  -59.5519   80.7964
    0.5515    0.4995    0.6681
   -0.6739    0.7388    0.0040
   -0.4915   -0.4525    0.7441
...   146 C-G ...
   15.7411  -61.4840   83.9296
    0.0342    0.7400    0.6718
   -0.8637    0.3601   -0.3527
   -0.5029   -0.5681    0.6514
...   147 A-T ...
   14.7482  -63.4171   86.8166
   -0.5923    0.6746    0.4405
   -0.6886   -0.1400   -0.7115
   -0.4183   -0.7247    0.5475
