  147 base-pairs
...     1 T-A ...
    0.0000    0.0000    0.0000
    1.0000    0.0000    0.0000
    0.0000    1.0000    0.0000
    0.0000    0.0000    1.0000
...     2 G-C ...
   -0.5555   -1.1003    3.3981
    0.7749    0.6051    0.1828
   -0.5991    0.7953   -0.0929
   -0.2016   -0.0375    0.9787
...     3 T-A ...
   -0.6619   -3.0237    6.5348
    0.3046    0.9250    0.2271
   -0.8994    0.3578   -0.2510
   -0.3134   -0.1278    0.9410
...     4 G-C ...
   -1.1607   -3.8418    9.6940
   -0.3351    0.9421    0.0133
   -0.8752   -0.3061   -0.3746
   -0.3489   -0.1372    0.9271
...     5 A-T ...
   -1.3881   -3.6770   12.8999
   -0.7835    0.6162   -0.0801
   -0.5677   -0.7622   -0.3109
   -0.2527   -0.1981    0.9470
...     6 G-C ...
   -2.6236   -3.5448   15.7072
   -0.9923    0.0611   -0.1075
   -0.0294   -0.9610   -0.2748
   -0.1201   -0.2695    0.9555
...     7 C-G ...
   -2.3138   -3.7570   18.8866
   -0.8620   -0.4995   -0.0864
    0.5008   -0.8655    0.0073
   -0.0785   -0.0370    0.9962
...     8 G-C ...
   -3.9561   -6.8109   23.3205
   -0.2581   -0.3560   -0.8981
    0.6294   -0.7673    0.1233
   -0.7330   -0.5335    0.4221
...     9 C-G ...
   -6.1177   -8.9414   24.2385
    0.1143   -0.7320   -0.6716
    0.8123   -0.3203    0.4874
   -0.5720   -0.6013    0.5580
...    10 T-A ...
   -8.5041   -9.6771   26.0540
    0.4660   -0.8587   -0.2131
    0.6274    0.1508    0.7640
   -0.6239   -0.4897    0.6090
...    11 C-G ...
  -11.0625  -11.3174   27.2336
    0.6660   -0.6911    0.2808
    0.3382    0.6152    0.7121
   -0.6649   -0.3794    0.6435
...    12 A-T ...
  -13.0013  -13.1789   29.0658
    0.7188   -0.1490    0.6790
   -0.1787    0.9043    0.3876
   -0.6718   -0.4000    0.6235
...    13 C-G ...
  -14.1788  -15.9359   31.3399
    0.4052    0.2865    0.8682
   -0.5270    0.8492   -0.0343
   -0.7470   -0.4437    0.4951
...    14 A-T ...
  -15.9532  -18.1566   33.3080
   -0.1503    0.6873    0.7107
   -0.6106    0.5008   -0.6135
   -0.7776   -0.5261    0.3444
...    15 A-T ...
  -18.3010  -19.9961   34.6525
   -0.5252    0.8223    0.2188
   -0.3900   -0.0040   -0.9208
   -0.7563   -0.5690    0.3228
...    16 T-A ...
  -20.5616  -21.7419   36.3615
   -0.6732    0.6797   -0.2911
   -0.0450   -0.4307   -0.9014
   -0.7381   -0.5937    0.3205
...    17 T-A ...
  -22.9273  -23.5766   37.6662
   -0.5891    0.2710   -0.7612
    0.3826   -0.7362   -0.5582
   -0.7117   -0.6201    0.3300
...    18 T-A ...
  -25.3200  -25.4257   38.8741
   -0.2519   -0.2185   -0.9428
    0.6706   -0.7418   -0.0073
   -0.6977   -0.6341    0.3334
...    19 A-T ...
  -27.4418  -27.7659   40.0689
    0.2658   -0.5936   -0.7596
    0.6795   -0.4436    0.5844
   -0.6839   -0.6715    0.2854
...    20 T-A ...
  -30.0093  -29.7713   40.4655
    0.5934   -0.7217   -0.3564
    0.4433   -0.0766    0.8931
   -0.6719   -0.6880    0.2744
...    21 T-A ...
  -32.1978  -32.0637   41.1500
    0.7571   -0.6141    0.2229
    0.0067    0.3485    0.9373
   -0.6533   -0.7081    0.2680
...    22 C-G ...
  -34.1758  -34.5418   42.0358
    0.6293   -0.2554    0.7340
   -0.4726    0.6241    0.6223
   -0.6170   -0.7385    0.2720
...    23 G-C ...
  -36.2970  -36.8265   43.3938
    0.2813    0.2178    0.9346
   -0.7910    0.6040    0.0973
   -0.5433   -0.7666    0.3422
...    24 C-G ...
  -37.7199  -39.5579   44.7445
   -0.2090    0.5386    0.8162
   -0.8227    0.3543   -0.4445
   -0.5286   -0.7645    0.3690
...    25 A-T ...
  -39.7222  -42.0320   45.8030
   -0.6397    0.6799    0.3584
   -0.5347   -0.0588   -0.8430
   -0.5521   -0.7309    0.4012
...    26 A-T ...
  -41.3816  -44.3868   47.3475
   -0.8521    0.4818   -0.2044
   -0.0327   -0.4387   -0.8980
   -0.5224   -0.7585    0.3896
...    27 A-T ...
  -43.0862  -46.7407   48.8291
   -0.7125    0.1120   -0.6927
    0.4921   -0.6240   -0.6071
   -0.5002   -0.7734    0.3895
...    28 G-C ...
  -44.9411  -49.1537   50.2049
   -0.2847   -0.1967   -0.9382
    0.8079   -0.5760   -0.1244
   -0.5159   -0.7934    0.3229
...    29 G-C ...
  -46.8856  -51.7335   51.2134
    0.2709   -0.4053   -0.8731
    0.8222   -0.3742    0.4288
   -0.5005   -0.8341    0.2318
...    30 C-G ...
  -48.8147  -54.4170   51.6088
    0.7138   -0.4948   -0.4957
    0.5213   -0.0974    0.8478
   -0.4677   -0.8636    0.1884
...    31 C-G ...
  -50.2489  -57.4642   51.9073
    0.9226   -0.3821    0.0520
    0.0097    0.1578    0.9874
   -0.3855   -0.9105    0.1493
...    32 G-C ...
  -51.3210  -60.5561   52.8530
    0.7883   -0.1263    0.6023
   -0.5521    0.2871    0.7828
   -0.2717   -0.9495    0.1566
...    33 G-C ...
  -51.8227  -63.8728   53.4246
    0.3472    0.1202    0.9300
   -0.9142    0.2645    0.3071
   -0.2091   -0.9569    0.2017
...    34 C-G ...
  -52.0767  -67.1347   54.2184
   -0.2354    0.2689    0.9340
   -0.9524    0.1279   -0.2768
   -0.1939   -0.9546    0.2260
...    35 C-G ...
  -52.5615  -70.3485   55.2521
   -0.7316    0.3399    0.5910
   -0.6462   -0.0696   -0.7600
   -0.2171   -0.9379    0.2706
...    36 C-G ...
  -53.2137  -73.4828   56.4310
   -0.9554    0.2937    0.0305
   -0.1094   -0.2562   -0.9604
   -0.2742   -0.9209    0.2770
...    37 G-C ...
  -54.0250  -76.7499   56.9508
   -0.8054    0.1784   -0.5653
    0.4766   -0.3723   -0.7964
   -0.3525   -0.9108    0.2148
...    38 A-T ...
  -55.1798  -79.7368   57.7410
   -0.3353   -0.0441   -0.9411
    0.8707   -0.3960   -0.2917
   -0.3598   -0.9172    0.1712
...    39 C-G ...
  -56.9279  -82.4924   58.3019
    0.2055   -0.2075   -0.9564
    0.9109   -0.3168    0.2644
   -0.3579   -0.9255    0.1239
...    40 A-T ...
  -57.8903  -85.6980   58.7140
    0.7398   -0.2398   -0.6286
    0.6045   -0.1730    0.7775
   -0.2953   -0.9553    0.0170
...    41 C-G ...
  -59.0203  -88.7589   58.1337
    0.9604   -0.2567   -0.1083
    0.1008   -0.0422    0.9940
   -0.2597   -0.9656   -0.0147
...    42 G-C ...
  -59.5926  -92.1003   58.4949
    0.8577   -0.1406    0.4946
   -0.4941    0.0412    0.8684
   -0.1425   -0.9892   -0.0341
...    43 A-T ...
  -59.8811  -95.4074   58.3991
    0.3704   -0.0796    0.9254
   -0.9217    0.0915    0.3768
   -0.1147   -0.9926   -0.0395
...    44 C-G ...
  -59.5905  -98.7659   58.2594
   -0.2017   -0.0187    0.9793
   -0.9743    0.1066   -0.1986
   -0.1007   -0.9941   -0.0397
...    45 T-A ...
  -59.6838 -102.1281   58.3635
   -0.7152    0.0634    0.6960
   -0.6908    0.0871   -0.7178
   -0.1061   -0.9942   -0.0185
...    46 T-A ...
  -59.8121 -105.3953   58.4936
   -0.9909    0.0611    0.1195
   -0.1161    0.0566   -0.9916
   -0.0673   -0.9965   -0.0490
...    47 A-T ...
  -59.7780 -108.7577   57.8415
   -0.8169    0.0707   -0.5724
    0.5754    0.0337   -0.8172
   -0.0385   -0.9969   -0.0682
...    48 C-G ...
  -60.3624 -112.0299   58.0262
   -0.3679    0.1165   -0.9225
    0.9286   -0.0063   -0.3711
   -0.0491   -0.9932   -0.1059
...    49 T-A ...
  -60.8207 -115.3046   57.5929
    0.2100    0.1790   -0.9612
    0.9765   -0.0864    0.1972
   -0.0477   -0.9800   -0.1930
...    50 C-G ...
  -60.9767 -118.5036   56.8444
    0.7591    0.1489   -0.6337
    0.6508   -0.1972    0.7332
   -0.0158   -0.9690   -0.2466
...    51 A-T ...
  -60.7495 -121.7921   56.1186
    0.9928    0.1098   -0.0478
    0.0791   -0.3012    0.9503
    0.0900   -0.9472   -0.3077
...    52 T-A ...
  -60.2904 -124.6260   54.4951
    0.8865   -0.0633    0.4583
   -0.4522   -0.3283    0.8293
    0.0980   -0.9424   -0.3197
...    53 G-C ...
  -59.9866 -127.9195   53.8403
    0.4157   -0.2052    0.8861
   -0.8939   -0.2720    0.3564
    0.1679   -0.9402   -0.2965
...    54 T-A ...
  -58.7820 -130.9183   52.8658
   -0.1523   -0.3283    0.9322
   -0.9722   -0.1198   -0.2010
    0.1777   -0.9369   -0.3009
...    55 T-A ...
  -57.8906 -133.9336   51.9356
   -0.7023   -0.3935    0.5932
   -0.6801    0.1249   -0.7224
    0.2102   -0.9108   -0.3554
...    56 A-T ...
  -57.2620 -136.7407   49.9694
   -0.9559   -0.2701   -0.1158
   -0.0068    0.4144   -0.9101
    0.2938   -0.8691   -0.3979
...    57 T-A ...
  -56.4264 -139.8728   49.2528
   -0.8097   -0.0177   -0.5866
    0.4970    0.5108   -0.7015
    0.3121   -0.8595   -0.4048
...    58 A-T ...
  -55.0198 -142.5877   47.7493
   -0.3039    0.3526   -0.8850
    0.8989    0.4139   -0.1437
    0.3156   -0.8392   -0.4428
...    59 A-T ...
  -54.1527 -145.3412   46.2695
    0.2738    0.5578   -0.7835
    0.9053    0.1257    0.4058
    0.3249   -0.8204   -0.4705
...    60 C-G ...
  -53.5790 -147.9513   44.3275
    0.7041    0.5806   -0.4089
    0.6174   -0.2159    0.7565
    0.3509   -0.7850   -0.5105
...    61 G-C ...
  -51.9371 -150.5397   42.8111
    0.8809    0.4392    0.1763
    0.1224   -0.5713    0.8116
    0.4571   -0.6934   -0.5570
...    62 G-C ...
  -50.0184 -152.5606   40.8645
    0.7539    0.0814    0.6519
   -0.3739   -0.7628    0.5275
    0.5402   -0.6414   -0.5447
...    63 A-T ...
  -48.0434 -154.6273   39.1494
    0.3542   -0.4154    0.8378
   -0.7446   -0.6674   -0.0162
    0.5659   -0.6181   -0.5457
...    64 T-A ...
  -45.6259 -156.2554   37.5269
   -0.0817   -0.7331    0.6752
   -0.8180   -0.3377   -0.4656
    0.5694   -0.5903   -0.5721
...    65 G-C ...
  -44.0693 -158.3377   35.3889
   -0.5884   -0.7723    0.2392
   -0.5758    0.1925   -0.7946
    0.5677   -0.6053   -0.5580
...    66 T-A ...
  -41.9079 -160.5874   34.0502
   -0.8084   -0.5321   -0.2518
   -0.1559    0.6060   -0.7801
    0.5677   -0.5913   -0.5728
...    67 A-T ...
  -39.7026 -161.9960   31.7790
   -0.6693    0.0108   -0.7429
    0.4143    0.8355   -0.3610
    0.6168   -0.5494   -0.5636
...    68 G-C ...
  -37.7846 -164.0091   29.9121
   -0.3674    0.5232   -0.7689
    0.7078    0.6936    0.1337
    0.6033   -0.4951   -0.6252
...    69 G-C ...
  -35.8999 -165.7853   27.7252
    0.0312    0.8777   -0.4783
    0.7929    0.2696    0.5465
    0.6086   -0.3963   -0.6874
...    70 T-A ...
  -34.3628 -166.9685   25.0572
    0.4195    0.9059   -0.0589
    0.6554   -0.2573    0.7101
    0.6281   -0.3365   -0.7016
...    71 A-T ...
  -32.0057 -168.0382   22.8771
    0.6786    0.5706    0.4625
    0.2817   -0.7837    0.5536
    0.6783   -0.2454   -0.6926
...    72 T-A ...
  -29.8413 -168.1851   20.3979
    0.7209    0.0727    0.6892
   -0.1049   -0.9716    0.2122
    0.6850   -0.2253   -0.6928
...    73 C-G ...
  -27.3794 -168.8626   18.2758
    0.5003   -0.5489    0.6697
   -0.5023   -0.8139   -0.2919
    0.7053   -0.1904   -0.6829
...    74 T-A ...
  -24.7486 -169.3844   16.2318
    0.1166   -0.9174    0.3805
   -0.6720   -0.3550   -0.6499
    0.7313   -0.1799   -0.6579
...    75 C-G ...
  -22.2271 -169.9824   14.1161
   -0.3145   -0.9388   -0.1402
   -0.5980    0.3107   -0.7388
    0.7372   -0.1486   -0.6592
...    76 G-C ...
  -19.9418 -170.0531   11.5696
   -0.6482   -0.5440   -0.5327
   -0.2994    0.8254   -0.4787
    0.7001   -0.1508   -0.6979
...    77 A-T ...
  -17.4708 -170.5242    9.3974
   -0.7064    0.0914   -0.7019
    0.1440    0.9894   -0.0161
    0.6930   -0.1124   -0.7121
...    78 G-C ...
  -15.2379 -171.0934    6.9755
   -0.5617    0.6377   -0.5271
    0.4971    0.7694    0.4011
    0.6613   -0.0368   -0.7492
...    79 C-G ...
  -13.3136 -171.4886    4.2824
   -0.2363    0.9601   -0.1495
    0.7227    0.2765    0.6335
    0.6495    0.0416   -0.7592
...    80 T-A ...
  -11.3894 -171.1675    1.5941
    0.1296    0.9428    0.3071
    0.7566   -0.2942    0.5839
    0.6409    0.1567   -0.7515
...    81 C-G ...
   -9.2614 -170.4266   -0.7912
    0.5173    0.5615    0.6459
    0.5542   -0.7948    0.2471
    0.6521    0.2301   -0.7223
...    82 G-C ...
   -6.5981 -169.7308   -2.8368
    0.6734   -0.0404    0.7382
    0.2207   -0.9420   -0.2529
    0.7055    0.3333   -0.6254
...    83 G-C ...
   -3.9092 -168.4269   -4.5000
    0.6406   -0.5968    0.4832
   -0.1576   -0.7180   -0.6779
    0.7515    0.3581   -0.5540
...    84 G-C ...
   -1.0896 -167.2717   -6.0636
    0.4053   -0.9142    0.0024
   -0.4694   -0.2103   -0.8576
    0.7845    0.3464   -0.5143
...    85 A-T ...
    1.5957 -166.0821   -7.6781
    0.0382   -0.8247   -0.5643
   -0.6240    0.4214   -0.6581
    0.7805    0.3772   -0.4985
...    86 T-A ...
    4.5836 -165.2146   -8.9161
   -0.2730   -0.4428   -0.8540
   -0.5619    0.7940   -0.2321
    0.7809    0.4165   -0.4656
...    87 C-G ...
    7.2848 -163.8200  -10.3186
   -0.5735    0.1581   -0.8038
   -0.2901    0.8785    0.3797
    0.7661    0.4509   -0.4579
...    88 C-G ...
   10.0257 -162.5009  -11.8743
   -0.7059    0.5912   -0.3900
    0.0775    0.6118    0.7872
    0.7041    0.5255   -0.4777
...    89 G-C ...
   12.5674 -160.5421  -13.0886
   -0.6311    0.7446    0.2174
    0.4689    0.1430    0.8716
    0.6179    0.6520   -0.4394
...    90 C-G ...
   14.2723 -158.3023  -14.8608
   -0.3055    0.6405    0.7046
    0.7504   -0.2936    0.5922
    0.5862    0.7096   -0.3909
...    91 T-A ...
   15.9386 -155.6897  -16.0708
    0.1058    0.2954    0.9495
    0.8240   -0.5606    0.0826
    0.5567    0.7736   -0.3027
...    92 T-A ...
   17.6160 -153.0429  -16.9126
    0.5621   -0.1119    0.8195
    0.6178   -0.6020   -0.5059
    0.5499    0.7906   -0.2692
...    93 T-A ...
   19.3142 -150.3361  -17.5591
    0.8342   -0.4326    0.3420
    0.1671   -0.3928   -0.9043
    0.5255    0.8115   -0.2554
...    94 A-T ...
   20.9173 -147.6707  -19.1750
    0.7647   -0.4806   -0.4292
   -0.4797    0.0200   -0.8772
    0.4302    0.8767   -0.2152
...    95 A-T ...
   22.4834 -144.8080  -19.5669
    0.3419   -0.2856   -0.8953
   -0.8596    0.2899   -0.4207
    0.3797    0.9135   -0.1464
...    96 C-G ...
   24.3208 -141.9679  -19.8788
   -0.1931   -0.0556   -0.9796
   -0.9095    0.3847    0.1575
    0.3681    0.9213   -0.1249
...    97 A-T ...
   25.2210 -138.7238  -19.9126
   -0.7348    0.1466   -0.6623
   -0.6033    0.3052    0.7368
    0.3101    0.9409   -0.1358
...    98 C-G ...
   26.5129 -135.7979  -20.8334
   -0.9557    0.2558   -0.1455
   -0.1083    0.1541    0.9821
    0.2737    0.9544   -0.1195
...    99 T-A ...
   27.2785 -132.6175  -21.4439
   -0.8810    0.2030    0.4274
    0.4336   -0.0149    0.9010
    0.1892    0.9791   -0.0749
...   100 T-A ...
   27.7393 -129.4333  -21.7290
   -0.4809    0.0920    0.8719
    0.8637   -0.1214    0.4891
    0.1508    0.9883   -0.0211
...   101 T-A ...
   28.0329 -126.2159  -21.7120
    0.0973   -0.0525    0.9939
    0.9866   -0.1261   -0.1032
    0.1308    0.9906    0.0395
...   102 A-T ...
   28.6628 -122.9252  -21.3330
    0.6720   -0.1995    0.7132
    0.7275   -0.0023   -0.6861
    0.1385    0.9799    0.1435
...   103 T-A ...
   28.7721 -119.8061  -20.2398
    0.9552   -0.1624    0.2474
    0.2683    0.1224   -0.9555
    0.1249    0.9791    0.1605
...   104 G-C ...
   29.4323 -116.5186  -20.0104
    0.9127   -0.0776   -0.4012
   -0.3718    0.2491   -0.8943
    0.1694    0.9654    0.1985
...   105 C-G ...
   30.3016 -113.3814  -19.0779
    0.5271    0.0852   -0.8455
   -0.8310    0.2597   -0.4919
    0.1776    0.9619    0.2077
...   106 T-A ...
   31.1846 -110.2184  -18.3144
   -0.0436    0.2126   -0.9762
   -0.9842    0.1587    0.0785
    0.1716    0.9642    0.2023
...   107 T-A ...
   32.0167 -107.1352  -17.5995
   -0.6260    0.3060   -0.7173
   -0.7611   -0.0391    0.6475
    0.1701    0.9512    0.2574
...   108 C-G ...
   32.6990 -104.0130  -16.6900
   -0.9680    0.1817   -0.1728
   -0.2151   -0.2472    0.9448
    0.1290    0.9518    0.2784
...   109 C-G ...
   33.1556 -100.7360  -15.9543
   -0.9288   -0.0976    0.3575
    0.3697   -0.3111    0.8755
    0.0257    0.9453    0.3250
...   110 G-C ...
   33.3363  -97.6765  -14.4668
   -0.5445   -0.4071    0.7333
    0.8344   -0.1742    0.5229
   -0.0852    0.8966    0.4345
...   111 G-C ...
   32.6627  -94.7936  -12.8359
    0.0281   -0.5359    0.8438
    0.9912    0.1240    0.0457
   -0.1291    0.8351    0.5347
...   112 C-G ...
   31.8322  -92.3211  -10.7539
    0.5878   -0.4184    0.6924
    0.7979    0.4408   -0.4111
   -0.1332    0.7941    0.5930
...   113 T-A ...
   31.3305  -89.9568   -8.4411
    0.9392   -0.1408    0.3131
    0.3268    0.6460   -0.6898
   -0.1051    0.7502    0.6528
...   114 C-G ...
   31.1552  -87.5594   -6.1513
    0.9395    0.2921   -0.1788
   -0.3281    0.6176   -0.7148
   -0.0984    0.7303    0.6760
...   115 G-C ...
   30.7110  -84.7993   -4.1969
    0.5525    0.5781   -0.6005
   -0.8324    0.3443   -0.4343
   -0.0443    0.7398    0.6714
...   116 T-A ...
   31.1608  -82.4728   -1.7746
   -0.0082    0.6771   -0.7359
   -0.9985   -0.0450   -0.0303
   -0.0536    0.7345    0.6764
...   117 A-T ...
   30.3165  -80.3835    0.8906
   -0.7071    0.5045   -0.4954
   -0.7060   -0.5426    0.4551
   -0.0392    0.6716    0.7399
...   118 T-A ...
   30.5452  -77.7881    2.9356
   -0.9744    0.1430   -0.1737
   -0.2219   -0.7380    0.6373
   -0.0371    0.6595    0.7508
...   119 A-T ...
   30.5091  -75.9303    5.8033
   -0.8797   -0.3979    0.2604
    0.4714   -0.6576    0.5876
   -0.0625    0.6397    0.7661
...   120 A-T ...
   30.1481  -73.7992    8.2265
   -0.4267   -0.7259    0.5394
    0.9012   -0.2911    0.3212
   -0.0761    0.6232    0.7784
...   121 T-A ...
   29.2402  -71.7775   10.6574
    0.1101   -0.7816    0.6139
    0.9905    0.1376   -0.0024
   -0.0827    0.6084    0.7893
...   122 G-C ...
   29.3098  -69.8764   13.4540
    0.6925   -0.5916    0.4128
    0.7190    0.6124   -0.3285
   -0.0584    0.5243    0.8495
...   123 T-A ...
   28.8994  -68.7043   16.5650
    0.9761   -0.1626    0.1444
    0.2132    0.8474   -0.4864
   -0.0433    0.5055    0.8617
...   124 G-C ...
   28.9399  -66.7312   19.3020
    0.8997    0.3699   -0.2320
   -0.4361    0.7868   -0.4368
    0.0209    0.4942    0.8691
...   125 T-A ...
   29.4642  -65.5049   22.4046
    0.5009    0.7455   -0.4397
   -0.8652    0.4455   -0.2303
    0.0242    0.4958    0.8681
...   126 C-G ...
   29.6193  -63.8905   25.3159
   -0.1528    0.8586   -0.4894
   -0.9881   -0.1239    0.0911
    0.0175    0.4975    0.8673
...   127 G-C ...
   29.2378  -62.4089   28.3802
   -0.7152    0.5672   -0.4084
   -0.6975   -0.6162    0.3657
   -0.0442    0.5464    0.8363
...   128 A-T ...
   29.1638  -60.5952   31.1514
   -0.9917    0.0476   -0.1198
   -0.1047   -0.8397    0.5328
   -0.0752    0.5409    0.8377
...   129 C-G ...
   28.7973  -58.3241   33.5588
   -0.8816   -0.4427    0.1638
    0.4592   -0.7241    0.5146
   -0.1092    0.5289    0.8416
...   130 C-G ...
   28.1453  -56.5062   36.3436
   -0.4463   -0.8236    0.3500
    0.8775   -0.3260    0.3517
   -0.1756    0.4640    0.8683
...   131 A-T ...
   27.7980  -55.1110   39.4031
    0.1911   -0.8946    0.4039
    0.9620    0.2525    0.1041
   -0.1951    0.3687    0.9089
...   132 A-T ...
   26.9918  -54.0687   42.3819
    0.7288   -0.5634    0.3891
    0.6536    0.7418   -0.1501
   -0.2041    0.3637    0.9089
...   133 A-T ...
   26.2454  -53.1168   45.4132
    0.9710    0.0055    0.2392
    0.0809    0.9334   -0.3497
   -0.2252    0.3589    0.9058
...   134 T-A ...
   25.6309  -52.5797   48.6349
    0.8597    0.5096    0.0340
   -0.4497    0.7867   -0.4230
   -0.2423    0.3484    0.9055
...   135 G-C ...
   25.2859  -52.4981   52.0750
    0.3205    0.9427   -0.0927
   -0.8825    0.2616   -0.3908
   -0.3442    0.2071    0.9158
...   136 T-A ...
   25.5356  -52.9668   55.8002
   -0.2443    0.9563   -0.1608
   -0.8908   -0.2868   -0.3525
   -0.3832    0.0571    0.9219
...   137 G-C ...
   24.9038  -52.7259   58.9821
   -0.7529    0.5562   -0.3519
   -0.5214   -0.8303   -0.1968
   -0.4017    0.0354    0.9151
...   138 A-T ...
   24.0250  -51.6261   61.9210
   -0.9563    0.0400   -0.2896
   -0.0523   -0.9980    0.0347
   -0.2877    0.0483    0.9565
...   139 G-C ...
   22.3575  -51.2300   64.4909
   -0.8529   -0.5117   -0.1032
    0.4973   -0.8566    0.1372
   -0.1586    0.0657    0.9852
...   140 C-G ...
   22.1609  -50.1386   67.4618
   -0.4681   -0.8749    0.1247
    0.8495   -0.4066    0.3363
   -0.2435    0.2633    0.9335
...   141 G-C ...
   21.4367  -51.8164   72.7856
    0.1304   -0.7141   -0.6877
    0.8897   -0.2218    0.3990
   -0.4375   -0.6639    0.6065
...   142 C-G ...
   20.4355  -54.2994   74.5395
    0.5847   -0.7390   -0.3347
    0.7593    0.3532    0.5466
   -0.2857   -0.5737    0.7676
...   143 T-A ...
   18.4378  -55.5190   76.5272
    0.8548   -0.5006    0.1370
    0.3188    0.7147    0.6225
   -0.4096   -0.4884    0.7705
...   144 C-G ...
   16.8486  -57.7126   78.2648
    0.8529   -0.0846    0.5152
   -0.1509    0.9047    0.3983
   -0.4998   -0.4175    0.7589
...   145 A-T ...
   15.7934  -59.5518   80.7963
    0.5515    0.4995    0.6681
   -0.6739    0.7388    0.0040
   -0.4915   -0.4525    0.7441
...   146 C-G ...
   15.7411  -61.4839   83.9295
    0.0342    0.7400    0.6718
   -0.8637    0.3601   -0.3527
   -0.5029   -0.5681    0.6514
...   147 A-T ...
   14.7482  -63.4170   86.8165
   -0.5923    0.6746    0.4405
   -0.6886   -0.1400   -0.7115
   -0.4183   -0.7247    0.5475
