  147 base-pairs
...     1 T-A ...
    0.0000    0.0000    0.0000
    1.0000    0.0000    0.0000
    0.0000    1.0000    0.0000
    0.0000    0.0000    1.0000
...     2 G-C ...
   -0.5555   -1.1003    3.3981
    0.7749    0.6051    0.1828
   -0.5991    0.7953   -0.0929
   -0.2016   -0.0375    0.9787
...     3 T-A ...
   -0.6619   -3.0237    6.5348
    0.3046    0.9250    0.2271
   -0.8994    0.3578   -0.2510
   -0.3134   -0.1278    0.9410
...     4 G-C ...
   -1.1607   -3.8418    9.6940
   -0.3351    0.9421    0.0133
   -0.8752   -0.3061   -0.3746
   -0.3489   -0.1372    0.9271
...     5 A-T ...
   -1.3881   -3.6770   12.8999
   -0.7835    0.6162   -0.0801
   -0.5677   -0.7622   -0.3109
   -0.2527   -0.1981    0.9470
...     6 G-C ...
   -2.6236   -3.5448   15.7072
   -0.9923    0.0611   -0.1075
   -0.0294   -0.9610   -0.2748
   -0.1201   -0.2695    0.9555
...     7 C-G ...
   -2.3138   -3.7570   18.8866
   -0.8620   -0.4995   -0.0864
    0.5008   -0.8655    0.0073
   -0.0785   -0.0370    0.9962
...     8 G-C ...
   -3.9561   -6.8109   23.3205
   -0.2581   -0.3560   -0.8981
    0.6294   -0.7673    0.1233
   -0.7330   -0.5335    0.4221
...     9 C-G ...
   -6.1177   -8.9414   24.2385
    0.1143   -0.7320   -0.6716
    0.8123   -0.3203    0.4874
   -0.5720   -0.6013    0.5580
...    10 T-A ...
   -8.5041   -9.6771   26.0540
    0.4660   -0.8587   -0.2131
    0.6274    0.1508    0.7640
   -0.6239   -0.4897    0.6090
...    11 C-G ...
  -11.0625  -11.3174   27.2336
    0.6660   -0.6911    0.2808
    0.3382    0.6152    0.7121
   -0.6649   -0.3794    0.6435
...    12 A-T ...
  -13.0013  -13.1789   29.0658
    0.7188   -0.1490    0.6790
   -0.1787    0.9043    0.3876
   -0.6718   -0.4000    0.6235
...    13 C-G ...
  -14.1788  -15.9359   31.3399
    0.4052    0.2865    0.8682
   -0.5270    0.8492   -0.0343
   -0.7470   -0.4437    0.4951
...    14 A-T ...
  -15.9532  -18.1566   33.3080
   -0.1503    0.6873    0.7107
   -0.6106    0.5008   -0.6135
   -0.7776   -0.5261    0.3444
...    15 A-T ...
  -18.3864  -19.9040   34.5827
   -0.4959    0.8432    0.2077
   -0.4010   -0.0102   -0.9160
   -0.7703   -0.5375    0.3432
...    16 T-A ...
  -20.7060  -21.5898   36.4349
   -0.6748    0.6680   -0.3138
   -0.0464   -0.4627   -0.8853
   -0.7366   -0.5828    0.3432
...    17 T-A ...
  -23.1012  -23.2991   37.8956
   -0.6048    0.2278   -0.7631
    0.3856   -0.7546   -0.5309
   -0.6968   -0.6153    0.3686
...    18 T-A ...
  -25.4618  -25.1389   39.2219
   -0.2671   -0.2519   -0.9302
    0.6744   -0.7383    0.0063
   -0.6884   -0.6256    0.3671
...    19 A-T ...
  -27.5173  -27.4972   40.5301
    0.2396   -0.6256   -0.7424
    0.6992   -0.4194    0.5791
   -0.6736   -0.6578    0.3369
...    20 T-A ...
  -30.1158  -29.4573   41.1214
    0.5796   -0.7466   -0.3267
    0.4713   -0.0200    0.8817
   -0.6648   -0.6650    0.3403
...    21 T-A ...
  -32.3303  -31.6927   41.9816
    0.7520   -0.6120    0.2450
    0.0329    0.4061    0.9132
   -0.6584   -0.6787    0.3255
...    22 C-G ...
  -34.3763  -34.0091   43.1122
    0.6446   -0.2250    0.7307
   -0.4407    0.6716    0.5955
   -0.6247   -0.7059    0.3337
...    23 G-C ...
  -36.4692  -36.0132   44.9110
    0.3642    0.2862    0.8862
   -0.7744    0.6217    0.1175
   -0.5173   -0.7291    0.4481
...    24 C-G ...
  -37.8126  -38.5893   46.4583
   -0.0774    0.6088    0.7895
   -0.8529    0.3697   -0.3687
   -0.5163   -0.7019    0.4906
...    25 A-T ...
  -40.0220  -40.8310   47.7012
   -0.5751    0.7224    0.3838
   -0.6256   -0.0862   -0.7753
   -0.5271   -0.6861    0.5015
...    26 A-T ...
  -41.6868  -43.0156   49.5247
   -0.8456    0.5152   -0.1395
   -0.1584   -0.4917   -0.8562
   -0.5098   -0.7020    0.4974
...    27 A-T ...
  -43.2721  -45.1657   51.4237
   -0.7869    0.0969   -0.6094
    0.3957   -0.6786   -0.6188
   -0.4735   -0.7281    0.4957
...    28 G-C ...
  -45.1854  -47.3184   53.2221
   -0.4095   -0.2540   -0.8762
    0.7603   -0.6258   -0.1740
   -0.5042   -0.7375    0.4494
...    29 G-C ...
  -47.1936  -49.7554   54.6580
    0.1579   -0.5064   -0.8477
    0.8533   -0.3621    0.3752
   -0.4970   -0.7826    0.3749
...    30 C-G ...
  -49.0789  -52.3024   55.5502
    0.6445   -0.5706   -0.5088
    0.6030   -0.0297    0.7972
   -0.4700   -0.8207    0.3250
...    31 C-G ...
  -50.7014  -55.0892   56.4284
    0.9082   -0.4184    0.0089
    0.1133    0.2663    0.9572
   -0.4028   -0.8684    0.2893
...    32 G-C ...
  -51.6673  -57.7856   57.7219
    0.8636   -0.1221    0.4891
   -0.4097    0.3954    0.8221
   -0.2937   -0.9104    0.2914
...    33 G-C ...
  -52.1400  -60.9456   58.8624
    0.4918    0.1673    0.8545
   -0.8395    0.3516    0.4143
   -0.2311   -0.9211    0.3133
...    34 C-G ...
  -52.5094  -64.0228   60.0090
   -0.0753    0.3652    0.9279
   -0.9750    0.1682   -0.1453
   -0.2091   -0.9156    0.3434
...    35 C-G ...
  -53.0682  -67.0192   61.5866
   -0.6277    0.4126    0.6602
   -0.7509   -0.0971   -0.6532
   -0.2054   -0.9057    0.3708
...    36 C-G ...
  -53.6544  -70.0166   63.1537
   -0.9401    0.3123    0.1368
   -0.2451   -0.3402   -0.9078
   -0.2370   -0.8870    0.3964
...    37 G-C ...
  -54.1306  -73.4983   63.4966
   -0.8861    0.1128   -0.4495
    0.3637   -0.4320   -0.8253
   -0.2873   -0.8948    0.3418
...    38 A-T ...
  -54.9167  -76.3326   64.7058
   -0.4906   -0.1544   -0.8576
    0.8279   -0.3897   -0.4034
   -0.2719   -0.9079    0.3190
...    39 C-G ...
  -56.2473  -79.0963   65.6166
    0.0423   -0.2816   -0.9586
    0.9584   -0.2598    0.1186
   -0.2824   -0.9237    0.2589
...    40 A-T ...
  -57.1426  -82.2939   66.3123
    0.6298   -0.2879   -0.7214
    0.7379   -0.0685    0.6715
   -0.2427   -0.9552    0.1693
...    41 C-G ...
  -57.9610  -85.4967   66.2753
    0.9387   -0.2241   -0.2617
    0.2832    0.0688    0.9566
   -0.1964   -0.9721    0.1281
...    42 G-C ...
  -58.3697  -88.7227   67.1481
    0.9251   -0.0796    0.3714
   -0.3607    0.1217    0.9247
   -0.1188   -0.9894    0.0839
...    43 A-T ...
  -58.6896  -91.9106   67.3757
    0.5158   -0.0005    0.8567
   -0.8484    0.1388    0.5108
   -0.1192   -0.9903    0.0712
...    44 C-G ...
  -58.4625  -95.2350   67.4799
   -0.0339    0.0969    0.9947
   -0.9944    0.0965   -0.0433
   -0.1001   -0.9906    0.0931
...    45 T-A ...
  -58.1482  -98.8130   68.1013
   -0.6125    0.1404    0.7779
   -0.7833    0.0240   -0.6212
   -0.1059   -0.9898    0.0953
...    46 T-A ...
  -58.2525 -102.0219   68.5527
   -0.9518    0.0949    0.2916
   -0.2944   -0.0160   -0.9556
   -0.0860   -0.9954    0.0432
...    47 A-T ...
  -58.4408 -105.4202   68.2886
   -0.9074    0.0550   -0.4167
    0.4140   -0.0550   -0.9086
   -0.0728   -0.9970    0.0271
...    48 C-G ...
  -59.0387 -108.6220   68.9355
   -0.5331    0.0611   -0.8439
    0.8406   -0.0750   -0.5364
   -0.0961   -0.9953   -0.0114
...    49 T-A ...
  -59.7553 -111.9356   68.8685
    0.0285    0.1032   -0.9942
    0.9930   -0.1171    0.0163
   -0.1148   -0.9877   -0.1058
...    50 G-C ...
  -60.0199 -115.2792   68.1921
    0.6103    0.1765   -0.7723
    0.7902   -0.2041    0.5778
   -0.0556   -0.9629   -0.2641
...    51 T-A ...
  -60.4080 -118.1820   66.8760
    0.9364    0.0951   -0.3379
    0.3507   -0.2947    0.8889
   -0.0150   -0.9509   -0.3093
...    52 A-T ...
  -60.2438 -121.5233   66.2208
    0.9441   -0.0843    0.3188
   -0.3279   -0.3417    0.8808
    0.0346   -0.9360   -0.3502
...    53 G-C ...
  -59.9174 -124.5136   64.9518
    0.6113   -0.2047    0.7645
   -0.7842   -0.2868    0.5502
    0.1066   -0.9359   -0.3358
...    54 G-C ...
  -58.7330 -127.7145   63.7181
    0.0292   -0.2972    0.9544
   -0.9890   -0.1468   -0.0155
    0.1447   -0.9435   -0.2982
...    55 T-A ...
  -57.7980 -130.8110   62.9446
   -0.5109   -0.3555    0.7827
   -0.8452    0.0414   -0.5328
    0.1570   -0.9338   -0.3216
...    56 A-T ...
  -57.0552 -133.9959   62.0052
   -0.9294   -0.2521    0.2697
   -0.3356    0.2727   -0.9017
    0.1538   -0.9285   -0.3380
...    57 T-A ...
  -56.4336 -137.2045   61.5716
   -0.9584   -0.0844   -0.2727
    0.2204    0.3886   -0.8947
    0.1815   -0.9175   -0.3539
...    58 C-G ...
  -56.0273 -140.4217   60.4865
   -0.5960    0.2108   -0.7748
    0.7837    0.3629   -0.5042
    0.1749   -0.9077   -0.3815
...    59 T-A ...
  -55.6862 -143.5700   59.2082
   -0.0514    0.4501   -0.8915
    0.9861    0.1642    0.0260
    0.1581   -0.8778   -0.4522
...    60 T-A ...
  -55.3538 -146.3270   57.6162
    0.4995    0.5363   -0.6803
    0.8496   -0.1496    0.5058
    0.1695   -0.8306   -0.5304
...    61 C-G ...
  -54.3525 -148.9335   55.9296
    0.8929    0.4038   -0.1993
    0.3940   -0.4861    0.7801
    0.2182   -0.7750   -0.5931
...    62 A-T ...
  -53.6341 -151.4442   53.7503
    0.9286    0.1474    0.3404
   -0.1421   -0.7063    0.6935
    0.3427   -0.6924   -0.6350
...    63 T-A ...
  -52.2245 -153.3252   51.4451
    0.7030   -0.2288    0.6734
   -0.6029   -0.6940    0.3935
    0.3773   -0.6826   -0.6258
...    64 G-C ...
  -50.8589 -155.6064   49.3227
    0.1443   -0.6209    0.7704
   -0.9044   -0.3988   -0.1520
    0.4016   -0.6748   -0.6191
...    65 T-A ...
  -48.9784 -157.7369   47.3616
   -0.3988   -0.7705    0.4973
   -0.8210    0.0583   -0.5680
    0.4086   -0.6348   -0.6558
...    66 T-A ...
  -47.3923 -159.7366   45.3172
   -0.7921   -0.6101   -0.0192
   -0.4041    0.5476   -0.7327
    0.4575   -0.5726   -0.6803
...    67 A-T ...
  -45.6303 -161.3257   42.7099
   -0.8034   -0.0746   -0.5908
    0.2501    0.8581   -0.4484
    0.5404   -0.5080   -0.6707
...    68 T-A ...
  -44.1608 -163.5412   40.7494
   -0.5453    0.4006   -0.7363
    0.6286    0.7766   -0.0429
    0.5546   -0.4862   -0.6753
...    69 A-T ...
  -41.9778 -164.9988   38.5456
   -0.0311    0.8339   -0.5510
    0.8289    0.3296    0.4520
    0.5586   -0.4427   -0.7014
...    70 A-T ...
  -40.3432 -166.3162   36.1611
    0.4175    0.8974   -0.1424
    0.7089   -0.2237    0.6689
    0.5684   -0.3802   -0.7296
...    71 C-G ...
  -38.7483 -167.1446   33.3045
    0.7229    0.6252    0.2941
    0.3594   -0.7038    0.6128
    0.5901   -0.3374   -0.7335
...    72 G-C ...
  -36.4378 -168.3179   31.2337
    0.7544    0.0928    0.6498
   -0.0869   -0.9671    0.2391
    0.6506   -0.2369   -0.7215
...    73 G-C ...
  -33.7996 -169.0889   29.3587
    0.5147   -0.4434    0.7338
   -0.4268   -0.8748   -0.2292
    0.7436   -0.1952   -0.6395
...    74 A-T ...
  -31.1850 -169.7925   27.4907
    0.1197   -0.8832    0.4534
   -0.6319   -0.4201   -0.6514
    0.7658   -0.2085   -0.6084
...    75 C-G ...
  -28.2339 -170.4738   26.0402
   -0.2401   -0.9705    0.0219
   -0.5777    0.1247   -0.8067
    0.7801   -0.2064   -0.5906
...    76 G-C ...
  -25.9048 -170.8662   23.6877
   -0.5655   -0.6619   -0.4920
   -0.3077    0.7228   -0.6188
    0.7652   -0.1986   -0.6124
...    77 A-T ...
  -23.2620 -170.9004   21.6830
   -0.6560   -0.0402   -0.7536
    0.0694    0.9911   -0.1133
    0.7515   -0.1266   -0.6474
...    78 G-C ...
  -20.7584 -171.2991   19.5240
   -0.5415    0.5409   -0.6436
    0.4032    0.8388    0.3658
    0.7377   -0.0614   -0.6723
...    79 C-G ...
  -18.5046 -171.8209   16.9813
   -0.2342    0.9371   -0.2586
    0.6428    0.3489    0.6820
    0.7294   -0.0065   -0.6841
...    80 T-A ...
  -16.2119 -171.7854   14.5405
    0.0908    0.9681    0.2336
    0.6880   -0.2305    0.6881
    0.7200    0.0982   -0.6870
...    81 C-G ...
  -13.6260 -171.2741   12.5420
    0.4584    0.6214    0.6354
    0.5534   -0.7590    0.3430
    0.6954    0.1944   -0.6918
...    82 G-C ...
  -10.5354 -171.2335   10.7642
    0.6657    0.0307    0.7456
    0.2372   -0.9560   -0.1725
    0.7075    0.2917   -0.6437
...    83 G-C ...
   -7.8950 -169.9352    8.9208
    0.6470   -0.5627    0.5146
   -0.1745   -0.7662   -0.6184
    0.7423    0.3103   -0.5939
...    84 G-C ...
   -5.1016 -168.9958    7.2583
    0.3777   -0.9221    0.0848
   -0.4709   -0.2701   -0.8398
    0.7973    0.2773   -0.5362
...    85 A-T ...
   -2.2058 -167.9197    5.7428
    0.0276   -0.8590   -0.5112
   -0.6128    0.3895   -0.6876
    0.7898    0.3322   -0.5156
...    86 T-A ...
    0.7351 -167.1700    4.3850
   -0.3077   -0.4973   -0.8112
   -0.5345    0.7956   -0.2850
    0.7871    0.3460   -0.5106
...    87 C-G ...
    3.5425 -166.2161    2.6970
   -0.5624    0.1357   -0.8156
   -0.2424    0.9160    0.3195
    0.7905    0.3774   -0.4823
...    88 C-G ...
    6.3800 -165.0315    1.4062
   -0.7092    0.5619   -0.4258
    0.0885    0.6702    0.7369
    0.6994    0.4849   -0.5250
...    89 G-C ...
    8.7555 -163.0327    0.0320
   -0.6210    0.7664    0.1643
    0.4945    0.2204    0.8408
    0.6081    0.6034   -0.5159
...    90 C-G ...
   10.5102 -160.9514   -2.1101
   -0.2391    0.7260    0.6448
    0.7623   -0.2710    0.5878
    0.6014    0.6320   -0.4887
...    91 T-A ...
   12.1997 -158.3452   -3.7299
    0.2286    0.3937    0.8904
    0.7907   -0.6086    0.0661
    0.5679    0.6889   -0.4504
...    92 T-A ...
   13.8697 -155.8575   -5.0554
    0.6672   -0.0440    0.7436
    0.5086   -0.7025   -0.4979
    0.5443    0.7103   -0.4463
...    93 T-A ...
   15.6043 -153.3669   -6.3132
    0.8532   -0.4350    0.2878
    0.0161   -0.5297   -0.8480
    0.5213    0.7282   -0.4449
...    94 A-T ...
   16.9749 -151.2709   -8.6652
    0.7253   -0.5509   -0.4128
   -0.5634   -0.1305   -0.8158
    0.3956    0.8243   -0.4051
...    95 A-T ...
   18.3675 -148.5163   -9.7798
    0.2455   -0.4243   -0.8716
   -0.9089    0.2120   -0.3592
    0.3372    0.8804   -0.3336
...    96 C-G ...
   20.0221 -145.6541  -10.7817
   -0.3227   -0.1691   -0.9313
   -0.8864    0.3990    0.2347
    0.3319    0.9012   -0.2786
...    97 A-T ...
   21.0866 -142.5609  -11.5805
   -0.8199    0.0921   -0.5650
   -0.4997    0.3663    0.7849
    0.2793    0.9259   -0.2543
...    98 C-G ...
   22.1197 -139.7003  -13.0334
   -0.9676    0.2489   -0.0433
    0.0169    0.2350    0.9718
    0.2521    0.9396   -0.2316
...    99 T-A ...
   22.7237 -136.4213  -14.2471
   -0.7918    0.2161    0.5712
    0.5905    0.0319    0.8064
    0.1560    0.9759   -0.1529
...   100 T-A ...
   22.8983 -133.2293  -14.8181
   -0.3108    0.1484    0.9388
    0.9406   -0.0941    0.3263
    0.1367    0.9844   -0.1103
...   101 T-A ...
   23.2772 -130.0169  -14.9914
    0.2686   -0.0175    0.9631
    0.9542   -0.1318   -0.2685
    0.1317    0.9911   -0.0187
...   102 A-T ...
   24.0040 -126.6916  -14.9841
    0.8064   -0.1374    0.5752
    0.5758   -0.0392   -0.8166
    0.1347    0.9897    0.0475
...   103 T-A ...
   24.1120 -123.5569  -14.1090
    0.9815   -0.1648    0.0980
    0.1118    0.0771   -0.9907
    0.1557    0.9833    0.0941
...   104 G-C ...
   24.8423 -120.3679  -13.5845
    0.8273   -0.1616   -0.5380
   -0.5058    0.2024   -0.8386
    0.2444    0.9659    0.0857
...   105 C-G ...
   25.9676 -117.2011  -13.1118
    0.3778    0.0041   -0.9259
   -0.8946    0.2594   -0.3639
    0.2386    0.9658    0.1017
...   106 T-A ...
   27.2265 -113.9624  -12.8049
   -0.2312    0.1654   -0.9587
   -0.9381    0.2234    0.2648
    0.2579    0.9606    0.1035
...   107 T-A ...
   28.2351 -110.9079  -12.5345
   -0.7354    0.2604   -0.6257
   -0.6341    0.0615    0.7708
    0.2392    0.9635    0.1199
...   108 C-G ...
   29.1430 -107.6601  -12.2703
   -0.9800    0.1981   -0.0163
   -0.0444   -0.1380    0.9894
    0.1937    0.9704    0.1441
...   109 C-G ...
   30.1111 -104.5202  -11.8120
   -0.8679   -0.0668    0.4922
    0.4925   -0.2454    0.8350
    0.0650    0.9671    0.2459
...   110 G-C ...
   30.4710 -101.5915  -10.6660
   -0.4739   -0.3397    0.8124
    0.8799   -0.1476    0.4516
   -0.0335    0.9289    0.3689
...   111 G-C ...
   30.0985  -98.6762   -9.1028
    0.1090   -0.4600    0.8812
    0.9918    0.1103   -0.0651
   -0.0672    0.8811    0.4682
...   112 C-G ...
   29.4872  -96.1337   -6.9744
    0.6619   -0.3566    0.6593
    0.7465    0.3932   -0.5367
   -0.0679    0.8475    0.5265
...   113 T-A ...
   29.2430  -93.4609   -5.0176
    0.9679   -0.1028    0.2292
    0.2457    0.5769   -0.7790
   -0.0522    0.8103    0.5836
...   114 C-G ...
   29.3897  -90.6470   -3.2967
    0.9095    0.2875   -0.3003
   -0.4147    0.5756   -0.7047
   -0.0298    0.7655    0.6428
...   115 G-C ...
   29.0278  -87.8901   -1.4716
    0.4503    0.5799   -0.6789
   -0.8929    0.2915   -0.3432
   -0.0011    0.7607    0.6491
...   116 T-A ...
   29.7996  -85.2587    0.6164
   -0.1407    0.6301   -0.7637
   -0.9900   -0.0992    0.1005
   -0.0124    0.7702    0.6377
...   117 A-T ...
   29.9927  -82.6378    2.7847
   -0.7365    0.4168   -0.5327
   -0.6756   -0.4922    0.5489
   -0.0334    0.7642    0.6441
...   118 T-A ...
   30.2345  -79.7912    4.4391
   -0.9839    0.0974   -0.1501
   -0.1769   -0.6574    0.7325
   -0.0274    0.7472    0.6641
...   119 A-T ...
   30.2977  -77.5220    7.0466
   -0.8490   -0.3754    0.3718
    0.5277   -0.5676    0.6320
   -0.0262    0.7327    0.6800
...   120 A-T ...
   30.0119  -75.0728    9.1720
   -0.3776   -0.6900    0.6175
    0.9234   -0.2315    0.3061
   -0.0682    0.6858    0.7246
...   121 T-A ...
   29.1936  -72.8656   11.5137
    0.1786   -0.7197    0.6710
    0.9808    0.1841   -0.0637
   -0.0777    0.6695    0.7388
...   122 G-C ...
   28.9687  -70.6996   14.2342
    0.7595   -0.5068    0.4078
    0.6495    0.6265   -0.4309
   -0.0371    0.5921    0.8050
...   123 T-A ...
   28.7784  -69.2516   17.2089
    0.9898   -0.0913    0.1097
    0.1375    0.8157   -0.5618
   -0.0382    0.5712    0.8199
...   124 G-C ...
   28.7092  -67.3553   20.0326
    0.8566    0.4281   -0.2879
   -0.5159    0.7168   -0.4690
    0.0056    0.5503    0.8349
...   125 T-A ...
   29.0659  -65.9319   22.9335
    0.4356    0.7392   -0.5136
   -0.8999    0.3720   -0.2277
    0.0227    0.5614    0.8273
...   126 C-G ...
   29.2046  -64.1265   25.5854
   -0.2043    0.8216   -0.5322
   -0.9785   -0.1568    0.1336
    0.0263    0.5481    0.8360
...   127 G-C ...
   28.5923  -62.5980   28.5638
   -0.7420    0.5221   -0.4206
   -0.6693   -0.6135    0.4191
   -0.0393    0.5924    0.8047
...   128 A-T ...
   28.6307  -60.7668   31.1756
   -0.9954    0.0420   -0.0866
   -0.0838   -0.8208    0.5650
   -0.0473    0.5697    0.8205
...   129 C-G ...
   28.3750  -58.3298   33.3960
   -0.8758   -0.4399    0.1988
    0.4747   -0.7097    0.5206
   -0.0879    0.5502    0.8304
...   130 C-G ...
   27.5654  -56.4140   36.1052
   -0.4559   -0.8151    0.3575
    0.8734   -0.3323    0.3561
   -0.1714    0.4746    0.8634
...   131 A-T ...
   27.7332  -55.0748   39.2767
    0.1850   -0.8920    0.4125
    0.9653    0.2437    0.0941
   -0.1845    0.3808    0.9061
...   132 A-T ...
   27.0665  -54.0067   42.3155
    0.7252   -0.5765    0.3766
    0.6623    0.7335   -0.1526
   -0.1883    0.3601    0.9137
...   133 A-T ...
   26.2467  -53.1534   45.3859
    0.9687   -0.0024    0.2484
    0.0926    0.9313   -0.3523
   -0.2305    0.3642    0.9023
...   134 T-A ...
   25.6308  -52.5796   48.6349
    0.8597    0.5096    0.0340
   -0.4497    0.7867   -0.4230
   -0.2423    0.3484    0.9055
...   135 G-C ...
   25.2859  -52.4980   52.0750
    0.3205    0.9427   -0.0927
   -0.8825    0.2616   -0.3908
   -0.3442    0.2071    0.9158
...   136 T-A ...
   25.5356  -52.9668   55.8001
   -0.2443    0.9563   -0.1608
   -0.8908   -0.2868   -0.3525
   -0.3832    0.0571    0.9219
...   137 G-C ...
   24.9038  -52.7259   58.9820
   -0.7529    0.5562   -0.3519
   -0.5214   -0.8303   -0.1968
   -0.4017    0.0354    0.9151
...   138 A-T ...
   24.0250  -51.6261   61.9210
   -0.9563    0.0400   -0.2896
   -0.0523   -0.9980    0.0347
   -0.2877    0.0483    0.9565
...   139 G-C ...
   22.3574  -51.2299   64.4909
   -0.8529   -0.5117   -0.1032
    0.4973   -0.8566    0.1372
   -0.1586    0.0657    0.9852
...   140 C-G ...
   22.1609  -50.1386   67.4617
   -0.4681   -0.8749    0.1247
    0.8495   -0.4066    0.3363
   -0.2435    0.2633    0.9335
...   141 G-C ...
   21.4367  -51.8164   72.7855
    0.1304   -0.7141   -0.6877
    0.8897   -0.2218    0.3990
   -0.4375   -0.6639    0.6065
...   142 C-G ...
   20.4355  -54.2994   74.5394
    0.5847   -0.7390   -0.3347
    0.7593    0.3532    0.5466
   -0.2857   -0.5737    0.7676
...   143 T-A ...
   18.4378  -55.5190   76.5272
    0.8548   -0.5006    0.1370
    0.3188    0.7147    0.6225
   -0.4096   -0.4884    0.7705
...   144 C-G ...
   16.8485  -57.7126   78.2647
    0.8529   -0.0846    0.5152
   -0.1509    0.9047    0.3983
   -0.4998   -0.4175    0.7589
...   145 A-T ...
   15.7933  -59.5518   80.7962
    0.5515    0.4995    0.6681
   -0.6739    0.7388    0.0040
   -0.4915   -0.4525    0.7441
...   146 C-G ...
   15.7411  -61.4838   83.9295
    0.0342    0.7400    0.6718
   -0.8637    0.3601   -0.3527
   -0.5029   -0.5681    0.6514
...   147 A-T ...
   14.7482  -63.4170   86.8164
   -0.5923    0.6746    0.4405
   -0.6886   -0.1400   -0.7115
   -0.4183   -0.7247    0.5475
