  147 base-pairs
...     1 T-A ...
    0.0000    0.0000    0.0000
    1.0000    0.0000    0.0000
    0.0000    1.0000    0.0000
    0.0000    0.0000    1.0000
...     2 G-C ...
   -0.5555   -1.1003    3.3981
    0.7749    0.6051    0.1828
   -0.5991    0.7953   -0.0929
   -0.2016   -0.0375    0.9787
...     3 T-A ...
   -0.6619   -3.0237    6.5348
    0.3046    0.9250    0.2271
   -0.8994    0.3578   -0.2510
   -0.3134   -0.1278    0.9410
...     4 G-C ...
   -1.1607   -3.8418    9.6940
   -0.3351    0.9421    0.0133
   -0.8752   -0.3061   -0.3746
   -0.3489   -0.1372    0.9271
...     5 A-T ...
   -1.3881   -3.6770   12.8999
   -0.7835    0.6162   -0.0801
   -0.5677   -0.7622   -0.3109
   -0.2527   -0.1981    0.9470
...     6 G-C ...
   -2.6236   -3.5448   15.7072
   -0.9923    0.0611   -0.1075
   -0.0294   -0.9610   -0.2748
   -0.1201   -0.2695    0.9555
...     7 C-G ...
   -2.3138   -3.7570   18.8866
   -0.8620   -0.4995   -0.0864
    0.5008   -0.8655    0.0073
   -0.0785   -0.0370    0.9962
...     8 G-C ...
   -3.9561   -6.8109   23.3205
   -0.2581   -0.3560   -0.8981
    0.6294   -0.7673    0.1233
   -0.7330   -0.5335    0.4221
...     9 C-G ...
   -6.1177   -8.9414   24.2385
    0.1143   -0.7320   -0.6716
    0.8123   -0.3203    0.4874
   -0.5720   -0.6013    0.5580
...    10 T-A ...
   -8.5041   -9.6771   26.0540
    0.4660   -0.8587   -0.2131
    0.6274    0.1508    0.7640
   -0.6239   -0.4897    0.6090
...    11 C-G ...
  -11.0625  -11.3174   27.2336
    0.6660   -0.6911    0.2808
    0.3382    0.6152    0.7121
   -0.6649   -0.3794    0.6435
...    12 A-T ...
  -13.0013  -13.1789   29.0658
    0.7188   -0.1490    0.6790
   -0.1787    0.9043    0.3876
   -0.6718   -0.4000    0.6235
...    13 C-G ...
  -14.1788  -15.9359   31.3399
    0.4052    0.2865    0.8682
   -0.5270    0.8492   -0.0343
   -0.7470   -0.4437    0.4951
...    14 A-T ...
  -15.9532  -18.1566   33.3080
   -0.1503    0.6873    0.7107
   -0.6106    0.5008   -0.6135
   -0.7776   -0.5261    0.3444
...    15 A-T ...
  -18.2945  -19.9964   34.6633
   -0.5257    0.8212    0.2220
   -0.3934   -0.0033   -0.9194
   -0.7542   -0.5707    0.3248
...    16 T-A ...
  -20.5415  -21.7522   36.3836
   -0.6780    0.6774   -0.2853
   -0.0489   -0.4288   -0.9021
   -0.7334   -0.5976    0.3239
...    17 T-A ...
  -22.8846  -23.5991   37.7155
   -0.6002    0.2669   -0.7540
    0.3827   -0.7319   -0.5637
   -0.7023   -0.6269    0.3372
...    18 T-A ...
  -25.2452  -25.4660   38.9617
   -0.2649   -0.2213   -0.9385
    0.6788   -0.7341   -0.0185
   -0.6849   -0.6420    0.3447
...    19 A-T ...
  -27.3173  -27.8219   40.2009
    0.2568   -0.5890   -0.7662
    0.6979   -0.4354    0.5686
   -0.6685   -0.6808    0.2993
...    20 T-A ...
  -29.8458  -29.8618   40.6520
    0.5950   -0.7116   -0.3736
    0.4664   -0.0727    0.8816
   -0.6545   -0.6988    0.2886
...    21 T-A ...
  -31.9747  -32.1909   41.3853
    0.7757   -0.6002    0.1952
    0.0290    0.3429    0.9389
   -0.6304   -0.7227    0.2834
...    22 C-G ...
  -33.8654  -34.7128   42.3156
    0.6633   -0.2454    0.7070
   -0.4624    0.6084    0.6450
   -0.5884   -0.7548    0.2901
...    23 G-C ...
  -35.8427  -37.0721   43.7494
    0.3217    0.2204    0.9208
   -0.8014    0.5813    0.1409
   -0.5042   -0.7833    0.3636
...    24 C-G ...
  -37.1043  -39.8412   45.1705
   -0.1783    0.5285    0.8300
   -0.8564    0.3320   -0.3954
   -0.4846   -0.7813    0.3934
...    25 A-T ...
  -38.9596  -42.3687   46.3541
   -0.6355    0.6596    0.4013
   -0.5851   -0.0724   -0.8077
   -0.5037   -0.7481    0.4320
...    26 A-T ...
  -40.4427  -44.7730   48.0003
   -0.8790    0.4543   -0.1448
   -0.0785   -0.4374   -0.8958
   -0.4703   -0.7761    0.4202
...    27 A-T ...
  -41.9631  -47.1808   49.5952
   -0.7638    0.0856   -0.6398
    0.4703   -0.6051   -0.6424
   -0.4421   -0.7915    0.4219
...    28 G-C ...
  -43.6176  -49.6593   51.1035
   -0.3471   -0.2100   -0.9140
    0.8183   -0.5439   -0.1858
   -0.4581   -0.8125    0.3606
...    29 G-C ...
  -45.3689  -52.3046   52.2831
    0.2170   -0.3974   -0.8916
    0.8692   -0.3371    0.3618
   -0.4443   -0.8535    0.2723
...    30 C-G ...
  -47.1482  -55.0559   52.8560
    0.6910   -0.4652   -0.5533
    0.5949   -0.0687    0.8008
   -0.4106   -0.8825    0.2293
...    31 C-G ...
  -48.4351  -58.1503   53.2846
    0.9411   -0.3366   -0.0310
    0.0918    0.1663    0.9818
   -0.3253   -0.9269    0.1874
...    32 G-C ...
  -49.2644  -61.2798   54.3226
    0.8502   -0.0763    0.5209
   -0.4858    0.2673    0.8322
   -0.2027   -0.9606    0.1901
...    33 G-C ...
  -49.5054  -64.6094   54.9653
    0.4374    0.1551    0.8858
   -0.8897    0.2176    0.4013
   -0.1306   -0.9636    0.2332
...    34 C-G ...
  -49.4689  -67.8562   55.8310
   -0.1442    0.2737    0.9509
   -0.9835    0.0668   -0.1684
   -0.1096   -0.9595    0.2596
...    35 C-G ...
  -49.6418  -71.0568   56.9902
   -0.6764    0.3100    0.6681
   -0.7258   -0.1269   -0.6761
   -0.1248   -0.9422    0.3108
...    36 C-G ...
  -49.9753  -74.1805   58.3154
   -0.9616    0.2348    0.1424
   -0.2092   -0.2904   -0.9338
   -0.1779   -0.9277    0.3284
...    37 G-C ...
  -50.5187  -77.4672   59.0005
   -0.8805    0.1054   -0.4621
    0.3970   -0.3685   -0.8406
   -0.2589   -0.9236    0.2827
...    38 A-T ...
  -51.3546  -80.4912   60.0226
   -0.4493   -0.1041   -0.8873
    0.8524   -0.3474   -0.3909
   -0.2675   -0.9319    0.2449
...    39 C-G ...
  -52.8100  -83.3373   60.8997
    0.0933   -0.2342   -0.9677
    0.9587   -0.2411    0.1508
   -0.2686   -0.9418    0.2020
...    40 A-T ...
  -53.4728  -86.5727   61.5665
    0.6652   -0.2160   -0.7148
    0.7149   -0.0922    0.6931
   -0.2156   -0.9720    0.0930
...    41 C-G ...
  -54.4343  -89.7269   61.2712
    0.9538   -0.1903   -0.2326
    0.2397    0.0149    0.9707
   -0.1813   -0.9816    0.0598
...    42 G-C ...
  -54.6997  -93.0724   61.8328
    0.9289   -0.0440    0.3677
   -0.3654    0.0516    0.9294
   -0.0598   -0.9977    0.0318
...    43 A-T ...
  -54.7085  -96.3853   61.9337
    0.5107    0.0099    0.8597
   -0.8593    0.0387    0.5100
   -0.0282   -0.9992    0.0282
...    44 C-G ...
  -54.1321  -99.7012   61.9276
   -0.0453    0.0315    0.9985
   -0.9989    0.0100   -0.0456
   -0.0115   -0.9995    0.0310
...    45 T-A ...
  -53.8861 -103.0373   62.2456
   -0.5980    0.0533    0.7997
   -0.8014   -0.0265   -0.5975
   -0.0106   -0.9982    0.0586
...    46 T-A ...
  -53.6748 -106.2826   62.6031
   -0.9595   -0.0165    0.2812
   -0.2806   -0.0314   -0.9593
    0.0247   -0.9994    0.0255
...    47 A-T ...
  -53.4175 -109.6681   62.1684
   -0.9022   -0.0542   -0.4279
    0.4275    0.0192   -0.9038
    0.0572   -0.9983    0.0059
...    48 C-G ...
  -53.6143 -112.9577   62.6704
   -0.5251   -0.0008   -0.8511
    0.8499    0.0507   -0.5244
    0.0436   -0.9987   -0.0259
...    49 T-A ...
  -53.7755 -116.2876   62.5647
    0.0256    0.1089   -0.9937
    0.9991    0.0300    0.0290
    0.0329   -0.9936   -0.1081
...    50 G-C ...
  -53.3948 -119.5975   62.0445
    0.5970    0.2306   -0.7683
    0.7981   -0.0744    0.5978
    0.0807   -0.9702   -0.2285
...    51 T-A ...
  -53.4164 -122.6314   60.7388
    0.9282    0.2010   -0.3130
    0.3524   -0.2058    0.9129
    0.1190   -0.9577   -0.2618
...    52 A-T ...
  -52.8454 -125.9206   60.1559
    0.9357    0.0600    0.3477
   -0.3112   -0.3242    0.8933
    0.1664   -0.9441   -0.2847
...    53 G-C ...
  -52.0009 -128.9578   59.0294
    0.5952   -0.0928    0.7982
   -0.7729   -0.3378    0.5371
    0.2197   -0.9366   -0.2728
...    54 G-C ...
  -50.8872 -132.0836   58.2516
    0.0313   -0.2310    0.9725
   -0.9650   -0.2604   -0.0308
    0.2603   -0.9375   -0.2310
...    55 T-A ...
  -49.4252 -135.0840   57.7129
   -0.5083   -0.3436    0.7897
   -0.8201   -0.0869   -0.5656
    0.2630   -0.9351   -0.2376
...    56 A-T ...
  -48.8114 -138.1460   56.1886
   -0.9098   -0.3869    0.1503
   -0.2502    0.2223   -0.9423
    0.3312   -0.8949   -0.2991
...    57 T-A ...
  -47.6899 -141.2557   55.8553
   -0.8988   -0.2234   -0.3771
    0.2643    0.4101   -0.8729
    0.3496   -0.8843   -0.3096
...    58 C-G ...
  -46.4868 -144.2025   54.9183
   -0.5609    0.1108   -0.8204
    0.7539    0.4779   -0.4509
    0.3421   -0.8714   -0.3516
...    59 T-A ...
  -45.6259 -147.1968   53.7210
   -0.0807    0.4311   -0.8987
    0.9411    0.3299    0.0738
    0.3283   -0.8398   -0.4323
...    60 C-G ...
  -44.5769 -149.9314   52.2258
    0.4800    0.5981   -0.6417
    0.8047   -0.0089    0.5937
    0.3494   -0.8014   -0.4855
...    61 G-C ...
  -42.9582 -152.4965   50.6734
    0.8000    0.5898   -0.1102
    0.4098   -0.4030    0.8183
    0.4382   -0.6999   -0.5641
...    62 A-T ...
  -41.3426 -154.6517   48.7580
    0.8674    0.2457    0.4327
   -0.1436   -0.7090    0.6904
    0.4764   -0.6610   -0.5797
...    63 G-C ...
  -39.5171 -156.5975   46.7307
    0.6172   -0.1699    0.7683
   -0.5841   -0.7531    0.3028
    0.5271   -0.6356   -0.5640
...    64 C-G ...
  -37.3423 -158.4986   44.9820
    0.1628   -0.5704    0.8051
   -0.8158   -0.5367   -0.2154
    0.5550   -0.6217   -0.5527
...    65 T-A ...
  -35.2135 -160.5391   43.3467
   -0.3355   -0.7728    0.5387
   -0.7524   -0.1242   -0.6468
    0.5668   -0.6223   -0.5399
...    66 C-G ...
  -33.2298 -162.5804   41.6004
   -0.7256   -0.6881    0.0035
   -0.3852    0.4020   -0.8307
    0.5701   -0.6041   -0.5568
...    67 G-C ...
  -31.2590 -164.2237   39.3464
   -0.8560   -0.2606   -0.4465
    0.1069    0.7557   -0.6461
    0.5058   -0.6008   -0.6190
...    68 G-C ...
  -29.4613 -166.4066   37.4418
   -0.6883    0.2721   -0.6725
    0.5622    0.7859   -0.2574
    0.4585   -0.5553   -0.6939
...    69 G-C ...
  -28.0321 -168.4646   35.1576
   -0.3092    0.7279   -0.6121
    0.8470    0.5035    0.1708
    0.4325   -0.4656   -0.7721
...    70 A-T ...
  -26.6553 -169.9504   32.5876
    0.2188    0.9201   -0.3250
    0.8709   -0.0339    0.4903
    0.4401   -0.3903   -0.8087
...    71 T-A ...
  -25.7334 -170.9524   29.6217
    0.6143    0.7891    0.0054
    0.6453   -0.5063    0.5720
    0.4541   -0.3479   -0.8202
...    72 C-G ...
  -24.0791 -171.8433   26.9320
    0.8560    0.3428    0.3870
    0.1737   -0.8957    0.4094
    0.4870   -0.2832   -0.8262
...    73 C-G ...
  -21.9916 -172.4571   24.3182
    0.7730   -0.2173    0.5961
   -0.3035   -0.9517    0.0467
    0.5571   -0.2170   -0.8016
...    74 G-C ...
  -20.0537 -173.7146   21.7948
    0.4178   -0.7412    0.5254
   -0.6594   -0.6452   -0.3858
    0.6250   -0.1853   -0.7583
...    75 C-G ...
  -17.6261 -174.2686   19.4929
   -0.0397   -0.9802    0.1938
   -0.7702   -0.0936   -0.6309
    0.6366   -0.1743   -0.7512
...    76 T-A ...
  -15.2736 -174.9433   17.1642
   -0.4738   -0.8563   -0.2055
   -0.6135    0.4884   -0.6206
    0.6318   -0.1680   -0.7567
...    77 T-A ...
  -12.9964 -175.5631   14.8905
   -0.7174   -0.3860   -0.5799
   -0.2242    0.9161   -0.3325
    0.6596   -0.1085   -0.7437
...    78 T-A ...
  -10.7692 -176.0871   12.5666
   -0.7062    0.2428   -0.6651
    0.2288    0.9672    0.1101
    0.6701   -0.0745   -0.7386
...    79 A-T ...
   -8.4004 -176.1210   10.1506
   -0.4728    0.7980   -0.3737
    0.6174    0.6026    0.5058
    0.6288    0.0084   -0.7775
...    80 A-T ...
   -6.4907 -176.0595    7.5437
   -0.0653    0.9970    0.0410
    0.7851    0.0260    0.6188
    0.6159    0.0727   -0.7845
...    81 C-G ...
   -4.9950 -175.5682    4.6608
    0.3277    0.8455    0.4216
    0.7172   -0.5132    0.4715
    0.6150    0.1478   -0.7745
...    82 A-T ...
   -2.6671 -174.9709    2.2784
    0.6146    0.3555    0.7042
    0.4363   -0.8969    0.0719
    0.6572    0.2630   -0.7063
...    83 C-G ...
   -0.5915 -173.4200    0.1567
    0.7430   -0.2055    0.6370
    0.0529   -0.9307   -0.3619
    0.6672    0.3026   -0.6806
...    84 T-A ...
    1.8258 -172.1771   -1.8277
    0.6330   -0.7059    0.3179
   -0.3457   -0.6252   -0.6997
    0.6926    0.3330   -0.6398
...    85 T-A ...
    4.2047 -170.8579   -3.6732
    0.3434   -0.9065   -0.2458
   -0.6740   -0.0556   -0.7366
    0.6541    0.4186   -0.6301
...    86 T-A ...
    6.5563 -169.3988   -5.4526
   -0.0913   -0.7001   -0.7082
   -0.7645    0.5050   -0.4006
    0.6381    0.5049   -0.5813
...    87 A-T ...
    8.1758 -166.7772   -7.2093
   -0.5418   -0.0500   -0.8390
   -0.5167    0.8072    0.2855
    0.6629    0.5882   -0.4632
...    88 T-A ...
   10.5981 -165.3787   -8.9921
   -0.7305    0.3947   -0.5572
   -0.1617    0.6928    0.7027
    0.6634    0.6035   -0.4423
...    89 G-C ...
   12.8141 -163.1289  -10.2237
   -0.7569    0.6527    0.0334
    0.3088    0.3122    0.8985
    0.5760    0.6903   -0.4378
...    90 C-G ...
   14.4736 -160.8858  -12.0449
   -0.4946    0.6557    0.5705
    0.6844   -0.1108    0.7207
    0.5358    0.7468   -0.3939
...    91 T-A ...
   15.9512 -158.2003  -13.3375
   -0.0847    0.3993    0.9129
    0.8676   -0.4211    0.2646
    0.4901    0.8144   -0.3107
...    92 T-A ...
   17.3990 -155.4412  -14.2272
    0.4279    0.0425    0.9028
    0.7649   -0.5491   -0.3367
    0.4814    0.8347   -0.2675
...    93 C-G ...
   19.0962 -152.6580  -14.8075
    0.8009   -0.3213    0.5053
    0.3625   -0.4115   -0.8362
    0.4766    0.8529   -0.2131
...    94 T-A ...
   20.7959 -149.7661  -15.1129
    0.8570   -0.5109   -0.0672
   -0.1377   -0.1014   -0.9853
    0.4966    0.8536   -0.1572
...    95 C-G ...
   22.5715 -146.9626  -15.5429
    0.5903   -0.4265   -0.6853
   -0.6475    0.2567   -0.7175
    0.4820    0.8673   -0.1247
...    96 A-T ...
   23.7362 -143.8522  -16.1156
    0.0351   -0.1668   -0.9854
   -0.8815    0.4594   -0.1091
    0.4708    0.8724   -0.1309
...    97 T-A ...
   25.8709 -141.3189  -16.5546
   -0.4327    0.1425   -0.8902
   -0.7716    0.4522    0.4474
    0.4663    0.8805   -0.0857
...    98 G-C ...
   27.2100 -138.2146  -16.4947
   -0.8500    0.3230   -0.4161
   -0.3484    0.2477    0.9040
    0.3951    0.9134   -0.0980
...    99 T-A ...
   28.5478 -135.2991  -17.3915
   -0.9200    0.3590    0.1572
    0.1722    0.0100    0.9850
    0.3520    0.9333   -0.0710
...   100 T-A ...
   29.5990 -132.2519  -17.7037
   -0.6586    0.2444    0.7117
    0.6824   -0.2046    0.7017
    0.3171    0.9478   -0.0321
...   101 A-T ...
   30.6614 -129.0522  -17.5200
   -0.1361   -0.0558    0.9891
    0.9573   -0.2643    0.1169
    0.2549    0.9628    0.0894
...   102 T-A ...
   30.8442 -125.8109  -17.0444
    0.3795   -0.2103    0.9010
    0.8920   -0.1753   -0.4166
    0.2455    0.9618    0.1211
...   103 A-T ...
   32.0707 -122.6230  -16.7780
    0.8761   -0.2739    0.3968
    0.4254    0.0514   -0.9036
    0.2271    0.9604    0.1615
...   104 A-T ...
   32.7726 -119.5348  -15.9501
    0.9639   -0.1335   -0.2302
   -0.1980    0.2182   -0.9556
    0.1778    0.9667    0.1839
...   105 C-G ...
   33.6920 -116.4826  -14.7537
    0.6871    0.0357   -0.7257
   -0.7063    0.2670   -0.6556
    0.1704    0.9630    0.2087
...   106 G-C ...
   33.7660 -113.1049  -14.2256
    0.1011    0.1706   -0.9801
   -0.9806    0.1835   -0.0693
    0.1680    0.9681    0.1859
...   107 G-C ...
   34.5064 -109.8697  -13.4018
   -0.5026    0.1997   -0.8411
   -0.8566    0.0161    0.5157
    0.1165    0.9797    0.1629
...   108 A-T ...
   35.0397 -106.6668  -12.7342
   -0.9280    0.1378   -0.3461
   -0.3646   -0.1459    0.9197
    0.0762    0.9797    0.1856
...   109 C-G ...
   35.3690 -103.3709  -12.6905
   -0.9787   -0.0140    0.2049
    0.2032   -0.2076    0.9569
    0.0292    0.9781    0.2060
...   110 G-C ...
   35.5474 -100.1458  -11.5849
   -0.6775   -0.2914    0.6753
    0.7292   -0.1458    0.6686
   -0.0963    0.9454    0.3113
...   111 G-C ...
   34.8366  -97.0538  -10.4292
   -0.1359   -0.4370    0.8891
    0.9783    0.0823    0.1900
   -0.1563    0.8957    0.4164
...   112 C-G ...
   33.8520  -94.3324   -8.7732
    0.4481   -0.3688    0.8144
    0.8777    0.3548   -0.3222
   -0.1701    0.8591    0.4827
...   113 T-A ...
   33.1735  -91.7170   -6.8037
    0.8716   -0.1555    0.4649
    0.4662    0.5559   -0.6882
   -0.1514    0.8166    0.5570
...   114 C-G ...
   32.8522  -89.0974   -4.7887
    0.9724    0.2253   -0.0609
   -0.1810    0.5631   -0.8063
   -0.1474    0.7951    0.5883
...   115 G-C ...
   32.3574  -86.1276   -3.1700
    0.6649    0.4971   -0.5575
   -0.7415    0.3494   -0.5728
   -0.0900    0.7942    0.6009
...   116 T-A ...
   32.6198  -83.6289   -0.8831
    0.1297    0.6186   -0.7749
   -0.9865    0.0021   -0.1635
   -0.0996    0.7857    0.6106
...   117 A-T ...
   31.4649  -81.3618    1.5572
   -0.6241    0.5095   -0.5923
   -0.7764   -0.4893    0.3972
   -0.0874    0.7078    0.7010
...   118 T-A ...
   31.6046  -78.6830    3.5114
   -0.9439    0.1768   -0.2788
   -0.3198   -0.6992    0.6394
   -0.0819    0.6927    0.7166
...   119 A-T ...
   31.4225  -76.7629    6.3574
   -0.9142   -0.3491    0.2061
    0.3949   -0.6524    0.6468
   -0.0914    0.6727    0.7343
...   120 A-T ...
   30.9922  -74.5226    8.6696
   -0.4949   -0.6862    0.5331
    0.8627   -0.3146    0.3959
   -0.1040    0.6558    0.7477
...   121 T-A ...
   30.0089  -72.3751   10.9572
    0.0353   -0.7624    0.6462
    0.9932    0.0985    0.0620
   -0.1109    0.6396    0.7607
...   122 G-C ...
   29.9772  -70.3756   13.6935
    0.6407   -0.6036    0.4746
    0.7623    0.5739   -0.2991
   -0.0918    0.5534    0.8278
...   123 T-A ...
   29.4307  -69.0975   16.7400
    0.9588   -0.1933    0.2082
    0.2738    0.8243   -0.4955
   -0.0759    0.5321    0.8433
...   124 G-C ...
   29.3988  -67.0387   19.4219
    0.9232    0.3346   -0.1892
   -0.3843    0.7891   -0.4792
   -0.0110    0.5151    0.8571
...   125 T-A ...
   29.8013  -65.7475   22.5211
    0.5453    0.7209   -0.4277
   -0.8382    0.4650   -0.2849
   -0.0065    0.5139    0.8578
...   126 C-G ...
   29.8545  -64.0677   25.4057
   -0.1076    0.8539   -0.5093
   -0.9941   -0.0982    0.0453
   -0.0113    0.5111    0.8594
...   127 G-C ...
   29.3544  -62.5395   28.4399
   -0.6872    0.5778   -0.4404
   -0.7235   -0.5987    0.3436
   -0.0651    0.5547    0.8295
...   128 A-T ...
   29.2234  -60.7069   31.2054
   -0.9866    0.0637   -0.1499
   -0.1350   -0.8349    0.5336
   -0.0911    0.5467    0.8324
...   129 C-G ...
   28.8357  -58.4150   33.5989
   -0.8914   -0.4296    0.1446
    0.4366   -0.7282    0.5284
   -0.1217    0.5341    0.8366
...   130 C-G ...
   28.1753  -56.5691   36.3667
   -0.4613   -0.8175    0.3448
    0.8677   -0.3345    0.3677
   -0.1852    0.4688    0.8636
...   131 A-T ...
   27.8186  -55.1512   39.4216
    0.1801   -0.8944    0.4093
    0.9626    0.2459    0.1139
   -0.2025    0.3735    0.9053
...   132 A-T ...
   27.0007  -54.0884   42.3897
    0.7235   -0.5659    0.3954
    0.6579    0.7387   -0.1466
   -0.2091    0.3662    0.9067
...   133 A-T ...
   26.2479  -53.1206   45.4141
    0.9703    0.0035    0.2417
    0.0838    0.9331   -0.3497
   -0.2268    0.3596    0.9051
...   134 T-A ...
   25.6309  -52.5797   48.6348
    0.8597    0.5096    0.0340
   -0.4497    0.7867   -0.4230
   -0.2423    0.3484    0.9055
...   135 G-C ...
   25.2860  -52.4981   52.0749
    0.3205    0.9427   -0.0927
   -0.8825    0.2616   -0.3908
   -0.3441    0.2071    0.9158
...   136 T-A ...
   25.5357  -52.9668   55.8001
   -0.2443    0.9563   -0.1608
   -0.8908   -0.2868   -0.3525
   -0.3832    0.0571    0.9219
...   137 G-C ...
   24.9038  -52.7260   58.9820
   -0.7529    0.5562   -0.3519
   -0.5214   -0.8303   -0.1968
   -0.4017    0.0354    0.9151
...   138 A-T ...
   24.0250  -51.6261   61.9209
   -0.9563    0.0400   -0.2896
   -0.0523   -0.9980    0.0347
   -0.2877    0.0483    0.9565
...   139 G-C ...
   22.3575  -51.2300   64.4908
   -0.8529   -0.5117   -0.1032
    0.4973   -0.8566    0.1372
   -0.1586    0.0657    0.9852
...   140 C-G ...
   22.1610  -50.1386   67.4617
   -0.4681   -0.8749    0.1247
    0.8495   -0.4066    0.3363
   -0.2435    0.2633    0.9335
...   141 G-C ...
   21.4367  -51.8164   72.7855
    0.1304   -0.7141   -0.6877
    0.8897   -0.2218    0.3990
   -0.4375   -0.6639    0.6065
...   142 C-G ...
   20.4356  -54.2994   74.5394
    0.5847   -0.7390   -0.3347
    0.7593    0.3532    0.5466
   -0.2857   -0.5737    0.7676
...   143 T-A ...
   18.4379  -55.5190   76.5272
    0.8548   -0.5006    0.1370
    0.3188    0.7147    0.6225
   -0.4096   -0.4884    0.7705
...   144 C-G ...
   16.8486  -57.7126   78.2647
    0.8529   -0.0846    0.5152
   -0.1509    0.9047    0.3983
   -0.4998   -0.4175    0.7589
...   145 A-T ...
   15.7934  -59.5518   80.7962
    0.5515    0.4995    0.6681
   -0.6739    0.7388    0.0040
   -0.4915   -0.4525    0.7441
...   146 C-G ...
   15.7412  -61.4839   83.9295
    0.0342    0.7400    0.6718
   -0.8637    0.3601   -0.3527
   -0.5029   -0.5681    0.6514
...   147 A-T ...
   14.7482  -63.4170   86.8164
   -0.5923    0.6746    0.4405
   -0.6886   -0.1400   -0.7115
   -0.4183   -0.7247    0.5475
