  147 base-pairs
...     1 T-A ...
    0.0000    0.0000    0.0000
    1.0000    0.0000    0.0000
    0.0000    1.0000    0.0000
    0.0000    0.0000    1.0000
...     2 G-C ...
   -0.5555   -1.1003    3.3981
    0.7749    0.6051    0.1828
   -0.5991    0.7953   -0.0929
   -0.2016   -0.0375    0.9787
...     3 T-A ...
   -0.6619   -3.0237    6.5348
    0.3046    0.9250    0.2271
   -0.8994    0.3578   -0.2510
   -0.3134   -0.1278    0.9410
...     4 G-C ...
   -1.1607   -3.8418    9.6940
   -0.3351    0.9421    0.0133
   -0.8752   -0.3061   -0.3746
   -0.3489   -0.1372    0.9271
...     5 A-T ...
   -1.3881   -3.6770   12.8999
   -0.7835    0.6162   -0.0801
   -0.5677   -0.7622   -0.3109
   -0.2527   -0.1981    0.9470
...     6 G-C ...
   -2.6236   -3.5448   15.7072
   -0.9923    0.0611   -0.1075
   -0.0294   -0.9610   -0.2748
   -0.1201   -0.2695    0.9555
...     7 C-G ...
   -2.3138   -3.7570   18.8866
   -0.8620   -0.4995   -0.0864
    0.5008   -0.8655    0.0073
   -0.0785   -0.0370    0.9962
...     8 G-C ...
   -3.9561   -6.8109   23.3205
   -0.2581   -0.3560   -0.8981
    0.6294   -0.7673    0.1233
   -0.7330   -0.5335    0.4221
...     9 C-G ...
   -6.1177   -8.9414   24.2385
    0.1143   -0.7320   -0.6716
    0.8123   -0.3203    0.4874
   -0.5720   -0.6013    0.5580
...    10 T-A ...
   -8.5041   -9.6771   26.0540
    0.4660   -0.8587   -0.2131
    0.6274    0.1508    0.7640
   -0.6239   -0.4897    0.6090
...    11 C-G ...
  -11.0625  -11.3174   27.2336
    0.6660   -0.6911    0.2808
    0.3382    0.6152    0.7121
   -0.6649   -0.3794    0.6435
...    12 A-T ...
  -13.0013  -13.1789   29.0658
    0.7188   -0.1490    0.6790
   -0.1787    0.9043    0.3876
   -0.6718   -0.4000    0.6235
...    13 C-G ...
  -14.1788  -15.9359   31.3399
    0.4052    0.2865    0.8682
   -0.5270    0.8492   -0.0343
   -0.7470   -0.4437    0.4951
...    14 A-T ...
  -15.9532  -18.1566   33.3080
   -0.1503    0.6873    0.7107
   -0.6106    0.5008   -0.6135
   -0.7776   -0.5261    0.3444
...    15 A-T ...
  -18.3941  -19.9221   34.5351
   -0.5048    0.8404    0.1976
   -0.3820   -0.0122   -0.9241
   -0.7742   -0.5419    0.3272
...    16 T-A ...
  -20.7459  -21.6321   36.3225
   -0.6695    0.6623   -0.3365
   -0.0157   -0.4655   -0.8849
   -0.7427   -0.5872    0.3220
...    17 T-A ...
  -23.1828  -23.3721   37.6845
   -0.5725    0.2229   -0.7891
    0.4128   -0.7532   -0.5122
   -0.7085   -0.6189    0.3392
...    18 T-A ...
  -25.5749  -25.2838   38.8482
   -0.2027   -0.2466   -0.9477
    0.6748   -0.7365    0.0473
   -0.7096   -0.6299    0.3157
...    19 A-T ...
  -27.7029  -27.6944   40.0048
    0.3091   -0.6353   -0.7077
    0.6433   -0.4083    0.6476
   -0.7004   -0.6554    0.2825
...    20 T-A ...
  -30.3344  -29.6693   40.3686
    0.6133   -0.7502   -0.2471
    0.3738    0.0002    0.9275
   -0.6958   -0.6612    0.2806
...    21 T-A ...
  -32.6072  -31.9045   41.0384
    0.7025   -0.6078    0.3701
   -0.0946    0.4358    0.8951
   -0.7053   -0.6638    0.2487
...    22 C-G ...
  -34.8258  -34.1767   41.9502
    0.5062   -0.2024    0.8383
   -0.5271    0.6967    0.4866
   -0.6825   -0.6882    0.2460
...    23 G-C ...
  -37.2505  -36.0757   43.3841
    0.1936    0.3075    0.9317
   -0.7694    0.6368   -0.0503
   -0.6088   -0.7070    0.3598
...    24 C-G ...
  -38.9304  -38.6035   44.6904
   -0.2204    0.6342    0.7411
   -0.7536    0.3716   -0.5422
   -0.6192   -0.6780    0.3960
...    25 A-T ...
  -41.3973  -40.8719   45.3314
   -0.6423    0.7340    0.2207
   -0.4269   -0.1035   -0.8983
   -0.6365   -0.6713    0.3798
...    26 A-T ...
  -43.4504  -43.0481   46.7133
   -0.7782    0.5142   -0.3606
    0.0561   -0.5151   -0.8553
   -0.6256   -0.6858    0.3720
...    27 A-T ...
  -45.4864  -45.1653   48.1737
   -0.5941    0.0877   -0.7996
    0.5353   -0.6989   -0.4744
   -0.6004   -0.7098    0.3682
...    28 G-C ...
  -47.8535  -47.2602   49.4298
   -0.1506   -0.2693   -0.9512
    0.7674   -0.6384    0.0593
   -0.6232   -0.7211    0.3028
...    29 G-C ...
  -50.2426  -49.6685   50.2071
    0.3944   -0.5281   -0.7520
    0.6932   -0.3662    0.6207
   -0.6032   -0.7662    0.2216
...    30 C-G ...
  -52.2836  -52.2586   50.4538
    0.7573   -0.5969   -0.2651
    0.3121   -0.0258    0.9497
   -0.5737   -0.8019    0.1668
...    31 C-G ...
  -54.0996  -55.0567   50.8061
    0.8324   -0.4461    0.3287
   -0.2198    0.2787    0.9349
   -0.5087   -0.8505    0.1339
...    32 G-C ...
  -55.5559  -57.7166   51.7504
    0.6068   -0.1509    0.7804
   -0.6744    0.4219    0.6060
   -0.4207   -0.8940    0.1543
...    33 G-C ...
  -56.6268  -60.8517   52.5834
    0.1132    0.1496    0.9822
   -0.9163    0.3980    0.0450
   -0.3842   -0.9051    0.1822
...    34 C-G ...
  -57.6355  -63.9249   53.3241
   -0.4433    0.3743    0.8145
   -0.8088    0.2246   -0.5435
   -0.3864   -0.8997    0.2031
...    35 C-G ...
  -58.9767  -66.9112   54.3534
   -0.8320    0.4521    0.3217
   -0.3808   -0.0434   -0.9236
   -0.4036   -0.8909    0.2083
...    36 C-G ...
  -60.3158  -69.9359   55.3847
   -0.8719    0.3789   -0.3102
    0.1956   -0.3114   -0.9299
   -0.4489   -0.8715    0.1974
...    37 G-C ...
  -61.0267  -73.4293   55.3155
   -0.5421    0.1861   -0.8195
    0.6987   -0.4419   -0.5626
   -0.4668   -0.8775    0.1095
...    38 A-T ...
  -62.4746  -76.2317   55.8096
   -0.0007   -0.1021   -0.9948
    0.8935   -0.4469    0.0452
   -0.4492   -0.8888    0.0915
...    39 C-G ...
  -64.2196  -78.8987   55.7575
    0.5139   -0.2679   -0.8149
    0.7401   -0.3419    0.5791
   -0.4338   -0.9007    0.0226
...    40 A-T ...
  -65.4752  -82.0930   55.6822
    0.8959   -0.3412   -0.2844
    0.2496   -0.1430    0.9577
   -0.3675   -0.9290   -0.0430
...    41 C-G ...
  -66.3826  -85.2356   55.0184
    0.8999   -0.3249    0.2910
   -0.2960    0.0352    0.9545
   -0.3204   -0.9451   -0.0645
...    42 G-C ...
  -67.4887  -88.4090   55.2938
    0.5138   -0.2051    0.8330
   -0.8211    0.1637    0.5468
   -0.2485   -0.9650   -0.0843
...    43 A-T ...
  -68.2260  -91.5398   55.0035
   -0.1093   -0.0805    0.9907
   -0.9634    0.2539   -0.0857
   -0.2447   -0.9639   -0.1053
...    44 C-G ...
  -68.5057  -94.8718   54.8850
   -0.6310    0.0880    0.7708
   -0.7362    0.2454   -0.6307
   -0.2446   -0.9654   -0.0901
...    45 T-A ...
  -69.0292  -98.4645   55.1118
   -0.9438    0.2373    0.2300
   -0.1966    0.1565   -0.9679
   -0.2657   -0.9588   -0.1010
...    46 T-A ...
  -69.8515 -101.5643   54.8758
   -0.8788    0.2697   -0.3936
    0.4176    0.0356   -0.9080
   -0.2309   -0.9623   -0.1439
...    47 A-T ...
  -70.2607 -104.8770   54.0772
   -0.3616    0.2365   -0.9018
    0.9050   -0.1434   -0.4005
   -0.2241   -0.9610   -0.1621
...    48 C-G ...
  -71.6234 -107.8657   53.6810
    0.2108    0.1748   -0.9618
    0.9516   -0.2618    0.1610
   -0.2236   -0.9492   -0.2215
...    49 T-A ...
  -72.6081 -110.9475   52.6342
    0.7286    0.0862   -0.6794
    0.6610   -0.3484    0.6646
   -0.1794   -0.9334   -0.3108
...    50 G-C ...
  -72.8852 -114.1592   51.4655
    0.9954   -0.0060   -0.0961
    0.0859   -0.3952    0.9146
   -0.0435   -0.9186   -0.3928
...    51 T-A ...
  -72.7281 -116.9121   49.7896
    0.8723   -0.2097    0.4417
   -0.4889   -0.3551    0.7968
   -0.0103   -0.9110   -0.4123
...    52 A-T ...
  -72.4353 -119.9594   48.2809
    0.3629   -0.3724    0.8542
   -0.9313   -0.1763    0.3188
    0.0319   -0.9112   -0.4108
...    53 T-A ...
  -71.5948 -122.7993   46.7936
   -0.2286   -0.4501    0.8632
   -0.9727    0.0685   -0.2219
    0.0407   -0.8904   -0.4534
...    54 C-G ...
  -71.3032 -125.7991   45.3199
   -0.8087   -0.3060    0.5025
   -0.5867    0.3570   -0.7269
    0.0430   -0.8826   -0.4682
...    55 A-T ...
  -71.0410 -128.3420   42.9818
   -0.9984    0.0530   -0.0210
    0.0447    0.4977   -0.8662
   -0.0355   -0.8657   -0.4993
...    56 T-A ...
  -71.2995 -131.4027   41.7494
   -0.8161    0.3345   -0.4713
    0.5756    0.3974   -0.7146
   -0.0517   -0.8545   -0.5169
...    57 G-C ...
  -71.4369 -134.4140   39.9073
   -0.2586    0.5906   -0.7644
    0.9643    0.1117   -0.2399
   -0.0563   -0.7992   -0.5985
...    58 T-A ...
  -72.2293 -137.0351   37.9163
    0.3292    0.5675   -0.7547
    0.9432   -0.2349    0.2347
   -0.0441   -0.7891   -0.6127
...    59 T-A ...
  -72.4719 -139.4392   35.8501
    0.8174    0.3779   -0.4349
    0.5761   -0.5314    0.6211
    0.0036   -0.7582   -0.6520
...    60 A-T ...
  -72.2127 -142.2185   33.8578
    0.9941   -0.0340    0.1028
   -0.0986   -0.6772    0.7292
    0.0448   -0.7350   -0.6766
...    61 T-A ...
  -71.7550 -144.1110   31.1927
    0.7843   -0.3999    0.4743
   -0.6180   -0.5710    0.5404
    0.0547   -0.7170   -0.6949
...    62 A-T ...
  -71.9677 -146.7082   28.8042
    0.1023   -0.7643    0.6367
   -0.9939   -0.1046    0.0342
    0.0405   -0.6364   -0.7703
...    63 A-T ...
  -71.6044 -148.7834   26.2942
   -0.5434   -0.7123    0.4442
   -0.8365    0.4153   -0.3574
    0.0701   -0.5658   -0.8215
...    64 C-G ...
  -70.7987 -151.0209   23.7133
   -0.9262   -0.3650    0.0939
   -0.3575    0.7717   -0.5260
    0.1196   -0.5208   -0.8453
...    65 G-C ...
  -70.3329 -152.4793   20.7944
   -0.9337    0.2274   -0.2766
    0.3298    0.8472   -0.4165
    0.1396   -0.4801   -0.8660
...    66 G-C ...
  -69.7388 -154.3006   18.0419
   -0.6027    0.6984   -0.3860
    0.7905    0.5887   -0.1692
    0.1091   -0.4071   -0.9068
...    67 A-T ...
  -69.0680 -155.8005   15.1498
    0.0016    0.9374   -0.3481
    0.9884    0.0515    0.1430
    0.1520   -0.3443   -0.9265
...    68 G-C ...
  -68.7230 -156.8796   12.0840
    0.5086    0.8526   -0.1203
    0.8355   -0.4550    0.3080
    0.2078   -0.2571   -0.9438
...    69 G-C ...
  -68.1552 -157.1540    8.5948
    0.8661    0.4517    0.2143
    0.3920   -0.8795    0.2697
    0.3103   -0.1496   -0.9388
...    70 T-A ...
  -67.0119 -157.0441    5.5604
    0.9259   -0.0748    0.3702
   -0.1100   -0.9911    0.0748
    0.3613   -0.1100   -0.9259
...    71 A-T ...
  -65.3404 -157.0262    2.5645
    0.6455   -0.6468    0.4061
   -0.6132   -0.7559   -0.2293
    0.4553   -0.1010   -0.8846
...    72 T-A ...
  -63.3335 -156.8429   -0.0562
    0.2161   -0.9583    0.1871
   -0.8588   -0.2778   -0.4305
    0.4645   -0.0677   -0.8830
...    73 C-G ...
  -61.5439 -157.1394   -2.9344
   -0.3826   -0.9101   -0.1592
   -0.7946    0.4121   -0.4458
    0.4713   -0.0441   -0.8808
...    74 T-A ...
  -59.8020 -157.6138   -5.8217
   -0.7711   -0.5089   -0.3827
   -0.4302    0.8595   -0.2761
    0.4694   -0.0482   -0.8817
...    75 C-G ...
  -57.9716 -157.6040   -8.7320
   -0.8590    0.1602   -0.4862
    0.1370    0.9871    0.0833
    0.4933    0.0049   -0.8698
...    76 G-C ...
  -55.9786 -156.8584  -11.3572
   -0.6764    0.6927   -0.2503
    0.5789    0.7101    0.4007
    0.4553    0.1262   -0.8813
...    77 A-T ...
  -53.8891 -156.4895  -13.8384
   -0.2398    0.9634    0.1202
    0.8265    0.1376    0.5458
    0.5093    0.2302   -0.8292
...    78 G-C ...
  -52.3482 -155.4883  -16.6000
    0.1934    0.8538    0.4833
    0.8204   -0.4109    0.3976
    0.5380    0.3196   -0.7800
...    79 C-G ...
  -50.9007 -153.9593  -19.2682
    0.5922    0.4340    0.6789
    0.5696   -0.8214    0.0283
    0.5700    0.3700   -0.7337
...    80 T-A ...
  -49.0267 -152.4412  -21.5533
    0.7528   -0.1165    0.6478
    0.1926   -0.9022   -0.3860
    0.6294    0.4153   -0.6567
...    81 C-G ...
  -46.5928 -151.4785  -23.5105
    0.7003   -0.6443    0.3072
   -0.2155   -0.6012   -0.7695
    0.6805    0.4727   -0.5599
...    82 G-C ...
  -44.3582 -150.6769  -26.2029
    0.4179   -0.8859   -0.2014
   -0.5252   -0.0546   -0.8492
    0.7413    0.4607   -0.4881
...    83 G-C ...
  -41.5391 -149.2889  -27.6506
    0.0111   -0.7561   -0.6543
   -0.6540    0.4895   -0.5768
    0.7564    0.4343   -0.4891
...    84 G-C ...
  -38.8837 -148.0425  -29.2897
   -0.4118   -0.3620   -0.8363
   -0.5182    0.8479   -0.1118
    0.7496    0.3873   -0.5367
...    85 A-T ...
  -36.1254 -146.9894  -31.0092
   -0.6219    0.2702   -0.7350
   -0.1589    0.8755    0.4563
    0.7668    0.4006   -0.5016
...    86 T-A ...
  -33.6178 -146.1487  -33.0043
   -0.6181    0.6953   -0.3668
    0.1923    0.5861    0.7871
    0.7623    0.4160   -0.4959
...    87 C-G ...
  -31.1528 -144.8137  -34.8479
   -0.3856    0.8992    0.2065
    0.5167    0.0250    0.8558
    0.7644    0.4367   -0.4743
...    88 C-G ...
  -28.5400 -143.6277  -36.4996
   -0.1675    0.6900    0.7042
    0.6308   -0.4739    0.6144
    0.7577    0.5471   -0.3558
...    89 G-C ...
  -25.7169 -141.9250  -37.2637
    0.0915    0.2048    0.9745
    0.6488   -0.7547    0.0977
    0.7555    0.6233   -0.2019
...    90 C-G ...
  -23.4131 -139.3624  -37.6578
    0.4302   -0.2895    0.8551
    0.4942   -0.7171   -0.4914
    0.7555    0.6340   -0.1654
...    91 T-A ...
  -20.7302 -137.0807  -37.5013
    0.6270   -0.6639    0.4075
    0.2094   -0.3602   -0.9091
    0.7503    0.6553   -0.0869
...    92 T-A ...
  -18.2773 -134.8998  -37.4213
    0.6633   -0.7129   -0.2277
   -0.1975    0.1267   -0.9721
    0.7219    0.6897   -0.0567
...    93 T-A ...
  -15.8232 -132.7028  -37.2592
    0.4600   -0.4526   -0.7639
   -0.5600    0.5197   -0.6452
    0.6890    0.7246   -0.0144
...    94 A-T ...
  -14.3205 -129.6570  -37.4057
    0.0930    0.1088   -0.9897
   -0.7587    0.6514    0.0003
    0.6448    0.7509    0.1431
...    95 A-T ...
  -12.0835 -127.3533  -36.8697
   -0.3470    0.5273   -0.7756
   -0.6885    0.4184    0.5924
    0.6369    0.7395    0.2179
...    96 C-G ...
   -9.5903 -125.0414  -36.5165
   -0.6689    0.6821   -0.2957
   -0.3837    0.0240    0.9232
    0.6367    0.7309    0.2457
...    97 A-T ...
   -7.4695 -122.5886  -35.6129
   -0.8096    0.5017    0.3047
    0.0869   -0.4110    0.9075
    0.5805    0.7612    0.2892
...    98 C-G ...
   -5.8888 -119.6823  -35.0735
   -0.6612    0.1744    0.7296
    0.5045   -0.6165    0.6045
    0.5552    0.7678    0.3196
...    99 T-A ...
   -4.3916 -116.6410  -33.9770
   -0.2950   -0.3081    0.9045
    0.8060   -0.5886    0.0624
    0.5132    0.7474    0.4219
...   100 T-A ...
   -3.0257 -114.1058  -32.4508
    0.2260   -0.6029    0.7651
    0.8330   -0.2876   -0.4726
    0.5050    0.7442    0.4372
...   101 T-A ...
   -1.4807 -111.7281  -30.8490
    0.6512   -0.6778    0.3413
    0.5594    0.1248   -0.8194
    0.5128    0.7245    0.4605
...   102 A-T ...
    0.4023 -109.1954  -29.4562
    0.8716   -0.4069   -0.2732
   -0.0024    0.5538   -0.8326
    0.4902    0.7264    0.4817
...   103 T-A ...
    2.1032 -107.3582  -27.3356
    0.7531   -0.0930   -0.6513
   -0.4179    0.6970   -0.5827
    0.5081    0.7110    0.4861
...   104 G-C ...
    4.0272 -105.1602  -25.7694
    0.2943    0.2939   -0.9094
   -0.7734    0.6323   -0.0460
    0.5615    0.7168    0.4134
...   105 C-G ...
    6.1823 -102.9068  -24.5818
   -0.2074    0.5896   -0.7807
   -0.8128    0.3403    0.4729
    0.5444    0.7326    0.4086
...   106 T-A ...
    8.3568 -100.4544  -23.4559
   -0.6585    0.6562   -0.3685
   -0.5345   -0.0631    0.8428
    0.5298    0.7519    0.3923
...   107 T-A ...
   10.1083  -97.9914  -22.3694
   -0.8679    0.4717    0.1560
   -0.0690   -0.4254    0.9023
    0.4920    0.7723    0.4018
...   108 C-G ...
   11.6293  -95.2853  -21.1491
   -0.7734    0.0696    0.6301
    0.4613   -0.6200    0.6347
    0.4348    0.7815    0.4474
...   109 C-G ...
   13.0767  -92.6678  -19.7758
   -0.4659   -0.3819    0.7982
    0.8054   -0.5566    0.2038
    0.3665    0.7378    0.5669
...   110 G-C ...
   14.4110  -90.6845  -17.7434
   -0.0192   -0.7109    0.7030
    0.9486   -0.2351   -0.2118
    0.3159    0.6628    0.6789
...   111 G-C ...
   15.3410  -88.8659  -15.0678
    0.4915   -0.7666    0.4132
    0.8154    0.2385   -0.5275
    0.3058    0.5962    0.7423
...   112 C-G ...
   16.2296  -87.4466  -12.1369
    0.8569   -0.5152    0.0147
    0.4036    0.6530   -0.6408
    0.3206    0.5551    0.7675
...   113 T-A ...
   17.3197  -85.7672   -9.4867
    0.9347   -0.0714   -0.3482
   -0.1260    0.8493   -0.5126
    0.3323    0.5230    0.7849
...   114 C-G ...
   18.4612  -83.8775   -6.9899
    0.6578    0.4739   -0.5854
   -0.6695    0.7240   -0.1662
    0.3451    0.5013    0.7935
...   115 G-C ...
   19.1580  -81.9652   -4.3528
    0.0957    0.7989   -0.5939
   -0.9351    0.2767    0.2214
    0.3412    0.5341    0.7735
...   116 T-A ...
   20.9183  -79.9829   -2.2067
   -0.4574    0.7951   -0.3984
   -0.8328   -0.2258    0.5054
    0.3119    0.5629    0.7654
...   117 A-T ...
   22.2053  -77.8697    0.1676
   -0.8876    0.4558   -0.0670
   -0.3871   -0.6590    0.6449
    0.2498    0.5983    0.7613
...   118 T-A ...
   23.1085  -75.4319    2.1587
   -0.9612    0.0413    0.2726
    0.1292   -0.8059    0.5778
    0.2435    0.5907    0.7693
...   119 A-T ...
   24.0121  -73.7002    4.9257
   -0.6883   -0.4976    0.5279
    0.6996   -0.6479    0.3013
    0.1921    0.5767    0.7940
...   120 A-T ...
   24.3577  -71.7535    7.5007
   -0.1718   -0.8139    0.5551
    0.9728   -0.2292   -0.0350
    0.1557    0.5339    0.8311
...   121 T-A ...
   24.2235  -70.0549   10.3644
    0.3708   -0.8131    0.4487
    0.9179    0.2474   -0.3102
    0.1412    0.5269    0.8381
...   122 G-C ...
   24.6850  -68.4112   13.3509
    0.8501   -0.5151    0.1097
    0.4972    0.7163   -0.4895
    0.1736    0.4707    0.8651
...   123 T-A ...
   25.1903  -67.3623   16.4636
    0.9864   -0.0513   -0.1562
   -0.0269    0.8870   -0.4610
    0.1622    0.4589    0.8736
...   124 G-C ...
   25.7429  -65.8693   19.4534
    0.7556    0.4965   -0.4272
   -0.6249    0.7420   -0.2428
    0.1965    0.4504    0.8709
...   125 T-A ...
   26.7436  -64.7836   22.3452
    0.2969    0.8057   -0.5125
   -0.9336    0.3578    0.0216
    0.2008    0.4721    0.8584
...   126 C-G ...
   27.4393  -63.3006   25.1025
   -0.3251    0.8607   -0.3918
   -0.9255   -0.2045    0.3187
    0.1942    0.4662    0.8631
...   127 G-C ...
   27.4686  -61.9552   28.1952
   -0.8009    0.5258   -0.2865
   -0.5948   -0.6434    0.4819
    0.0690    0.5563    0.8281
...   128 A-T ...
   27.8402  -60.2362   30.8373
   -0.9987    0.0325    0.0396
   -0.0061   -0.8430    0.5379
    0.0508    0.5370    0.8421
...   129 C-G ...
   27.8314  -57.8710   33.1308
   -0.8473   -0.4538    0.2761
    0.5311   -0.7212    0.4447
   -0.0026    0.5234    0.8521
...   130 C-G ...
   27.1725  -56.0565   35.9571
   -0.4261   -0.8259    0.3692
    0.8989   -0.3404    0.2759
   -0.1022    0.4495    0.8874
...   131 A-T ...
   27.4891  -54.8713   39.1533
    0.2048   -0.9026    0.3787
    0.9697    0.2398    0.0474
   -0.1336    0.3575    0.9243
...   132 A-T ...
   26.9427  -53.9222   42.2614
    0.7362   -0.5829    0.3439
    0.6590    0.7331   -0.1683
   -0.1540    0.3505    0.9238
...   133 A-T ...
   26.2067  -53.1080   45.3566
    0.9735   -0.0046    0.2287
    0.0868    0.9324   -0.3509
   -0.2116    0.3614    0.9081
...   134 T-A ...
   25.6309  -52.5798   48.6349
    0.8597    0.5096    0.0340
   -0.4497    0.7867   -0.4230
   -0.2423    0.3484    0.9055
...   135 G-C ...
   25.2859  -52.4982   52.0750
    0.3205    0.9427   -0.0927
   -0.8825    0.2616   -0.3908
   -0.3442    0.2071    0.9158
...   136 T-A ...
   25.5357  -52.9669   55.8002
   -0.2443    0.9563   -0.1608
   -0.8908   -0.2868   -0.3525
   -0.3832    0.0571    0.9219
...   137 G-C ...
   24.9038  -52.7261   58.9821
   -0.7529    0.5562   -0.3519
   -0.5214   -0.8303   -0.1968
   -0.4017    0.0354    0.9151
...   138 A-T ...
   24.0250  -51.6262   61.9211
   -0.9563    0.0400   -0.2896
   -0.0523   -0.9980    0.0347
   -0.2877    0.0483    0.9565
...   139 G-C ...
   22.3575  -51.2301   64.4909
   -0.8529   -0.5117   -0.1032
    0.4973   -0.8566    0.1372
   -0.1586    0.0657    0.9852
...   140 C-G ...
   22.1609  -50.1387   67.4618
   -0.4681   -0.8749    0.1247
    0.8495   -0.4066    0.3363
   -0.2435    0.2633    0.9335
...   141 G-C ...
   21.4367  -51.8165   72.7856
    0.1304   -0.7141   -0.6877
    0.8897   -0.2218    0.3990
   -0.4375   -0.6639    0.6065
...   142 C-G ...
   20.4356  -54.2996   74.5395
    0.5847   -0.7390   -0.3347
    0.7593    0.3532    0.5466
   -0.2857   -0.5737    0.7676
...   143 T-A ...
   18.4378  -55.5191   76.5273
    0.8548   -0.5006    0.1370
    0.3188    0.7147    0.6225
   -0.4096   -0.4884    0.7705
...   144 C-G ...
   16.8486  -57.7128   78.2648
    0.8529   -0.0846    0.5152
   -0.1509    0.9047    0.3983
   -0.4998   -0.4175    0.7589
...   145 A-T ...
   15.7934  -59.5519   80.7963
    0.5515    0.4995    0.6681
   -0.6739    0.7388    0.0040
   -0.4915   -0.4525    0.7441
...   146 C-G ...
   15.7411  -61.4840   83.9296
    0.0342    0.7400    0.6718
   -0.8637    0.3601   -0.3527
   -0.5029   -0.5681    0.6514
...   147 A-T ...
   14.7482  -63.4172   86.8165
   -0.5923    0.6746    0.4405
   -0.6886   -0.1400   -0.7115
   -0.4183   -0.7247    0.5475
