  147 base-pairs
...     1 T-A ...
    0.0000    0.0000    0.0000
    1.0000    0.0000    0.0000
    0.0000    1.0000    0.0000
    0.0000    0.0000    1.0000
...     2 G-C ...
   -0.5555   -1.1003    3.3981
    0.7749    0.6051    0.1828
   -0.5991    0.7953   -0.0929
   -0.2016   -0.0375    0.9787
...     3 T-A ...
   -0.6619   -3.0237    6.5348
    0.3046    0.9250    0.2271
   -0.8994    0.3578   -0.2510
   -0.3134   -0.1278    0.9410
...     4 G-C ...
   -1.1607   -3.8418    9.6940
   -0.3351    0.9421    0.0133
   -0.8752   -0.3061   -0.3746
   -0.3489   -0.1372    0.9271
...     5 A-T ...
   -1.3881   -3.6770   12.8999
   -0.7835    0.6162   -0.0801
   -0.5677   -0.7622   -0.3109
   -0.2527   -0.1981    0.9470
...     6 G-C ...
   -2.6236   -3.5448   15.7072
   -0.9923    0.0611   -0.1075
   -0.0294   -0.9610   -0.2748
   -0.1201   -0.2695    0.9555
...     7 C-G ...
   -2.3138   -3.7570   18.8866
   -0.8620   -0.4995   -0.0864
    0.5008   -0.8655    0.0073
   -0.0785   -0.0370    0.9962
...     8 G-C ...
   -3.9561   -6.8109   23.3205
   -0.2581   -0.3560   -0.8981
    0.6294   -0.7673    0.1233
   -0.7330   -0.5335    0.4221
...     9 C-G ...
   -6.1177   -8.9414   24.2385
    0.1143   -0.7320   -0.6716
    0.8123   -0.3203    0.4874
   -0.5720   -0.6013    0.5580
...    10 T-A ...
   -8.5041   -9.6771   26.0540
    0.4660   -0.8587   -0.2131
    0.6274    0.1508    0.7640
   -0.6239   -0.4897    0.6090
...    11 C-G ...
  -11.0625  -11.3174   27.2336
    0.6660   -0.6911    0.2808
    0.3382    0.6152    0.7121
   -0.6649   -0.3794    0.6435
...    12 A-T ...
  -13.0013  -13.1789   29.0658
    0.7188   -0.1490    0.6790
   -0.1787    0.9043    0.3876
   -0.6718   -0.4000    0.6235
...    13 C-G ...
  -14.1788  -15.9359   31.3399
    0.4052    0.2865    0.8682
   -0.5270    0.8492   -0.0343
   -0.7470   -0.4437    0.4951
...    14 A-T ...
  -15.9532  -18.1566   33.3080
   -0.1503    0.6873    0.7107
   -0.6106    0.5008   -0.6135
   -0.7776   -0.5261    0.3444
...    15 A-T ...
  -18.3890  -19.9247   34.5405
   -0.5023    0.8410    0.2012
   -0.3856   -0.0095   -0.9226
   -0.7740   -0.5410    0.3291
...    16 T-A ...
  -20.7355  -21.6319   36.3364
   -0.6697    0.6654   -0.3298
   -0.0225   -0.4620   -0.8866
   -0.7423   -0.5863    0.3244
...    17 T-A ...
  -23.1677  -23.3667   37.7120
   -0.5785    0.2283   -0.7831
    0.4060   -0.7521   -0.5192
   -0.7075   -0.6183    0.3423
...    18 T-A ...
  -25.5571  -25.2648   38.8938
   -0.2154   -0.2394   -0.9467
    0.6724   -0.7394    0.0340
   -0.7081   -0.6293    0.3203
...    19 A-T ...
  -27.6859  -27.6592   40.0368
    0.2933   -0.6195   -0.7281
    0.6540   -0.4255    0.6255
   -0.6973   -0.6597    0.2804
...    20 T-A ...
  -30.3168  -29.6312   40.4022
    0.6054   -0.7445   -0.2815
    0.3948   -0.0262    0.9184
   -0.6911   -0.6671    0.2781
...    21 T-A ...
  -32.5831  -31.8795   41.0577
    0.7149   -0.6180    0.3270
   -0.0654    0.4065    0.9113
   -0.6961   -0.6729    0.2502
...    22 C-G ...
  -34.7625  -34.1860   41.9627
    0.5402   -0.2295    0.8097
   -0.5082    0.6779    0.5312
   -0.6708   -0.6984    0.2496
...    23 G-C ...
  -37.1095  -36.1472   43.4467
    0.2340    0.2768    0.9320
   -0.7739    0.6333    0.0062
   -0.5885   -0.7227    0.3624
...    24 C-G ...
  -38.7134  -38.7223   44.7466
   -0.1883    0.6068    0.7723
   -0.7804    0.3849   -0.4927
   -0.5962   -0.6955    0.4010
...    25 A-T ...
  -41.1308  -41.0066   45.4678
   -0.6311    0.7226    0.2822
   -0.4762   -0.0737   -0.8762
   -0.6123   -0.6874    0.3906
...    26 A-T ...
  -43.0971  -43.2312   46.8984
   -0.8005    0.5225   -0.2936
    0.0062   -0.4826   -0.8758
   -0.5993   -0.7029    0.3830
...    27 A-T ...
  -45.0310  -45.4074   48.4077
   -0.6452    0.1127   -0.7556
    0.5073   -0.6763   -0.5341
   -0.5712   -0.7279    0.3792
...    28 G-C ...
  -47.2977  -47.5634   49.7368
   -0.2141   -0.2347   -0.9482
    0.7734   -0.6337   -0.0178
   -0.5967   -0.7371    0.3172
...    29 G-C ...
  -49.6118  -50.0111   50.5998
    0.3413   -0.4936   -0.7999
    0.7401   -0.3835    0.5524
   -0.5794   -0.7806    0.2344
...    30 C-G ...
  -51.6292  -52.6068   50.9071
    0.7394   -0.5752   -0.3499
    0.3883   -0.0602    0.9195
   -0.5500   -0.8158    0.1789
...    31 C-G ...
  -53.3967  -55.4264   51.2826
    0.8641   -0.4450    0.2352
   -0.1395    0.2373    0.9614
   -0.4836   -0.8635    0.1430
...    32 G-C ...
  -54.7157  -58.1457   52.2251
    0.6828   -0.1691    0.7108
   -0.6187    0.3836    0.6856
   -0.3886   -0.9079    0.1573
...    33 G-C ...
  -55.6208  -61.3315   53.0397
    0.2126    0.1141    0.9705
   -0.9145    0.3732    0.1565
   -0.3443   -0.9207    0.1837
...    34 C-G ...
  -56.4661  -64.4467   53.7903
   -0.3580    0.3308    0.8731
   -0.8696    0.2225   -0.4408
   -0.3401   -0.9171    0.2080
...    35 C-G ...
  -57.6120  -67.4978   54.8630
   -0.7998    0.4143    0.4344
   -0.4863   -0.0227   -0.8735
   -0.3520   -0.9099    0.2196
...    36 C-G ...
  -58.7512  -70.5817   55.9297
   -0.9144    0.3604   -0.1845
    0.0856   -0.2732   -0.9581
   -0.3957   -0.8919    0.2190
...    37 G-C ...
  -59.3798  -74.0820   55.8174
   -0.6499    0.1948   -0.7346
    0.6313   -0.3999   -0.6645
   -0.4232   -0.8956    0.1369
...    38 A-T ...
  -60.6605  -76.9424   56.4018
   -0.1316   -0.0686   -0.9889
    0.9048   -0.4159   -0.0916
   -0.4050   -0.9068    0.1168
...    39 C-G ...
  -62.3163  -79.6670   56.4882
    0.4040   -0.2209   -0.8877
    0.8245   -0.3325    0.4579
   -0.3963   -0.9169    0.0478
...    40 A-T ...
  -63.4828  -82.8822   56.4716
    0.8565   -0.2909   -0.4264
    0.3937   -0.1659    0.9041
   -0.3338   -0.9422   -0.0275
...    41 C-G ...
  -64.3530  -86.0263   55.8189
    0.9475   -0.2893    0.1366
   -0.1465   -0.0127    0.9891
   -0.2844   -0.9572   -0.0544
...    42 G-C ...
  -65.2549  -89.2592   56.1310
    0.6534   -0.2002    0.7300
   -0.7277    0.0993    0.6786
   -0.2083   -0.9747   -0.0808
...    43 A-T ...
  -65.8579  -92.4152   55.8504
    0.0637   -0.1151    0.9913
   -0.9765    0.1976    0.0857
   -0.2058   -0.9735   -0.0998
...    44 C-G ...
  -65.9596  -95.7515   55.6611
   -0.4917    0.0283    0.8703
   -0.8471    0.2155   -0.4857
   -0.2013   -0.9761   -0.0820
...    45 T-A ...
  -66.2252  -99.3769   55.8679
   -0.9002    0.1650    0.4030
   -0.3771    0.1672   -0.9109
   -0.2177   -0.9720   -0.0883
...    46 T-A ...
  -66.8478 -102.5360   55.7123
   -0.9544    0.2102   -0.2120
    0.2346    0.0889   -0.9680
   -0.1846   -0.9736   -0.1342
...    47 A-T ...
  -67.1547 -105.8524   54.8978
   -0.5455    0.2220   -0.8082
    0.8197   -0.0597   -0.5697
   -0.1748   -0.9732   -0.1494
...    48 C-G ...
  -68.3217 -108.9435   54.6824
    0.0043    0.2068   -0.9784
    0.9832   -0.1793   -0.0336
   -0.1824   -0.9618   -0.2041
...    49 T-A ...
  -69.2320 -112.0827   53.7557
    0.5696    0.1616   -0.8059
    0.8073   -0.2939    0.5117
   -0.1542   -0.9421   -0.2978
...    50 G-C ...
  -69.4549 -115.2862   52.5571
    0.9510    0.0967   -0.2935
    0.3074   -0.3926    0.8668
   -0.0314   -0.9146   -0.4031
...    51 T-A ...
  -69.3888 -117.9854   50.7999
    0.9634   -0.1086    0.2452
   -0.2681   -0.4115    0.8711
    0.0063   -0.9049   -0.4255
...    52 A-T ...
  -69.9229 -121.4093   50.0227
    0.5038   -0.4243    0.7525
   -0.8638   -0.2440    0.4407
   -0.0034   -0.8720   -0.4895
...    53 G-C ...
  -69.7265 -124.3042   48.4747
   -0.0668   -0.4601    0.8854
   -0.9973    0.0043   -0.0730
    0.0297   -0.8879   -0.4592
...    54 G-C ...
  -68.9848 -127.6251   47.2380
   -0.6534   -0.3363    0.6782
   -0.7566    0.2607   -0.5997
    0.0248   -0.9050   -0.4247
...    55 T-A ...
  -68.6616 -130.7571   46.1811
   -0.9623   -0.1556    0.2230
   -0.2687    0.4202   -0.8667
    0.0412   -0.8940   -0.4462
...    56 A-T ...
  -68.4421 -133.8966   44.8470
   -0.9127    0.1713   -0.3710
    0.4076    0.4444   -0.7977
    0.0282   -0.8793   -0.4754
...    57 T-A ...
  -68.7453 -136.9762   43.7814
   -0.5375    0.3896   -0.7479
    0.8422    0.2912   -0.4537
    0.0410   -0.8737   -0.4846
...    58 C-G ...
  -68.8457 -139.9394   42.0203
    0.1421    0.5272   -0.8378
    0.9891   -0.0424    0.1411
    0.0388   -0.8487   -0.5274
...    59 T-A ...
  -68.8078 -142.5667   39.9692
    0.6663    0.4871   -0.5646
    0.7420   -0.3584    0.5666
    0.0737   -0.7964   -0.6002
...    60 C-G ...
  -68.1920 -145.1660   38.0176
    0.9770    0.1989   -0.0774
    0.1900   -0.6450    0.7402
    0.0973   -0.7378   -0.6679
...    61 G-C ...
  -67.4940 -148.0402   36.2662
    0.8803   -0.1033    0.4630
   -0.3861   -0.7231    0.5728
    0.2756   -0.6830   -0.6764
...    62 A-T ...
  -66.3141 -150.4381   34.0673
    0.4376   -0.5529    0.7091
   -0.8458   -0.5209    0.1158
    0.3053   -0.6504   -0.6956
...    63 G-C ...
  -65.2059 -152.6158   31.7715
   -0.1219   -0.7532    0.6464
   -0.9410   -0.1195   -0.3167
    0.3158   -0.6468   -0.6942
...    64 C-G ...
  -63.7759 -154.9292   29.5677
   -0.6764   -0.6718    0.3021
   -0.6609    0.3725   -0.6515
    0.3252   -0.6403   -0.6959
...    65 T-A ...
  -62.6636 -157.0896   27.2618
   -0.9279   -0.3463   -0.1382
   -0.1534    0.6924   -0.7050
    0.3398   -0.6329   -0.6956
...    66 C-G ...
  -61.5583 -159.0673   24.8584
   -0.8435    0.1516   -0.5153
    0.4207    0.7829   -0.4583
    0.3339   -0.6034   -0.7242
...    67 A-T ...
  -59.5982 -160.6295   22.4362
   -0.4396    0.6696   -0.5986
    0.8392    0.5438   -0.0079
    0.3202   -0.5059   -0.8010
...    68 T-A ...
  -58.9952 -162.3800   19.7272
    0.0472    0.8877   -0.4580
    0.9469    0.1062    0.3035
    0.3181   -0.4480   -0.8355
...    69 G-C ...
  -57.7545 -163.7763   16.7159
    0.5728    0.8185   -0.0437
    0.7247   -0.4808    0.4936
    0.3830   -0.3144   -0.8686
...    70 T-A ...
  -56.7350 -164.2890   13.5374
    0.8678    0.4220    0.2621
    0.2954   -0.8626    0.4107
    0.3994   -0.2790   -0.8733
...    71 T-A ...
  -55.3901 -164.9537   10.7141
    0.8674   -0.1542    0.4732
   -0.2515   -0.9563    0.1494
    0.4294   -0.2486   -0.8682
...    72 A-T ...
  -54.0414 -166.1077    7.6990
    0.4698   -0.7916    0.3906
   -0.7785   -0.5802   -0.2395
    0.4162   -0.1915   -0.8889
...    73 T-A ...
  -52.0569 -166.4447    5.0633
   -0.0008   -0.9872    0.1595
   -0.9045   -0.0673   -0.4211
    0.4264   -0.1447   -0.8929
...    74 A-T ...
  -50.7831 -166.5031    1.7128
   -0.6041   -0.7120   -0.3579
   -0.6245    0.7019   -0.3425
    0.4950    0.0166   -0.8687
...    75 A-T ...
  -48.9916 -166.5140   -1.0283
   -0.8197   -0.1151   -0.5611
   -0.1433    0.9897    0.0063
    0.5546    0.0856   -0.8277
...    76 C-G ...
  -46.9678 -166.8184   -3.8097
   -0.7398    0.4822   -0.4692
    0.3353    0.8689    0.3642
    0.5833    0.1122   -0.8045
...    77 G-C ...
  -44.8937 -166.1190   -6.2580
   -0.4583    0.8861   -0.0690
    0.6877    0.4027    0.6040
    0.5630    0.2294   -0.7940
...    78 G-C ...
  -43.1900 -165.1977   -8.9228
   -0.0787    0.9262    0.3687
    0.8393   -0.1380    0.5259
    0.5380    0.3508   -0.7665
...    79 A-T ...
  -41.5610 -163.8975  -11.5126
    0.4022    0.6323    0.6621
    0.7247   -0.6618    0.1918
    0.5595    0.4027   -0.7245
...    80 T-A ...
  -40.0694 -162.0314  -13.7719
    0.6964    0.1651    0.6984
    0.4140   -0.8874   -0.2030
    0.5862    0.4305   -0.6863
...    81 C-G ...
  -37.7668 -160.6334  -15.7216
    0.7806   -0.4342    0.4496
   -0.0528   -0.7625   -0.6448
    0.6228    0.4796   -0.6182
...    82 G-C ...
  -35.5053 -159.9467  -18.4102
    0.5773   -0.8165   -0.0072
   -0.4449   -0.3072   -0.8413
    0.6847    0.4889   -0.5406
...    83 G-C ...
  -32.8390 -158.4025  -19.9911
    0.1857   -0.8509   -0.4914
   -0.6795    0.2501   -0.6898
    0.7098    0.4620   -0.5317
...    84 G-C ...
  -30.2954 -157.0828  -21.7520
   -0.2818   -0.5760   -0.7674
   -0.6349    0.7116   -0.3009
    0.7194    0.4024   -0.5662
...    85 A-T ...
  -27.6021 -155.9243  -23.5164
   -0.5931    0.0249   -0.8048
   -0.3269    0.9060    0.2689
    0.7358    0.4225   -0.5292
...    86 T-A ...
  -25.0908 -155.0626  -25.5021
   -0.6807    0.5090   -0.5269
    0.0374    0.7424    0.6689
    0.7316    0.4356   -0.5244
...    87 C-G ...
  -22.6878 -153.7189  -27.4366
   -0.5214    0.8533    0.0089
    0.4338    0.2561    0.8638
    0.7348    0.4543   -0.5037
...    88 C-G ...
  -20.1096 -152.4960  -29.1264
   -0.3169    0.7725    0.5503
    0.6329   -0.2600    0.7293
    0.7065    0.5794   -0.4065
...    89 G-C ...
  -17.4677 -150.5831  -30.0353
   -0.0174    0.3852    0.9227
    0.7276   -0.6280    0.2759
    0.6857    0.6762   -0.2694
...    90 C-G ...
  -15.4765 -147.8491  -30.7936
    0.3878   -0.0726    0.9189
    0.6165   -0.7207   -0.3171
    0.6852    0.6894   -0.2347
...    91 T-A ...
  -13.1169 -145.2393  -30.9267
    0.6612   -0.4956    0.5632
    0.3253   -0.4871   -0.8105
    0.6760    0.7191   -0.1608
...    92 T-A ...
  -10.9316 -142.7975  -31.1042
    0.7526   -0.6569   -0.0465
   -0.1253   -0.0735   -0.9894
    0.6465    0.7504   -0.1376
...    93 T-A ...
   -8.7391 -140.3402  -31.2144
    0.5667   -0.5271   -0.6332
   -0.5521    0.3275   -0.7668
    0.6116    0.7841   -0.1054
...    94 A-T ...
   -7.5308 -137.2257  -31.8556
    0.1668   -0.0573   -0.9843
   -0.8156    0.5529   -0.1704
    0.5540    0.8313    0.0455
...    95 A-T ...
   -5.5745 -134.6306  -31.6020
   -0.3276    0.3488   -0.8781
   -0.7727    0.4359    0.4614
    0.5437    0.8297    0.1268
...    96 C-G ...
   -3.3445 -132.0355  -31.4892
   -0.7005    0.5523   -0.4519
   -0.4593    0.1357    0.8778
    0.5462    0.8225    0.1587
...    97 A-T ...
   -1.5203 -129.2780  -30.8683
   -0.8704    0.4639    0.1646
    0.0483   -0.2524    0.9664
    0.4899    0.8492    0.1973
...    98 C-G ...
   -0.2186 -126.1909  -30.7211
   -0.7288    0.2244    0.6469
    0.5028   -0.4659    0.7281
    0.4648    0.8559    0.2267
...    99 T-A ...
    0.9479 -122.8998  -30.0322
   -0.3415   -0.1927    0.9199
    0.8416   -0.4984    0.2080
    0.4184    0.8453    0.3324
...   100 T-A ...
    1.9889 -120.0582  -28.8292
    0.2055   -0.4629    0.8623
    0.8879   -0.2824   -0.3632
    0.4116    0.8402    0.3530
...   101 T-A ...
    3.2423 -117.3649  -27.5051
    0.6628   -0.5717    0.4836
    0.6171    0.0512   -0.7852
    0.4242    0.8188    0.3868
...   102 A-T ...
    4.8508 -114.5512  -26.3503
    0.9113   -0.3860   -0.1432
    0.0416    0.4325   -0.9007
    0.4096    0.8148    0.4102
...   103 T-A ...
    6.2651 -112.3434  -24.3833
    0.8096   -0.1364   -0.5710
   -0.3988    0.5861   -0.7053
    0.4308    0.7987    0.4201
...   104 G-C ...
    7.9454 -109.8472  -22.9951
    0.3571    0.1853   -0.9155
   -0.7949    0.5749   -0.1937
    0.4904    0.7970    0.3526
...   105 C-G ...
    9.8889 -107.3313  -21.9533
   -0.1667    0.4721   -0.8656
   -0.8635    0.3540    0.3593
    0.4761    0.8074    0.3486
...   106 T-A ...
   11.8531 -104.6358  -21.0042
   -0.6521    0.5712   -0.4985
   -0.5981    0.0166    0.8013
    0.4659    0.8206    0.3308
...   107 T-A ...
   13.4202 -101.9760  -20.1110
   -0.8935    0.4479    0.0323
   -0.1247   -0.3165    0.9404
    0.4314    0.8362    0.3387
...   108 C-G ...
   14.7662  -99.0814  -19.1262
   -0.8199    0.1105    0.5618
    0.4329   -0.5225    0.7346
    0.3747    0.8454    0.3806
...   109 C-G ...
   16.0657  -96.2737  -17.9967
   -0.5123   -0.3092    0.8012
    0.8043   -0.4997    0.3215
    0.3010    0.8091    0.5047
...   110 G-C ...
   17.1992  -94.0200  -16.1279
   -0.0517   -0.6336    0.7719
    0.9674   -0.2236   -0.1188
    0.2478    0.7406    0.6245
...   111 G-C ...
   17.8899  -91.9000  -13.6157
    0.4783   -0.7060    0.5223
    0.8453    0.2089   -0.4918
    0.2382    0.6767    0.6967
...   112 C-G ...
   18.5437  -90.1823  -10.7847
    0.8650   -0.4861    0.1242
    0.4333    0.5989   -0.6735
    0.2530    0.6364    0.7287
...   113 T-A ...
   19.4124  -88.2310   -8.2430
    0.9576   -0.0793   -0.2771
   -0.1074    0.7940   -0.5983
    0.2675    0.6027    0.7518
...   114 C-G ...
   20.3679  -86.0758   -5.8984
    0.6870    0.4350   -0.5821
   -0.6685    0.6923   -0.2717
    0.2848    0.5758    0.7664
...   115 G-C ...
   20.8739  -83.9266   -3.4081
    0.1216    0.7503   -0.6498
   -0.9506    0.2765    0.1414
    0.2857    0.6005    0.7469
...   116 T-A ...
   22.4716  -81.7488   -1.3185
   -0.4427    0.7544   -0.4847
   -0.8586   -0.2008    0.4717
    0.2586    0.6249    0.7366
...   117 A-T ...
   23.5859  -79.4653    0.9781
   -0.8878    0.4372   -0.1436
   -0.4131   -0.6196    0.6674
    0.2028    0.6519    0.7307
...   118 T-A ...
   24.3622  -76.8887    2.8486
   -0.9740    0.0458    0.2218
    0.1086   -0.7650    0.6348
    0.1987    0.6424    0.7402
...   119 A-T ...
   25.1295  -74.9751    5.5427
   -0.7043   -0.4736    0.5288
    0.6935   -0.6182    0.3699
    0.1517    0.6273    0.7639
...   120 A-T ...
   25.3522  -72.8723    8.0069
   -0.1861   -0.7834    0.5931
    0.9758   -0.2178    0.0184
    0.1147    0.5821    0.8049
...   121 T-A ...
   25.0906  -71.0206   10.7607
    0.3600   -0.7836    0.5063
    0.9274    0.2416   -0.2855
    0.1014    0.5723    0.8138
...   122 G-C ...
   25.4312  -69.2221   13.6806
    0.8486   -0.5026    0.1652
    0.5108    0.6971   -0.5032
    0.1377    0.5114    0.8482
...   123 T-A ...
   25.8333  -68.0394   16.7563
    0.9916   -0.0513   -0.1186
   -0.0149    0.8663   -0.4994
    0.1283    0.4969    0.8582
...   124 G-C ...
   26.2851  -66.4157   19.6938
    0.7670    0.4844   -0.4208
   -0.6202    0.7277   -0.2928
    0.1643    0.4856    0.8586
...   125 T-A ...
   27.1855  -65.2105   22.5730
    0.3089    0.7884   -0.5319
   -0.9357    0.3521   -0.0215
    0.1703    0.5044    0.8465
...   126 C-G ...
   27.7855  -63.6189   25.2919
   -0.3177    0.8446   -0.4309
   -0.9336   -0.1993    0.2976
    0.1655    0.4968    0.8519
...   127 G-C ...
   27.7121  -62.1957   28.3499
   -0.7981    0.5142   -0.3140
   -0.6004   -0.6360    0.4848
    0.0496    0.5755    0.8163
...   128 A-T ...
   28.0291  -60.4189   30.9620
   -0.9994    0.0268    0.0217
   -0.0103   -0.8316    0.5552
    0.0329    0.5547    0.8314
...   129 C-G ...
   27.9666  -58.0120   33.2127
   -0.8485   -0.4539    0.2722
    0.5289   -0.7094    0.4659
   -0.0184    0.5392    0.8420
...   130 C-G ...
   27.2696  -56.1476   35.9948
   -0.4255   -0.8224    0.3777
    0.8976   -0.3304    0.2918
   -0.1152    0.4631    0.8788
...   131 A-T ...
   27.5335  -54.9193   39.1790
    0.2035   -0.8987    0.3884
    0.9685    0.2430    0.0547
   -0.1435    0.3651    0.9198
...   132 A-T ...
   26.9640  -53.9406   42.2714
    0.7349   -0.5804    0.3507
    0.6589    0.7334   -0.1669
   -0.1604    0.3538    0.9215
...   133 A-T ...
   26.2130  -53.1156   45.3616
    0.9727   -0.0034    0.2320
    0.0872    0.9319   -0.3520
   -0.2150    0.3627    0.9068
...   134 T-A ...
   25.6308  -52.5796   48.6348
    0.8597    0.5096    0.0340
   -0.4497    0.7867   -0.4230
   -0.2423    0.3484    0.9055
...   135 G-C ...
   25.2859  -52.4980   52.0749
    0.3205    0.9427   -0.0927
   -0.8825    0.2616   -0.3908
   -0.3441    0.2071    0.9158
...   136 T-A ...
   25.5356  -52.9668   55.8001
   -0.2443    0.9563   -0.1608
   -0.8908   -0.2868   -0.3525
   -0.3832    0.0571    0.9219
...   137 G-C ...
   24.9038  -52.7259   58.9819
   -0.7529    0.5562   -0.3519
   -0.5214   -0.8303   -0.1968
   -0.4017    0.0354    0.9151
...   138 A-T ...
   24.0250  -51.6261   61.9209
   -0.9563    0.0400   -0.2896
   -0.0523   -0.9980    0.0347
   -0.2877    0.0483    0.9565
...   139 G-C ...
   22.3575  -51.2300   64.4908
   -0.8529   -0.5117   -0.1032
    0.4973   -0.8566    0.1372
   -0.1586    0.0657    0.9852
...   140 C-G ...
   22.1609  -50.1386   67.4616
   -0.4681   -0.8749    0.1247
    0.8495   -0.4066    0.3363
   -0.2435    0.2633    0.9335
...   141 G-C ...
   21.4367  -51.8164   72.7854
    0.1304   -0.7141   -0.6877
    0.8897   -0.2218    0.3990
   -0.4375   -0.6639    0.6065
...   142 C-G ...
   20.4355  -54.2994   74.5394
    0.5847   -0.7390   -0.3347
    0.7593    0.3532    0.5466
   -0.2857   -0.5737    0.7676
...   143 T-A ...
   18.4378  -55.5190   76.5271
    0.8548   -0.5006    0.1370
    0.3188    0.7147    0.6225
   -0.4096   -0.4884    0.7705
...   144 C-G ...
   16.8486  -57.7126   78.2647
    0.8529   -0.0846    0.5152
   -0.1509    0.9047    0.3983
   -0.4998   -0.4175    0.7589
...   145 A-T ...
   15.7934  -59.5518   80.7962
    0.5515    0.4995    0.6681
   -0.6739    0.7388    0.0040
   -0.4915   -0.4525    0.7441
...   146 C-G ...
   15.7411  -61.4839   83.9294
    0.0342    0.7400    0.6718
   -0.8637    0.3601   -0.3527
   -0.5029   -0.5681    0.6514
...   147 A-T ...
   14.7482  -63.4171   86.8164
   -0.5923    0.6746    0.4405
   -0.6886   -0.1400   -0.7115
   -0.4183   -0.7247    0.5475
