  147 base-pairs
...     1 T-A ...
    0.0000    0.0000    0.0000
    1.0000    0.0000    0.0000
    0.0000    1.0000    0.0000
    0.0000    0.0000    1.0000
...     2 G-C ...
   -0.5555   -1.1003    3.3981
    0.7749    0.6051    0.1828
   -0.5991    0.7953   -0.0929
   -0.2016   -0.0375    0.9787
...     3 T-A ...
   -0.6619   -3.0237    6.5348
    0.3046    0.9250    0.2271
   -0.8994    0.3578   -0.2510
   -0.3134   -0.1278    0.9410
...     4 G-C ...
   -1.1607   -3.8418    9.6940
   -0.3351    0.9421    0.0133
   -0.8752   -0.3061   -0.3746
   -0.3489   -0.1372    0.9271
...     5 A-T ...
   -1.3881   -3.6770   12.8999
   -0.7835    0.6162   -0.0801
   -0.5677   -0.7622   -0.3109
   -0.2527   -0.1981    0.9470
...     6 G-C ...
   -2.6236   -3.5448   15.7072
   -0.9923    0.0611   -0.1075
   -0.0294   -0.9610   -0.2748
   -0.1201   -0.2695    0.9555
...     7 C-G ...
   -2.3138   -3.7570   18.8866
   -0.8620   -0.4995   -0.0864
    0.5008   -0.8655    0.0073
   -0.0785   -0.0370    0.9962
...     8 G-C ...
   -3.9561   -6.8109   23.3205
   -0.2581   -0.3560   -0.8981
    0.6294   -0.7673    0.1233
   -0.7330   -0.5335    0.4221
...     9 C-G ...
   -6.1177   -8.9414   24.2385
    0.1143   -0.7320   -0.6716
    0.8123   -0.3203    0.4874
   -0.5720   -0.6013    0.5580
...    10 T-A ...
   -8.5041   -9.6771   26.0540
    0.4660   -0.8587   -0.2131
    0.6274    0.1508    0.7640
   -0.6239   -0.4897    0.6090
...    11 C-G ...
  -11.0625  -11.3174   27.2336
    0.6660   -0.6911    0.2808
    0.3382    0.6152    0.7121
   -0.6649   -0.3794    0.6435
...    12 A-T ...
  -13.0013  -13.1789   29.0658
    0.7188   -0.1490    0.6790
   -0.1787    0.9043    0.3876
   -0.6718   -0.4000    0.6235
...    13 C-G ...
  -14.1788  -15.9359   31.3399
    0.4052    0.2865    0.8682
   -0.5270    0.8492   -0.0343
   -0.7470   -0.4437    0.4951
...    14 A-T ...
  -15.9532  -18.1566   33.3080
   -0.1503    0.6873    0.7107
   -0.6106    0.5008   -0.6135
   -0.7776   -0.5261    0.3444
...    15 A-T ...
  -18.2882  -19.9726   34.6997
   -0.5256    0.8200    0.2266
   -0.4065   -0.0081   -0.9136
   -0.7473   -0.5723    0.3375
...    16 T-A ...
  -20.4974  -21.7313   36.4791
   -0.6944    0.6655   -0.2738
   -0.0633   -0.4354   -0.8980
   -0.7168   -0.6062    0.3444
...    17 T-A ...
  -22.7624  -23.5952   37.9377
   -0.6408    0.2302   -0.7324
    0.3858   -0.7283   -0.5664
   -0.6637   -0.6455    0.3779
...    18 T-A ...
  -24.9897  -25.4990   39.3812
   -0.3104   -0.2709   -0.9112
    0.7137   -0.6996   -0.0351
   -0.6279   -0.6612    0.4104
...    19 A-T ...
  -26.7525  -27.9144   40.9615
    0.2316   -0.6294   -0.7418
    0.7667   -0.3512    0.5374
   -0.5987   -0.6932    0.4012
...    20 T-A ...
  -29.1003  -30.0484   41.7827
    0.6075   -0.7003   -0.3748
    0.5453    0.0246    0.8379
   -0.5776   -0.7134    0.3968
...    21 T-A ...
  -30.9708  -32.4344   42.8995
    0.8405   -0.5212    0.1480
    0.0977    0.4144    0.9048
   -0.5330   -0.7460    0.3993
...    22 C-G ...
  -32.5208  -34.9980   44.2086
    0.7700   -0.1258    0.6255
   -0.4342    0.6150    0.6582
   -0.4675   -0.7784    0.4189
...    23 G-C ...
  -33.9347  -37.4330   46.0965
    0.4384    0.3397    0.8321
   -0.8308    0.5063    0.2310
   -0.3429   -0.7926    0.5042
...    24 C-G ...
  -34.5462  -40.1201   47.9958
   -0.0926    0.5903    0.8018
   -0.9487    0.1921   -0.2510
   -0.3022   -0.7840    0.5423
...    25 A-T ...
  -35.7908  -42.6405   49.8165
   -0.6279    0.6251    0.4638
   -0.7177   -0.2345   -0.6556
   -0.3010   -0.7445    0.5959
...    26 A-T ...
  -36.5574  -44.9715   51.9842
   -0.9492    0.3145    0.0113
   -0.1927   -0.5525   -0.8109
   -0.2488   -0.7719    0.5850
...    27 A-T ...
  -37.3005  -47.3200   54.1396
   -0.8863   -0.1219   -0.4468
    0.4220   -0.6102   -0.6706
   -0.1908   -0.7828    0.5922
...    28 G-C ...
  -38.0763  -49.7762   56.2768
   -0.4942   -0.4056   -0.7689
    0.8470   -0.4239   -0.3207
   -0.1959   -0.8098    0.5531
...    29 G-C ...
  -38.8862  -52.4067   58.2576
    0.0860   -0.5017   -0.8608
    0.9810   -0.1081    0.1610
   -0.1738   -0.8583    0.4829
...    30 C-G ...
  -39.8489  -55.2414   59.7060
    0.6266   -0.4220   -0.6552
    0.7685    0.1949    0.6094
   -0.1295   -0.8854    0.4464
...    31 C-G ...
  -40.3317  -58.3477   60.9296
    0.9556   -0.1418   -0.2583
    0.2934    0.3761    0.8789
   -0.0275   -0.9157    0.4010
...    32 G-C ...
  -40.0968  -61.3055   62.5604
    0.9476    0.2257    0.2260
   -0.2939    0.3388    0.8938
    0.1252   -0.9134    0.3874
...    33 G-C ...
  -39.1795  -64.3516   63.7291
    0.6095    0.4600    0.6457
   -0.7600    0.1072    0.6411
    0.2257   -0.8814    0.4149
...    34 C-G ...
  -37.9002  -67.1338   65.0701
    0.0701    0.4733    0.8781
   -0.9612   -0.2033    0.1863
    0.2667   -0.8571    0.4407
...    35 C-G ...
  -36.7387  -69.7922   66.8524
   -0.5020    0.3194    0.8037
   -0.8181   -0.4769   -0.3214
    0.2807   -0.8188    0.5007
...    36 C-G ...
  -35.7158  -72.3589   68.8462
   -0.8914    0.0273    0.4525
   -0.3770   -0.5988   -0.7066
    0.2517   -0.8004    0.5440
...    37 G-C ...
  -34.9539  -75.3171   70.3224
   -0.9560   -0.2799   -0.0881
    0.2253   -0.5075   -0.8317
    0.1880   -0.8149    0.5482
...    38 A-T ...
  -34.2802  -77.9384   72.2276
   -0.6219   -0.5191   -0.5863
    0.7597   -0.2184   -0.6125
    0.1899   -0.8264    0.5302
...    39 C-G ...
  -34.1948  -80.5875   74.2476
   -0.1161   -0.5309   -0.8394
    0.9745    0.1026   -0.1996
    0.1921   -0.8412    0.5055
...    40 A-T ...
  -33.2714  -83.3509   75.9292
    0.4560   -0.2736   -0.8469
    0.8592    0.3834    0.3387
    0.2320   -0.8821    0.4099
...    41 C-G ...
  -32.9227  -86.4964   76.8778
    0.8332    0.0160   -0.5527
    0.4847    0.4600    0.7440
    0.2661   -0.8878    0.3755
...    42 G-C ...
  -31.6790  -89.2891   78.3447
    0.9175    0.3904   -0.0766
   -0.0587    0.3232    0.9445
    0.3935   -0.8621    0.3194
...    43 A-T ...
  -30.2129  -92.0728   79.3275
    0.6813    0.5388    0.4956
   -0.5865   -0.0034    0.8100
    0.4381   -0.8424    0.3137
...    44 C-G ...
  -28.2200  -94.6691   79.9898
    0.2467    0.4686    0.8483
   -0.8499   -0.3160    0.4217
    0.4657   -0.8250    0.3203
...    45 T-A ...
  -26.3471  -97.1943   81.1392
   -0.2811    0.2435    0.9283
   -0.8270   -0.5521   -0.1056
    0.4868   -0.7974    0.3566
...    46 T-A ...
  -24.5140  -99.6126   82.3544
   -0.6976   -0.1682    0.6964
   -0.5000   -0.5820   -0.6413
    0.5132   -0.7956    0.3219
...    47 A-T ...
  -22.7965 -102.5300   82.9021
   -0.8245   -0.5563    0.1033
    0.0817   -0.2977   -0.9512
    0.5599   -0.7758    0.2909
...    48 C-G ...
  -21.1218 -104.9806   84.4568
   -0.6558   -0.6162   -0.4362
    0.5147    0.0578   -0.8554
    0.5523   -0.7855    0.2792
...    49 T-A ...
  -19.5146 -107.6997   85.5457
   -0.2982   -0.4341   -0.8501
    0.7915    0.3852   -0.4744
    0.5334   -0.8143    0.2287
...    50 G-C ...
  -17.5376 -110.3570   86.1187
    0.1582   -0.0343   -0.9868
    0.8257    0.5527    0.1132
    0.5415   -0.8327    0.1157
...    51 T-A ...
  -16.2134 -113.3844   86.1896
    0.5472    0.3075   -0.7784
    0.6167    0.4807    0.6234
    0.5659   -0.8212    0.0734
...    52 A-T ...
  -14.1259 -116.0034   86.4739
    0.7603    0.6024   -0.2430
    0.1784    0.1660    0.9698
    0.6246   -0.7807    0.0187
...    53 G-C ...
  -11.9298 -118.4936   86.2180
    0.6903    0.6467    0.3244
   -0.2432   -0.2148    0.9459
    0.6814   -0.7318    0.0090
...    54 G-C ...
   -9.3016 -120.6442   86.1499
    0.3850    0.4618    0.7991
   -0.5534   -0.5773    0.6003
    0.7385   -0.6734    0.0333
...    55 T-A ...
   -6.4367 -122.3841   86.1093
    0.0146    0.0771    0.9969
   -0.6643   -0.7445    0.0673
    0.7474   -0.6632    0.0403
...    56 A-T ...
   -4.2611 -125.0442   85.9927
   -0.3870   -0.4895    0.7814
   -0.5147   -0.5885   -0.6235
    0.7651   -0.6435   -0.0242
...    57 T-A ...
   -1.4789 -126.8093   86.4490
   -0.5812   -0.7419    0.3345
   -0.2422   -0.2347   -0.9414
    0.7769   -0.6281   -0.0433
...    58 C-G ...
    1.1374 -128.8472   86.3895
   -0.6213   -0.7194   -0.3107
    0.1523    0.2781   -0.9484
    0.7687   -0.6365   -0.0632
...    59 T-A ...
    3.5665 -131.1426   86.3841
   -0.4837   -0.4071   -0.7748
    0.4676    0.6281   -0.6220
    0.7398   -0.6632   -0.1134
...    60 C-G ...
    5.9743 -133.3654   86.0411
   -0.1455    0.0877   -0.9855
    0.6624    0.7485   -0.0312
    0.7349   -0.6573   -0.1670
...    61 G-C ...
    8.6989 -135.2775   85.3998
    0.1473    0.5884   -0.7950
    0.6526    0.5462    0.5252
    0.7433   -0.5962   -0.3035
...    62 A-T ...
   11.1322 -137.1673   84.2643
    0.4668    0.8297   -0.3060
    0.4565    0.0702    0.8869
    0.7574   -0.5537   -0.3460
...    63 G-C ...
   13.6251 -138.8231   82.8077
    0.5870    0.7694    0.2517
    0.1581   -0.4139    0.8965
    0.7940   -0.4865   -0.3646
...    64 C-G ...
   16.3968 -139.9909   81.3426
    0.5503    0.4161    0.7239
   -0.1680   -0.7941    0.5842
    0.8179   -0.4431   -0.3671
...    65 T-A ...
   19.3093 -141.1185   80.1343
    0.3430   -0.0855    0.9354
   -0.4137   -0.9078    0.0687
    0.8433   -0.4105   -0.3468
...    66 C-G ...
   22.1847 -142.3967   79.0732
    0.0242   -0.6322    0.7744
   -0.5328   -0.6636   -0.5251
    0.8459   -0.3999   -0.3530
...    67 G-C ...
   24.7818 -143.9562   77.5483
   -0.3465   -0.8773    0.3321
   -0.4450   -0.1579   -0.8815
    0.8258   -0.4533   -0.3357
...    68 G-C ...
   27.7158 -145.4194   76.6183
   -0.5936   -0.7787   -0.2034
   -0.1839    0.3772   -0.9077
    0.7835   -0.5014   -0.3671
...    69 G-C ...
   30.4477 -147.1772   75.6143
   -0.6659   -0.3849   -0.6390
    0.1670    0.7580   -0.6306
    0.7271   -0.5266   -0.4405
...    70 A-T ...
   32.8455 -148.9347   74.2314
   -0.4832    0.1740   -0.8580
    0.5250    0.8419   -0.1249
    0.7006   -0.5108   -0.4982
...    71 T-A ...
   34.6645 -151.0571   72.5348
   -0.1755    0.5963   -0.7833
    0.7020    0.6337    0.3251
    0.6902   -0.4928   -0.5298
...    72 C-G ...
   36.8645 -152.5685   70.6446
    0.2283    0.8862   -0.4031
    0.6940    0.1422    0.7058
    0.6828   -0.4409   -0.5825
...    73 C-G ...
   39.1119 -153.6531   68.3698
    0.5145    0.8502    0.1116
    0.4973   -0.4019    0.7688
    0.6985   -0.3401   -0.6296
...    74 G-C ...
   41.8569 -154.6744   66.6364
    0.6531    0.4799    0.5858
    0.1730   -0.8477    0.5015
    0.7372   -0.2262   -0.6367
...    75 C-G ...
   44.4652 -154.9495   64.5288
    0.6289   -0.0880    0.7725
   -0.2039   -0.9775    0.0547
    0.7502   -0.1920   -0.6327
...    76 T-A ...
   47.1630 -155.3155   62.5565
    0.4016   -0.6226    0.6716
   -0.5075   -0.7618   -0.4027
    0.7624   -0.1791   -0.6219
...    77 T-A ...
   49.8038 -155.6220   60.6368
    0.0620   -0.9671    0.2466
   -0.6694   -0.2236   -0.7085
    0.7403   -0.1211   -0.6613
...    78 T-A ...
   52.4057 -155.9039   58.6738
   -0.3240   -0.9108   -0.2559
   -0.5983    0.4068   -0.6903
    0.7329   -0.0705   -0.6767
...    79 A-T ...
   54.7462 -155.7637   56.2121
   -0.6522   -0.4294   -0.6248
   -0.2694    0.9016   -0.3384
    0.7086   -0.0524   -0.7037
...    80 A-T ...
   57.0447 -156.1020   53.9506
   -0.7127    0.1787   -0.6784
    0.1551    0.9832    0.0960
    0.6842   -0.0368   -0.7284
...    81 C-G ...
   59.0203 -156.7654   51.4081
   -0.5625    0.6792   -0.4714
    0.5226    0.7339    0.4338
    0.6406   -0.0024   -0.7678
...    82 A-T ...
   61.1804 -156.5147   48.8237
   -0.2433    0.9697   -0.0217
    0.7874    0.2106    0.5794
    0.5664    0.1238   -0.8148
...    83 C-G ...
   62.4540 -155.9501   45.8240
    0.1964    0.9231    0.3307
    0.8170   -0.3405    0.4653
    0.5421    0.1788   -0.8211
...    84 T-A ...
   64.0680 -154.9659   43.0741
    0.5944    0.5663    0.5710
    0.6050   -0.7827    0.1465
    0.5298    0.2584   -0.8078
...    85 T-A ...
   65.6471 -153.8442   40.4402
    0.8678   -0.0078    0.4969
    0.1273   -0.9630   -0.2374
    0.4804    0.2693   -0.8347
...    86 T-A ...
   67.1696 -152.6229   37.8025
    0.8020   -0.5705    0.1771
   -0.4351   -0.7610   -0.4812
    0.4093    0.3088   -0.8585
...    87 A-T ...
   67.6978 -151.7952   34.4126
    0.2970   -0.8887   -0.3492
   -0.9055   -0.1461   -0.3984
    0.3030    0.4345   -0.8482
...    88 T-A ...
   69.3222 -150.3700   31.8736
   -0.2237   -0.8155   -0.5337
   -0.9321    0.3390   -0.1273
    0.2847    0.4690   -0.8360
...    89 G-C ...
   70.0249 -148.6036   29.0988
   -0.7595   -0.4933   -0.4239
   -0.6186    0.7493    0.2364
    0.2010    0.4418   -0.8743
...    90 C-G ...
   70.9507 -147.4598   26.1058
   -0.9880   -0.0247   -0.1527
   -0.0921    0.8869    0.4527
    0.1242    0.4613   -0.8785
...    91 T-A ...
   71.1648 -146.1418   23.0724
   -0.8891    0.4029    0.2172
    0.4575    0.7683    0.4477
    0.0135    0.4974   -0.8674
...    92 T-A ...
   71.0184 -144.5670   20.2618
   -0.4673    0.7324    0.4951
    0.8831    0.4129    0.2227
   -0.0413    0.5413   -0.8398
...    93 C-G ...
   70.7253 -142.5847   17.6738
    0.1543    0.7999    0.5800
    0.9842   -0.0725   -0.1618
   -0.0874    0.5957   -0.7984
...    94 C-G ...
   70.3523 -140.1033   15.3820
    0.6919    0.5755    0.4359
    0.7141   -0.4569   -0.5303
   -0.1060    0.6783   -0.7271
...    95 G-C ...
   70.5627 -137.8282   12.8363
    0.9851    0.1620    0.0571
    0.1490   -0.6414   -0.7526
   -0.0853    0.7499   -0.6560
...    96 G-C ...
   70.5099 -135.0863   10.7951
    0.8864   -0.2560   -0.3857
   -0.4594   -0.5887   -0.6651
   -0.0568    0.7667   -0.6394
...    97 C-G ...
   70.5491 -132.3071    8.8475
    0.4492   -0.5470   -0.7064
   -0.8909   -0.3336   -0.3082
   -0.0671    0.7677   -0.6372
...    98 T-A ...
   70.5806 -129.6758    6.7375
   -0.1400   -0.6514   -0.7457
   -0.9857    0.0200    0.1676
   -0.0942    0.7585   -0.6449
...    99 C-G ...
   70.3701 -127.0379    4.7114
   -0.7188   -0.5192   -0.4624
   -0.6804    0.3887    0.6213
   -0.1429    0.7611   -0.6327
...   100 G-C ...
   69.7923 -124.1554    2.9642
   -0.9458   -0.3152    0.0788
   -0.1307    0.5913    0.7958
   -0.2974    0.7423   -0.6004
...   101 T-A ...
   68.6631 -122.1610    0.6091
   -0.8437   -0.0055    0.5368
    0.3972    0.6662    0.6312
   -0.3611    0.7458   -0.5599
...   102 C-G ...
   67.3396 -119.7268   -1.1268
   -0.4080    0.3261    0.8528
    0.8090    0.5620    0.1721
   -0.4232    0.7601   -0.4931
...   103 A-T ...
   65.9380 -116.9785   -2.5059
    0.1954    0.4837    0.8532
    0.8607    0.3324   -0.3856
   -0.4701    0.8097   -0.3514
...   104 T-A ...
   63.9104 -114.4712   -3.1632
    0.6197    0.5796    0.5292
    0.6198    0.0523   -0.7830
   -0.4815    0.8133   -0.3268
...   105 G-C ...
   62.6846 -111.5918   -4.4139
    0.8879    0.4568   -0.0541
    0.0728   -0.2558   -0.9640
   -0.4542    0.8520   -0.2604
...   106 T-A ...
   61.3361 -108.4938   -4.6793
    0.7658    0.2531   -0.5913
   -0.4444   -0.4564   -0.7709
   -0.4649    0.8530   -0.2370
...   107 T-A ...
   59.9348 -105.5552   -5.1353
    0.2817   -0.0049   -0.9595
   -0.8093   -0.5384   -0.2348
   -0.5154    0.8427   -0.1557
...   108 A-T ...
   57.3428 -103.1361   -5.1365
   -0.4602   -0.2813   -0.8421
   -0.7180   -0.4399    0.5394
   -0.5222    0.8528    0.0005
...   109 T-A ...
   56.0566 -100.1038   -5.5687
   -0.7812   -0.4598   -0.4223
   -0.3465   -0.2433    0.9059
   -0.5193    0.8540    0.0307
...   110 A-T ...
   54.3551  -97.2085   -4.9256
   -0.7948   -0.5409    0.2753
    0.2670    0.0957    0.9589
   -0.5450    0.8356    0.0684
...   111 A-T ...
   52.4895  -94.5640   -4.7839
   -0.4583   -0.4187    0.7840
    0.6844    0.3966    0.6118
   -0.5671    0.8170    0.1047
...   112 C-G ...
   50.1369  -92.2660   -4.5909
    0.0248   -0.1860    0.9822
    0.8100    0.5796    0.0893
   -0.5859    0.7934    0.1651
...   113 G-C ...
   48.4858  -89.4198   -3.6434
    0.5698    0.0806    0.8178
    0.5943    0.6469   -0.4778
   -0.5676    0.7583    0.3207
...   114 G-C ...
   46.7486  -86.9723   -2.0191
    0.8502    0.3783    0.3661
    0.1202    0.5375   -0.8347
   -0.5125    0.7536    0.4115
...   115 A-T ...
   45.2201  -84.4255   -0.4953
    0.7364    0.6330   -0.2388
   -0.4598    0.2095   -0.8629
   -0.4962    0.7453    0.4454
...   116 T-A ...
   44.0395  -82.0420    1.5222
    0.3506    0.6743   -0.6499
   -0.7859   -0.1655   -0.5958
   -0.5093    0.7196    0.4719
...   117 A-T ...
   41.4645  -80.1492    3.0764
   -0.4058    0.4369   -0.8028
   -0.7645   -0.6436    0.0362
   -0.5009    0.6284    0.5952
...   118 T-A ...
   40.3084  -77.6148    4.9214
   -0.7746    0.0422   -0.6310
   -0.4126   -0.7899    0.4537
   -0.4793    0.6118    0.6292
...   119 A-T ...
   38.8374  -76.1400    7.7475
   -0.8691   -0.4878   -0.0819
    0.2818   -0.6244    0.7285
   -0.4065    0.6101    0.6801
...   120 A-T ...
   37.4578  -74.0540    9.8376
   -0.5204   -0.7657    0.3780
    0.7598   -0.2132    0.6141
   -0.3897    0.6068    0.6928
...   121 T-A ...
   35.6345  -72.1109   11.7736
   -0.0321   -0.7722    0.6345
    0.9219    0.2223    0.3172
   -0.3860    0.5952    0.7048
...   122 G-C ...
   34.6537  -70.1522   14.3645
    0.5743   -0.5437    0.6120
    0.7399    0.6647   -0.1039
   -0.3503    0.5124    0.7840
...   123 T-A ...
   33.2869  -69.0423   17.1871
    0.9027   -0.1055    0.4172
    0.2912    0.8635   -0.4118
   -0.3168    0.4932    0.8102
...   124 G-C ...
   32.5238  -67.1141   19.8706
    0.9143    0.4049    0.0069
   -0.3388    0.7741   -0.5348
   -0.2219    0.4866    0.8450
...   125 T-A ...
   32.2713  -65.8598   22.9785
    0.5692    0.7623   -0.3080
   -0.7979    0.4217   -0.4308
   -0.1985    0.4909    0.8483
...   126 C-G ...
   31.7412  -64.1654   25.8007
   -0.0623    0.8586   -0.5088
   -0.9811   -0.1462   -0.1265
   -0.1830    0.4913    0.8515
...   127 G-C ...
   30.6594  -62.6061   28.6640
   -0.6409    0.5606   -0.5244
   -0.7412   -0.6296    0.2328
   -0.1996    0.5379    0.8191
...   128 A-T ...
   30.0908  -60.7911   31.4047
   -0.9651    0.0347   -0.2596
   -0.1662   -0.8473    0.5045
   -0.2024    0.5300    0.8235
...   129 C-G ...
   29.3950  -58.5237   33.7910
   -0.8876   -0.4569    0.0585
    0.4083   -0.7216    0.5591
   -0.2132    0.5201    0.8270
...   130 C-G ...
   28.5376  -56.6639   36.5087
   -0.4625   -0.8312    0.3084
    0.8492   -0.3154    0.4235
   -0.2547    0.4578    0.8518
...   131 A-T ...
   28.0468  -55.1933   39.5244
    0.1821   -0.8885    0.4211
    0.9504    0.2690    0.1565
   -0.2523    0.3717    0.8934
...   132 A-T ...
   27.0950  -54.1114   42.4422
    0.7207   -0.5511    0.4206
    0.6481    0.7510   -0.1265
   -0.2461    0.3638    0.8984
...   133 A-T ...
   26.2629  -53.1241   45.4316
    0.9668    0.0117    0.2552
    0.0801    0.9346   -0.3466
   -0.2426    0.3555    0.9026
...   134 T-A ...
   25.6307  -52.5796   48.6349
    0.8597    0.5096    0.0340
   -0.4497    0.7867   -0.4230
   -0.2423    0.3484    0.9055
...   135 G-C ...
   25.2858  -52.4980   52.0750
    0.3205    0.9427   -0.0927
   -0.8825    0.2616   -0.3908
   -0.3441    0.2071    0.9158
...   136 T-A ...
   25.5355  -52.9668   55.8002
   -0.2443    0.9563   -0.1608
   -0.8908   -0.2868   -0.3525
   -0.3832    0.0571    0.9219
...   137 G-C ...
   24.9037  -52.7259   58.9821
   -0.7529    0.5562   -0.3519
   -0.5214   -0.8303   -0.1968
   -0.4017    0.0354    0.9151
...   138 A-T ...
   24.0249  -51.6261   61.9211
   -0.9563    0.0400   -0.2896
   -0.0523   -0.9980    0.0347
   -0.2877    0.0483    0.9565
...   139 G-C ...
   22.3574  -51.2300   64.4909
   -0.8529   -0.5117   -0.1032
    0.4973   -0.8566    0.1372
   -0.1586    0.0657    0.9852
...   140 C-G ...
   22.1608  -50.1386   67.4618
   -0.4681   -0.8749    0.1247
    0.8495   -0.4066    0.3363
   -0.2435    0.2633    0.9335
...   141 G-C ...
   21.4366  -51.8164   72.7856
    0.1304   -0.7141   -0.6877
    0.8897   -0.2218    0.3990
   -0.4375   -0.6639    0.6065
...   142 C-G ...
   20.4354  -54.2994   74.5395
    0.5847   -0.7390   -0.3347
    0.7593    0.3532    0.5466
   -0.2857   -0.5737    0.7676
...   143 T-A ...
   18.4377  -55.5190   76.5273
    0.8548   -0.5006    0.1370
    0.3188    0.7147    0.6225
   -0.4096   -0.4884    0.7705
...   144 C-G ...
   16.8485  -57.7126   78.2648
    0.8529   -0.0846    0.5152
   -0.1509    0.9047    0.3983
   -0.4998   -0.4175    0.7589
...   145 A-T ...
   15.7933  -59.5518   80.7963
    0.5515    0.4995    0.6681
   -0.6739    0.7388    0.0040
   -0.4915   -0.4525    0.7441
...   146 C-G ...
   15.7410  -61.4839   83.9296
    0.0342    0.7400    0.6718
   -0.8637    0.3601   -0.3527
   -0.5029   -0.5681    0.6514
...   147 A-T ...
   14.7481  -63.4171   86.8165
   -0.5923    0.6746    0.4405
   -0.6886   -0.1400   -0.7115
   -0.4183   -0.7247    0.5475
