  147 base-pairs
...     1 T-A ...
    0.0000    0.0000    0.0000
    1.0000    0.0000    0.0000
    0.0000    1.0000    0.0000
    0.0000    0.0000    1.0000
...     2 G-C ...
   -0.5555   -1.1003    3.3981
    0.7749    0.6051    0.1828
   -0.5991    0.7953   -0.0929
   -0.2016   -0.0375    0.9787
...     3 T-A ...
   -0.6619   -3.0237    6.5348
    0.3046    0.9250    0.2271
   -0.8994    0.3578   -0.2510
   -0.3134   -0.1278    0.9410
...     4 G-C ...
   -1.1607   -3.8418    9.6940
   -0.3351    0.9421    0.0133
   -0.8752   -0.3061   -0.3746
   -0.3489   -0.1372    0.9271
...     5 A-T ...
   -1.3881   -3.6770   12.8999
   -0.7835    0.6162   -0.0801
   -0.5677   -0.7622   -0.3109
   -0.2527   -0.1981    0.9470
...     6 G-C ...
   -2.6236   -3.5448   15.7072
   -0.9923    0.0611   -0.1075
   -0.0294   -0.9610   -0.2748
   -0.1201   -0.2695    0.9555
...     7 C-G ...
   -2.3138   -3.7570   18.8866
   -0.8620   -0.4995   -0.0864
    0.5008   -0.8655    0.0073
   -0.0785   -0.0370    0.9962
...     8 G-C ...
   -3.9561   -6.8109   23.3205
   -0.2581   -0.3560   -0.8981
    0.6294   -0.7673    0.1233
   -0.7330   -0.5335    0.4221
...     9 C-G ...
   -6.1177   -8.9414   24.2385
    0.1143   -0.7320   -0.6716
    0.8123   -0.3203    0.4874
   -0.5720   -0.6013    0.5580
...    10 T-A ...
   -8.5041   -9.6771   26.0540
    0.4660   -0.8587   -0.2131
    0.6274    0.1508    0.7640
   -0.6239   -0.4897    0.6090
...    11 C-G ...
  -11.0625  -11.3174   27.2336
    0.6660   -0.6911    0.2808
    0.3382    0.6152    0.7121
   -0.6649   -0.3794    0.6435
...    12 A-T ...
  -13.0013  -13.1789   29.0658
    0.7188   -0.1490    0.6790
   -0.1787    0.9043    0.3876
   -0.6718   -0.4000    0.6235
...    13 C-G ...
  -14.1788  -15.9359   31.3399
    0.4052    0.2865    0.8682
   -0.5270    0.8492   -0.0343
   -0.7470   -0.4437    0.4951
...    14 A-T ...
  -15.9532  -18.1566   33.3080
   -0.1503    0.6873    0.7107
   -0.6106    0.5008   -0.6135
   -0.7776   -0.5261    0.3444
...    15 A-T ...
  -18.3765  -19.8459   34.7090
   -0.5047    0.8368    0.2122
   -0.4269   -0.0283   -0.9038
   -0.7504   -0.5467    0.3716
...    16 T-A ...
  -20.6078  -21.5480   36.6706
   -0.7062    0.6442   -0.2938
   -0.0706   -0.4769   -0.8761
   -0.7045   -0.5979    0.3822
...    17 T-A ...
  -22.8500  -23.2880   38.2993
   -0.6620    0.1816   -0.7271
    0.3861   -0.7489   -0.5386
   -0.6424   -0.6373    0.4257
...    18 T-A ...
  -25.0323  -25.1104   39.9682
   -0.3453   -0.3307   -0.8783
    0.7248   -0.6885   -0.0257
   -0.5962   -0.6454    0.4774
...    19 A-T ...
  -26.6626  -27.5044   41.7576
    0.1976   -0.6756   -0.7103
    0.8076   -0.2985    0.5086
   -0.5556   -0.6741    0.4866
...    20 T-A ...
  -28.9331  -29.6043   42.9064
    0.6028   -0.7177   -0.3485
    0.5969    0.1158    0.7939
   -0.5295   -0.6866    0.4982
...    21 T-A ...
  -30.7300  -31.9287   44.3242
    0.8624   -0.4907    0.1243
    0.1576    0.4936    0.8553
   -0.4811   -0.7180    0.5031
...    22 C-G ...
  -32.1386  -34.3426   46.0359
    0.8236   -0.0622    0.5637
   -0.3866    0.6656    0.6383
   -0.4150   -0.7437    0.5242
...    23 G-C ...
  -33.2557  -36.4414   48.5510
    0.5249    0.4442    0.7261
   -0.8178    0.4996    0.2855
   -0.2359   -0.7437    0.6255
...    24 C-G ...
  -33.5983  -38.9509   50.6396
    0.0237    0.6788    0.7340
   -0.9763    0.1737   -0.1291
   -0.2151   -0.7135    0.6668
...    25 A-T ...
  -34.8959  -41.1829   52.8652
   -0.5744    0.6538    0.4925
   -0.7968   -0.3088   -0.5195
   -0.1876   -0.6908    0.6983
...    26 A-T ...
  -35.4020  -43.2863   55.3659
   -0.9443    0.3060    0.1216
   -0.2978   -0.6366   -0.7114
   -0.1403   -0.7079    0.6922
...    27 A-T ...
  -35.6764  -45.3953   57.8676
   -0.9394   -0.1904   -0.2852
    0.3375   -0.6605   -0.6707
   -0.0607   -0.7263    0.6847
...    28 G-C ...
  -36.1353  -47.6187   60.3933
   -0.5875   -0.5105   -0.6279
    0.8064   -0.4347   -0.4010
   -0.0683   -0.7419    0.6671
...    29 G-C ...
  -36.4888  -50.0861   62.7897
    0.0062   -0.6170   -0.7869
    0.9992   -0.0281    0.0299
   -0.0405   -0.7865    0.6163
...    30 C-G ...
  -36.9819  -52.6283   64.8257
    0.5679   -0.4687   -0.6766
    0.8230    0.3361    0.4580
    0.0127   -0.8169    0.5766
...    31 C-G ...
  -37.1191  -55.3775   66.7021
    0.9228   -0.1168   -0.3672
    0.3701    0.5340    0.7602
    0.1073   -0.8374    0.5360
...    32 G-C ...
  -36.4474  -57.7981   68.5644
    0.9548    0.2972    0.0052
   -0.1538    0.4790    0.8643
    0.2543   -0.8260    0.5030
...    33 G-C ...
  -35.0384  -60.4161   70.1211
    0.6849    0.5803    0.4406
   -0.6394    0.1886    0.7454
    0.3495   -0.7922    0.5002
...    34 C-G ...
  -33.3438  -62.7787   71.6940
    0.1888    0.6228    0.7592
   -0.8946   -0.2097    0.3945
    0.4050   -0.7537    0.5176
...    35 C-G ...
  -31.6433  -64.9274   73.7837
   -0.3693    0.4099    0.8340
   -0.8150   -0.5741   -0.0787
    0.4465   -0.7088    0.5461
...    36 C-G ...
  -30.0480  -67.0568   75.9133
   -0.7839    0.0159    0.6207
   -0.4217   -0.7474   -0.5134
    0.4557   -0.6642    0.5926
...    37 G-C ...
  -28.5756  -70.0753   77.0567
   -0.8980   -0.4032    0.1762
    0.1181   -0.6066   -0.7862
    0.4238   -0.6852    0.5924
...    38 A-T ...
  -27.0950  -72.1470   78.9639
   -0.6491   -0.6870   -0.3266
    0.6187   -0.2270   -0.7521
    0.4426   -0.6903    0.5724
...    39 C-G ...
  -26.1095  -74.4239   81.0310
   -0.2386   -0.6752   -0.6980
    0.8683    0.1736   -0.4646
    0.4349   -0.7170    0.5449
...    40 A-T ...
  -24.6147  -76.8731   82.7914
    0.2885   -0.3790   -0.8793
    0.8383    0.5438    0.0407
    0.4627   -0.7488    0.4746
...    41 C-G ...
  -23.3339  -79.6658   83.9687
    0.6525    0.0112   -0.7577
    0.5682    0.6544    0.4989
    0.5014   -0.7561    0.4206
...    42 G-C ...
  -21.3440  -81.8130   85.6245
    0.8114    0.4677   -0.3505
    0.0906    0.4919    0.8659
    0.5774   -0.7344    0.3568
...    43 A-T ...
  -19.5062  -84.1817   86.7124
    0.7015    0.6745    0.2300
   -0.4094    0.1173    0.9048
    0.5833   -0.7289    0.3584
...    44 C-G ...
  -17.2195  -86.4939   87.3250
    0.3406    0.6671    0.6626
   -0.7036   -0.2866    0.6502
    0.6236   -0.6877    0.3718
...    45 T-A ...
  -14.4278  -88.5267   88.4375
   -0.1501    0.3961    0.9058
   -0.7572   -0.6352    0.1523
    0.6357   -0.6630    0.3953
...    46 T-A ...
  -12.1143  -90.4566   89.6500
   -0.5191   -0.0255    0.8544
   -0.5651   -0.7397   -0.3654
    0.6413   -0.6725    0.3696
...    47 A-T ...
  -10.0432  -92.9919   90.6020
   -0.7435   -0.5302    0.4076
   -0.0851   -0.5296   -0.8440
    0.6633   -0.6622    0.3486
...    48 C-G ...
   -7.9234  -94.8981   92.3769
   -0.6795   -0.7238   -0.1201
    0.3320   -0.1574   -0.9301
    0.6543   -0.6718    0.3472
...    49 T-A ...
   -5.9889  -97.2698   93.8458
   -0.4361   -0.6375   -0.6351
    0.6582    0.2553   -0.7082
    0.6136   -0.7269    0.3082
...    50 G-C ...
   -3.8945  -99.8037   94.6466
   -0.0563   -0.2767   -0.9593
    0.7962    0.5673   -0.2104
    0.6025   -0.7756    0.1884
...    51 T-A ...
   -2.3910 -102.6002   95.1375
    0.3247    0.0958   -0.9409
    0.7194    0.6208    0.3115
    0.6140   -0.7781    0.1326
...    52 A-T ...
   -0.1494 -105.0816   95.3883
    0.6180    0.5267   -0.5836
    0.4159    0.4110    0.8113
    0.6671   -0.7441    0.0350
...    53 G-C ...
    1.9453 -107.5668   95.3043
    0.6764    0.7324   -0.0773
    0.0572    0.0525    0.9970
    0.7343   -0.6788   -0.0064
...    54 G-C ...
    4.7960 -109.6682   94.5545
    0.5323    0.6822    0.5012
   -0.3031   -0.3993    0.8653
    0.7904   -0.6125   -0.0058
...    55 T-A ...
    7.6655 -111.2652   94.2798
    0.2916    0.3681    0.8829
   -0.5242   -0.7105    0.4694
    0.8001   -0.5997   -0.0142
...    56 A-T ...
   10.6351 -112.9415   94.2390
   -0.1029   -0.1201    0.9874
   -0.5769   -0.8015   -0.1576
    0.8103   -0.5858    0.0132
...    57 T-A ...
   13.6619 -114.2507   94.5050
   -0.3700   -0.5433    0.7536
   -0.4431   -0.6098   -0.6572
    0.8166   -0.5770   -0.0152
...    58 C-G ...
   16.4720 -116.1529   94.7315
   -0.5700   -0.8041    0.1689
   -0.1218   -0.1206   -0.9852
    0.8126   -0.5821   -0.0292
...    59 T-A ...
   19.0771 -118.2680   94.9146
   -0.5929   -0.7048   -0.3894
    0.2109    0.3308   -0.9198
    0.7771   -0.6275   -0.0475
...    60 C-G ...
   21.7047 -120.3685   94.7412
   -0.3840   -0.3439   -0.8569
    0.5253    0.6818   -0.5091
    0.7593   -0.6456   -0.0811
...    61 G-C ...
   24.5014 -122.1152   94.0593
   -0.2007    0.1969   -0.9596
    0.6778    0.7351    0.0091
    0.7073   -0.6487   -0.2811
...    62 A-T ...
   26.9573 -124.1616   93.1736
    0.1875    0.6304   -0.7533
    0.6638    0.4840    0.5702
    0.7241   -0.6069   -0.3277
...    63 G-C ...
   29.2783 -126.1035   91.7797
    0.4647    0.8295   -0.3099
    0.4834    0.0556    0.8736
    0.7419   -0.5558   -0.3751
...    64 C-G ...
   31.7201 -127.7620   90.0282
    0.6386    0.7188    0.2748
    0.1400   -0.4596    0.8770
    0.7567   -0.5216   -0.3941
...    65 T-A ...
   34.2906 -129.3206   88.6349
    0.6048    0.3528    0.7139
   -0.2034   -0.7983    0.5668
    0.7699   -0.4880   -0.4111
...    66 C-G ...
   36.8668 -131.0669   87.4970
    0.3591   -0.2140    0.9084
   -0.5045   -0.8634   -0.0040
    0.7852   -0.4568   -0.4180
...    67 G-C ...
   38.9003 -133.5180   85.9572
   -0.0261   -0.6696    0.7423
   -0.6040   -0.5811   -0.5455
    0.7966   -0.4626   -0.3892
...    68 G-C ...
   41.7016 -134.9365   84.6513
   -0.4159   -0.8537    0.3134
   -0.5141   -0.0635   -0.8553
    0.7501   -0.5169   -0.4125
...    69 G-C ...
   44.3205 -136.6740   83.4572
   -0.7069   -0.6882   -0.1636
   -0.1974    0.4140   -0.8886
    0.6793   -0.5958   -0.4285
...    70 A-T ...
   46.6094 -138.7740   82.2301
   -0.7136   -0.2773   -0.6433
    0.2602    0.7476   -0.6110
    0.6504   -0.6034   -0.4613
...    71 T-A ...
   48.4051 -141.2261   80.9638
   -0.5020    0.1812   -0.8457
    0.5993    0.7779   -0.1891
    0.6236   -0.6017   -0.4991
...    72 C-G ...
   50.2457 -143.3234   79.1718
   -0.0829    0.6382   -0.7654
    0.7961    0.5044    0.3344
    0.5994   -0.5816   -0.5499
...    73 C-G ...
   52.1016 -145.1777   77.1941
    0.2818    0.8720   -0.4003
    0.7413    0.0670    0.6678
    0.6092   -0.4850   -0.6275
...    74 G-C ...
   54.5022 -146.6179   75.3506
    0.5880    0.7995    0.1231
    0.4905   -0.4734    0.7317
    0.6432   -0.3698   -0.6705
...    75 C-G ...
   56.7372 -147.3336   72.7733
    0.7643    0.3705    0.5278
    0.0762   -0.8646    0.4967
    0.6403   -0.3394   -0.6890
...    76 T-A ...
   59.3475 -147.9607   70.4961
    0.6802   -0.2176    0.7000
   -0.3471   -0.9367    0.0462
    0.6456   -0.2744   -0.7127
...    77 T-A ...
   61.6107 -148.5137   68.1805
    0.3827   -0.7611    0.5236
   -0.6974   -0.6098   -0.3767
    0.6060   -0.2210   -0.7641
...    78 T-A ...
   63.8349 -148.9832   65.7771
   -0.0736   -0.9860    0.1499
   -0.8082   -0.0291   -0.5882
    0.5843   -0.1644   -0.7947
...    79 A-T ...
   65.3584 -149.1384   62.7647
   -0.5637   -0.7874   -0.2494
   -0.6046    0.5991   -0.5249
    0.5628   -0.1451   -0.8138
...    80 A-T ...
   67.2931 -149.7954   60.2228
   -0.8481   -0.2864   -0.4457
   -0.1729    0.9448   -0.2781
    0.5008   -0.1588   -0.8509
...    81 T-A ...
   68.8766 -151.0124   57.5932
   -0.8402    0.2333   -0.4895
    0.2791    0.9600   -0.0214
    0.4649   -0.1545   -0.8717
...    82 C-G ...
   70.3264 -151.6042   54.7445
   -0.5299    0.7811   -0.3302
    0.7397    0.6162    0.2706
    0.4149   -0.1009   -0.9043
...    83 A-T ...
   71.4945 -152.0550   51.5714
   -0.0853    0.9963   -0.0050
    0.9482    0.0827    0.3068
    0.3061    0.0214   -0.9518
...    84 T-A ...
   72.0285 -151.7632   48.3537
    0.4054    0.8918    0.2007
    0.8637   -0.4456    0.2353
    0.2993    0.0780   -0.9510
...    85 G-C ...
   73.0683 -151.3413   45.1413
    0.8544    0.4005    0.3310
    0.4237   -0.9058    0.0026
    0.3008    0.1380   -0.9436
...    86 T-A ...
   73.9742 -150.3177   41.9788
    0.9540   -0.2014    0.2222
   -0.1597   -0.9683   -0.1920
    0.2538    0.1477   -0.9559
...    87 T-A ...
   74.7568 -149.5514   38.8887
    0.6658   -0.7448   -0.0456
   -0.7265   -0.6331   -0.2672
    0.1701    0.2110   -0.9626
...    88 A-T ...
   74.8355 -148.6778   35.4424
   -0.0665   -0.9363   -0.3447
   -0.9936    0.0936   -0.0626
    0.0909    0.3384   -0.9366
...    89 T-A ...
   75.7693 -147.7511   32.4080
   -0.5865   -0.7371   -0.3356
   -0.8071    0.5667    0.1657
    0.0681    0.3681   -0.9273
...    90 A-T ...
   75.8882 -146.1763   29.3548
   -0.9746   -0.1960   -0.1081
   -0.2225    0.9015    0.3713
    0.0247    0.3860   -0.9222
...    91 A-T ...
   75.8767 -145.1066   26.3710
   -0.9276    0.3207    0.1916
    0.3703    0.8572    0.3578
   -0.0495    0.4029   -0.9139
...    92 C-G ...
   75.2182 -144.1827   23.2274
   -0.5560    0.7171    0.4202
    0.8247    0.5389    0.1717
   -0.1034    0.4420   -0.8910
...    93 G-C ...
   75.0430 -142.2082   20.5832
    0.0261    0.8268    0.5619
    0.9791    0.0923   -0.1813
   -0.2018    0.5549   -0.8071
...    94 G-C ...
   74.5459 -139.6523   18.4928
    0.5851    0.6697    0.4574
    0.7770   -0.3016   -0.5525
   -0.2321    0.6787   -0.6968
...    95 A-T ...
   73.9857 -137.1357   16.4409
    0.9473    0.3158    0.0529
    0.2455   -0.6103   -0.7532
   -0.2056    0.7265   -0.6557
...    96 C-G ...
   73.5052 -134.3916   14.7377
    0.9232   -0.0741   -0.3770
   -0.3277   -0.6641   -0.6720
   -0.2006    0.7439   -0.6374
...    97 A-T ...
   72.8680 -131.9367   12.4327
    0.4736   -0.4808   -0.7379
   -0.8497   -0.4698   -0.2392
   -0.2317    0.7403   -0.6311
...    98 C-G ...
   72.7822 -129.2285   10.3115
   -0.0920   -0.6525   -0.7522
   -0.9628   -0.1345    0.2344
   -0.2541    0.7458   -0.6159
...    99 T-A ...
   72.4127 -126.5969    7.8588
   -0.6454   -0.6325   -0.4283
   -0.6989    0.2627    0.6652
   -0.3083    0.7286   -0.6116
...   100 T-A ...
   71.5312 -124.3672    5.6424
   -0.9337   -0.3537    0.0554
   -0.1689    0.5714    0.8031
   -0.3157    0.7405   -0.5933
...   101 T-A ...
   70.4345 -121.9801    3.7048
   -0.8292   -0.0102    0.5588
    0.4071    0.6739    0.6165
   -0.3829    0.7387   -0.5547
...   102 A-T ...
   69.2576 -119.2346    2.1290
   -0.3555    0.3336    0.8731
    0.8203    0.5590    0.1205
   -0.4479    0.7591   -0.4724
...   103 T-A ...
   67.2082 -117.1809    0.7939
    0.1291    0.5085    0.8513
    0.8696    0.3546   -0.3436
   -0.4766    0.7847   -0.3964
...   104 G-C ...
   65.5029 -114.5004   -0.2183
    0.6792    0.5389    0.4982
    0.5863    0.0099   -0.8100
   -0.4414    0.8423   -0.3093
...   105 C-G ...
   64.0406 -111.4940   -0.8099
    0.8941    0.4420   -0.0718
    0.0593   -0.2757   -0.9594
   -0.4439    0.8536   -0.2728
...   106 T-A ...
   63.0647 -108.1179   -1.4483
    0.7258    0.2208   -0.6515
   -0.5340   -0.4161   -0.7360
   -0.4335    0.8821   -0.1841
...   107 T-A ...
   61.8805 -105.1285   -1.9180
    0.2410   -0.0406   -0.9697
   -0.8618   -0.4685   -0.1946
   -0.4464    0.8825   -0.1479
...   108 C-G ...
   60.5232 -101.9705   -2.3438
   -0.4143   -0.2945   -0.8612
   -0.7875   -0.3585    0.5014
   -0.4564    0.8859   -0.0834
...   109 C-G ...
   59.1540  -98.9352   -2.3816
   -0.7306   -0.5404   -0.4173
   -0.4006   -0.1558    0.9029
   -0.5530    0.8268   -0.1027
...   110 G-C ...
   57.5432  -96.1772   -2.1449
   -0.7530   -0.6381    0.1607
    0.0940    0.1374    0.9860
   -0.6512    0.7576   -0.0435
...   111 G-C ...
   55.3221  -93.7028   -2.2996
   -0.4762   -0.5279    0.7032
    0.5267    0.4691    0.7088
   -0.7041    0.7080    0.0546
...   112 C-G ...
   52.5860  -91.7940   -2.1689
   -0.0303   -0.2114    0.9769
    0.6982    0.6949    0.1720
   -0.7153    0.6873    0.1265
...   113 T-A ...
   50.0621  -89.6971   -1.5698
    0.4345    0.1376    0.8901
    0.5596    0.7332   -0.3865
   -0.7058    0.6660    0.2416
...   114 C-G ...
   48.1762  -87.2174   -0.5391
    0.7097    0.5293    0.4650
    0.0971    0.5802   -0.8086
   -0.6978    0.6190    0.3604
...   115 G-C ...
   46.0480  -84.7716    0.3406
    0.6413    0.7524   -0.1502
   -0.4308    0.1911   -0.8820
   -0.6349    0.6304    0.4467
...   116 T-A ...
   44.5677  -82.4011    2.3306
    0.2884    0.7215   -0.6295
   -0.7342   -0.2554   -0.6290
   -0.6146    0.6436    0.4561
...   117 A-T ...
   42.6623  -80.1703    4.0184
   -0.2877    0.4163   -0.8625
   -0.7463   -0.6619   -0.0705
   -0.6002    0.6234    0.5011
...   118 T-A ...
   41.1973  -77.6514    5.6407
   -0.6792    0.0225   -0.7336
   -0.4563   -0.7958    0.3981
   -0.5749    0.6051    0.5508
...   119 A-T ...
   39.4008  -75.8337    8.1668
   -0.8520   -0.5123   -0.1077
    0.2596   -0.5920    0.7630
   -0.4546    0.6221    0.6374
...   120 A-T ...
   37.8711  -73.6446   10.0571
   -0.5161   -0.7798    0.3543
    0.7294   -0.1833    0.6591
   -0.4490    0.5986    0.6634
...   121 T-A ...
   35.9381  -71.7205   11.9591
   -0.0267   -0.7635    0.6453
    0.8980    0.2654    0.3511
   -0.4393    0.5888    0.6785
...   122 G-C ...
   34.5171  -69.7159   14.5118
    0.6028   -0.4948    0.6260
    0.7004    0.7040   -0.1180
   -0.3823    0.5095    0.7709
...   123 T-A ...
   33.2038  -68.5269   17.2785
    0.8998   -0.0551    0.4328
    0.2578    0.8674   -0.4256
   -0.3519    0.4946    0.7947
...   124 G-C ...
   32.1998  -66.8298   20.0666
    0.8871    0.4612    0.0168
   -0.3756    0.7426   -0.5545
   -0.2682    0.4856    0.8320
...   125 T-A ...
   31.6702  -65.5610   22.9847
    0.5451    0.7741   -0.3220
   -0.8081    0.3830   -0.4475
   -0.2231    0.5041    0.8343
...   126 C-G ...
   31.0952  -63.8209   25.6102
   -0.0671    0.8570   -0.5110
   -0.9784   -0.1569   -0.1346
   -0.1956    0.4909    0.8490
...   127 G-C ...
   29.7628  -62.4201   28.4263
   -0.6501    0.5648   -0.5083
   -0.7366   -0.6326    0.2393
   -0.1864    0.5300    0.8273
...   128 A-T ...
   29.2897  -60.7362   31.1248
   -0.9687    0.0620   -0.2404
   -0.1755   -0.8559    0.4865
   -0.1756    0.5135    0.8399
...   129 C-G ...
   28.7519  -58.4264   33.4626
   -0.8963   -0.4410    0.0472
    0.3963   -0.7486    0.5315
   -0.1990    0.4951    0.8457
...   130 C-G ...
   27.7873  -56.6500   36.2096
   -0.4898   -0.8302    0.2662
    0.8332   -0.3559    0.4232
   -0.2566    0.4291    0.8661
...   131 A-T ...
   27.9785  -55.2008   39.3951
    0.1688   -0.8914    0.4206
    0.9570    0.2504    0.1467
   -0.2361    0.3777    0.8953
...   132 A-T ...
   27.1836  -54.0620   42.3736
    0.7162   -0.5706    0.4018
    0.6607    0.7398   -0.1271
   -0.2247    0.3565    0.9068
...   133 A-T ...
   26.2773  -53.2043   45.4208
    0.9632    0.0017    0.2689
    0.0954    0.9328   -0.3475
   -0.2514    0.3603    0.8983
...   134 T-A ...
   25.6308  -52.5797   48.6349
    0.8597    0.5096    0.0340
   -0.4497    0.7867   -0.4230
   -0.2423    0.3484    0.9055
...   135 G-C ...
   25.2859  -52.4981   52.0750
    0.3205    0.9427   -0.0927
   -0.8825    0.2616   -0.3908
   -0.3442    0.2071    0.9158
...   136 T-A ...
   25.5356  -52.9668   55.8002
   -0.2443    0.9563   -0.1608
   -0.8908   -0.2868   -0.3525
   -0.3832    0.0571    0.9219
...   137 G-C ...
   24.9037  -52.7260   58.9821
   -0.7529    0.5562   -0.3519
   -0.5214   -0.8303   -0.1968
   -0.4017    0.0354    0.9151
...   138 A-T ...
   24.0249  -51.6261   61.9211
   -0.9563    0.0400   -0.2896
   -0.0523   -0.9980    0.0347
   -0.2877    0.0483    0.9565
...   139 G-C ...
   22.3574  -51.2300   64.4909
   -0.8529   -0.5117   -0.1032
    0.4973   -0.8566    0.1372
   -0.1586    0.0657    0.9852
...   140 C-G ...
   22.1608  -50.1386   67.4618
   -0.4681   -0.8749    0.1247
    0.8495   -0.4066    0.3363
   -0.2435    0.2633    0.9335
...   141 G-C ...
   21.4366  -51.8164   72.7856
    0.1304   -0.7141   -0.6877
    0.8897   -0.2218    0.3990
   -0.4375   -0.6639    0.6065
...   142 C-G ...
   20.4355  -54.2995   74.5395
    0.5847   -0.7390   -0.3347
    0.7593    0.3532    0.5466
   -0.2857   -0.5737    0.7676
...   143 T-A ...
   18.4378  -55.5190   76.5273
    0.8548   -0.5006    0.1370
    0.3188    0.7147    0.6225
   -0.4096   -0.4884    0.7705
...   144 C-G ...
   16.8485  -57.7127   78.2648
    0.8529   -0.0846    0.5152
   -0.1509    0.9047    0.3983
   -0.4998   -0.4175    0.7589
...   145 A-T ...
   15.7933  -59.5518   80.7963
    0.5515    0.4995    0.6681
   -0.6739    0.7388    0.0040
   -0.4915   -0.4525    0.7441
...   146 C-G ...
   15.7411  -61.4839   83.9296
    0.0342    0.7400    0.6718
   -0.8637    0.3601   -0.3527
   -0.5029   -0.5681    0.6514
...   147 A-T ...
   14.7481  -63.4171   86.8165
   -0.5923    0.6746    0.4405
   -0.6886   -0.1400   -0.7115
   -0.4183   -0.7247    0.5475
