  147 base-pairs
...     1 T-A ...
    0.0000    0.0000    0.0000
    1.0000    0.0000    0.0000
    0.0000    1.0000    0.0000
    0.0000    0.0000    1.0000
...     2 G-C ...
   -0.5555   -1.1003    3.3981
    0.7749    0.6051    0.1828
   -0.5991    0.7953   -0.0929
   -0.2016   -0.0375    0.9787
...     3 T-A ...
   -0.6619   -3.0237    6.5348
    0.3046    0.9250    0.2271
   -0.8994    0.3578   -0.2510
   -0.3134   -0.1278    0.9410
...     4 G-C ...
   -1.1607   -3.8418    9.6940
   -0.3351    0.9421    0.0133
   -0.8752   -0.3061   -0.3746
   -0.3489   -0.1372    0.9271
...     5 A-T ...
   -1.3881   -3.6770   12.8999
   -0.7835    0.6162   -0.0801
   -0.5677   -0.7622   -0.3109
   -0.2527   -0.1981    0.9470
...     6 G-C ...
   -2.6236   -3.5448   15.7072
   -0.9923    0.0611   -0.1075
   -0.0294   -0.9610   -0.2748
   -0.1201   -0.2695    0.9555
...     7 C-G ...
   -2.3138   -3.7570   18.8866
   -0.8620   -0.4995   -0.0864
    0.5008   -0.8655    0.0073
   -0.0785   -0.0370    0.9962
...     8 G-C ...
   -3.9561   -6.8109   23.3205
   -0.2581   -0.3560   -0.8981
    0.6294   -0.7673    0.1233
   -0.7330   -0.5335    0.4221
...     9 C-G ...
   -6.1177   -8.9414   24.2385
    0.1143   -0.7320   -0.6716
    0.8123   -0.3203    0.4874
   -0.5720   -0.6013    0.5580
...    10 T-A ...
   -8.5041   -9.6771   26.0540
    0.4660   -0.8587   -0.2131
    0.6274    0.1508    0.7640
   -0.6239   -0.4897    0.6090
...    11 C-G ...
  -11.0625  -11.3174   27.2336
    0.6660   -0.6911    0.2808
    0.3382    0.6152    0.7121
   -0.6649   -0.3794    0.6435
...    12 A-T ...
  -13.0013  -13.1789   29.0658
    0.7188   -0.1490    0.6790
   -0.1787    0.9043    0.3876
   -0.6718   -0.4000    0.6235
...    13 C-G ...
  -14.1788  -15.9359   31.3399
    0.4052    0.2865    0.8682
   -0.5270    0.8492   -0.0343
   -0.7470   -0.4437    0.4951
...    14 A-T ...
  -15.9532  -18.1566   33.3080
   -0.1503    0.6873    0.7107
   -0.6106    0.5008   -0.6135
   -0.7776   -0.5261    0.3444
...    15 A-T ...
  -18.3760  -19.8905   34.6315
   -0.5023    0.8386    0.2108
   -0.4093   -0.0158   -0.9123
   -0.7617   -0.5445    0.3512
...    16 T-A ...
  -20.6596  -21.5994   36.5159
   -0.6893    0.6572   -0.3050
   -0.0519   -0.4646   -0.8840
   -0.7226   -0.5935    0.3543
...    17 T-A ...
  -22.9918  -23.3411   38.0284
   -0.6267    0.2106   -0.7503
    0.3917   -0.7472   -0.5369
   -0.6736   -0.6304    0.3858
...    18 T-A ...
  -25.2767  -25.2023   39.4680
   -0.2933   -0.2750   -0.9156
    0.6987   -0.7154   -0.0090
   -0.6525   -0.6424    0.4020
...    19 A-T ...
  -27.1784  -27.5993   40.9095
    0.2279   -0.6233   -0.7481
    0.7447   -0.3835    0.5463
   -0.6273   -0.6816    0.3767
...    20 T-A ...
  -29.6457  -29.6631   41.6500
    0.5966   -0.7186   -0.3573
    0.5218    0.0091    0.8530
   -0.6097   -0.6954    0.3804
...    21 T-A ...
  -31.6870  -32.0018   42.6527
    0.8080   -0.5612    0.1792
    0.0803    0.4063    0.9102
   -0.5836   -0.7211    0.3734
...    22 C-G ...
  -33.4526  -34.4532   43.9393
    0.7274   -0.1778    0.6628
   -0.4287    0.6365    0.6412
   -0.5358   -0.7505    0.3867
...    23 G-C ...
  -35.1131  -36.6373   46.0047
    0.4324    0.3189    0.8434
   -0.8108    0.5468    0.2089
   -0.3945   -0.7741    0.4950
...    24 C-G ...
  -36.0129  -39.3082   47.6975
   -0.0449    0.5982    0.8001
   -0.9220    0.2835   -0.2637
   -0.3846   -0.7495    0.5388
...    25 A-T ...
  -37.8610  -41.6941   49.2574
   -0.6000    0.6536    0.4614
   -0.7057   -0.1606   -0.6901
   -0.3769   -0.7397    0.5575
...    26 A-T ...
  -39.0111  -44.0276   51.2909
   -0.9164    0.4000   -0.0178
   -0.2071   -0.5117   -0.8338
   -0.3426   -0.7604    0.5518
...    27 A-T ...
  -40.0042  -46.3660   53.3678
   -0.8718   -0.0274   -0.4891
    0.3996   -0.6171   -0.6779
   -0.2832   -0.7864    0.5489
...    28 G-C ...
  -41.2640  -48.7781   55.3988
   -0.4891   -0.3330   -0.8061
    0.8176   -0.4970   -0.2908
   -0.3038   -0.8013    0.5154
...    29 G-C ...
  -42.5328  -51.4679   57.1756
    0.1090   -0.4928   -0.8633
    0.9523   -0.1973    0.2329
   -0.2851   -0.8475    0.4477
...    30 C-G ...
  -43.8004  -54.2221   58.4553
    0.6456   -0.4561   -0.6125
    0.7239    0.1100    0.6811
   -0.2433   -0.8831    0.4012
...    31 C-G ...
  -44.7134  -57.2008   59.6349
    0.9598   -0.2295   -0.1614
    0.2313    0.3220    0.9181
   -0.1587   -0.9185    0.3621
...    32 G-C ...
  -44.8556  -59.9853   61.0689
    0.9492    0.0886    0.3019
   -0.3137    0.3400    0.8865
   -0.0241   -0.9362    0.3506
...    33 G-C ...
  -44.3517  -63.0877   62.3019
    0.6095    0.3229    0.7240
   -0.7905    0.1793    0.5856
    0.0592   -0.9293    0.3646
...    34 C-G ...
  -43.6633  -66.0506   63.5964
    0.0468    0.3990    0.9158
   -0.9937   -0.0745    0.0832
    0.1014   -0.9139    0.3930
...    35 C-G ...
  -43.0943  -68.9485   65.3582
   -0.5422    0.2946    0.7869
   -0.8304   -0.3310   -0.4482
    0.1284   -0.8965    0.4241
...    36 C-G ...
  -42.5593  -71.8440   67.1036
   -0.9291    0.0694    0.3633
   -0.3510   -0.4753   -0.8068
    0.1167   -0.8771    0.4659
...    37 G-C ...
  -42.0022  -75.3207   67.6080
   -0.9611   -0.1811   -0.2085
    0.2658   -0.4019   -0.8763
    0.0749   -0.8976    0.4344
...    38 A-T ...
  -41.6094  -78.1120   69.0782
   -0.6132   -0.3790   -0.6930
    0.7842   -0.1870   -0.5916
    0.0946   -0.9063    0.4119
...    39 C-G ...
  -41.7926  -81.0184   70.4329
   -0.1068   -0.3720   -0.9221
    0.9906    0.0394   -0.1307
    0.0850   -0.9274    0.3643
...    40 A-T ...
  -41.4654  -84.1960   71.5337
    0.4929   -0.1865   -0.8499
    0.8616    0.2404    0.4470
    0.1210   -0.9526    0.2792
...    41 C-G ...
  -41.2109  -87.4582   71.9029
    0.8638    0.0323   -0.5029
    0.4745    0.2839    0.8332
    0.1697   -0.9583    0.2299
...    42 G-C ...
  -40.3260  -90.4934   73.0608
    0.9585    0.2722    0.0845
   -0.1290    0.1501    0.9802
    0.2541   -0.9505    0.1789
...    43 A-T ...
  -39.4690  -93.5357   73.5782
    0.6890    0.3060    0.6570
   -0.6776   -0.0497    0.7337
    0.2572   -0.9507    0.1731
...    44 C-G ...
  -38.0720  -96.5409   73.8093
    0.1987    0.2620    0.9444
   -0.9362   -0.2343    0.2620
    0.2899   -0.9362    0.1987
...    45 T-A ...
  -36.3423  -99.6400   74.6141
   -0.3911    0.0865    0.9163
   -0.8721   -0.3530   -0.3389
    0.2941   -0.9316    0.2134
...    46 T-A ...
  -35.0981 -102.5416   75.3793
   -0.7987   -0.1577    0.5807
   -0.5174   -0.3126   -0.7966
    0.3071   -0.9367    0.1681
...    47 A-T ...
  -34.0561 -105.8036   75.4706
   -0.9284   -0.3571   -0.1025
    0.1488   -0.1045   -0.9833
    0.3404   -0.9282    0.1501
...    48 C-G ...
  -33.1482 -108.8133   76.6013
   -0.7072   -0.3308   -0.6249
    0.6289    0.1096   -0.7697
    0.3231   -0.9373    0.1306
...    49 T-A ...
  -32.4228 -112.0853   77.1402
   -0.2696   -0.1337   -0.9536
    0.9186    0.2614   -0.2963
    0.2889   -0.9559    0.0523
...    50 G-C ...
  -31.3781 -115.3222   77.0273
    0.2650    0.1837   -0.9466
    0.9145    0.2635    0.3072
    0.3058   -0.9470   -0.0982
...    51 T-A ...
  -30.7873 -118.4024   76.3363
    0.6814    0.3486   -0.6436
    0.6515    0.1118    0.7504
    0.3335   -0.9306   -0.1509
...    52 A-T ...
  -29.3557 -121.4216   75.8853
    0.9062    0.4212   -0.0369
    0.1206   -0.1738    0.9774
    0.4052   -0.8902   -0.2083
...    53 G-C ...
  -27.9782 -124.2352   74.9949
    0.7957    0.3334    0.5058
   -0.3608   -0.4098    0.8378
    0.4865   -0.8491   -0.2058
...    54 G-C ...
  -25.6533 -126.7998   73.9211
    0.4095    0.0841    0.9084
   -0.7325   -0.5633    0.3823
    0.5438   -0.8220   -0.1690
...    55 T-A ...
  -23.4251 -129.1990   73.4264
   -0.0411   -0.2439    0.9689
   -0.8321   -0.5285   -0.1683
    0.5531   -0.8132   -0.1812
...    56 A-T ...
  -21.2929 -131.8126   72.9723
   -0.5511   -0.5135    0.6577
   -0.6262   -0.2665   -0.7327
    0.5515   -0.8157   -0.1747
...    57 T-A ...
  -19.1197 -134.3021   73.0052
   -0.7853   -0.5999    0.1528
   -0.2398    0.0672   -0.9685
    0.5708   -0.7972   -0.1967
...    58 C-G ...
  -17.2578 -137.1220   72.5653
   -0.7641   -0.4083   -0.4994
    0.3091    0.4478   -0.8390
    0.5662   -0.7955   -0.2159
...    59 T-A ...
  -15.6300 -139.9780   71.8879
   -0.5092   -0.0395   -0.8597
    0.6817    0.5912   -0.4310
    0.5253   -0.8056   -0.2741
...    60 C-G ...
  -13.8392 -142.6446   70.9091
   -0.0265    0.3603   -0.9324
    0.8618    0.4809    0.1613
    0.5065   -0.7993   -0.3233
...    61 G-C ...
  -11.5979 -144.9230   69.7671
    0.3283    0.7189   -0.6127
    0.7759    0.1647    0.6090
    0.5387   -0.6753   -0.5037
...    62 A-T ...
   -9.6787 -147.1109   68.0893
    0.7012    0.7056   -0.1022
    0.4336   -0.3082    0.8468
    0.5660   -0.6381   -0.5220
...    63 G-C ...
   -7.6951 -149.0073   66.1840
    0.7945    0.4558    0.4014
    0.0025   -0.6634    0.7482
    0.6073   -0.5934   -0.5282
...    64 C-G ...
   -5.3922 -150.6254   64.1808
    0.6287   -0.0251    0.7772
   -0.4568   -0.8208    0.3430
    0.6293   -0.5707   -0.5275
...    65 T-A ...
   -3.1917 -152.4426   62.4785
    0.2719   -0.4871    0.8299
   -0.7107   -0.6831   -0.1681
    0.6488   -0.5441   -0.5320
...    66 C-G ...
   -1.1363 -154.3688   60.6581
   -0.2247   -0.8169    0.5312
   -0.7206   -0.2276   -0.6549
    0.6559   -0.5300   -0.5375
...    67 G-C ...
    0.3194 -156.2009   57.9918
   -0.6275   -0.7769    0.0516
   -0.4436    0.3022   -0.8437
    0.6399   -0.5523   -0.5343
...    68 G-C ...
    2.6450 -157.9685   56.2528
   -0.8123   -0.4114   -0.4134
   -0.0262    0.7338   -0.6789
    0.5826   -0.5407   -0.6068
...    69 G-C ...
    4.5942 -159.9411   54.3445
   -0.7533    0.1273   -0.6452
    0.4320    0.8355   -0.3395
    0.4959   -0.5345   -0.6844
...    70 A-T ...
    6.1098 -161.8855   52.0979
   -0.3690    0.6319   -0.6816
    0.7983    0.5911    0.1158
    0.4760   -0.5014   -0.7225
...    71 T-A ...
    7.0874 -163.7008   49.5338
    0.0846    0.8712   -0.4835
    0.8795    0.1628    0.4472
    0.4683   -0.4631   -0.7525
...    72 C-G ...
    8.4852 -165.0589   46.8270
    0.5762    0.8130   -0.0844
    0.6677   -0.4086    0.6222
    0.4713   -0.4149   -0.7783
...    73 C-G ...
   10.1564 -166.0895   44.1652
    0.8004    0.4943    0.3392
    0.2730   -0.8043    0.5278
    0.5337   -0.3298   -0.7787
...    74 G-C ...
   12.1374 -167.4956   41.8549
    0.7641   -0.0566    0.6426
   -0.2210   -0.9589    0.1782
    0.6060   -0.2782   -0.7452
...    75 C-G ...
   14.5885 -168.0492   39.4345
    0.4884   -0.6136    0.6205
   -0.6163   -0.7459   -0.2525
    0.6177   -0.2591   -0.7425
...    76 T-A ...
   17.1589 -168.8937   37.2089
    0.0372   -0.9413    0.3357
   -0.7600   -0.2447   -0.6021
    0.6489   -0.2327   -0.7244
...    77 T-A ...
   19.5460 -169.6034   35.0694
   -0.3879   -0.9100   -0.1462
   -0.6404    0.3802   -0.6673
    0.6629   -0.1652   -0.7303
...    78 T-A ...
   21.9127 -170.2115   32.8529
   -0.6774   -0.5073   -0.5326
   -0.3007    0.8518   -0.4289
    0.6713   -0.1304   -0.7296
...    79 A-T ...
   24.1891 -170.1037   30.3164
   -0.7663    0.1446   -0.6260
    0.1849    0.9828    0.0008
    0.6153   -0.1151   -0.7798
...    80 A-T ...
   26.0353 -170.6012   27.7740
   -0.5569    0.6861   -0.4681
    0.5925    0.7231    0.3550
    0.5821   -0.0796   -0.8092
...    81 C-G ...
   27.5073 -171.1674   24.7982
   -0.1599    0.9726   -0.1687
    0.8031    0.2276    0.5506
    0.5739   -0.0475   -0.8175
...    82 A-T ...
   29.4708 -171.0090   22.0071
    0.2935    0.9143    0.2792
    0.7698   -0.3992    0.4980
    0.5668    0.0688   -0.8210
...    83 C-G ...
   31.0619 -170.1125   19.1670
    0.6545    0.5418    0.5273
    0.5056   -0.8322    0.2276
    0.5622    0.1176   -0.8186
...    84 T-A ...
   32.9210 -168.9715   16.2646
    0.8183   -0.0692    0.5707
    0.0336   -0.9853   -0.1676
    0.5739    0.1563   -0.8039
...    85 T-A ...
   34.8272 -168.1095   13.7185
    0.7151   -0.6454    0.2686
   -0.4768   -0.7313   -0.4878
    0.5112    0.2207   -0.8306
...    86 T-A ...
   36.6818 -167.0396   11.1725
    0.3243   -0.9312   -0.1665
   -0.8298   -0.1956   -0.5226
    0.4541    0.3076   -0.8362
...    87 A-T ...
   37.8700 -165.6155    8.1360
   -0.3382   -0.7287   -0.5955
   -0.8362    0.5230   -0.1651
    0.4317    0.4421   -0.7862
...    88 T-A ...
   39.7862 -164.6261    5.6513
   -0.7339   -0.3117   -0.6035
   -0.5239    0.8253    0.2108
    0.4324    0.4709   -0.7690
...    89 C-G ...
   41.3569 -163.0782    3.2179
   -0.9254    0.2467   -0.2876
    0.0382    0.8159    0.5770
    0.3770    0.5230   -0.7644
...    90 A-T ...
   42.9920 -161.0666    0.9638
   -0.7671    0.6032    0.2186
    0.5832    0.5135    0.6295
    0.2674    0.6104   -0.7456
...    91 T-A ...
   43.4230 -159.1570   -1.6519
   -0.3714    0.7300    0.5737
    0.9025    0.1388    0.4077
    0.2181    0.6692   -0.7104
...    92 G-C ...
   44.1532 -156.5963   -3.9322
    0.2441    0.5620    0.7903
    0.9516   -0.2958   -0.0836
    0.1868    0.7725   -0.6070
...    93 T-A ...
   44.3026 -153.6756   -5.6740
    0.7405    0.2924    0.6052
    0.6513   -0.5345   -0.5386
    0.1660    0.7930   -0.5862
...    94 T-A ...
   44.7200 -150.9669   -7.4012
    0.9902   -0.0524    0.1295
    0.0753   -0.5805   -0.8108
    0.1176    0.8126   -0.5708
...    95 A-T ...
   44.8566 -148.2409   -9.6961
    0.7286   -0.3472   -0.5904
   -0.6849   -0.3819   -0.6205
   -0.0100    0.8565   -0.5160
...    96 T-A ...
   45.3754 -145.2293  -10.9995
    0.2477   -0.4490   -0.8585
   -0.9681   -0.1503   -0.2007
   -0.0389    0.8808   -0.4719
...    97 A-T ...
   44.8238 -141.9409  -12.2731
   -0.5574   -0.2973   -0.7752
   -0.8295    0.1597    0.5352
   -0.0354    0.9413   -0.3356
...    98 A-T ...
   44.8561 -138.8993  -13.3937
   -0.9467   -0.1166   -0.3004
   -0.3210    0.2583    0.9112
   -0.0287    0.9590   -0.2820
...    99 C-G ...
   44.8995 -135.8416  -14.8612
   -0.9591    0.0254    0.2819
    0.2789    0.2547    0.9259
   -0.0483    0.9667   -0.2514
...   100 G-C ...
   44.7372 -132.5763  -15.1806
   -0.6159    0.0063    0.7878
    0.7722    0.2029    0.6021
   -0.1560    0.9792   -0.1298
...   101 G-C ...
   43.8909 -129.3958  -15.0966
   -0.0699   -0.0191    0.9974
    0.9684    0.2387    0.0725
   -0.2394    0.9709    0.0018
...   102 A-T ...
   42.8799 -126.2217  -14.9439
    0.5431    0.0851    0.8353
    0.8056    0.2276   -0.5470
   -0.2367    0.9700    0.0550
...   103 T-A ...
   41.7650 -123.2571  -14.2164
    0.8779    0.1769    0.4449
    0.4179    0.1703   -0.8924
   -0.2336    0.9694    0.0756
...   104 G-C ...
   41.1428 -120.0368  -13.6784
    0.9667    0.1569   -0.2022
   -0.2151    0.0706   -0.9740
   -0.1385    0.9851    0.1020
...   105 C-G ...
   40.9886 -116.7075  -13.0578
    0.6580    0.1756   -0.7322
   -0.7415   -0.0179   -0.6707
   -0.1309    0.9843    0.1185
...   106 T-A ...
   41.0894 -113.2160  -12.6740
    0.0781    0.1504   -0.9855
   -0.9931   -0.0745   -0.0900
   -0.0870    0.9858    0.1435
...   107 T-A ...
   41.0363 -110.0102  -12.2387
   -0.5228    0.0889   -0.8478
   -0.8473   -0.1634    0.5054
   -0.0935    0.9825    0.1608
...   108 C-G ...
   40.8872 -106.6315  -11.7848
   -0.9418   -0.0418   -0.3336
   -0.3181   -0.2105    0.9244
   -0.1088    0.9767    0.1850
...   109 C-G ...
   40.8321 -103.3837  -11.0943
   -0.9370   -0.2859    0.2007
    0.2572   -0.1762    0.9501
   -0.2363    0.9419    0.2387
...   110 G-C ...
   40.3206 -100.4611   -9.9677
   -0.6088   -0.4682    0.6404
    0.7223    0.0066    0.6915
   -0.3280    0.8836    0.3341
...   111 G-C ...
   39.0176  -97.6809   -8.6909
   -0.0517   -0.4746    0.8787
    0.9334    0.2899    0.2115
   -0.3551    0.8311    0.4280
...   112 C-G ...
   37.3976  -95.3412   -6.9116
    0.5146   -0.2696    0.8139
    0.7830    0.5347   -0.3180
   -0.3495    0.8009    0.4862
...   113 T-A ...
   36.1949  -92.8369   -5.0816
    0.8821    0.0268    0.4703
    0.3465    0.6393   -0.6865
   -0.3190    0.7685    0.5546
...   114 C-G ...
   35.5478  -90.1119   -3.3475
    0.9112    0.4082   -0.0559
   -0.2968    0.5561   -0.7764
   -0.2858    0.7240    0.6278
...   115 G-C ...
   34.4821  -87.4503   -1.6401
    0.5342    0.6516   -0.5386
   -0.8129    0.2211   -0.5388
   -0.2320    0.7256    0.6478
...   116 T-A ...
   34.4982  -84.8487    0.6113
   -0.0205    0.6504   -0.7593
   -0.9731   -0.1873   -0.1342
   -0.2295    0.7361    0.6368
...   117 A-T ...
   33.9594  -82.3117    2.8103
   -0.6377    0.3885   -0.6651
   -0.7344   -0.5671    0.3729
   -0.2323    0.7263    0.6469
...   118 T-A ...
   33.6301  -79.5347    4.5865
   -0.9379    0.0414   -0.3444
   -0.2721   -0.7037    0.6564
   -0.2152    0.7093    0.6712
...   119 A-T ...
   33.1051  -77.3674    7.2845
   -0.8682   -0.4372    0.2348
    0.4671   -0.5602    0.6841
   -0.1676    0.7036    0.6906
...   120 A-T ...
   32.4004  -74.9830    9.3943
   -0.4172   -0.7216    0.5524
    0.8883   -0.1952    0.4158
   -0.1922    0.6642    0.7224
...   121 T-A ...
   31.2048  -72.8540   11.6476
    0.1313   -0.7245    0.6766
    0.9721    0.2280    0.0556
   -0.1945    0.6505    0.7342
...   122 G-C ...
   30.6034  -70.7103   14.3501
    0.7311   -0.4861    0.4787
    0.6666    0.6582   -0.3499
   -0.1450    0.5750    0.8052
...   123 T-A ...
   30.0678  -69.3103   17.2934
    0.9770   -0.0636    0.2038
    0.1655    0.8285   -0.5349
   -0.1348    0.5563    0.8200
...   124 G-C ...
   29.7217  -67.4411   20.1168
    0.8702    0.4464   -0.2084
   -0.4867    0.7134   -0.5042
   -0.0764    0.5402    0.8381
...   125 T-A ...
   29.8230  -66.0232   23.0313
    0.4648    0.7496   -0.4713
   -0.8840    0.3625   -0.2952
   -0.0504    0.5538    0.8311
...   126 C-G ...
   29.7483  -64.2032   25.6704
   -0.1722    0.8247   -0.5388
   -0.9843   -0.1655    0.0612
   -0.0387    0.5409    0.8402
...   127 G-C ...
   28.9335  -62.6766   28.5993
   -0.7210    0.5250   -0.4522
   -0.6880   -0.6198    0.3775
   -0.0821    0.5833    0.8081
...   128 A-T ...
   28.8264  -60.8584   31.2265
   -0.9907    0.0406   -0.1299
   -0.1064   -0.8260    0.5535
   -0.0848    0.5621    0.8227
...   129 C-G ...
   28.4905  -58.4320   33.4585
   -0.8817   -0.4433    0.1617
    0.4562   -0.7134    0.5319
   -0.1204    0.5427    0.8312
...   130 C-G ...
   27.6340  -56.5278   36.1576
   -0.4633   -0.8185    0.3396
    0.8641   -0.3323    0.3780
   -0.1966    0.4686    0.8612
...   131 A-T ...
   27.7977  -55.1331   39.3175
    0.1817   -0.8897    0.4187
    0.9628    0.2476    0.1083
   -0.2001    0.3834    0.9016
...   132 A-T ...
   27.0946  -54.0310   42.3333
    0.7230   -0.5737    0.3849
    0.6617    0.7353   -0.1469
   -0.1988    0.3609    0.9112
...   133 A-T ...
   26.2512  -53.1703   45.3960
    0.9672   -0.0007    0.2541
    0.0931    0.9314   -0.3520
   -0.2364    0.3641    0.9009
...   134 T-A ...
   25.6307  -52.5797   48.6349
    0.8597    0.5096    0.0340
   -0.4497    0.7867   -0.4230
   -0.2423    0.3484    0.9055
...   135 G-C ...
   25.2858  -52.4981   52.0750
    0.3205    0.9427   -0.0927
   -0.8825    0.2616   -0.3908
   -0.3442    0.2071    0.9158
...   136 T-A ...
   25.5355  -52.9668   55.8002
   -0.2443    0.9563   -0.1608
   -0.8908   -0.2868   -0.3525
   -0.3832    0.0571    0.9219
...   137 G-C ...
   24.9037  -52.7260   58.9821
   -0.7529    0.5562   -0.3519
   -0.5214   -0.8303   -0.1968
   -0.4017    0.0354    0.9151
...   138 A-T ...
   24.0249  -51.6261   61.9210
   -0.9563    0.0400   -0.2896
   -0.0523   -0.9980    0.0347
   -0.2877    0.0483    0.9565
...   139 G-C ...
   22.3573  -51.2300   64.4909
   -0.8529   -0.5117   -0.1032
    0.4973   -0.8566    0.1372
   -0.1586    0.0657    0.9852
...   140 C-G ...
   22.1608  -50.1386   67.4617
   -0.4681   -0.8749    0.1247
    0.8495   -0.4066    0.3363
   -0.2435    0.2633    0.9335
...   141 G-C ...
   21.4366  -51.8164   72.7855
    0.1304   -0.7141   -0.6877
    0.8897   -0.2218    0.3990
   -0.4375   -0.6639    0.6065
...   142 C-G ...
   20.4354  -54.2994   74.5395
    0.5847   -0.7390   -0.3347
    0.7593    0.3532    0.5466
   -0.2857   -0.5737    0.7676
...   143 T-A ...
   18.4377  -55.5190   76.5272
    0.8548   -0.5006    0.1370
    0.3188    0.7147    0.6225
   -0.4096   -0.4884    0.7705
...   144 C-G ...
   16.8484  -57.7127   78.2648
    0.8529   -0.0846    0.5152
   -0.1509    0.9047    0.3983
   -0.4998   -0.4175    0.7589
...   145 A-T ...
   15.7932  -59.5518   80.7963
    0.5515    0.4995    0.6681
   -0.6739    0.7388    0.0040
   -0.4915   -0.4525    0.7441
...   146 C-G ...
   15.7410  -61.4839   83.9295
    0.0342    0.7400    0.6718
   -0.8637    0.3601   -0.3527
   -0.5029   -0.5681    0.6514
...   147 A-T ...
   14.7481  -63.4171   86.8165
   -0.5923    0.6746    0.4405
   -0.6886   -0.1400   -0.7115
   -0.4183   -0.7247    0.5475
