  147 base-pairs
...     1 T-A ...
    0.0000    0.0000    0.0000
    1.0000    0.0000    0.0000
    0.0000    1.0000    0.0000
    0.0000    0.0000    1.0000
...     2 G-C ...
   -0.5555   -1.1003    3.3981
    0.7749    0.6051    0.1828
   -0.5991    0.7953   -0.0929
   -0.2016   -0.0375    0.9787
...     3 T-A ...
   -0.6619   -3.0237    6.5348
    0.3046    0.9250    0.2271
   -0.8994    0.3578   -0.2510
   -0.3134   -0.1278    0.9410
...     4 G-C ...
   -1.1607   -3.8418    9.6940
   -0.3351    0.9421    0.0133
   -0.8752   -0.3061   -0.3746
   -0.3489   -0.1372    0.9271
...     5 A-T ...
   -1.3881   -3.6770   12.8999
   -0.7835    0.6162   -0.0801
   -0.5677   -0.7622   -0.3109
   -0.2527   -0.1981    0.9470
...     6 G-C ...
   -2.6236   -3.5448   15.7072
   -0.9923    0.0611   -0.1075
   -0.0294   -0.9610   -0.2748
   -0.1201   -0.2695    0.9555
...     7 C-G ...
   -2.3138   -3.7570   18.8866
   -0.8620   -0.4995   -0.0864
    0.5008   -0.8655    0.0073
   -0.0785   -0.0370    0.9962
...     8 G-C ...
   -3.9561   -6.8109   23.3205
   -0.2581   -0.3560   -0.8981
    0.6294   -0.7673    0.1233
   -0.7330   -0.5335    0.4221
...     9 C-G ...
   -6.1177   -8.9414   24.2385
    0.1143   -0.7320   -0.6716
    0.8123   -0.3203    0.4874
   -0.5720   -0.6013    0.5580
...    10 T-A ...
   -8.5041   -9.6771   26.0540
    0.4660   -0.8587   -0.2131
    0.6274    0.1508    0.7640
   -0.6239   -0.4897    0.6090
...    11 C-G ...
  -11.0625  -11.3174   27.2336
    0.6660   -0.6911    0.2808
    0.3382    0.6152    0.7121
   -0.6649   -0.3794    0.6435
...    12 A-T ...
  -13.0013  -13.1789   29.0658
    0.7188   -0.1490    0.6790
   -0.1787    0.9043    0.3876
   -0.6718   -0.4000    0.6235
...    13 C-G ...
  -14.1788  -15.9359   31.3399
    0.4052    0.2865    0.8682
   -0.5270    0.8492   -0.0343
   -0.7470   -0.4437    0.4951
...    14 A-T ...
  -15.9532  -18.1566   33.3080
   -0.1503    0.6873    0.7107
   -0.6106    0.5008   -0.6135
   -0.7776   -0.5261    0.3444
...    15 A-T ...
  -18.3923  -19.9151   34.5472
   -0.4920    0.8459    0.2057
   -0.3948   -0.0062   -0.9187
   -0.7759   -0.5332    0.3370
...    16 T-A ...
  -20.7363  -21.5874   36.3739
   -0.6650    0.6750   -0.3197
   -0.0416   -0.4609   -0.8865
   -0.7457   -0.5762    0.3346
...    17 T-A ...
  -23.1732  -23.2772   37.7947
   -0.5891    0.2393   -0.7718
    0.3825   -0.7588   -0.5272
   -0.7118   -0.6058    0.3555
...    18 T-A ...
  -25.5815  -25.1055   39.0371
   -0.2469   -0.2357   -0.9399
    0.6581   -0.7528    0.0159
   -0.7113   -0.6146    0.3410
...    19 A-T ...
  -27.7363  -27.4367   40.2400
    0.2494   -0.6246   -0.7401
    0.6665   -0.4437    0.5991
   -0.7026   -0.6426    0.3056
...    20 T-A ...
  -30.4125  -29.3298   40.7144
    0.5683   -0.7625   -0.3091
    0.4344   -0.0410    0.8998
   -0.6988   -0.6456    0.3080
...    21 T-A ...
  -32.7313  -31.4990   41.4607
    0.7109   -0.6433    0.2842
   -0.0005    0.4037    0.9149
   -0.7033   -0.6506    0.2866
...    22 C-G ...
  -34.9461  -33.7246   42.4611
    0.5841   -0.2547    0.7707
   -0.4467    0.6918    0.5673
   -0.6777   -0.6756    0.2904
...    23 G-C ...
  -37.2910  -35.6023   44.0457
    0.3137    0.2648    0.9119
   -0.7427    0.6667    0.0619
   -0.5916   -0.6967    0.4058
...    24 C-G ...
  -38.9059  -38.1037   45.4553
   -0.0995    0.6135    0.7834
   -0.7968    0.4224   -0.4320
   -0.5959   -0.6672    0.4468
...    25 A-T ...
  -41.3176  -40.2453   46.4563
   -0.5514    0.7626    0.3382
   -0.5618   -0.0398   -0.8263
   -0.6167   -0.6456    0.4504
...    26 A-T ...
  -43.2886  -42.3145   48.0932
   -0.7836    0.5843   -0.2111
   -0.1215   -0.4774   -0.8703
   -0.6092   -0.6563    0.4451
...    27 A-T ...
  -45.2260  -44.3138   49.8168
   -0.7119    0.1729   -0.6807
    0.3861   -0.7132   -0.5850
   -0.5866   -0.6793    0.4410
...    28 G-C ...
  -47.5155  -46.2606   51.3943
   -0.3430   -0.2045   -0.9168
    0.7048   -0.7012   -0.1073
   -0.6210   -0.6830    0.3846
...    29 G-C ...
  -49.9354  -48.4786   52.5231
    0.1905   -0.5132   -0.8369
    0.7621   -0.4601    0.4556
   -0.6189   -0.7245    0.3034
...    30 C-G ...
  -52.1530  -50.8484   53.0907
    0.6259   -0.6393   -0.4467
    0.4986   -0.1124    0.8595
   -0.5997   -0.7607    0.2484
...    31 C-G ...
  -54.1736  -53.4517   53.6868
    0.8392   -0.5329    0.1088
    0.0243    0.2366    0.9713
   -0.5433   -0.8125    0.2115
...    32 G-C ...
  -55.6328  -56.0140   54.7824
    0.7632   -0.2497    0.5960
   -0.4610    0.4359    0.7729
   -0.4528   -0.8647    0.2175
...    33 G-C ...
  -56.7111  -59.1017   55.7236
    0.3796    0.0771    0.9219
   -0.8317    0.4649    0.3036
   -0.4052   -0.8820    0.2406
...    34 C-G ...
  -57.7259  -62.1190   56.6124
   -0.1619    0.3542    0.9211
   -0.9035    0.3221   -0.2827
   -0.3968   -0.8780    0.2679
...    35 C-G ...
  -58.9670  -65.0392   57.9084
   -0.6510    0.4978    0.5731
   -0.6399    0.0464   -0.7671
   -0.4084   -0.8661    0.2883
...    36 C-G ...
  -60.2446  -67.9584   59.2013
   -0.8820    0.4713    0.0006
   -0.1415   -0.2636   -0.9542
   -0.4496   -0.8416    0.2991
...    37 G-C ...
  -61.3453  -71.2900   59.2975
   -0.7593    0.2956   -0.5797
    0.4174   -0.4622   -0.7824
   -0.4992   -0.8361    0.2276
...    38 A-T ...
  -62.8372  -73.9647   60.1547
   -0.3518   -0.0223   -0.9358
    0.7995   -0.5272   -0.2880
   -0.4869   -0.8495    0.2032
...    39 C-G ...
  -64.7916  -76.4456   60.6108
    0.1605   -0.2422   -0.9568
    0.8544   -0.4513    0.2576
   -0.4942   -0.8589    0.1345
...    40 A-T ...
  -66.3789  -79.4445   60.8508
    0.6846   -0.3762   -0.6243
    0.5723   -0.2529    0.7800
   -0.4513   -0.8914    0.0421
...    41 C-G ...
  -67.7850  -82.4126   60.3866
    0.9064   -0.4078   -0.1106
    0.1027   -0.0414    0.9939
   -0.4099   -0.9121    0.0043
...    42 G-C ...
  -68.9876  -85.5184   60.8630
    0.7918   -0.3093    0.5267
   -0.5068    0.1486    0.8491
   -0.3410   -0.9393   -0.0391
...    43 A-T ...
  -70.0222  -88.5595   60.7026
    0.3134   -0.1708    0.9342
   -0.8857    0.3022    0.3524
   -0.3425   -0.9378   -0.0565
...    44 C-G ...
  -70.5609  -91.8512   60.5103
   -0.2245    0.0375    0.9738
   -0.9159    0.3331   -0.2240
   -0.3328   -0.9421   -0.0404
...    45 T-A ...
  -71.1836  -95.4354   60.7508
   -0.7206    0.2322    0.6533
   -0.6017    0.2587   -0.7556
   -0.3445   -0.9376   -0.0467
...    46 T-A ...
  -72.1344  -98.5260   60.7571
   -0.9447    0.3121    0.1010
   -0.0640    0.1267   -0.9899
   -0.3217   -0.9416   -0.0997
...    47 A-T ...
  -73.0911 -101.7199   60.1034
   -0.7512    0.3412   -0.5651
    0.5711   -0.0935   -0.8156
   -0.3311   -0.9353   -0.1246
...    48 C-G ...
  -74.6083 -104.6545   60.1824
   -0.3019    0.2902   -0.9081
    0.8860   -0.2662   -0.3796
   -0.3519   -0.9192   -0.1767
...    49 T-A ...
  -76.1555 -107.5873   59.4964
    0.2695    0.1859   -0.9449
    0.8956   -0.4089    0.1750
   -0.3538   -0.8934   -0.2767
...    50 G-C ...
  -77.1738 -110.6091   58.2297
    0.7897    0.0641   -0.6101
    0.5547   -0.4994    0.6655
   -0.2620   -0.8640   -0.4299
...    51 T-A ...
  -78.0324 -113.0914   56.3833
    0.9751   -0.1711   -0.1412
    0.0406   -0.4878    0.8720
   -0.2181   -0.8560   -0.4687
...    52 A-T ...
  -78.8481 -116.2889   55.3626
    0.7534   -0.4661    0.4637
   -0.6267   -0.2958    0.7209
   -0.1989   -0.8338   -0.5150
...    53 G-C ...
  -79.2264 -119.0396   53.6313
    0.2936   -0.5225    0.8005
   -0.9449   -0.0316    0.3259
   -0.1450   -0.8520   -0.5030
...    54 G-C ...
  -78.9540 -122.2474   51.9473
   -0.3166   -0.4178    0.8516
   -0.9400    0.2583   -0.2227
   -0.1269   -0.8710   -0.4745
...    55 T-A ...
  -79.0075 -125.3007   50.6192
   -0.7844   -0.2359    0.5736
   -0.6105    0.4573   -0.6467
   -0.1097   -0.8575   -0.5027
...    56 A-T ...
  -79.2125 -128.3169   49.0494
   -0.9932    0.1109    0.0346
    0.0293    0.5279   -0.8488
   -0.1124   -0.8421   -0.5275
...    57 T-A ...
  -79.7238 -131.3602   47.9213
   -0.8186    0.3711   -0.4383
    0.5674    0.4041   -0.7174
   -0.0891   -0.8360   -0.5414
...    58 C-G ...
  -80.2941 -134.2167   46.1069
   -0.2554    0.5792   -0.7741
    0.9621    0.0731   -0.2628
   -0.0957   -0.8119   -0.5759
...    59 T-A ...
  -80.8383 -136.7395   44.0028
    0.3220    0.6021   -0.7306
    0.9427   -0.2748    0.1890
   -0.0870   -0.7496   -0.6561
...    60 C-G ...
  -80.8827 -139.1258   41.7093
    0.8225    0.3684   -0.4334
    0.5637   -0.6302    0.5339
   -0.0765   -0.6835   -0.7260
...    61 G-C ...
  -80.4969 -141.6850   39.4724
    0.9911    0.0983    0.0902
    0.0266   -0.8080    0.5886
    0.1308   -0.5810   -0.8033
...    62 A-T ...
  -79.7046 -143.6253   36.7227
    0.7949   -0.4212    0.4367
   -0.5833   -0.7285    0.3592
    0.1668   -0.5403   -0.8248
...    63 G-C ...
  -78.9440 -145.4001   33.9846
    0.3333   -0.7509    0.5701
   -0.9208   -0.3893    0.0256
    0.2027   -0.5334   -0.8212
...    64 C-G ...
  -77.8283 -147.2699   31.2531
   -0.3020   -0.8398    0.4512
   -0.9265    0.1471   -0.3463
    0.2244   -0.5226   -0.8225
...    65 T-A ...
  -77.0716 -149.0398   28.5271
   -0.7677   -0.6265    0.1345
   -0.5847    0.5990   -0.5471
    0.2622   -0.4986   -0.8262
...    66 C-G ...
  -75.9546 -150.5603   25.6436
   -0.9579   -0.1009   -0.2689
    0.0339    0.8899   -0.4548
    0.2852   -0.4448   -0.8490
...    67 G-C ...
  -74.6033 -151.0488   22.4369
   -0.7624    0.4678   -0.4472
    0.5887    0.7882   -0.1792
    0.2686   -0.3999   -0.8763
...    68 G-C ...
  -73.4859 -152.5216   19.6017
   -0.2925    0.8798   -0.3747
    0.9043    0.3819    0.1906
    0.3108   -0.2831   -0.9073
...    69 G-C ...
  -72.6483 -153.4821   16.4802
    0.2152    0.9734   -0.0789
    0.9190   -0.1745    0.3536
    0.3304   -0.1486   -0.9321
...    70 A-T ...
  -71.6778 -153.8083   13.3249
    0.6956    0.6842    0.2190
    0.6139   -0.7245    0.3134
    0.3731   -0.0835   -0.9240
...    71 T-A ...
  -70.6392 -153.4507   10.2271
    0.8958    0.1980    0.3978
    0.1610   -0.9790    0.1249
    0.4142   -0.0478   -0.9089
...    72 C-G ...
  -69.0280 -153.3206    7.2758
    0.7958   -0.4432    0.4126
   -0.4016   -0.8963   -0.1882
    0.4532   -0.0159   -0.8913
...    73 C-G ...
  -66.9885 -153.5222    4.6078
    0.4132   -0.8673    0.2777
   -0.7419   -0.4974   -0.4496
    0.5281   -0.0203   -0.8489
...    74 G-C ...
  -65.5705 -153.8090    1.5926
   -0.1492   -0.9878   -0.0456
   -0.8159    0.1491   -0.5586
    0.5586   -0.0462   -0.8282
...    75 C-G ...
  -63.3156 -154.2245   -1.0412
   -0.6022   -0.7032   -0.3779
   -0.5663    0.7100   -0.4187
    0.5627   -0.0382   -0.8258
...    76 T-A ...
  -61.2158 -154.7188   -3.7777
   -0.8209   -0.1352   -0.5548
   -0.0884    0.9899   -0.1105
    0.5642   -0.0416   -0.8246
...    77 T-A ...
  -59.3867 -155.1729   -6.4568
   -0.6852    0.4883   -0.5404
    0.4070    0.8720    0.2719
    0.6040   -0.0337   -0.7962
...    78 T-A ...
  -57.4500 -155.3939   -9.0985
   -0.3300    0.9103   -0.2499
    0.7238    0.4139    0.5521
    0.6060    0.0014   -0.7955
...    79 A-T ...
  -55.1299 -155.1755  -11.6372
    0.0643    0.9533    0.2951
    0.7981   -0.2266    0.5582
    0.5990    0.1997   -0.7754
...    80 A-T ...
  -53.3489 -154.2992  -14.0904
    0.4476    0.6372    0.6274
    0.6452   -0.7159    0.2667
    0.6191    0.2854   -0.7316
...    81 C-G ...
  -51.5928 -152.7481  -16.5016
    0.7096    0.1315    0.6922
    0.3079   -0.9415   -0.1367
    0.6338    0.3102   -0.7086
...    82 A-T ...
  -49.0963 -151.6966  -18.6286
    0.6950   -0.4941    0.5222
   -0.1392   -0.8051   -0.5766
    0.7054    0.3281   -0.6283
...    83 C-G ...
  -46.3280 -150.3778  -20.1186
    0.4948   -0.8615    0.1135
   -0.4727   -0.3765   -0.7968
    0.7292    0.3406   -0.5935
...    84 T-A ...
  -43.2349 -149.0875  -21.6023
    0.1303   -0.9048   -0.4053
   -0.6559    0.2279   -0.7197
    0.7436    0.3596   -0.5637
...    85 T-A ...
  -40.5496 -147.9833  -23.1758
   -0.2217   -0.5200   -0.8249
   -0.6016    0.7387   -0.3039
    0.7674    0.4289   -0.4766
...    86 T-A ...
  -37.7296 -146.8196  -24.5288
   -0.4666    0.0896   -0.8799
   -0.3736    0.8818    0.2879
    0.8017    0.4631   -0.3780
...    87 A-T ...
  -34.8573 -144.8676  -25.2969
   -0.5149    0.7504   -0.4145
    0.0200    0.4939    0.8693
    0.8570    0.4393   -0.2693
...    88 T-A ...
  -32.2967 -143.5554  -26.7802
   -0.4760    0.8747    0.0913
    0.2595    0.0405    0.9649
    0.8403    0.4830   -0.2463
...    89 G-C ...
  -29.6483 -141.7536  -27.7229
   -0.3048    0.6583    0.6883
    0.5227   -0.4885    0.6987
    0.7962    0.5727   -0.1952
...    90 C-G ...
  -27.3672 -139.4627  -28.2387
   -0.0277    0.2253    0.9739
    0.6034   -0.7730    0.1960
    0.7970    0.5931   -0.1145
...    91 T-A ...
  -24.8461 -137.0186  -28.2402
    0.3023   -0.3022    0.9040
    0.5512   -0.7184   -0.4245
    0.7777    0.6266   -0.0506
...    92 T-A ...
  -22.3997 -134.9375  -28.0648
    0.5232   -0.6964    0.4912
    0.3218   -0.3723   -0.8705
    0.7891    0.6135    0.0293
...    93 C-G ...
  -19.6374 -132.9893  -27.7000
    0.6136   -0.7720   -0.1656
   -0.0531    0.1689   -0.9842
    0.7878    0.6127    0.0627
...    94 C-G ...
  -16.7345 -131.3230  -27.4451
    0.4390   -0.5656   -0.6981
   -0.3522    0.6065   -0.7128
    0.8266    0.5588    0.0670
...    95 G-C ...
  -14.3163 -129.3029  -27.5269
    0.1282   -0.1490   -0.9805
   -0.5184    0.8328   -0.1943
    0.8455    0.5332    0.0295
...    96 G-C ...
  -11.3585 -127.6071  -27.5943
   -0.2316    0.3566   -0.9051
   -0.5023    0.7530    0.4252
    0.8331    0.5531    0.0047
...    97 C-G ...
   -8.3702 -126.0883  -27.8692
   -0.5148    0.7066   -0.4854
   -0.2888    0.3902    0.8743
    0.8072    0.5903    0.0032
...    98 T-A ...
   -5.6492 -124.1235  -27.9458
   -0.6309    0.7708    0.0891
    0.0432   -0.0798    0.9959
    0.7747    0.6321    0.0171
...    99 C-G ...
   -2.9474 -122.0499  -27.8287
   -0.5001    0.5288    0.6858
    0.4223   -0.5424    0.7262
    0.7560    0.6528    0.0480
...   100 G-C ...
   -0.1406 -120.2243  -27.2475
   -0.2188    0.0013    0.9758
    0.6567   -0.7394    0.1483
    0.7217    0.6732    0.1609
...   101 T-A ...
    1.6128 -117.4910  -26.1816
    0.1451   -0.4614    0.8752
    0.6749   -0.6007   -0.4286
    0.7235    0.6529    0.2242
...   102 A-T ...
    3.8896 -115.2281  -24.9567
    0.4774   -0.7791    0.4063
    0.4818   -0.1546   -0.8626
    0.7348    0.6076    0.3015
...   103 T-A ...
    6.0286 -113.3236  -23.2814
    0.6768   -0.7261   -0.1214
    0.1568    0.3033   -0.9399
    0.7193    0.6171    0.3191
...   104 A-T ...
    8.4745 -111.2501  -21.9970
    0.6492   -0.3109   -0.6942
   -0.3351    0.7024   -0.6280
    0.6828    0.6403    0.3518
...   105 T-A ...
   10.9704 -109.7391  -20.4122
    0.3834    0.1738   -0.9071
   -0.6508    0.7478   -0.1318
    0.6553    0.6408    0.3998
...   106 C-G ...
   13.2192 -107.7139  -18.9961
   -0.1331    0.6154   -0.7769
   -0.7612    0.4385    0.4778
    0.6347    0.6549    0.4101
...   107 A-T ...
   14.8974 -105.6215  -16.7778
   -0.6332    0.6896   -0.3515
   -0.5361   -0.0631    0.8418
    0.5583    0.7214    0.4096
...   108 T-A ...
   16.8613 -103.1377  -15.8701
   -0.8437    0.5202    0.1324
   -0.1184   -0.4209    0.8994
    0.5236    0.7431    0.4167
...   109 G-C ...
   18.6348 -100.5187  -14.3092
   -0.7851    0.0561    0.6169
    0.4387   -0.6527    0.6176
    0.4373    0.7555    0.4878
...   110 T-A ...
   19.6446  -97.6220  -12.8862
   -0.4148   -0.3330    0.8468
    0.8052   -0.5679    0.1710
    0.4239    0.7528    0.5036
...   111 T-A ...
   20.7981  -95.1833  -11.1830
    0.1129   -0.6322    0.7665
    0.9043   -0.2543   -0.3429
    0.4117    0.7319    0.5430
...   112 A-T ...
   22.4790  -92.7459   -9.4068
    0.6892   -0.6386    0.3423
    0.6068    0.2505   -0.7543
    0.3959    0.7276    0.5602
...   113 T-A ...
   23.4663  -90.7135   -6.9909
    0.9150   -0.3902   -0.1027
    0.1496    0.5644   -0.8119
    0.3748    0.7275    0.5747
...   114 A-T ...
   24.5470  -87.9158   -5.1334
    0.7796    0.2096   -0.5902
   -0.5587    0.6586   -0.5041
    0.2830    0.7227    0.6305
...   115 A-T ...
   25.5717  -85.7136   -2.9578
    0.2841    0.6171   -0.7338
   -0.9285    0.3680   -0.0499
    0.2392    0.6955    0.6775
...   116 C-G ...
   26.9923  -83.5736   -0.6227
   -0.3015    0.7389   -0.6025
   -0.9264   -0.0777    0.3683
    0.2254    0.6693    0.7080
...   117 G-C ...
   27.4427  -81.4471    1.8517
   -0.8236    0.4960   -0.2752
   -0.5397   -0.5360    0.6491
    0.1744    0.6831    0.7091
...   118 G-C ...
   28.0019  -79.0889    4.1085
   -0.9971    0.0503    0.0578
    0.0047   -0.7129    0.7013
    0.0764    0.6995    0.7106
...   119 A-T ...
   28.1960  -76.6410    6.3791
   -0.7964   -0.4321    0.4232
    0.6044   -0.5944    0.5304
    0.0223    0.6782    0.7345
...   120 A-T ...
   28.0676  -74.3894    8.7291
   -0.2895   -0.7155    0.6358
    0.9570   -0.2288    0.1783
    0.0179    0.6600    0.7510
...   121 T-A ...
   27.5072  -72.2764   11.2306
    0.2657   -0.7380    0.6203
    0.9640    0.1997   -0.1753
    0.0054    0.6446    0.7645
...   122 G-C ...
   27.5404  -70.2253   14.0240
    0.8059   -0.5049    0.3093
    0.5905    0.6466   -0.4829
    0.0438    0.5718    0.8192
...   123 T-A ...
   27.6252  -68.8480   17.0413
    0.9969   -0.0778    0.0071
    0.0687    0.8301   -0.5534
    0.0371    0.5522    0.8329
...   124 G-C ...
   27.7817  -67.0322   19.9055
    0.8199    0.4480   -0.3565
   -0.5676    0.7175   -0.4038
    0.0749    0.5334    0.8425
...   125 T-A ...
   28.3727  -65.6744   22.8008
    0.3788    0.7555   -0.5345
   -0.9215    0.3615   -0.1420
    0.0859    0.5464    0.8331
...   126 C-G ...
   28.7045  -63.9381   25.4803
   -0.2587    0.8265   -0.4999
   -0.9622   -0.1751    0.2085
    0.0848    0.5350    0.8406
...   127 G-C ...
   28.3090  -62.4453   28.5002
   -0.7703    0.5132   -0.3786
   -0.6377   -0.6228    0.4534
   -0.0031    0.5906    0.8069
...   128 A-T ...
   28.4628  -60.6235   31.1048
   -0.9987    0.0311   -0.0399
   -0.0483   -0.8224    0.5669
   -0.0152    0.5681    0.8228
...   129 C-G ...
   28.2707  -58.1925   33.3297
   -0.8629   -0.4482    0.2333
    0.5017   -0.7049    0.5014
   -0.0603    0.5497    0.8332
...   130 C-G ...
   27.4920  -56.2907   36.0610
   -0.4400   -0.8183    0.3698
    0.8854   -0.3267    0.3306
   -0.1497    0.4729    0.8683
...   131 A-T ...
   27.6711  -55.0024   39.2376
    0.1944   -0.8942    0.4033
    0.9662    0.2455    0.0787
   -0.1694    0.3744    0.9117
...   132 A-T ...
   27.0358  -53.9749   42.2987
    0.7297   -0.5771    0.3667
    0.6601    0.7344   -0.1578
   -0.1782    0.3572    0.9169
...   133 A-T ...
   26.2392  -53.1358   45.3772
    0.9702   -0.0019    0.2423
    0.0898    0.9317   -0.3520
   -0.2250    0.3633    0.9041
...   134 T-A ...
   25.6308  -52.5796   48.6348
    0.8597    0.5096    0.0340
   -0.4497    0.7867   -0.4230
   -0.2423    0.3484    0.9055
...   135 G-C ...
   25.2858  -52.4980   52.0749
    0.3205    0.9427   -0.0927
   -0.8825    0.2616   -0.3908
   -0.3441    0.2071    0.9158
...   136 T-A ...
   25.5356  -52.9668   55.8001
   -0.2443    0.9563   -0.1608
   -0.8908   -0.2868   -0.3525
   -0.3832    0.0571    0.9219
...   137 G-C ...
   24.9037  -52.7259   58.9820
   -0.7529    0.5562   -0.3519
   -0.5214   -0.8303   -0.1968
   -0.4017    0.0354    0.9151
...   138 A-T ...
   24.0249  -51.6261   61.9209
   -0.9563    0.0400   -0.2896
   -0.0523   -0.9980    0.0347
   -0.2877    0.0483    0.9565
...   139 G-C ...
   22.3574  -51.2299   64.4908
   -0.8529   -0.5117   -0.1032
    0.4973   -0.8566    0.1372
   -0.1586    0.0657    0.9852
...   140 C-G ...
   22.1608  -50.1386   67.4617
   -0.4681   -0.8749    0.1247
    0.8495   -0.4066    0.3363
   -0.2435    0.2633    0.9335
...   141 G-C ...
   21.4366  -51.8164   72.7855
    0.1304   -0.7141   -0.6877
    0.8897   -0.2218    0.3990
   -0.4375   -0.6639    0.6065
...   142 C-G ...
   20.4355  -54.2994   74.5394
    0.5847   -0.7390   -0.3347
    0.7593    0.3532    0.5466
   -0.2857   -0.5737    0.7676
...   143 T-A ...
   18.4378  -55.5190   76.5272
    0.8548   -0.5006    0.1370
    0.3188    0.7147    0.6225
   -0.4096   -0.4884    0.7705
...   144 C-G ...
   16.8485  -57.7126   78.2647
    0.8529   -0.0846    0.5152
   -0.1509    0.9047    0.3983
   -0.4998   -0.4175    0.7589
...   145 A-T ...
   15.7933  -59.5518   80.7962
    0.5515    0.4995    0.6681
   -0.6739    0.7388    0.0040
   -0.4915   -0.4525    0.7441
...   146 C-G ...
   15.7411  -61.4839   83.9295
    0.0342    0.7400    0.6718
   -0.8637    0.3601   -0.3527
   -0.5029   -0.5681    0.6514
...   147 A-T ...
   14.7481  -63.4170   86.8164
   -0.5923    0.6746    0.4405
   -0.6886   -0.1400   -0.7115
   -0.4183   -0.7247    0.5475
