  147 base-pairs
...     1 T-A ...
    0.0000    0.0000    0.0000
    1.0000    0.0000    0.0000
    0.0000    1.0000    0.0000
    0.0000    0.0000    1.0000
...     2 G-C ...
   -0.5555   -1.1003    3.3981
    0.7749    0.6051    0.1828
   -0.5991    0.7953   -0.0929
   -0.2016   -0.0375    0.9787
...     3 T-A ...
   -0.6619   -3.0237    6.5348
    0.3046    0.9250    0.2271
   -0.8994    0.3578   -0.2510
   -0.3134   -0.1278    0.9410
...     4 G-C ...
   -1.1607   -3.8418    9.6940
   -0.3351    0.9421    0.0133
   -0.8752   -0.3061   -0.3746
   -0.3489   -0.1372    0.9271
...     5 A-T ...
   -1.3881   -3.6770   12.8999
   -0.7835    0.6162   -0.0801
   -0.5677   -0.7622   -0.3109
   -0.2527   -0.1981    0.9470
...     6 G-C ...
   -2.6236   -3.5448   15.7072
   -0.9923    0.0611   -0.1075
   -0.0294   -0.9610   -0.2748
   -0.1201   -0.2695    0.9555
...     7 C-G ...
   -2.3138   -3.7570   18.8866
   -0.8620   -0.4995   -0.0864
    0.5008   -0.8655    0.0073
   -0.0785   -0.0370    0.9962
...     8 G-C ...
   -3.9561   -6.8109   23.3205
   -0.2581   -0.3560   -0.8981
    0.6294   -0.7673    0.1233
   -0.7330   -0.5335    0.4221
...     9 C-G ...
   -6.1177   -8.9414   24.2385
    0.1143   -0.7320   -0.6716
    0.8123   -0.3203    0.4874
   -0.5720   -0.6013    0.5580
...    10 T-A ...
   -8.5041   -9.6771   26.0540
    0.4660   -0.8587   -0.2131
    0.6274    0.1508    0.7640
   -0.6239   -0.4897    0.6090
...    11 C-G ...
  -11.0625  -11.3174   27.2336
    0.6660   -0.6911    0.2808
    0.3382    0.6152    0.7121
   -0.6649   -0.3794    0.6435
...    12 A-T ...
  -13.0013  -13.1789   29.0658
    0.7188   -0.1490    0.6790
   -0.1787    0.9043    0.3876
   -0.6718   -0.4000    0.6235
...    13 C-G ...
  -14.1788  -15.9359   31.3399
    0.4052    0.2865    0.8682
   -0.5270    0.8492   -0.0343
   -0.7470   -0.4437    0.4951
...    14 A-T ...
  -15.9532  -18.1566   33.3080
   -0.1503    0.6873    0.7107
   -0.6106    0.5008   -0.6135
   -0.7776   -0.5261    0.3444
...    15 A-T ...
  -18.2975  -19.9890   34.6664
   -0.5247    0.8220    0.2214
   -0.3947   -0.0045   -0.9188
   -0.7542   -0.5695    0.3268
...    16 T-A ...
  -20.5454  -21.7365   36.3946
   -0.6782    0.6770   -0.2858
   -0.0509   -0.4312   -0.9008
   -0.7331   -0.5964    0.3269
...    17 T-A ...
  -22.8873  -23.5762   37.7406
   -0.6030    0.2627   -0.7533
    0.3817   -0.7341   -0.5616
   -0.7005   -0.6261    0.3424
...    18 T-A ...
  -25.2419  -25.4371   39.0100
   -0.2690   -0.2291   -0.9355
    0.6805   -0.7326   -0.0162
   -0.6816   -0.6409    0.3530
...    19 A-T ...
  -27.2876  -27.7934   40.3000
    0.2538   -0.5997   -0.7589
    0.7027   -0.4249    0.5707
   -0.6647   -0.6781    0.3136
...    20 T-A ...
  -29.8091  -29.8310   40.8013
    0.5948   -0.7159   -0.3657
    0.4722   -0.0571    0.8796
   -0.6506   -0.6959    0.3041
...    21 T-A ...
  -31.9271  -32.1513   41.5904
    0.7793   -0.5938    0.2003
    0.0339    0.3591    0.9327
   -0.6258   -0.7200    0.3000
...    22 C-G ...
  -33.8046  -34.6597   42.5796
    0.6696   -0.2294    0.7064
   -0.4606    0.6180    0.6372
   -0.5827   -0.7520    0.3082
...    23 G-C ...
  -35.7582  -37.0004   44.0780
    0.3279    0.2400    0.9137
   -0.8038    0.5791    0.1363
   -0.4964   -0.7791    0.3829
...    24 C-G ...
  -36.9886  -39.7449   45.5720
   -0.1750    0.5437    0.8208
   -0.8622    0.3179   -0.3945
   -0.4754   -0.7767    0.4131
...    25 A-T ...
  -38.8195  -42.2560   46.8276
   -0.6380    0.6621    0.3932
   -0.5914   -0.0943   -0.8009
   -0.4931   -0.7435    0.4517
...    26 A-T ...
  -40.2656  -44.6385   48.5384
   -0.8854    0.4411   -0.1466
   -0.0811   -0.4571   -0.8857
   -0.4578   -0.7723    0.4405
...    27 A-T ...
  -41.7422  -47.0293   50.2007
   -0.7705    0.0606   -0.6346
    0.4733   -0.6126   -0.6330
   -0.4271   -0.7880    0.4434
...    28 G-C ...
  -43.3451  -49.4974   51.7833
   -0.3515   -0.2368   -0.9057
    0.8254   -0.5350   -0.1804
   -0.4418   -0.8110    0.3835
...    29 G-C ...
  -45.0378  -52.1395   53.0547
    0.2166   -0.4149   -0.8837
    0.8783   -0.3124    0.3619
   -0.4262   -0.8545    0.2968
...    30 C-G ...
  -46.7642  -54.9041   53.7180
    0.6952   -0.4651   -0.5481
    0.6032   -0.0372    0.7967
   -0.3909   -0.8845    0.2547
...    31 C-G ...
  -47.9890  -58.0080   54.2402
    0.9479   -0.3169   -0.0316
    0.0971    0.1929    0.9764
   -0.3033   -0.9286    0.2136
...    32 G-C ...
  -48.7353  -61.1289   55.3654
    0.8567   -0.0428    0.5140
   -0.4842    0.2765    0.8301
   -0.1777   -0.9601    0.2161
...    33 G-C ...
  -48.8812  -64.4437   56.1031
    0.4417    0.1886    0.8771
   -0.8912    0.2045    0.4048
   -0.1030   -0.9605    0.2584
...    34 C-G ...
  -48.7473  -67.6630   57.0592
   -0.1430    0.2933    0.9453
   -0.9865    0.0351   -0.1601
   -0.0802   -0.9554    0.2843
...    35 C-G ...
  -48.8251  -70.8337   58.3090
   -0.6798    0.3056    0.6667
   -0.7275   -0.1657   -0.6658
   -0.0930   -0.9376    0.3350
...    36 C-G ...
  -49.0546  -73.9323   59.7150
   -0.9678    0.2059    0.1450
   -0.2067   -0.3202   -0.9245
   -0.1439   -0.9247    0.3525
...    37 G-C ...
  -49.4723  -77.2201   60.4825
   -0.8871    0.0613   -0.4576
    0.4046   -0.3741   -0.8345
   -0.2224   -0.9254    0.3070
...    38 A-T ...
  -50.1799  -80.2480   61.5903
   -0.4505   -0.1437   -0.8811
    0.8629   -0.3231   -0.3885
   -0.2289   -0.9354    0.2696
...    39 C-G ...
  -51.5127  -83.1264   62.5529
    0.0972   -0.2539   -0.9623
    0.9687   -0.1980    0.1500
   -0.2286   -0.9468    0.2267
...    40 A-T ...
  -52.0383  -86.3684   63.3092
    0.6699   -0.2041   -0.7139
    0.7221   -0.0447    0.6904
   -0.1728   -0.9779    0.1174
...    41 C-G ...
  -52.8636  -89.5649   63.0966
    0.9601   -0.1525   -0.2344
    0.2441    0.0482    0.9686
   -0.1365   -0.9871    0.0835
...    42 G-C ...
  -52.9649  -92.9067   63.7340
    0.9320    0.0089    0.3623
   -0.3622    0.0546    0.9305
   -0.0115   -0.9985    0.0541
...    43 A-T ...
  -52.8046  -96.2125   63.9144
    0.5141    0.0542    0.8560
   -0.8575    0.0065    0.5145
    0.0223   -0.9985    0.0498
...    44 C-G ...
  -52.0587  -99.4944   63.9798
   -0.0423    0.0502    0.9978
   -0.9983   -0.0426   -0.0402
    0.0404   -0.9978    0.0519
...    45 T-A ...
  -51.6379 -102.8065   64.3680
   -0.5975    0.0368    0.8011
   -0.8007   -0.0816   -0.5934
    0.0436   -0.9960    0.0783
...    46 T-A ...
  -51.2443 -106.0284   64.7886
   -0.9565   -0.0667    0.2839
   -0.2797   -0.0647   -0.9579
    0.0822   -0.9957    0.0432
...    47 A-T ...
  -50.7718 -109.4009   64.3836
   -0.8947   -0.1213   -0.4299
    0.4294    0.0319   -0.9026
    0.1232   -0.9921    0.0236
...    48 C-G ...
  -50.7461 -112.6883   64.9448
   -0.5188   -0.0511   -0.8534
    0.8476    0.0996   -0.5212
    0.1116   -0.9937   -0.0084
...    49 T-A ...
  -50.6734 -116.0233   64.8994
    0.0250    0.0941   -0.9953
    0.9943    0.1004    0.0344
    0.1032   -0.9905   -0.0911
...    50 G-C ...
  -50.0570 -119.3077   64.4420
    0.5847    0.2613   -0.7680
    0.7968   -0.0073    0.6041
    0.1522   -0.9652   -0.2125
...    51 T-A ...
  -49.8463 -122.3522   63.1843
    0.9134    0.2646   -0.3095
    0.3592   -0.1658    0.9184
    0.1917   -0.9500   -0.2465
...    52 A-T ...
  -49.0172 -125.5912   62.6414
    0.9250    0.1399    0.3532
   -0.2913   -0.3354    0.8959
    0.2438   -0.9316   -0.2695
...    53 G-C ...
  -47.9170 -128.5655   61.5692
    0.5935   -0.0327    0.8041
   -0.7475   -0.3928    0.5357
    0.2983   -0.9191   -0.2575
...    54 G-C ...
  -46.5354 -131.5999   60.8582
    0.0404   -0.2152    0.9757
   -0.9393   -0.3412   -0.0363
    0.3407   -0.9150   -0.2159
...    55 T-A ...
  -44.8188 -134.4740   60.3758
   -0.4864   -0.3767    0.7884
   -0.8029   -0.1632   -0.5733
    0.3446   -0.9119   -0.2230
...    56 A-T ...
  -43.9324 -137.4851   58.8649
   -0.8735   -0.4671    0.1374
   -0.2526    0.1937   -0.9480
    0.4162   -0.8627   -0.2872
...    57 T-A ...
  -42.5232 -140.4816   58.5728
   -0.8668   -0.3072   -0.3928
    0.2424    0.4288   -0.8703
    0.4358   -0.8496   -0.2972
...    58 C-G ...
  -41.0257 -143.3073   57.6807
   -0.5505    0.0545   -0.8330
    0.7155    0.5448   -0.4372
    0.4300   -0.8368   -0.3389
...    59 T-A ...
  -39.8544 -146.2109   56.5221
   -0.0992    0.4184   -0.9028
    0.9036    0.4179    0.0944
    0.4168   -0.8064   -0.4195
...    60 C-G ...
  -38.5111 -148.8410   55.0740
    0.4373    0.6393   -0.6325
    0.7861    0.0699    0.6141
    0.4368   -0.7658   -0.4720
...    61 T-A ...
  -37.1483 -151.2140   53.1869
    0.7570    0.6372   -0.1451
    0.4379   -0.3298    0.8364
    0.4850   -0.6966   -0.5286
...    62 C-G ...
  -35.3760 -153.3348   51.3961
    0.8484    0.3308    0.4133
   -0.0902   -0.6791    0.7285
    0.5217   -0.6553   -0.5463
...    63 A-T ...
  -33.5280 -155.7035   49.8680
    0.5860   -0.1093    0.8029
   -0.5519   -0.7793    0.2968
    0.5933   -0.6171   -0.5170
...    64 T-A ...
  -31.1107 -157.1960   48.1313
    0.2197   -0.5303    0.8188
   -0.7772   -0.6025   -0.1816
    0.5896   -0.5965   -0.5446
...    65 G-C ...
  -29.4746 -159.4390   46.2370
   -0.3243   -0.7826    0.5314
   -0.7308   -0.1495   -0.6661
    0.6007   -0.6044   -0.5234
...    66 T-A ...
  -27.0694 -161.4825   44.9838
   -0.6724   -0.7376    0.0615
   -0.4336    0.3253   -0.8403
    0.5998   -0.5917   -0.5386
...    67 T-A ...
  -24.9572 -163.4583   43.4520
   -0.7739   -0.4095   -0.4830
    0.0422    0.7276   -0.6847
    0.6319   -0.5503   -0.5458
...    68 A-T ...
  -22.5746 -164.8918   41.4627
   -0.5659    0.1839   -0.8037
    0.5222    0.8343   -0.1768
    0.6380   -0.5198   -0.5682
...    69 T-A ...
  -20.9369 -167.0474   39.6004
   -0.2270    0.6064   -0.7620
    0.7366    0.6188    0.2730
    0.6371   -0.4994   -0.5872
...    70 A-T ...
  -18.6927 -168.5544   37.5848
    0.1902    0.9141   -0.3581
    0.7431    0.1043    0.6610
    0.6416   -0.3918   -0.6594
...    71 A-T ...
  -16.6893 -169.6909   35.3099
    0.5613    0.8177    0.1273
    0.5084   -0.4621    0.7266
    0.6530   -0.3431   -0.6752
...    72 C-G ...
  -14.7093 -170.2677   32.7068
    0.7237    0.4428    0.5293
    0.1455   -0.8477    0.5102
    0.6746   -0.2922   -0.6779
...    73 G-C ...
  -12.0965 -171.4916   30.8438
    0.6211   -0.1356    0.7719
   -0.2459   -0.9689    0.0277
    0.7441   -0.2070   -0.6351
...    74 G-C ...
   -9.2826 -172.0521   28.9825
    0.3350   -0.6732    0.6593
   -0.5255   -0.7142   -0.4623
    0.7821   -0.1916   -0.5930
...    75 A-T ...
   -6.5926 -172.6333   27.0740
   -0.0521   -0.9795    0.1945
   -0.6180   -0.1213   -0.7767
    0.7844   -0.1607   -0.5991
...    76 G-C ...
   -3.7820 -173.1799   25.2770
   -0.4094   -0.8663   -0.2863
   -0.4889    0.4732   -0.7329
    0.7703   -0.1601   -0.6172
...    77 A-T ...
   -1.0994 -173.6070   23.3473
   -0.6306   -0.3753   -0.6794
   -0.1503    0.9178   -0.3675
    0.7614   -0.1296   -0.6352
...    78 G-C ...
    1.4484 -174.2531   21.2656
   -0.6592    0.2195   -0.7192
    0.2105    0.9721    0.1038
    0.7219   -0.0829   -0.6870
...    79 C-G ...
    3.7294 -174.9316   18.9142
   -0.4758    0.7363   -0.4811
    0.5370    0.6764    0.5041
    0.6966   -0.0185   -0.7172
...    80 T-A ...
    5.8150 -174.9750   16.3216
   -0.1725    0.9841   -0.0417
    0.7284    0.1559    0.6672
    0.6631    0.0847   -0.7437
...    81 C-G ...
    7.9573 -174.5044   13.8792
    0.2556    0.8690    0.4238
    0.7092   -0.4664    0.5287
    0.6571    0.1654   -0.7355
...    82 G-C ...
   10.5800 -173.7720   11.7934
    0.5425    0.4038    0.7366
    0.4961   -0.8616    0.1070
    0.6779    0.3074   -0.6678
...    83 G-C ...
   13.0617 -172.3401    9.9332
    0.6877   -0.1906    0.7005
    0.1441   -0.9099   -0.3890
    0.7115    0.3685   -0.5983
...    84 G-C ...
   15.7427 -170.9871    8.2851
    0.6179   -0.7022    0.3536
   -0.2471   -0.6004   -0.7605
    0.7464    0.3826   -0.5445
...    85 A-T ...
   18.3079 -169.6723    6.5688
    0.3421   -0.9097   -0.2355
   -0.5819   -0.0083   -0.8132
    0.7378    0.4152   -0.5322
...    86 T-A ...
   21.1659 -168.4001    5.3619
    0.0048   -0.7426   -0.6697
   -0.6891    0.4828   -0.5404
    0.7246    0.4641   -0.5094
...    87 C-G ...
   23.6583 -166.7863    3.8036
   -0.4325   -0.2606   -0.8632
   -0.5595    0.8283    0.0303
    0.7070    0.4961   -0.5040
...    88 C-G ...
   26.2600 -165.2482    2.1945
   -0.7343    0.2291   -0.6390
   -0.2217    0.8088    0.5447
    0.6417    0.5416   -0.5431
...    89 G-C ...
   28.5267 -163.1021    0.7539
   -0.8109    0.5741   -0.1132
    0.2391    0.5016    0.8314
    0.5341    0.6471   -0.5440
...    90 C-G ...
   30.0729 -161.0969   -1.4102
   -0.5755    0.7019    0.4197
    0.6563    0.0902    0.7491
    0.4879    0.7066   -0.5126
...    91 T-A ...
   31.3745 -158.5782   -3.1475
   -0.1636    0.5540    0.8162
    0.8861   -0.2811    0.3684
    0.4336    0.7836   -0.4450
...    92 T-A ...
   32.6225 -155.9135   -4.5030
    0.3753    0.2514    0.8921
    0.8253   -0.5287   -0.1982
    0.4219    0.8107   -0.4059
...    93 T-A ...
   33.8612 -153.1305   -5.6476
    0.7987   -0.1097    0.5917
    0.4475   -0.5490   -0.7059
    0.4023    0.8286   -0.3894
...    94 A-T ...
   35.3104 -150.6193   -7.5875
    0.9191   -0.3779   -0.1112
   -0.2388   -0.3099   -0.9203
    0.3133    0.8724   -0.3751
...    95 A-T ...
   36.4314 -147.6658   -8.4920
    0.6007   -0.4085   -0.6872
   -0.7602   -0.0257   -0.6492
    0.2475    0.9124   -0.3259
...    96 C-G ...
   37.8129 -144.6466   -9.2499
    0.0741   -0.3272   -0.9420
   -0.9694    0.1980   -0.1451
    0.2340    0.9240   -0.3026
...    97 A-T ...
   38.1401 -141.3846  -10.0026
   -0.5579   -0.1640   -0.8136
   -0.8087    0.3276    0.4885
    0.1864    0.9305   -0.3154
...    98 C-G ...
   39.1765 -138.5195  -11.3766
   -0.9158    0.0196   -0.4013
   -0.3716    0.3385    0.8645
    0.1527    0.9408   -0.3027
...    99 T-A ...
   39.6302 -135.4527  -12.6020
   -0.9787    0.1158    0.1693
    0.1943    0.2584    0.9463
    0.0658    0.9591   -0.2754
...   100 T-A ...
   39.7297 -132.3719  -13.5698
   -0.6893    0.1795    0.7019
    0.7242    0.1448    0.6742
    0.0194    0.9730   -0.2298
...   101 T-A ...
   39.6022 -129.2233  -14.2693
   -0.1471    0.1631    0.9756
    0.9890    0.0373    0.1429
   -0.0131    0.9859   -0.1668
...   102 A-T ...
   39.6102 -125.8660  -14.4911
    0.4795    0.0384    0.8767
    0.8773    0.0026   -0.4799
   -0.0207    0.9993   -0.0325
...   103 T-A ...
   39.0797 -122.6411  -14.0574
    0.8677    0.0314    0.4961
    0.4961    0.0060   -0.8682
   -0.0303    0.9995   -0.0104
...   104 G-C ...
   39.3446 -119.2923  -14.2898
    0.9894   -0.0075   -0.1452
   -0.1447    0.0511   -0.9882
    0.0148    0.9987    0.0494
...   105 C-G ...
   39.6900 -115.9591  -13.7865
    0.7202    0.0291   -0.6932
   -0.6932    0.0694   -0.7174
    0.0272    0.9972    0.0702
...   106 T-A ...
   40.0677 -112.6256  -13.4079
    0.1904    0.0665   -0.9794
   -0.9813    0.0422   -0.1879
    0.0288    0.9969    0.0733
...   107 T-A ...
   40.4397 -109.3906  -13.0236
   -0.4507    0.1377   -0.8820
   -0.8924   -0.0463    0.4488
    0.0210    0.9894    0.1438
...   108 C-G ...
   40.6366 -106.1149  -12.4406
   -0.9093    0.0555   -0.4124
   -0.4159   -0.1562    0.8959
   -0.0147    0.9862    0.1651
...   109 C-G ...
   40.7163 -102.7397  -12.0532
   -0.9772   -0.1480    0.1523
    0.1775   -0.1755    0.9684
   -0.1166    0.9733    0.1977
...   110 G-C ...
   40.4304  -99.5158  -10.9705
   -0.6681   -0.3761    0.6421
    0.7064   -0.0495    0.7060
   -0.2337    0.9253    0.2987
...   111 G-C ...
   39.2919  -96.5236   -9.9008
   -0.1256   -0.4504    0.8840
    0.9499    0.2024    0.2381
   -0.2862    0.8696    0.4024
...   112 C-G ...
   37.8997  -93.9358   -8.3339
    0.4472   -0.3143    0.8374
    0.8448    0.4561   -0.2800
   -0.2939    0.8326    0.4695
...   113 T-A ...
   36.8254  -91.4223   -6.4151
    0.8593   -0.0593    0.5081
    0.4354    0.6061   -0.6656
   -0.2685    0.7931    0.5467
...   114 C-G ...
   36.1259  -88.8633   -4.4268
    0.9460    0.3240   -0.0130
   -0.1978    0.5449   -0.8148
   -0.2569    0.7734    0.5795
...   115 G-C ...
   35.2924  -85.9616   -2.8294
    0.6424    0.5581   -0.5252
   -0.7422    0.2822   -0.6079
   -0.1910    0.7803    0.5956
...   116 T-A ...
   35.2258  -83.4549   -0.5443
    0.1123    0.6299   -0.7685
   -0.9741   -0.0830   -0.2104
   -0.1963    0.7723    0.6042
...   117 A-T ...
   33.7837  -81.2848    1.8194
   -0.6338    0.4586   -0.6228
   -0.7527   -0.5511    0.3602
   -0.1780    0.6971    0.6945
...   118 T-A ...
   33.6183  -78.6034    3.7724
   -0.9409    0.1037   -0.3225
   -0.2938   -0.7236    0.6246
   -0.1686    0.6824    0.7113
...   119 A-T ...
   33.1782  -76.7203    6.6171
   -0.8940   -0.4136    0.1725
    0.4161   -0.6234    0.6620
   -0.1662    0.6636    0.7294
...   120 A-T ...
   32.5081  -74.5082    8.9010
   -0.4658   -0.7175    0.5179
    0.8677   -0.2558    0.4261
   -0.1733    0.6479    0.7418
...   121 T-A ...
   31.3079  -72.4247   11.1444
    0.0626   -0.7579    0.6494
    0.9821    0.1625    0.0950
   -0.1775    0.6319    0.7545
...   122 G-C ...
   31.0443  -70.4256   13.8653
    0.6590   -0.5660    0.4953
    0.7370    0.6172   -0.2753
   -0.1499    0.5465    0.8240
...   123 T-A ...
   30.3313  -69.1844   16.8857
    0.9609   -0.1431    0.2370
    0.2449    0.8384   -0.4869
   -0.1290    0.5259    0.8407
...   124 G-C ...
   30.1306  -67.1512   19.5781
    0.9127    0.3740   -0.1649
   -0.4049    0.7723   -0.4894
   -0.0557    0.5134    0.8563
...   125 T-A ...
   30.4068  -65.8433   22.6770
    0.5282    0.7407   -0.4152
   -0.8478    0.4329   -0.3062
   -0.0471    0.5138    0.8566
...   126 C-G ...
   30.3393  -64.1443   25.5456
   -0.1234    0.8489   -0.5140
   -0.9912   -0.1303    0.0229
   -0.0475    0.5123    0.8575
...   127 G-C ...
   29.7228  -62.5994   28.5441
   -0.6940    0.5573   -0.4558
   -0.7136   -0.6166    0.3326
   -0.0957    0.5561    0.8256
...   128 A-T ...
   29.4926  -60.7511   31.2932
   -0.9853    0.0395   -0.1661
   -0.1238   -0.8356    0.5352
   -0.1177    0.5479    0.8282
...   129 C-G ...
   29.0164  -58.4545   33.6709
   -0.8841   -0.4475    0.1343
    0.4443   -0.7164    0.5379
   -0.1445    0.5353    0.8322
...   130 C-G ...
   28.2939  -56.5929   36.4138
   -0.4507   -0.8240    0.3434
    0.8692   -0.3176    0.3788
   -0.2031    0.4692    0.8594
...   131 A-T ...
   27.8836  -55.1528   39.4485
    0.1889   -0.8902    0.4145
    0.9580    0.2598    0.1214
   -0.2158    0.3742    0.9019
...   132 A-T ...
   27.0267  -54.0876   42.4031
    0.7263   -0.5579    0.4015
    0.6515    0.7449   -0.1435
   -0.2190    0.3658    0.9045
...   133 A-T ...
   26.2515  -53.1199   45.4191
    0.9696    0.0077    0.2446
    0.0807    0.9335   -0.3494
   -0.2310    0.3585    0.9045
...   134 T-A ...
   25.6308  -52.5796   48.6349
    0.8597    0.5096    0.0340
   -0.4497    0.7867   -0.4230
   -0.2423    0.3484    0.9055
...   135 G-C ...
   25.2859  -52.4981   52.0750
    0.3205    0.9427   -0.0927
   -0.8825    0.2616   -0.3908
   -0.3442    0.2071    0.9158
...   136 T-A ...
   25.5356  -52.9668   55.8002
   -0.2443    0.9563   -0.1608
   -0.8908   -0.2868   -0.3525
   -0.3832    0.0571    0.9219
...   137 G-C ...
   24.9037  -52.7259   58.9821
   -0.7529    0.5562   -0.3519
   -0.5214   -0.8303   -0.1968
   -0.4017    0.0354    0.9151
...   138 A-T ...
   24.0249  -51.6261   61.9211
   -0.9563    0.0400   -0.2896
   -0.0523   -0.9980    0.0347
   -0.2877    0.0483    0.9565
...   139 G-C ...
   22.3574  -51.2299   64.4909
   -0.8529   -0.5117   -0.1032
    0.4973   -0.8566    0.1372
   -0.1586    0.0657    0.9852
...   140 C-G ...
   22.1608  -50.1386   67.4618
   -0.4681   -0.8749    0.1247
    0.8495   -0.4066    0.3363
   -0.2435    0.2633    0.9335
...   141 G-C ...
   21.4366  -51.8164   72.7856
    0.1304   -0.7141   -0.6877
    0.8897   -0.2218    0.3990
   -0.4375   -0.6639    0.6065
...   142 C-G ...
   20.4355  -54.2994   74.5395
    0.5847   -0.7390   -0.3347
    0.7593    0.3532    0.5466
   -0.2857   -0.5737    0.7676
...   143 T-A ...
   18.4378  -55.5190   76.5273
    0.8548   -0.5006    0.1370
    0.3188    0.7147    0.6225
   -0.4096   -0.4884    0.7705
...   144 C-G ...
   16.8485  -57.7126   78.2648
    0.8529   -0.0846    0.5152
   -0.1509    0.9047    0.3983
   -0.4998   -0.4175    0.7589
...   145 A-T ...
   15.7933  -59.5518   80.7963
    0.5515    0.4995    0.6681
   -0.6739    0.7388    0.0040
   -0.4915   -0.4525    0.7441
...   146 C-G ...
   15.7410  -61.4839   83.9296
    0.0342    0.7400    0.6718
   -0.8637    0.3601   -0.3527
   -0.5029   -0.5681    0.6514
...   147 A-T ...
   14.7481  -63.4170   86.8165
   -0.5923    0.6746    0.4405
   -0.6886   -0.1400   -0.7115
   -0.4183   -0.7247    0.5475
