  147 base-pairs
...     1 T-A ...
    0.0000    0.0000    0.0000
    1.0000    0.0000    0.0000
    0.0000    1.0000    0.0000
    0.0000    0.0000    1.0000
...     2 G-C ...
   -0.5555   -1.1003    3.3981
    0.7749    0.6051    0.1828
   -0.5991    0.7953   -0.0929
   -0.2016   -0.0375    0.9787
...     3 T-A ...
   -0.6619   -3.0237    6.5348
    0.3046    0.9250    0.2271
   -0.8994    0.3578   -0.2510
   -0.3134   -0.1278    0.9410
...     4 G-C ...
   -1.1607   -3.8418    9.6940
   -0.3351    0.9421    0.0133
   -0.8752   -0.3061   -0.3746
   -0.3489   -0.1372    0.9271
...     5 A-T ...
   -1.3881   -3.6770   12.8999
   -0.7835    0.6162   -0.0801
   -0.5677   -0.7622   -0.3109
   -0.2527   -0.1981    0.9470
...     6 G-C ...
   -2.6236   -3.5448   15.7072
   -0.9923    0.0611   -0.1075
   -0.0294   -0.9610   -0.2748
   -0.1201   -0.2695    0.9555
...     7 C-G ...
   -2.3138   -3.7570   18.8866
   -0.8620   -0.4995   -0.0864
    0.5008   -0.8655    0.0073
   -0.0785   -0.0370    0.9962
...     8 G-C ...
   -3.9561   -6.8109   23.3205
   -0.2581   -0.3560   -0.8981
    0.6294   -0.7673    0.1233
   -0.7330   -0.5335    0.4221
...     9 C-G ...
   -6.1177   -8.9414   24.2385
    0.1143   -0.7320   -0.6716
    0.8123   -0.3203    0.4874
   -0.5720   -0.6013    0.5580
...    10 T-A ...
   -8.5041   -9.6771   26.0540
    0.4660   -0.8587   -0.2131
    0.6274    0.1508    0.7640
   -0.6239   -0.4897    0.6090
...    11 C-G ...
  -11.0625  -11.3174   27.2336
    0.6660   -0.6911    0.2808
    0.3382    0.6152    0.7121
   -0.6649   -0.3794    0.6435
...    12 A-T ...
  -13.0013  -13.1789   29.0658
    0.7188   -0.1490    0.6790
   -0.1787    0.9043    0.3876
   -0.6718   -0.4000    0.6235
...    13 C-G ...
  -14.1788  -15.9359   31.3399
    0.4052    0.2865    0.8682
   -0.5270    0.8492   -0.0343
   -0.7470   -0.4437    0.4951
...    14 A-T ...
  -15.9532  -18.1566   33.3080
   -0.1503    0.6873    0.7107
   -0.6106    0.5008   -0.6135
   -0.7776   -0.5261    0.3444
...    15 A-T ...
  -18.3943  -19.9120   34.5511
   -0.5017    0.8415    0.2005
   -0.3878   -0.0116   -0.9217
   -0.7733   -0.5401    0.3321
...    16 T-A ...
  -20.7387  -21.6111   36.3591
   -0.6706    0.6644   -0.3298
   -0.0253   -0.4648   -0.8851
   -0.7414   -0.5852    0.3285
...    17 T-A ...
  -23.1658  -23.3386   37.7514
   -0.5819    0.2249   -0.7815
    0.4040   -0.7540   -0.5179
   -0.7058   -0.6171    0.3479
...    18 T-A ...
  -25.5518  -25.2252   38.9641
   -0.2219   -0.2472   -0.9432
    0.6740   -0.7379    0.0348
   -0.7046   -0.6280    0.3304
...    19 A-T ...
  -27.6713  -27.6094   40.1590
    0.2886   -0.6297   -0.7212
    0.6601   -0.4148    0.6263
   -0.6936   -0.6568    0.2960
...    20 T-A ...
  -30.2978  -29.5765   40.5821
    0.6044   -0.7478   -0.2747
    0.4029   -0.0106    0.9152
   -0.6873   -0.6638    0.2949
...    21 T-A ...
  -32.5555  -31.8145   41.2973
    0.7198   -0.6105    0.3303
   -0.0577    0.4216    0.9049
   -0.6917   -0.6705    0.2683
...    22 C-G ...
  -34.7209  -34.1079   42.2664
    0.5493   -0.2136    0.8079
   -0.5049    0.6855    0.5246
   -0.6658   -0.6961    0.2687
...    23 G-C ...
  -37.0409  -36.0502   43.8238
    0.2430    0.2946    0.9242
   -0.7772    0.6293    0.0038
   -0.5804   -0.7192    0.3819
...    24 C-G ...
  -38.6148  -38.6063   45.1955
   -0.1832    0.6193    0.7635
   -0.7885    0.3713   -0.4904
   -0.5871   -0.6918    0.4203
...    25 A-T ...
  -41.0216  -40.8814   45.9941
   -0.6348    0.7217    0.2761
   -0.4856   -0.0948   -0.8690
   -0.6010   -0.6857    0.4106
...    26 A-T ...
  -42.9513  -43.0940   47.4946
   -0.8104    0.5068   -0.2939
    0.0020   -0.4992   -0.8665
   -0.5859   -0.7028    0.4035
...    27 A-T ...
  -44.8379  -45.2674   49.0700
   -0.6560    0.0878   -0.7496
    0.5111   -0.6791   -0.5268
   -0.5553   -0.7288    0.4006
...    28 G-C ...
  -47.0547  -47.4313   50.4737
   -0.2214   -0.2582   -0.9404
    0.7839   -0.6208   -0.0141
   -0.5801   -0.7403    0.3399
...    29 G-C ...
  -49.3145  -49.8975   51.4309
    0.3413   -0.5037   -0.7936
    0.7542   -0.3572    0.5511
   -0.5610   -0.7866    0.2580
...    30 C-G ...
  -51.2858  -52.5156   51.8303
    0.7475   -0.5663   -0.3471
    0.4011   -0.0316    0.9155
   -0.5294   -0.8236    0.2036
...    31 C-G ...
  -52.9786  -55.3643   52.2965
    0.8778   -0.4185    0.2331
   -0.1331    0.2543    0.9579
   -0.4602   -0.8719    0.1675
...    32 G-C ...
  -54.2097  -58.1003   53.3239
    0.6959   -0.1351    0.7054
   -0.6209    0.3805    0.6854
   -0.3610   -0.9149    0.1809
...    33 G-C ...
  -55.0100  -61.2891   54.2317
    0.2208    0.1398    0.9653
   -0.9237    0.3476    0.1609
   -0.3130   -0.9272    0.2059
...    34 C-G ...
  -55.7512  -64.4061   55.0828
   -0.3596    0.3347    0.8710
   -0.8820    0.1829   -0.4344
   -0.3047   -0.9244    0.2294
...    35 C-G ...
  -56.7903  -67.4710   56.2306
   -0.8126    0.3878    0.4351
   -0.4932   -0.0596   -0.8679
   -0.3106   -0.9198    0.2397
...    36 C-G ...
  -57.7884  -70.5836   57.3707
   -0.9316    0.3140   -0.1831
    0.0908   -0.2867   -0.9537
   -0.3520   -0.9051    0.2386
...    37 G-C ...
  -58.2305  -74.1275   57.3132
   -0.6628    0.1475   -0.7341
    0.6477   -0.3791   -0.6609
   -0.3758   -0.9135    0.1557
...    38 A-T ...
  -59.3475  -77.0399   57.9706
   -0.1324   -0.0930   -0.9868
    0.9257   -0.3675   -0.0896
   -0.3544   -0.9253    0.1347
...    39 C-G ...
  -60.8463  -79.8497   58.1220
    0.4122   -0.2121   -0.8861
    0.8441   -0.2771    0.4590
   -0.3429   -0.9371    0.0648
...    40 A-T ...
  -61.8306  -83.1245   58.1731
    0.8709   -0.2432   -0.4270
    0.4074   -0.1287    0.9041
   -0.2749   -0.9614   -0.0130
...    41 C-G ...
  -62.5008  -86.3204   57.5700
    0.9653   -0.2230    0.1359
   -0.1415   -0.0093    0.9899
   -0.2195   -0.9748   -0.0405
...    42 G-C ...
  -63.1612  -89.6115   57.9349
    0.6683   -0.1426    0.7301
   -0.7315    0.0521    0.6798
   -0.1350   -0.9884   -0.0695
...    43 A-T ...
  -63.5124  -92.8141   57.7085
    0.0728   -0.1001    0.9923
   -0.9891    0.1208    0.0848
   -0.1283   -0.9876   -0.0902
...    44 C-G ...
  -63.3556  -96.1532   57.5612
   -0.4940   -0.0051    0.8695
   -0.8610    0.1418   -0.4884
   -0.1208   -0.9899   -0.0744
...    45 T-A ...
  -63.3074  -99.7923   57.8028
   -0.9129    0.0850    0.3993
   -0.3873    0.1283   -0.9130
   -0.1288   -0.9881   -0.0842
...    46 T-A ...
  -63.6195 -103.0050   57.6748
   -0.9686    0.1125   -0.2219
    0.2340    0.1100   -0.9660
   -0.0842   -0.9875   -0.1329
...    47 A-T ...
  -63.5059 -106.3473   56.8385
   -0.5447    0.1473   -0.8256
    0.8367    0.0287   -0.5469
   -0.0569   -0.9887   -0.1388
...    48 C-G ...
  -64.2881 -109.5620   56.6631
    0.0094    0.1933   -0.9811
    0.9982   -0.0604   -0.0024
   -0.0598   -0.9793   -0.1935
...    49 T-A ...
  -64.7655 -112.8061   55.7635
    0.5730    0.2200   -0.7894
    0.8191   -0.1836    0.5434
   -0.0254   -0.9581   -0.2854
...    50 G-C ...
  -64.5415 -116.0320   54.6118
    0.9403    0.2183   -0.2612
    0.3240   -0.3385    0.8834
    0.1044   -0.9153   -0.3890
...    51 T-A ...
  -64.1119 -118.8408   52.7375
    0.9564   -0.0082    0.2921
   -0.2672   -0.4292    0.8628
    0.1183   -0.9032   -0.4127
...    52 T-A ...
  -63.6231 -121.7198   51.2808
    0.6036   -0.2693    0.7504
   -0.7863   -0.3566    0.5045
    0.1318   -0.8946   -0.4270
...    53 C-G ...
  -63.3659 -124.8758   50.1220
   -0.0281   -0.4630    0.8859
   -0.9846   -0.1403   -0.1045
    0.1727   -0.8752   -0.4519
...    54 A-T ...
  -63.0776 -127.7210   48.2725
   -0.6262   -0.3966    0.6713
   -0.7648    0.1449   -0.6278
    0.1517   -0.9065   -0.3941
...    55 T-A ...
  -62.2812 -130.8215   47.3795
   -0.9406   -0.2580    0.2208
   -0.3029    0.3431   -0.8891
    0.1536   -0.9032   -0.4009
...    56 G-C ...
  -61.5825 -133.9432   46.0119
   -0.9154    0.0502   -0.3994
    0.3747    0.4693   -0.7996
    0.1473   -0.8816   -0.4484
...    57 T-A ...
  -61.3518 -137.1787   44.9344
   -0.5285    0.3036   -0.7928
    0.8294    0.3839   -0.4058
    0.1812   -0.8720   -0.4547
...    58 T-A ...
  -60.9129 -140.0229   43.5363
    0.0602    0.5158   -0.8546
    0.9777    0.1421    0.1546
    0.2012   -0.8449   -0.4957
...    59 A-T ...
  -59.8396 -142.8446   41.9492
    0.6602    0.5405   -0.5215
    0.7133   -0.2338    0.6607
    0.2352   -0.8082   -0.5400
...    60 T-A ...
  -59.4090 -145.1399   39.6366
    0.9351    0.3471   -0.0714
    0.2498   -0.5027    0.8276
    0.2514   -0.7917   -0.5568
...    61 A-T ...
  -58.5259 -148.0769   38.0444
    0.8629   -0.0862    0.4980
   -0.4332   -0.6337    0.6409
    0.2604   -0.7688   -0.5841
...    62 A-T ...
  -57.4424 -150.4316   36.1016
    0.4200   -0.4848    0.7672
   -0.8669   -0.4645    0.1810
    0.2686   -0.7411   -0.6154
...    63 C-G ...
  -55.8387 -152.7482   34.0259
   -0.1581   -0.7063    0.6901
   -0.9468   -0.0901   -0.3091
    0.2805   -0.7022   -0.6544
...    64 G-C ...
  -55.0619 -155.0423   31.7673
   -0.7367   -0.6308    0.2434
   -0.5856    0.4152   -0.6962
    0.3381   -0.6555   -0.6753
...    65 G-C ...
  -53.6582 -157.2005   29.6065
   -0.9553   -0.2504   -0.1573
   -0.0719    0.7125   -0.6980
    0.2868   -0.6554   -0.6987
...    66 A-T ...
  -52.4874 -159.5155   27.3958
   -0.7863    0.2533   -0.5636
    0.5339    0.7375   -0.4135
    0.3110   -0.6260   -0.7151
...    67 A-T ...
  -51.6130 -161.6218   25.1245
   -0.3537    0.6777   -0.6447
    0.8826    0.4699    0.0098
    0.3096   -0.5656   -0.7643
...    68 G-C ...
  -50.9958 -163.5485   22.3964
    0.1719    0.8696   -0.4629
    0.9336    0.0061    0.3583
    0.3144   -0.4937   -0.8108
...    69 G-C ...
  -50.2427 -164.8841   19.2114
    0.6418    0.7656   -0.0434
    0.6670   -0.5295    0.5242
    0.3783   -0.3654   -0.8505
...    70 T-A ...
  -49.1051 -165.5341   16.2535
    0.8753    0.3875    0.2893
    0.2408   -0.8680    0.4342
    0.4194   -0.3104   -0.8531
...    71 A-T ...
  -47.3901 -166.0487   13.3191
    0.8027   -0.1862    0.5665
   -0.2976   -0.9483    0.1100
    0.5167   -0.2569   -0.8167
...    72 T-A ...
  -45.4022 -166.1899   10.6944
    0.5151   -0.6828    0.5182
   -0.6787   -0.6941   -0.2399
    0.5235   -0.2281   -0.8209
...    73 C-G ...
  -43.4067 -166.9302    8.0251
   -0.0449   -0.9745    0.2198
   -0.8472   -0.0795   -0.5253
    0.5294   -0.2098   -0.8220
...    74 T-A ...
  -41.3814 -167.8637    5.4496
   -0.5277   -0.8401   -0.1255
   -0.6597    0.4983   -0.5625
    0.5351   -0.2141   -0.8172
...    75 C-G ...
  -39.4405 -168.3252    2.6591
   -0.8139   -0.3206   -0.4845
   -0.1872    0.9342   -0.3038
    0.5500   -0.1566   -0.8204
...    76 G-C ...
  -37.4864 -167.9698   -0.0816
   -0.8111    0.3035   -0.5001
    0.2951    0.9504    0.0982
    0.5051   -0.0680   -0.8604
...    77 A-T ...
  -35.2489 -167.8899   -2.4682
   -0.5085    0.8198   -0.2633
    0.6782    0.5697    0.4642
    0.5306    0.0574   -0.8457
...    78 G-C ...
  -33.6384 -167.5648   -5.3488
   -0.1048    0.9870    0.1216
    0.8369    0.0215    0.5469
    0.5372    0.1591   -0.8283
...    79 C-G ...
  -32.2825 -166.7813   -8.3679
    0.3598    0.8016    0.4774
    0.7508   -0.5525    0.3619
    0.5539    0.2283   -0.8007
...    80 T-A ...
  -30.5508 -165.7221  -11.0048
    0.6524    0.3437    0.6755
    0.4665   -0.8845   -0.0004
    0.5974    0.3154   -0.7374
...    81 C-G ...
  -28.1585 -164.8711  -13.0643
    0.7797   -0.2648    0.5674
    0.0622   -0.8690   -0.4910
    0.6230    0.4181   -0.6611
...    82 G-C ...
  -25.7418 -164.4785  -15.6912
    0.6451   -0.7432    0.1776
   -0.3493   -0.4935   -0.7965
    0.6796    0.4518   -0.5780
...    83 G-C ...
  -23.0766 -162.9910  -17.3463
    0.2980   -0.8995   -0.3196
   -0.6393    0.0606   -0.7666
    0.7089    0.4328   -0.5570
...    84 G-C ...
  -20.5192 -161.7527  -19.1476
   -0.1662   -0.7193   -0.6745
   -0.6649    0.5869   -0.4620
    0.7282    0.3717   -0.5758
...    85 A-T ...
  -17.7793 -160.6396  -20.8851
   -0.5196   -0.1589   -0.8395
   -0.4229    0.9016    0.0911
    0.7424    0.4023   -0.5357
...    86 T-A ...
  -15.1765 -159.8610  -22.7884
   -0.6692    0.3554   -0.6526
   -0.0831    0.8369    0.5410
    0.7385    0.4162   -0.5305
...    87 C-G ...
  -12.7137 -158.6145  -24.7195
   -0.5845    0.7939   -0.1673
    0.3310    0.4216    0.8442
    0.7408    0.4381   -0.5092
...    88 C-G ...
  -10.0636 -157.4584  -26.3557
   -0.4273    0.8118    0.3979
    0.5784   -0.0928    0.8105
    0.6949    0.5765   -0.4299
...    89 G-C ...
   -7.4989 -155.4602  -27.3192
   -0.1386    0.5079    0.8502
    0.7436   -0.5136    0.4281
    0.6541    0.6915   -0.3065
...    90 C-G ...
   -5.6632 -152.6891  -28.2996
    0.2982    0.0917    0.9501
    0.6991   -0.6987   -0.1520
    0.6499    0.7095   -0.2725
...    91 T-A ...
   -3.5060 -149.9187  -28.5963
    0.6365   -0.3524    0.6860
    0.4425   -0.5617   -0.6991
    0.6317    0.7486   -0.2016
...    92 T-A ...
   -1.5024 -147.3397  -28.9262
    0.8007   -0.5877    0.1160
   -0.0171   -0.2160   -0.9762
    0.5988    0.7797   -0.1830
...    93 T-A ...
    0.5020 -144.7355  -29.1796
    0.6674   -0.5528   -0.4990
   -0.4935    0.1736   -0.8523
    0.5577    0.8150   -0.1570
...    94 A-T ...
    1.4969 -141.6218  -30.1446
    0.2750   -0.1557   -0.9487
   -0.8356    0.4494   -0.3160
    0.4756    0.8796   -0.0065
...    95 A-T ...
    3.1967 -138.8366  -30.0178
   -0.2594    0.2208   -0.9402
   -0.8510    0.4081    0.3306
    0.4567    0.8858    0.0820
...    96 C-G ...
    5.1806 -136.0413  -29.9784
   -0.6911    0.4371   -0.5756
   -0.5589    0.1818    0.8091
    0.4582    0.8809    0.1186
...    97 A-T ...
    6.7107 -133.0893  -29.4745
   -0.9163    0.3994    0.0307
   -0.0336   -0.1532    0.9876
    0.3991    0.9039    0.1538
...    98 C-G ...
    7.7511 -129.9020  -29.5258
   -0.8078    0.2204    0.5467
    0.4575   -0.3504    0.8172
    0.3717    0.9103    0.1822
...    99 T-A ...
    8.5890 -126.4789  -29.0552
   -0.4223   -0.1392    0.8957
    0.8500   -0.4040    0.3379
    0.3148    0.9041    0.2889
...   100 T-A ...
    9.2757 -123.4683  -28.0265
    0.1431   -0.3705    0.9177
    0.9408   -0.2369   -0.2423
    0.3072    0.8981    0.3147
...   101 T-A ...
   10.1909 -120.5895  -26.8284
    0.6422   -0.4792    0.5983
    0.6961    0.0379   -0.7169
    0.3209    0.8769    0.3580
...   102 A-T ...
   11.4684 -117.5952  -25.7321
    0.9431   -0.3323   -0.0101
    0.1191    0.3660   -0.9230
    0.3104    0.8693    0.3848
...   103 T-A ...
   12.5038 -115.1574  -23.8021
    0.8763   -0.1232   -0.4657
   -0.3482    0.5060   -0.7891
    0.3328    0.8537    0.4005
...   104 G-C ...
   13.8676 -112.4629  -22.4386
    0.4488    0.1428   -0.8821
   -0.7991    0.5061   -0.3246
    0.4001    0.8506    0.3412
...   105 C-G ...
   15.5308 -109.7536  -21.3726
   -0.0933    0.4022   -0.9108
   -0.9171    0.3214    0.2359
    0.3876    0.8573    0.3389
...   106 T-A ...
   17.2205 -106.8781  -20.4164
   -0.6217    0.4979   -0.6045
   -0.6839    0.0311    0.7289
    0.3818    0.8667    0.3212
...   107 T-A ...
   18.5400 -104.0790  -19.5419
   -0.9128    0.3977   -0.0922
   -0.2113   -0.2668    0.9403
    0.3494    0.8779    0.3276
...   108 C-G ...
   19.6378 -101.0598  -18.6073
   -0.8789    0.0983    0.4667
    0.3770   -0.4562    0.8061
    0.2921    0.8844    0.3639
...   109 C-G ...
   20.7012  -98.1307  -17.5328
   -0.5789   -0.2922    0.7612
    0.7881   -0.4398    0.4306
    0.2090    0.8492    0.4849
...   110 G-C ...
   21.5401  -95.7187  -15.7032
   -0.1039   -0.5963    0.7960
    0.9832   -0.1822   -0.0082
    0.1499    0.7818    0.6052
...   111 G-C ...
   21.8783  -93.4407  -13.2626
    0.4510   -0.6584    0.6027
    0.8817    0.2234   -0.4156
    0.1390    0.7188    0.6812
...   112 C-G ...
   22.1734  -91.5693  -10.4693
    0.8665   -0.4417    0.2325
    0.4749    0.5860   -0.6566
    0.1538    0.6794    0.7175
...   113 T-A ...
   22.7065  -89.4759   -7.9475
    0.9822   -0.0528   -0.1803
   -0.0770    0.7624   -0.6426
    0.1714    0.6450    0.7447
...   114 C-G ...
   23.3730  -87.1783   -5.6459
    0.7248    0.4357   -0.5338
   -0.6614    0.6571   -0.3617
    0.1931    0.6151    0.7644
...   115 G-C ...
   23.5868  -84.9108   -3.2189
    0.1585    0.7305   -0.6643
   -0.9669    0.2512    0.0456
    0.2002    0.6350    0.7461
...   116 T-A ...
   24.9234  -82.6136   -1.0729
   -0.4182    0.7247   -0.5476
   -0.8911   -0.2106    0.4019
    0.1760    0.6561    0.7339
...   117 A-T ...
   25.7651  -80.2417    1.2454
   -0.8839    0.4093   -0.2264
   -0.4502   -0.6128    0.6495
    0.1271    0.6760    0.7259
...   118 T-A ...
   26.3289  -77.5970    3.1039
   -0.9890    0.0267    0.1454
    0.0770   -0.7462    0.6612
    0.1261    0.6652    0.7360
...   119 A-T ...
   26.8672  -75.5985    5.8047
   -0.7250   -0.4782    0.4957
    0.6831   -0.5910    0.4291
    0.0877    0.6497    0.7551
...   120 A-T ...
   26.8887  -73.4274    8.2214
   -0.2039   -0.7732    0.6005
    0.9776   -0.1936    0.0827
    0.0523    0.6039    0.7953
...   121 T-A ...
   26.4259  -71.5167   10.9067
    0.3464   -0.7635    0.5451
    0.9372    0.2564   -0.2364
    0.0407    0.5927    0.8044
...   122 G-C ...
   26.5655  -69.6441   13.8070
    0.8471   -0.4834    0.2209
    0.5251    0.6971   -0.4882
    0.0820    0.5295    0.8443
...   123 T-A ...
   26.7891  -68.4011   16.8738
    0.9971   -0.0371   -0.0664
   -0.0025    0.8570   -0.5153
    0.0760    0.5140    0.8544
...   124 G-C ...
   27.0790  -66.7160   19.7991
    0.7801    0.4876   -0.3921
   -0.6147    0.7140   -0.3352
    0.1165    0.5025    0.8567
...   125 T-A ...
   27.8271  -65.4470   22.6938
    0.3235    0.7834   -0.5307
   -0.9379    0.3399   -0.0698
    0.1257    0.5203    0.8447
...   126 C-G ...
   28.2880  -63.7918   25.4003
   -0.3078    0.8343   -0.4574
   -0.9433   -0.2049    0.2611
    0.1241    0.5118    0.8501
...   127 G-C ...
   28.0665  -62.3340   28.4386
   -0.7931    0.5042   -0.3418
   -0.6088   -0.6375    0.4722
    0.0202    0.5825    0.8126
...   128 A-T ...
   28.2892  -60.5301   31.0454
   -0.9998    0.0178   -0.0046
   -0.0173   -0.8273    0.5615
    0.0062    0.5615    0.8274
...   129 C-G ...
   28.1464  -58.1081   33.2814
   -0.8505   -0.4594    0.2562
    0.5243   -0.7016    0.4825
   -0.0419    0.5447    0.8376
...   130 C-G ...
   27.3928  -56.2263   36.0359
   -0.4253   -0.8235    0.3755
    0.8950   -0.3210    0.3096
   -0.1344    0.4677    0.8736
...   131 A-T ...
   27.6049  -54.9586   39.2088
    0.2038   -0.8955    0.3957
    0.9663    0.2489    0.0654
   -0.1571    0.3690    0.9161
...   132 A-T ...
   26.9982  -53.9552   42.2845
    0.7342   -0.5768    0.3581
    0.6574    0.7357   -0.1628
   -0.1696    0.3550    0.9194
...   133 A-T ...
   26.2241  -53.1253   45.3694
    0.9716   -0.0010    0.2367
    0.0867    0.9319   -0.3522
   -0.2203    0.3627    0.9055
...   134 T-A ...
   25.6309  -52.5798   48.6349
    0.8597    0.5096    0.0340
   -0.4497    0.7867   -0.4230
   -0.2423    0.3484    0.9055
...   135 G-C ...
   25.2860  -52.4982   52.0750
    0.3205    0.9427   -0.0927
   -0.8825    0.2616   -0.3908
   -0.3441    0.2071    0.9158
...   136 T-A ...
   25.5357  -52.9669   55.8001
   -0.2443    0.9563   -0.1608
   -0.8908   -0.2868   -0.3525
   -0.3832    0.0571    0.9219
...   137 G-C ...
   24.9038  -52.7261   58.9820
   -0.7529    0.5562   -0.3519
   -0.5214   -0.8303   -0.1968
   -0.4017    0.0354    0.9151
...   138 A-T ...
   24.0250  -51.6262   61.9210
   -0.9563    0.0400   -0.2896
   -0.0523   -0.9980    0.0347
   -0.2877    0.0483    0.9565
...   139 G-C ...
   22.3575  -51.2301   64.4909
   -0.8529   -0.5117   -0.1032
    0.4973   -0.8566    0.1372
   -0.1586    0.0657    0.9852
...   140 C-G ...
   22.1609  -50.1387   67.4617
   -0.4681   -0.8749    0.1247
    0.8495   -0.4066    0.3363
   -0.2435    0.2633    0.9335
...   141 G-C ...
   21.4367  -51.8165   72.7855
    0.1304   -0.7141   -0.6877
    0.8897   -0.2218    0.3990
   -0.4375   -0.6639    0.6065
...   142 C-G ...
   20.4356  -54.2995   74.5394
    0.5847   -0.7390   -0.3347
    0.7593    0.3532    0.5466
   -0.2857   -0.5737    0.7676
...   143 T-A ...
   18.4379  -55.5191   76.5272
    0.8548   -0.5006    0.1370
    0.3188    0.7147    0.6225
   -0.4096   -0.4884    0.7705
...   144 C-G ...
   16.8486  -57.7128   78.2647
    0.8529   -0.0846    0.5152
   -0.1509    0.9047    0.3983
   -0.4998   -0.4175    0.7589
...   145 A-T ...
   15.7934  -59.5519   80.7962
    0.5515    0.4995    0.6681
   -0.6739    0.7388    0.0040
   -0.4915   -0.4525    0.7441
...   146 C-G ...
   15.7412  -61.4840   83.9295
    0.0342    0.7400    0.6718
   -0.8637    0.3601   -0.3527
   -0.5029   -0.5681    0.6514
...   147 A-T ...
   14.7482  -63.4172   86.8164
   -0.5923    0.6746    0.4405
   -0.6886   -0.1400   -0.7115
   -0.4183   -0.7247    0.5475
