  147 base-pairs
...     1 T-A ...
    0.0000    0.0000    0.0000
    1.0000    0.0000    0.0000
    0.0000    1.0000    0.0000
    0.0000    0.0000    1.0000
...     2 G-C ...
   -0.5555   -1.1003    3.3981
    0.7749    0.6051    0.1828
   -0.5991    0.7953   -0.0929
   -0.2016   -0.0375    0.9787
...     3 T-A ...
   -0.6619   -3.0237    6.5348
    0.3046    0.9250    0.2271
   -0.8994    0.3578   -0.2510
   -0.3134   -0.1278    0.9410
...     4 G-C ...
   -1.1607   -3.8418    9.6940
   -0.3351    0.9421    0.0133
   -0.8752   -0.3061   -0.3746
   -0.3489   -0.1372    0.9271
...     5 A-T ...
   -1.3881   -3.6770   12.8999
   -0.7835    0.6162   -0.0801
   -0.5677   -0.7622   -0.3109
   -0.2527   -0.1981    0.9470
...     6 G-C ...
   -2.6236   -3.5448   15.7072
   -0.9923    0.0611   -0.1075
   -0.0294   -0.9610   -0.2748
   -0.1201   -0.2695    0.9555
...     7 C-G ...
   -2.3138   -3.7570   18.8866
   -0.8620   -0.4995   -0.0864
    0.5008   -0.8655    0.0073
   -0.0785   -0.0370    0.9962
...     8 G-C ...
   -3.9561   -6.8109   23.3205
   -0.2581   -0.3560   -0.8981
    0.6294   -0.7673    0.1233
   -0.7330   -0.5335    0.4221
...     9 C-G ...
   -6.1177   -8.9414   24.2385
    0.1143   -0.7320   -0.6716
    0.8123   -0.3203    0.4874
   -0.5720   -0.6013    0.5580
...    10 T-A ...
   -8.5041   -9.6771   26.0540
    0.4660   -0.8587   -0.2131
    0.6274    0.1508    0.7640
   -0.6239   -0.4897    0.6090
...    11 C-G ...
  -11.0625  -11.3174   27.2336
    0.6660   -0.6911    0.2808
    0.3382    0.6152    0.7121
   -0.6649   -0.3794    0.6435
...    12 A-T ...
  -13.0013  -13.1789   29.0658
    0.7188   -0.1490    0.6790
   -0.1787    0.9043    0.3876
   -0.6718   -0.4000    0.6235
...    13 C-G ...
  -14.1788  -15.9359   31.3399
    0.4052    0.2865    0.8682
   -0.5270    0.8492   -0.0343
   -0.7470   -0.4437    0.4951
...    14 A-T ...
  -15.9532  -18.1566   33.3080
   -0.1503    0.6873    0.7107
   -0.6106    0.5008   -0.6135
   -0.7776   -0.5261    0.3444
...    15 A-T ...
  -18.4030  -19.9120   34.5289
   -0.4959    0.8453    0.1990
   -0.3863   -0.0096   -0.9223
   -0.7777   -0.5343    0.3313
...    16 T-A ...
  -20.7636  -21.5872   36.3312
   -0.6625    0.6710   -0.3329
   -0.0276   -0.4659   -0.8844
   -0.7486   -0.5767    0.3272
...    17 T-A ...
  -23.2200  -23.2837   37.7136
   -0.5742    0.2328   -0.7849
    0.3950   -0.7610   -0.5147
   -0.7171   -0.6056    0.3450
...    18 T-A ...
  -25.6447  -25.1371   38.8959
   -0.2177   -0.2424   -0.9454
    0.6592   -0.7509    0.0407
   -0.7198   -0.6144    0.3232
...    19 A-T ...
  -27.8305  -27.4853   40.0727
    0.2821   -0.6455   -0.7097
    0.6407   -0.4238    0.6402
   -0.7141   -0.6353    0.2940
...    20 T-A ...
  -30.5222  -29.3746   40.4878
    0.5838   -0.7716   -0.2524
    0.3882   -0.0078    0.9215
   -0.7130   -0.6360    0.2950
...    21 T-A ...
  -32.8685  -31.5212   41.1993
    0.6848   -0.6325    0.3619
   -0.0621    0.4441    0.8938
   -0.7261   -0.6346    0.2649
...    22 C-G ...
  -35.1719  -33.6892   42.1491
    0.5141   -0.2194    0.8292
   -0.4875    0.7207    0.4929
   -0.7057   -0.6576    0.2636
...    23 G-C ...
  -37.6781  -35.4624   43.5898
    0.2289    0.3047    0.9245
   -0.7366    0.6752   -0.0401
   -0.6364   -0.6718    0.3790
...    24 C-G ...
  -39.4584  -37.8902   44.9435
   -0.1690    0.6510    0.7400
   -0.7442    0.4080   -0.5288
   -0.6462   -0.6401    0.4156
...    25 A-T ...
  -42.0031  -40.0058   45.7019
   -0.5831    0.7780    0.2338
   -0.4605   -0.0795   -0.8841
   -0.6693   -0.6232    0.4046
...    26 A-T ...
  -44.1642  -42.0140   47.1657
   -0.7474    0.5718   -0.3382
   -0.0128   -0.5214   -0.8532
   -0.6643   -0.6333    0.3970
...    27 A-T ...
  -46.3185  -43.9399   48.7108
   -0.6119    0.1376   -0.7789
    0.4565   -0.7427   -0.4898
   -0.6459   -0.6553    0.3916
...    28 G-C ...
  -48.8204  -45.8068   50.0555
   -0.2091   -0.2515   -0.9450
    0.7079   -0.7057    0.0312
   -0.6747   -0.6624    0.3256
...    29 G-C ...
  -51.4026  -47.9774   50.9050
    0.3127   -0.5574   -0.7691
    0.6789   -0.4351    0.5914
   -0.6643   -0.7070    0.2424
...    30 C-G ...
  -53.6720  -50.3582   51.2155
    0.6836   -0.6649   -0.3009
    0.3475   -0.0660    0.9354
   -0.6418   -0.7440    0.1859
...    31 C-G ...
  -55.7547  -52.9576   51.6161
    0.7974   -0.5307    0.2872
   -0.1486    0.2885    0.9459
   -0.5849   -0.7969    0.1512
...    32 G-C ...
  -57.4330  -55.4580   52.5960
    0.6248   -0.2237    0.7480
   -0.5970    0.4805    0.6424
   -0.5032   -0.8480    0.1667
...    33 G-C ...
  -58.7744  -58.4792   53.4511
    0.1775    0.1209    0.9767
   -0.8661    0.4904    0.0967
   -0.4672   -0.8631    0.1917
...    34 C-G ...
  -60.0590  -61.4397   54.2022
   -0.3566    0.4036    0.8426
   -0.8081    0.3194   -0.4950
   -0.4688   -0.8574    0.2122
...    35 C-G ...
  -61.6465  -64.2847   55.2704
   -0.7571    0.5334    0.3771
   -0.4352    0.0187   -0.9001
   -0.4872   -0.8456    0.2180
...    36 C-G ...
  -63.2457  -67.1597   56.3381
   -0.8407    0.4826   -0.2455
    0.1013   -0.3052   -0.9469
   -0.5319   -0.8209    0.2077
...    37 G-C ...
  -64.3704  -70.5125   56.2761
   -0.5692    0.2772   -0.7741
    0.6025   -0.5001   -0.6221
   -0.5595   -0.8204    0.1177
...    38 A-T ...
  -66.0990  -73.1391   56.7992
   -0.0813   -0.0613   -0.9948
    0.8355   -0.5485   -0.0345
   -0.5435   -0.8339    0.0958
...    39 C-G ...
  -68.1465  -75.5784   56.7905
    0.4193   -0.2877   -0.8610
    0.7345   -0.4499    0.5081
   -0.5335   -0.8455    0.0227
...    40 A-T ...
  -69.7817  -78.5837   56.6799
    0.8272   -0.4193   -0.3741
    0.3059   -0.2223    0.9257
   -0.4713   -0.8802   -0.0556
...    41 C-G ...
  -71.0785  -81.5620   55.9445
    0.8801   -0.4333    0.1943
   -0.2111    0.0095    0.9774
   -0.4254   -0.9012   -0.0831
...    42 G-C ...
  -72.4780  -84.6207   56.1552
    0.5600   -0.3072    0.7694
   -0.7497    0.2074    0.6285
   -0.3526   -0.9288   -0.1142
...    43 A-T ...
  -73.5466  -87.6425   55.7742
   -0.0292   -0.1351    0.9904
   -0.9369    0.3490    0.0200
   -0.3483   -0.9273   -0.1368
...    44 C-G ...
  -74.1713  -90.9214   55.5124
   -0.5478    0.0910    0.8317
   -0.7622    0.3555   -0.5409
   -0.3449   -0.9302   -0.1254
...    45 T-A ...
  -75.0109  -94.4666   55.5873
   -0.8933    0.2947    0.3393
   -0.2721    0.2463   -0.9302
   -0.3577   -0.9233   -0.1398
...    46 T-A ...
  -76.1021  -97.4810   55.2629
   -0.8891    0.3625   -0.2794
    0.3277    0.0782   -0.9415
   -0.3194   -0.9287   -0.1883
...    47 A-T ...
  -76.8828 -100.6731   54.3225
   -0.4377    0.3423   -0.8315
    0.8419   -0.1686   -0.5126
   -0.3156   -0.9244   -0.2144
...    48 C-G ...
  -78.4975 -103.5164   53.8733
    0.1153    0.2532   -0.9605
    0.9417   -0.3355    0.0246
   -0.3161   -0.9074   -0.2771
...    49 T-A ...
  -79.8206 -106.4085   52.6897
    0.6505    0.1124   -0.7511
    0.7072   -0.4504    0.5451
   -0.2770   -0.8857   -0.3724
...    50 G-C ...
  -80.4443 -109.4509   51.2181
    0.9758   -0.0328   -0.2163
    0.1720   -0.4959    0.8511
   -0.1352   -0.8677   -0.4783
...    51 T-A ...
  -80.6337 -111.9946   49.2543
    0.9125   -0.2735    0.3041
   -0.3988   -0.4292    0.8104
   -0.0911   -0.8608   -0.5007
...    52 A-T ...
  -81.6441 -115.2383   48.1636
    0.3620   -0.5643    0.7420
   -0.9277   -0.1405    0.3458
   -0.0908   -0.8135   -0.5744
...    53 G-C ...
  -81.7276 -117.9965   46.3725
   -0.2195   -0.5293    0.8195
   -0.9739    0.1681   -0.1523
   -0.0572   -0.8316   -0.5524
...    54 G-C ...
  -81.3535 -121.2549   44.8284
   -0.7599   -0.3037    0.5747
   -0.6472    0.4366   -0.6249
   -0.0612   -0.8468   -0.5283
...    55 T-A ...
  -81.3611 -124.2664   43.4099
   -0.9929   -0.0352    0.1140
   -0.1144    0.5522   -0.8258
   -0.0338   -0.8330   -0.5523
...    56 A-T ...
  -81.3892 -127.2149   41.6850
   -0.8333    0.3429   -0.4337
    0.5521    0.4742   -0.6858
   -0.0295   -0.8109   -0.5845
...    57 T-A ...
  -81.9564 -130.0625   40.1794
   -0.3914    0.5503   -0.7376
    0.9202    0.2240   -0.3211
   -0.0115   -0.8043   -0.5941
...    58 C-G ...
  -82.2167 -132.7389   38.0174
    0.3056    0.6062   -0.7343
    0.9522   -0.1969    0.2337
   -0.0029   -0.7706   -0.6374
...    59 T-A ...
  -82.2432 -135.0505   35.6261
    0.7817    0.4675   -0.4129
    0.6215   -0.5276    0.5792
    0.0529   -0.7093   -0.7029
...    60 C-G ...
  -81.6649 -137.3864   33.3681
    0.9945    0.0882    0.0568
    0.0314   -0.7664    0.6416
    0.1001   -0.6363   -0.7649
...    61 G-C ...
  -80.9923 -140.0072   31.2441
    0.8010   -0.2636    0.5375
   -0.5150   -0.7612    0.3942
    0.3053   -0.5926   -0.7454
...    62 A-T ...
  -79.6286 -142.1312   28.8358
    0.2969   -0.7025    0.6468
   -0.8881   -0.4521   -0.0833
    0.3510   -0.5496   -0.7581
...    63 G-C ...
  -78.3634 -143.9786   26.3369
   -0.2588   -0.8405    0.4760
   -0.8925    0.0196   -0.4506
    0.3694   -0.5414   -0.7553
...    64 C-G ...
  -76.7919 -145.9936   23.9337
   -0.7518   -0.6550    0.0757
   -0.5343    0.5379   -0.6521
    0.3865   -0.5307   -0.7543
...    65 T-A ...
  -75.4791 -147.7670   21.4140
   -0.9096   -0.2406   -0.3386
   -0.0044    0.8207   -0.5713
    0.4154   -0.5182   -0.7476
...    66 C-G ...
  -73.7117 -149.4920   18.9610
   -0.6902    0.3465   -0.6353
    0.5585    0.8133   -0.1631
    0.4602   -0.4674   -0.7548
...    67 G-C ...
  -71.3619 -150.2958   16.4786
   -0.2443    0.7893   -0.5633
    0.8507    0.4533    0.2661
    0.4654   -0.4142   -0.7822
...    68 G-C ...
  -69.7368 -151.8281   13.9316
    0.2646    0.9422   -0.2056
    0.7969   -0.0935    0.5968
    0.5431   -0.3218   -0.7756
...    69 G-C ...
  -68.0100 -152.6928   11.1638
    0.5937    0.7583    0.2692
    0.5265   -0.6191    0.5826
    0.6085   -0.2041   -0.7668
...    70 A-T ...
  -65.9921 -153.1357    8.5399
    0.7568    0.2321    0.6111
    0.0690   -0.9580    0.2785
    0.6500   -0.1686   -0.7410
...    71 T-A ...
  -63.7172 -153.0500    6.1566
    0.6506   -0.3167    0.6902
   -0.3338   -0.9357   -0.1146
    0.6821   -0.1558   -0.7145
...    72 C-G ...
  -61.1577 -153.5121    3.8750
    0.2535   -0.8513    0.4594
   -0.6531   -0.5010   -0.5679
    0.7135   -0.1561   -0.6830
...    73 T-A ...
  -58.5159 -154.1975    1.8849
   -0.1877   -0.9808    0.0521
   -0.6509    0.0845   -0.7545
    0.7356   -0.1756   -0.6543
...    74 C-G ...
  -56.2224 -154.9989   -0.3986
   -0.5274   -0.7348   -0.4265
   -0.3936    0.6562   -0.6437
    0.7529   -0.1716   -0.6354
...    75 A-T ...
  -53.6204 -154.6855   -2.6639
   -0.7074   -0.1541   -0.6898
   -0.0015    0.9762   -0.2167
    0.7068   -0.1523   -0.6909
...    76 T-A ...
  -51.3724 -155.6666   -4.8924
   -0.6051    0.3996   -0.6886
    0.3725    0.9065    0.1987
    0.7036   -0.1363   -0.6974
...    77 G-C ...
  -48.8239 -156.1457   -7.2781
   -0.2839    0.8941   -0.3463
    0.6469    0.4452    0.6191
    0.7078   -0.0483   -0.7048
...    78 T-A ...
  -46.8765 -156.4182  -10.0333
    0.1171    0.9903    0.0747
    0.6832   -0.1349    0.7176
    0.7208   -0.0330   -0.6924
...    79 T-A ...
  -44.6686 -156.3767  -12.3127
    0.4338    0.7292    0.5292
    0.4934   -0.6838    0.5376
    0.7539    0.0279   -0.6564
...    80 A-T ...
  -41.8999 -156.4770  -14.2915
    0.5979    0.1219    0.7923
    0.1333   -0.9897    0.0517
    0.7904    0.0747   -0.6080
...    81 T-A ...
  -39.2989 -155.5080  -16.0664
    0.5721   -0.4303    0.6983
   -0.1875   -0.8974   -0.3994
    0.7985    0.0975   -0.5941
...    82 A-T ...
  -36.6612 -155.3552  -18.3629
    0.3363   -0.9258    0.1723
   -0.5220   -0.3356   -0.7842
    0.7839    0.1738   -0.5961
...    83 A-T ...
  -33.9612 -154.7609  -20.1014
   -0.0066   -0.9158   -0.4016
   -0.6218    0.3183   -0.7156
    0.7831    0.2450   -0.5715
...    84 C-G ...
  -30.8337 -154.1849  -21.5918
   -0.3200   -0.5331   -0.7832
   -0.5139    0.7922   -0.3292
    0.7959    0.2972   -0.5275
...    85 G-C ...
  -28.2714 -152.9560  -23.2714
   -0.5552    0.1391   -0.8200
   -0.1999    0.9347    0.2940
    0.8073    0.3272   -0.4911
...    86 G-C ...
  -25.4002 -152.0824  -24.7786
   -0.6296    0.6122   -0.4783
    0.1238    0.6869    0.7161
    0.7670    0.3917   -0.5083
...    87 A-T ...
  -22.9347 -150.7819  -26.4634
   -0.4751    0.8753    0.0901
    0.4736    0.1680    0.8646
    0.7417    0.4534   -0.4943
...    88 C-G ...
  -20.9020 -149.2073  -28.5304
   -0.1731    0.8163    0.5510
    0.6612   -0.3183    0.6793
    0.7299    0.4819   -0.4847
...    89 G-C ...
  -18.3634 -147.3711  -30.1542
    0.1303    0.4031    0.9058
    0.6543   -0.7214    0.2269
    0.7449    0.5631   -0.3578
...    90 C-G ...
  -16.0857 -144.9451  -31.1326
    0.4645   -0.1075    0.8790
    0.4808   -0.8030   -0.3522
    0.7437    0.5862   -0.3213
...    91 T-A ...
  -13.3889 -142.6870  -31.5003
    0.6502   -0.5640    0.5090
    0.1838   -0.5333   -0.8257
    0.7372    0.6305   -0.2431
...    92 T-A ...
  -10.9702 -140.5079  -31.9455
    0.6704   -0.7339   -0.1094
   -0.2319   -0.0671   -0.9704
    0.7048    0.6760   -0.2152
...    93 T-A ...
   -8.5586 -138.2734  -32.2665
    0.4524   -0.5733   -0.6831
   -0.5949    0.3766   -0.7101
    0.6644    0.7276   -0.1707
...    94 A-T ...
   -7.2644 -135.2018  -32.9952
    0.0781   -0.0393   -0.9962
   -0.7881    0.6095   -0.0858
    0.6105    0.7918    0.0167
...    95 A-T ...
   -5.1339 -132.7374  -32.8226
   -0.3753    0.3974   -0.8374
   -0.7056    0.4633    0.5362
    0.6011    0.7921    0.1065
...    96 C-G ...
   -2.7561 -130.2795  -32.7994
   -0.7034    0.6012   -0.3790
   -0.3830    0.1285    0.9147
    0.5987    0.7887    0.1399
...    97 A-T ...
   -0.7507 -127.6417  -32.2375
   -0.8366    0.4930    0.2388
    0.1050   -0.2835    0.9532
    0.5376    0.8226    0.1854
...    98 C-G ...
    0.6570 -124.6133  -32.0744
   -0.6766    0.2294    0.6997
    0.5323   -0.5043    0.6800
    0.5089    0.8325    0.2191
...    99 T-A ...
    1.9737 -121.3940  -31.3501
   -0.2917   -0.2158    0.9318
    0.8379   -0.5275    0.1402
    0.4613    0.8217    0.3347
...   100 T-A ...
    3.1595 -118.6264  -30.1088
    0.2419   -0.4990    0.8322
    0.8585   -0.2897   -0.4232
    0.4523    0.8168    0.3583
...   101 T-A ...
    4.5406 -116.0120  -28.7538
    0.6764   -0.6006    0.4263
    0.5737    0.0666   -0.8164
    0.4620    0.7968    0.3896
...   102 A-T ...
    6.2481 -113.2531  -27.5804
    0.9000   -0.3827   -0.2087
   -0.0078    0.4644   -0.8856
    0.4358    0.7986    0.4150
...   103 T-A ...
    7.7639 -111.1099  -25.6046
    0.7778   -0.1126   -0.6184
   -0.4367    0.6107   -0.6605
    0.4520    0.7838    0.4258
...   104 G-C ...
    9.5071 -108.6617  -24.2141
    0.3075    0.2218   -0.9253
   -0.8057    0.5780   -0.1293
    0.5062    0.7853    0.3564
...   105 C-G ...
   11.4854 -106.1801  -23.1699
   -0.2131    0.5030   -0.8376
   -0.8468    0.3326    0.4152
    0.4874    0.7977    0.3550
...   106 T-A ...
   13.4819 -103.5276  -22.1843
   -0.6814    0.5798   -0.4467
   -0.5614   -0.0225    0.8272
    0.4696    0.8145    0.3408
...   107 T-A ...
   15.0468 -100.8821  -21.2551
   -0.8992    0.4293    0.0845
   -0.0805   -0.3523    0.9324
    0.4300    0.8317    0.3513
...   108 C-G ...
   16.3600  -98.0017  -20.2166
   -0.8041    0.0706    0.5903
    0.4680   -0.5371    0.7018
    0.3666    0.8405    0.3988
...   109 C-G ...
   17.6036  -95.1998  -19.0190
   -0.4820   -0.3500    0.8032
    0.8252   -0.4893    0.2820
    0.2943    0.7988    0.5247
...   110 G-C ...
   18.6977  -92.9999  -17.0708
   -0.0169   -0.6613    0.7500
    0.9705   -0.1912   -0.1467
    0.2404    0.7254    0.6450
...   111 G-C ...
   19.3685  -90.9676  -14.4749
    0.5082   -0.7086    0.4895
    0.8301    0.2517   -0.4975
    0.2293    0.6592    0.7162
...   112 C-G ...
   20.0121  -89.3327  -11.5901
    0.8813   -0.4629    0.0954
    0.4049    0.6352   -0.6578
    0.2438    0.6183    0.7471
...   113 T-A ...
   20.8400  -87.4436   -8.9899
    0.9565   -0.0381   -0.2893
   -0.1399    0.8101   -0.5693
    0.2560    0.5850    0.7695
...   114 C-G ...
   21.7315  -85.3443   -6.5675
    0.6662    0.4778   -0.5726
   -0.6949    0.6765   -0.2440
    0.2708    0.5605    0.7827
...   115 G-C ...
   22.1698  -83.2678   -4.0038
    0.0906    0.7741   -0.6265
   -0.9594    0.2366    0.1537
    0.2672    0.5871    0.7641
...   116 T-A ...
   23.6823  -81.1055   -1.8484
   -0.4711    0.7522   -0.4607
   -0.8493   -0.2457    0.4673
    0.2383    0.6114    0.7546
...   117 A-T ...
   24.7184  -78.8459    0.5084
   -0.9030    0.4086   -0.1327
   -0.3906   -0.6523    0.6496
    0.1789    0.6384    0.7486
...   118 T-A ...
   25.3924  -76.2953    2.4479
   -0.9755    0.0052    0.2198
    0.1343   -0.7774    0.6145
    0.1741    0.6290    0.7577
...   119 A-T ...
   26.0628  -74.4269    5.1915
   -0.6930   -0.5108    0.5087
    0.7103   -0.6045    0.3607
    0.1232    0.6113    0.7818
...   120 A-T ...
   26.1831  -72.3871    7.7142
   -0.1668   -0.8038    0.5710
    0.9821   -0.1867    0.0240
    0.0873    0.5648    0.8206
...   121 T-A ...
   25.8260  -70.6157   10.5116
    0.3788   -0.7843    0.4913
    0.9225    0.2774   -0.2684
    0.0742    0.5549    0.8286
...   122 G-C ...
   26.0590  -68.8875   13.4844
    0.8605   -0.4821    0.1646
    0.4968    0.7227   -0.4805
    0.1127    0.4952    0.8614
...   123 T-A ...
   26.3774  -67.7625   16.5905
    0.9940   -0.0229   -0.1067
   -0.0314    0.8763   -0.4808
    0.1045    0.4813    0.8703
...   124 G-C ...
   26.7486  -66.1979   19.5699
    0.7611    0.5090   -0.4021
   -0.6327    0.7193   -0.2869
    0.1432    0.4728    0.8695
...   125 T-A ...
   27.5822  -65.0324   22.4827
    0.2991    0.8035   -0.5147
   -0.9423    0.3336   -0.0268
    0.1502    0.4930    0.8569
...   126 C-G ...
   28.1184  -63.4714   25.2290
   -0.3282    0.8456   -0.4211
   -0.9331   -0.2209    0.2837
    0.1469    0.4860    0.8615
...   127 G-C ...
   27.9773  -62.0888   28.3017
   -0.8023    0.5063   -0.3161
   -0.5960   -0.6504    0.4709
    0.0328    0.5662    0.8236
...   128 A-T ...
   28.2315  -60.3335   30.9352
   -0.9998    0.0131    0.0125
   -0.0041   -0.8375    0.5465
    0.0176    0.5464    0.8374
...   129 C-G ...
   28.1080  -57.9513   33.2117
   -0.8451   -0.4669    0.2603
    0.5336   -0.7073    0.4636
   -0.0323    0.5307    0.8469
...   130 C-G ...
   27.3633  -56.1207   36.0052
   -0.4194   -0.8299    0.3679
    0.8989   -0.3230    0.2960
   -0.1268    0.4548    0.8815
...   131 A-T ...
   27.5940  -54.8979   39.1884
    0.2090   -0.8985    0.3861
    0.9662    0.2507    0.0603
   -0.1510    0.3604    0.9205
...   132 A-T ...
   26.9941  -53.9294   42.2782
    0.7368   -0.5770    0.3524
    0.6553    0.7377   -0.1624
   -0.1663    0.3506    0.9216
...   133 A-T ...
   26.2260  -53.1157   45.3676
    0.9721   -0.0001    0.2347
    0.0847    0.9327   -0.3505
   -0.2188    0.3606    0.9067
...   134 T-A ...
   25.6308  -52.5797   48.6349
    0.8597    0.5096    0.0340
   -0.4497    0.7867   -0.4230
   -0.2423    0.3484    0.9055
...   135 G-C ...
   25.2859  -52.4981   52.0750
    0.3205    0.9427   -0.0927
   -0.8825    0.2616   -0.3908
   -0.3441    0.2071    0.9158
...   136 T-A ...
   25.5356  -52.9668   55.8001
   -0.2443    0.9563   -0.1608
   -0.8908   -0.2868   -0.3525
   -0.3832    0.0571    0.9219
...   137 G-C ...
   24.9038  -52.7260   58.9820
   -0.7529    0.5562   -0.3519
   -0.5214   -0.8303   -0.1968
   -0.4017    0.0354    0.9151
...   138 A-T ...
   24.0250  -51.6261   61.9210
   -0.9563    0.0400   -0.2896
   -0.0523   -0.9980    0.0347
   -0.2877    0.0483    0.9565
...   139 G-C ...
   22.3575  -51.2300   64.4909
   -0.8529   -0.5117   -0.1032
    0.4973   -0.8566    0.1372
   -0.1586    0.0657    0.9852
...   140 C-G ...
   22.1609  -50.1386   67.4617
   -0.4681   -0.8749    0.1247
    0.8495   -0.4066    0.3363
   -0.2435    0.2633    0.9335
...   141 G-C ...
   21.4367  -51.8164   72.7855
    0.1304   -0.7141   -0.6877
    0.8897   -0.2218    0.3990
   -0.4375   -0.6639    0.6065
...   142 C-G ...
   20.4355  -54.2994   74.5394
    0.5847   -0.7390   -0.3347
    0.7593    0.3532    0.5466
   -0.2857   -0.5737    0.7676
...   143 T-A ...
   18.4378  -55.5190   76.5272
    0.8548   -0.5006    0.1370
    0.3188    0.7147    0.6225
   -0.4096   -0.4884    0.7705
...   144 C-G ...
   16.8486  -57.7127   78.2647
    0.8529   -0.0846    0.5152
   -0.1509    0.9047    0.3983
   -0.4998   -0.4175    0.7589
...   145 A-T ...
   15.7934  -59.5518   80.7962
    0.5515    0.4995    0.6681
   -0.6739    0.7388    0.0040
   -0.4915   -0.4525    0.7441
...   146 C-G ...
   15.7411  -61.4839   83.9295
    0.0342    0.7400    0.6718
   -0.8637    0.3601   -0.3527
   -0.5029   -0.5681    0.6514
...   147 A-T ...
   14.7482  -63.4171   86.8164
   -0.5923    0.6746    0.4405
   -0.6886   -0.1400   -0.7115
   -0.4183   -0.7247    0.5475
