  147 base-pairs
...     1 T-A ...
    0.0000    0.0000    0.0000
    1.0000    0.0000    0.0000
    0.0000    1.0000    0.0000
    0.0000    0.0000    1.0000
...     2 G-C ...
   -0.5555   -1.1003    3.3981
    0.7749    0.6051    0.1828
   -0.5991    0.7953   -0.0929
   -0.2016   -0.0375    0.9787
...     3 T-A ...
   -0.6619   -3.0237    6.5348
    0.3046    0.9250    0.2271
   -0.8994    0.3578   -0.2510
   -0.3134   -0.1278    0.9410
...     4 G-C ...
   -1.1607   -3.8418    9.6940
   -0.3351    0.9421    0.0133
   -0.8752   -0.3061   -0.3746
   -0.3489   -0.1372    0.9271
...     5 A-T ...
   -1.3881   -3.6770   12.8999
   -0.7835    0.6162   -0.0801
   -0.5677   -0.7622   -0.3109
   -0.2527   -0.1981    0.9470
...     6 G-C ...
   -2.6236   -3.5448   15.7072
   -0.9923    0.0611   -0.1075
   -0.0294   -0.9610   -0.2748
   -0.1201   -0.2695    0.9555
...     7 C-G ...
   -2.3138   -3.7570   18.8866
   -0.8620   -0.4995   -0.0864
    0.5008   -0.8655    0.0073
   -0.0785   -0.0370    0.9962
...     8 G-C ...
   -3.9561   -6.8109   23.3205
   -0.2581   -0.3560   -0.8981
    0.6294   -0.7673    0.1233
   -0.7330   -0.5335    0.4221
...     9 C-G ...
   -6.1177   -8.9414   24.2385
    0.1143   -0.7320   -0.6716
    0.8123   -0.3203    0.4874
   -0.5720   -0.6013    0.5580
...    10 T-A ...
   -8.5041   -9.6771   26.0540
    0.4660   -0.8587   -0.2131
    0.6274    0.1508    0.7640
   -0.6239   -0.4897    0.6090
...    11 C-G ...
  -11.0625  -11.3174   27.2336
    0.6660   -0.6911    0.2808
    0.3382    0.6152    0.7121
   -0.6649   -0.3794    0.6435
...    12 A-T ...
  -13.0013  -13.1789   29.0658
    0.7188   -0.1490    0.6790
   -0.1787    0.9043    0.3876
   -0.6718   -0.4000    0.6235
...    13 C-G ...
  -14.1788  -15.9359   31.3399
    0.4052    0.2865    0.8682
   -0.5270    0.8492   -0.0343
   -0.7470   -0.4437    0.4951
...    14 A-T ...
  -15.9532  -18.1566   33.3080
   -0.1503    0.6873    0.7107
   -0.6106    0.5008   -0.6135
   -0.7776   -0.5261    0.3444
...    15 A-T ...
  -18.3137  -20.0137   34.6150
   -0.5316    0.8212    0.2074
   -0.3751   -0.0087   -0.9270
   -0.7594   -0.5705    0.3127
...    16 T-A ...
  -20.6028  -21.7638   36.2776
   -0.6660    0.6773   -0.3126
   -0.0217   -0.4365   -0.8994
   -0.7457   -0.5922    0.3054
...    17 T-A ...
  -23.0089  -23.6074   37.4845
   -0.5544    0.2705   -0.7870
    0.4000   -0.7427   -0.5370
   -0.7298   -0.6126    0.3036
...    18 T-A ...
  -25.4603  -25.4570   38.5585
   -0.1982   -0.2189   -0.9554
    0.6608   -0.7498    0.0347
   -0.7239   -0.6244    0.2932
...    19 A-T ...
  -27.6631  -27.8167   39.6095
    0.3156   -0.6058   -0.7303
    0.6247   -0.4467    0.6405
   -0.7142   -0.6584    0.2375
...    20 T-A ...
  -30.2862  -29.7878   39.8144
    0.6086   -0.7381   -0.2913
    0.3611   -0.0694    0.9300
   -0.7066   -0.6712    0.2243
...    21 T-A ...
  -32.5844  -32.0294   40.3292
    0.7075   -0.6308    0.3187
   -0.0832    0.3735    0.9239
   -0.7018   -0.6801    0.2117
...    22 C-G ...
  -34.7514  -34.4295   41.0494
    0.5131   -0.2570    0.8189
   -0.5240    0.6619    0.5361
   -0.6798   -0.7042    0.2050
...    23 G-C ...
  -37.2238  -36.5419   42.1069
    0.1297    0.2323    0.9640
   -0.7623    0.6451   -0.0529
   -0.6341   -0.7279    0.2607
...    24 C-G ...
  -39.0374  -39.1881   43.1770
   -0.3293    0.5730    0.7505
   -0.7011    0.3839   -0.6008
   -0.6324   -0.7240    0.2753
...    25 A-T ...
  -41.3558  -41.5578   43.7703
   -0.6621    0.7219    0.2009
   -0.3435   -0.0541   -0.9376
   -0.6660   -0.6898    0.2839
...    26 A-T ...
  -43.4434  -43.7940   44.9159
   -0.7503    0.5256   -0.4010
    0.1440   -0.4621   -0.8751
   -0.6452   -0.7143    0.2710
...    27 A-T ...
  -45.5871  -46.0147   45.9564
   -0.5126    0.1449   -0.8463
    0.5754   -0.6737   -0.4638
   -0.6373   -0.7247    0.2619
...    28 G-C ...
  -47.9065  -48.2622   46.8162
   -0.0480   -0.1963   -0.9794
    0.7624   -0.6407    0.0910
   -0.6454   -0.7423    0.1804
...    29 G-C ...
  -50.2356  -50.6894   47.1948
    0.4610   -0.4480   -0.7660
    0.6357   -0.4355    0.6373
   -0.6191   -0.7808    0.0841
...    30 C-G ...
  -52.4025  -53.2250   46.9848
    0.7727   -0.5742   -0.2706
    0.2424   -0.1272    0.9618
   -0.5867   -0.8087    0.0409
...    31 C-G ...
  -54.1040  -56.1601   46.8596
    0.8114   -0.4810    0.3321
   -0.2795    0.1797    0.9432
   -0.5133   -0.8581    0.0113
...    32 G-C ...
  -55.7975  -59.0913   47.4148
    0.5133   -0.2152    0.8308
   -0.7434    0.3721    0.5557
   -0.4287   -0.9029    0.0310
...    33 G-C ...
  -56.9540  -62.2969   47.6450
   -0.0015    0.0851    0.9964
   -0.9171    0.3971   -0.0352
   -0.3986   -0.9138    0.0774
...    34 C-G ...
  -57.9467  -65.5044   48.0906
   -0.5322    0.3129    0.7867
   -0.7457    0.2666   -0.6106
   -0.4008   -0.9116    0.0914
...    35 C-G ...
  -59.1907  -68.6467   48.6129
   -0.8464    0.4570    0.2735
   -0.2924    0.0306   -0.9558
   -0.4452   -0.8889    0.1078
...    36 C-G ...
  -60.6463  -71.6795   49.2177
   -0.8240    0.4533   -0.3399
    0.2581   -0.2337   -0.9374
   -0.5044   -0.8602    0.0756
...    37 G-C ...
  -62.0944  -74.7838   49.1326
   -0.4460    0.3301   -0.8319
    0.7020   -0.4475   -0.5540
   -0.5552   -0.8311   -0.0321
...    38 A-T ...
  -63.9456  -77.5115   49.0498
    0.1073    0.0355   -0.9936
    0.8280   -0.5564    0.0696
   -0.5504   -0.8302   -0.0891
...    39 C-G ...
  -66.2012  -79.8685   48.5030
    0.5708   -0.2306   -0.7880
    0.6245   -0.5011    0.5991
   -0.5331   -0.8341   -0.1421
...    40 A-T ...
  -67.7410  -82.8529   48.0915
    0.8854   -0.3892   -0.2543
    0.1335   -0.3111    0.9410
   -0.4453   -0.8671   -0.2234
...    41 C-G ...
  -69.0203  -85.6070   46.7074
    0.8232   -0.4729    0.3140
   -0.3920   -0.0735    0.9170
   -0.4106   -0.8780   -0.2459
...    42 G-C ...
  -70.3882  -88.7391   46.3902
    0.4440   -0.3662    0.8178
   -0.8368    0.1569    0.5246
   -0.3204   -0.9172   -0.2368
...    43 A-T ...
  -71.3305  -91.8570   45.6448
   -0.1894   -0.1982    0.9617
   -0.9342    0.3380   -0.1143
   -0.3024   -0.9200   -0.2492
...    44 C-G ...
  -71.7853  -95.1723   45.0722
   -0.6879    0.0167    0.7257
   -0.6638    0.3899   -0.6382
   -0.2936   -0.9207   -0.2572
...    45 T-A ...
  -72.6823  -98.3721   44.4668
   -0.9384    0.2577    0.2301
   -0.1440    0.3137   -0.9385
   -0.3140   -0.9139   -0.2573
...    46 T-A ...
  -73.6308 -101.4390   43.8445
   -0.8391    0.3714   -0.3975
    0.4676    0.1191   -0.8759
   -0.2779   -0.9208   -0.2736
...    47 A-T ...
  -74.1310 -104.6076   42.6306
   -0.3077    0.3773   -0.8735
    0.9139   -0.1385   -0.3817
   -0.2649   -0.9157   -0.3022
...    48 C-G ...
  -75.5852 -107.4509   41.7264
    0.2613    0.2834   -0.9227
    0.9304   -0.3285    0.1626
   -0.2571   -0.9010   -0.3495
...    49 T-A ...
  -76.5919 -110.3034   40.3143
    0.7598    0.1289   -0.6372
    0.6146   -0.4620    0.6394
   -0.2120   -0.8775   -0.4302
...    50 G-C ...
  -76.9159 -113.3917   38.9520
    0.9941   -0.0824   -0.0709
    0.0206   -0.4969    0.8676
   -0.1067   -0.8639   -0.4922
...    51 T-A ...
  -76.9414 -115.9535   36.8209
    0.8398   -0.3208    0.4379
   -0.5386   -0.3909    0.7464
   -0.0683   -0.8627   -0.5010
...    52 A-T ...
  -77.7167 -119.0800   35.4910
    0.2230   -0.5585    0.7990
   -0.9719   -0.0640    0.2265
   -0.0754   -0.8271   -0.5570
...    53 G-C ...
  -77.6507 -121.9238   33.6707
   -0.3795   -0.4849    0.7879
   -0.9232    0.2545   -0.2881
   -0.0608   -0.8368   -0.5442
...    54 G-C ...
  -77.7017 -124.8810   31.9510
   -0.8510   -0.2156    0.4789
   -0.5187    0.4883   -0.7018
   -0.0825   -0.8456   -0.5274
...    55 T-A ...
  -77.7764 -128.0325   30.6867
   -0.9954    0.0957   -0.0030
    0.0547    0.5427   -0.8382
   -0.0786   -0.8345   -0.5454
...    56 C-G ...
  -77.9166 -130.8715   28.9349
   -0.7386    0.4320   -0.5176
    0.6703    0.3881   -0.6325
   -0.0723   -0.8141   -0.5762
...    57 A-T ...
  -77.8161 -133.5577   26.8743
   -0.1691    0.6647   -0.7277
    0.9820    0.0509   -0.1818
   -0.0838   -0.7453   -0.6614
...    58 T-A ...
  -78.7136 -135.8612   24.7182
    0.3713    0.6171   -0.6938
    0.9259   -0.3021    0.2268
   -0.0696   -0.7266   -0.6836
...    59 G-C ...
  -78.6010 -138.2683   22.3360
    0.8498    0.4155   -0.3242
    0.5264   -0.6394    0.5604
    0.0256   -0.6469   -0.7622
...    60 T-A ...
  -78.5192 -139.8566   19.4441
    0.9965    0.0322    0.0766
   -0.0228   -0.7807    0.6245
    0.0799   -0.6241   -0.7773
...    61 T-A ...
  -78.1208 -141.7202   16.8104
    0.7849   -0.4395    0.4368
   -0.6116   -0.6621    0.4330
    0.0989   -0.6070   -0.7885
...    62 A-T ...
  -78.3155 -144.1142   14.3006
    0.1518   -0.8172    0.5560
   -0.9830   -0.1834   -0.0010
    0.1028   -0.5464   -0.8312
...    63 T-A ...
  -77.2642 -145.8987   11.6774
   -0.3973   -0.8124    0.4268
   -0.9096    0.2869   -0.3007
    0.1218   -0.5077   -0.8529
...    64 A-T ...
  -77.3288 -146.8328    8.2417
   -0.9057   -0.4176   -0.0724
   -0.3426    0.8219   -0.4551
    0.2496   -0.3874   -0.8875
...    65 A-T ...
  -76.3583 -148.3186    5.4822
   -0.9060    0.1518   -0.3951
    0.2741    0.9217   -0.2745
    0.3224   -0.3570   -0.8767
...    66 C-G ...
  -75.5217 -150.0291    2.7150
   -0.6051    0.6456   -0.4659
    0.7245    0.6892    0.0142
    0.3303   -0.3290   -0.8847
...    67 G-C ...
  -73.9002 -151.0279   -0.1340
   -0.1131    0.9636   -0.2424
    0.9292    0.1889    0.3175
    0.3517   -0.1894   -0.9167
...    68 G-C ...
  -72.8919 -151.6513   -3.2983
    0.3805    0.9198    0.0959
    0.8313   -0.3857    0.4002
    0.4051   -0.0725   -0.9114
...    69 A-T ...
  -71.5163 -151.7666   -6.2679
    0.7661    0.5100    0.3912
    0.4491   -0.8602    0.2417
    0.4597   -0.0095   -0.8880
...    70 T-A ...
  -70.1201 -151.1284   -9.1530
    0.8703   -0.0056    0.4925
    0.0013   -0.9999   -0.0137
    0.4926    0.0126   -0.8702
...    71 A-T ...
  -68.2959 -151.3546  -11.9955
    0.6494   -0.6359    0.4169
   -0.5150   -0.7712   -0.3741
    0.5594    0.0283   -0.8284
...    72 T-A ...
  -65.9907 -150.8723  -14.3288
    0.2893   -0.9470    0.1392
   -0.7707   -0.3167   -0.5529
    0.5677    0.0527   -0.8216
...    73 C-G ...
  -63.9682 -150.8475  -16.9731
   -0.2388   -0.9356   -0.2599
   -0.7683    0.3457   -0.5387
    0.5939    0.0710   -0.8014
...    74 T-A ...
  -61.7678 -150.8463  -19.5303
   -0.6309   -0.5683   -0.5281
   -0.4871    0.8200   -0.3005
    0.6039    0.0676   -0.7942
...    75 C-G ...
  -59.6299 -150.6580  -22.0917
   -0.7859    0.0760   -0.6136
   -0.0003    0.9924    0.1234
    0.6183    0.0972   -0.7799
...    76 G-C ...
  -57.2335 -149.8825  -24.4020
   -0.6845    0.6399   -0.3492
    0.4376    0.7438    0.5052
    0.5831    0.1930   -0.7892
...    77 A-T ...
  -55.2280 -149.3823  -26.9673
   -0.3111    0.9478    0.0698
    0.7450    0.1977    0.6371
    0.5901    0.2502   -0.7676
...    78 G-C ...
  -53.4707 -148.4378  -29.6148
    0.0774    0.8691    0.4885
    0.7893   -0.3527    0.5026
    0.6091    0.3466   -0.7133
...    79 C-G ...
  -51.8017 -146.9292  -32.0393
    0.4469    0.4977    0.7434
    0.6274   -0.7667    0.1362
    0.6377    0.4055   -0.6549
...    80 T-A ...
  -49.7182 -145.2273  -33.9734
    0.6484   -0.0405    0.7603
    0.3245   -0.8886   -0.3241
    0.6887    0.4569   -0.5630
...    81 C-G ...
  -47.2667 -143.7127  -35.5530
    0.6841   -0.5853    0.4352
   -0.0907   -0.6603   -0.7455
    0.7237    0.4705   -0.5048
...    82 G-C ...
  -44.5904 -142.6342  -37.3805
    0.4498   -0.8913   -0.0567
   -0.3972   -0.1428   -0.9066
    0.7999    0.4303   -0.4183
...    83 G-C ...
  -41.6105 -141.4665  -38.5858
    0.1119   -0.8213   -0.5595
   -0.5443    0.4204   -0.7259
    0.8314    0.3858   -0.4000
...    84 G-C ...
  -38.6332 -140.3605  -39.8463
   -0.2474   -0.4278   -0.8694
   -0.4951    0.8271   -0.2660
    0.8328    0.3647   -0.4164
...    85 A-T ...
  -35.7674 -139.1948  -41.0887
   -0.4906    0.1925   -0.8499
   -0.2509    0.9028    0.3493
    0.8345    0.3846   -0.3946
...    86 T-A ...
  -32.9345 -138.5130  -42.6909
   -0.5317    0.6527   -0.5397
    0.0300    0.6513    0.7582
    0.8464    0.3869   -0.3658
...    87 C-G ...
  -30.0653 -137.3362  -43.8791
   -0.4341    0.8990    0.0585
    0.3296    0.0980    0.9390
    0.8384    0.4269   -0.3389
...    88 C-G ...
  -27.3214 -135.8713  -45.2233
   -0.2678    0.7421    0.6145
    0.5166   -0.4278    0.7417
    0.8133    0.5161   -0.2688
...    89 G-C ...
  -24.3840 -134.2307  -45.7671
   -0.0531    0.2729    0.9606
    0.6038   -0.7574    0.2485
    0.7954    0.5932   -0.1246
...    90 C-G ...
  -22.0484 -131.8697  -45.9488
    0.2399   -0.2393    0.9408
    0.5572   -0.7597   -0.3353
    0.7950    0.6047   -0.0489
...    91 T-A ...
  -19.4962 -129.7378  -45.7027
    0.4503   -0.6635    0.5975
    0.3798   -0.4633   -0.8007
    0.8081    0.5875    0.0434
...    92 T-A ...
  -16.9175 -127.7896  -45.2888
    0.6022   -0.7984    0.0020
    0.0522    0.0369   -0.9980
    0.7967    0.6010    0.0639
...    93 T-A ...
  -14.3082 -125.8876  -44.7654
    0.5524   -0.5812   -0.5976
   -0.3180    0.5158   -0.7955
    0.7706    0.6295    0.1001
...    94 A-T ...
  -12.1754 -123.1162  -44.6654
    0.2579    0.0327   -0.9656
   -0.6443    0.7506   -0.1467
    0.7200    0.6600    0.2146
...    95 A-T ...
   -9.6338 -121.1959  -43.8897
   -0.1422    0.5249   -0.8392
   -0.6912    0.5542    0.4638
    0.7085    0.6460    0.2840
...    96 C-G ...
   -6.8887 -119.3420  -43.3070
   -0.5063    0.7391   -0.4442
   -0.5087    0.1599    0.8460
    0.6963    0.6543    0.2950
...    97 A-T ...
   -4.6448 -117.2419  -41.9240
   -0.7715    0.6228    0.1300
   -0.1070   -0.3284    0.9385
    0.6272    0.7101    0.3200
...    98 C-G ...
   -2.6692 -114.6432  -41.3936
   -0.7369    0.3108    0.6004
    0.3251   -0.6157    0.7178
    0.5927    0.7241    0.3527
...    99 T-A ...
   -0.9628 -112.0369  -40.2376
   -0.4945   -0.1455    0.8569
    0.6873   -0.6689    0.2830
    0.5320    0.7289    0.4309
...   100 T-A ...
    0.5820 -109.5993  -38.7710
   -0.0271   -0.5368    0.8433
    0.8559   -0.4483   -0.2579
    0.5165    0.7147    0.4716
...   101 T-A ...
    2.0769 -107.2751  -37.0709
    0.4680   -0.7109    0.5249
    0.7227   -0.0339   -0.6903
    0.5085    0.7025    0.4980
...   102 A-T ...
    4.0551 -104.9291  -35.6101
    0.8247   -0.5638   -0.0450
    0.2663    0.4572   -0.8485
    0.4990    0.6878    0.5272
...   103 T-A ...
    5.6387 -103.1153  -33.3182
    0.8540   -0.2189   -0.4720
   -0.2065    0.6901   -0.6936
    0.4775    0.6898    0.5442
...   104 G-C ...
    7.1788 -100.5826  -31.7574
    0.5329    0.2299   -0.8143
   -0.6748    0.6961   -0.2451
    0.5105    0.6801    0.5261
...   105 C-G ...
    9.1804  -98.5580  -29.9519
    0.0420    0.5774   -0.8154
   -0.8623    0.4332    0.2623
    0.5047    0.6921    0.5161
...   106 T-A ...
   11.0960  -96.3007  -28.3774
   -0.4653    0.6937   -0.5498
   -0.7438    0.0303    0.6677
    0.4798    0.7196    0.5019
...   107 T-A ...
   12.8221  -93.9805  -26.8826
   -0.8151    0.5773   -0.0486
   -0.3355   -0.4020    0.8519
    0.4722    0.7107    0.5214
...   108 C-G ...
   14.3923  -91.6248  -25.1941
   -0.8773    0.1772    0.4459
    0.2227   -0.6727    0.7056
    0.4250    0.7184    0.5507
...   109 C-G ...
   15.5785  -89.0231  -23.3990
   -0.6475   -0.3078    0.6971
    0.6834   -0.6392    0.3526
    0.3371    0.7048    0.6243
...   110 G-C ...
   16.8346  -86.9789  -20.9941
   -0.1831   -0.7100    0.6800
    0.9488   -0.3086   -0.0667
    0.2573    0.6330    0.7302
...   111 G-C ...
   17.3873  -85.0977  -18.2243
    0.3580   -0.8141    0.4573
    0.9025    0.1761   -0.3930
    0.2394    0.5534    0.7977
...   112 C-G ...
   17.9435  -83.6336  -15.2606
    0.7979   -0.5890    0.1281
    0.5511    0.6267   -0.5509
    0.2442    0.5102    0.8246
...   113 T-A ...
   18.7830  -82.2784  -12.3094
    0.9620   -0.1521   -0.2269
    0.0205    0.8685   -0.4952
    0.2724    0.4717    0.8386
...   114 C-G ...
   19.7759  -80.8160   -9.4953
    0.7698    0.4218   -0.4791
   -0.5778    0.7794   -0.2422
    0.2713    0.4633    0.8437
...   115 G-C ...
   20.3329  -78.9545   -6.7032
    0.2554    0.7733   -0.5803
   -0.9216    0.3762    0.0957
    0.2923    0.5104    0.8088
...   116 T-A ...
   21.8919  -77.3870   -4.1688
   -0.2971    0.8451   -0.4444
   -0.9146   -0.1181    0.3868
    0.2744    0.5214    0.8080
...   117 A-T ...
   22.5043  -75.8899   -1.1689
   -0.8251    0.5566   -0.0974
   -0.5057   -0.6504    0.5668
    0.2521    0.5168    0.8181
...   118 T-A ...
   23.4882  -73.7162    1.0981
   -0.9715    0.1291    0.1987
   -0.0040   -0.8473    0.5310
    0.2369    0.5151    0.8237
...   119 A-T ...
   24.2463  -72.2048    4.0191
   -0.7800   -0.4649    0.4189
    0.6045   -0.7329    0.3121
    0.1619    0.4967    0.8527
...   120 A-T ...
   24.5552  -70.5311    6.7822
   -0.2812   -0.8164    0.5043
    0.9492   -0.3139    0.0212
    0.1410    0.4847    0.8632
...   121 T-A ...
   24.3291  -68.9492    9.6655
    0.2540   -0.8629    0.4370
    0.9583    0.1634   -0.2343
    0.1307    0.4783    0.8684
...   122 G-C ...
   25.1355  -67.4728   12.5813
    0.7717   -0.6184    0.1484
    0.6179    0.6739   -0.4052
    0.1505    0.4044    0.9021
...   123 T-A ...
   25.4477  -66.7082   15.8414
    0.9838   -0.1461   -0.1037
    0.0914    0.9072   -0.4107
    0.1540    0.3946    0.9058
...   124 G-C ...
   26.0227  -65.0825   18.7226
    0.8259    0.4224   -0.3734
   -0.5265    0.8147   -0.2428
    0.2016    0.3972    0.8953
...   125 T-A ...
   27.1476  -64.1984   21.7753
    0.3966    0.7988   -0.4524
   -0.8970    0.4420   -0.0057
    0.1954    0.4080    0.8918
...   126 C-G ...
   27.8534  -62.9155   24.7550
   -0.2442    0.8924   -0.3795
   -0.9537   -0.1502    0.2605
    0.1755    0.4255    0.8878
...   127 G-C ...
   28.0704  -61.6706   27.9188
   -0.7696    0.5821   -0.2622
   -0.6333   -0.6439    0.4294
    0.0811    0.4966    0.8642
...   128 A-T ...
   28.3577  -60.0030   30.7406
   -0.9988    0.0489    0.0035
   -0.0405   -0.8636    0.5026
    0.0276    0.5019    0.8645
...   129 C-G ...
   28.2437  -57.8518   33.2484
   -0.8632   -0.4484    0.2320
    0.5043   -0.7449    0.4368
   -0.0230    0.4940    0.8691
...   130 C-G ...
   27.7595  -56.2035   36.1606
   -0.4240   -0.8332    0.3550
    0.8994   -0.3411    0.2736
   -0.1069    0.4352    0.8940
...   131 A-T ...
   27.5867  -54.9587   39.2851
    0.2044   -0.9071    0.3679
    0.9685    0.2419    0.0584
   -0.1419    0.3444    0.9280
...   132 A-T ...
   26.9035  -54.0019   42.3281
    0.7385   -0.5739    0.3539
    0.6533    0.7389   -0.1650
   -0.1667    0.3531    0.9206
...   133 A-T ...
   26.2266  -53.1057   45.3995
    0.9743    0.0027    0.2253
    0.0782    0.9338   -0.3491
   -0.2113    0.3577    0.9096
...   134 T-A ...
   25.6308  -52.5796   48.6349
    0.8597    0.5096    0.0340
   -0.4497    0.7867   -0.4230
   -0.2423    0.3484    0.9055
...   135 G-C ...
   25.2859  -52.4980   52.0750
    0.3205    0.9427   -0.0927
   -0.8825    0.2616   -0.3908
   -0.3442    0.2071    0.9158
...   136 T-A ...
   25.5356  -52.9668   55.8002
   -0.2443    0.9563   -0.1608
   -0.8908   -0.2868   -0.3525
   -0.3832    0.0571    0.9219
...   137 G-C ...
   24.9038  -52.7259   58.9821
   -0.7529    0.5562   -0.3519
   -0.5214   -0.8303   -0.1968
   -0.4017    0.0354    0.9151
...   138 A-T ...
   24.0250  -51.6261   61.9210
   -0.9563    0.0400   -0.2896
   -0.0523   -0.9980    0.0347
   -0.2877    0.0483    0.9565
...   139 G-C ...
   22.3575  -51.2299   64.4909
   -0.8529   -0.5117   -0.1032
    0.4973   -0.8566    0.1372
   -0.1586    0.0657    0.9852
...   140 C-G ...
   22.1609  -50.1386   67.4618
   -0.4681   -0.8749    0.1247
    0.8495   -0.4066    0.3363
   -0.2435    0.2633    0.9335
...   141 G-C ...
   21.4367  -51.8164   72.7856
    0.1304   -0.7141   -0.6877
    0.8897   -0.2218    0.3990
   -0.4375   -0.6639    0.6065
...   142 C-G ...
   20.4355  -54.2994   74.5395
    0.5847   -0.7390   -0.3347
    0.7593    0.3532    0.5466
   -0.2857   -0.5737    0.7676
...   143 T-A ...
   18.4378  -55.5190   76.5272
    0.8548   -0.5006    0.1370
    0.3188    0.7147    0.6225
   -0.4096   -0.4884    0.7705
...   144 C-G ...
   16.8485  -57.7126   78.2648
    0.8529   -0.0846    0.5152
   -0.1509    0.9047    0.3983
   -0.4998   -0.4175    0.7589
...   145 A-T ...
   15.7934  -59.5518   80.7963
    0.5515    0.4995    0.6681
   -0.6739    0.7388    0.0040
   -0.4915   -0.4525    0.7441
...   146 C-G ...
   15.7411  -61.4838   83.9295
    0.0342    0.7400    0.6718
   -0.8637    0.3601   -0.3527
   -0.5029   -0.5681    0.6514
...   147 A-T ...
   14.7482  -63.4170   86.8165
   -0.5923    0.6746    0.4405
   -0.6886   -0.1400   -0.7115
   -0.4183   -0.7247    0.5475
