  147 base-pairs
...     1 T-A ...
    0.0000    0.0000    0.0000
    1.0000    0.0000    0.0000
    0.0000    1.0000    0.0000
    0.0000    0.0000    1.0000
...     2 G-C ...
   -0.5555   -1.1003    3.3981
    0.7749    0.6051    0.1828
   -0.5991    0.7953   -0.0929
   -0.2016   -0.0375    0.9787
...     3 T-A ...
   -0.6619   -3.0237    6.5348
    0.3046    0.9250    0.2271
   -0.8994    0.3578   -0.2510
   -0.3134   -0.1278    0.9410
...     4 G-C ...
   -1.1607   -3.8418    9.6940
   -0.3351    0.9421    0.0133
   -0.8752   -0.3061   -0.3746
   -0.3489   -0.1372    0.9271
...     5 A-T ...
   -1.3881   -3.6770   12.8999
   -0.7835    0.6162   -0.0801
   -0.5677   -0.7622   -0.3109
   -0.2527   -0.1981    0.9470
...     6 G-C ...
   -2.6236   -3.5448   15.7072
   -0.9923    0.0611   -0.1075
   -0.0294   -0.9610   -0.2748
   -0.1201   -0.2695    0.9555
...     7 C-G ...
   -2.3138   -3.7570   18.8866
   -0.8620   -0.4995   -0.0864
    0.5008   -0.8655    0.0073
   -0.0785   -0.0370    0.9962
...     8 G-C ...
   -3.9561   -6.8109   23.3205
   -0.2581   -0.3560   -0.8981
    0.6294   -0.7673    0.1233
   -0.7330   -0.5335    0.4221
...     9 C-G ...
   -6.1177   -8.9414   24.2385
    0.1143   -0.7320   -0.6716
    0.8123   -0.3203    0.4874
   -0.5720   -0.6013    0.5580
...    10 T-A ...
   -8.5041   -9.6771   26.0540
    0.4660   -0.8587   -0.2131
    0.6274    0.1508    0.7640
   -0.6239   -0.4897    0.6090
...    11 C-G ...
  -11.0625  -11.3174   27.2336
    0.6660   -0.6911    0.2808
    0.3382    0.6152    0.7121
   -0.6649   -0.3794    0.6435
...    12 A-T ...
  -13.0013  -13.1789   29.0658
    0.7188   -0.1490    0.6790
   -0.1787    0.9043    0.3876
   -0.6718   -0.4000    0.6235
...    13 C-G ...
  -14.1788  -15.9359   31.3399
    0.4052    0.2865    0.8682
   -0.5270    0.8492   -0.0343
   -0.7470   -0.4437    0.4951
...    14 A-T ...
  -15.9532  -18.1566   33.3080
   -0.1503    0.6873    0.7107
   -0.6106    0.5008   -0.6135
   -0.7776   -0.5261    0.3444
...    15 A-T ...
  -18.3061  -19.9979   34.6375
   -0.5195    0.8260    0.2186
   -0.3877    0.0002   -0.9218
   -0.7614   -0.5637    0.3201
...    16 T-A ...
  -20.5876  -21.7219   36.3279
   -0.6606    0.6916   -0.2922
   -0.0475   -0.4269   -0.9030
   -0.7493   -0.5826    0.3149
...    17 T-A ...
  -23.0014  -23.5173   37.5854
   -0.5713    0.2962   -0.7654
    0.3674   -0.7417   -0.5612
   -0.7339   -0.6018    0.3149
...    18 T-A ...
  -25.4696  -25.3081   38.7148
   -0.2411   -0.1908   -0.9515
    0.6420   -0.7666   -0.0090
   -0.7278   -0.6131    0.3074
...    19 A-T ...
  -27.7428  -27.5690   39.7583
    0.2596   -0.5793   -0.7727
    0.6437   -0.4926    0.5856
   -0.7199   -0.6494    0.2450
...    20 T-A ...
  -30.4092  -29.4699   40.0132
    0.5682   -0.7375   -0.3650
    0.4132   -0.1278    0.9016
   -0.7116   -0.6631    0.2321
...    21 T-A ...
  -32.7374  -31.6703   40.5397
    0.7116   -0.6649    0.2270
   -0.0057    0.3175    0.9482
   -0.7025   -0.6761    0.2222
...    22 C-G ...
  -34.8975  -34.0548   41.2636
    0.5786   -0.3213    0.7496
   -0.4566    0.6340    0.6242
   -0.6758   -0.7034    0.2202
...    23 G-C ...
  -37.2657  -36.2052   42.4095
    0.2464    0.1625    0.9554
   -0.7462    0.6609    0.0801
   -0.6184   -0.7327    0.2841
...    24 C-G ...
  -38.9836  -38.8707   43.5313
   -0.2110    0.5243    0.8250
   -0.7624    0.4400   -0.4745
   -0.6117   -0.7291    0.3069
...    25 A-T ...
  -41.2367  -41.2174   44.3467
   -0.5950    0.7233    0.3506
   -0.4841    0.0258   -0.8746
   -0.6416   -0.6901    0.3348
...    26 A-T ...
  -43.2104  -43.4563   45.6691
   -0.7815    0.5796   -0.2311
   -0.0212   -0.3949   -0.9185
   -0.6236   -0.7129    0.3209
...    27 A-T ...
  -45.2577  -45.6649   46.9083
   -0.6447    0.2323   -0.7283
    0.4543   -0.6498   -0.6094
   -0.6148   -0.7238    0.3133
...    28 G-C ...
  -47.4925  -47.8829   48.0052
   -0.2391   -0.1048   -0.9653
    0.7341   -0.6702   -0.1091
   -0.6355   -0.7347    0.2372
...    29 G-C ...
  -49.8407  -50.2302   48.6473
    0.2782   -0.3846   -0.8802
    0.7280   -0.5133    0.4544
   -0.6266   -0.7672    0.1372
...    30 C-G ...
  -52.1308  -52.6449   48.6782
    0.6725   -0.5617   -0.4820
    0.4327   -0.2300    0.8717
   -0.6005   -0.7947    0.0884
...    31 C-G ...
  -53.9788  -55.4798   48.6240
    0.8461   -0.5257    0.0882
   -0.0513    0.0844    0.9951
   -0.5305   -0.8465    0.0445
...    32 G-C ...
  -55.5936  -58.4161   49.2396
    0.6964   -0.3032    0.6505
   -0.5703    0.3165    0.7580
   -0.4357   -0.8989    0.0475
...    33 G-C ...
  -56.7118  -61.6261   49.4388
    0.2660   -0.0183    0.9638
   -0.8825    0.3977    0.2511
   -0.3879   -0.9173    0.0897
...    34 C-G ...
  -57.6153  -64.8466   49.8463
   -0.2823    0.2286    0.9317
   -0.8802    0.3245   -0.3464
   -0.3815   -0.9178    0.1096
...    35 C-G ...
  -58.7406  -68.0103   50.4467
   -0.7168    0.4211    0.5558
   -0.5609    0.1254   -0.8184
   -0.4143   -0.8983    0.1463
...    36 C-G ...
  -60.0453  -71.0719   51.1982
   -0.8781    0.4779   -0.0213
   -0.0492   -0.1346   -0.9897
   -0.4759   -0.8680    0.1417
...    37 G-C ...
  -61.5250  -74.1368   51.2726
   -0.6825    0.4086   -0.6060
    0.4773   -0.3787   -0.7930
   -0.5535   -0.8304    0.0635
...    38 A-T ...
  -63.3574  -76.8564   51.5443
   -0.2275    0.1435   -0.9631
    0.7943   -0.5448   -0.2688
   -0.5633   -0.8262    0.0099
...    39 C-G ...
  -65.7028  -79.1806   51.5448
    0.2643   -0.1275   -0.9560
    0.7844   -0.5483    0.2900
   -0.5611   -0.8265   -0.0449
...    40 A-T ...
  -67.3810  -82.0970   51.3421
    0.7365   -0.3193   -0.5963
    0.4575   -0.4140    0.7869
   -0.4981   -0.8524   -0.1588
...    41 C-G ...
  -69.0750  -84.7012   50.1788
    0.8844   -0.4614   -0.0704
   -0.0283   -0.2036    0.9786
   -0.4659   -0.8635   -0.1931
...    42 G-C ...
  -70.4038  -87.8334   49.9504
    0.7337   -0.4218    0.5327
   -0.5745    0.0334    0.8178
   -0.3627   -0.9061   -0.2178
...    43 A-T ...
  -71.4444  -90.9104   49.2368
    0.2185   -0.3148    0.9237
   -0.9142    0.2652    0.3066
   -0.3415   -0.9114   -0.2299
...    44 C-G ...
  -71.9537  -94.1696   48.4940
   -0.3279   -0.1236    0.9366
   -0.8847    0.3878   -0.2585
   -0.3313   -0.9134   -0.2366
...    45 T-A ...
  -72.8675  -97.3596   47.9262
   -0.7647    0.1325    0.6306
   -0.5454    0.3881   -0.7429
   -0.3432   -0.9120   -0.2245
...    46 T-A ...
  -73.8071 -100.4451   47.3817
   -0.9509    0.3060    0.0471
    0.0351    0.2576   -0.9656
   -0.3076   -0.9165   -0.2557
...    47 A-T ...
  -74.5885 -103.5205   46.1383
   -0.6923    0.4136   -0.5913
    0.6565    0.0208   -0.7540
   -0.2995   -0.9102   -0.2859
...    48 C-G ...
  -76.0558 -106.4393   45.5670
   -0.2101    0.4027   -0.8909
    0.9279   -0.2050   -0.3115
   -0.3081   -0.8921   -0.3306
...    49 T-A ...
  -77.3489 -109.2600   44.3641
    0.3618    0.3090   -0.8796
    0.8841   -0.4129    0.2186
   -0.2957   -0.8567   -0.4226
...    50 G-C ...
  -78.0206 -112.1728   42.7927
    0.8437    0.1216   -0.5229
    0.4936   -0.5590    0.6662
   -0.2113   -0.8202   -0.5317
...    51 T-A ...
  -78.7148 -114.4673   40.5200
    0.9849   -0.1644   -0.0543
   -0.0478   -0.5598    0.8273
   -0.1664   -0.8122   -0.5592
...    52 A-T ...
  -79.3171 -117.4671   39.0030
    0.7128   -0.4938    0.4980
   -0.6865   -0.3457    0.6398
   -0.1438   -0.7979   -0.5854
...    53 G-C ...
  -79.4533 -120.1240   36.9533
    0.2035   -0.5872    0.7834
   -0.9734   -0.0355    0.2263
   -0.1051   -0.8087   -0.5788
...    54 G-C ...
  -79.5472 -123.0094   35.1326
   -0.3993   -0.4772    0.7828
   -0.9123    0.2912   -0.2879
   -0.0906   -0.8292   -0.5516
...    55 T-A ...
  -79.3531 -126.0347   33.6021
   -0.8425   -0.2444    0.4800
   -0.5317    0.5195   -0.6688
   -0.0859   -0.8188   -0.5677
...    56 A-T ...
  -79.5346 -128.3448   31.0075
   -0.9777    0.1233   -0.1703
    0.2101    0.5947   -0.7760
    0.0056   -0.7945   -0.6073
...    57 T-A ...
  -79.7803 -131.2894   29.5086
   -0.7181    0.4177   -0.5566
    0.6956    0.4557   -0.5554
    0.0217   -0.7860   -0.6178
...    58 C-G ...
  -79.6913 -133.9439   27.5306
   -0.1441    0.6554   -0.7414
    0.9891    0.1179   -0.0880
    0.0297   -0.7460   -0.6653
...    59 T-A ...
  -79.8513 -136.3121   25.1956
    0.4205    0.6858   -0.5940
    0.9056   -0.2776    0.3207
    0.0550   -0.6728   -0.7378
...    60 C-G ...
  -79.6106 -138.4071   22.6810
    0.8753    0.4276   -0.2259
    0.4722   -0.6549    0.5900
    0.1044   -0.6231   -0.7751
...    61 G-C ...
  -78.7389 -140.6194   20.2235
    0.9649    0.0437    0.2590
   -0.1058   -0.8379    0.5355
    0.2404   -0.5441   -0.8038
...    62 A-T ...
  -77.6686 -142.3692   17.6101
    0.6881   -0.4750    0.5486
   -0.6665   -0.7127    0.2189
    0.2870   -0.5162   -0.8069
...    63 G-C ...
  -76.3679 -143.9811   14.9570
    0.1790   -0.7890    0.5878
   -0.9272   -0.3351   -0.1675
    0.3291   -0.5150   -0.7915
...    64 C-G ...
  -74.8848 -145.7963   12.5029
   -0.3955   -0.8401    0.3713
   -0.8489    0.1800   -0.4969
    0.3506   -0.5117   -0.7844
...    65 T-A ...
  -73.5193 -147.6833   10.0501
   -0.8125   -0.5829    0.0108
   -0.4635    0.6345   -0.6185
    0.3537   -0.5076   -0.7857
...    66 C-G ...
  -72.1851 -149.3765    7.4890
   -0.9195   -0.0537   -0.3895
    0.1421    0.8783   -0.4565
    0.3666   -0.4751   -0.8000
...    67 G-C ...
  -70.5250 -150.5653    4.7322
   -0.6900    0.5278   -0.4953
    0.6450    0.7589   -0.0899
    0.3284   -0.3815   -0.8641
...    68 G-C ...
  -69.4643 -152.0752    1.8744
   -0.2396    0.9034   -0.3555
    0.9140    0.3334    0.2312
    0.3274   -0.2695   -0.9056
...    69 G-C ...
  -68.5717 -152.9752   -1.2565
    0.2638    0.9638   -0.0397
    0.8936   -0.2287    0.3862
    0.3631   -0.1374   -0.9216
...    70 A-T ...
  -67.3447 -153.2672   -4.2743
    0.7097    0.6469    0.2791
    0.5732   -0.7605    0.3050
    0.4096   -0.0565   -0.9105
...    71 T-A ...
  -66.2049 -152.8009   -7.2986
    0.8871    0.1658    0.4307
    0.1385   -0.9859    0.0941
    0.4402   -0.0238   -0.8976
...    72 C-G ...
  -64.4542 -152.7908  -10.0879
    0.7759   -0.4657    0.4255
   -0.3983   -0.8848   -0.2421
    0.4892    0.0184   -0.8720
...    73 C-G ...
  -62.3021 -152.8603  -12.7417
    0.3841   -0.8937    0.2318
   -0.7312   -0.4478   -0.5147
    0.5638    0.0282   -0.8255
...    74 G-C ...
  -60.7137 -153.1179  -15.7617
   -0.1470   -0.9805   -0.1303
   -0.7775    0.1959   -0.5975
    0.6114    0.0134   -0.7912
...    75 C-G ...
  -58.3875 -153.2382  -18.2391
   -0.5683   -0.6769   -0.4678
   -0.5446    0.7356   -0.4028
    0.6168    0.0258   -0.7867
...    76 T-A ...
  -56.2033 -153.3821  -20.8144
   -0.7819   -0.1286   -0.6100
   -0.1332    0.9904   -0.0381
    0.6090    0.0515   -0.7915
...    77 T-A ...
  -54.1191 -153.4411  -23.3332
   -0.6844    0.5028   -0.5281
    0.3416    0.8609    0.3769
    0.6441    0.0775   -0.7610
...    78 T-A ...
  -52.0649 -153.3277  -25.8502
   -0.3619    0.9149   -0.1787
    0.6640    0.3875    0.6395
    0.6544    0.1128   -0.7477
...    79 A-T ...
  -49.7857 -152.8095  -28.2796
    0.0217    0.9355    0.3528
    0.7587   -0.2452    0.6035
    0.6511    0.2545   -0.7151
...    80 A-T ...
  -47.7502 -151.8116  -30.5779
    0.4103    0.5983    0.6882
    0.6223   -0.7353    0.2682
    0.6666    0.3182   -0.6741
...    81 C-G ...
  -45.8487 -150.1457  -32.6877
    0.6407    0.0829    0.7633
    0.3306   -0.9270   -0.1769
    0.6929    0.3657   -0.6214
...    82 A-T ...
  -43.2514 -149.1216  -34.6001
    0.6437   -0.5225    0.5591
   -0.0554   -0.7605   -0.6470
    0.7632    0.3855   -0.5185
...    83 C-G ...
  -40.4936 -147.5216  -35.7044
    0.5034   -0.8582    0.1002
   -0.3742   -0.3211   -0.8700
    0.7788    0.4004   -0.4828
...    84 T-A ...
  -37.6473 -146.2674  -37.0206
    0.1986   -0.8818   -0.4277
   -0.5637    0.2542   -0.7859
    0.8018    0.3972   -0.4466
...    85 T-A ...
  -34.8313 -145.0071  -38.1684
   -0.1182   -0.4848   -0.8666
   -0.5859    0.7387   -0.3333
    0.8017    0.4684   -0.3713
...    86 T-A ...
  -32.0046 -143.6657  -39.1804
   -0.3915    0.1231   -0.9119
   -0.4193    0.8583    0.2959
    0.8191    0.4982   -0.2844
...    87 A-T ...
  -29.2879 -141.4143  -39.2950
   -0.5081    0.7396   -0.4413
   -0.0774    0.4711    0.8787
    0.8578    0.4806   -0.1821
...    88 T-A ...
  -26.5284 -140.0410  -40.4850
   -0.4778    0.8729    0.0991
    0.1900   -0.0074    0.9817
    0.8577    0.4879   -0.1623
...    89 G-C ...
  -23.5828 -138.3613  -40.6818
   -0.3763    0.6208    0.6877
    0.4502   -0.5263    0.7214
    0.8098    0.5810   -0.0815
...    90 C-G ...
  -21.1926 -136.0704  -41.0833
   -0.1147    0.1645    0.9797
    0.5984   -0.7758    0.2003
    0.7930    0.6092   -0.0095
...    91 T-A ...
  -18.7403 -133.8186  -40.8445
    0.1701   -0.3585    0.9179
    0.6029   -0.6989   -0.3847
    0.7795    0.6188    0.0973
...    92 T-A ...
  -16.2953 -131.7398  -40.3218
    0.4911   -0.7130    0.5004
    0.4016   -0.3245   -0.8564
    0.7730    0.6215    0.1270
...    93 C-G ...
  -13.6214 -129.8559  -39.7135
    0.6351   -0.7582   -0.1476
    0.0386    0.2220   -0.9743
    0.7714    0.6131    0.1702
...    94 C-G ...
  -10.7646 -128.0929  -39.0150
    0.5167   -0.4877   -0.7037
   -0.3080    0.6610   -0.6843
    0.7988    0.5703    0.1913
...    95 G-C ...
   -8.2624 -125.7677  -38.6298
    0.1958    0.0216   -0.9804
   -0.5508    0.8296   -0.0917
    0.8113    0.5580    0.1744
...    96 G-C ...
   -5.4115 -124.0125  -37.9027
   -0.2029    0.4933   -0.8459
   -0.5756    0.6388    0.5106
    0.7922    0.5904    0.1543
...    97 C-G ...
   -2.5141 -122.2975  -37.5225
   -0.5259    0.7555   -0.3907
   -0.3708    0.2098    0.9047
    0.7655    0.6207    0.1698
...    98 T-A ...
    0.0645 -120.1760  -37.1650
   -0.6950    0.6949    0.1847
   -0.0127   -0.2688    0.9631
    0.7189    0.6670    0.1956
...    99 C-G ...
    2.4572 -117.9809  -36.5230
   -0.5988    0.3371    0.7265
    0.4155   -0.6447    0.6416
    0.6847    0.6861    0.2460
...   100 G-C ...
    4.8860 -115.8818  -35.3145
   -0.3421   -0.2114    0.9156
    0.7149   -0.6908    0.1077
    0.6098    0.6914    0.3875
...   101 T-A ...
    6.3376 -113.3330  -33.7795
    0.0772   -0.5940    0.8008
    0.7998   -0.4426   -0.4054
    0.5952    0.6718    0.4409
...   102 A-T ...
    8.6752 -111.2616  -32.3864
    0.5696   -0.7557    0.3233
    0.5768    0.0873   -0.8122
    0.5856    0.6491    0.4856
...   103 T-A ...
   10.3028 -109.3742  -30.1928
    0.8006   -0.5790   -0.1543
    0.1886    0.4879   -0.8523
    0.5688    0.6532    0.4998
...   104 T-A ...
   12.1190 -107.4107  -28.2970
    0.7814   -0.1122   -0.6139
   -0.3460    0.7407   -0.5759
    0.5193    0.6624    0.5399
...   105 C-G ...
   13.9162 -105.2792  -26.4485
    0.3964    0.4020   -0.8254
   -0.7658    0.6407   -0.0557
    0.5064    0.6541    0.5618
...   106 A-T ...
   15.1593 -102.9202  -24.3789
   -0.1937    0.6979   -0.6895
   -0.8512    0.2299    0.4719
    0.4878    0.6783    0.5495
...   107 T-A ...
   17.2822 -100.7845  -22.9677
   -0.6118    0.7250   -0.3162
   -0.6238   -0.1965    0.7565
    0.4863    0.6601    0.5725
...   108 G-C ...
   18.7248  -98.7116  -20.7171
   -0.9068    0.3910    0.1574
   -0.1227   -0.6021    0.7889
    0.4032    0.6961    0.5940
...   109 T-A ...
   19.8956  -96.0144  -19.1726
   -0.8445   -0.0410    0.5340
    0.3940   -0.7228    0.5677
    0.3627    0.6898    0.6266
...   110 T-A ...
   20.9351  -93.6959  -17.1586
   -0.4619   -0.4886    0.7402
    0.8197   -0.5539    0.1459
    0.3387    0.6742    0.6563
...   111 A-T ...
   22.2462  -91.6453  -14.7971
    0.1362   -0.7794    0.6115
    0.9409   -0.0914   -0.3261
    0.3101    0.6198    0.7209
...   112 T-A ...
   22.6684  -89.7740  -12.1127
    0.6107   -0.7139    0.3426
    0.7319    0.3437   -0.5883
    0.3023    0.6101    0.7324
...   113 A-T ...
   23.9783  -87.4315   -9.9510
    0.9568   -0.2656   -0.1186
    0.1268    0.7477   -0.6518
    0.2618    0.6086    0.7490
...   114 A-T ...
   24.8433  -85.6840   -7.3183
    0.8477    0.2814   -0.4497
   -0.4861    0.7514   -0.4462
    0.2123    0.5968    0.7738
...   115 C-G ...
   25.9959  -84.1392   -4.5269
    0.4301    0.6624   -0.6134
   -0.8782    0.4646   -0.1141
    0.2094    0.5877    0.7815
...   116 G-C ...
   26.1688  -82.0832   -1.7980
   -0.2033    0.7748   -0.5987
   -0.9610   -0.0407    0.2736
    0.1876    0.6310    0.7528
...   117 G-C ...
   27.0029  -80.0176    0.7800
   -0.7348    0.5626   -0.3789
   -0.6669   -0.4977    0.5545
    0.1234    0.6602    0.7409
...   118 A-T ...
   27.5064  -77.8701    3.2404
   -0.9937    0.1116    0.0107
   -0.0772   -0.7499    0.6570
    0.0813    0.6521    0.7538
...   119 A-T ...
   27.6991  -75.6405    5.5903
   -0.8494   -0.3711    0.3753
    0.5245   -0.6730    0.5215
    0.0590    0.6398    0.7662
...   120 A-T ...
   27.7013  -73.5241    8.0467
   -0.3800   -0.7173    0.5841
    0.9243   -0.3181    0.2108
    0.0346    0.6200    0.7839
...   121 T-A ...
   27.1356  -71.5039   10.5782
    0.1575   -0.7888    0.5941
    0.9872    0.1110   -0.1144
    0.0243    0.6045    0.7962
...   122 G-C ...
   27.5658  -69.6510   13.3698
    0.7188   -0.6088    0.3358
    0.6939    0.5985   -0.4004
    0.0428    0.5208    0.8526
...   123 T-A ...
   27.4921  -68.4825   16.5163
    0.9824   -0.1804    0.0477
    0.1796    0.8453   -0.5032
    0.0505    0.5029    0.8628
...   124 G-C ...
   27.7935  -66.5125   19.2306
    0.8794    0.3619   -0.3094
   -0.4650    0.7923   -0.3950
    0.1022    0.4912    0.8650
...   125 T-A ...
   28.5727  -65.3136   22.2951
    0.4689    0.7435   -0.4769
   -0.8778    0.4524   -0.1577
    0.0985    0.4926    0.8647
...   126 C-G ...
   28.9569  -63.7424   25.2079
   -0.1842    0.8604   -0.4753
   -0.9793   -0.1193    0.1635
    0.0839    0.4955    0.8645
...   127 G-C ...
   28.8131  -62.3013   28.3080
   -0.7367    0.5692   -0.3651
   -0.6762   -0.6146    0.4062
    0.0068    0.5462    0.8376
...   128 A-T ...
   28.8959  -60.4971   31.0748
   -0.9961    0.0501   -0.0727
   -0.0814   -0.8389    0.5382
   -0.0340    0.5420    0.8397
...   129 C-G ...
   28.6286  -58.2331   33.4850
   -0.8760   -0.4401    0.1973
    0.4763   -0.7251    0.4973
   -0.0758    0.5296    0.8448
...   130 C-G ...
   28.0365  -56.4387   36.2933
   -0.4387   -0.8225    0.3619
    0.8860   -0.3285    0.3274
   -0.1504    0.4643    0.8728
...   131 A-T ...
   27.7288  -55.0746   39.3672
    0.1949   -0.8968    0.3973
    0.9647    0.2484    0.0875
   -0.1771    0.3662    0.9135
...   132 A-T ...
   26.9658  -54.0502   42.3646
    0.7316   -0.5668    0.3788
    0.6544    0.7397   -0.1571
   -0.1912    0.3628    0.9120
...   133 A-T ...
   26.2429  -53.1128   45.4084
    0.9722    0.0040    0.2343
    0.0806    0.9331   -0.3504
   -0.2200    0.3595    0.9068
...   134 T-A ...
   25.6309  -52.5797   48.6350
    0.8597    0.5096    0.0340
   -0.4497    0.7867   -0.4230
   -0.2423    0.3484    0.9055
...   135 G-C ...
   25.2860  -52.4981   52.0751
    0.3205    0.9427   -0.0927
   -0.8825    0.2616   -0.3908
   -0.3442    0.2071    0.9158
...   136 T-A ...
   25.5357  -52.9669   55.8003
   -0.2443    0.9563   -0.1608
   -0.8908   -0.2868   -0.3525
   -0.3832    0.0571    0.9219
...   137 G-C ...
   24.9038  -52.7260   58.9822
   -0.7529    0.5562   -0.3519
   -0.5214   -0.8303   -0.1968
   -0.4017    0.0354    0.9151
...   138 A-T ...
   24.0250  -51.6262   61.9211
   -0.9563    0.0400   -0.2896
   -0.0523   -0.9980    0.0347
   -0.2877    0.0483    0.9565
...   139 G-C ...
   22.3575  -51.2300   64.4910
   -0.8529   -0.5117   -0.1032
    0.4973   -0.8566    0.1372
   -0.1586    0.0657    0.9852
...   140 C-G ...
   22.1610  -50.1387   67.4619
   -0.4681   -0.8749    0.1247
    0.8495   -0.4066    0.3363
   -0.2435    0.2633    0.9335
...   141 G-C ...
   21.4367  -51.8165   72.7857
    0.1304   -0.7141   -0.6877
    0.8897   -0.2218    0.3990
   -0.4375   -0.6639    0.6065
...   142 C-G ...
   20.4356  -54.2995   74.5396
    0.5847   -0.7390   -0.3347
    0.7593    0.3532    0.5466
   -0.2857   -0.5737    0.7676
...   143 T-A ...
   18.4379  -55.5191   76.5273
    0.8548   -0.5006    0.1370
    0.3188    0.7147    0.6225
   -0.4096   -0.4884    0.7705
...   144 C-G ...
   16.8486  -57.7127   78.2649
    0.8529   -0.0846    0.5152
   -0.1509    0.9047    0.3983
   -0.4998   -0.4175    0.7589
...   145 A-T ...
   15.7934  -59.5519   80.7964
    0.5515    0.4995    0.6681
   -0.6739    0.7388    0.0040
   -0.4915   -0.4525    0.7441
...   146 C-G ...
   15.7412  -61.4840   83.9296
    0.0342    0.7400    0.6718
   -0.8637    0.3601   -0.3527
   -0.5029   -0.5681    0.6514
...   147 A-T ...
   14.7482  -63.4171   86.8166
   -0.5923    0.6746    0.4405
   -0.6886   -0.1400   -0.7115
   -0.4183   -0.7247    0.5475
