  147 base-pairs
...     1 T-A ...
    0.0000    0.0000    0.0000
    1.0000    0.0000    0.0000
    0.0000    1.0000    0.0000
    0.0000    0.0000    1.0000
...     2 G-C ...
   -0.5555   -1.1003    3.3981
    0.7749    0.6051    0.1828
   -0.5991    0.7953   -0.0929
   -0.2016   -0.0375    0.9787
...     3 T-A ...
   -0.6619   -3.0237    6.5348
    0.3046    0.9250    0.2271
   -0.8994    0.3578   -0.2510
   -0.3134   -0.1278    0.9410
...     4 G-C ...
   -1.1607   -3.8418    9.6940
   -0.3351    0.9421    0.0133
   -0.8752   -0.3061   -0.3746
   -0.3489   -0.1372    0.9271
...     5 A-T ...
   -1.3881   -3.6770   12.8999
   -0.7835    0.6162   -0.0801
   -0.5677   -0.7622   -0.3109
   -0.2527   -0.1981    0.9470
...     6 G-C ...
   -2.6236   -3.5448   15.7072
   -0.9923    0.0611   -0.1075
   -0.0294   -0.9610   -0.2748
   -0.1201   -0.2695    0.9555
...     7 C-G ...
   -2.3138   -3.7570   18.8866
   -0.8620   -0.4995   -0.0864
    0.5008   -0.8655    0.0073
   -0.0785   -0.0370    0.9962
...     8 G-C ...
   -3.9561   -6.8109   23.3205
   -0.2581   -0.3560   -0.8981
    0.6294   -0.7673    0.1233
   -0.7330   -0.5335    0.4221
...     9 C-G ...
   -6.1177   -8.9414   24.2385
    0.1143   -0.7320   -0.6716
    0.8123   -0.3203    0.4874
   -0.5720   -0.6013    0.5580
...    10 T-A ...
   -8.5041   -9.6771   26.0540
    0.4660   -0.8587   -0.2131
    0.6274    0.1508    0.7640
   -0.6239   -0.4897    0.6090
...    11 C-G ...
  -11.0625  -11.3174   27.2336
    0.6660   -0.6911    0.2808
    0.3382    0.6152    0.7121
   -0.6649   -0.3794    0.6435
...    12 A-T ...
  -13.0013  -13.1789   29.0658
    0.7188   -0.1490    0.6790
   -0.1787    0.9043    0.3876
   -0.6718   -0.4000    0.6235
...    13 C-G ...
  -14.1788  -15.9359   31.3399
    0.4052    0.2865    0.8682
   -0.5270    0.8492   -0.0343
   -0.7470   -0.4437    0.4951
...    14 A-T ...
  -15.9532  -18.1566   33.3080
   -0.1503    0.6873    0.7107
   -0.6106    0.5008   -0.6135
   -0.7776   -0.5261    0.3444
...    15 A-T ...
  -18.3895  -19.8963   34.5888
   -0.4946    0.8440    0.2076
   -0.4031   -0.0111   -0.9151
   -0.7700   -0.5363    0.3457
...    16 T-A ...
  -20.7072  -21.5741   36.4505
   -0.6748    0.6683   -0.3130
   -0.0497   -0.4643   -0.8843
   -0.7363   -0.5812    0.3465
...    17 T-A ...
  -23.0995  -23.2751   37.9247
   -0.6077    0.2268   -0.7611
    0.3823   -0.7565   -0.5307
   -0.6961   -0.6134    0.3730
...    18 T-A ...
  -25.4588  -25.1014   39.2742
   -0.2737   -0.2564   -0.9270
    0.6740   -0.7387    0.0053
   -0.6861   -0.6234    0.3750
...    19 A-T ...
  -27.5076  -27.4486   40.6192
    0.2329   -0.6329   -0.7384
    0.7038   -0.4143    0.5771
   -0.6712   -0.6540    0.3490
...    20 T-A ...
  -30.1045  -29.3978   41.2563
    0.5755   -0.7509   -0.3240
    0.4796   -0.0111    0.8774
   -0.6625   -0.6603    0.3537
...    21 T-A ...
  -32.3159  -31.6178   42.1628
    0.7540   -0.6101    0.2434
    0.0435    0.4161    0.9083
   -0.6555   -0.6742    0.3403
...    22 C-G ...
  -34.3544  -33.9158   43.3420
    0.6535   -0.2173    0.7250
   -0.4325    0.6789    0.5934
   -0.6212   -0.7014    0.3497
...    23 G-C ...
  -36.4288  -35.8962   45.1903
    0.3769    0.2971    0.8773
   -0.7721    0.6240    0.1204
   -0.5117   -0.7228    0.4646
...    24 C-G ...
  -37.7515  -38.4491   46.7912
   -0.0654    0.6190    0.7827
   -0.8578    0.3658   -0.3609
   -0.5097   -0.6950    0.5071
...    25 A-T ...
  -39.9444  -40.6626   48.1104
   -0.5676    0.7286    0.3833
   -0.6387   -0.0960   -0.7634
   -0.5194   -0.6782    0.5199
...    26 A-T ...
  -41.5830  -42.8144   49.9961
   -0.8474    0.5144   -0.1318
   -0.1741   -0.5036   -0.8462
   -0.5016   -0.6941    0.5163
...    27 A-T ...
  -43.1363  -44.9334   51.9558
   -0.7981    0.0886   -0.5959
    0.3837   -0.6879   -0.6161
   -0.4645   -0.7204    0.5150
...    28 G-C ...
  -45.0161  -47.0575   53.8232
   -0.4266   -0.2673   -0.8641
    0.7569   -0.6285   -0.1793
   -0.4952   -0.7304    0.4704
...    29 G-C ...
  -46.9918  -49.4696   55.3433
    0.1408   -0.5198   -0.8426
    0.8611   -0.3557    0.3633
   -0.4885   -0.7768    0.3975
...    30 C-G ...
  -48.8605  -51.9950   56.3263
    0.6343   -0.5780   -0.5135
    0.6205   -0.0156    0.7840
   -0.4612   -0.8159    0.3488
...    31 C-G ...
  -50.4634  -54.7639   57.2904
    0.9093   -0.4161   -0.0055
    0.1353    0.2830    0.9495
   -0.3935   -0.8642    0.3136
...    32 G-C ...
  -51.3945  -57.4384   58.6519
    0.8762   -0.1105    0.4692
   -0.3903    0.4086    0.8251
   -0.2829   -0.9060    0.3149
...    33 G-C ...
  -51.8236  -60.5762   59.8625
    0.5135    0.1849    0.8379
   -0.8299    0.3554    0.4301
   -0.2183   -0.9162    0.3360
...    34 C-G ...
  -52.1412  -63.6295   61.0846
   -0.0516    0.3817    0.9229
   -0.9797    0.1600   -0.1210
   -0.1938   -0.9103    0.3657
...    35 C-G ...
  -52.6392  -66.5953   62.7398
   -0.6115    0.4201    0.6705
   -0.7687   -0.1149   -0.6292
   -0.1873   -0.9002    0.3932
...    36 C-G ...
  -53.1620  -69.5630   64.3823
   -0.9384    0.3067    0.1592
   -0.2692   -0.3599   -0.8933
   -0.2167   -0.8812    0.4203
...    37 G-C ...
  -53.5979  -73.0426   64.8028
   -0.9007    0.0950   -0.4240
    0.3426   -0.4447   -0.8275
   -0.2672   -0.8906    0.3680
...    38 A-T ...
  -54.3131  -75.8593   66.0934
   -0.5154   -0.1765   -0.8386
    0.8192   -0.3887   -0.4217
   -0.2515   -0.9043    0.3449
...    39 C-G ...
  -55.5821  -78.6186   67.1029
    0.0150   -0.3000   -0.9538
    0.9648   -0.2462    0.0926
   -0.2626   -0.9216    0.2857
...    40 A-T ...
  -56.4186  -81.8072   67.8960
    0.6090   -0.2934   -0.7369
    0.7609   -0.0461    0.6472
   -0.2238   -0.9549    0.1952
...    41 C-G ...
  -57.1933  -85.0173   67.9475
    0.9324   -0.2148   -0.2905
    0.3152    0.0908    0.9447
   -0.1766   -0.9724    0.1524
...    42 G-C ...
  -57.5180  -88.2331   68.8936
    0.9394   -0.0562    0.3382
   -0.3287    0.1322    0.9351
   -0.0972   -0.9896    0.1057
...    43 A-T ...
  -57.7651  -91.4213   69.1919
    0.5474    0.0250    0.8365
   -0.8313    0.1318    0.5400
   -0.0968   -0.9910    0.0929
...    44 C-G ...
  -57.4664  -94.7375   69.3470
    0.0019    0.1145    0.9934
   -0.9971    0.0755   -0.0068
   -0.0758   -0.9905    0.1143
...    45 T-A ...
  -57.0484  -98.2964   70.0227
   -0.5847    0.1398    0.7991
   -0.8074   -0.0044   -0.5900
   -0.0790   -0.9902    0.1155
...    46 T-A ...
  -57.0461 -101.5010   70.5354
   -0.9415    0.0750    0.3285
   -0.3319   -0.0387   -0.9425
   -0.0580   -0.9964    0.0613
...    47 A-T ...
  -57.1421 -104.9103   70.3117
   -0.9232    0.0178   -0.3840
    0.3825   -0.0560   -0.9222
   -0.0379   -0.9983    0.0448
...    48 C-G ...
  -57.6014 -108.1215   71.0318
   -0.5650    0.0279   -0.8246
    0.8229   -0.0538   -0.5656
   -0.0601   -0.9982    0.0074
...    49 T-A ...
  -58.1937 -111.4608   71.0402
   -0.0110    0.0878   -0.9961
    0.9967   -0.0786   -0.0179
   -0.0798   -0.9930   -0.0866
...    50 G-C ...
  -58.3541 -114.8230   70.4244
    0.5737    0.1899   -0.7967
    0.8187   -0.1619    0.5509
   -0.0243   -0.9684   -0.2483
...    51 T-A ...
  -58.6727 -117.7594   69.1674
    0.9172    0.1336   -0.3753
    0.3980   -0.2652    0.8782
    0.0179   -0.9549   -0.2964
...    52 A-T ...
  -58.3493 -121.0699   68.4760
    0.9602   -0.0182    0.2786
   -0.2673   -0.3487    0.8983
    0.0808   -0.9371   -0.3397
...    53 G-C ...
  -57.8829 -124.0473   67.2267
    0.6555   -0.1493    0.7403
   -0.7385   -0.3315    0.5871
    0.1578   -0.9316   -0.3275
...    54 G-C ...
  -56.5254 -127.1794   65.9952
    0.0896   -0.2779    0.9564
   -0.9755   -0.2182    0.0279
    0.2009   -0.9355   -0.2907
...    55 T-A ...
  -55.3928 -130.2148   65.2372
   -0.4508   -0.3795    0.8079
   -0.8664   -0.0315   -0.4983
    0.2145   -0.9247   -0.3146
...    56 A-T ...
  -54.4507 -133.3470   64.3101
   -0.8952   -0.3222    0.3079
   -0.3898    0.2312   -0.8914
    0.2161   -0.9180   -0.3326
...    57 T-A ...
  -53.5778 -136.5030   63.8951
   -0.9564   -0.1696   -0.2377
    0.1555    0.3933   -0.9062
    0.2472   -0.9036   -0.3497
...    58 C-G ...
  -52.9284 -139.6849   62.8384
   -0.6373    0.1446   -0.7569
    0.7310    0.4244   -0.5343
    0.2440   -0.8938   -0.3762
...    59 T-A ...
  -52.4225 -142.6997   61.4702
   -0.1519    0.4296   -0.8902
    0.9636    0.2648   -0.0366
    0.2200   -0.8633   -0.4542
...    60 C-G ...
  -51.7049 -145.6552   60.1306
    0.4460    0.5532   -0.7036
    0.8569   -0.0367    0.5142
    0.2586   -0.8322   -0.4904
...    61 T-A ...
  -50.8354 -148.1901   58.1922
    0.8184    0.5142   -0.2567
    0.4831   -0.3737    0.7918
    0.3112   -0.7720   -0.5542
...    62 C-G ...
  -49.1617 -150.4256   56.4301
    0.9201    0.2423    0.3079
   -0.0664   -0.6780    0.7320
    0.3861   -0.6940   -0.6077
...    63 A-T ...
  -47.8129 -152.6742   54.2770
    0.6789   -0.1216    0.7241
   -0.5303   -0.7633    0.3690
    0.5079   -0.6345   -0.5827
...    64 T-A ...
  -45.7474 -154.3998   52.3549
    0.2854   -0.5066    0.8136
   -0.8033   -0.5894   -0.0852
    0.5227   -0.6293   -0.5751
...    65 G-C ...
  -43.8976 -156.4488   50.3661
   -0.3003   -0.7791    0.5502
   -0.7970   -0.1120   -0.5936
    0.5241   -0.6168   -0.5873
...    66 T-A ...
  -41.6782 -158.5137   48.7112
   -0.6880   -0.7233    0.0594
   -0.4808    0.3929   -0.7839
    0.5436   -0.5679   -0.6181
...    67 T-A ...
  -39.7289 -160.3711   46.8812
   -0.8135   -0.3452   -0.4680
    0.0295    0.7793   -0.6260
    0.5808   -0.5230   -0.6238
...    68 A-T ...
  -37.4820 -161.8069   44.6422
   -0.5556    0.2763   -0.7842
    0.5513    0.8285   -0.0987
    0.6224   -0.4871   -0.6127
...    69 T-A ...
  -35.9370 -163.8728   42.5949
   -0.1852    0.6883   -0.7014
    0.7543    0.5570    0.3475
    0.6298   -0.4647   -0.6224
...    70 A-T ...
  -33.5209 -165.2942   40.6605
    0.2945    0.9158   -0.2731
    0.7106   -0.0187    0.7034
    0.6390   -0.4012   -0.6562
...    71 A-T ...
  -31.5596 -166.3717   38.4009
    0.6178    0.7532    0.2259
    0.4321   -0.5652    0.7027
    0.6570   -0.3365   -0.6746
...    72 C-G ...
  -29.4191 -166.8717   35.7989
    0.7424    0.2960    0.6011
    0.0174   -0.9053    0.4244
    0.6698   -0.3046   -0.6772
...    73 G-C ...
  -27.0087 -168.0778   33.8532
    0.5870   -0.3463    0.7318
   -0.3930   -0.9122   -0.1165
    0.7078   -0.2192   -0.6715
...    74 G-C ...
  -24.4022 -168.9559   31.9907
    0.2144   -0.7850    0.5812
   -0.6059   -0.5736   -0.5512
    0.7661   -0.2340   -0.5986
...    75 A-T ...
  -21.9016 -169.8918   29.9733
   -0.1951   -0.9789    0.0600
   -0.5965    0.0699   -0.7996
    0.7785   -0.1918   -0.5976
...    76 G-C ...
  -19.0705 -170.5161   28.1981
   -0.5227   -0.7478   -0.4093
   -0.3785    0.6338   -0.6746
    0.7639   -0.1977   -0.6143
...    77 A-T ...
  -16.4801 -170.9851   26.1525
   -0.6365   -0.1820   -0.7495
    0.0119    0.9693   -0.2455
    0.7712   -0.1652   -0.6148
...    78 G-C ...
  -13.9091 -171.5069   24.1022
   -0.5589    0.4154   -0.7177
    0.3429    0.9038    0.2562
    0.7550   -0.1029   -0.6476
...    79 C-G ...
  -11.5679 -172.2201   21.6879
   -0.2860    0.8779   -0.3840
    0.6037    0.4763    0.6393
    0.7441   -0.0490   -0.6662
...    80 T-A ...
   -9.2270 -172.3609   19.2951
    0.0220    0.9941    0.1066
    0.6843   -0.0927    0.7233
    0.7289    0.0570   -0.6823
...    81 C-G ...
   -6.6337 -171.9355   17.2864
    0.3988    0.7282    0.5573
    0.5942   -0.6681    0.4478
    0.6985    0.1525   -0.6992
...    82 G-C ...
   -3.5082 -171.8870   15.5795
    0.6408    0.1730    0.7480
    0.3080   -0.9504   -0.0441
    0.7032    0.2586   -0.6623
...    83 G-C ...
   -0.9046 -170.6372   13.6499
    0.6699   -0.4445    0.5946
   -0.1005   -0.8479   -0.5206
    0.7356    0.2890   -0.6127
...    84 G-C ...
    1.8744 -169.7129   11.9515
    0.4407   -0.8736    0.2064
   -0.4232   -0.4050   -0.8105
    0.7916    0.2699   -0.5482
...    85 A-T ...
    4.7343 -168.6094   10.3837
    0.1079   -0.9086   -0.4035
   -0.6171    0.2570   -0.7437
    0.7794    0.3293   -0.5330
...    86 T-A ...
    7.6552 -167.7969    9.0157
   -0.2419   -0.6104   -0.7542
   -0.5826    0.7130   -0.3902
    0.7759    0.3450   -0.5281
...    87 C-G ...
   10.4446 -166.8258    7.3018
   -0.5409   -0.0012   -0.8411
   -0.3219    0.9242    0.2057
    0.7770    0.3820   -0.5003
...    88 C-G ...
   13.2401 -165.5722    5.9778
   -0.7335    0.4533   -0.5065
    0.0095    0.7520    0.6591
    0.6796    0.4787   -0.5559
...    89 G-C ...
   15.5103 -163.5538    4.4625
   -0.6843    0.7268    0.0595
    0.4424    0.3490    0.8261
    0.5797    0.5916   -0.5603
...    90 C-G ...
   17.1921 -161.5912    2.1569
   -0.3211    0.7684    0.5536
    0.7557   -0.1445    0.6388
    0.5709    0.6234   -0.5343
...    91 T-A ...
   18.7452 -159.0522    0.3141
    0.1574    0.5009    0.8511
    0.8313   -0.5324    0.1596
    0.5331    0.6824   -0.5002
...    92 T-A ...
   20.2809 -156.5870   -1.1997
    0.6315    0.0852    0.7706
    0.5842   -0.7057   -0.4008
    0.5097    0.7034   -0.4955
...    93 T-A ...
   21.8893 -154.1109   -2.6356
    0.8669   -0.3355    0.3688
    0.0997   -0.6081   -0.7876
    0.4885    0.7195   -0.4937
...    94 A-T ...
   23.2370 -152.1607   -5.1235
    0.7852   -0.5294   -0.3212
   -0.5075   -0.2529   -0.8237
    0.3549    0.8098   -0.4672
...    95 A-T ...
   24.4826 -149.4235   -6.4410
    0.3229   -0.4828   -0.8140
   -0.9015    0.1051   -0.4199
    0.2883    0.8694   -0.4013
...    96 C-G ...
   25.9716 -146.5431   -7.6375
   -0.2587   -0.2765   -0.9255
   -0.9246    0.3481    0.1545
    0.2795    0.8957   -0.3457
...    97 A-T ...
   26.8494 -143.4595   -8.6600
   -0.7926   -0.0191   -0.6094
   -0.5666    0.3922    0.7247
    0.2252    0.9197   -0.3217
...    98 C-G ...
   27.7610 -140.6618  -10.3073
   -0.9790    0.1703   -0.1119
   -0.0536    0.3148    0.9476
    0.1966    0.9337   -0.2991
...    99 T-A ...
   28.1958 -137.4570  -11.7636
   -0.8364    0.2001    0.5103
    0.5400    0.1405    0.8299
    0.0944    0.9696   -0.2256
...   100 T-A ...
   28.1712 -134.3173  -12.5852
   -0.3756    0.1944    0.9062
    0.9240    0.0031    0.3823
    0.0715    0.9809   -0.1808
...   101 T-A ...
   28.3363 -131.1095  -12.9814
    0.2092    0.0691    0.9754
    0.9760   -0.0765   -0.2039
    0.0605    0.9947   -0.0834
...   102 A-T ...
   28.8158 -127.7539  -13.1479
    0.7704   -0.0460    0.6359
    0.6342   -0.0467   -0.7717
    0.0652    0.9979   -0.0068
...   103 T-A ...
   28.6512 -124.5771  -12.4668
    0.9803   -0.0918    0.1751
    0.1784    0.0286   -0.9835
    0.0853    0.9954    0.0444
...   104 G-C ...
   29.1393 -121.3215  -12.0865
    0.8730   -0.1352   -0.4687
   -0.4549    0.1209   -0.8823
    0.1760    0.9834    0.0441
...   105 C-G ...
   30.0262 -118.0609  -11.7242
    0.4430   -0.0192   -0.8963
   -0.8802    0.1806   -0.4389
    0.1703    0.9834    0.0631
...   106 T-A ...
   31.0653 -114.7340  -11.5324
   -0.1708    0.1041   -0.9798
   -0.9662    0.1771    0.1873
    0.1931    0.9787    0.0703
...   107 T-A ...
   31.8756 -111.6128  -11.3508
   -0.7026    0.1883   -0.6862
   -0.6897    0.0572    0.7218
    0.1752    0.9804    0.0897
...   108 C-G ...
   32.5886 -108.3058  -11.1748
   -0.9857    0.1429   -0.0894
   -0.1043   -0.1003    0.9895
    0.1324    0.9846    0.1137
...   109 C-G ...
   33.3780 -105.1038  -10.7868
   -0.8946   -0.0950    0.4366
    0.4469   -0.1869    0.8749
   -0.0016    0.9778    0.2096
...   110 G-C ...
   33.5315 -102.1155   -9.7512
   -0.5098   -0.3355    0.7922
    0.8541   -0.0871    0.5128
   -0.1030    0.9380    0.3309
...   111 G-C ...
   32.9235  -99.1673   -8.3373
    0.0725   -0.4265    0.9016
    0.9878    0.1559   -0.0057
   -0.1382    0.8909    0.4326
...   112 C-G ...
   32.0575  -96.5932   -6.3411
    0.6331   -0.3056    0.7111
    0.7614    0.4113   -0.5011
   -0.1393    0.8587    0.4931
...   113 T-A ...
   31.5665  -93.8840   -4.4833
    0.9549   -0.0556    0.2916
    0.2708    0.5655   -0.7790
   -0.1215    0.8229    0.5550
...   114 C-G ...
   31.5171  -91.0230   -2.8436
    0.9154    0.3145   -0.2513
   -0.3907    0.5437   -0.7428
   -0.0970    0.7781    0.6206
...   115 G-C ...
   30.9611  -88.2357   -1.1159
    0.4709    0.5816   -0.6633
   -0.8798    0.2549   -0.4011
   -0.0642    0.7725    0.6318
...   116 T-A ...
   31.5176  -85.5428    0.9587
   -0.1149    0.6122   -0.7823
   -0.9907   -0.1284    0.0450
   -0.0729    0.7802    0.6212
...   117 A-T ...
   31.5015  -82.8884    3.0909
   -0.7184    0.3886   -0.5770
   -0.6899   -0.5048    0.5189
   -0.0897    0.7708    0.6307
...   118 T-A ...
   31.5771  -80.0158    4.7205
   -0.9771    0.0690   -0.2014
   -0.1968   -0.6540    0.7305
   -0.0813    0.7534    0.6525
...   119 A-T ...
   31.4661  -77.7170    7.3106
   -0.8540   -0.3925    0.3416
    0.5153   -0.5470    0.6597
   -0.0721    0.7394    0.6694
...   120 A-T ...
   31.0378  -75.2492    9.3917
   -0.3852   -0.6917    0.6109
    0.9160   -0.2063    0.3439
   -0.1118    0.6921    0.7131
...   121 T-A ...
   30.0847  -73.0350   11.6743
    0.1693   -0.7085    0.6851
    0.9783    0.2053   -0.0294
   -0.1198    0.6752    0.7278
...   122 G-C ...
   29.7170  -70.8451   14.3674
    0.7542   -0.4893    0.4378
    0.6522    0.6357   -0.4130
   -0.0762    0.5971    0.7986
...   123 T-A ...
   29.4055  -69.3818   17.3208
    0.9870   -0.0742    0.1425
    0.1424    0.8143   -0.5627
   -0.0743    0.5757    0.8143
...   124 G-C ...
   29.2278  -67.4687   20.1286
    0.8594    0.4373   -0.2649
   -0.5106    0.7071   -0.4892
   -0.0266    0.5557    0.8310
...   125 T-A ...
   29.4817  -66.0206   23.0267
    0.4416    0.7410   -0.5058
   -0.8972    0.3603   -0.2555
   -0.0071    0.5667    0.8239
...   126 C-G ...
   29.5298  -64.1884   25.6616
   -0.1982    0.8165   -0.5423
   -0.9802   -0.1657    0.1088
   -0.0011    0.5531    0.8331
...   127 G-C ...
   28.8249  -62.6512   28.6157
   -0.7381    0.5153   -0.4356
   -0.6722   -0.6179    0.4079
   -0.0590    0.5939    0.8024
...   128 A-T ...
   28.7985  -60.8109   31.2232
   -0.9941    0.0343   -0.1030
   -0.0869   -0.8201    0.5656
   -0.0651    0.5712    0.8182
...   129 C-G ...
   28.4892  -58.3711   33.4370
   -0.8754   -0.4457    0.1871
    0.4722   -0.7054    0.5286
   -0.1036    0.5511    0.8280
...   130 C-G ...
   27.6425  -56.4527   36.1322
   -0.4545   -0.8174    0.3540
    0.8715   -0.3259    0.3664
   -0.1841    0.4751    0.8605
...   131 A-T ...
   27.7799  -55.0921   39.2960
    0.1860   -0.8902    0.4159
    0.9634    0.2484    0.1009
   -0.1931    0.3819    0.9038
...   132 A-T ...
   27.0887  -54.0126   42.3243
    0.7250   -0.5739    0.3808
    0.6608    0.7355   -0.1495
   -0.1943    0.3601    0.9125
...   133 A-T ...
   26.2538  -53.1588   45.3913
    0.9679   -0.0005    0.2514
    0.0919    0.9315   -0.3520
   -0.2340    0.3638    0.9016
...   134 T-A ...
   25.6307  -52.5797   48.6350
    0.8597    0.5096    0.0340
   -0.4497    0.7867   -0.4230
   -0.2423    0.3484    0.9055
...   135 G-C ...
   25.2858  -52.4981   52.0751
    0.3205    0.9427   -0.0927
   -0.8825    0.2616   -0.3908
   -0.3442    0.2071    0.9158
...   136 T-A ...
   25.5355  -52.9668   55.8003
   -0.2443    0.9563   -0.1608
   -0.8908   -0.2868   -0.3525
   -0.3832    0.0571    0.9219
...   137 G-C ...
   24.9037  -52.7260   58.9822
   -0.7529    0.5562   -0.3519
   -0.5214   -0.8303   -0.1968
   -0.4017    0.0354    0.9151
...   138 A-T ...
   24.0249  -51.6261   61.9212
   -0.9563    0.0400   -0.2896
   -0.0523   -0.9980    0.0347
   -0.2877    0.0483    0.9565
...   139 G-C ...
   22.3574  -51.2300   64.4910
   -0.8529   -0.5117   -0.1032
    0.4973   -0.8566    0.1372
   -0.1586    0.0657    0.9852
...   140 C-G ...
   22.1608  -50.1386   67.4619
   -0.4681   -0.8749    0.1247
    0.8495   -0.4066    0.3363
   -0.2435    0.2633    0.9335
...   141 G-C ...
   21.4366  -51.8164   72.7857
    0.1304   -0.7141   -0.6877
    0.8897   -0.2218    0.3990
   -0.4375   -0.6639    0.6065
...   142 C-G ...
   20.4354  -54.2995   74.5396
    0.5847   -0.7390   -0.3347
    0.7593    0.3532    0.5466
   -0.2857   -0.5737    0.7676
...   143 T-A ...
   18.4377  -55.5191   76.5274
    0.8548   -0.5006    0.1370
    0.3188    0.7147    0.6225
   -0.4096   -0.4884    0.7705
...   144 C-G ...
   16.8484  -57.7127   78.2649
    0.8529   -0.0846    0.5152
   -0.1509    0.9047    0.3983
   -0.4998   -0.4175    0.7589
...   145 A-T ...
   15.7932  -59.5518   80.7964
    0.5515    0.4995    0.6681
   -0.6739    0.7388    0.0040
   -0.4915   -0.4525    0.7441
...   146 C-G ...
   15.7410  -61.4839   83.9297
    0.0342    0.7400    0.6718
   -0.8637    0.3601   -0.3527
   -0.5029   -0.5681    0.6514
...   147 A-T ...
   14.7481  -63.4171   86.8166
   -0.5923    0.6746    0.4405
   -0.6886   -0.1400   -0.7115
   -0.4183   -0.7247    0.5475
