  147 base-pairs
...     1 T-A ...
    0.0000    0.0000    0.0000
    1.0000    0.0000    0.0000
    0.0000    1.0000    0.0000
    0.0000    0.0000    1.0000
...     2 G-C ...
   -0.5555   -1.1003    3.3981
    0.7749    0.6051    0.1828
   -0.5991    0.7953   -0.0929
   -0.2016   -0.0375    0.9787
...     3 T-A ...
   -0.6619   -3.0237    6.5348
    0.3046    0.9250    0.2271
   -0.8994    0.3578   -0.2510
   -0.3134   -0.1278    0.9410
...     4 G-C ...
   -1.1607   -3.8418    9.6940
   -0.3351    0.9421    0.0133
   -0.8752   -0.3061   -0.3746
   -0.3489   -0.1372    0.9271
...     5 A-T ...
   -1.3881   -3.6770   12.8999
   -0.7835    0.6162   -0.0801
   -0.5677   -0.7622   -0.3109
   -0.2527   -0.1981    0.9470
...     6 G-C ...
   -2.6236   -3.5448   15.7072
   -0.9923    0.0611   -0.1075
   -0.0294   -0.9610   -0.2748
   -0.1201   -0.2695    0.9555
...     7 C-G ...
   -2.3138   -3.7570   18.8866
   -0.8620   -0.4995   -0.0864
    0.5008   -0.8655    0.0073
   -0.0785   -0.0370    0.9962
...     8 G-C ...
   -3.9561   -6.8109   23.3205
   -0.2581   -0.3560   -0.8981
    0.6294   -0.7673    0.1233
   -0.7330   -0.5335    0.4221
...     9 C-G ...
   -6.1177   -8.9414   24.2385
    0.1143   -0.7320   -0.6716
    0.8123   -0.3203    0.4874
   -0.5720   -0.6013    0.5580
...    10 T-A ...
   -8.5041   -9.6771   26.0540
    0.4660   -0.8587   -0.2131
    0.6274    0.1508    0.7640
   -0.6239   -0.4897    0.6090
...    11 C-G ...
  -11.0625  -11.3174   27.2336
    0.6660   -0.6911    0.2808
    0.3382    0.6152    0.7121
   -0.6649   -0.3794    0.6435
...    12 A-T ...
  -13.0013  -13.1789   29.0658
    0.7188   -0.1490    0.6790
   -0.1787    0.9043    0.3876
   -0.6718   -0.4000    0.6235
...    13 C-G ...
  -14.1788  -15.9359   31.3399
    0.4052    0.2865    0.8682
   -0.5270    0.8492   -0.0343
   -0.7470   -0.4437    0.4951
...    14 A-T ...
  -15.9532  -18.1566   33.3080
   -0.1503    0.6873    0.7107
   -0.6106    0.5008   -0.6135
   -0.7776   -0.5261    0.3444
...    15 A-T ...
  -18.3893  -19.9187   34.5499
   -0.5007    0.8416    0.2026
   -0.3890   -0.0097   -0.9212
   -0.7733   -0.5400    0.3322
...    16 T-A ...
  -20.7310  -21.6198   36.3584
   -0.6705    0.6662   -0.3264
   -0.0278   -0.4623   -0.8863
   -0.7414   -0.5852    0.3285
...    17 T-A ...
  -23.1565  -23.3475   37.7527
   -0.5840    0.2285   -0.7789
    0.4013   -0.7529   -0.5217
   -0.7056   -0.6172    0.3480
...    18 T-A ...
  -25.5416  -25.2314   38.9656
   -0.2266   -0.2417   -0.9435
    0.6724   -0.7396    0.0280
   -0.7046   -0.6281    0.3301
...    19 A-T ...
  -27.6600  -27.6143   40.1423
    0.2817   -0.6202   -0.7321
    0.6635   -0.4253    0.6156
   -0.6931   -0.6591    0.2917
...    20 T-A ...
  -30.2874  -29.5815   40.5538
    0.5998   -0.7449   -0.2921
    0.4112   -0.0263    0.9112
   -0.6864   -0.6667    0.2905
...    21 T-A ...
  -32.5457  -31.8264   41.2500
    0.7232   -0.6174    0.3093
   -0.0447    0.4051    0.9132
   -0.6891   -0.6743    0.2654
...    22 C-G ...
  -34.6995  -34.1354   42.2012
    0.5628   -0.2299    0.7940
   -0.4946    0.6759    0.5464
   -0.6623   -0.7002    0.2667
...    23 G-C ...
  -36.9951  -36.1070   43.7561
    0.2615    0.2769    0.9246
   -0.7756    0.6305    0.0305
   -0.5745   -0.7251    0.3797
...    24 C-G ...
  -38.5471  -38.6849   45.1078
   -0.1659    0.6054    0.7785
   -0.7973    0.3823   -0.4671
   -0.5804   -0.6981    0.4192
...    25 A-T ...
  -40.9310  -40.9630   45.9345
   -0.6223    0.7206    0.3057
   -0.5083   -0.0749   -0.8579
   -0.5954   -0.6892    0.4129
...    26 A-T ...
  -42.8378  -43.1867   47.4458
   -0.8134    0.5197   -0.2612
   -0.0267   -0.4820   -0.8758
   -0.5810   -0.7054    0.4059
...    27 A-T ...
  -44.7010  -45.3679   49.0346
   -0.6770    0.1096   -0.7277
    0.4879   -0.6735   -0.5553
   -0.5510   -0.7310    0.4026
...    28 G-C ...
  -46.8973  -47.5345   50.4602
   -0.2545   -0.2363   -0.9377
    0.7755   -0.6292   -0.0519
   -0.5778   -0.7404    0.3434
...    29 G-C ...
  -49.1536  -49.9908   51.4393
    0.3068   -0.4913   -0.8152
    0.7680   -0.3782    0.5169
   -0.5622   -0.7846    0.2613
...    30 C-G ...
  -51.1480  -52.5858   51.8565
    0.7258   -0.5688   -0.3869
    0.4349   -0.0563    0.8987
   -0.5329   -0.8206    0.2064
...    31 C-G ...
  -52.8781  -55.4116   52.3230
    0.8804   -0.4354    0.1880
   -0.0894    0.2370    0.9674
   -0.4657   -0.8685    0.1697
...    32 G-C ...
  -54.1106  -58.1433   53.3327
    0.7256   -0.1589    0.6695
   -0.5822    0.3768    0.7204
   -0.3668   -0.9125    0.1809
...    33 G-C ...
  -54.9118  -61.3369   54.2105
    0.2709    0.1195    0.9552
   -0.9086    0.3594    0.2127
   -0.3179   -0.9255    0.2059
...    34 C-G ...
  -55.6509  -64.4571   55.0403
   -0.3057    0.3269    0.8943
   -0.9005    0.2059   -0.3831
   -0.3093   -0.9224    0.2314
...    35 C-G ...
  -56.6713  -67.5195   56.2055
   -0.7765    0.3995    0.4873
   -0.5445   -0.0363   -0.8380
   -0.3171   -0.9160    0.2457
...    36 C-G ...
  -57.6784  -70.6143   57.3607
   -0.9331    0.3393   -0.1192
    0.0224   -0.2760   -0.9609
   -0.3589   -0.8993    0.2500
...    37 G-C ...
  -58.2394  -74.1252   57.3045
   -0.7070    0.1758   -0.6851
    0.5894   -0.3890   -0.7080
   -0.3909   -0.9043    0.1714
...    38 A-T ...
  -59.3993  -77.0095   58.0005
   -0.2045   -0.0766   -0.9759
    0.9053   -0.3939   -0.1588
   -0.3722   -0.9160    0.1499
...    39 C-G ...
  -60.9756  -79.7739   58.2271
    0.3393   -0.2144   -0.9159
    0.8662   -0.3084    0.3931
   -0.3668   -0.9268    0.0811
...    40 A-T ...
  -62.0643  -83.0085   58.3178
    0.8269   -0.2663   -0.4953
    0.4715   -0.1515    0.8687
   -0.3064   -0.9519    0.0003
...    41 C-G ...
  -62.8876  -86.1731   57.7413
    0.9649   -0.2566    0.0555
   -0.0613   -0.0148    0.9980
   -0.2552   -0.9664   -0.0300
...    42 G-C ...
  -63.6415  -89.4360   58.1322
    0.7234   -0.1714    0.6688
   -0.6676    0.0732    0.7409
   -0.1760   -0.9825   -0.0615
...    43 A-T ...
  -64.1340  -92.6151   57.9159
    0.1583   -0.1081    0.9815
   -0.9721    0.1571    0.1741
   -0.1730   -0.9816   -0.0803
...    44 C-G ...
  -64.1085  -95.9533   57.7456
   -0.4096    0.0111    0.9122
   -0.8971    0.1763   -0.4050
   -0.1654   -0.9843   -0.0623
...    45 T-A ...
  -64.1877  -99.5884   57.9919
   -0.8646    0.1222    0.4874
   -0.4702    0.1454   -0.8705
   -0.1773   -0.9818   -0.0683
...    46 T-A ...
  -64.6447 -102.7844   57.9175
   -0.9808    0.1564   -0.1163
    0.1327    0.0984   -0.9863
   -0.1429   -0.9828   -0.1172
...    47 A-T ...
  -64.8294 -106.1187   57.1346
   -0.6339    0.1824   -0.7516
    0.7628   -0.0130   -0.6465
   -0.1277   -0.9831   -0.1308
...    48 C-G ...
  -65.8090 -109.2817   57.0506
   -0.1048    0.1987   -0.9744
    0.9849   -0.1152   -0.1294
   -0.1380   -0.9733   -0.1836
...    49 T-A ...
  -66.5936 -112.4818   56.2269
    0.4753    0.1931   -0.8584
    0.8720   -0.2332    0.4303
   -0.1171   -0.9531   -0.2792
...    50 G-C ...
  -66.7139 -115.7015   55.0546
    0.9068    0.1663   -0.3874
    0.4216   -0.3609    0.8319
   -0.0015   -0.9176   -0.3974
...    51 T-A ...
  -66.6283 -118.3987   53.3008
    0.9893   -0.0237    0.1442
   -0.1406   -0.4241    0.8947
    0.0399   -0.9053   -0.4228
...    52 A-T ...
  -66.8284 -121.8184   52.5221
    0.6267   -0.3463    0.6981
   -0.7781   -0.3270    0.5363
    0.0425   -0.8793   -0.4744
...    53 G-C ...
  -66.4556 -124.7056   51.0030
    0.0847   -0.4384    0.8948
   -0.9927   -0.1145    0.0378
    0.0859   -0.8915   -0.4449
...    54 G-C ...
  -65.4515 -127.9587   49.7604
   -0.5296   -0.3913    0.7526
   -0.8434    0.1478   -0.5166
    0.0909   -0.9083   -0.4083
...    55 T-A ...
  -64.8593 -131.0700   48.7477
   -0.9051   -0.2678    0.3304
   -0.4113    0.3537   -0.8401
    0.1081   -0.8962   -0.4303
...    56 A-T ...
  -64.3749 -134.1942   47.4600
   -0.9604    0.0339   -0.2766
    0.2600    0.4660   -0.8457
    0.1002   -0.8841   -0.4563
...    57 T-A ...
  -64.3524 -137.3321   46.5102
   -0.6581    0.2808   -0.6986
    0.7436    0.3877   -0.5447
    0.1179   -0.8780   -0.4640
...    58 C-G ...
  -64.1986 -140.3480   44.8584
   -0.0186    0.5045   -0.8632
    0.9934    0.1074    0.0413
    0.1135   -0.8567   -0.5031
...    59 T-A ...
  -63.9710 -143.0402   42.9025
    0.5271    0.5542   -0.6442
    0.8387   -0.2171    0.4995
    0.1370   -0.8036   -0.5792
...    60 C-G ...
  -63.1930 -145.6187   40.9742
    0.9207    0.3453   -0.1818
    0.3592   -0.5682    0.7403
    0.1523   -0.7469   -0.6472
...    61 G-C ...
  -62.1890 -148.4218   39.2596
    0.9205    0.0795    0.3826
   -0.2002   -0.7448    0.6365
    0.3356   -0.6625   -0.6697
...    62 A-T ...
  -60.7720 -150.6918   37.0695
    0.5903   -0.4162    0.6916
   -0.7206   -0.6577    0.2193
    0.3636   -0.6279   -0.6882
...    63 G-C ...
  -59.4330 -152.7787   34.8124
    0.0768   -0.7141    0.6959
   -0.9214   -0.3175   -0.2242
    0.3810   -0.6239   -0.6823
...    64 C-G ...
  -57.7527 -154.9500   32.6446
   -0.5063   -0.7646    0.3988
   -0.7674    0.1886   -0.6128
    0.3933   -0.6163   -0.6823
...    65 T-A ...
  -56.4172 -157.0275   30.3861
   -0.8458   -0.5319   -0.0424
   -0.3363    0.5931   -0.7315
    0.4142   -0.6044   -0.6805
...    66 C-G ...
  -54.7486 -158.9511   28.0510
   -0.8592   -0.0275   -0.5110
    0.2679    0.8266   -0.4949
    0.4360   -0.5621   -0.7028
...    67 G-C ...
  -52.7522 -159.9349   25.3273
   -0.5498    0.5009   -0.6684
    0.7229    0.6863   -0.0803
    0.4185   -0.5274   -0.7394
...    68 G-C ...
  -51.2570 -161.8151   22.9328
   -0.0482    0.8606   -0.5070
    0.8841    0.2730    0.3793
    0.4648   -0.4299   -0.7740
...    69 G-C ...
  -49.8738 -163.1590   20.1650
    0.3992    0.9110   -0.1034
    0.7711   -0.2726    0.5754
    0.4961   -0.3094   -0.8113
...    70 A-T ...
  -48.3197 -164.0137   17.3324
    0.7609    0.5692    0.3116
    0.3765   -0.7784    0.5024
    0.5285   -0.2649   -0.8065
...    71 T-A ...
  -46.6238 -164.2561   14.5165
    0.8248    0.0684    0.5613
   -0.0806   -0.9683    0.2365
    0.5596   -0.2403   -0.7931
...    72 C-G ...
  -44.5033 -164.7984   11.9227
    0.5919   -0.5532    0.5862
   -0.5614   -0.8048   -0.1927
    0.5784   -0.2151   -0.7869
...    73 C-G ...
  -42.2205 -165.6963    9.6291
    0.1427   -0.9008    0.4101
   -0.7641   -0.3636   -0.5329
    0.6291   -0.2373   -0.7402
...    74 G-C ...
  -40.4949 -166.6069    6.8989
   -0.3856   -0.9227    0.0036
   -0.6703    0.2774   -0.6883
    0.6341   -0.2678   -0.7254
...    75 C-G ...
  -38.0463 -167.7492    4.6904
   -0.7108   -0.5734   -0.4073
   -0.3167    0.7780   -0.5426
    0.6281   -0.2567   -0.7346
...    76 T-A ...
  -35.9084 -168.6486    2.2669
   -0.7703   -0.0276   -0.6371
    0.1344    0.9696   -0.2045
    0.6234   -0.2432   -0.7431
...    77 C-G ...
  -33.8492 -169.2728   -0.2166
   -0.5702    0.5683   -0.5932
    0.5491    0.8008    0.2394
    0.6110   -0.1892   -0.7687
...    78 A-T ...
  -31.1567 -169.7203   -2.3511
   -0.1982    0.9553   -0.2194
    0.7700    0.2902    0.5683
    0.6065   -0.0563   -0.7931
...    79 T-A ...
  -29.5551 -169.8032   -5.2041
    0.1865    0.9670    0.1735
    0.7692   -0.2537    0.5865
    0.6111    0.0241   -0.7912
...    80 G-C ...
  -27.2681 -169.4886   -7.8726
    0.5313    0.5858    0.6120
    0.5228   -0.7952    0.3071
    0.6666    0.1568   -0.7288
...    81 T-A ...
  -25.1823 -168.3201  -10.2803
    0.7230    0.0339    0.6900
    0.1567   -0.9808   -0.1160
    0.6728    0.1920   -0.7144
...    82 T-A ...
  -22.9813 -167.4803  -12.4794
    0.6855   -0.5541    0.4722
   -0.2827   -0.8003   -0.5287
    0.6709    0.2289   -0.7053
...    83 A-T ...
  -20.8388 -166.7829  -15.2158
    0.3382   -0.9303   -0.1419
   -0.7014   -0.1487   -0.6971
    0.6274    0.3353   -0.7028
...    84 T-A ...
  -18.2640 -165.7031  -17.0184
   -0.0557   -0.8448   -0.5322
   -0.7761    0.3720   -0.5092
    0.6281    0.3847   -0.6763
...    85 A-T ...
  -16.2304 -163.7836  -19.2661
   -0.5210   -0.2080   -0.8278
   -0.5203    0.8463    0.1148
    0.6767    0.4905   -0.5491
...    86 A-T ...
  -13.9010 -162.3033  -21.0000
   -0.6951    0.3831   -0.6083
   -0.1300    0.7653    0.6304
    0.7070    0.5173   -0.4822
...    87 C-G ...
  -11.4335 -161.0048  -22.9757
   -0.6485    0.7501   -0.1298
    0.2709    0.3867    0.8815
    0.7114    0.5365   -0.4540
...    88 G-C ...
   -9.0327 -159.0358  -24.0499
   -0.4696    0.7504    0.4652
    0.5868   -0.1284    0.7995
    0.6596    0.6484   -0.3800
...    89 G-C ...
   -7.0937 -156.5850  -25.0732
   -0.1585    0.4662    0.8704
    0.7814   -0.4796    0.3992
    0.6035    0.7434   -0.2882
...    90 A-T ...
   -5.2632 -153.9526  -25.9765
    0.3114    0.0387    0.9495
    0.7309   -0.6483   -0.2133
    0.6073    0.7604   -0.2302
...    91 T-A ...
   -3.7052 -151.0370  -26.2736
    0.6268   -0.3162    0.7121
    0.4790   -0.5644   -0.6723
    0.6145    0.7625   -0.2024
...    92 T-A ...
   -1.8597 -148.3447  -26.5907
    0.8157   -0.5557    0.1606
    0.0144   -0.2580   -0.9660
    0.5783    0.7903   -0.2025
...    93 T-A ...
    0.0764 -145.7020  -26.9259
    0.6938   -0.5572   -0.4564
   -0.4752    0.1221   -0.8714
    0.5412    0.8214   -0.1801
...    94 A-T ...
    1.0568 -142.6272  -28.0174
    0.3006   -0.1991   -0.9327
   -0.8351    0.4175   -0.3583
    0.4607    0.8866   -0.0408
...    95 A-T ...
    2.7124 -139.8125  -28.0036
   -0.2407    0.1685   -0.9559
   -0.8640    0.4115    0.2901
    0.4422    0.8957    0.0466
...    96 C-G ...
    4.6584 -136.9887  -28.0676
   -0.6832    0.3995   -0.6112
   -0.5784    0.2149    0.7869
    0.4457    0.8912    0.0843
...    97 A-T ...
    6.1480 -133.9988  -27.6781
   -0.9197    0.3927   -0.0059
   -0.0519   -0.1067    0.9929
    0.3893    0.9135    0.1185
...    98 C-G ...
    7.1787 -130.8109  -27.8658
   -0.8190    0.2405    0.5210
    0.4441   -0.3094    0.8409
    0.3634    0.9200    0.1466
...    99 T-A ...
    7.9961 -127.3657  -27.5432
   -0.4374   -0.0996    0.8937
    0.8452   -0.3848    0.3708
    0.3069    0.9176    0.2525
...   100 T-A ...
    8.6578 -124.3098  -26.6424
    0.1276   -0.3286    0.9358
    0.9453   -0.2452   -0.2150
    0.3001    0.9121    0.2793
...   101 T-A ...
    9.5570 -121.3817  -25.5601
    0.6310   -0.4536    0.6293
    0.7089    0.0077   -0.7053
    0.3151    0.8912    0.3264
...   102 A-T ...
   10.8283 -118.3519  -24.5712
    0.9409   -0.3379    0.0216
    0.1391    0.3276   -0.9345
    0.3087    0.8823    0.3552
...   103 T-A ...
   11.8474 -115.8480  -22.7239
    0.8837   -0.1484   -0.4440
   -0.3295    0.4767   -0.8150
    0.3326    0.8665    0.3724
...   104 G-C ...
   13.2104 -113.1123  -21.4440
    0.4660    0.1040   -0.8786
   -0.7885    0.4992   -0.3592
    0.4013    0.8602    0.3147
...   105 C-G ...
   14.8807 -110.3747  -20.4548
   -0.0736    0.3683   -0.9268
   -0.9178    0.3387    0.2074
    0.3903    0.8658    0.3131
...   106 T-A ...
   16.5828 -107.4774  -19.5854
   -0.6061    0.4825   -0.6323
   -0.6949    0.0655    0.7161
    0.3869    0.8735    0.2956
...   107 T-A ...
   17.9250 -104.6640  -18.7915
   -0.9059    0.4063   -0.1196
   -0.2286   -0.2313    0.9456
    0.3565    0.8840    0.3024
...   108 C-G ...
   19.0605 -101.6300  -17.9444
   -0.8830    0.1264    0.4521
    0.3603   -0.4349    0.8253
    0.3009    0.8916    0.3384
...   109 C-G ...
   20.1751  -98.6875  -16.9584
   -0.5923   -0.2599    0.7627
    0.7761   -0.4385    0.4532
    0.2166    0.8603    0.4614
...   110 G-C ...
   21.0405  -96.2299  -15.2006
   -0.1221   -0.5715    0.8115
    0.9801   -0.1983    0.0078
    0.1565    0.7963    0.5843
...   111 G-C ...
   21.3979  -93.8877  -12.8288
    0.4337   -0.6494    0.6246
    0.8893    0.1970   -0.4127
    0.1449    0.7345    0.6630
...   112 C-G ...
   21.7051  -91.9525  -10.0811
    0.8567   -0.4501    0.2520
    0.4907    0.5606   -0.6670
    0.1589    0.6951    0.7012
...   113 T-A ...
   22.2576  -89.8057   -7.6097
    0.9826   -0.0740   -0.1706
   -0.0585    0.7477   -0.6615
    0.1765    0.6600    0.7303
...   114 C-G ...
   22.9544  -87.4609   -5.3680
    0.7361    0.4111   -0.5377
   -0.6471    0.6605   -0.3808
    0.1986    0.6283    0.7522
...   115 G-C ...
   23.1954  -85.1460   -2.9906
    0.1753    0.7146   -0.6772
   -0.9625    0.2689    0.0346
    0.2069    0.6458    0.7349
...   116 T-A ...
   24.5637  -82.8302   -0.8791
   -0.4030    0.7216   -0.5629
   -0.8967   -0.1882    0.4008
    0.1832    0.6663    0.7228
...   117 A-T ...
   25.4327  -80.4406    1.4088
   -0.8762    0.4204   -0.2355
   -0.4623   -0.5952    0.6573
    0.1361    0.6848    0.7159
...   118 T-A ...
   26.0370  -77.7789    3.2310
   -0.9888    0.0447    0.1424
    0.0634   -0.7378    0.6720
    0.1351    0.6736    0.7267
...   119 A-T ...
   26.6095  -75.7560    5.9086
   -0.7323   -0.4605    0.5016
    0.6739   -0.5955    0.4373
    0.0974    0.6583    0.7464
...   120 A-T ...
   26.6668  -73.5556    8.2980
   -0.2153   -0.7633    0.6091
    0.9747   -0.2067    0.0856
    0.0606    0.6121    0.7884
...   121 T-A ...
   26.2341  -71.6105   10.9618
    0.3355   -0.7626    0.5531
    0.9408    0.2408   -0.2386
    0.0488    0.6004    0.7982
...   122 G-C ...
   26.4068  -69.7111   13.8427
    0.8408   -0.4924    0.2250
    0.5340    0.6860   -0.4942
    0.0890    0.5357    0.8397
...   123 T-A ...
   26.6538  -68.4488   16.9000
    0.9966   -0.0495   -0.0664
    0.0076    0.8531   -0.5218
    0.0824    0.5195    0.8505
...   124 G-C ...
   26.9648  -66.7451   19.8126
    0.7848    0.4775   -0.3952
   -0.6077    0.7180   -0.3393
    0.1217    0.5064    0.8536
...   125 T-A ...
   27.7267  -65.4667   22.7006
    0.3304    0.7778   -0.5347
   -0.9348    0.3480   -0.0714
    0.1306    0.5234    0.8420
...   126 C-G ...
   28.2025  -63.8047   25.4016
   -0.3012    0.8347   -0.4610
   -0.9449   -0.1962    0.2622
    0.1284    0.5146    0.8478
...   127 G-C ...
   27.9929  -62.3412   28.4389
   -0.7903    0.5084   -0.3420
   -0.6123   -0.6327    0.4741
    0.0246    0.5841    0.8113
...   128 A-T ...
   28.2328  -60.5361   31.0433
   -0.9997    0.0235   -0.0036
   -0.0214   -0.8264    0.5627
    0.0103    0.5627    0.8266
...   129 C-G ...
   28.1075  -58.1114   33.2762
   -0.8526   -0.4547    0.2577
    0.5212   -0.7038    0.4827
   -0.0382    0.5459    0.8370
...   130 C-G ...
   27.3687  -56.2244   36.0303
   -0.4284   -0.8214    0.3767
    0.8940   -0.3247    0.3088
   -0.1313    0.4690    0.8734
...   131 A-T ...
   27.5913  -54.9603   39.2061
    0.2016   -0.8959    0.3959
    0.9671    0.2461    0.0645
   -0.1552    0.3698    0.9160
...   132 A-T ...
   26.9923  -53.9567   42.2833
    0.7334   -0.5781    0.3577
    0.6587    0.7345   -0.1635
   -0.1682    0.3555    0.9194
...   133 A-T ...
   26.2220  -53.1248   45.3684
    0.9717   -0.0020    0.2362
    0.0876    0.9318   -0.3523
   -0.2194    0.3631    0.9056
...   134 T-A ...
   25.6309  -52.5797   48.6350
    0.8597    0.5096    0.0340
   -0.4497    0.7867   -0.4230
   -0.2423    0.3484    0.9055
...   135 G-C ...
   25.2859  -52.4981   52.0751
    0.3205    0.9427   -0.0927
   -0.8825    0.2616   -0.3908
   -0.3442    0.2071    0.9158
...   136 T-A ...
   25.5357  -52.9668   55.8003
   -0.2443    0.9563   -0.1608
   -0.8908   -0.2868   -0.3525
   -0.3832    0.0571    0.9219
...   137 G-C ...
   24.9038  -52.7260   58.9822
   -0.7529    0.5562   -0.3519
   -0.5214   -0.8303   -0.1968
   -0.4017    0.0354    0.9151
...   138 A-T ...
   24.0250  -51.6261   61.9212
   -0.9563    0.0400   -0.2896
   -0.0523   -0.9980    0.0347
   -0.2877    0.0483    0.9565
...   139 G-C ...
   22.3575  -51.2300   64.4910
   -0.8529   -0.5117   -0.1032
    0.4973   -0.8566    0.1372
   -0.1586    0.0657    0.9852
...   140 C-G ...
   22.1609  -50.1386   67.4619
   -0.4681   -0.8749    0.1247
    0.8495   -0.4066    0.3363
   -0.2435    0.2633    0.9335
...   141 G-C ...
   21.4367  -51.8164   72.7857
    0.1304   -0.7141   -0.6877
    0.8897   -0.2218    0.3990
   -0.4375   -0.6639    0.6065
...   142 C-G ...
   20.4356  -54.2995   74.5396
    0.5847   -0.7390   -0.3347
    0.7593    0.3532    0.5466
   -0.2857   -0.5737    0.7676
...   143 T-A ...
   18.4378  -55.5191   76.5274
    0.8548   -0.5006    0.1370
    0.3188    0.7147    0.6225
   -0.4096   -0.4884    0.7705
...   144 C-G ...
   16.8486  -57.7127   78.2649
    0.8529   -0.0846    0.5152
   -0.1509    0.9047    0.3983
   -0.4998   -0.4175    0.7589
...   145 A-T ...
   15.7934  -59.5519   80.7964
    0.5515    0.4995    0.6681
   -0.6739    0.7388    0.0040
   -0.4915   -0.4525    0.7441
...   146 C-G ...
   15.7411  -61.4839   83.9297
    0.0342    0.7400    0.6718
   -0.8637    0.3601   -0.3527
   -0.5029   -0.5681    0.6514
...   147 A-T ...
   14.7482  -63.4171   86.8166
   -0.5923    0.6746    0.4405
   -0.6886   -0.1400   -0.7115
   -0.4183   -0.7247    0.5475
