  147 base-pairs
...     1 T-A ...
    0.0000    0.0000    0.0000
    1.0000    0.0000    0.0000
    0.0000    1.0000    0.0000
    0.0000    0.0000    1.0000
...     2 G-C ...
   -0.5555   -1.1003    3.3981
    0.7749    0.6051    0.1828
   -0.5991    0.7953   -0.0929
   -0.2016   -0.0375    0.9787
...     3 T-A ...
   -0.6619   -3.0237    6.5348
    0.3046    0.9250    0.2271
   -0.8994    0.3578   -0.2510
   -0.3134   -0.1278    0.9410
...     4 G-C ...
   -1.1607   -3.8418    9.6940
   -0.3351    0.9421    0.0133
   -0.8752   -0.3061   -0.3746
   -0.3489   -0.1372    0.9271
...     5 A-T ...
   -1.3881   -3.6770   12.8999
   -0.7835    0.6162   -0.0801
   -0.5677   -0.7622   -0.3109
   -0.2527   -0.1981    0.9470
...     6 G-C ...
   -2.6236   -3.5448   15.7072
   -0.9923    0.0611   -0.1075
   -0.0294   -0.9610   -0.2748
   -0.1201   -0.2695    0.9555
...     7 C-G ...
   -2.3138   -3.7570   18.8866
   -0.8620   -0.4995   -0.0864
    0.5008   -0.8655    0.0073
   -0.0785   -0.0370    0.9962
...     8 G-C ...
   -3.9561   -6.8109   23.3205
   -0.2581   -0.3560   -0.8981
    0.6294   -0.7673    0.1233
   -0.7330   -0.5335    0.4221
...     9 C-G ...
   -6.1177   -8.9414   24.2385
    0.1143   -0.7320   -0.6716
    0.8123   -0.3203    0.4874
   -0.5720   -0.6013    0.5580
...    10 T-A ...
   -8.5041   -9.6771   26.0540
    0.4660   -0.8587   -0.2131
    0.6274    0.1508    0.7640
   -0.6239   -0.4897    0.6090
...    11 C-G ...
  -11.0625  -11.3174   27.2336
    0.6660   -0.6911    0.2808
    0.3382    0.6152    0.7121
   -0.6649   -0.3794    0.6435
...    12 A-T ...
  -13.0013  -13.1789   29.0658
    0.7188   -0.1490    0.6790
   -0.1787    0.9043    0.3876
   -0.6718   -0.4000    0.6235
...    13 C-G ...
  -14.1788  -15.9359   31.3399
    0.4052    0.2865    0.8682
   -0.5270    0.8492   -0.0343
   -0.7470   -0.4437    0.4951
...    14 A-T ...
  -15.9532  -18.1566   33.3080
   -0.1503    0.6873    0.7107
   -0.6106    0.5008   -0.6135
   -0.7776   -0.5261    0.3444
...    15 A-T ...
  -18.3779  -19.8710   34.6625
   -0.5040    0.8376    0.2107
   -0.4156   -0.0214   -0.9093
   -0.7571   -0.5458    0.3589
...    16 T-A ...
  -20.6422  -21.5781   36.5760
   -0.6964    0.6511   -0.3018
   -0.0578   -0.4701   -0.8807
   -0.7154   -0.5959    0.3650
...    17 T-A ...
  -22.9395  -23.3216   38.1324
   -0.6400    0.1977   -0.7425
    0.3914   -0.7476   -0.5365
   -0.6612   -0.6340    0.4011
...    18 T-A ...
  -25.1852  -25.1721   39.6611
   -0.3121   -0.2984   -0.9019
    0.7106   -0.7035   -0.0131
   -0.6306   -0.6450    0.4316
...    19 A-T ...
  -26.9864  -27.5720   41.2433
    0.2186   -0.6454   -0.7319
    0.7697   -0.3470    0.5359
   -0.5998   -0.6805    0.4209
...    20 T-A ...
  -29.3787  -29.6585   42.1453
    0.6021   -0.7175   -0.3501
    0.5500    0.0549    0.8334
   -0.5788   -0.6943    0.4277
...    21 T-A ...
  -31.3249  -31.9999   43.3154
    0.8321   -0.5299    0.1639
    0.1071    0.4433    0.8899
   -0.5442   -0.7230    0.4256
...    22 C-G ...
  -32.9522  -34.4459   44.7773
    0.7655   -0.1270    0.6308
   -0.4178    0.6475    0.6373
   -0.4894   -0.7514    0.4426
...    23 G-C ...
  -34.4032  -36.6072   47.0354
    0.4663    0.3729    0.8022
   -0.8196    0.5233    0.2332
   -0.3328   -0.7662    0.5496
...    24 C-G ...
  -35.0838  -39.2251   48.9017
   -0.0237    0.6312    0.7752
   -0.9476    0.2329   -0.2187
   -0.3186   -0.7398    0.5926
...    25 A-T ...
  -36.7371  -41.5749   50.7300
   -0.6000    0.6474    0.4700
   -0.7407   -0.2276   -0.6321
   -0.3022   -0.7273    0.6161
...    26 A-T ...
  -37.6356  -43.8409   52.9610
   -0.9362    0.3502    0.0283
   -0.2350   -0.5643   -0.7914
   -0.2612   -0.7476    0.6106
...    27 A-T ...
  -38.3407  -46.1174   55.2195
   -0.9014   -0.1063   -0.4198
    0.3883   -0.6278   -0.6746
   -0.1919   -0.7711    0.6071
...    28 G-C ...
  -39.2772  -48.4914   57.4613
   -0.5231   -0.4125   -0.7458
    0.8269   -0.4577   -0.3268
   -0.2065   -0.7876    0.5805
...    29 G-C ...
  -40.1707  -51.1364   59.5098
    0.0803   -0.5399   -0.8379
    0.9799   -0.1112    0.1655
   -0.1825   -0.8344    0.5201
...    30 C-G ...
  -41.1218  -53.8521   61.1107
    0.6302   -0.4466   -0.6351
    0.7647    0.2155    0.6073
   -0.1344   -0.8684    0.4773
...    31 C-G ...
  -41.6994  -56.7814   62.5849
    0.9590   -0.1610   -0.2333
    0.2801    0.4106    0.8677
   -0.0439   -0.8975    0.4389
...    32 G-C ...
  -41.4840  -59.4477   64.2185
    0.9599    0.1976    0.1988
   -0.2625    0.3847    0.8849
    0.0984   -0.9016    0.4211
...    33 G-C ...
  -40.5718  -62.3680   65.6259
    0.6400    0.4425    0.6282
   -0.7451    0.1574    0.6482
    0.1880   -0.8828    0.4304
...    34 C-G ...
  -39.4296  -65.1017   67.0951
    0.0949    0.4873    0.8681
   -0.9669   -0.1624    0.1969
    0.2369   -0.8580    0.4558
...    35 C-G ...
  -38.3694  -67.7268   69.0542
   -0.4878    0.3170    0.8133
   -0.8296   -0.4582   -0.3190
    0.2716   -0.8304    0.4866
...    36 C-G ...
  -37.3630  -70.3470   71.0067
   -0.8875    0.0083    0.4607
   -0.3742   -0.5964   -0.7101
    0.2689   -0.8026    0.5324
...    37 G-C ...
  -36.3674  -73.6798   71.7806
   -0.9471   -0.3125   -0.0737
    0.2212   -0.4685   -0.8553
    0.2327   -0.8264    0.5128
...    38 A-T ...
  -35.4765  -76.2187   73.4767
   -0.6280   -0.5280   -0.5716
    0.7358   -0.1639   -0.6570
    0.2532   -0.8333    0.4915
...    39 C-G ...
  -35.1370  -78.9413   75.1601
   -0.1516   -0.4941   -0.8561
    0.9575    0.1415   -0.2513
    0.2453   -0.8578    0.4516
...    40 A-T ...
  -34.2688  -81.8764   76.5816
    0.4249   -0.2336   -0.8746
    0.8609    0.4030    0.3106
    0.2799   -0.8849    0.3724
...    41 C-G ...
  -33.5294  -84.9993   77.3070
    0.7939    0.0742   -0.6035
    0.5127    0.4518    0.7301
    0.3268   -0.8890    0.3206
...    42 G-C ...
  -32.1185  -87.7069   78.7270
    0.9108    0.4067   -0.0705
   -0.0466    0.2710    0.9615
    0.4102   -0.8724    0.2657
...    43 A-T ...
  -30.7777  -90.5011   79.5189
    0.7004    0.4900    0.5190
   -0.5809   -0.0312    0.8134
    0.4147   -0.8712    0.2628
...    44 C-G ...
  -28.9266  -93.2189   79.9537
    0.2549    0.4293    0.8664
   -0.8553   -0.3180    0.4092
    0.4512   -0.8453    0.2861
...    45 T-A ...
  -26.6653  -95.8816   80.9605
   -0.3018    0.1768    0.9368
   -0.8356   -0.5222   -0.1706
    0.4591   -0.8343    0.3054
...    46 T-A ...
  -24.8967  -98.4117   81.9751
   -0.6965   -0.1686    0.6975
   -0.5425   -0.5124   -0.6657
    0.4697   -0.8420    0.2654
...    47 A-T ...
  -23.3418 -101.4348   82.4141
   -0.8607   -0.5037    0.0742
    0.0609   -0.2466   -0.9672
    0.5054   -0.8280    0.2429
...    48 C-G ...
  -21.8333 -104.0508   83.8635
   -0.6991   -0.5395   -0.4692
    0.5181    0.0700   -0.8524
    0.4927   -0.8391    0.2306
...    49 T-A ...
  -20.4984 -107.0277   84.8072
   -0.3370   -0.3404   -0.8778
    0.8230    0.3463   -0.4502
    0.4573   -0.8742    0.1634
...    50 G-C ...
  -18.8970 -110.0089   85.0877
    0.1343    0.0473   -0.9898
    0.8760    0.4614    0.1409
    0.4633   -0.8860    0.0205
...    51 T-A ...
  -17.8243 -113.0275   84.8521
    0.5388    0.3301   -0.7751
    0.6889    0.3570    0.6309
    0.4850   -0.8738   -0.0351
...    52 A-T ...
  -15.9262 -115.8004   84.6719
    0.7936    0.5624   -0.2322
    0.2526    0.0427    0.9666
    0.5535   -0.8258   -0.1082
...    53 G-C ...
  -14.1254 -118.4498   84.0963
    0.7549    0.5701    0.3242
   -0.1808   -0.2943    0.9385
    0.6304   -0.7671   -0.1191
...    54 G-C ...
  -11.4337 -120.6937   83.1814
    0.4696    0.3462    0.8122
   -0.5528   -0.6019    0.5763
    0.6884   -0.7196   -0.0913
...    55 T-A ...
   -8.7967 -122.6581   82.8390
    0.1073   -0.0361    0.9936
   -0.7083   -0.7041    0.0509
    0.6977   -0.7092   -0.1011
...    56 A-T ...
   -6.1791 -124.8253   82.6255
   -0.3583   -0.4531    0.8163
   -0.6175   -0.5408   -0.5712
    0.7003   -0.7087   -0.0861
...    57 T-A ...
   -3.5063 -126.7605   82.8479
   -0.6121   -0.6945    0.3783
   -0.3390   -0.2017   -0.9189
    0.7145   -0.6907   -0.1119
...    58 C-G ...
   -1.1051 -129.1705   82.7287
   -0.6932   -0.6582   -0.2936
    0.1176    0.2986   -0.9471
    0.7111   -0.6911   -0.1296
...    59 T-A ...
    1.0713 -131.7126   82.4298
   -0.5621   -0.3416   -0.7533
    0.4819    0.6049   -0.6339
    0.6722   -0.7193   -0.1754
...    60 C-G ...
    3.3525 -134.1065   81.8053
   -0.1931    0.1202   -0.9738
    0.7307    0.6800   -0.0610
    0.6548   -0.7233   -0.2191
...    61 G-C ...
    5.9722 -136.0475   80.8909
    0.0893    0.6073   -0.7895
    0.7563    0.4744    0.4504
    0.6481   -0.6373   -0.4170
...    62 A-T ...
    8.2388 -138.0940   79.5331
    0.4848    0.8041   -0.3440
    0.5598    0.0169    0.8284
    0.6720   -0.5942   -0.4420
...    63 G-C ...
   10.4986 -139.8639   77.8295
    0.6709    0.7183    0.1844
    0.2315   -0.4391    0.8681
    0.7045   -0.5397   -0.4609
...    64 C-G ...
   12.9984 -141.3010   75.9419
    0.6626    0.3256    0.6745
   -0.1926   -0.7962    0.5735
    0.7238   -0.5100   -0.4648
...    65 T-A ...
   15.5004 -142.8611   74.4161
    0.4461   -0.1748    0.8778
   -0.5032   -0.8600    0.0845
    0.7401   -0.4794   -0.4716
...    66 C-G ...
   17.8923 -144.6268   72.8975
    0.0449   -0.6792    0.7325
   -0.6590   -0.5713   -0.4893
    0.7508   -0.4608   -0.4733
...    67 G-C ...
   19.6734 -146.6685   70.6074
   -0.3744   -0.8736    0.3108
   -0.5501   -0.0605   -0.8329
    0.7465   -0.4828   -0.4579
...    68 G-C ...
   22.3303 -148.1713   69.1067
   -0.6733   -0.7109   -0.2033
   -0.2662    0.4896   -0.8303
    0.6898   -0.5049   -0.5189
...    69 G-C ...
   24.6930 -149.9769   67.5317
   -0.7811   -0.2619   -0.5669
    0.1544    0.7986   -0.5817
    0.6051   -0.5419   -0.5833
...    70 A-T ...
   26.6391 -151.9664   65.6883
   -0.5612    0.2970   -0.7726
    0.5912    0.7971   -0.1231
    0.5793   -0.5258   -0.6229
...    71 T-A ...
   28.0322 -154.0664   63.5716
   -0.1934    0.6954   -0.6921
    0.8045    0.5162    0.2939
    0.5616   -0.5000   -0.6593
...    72 C-G ...
   29.6909 -155.6641   61.1675
    0.3005    0.8884   -0.3469
    0.7774   -0.0174    0.6288
    0.5526   -0.4587   -0.6959
...    73 C-G ...
   31.5018 -156.9102   58.7080
    0.6148    0.7796    0.1196
    0.5188   -0.5139    0.6832
    0.5941   -0.3580   -0.7203
...    74 G-C ...
   33.7874 -158.2328   56.6412
    0.7487    0.3572    0.5584
    0.0992   -0.8933    0.4384
    0.6554   -0.2728   -0.7043
...    75 C-G ...
   36.2798 -158.6389   54.2351
    0.6654   -0.2387    0.7073
   -0.3434   -0.9392    0.0061
    0.6628   -0.2469   -0.7069
...    76 T-A ...
   39.0063 -159.2326   52.1075
    0.3462   -0.7538    0.5585
   -0.6380   -0.6256   -0.4489
    0.6878   -0.2010   -0.6975
...    77 T-A ...
   41.4943 -159.6923   50.0137
   -0.0626   -0.9907    0.1210
   -0.7299   -0.0372   -0.6826
    0.6807   -0.1311   -0.7207
...    78 T-A ...
   43.9537 -160.0679   47.8421
   -0.4615   -0.8211   -0.3358
   -0.5683    0.5643   -0.5989
    0.6812   -0.0856   -0.7270
...    79 A-T ...
   46.0829 -159.8137   45.2026
   -0.7494   -0.2837   -0.5983
   -0.1646    0.9550   -0.2468
    0.6414   -0.0864   -0.7624
...    80 A-T ...
   48.0872 -160.2551   42.7660
   -0.7401    0.3176   -0.5928
    0.2918    0.9458    0.1424
    0.6059   -0.0676   -0.7927
...    81 C-G ...
   49.7957 -160.9841   39.9564
   -0.4814    0.7856   -0.3887
    0.6491    0.6176    0.4441
    0.5889   -0.0386   -0.8073
...    82 A-T ...
   51.7042 -160.8511   37.1352
   -0.0640    0.9971    0.0423
    0.8367    0.0305    0.5468
    0.5439    0.0704   -0.8362
...    83 C-G ...
   53.0104 -160.1491   34.1123
    0.3876    0.8487    0.3599
    0.7583   -0.5156    0.3990
    0.5242    0.1182   -0.8434
...    84 T-A ...
   54.5034 -159.1263   30.9755
    0.7510    0.3655    0.5499
    0.3973   -0.9153    0.0658
    0.5274    0.1690   -0.8326
...    85 T-A ...
   56.1350 -158.2258   28.2601
    0.8798   -0.2595    0.3982
   -0.1454   -0.9446   -0.2942
    0.4525    0.2010   -0.8688
...    86 T-A ...
   57.6600 -157.1537   25.5087
    0.6515   -0.7570    0.0503
   -0.6622   -0.5998   -0.4492
    0.3702    0.2594   -0.8920
...    87 A-T ...
   58.4791 -156.1012   22.2067
   -0.0047   -0.9107   -0.4131
   -0.9548    0.1269   -0.2689
    0.2973    0.3931   -0.8701
...    88 T-A ...
   60.0296 -155.1479   19.4828
   -0.4859   -0.7347   -0.4734
   -0.8327    0.5537   -0.0046
    0.2655    0.3920   -0.8808
...    89 G-C ...
   60.9400 -154.0863   16.4607
   -0.9172   -0.2776   -0.2857
   -0.3538    0.8973    0.2640
    0.1831    0.3433   -0.9212
...    90 C-G ...
   61.2640 -153.3398   13.3189
   -0.9737    0.2274   -0.0124
    0.2035    0.8933    0.4009
    0.1023    0.3878   -0.9160
...    91 T-A ...
   61.4290 -152.2513   10.1633
   -0.7181    0.6233    0.3095
    0.6959    0.6422    0.3212
    0.0014    0.4461   -0.8950
...    92 C-G ...
   61.1265 -150.2873    7.5754
   -0.1647    0.8274    0.5369
    0.9809    0.1944    0.0013
   -0.1033    0.5269   -0.8436
...    93 A-T ...
   60.3904 -148.4277    4.8085
    0.4132    0.7243    0.5519
    0.8960   -0.2151   -0.3885
   -0.1627    0.6550   -0.7379
...    94 T-A ...
   59.5575 -146.0107    2.7502
    0.8268    0.4789    0.2951
    0.5429   -0.5418   -0.6416
   -0.1473    0.6907   -0.7080
...    95 G-C ...
   59.0940 -143.5580    0.4529
    0.9839    0.0133   -0.1782
   -0.1196   -0.6925   -0.7115
   -0.1329    0.7213   -0.6797
...    96 T-A ...
   58.7935 -140.7091   -1.4740
    0.7146   -0.3590   -0.6004
   -0.6764   -0.5738   -0.4619
   -0.1787    0.7361   -0.6528
...    97 T-A ...
   58.2982 -138.0967   -3.3899
    0.1128   -0.5676   -0.8155
   -0.9691   -0.2442    0.0359
   -0.2195    0.7863   -0.5776
...    98 A-T ...
   57.1327 -135.1785   -5.0259
   -0.6484   -0.4844   -0.5872
   -0.7297    0.1756    0.6608
   -0.2170    0.8570   -0.4674
...    99 T-A ...
   56.8219 -132.5806   -7.0381
   -0.9390   -0.3128   -0.1428
   -0.2616    0.3804    0.8870
   -0.2231    0.8703   -0.4390
...   100 A-T ...
   56.1356 -129.4170   -8.1729
   -0.8702   -0.0287    0.4919
    0.4199    0.4793    0.7707
   -0.2579    0.8772   -0.4050
...   101 A-T ...
   55.1103 -126.7114   -9.4757
   -0.4527    0.1904    0.8711
    0.8375    0.4261    0.3421
   -0.3060    0.8844   -0.3524
...   102 C-G ...
   53.4521 -123.9845  -10.5391
    0.1154    0.3521    0.9288
    0.9396    0.2646   -0.2170
   -0.3222    0.8978   -0.3003
...   103 G-C ...
   52.8318 -120.8166  -11.2713
    0.6747    0.3552    0.6470
    0.6614    0.0982   -0.7436
   -0.3277    0.9296   -0.1687
...   104 G-C ...
   52.3322 -117.5263  -11.3657
    0.9570    0.2549    0.1384
    0.1477   -0.0174   -0.9889
   -0.2497    0.9668   -0.0543
...   105 A-T ...
   51.4998 -114.2291  -11.1996
    0.8228    0.2205   -0.5238
   -0.4986   -0.1621   -0.8515
   -0.2726    0.9618   -0.0235
...   106 T-A ...
   51.1137 -110.8756  -10.6716
    0.4017    0.1539   -0.9027
   -0.8624   -0.2679   -0.4294
   -0.3080    0.9511    0.0251
...   107 T-A ...
   50.3560 -107.7183  -10.4681
   -0.2624    0.0290   -0.9645
   -0.9190   -0.3124    0.2406
   -0.2944    0.9495    0.1086
...   108 C-G ...
   49.5459 -104.3999  -10.1257
   -0.7998   -0.1627   -0.5778
   -0.5218   -0.2874    0.8032
   -0.2968    0.9439    0.1450
...   109 C-G ...
   48.8220 -101.2182   -9.4921
   -0.9095   -0.4124   -0.0534
    0.0205   -0.1727    0.9848
   -0.4153    0.8945    0.1656
...   110 G-C ...
   47.7493  -98.3772   -8.5350
   -0.6884   -0.5575    0.4640
    0.5201    0.0664    0.8515
   -0.5056    0.8275    0.2443
...   111 G-C ...
   45.9087  -95.7519   -7.6520
   -0.2062   -0.5083    0.8361
    0.8187    0.3783    0.4319
   -0.5359    0.7736    0.3382
...   112 C-G ...
   43.6795  -93.6254   -6.3404
    0.3375   -0.2469    0.9084
    0.7766    0.6184   -0.1205
   -0.5320    0.7461    0.4004
...   113 T-A ...
   41.8368  -91.3172   -4.8006
    0.7504    0.0811    0.6560
    0.4313    0.6920   -0.5789
   -0.5009    0.7174    0.4842
...   114 C-G ...
   40.6253  -88.7226   -3.1811
    0.8672    0.4727    0.1563
   -0.1657    0.5700   -0.8047
   -0.4695    0.6720    0.5727
...   115 G-C ...
   39.0677  -86.1815   -1.6610
    0.5893    0.7061   -0.3926
   -0.6993    0.2025   -0.6856
   -0.4046    0.6786    0.6131
...   116 T-A ...
   38.4804  -83.6913    0.6339
    0.0922    0.6865   -0.7213
   -0.9149   -0.2276   -0.3335
   -0.3931    0.6906    0.6070
...   117 A-T ...
   37.3739  -81.2968    2.7714
   -0.5244    0.3974   -0.7531
   -0.7593   -0.6184    0.2024
   -0.3853    0.6780    0.6260
...   118 T-A ...
   36.5876  -78.6362    4.5980
   -0.8646    0.0251   -0.5019
   -0.3481   -0.7502    0.5622
   -0.3624    0.6608    0.6573
...   119 A-T ...
   35.5684  -76.6305    7.3250
   -0.8726   -0.4776    0.1028
    0.3990   -0.5754    0.7139
   -0.2818    0.6640    0.6926
...   120 A-T ...
   34.5292  -74.3471    9.4149
   -0.4547   -0.7530    0.4757
    0.8408   -0.1868    0.5081
   -0.2937    0.6310    0.7180
...   121 T-A ...
   33.0323  -72.3250   11.5884
    0.0782   -0.7442    0.6633
    0.9536    0.2499    0.1680
   -0.2908    0.6194    0.7292
...   122 G-C ...
   32.1094  -70.2585   14.2796
    0.6922   -0.4871    0.5326
    0.6818    0.6833   -0.2611
   -0.2367    0.5438    0.8051
...   123 T-A ...
   31.2696  -68.9582   17.1905
    0.9557   -0.0546    0.2891
    0.1973    0.8479   -0.4921
   -0.2183    0.5274    0.8211
...   124 G-C ...
   30.6704  -67.1713   20.0300
    0.8800    0.4584   -0.1242
   -0.4509    0.7243   -0.5216
   -0.1492    0.5150    0.8441
...   125 T-A ...
   30.5344  -65.8229   22.9682
    0.4944    0.7637   -0.4152
   -0.8615    0.3669   -0.3509
   -0.1157    0.5312    0.8393
...   126 C-G ...
   30.2688  -64.0444   25.6203
   -0.1363    0.8385   -0.5275
   -0.9858   -0.1673   -0.0112
   -0.0976    0.5186    0.8495
...   127 G-C ...
   29.2588  -62.5734   28.5222
   -0.6969    0.5389   -0.4732
   -0.7068   -0.6278    0.3259
   -0.1215    0.5616    0.8184
...   128 A-T ...
   29.0117  -60.8090   31.1852
   -0.9842    0.0462   -0.1712
   -0.1313   -0.8387    0.5284
   -0.1191    0.5426    0.8315
...   129 C-G ...
   28.5981  -58.4280   33.4622
   -0.8877   -0.4448    0.1187
    0.4351   -0.7265    0.5318
   -0.1503    0.5237    0.8385
...   130 C-G ...
   27.6980  -56.5745   36.1814
   -0.4728   -0.8242    0.3117
    0.8534   -0.3401    0.3950
   -0.2195    0.4528    0.8642
...   131 A-T ...
   27.8700  -55.1580   39.3475
    0.1779   -0.8903    0.4191
    0.9605    0.2497    0.1227
   -0.2139    0.3808    0.8996
...   132 A-T ...
   27.1298  -54.0422   42.3490
    0.7208   -0.5722    0.3912
    0.6609    0.7374   -0.1393
   -0.2088    0.3590    0.9097
...   133 A-T ...
   26.2618  -53.1833   45.4059
    0.9657    0.0006    0.2597
    0.0936    0.9320   -0.3502
   -0.2422    0.3625    0.8999
...   134 T-A ...
   25.6308  -52.5797   48.6349
    0.8597    0.5096    0.0340
   -0.4497    0.7867   -0.4230
   -0.2423    0.3484    0.9055
...   135 G-C ...
   25.2859  -52.4981   52.0750
    0.3205    0.9427   -0.0927
   -0.8825    0.2616   -0.3908
   -0.3442    0.2071    0.9158
...   136 T-A ...
   25.5356  -52.9668   55.8002
   -0.2443    0.9563   -0.1608
   -0.8908   -0.2868   -0.3525
   -0.3832    0.0571    0.9219
...   137 G-C ...
   24.9037  -52.7260   58.9821
   -0.7529    0.5562   -0.3519
   -0.5214   -0.8303   -0.1968
   -0.4017    0.0354    0.9151
...   138 A-T ...
   24.0249  -51.6261   61.9211
   -0.9563    0.0400   -0.2896
   -0.0523   -0.9980    0.0347
   -0.2877    0.0483    0.9565
...   139 G-C ...
   22.3574  -51.2300   64.4909
   -0.8529   -0.5117   -0.1032
    0.4973   -0.8566    0.1372
   -0.1586    0.0657    0.9852
...   140 C-G ...
   22.1608  -50.1386   67.4618
   -0.4681   -0.8749    0.1247
    0.8495   -0.4066    0.3363
   -0.2435    0.2633    0.9335
...   141 G-C ...
   21.4366  -51.8164   72.7856
    0.1304   -0.7141   -0.6877
    0.8897   -0.2218    0.3990
   -0.4375   -0.6639    0.6065
...   142 C-G ...
   20.4355  -54.2995   74.5395
    0.5847   -0.7390   -0.3347
    0.7593    0.3532    0.5466
   -0.2857   -0.5737    0.7676
...   143 T-A ...
   18.4378  -55.5191   76.5273
    0.8548   -0.5006    0.1370
    0.3188    0.7147    0.6225
   -0.4096   -0.4884    0.7705
...   144 C-G ...
   16.8485  -57.7127   78.2648
    0.8529   -0.0846    0.5152
   -0.1509    0.9047    0.3983
   -0.4998   -0.4175    0.7589
...   145 A-T ...
   15.7933  -59.5519   80.7963
    0.5515    0.4995    0.6681
   -0.6739    0.7388    0.0040
   -0.4915   -0.4525    0.7441
...   146 C-G ...
   15.7411  -61.4840   83.9296
    0.0342    0.7400    0.6718
   -0.8637    0.3601   -0.3527
   -0.5029   -0.5681    0.6514
...   147 A-T ...
   14.7481  -63.4171   86.8165
   -0.5923    0.6746    0.4405
   -0.6886   -0.1400   -0.7115
   -0.4183   -0.7247    0.5475
