  147 base-pairs
...     1 T-A ...
    0.0000    0.0000    0.0000
    1.0000    0.0000    0.0000
    0.0000    1.0000    0.0000
    0.0000    0.0000    1.0000
...     2 G-C ...
   -0.5555   -1.1003    3.3981
    0.7749    0.6051    0.1828
   -0.5991    0.7953   -0.0929
   -0.2016   -0.0375    0.9787
...     3 T-A ...
   -0.6619   -3.0237    6.5348
    0.3046    0.9250    0.2271
   -0.8994    0.3578   -0.2510
   -0.3134   -0.1278    0.9410
...     4 G-C ...
   -1.1607   -3.8418    9.6940
   -0.3351    0.9421    0.0133
   -0.8752   -0.3061   -0.3746
   -0.3489   -0.1372    0.9271
...     5 A-T ...
   -1.3881   -3.6770   12.8999
   -0.7835    0.6162   -0.0801
   -0.5677   -0.7622   -0.3109
   -0.2527   -0.1981    0.9470
...     6 G-C ...
   -2.6236   -3.5448   15.7072
   -0.9923    0.0611   -0.1075
   -0.0294   -0.9610   -0.2748
   -0.1201   -0.2695    0.9555
...     7 C-G ...
   -2.3138   -3.7570   18.8866
   -0.8620   -0.4995   -0.0864
    0.5008   -0.8655    0.0073
   -0.0785   -0.0370    0.9962
...     8 G-C ...
   -3.9561   -6.8109   23.3205
   -0.2581   -0.3560   -0.8981
    0.6294   -0.7673    0.1233
   -0.7330   -0.5335    0.4221
...     9 C-G ...
   -6.1177   -8.9414   24.2385
    0.1143   -0.7320   -0.6716
    0.8123   -0.3203    0.4874
   -0.5720   -0.6013    0.5580
...    10 T-A ...
   -8.5041   -9.6771   26.0540
    0.4660   -0.8587   -0.2131
    0.6274    0.1508    0.7640
   -0.6239   -0.4897    0.6090
...    11 C-G ...
  -11.0625  -11.3174   27.2336
    0.6660   -0.6911    0.2808
    0.3382    0.6152    0.7121
   -0.6649   -0.3794    0.6435
...    12 A-T ...
  -13.0013  -13.1789   29.0658
    0.7188   -0.1490    0.6790
   -0.1787    0.9043    0.3876
   -0.6718   -0.4000    0.6235
...    13 C-G ...
  -14.1788  -15.9359   31.3399
    0.4052    0.2865    0.8682
   -0.5270    0.8492   -0.0343
   -0.7470   -0.4437    0.4951
...    14 A-T ...
  -15.9532  -18.1566   33.3080
   -0.1503    0.6873    0.7107
   -0.6106    0.5008   -0.6135
   -0.7776   -0.5261    0.3444
...    15 A-T ...
  -18.3708  -19.8763   34.6696
   -0.5042    0.8369    0.2129
   -0.4179   -0.0207   -0.9083
   -0.7558   -0.5469    0.3602
...    16 T-A ...
  -20.6259  -21.5902   36.5890
   -0.6985    0.6508   -0.2977
   -0.0607   -0.4684   -0.8814
   -0.7131   -0.5976    0.3667
...    17 T-A ...
  -22.9111  -23.3398   38.1550
   -0.6448    0.1978   -0.7383
    0.3900   -0.7456   -0.5403
   -0.6574   -0.6363    0.4037
...    18 T-A ...
  -25.1419  -25.1932   39.7010
   -0.3193   -0.2979   -0.8996
    0.7125   -0.7014   -0.0206
   -0.6249   -0.6475    0.4362
...    19 A-T ...
  -26.9100  -27.6048   41.2911
    0.2107   -0.6393   -0.7395
    0.7776   -0.3488    0.5231
   -0.5924   -0.6853    0.4236
...    20 T-A ...
  -29.2818  -29.7069   42.2067
    0.5987   -0.7126   -0.3658
    0.5626    0.0490    0.8252
   -0.5701   -0.6999    0.4303
...    21 T-A ...
  -31.2032  -32.0671   43.3835
    0.8377   -0.5280    0.1400
    0.1243    0.4338    0.8924
   -0.5319   -0.7301    0.4291
...    22 C-G ...
  -32.7846  -34.5389   44.8478
    0.7822   -0.1310    0.6092
   -0.4038    0.6380    0.6557
   -0.4745   -0.7588    0.4461
...    23 G-C ...
  -34.1593  -36.7389   47.1183
    0.4873    0.3668    0.7925
   -0.8153    0.5163    0.2623
   -0.3130   -0.7739    0.5506
...    24 C-G ...
  -34.7715  -39.3792   48.9739
   -0.0035    0.6230    0.7822
   -0.9548    0.2304   -0.1877
   -0.2972   -0.7475    0.5940
...    25 A-T ...
  -36.3345  -41.7456   50.8473
   -0.5833    0.6433    0.4959
   -0.7625   -0.2232   -0.6073
   -0.2800   -0.7323    0.6207
...    26 A-T ...
  -37.1504  -44.0259   53.0948
   -0.9339    0.3514    0.0660
   -0.2655   -0.5582   -0.7861
   -0.2394   -0.7517    0.6146
...    27 A-T ...
  -37.7732  -46.3116   55.3660
   -0.9176   -0.1010   -0.3845
    0.3594   -0.6245   -0.6934
   -0.1701   -0.7745    0.6093
...    28 G-C ...
  -38.6255  -48.6954   57.6276
   -0.5554   -0.4063   -0.7255
    0.8106   -0.4591   -0.3634
   -0.1854   -0.7900    0.5844
...    29 G-C ...
  -39.4400  -51.3449   59.6977
    0.0405   -0.5370   -0.8426
    0.9856   -0.1170    0.1219
   -0.1640   -0.8355    0.5245
...    30 C-G ...
  -40.3342  -54.0573   61.3325
    0.5973   -0.4488   -0.6647
    0.7934    0.2090    0.5717
   -0.1177   -0.8688    0.4809
...    31 C-G ...
  -40.8781  -56.9828   62.8295
    0.9452   -0.1676   -0.2800
    0.3251    0.4086    0.8529
   -0.0285   -0.8972    0.4407
...    32 G-C ...
  -40.6121  -59.6485   64.4437
    0.9706    0.1903    0.1476
   -0.2126    0.3893    0.8962
    0.1131   -0.9013    0.4183
...    33 G-C ...
  -39.6482  -62.5748   65.8000
    0.6770    0.4403    0.5897
   -0.7072    0.1673    0.6869
    0.2038   -0.8821    0.4247
...    34 C-G ...
  -38.4461  -65.3120   67.2076
    0.1493    0.4938    0.8567
   -0.9556   -0.1504    0.2533
    0.2539   -0.8565    0.4494
...    35 C-G ...
  -37.2856  -67.9244   69.1241
   -0.4346    0.3355    0.8358
   -0.8529   -0.4513   -0.2623
    0.2893   -0.8269    0.4822
...    36 C-G ...
  -36.2035  -70.5223   71.0543
   -0.8567    0.0312    0.5149
   -0.4269   -0.6030   -0.6739
    0.2895   -0.7971    0.5299
...    37 G-C ...
  -35.2282  -73.8366   71.8562
   -0.9555   -0.2948   -0.0049
    0.1562   -0.4923   -0.8563
    0.2501   -0.8190    0.5165
...    38 A-T ...
  -34.2854  -76.3552   73.5520
   -0.6748   -0.5282   -0.5154
    0.6875   -0.1958   -0.6993
    0.2685   -0.8262    0.4953
...    39 C-G ...
  -33.8955  -79.0431   75.2831
   -0.2192   -0.5134   -0.8297
    0.9411    0.1131   -0.3186
    0.2574   -0.8507    0.4583
...    40 A-T ...
  -33.0034  -81.9554   76.7264
    0.3577   -0.2696   -0.8941
    0.8890    0.3913    0.2377
    0.2858   -0.8799    0.3797
...    41 C-G ...
  -32.2871  -85.0737   77.4988
    0.7504    0.0338   -0.6601
    0.5739    0.4620    0.6761
    0.3278   -0.8862    0.3273
...    42 G-C ...
  -30.8546  -87.7669   78.9154
    0.9126    0.3792   -0.1527
    0.0308    0.3088    0.9506
    0.4076   -0.8723    0.2701
...    43 A-T ...
  -29.5400  -90.5647   79.7200
    0.7491    0.4918    0.4438
   -0.5189    0.0192    0.8546
    0.4118   -0.8705    0.2696
...    44 C-G ...
  -27.7272  -93.3096   80.1292
    0.3312    0.4611    0.8232
   -0.8288   -0.2749    0.4874
    0.4510   -0.8437    0.2912
...    45 T-A ...
  -25.4632  -95.9807   81.0985
   -0.2229    0.2332    0.9465
   -0.8595   -0.5052   -0.0780
    0.4600   -0.8309    0.3130
...    46 T-A ...
  -23.6827  -98.5007   82.1138
   -0.6416   -0.1037    0.7600
   -0.6091   -0.5335   -0.5869
    0.4663   -0.8394    0.2791
...    47 A-T ...
  -22.1903 -101.5142   82.6841
   -0.8714   -0.4541    0.1858
   -0.0360   -0.3184   -0.9473
    0.4893   -0.8321    0.2611
...    48 C-G ...
  -20.6849 -104.0950   84.1972
   -0.7614   -0.5373   -0.3627
    0.4417   -0.0204   -0.8969
    0.4745   -0.8431    0.2529
...    49 T-A ...
  -19.4117 -107.0508   85.2724
   -0.4319   -0.3902   -0.8132
    0.7931    0.2651   -0.5484
    0.4296   -0.8817    0.1949
...    50 G-C ...
  -17.9370 -110.0806   85.6636
    0.0436   -0.0427   -0.9981
    0.9055    0.4238    0.0214
    0.4221   -0.9047    0.0572
...    51 T-A ...
  -17.0347 -113.1623   85.6056
    0.4770    0.2324   -0.8476
    0.7614    0.3725    0.5306
    0.4390   -0.8985    0.0007
...    52 A-T ...
  -15.3112 -116.0419   85.5011
    0.7910    0.4957   -0.3586
    0.3483    0.1170    0.9301
    0.5029   -0.8606   -0.0801
...    53 G-C ...
  -13.7078 -118.8293   85.0129
    0.8080    0.5576    0.1905
   -0.0975   -0.1923    0.9765
    0.5811   -0.8075   -0.1010
...    54 G-C ...
  -11.2288 -121.2941   84.0612
    0.5663    0.4018    0.7196
   -0.5147   -0.5095    0.6895
    0.6437   -0.7609   -0.0818
...    55 T-A ...
   -8.7305 -123.4187   83.6752
    0.2098    0.0644    0.9756
   -0.7276   -0.6563    0.1998
    0.6531   -0.7518   -0.0908
...    56 A-T ...
   -6.2239 -125.7164   83.4624
   -0.2875   -0.3359    0.8969
   -0.6961   -0.5699   -0.4366
    0.6579   -0.7499   -0.0700
...    57 T-A ...
   -3.6249 -127.7526   83.6519
   -0.5952   -0.6095    0.5237
   -0.4449   -0.2928   -0.8464
    0.6692   -0.7368   -0.0969
...    58 C-G ...
   -1.3528 -130.2858   83.6009
   -0.7475   -0.6512   -0.1310
    0.0232    0.1716   -0.9849
    0.6639   -0.7392   -0.1132
...    59 T-A ...
    0.6708 -132.9590   83.4152
   -0.6573   -0.4042   -0.6361
    0.4296    0.4926   -0.7569
    0.6192   -0.7707   -0.1501
...    60 C-G ...
    2.7595 -135.5396   82.8769
   -0.3018    0.0029   -0.9534
    0.7431    0.6272   -0.2333
    0.5973   -0.7788   -0.1915
...    61 G-C ...
    5.1622 -137.7250   81.9544
    0.0126    0.4906   -0.8713
    0.8205    0.4930    0.2894
    0.5716   -0.7185   -0.3963
...    62 A-T ...
    7.1717 -140.0489   80.6605
    0.4598    0.7275   -0.5093
    0.6580    0.1061    0.7455
    0.5964   -0.6779   -0.4299
...    63 G-C ...
    9.1465 -142.1324   78.9625
    0.7047    0.7095   -0.0029
    0.3283   -0.3225    0.8878
    0.6289   -0.6266   -0.4602
...    64 C-G ...
   11.3538 -143.9123   77.0130
    0.7479    0.3938    0.5344
   -0.1342   -0.6987    0.7027
    0.6501   -0.5972   -0.4697
...    65 T-A ...
   13.6179 -145.7532   75.4373
    0.5499   -0.0593    0.8331
   -0.5017   -0.8209    0.2727
    0.6678   -0.5679   -0.4812
...    66 C-G ...
   15.7755 -147.8080   73.9524
    0.1293   -0.5614    0.8174
   -0.7197   -0.6201   -0.3121
    0.6821   -0.5480   -0.4842
...    67 G-C ...
   17.2482 -150.2244   71.8265
   -0.3385   -0.8049    0.4875
   -0.6496   -0.1750   -0.7399
    0.6808   -0.5671   -0.4636
...    68 G-C ...
   19.6890 -152.0189   70.2851
   -0.6949   -0.7191   -0.0023
   -0.3666    0.3571   -0.8591
    0.6186   -0.5962   -0.5118
...    69 G-C ...
   21.8352 -154.1043   68.7487
   -0.8462   -0.3341   -0.4152
    0.0791    0.6917   -0.7178
    0.5270   -0.6402   -0.5589
...    70 A-T ...
   23.5364 -156.4005   67.0281
   -0.6565    0.1779   -0.7330
    0.5676    0.7566   -0.3247
    0.4968   -0.6292   -0.5977
...    71 T-A ...
   24.6572 -158.8404   65.1253
   -0.2858    0.5769   -0.7652
    0.8323    0.5452    0.1002
    0.4750   -0.6083   -0.6359
...    72 C-G ...
   26.0028 -160.8267   62.8284
    0.2409    0.8182   -0.5220
    0.8535    0.0776    0.5153
    0.4621   -0.5697   -0.6796
...    73 C-G ...
   27.4774 -162.4956   60.4035
    0.6090    0.7882   -0.0888
    0.6131   -0.3968    0.6831
    0.5032   -0.4704   -0.7249
...    74 G-C ...
   29.5097 -164.1236   58.2940
    0.8018    0.4513    0.3916
    0.1822   -0.8089    0.5590
    0.5691   -0.3769   -0.7308
...    75 C-G ...
   31.7069 -164.8756   55.6919
    0.7577   -0.1116    0.6430
   -0.3059   -0.9310    0.1989
    0.5765   -0.3474   -0.7396
...    76 T-A ...
   34.1972 -165.7682   53.3796
    0.4454   -0.6485    0.6173
   -0.6621   -0.7027   -0.2605
    0.6026   -0.2927   -0.7424
...    77 T-A ...
   36.4234 -166.4877   51.0743
   -0.0006   -0.9618    0.2736
   -0.8074   -0.1609   -0.5676
    0.5900   -0.2212   -0.7765
...    78 T-A ...
   38.6275 -167.1140   48.6921
   -0.4550   -0.8769   -0.1550
   -0.6668    0.4509   -0.5934
    0.5902   -0.1667   -0.7899
...    79 A-T ...
   40.5404 -167.3809   45.8425
   -0.7842   -0.3610   -0.5047
   -0.2251    0.9235   -0.3108
    0.5782   -0.1301   -0.8054
...    80 T-A ...
   42.3715 -168.4336   43.3683
   -0.8039    0.1879   -0.5643
    0.2233    0.9747    0.0064
    0.5512   -0.1208   -0.8256
...    81 C-G ...
   44.1662 -168.9137   40.6951
   -0.5387    0.7550   -0.3739
    0.6688    0.6531    0.3553
    0.5124   -0.0587   -0.8567
...    82 A-T ...
   45.8571 -169.2016   37.7473
   -0.1360    0.9906    0.0116
    0.8951    0.1178    0.4299
    0.4246    0.0688   -0.9028
...    83 T-A ...
   46.7965 -168.7716   34.6422
    0.3243    0.9010    0.2882
    0.8480   -0.4119    0.3335
    0.4192    0.1363   -0.8976
...    84 G-C ...
   48.2999 -168.1255   31.6253
    0.7648    0.4235    0.4855
    0.4762   -0.8792    0.0167
    0.4339    0.2185   -0.8741
...    85 T-A ...
   49.6487 -166.8200   28.7427
    0.9148   -0.1634    0.3693
   -0.0572   -0.9577   -0.2820
    0.3997    0.2369   -0.8855
...    86 T-A ...
   50.9065 -165.7726   25.9044
    0.7143   -0.6995    0.0222
   -0.6201   -0.6473   -0.4432
    0.3243    0.3028   -0.8962
...    87 A-T ...
   51.5327 -164.5848   22.5838
    0.0488   -0.8918   -0.4498
   -0.9701    0.0649   -0.2339
    0.2377    0.4477   -0.8620
...    88 T-A ...
   52.9496 -163.2659   19.8898
   -0.4736   -0.7043   -0.5289
   -0.8524    0.5175    0.0741
    0.2215    0.4860   -0.8454
...    89 A-T ...
   53.6100 -161.2015   17.1588
   -0.9285   -0.1428   -0.3427
   -0.2984    0.8362    0.4601
    0.2209    0.5295   -0.8191
...    90 A-T ...
   54.2849 -159.6368   14.4601
   -0.9388    0.3433    0.0286
    0.2952    0.7587    0.5807
    0.1776    0.5536   -0.8136
...    91 C-G ...
   54.4883 -158.1610   11.4591
   -0.6175    0.6770    0.4003
    0.7749    0.4364    0.4573
    0.1349    0.5926   -0.7941
...    92 G-C ...
   55.0934 -155.7991    9.2356
   -0.0875    0.7067    0.7020
    0.9951    0.0290    0.0948
    0.0467    0.7069   -0.7058
...    93 G-C ...
   55.2862 -152.9137    7.5909
    0.4706    0.5107    0.7195
    0.8823   -0.2778   -0.3799
    0.0059    0.8136   -0.5814
...    94 A-T ...
   55.2323 -149.9667    5.9037
    0.9221    0.2082    0.3261
    0.3869   -0.4965   -0.7771
    0.0001    0.8427   -0.5384
...    95 A-T ...
   55.2384 -147.1271    4.3331
    0.9681   -0.0978   -0.2305
   -0.2478   -0.5075   -0.8253
   -0.0363    0.8561   -0.5156
...    96 C-G ...
   55.4116 -143.9324    3.0098
    0.6216   -0.3232   -0.7135
   -0.7792   -0.3478   -0.5214
   -0.0797    0.8801   -0.4680
...    97 A-T ...
   55.0667 -140.9812    1.3415
   -0.0399   -0.4650   -0.8844
   -0.9923   -0.0852    0.0896
   -0.1170    0.8812   -0.4581
...    98 C-G ...
   55.3385 -138.0663   -0.4332
   -0.5874   -0.4314   -0.6848
   -0.7976    0.1651    0.5802
   -0.1372    0.8869   -0.4410
...    99 T-A ...
   55.1528 -135.0818   -2.4287
   -0.9380   -0.3058   -0.1633
   -0.2741    0.3659    0.8894
   -0.2122    0.8790   -0.4270
...   100 T-A ...
   54.4015 -132.3695   -4.0713
   -0.9144   -0.0481    0.4019
    0.3363    0.4625    0.8204
   -0.2253    0.8853   -0.4067
...   101 T-A ...
   53.5675 -129.4899   -5.3386
   -0.5288    0.1521    0.8350
    0.8003    0.4171    0.4308
   -0.2828    0.8960   -0.3423
...   102 A-T ...
   52.8614 -126.3094   -6.2394
    0.1088    0.2967    0.9487
    0.9434    0.2701   -0.1927
   -0.3134    0.9160   -0.2505
...   103 T-A ...
   51.2320 -123.5755   -6.6623
    0.5781    0.3351    0.7440
    0.7537    0.1302   -0.6442
   -0.3128    0.9331   -0.1773
...   104 G-C ...
   50.2117 -120.4189   -6.9258
    0.9440    0.2565    0.2073
    0.2288   -0.0569   -0.9718
   -0.2375    0.9649   -0.1124
...   105 C-G ...
   49.5976 -117.0751   -6.9129
    0.8963    0.1820   -0.4043
   -0.3764   -0.1698   -0.9108
   -0.2344    0.9685   -0.0838
...   106 T-A ...
   49.3975 -113.5418   -7.0663
    0.4763    0.0759   -0.8760
   -0.8568   -0.1840   -0.4817
   -0.1977    0.9800   -0.0226
...   107 T-A ...
   49.0009 -110.3223   -7.0826
   -0.1353   -0.0219   -0.9906
   -0.9690   -0.2055    0.1369
   -0.2065    0.9784    0.0066
...   108 C-G ...
   48.5027 -106.9172   -7.0487
   -0.7391   -0.1294   -0.6610
   -0.6386   -0.1774    0.7488
   -0.2142    0.9756    0.0485
...   109 C-G ...
   48.0592 -103.6384   -6.6766
   -0.9334   -0.3317   -0.1370
   -0.1081   -0.1041    0.9887
   -0.3422    0.9376    0.0613
...   110 G-C ...
   47.1934 -100.6355   -6.0179
   -0.7841   -0.4634    0.4128
    0.4286    0.0767    0.9002
   -0.4489    0.8828    0.1385
...   111 G-C ...
   45.5491  -97.7967   -5.4977
   -0.3383   -0.4362    0.8338
    0.8007    0.3321    0.4986
   -0.4944    0.8363    0.2370
...   112 C-G ...
   43.4027  -95.4141   -4.5394
    0.2205   -0.2192    0.9504
    0.8373    0.5423   -0.0692
   -0.5003    0.8111    0.3031
...   113 T-A ...
   41.6352  -92.8699   -3.3162
    0.6880    0.0567    0.7235
    0.5435    0.6204   -0.5654
   -0.4809    0.7822    0.3960
...   114 C-G ...
   40.5433  -90.0810   -1.9580
    0.8850    0.4118    0.2173
   -0.0449    0.5400   -0.8405
   -0.4634    0.7341    0.4963
...   115 G-C ...
   39.0784  -87.3496   -0.6963
    0.6723    0.6438   -0.3654
   -0.6213    0.2222   -0.7514
   -0.4026    0.7322    0.5494
...   116 T-A ...
   38.4906  -84.7196    1.4548
    0.1991    0.6482   -0.7350
   -0.8988   -0.1780   -0.4005
   -0.3904    0.7404    0.5472
...   117 A-T ...
   37.3585  -82.1998    3.4229
   -0.4442    0.4046   -0.7994
   -0.8095   -0.5637    0.1645
   -0.3840    0.7201    0.5779
...   118 T-A ...
   36.6167  -79.4397    5.1268
   -0.8271    0.0615   -0.5587
   -0.4291   -0.7112    0.5569
   -0.3631    0.7003    0.6146
...   119 A-T ...
   35.5730  -77.3062    7.7673
   -0.9023   -0.4246    0.0740
    0.3321   -0.5755    0.7473
   -0.2747    0.6989    0.6603
...   120 A-T ...
   34.5830  -74.9088    9.7540
   -0.5145   -0.7155    0.4725
    0.8067   -0.2170    0.5497
   -0.2908    0.6640    0.6888
...   121 T-A ...
   33.1143  -72.7603   11.8185
    0.0127   -0.7311    0.6821
    0.9572    0.2061    0.2030
   -0.2890    0.6504    0.7025
...   122 G-C ...
   32.2118  -70.5815   14.4369
    0.6489   -0.5076    0.5668
    0.7217    0.6467   -0.2471
   -0.2411    0.5694    0.7859
...   123 T-A ...
   31.3427  -69.1989   17.3022
    0.9422   -0.0890    0.3231
    0.2494    0.8303   -0.4984
   -0.2238    0.5502    0.8045
...   124 G-C ...
   30.7265  -67.3333   20.0932
    0.8990    0.4258   -0.1020
   -0.4084    0.7316   -0.5459
   -0.1578    0.5324    0.8316
...   125 T-A ...
   30.5467  -65.9357   23.0089
    0.5305    0.7424   -0.4091
   -0.8386    0.3891   -0.3812
   -0.1239    0.5453    0.8290
...   126 C-G ...
   30.2571  -64.1154   25.6343
   -0.0975    0.8361   -0.5399
   -0.9895   -0.1395   -0.0374
   -0.1065    0.5306    0.8409
...   127 G-C ...
   29.1957  -62.6163   28.5141
   -0.6774    0.5524   -0.4857
   -0.7250   -0.6129    0.3142
   -0.1241    0.5650    0.8157
...   128 A-T ...
   28.9445  -60.8480   31.1777
   -0.9806    0.0641   -0.1855
   -0.1542   -0.8362    0.5263
   -0.1214    0.5447    0.8298
...   129 C-G ...
   28.5452  -58.4640   33.4550
   -0.8961   -0.4305    0.1078
    0.4171   -0.7340    0.5359
   -0.1516    0.5252    0.8373
...   130 C-G ...
   27.6666  -56.6018   36.1744
   -0.4858   -0.8182    0.3074
    0.8459   -0.3516    0.4011
   -0.2201    0.4549    0.8629
...   131 A-T ...
   27.8614  -55.1826   39.3510
    0.1692   -0.8909    0.4215
    0.9619    0.2424    0.1263
   -0.2146    0.3841    0.8980
...   132 A-T ...
   27.1282  -54.0552   42.3503
    0.7174   -0.5750    0.3934
    0.6646    0.7342   -0.1387
   -0.2091    0.3610    0.9088
...   133 A-T ...
   26.2606  -53.1881   45.4055
    0.9654   -0.0022    0.2607
    0.0968    0.9316   -0.3505
   -0.2421    0.3636    0.8996
...   134 T-A ...
   25.6309  -52.5797   48.6349
    0.8597    0.5096    0.0340
   -0.4497    0.7867   -0.4230
   -0.2423    0.3484    0.9055
...   135 G-C ...
   25.2860  -52.4981   52.0750
    0.3205    0.9427   -0.0927
   -0.8825    0.2616   -0.3908
   -0.3442    0.2071    0.9158
...   136 T-A ...
   25.5357  -52.9668   55.8002
   -0.2443    0.9563   -0.1608
   -0.8908   -0.2868   -0.3525
   -0.3832    0.0571    0.9219
...   137 G-C ...
   24.9039  -52.7260   58.9821
   -0.7529    0.5562   -0.3519
   -0.5214   -0.8303   -0.1968
   -0.4017    0.0354    0.9151
...   138 A-T ...
   24.0251  -51.6261   61.9211
   -0.9563    0.0400   -0.2896
   -0.0523   -0.9980    0.0347
   -0.2877    0.0483    0.9565
...   139 G-C ...
   22.3575  -51.2300   64.4909
   -0.8529   -0.5117   -0.1032
    0.4973   -0.8566    0.1372
   -0.1586    0.0657    0.9852
...   140 C-G ...
   22.1610  -50.1386   67.4618
   -0.4681   -0.8749    0.1247
    0.8495   -0.4066    0.3363
   -0.2435    0.2633    0.9335
...   141 G-C ...
   21.4367  -51.8165   72.7856
    0.1304   -0.7141   -0.6877
    0.8897   -0.2218    0.3990
   -0.4375   -0.6639    0.6065
...   142 C-G ...
   20.4356  -54.2995   74.5395
    0.5847   -0.7390   -0.3347
    0.7593    0.3532    0.5466
   -0.2857   -0.5737    0.7676
...   143 T-A ...
   18.4379  -55.5191   76.5273
    0.8548   -0.5006    0.1370
    0.3188    0.7147    0.6225
   -0.4096   -0.4884    0.7705
...   144 C-G ...
   16.8486  -57.7127   78.2648
    0.8529   -0.0846    0.5152
   -0.1509    0.9047    0.3983
   -0.4998   -0.4175    0.7589
...   145 A-T ...
   15.7934  -59.5519   80.7963
    0.5515    0.4995    0.6681
   -0.6739    0.7388    0.0040
   -0.4915   -0.4525    0.7441
...   146 C-G ...
   15.7412  -61.4840   83.9296
    0.0342    0.7400    0.6718
   -0.8637    0.3601   -0.3527
   -0.5029   -0.5681    0.6514
...   147 A-T ...
   14.7482  -63.4171   86.8165
   -0.5923    0.6746    0.4405
   -0.6886   -0.1400   -0.7115
   -0.4183   -0.7247    0.5475
