  147 base-pairs
...     1 T-A ...
    0.0000    0.0000    0.0000
    1.0000    0.0000    0.0000
    0.0000    1.0000    0.0000
    0.0000    0.0000    1.0000
...     2 G-C ...
   -0.5555   -1.1003    3.3981
    0.7749    0.6051    0.1828
   -0.5991    0.7953   -0.0929
   -0.2016   -0.0375    0.9787
...     3 T-A ...
   -0.6619   -3.0237    6.5348
    0.3046    0.9250    0.2271
   -0.8994    0.3578   -0.2510
   -0.3134   -0.1278    0.9410
...     4 G-C ...
   -1.1607   -3.8418    9.6940
   -0.3351    0.9421    0.0133
   -0.8752   -0.3061   -0.3746
   -0.3489   -0.1372    0.9271
...     5 A-T ...
   -1.3881   -3.6770   12.8999
   -0.7835    0.6162   -0.0801
   -0.5677   -0.7622   -0.3109
   -0.2527   -0.1981    0.9470
...     6 G-C ...
   -2.6236   -3.5448   15.7072
   -0.9923    0.0611   -0.1075
   -0.0294   -0.9610   -0.2748
   -0.1201   -0.2695    0.9555
...     7 C-G ...
   -2.3138   -3.7570   18.8866
   -0.8620   -0.4995   -0.0864
    0.5008   -0.8655    0.0073
   -0.0785   -0.0370    0.9962
...     8 G-C ...
   -3.9561   -6.8109   23.3205
   -0.2581   -0.3560   -0.8981
    0.6294   -0.7673    0.1233
   -0.7330   -0.5335    0.4221
...     9 C-G ...
   -6.1177   -8.9414   24.2385
    0.1143   -0.7320   -0.6716
    0.8123   -0.3203    0.4874
   -0.5720   -0.6013    0.5580
...    10 T-A ...
   -8.5041   -9.6771   26.0540
    0.4660   -0.8587   -0.2131
    0.6274    0.1508    0.7640
   -0.6239   -0.4897    0.6090
...    11 C-G ...
  -11.0625  -11.3174   27.2336
    0.6660   -0.6911    0.2808
    0.3382    0.6152    0.7121
   -0.6649   -0.3794    0.6435
...    12 A-T ...
  -13.0013  -13.1789   29.0658
    0.7188   -0.1490    0.6790
   -0.1787    0.9043    0.3876
   -0.6718   -0.4000    0.6235
...    13 C-G ...
  -14.1788  -15.9359   31.3399
    0.4052    0.2865    0.8682
   -0.5270    0.8492   -0.0343
   -0.7470   -0.4437    0.4951
...    14 A-T ...
  -15.9532  -18.1566   33.3080
   -0.1503    0.6873    0.7107
   -0.6106    0.5008   -0.6135
   -0.7776   -0.5261    0.3444
...    15 A-T ...
  -18.3821  -19.8978   34.6042
   -0.5000    0.8406    0.2085
   -0.4035   -0.0131   -0.9149
   -0.7663   -0.5415    0.3458
...    16 T-A ...
  -20.6866  -21.5974   36.4671
   -0.6818    0.6620   -0.3112
   -0.0464   -0.4637   -0.8848
   -0.7301   -0.5888    0.3469
...    17 T-A ...
  -23.0540  -23.3263   37.9453
   -0.6132    0.2189   -0.7590
    0.3913   -0.7505   -0.5326
   -0.6862   -0.6236    0.3746
...    18 T-A ...
  -25.3798  -25.1839   39.3147
   -0.2749   -0.2623   -0.9250
    0.6871   -0.7266    0.0018
   -0.6726   -0.6350    0.3800
...    19 A-T ...
  -27.3687  -27.5650   40.6733
    0.2401   -0.6228   -0.7447
    0.7183   -0.4021    0.5678
   -0.6530   -0.6712    0.3508
...    20 T-A ...
  -29.9059  -29.5817   41.3151
    0.5926   -0.7311   -0.3381
    0.4892   -0.0068    0.8722
   -0.6399   -0.6822    0.3536
...    21 T-A ...
  -32.0387  -31.8755   42.2246
    0.7794   -0.5864    0.2207
    0.0456    0.4043    0.9135
   -0.6249   -0.7019    0.3418
...    22 C-G ...
  -33.9566  -34.2675   43.4125
    0.6778   -0.2024    0.7068
   -0.4451    0.6522    0.6136
   -0.5852   -0.7305    0.3520
...    23 G-C ...
  -35.8589  -36.3712   45.3271
    0.3852    0.2997    0.8728
   -0.7984    0.5825    0.1524
   -0.4627   -0.7556    0.4637
...    24 C-G ...
  -37.0033  -39.0079   46.9291
   -0.0759    0.6002    0.7963
   -0.8857    0.3263   -0.3303
   -0.4581   -0.7303    0.5068
...    25 A-T ...
  -39.0658  -41.3420   48.2771
   -0.6020    0.6828    0.4140
   -0.6528   -0.1223   -0.7476
   -0.4598   -0.7203    0.5194
...    26 A-T ...
  -40.5023  -43.6299   50.1720
   -0.8865    0.4526   -0.0959
   -0.1619   -0.4976   -0.8521
   -0.4334   -0.7399    0.5145
...    27 A-T ...
  -41.8218  -45.9090   52.1278
   -0.8218    0.0325   -0.5689
    0.4197   -0.6408   -0.6428
   -0.3854   -0.7670    0.5129
...    28 G-C ...
  -43.4407  -48.2304   54.0058
   -0.4298   -0.2907   -0.8548
    0.8041   -0.5539   -0.2159
   -0.4107   -0.7802    0.4718
...    29 G-C ...
  -45.1080  -50.8377   55.5709
    0.1601   -0.4908   -0.8564
    0.9042   -0.2751    0.3267
   -0.3959   -0.8267    0.3998
...    30 C-G ...
  -46.6968  -53.5293   56.6044
    0.6698   -0.5019   -0.5472
    0.6493    0.0383    0.7596
   -0.3603   -0.8641    0.3515
...    31 C-G ...
  -47.9596  -56.4557   57.5880
    0.9481   -0.3139   -0.0512
    0.1451    0.2836    0.9479
   -0.2831   -0.9061    0.3144
...    32 G-C ...
  -48.5175  -59.2411   58.9326
    0.9047   -0.0127    0.4258
   -0.3948    0.3504    0.8493
   -0.1600   -0.9365    0.3120
...    33 G-C ...
  -48.5017  -62.4142   60.1148
    0.5305    0.2379    0.8137
   -0.8432    0.2468    0.4776
   -0.0872   -0.9394    0.3315
...    34 C-G ...
  -48.3513  -65.4828   61.3370
   -0.0488    0.3639    0.9302
   -0.9973    0.0340   -0.0656
   -0.0555   -0.9308    0.3613
...    35 C-G ...
  -48.3763  -68.4946   62.9907
   -0.6233    0.3279    0.7099
   -0.7809   -0.2145   -0.5867
   -0.0401   -0.9201    0.3897
...    36 C-G ...
  -48.4131  -71.5131   64.6230
   -0.9618    0.1686    0.2159
   -0.2664   -0.3924   -0.8804
   -0.0637   -0.9042    0.4223
...    37 G-C ...
  -48.3221  -75.0461   64.9956
   -0.9272   -0.0433   -0.3722
    0.3588   -0.3886   -0.8487
   -0.1079   -0.9204    0.3758
...    38 A-T ...
  -48.5211  -77.9372   66.3060
   -0.5282   -0.2567   -0.8094
    0.8445   -0.2585   -0.4691
   -0.0888   -0.9313    0.3533
...    39 C-G ...
  -49.2850  -80.8589   67.3773
    0.0087   -0.3000   -0.9539
    0.9953   -0.0899    0.0373
   -0.0970   -0.9497    0.2978
...    40 A-T ...
  -49.5518  -84.1276   68.2288
    0.6074   -0.1999   -0.7688
    0.7925    0.0856    0.6038
   -0.0549   -0.9761    0.2104
...    41 C-G ...
  -49.7886  -87.4162   68.3383
    0.9376   -0.0615   -0.3422
    0.3476    0.1547    0.9248
   -0.0039   -0.9860    0.1665
...    42 G-C ...
  -49.5249  -90.6259   69.3275
    0.9529    0.1120    0.2818
   -0.2924    0.0928    0.9518
    0.0805   -0.9894    0.1212
...    43 A-T ...
  -49.2043  -93.8014   69.6715
    0.5825    0.1380    0.8010
   -0.8087   -0.0014    0.5883
    0.0824   -0.9904    0.1108
...    44 C-G ...
  -48.3243  -97.0081   69.8350
    0.0401    0.1406    0.9893
   -0.9934   -0.1005    0.0546
    0.1071   -0.9850    0.1356
...    45 T-A ...
  -47.2494 -100.4156   70.5482
   -0.5537    0.0609    0.8305
   -0.8259   -0.1673   -0.5384
    0.1061   -0.9840    0.1429
...    46 T-A ...
  -46.6425 -103.5496   71.1344
   -0.9189   -0.0813    0.3859
   -0.3737   -0.1332   -0.9179
    0.1260   -0.9878    0.0920
...    47 A-T ...
  -46.1189 -106.9339   70.9609
   -0.9264   -0.1749   -0.3334
    0.3418   -0.0193   -0.9396
    0.1579   -0.9844    0.0777
...    48 C-G ...
  -45.9229 -110.1516   71.8007
   -0.5959   -0.1211   -0.7939
    0.7911    0.0819   -0.6062
    0.1385   -0.9893    0.0470
...    49 T-A ...
  -45.8389 -113.5416   71.9578
   -0.0701    0.0345   -0.9969
    0.9907    0.1195   -0.0656
    0.1169   -0.9922   -0.0425
...    50 G-C ...
  -45.3249 -116.8875   71.5156
    0.4939    0.2516   -0.8323
    0.8542    0.0385    0.5185
    0.1626   -0.9671   -0.1959
...    51 T-A ...
  -45.0882 -119.9017   70.4317
    0.8579    0.2885   -0.4251
    0.4735   -0.1230    0.8722
    0.1994   -0.9495   -0.2421
...    52 A-T ...
  -44.1260 -123.1122   69.8929
    0.9520    0.1994    0.2321
   -0.1578   -0.3299    0.9307
    0.2621   -0.9227   -0.2827
...    53 G-C ...
  -43.1174 -126.0215   68.8139
    0.6957    0.0504    0.7165
   -0.6329   -0.4286    0.6447
    0.3396   -0.9021   -0.2663
...    54 G-C ...
  -41.1755 -128.8941   67.7538
    0.1751   -0.1666    0.9704
   -0.9058   -0.4134    0.0925
    0.3858   -0.8952   -0.2233
...    55 T-A ...
  -39.4491 -131.6758   67.2027
   -0.3367   -0.3842    0.8597
   -0.8541   -0.2596   -0.4506
    0.3963   -0.8860   -0.2407
...    56 A-T ...
  -37.8857 -134.6283   66.5561
   -0.7987   -0.4617    0.3858
   -0.4563    0.0468   -0.8886
    0.3922   -0.8858   -0.2481
...    57 T-A ...
  -36.3845 -137.5644   66.4246
   -0.9076   -0.3853   -0.1671
    0.0435    0.3095   -0.9499
    0.4177   -0.8694   -0.2641
...    58 C-G ...
  -35.1232 -140.6498   65.6820
   -0.6747   -0.0779   -0.7340
    0.6122    0.4966   -0.6154
    0.4124   -0.8645   -0.2874
...    59 T-A ...
  -34.0468 -143.6474   64.6368
   -0.2577    0.2761   -0.9259
    0.8875    0.4466   -0.1139
    0.3820   -0.8511   -0.3601
...    60 C-G ...
  -32.6976 -146.4270   63.3483
    0.3052    0.5325   -0.7895
    0.8783    0.1630    0.4495
    0.3680   -0.8306   -0.4179
...    61 G-C ...
  -30.8178 -148.9695   62.0703
    0.6445    0.6972   -0.3138
    0.6060   -0.2156    0.7657
    0.4662   -0.6837   -0.5615
...    62 A-T ...
  -29.0867 -151.1825   60.1722
    0.8641    0.4453    0.2347
    0.1036   -0.6136    0.7828
    0.4925   -0.6521   -0.5764
...    63 G-C ...
  -27.2666 -153.1654   58.1839
    0.7585    0.0586    0.6490
   -0.3711   -0.7799    0.5041
    0.5357   -0.6232   -0.5698
...    64 C-G ...
  -25.0718 -154.9758   56.1985
    0.3758   -0.4244    0.8238
   -0.7411   -0.6714   -0.0079
    0.5564   -0.6075   -0.5669
...    65 T-A ...
  -23.1410 -156.9888   54.3801
   -0.0979   -0.7442    0.6608
   -0.8096   -0.3267   -0.4877
    0.5788   -0.5827   -0.5705
...    66 C-G ...
  -21.2700 -158.9158   52.3226
   -0.5799   -0.7931    0.1864
   -0.5702    0.2318   -0.7881
    0.5818   -0.5633   -0.5866
...    67 G-C ...
  -19.7797 -160.3042   49.4139
   -0.8234   -0.4789   -0.3045
   -0.1140    0.6653   -0.7379
    0.5559   -0.5728   -0.6024
...    68 G-C ...
  -17.7084 -162.1849   47.4833
   -0.7739    0.0534   -0.6311
    0.3614    0.8555   -0.3708
    0.5201   -0.5150   -0.6814
...    69 G-C ...
  -16.0525 -164.0843   45.2472
   -0.5011    0.5804   -0.6419
    0.7353    0.6767    0.0379
    0.4564   -0.4529   -0.7659
...    70 A-T ...
  -14.7185 -165.6738   42.6388
    0.0154    0.8967   -0.4424
    0.8914    0.1882    0.4124
    0.4530   -0.4007   -0.7964
...    71 T-A ...
  -13.7775 -166.8472   39.7137
    0.4634    0.8783   -0.1181
    0.7560   -0.3222    0.5697
    0.4623   -0.3533   -0.8133
...    72 C-G ...
  -12.2772 -167.7261   36.8523
    0.8102    0.5140    0.2817
    0.3373   -0.8019    0.4932
    0.4794   -0.3046   -0.8231
...    73 C-G ...
  -10.3786 -168.4050   34.2074
    0.8226    0.0084    0.5685
   -0.1343   -0.9687    0.2087
    0.5525   -0.2480   -0.7958
...    74 G-C ...
   -8.5459 -169.6659   31.6982
    0.5413   -0.5668    0.6211
   -0.5742   -0.7888   -0.2194
    0.6142   -0.2378   -0.7524
...    75 C-G ...
   -6.0140 -170.3106   29.3833
    0.0980   -0.9260    0.3646
   -0.7750   -0.3008   -0.5558
    0.6244   -0.2281   -0.7471
...    76 T-A ...
   -3.5192 -171.2547   27.1223
   -0.3779   -0.9245   -0.0494
   -0.6617    0.3070   -0.6841
    0.6476   -0.2258   -0.7277
...    77 T-A ...
   -1.1969 -172.1318   24.9753
   -0.6643   -0.5599   -0.4952
   -0.3123    0.8098   -0.4966
    0.6791   -0.1752   -0.7128
...    78 T-A ...
    1.1237 -172.8638   22.7538
   -0.7163    0.0327   -0.6970
    0.1297    0.9877   -0.0869
    0.6856   -0.1527   -0.7117
...    79 A-T ...
    3.6182 -172.9183   20.4043
   -0.5544    0.6557   -0.5125
    0.5557    0.7501    0.3585
    0.6195   -0.0861   -0.7802
...    80 A-T ...
    5.4188 -173.2075   17.8047
   -0.1756    0.9709   -0.1629
    0.7831    0.2380    0.5746
    0.5966   -0.0266   -0.8021
...    81 C-G ...
    6.8892 -173.2350   14.7725
    0.2691    0.9411    0.2047
    0.7559   -0.3381    0.5606
    0.5968    0.0039   -0.8024
...    82 A-T ...
    9.0887 -172.9185   12.1583
    0.6168    0.5382    0.5744
    0.4734   -0.8366    0.2755
    0.6289    0.1020   -0.7708
...    83 C-G ...
   11.2101 -171.8427    9.7392
    0.7661   -0.0194    0.6424
    0.0773   -0.9895   -0.1220
    0.6380    0.1431   -0.7566
...    84 T-A ...
   13.6437 -170.6405    7.3066
    0.6587   -0.6122    0.4373
   -0.3795   -0.7723   -0.5095
    0.6496    0.1696   -0.7411
...    85 T-A ...
   15.9272 -169.8195    5.0721
    0.3443   -0.9376   -0.0485
   -0.7083   -0.2255   -0.6690
    0.6163    0.2647   -0.7417
...    86 T-A ...
   18.1700 -168.8151    2.8788
   -0.1293   -0.8448   -0.5193
   -0.7871    0.4060   -0.4645
    0.6032    0.3487   -0.7174
...    87 T-A ...
   20.2680 -167.5357    0.7154
   -0.5526   -0.3754   -0.7441
   -0.5615    0.8275   -0.0005
    0.6159    0.4175   -0.6681
...    88 C-G ...
   22.4772 -165.7651   -1.2324
   -0.8051    0.2174   -0.5519
   -0.1082    0.8610    0.4969
    0.5832    0.4598   -0.6697
...    89 A-T ...
   24.7986 -163.8135   -2.9041
   -0.7762    0.6289   -0.0459
    0.3931    0.5395    0.7446
    0.4930    0.5599   -0.6660
...    90 T-A ...
   26.0564 -162.0811   -5.3783
   -0.4929    0.7716    0.4022
    0.7483    0.1400    0.6485
    0.4440    0.6205   -0.6463
...    91 G-C ...
   27.5676 -159.6765   -7.4714
    0.0161    0.5920    0.8058
    0.9166   -0.3307    0.2246
    0.3994    0.7350   -0.5480
...    92 T-A ...
   28.3695 -156.8516   -9.1664
    0.5212    0.2918    0.8020
    0.7634   -0.5796   -0.2853
    0.3816    0.7609   -0.5248
...    93 T-A ...
   29.4810 -154.2487  -10.7028
    0.8786   -0.0983    0.4673
    0.3165   -0.6129   -0.7240
    0.3576    0.7840   -0.5074
...    94 A-T ...
   30.6552 -151.6411  -12.7890
    0.8687   -0.4226   -0.2583
   -0.4223   -0.3596   -0.8320
    0.2587    0.8319   -0.4909
...    95 T-A ...
   31.9022 -148.7408  -13.8218
    0.5211   -0.5023   -0.6900
   -0.8228   -0.0806   -0.5626
    0.2270    0.8609   -0.4553
...    96 A-T ...
   32.2009 -145.4540  -15.2208
   -0.2423   -0.2549   -0.9361
   -0.9508    0.2544    0.1768
    0.1931    0.9329   -0.3040
...    97 A-T ...
   33.0018 -142.4369  -16.1566
   -0.7654    0.0044   -0.6436
   -0.6126    0.3016    0.7306
    0.1973    0.9534   -0.2281
...    98 C-G ...
   34.0322 -139.3985  -17.3346
   -0.9799    0.1701   -0.1039
   -0.0666    0.2116    0.9751
    0.1878    0.9624   -0.1960
...    99 G-C ...
   34.5533 -136.1615  -17.5248
   -0.8569    0.1193    0.5015
    0.5103    0.0593    0.8579
    0.0727    0.9911   -0.1117
...   100 G-C ...
   34.4061 -132.8802  -17.6624
   -0.4443   -0.0011    0.8959
    0.8953    0.0370    0.4440
   -0.0336    0.9993   -0.0155
...   101 A-T ...
   34.0440 -129.5816  -17.5516
    0.1782   -0.0738    0.9812
    0.9821    0.0753   -0.1727
   -0.0611    0.9944    0.0859
...   102 A-T ...
   33.6816 -126.3888  -17.0285
    0.7164   -0.0419    0.6964
    0.6951    0.1292   -0.7072
   -0.0603    0.9907    0.1217
...   103 T-A ...
   33.2163 -123.2489  -15.9976
    0.9775    0.0377    0.2075
    0.1991    0.1599   -0.9669
   -0.0696    0.9864    0.1488
...   104 G-C ...
   33.1956 -120.0114  -15.2667
    0.8965    0.0433   -0.4408
   -0.4422    0.1460   -0.8850
    0.0260    0.9883    0.1501
...   105 C-G ...
   33.6178 -116.7243  -14.5619
    0.4704    0.1302   -0.8728
   -0.8820    0.1014   -0.4602
    0.0286    0.9863    0.1626
...   106 T-A ...
   34.2084 -113.3114  -14.0768
   -0.1501    0.1772   -0.9727
   -0.9867    0.0351    0.1586
    0.0622    0.9835    0.1696
...   107 T-A ...
   34.6104 -110.1424  -13.5937
   -0.6981    0.1659   -0.6965
   -0.7142   -0.0932    0.6937
    0.0501    0.9817    0.1835
...   108 C-G ...
   34.9036 -106.7965  -13.1073
   -0.9926    0.0441   -0.1135
   -0.1201   -0.2010    0.9722
    0.0201    0.9786    0.2048
...   109 C-G ...
   35.2801 -103.5726  -12.4252
   -0.8910   -0.2181    0.3982
    0.4418   -0.2137    0.8713
   -0.1049    0.9522    0.2868
...   110 G-C ...
   35.1584 -100.6690  -11.1726
   -0.4937   -0.4382    0.7512
    0.8479   -0.0505    0.5278
   -0.1933    0.8975    0.3964
...   111 G-C ...
   34.2810  -97.8725   -9.5952
    0.0936   -0.4818    0.8713
    0.9716    0.2354    0.0258
   -0.2175    0.8441    0.4901
...   112 C-G ...
   33.1716  -95.4934   -7.4916
    0.6448   -0.3042    0.7012
    0.7348    0.4995   -0.4590
   -0.2106    0.8112    0.5456
...   113 T-A ...
   32.4545  -92.9541   -5.4704
    0.9529   -0.0109    0.3029
    0.2418    0.6301   -0.7379
   -0.1829    0.7764    0.6031
...   114 C-G ...
   32.1934  -90.2213   -3.6428
    0.8989    0.3805   -0.2174
   -0.4117    0.5636   -0.7161
   -0.1499    0.7332    0.6633
...   115 G-C ...
   31.4766  -87.5561   -1.7780
    0.4503    0.6372   -0.6254
   -0.8863    0.2341   -0.3996
   -0.1082    0.7342    0.6702
...   116 T-A ...
   31.8950  -84.9489    0.4236
   -0.1318    0.6445   -0.7531
   -0.9848   -0.1720    0.0251
   -0.1134    0.7450    0.6574
...   117 A-T ...
   31.7594  -82.3783    2.6524
   -0.7242    0.3868   -0.5709
   -0.6779   -0.5511    0.4865
   -0.1265    0.7394    0.6613
...   118 T-A ...
   31.7143  -79.5737    4.3991
   -0.9762    0.0452   -0.2119
   -0.1841   -0.6892    0.7008
   -0.1144    0.7231    0.6812
...   119 A-T ...
   31.5145  -77.3673    7.0712
   -0.8431   -0.4285    0.3249
    0.5294   -0.5552    0.6414
   -0.0945    0.7128    0.6950
...   120 A-T ...
   31.0157  -74.9722    9.2215
   -0.3674   -0.7171    0.5923
    0.9215   -0.1943    0.3363
   -0.1261    0.6693    0.7322
...   121 T-A ...
   30.0150  -72.8340   11.5589
    0.1872   -0.7210    0.6672
    0.9735    0.2272   -0.0276
   -0.1316    0.6547    0.7444
...   122 G-C ...
   29.6138  -70.7016   14.2921
    0.7657   -0.4827    0.4251
    0.6377    0.6560   -0.4037
   -0.0840    0.5802    0.8101
...   123 T-A ...
   29.2854  -69.2885   17.2642
    0.9889   -0.0602    0.1358
    0.1257    0.8257   -0.5500
   -0.0791    0.5609    0.8241
...   124 G-C ...
   29.1055  -67.4179   20.0975
    0.8527    0.4502   -0.2648
   -0.5217    0.7079   -0.4761
   -0.0269    0.5442    0.8386
...   125 T-A ...
   29.3710  -65.9966   23.0040
    0.4314    0.7505   -0.5007
   -0.9022    0.3552   -0.2449
   -0.0059    0.5573    0.8303
...   126 C-G ...
   29.4277  -64.1849   25.6499
   -0.2077    0.8204   -0.5327
   -0.9782   -0.1732    0.1146
    0.0018    0.5449    0.8385
...   127 G-C ...
   28.7534  -62.6529   28.6061
   -0.7416    0.5149   -0.4300
   -0.6684   -0.6213    0.4089
   -0.0566    0.5907    0.8049
...   128 A-T ...
   28.7327  -60.8182   31.2173
   -0.9946    0.0326   -0.0985
   -0.0827   -0.8219    0.5637
   -0.0626    0.5688    0.8201
...   129 C-G ...
   28.4381  -58.3786   33.4343
   -0.8740   -0.4474    0.1896
    0.4752   -0.7057    0.5255
   -0.1013    0.5494    0.8294
...   130 C-G ...
   27.6009  -56.4626   36.1331
   -0.4528   -0.8183    0.3542
    0.8729   -0.3258    0.3632
   -0.1818    0.4736    0.8618
...   131 A-T ...
   27.7575  -55.0950   39.2929
    0.1874   -0.8902    0.4153
    0.9636    0.2487    0.0981
   -0.1906    0.3818    0.9044
...   132 A-T ...
   27.0750  -54.0137   42.3218
    0.7257   -0.5740    0.3793
    0.6606    0.7354   -0.1510
   -0.1923    0.3602    0.9128
...   133 A-T ...
   26.2466  -53.1589   45.3896
    0.9682   -0.0005    0.2501
    0.0915    0.9314   -0.3524
   -0.2328    0.3641    0.9018
...   134 T-A ...
   25.6308  -52.5797   48.6348
    0.8597    0.5096    0.0340
   -0.4497    0.7867   -0.4230
   -0.2423    0.3484    0.9055
...   135 G-C ...
   25.2859  -52.4981   52.0749
    0.3205    0.9427   -0.0927
   -0.8825    0.2616   -0.3908
   -0.3442    0.2071    0.9158
...   136 T-A ...
   25.5356  -52.9668   55.8001
   -0.2443    0.9563   -0.1608
   -0.8908   -0.2868   -0.3525
   -0.3832    0.0571    0.9219
...   137 G-C ...
   24.9037  -52.7260   58.9820
   -0.7529    0.5562   -0.3519
   -0.5214   -0.8303   -0.1968
   -0.4017    0.0354    0.9151
...   138 A-T ...
   24.0249  -51.6261   61.9210
   -0.9563    0.0400   -0.2896
   -0.0523   -0.9980    0.0347
   -0.2877    0.0483    0.9565
...   139 G-C ...
   22.3574  -51.2300   64.4908
   -0.8529   -0.5117   -0.1032
    0.4973   -0.8566    0.1372
   -0.1586    0.0657    0.9852
...   140 C-G ...
   22.1608  -50.1386   67.4617
   -0.4681   -0.8749    0.1247
    0.8495   -0.4066    0.3363
   -0.2435    0.2633    0.9335
...   141 G-C ...
   21.4366  -51.8164   72.7855
    0.1304   -0.7141   -0.6877
    0.8897   -0.2218    0.3990
   -0.4375   -0.6639    0.6065
...   142 C-G ...
   20.4355  -54.2994   74.5394
    0.5847   -0.7390   -0.3347
    0.7593    0.3532    0.5466
   -0.2857   -0.5737    0.7676
...   143 T-A ...
   18.4378  -55.5190   76.5272
    0.8548   -0.5006    0.1370
    0.3188    0.7147    0.6225
   -0.4096   -0.4884    0.7705
...   144 C-G ...
   16.8485  -57.7127   78.2647
    0.8529   -0.0846    0.5152
   -0.1509    0.9047    0.3983
   -0.4998   -0.4175    0.7589
...   145 A-T ...
   15.7933  -59.5518   80.7962
    0.5515    0.4995    0.6681
   -0.6739    0.7388    0.0040
   -0.4915   -0.4525    0.7441
...   146 C-G ...
   15.7411  -61.4839   83.9295
    0.0342    0.7400    0.6718
   -0.8637    0.3601   -0.3527
   -0.5029   -0.5681    0.6514
...   147 A-T ...
   14.7481  -63.4171   86.8164
   -0.5923    0.6746    0.4405
   -0.6886   -0.1400   -0.7115
   -0.4183   -0.7247    0.5475
