  147 base-pairs
...     1 T-A ...
    0.0000    0.0000    0.0000
    1.0000    0.0000    0.0000
    0.0000    1.0000    0.0000
    0.0000    0.0000    1.0000
...     2 G-C ...
   -0.5555   -1.1003    3.3981
    0.7749    0.6051    0.1828
   -0.5991    0.7953   -0.0929
   -0.2016   -0.0375    0.9787
...     3 T-A ...
   -0.6619   -3.0237    6.5348
    0.3046    0.9250    0.2271
   -0.8994    0.3578   -0.2510
   -0.3134   -0.1278    0.9410
...     4 G-C ...
   -1.1607   -3.8418    9.6940
   -0.3351    0.9421    0.0133
   -0.8752   -0.3061   -0.3746
   -0.3489   -0.1372    0.9271
...     5 A-T ...
   -1.3881   -3.6770   12.8999
   -0.7835    0.6162   -0.0801
   -0.5677   -0.7622   -0.3109
   -0.2527   -0.1981    0.9470
...     6 G-C ...
   -2.6236   -3.5448   15.7072
   -0.9923    0.0611   -0.1075
   -0.0294   -0.9610   -0.2748
   -0.1201   -0.2695    0.9555
...     7 C-G ...
   -2.3138   -3.7570   18.8866
   -0.8620   -0.4995   -0.0864
    0.5008   -0.8655    0.0073
   -0.0785   -0.0370    0.9962
...     8 G-C ...
   -3.9561   -6.8109   23.3205
   -0.2581   -0.3560   -0.8981
    0.6294   -0.7673    0.1233
   -0.7330   -0.5335    0.4221
...     9 C-G ...
   -6.1177   -8.9414   24.2385
    0.1143   -0.7320   -0.6716
    0.8123   -0.3203    0.4874
   -0.5720   -0.6013    0.5580
...    10 T-A ...
   -8.5041   -9.6771   26.0540
    0.4660   -0.8587   -0.2131
    0.6274    0.1508    0.7640
   -0.6239   -0.4897    0.6090
...    11 C-G ...
  -11.0625  -11.3174   27.2336
    0.6660   -0.6911    0.2808
    0.3382    0.6152    0.7121
   -0.6649   -0.3794    0.6435
...    12 A-T ...
  -13.0013  -13.1789   29.0658
    0.7188   -0.1490    0.6790
   -0.1787    0.9043    0.3876
   -0.6718   -0.4000    0.6235
...    13 C-G ...
  -14.1788  -15.9359   31.3399
    0.4052    0.2865    0.8682
   -0.5270    0.8492   -0.0343
   -0.7470   -0.4437    0.4951
...    14 A-T ...
  -15.9532  -18.1566   33.3080
   -0.1503    0.6873    0.7107
   -0.6106    0.5008   -0.6135
   -0.7776   -0.5261    0.3444
...    15 A-T ...
  -18.3085  -19.9983   34.6395
   -0.5269    0.8225    0.2141
   -0.3847   -0.0062   -0.9230
   -0.7579   -0.5687    0.3197
...    16 T-A ...
  -20.5828  -21.7395   36.3337
   -0.6699    0.6793   -0.2998
   -0.0370   -0.4338   -0.9002
   -0.7416   -0.5919    0.3157
...    17 T-A ...
  -22.9675  -23.5716   37.6050
   -0.5760    0.2703   -0.7714
    0.3882   -0.7400   -0.5492
   -0.7193   -0.6159    0.3213
...    18 T-A ...
  -25.3860  -25.4147   38.7679
   -0.2322   -0.2203   -0.9474
    0.6663   -0.7456    0.0101
   -0.7086   -0.6289    0.3199
...    19 A-T ...
  -27.5436  -27.7542   39.9199
    0.2842   -0.6007   -0.7472
    0.6589   -0.4438    0.6074
   -0.6965   -0.6650    0.2697
...    20 T-A ...
  -30.1374  -29.7408   40.2531
    0.5993   -0.7296   -0.3296
    0.4124   -0.0715    0.9082
   -0.6862   -0.6802    0.2580
...    21 T-A ...
  -32.3722  -32.0084   40.8843
    0.7392   -0.6204    0.2623
   -0.0278    0.3609    0.9322
   -0.6729   -0.6963    0.2495
...    22 C-G ...
  -34.4260  -34.4524   41.7211
    0.5858   -0.2542    0.7696
   -0.4942    0.6406    0.5877
   -0.6424   -0.7246    0.2496
...    23 G-C ...
  -36.6910  -36.6644   42.9865
    0.2218    0.2253    0.9487
   -0.7841    0.6196    0.0362
   -0.5797   -0.7519    0.3141
...    24 C-G ...
  -38.2722  -39.3606   44.2494
   -0.2601    0.5525    0.7919
   -0.7794    0.3639   -0.5099
   -0.5700   -0.7498    0.3360
...    25 A-T ...
  -40.4111  -41.7951   45.1349
   -0.6568    0.6940    0.2950
   -0.4602   -0.0590   -0.8859
   -0.5974   -0.7176    0.3581
...    26 A-T ...
  -42.2408  -44.1131   46.5364
   -0.8207    0.4941   -0.2869
    0.0428   -0.4475   -0.8932
   -0.5697   -0.7454    0.3462
...    27 A-T ...
  -44.1168  -46.4295   47.8584
   -0.6380    0.1204   -0.7605
    0.5363   -0.6393   -0.5511
   -0.5525   -0.7595    0.3433
...    28 G-C ...
  -46.1530  -48.7973   49.0479
   -0.1883   -0.1967   -0.9622
    0.8035   -0.5942   -0.0357
   -0.5647   -0.7799    0.2699
...    29 G-C ...
  -48.2501  -51.3374   49.8277
    0.3572   -0.4155   -0.8365
    0.7597   -0.3917    0.5190
   -0.5433   -0.8209    0.1758
...    30 C-G ...
  -50.2675  -53.9851   49.9862
    0.7541   -0.5147   -0.4079
    0.4149   -0.1081    0.9034
   -0.5091   -0.8505    0.1320
...    31 C-G ...
  -51.7765  -57.0118   50.1183
    0.8969   -0.4090    0.1681
   -0.1117    0.1584    0.9810
   -0.4279   -0.8987    0.0964
...    32 G-C ...
  -53.0484  -60.0783   50.9308
    0.6913   -0.1558    0.7055
   -0.6466    0.3024    0.7003
   -0.3225   -0.9404    0.1083
...    33 G-C ...
  -53.7567  -63.3788   51.3990
    0.2068    0.0991    0.9734
   -0.9402    0.2953    0.1697
   -0.2706   -0.9503    0.1542
...    34 C-G ...
  -54.2571  -66.6482   52.0804
   -0.3718    0.2653    0.8896
   -0.8909    0.1675   -0.4223
   -0.2610   -0.9495    0.1740
...    35 C-G ...
  -55.0070  -69.8721   52.9220
   -0.8084    0.3566    0.4682
   -0.5110   -0.0306   -0.8590
   -0.2920   -0.9337    0.2070
...    36 C-G ...
  -55.9235  -73.0226   53.8729
   -0.9353    0.3300   -0.1280
    0.0523   -0.2288   -0.9721
   -0.3501   -0.9158    0.1968
...    37 G-C ...
  -56.8971  -76.2853   54.1485
   -0.6819    0.2285   -0.6948
    0.6011   -0.3661   -0.7104
   -0.4167   -0.9021    0.1123
...    38 A-T ...
  -58.2709  -79.2509   54.5926
   -0.1542    0.0042   -0.9880
    0.8955   -0.4220   -0.1416
   -0.4175   -0.9066    0.0613
...    39 C-G ...
  -60.1873  -81.9445   54.6914
    0.3780   -0.1778   -0.9086
    0.8313   -0.3668    0.4176
   -0.4075   -0.9131    0.0091
...    40 A-T ...
  -61.3105  -85.1301   54.7376
    0.8404   -0.2449   -0.4834
    0.4322   -0.2352    0.8706
   -0.3269   -0.9406   -0.0918
...    41 C-G ...
  -62.4040  -88.1115   53.7761
    0.9521   -0.2969    0.0730
   -0.1052   -0.0939    0.9900
   -0.2871   -0.9503   -0.1206
...    42 G-C ...
  -63.1392  -91.4517   53.8417
    0.7257   -0.2141    0.6539
   -0.6662    0.0192    0.7456
   -0.1722   -0.9766   -0.1287
...    43 A-T ...
  -63.5351  -94.7376   53.4662
    0.1508   -0.1592    0.9757
   -0.9778    0.1215    0.1709
   -0.1457   -0.9797   -0.1374
...    44 C-G ...
  -63.3666  -98.1030   53.1310
   -0.4232   -0.0741    0.9030
   -0.8964    0.1793   -0.4054
   -0.1319   -0.9810   -0.1423
...    45 T-A ...
  -63.6250 -101.4589   52.9123
   -0.8580    0.0547    0.5107
   -0.4940    0.1848   -0.8496
   -0.1408   -0.9812   -0.1316
...    46 T-A ...
  -63.9089 -104.7141   52.7006
   -0.9865    0.1130   -0.1189
    0.1346    0.1436   -0.9804
   -0.0937   -0.9832   -0.1569
...    47 A-T ...
  -63.8189 -108.0117   51.7410
   -0.6402    0.1721   -0.7487
    0.7658    0.0658   -0.6397
   -0.0608   -0.9829   -0.1739
...    48 C-G ...
  -64.5589 -111.2413   51.4492
   -0.1109    0.2232   -0.9684
    0.9919   -0.0359   -0.1218
   -0.0619   -0.9741   -0.2174
...    49 T-A ...
  -65.0169 -114.4254   50.5658
    0.4642    0.2540   -0.8485
    0.8849   -0.1742    0.4320
   -0.0381   -0.9514   -0.3057
...    50 G-C ...
  -64.7806 -117.6262   49.4937
    0.8972    0.2206   -0.3825
    0.4381   -0.3361    0.8337
    0.0553   -0.9156   -0.3982
...    51 T-A ...
  -64.5551 -120.3326   47.6020
    0.9872    0.0406    0.1544
   -0.1226   -0.4267    0.8961
    0.1022   -0.9035   -0.4162
...    52 A-T ...
  -64.3116 -123.6107   46.6230
    0.6572   -0.2598    0.7075
   -0.7437   -0.3761    0.5527
    0.1225   -0.8894   -0.4404
...    53 G-C ...
  -63.5539 -126.5285   45.1289
    0.1128   -0.4088    0.9056
   -0.9807   -0.1922    0.0354
    0.1596   -0.8922   -0.4226
...    54 G-C ...
  -62.7751 -129.6242   43.9081
   -0.4896   -0.4193    0.7645
   -0.8553    0.0602   -0.5147
    0.1698   -0.9058   -0.3881
...    55 T-A ...
  -61.7632 -132.7568   43.0619
   -0.8845   -0.3240    0.3358
   -0.4322    0.2974   -0.8513
    0.1760   -0.8981   -0.4031
...    56 A-T ...
  -60.9600 -135.4166   40.9340
   -0.9112   -0.0935   -0.4012
    0.3067    0.4963   -0.8122
    0.2751   -0.8631   -0.4235
...    57 T-A ...
  -60.3799 -138.5525   40.0256
   -0.6053    0.1818   -0.7749
    0.7403    0.4863   -0.4642
    0.2925   -0.8547   -0.4289
...    58 C-G ...
  -59.3983 -141.4204   38.6756
   -0.0339    0.4886   -0.8718
    0.9516    0.2825    0.1213
    0.3056   -0.8255   -0.4745
...    59 T-A ...
  -58.5992 -144.1311   36.8995
    0.4739    0.6393   -0.6056
    0.8142   -0.0562    0.5779
    0.3354   -0.7669   -0.5471
...    60 C-G ...
  -57.4284 -146.5608   35.0112
    0.8493    0.5200   -0.0911
    0.3660   -0.4556    0.8115
    0.3804   -0.7226   -0.5772
...    61 G-C ...
  -55.7020 -149.0359   33.3786
    0.8497    0.2329    0.4730
   -0.1651   -0.7345    0.6582
    0.5007   -0.6374   -0.5857
...    62 A-T ...
  -53.8195 -151.0609   31.5250
    0.5530   -0.2679    0.7889
   -0.6361   -0.7473    0.1922
    0.5380   -0.6081   -0.5837
...    63 T-A ...
  -51.5275 -152.5808   29.6516
    0.1394   -0.6466    0.7500
   -0.8291   -0.4903   -0.2686
    0.5414   -0.5844   -0.6045
...    64 C-G ...
  -49.6261 -154.5647   27.7505
   -0.4022   -0.8278    0.3912
   -0.7239    0.0259   -0.6895
    0.5606   -0.5605   -0.6096
...    65 A-T ...
  -47.9919 -156.2585   25.3419
   -0.7789   -0.6139   -0.1280
   -0.3073    0.5516   -0.7754
    0.5466   -0.5646   -0.6184
...    66 T-A ...
  -46.0806 -158.5371   23.8250
   -0.8030   -0.2355   -0.5475
    0.1492    0.8099   -0.5673
    0.5770   -0.5372   -0.6152
...    67 G-C ...
  -43.9792 -160.0264   21.6403
   -0.5882    0.3529   -0.7277
    0.6006    0.7932   -0.1008
    0.5416   -0.4964   -0.6784
...    68 T-A ...
  -42.6475 -162.0427   19.3468
   -0.1883    0.7557   -0.6273
    0.8157    0.4761    0.3287
    0.5470   -0.4498   -0.7060
...    69 T-A ...
  -40.9800 -163.4966   16.9820
    0.2981    0.9141   -0.2749
    0.7705   -0.0604    0.6346
    0.5635   -0.4010   -0.7223
...    70 A-T ...
  -38.8873 -164.6767   14.6147
    0.6300    0.7300    0.2648
    0.4571   -0.6243    0.6335
    0.6278   -0.2781   -0.7270
...    71 T-A ...
  -37.0002 -164.9921   11.9514
    0.7602    0.3023    0.5751
    0.0741   -0.9197    0.3855
    0.6455   -0.2504   -0.7215
...    72 A-T ...
  -34.7659 -166.2720    9.6863
    0.6203   -0.3868    0.6823
   -0.4211   -0.8982   -0.1263
    0.6617   -0.2089   -0.7200
...    73 A-T ...
  -32.4243 -166.7317    7.4461
    0.2708   -0.8658    0.4208
   -0.7058   -0.4758   -0.5248
    0.6546   -0.1549   -0.7399
...    74 C-G ...
  -29.7223 -167.1312    5.4117
   -0.1570   -0.9871    0.0314
   -0.7281    0.0942   -0.6790
    0.6673   -0.1295   -0.7335
...    75 G-C ...
  -27.8121 -167.3094    2.5882
   -0.5842   -0.7170   -0.3803
   -0.4826    0.6836   -0.5476
    0.6526   -0.1364   -0.7454
...    76 G-C ...
  -25.3769 -167.7798    0.2303
   -0.7859   -0.1734   -0.5936
   -0.0717    0.9790   -0.1911
    0.6142   -0.1076   -0.7818
...    77 A-T ...
  -23.1753 -168.1711   -2.2139
   -0.6835    0.4691   -0.5592
    0.4026    0.8813    0.2473
    0.6089   -0.0561   -0.7913
...    78 G-C ...
  -21.2968 -168.4776   -4.9446
   -0.4075    0.8790   -0.2475
    0.6987    0.4747    0.5353
    0.5880    0.0452   -0.8076
...    79 C-G ...
  -19.7272 -168.4074   -7.8659
   -0.0018    0.9866    0.1634
    0.8083   -0.0947    0.5811
    0.5888    0.1331   -0.7973
...    80 T-A ...
  -17.9799 -167.6497  -10.5760
    0.3698    0.7541    0.5427
    0.7076   -0.6071    0.3615
    0.6021    0.2504   -0.7581
...    81 C-G ...
  -15.9091 -166.5972  -12.8887
    0.6822    0.2220    0.6967
    0.3784   -0.9225   -0.0765
    0.6257    0.3158   -0.7133
...    82 G-C ...
  -13.3131 -165.7980  -14.9784
    0.7153   -0.3914    0.5790
   -0.0137   -0.8361   -0.5483
    0.6987    0.3843   -0.6034
...    83 G-C ...
  -10.5831 -164.5019  -16.5894
    0.5474   -0.8184    0.1747
   -0.3748   -0.4265   -0.8232
    0.7482    0.3852   -0.5402
...    84 G-C ...
   -7.7931 -163.3272  -18.1893
    0.2081   -0.9185   -0.3362
   -0.5978    0.1526   -0.7870
    0.7742    0.3648   -0.5173
...    85 A-T ...
   -5.1365 -162.0662  -19.7902
   -0.1940   -0.5971   -0.7783
   -0.6055    0.6971   -0.3839
    0.7718    0.3968   -0.4968
...    86 T-A ...
   -2.2170 -161.2902  -21.2239
   -0.4603   -0.1061   -0.8814
   -0.4238    0.8987    0.1131
    0.7801    0.4256   -0.4586
...    87 C-G ...
    0.4961 -159.9161  -22.6082
   -0.6401    0.4742   -0.6045
   -0.0699    0.7476    0.6604
    0.7651    0.4650   -0.4454
...    88 C-G ...
    3.1682 -158.5414  -24.2139
   -0.6437    0.7622   -0.0683
    0.2944    0.3290    0.8973
    0.7064    0.5575   -0.4362
...    89 G-C ...
    5.7386 -156.5622  -25.3037
   -0.4668    0.7074    0.5306
    0.6149   -0.1716    0.7697
    0.6356    0.6856   -0.3549
...    90 C-G ...
    7.4349 -154.0454  -26.6525
   -0.0920    0.4318    0.8973
    0.7846   -0.5234    0.3323
    0.6131    0.7346   -0.2906
...    91 T-A ...
    9.2306 -151.3438  -27.3915
    0.3008   -0.0017    0.9537
    0.7409   -0.6293   -0.2348
    0.6005    0.7772   -0.1880
...    92 T-A ...
   11.0737 -148.7003  -27.8034
    0.6767   -0.3822    0.6292
    0.4359   -0.4808   -0.7608
    0.5934    0.7891   -0.1588
...    93 T-A ...
   12.9478 -146.0372  -28.0387
    0.8245   -0.5646    0.0362
   -0.0498   -0.1361   -0.9894
    0.5636    0.8140   -0.1403
...    94 A-T ...
   14.4731 -143.1040  -29.2179
    0.6129   -0.3795   -0.6931
   -0.6349    0.2857   -0.7178
    0.4704    0.8800   -0.0658
...    95 A-T ...
   16.2127 -140.3169  -29.1633
    0.1316   -0.0463   -0.9902
   -0.8915    0.4313   -0.1387
    0.4335    0.9010    0.0155
...    96 C-G ...
   18.2147 -137.5859  -29.1064
   -0.3844    0.2133   -0.8982
   -0.8211    0.3656    0.4382
    0.4219    0.9060    0.0346
...    97 A-T ...
   19.3949 -134.4820  -28.5410
   -0.8346    0.3314   -0.4400
   -0.4217    0.1295    0.8974
    0.3544    0.9346    0.0317
...    98 C-G ...
   20.6944 -131.4634  -28.9892
   -0.9441    0.3079    0.1176
    0.0949   -0.0878    0.9916
    0.3157    0.9474    0.0536
...    99 T-A ...
   21.5280 -128.2466  -28.9824
   -0.7672    0.1125    0.6314
    0.5966   -0.2363    0.7670
    0.2355    0.9651    0.1142
...   100 T-A ...
   22.1143 -125.0907  -28.6170
   -0.2979   -0.1046    0.9488
    0.9323   -0.2455    0.2657
    0.2051    0.9637    0.1706
...   101 T-A ...
   22.5832 -121.9622  -27.9440
    0.2858   -0.2728    0.9187
    0.9386   -0.1136   -0.3257
    0.1932    0.9554    0.2236
...   102 A-T ...
   23.4834 -118.8281  -27.0654
    0.7967   -0.3371    0.5016
    0.5685    0.1363   -0.8113
    0.2052    0.9315    0.3003
...   103 T-A ...
   23.9264 -115.9802  -25.4295
    0.9798   -0.1999    0.0046
    0.0674    0.3081   -0.9490
    0.1883    0.9301    0.3153
...   104 G-C ...
   24.6814 -112.7911  -24.7109
    0.8076    0.0097   -0.5896
   -0.5419    0.4064   -0.7357
    0.2325    0.9137    0.3334
...   105 C-G ...
   25.7691 -109.8757  -23.3874
    0.3449    0.2420   -0.9069
   -0.9082    0.3299   -0.2574
    0.2369    0.9125    0.3336
...   106 T-A ...
   26.8454 -106.8880  -22.2741
   -0.2340    0.3716   -0.8984
   -0.9459    0.1266    0.2988
    0.2247    0.9197    0.3219
...   107 T-A ...
   27.8304 -103.9478  -21.2467
   -0.7500    0.3983   -0.5281
   -0.6220   -0.1530    0.7679
    0.2250    0.9044    0.3625
...   108 C-G ...
   28.6674 -100.9804  -20.0349
   -0.9828    0.1809    0.0368
   -0.0362   -0.3842    0.9225
    0.1810    0.9053    0.3842
...   109 C-G ...
   29.1921  -97.8252  -18.9329
   -0.8487   -0.1694    0.5010
    0.5225   -0.4147    0.7450
    0.0815    0.8941    0.4405
...   110 G-C ...
   29.5667  -95.0001  -17.0762
   -0.4038   -0.5104    0.7592
    0.9147   -0.2097    0.3455
   -0.0172    0.8340    0.5516
...   111 G-C ...
   29.1314  -92.3725  -14.9867
    0.1796   -0.6271    0.7579
    0.9825    0.1524   -0.1068
   -0.0485    0.7639    0.6436
...   112 C-G ...
   28.6324  -90.1721  -12.5212
    0.7036   -0.4682    0.5345
    0.7091    0.5118   -0.4851
   -0.0464    0.7204    0.6921
...   113 T-A ...
   28.4625  -88.0798   -9.9128
    0.9808   -0.1338    0.1419
    0.1945    0.7238   -0.6620
   -0.0141    0.6769    0.7359
...   114 C-G ...
   28.5682  -85.9286   -7.3854
    0.8908    0.3464   -0.2941
   -0.4543    0.6669   -0.5906
   -0.0084    0.6597    0.7515
...   115 G-C ...
   28.3164  -83.4060   -5.1106
    0.4376    0.6475   -0.6239
   -0.8984    0.3430   -0.2742
    0.0364    0.6806    0.7318
...   116 T-A ...
   29.0522  -81.2708   -2.5956
   -0.1352    0.7290   -0.6710
   -0.9905   -0.0824    0.1101
    0.0250    0.6795    0.7332
...   117 A-T ...
   28.6124  -79.3447    0.2431
   -0.7736    0.5056   -0.3820
   -0.6329   -0.5851    0.5071
    0.0329    0.6340    0.7726
...   118 T-A ...
   29.0044  -76.8432    2.3675
   -0.9910    0.1204   -0.0586
   -0.1305   -0.7712    0.6230
    0.0298    0.6251    0.7800
...   119 A-T ...
   29.1616  -75.0478    5.2493
   -0.8440   -0.4341    0.3149
    0.5361   -0.6678    0.5163
   -0.0138    0.6046    0.7964
...   120 A-T ...
   28.9346  -73.0323    7.7840
   -0.3650   -0.7587    0.5396
    0.9306   -0.2789    0.2373
   -0.0295    0.5887    0.8078
...   121 T-A ...
   28.1653  -71.1335   10.3601
    0.1751   -0.8010    0.5725
    0.9839    0.1640   -0.0716
   -0.0366    0.5758    0.8168
...   122 G-C ...
   28.3947  -69.3372   13.2098
    0.7343   -0.5863    0.3421
    0.6787    0.6418   -0.3571
   -0.0102    0.4944    0.8692
...   123 T-A ...
   28.1617  -68.2696   16.3794
    0.9871   -0.1416    0.0742
    0.1598    0.8667   -0.4725
    0.0025    0.4782    0.8782
...   124 G-C ...
   28.3149  -66.3831   19.1655
    0.8751    0.3972   -0.2764
   -0.4797    0.7871   -0.3878
    0.0636    0.4720    0.8793
...   125 T-A ...
   28.9891  -65.2300   22.2638
    0.4597    0.7658   -0.4498
   -0.8857    0.4321   -0.1695
    0.0645    0.4763    0.8769
...   126 C-G ...
   29.2747  -63.6887   25.1992
   -0.1927    0.8641   -0.4649
   -0.9797   -0.1431    0.1402
    0.0547    0.4825    0.8742
...   127 G-C ...
   29.0381  -62.2581   28.2941
   -0.7396    0.5612   -0.3715
   -0.6728   -0.6300    0.3879
   -0.0164    0.5369    0.8435
...   128 A-T ...
   29.0415  -60.4687   31.0736
   -0.9956    0.0370   -0.0864
   -0.0773   -0.8447    0.5296
   -0.0534    0.5340    0.8438
...   129 C-G ...
   28.7159  -58.2214   33.4999
   -0.8729   -0.4517    0.1843
    0.4792   -0.7230    0.4976
   -0.0916    0.5227    0.8476
...   130 C-G ...
   28.0864  -56.4371   36.3089
   -0.4337   -0.8284    0.3544
    0.8864   -0.3217    0.3328
   -0.1617    0.4585    0.8738
...   131 A-T ...
   27.7621  -55.0705   39.3783
    0.1998   -0.8959    0.3968
    0.9623    0.2557    0.0926
   -0.1844    0.3633    0.9132
...   132 A-T ...
   26.9766  -54.0496   42.3709
    0.7334   -0.5627    0.3814
    0.6507    0.7435   -0.1541
   -0.1968    0.3612    0.9115
...   133 A-T ...
   26.2418  -53.1132   45.4109
    0.9717    0.0065    0.2360
    0.0787    0.9336   -0.3497
   -0.2226    0.3584    0.9067
...   134 T-A ...
   25.6308  -52.5796   48.6350
    0.8597    0.5096    0.0340
   -0.4497    0.7867   -0.4230
   -0.2423    0.3484    0.9055
...   135 G-C ...
   25.2859  -52.4980   52.0751
    0.3205    0.9427   -0.0927
   -0.8825    0.2616   -0.3908
   -0.3442    0.2071    0.9158
...   136 T-A ...
   25.5356  -52.9668   55.8003
   -0.2443    0.9563   -0.1608
   -0.8908   -0.2868   -0.3525
   -0.3832    0.0571    0.9219
...   137 G-C ...
   24.9037  -52.7259   58.9821
   -0.7529    0.5562   -0.3519
   -0.5214   -0.8303   -0.1968
   -0.4017    0.0354    0.9151
...   138 A-T ...
   24.0249  -51.6261   61.9211
   -0.9563    0.0400   -0.2896
   -0.0523   -0.9980    0.0347
   -0.2877    0.0483    0.9565
...   139 G-C ...
   22.3574  -51.2300   64.4910
   -0.8529   -0.5117   -0.1032
    0.4973   -0.8566    0.1372
   -0.1586    0.0657    0.9852
...   140 C-G ...
   22.1609  -50.1386   67.4618
   -0.4681   -0.8749    0.1247
    0.8495   -0.4066    0.3363
   -0.2435    0.2633    0.9335
...   141 G-C ...
   21.4366  -51.8164   72.7856
    0.1304   -0.7141   -0.6877
    0.8897   -0.2218    0.3990
   -0.4375   -0.6639    0.6065
...   142 C-G ...
   20.4355  -54.2994   74.5395
    0.5847   -0.7390   -0.3347
    0.7593    0.3532    0.5466
   -0.2857   -0.5737    0.7676
...   143 T-A ...
   18.4378  -55.5190   76.5273
    0.8548   -0.5006    0.1370
    0.3188    0.7147    0.6225
   -0.4096   -0.4884    0.7705
...   144 C-G ...
   16.8485  -57.7126   78.2648
    0.8529   -0.0846    0.5152
   -0.1509    0.9047    0.3983
   -0.4998   -0.4175    0.7589
...   145 A-T ...
   15.7933  -59.5518   80.7963
    0.5515    0.4995    0.6681
   -0.6739    0.7388    0.0040
   -0.4915   -0.4525    0.7441
...   146 C-G ...
   15.7411  -61.4839   83.9296
    0.0342    0.7400    0.6718
   -0.8637    0.3601   -0.3527
   -0.5029   -0.5681    0.6514
...   147 A-T ...
   14.7482  -63.4171   86.8165
   -0.5923    0.6746    0.4405
   -0.6886   -0.1400   -0.7115
   -0.4183   -0.7247    0.5475
