  147 base-pairs
...     1 T-A ...
    0.0000    0.0000    0.0000
    1.0000    0.0000    0.0000
    0.0000    1.0000    0.0000
    0.0000    0.0000    1.0000
...     2 G-C ...
   -0.5555   -1.1003    3.3981
    0.7749    0.6051    0.1828
   -0.5991    0.7953   -0.0929
   -0.2016   -0.0375    0.9787
...     3 T-A ...
   -0.6619   -3.0237    6.5348
    0.3046    0.9250    0.2271
   -0.8994    0.3578   -0.2510
   -0.3134   -0.1278    0.9410
...     4 G-C ...
   -1.1607   -3.8418    9.6940
   -0.3351    0.9421    0.0133
   -0.8752   -0.3061   -0.3746
   -0.3489   -0.1372    0.9271
...     5 A-T ...
   -1.3881   -3.6770   12.8999
   -0.7835    0.6162   -0.0801
   -0.5677   -0.7622   -0.3109
   -0.2527   -0.1981    0.9470
...     6 G-C ...
   -2.6236   -3.5448   15.7072
   -0.9923    0.0611   -0.1075
   -0.0294   -0.9610   -0.2748
   -0.1201   -0.2695    0.9555
...     7 C-G ...
   -2.3138   -3.7570   18.8866
   -0.8620   -0.4995   -0.0864
    0.5008   -0.8655    0.0073
   -0.0785   -0.0370    0.9962
...     8 G-C ...
   -3.9561   -6.8109   23.3205
   -0.2581   -0.3560   -0.8981
    0.6294   -0.7673    0.1233
   -0.7330   -0.5335    0.4221
...     9 C-G ...
   -6.1177   -8.9414   24.2385
    0.1143   -0.7320   -0.6716
    0.8123   -0.3203    0.4874
   -0.5720   -0.6013    0.5580
...    10 T-A ...
   -8.5041   -9.6771   26.0540
    0.4660   -0.8587   -0.2131
    0.6274    0.1508    0.7640
   -0.6239   -0.4897    0.6090
...    11 C-G ...
  -11.0625  -11.3174   27.2336
    0.6660   -0.6911    0.2808
    0.3382    0.6152    0.7121
   -0.6649   -0.3794    0.6435
...    12 A-T ...
  -13.0013  -13.1789   29.0658
    0.7188   -0.1490    0.6790
   -0.1787    0.9043    0.3876
   -0.6718   -0.4000    0.6235
...    13 C-G ...
  -14.1788  -15.9359   31.3399
    0.4052    0.2865    0.8682
   -0.5270    0.8492   -0.0343
   -0.7470   -0.4437    0.4951
...    14 A-T ...
  -15.9532  -18.1566   33.3080
   -0.1503    0.6873    0.7107
   -0.6106    0.5008   -0.6135
   -0.7776   -0.5261    0.3444
...    15 A-T ...
  -18.3836  -19.8615   34.6659
   -0.5018    0.8392    0.2098
   -0.4177   -0.0226   -0.9083
   -0.7575   -0.5434    0.3619
...    16 T-A ...
  -20.6481  -21.5553   36.5900
   -0.6953    0.6522   -0.3020
   -0.0617   -0.4728   -0.8790
   -0.7160   -0.5925    0.3690
...    17 T-A ...
  -22.9462  -23.2837   38.1613
   -0.6421    0.1968   -0.7409
    0.3866   -0.7515   -0.5346
   -0.6620   -0.6297    0.4065
...    18 T-A ...
  -25.1961  -25.1122   39.7144
   -0.3188   -0.3049   -0.8974
    0.7084   -0.7057   -0.0118
   -0.6297   -0.6395    0.4410
...    19 A-T ...
  -26.9923  -27.4934   41.3479
    0.2122   -0.6608   -0.7200
    0.7720   -0.3384    0.5380
   -0.5991   -0.6700    0.4383
...    20 T-A ...
  -29.3889  -29.5500   42.3147
    0.5966   -0.7286   -0.3366
    0.5554    0.0721    0.8284
   -0.5793   -0.6811    0.4477
...    21 T-A ...
  -31.3423  -31.8492   43.5540
    0.8296   -0.5307    0.1735
    0.1145    0.4658    0.8774
   -0.5464   -0.7081    0.4473
...    22 C-G ...
  -32.9858  -34.2404   45.0884
    0.7679   -0.1150    0.6301
   -0.4099    0.6677    0.6214
   -0.4922   -0.7355    0.4656
...    23 G-C ...
  -34.4618  -36.3272   47.3977
    0.4742    0.3933    0.7877
   -0.8134    0.5381    0.2210
   -0.3369   -0.7455    0.5751
...    24 C-G ...
  -35.1579  -38.8805   49.3454
   -0.0130    0.6558    0.7548
   -0.9464    0.2356   -0.2209
   -0.3227   -0.7172    0.6176
...    25 A-T ...
  -36.8178  -41.1459   51.2686
   -0.5880    0.6716    0.4508
   -0.7483   -0.2399   -0.6185
   -0.3073   -0.7010    0.6436
...    26 A-T ...
  -37.7359  -43.3155   53.5854
   -0.9306    0.3654    0.0214
   -0.2492   -0.5897   -0.7682
   -0.2681   -0.7202    0.6399
...    27 A-T ...
  -38.4626  -45.4909   55.9343
   -0.9060   -0.1071   -0.4095
    0.3728   -0.6599   -0.6523
   -0.2003   -0.7437    0.6378
...    28 G-C ...
  -39.4243  -47.7585   58.2744
   -0.5357   -0.4328   -0.7251
    0.8165   -0.4845   -0.3140
   -0.2154   -0.7602    0.6129
...    29 G-C ...
  -40.3462  -50.3019   60.4355
    0.0649   -0.5765   -0.8145
    0.9790   -0.1212    0.1638
   -0.1932   -0.8081    0.5565
...    30 C-G ...
  -41.3316  -52.9252   62.1660
    0.6179   -0.4857   -0.6183
    0.7726    0.2289    0.5922
   -0.1461   -0.8436    0.5167
...    31 C-G ...
  -41.9625  -55.7698   63.7839
    0.9543   -0.1894   -0.2313
    0.2934    0.4462    0.8454
   -0.0569   -0.8746    0.4814
...    32 G-C ...
  -41.8034  -58.3555   65.5478
    0.9647    0.1894    0.1831
   -0.2495    0.4337    0.8658
    0.0846   -0.8809    0.4656
...    33 G-C ...
  -40.9481  -61.2186   67.0954
    0.6519    0.4630    0.6006
   -0.7381    0.2055    0.6427
    0.1741   -0.8622    0.4756
...    34 C-G ...
  -39.8503  -63.8940   68.6971
    0.1095    0.5321    0.8396
   -0.9686   -0.1325    0.2103
    0.2232   -0.8362    0.5009
...    35 C-G ...
  -38.8267  -66.4230   70.7966
   -0.4763    0.3733    0.7961
   -0.8406   -0.4589   -0.2877
    0.2580   -0.8063    0.5323
...    36 C-G ...
  -37.8703  -68.9422   72.8975
   -0.8841    0.0537    0.4642
   -0.3906   -0.6302   -0.6710
    0.2565   -0.7746    0.5782
...    37 G-C ...
  -36.9469  -72.2365   73.8759
   -0.9536   -0.2970   -0.0487
    0.2058   -0.5254   -0.8256
    0.2196   -0.7974    0.5621
...    38 A-T ...
  -36.1018  -74.6847   75.7234
   -0.6422   -0.5503   -0.5336
    0.7281   -0.2203   -0.6490
    0.2396   -0.8054    0.5422
...    39 C-G ...
  -35.8081  -77.3010   77.5791
   -0.1667   -0.5455   -0.8214
    0.9585    0.1057   -0.2648
    0.2313   -0.8314    0.5052
...    40 A-T ...
  -34.9910  -80.1519   79.1889
    0.4154   -0.2996   -0.8589
    0.8701    0.4063    0.2791
    0.2653   -0.8632    0.4295
...    41 C-G ...
  -34.3089  -83.2326   80.1227
    0.7917    0.0179   -0.6106
    0.5253    0.4904    0.6954
    0.3119   -0.8713    0.3789
...    42 G-C ...
  -32.9480  -85.8627   81.7247
    0.9175    0.3841   -0.1032
   -0.0361    0.3387    0.9402
    0.3961   -0.8589    0.3246
...    43 A-T ...
  -31.6579  -88.6189   82.7059
    0.7121    0.5132    0.4792
   -0.5764    0.0376    0.8163
    0.4009   -0.8575    0.3226
...    44 C-G ...
  -29.8538  -91.3312   83.3234
    0.2675    0.4868    0.8315
   -0.8579   -0.2725    0.4356
    0.4386   -0.8299    0.3448
...    45 T-A ...
  -27.6336  -93.9503   84.5147
   -0.2933    0.2511    0.9225
   -0.8449   -0.5196   -0.1272
    0.4474   -0.8167    0.3645
...    46 T-A ...
  -25.9004  -96.4256   85.7093
   -0.6945   -0.1035    0.7120
   -0.5549   -0.5528   -0.6217
    0.4580   -0.8268    0.3265
...    47 A-T ...
  -24.3944  -99.4335   86.3711
   -0.8671   -0.4842    0.1171
    0.0513   -0.3206   -0.9458
    0.4955   -0.8141    0.3028
...    48 C-G ...
  -22.9165 -101.9567   88.0100
   -0.7085   -0.5653   -0.4224
    0.5136   -0.0026   -0.8580
    0.4839   -0.8249    0.2921
...    49 T-A ...
  -21.6122 -104.8690   89.1750
   -0.3463   -0.4035   -0.8469
    0.8239    0.3009   -0.4802
    0.4486   -0.8641    0.2283
...    50 G-C ...
  -20.0425 -107.8355   89.6827
    0.1285   -0.0321   -0.9912
    0.8809    0.4628    0.0992
    0.4555   -0.8859    0.0878
...    51 T-A ...
  -19.0016 -110.8747   89.6857
    0.5352    0.2634   -0.8026
    0.6963    0.4003    0.5957
    0.4782   -0.8777    0.0308
...    52 A-T ...
  -17.1382 -113.6737   89.6772
    0.7902    0.5417   -0.2866
    0.2652    0.1193    0.9568
    0.5525   -0.8321   -0.0494
...    53 G-C ...
  -15.3531 -116.3668   89.2932
    0.7570    0.5965    0.2669
   -0.1671   -0.2181    0.9615
    0.6317   -0.7724   -0.0654
...    54 G-C ...
  -12.6647 -118.6679   88.5309
    0.4780    0.4138    0.7747
   -0.5414   -0.5558    0.6309
    0.6917   -0.7210   -0.0416
...    55 T-A ...
  -10.0167 -120.6342   88.3193
    0.1206    0.0468    0.9916
   -0.7016   -0.7027    0.1185
    0.7023   -0.7100   -0.0519
...    56 A-T ...
   -7.3830 -122.7899   88.2571
   -0.3421   -0.3877    0.8560
   -0.6192   -0.5922   -0.5156
    0.7069   -0.7064   -0.0374
...    57 T-A ...
   -4.6818 -124.6710   88.6007
   -0.5973   -0.6686    0.4430
   -0.3493   -0.2803   -0.8941
    0.7220   -0.6887   -0.0661
...    58 C-G ...
   -2.2492 -127.0478   88.6432
   -0.6863   -0.6907   -0.2279
    0.0983    0.2224   -0.9700
    0.7207   -0.6881   -0.0847
...    59 T-A ...
   -0.0312 -129.5729   88.5212
   -0.5661   -0.4121   -0.7139
    0.4605    0.5602   -0.6886
    0.6837   -0.7186   -0.1274
...    60 C-G ...
    2.2948 -131.9768   88.0836
   -0.2100    0.0369   -0.9770
    0.7120    0.6906   -0.1269
    0.6700   -0.7223   -0.1713
...    61 G-C ...
    4.9470 -133.9236   87.2932
    0.0566    0.5453   -0.8363
    0.7475    0.5321    0.3975
    0.6618   -0.6477   -0.3776
...    62 A-T ...
    7.2563 -136.0015   86.0821
    0.4463    0.7924   -0.4159
    0.5717    0.1051    0.8137
    0.6885   -0.6009   -0.4061
...    63 G-C ...
    9.5577 -137.8033   84.4712
    0.6395    0.7602    0.1145
    0.2656   -0.3582    0.8951
    0.7214   -0.5420   -0.4310
...    64 C-G ...
   12.0927 -139.2570   82.6522
    0.6558    0.4105    0.6336
   -0.1429   -0.7565    0.6381
    0.7413   -0.5090   -0.4374
...    65 T-A ...
   14.6489 -140.8010   81.2082
    0.4676   -0.0810    0.8802
   -0.4543   -0.8762    0.1607
    0.7583   -0.4750   -0.4465
...    66 C-G ...
   17.1031 -142.5732   79.8227
    0.0946   -0.6163    0.7818
   -0.6281   -0.6462   -0.4334
    0.7723   -0.4501   -0.4482
...    67 G-C ...
   18.9735 -144.6936   77.6561
   -0.3143   -0.8704    0.3790
   -0.5520   -0.1573   -0.8189
    0.7724   -0.4666   -0.4310
...    68 G-C ...
   21.7153 -146.1312   76.2396
   -0.6244   -0.7678   -0.1438
   -0.3046    0.4088   -0.8603
    0.7192   -0.4934   -0.4892
...    69 G-C ...
   24.1946 -147.8682   74.7722
   -0.7637   -0.3560   -0.5386
    0.0935    0.7644   -0.6379
    0.6388   -0.5375   -0.5505
...    70 A-T ...
   26.2753 -149.8396   73.0570
   -0.5850    0.2007   -0.7858
    0.5300    0.8280   -0.1831
    0.6139   -0.5236   -0.5908
...    71 T-A ...
   27.8137 -151.9730   71.0797
   -0.2489    0.6300   -0.7357
    0.7642    0.5944    0.2505
    0.5951   -0.4998   -0.6293
...    72 C-G ...
   29.5812 -153.5971   68.7815
    0.2249    0.8851   -0.4074
    0.7797    0.0873    0.6200
    0.5844   -0.4571   -0.6705
...    73 C-G ...
   31.4657 -154.8826   66.4068
    0.5430    0.8372    0.0654
    0.5633   -0.4209    0.7110
    0.6227   -0.3492   -0.7002
...    74 G-C ...
   33.8673 -156.1095   64.4100
    0.7082    0.4637    0.5325
    0.1862   -0.8501    0.4926
    0.6810   -0.2497   -0.6884
...    75 C-G ...
   36.4147 -156.3977   62.0434
    0.6843   -0.1266    0.7181
   -0.2442   -0.9677    0.0621
    0.6871   -0.2179   -0.6931
...    76 T-A ...
   39.2316 -156.8374   59.9839
    0.4244   -0.6807    0.5971
   -0.5630   -0.7149   -0.4148
    0.7092   -0.1601   -0.6866
...    77 T-A ...
   41.7671 -157.1209   57.9124
    0.0503   -0.9849    0.1656
   -0.7169   -0.1510   -0.6806
    0.6953   -0.0845   -0.7137
...    78 T-A ...
   44.2882 -157.2953   55.7779
   -0.3552   -0.8819   -0.3099
   -0.6269    0.4707   -0.6209
    0.6934   -0.0263   -0.7201
...    79 A-T ...
   46.3835 -156.7844   53.1501
   -0.6879   -0.3882   -0.6133
   -0.2807    0.9215   -0.2684
    0.6693   -0.0125   -0.7429
...    80 A-T ...
   48.5146 -156.9832   50.7825
   -0.7527    0.2126   -0.6231
    0.1590    0.9771    0.1413
    0.6389    0.0072   -0.7693
...    81 C-G ...
   50.4216 -157.4957   48.0510
   -0.5665    0.7129   -0.4133
    0.5429    0.7002    0.4637
    0.6200    0.0383   -0.7837
...    82 A-T ...
   52.4144 -157.1314   45.3126
   -0.2028    0.9786    0.0355
    0.8010    0.1449    0.5808
    0.5632    0.1462   -0.8133
...    83 C-G ...
   53.7393 -156.2475   42.3547
    0.2477    0.8931    0.3754
    0.8055   -0.4052    0.4324
    0.5383    0.1953   -0.8198
...    84 T-A ...
   55.2251 -155.0124   39.3019
    0.6620    0.4608    0.5911
    0.5205   -0.8501    0.0797
    0.5392    0.2550   -0.8026
...    85 T-A ...
   56.8563 -153.8475   36.6895
    0.8846   -0.1378    0.4456
    0.0090   -0.9501   -0.3117
    0.4663    0.2797   -0.8392
...    86 T-A ...
   58.3705 -152.5217   34.0471
    0.7504   -0.6561    0.0803
   -0.5411   -0.6795   -0.4954
    0.3796    0.3283   -0.8649
...    87 A-T ...
   59.2125 -151.2826   30.8056
    0.1477   -0.8870   -0.4375
   -0.9470    0.0007   -0.3212
    0.2853    0.4617   -0.8399
...    88 T-A ...
   60.7636 -150.0126   28.2051
   -0.3484   -0.7751   -0.5271
   -0.9016    0.4309   -0.0376
    0.2562    0.4621   -0.8490
...    89 G-C ...
   61.6832 -148.7032   25.2884
   -0.8505   -0.3899   -0.3532
   -0.4923    0.8264    0.2732
    0.1853    0.4062   -0.8948
...    90 C-G ...
   62.0881 -147.7678   22.2085
   -0.9936    0.0901   -0.0676
    0.0502    0.8917    0.4498
    0.1008    0.4435   -0.8906
...    91 T-A ...
   62.2764 -146.5767   18.9611
   -0.7867    0.5525    0.2753
    0.6167    0.6826    0.3922
    0.0288    0.4783   -0.8777
...    92 T-A ...
   62.0906 -145.0520   16.1611
   -0.3063    0.7892    0.5323
    0.9504    0.2855    0.1236
   -0.0545    0.5438   -0.8375
...    93 C-G ...
   61.6936 -143.0192   13.5660
    0.3181    0.7636    0.5619
    0.9446   -0.2050   -0.2562
   -0.0804    0.6123   -0.7865
...    94 C-G ...
   61.4670 -140.5870   11.2985
    0.7909    0.4766    0.3838
    0.6086   -0.5476   -0.5743
   -0.0635    0.6878   -0.7232
...    95 G-C ...
   61.8430 -138.4984    8.9609
    0.9972    0.0615    0.0427
    0.0727   -0.6594   -0.7483
   -0.0178    0.7493   -0.6620
...    96 G-C ...
   62.2943 -135.8285    6.8391
    0.8547   -0.3358   -0.3959
   -0.5191   -0.5422   -0.6607
    0.0072    0.7702   -0.6377
...    97 C-G ...
   62.7950 -133.0948    4.9249
    0.3944   -0.5995   -0.6965
   -0.9188   -0.2462   -0.3084
    0.0134    0.7616   -0.6479
...    98 T-A ...
   63.2366 -130.4132    2.7496
   -0.2347   -0.6352   -0.7359
   -0.9720    0.1617    0.1704
    0.0107    0.7553   -0.6553
...    99 T-A ...
   63.4320 -128.0224    0.5988
   -0.7535   -0.4424   -0.4864
   -0.6571    0.4803    0.5810
   -0.0234    0.7574   -0.6526
...   100 C-G ...
   63.4274 -125.2100   -1.2749
   -0.9931   -0.1144    0.0273
   -0.0513    0.6306    0.7744
   -0.1058    0.7676   -0.6321
...   101 A-T ...
   63.3519 -122.3534   -3.1657
   -0.8077    0.1610    0.5672
    0.5395    0.5899    0.6008
   -0.2379    0.7913   -0.5633
...   102 T-A ...
   62.1440 -119.9997   -5.0714
   -0.3887    0.3712    0.8433
    0.8723    0.4429    0.2071
   -0.2966    0.8161   -0.4960
...   103 G-C ...
   61.0429 -117.0001   -6.4999
    0.2784    0.4505    0.8483
    0.8999    0.1862   -0.3942
   -0.3356    0.8732   -0.3536
...   104 T-A ...
   59.4851 -114.0492   -7.1871
    0.7404    0.4759    0.4747
    0.5688   -0.0671   -0.8198
   -0.3583    0.8769   -0.3204
...   105 T-A ...
   58.2044 -111.1756   -7.9898
    0.9099    0.3909   -0.1387
   -0.0081   -0.3176   -0.9482
   -0.4147    0.8639   -0.2858
...   106 A-T ...
   56.4083 -108.3330   -9.2133
    0.5221    0.1560   -0.8385
   -0.6635   -0.5434   -0.5143
   -0.5359    0.8248   -0.1802
...   107 T-A ...
   55.1699 -105.2646   -9.5086
    0.0548   -0.1095   -0.9925
   -0.8285   -0.5598    0.0160
   -0.5574    0.8213   -0.1214
...   108 A-T ...
   52.9184 -102.4996   -9.3908
   -0.6421   -0.3877   -0.6614
   -0.5514   -0.3658    0.7498
   -0.5326    0.8461    0.0211
...   109 A-T ...
   51.2973  -99.7002   -9.3864
   -0.8522   -0.5175   -0.0772
   -0.0277   -0.1027    0.9943
   -0.5225    0.8495    0.0732
...   110 C-G ...
   49.5154  -96.8461   -9.6944
   -0.6968   -0.5151    0.4991
    0.4742    0.1912    0.8594
   -0.5381    0.8355    0.1110
...   111 G-C ...
   47.8803  -94.1423   -8.8005
   -0.2137   -0.4622    0.8607
    0.7739    0.4575    0.4379
   -0.5962    0.7596    0.2599
...   112 G-C ...
   45.8579  -91.9856   -7.3430
    0.3258   -0.2424    0.9138
    0.7159    0.6946   -0.0709
   -0.6176    0.6773    0.3998
...   113 A-T ...
   43.9985  -89.8999   -5.6297
    0.7414    0.1646    0.6506
    0.3419    0.7415   -0.5773
   -0.5775    0.6504    0.4935
...   114 C-G ...
   42.2858  -88.1594   -3.3674
    0.8166    0.5233    0.2437
   -0.1287    0.5766   -0.8068
   -0.5627    0.6275    0.5382
...   115 G-C ...
   40.6461  -85.8483   -1.3979
    0.6107    0.7104   -0.3499
   -0.6516    0.1998   -0.7318
   -0.4499    0.6749    0.5849
...   116 T-A ...
   39.8851  -83.3676    0.8564
    0.1363    0.6897   -0.7112
   -0.8891   -0.2315   -0.3949
   -0.4370    0.6861    0.5816
...   117 A-T ...
   38.6154  -80.9983    2.9272
   -0.4801    0.3996   -0.7809
   -0.7658   -0.6251    0.1509
   -0.4279    0.6705    0.6061
...   118 T-A ...
   37.7001  -78.3576    4.7271
   -0.8340    0.0241   -0.5513
   -0.3752   -0.7574    0.5344
   -0.4047    0.6525    0.6407
...   119 A-T ...
   36.5262  -76.3857    7.4297
   -0.8732   -0.4837    0.0596
    0.3699   -0.5781    0.7273
   -0.3173    0.6571    0.6837
...   120 A-T ...
   35.3834  -74.1209    9.4874
   -0.4704   -0.7585    0.4509
    0.8195   -0.1860    0.5421
   -0.3274    0.6246    0.7091
...   121 T-A ...
   33.7887  -72.1213   11.6116
    0.0549   -0.7485    0.6608
    0.9446    0.2534    0.2085
   -0.3235    0.6128    0.7210
...   122 G-C ...
   32.7512  -70.0740   14.2832
    0.6737   -0.4890    0.5540
    0.6882    0.6884   -0.2292
   -0.2693    0.5357    0.8003
...   123 T-A ...
   31.8014  -68.8029   17.1719
    0.9452   -0.0542    0.3221
    0.2115    0.8529   -0.4772
   -0.2489    0.5192    0.8176
...   124 G-C ...
   31.1037  -67.0422   20.0081
    0.8828    0.4607   -0.0916
   -0.4350    0.7283   -0.5295
   -0.1773    0.5073    0.8433
...   125 T-A ...
   30.8712  -65.7189   22.9500
    0.5060    0.7676   -0.3934
   -0.8508    0.3694   -0.3737
   -0.1415    0.5238    0.8400
...   126 C-G ...
   30.5280  -63.9557   25.6030
   -0.1214    0.8432   -0.5237
   -0.9851   -0.1671   -0.0406
   -0.1217    0.5110    0.8509
...   127 G-C ...
   29.4312  -62.5112   28.4917
   -0.6871    0.5439   -0.4817
   -0.7133   -0.6312    0.3047
   -0.1383    0.5530    0.8216
...   128 A-T ...
   29.1246  -60.7696   31.1667
   -0.9810    0.0478   -0.1882
   -0.1405   -0.8438    0.5180
   -0.1340    0.5345    0.8345
...   129 C-G ...
   28.6705  -58.4103   33.4616
   -0.8893   -0.4460    0.1008
    0.4271   -0.7315    0.5315
   -0.1633    0.5157    0.8410
...   130 C-G ...
   27.7456  -56.5807   36.1891
   -0.4757   -0.8269    0.2999
    0.8490   -0.3426    0.4022
   -0.2298    0.4459    0.8651
...   131 A-T ...
   27.9108  -55.1613   39.3599
    0.1766   -0.8907    0.4189
    0.9593    0.2511    0.1294
   -0.2205    0.3790    0.8988
...   132 A-T ...
   27.1509  -54.0437   42.3560
    0.7200   -0.5712    0.3940
    0.6602    0.7388   -0.1355
   -0.2137    0.3577    0.9091
...   133 A-T ...
   26.2698  -53.1878   45.4106
    0.9650    0.0014    0.2624
    0.0936    0.9324   -0.3492
   -0.2452    0.3615    0.8995
...   134 T-A ...
   25.6308  -52.5797   48.6349
    0.8597    0.5096    0.0340
   -0.4497    0.7867   -0.4230
   -0.2423    0.3484    0.9055
...   135 G-C ...
   25.2858  -52.4981   52.0750
    0.3205    0.9427   -0.0927
   -0.8825    0.2616   -0.3908
   -0.3441    0.2071    0.9158
...   136 T-A ...
   25.5356  -52.9669   55.8002
   -0.2443    0.9563   -0.1608
   -0.8908   -0.2868   -0.3525
   -0.3832    0.0571    0.9219
...   137 G-C ...
   24.9037  -52.7260   58.9820
   -0.7529    0.5562   -0.3519
   -0.5214   -0.8303   -0.1968
   -0.4017    0.0354    0.9151
...   138 A-T ...
   24.0249  -51.6262   61.9210
   -0.9563    0.0400   -0.2896
   -0.0523   -0.9980    0.0347
   -0.2877    0.0483    0.9565
...   139 G-C ...
   22.3574  -51.2300   64.4909
   -0.8529   -0.5117   -0.1032
    0.4973   -0.8566    0.1372
   -0.1586    0.0657    0.9852
...   140 C-G ...
   22.1608  -50.1387   67.4617
   -0.4681   -0.8749    0.1247
    0.8495   -0.4066    0.3363
   -0.2435    0.2633    0.9335
...   141 G-C ...
   21.4366  -51.8165   72.7855
    0.1304   -0.7141   -0.6877
    0.8897   -0.2218    0.3990
   -0.4375   -0.6639    0.6065
...   142 C-G ...
   20.4355  -54.2995   74.5395
    0.5847   -0.7390   -0.3347
    0.7593    0.3532    0.5466
   -0.2857   -0.5737    0.7676
...   143 T-A ...
   18.4378  -55.5191   76.5272
    0.8548   -0.5006    0.1370
    0.3188    0.7147    0.6225
   -0.4096   -0.4884    0.7705
...   144 C-G ...
   16.8485  -57.7127   78.2648
    0.8529   -0.0846    0.5152
   -0.1509    0.9047    0.3983
   -0.4998   -0.4175    0.7589
...   145 A-T ...
   15.7933  -59.5519   80.7962
    0.5515    0.4995    0.6681
   -0.6739    0.7388    0.0040
   -0.4915   -0.4525    0.7441
...   146 C-G ...
   15.7411  -61.4840   83.9295
    0.0342    0.7400    0.6718
   -0.8637    0.3601   -0.3527
   -0.5029   -0.5681    0.6514
...   147 A-T ...
   14.7481  -63.4171   86.8164
   -0.5923    0.6746    0.4405
   -0.6886   -0.1400   -0.7115
   -0.4183   -0.7247    0.5475
