  147 base-pairs
...     1 T-A ...
    0.0000    0.0000    0.0000
    1.0000    0.0000    0.0000
    0.0000    1.0000    0.0000
    0.0000    0.0000    1.0000
...     2 G-C ...
   -0.5555   -1.1003    3.3981
    0.7749    0.6051    0.1828
   -0.5991    0.7953   -0.0929
   -0.2016   -0.0375    0.9787
...     3 T-A ...
   -0.6619   -3.0237    6.5348
    0.3046    0.9250    0.2271
   -0.8994    0.3578   -0.2510
   -0.3134   -0.1278    0.9410
...     4 G-C ...
   -1.1607   -3.8418    9.6940
   -0.3351    0.9421    0.0133
   -0.8752   -0.3061   -0.3746
   -0.3489   -0.1372    0.9271
...     5 A-T ...
   -1.3881   -3.6770   12.8999
   -0.7835    0.6162   -0.0801
   -0.5677   -0.7622   -0.3109
   -0.2527   -0.1981    0.9470
...     6 G-C ...
   -2.6236   -3.5448   15.7072
   -0.9923    0.0611   -0.1075
   -0.0294   -0.9610   -0.2748
   -0.1201   -0.2695    0.9555
...     7 C-G ...
   -2.3138   -3.7570   18.8866
   -0.8620   -0.4995   -0.0864
    0.5008   -0.8655    0.0073
   -0.0785   -0.0370    0.9962
...     8 G-C ...
   -3.9561   -6.8109   23.3205
   -0.2581   -0.3560   -0.8981
    0.6294   -0.7673    0.1233
   -0.7330   -0.5335    0.4221
...     9 C-G ...
   -6.1177   -8.9414   24.2385
    0.1143   -0.7320   -0.6716
    0.8123   -0.3203    0.4874
   -0.5720   -0.6013    0.5580
...    10 T-A ...
   -8.5041   -9.6771   26.0540
    0.4660   -0.8587   -0.2131
    0.6274    0.1508    0.7640
   -0.6239   -0.4897    0.6090
...    11 C-G ...
  -11.0625  -11.3174   27.2336
    0.6660   -0.6911    0.2808
    0.3382    0.6152    0.7121
   -0.6649   -0.3794    0.6435
...    12 A-T ...
  -13.0013  -13.1789   29.0658
    0.7188   -0.1490    0.6790
   -0.1787    0.9043    0.3876
   -0.6718   -0.4000    0.6235
...    13 C-G ...
  -14.1788  -15.9359   31.3399
    0.4052    0.2865    0.8682
   -0.5270    0.8492   -0.0343
   -0.7470   -0.4437    0.4951
...    14 A-T ...
  -15.9532  -18.1566   33.3080
   -0.1503    0.6873    0.7107
   -0.6106    0.5008   -0.6135
   -0.7776   -0.5261    0.3444
...    15 A-T ...
  -18.3055  -19.9919   34.6496
   -0.5236    0.8237    0.2175
   -0.3897   -0.0046   -0.9209
   -0.7576   -0.5670    0.3234
...    16 T-A ...
  -20.5728  -21.7269   36.3590
   -0.6704    0.6816   -0.2933
   -0.0457   -0.4324   -0.9005
   -0.7406   -0.5903    0.3211
...    17 T-A ...
  -22.9504  -23.5484   37.6602
   -0.5858    0.2723   -0.7634
    0.3798   -0.7398   -0.5554
   -0.7160   -0.6152    0.3299
...    18 T-A ...
  -25.3583  -25.3808   38.8643
   -0.2500   -0.2201   -0.9429
    0.6657   -0.7462   -0.0024
   -0.7031   -0.6283    0.3330
...    19 A-T ...
  -27.4930  -27.7102   40.0673
    0.2646   -0.6022   -0.7533
    0.6731   -0.4440    0.5914
   -0.6906   -0.6635    0.2878
...    20 T-A ...
  -30.0818  -29.6901   40.4700
    0.5886   -0.7308   -0.3456
    0.4374   -0.0716    0.8964
   -0.6798   -0.6788    0.2776
...    21 T-A ...
  -32.3011  -31.9518   41.1648
    0.7477   -0.6204    0.2368
    0.0033    0.3599    0.9330
   -0.6641   -0.6968    0.2711
...    22 C-G ...
  -34.3241  -34.3921   42.0641
    0.6173   -0.2542    0.7445
   -0.4707    0.6390    0.6084
   -0.6304   -0.7260    0.2748
...    23 G-C ...
  -36.5093  -36.6201   43.4212
    0.2707    0.2264    0.9357
   -0.7824    0.6180    0.0768
   -0.5609   -0.7528    0.3444
...    24 C-G ...
  -38.0025  -39.3114   44.7807
   -0.2137    0.5536    0.8049
   -0.8087    0.3620   -0.4636
   -0.5480   -0.7500    0.3703
...    25 A-T ...
  -40.0694  -41.7376   45.8314
   -0.6341    0.6963    0.3362
   -0.5193   -0.0613   -0.8524
   -0.5729   -0.7151    0.4005
...    26 A-T ...
  -41.8043  -44.0396   47.3721
   -0.8380    0.4953   -0.2290
   -0.0228   -0.4511   -0.8922
   -0.5452   -0.7424    0.3893
...    27 A-T ...
  -43.5879  -46.3384   48.8461
   -0.6943    0.1174   -0.7100
    0.4918   -0.6428   -0.5873
   -0.5254   -0.7569    0.3886
...    28 G-C ...
  -45.5285  -48.6914   50.2098
   -0.2666   -0.2032   -0.9422
    0.7974   -0.5956   -0.0972
   -0.5414   -0.7772    0.3208
...    29 G-C ...
  -47.5585  -51.2145   51.1963
    0.2834   -0.4232   -0.8606
    0.8018   -0.3877    0.4547
   -0.5261   -0.8189    0.2295
...    30 C-G ...
  -49.5603  -53.8491   51.5714
    0.7144   -0.5187   -0.4696
    0.4955   -0.0988    0.8629
   -0.4940   -0.8493    0.1865
...    31 C-G ...
  -51.0725  -56.8593   51.8714
    0.9103   -0.4051    0.0844
   -0.0155    0.1704    0.9853
   -0.4136   -0.8982    0.1488
...    32 G-C ...
  -52.2566  -59.9096   52.8300
    0.7639   -0.1410    0.6298
   -0.5696    0.3116    0.7606
   -0.3034   -0.9397    0.1577
...    33 G-C ...
  -52.8798  -63.2029   53.4219
    0.3166    0.1200    0.9409
   -0.9166    0.2940    0.2709
   -0.2441   -0.9483    0.2031
...    34 C-G ...
  -53.2632  -66.4505   54.2333
   -0.2632    0.2843    0.9219
   -0.9368    0.1530   -0.3147
   -0.2305   -0.9464    0.2261
...    35 C-G ...
  -53.8837  -69.6430   55.2643
   -0.7448    0.3656    0.5582
   -0.6164   -0.0566   -0.7854
   -0.2556   -0.9290    0.2675
...    36 C-G ...
  -54.6694  -72.7530   56.4303
   -0.9467    0.3218   -0.0119
   -0.0759   -0.2588   -0.9629
   -0.3130   -0.9107    0.2695
...    37 G-C ...
  -55.5918  -75.9957   56.9336
   -0.7737    0.2002   -0.6011
    0.5002   -0.3892   -0.7735
   -0.3888   -0.8991    0.2010
...    38 A-T ...
  -56.8679  -78.9447   57.6777
   -0.2933   -0.0357   -0.9554
    0.8707   -0.4227   -0.2515
   -0.3949   -0.9056    0.1551
...    39 C-G ...
  -58.7228  -81.6435   58.1595
    0.2435   -0.2139   -0.9460
    0.8875   -0.3443    0.3063
   -0.3912   -0.9142    0.1060
...    40 A-T ...
  -59.8024  -84.8204   58.5150
    0.7615   -0.2606   -0.5935
    0.5613   -0.1928    0.8048
   -0.3242   -0.9460   -0.0006
...    41 C-G ...
  -60.9941  -87.8445   57.8683
    0.9565   -0.2850   -0.0624
    0.0506   -0.0485    0.9975
   -0.2874   -0.9573   -0.0320
...    42 G-C ...
  -61.6724  -91.1735   58.1888
    0.8263   -0.1700    0.5369
   -0.5368    0.0506    0.8422
   -0.1703   -0.9841   -0.0494
...    43 A-T ...
  -62.0529  -94.4727   58.0539
    0.3171   -0.0994    0.9432
   -0.9376    0.1166    0.3275
   -0.1426   -0.9882   -0.0563
...    44 C-G ...
  -61.8581  -97.8410   57.8935
   -0.2572   -0.0237    0.9661
   -0.9578    0.1390   -0.2516
   -0.1283   -0.9900   -0.0585
...    45 T-A ...
  -62.0605 -101.2022   57.9429
   -0.7531    0.0748    0.6537
   -0.6442    0.1184   -0.7557
   -0.1339   -0.9901   -0.0409
...    46 T-A ...
  -62.2872 -104.4673   58.0088
   -0.9944    0.0870    0.0596
   -0.0530    0.0764   -0.9957
   -0.0912   -0.9933   -0.0713
...    47 A-T ...
  -62.2901 -107.8196   57.2883
   -0.7758    0.1024   -0.6227
    0.6283    0.0336   -0.7772
   -0.0586   -0.9942   -0.0904
...    48 C-G ...
  -62.9625 -111.0786   57.3711
   -0.3027    0.1445   -0.9421
    0.9508   -0.0229   -0.3090
   -0.0662   -0.9892   -0.1304
...    49 T-A ...
  -63.4682 -114.3317   56.8370
    0.2788    0.1956   -0.9402
    0.9586   -0.1156    0.2602
   -0.0578   -0.9738   -0.2198
...    50 G-C ...
  -63.3406 -117.5998   55.9894
    0.7914    0.2155   -0.5721
    0.6111   -0.2501    0.7510
    0.0188   -0.9439   -0.3296
...    51 T-A ...
  -63.3803 -120.4477   54.3146
    0.9944    0.0897   -0.0562
    0.0843   -0.3502    0.9329
    0.0640   -0.9324   -0.3558
...    52 A-T ...
  -63.1179 -123.7488   53.5052
    0.8093   -0.1457    0.5691
   -0.5791   -0.3607    0.7311
    0.0987   -0.9212   -0.3763
...    53 G-C ...
  -62.4513 -126.7500   52.1576
    0.3373   -0.2972    0.8932
   -0.9303   -0.2505    0.2679
    0.1441   -0.9214   -0.3610
...    54 G-C ...
  -61.6632 -129.9117   51.1394
   -0.2733   -0.3584    0.8927
   -0.9471   -0.0623   -0.3149
    0.1685   -0.9315   -0.3224
...    55 T-A ...
  -60.5700 -133.0449   50.4301
   -0.7553   -0.3436    0.5581
   -0.6320    0.1566   -0.7589
    0.1734   -0.9260   -0.3354
...    56 A-T ...
  -59.9957 -135.8904   48.4838
   -0.9605   -0.2174   -0.1738
    0.0718    0.4098   -0.9094
    0.2689   -0.8859   -0.3779
...    57 T-A ...
  -59.2899 -139.0664   47.8217
   -0.7716    0.0253   -0.6357
    0.5669    0.4806   -0.6691
    0.2886   -0.8766   -0.3851
...    58 C-G ...
  -58.3015 -142.0041   46.6336
   -0.2718    0.3584   -0.8931
    0.9165    0.3794   -0.1266
    0.2935   -0.8530   -0.4316
...    59 T-A ...
  -57.5841 -144.8621   45.0669
    0.2555    0.5874   -0.7679
    0.9171    0.1043    0.3848
    0.3061   -0.8025   -0.5121
...    60 C-G ...
  -56.5572 -147.4337   43.2923
    0.7366    0.5843   -0.3406
    0.5818   -0.2908    0.7595
    0.3447   -0.7577   -0.5542
...    61 G-C ...
  -54.9253 -149.9400   41.6326
    0.8844    0.4001    0.2405
    0.0783   -0.6350    0.7685
    0.4602   -0.6608   -0.5929
...    62 A-T ...
  -53.1783 -151.9994   39.7050
    0.7315   -0.0618    0.6791
   -0.4622   -0.7771    0.4271
    0.5013   -0.6263   -0.5970
...    63 G-C ...
  -51.2092 -153.8841   37.7350
    0.3229   -0.4779    0.8169
   -0.7748   -0.6292   -0.0619
    0.5435   -0.6129   -0.5735
...    64 C-G ...
  -49.0101 -155.8512   36.0648
   -0.1904   -0.7570    0.6250
   -0.8026   -0.2465   -0.5431
    0.5652   -0.6051   -0.5607
...    65 T-A ...
  -46.9101 -157.9376   34.4304
   -0.6200   -0.7603    0.1938
   -0.5395    0.2339   -0.8088
    0.5696   -0.6060   -0.5552
...    66 C-G ...
  -44.8949 -159.9245   32.6433
   -0.8150   -0.4463   -0.3696
   -0.0406    0.6802   -0.7319
    0.5780   -0.5814   -0.5725
...    67 G-C ...
  -42.6698 -161.4210   30.5040
   -0.7278    0.1061   -0.6776
    0.4340    0.8362   -0.3352
    0.5310   -0.5380   -0.6546
...    68 G-C ...
  -40.8658 -163.4308   28.4280
   -0.4026    0.6187   -0.6746
    0.7588    0.6378    0.1322
    0.5121   -0.4587   -0.7262
...    69 G-C ...
  -39.3045 -165.0824   25.9201
    0.0290    0.9220   -0.3862
    0.8530    0.1786    0.4905
    0.5212   -0.3436   -0.7812
...    70 A-T ...
  -37.5981 -166.0989   23.3143
    0.4903    0.8701    0.0500
    0.6780   -0.4168    0.6054
    0.5476   -0.2630   -0.7943
...    71 T-A ...
  -36.1413 -166.4588   20.4114
    0.7491    0.5395    0.3845
    0.3405   -0.8114    0.4751
    0.5682   -0.2250   -0.7915
...    72 C-G ...
  -34.0457 -167.0041   17.9303
    0.7816   -0.0577    0.6211
   -0.1510   -0.9836    0.0986
    0.6052   -0.1708   -0.7775
...    73 C-G ...
  -31.5511 -167.4632   15.6458
    0.5233   -0.6121    0.5928
   -0.5253   -0.7795   -0.3412
    0.6710   -0.1329   -0.7295
...    74 G-C ...
  -29.4498 -168.4106   13.1104
    0.0822   -0.9593    0.2703
   -0.6899   -0.2505   -0.6792
    0.7192   -0.1307   -0.6824
...    75 C-G ...
  -26.7626 -168.8972   11.0859
   -0.3325   -0.9241   -0.1884
   -0.6043    0.3621   -0.7097
    0.7241   -0.1221   -0.6789
...    76 T-A ...
  -24.1889 -169.4797    8.9709
   -0.6248   -0.5434   -0.5607
   -0.3138    0.8323   -0.4570
    0.7150   -0.1096   -0.6905
...    77 T-A ...
  -21.7269 -170.0016    6.8790
   -0.6613    0.0765   -0.7462
    0.1027    0.9947    0.0110
    0.7431   -0.0693   -0.6656
...    78 T-A ...
  -19.3089 -170.3953    4.7349
   -0.4771    0.6604   -0.5799
    0.4579    0.7500    0.4773
    0.7501   -0.0378   -0.6602
...    79 A-T ...
  -16.6576 -170.3411    2.6322
   -0.1711    0.9822   -0.0772
    0.6626    0.1727    0.7288
    0.7292    0.0736   -0.6803
...    80 A-T ...
  -14.3912 -169.9795    0.3550
    0.2045    0.8904    0.4067
    0.6523   -0.4337    0.6216
    0.7298    0.1382   -0.6695
...    81 C-G ...
  -12.3657 -169.0000   -2.0583
    0.4853    0.4992    0.7178
    0.4641   -0.8429    0.2724
    0.7410    0.2009   -0.6407
...    82 A-T ...
   -9.6199 -168.4355   -3.9590
    0.5966   -0.1305    0.7919
    0.1384   -0.9552   -0.2617
    0.7905    0.2657   -0.5518
...    83 C-G ...
   -6.9162 -166.9840   -5.3569
    0.5700   -0.6447    0.5093
   -0.1895   -0.7063   -0.6821
    0.7995    0.2923   -0.5248
...    84 T-A ...
   -4.0423 -165.9334   -6.7881
    0.3548   -0.9348    0.0159
   -0.4522   -0.1865   -0.8722
    0.8183    0.3023   -0.4889
...    85 T-A ...
   -1.2246 -164.8358   -8.0838
    0.0684   -0.8132   -0.5779
   -0.5948    0.4318   -0.6780
    0.8009    0.3901   -0.4542
...    86 C-G ...
    1.5186 -163.4910   -9.4704
   -0.3097   -0.3382   -0.8886
   -0.5255    0.8398   -0.1365
    0.7924    0.4247   -0.4378
...    87 A-T ...
    4.0342 -161.5923  -10.6989
   -0.6159    0.2424   -0.7496
   -0.2385    0.8495    0.4706
    0.7509    0.4686   -0.4654
...    88 T-A ...
    6.5332 -160.5640  -12.5986
   -0.6549    0.6528   -0.3807
    0.1099    0.5806    0.8067
    0.7477    0.4865   -0.4520
...    89 G-C ...
    9.0641 -158.7131  -13.8857
   -0.5594    0.7947    0.2357
    0.4842    0.0825    0.8711
    0.6728    0.6014   -0.4309
...    90 T-A ...
   10.8020 -156.5695  -15.6771
   -0.2531    0.6658    0.7019
    0.7175   -0.3575    0.5979
    0.6490    0.6549   -0.3872
...    91 T-A ...
   12.7748 -154.3063  -16.8833
    0.1834    0.2934    0.9382
    0.7470   -0.6620    0.0610
    0.6390    0.6897   -0.3406
...    92 A-T ...
   15.2114 -152.1463  -17.8694
    0.5911   -0.2354    0.7715
    0.4914   -0.6534   -0.5759
    0.6396    0.7195   -0.2706
...    93 T-A ...
   17.0799 -149.4243  -18.1820
    0.7738   -0.5348    0.3395
    0.1111   -0.4131   -0.9039
    0.6236    0.7371   -0.2602
...    94 A-T ...
   18.9555 -146.9685  -19.8839
    0.6970   -0.5601   -0.4478
   -0.4920    0.0808   -0.8669
    0.5217    0.8245   -0.2192
...    95 A-T ...
   20.8166 -144.2869  -20.2848
    0.2882   -0.3103   -0.9059
   -0.8329    0.3856   -0.3970
    0.4725    0.8689   -0.1474
...    96 C-G ...
   22.9360 -141.6505  -20.6059
   -0.2231   -0.0227   -0.9745
   -0.8596    0.4760    0.1857
    0.4596    0.8792   -0.1258
...    97 G-C ...
   24.1448 -138.4452  -20.5048
   -0.7292    0.1975   -0.6552
   -0.5743    0.3441    0.7428
    0.3722    0.9179   -0.1375
...    98 G-C ...
   25.6405 -135.4272  -20.9733
   -0.9588    0.2656   -0.1005
   -0.0664    0.1343    0.9887
    0.2761    0.9547   -0.1111
...    99 A-T ...
   26.5960 -132.3126  -21.3409
   -0.8266    0.2184    0.5188
    0.5186   -0.0628    0.8527
    0.2188    0.9738   -0.0613
...   100 T-A ...
   26.7827 -129.1081  -21.9132
   -0.4557    0.1073    0.8836
    0.8697   -0.1576    0.4677
    0.1895    0.9817   -0.0215
...   101 T-A ...
   27.1993 -125.9050  -21.8848
    0.1179   -0.0615    0.9911
    0.9786   -0.1623   -0.1265
    0.1686    0.9848    0.0410
...   102 A-T ...
   27.9564 -122.6415  -21.4974
    0.6813   -0.2252    0.6965
    0.7108   -0.0237   -0.7030
    0.1748    0.9740    0.1439
...   103 T-A ...
   28.1912 -119.5304  -20.3940
    0.9553   -0.1927    0.2242
    0.2494    0.1179   -0.9612
    0.1588    0.9741    0.1607
...   104 G-C ...
   28.9445 -116.2637  -20.1753
    0.9005   -0.0995   -0.4234
   -0.3867    0.2626   -0.8840
    0.1992    0.9597    0.1980
...   105 C-G ...
   29.9013 -113.1501  -19.2453
    0.5086    0.0769   -0.8576
   -0.8363    0.2809   -0.4708
    0.2047    0.9566    0.2072
...   106 T-A ...
   30.8675 -110.0111  -18.4835
   -0.0618    0.2181   -0.9740
   -0.9787    0.1782    0.1020
    0.1958    0.9595    0.2024
...   107 T-A ...
   31.7737 -106.9490  -17.7717
   -0.6359    0.3200   -0.7023
   -0.7472   -0.0276    0.6640
    0.1931    0.9470    0.2567
...   108 C-G ...
   32.5306 -103.8450  -16.8635
   -0.9684    0.1974   -0.1527
   -0.1998   -0.2467    0.9483
    0.1495    0.9488    0.2783
...   109 C-G ...
   33.0435 -100.5780  -16.1285
   -0.9234   -0.0863    0.3740
    0.3813   -0.3185    0.8678
    0.0442    0.9440    0.3271
...   110 G-C ...
   33.2697  -97.5266  -14.6321
   -0.5374   -0.4037    0.7404
    0.8405   -0.1842    0.5096
   -0.0694    0.8962    0.4383
...   111 G-C ...
   32.6353  -94.6507  -12.9705
    0.0351   -0.5388    0.8417
    0.9927    0.1158    0.0328
   -0.1151    0.8344    0.5390
...   112 C-G ...
   31.8518  -92.1833  -10.8622
    0.5936   -0.4246    0.6836
    0.7957    0.4370   -0.4195
   -0.1206    0.7930    0.5972
...   113 T-A ...
   31.3896  -89.8245   -8.5338
    0.9420   -0.1464    0.3020
    0.3221    0.6466   -0.6915
   -0.0940    0.7486    0.6563
...   114 C-G ...
   31.2464  -87.4340   -6.2329
    0.9384    0.2899   -0.1878
   -0.3337    0.6206   -0.7095
   -0.0892    0.7285    0.6792
...   115 G-C ...
   30.8149  -84.6818   -4.2644
    0.5474    0.5794   -0.6039
   -0.8360    0.3459   -0.4259
   -0.0378    0.7380    0.6738
...   116 T-A ...
   31.2838  -82.3653   -1.8356
   -0.0143    0.6792   -0.7338
   -0.9987   -0.0451   -0.0222
   -0.0482    0.7326    0.6790
...   117 A-T ...
   30.4580  -80.2858    0.8432
   -0.7107    0.5050   -0.4898
   -0.7026   -0.5441    0.4586
   -0.0349    0.6701    0.7415
...   118 T-A ...
   30.6950  -77.6948    2.8911
   -0.9755    0.1421   -0.1682
   -0.2176   -0.7393    0.6373
   -0.0338    0.6582    0.7521
...   119 A-T ...
   30.6595  -75.8346    5.7549
   -0.8786   -0.4001    0.2606
    0.4734   -0.6580    0.5857
   -0.0629    0.6380    0.7675
...   120 A-T ...
   30.2939  -73.7116    8.1843
   -0.4251   -0.7282    0.5375
    0.9018   -0.2900    0.3204
   -0.0775    0.6210    0.7800
...   121 T-A ...
   29.3801  -71.6995   10.6212
    0.1116   -0.7831    0.6119
    0.9902    0.1399   -0.0016
   -0.0843    0.6060    0.7910
...   122 G-C ...
   29.4391  -69.8093   13.4255
    0.6935   -0.5912    0.4118
    0.7179    0.6151   -0.3261
   -0.0605    0.5218    0.8510
...   123 T-A ...
   29.0196  -68.6464   16.5398
    0.9763   -0.1605    0.1453
    0.2116    0.8492   -0.4838
   -0.0457    0.5031    0.8630
...   124 G-C ...
   29.0466  -66.6814   19.2825
    0.8990    0.3729   -0.2295
   -0.4375    0.7867   -0.4356
    0.0181    0.4920    0.8704
...   125 T-A ...
   29.5585  -65.4633   22.3905
    0.4997    0.7479   -0.4369
   -0.8659    0.4437   -0.2309
    0.0211    0.4937    0.8694
...   126 C-G ...
   29.7012  -63.8567   25.3067
   -0.1541    0.8593   -0.4878
   -0.9880   -0.1269    0.0886
    0.0143    0.4956    0.8685
...   127 G-C ...
   29.3053  -62.3834   28.3737
   -0.7158    0.5662   -0.4087
   -0.6967   -0.6188    0.3629
   -0.0474    0.5445    0.8374
...   128 A-T ...
   29.2177  -60.5751   31.1481
   -0.9915    0.0454   -0.1217
   -0.1037   -0.8410    0.5311
   -0.0783    0.5392    0.8385
...   129 C-G ...
   28.8371  -58.3095   33.5591
   -0.8809   -0.4449    0.1615
    0.4599   -0.7238    0.5144
   -0.1120    0.5273    0.8422
...   130 C-G ...
   28.1723  -56.4982   36.3462
   -0.4452   -0.8249    0.3483
    0.8776   -0.3246    0.3528
   -0.1779    0.4627    0.8685
...   131 A-T ...
   27.8141  -55.1059   39.4058
    0.1921   -0.8946    0.4035
    0.9614    0.2541    0.1055
   -0.1969    0.3677    0.9089
...   132 A-T ...
   27.0005  -54.0662   42.3838
    0.7291   -0.5625    0.3898
    0.6527    0.7428   -0.1491
   -0.2057    0.3631    0.9088
...   133 A-T ...
   26.2483  -53.1157   45.4140
    0.9708    0.0061    0.2398
    0.0805    0.9335   -0.3494
   -0.2260    0.3585    0.9058
...   134 T-A ...
   25.6308  -52.5797   48.6349
    0.8597    0.5096    0.0340
   -0.4497    0.7867   -0.4230
   -0.2423    0.3484    0.9055
...   135 G-C ...
   25.2858  -52.4981   52.0750
    0.3205    0.9427   -0.0927
   -0.8825    0.2616   -0.3908
   -0.3442    0.2071    0.9158
...   136 T-A ...
   25.5356  -52.9668   55.8001
   -0.2443    0.9563   -0.1608
   -0.8908   -0.2868   -0.3525
   -0.3832    0.0571    0.9219
...   137 G-C ...
   24.9037  -52.7260   58.9820
   -0.7529    0.5562   -0.3519
   -0.5214   -0.8303   -0.1968
   -0.4017    0.0354    0.9151
...   138 A-T ...
   24.0249  -51.6261   61.9210
   -0.9563    0.0400   -0.2896
   -0.0523   -0.9980    0.0347
   -0.2877    0.0483    0.9565
...   139 G-C ...
   22.3574  -51.2300   64.4908
   -0.8529   -0.5117   -0.1032
    0.4973   -0.8566    0.1372
   -0.1586    0.0657    0.9852
...   140 C-G ...
   22.1608  -50.1386   67.4617
   -0.4681   -0.8749    0.1247
    0.8495   -0.4066    0.3363
   -0.2435    0.2633    0.9335
...   141 G-C ...
   21.4366  -51.8164   72.7855
    0.1304   -0.7141   -0.6877
    0.8897   -0.2218    0.3990
   -0.4375   -0.6639    0.6065
...   142 C-G ...
   20.4354  -54.2994   74.5394
    0.5847   -0.7390   -0.3347
    0.7593    0.3532    0.5466
   -0.2857   -0.5737    0.7676
...   143 T-A ...
   18.4377  -55.5190   76.5272
    0.8548   -0.5006    0.1370
    0.3188    0.7147    0.6225
   -0.4096   -0.4884    0.7705
...   144 C-G ...
   16.8485  -57.7126   78.2647
    0.8529   -0.0846    0.5152
   -0.1509    0.9047    0.3983
   -0.4998   -0.4175    0.7589
...   145 A-T ...
   15.7933  -59.5518   80.7962
    0.5515    0.4995    0.6681
   -0.6739    0.7388    0.0040
   -0.4915   -0.4525    0.7441
...   146 C-G ...
   15.7410  -61.4839   83.9295
    0.0342    0.7400    0.6718
   -0.8637    0.3601   -0.3527
   -0.5029   -0.5681    0.6514
...   147 A-T ...
   14.7481  -63.4171   86.8164
   -0.5923    0.6746    0.4405
   -0.6886   -0.1400   -0.7115
   -0.4183   -0.7247    0.5475
