  147 base-pairs
...     1 T-A ...
    0.0000    0.0000    0.0000
    1.0000    0.0000    0.0000
    0.0000    1.0000    0.0000
    0.0000    0.0000    1.0000
...     2 G-C ...
   -0.5555   -1.1003    3.3981
    0.7749    0.6051    0.1828
   -0.5991    0.7953   -0.0929
   -0.2016   -0.0375    0.9787
...     3 T-A ...
   -0.6619   -3.0237    6.5348
    0.3046    0.9250    0.2271
   -0.8994    0.3578   -0.2510
   -0.3134   -0.1278    0.9410
...     4 G-C ...
   -1.1607   -3.8418    9.6940
   -0.3351    0.9421    0.0133
   -0.8752   -0.3061   -0.3746
   -0.3489   -0.1372    0.9271
...     5 A-T ...
   -1.3881   -3.6770   12.8999
   -0.7835    0.6162   -0.0801
   -0.5677   -0.7622   -0.3109
   -0.2527   -0.1981    0.9470
...     6 G-C ...
   -2.6236   -3.5448   15.7072
   -0.9923    0.0611   -0.1075
   -0.0294   -0.9610   -0.2748
   -0.1201   -0.2695    0.9555
...     7 C-G ...
   -2.3138   -3.7570   18.8866
   -0.8620   -0.4995   -0.0864
    0.5008   -0.8655    0.0073
   -0.0785   -0.0370    0.9962
...     8 G-C ...
   -3.9561   -6.8109   23.3205
   -0.2581   -0.3560   -0.8981
    0.6294   -0.7673    0.1233
   -0.7330   -0.5335    0.4221
...     9 C-G ...
   -6.1177   -8.9414   24.2385
    0.1143   -0.7320   -0.6716
    0.8123   -0.3203    0.4874
   -0.5720   -0.6013    0.5580
...    10 T-A ...
   -8.5041   -9.6771   26.0540
    0.4660   -0.8587   -0.2131
    0.6274    0.1508    0.7640
   -0.6239   -0.4897    0.6090
...    11 C-G ...
  -11.0625  -11.3174   27.2336
    0.6660   -0.6911    0.2808
    0.3382    0.6152    0.7121
   -0.6649   -0.3794    0.6435
...    12 A-T ...
  -13.0013  -13.1789   29.0658
    0.7188   -0.1490    0.6790
   -0.1787    0.9043    0.3876
   -0.6718   -0.4000    0.6235
...    13 C-G ...
  -14.1788  -15.9359   31.3399
    0.4052    0.2865    0.8682
   -0.5270    0.8492   -0.0343
   -0.7470   -0.4437    0.4951
...    14 A-T ...
  -15.9532  -18.1566   33.3080
   -0.1503    0.6873    0.7107
   -0.6106    0.5008   -0.6135
   -0.7776   -0.5261    0.3444
...    15 A-T ...
  -18.3780  -19.9222   34.5714
   -0.5016    0.8400    0.2071
   -0.3949   -0.0093   -0.9187
   -0.7697   -0.5426    0.3363
...    16 T-A ...
  -20.6998  -21.6351   36.3978
   -0.6767    0.6643   -0.3174
   -0.0349   -0.4595   -0.8875
   -0.7354   -0.5895    0.3341
...    17 T-A ...
  -23.0961  -23.3759   37.8214
   -0.5974    0.2265   -0.7693
    0.3989   -0.7483   -0.5300
   -0.6957   -0.6235    0.3567
...    18 T-A ...
  -25.4493  -25.2630   39.0898
   -0.2468   -0.2440   -0.9378
    0.6804   -0.7327    0.0116
   -0.6900   -0.6352    0.3469
...    19 A-T ...
  -27.5035  -27.6613   40.3095
    0.2643   -0.6065   -0.7499
    0.6897   -0.4247    0.5865
   -0.6742   -0.6721    0.3061
...    20 T-A ...
  -30.0846  -29.6706   40.7811
    0.5991   -0.7297   -0.3295
    0.4478   -0.0358    0.8934
   -0.6637   -0.6829    0.3053
...    21 T-A ...
  -32.2788  -31.9665   41.5236
    0.7540   -0.6064    0.2526
   -0.0024    0.3821    0.9241
   -0.6569   -0.6973    0.2866
...    22 C-G ...
  -34.3087  -34.3542   42.5322
    0.6219   -0.2341    0.7473
   -0.4736    0.6476    0.5970
   -0.6237   -0.7251    0.2918
...    23 G-C ...
  -36.4070  -36.4481   44.2201
    0.3229    0.2647    0.9087
   -0.7916    0.6017    0.1060
   -0.5187   -0.7536    0.4038
...    24 C-G ...
  -37.7551  -39.1025   45.6311
   -0.1235    0.5807    0.8047
   -0.8453    0.3632   -0.3918
   -0.5198   -0.7286    0.4461
...    25 A-T ...
  -39.9768  -41.4519   46.6586
   -0.6153    0.6909    0.3794
   -0.5836   -0.0757   -0.8085
   -0.5299   -0.7189    0.4498
...    26 A-T ...
  -41.6545  -43.7620   48.3081
   -0.8545    0.4922   -0.1662
   -0.0960   -0.4640   -0.8806
   -0.5106   -0.7365    0.4437
...    27 A-T ...
  -43.2575  -46.0444   50.0322
   -0.7550    0.0925   -0.6492
    0.4544   -0.6400   -0.6196
   -0.4728   -0.7628    0.4412
...    28 G-C ...
  -45.1828  -48.3375   51.6347
   -0.3476   -0.2342   -0.9079
    0.7929   -0.5903   -0.1513
   -0.5005   -0.7725    0.3909
...    29 G-C ...
  -47.1745  -50.9086   52.8457
    0.2300   -0.4653   -0.8547
    0.8424   -0.3446    0.4143
   -0.4873   -0.8153    0.3127
...    30 C-G ...
  -48.9967  -53.5743   53.4986
    0.6989   -0.5244   -0.4864
    0.5502   -0.0403    0.8341
   -0.4570   -0.8505    0.2603
...    31 C-G ...
  -50.5353  -56.4689   54.1491
    0.9216   -0.3841    0.0568
    0.0349    0.2277    0.9731
   -0.3867   -0.8948    0.2233
...    32 G-C ...
  -51.4634  -59.2635   55.2636
    0.8287   -0.1120    0.5483
   -0.4862    0.3412    0.8045
   -0.2772   -0.9333    0.2283
...    33 G-C ...
  -51.8946  -62.4931   56.2264
    0.4158    0.1445    0.8979
   -0.8830    0.3004    0.3606
   -0.2176   -0.9428    0.2525
...    34 C-G ...
  -52.2380  -65.6390   57.1895
   -0.1666    0.3169    0.9337
   -0.9656    0.1394   -0.2196
   -0.1997   -0.9382    0.2827
...    35 C-G ...
  -52.8072  -68.7346   58.5593
   -0.6991    0.3557    0.6203
   -0.6865   -0.0912   -0.7214
   -0.2000   -0.9301    0.3079
...    36 C-G ...
  -53.3936  -71.8390   59.9174
   -0.9608    0.2703    0.0623
   -0.1460   -0.3018   -0.9421
   -0.2359   -0.9142    0.3294
...    37 G-C ...
  -53.7379  -75.3649   60.0309
   -0.8426    0.1019   -0.5288
    0.4601   -0.3739   -0.8053
   -0.2798   -0.9218    0.2682
...    38 A-T ...
  -54.5174  -78.2900   61.0146
   -0.3960   -0.1288   -0.9091
    0.8798   -0.3368   -0.3355
   -0.2630   -0.9327    0.2467
...    39 C-G ...
  -55.8095  -81.1464   61.6475
    0.1520   -0.2310   -0.9610
    0.9513   -0.2296    0.2056
   -0.2682   -0.9455    0.1849
...    40 A-T ...
  -56.6189  -84.4195   62.0886
    0.7155   -0.2315   -0.6591
    0.6627   -0.0739    0.7453
   -0.2212   -0.9700    0.1006
...    41 C-G ...
  -57.2981  -87.6512   61.8234
    0.9700   -0.1817   -0.1616
    0.1704    0.0342    0.9848
   -0.1734   -0.9828    0.0642
...    42 G-C ...
  -57.6868  -90.9254   62.5075
    0.8762   -0.0710    0.4767
   -0.4723    0.0705    0.8786
   -0.0960   -0.9950    0.0282
...    43 A-T ...
  -57.9362  -94.1299   62.5586
    0.4071   -0.0255    0.9130
   -0.9083    0.0947    0.4076
   -0.0968   -0.9952    0.0154
...    44 C-G ...
  -57.6293  -97.4506   62.5457
   -0.1608    0.0523    0.9856
   -0.9835    0.0748   -0.1645
   -0.0823   -0.9958    0.0394
...    45 T-A ...
  -57.3037 -101.0438   63.0406
   -0.7119    0.0979    0.6954
   -0.6960    0.0337   -0.7172
   -0.0936   -0.9946    0.0441
...    46 T-A ...
  -57.4229 -104.2633   63.3316
   -0.9842    0.0718    0.1616
   -0.1610    0.0151   -0.9868
   -0.0733   -0.9973   -0.0033
...    47 A-T ...
  -57.5201 -107.6527   62.9141
   -0.8414    0.0633   -0.5366
    0.5365   -0.0199   -0.8436
   -0.0641   -0.9978   -0.0172
...    48 C-G ...
  -58.1776 -110.8776   63.3500
   -0.4094    0.0884   -0.9081
    0.9083   -0.0543   -0.4148
   -0.0859   -0.9946   -0.0581
...    49 T-A ...
  -58.8548 -114.1905   63.0668
    0.1701    0.1354   -0.9761
    0.9808   -0.1189    0.1545
   -0.0952   -0.9836   -0.1530
...    50 G-C ...
  -58.9926 -117.5124   62.2677
    0.7189    0.1903   -0.6686
    0.6948   -0.2263    0.6827
   -0.0213   -0.9553   -0.2949
...    51 T-A ...
  -59.1778 -120.3804   60.8271
    0.9791    0.0815   -0.1866
    0.2030   -0.3208    0.9251
    0.0155   -0.9436   -0.3306
...    52 A-T ...
  -59.0830 -123.7861   60.2883
    0.8700   -0.1534    0.4686
   -0.4919   -0.3361    0.8032
    0.0342   -0.9293   -0.3679
...    53 G-C ...
  -58.7518 -126.7820   59.0127
    0.4559   -0.2664    0.8492
   -0.8851   -0.2354    0.4014
    0.0930   -0.9347   -0.3431
...    54 G-C ...
  -57.6281 -130.0376   57.8774
   -0.1583   -0.3161    0.9354
   -0.9805   -0.0618   -0.1867
    0.1168   -0.9467   -0.3002
...    55 T-A ...
  -56.8361 -133.1784   57.1468
   -0.6659   -0.3193    0.6743
   -0.7353    0.1282   -0.6655
    0.1260   -0.9389   -0.3202
...    56 A-T ...
  -56.2318 -136.4137   56.2515
   -0.9821   -0.1539    0.1084
   -0.1529    0.3159   -0.9364
    0.1099   -0.9362   -0.3338
...    57 T-A ...
  -55.8997 -139.6565   55.8253
   -0.9056    0.0321   -0.4230
    0.4043    0.3668   -0.8378
    0.1283   -0.9297   -0.3452
...    58 C-G ...
  -55.7090 -142.8961   54.7120
   -0.4339    0.2941   -0.8516
    0.8935    0.2616   -0.3650
    0.1154   -0.9193   -0.3763
...    59 T-A ...
  -55.6059 -145.9056   53.2685
    0.1217    0.4677   -0.8755
    0.9871    0.0350    0.1559
    0.1036   -0.8832   -0.4574
...    60 C-G ...
  -55.0585 -148.7450   51.6348
    0.6848    0.4380   -0.5824
    0.7227   -0.3051    0.6202
    0.0939   -0.8456   -0.5255
...    61 G-C ...
  -54.0888 -151.6680   50.1470
    0.9387    0.3432   -0.0332
    0.2389   -0.5779    0.7804
    0.2486   -0.7404   -0.6245
...    62 A-T ...
  -53.0105 -154.1410   48.0360
    0.8827   -0.0832    0.4625
   -0.3840   -0.6952    0.6077
    0.2709   -0.7140   -0.6456
...    63 G-C ...
  -51.9262 -156.4600   45.8784
    0.5134   -0.4455    0.7334
   -0.8040   -0.5484    0.2297
    0.2999   -0.7076   -0.6398
...    64 C-G ...
  -50.4716 -158.7915   43.7354
   -0.0859   -0.6923    0.7165
   -0.9452   -0.1707   -0.2782
    0.3149   -0.7011   -0.6397
...    65 T-A ...
  -49.3794 -161.1585   41.6488
   -0.6010   -0.6831    0.4150
   -0.7251    0.2474   -0.6427
    0.3363   -0.6872   -0.6440
...    66 C-G ...
  -48.1273 -163.3561   39.3384
   -0.9218   -0.3745   -0.0999
   -0.1861    0.6538   -0.7334
    0.3400   -0.6575   -0.6724
...    67 G-C ...
  -46.9223 -164.7477   36.3514
   -0.8672    0.1178   -0.4838
    0.3935    0.7575   -0.5210
    0.3051   -0.6422   -0.7032
...    68 G-C ...
  -46.0469 -167.1318   33.9564
   -0.5255    0.6216   -0.5810
    0.8131    0.5678   -0.1280
    0.2504   -0.5397   -0.8038
...    69 T-A ...
  -46.0410 -168.9705   31.2253
   -0.0191    0.8637   -0.5036
    0.9684    0.1412    0.2054
    0.2485   -0.4838   -0.8392
...    70 C-G ...
  -45.1633 -170.3434   28.4658
    0.5070    0.8306   -0.2301
    0.8203   -0.3830    0.4248
    0.2647   -0.4041   -0.8756
...    71 A-T ...
  -44.3713 -171.6248   25.4097
    0.8369    0.5213    0.1669
    0.4270   -0.8126    0.3968
    0.3425   -0.2608   -0.9026
...    72 T-A ...
  -43.2246 -171.9612   22.3596
    0.9165    0.0341    0.3987
   -0.0611   -0.9727    0.2237
    0.3954   -0.2294   -0.8894
...    73 G-C ...
  -41.7052 -172.7056   19.3857
    0.6481   -0.5847    0.4880
   -0.6062   -0.7839   -0.1341
    0.4610   -0.2089   -0.8625
...    74 T-A ...
  -39.6983 -173.0677   16.6082
    0.1873   -0.9422    0.2780
   -0.8688   -0.2909   -0.4006
    0.4583   -0.1665   -0.8730
...    75 T-A ...
  -37.9760 -173.4378   13.8439
   -0.3526   -0.9279   -0.1213
   -0.8014    0.3663   -0.4728
    0.4831   -0.0695   -0.8728
...    76 A-T ...
  -36.3650 -173.1359   10.6706
   -0.7611   -0.3473   -0.5478
   -0.3171    0.9360   -0.1529
    0.5658    0.0573   -0.8225
...    77 T-A ...
  -34.4001 -173.6011    8.0435
   -0.8008    0.2119   -0.5602
    0.1228    0.9735    0.1927
    0.5863    0.0855   -0.8056
...    78 A-T ...
  -32.1024 -173.0303    5.5013
   -0.5015    0.8199   -0.2762
    0.6144    0.5623    0.5535
    0.6091    0.1079   -0.7857
...    79 A-T ...
  -30.2990 -172.6740    2.8963
   -0.0827    0.9870    0.1378
    0.7918   -0.0188    0.6105
    0.6052    0.1596   -0.7799
...    80 C-G ...
  -28.7754 -171.8741    0.0125
    0.3474    0.7927    0.5009
    0.7068   -0.5724    0.4157
    0.6162    0.2096   -0.7591
...    81 G-C ...
  -26.3315 -171.1862   -2.1033
    0.6121    0.2852    0.7375
    0.4305   -0.9026   -0.0082
    0.6633    0.3225   -0.6753
...    82 G-C ...
  -23.6520 -170.0016   -3.6807
    0.6677   -0.3013    0.6807
    0.0958   -0.8721   -0.4800
    0.7383    0.3856   -0.5534
...    83 A-T ...
  -20.9338 -169.0192   -5.3208
    0.5890   -0.7797    0.2125
   -0.3039   -0.4574   -0.8357
    0.7488    0.4276   -0.5064
...    84 G-C ...
  -18.2578 -167.4386   -6.7392
    0.2913   -0.9083   -0.3003
   -0.5720    0.0862   -0.8157
    0.7667    0.4094   -0.4945
...    85 A-T ...
  -15.5048 -166.0541   -8.1669
   -0.1322   -0.6114   -0.7802
   -0.6200    0.6651   -0.4162
    0.7734    0.4287   -0.4670
...    86 T-A ...
  -12.6361 -165.1203   -9.5584
   -0.4472   -0.1424   -0.8830
   -0.4522    0.8878    0.0858
    0.7717    0.4377   -0.4614
...    87 C-G ...
   -9.9223 -163.8670  -11.1863
   -0.6214    0.4621   -0.6328
   -0.0882    0.7612    0.6425
    0.7785    0.4550   -0.4322
...    88 C-G ...
   -7.1368 -162.5301  -12.4201
   -0.6696    0.7349   -0.1079
    0.2529    0.3622    0.8972
    0.6984    0.5734   -0.4283
...    89 G-C ...
   -4.6858 -160.3911  -13.3815
   -0.4911    0.7166    0.4953
    0.6076   -0.1258    0.7843
    0.6243    0.6861   -0.3736
...    90 C-G ...
   -2.9200 -157.8511  -14.9426
   -0.0656    0.4828    0.8733
    0.7802   -0.5208    0.3465
    0.6221    0.7040   -0.3425
...    91 T-A ...
   -1.0908 -155.0046  -15.8554
    0.3822    0.0522    0.9226
    0.7046   -0.6624   -0.2544
    0.5979    0.7473   -0.2899
...    92 T-A ...
    0.7181 -152.3673  -16.5711
    0.7417   -0.3432    0.5763
    0.3456   -0.5408   -0.7669
    0.5748    0.7679   -0.2825
...    93 T-A ...
    2.5861 -149.7477  -17.2458
    0.8183   -0.5748   -0.0028
   -0.1609   -0.2245   -0.9611
    0.5518    0.7869   -0.2762
...    94 A-T ...
    3.9239 -147.1173  -18.9820
    0.5840   -0.4618   -0.6676
   -0.6718    0.1867   -0.7168
    0.4557    0.8671   -0.2012
...    95 A-T ...
    5.5426 -144.3111  -19.4515
    0.0745   -0.1676   -0.9830
   -0.9053    0.4021   -0.1372
    0.4182    0.9001   -0.1218
...    96 C-G ...
    7.4630 -141.4785  -19.8643
   -0.4538    0.1405   -0.8800
   -0.7858    0.4025    0.4695
    0.4202    0.9046   -0.0723
...    97 A-T ...
    8.8405 -138.4026  -19.9877
   -0.8625    0.3257   -0.3874
   -0.3437    0.1848    0.9207
    0.3715    0.9272   -0.0474
...    98 C-G ...
   10.0539 -135.3654  -20.7997
   -0.9216    0.3469    0.1741
    0.1717   -0.0379    0.9844
    0.3481    0.9371   -0.0246
...    99 T-A ...
   10.9427 -131.9521  -21.2530
   -0.6726    0.1420    0.7263
    0.6884   -0.2401    0.6845
    0.2716    0.9603    0.0638
...   100 T-A ...
   11.4995 -128.7524  -21.0762
   -0.1540   -0.0567    0.9864
    0.9531   -0.2719    0.1332
    0.2607    0.9607    0.0959
...   101 T-A ...
   12.2767 -125.6358  -20.5997
    0.4031   -0.2667    0.8754
    0.8755   -0.1663   -0.4538
    0.2666    0.9493    0.1665
...   102 A-T ...
   13.4565 -122.4633  -20.0837
    0.8690   -0.3275    0.3710
    0.4176    0.0831   -0.9048
    0.2655    0.9412    0.2090
...   103 T-A ...
   14.1262 -119.6012  -18.6695
    0.9557   -0.2654   -0.1273
   -0.0538    0.2677   -0.9620
    0.2894    0.9262    0.2416
...   104 G-C ...
   15.3179 -116.6581  -17.7211
    0.6943   -0.1201   -0.7096
   -0.6162    0.4102   -0.6723
    0.3719    0.9040    0.2108
...   105 C-G ...
   16.8891 -113.7734  -16.9318
    0.2083    0.1473   -0.9669
   -0.9068    0.3996   -0.1344
    0.3666    0.9048    0.2168
...   106 T-A ...
   18.5552 -110.7792  -16.3039
   -0.3744    0.3532   -0.8574
   -0.8464    0.2474    0.4716
    0.3787    0.9022    0.2063
...   107 T-A ...
   19.9217 -107.9115  -15.7544
   -0.8011    0.4167   -0.4297
   -0.4800   -0.0183    0.8771
    0.3576    0.9088    0.2147
...   108 C-G ...
   21.1676 -104.8286  -15.1986
   -0.9445    0.2683    0.1897
    0.1098   -0.2864    0.9518
    0.3097    0.9198    0.2411
...   109 C-G ...
   22.4323 -101.8548  -14.4878
   -0.7740   -0.0745    0.6288
    0.6010   -0.3987    0.6927
    0.1991    0.9140    0.3534
...   110 G-C ...
   23.2248  -99.1644  -13.0297
   -0.3580   -0.4114    0.8382
    0.9267   -0.2668    0.2648
    0.1147    0.8715    0.4768
...   111 G-C ...
   23.3759  -96.4681  -11.0666
    0.2165   -0.5711    0.7918
    0.9723    0.0528   -0.2278
    0.0883    0.8192    0.5667
...   112 C-G ...
   23.3497  -94.1576   -8.6099
    0.7314   -0.4733    0.4910
    0.6757    0.4057   -0.6155
    0.0921    0.7819    0.6165
...   113 T-A ...
   23.6627  -91.7060   -6.3893
    0.9821   -0.1823    0.0480
    0.1560    0.6432   -0.7496
    0.1058    0.7436    0.6602
...   114 C-G ...
   24.2388  -89.1069   -4.4195
    0.8652    0.2687   -0.4233
   -0.4855    0.6598   -0.5735
    0.1252    0.7018    0.7013
...   115 G-C ...
   24.3257  -86.5246   -2.3227
    0.3705    0.6123   -0.6985
   -0.9174    0.3588   -0.1722
    0.1452    0.7046    0.6946
...   116 T-A ...
   25.5802  -84.1060   -0.2122
   -0.2227    0.6909   -0.6878
   -0.9664   -0.0636    0.2490
    0.1283    0.7202    0.6818
...   117 A-T ...
   26.2646  -81.6291    2.0352
   -0.7832    0.4772   -0.3986
   -0.6143   -0.4943    0.6151
    0.0964    0.7266    0.6803
...   118 T-A ...
   26.8700  -78.8919    3.7669
   -0.9896    0.1436   -0.0080
   -0.1055   -0.6872    0.7187
    0.0977    0.7121    0.6952
...   119 A-T ...
   27.3386  -76.7537    6.4172
   -0.8183   -0.3604    0.4477
    0.5690   -0.6177    0.5429
    0.0808    0.6990    0.7106
...   120 A-T ...
   27.3823  -74.4034    8.6656
   -0.3383   -0.7031    0.6255
    0.9403   -0.2788    0.1952
    0.0371    0.6542    0.7554
...   121 T-A ...
   26.8912  -72.2725   11.1675
    0.2185   -0.7527    0.6211
    0.9755    0.1521   -0.1589
    0.0251    0.6406    0.7675
...   122 G-C ...
   27.0109  -70.2122   13.9558
    0.7789   -0.5408    0.3175
    0.6243    0.6205   -0.4746
    0.0597    0.5679    0.8209
...   123 T-A ...
   27.1297  -68.8388   16.9760
    0.9928   -0.1187    0.0157
    0.1076    0.8270   -0.5517
    0.0525    0.5495    0.8339
...   124 G-C ...
   27.3391  -67.0176   19.8392
    0.8380    0.4183   -0.3503
   -0.5384    0.7384   -0.4062
    0.0887    0.5290    0.8440
...   125 T-A ...
   27.9681  -65.6759   22.7346
    0.4071    0.7431   -0.5311
   -0.9079    0.3930   -0.1461
    0.1002    0.5416    0.8346
...   126 C-G ...
   28.3457  -63.9539   25.4215
   -0.2302    0.8355   -0.4990
   -0.9682   -0.1448    0.2041
    0.0982    0.5301    0.8422
...   127 G-C ...
   27.9923  -62.4561   28.4503
   -0.7559    0.5351   -0.3773
   -0.6546   -0.6073    0.4501
    0.0117    0.5872    0.8093
...   128 A-T ...
   28.1971  -60.6497   31.0658
   -0.9976    0.0561   -0.0398
   -0.0687   -0.8234    0.5633
   -0.0012    0.5647    0.8253
...   129 C-G ...
   28.0782  -58.2207   33.2983
   -0.8728   -0.4295    0.2321
    0.4859   -0.7183    0.4980
   -0.0472    0.5474    0.8355
...   130 C-G ...
   27.3615  -56.3133   36.0414
   -0.4549   -0.8110    0.3679
    0.8797   -0.3450    0.3272
   -0.1385    0.4725    0.8704
...   131 A-T ...
   27.6074  -55.0262   39.2273
    0.1850   -0.8962    0.4032
    0.9694    0.2339    0.0750
   -0.1616    0.3770    0.9120
...   132 A-T ...
   27.0048  -53.9893   42.2925
    0.7265   -0.5823    0.3648
    0.6653    0.7290   -0.1610
   -0.1722    0.3597    0.9171
...   133 A-T ...
   26.2257  -53.1389   45.3717
    0.9707   -0.0066    0.2401
    0.0936    0.9309   -0.3530
   -0.2212    0.3651    0.9043
...   134 T-A ...
   25.6309  -52.5797   48.6349
    0.8597    0.5096    0.0340
   -0.4497    0.7867   -0.4230
   -0.2423    0.3484    0.9055
...   135 G-C ...
   25.2859  -52.4981   52.0750
    0.3205    0.9427   -0.0927
   -0.8825    0.2616   -0.3908
   -0.3442    0.2071    0.9158
...   136 T-A ...
   25.5357  -52.9669   55.8002
   -0.2443    0.9563   -0.1608
   -0.8908   -0.2868   -0.3525
   -0.3832    0.0571    0.9219
...   137 G-C ...
   24.9038  -52.7260   58.9820
   -0.7529    0.5562   -0.3519
   -0.5214   -0.8303   -0.1968
   -0.4017    0.0354    0.9151
...   138 A-T ...
   24.0250  -51.6262   61.9210
   -0.9563    0.0400   -0.2896
   -0.0523   -0.9980    0.0347
   -0.2877    0.0483    0.9565
...   139 G-C ...
   22.3575  -51.2300   64.4909
   -0.8529   -0.5117   -0.1032
    0.4973   -0.8566    0.1372
   -0.1586    0.0657    0.9852
...   140 C-G ...
   22.1609  -50.1387   67.4617
   -0.4681   -0.8749    0.1247
    0.8495   -0.4066    0.3363
   -0.2435    0.2633    0.9335
...   141 G-C ...
   21.4367  -51.8165   72.7855
    0.1304   -0.7141   -0.6877
    0.8897   -0.2218    0.3990
   -0.4375   -0.6639    0.6065
...   142 C-G ...
   20.4355  -54.2995   74.5395
    0.5847   -0.7390   -0.3347
    0.7593    0.3532    0.5466
   -0.2857   -0.5737    0.7676
...   143 T-A ...
   18.4378  -55.5191   76.5272
    0.8548   -0.5006    0.1370
    0.3188    0.7147    0.6225
   -0.4096   -0.4884    0.7705
...   144 C-G ...
   16.8486  -57.7127   78.2648
    0.8529   -0.0846    0.5152
   -0.1509    0.9047    0.3983
   -0.4998   -0.4175    0.7589
...   145 A-T ...
   15.7934  -59.5519   80.7962
    0.5515    0.4995    0.6681
   -0.6739    0.7388    0.0040
   -0.4915   -0.4525    0.7441
...   146 C-G ...
   15.7411  -61.4840   83.9295
    0.0342    0.7400    0.6718
   -0.8637    0.3601   -0.3527
   -0.5029   -0.5681    0.6514
...   147 A-T ...
   14.7482  -63.4171   86.8164
   -0.5923    0.6746    0.4405
   -0.6886   -0.1400   -0.7115
   -0.4183   -0.7247    0.5475
