  147 base-pairs
...     1 T-A ...
    0.0000    0.0000    0.0000
    1.0000    0.0000    0.0000
    0.0000    1.0000    0.0000
    0.0000    0.0000    1.0000
...     2 G-C ...
   -0.5555   -1.1003    3.3981
    0.7749    0.6051    0.1828
   -0.5991    0.7953   -0.0929
   -0.2016   -0.0375    0.9787
...     3 T-A ...
   -0.6619   -3.0237    6.5348
    0.3046    0.9250    0.2271
   -0.8994    0.3578   -0.2510
   -0.3134   -0.1278    0.9410
...     4 G-C ...
   -1.1607   -3.8418    9.6940
   -0.3351    0.9421    0.0133
   -0.8752   -0.3061   -0.3746
   -0.3489   -0.1372    0.9271
...     5 A-T ...
   -1.3881   -3.6770   12.8999
   -0.7835    0.6162   -0.0801
   -0.5677   -0.7622   -0.3109
   -0.2527   -0.1981    0.9470
...     6 G-C ...
   -2.6236   -3.5448   15.7072
   -0.9923    0.0611   -0.1075
   -0.0294   -0.9610   -0.2748
   -0.1201   -0.2695    0.9555
...     7 C-G ...
   -2.3138   -3.7570   18.8866
   -0.8620   -0.4995   -0.0864
    0.5008   -0.8655    0.0073
   -0.0785   -0.0370    0.9962
...     8 G-C ...
   -3.9561   -6.8109   23.3205
   -0.2581   -0.3560   -0.8981
    0.6294   -0.7673    0.1233
   -0.7330   -0.5335    0.4221
...     9 C-G ...
   -6.1177   -8.9414   24.2385
    0.1143   -0.7320   -0.6716
    0.8123   -0.3203    0.4874
   -0.5720   -0.6013    0.5580
...    10 T-A ...
   -8.5041   -9.6771   26.0540
    0.4660   -0.8587   -0.2131
    0.6274    0.1508    0.7640
   -0.6239   -0.4897    0.6090
...    11 C-G ...
  -11.0625  -11.3174   27.2336
    0.6660   -0.6911    0.2808
    0.3382    0.6152    0.7121
   -0.6649   -0.3794    0.6435
...    12 A-T ...
  -13.0013  -13.1789   29.0658
    0.7188   -0.1490    0.6790
   -0.1787    0.9043    0.3876
   -0.6718   -0.4000    0.6235
...    13 C-G ...
  -14.1788  -15.9359   31.3399
    0.4052    0.2865    0.8682
   -0.5270    0.8492   -0.0343
   -0.7470   -0.4437    0.4951
...    14 A-T ...
  -15.9532  -18.1566   33.3080
   -0.1503    0.6873    0.7107
   -0.6106    0.5008   -0.6135
   -0.7776   -0.5261    0.3444
...    15 A-T ...
  -18.3849  -19.9281   34.5435
   -0.4997    0.8418    0.2042
   -0.3891   -0.0076   -0.9212
   -0.7739   -0.5397    0.3313
...    16 T-A ...
  -20.7265  -21.6313   36.3485
   -0.6696    0.6682   -0.3242
   -0.0291   -0.4598   -0.8875
   -0.7421   -0.5849    0.3273
...    17 T-A ...
  -23.1545  -23.3590   37.7389
   -0.5841    0.2325   -0.7777
    0.3991   -0.7520   -0.5246
   -0.7068   -0.6168    0.3465
...    18 T-A ...
  -25.5432  -25.2414   38.9417
   -0.2282   -0.2360   -0.9446
    0.6699   -0.7421    0.0236
   -0.7066   -0.6274    0.3274
...    19 A-T ...
  -27.6681  -27.6241   40.0936
    0.2772   -0.6133   -0.7396
    0.6631   -0.4349    0.6092
   -0.6953   -0.6594    0.2861
...    20 T-A ...
  -30.3027  -29.5863   40.4863
    0.5949   -0.7444   -0.3033
    0.4143   -0.0394    0.9093
   -0.6888   -0.6666    0.2849
...    21 T-A ...
  -32.5714  -31.8293   41.1593
    0.7216   -0.6254    0.2968
   -0.0369    0.3933    0.9187
   -0.6913   -0.6739    0.2607
...    22 C-G ...
  -34.7333  -34.1394   42.0862
    0.5679   -0.2445    0.7860
   -0.4858    0.6712    0.5598
   -0.6644   -0.6998    0.2624
...    23 G-C ...
  -37.0375  -36.1188   43.6135
    0.2728    0.2631    0.9254
   -0.7696    0.6369    0.0458
   -0.5773   -0.7247    0.3763
...    24 C-G ...
  -38.5996  -38.7020   44.9405
   -0.1517    0.5973    0.7875
   -0.7981    0.3960   -0.4541
   -0.5831   -0.6974    0.4167
...    25 A-T ...
  -40.9822  -40.9663   45.7793
   -0.6059    0.7268    0.3235
   -0.5220   -0.0563   -0.8511
   -0.6003   -0.6845    0.4135
...    26 A-T ...
  -42.9036  -43.1746   47.2917
   -0.8070    0.5389   -0.2413
   -0.0507   -0.4704   -0.8810
   -0.5883   -0.6987    0.4070
...    27 A-T ...
  -44.7864  -45.3307   48.8877
   -0.6873    0.1343   -0.7139
    0.4622   -0.6774   -0.5723
   -0.5604   -0.7233    0.4035
...    28 G-C ...
  -47.0068  -47.4618   50.3240
   -0.2789   -0.2178   -0.9353
    0.7583   -0.6475   -0.0753
   -0.5892   -0.7302    0.3458
...    29 G-C ...
  -49.3040  -49.8721   51.3113
    0.2750   -0.4897   -0.8274
    0.7683   -0.4054    0.4953
   -0.5780   -0.7719    0.2647
...    30 C-G ...
  -51.3592  -52.4154   51.7423
    0.6991   -0.5854   -0.4106
    0.4544   -0.0797    0.8872
   -0.5521   -0.8068    0.2103
...    31 C-G ...
  -53.1831  -55.1836   52.2152
    0.8707   -0.4652    0.1598
   -0.0553    0.2303    0.9715
   -0.4887   -0.8547    0.1748
...    32 G-C ...
  -54.4920  -57.8717   53.2180
    0.7401   -0.1894    0.6453
   -0.5457    0.3916    0.7409
   -0.3930   -0.9004    0.1864
...    33 G-C ...
  -55.3803  -61.0424   54.0832
    0.3076    0.1044    0.9458
   -0.8865    0.3925    0.2450
   -0.3456   -0.9138    0.2133
...    34 C-G ...
  -56.2006  -64.1413   54.9056
   -0.2577    0.3364    0.9058
   -0.9048    0.2447   -0.3484
   -0.3389   -0.9094    0.2413
...    35 C-G ...
  -57.2874  -67.1624   56.1111
   -0.7343    0.4370    0.5195
   -0.5811   -0.0091   -0.8138
   -0.3509   -0.8994    0.2606
...    36 C-G ...
  -58.4026  -70.1920   57.3108
   -0.9185    0.3882   -0.0755
   -0.0385   -0.2779   -0.9599
   -0.3936   -0.8787    0.2701
...    37 G-C ...
  -59.1840  -73.6407   57.3152
   -0.7311    0.2154   -0.6473
    0.5267   -0.4248   -0.7363
   -0.4336   -0.8793    0.1971
...    38 A-T ...
  -60.4851  -76.4464   58.0775
   -0.2624   -0.0675   -0.9626
    0.8694   -0.4494   -0.2055
   -0.4187   -0.8908    0.1766
...    39 C-G ...
  -62.2226  -79.1056   58.4070
    0.2715   -0.2406   -0.9319
    0.8663   -0.3608    0.3455
   -0.4194   -0.9011    0.1104
...    40 A-T ...
  -63.5122  -82.2576   58.5857
    0.7757   -0.3253   -0.5408
    0.5124   -0.1755    0.8406
   -0.3684   -0.9292    0.0306
...    41 C-G ...
  -64.5862  -85.3653   58.0994
    0.9460   -0.3240   -0.0021
    0.0018   -0.0010    1.0000
   -0.3240   -0.9460   -0.0004
...    42 G-C ...
  -65.5642  -88.5493   58.5823
    0.7534   -0.2168    0.6208
   -0.6068    0.1343    0.7834
   -0.2532   -0.9669   -0.0304
...    43 A-T ...
  -66.3234  -91.6734   58.4471
    0.2216   -0.1047    0.9695
   -0.9412    0.2369    0.2407
   -0.2549   -0.9659   -0.0460
...    44 C-G ...
  -66.5638  -95.0017   58.3414
   -0.3345    0.0617    0.9404
   -0.9092    0.2415   -0.3392
   -0.2480   -0.9684   -0.0247
...    45 T-A ...
  -66.9302  -98.6051   58.6910
   -0.8070    0.2088    0.5523
   -0.5271    0.1668   -0.8333
   -0.2661   -0.9636   -0.0245
...    46 T-A ...
  -67.6762 -101.7426   58.7550
   -0.9684    0.2474   -0.0312
    0.0475    0.0602   -0.9971
   -0.2448   -0.9671   -0.0701
...    47 A-T ...
  -68.3163 -105.0392   58.1652
   -0.6914    0.2415   -0.6809
    0.6784   -0.1070   -0.7269
   -0.2484   -0.9645   -0.0898
...    48 C-G ...
  -69.6539 -108.0673   58.2605
   -0.1954    0.1953   -0.9611
    0.9438   -0.2287   -0.2384
   -0.2664   -0.9537   -0.1396
...    49 T-A ...
  -70.9048 -111.1569   57.6292
    0.3852    0.1247   -0.9144
    0.8856   -0.3285    0.3283
   -0.2594   -0.9362   -0.2370
...    50 G-C ...
  -71.5451 -114.3497   56.5736
    0.8633    0.0488   -0.5023
    0.4784   -0.3960    0.7838
   -0.1607   -0.9170   -0.3652
...    51 T-A ...
  -72.0105 -117.0632   54.9082
    0.9896   -0.1428    0.0167
   -0.0715   -0.3884    0.9187
   -0.1247   -0.9104   -0.3946
...    52 A-T ...
  -72.7347 -120.4320   54.2708
    0.6695   -0.4104    0.6192
   -0.7311   -0.2164    0.6471
   -0.1316   -0.8859   -0.4449
...    53 G-C ...
  -72.9407 -123.3603   52.8062
    0.1583   -0.4280    0.8898
   -0.9832    0.0145    0.1819
   -0.0907   -0.9037   -0.4185
...    54 G-C ...
  -72.5303 -126.7344   51.5486
   -0.4529   -0.3038    0.8382
   -0.8874    0.2444   -0.3909
   -0.0861   -0.9209   -0.3802
...    55 T-A ...
  -72.4975 -129.9124   50.5915
   -0.8676   -0.1389    0.4775
   -0.4915    0.3850   -0.7811
   -0.0754   -0.9124   -0.4023
...    56 A-T ...
  -72.6398 -133.1188   49.4214
   -0.9808    0.1583   -0.1139
    0.1697    0.4048   -0.8985
   -0.0961   -0.9006   -0.4238
...    57 T-A ...
  -73.1985 -136.2507   48.6330
   -0.7298    0.3527   -0.5856
    0.6784    0.2685   -0.6839
   -0.0840   -0.8964   -0.4352
...    58 C-G ...
  -73.4433 -139.2430   47.3200
   -0.1390    0.5013   -0.8541
    0.9881    0.0125   -0.1535
   -0.0663   -0.8652   -0.4970
...    59 A-T ...
  -73.4022 -142.3138   45.8103
    0.4720    0.5280   -0.7060
    0.8811   -0.3109    0.3565
   -0.0313   -0.7903   -0.6119
...    60 T-A ...
  -73.7646 -144.6080   43.5039
    0.8632    0.3431   -0.3703
    0.5045   -0.5597    0.6575
    0.0183   -0.7544   -0.6562
...    61 G-C ...
  -73.4644 -147.1824   41.1773
    0.9805   -0.0105    0.1962
   -0.1476   -0.6986    0.7001
    0.1297   -0.7154   -0.6865
...    62 T-A ...
  -72.6979 -149.1978   38.5229
    0.7178   -0.4204    0.5550
   -0.6824   -0.5832    0.4408
    0.1383   -0.6951   -0.7055
...    63 T-A ...
  -72.0709 -151.3092   36.1271
    0.1569   -0.7342    0.6605
   -0.9774   -0.2116   -0.0031
    0.1420   -0.6451   -0.7508
...    64 A-T ...
  -71.9309 -153.3941   33.2224
   -0.6022   -0.7315    0.3198
   -0.7754    0.4407   -0.4522
    0.1899   -0.5203   -0.8326
...    65 T-A ...
  -70.8506 -155.4660   30.8586
   -0.9148   -0.4037   -0.0125
   -0.3351    0.7759   -0.5346
    0.2255   -0.4848   -0.8450
...    66 A-T ...
  -69.7452 -156.7573   27.7459
   -0.8443    0.2471   -0.4755
    0.4187    0.8580   -0.2976
    0.3344   -0.4504   -0.8278
...    67 A-T ...
  -68.7195 -158.3328   25.1216
   -0.4234    0.7118   -0.5605
    0.8288    0.5542    0.0777
    0.3659   -0.4316   -0.8245
...    68 C-G ...
  -68.0103 -160.0114   22.2734
    0.1118    0.9163   -0.3847
    0.9168    0.0542    0.3957
    0.3834   -0.3969   -0.8339
...    69 G-C ...
  -66.2997 -161.0953   19.6789
    0.5485    0.8352    0.0399
    0.7027   -0.4863    0.5193
    0.4531   -0.2568   -0.8537
...    70 G-C ...
  -64.4211 -161.3958   16.9810
    0.7778    0.4579    0.4305
    0.3300   -0.8805    0.3404
    0.5349   -0.1227   -0.8360
...    71 A-T ...
  -62.5978 -161.5299   14.1741
    0.8010   -0.1772    0.5718
   -0.2025   -0.9791   -0.0196
    0.5633   -0.1001   -0.8201
...    72 T-A ...
  -60.4444 -161.3196   11.6747
    0.5543   -0.6772    0.4839
   -0.5915   -0.7295   -0.3434
    0.5856   -0.0959   -0.8049
...    73 C-G ...
  -58.2325 -161.6346    9.0736
    0.0325   -0.9898    0.1388
   -0.8017   -0.1088   -0.5878
    0.5969   -0.0922   -0.7970
...    74 T-A ...
  -55.9953 -162.2040    6.5835
   -0.4446   -0.8688   -0.2179
   -0.6617    0.4826   -0.5738
    0.6037   -0.1110   -0.7895
...    75 C-G ...
  -53.9419 -162.3699    3.8771
   -0.7510   -0.3522   -0.5585
   -0.2320    0.9327   -0.2762
    0.6182   -0.0778   -0.7822
...    76 G-C ...
  -51.8453 -161.7893    1.2767
   -0.7817    0.2787   -0.5579
    0.2366    0.9602    0.1482
    0.5770   -0.0161   -0.8166
...    77 A-T ...
  -49.4791 -161.5643   -0.9969
   -0.5055    0.8110   -0.2946
    0.6221    0.5792    0.5267
    0.5978    0.0830   -0.7973
...    78 G-C ...
  -47.5815 -161.2083   -3.6996
   -0.1217    0.9859    0.1144
    0.7852    0.0252    0.6187
    0.6071    0.1652   -0.7772
...    79 C-G ...
  -45.9334 -160.4473   -6.5936
    0.3239    0.8000    0.5050
    0.7124   -0.5575    0.4263
    0.6226    0.2217   -0.7505
...    80 T-A ...
  -43.9515 -159.4548   -9.0831
    0.6031    0.3379    0.7226
    0.4470   -0.8934    0.0448
    0.6607    0.2959   -0.6898
...    81 C-G ...
  -41.4375 -158.6668  -11.0449
    0.7272   -0.2803    0.6266
    0.0639   -0.8812   -0.4684
    0.6834    0.3807   -0.6229
...    82 G-C ...
  -38.8563 -158.4107  -13.5125
    0.5978   -0.7647    0.2407
   -0.3172   -0.5013   -0.8050
    0.7362    0.4049   -0.5422
...    83 G-C ...
  -36.0341 -157.1080  -15.0460
    0.2693   -0.9240   -0.2715
   -0.5860    0.0665   -0.8076
    0.7643    0.3766   -0.5235
...    84 G-C ...
  -33.2907 -156.1110  -16.7279
   -0.1665   -0.7343   -0.6581
   -0.5986    0.6057   -0.5243
    0.7836    0.3067   -0.5403
...    85 A-T ...
  -30.3965 -155.2431  -18.3444
   -0.4781   -0.1632   -0.8630
   -0.3687    0.9291    0.0285
    0.7972    0.3318   -0.5044
...    86 T-A ...
  -27.6453 -154.7161  -20.1216
   -0.6046    0.3685   -0.7061
   -0.0575    0.8640    0.5002
    0.7944    0.3431   -0.5012
...    87 C-G ...
  -24.9913 -153.7299  -21.9653
   -0.5121    0.8264   -0.2344
    0.3134    0.4338    0.8448
    0.7997    0.3591   -0.4811
...    88 C-G ...
  -22.1906 -152.8202  -23.4993
   -0.3765    0.8629    0.3372
    0.5261   -0.1005    0.8445
    0.7626    0.4954   -0.4161
...    89 G-C ...
  -19.4036 -151.1229  -24.4206
   -0.1239    0.5613    0.8183
    0.6711   -0.5601    0.4858
    0.7310    0.6093   -0.3073
...    90 C-G ...
  -17.2548 -148.6158  -25.4737
    0.2676    0.1098    0.9573
    0.6285   -0.7729   -0.0870
    0.7303    0.6250   -0.2758
...    91 T-A ...
  -14.8205 -146.1048  -25.8526
    0.5677   -0.3826    0.7290
    0.4035   -0.6425   -0.6514
    0.7176    0.6639   -0.2104
...    92 T-A ...
  -12.5266 -143.7885  -26.2277
    0.7236   -0.6669    0.1782
   -0.0063   -0.2646   -0.9643
    0.6902    0.6966   -0.1957
...    93 T-A ...
  -10.2203 -141.4571  -26.5487
    0.6122   -0.6552   -0.4426
   -0.4390    0.1838   -0.8795
    0.6576    0.7328   -0.1751
...    94 A-T ...
   -8.7828 -138.5631  -27.6484
    0.2773   -0.2493   -0.9279
   -0.7602    0.5336   -0.3706
    0.5875    0.8081   -0.0416
...    95 A-T ...
   -6.7263 -136.0255  -27.6458
   -0.2062    0.1949   -0.9589
   -0.7952    0.5377    0.2803
    0.5703    0.8203    0.0441
...    96 C-G ...
   -4.3801 -133.5205  -27.7144
   -0.6132    0.4928   -0.6173
   -0.5437    0.3036    0.7824
    0.5730    0.8155    0.0817
...    97 A-T ...
   -2.4653 -130.7757  -27.3344
   -0.8509    0.5252   -0.0095
   -0.0683   -0.0927    0.9933
    0.5209    0.8459    0.1147
...    98 C-G ...
   -0.9702 -127.7770  -27.5351
   -0.7732    0.3619    0.5208
    0.3948   -0.3680    0.8418
    0.4964    0.8565    0.1416
...    99 T-A ...
    0.3590 -124.4928  -27.2347
   -0.4422   -0.0313    0.8964
    0.7817   -0.5034    0.3681
    0.4397    0.8635    0.2470
...   100 T-A ...
    1.4737 -121.5638  -26.3523
    0.0874   -0.3396    0.9365
    0.8978   -0.3805   -0.2218
    0.4316    0.8602    0.2716
...   101 T-A ...
    2.7984 -118.7878  -25.2972
    0.5683   -0.5351    0.6250
    0.6936   -0.0971   -0.7138
    0.4427    0.8392    0.3160
...   102 A-T ...
    4.5041 -115.9427  -24.3742
    0.8900   -0.4559    0.0041
    0.1593    0.3025   -0.9397
    0.4272    0.8370    0.3419
...   103 T-A ...
    5.8812 -113.5804  -22.5715
    0.8474   -0.2601   -0.4629
   -0.2861    0.5108   -0.8107
    0.4473    0.8194    0.3584
...   104 G-C ...
    7.6024 -111.0305  -21.3436
    0.4542    0.0418   -0.8899
   -0.7287    0.5921   -0.3441
    0.5125    0.8048    0.2994
...   105 C-G ...
    9.6201 -108.5158  -20.4105
   -0.0506    0.3715   -0.9271
   -0.8641    0.4491    0.2271
    0.5007    0.8126    0.2983
...   106 T-A ...
   11.6854 -105.8505  -19.5828
   -0.5601    0.5493   -0.6201
   -0.6643    0.1494    0.7324
    0.4950    0.8221    0.2813
...   107 T-A ...
   13.3675 -103.2129  -18.8362
   -0.8553    0.5085   -0.0999
   -0.2302   -0.2001    0.9524
    0.4643    0.8375    0.2882
...   108 C-G ...
   14.8680 -100.3299  -18.0328
   -0.8517    0.2260    0.4728
    0.3293   -0.4709    0.8184
    0.4076    0.8527    0.3267
...   109 C-G ...
   16.3317  -97.5316  -17.0845
   -0.5978   -0.1922    0.7783
    0.7342   -0.5209    0.4353
    0.3218    0.8317    0.4525
...   110 G-C ...
   17.5042  -95.1855  -15.3427
   -0.1611   -0.5549    0.8162
    0.9534   -0.3013   -0.0167
    0.2552    0.7755    0.5775
...   111 G-C ...
   18.1771  -92.8992  -12.9836
    0.3803   -0.6904    0.6155
    0.8941    0.1041   -0.4357
    0.2367    0.7159    0.6568
...   112 C-G ...
   18.7619  -91.0115  -10.2463
    0.8137   -0.5335    0.2306
    0.5268    0.5093   -0.6805
    0.2456    0.6753    0.6955
...   113 T-A ...
   19.5974  -88.9219   -7.8042
    0.9667   -0.1654   -0.1953
   -0.0049    0.7511   -0.6602
    0.2558    0.6392    0.7253
...   114 C-G ...
   20.5488  -86.6479   -5.5755
    0.7552    0.3478   -0.5556
   -0.5971    0.7147   -0.3642
    0.2704    0.6068    0.7475
...   115 G-C ...
   21.0328  -84.3759   -3.1929
    0.2156    0.7013   -0.6795
   -0.9370    0.3446    0.0582
    0.2750    0.6241    0.7313
...   116 T-A ...
   22.6457  -82.1806   -1.1089
   -0.3610    0.7527   -0.5505
   -0.8984   -0.1225    0.4217
    0.2500    0.6468    0.7205
...   117 A-T ...
   23.7402  -79.8807    1.1763
   -0.8496    0.4825   -0.2129
   -0.4877   -0.5651    0.6655
    0.2008    0.6693    0.7154
...   118 T-A ...
   24.5696  -77.2783    2.9967
   -0.9801    0.1099    0.1655
    0.0291   -0.7445    0.6669
    0.1965    0.6585    0.7265
...   119 A-T ...
   25.3332  -75.3228    5.6767
   -0.7495   -0.4168    0.5144
    0.6437   -0.6402    0.4192
    0.1546    0.6453    0.7481
...   120 A-T ...
   25.5820  -73.1529    8.0813
   -0.2491   -0.7547    0.6070
    0.9619   -0.2655    0.0646
    0.1124    0.6000    0.7921
...   121 T-A ...
   25.3180  -71.2138   10.7715
    0.3016   -0.7857    0.5401
    0.9483    0.1888   -0.2549
    0.0983    0.5891    0.8021
...   122 G-C ...
   25.6572  -69.3496   13.6557
    0.8190   -0.5355    0.2060
    0.5586    0.6624   -0.4991
    0.1308    0.5239    0.8417
...   123 T-A ...
   26.0155  -68.1244   16.7234
    0.9921   -0.0929   -0.0841
    0.0364    0.8561   -0.5155
    0.1199    0.5084    0.8527
...   124 G-C ...
   26.4295  -66.4552   19.6478
    0.7955    0.4528   -0.4026
   -0.5863    0.7430   -0.3228
    0.1530    0.4928    0.8566
...   125 T-A ...
   27.2766  -65.2370   22.5401
    0.3482    0.7724   -0.5311
   -0.9237    0.3792   -0.0541
    0.1596    0.5094    0.8456
...   126 C-G ...
   27.8399  -63.6326   25.2640
   -0.2824    0.8485   -0.4476
   -0.9468   -0.1715    0.2722
    0.1542    0.5007    0.8518
...   127 G-C ...
   27.7025  -62.2085   28.3310
   -0.7814    0.5303   -0.3290
   -0.6224   -0.6236    0.4730
    0.0457    0.5743    0.8173
...   128 A-T ...
   28.0092  -60.4406   30.9544
   -0.9990    0.0450    0.0054
   -0.0344   -0.8319    0.5539
    0.0294    0.5531    0.8326
...   129 C-G ...
   27.9538  -58.0392   33.2122
   -0.8593   -0.4406    0.2596
    0.5110   -0.7188    0.4713
   -0.0210    0.5377    0.8429
...   130 C-G ...
   27.2694  -56.1726   35.9950
   -0.4395   -0.8176    0.3720
    0.8905   -0.3424    0.2995
   -0.1175    0.4629    0.8786
...   131 A-T ...
   27.5451  -54.9430   39.1875
    0.1950   -0.8996    0.3907
    0.9699    0.2362    0.0597
   -0.1460    0.3673    0.9186
...   132 A-T ...
   26.9733  -53.9533   42.2761
    0.7315   -0.5830    0.3537
    0.6623    0.7307   -0.1653
   -0.1621    0.3552    0.9206
...   133 A-T ...
   26.2175  -53.1214   45.3638
    0.9722   -0.0058    0.2339
    0.0903    0.9316   -0.3520
   -0.2159    0.3633    0.9063
...   134 T-A ...
   25.6308  -52.5797   48.6349
    0.8597    0.5096    0.0340
   -0.4497    0.7867   -0.4230
   -0.2423    0.3484    0.9055
...   135 G-C ...
   25.2859  -52.4981   52.0750
    0.3205    0.9427   -0.0927
   -0.8825    0.2616   -0.3908
   -0.3442    0.2071    0.9158
...   136 T-A ...
   25.5356  -52.9669   55.8002
   -0.2443    0.9563   -0.1608
   -0.8908   -0.2868   -0.3525
   -0.3832    0.0571    0.9219
...   137 G-C ...
   24.9038  -52.7260   58.9821
   -0.7529    0.5562   -0.3519
   -0.5214   -0.8303   -0.1968
   -0.4017    0.0354    0.9151
...   138 A-T ...
   24.0249  -51.6262   61.9211
   -0.9563    0.0400   -0.2896
   -0.0523   -0.9980    0.0347
   -0.2877    0.0483    0.9565
...   139 G-C ...
   22.3574  -51.2300   64.4909
   -0.8529   -0.5117   -0.1032
    0.4973   -0.8566    0.1372
   -0.1586    0.0657    0.9852
...   140 C-G ...
   22.1609  -50.1387   67.4618
   -0.4681   -0.8749    0.1247
    0.8495   -0.4066    0.3363
   -0.2435    0.2633    0.9335
...   141 G-C ...
   21.4366  -51.8164   72.7856
    0.1304   -0.7141   -0.6877
    0.8897   -0.2218    0.3990
   -0.4375   -0.6639    0.6065
...   142 C-G ...
   20.4355  -54.2995   74.5395
    0.5847   -0.7390   -0.3347
    0.7593    0.3532    0.5466
   -0.2857   -0.5737    0.7676
...   143 T-A ...
   18.4378  -55.5191   76.5273
    0.8548   -0.5006    0.1370
    0.3188    0.7147    0.6225
   -0.4096   -0.4884    0.7705
...   144 C-G ...
   16.8485  -57.7127   78.2648
    0.8529   -0.0846    0.5152
   -0.1509    0.9047    0.3983
   -0.4998   -0.4175    0.7589
...   145 A-T ...
   15.7933  -59.5518   80.7963
    0.5515    0.4995    0.6681
   -0.6739    0.7388    0.0040
   -0.4915   -0.4525    0.7441
...   146 C-G ...
   15.7411  -61.4839   83.9296
    0.0342    0.7400    0.6718
   -0.8637    0.3601   -0.3527
   -0.5029   -0.5681    0.6514
...   147 A-T ...
   14.7481  -63.4171   86.8165
   -0.5923    0.6746    0.4405
   -0.6886   -0.1400   -0.7115
   -0.4183   -0.7247    0.5475
