  147 base-pairs
...     1 T-A ...
    0.0000    0.0000    0.0000
    1.0000    0.0000    0.0000
    0.0000    1.0000    0.0000
    0.0000    0.0000    1.0000
...     2 G-C ...
   -0.5555   -1.1003    3.3981
    0.7749    0.6051    0.1828
   -0.5991    0.7953   -0.0929
   -0.2016   -0.0375    0.9787
...     3 T-A ...
   -0.6619   -3.0237    6.5348
    0.3046    0.9250    0.2271
   -0.8994    0.3578   -0.2510
   -0.3134   -0.1278    0.9410
...     4 G-C ...
   -1.1607   -3.8418    9.6940
   -0.3351    0.9421    0.0133
   -0.8752   -0.3061   -0.3746
   -0.3489   -0.1372    0.9271
...     5 A-T ...
   -1.3881   -3.6770   12.8999
   -0.7835    0.6162   -0.0801
   -0.5677   -0.7622   -0.3109
   -0.2527   -0.1981    0.9470
...     6 G-C ...
   -2.6236   -3.5448   15.7072
   -0.9923    0.0611   -0.1075
   -0.0294   -0.9610   -0.2748
   -0.1201   -0.2695    0.9555
...     7 C-G ...
   -2.3138   -3.7570   18.8866
   -0.8620   -0.4995   -0.0864
    0.5008   -0.8655    0.0073
   -0.0785   -0.0370    0.9962
...     8 G-C ...
   -3.9561   -6.8109   23.3205
   -0.2581   -0.3560   -0.8981
    0.6294   -0.7673    0.1233
   -0.7330   -0.5335    0.4221
...     9 C-G ...
   -6.1177   -8.9414   24.2385
    0.1143   -0.7320   -0.6716
    0.8123   -0.3203    0.4874
   -0.5720   -0.6013    0.5580
...    10 T-A ...
   -8.5041   -9.6771   26.0540
    0.4660   -0.8587   -0.2131
    0.6274    0.1508    0.7640
   -0.6239   -0.4897    0.6090
...    11 C-G ...
  -11.0625  -11.3174   27.2336
    0.6660   -0.6911    0.2808
    0.3382    0.6152    0.7121
   -0.6649   -0.3794    0.6435
...    12 A-T ...
  -13.0013  -13.1789   29.0658
    0.7188   -0.1490    0.6790
   -0.1787    0.9043    0.3876
   -0.6718   -0.4000    0.6235
...    13 C-G ...
  -14.1788  -15.9359   31.3399
    0.4052    0.2865    0.8682
   -0.5270    0.8492   -0.0343
   -0.7470   -0.4437    0.4951
...    14 A-T ...
  -15.9532  -18.1566   33.3080
   -0.1503    0.6873    0.7107
   -0.6106    0.5008   -0.6135
   -0.7776   -0.5261    0.3444
...    15 A-T ...
  -18.2959  -19.9895   34.6686
   -0.5261    0.8210    0.2219
   -0.3949   -0.0048   -0.9187
   -0.7532   -0.5709    0.3267
...    16 T-A ...
  -20.5399  -21.7426   36.3979
   -0.6807    0.6749   -0.2849
   -0.0501   -0.4309   -0.9010
   -0.7309   -0.5990    0.3271
...    17 T-A ...
  -22.8725  -23.5913   37.7492
   -0.6060    0.2593   -0.7520
    0.3848   -0.7319   -0.5624
   -0.6962   -0.6302    0.3438
...    18 T-A ...
  -25.2127  -25.4650   39.0271
   -0.2703   -0.2315   -0.9345
    0.6856   -0.7277   -0.0181
   -0.6759   -0.6456    0.3554
...    19 A-T ...
  -27.2408  -27.8296   40.3251
    0.2557   -0.5965   -0.7608
    0.7088   -0.4195    0.5671
   -0.6575   -0.6843    0.3155
...    20 T-A ...
  -29.7404  -29.8896   40.8348
    0.6000   -0.7090   -0.3704
    0.4772   -0.0544    0.8771
   -0.6421   -0.7031    0.3057
...    21 T-A ...
  -31.8267  -32.2338   41.6314
    0.7883   -0.5844    0.1925
    0.0360    0.3560    0.9338
   -0.6143   -0.7292    0.3017
...    22 C-G ...
  -33.6594  -34.7701   42.6260
    0.6798   -0.2221    0.6989
   -0.4636    0.6083    0.6442
   -0.5683   -0.7620    0.3106
...    23 G-C ...
  -35.5477  -37.1512   44.1423
    0.3353    0.2421    0.9105
   -0.8122    0.5639    0.1492
   -0.4773   -0.7895    0.3857
...    24 C-G ...
  -36.7037  -39.9195   45.6500
   -0.1739    0.5368    0.8256
   -0.8739    0.3023   -0.3807
   -0.4539   -0.7877    0.4165
...    25 A-T ...
  -38.4683  -42.4666   46.9250
   -0.6465    0.6460    0.4059
   -0.6015   -0.1043   -0.7920
   -0.4693   -0.7562    0.4561
...    26 A-T ...
  -39.8300  -44.8887   48.6513
   -0.8988    0.4186   -0.1302
   -0.0837   -0.4554   -0.8863
   -0.4303   -0.7857    0.4444
...    27 A-T ...
  -41.2125  -47.3238   50.3322
   -0.7830    0.0394   -0.6207
    0.4800   -0.5964   -0.6434
   -0.3955   -0.8017    0.4481
...    28 G-C ...
  -42.7076  -49.8443   51.9381
   -0.3607   -0.2463   -0.8996
    0.8387   -0.5076   -0.1973
   -0.4081   -0.8256    0.3897
...    29 G-C ...
  -44.2823  -52.5391   53.2505
    0.2131   -0.4061   -0.8886
    0.8958   -0.2818    0.3436
   -0.3900   -0.8693    0.3037
...    30 C-G ...
  -45.8994  -55.3586   53.9523
    0.7000   -0.4385   -0.5637
    0.6213   -0.0153    0.7834
   -0.3521   -0.8986    0.2617
...    31 C-G ...
  -47.0043  -58.5019   54.4972
    0.9588   -0.2787   -0.0548
    0.1128    0.1965    0.9740
   -0.2607   -0.9401    0.2198
...    32 G-C ...
  -47.5917  -61.6523   55.6288
    0.8717   -0.0046    0.4901
   -0.4727    0.2560    0.8432
   -0.1294   -0.9667    0.2210
...    33 G-C ...
  -47.5571  -64.9674   56.3739
    0.4586    0.2112    0.8632
   -0.8872    0.1638    0.4313
   -0.0503   -0.9636    0.2625
...    34 C-G ...
  -47.2364  -68.1691   57.3389
   -0.1270    0.2897    0.9487
   -0.9916   -0.0134   -0.1286
   -0.0245   -0.9570    0.2890
...    35 C-G ...
  -47.1235  -71.3282   58.6134
   -0.6723    0.2741    0.6877
   -0.7395   -0.2064   -0.6407
   -0.0337   -0.9393    0.3414
...    36 C-G ...
  -47.1578  -74.4231   60.0441
   -0.9721    0.1543    0.1766
   -0.2199   -0.3376   -0.9152
   -0.0816   -0.9285    0.3622
...    37 G-C ...
  -47.3710  -77.7235   60.8376
   -0.9041    0.0050   -0.4272
    0.3973   -0.3582   -0.8449
   -0.1573   -0.9336    0.3219
...    38 A-T ...
  -47.8571  -80.7766   61.9984
   -0.4705   -0.1817   -0.8635
    0.8675   -0.2747   -0.4148
   -0.1618   -0.9442    0.2868
...    39 C-G ...
  -48.9743  -83.7207   63.0399
    0.0802   -0.2610   -0.9620
    0.9838   -0.1347    0.1186
   -0.1605   -0.9559    0.2459
...    40 A-T ...
  -49.2645  -86.9748   63.8655
    0.6571   -0.1722   -0.7339
    0.7465    0.0136    0.6652
   -0.1046   -0.9850    0.1374
...    41 C-G ...
  -49.8865  -90.2195   63.7317
    0.9594   -0.0926   -0.2663
    0.2738    0.0814    0.9583
   -0.0671   -0.9924    0.1035
...    42 G-C ...
  -49.7477  -93.5481   64.4190
    0.9418    0.0817    0.3262
   -0.3307    0.0488    0.9425
    0.0611   -0.9955    0.0729
...    43 A-T ...
  -49.3447  -96.8270   64.6571
    0.5412    0.1118    0.8334
   -0.8352   -0.0433    0.5482
    0.0973   -0.9928    0.0699
...    44 C-G ...
  -48.3557 -100.0391   64.7643
   -0.0067    0.0735    0.9973
   -0.9931   -0.1174    0.0020
    0.1172   -0.9904    0.0738
...    45 T-A ...
  -47.6698 -103.2963   65.2189
   -0.5660    0.0153    0.8242
   -0.8152   -0.1596   -0.5568
    0.1230   -0.9871    0.1028
...    46 T-A ...
  -47.0135 -106.4644   65.7122
   -0.9363   -0.1312    0.3259
   -0.3120   -0.1160   -0.9430
    0.1615   -0.9845    0.0677
...    47 A-T ...
  -46.2885 -109.8018   65.3624
   -0.8963   -0.2102   -0.3905
    0.3918    0.0374   -0.9193
    0.2078   -0.9769    0.0488
...    48 C-G ...
  -45.9623 -113.0575   66.0224
   -0.5425   -0.1259   -0.8306
    0.8166    0.1530   -0.5565
    0.1972   -0.9802    0.0198
...    49 T-A ...
  -45.5984 -116.3741   66.0867
   -0.0176    0.0568   -0.9982
    0.9821    0.1883   -0.0066
    0.1876   -0.9805   -0.0590
...    50 G-C ...
  -44.7046 -119.6064   65.7398
    0.5334    0.2788   -0.7986
    0.8136    0.0892    0.5746
    0.2314   -0.9562   -0.1792
...    51 T-A ...
  -44.2641 -122.6741   64.6018
    0.8751    0.3310   -0.3532
    0.4022   -0.0914    0.9110
    0.2692   -0.9392   -0.2132
...    52 A-T ...
  -43.1618 -125.8391   64.1420
    0.9183    0.2457    0.3104
   -0.2263   -0.3177    0.9208
    0.3249   -0.9158   -0.2362
...    53 G-C ...
  -41.8100 -128.7398   63.1676
    0.6205    0.0692    0.7812
   -0.6856   -0.4357    0.5832
    0.3807   -0.8974   -0.2229
...    54 G-C ...
  -40.1464 -131.6512   62.5607
    0.0948   -0.1527    0.9837
   -0.8999   -0.4357    0.0191
    0.4257   -0.8870   -0.1787
...    55 T-A ...
  -38.1622 -134.3576   62.1777
   -0.4185   -0.3742    0.8275
   -0.8001   -0.2793   -0.5309
    0.4298   -0.8843   -0.1825
...    56 A-T ...
  -37.0178 -137.3581   60.8432
   -0.8161   -0.5409    0.2037
   -0.3034    0.1010   -0.9475
    0.4919   -0.8350   -0.2465
...    57 T-A ...
  -35.3212 -140.2135   60.6950
   -0.8432   -0.4200   -0.3357
    0.1678    0.3876   -0.9064
    0.5108   -0.8206   -0.2564
...    58 C-G ...
  -33.5789 -142.9355   59.9364
   -0.5785   -0.0642   -0.8132
    0.6413    0.5803   -0.5020
    0.5041   -0.8119   -0.2945
...    59 T-A ...
  -32.1471 -145.7858   58.9471
   -0.1673    0.3336   -0.9277
    0.8571    0.5142    0.0304
    0.4872   -0.7901   -0.3720
...    60 C-G ...
  -30.5774 -148.3784   57.6646
    0.3526    0.6262   -0.6954
    0.7894    0.2000    0.5803
    0.5025   -0.7536   -0.4239
...    61 G-C ...
  -28.4878 -150.7120   56.3275
    0.6663    0.7262   -0.1695
    0.4763   -0.2395    0.8461
    0.5738   -0.6445   -0.5054
...    62 A-T ...
  -26.4686 -152.6681   54.5952
    0.7952    0.4546    0.4014
   -0.0043   -0.6576    0.7533
    0.6064   -0.6007   -0.5210
...    63 G-C ...
  -24.2630 -154.3776   52.7446
    0.6276    0.0344    0.7778
   -0.4222   -0.8244    0.3771
    0.6541   -0.5650   -0.5029
...    64 C-G ...
  -21.7167 -155.9415   51.1812
    0.2623   -0.4411    0.8583
   -0.6842   -0.7122   -0.1570
    0.6805   -0.5460   -0.4886
...    65 T-A ...
  -19.1832 -157.6513   49.7647
   -0.1810   -0.7641    0.6191
   -0.6966   -0.3448   -0.6292
    0.6942   -0.5452   -0.4699
...    66 C-G ...
  -16.7924 -159.4277   48.2611
   -0.5689   -0.8185    0.0802
   -0.4388    0.2195   -0.8714
    0.6956   -0.5309   -0.4840
...    67 G-C ...
  -14.4918 -160.8942   46.2105
   -0.7702   -0.4814   -0.4184
   -0.0286    0.6814   -0.7313
    0.6372   -0.5513   -0.5386
...    68 G-C ...
  -12.2407 -162.8704   44.5857
   -0.7031    0.0430   -0.7098
    0.4015    0.8478   -0.3464
    0.5869   -0.5285   -0.6133
...    69 G-C ...
  -10.3355 -164.8454   42.5934
   -0.4203    0.5691   -0.7068
    0.7219    0.6816    0.1195
    0.5497   -0.4600   -0.6973
...    70 A-T ...
   -8.5733 -166.3405   40.2709
    0.0520    0.8961   -0.4408
    0.8358    0.2025    0.5103
    0.5466   -0.3950   -0.7384
...    71 T-A ...
   -7.3285 -167.5168   37.4883
    0.4520    0.8876   -0.0886
    0.6998   -0.2913    0.6523
    0.5532   -0.3568   -0.7528
...    72 C-G ...
   -5.4111 -168.4353   34.9875
    0.7546    0.5502    0.3576
    0.3155   -0.7820    0.5375
    0.5754   -0.2927   -0.7637
...    73 C-G ...
   -3.1331 -168.9924   32.5284
    0.7634    0.0206    0.6456
   -0.1249   -0.9759    0.1788
    0.6337   -0.2171   -0.7425
...    74 G-C ...
   -0.8555 -170.1849   30.2761
    0.5102   -0.5613    0.6516
   -0.5052   -0.8088   -0.3011
    0.6961   -0.1755   -0.6962
...    75 C-G ...
    1.7811 -170.6075   28.1940
    0.1235   -0.9277    0.3522
   -0.6962   -0.3339   -0.6355
    0.7071   -0.1667   -0.6871
...    76 T-A ...
    4.3707 -171.1940   26.1107
   -0.3002   -0.9511   -0.0729
   -0.6438    0.2584   -0.7202
    0.7039   -0.1693   -0.6899
...    77 T-A ...
    6.8723 -171.7559   24.0720
   -0.5962   -0.6026   -0.5304
   -0.3544    0.7904   -0.4996
    0.7203   -0.1099   -0.6849
...    78 T-A ...
    9.3183 -172.2586   21.9732
   -0.6843   -0.0060   -0.7291
    0.0523    0.9970   -0.0573
    0.7273   -0.0774   -0.6820
...    79 A-T ...
   11.8653 -172.2270   19.7365
   -0.5532    0.6313   -0.5436
    0.4695    0.7753    0.4225
    0.6882   -0.0215   -0.7252
...    80 A-T ...
   13.9737 -172.3192   17.2832
   -0.2100    0.9654   -0.1548
    0.7109    0.2595    0.6536
    0.6712    0.0272   -0.7408
...    81 C-G ...
   15.6609 -172.1317   14.4610
    0.1684    0.9481    0.2697
    0.7316   -0.3036    0.6104
    0.6606    0.0945   -0.7448
...    82 A-T ...
   18.1097 -171.6800   12.1724
    0.4956    0.5661    0.6588
    0.5375   -0.7956    0.2794
    0.6823    0.2156   -0.6985
...    83 C-G ...
   20.1604 -170.2909    9.9193
    0.6988    0.0269    0.7148
    0.2008   -0.9665   -0.1600
    0.6866    0.2554   -0.6807
...    84 T-A ...
   22.5810 -169.1381    7.8878
    0.6778   -0.5360    0.5033
   -0.2002   -0.7932   -0.5752
    0.7075    0.2891   -0.6449
...    85 T-A ...
   24.9573 -167.9248    5.9745
    0.4644   -0.8855   -0.0137
   -0.5853   -0.2953   -0.7552
    0.6647    0.3587   -0.6554
...    86 T-A ...
   27.2998 -166.5998    4.0890
    0.0549   -0.8450   -0.5319
   -0.7676    0.3050   -0.5637
    0.6386    0.4392   -0.6319
...    87 T-A ...
   29.6040 -165.1857    2.2329
   -0.3939   -0.4509   -0.8010
   -0.6637    0.7424   -0.0915
    0.6358    0.4956   -0.5917
...    88 C-G ...
   31.8289 -163.5181    0.3888
   -0.7396    0.0999   -0.6656
   -0.2921    0.8433    0.4512
    0.6064    0.5281   -0.5945
...    89 A-T ...
   33.8867 -161.4729   -1.3592
   -0.8324    0.5227   -0.1843
    0.2119    0.6074    0.7656
    0.5121    0.5982   -0.6163
...    90 T-A ...
   35.2327 -159.8072   -3.8353
   -0.6196    0.7392    0.2641
    0.6142    0.2470    0.7495
    0.4888    0.6266   -0.6070
...    91 G-C ...
   36.8936 -157.4360   -5.5957
   -0.2041    0.6452    0.7362
    0.8847   -0.2003    0.4209
    0.4191    0.7372   -0.5300
...    92 T-A ...
   37.6732 -154.7013   -7.2721
    0.2913    0.3914    0.8729
    0.8656   -0.4963   -0.0664
    0.4073    0.7749   -0.4833
...    93 T-A ...
   38.8467 -152.0268   -8.7043
    0.7531    0.0200    0.6576
    0.5303   -0.6099   -0.5889
    0.3893    0.7923   -0.4699
...    94 A-T ...
   40.3272 -149.6993  -10.8189
    0.9401   -0.3400    0.0245
   -0.1380   -0.4454   -0.8846
    0.3117    0.8282   -0.4657
...    95 T-A ...
   41.5779 -146.7274  -11.7088
    0.7317   -0.4840   -0.4800
   -0.6245   -0.1940   -0.7565
    0.2730    0.8533   -0.4442
...    96 A-T ...
   41.4803 -143.6504  -13.4887
    0.0819   -0.3301   -0.9404
   -0.9783    0.1538   -0.1391
    0.1905    0.9313   -0.3104
...    97 A-T ...
   42.3747 -140.6326  -14.4034
   -0.5244   -0.1116   -0.8442
   -0.8313    0.2819    0.4791
    0.1846    0.9529   -0.2406
...    98 C-G ...
   43.4239 -137.6614  -15.5410
   -0.9016    0.0427   -0.4304
   -0.4036    0.2745    0.8728
    0.1554    0.9606   -0.2303
...    99 G-C ...
   43.9910 -134.2956  -15.8134
   -0.9801    0.0552    0.1908
    0.1976    0.1708    0.9653
    0.0207    0.9838   -0.1783
...   100 G-C ...
   43.9152 -131.0059  -16.5646
   -0.6959    0.0162    0.7179
    0.7144    0.1164    0.6899
   -0.0724    0.9931   -0.0926
...   101 A-T ...
   43.5637 -127.7511  -16.7549
   -0.1215    0.0060    0.9926
    0.9865    0.1111    0.1201
   -0.1095    0.9938   -0.0194
...   102 A-T ...
   43.0328 -124.5589  -16.6409
    0.4811    0.0309    0.8761
    0.8683    0.1206   -0.4811
   -0.1206    0.9922    0.0312
...   103 T-A ...
   42.1902 -121.4369  -16.0051
    0.8646    0.0846    0.4953
    0.4861    0.1086   -0.8671
   -0.1271    0.9905    0.0528
...   104 G-C ...
   42.1276 -118.0697  -16.0143
    0.9854    0.0902   -0.1446
   -0.1533    0.0979   -0.9833
   -0.0746    0.9911    0.1103
...   105 C-G ...
   42.1866 -114.7603  -15.3064
    0.7132    0.1310   -0.6886
   -0.6986    0.0520   -0.7136
   -0.0577    0.9900    0.1286
...   106 T-A ...
   42.2918 -111.4358  -14.7416
    0.1835    0.1356   -0.9736
   -0.9817   -0.0261   -0.1886
   -0.0509    0.9904    0.1283
...   107 T-A ...
   42.4061 -108.2066  -14.1898
   -0.4597    0.1483   -0.8756
   -0.8863   -0.1384    0.4419
   -0.0557    0.9792    0.1950
...   108 C-G ...
   42.3426 -104.9573  -13.4558
   -0.9108    0.0094   -0.4127
   -0.4036   -0.2308    0.8854
   -0.0869    0.9730    0.2140
...   109 C-G ...
   42.1639 -101.6080  -12.9073
   -0.9646   -0.2217    0.1429
    0.1900   -0.2081    0.9595
   -0.1830    0.9527    0.2428
...   110 G-C ...
   41.6743  -98.4643  -11.6736
   -0.6410   -0.4443    0.6259
    0.7105   -0.0348    0.7029
   -0.2905    0.8952    0.3380
...   111 G-C ...
   40.3720  -95.5814  -10.4937
   -0.0946   -0.4911    0.8659
    0.9375    0.2486    0.2434
   -0.3348    0.8349    0.4369
...   112 C-G ...
   38.8417  -93.1277   -8.8423
    0.4688   -0.3191    0.8237
    0.8165    0.5124   -0.2661
   -0.3371    0.7972    0.5007
...   113 T-A ...
   37.6410  -90.7433   -6.8372
    0.8641   -0.0314    0.5024
    0.3993    0.6504   -0.6462
   -0.3065    0.7589    0.5746
...   114 C-G ...
   36.8145  -88.2923   -4.7674
    0.9292    0.3696   -0.0066
   -0.2286    0.5606   -0.7959
   -0.2905    0.7410    0.6054
...   115 G-C ...
   35.8626  -85.4866   -3.0708
    0.6155    0.5994   -0.5117
   -0.7567    0.2680   -0.5963
   -0.2203    0.7543    0.6185
...   116 T-A ...
   35.7104  -83.0463   -0.7259
    0.0841    0.6534   -0.7523
   -0.9712   -0.1153   -0.2088
   -0.2231    0.7481    0.6249
...   117 A-T ...
   34.2292  -80.9625    1.6729
   -0.6477    0.4488   -0.6157
   -0.7346   -0.5823    0.3483
   -0.2022    0.6779    0.7068
...   118 T-A ...
   33.9725  -78.3221    3.6714
   -0.9431    0.0794   -0.3229
   -0.2718   -0.7434    0.6111
   -0.1915    0.6641    0.7227
...   119 A-T ...
   33.4704  -76.4991    6.5433
   -0.8817   -0.4417    0.1660
    0.4340   -0.6214    0.6523
   -0.1850    0.6472    0.7396
...   120 A-T ...
   32.7383  -74.3345    8.8549
   -0.4458   -0.7362    0.5092
    0.8749   -0.2383    0.4216
   -0.1890    0.6335    0.7503
...   121 T-A ...
   31.4879  -72.3065   11.1234
    0.0831   -0.7632    0.6408
    0.9779    0.1863    0.0951
   -0.1919    0.6188    0.7618
...   122 G-C ...
   31.1804  -70.3346   13.8567
    0.6732   -0.5551    0.4886
    0.7218    0.6368   -0.2711
   -0.1606    0.5352    0.8293
...   123 T-A ...
   30.4438  -69.1345   16.8858
    0.9643   -0.1245    0.2336
    0.2258    0.8475   -0.4803
   -0.1382    0.5160    0.8454
...   124 G-C ...
   30.2090  -67.1316   19.5964
    0.9055    0.3910   -0.1648
   -0.4198    0.7685   -0.4830
   -0.0622    0.5065    0.8600
...   125 T-A ...
   30.4754  -65.8375   22.6979
    0.5157    0.7508   -0.4127
   -0.8552    0.4217   -0.3014
   -0.0522    0.5083    0.8596
...   126 C-G ...
   30.3960  -64.1487   25.5692
   -0.1353    0.8491   -0.5107
   -0.9895   -0.1426    0.0252
   -0.0514    0.5087    0.8594
...   127 G-C ...
   29.7738  -62.6052   28.5631
   -0.7003    0.5510   -0.4538
   -0.7069   -0.6236    0.3337
   -0.0992    0.5545    0.8262
...   128 A-T ...
   29.5301  -60.7554   31.3087
   -0.9858    0.0315   -0.1648
   -0.1162   -0.8365    0.5355
   -0.1210    0.5471    0.8283
...   129 C-G ...
   29.0396  -58.4599   33.6846
   -0.8809   -0.4536    0.1353
    0.4497   -0.7130    0.5380
   -0.1475    0.5347    0.8320
...   130 C-G ...
   28.3072  -56.5957   36.4229
   -0.4460   -0.8262    0.3441
    0.8712   -0.3126    0.3786
   -0.2052    0.4686    0.8592
...   131 A-T ...
   27.8900  -55.1510   39.4524
    0.1925   -0.8892    0.4150
    0.9570    0.2637    0.1211
   -0.2171    0.3738    0.9017
...   132 A-T ...
   27.0277  -54.0867   42.4051
    0.7278   -0.5558    0.4018
    0.6495    0.7466   -0.1437
   -0.2201    0.3656    0.9044
...   133 A-T ...
   26.2503  -53.1201   45.4201
    0.9696    0.0089    0.2446
    0.0796    0.9336   -0.3494
   -0.2315    0.3583    0.9045
...   134 T-A ...
   25.6307  -52.5796   48.6349
    0.8597    0.5096    0.0340
   -0.4497    0.7867   -0.4230
   -0.2423    0.3484    0.9055
...   135 G-C ...
   25.2858  -52.4980   52.0750
    0.3205    0.9427   -0.0927
   -0.8825    0.2616   -0.3908
   -0.3442    0.2071    0.9158
...   136 T-A ...
   25.5355  -52.9667   55.8002
   -0.2443    0.9563   -0.1608
   -0.8908   -0.2868   -0.3525
   -0.3832    0.0571    0.9219
...   137 G-C ...
   24.9037  -52.7259   58.9821
   -0.7529    0.5562   -0.3519
   -0.5214   -0.8303   -0.1968
   -0.4017    0.0354    0.9151
...   138 A-T ...
   24.0249  -51.6260   61.9211
   -0.9563    0.0400   -0.2896
   -0.0523   -0.9980    0.0347
   -0.2877    0.0483    0.9565
...   139 G-C ...
   22.3574  -51.2299   64.4909
   -0.8529   -0.5117   -0.1032
    0.4973   -0.8566    0.1372
   -0.1586    0.0657    0.9852
...   140 C-G ...
   22.1608  -50.1385   67.4618
   -0.4681   -0.8749    0.1247
    0.8495   -0.4066    0.3363
   -0.2435    0.2633    0.9335
...   141 G-C ...
   21.4366  -51.8163   72.7856
    0.1304   -0.7141   -0.6877
    0.8897   -0.2218    0.3990
   -0.4375   -0.6639    0.6065
...   142 C-G ...
   20.4354  -54.2994   74.5395
    0.5847   -0.7390   -0.3347
    0.7593    0.3532    0.5466
   -0.2857   -0.5737    0.7676
...   143 T-A ...
   18.4377  -55.5189   76.5273
    0.8548   -0.5006    0.1370
    0.3188    0.7147    0.6225
   -0.4096   -0.4884    0.7705
...   144 C-G ...
   16.8485  -57.7126   78.2648
    0.8529   -0.0846    0.5152
   -0.1509    0.9047    0.3983
   -0.4998   -0.4175    0.7589
...   145 A-T ...
   15.7933  -59.5517   80.7963
    0.5515    0.4995    0.6681
   -0.6739    0.7388    0.0040
   -0.4915   -0.4525    0.7441
...   146 C-G ...
   15.7410  -61.4838   83.9296
    0.0342    0.7400    0.6718
   -0.8637    0.3601   -0.3527
   -0.5029   -0.5681    0.6514
...   147 A-T ...
   14.7481  -63.4170   86.8165
   -0.5923    0.6746    0.4405
   -0.6886   -0.1400   -0.7115
   -0.4183   -0.7247    0.5475
