  147 base-pairs
...     1 T-A ...
    0.0000    0.0000    0.0000
    1.0000    0.0000    0.0000
    0.0000    1.0000    0.0000
    0.0000    0.0000    1.0000
...     2 G-C ...
   -0.5555   -1.1003    3.3981
    0.7749    0.6051    0.1828
   -0.5991    0.7953   -0.0929
   -0.2016   -0.0375    0.9787
...     3 T-A ...
   -0.6619   -3.0237    6.5348
    0.3046    0.9250    0.2271
   -0.8994    0.3578   -0.2510
   -0.3134   -0.1278    0.9410
...     4 G-C ...
   -1.1607   -3.8418    9.6940
   -0.3351    0.9421    0.0133
   -0.8752   -0.3061   -0.3746
   -0.3489   -0.1372    0.9271
...     5 A-T ...
   -1.3881   -3.6770   12.8999
   -0.7835    0.6162   -0.0801
   -0.5677   -0.7622   -0.3109
   -0.2527   -0.1981    0.9470
...     6 G-C ...
   -2.6236   -3.5448   15.7072
   -0.9923    0.0611   -0.1075
   -0.0294   -0.9610   -0.2748
   -0.1201   -0.2695    0.9555
...     7 C-G ...
   -2.3138   -3.7570   18.8866
   -0.8620   -0.4995   -0.0864
    0.5008   -0.8655    0.0073
   -0.0785   -0.0370    0.9962
...     8 G-C ...
   -3.9561   -6.8109   23.3205
   -0.2581   -0.3560   -0.8981
    0.6294   -0.7673    0.1233
   -0.7330   -0.5335    0.4221
...     9 C-G ...
   -6.1177   -8.9414   24.2385
    0.1143   -0.7320   -0.6716
    0.8123   -0.3203    0.4874
   -0.5720   -0.6013    0.5580
...    10 T-A ...
   -8.5041   -9.6771   26.0540
    0.4660   -0.8587   -0.2131
    0.6274    0.1508    0.7640
   -0.6239   -0.4897    0.6090
...    11 C-G ...
  -11.0625  -11.3174   27.2336
    0.6660   -0.6911    0.2808
    0.3382    0.6152    0.7121
   -0.6649   -0.3794    0.6435
...    12 A-T ...
  -13.0013  -13.1789   29.0658
    0.7188   -0.1490    0.6790
   -0.1787    0.9043    0.3876
   -0.6718   -0.4000    0.6235
...    13 C-G ...
  -14.1788  -15.9359   31.3399
    0.4052    0.2865    0.8682
   -0.5270    0.8492   -0.0343
   -0.7470   -0.4437    0.4951
...    14 A-T ...
  -15.9532  -18.1566   33.3080
   -0.1503    0.6873    0.7107
   -0.6106    0.5008   -0.6135
   -0.7776   -0.5261    0.3444
...    15 A-T ...
  -18.3837  -19.9187   34.5628
   -0.4979    0.8423    0.2065
   -0.3951   -0.0083   -0.9186
   -0.7720   -0.5390    0.3369
...    16 T-A ...
  -20.7137  -21.6158   36.3902
   -0.6724    0.6683   -0.3182
   -0.0377   -0.4603   -0.8870
   -0.7392   -0.5844    0.3347
...    17 T-A ...
  -23.1248  -23.3368   37.8143
   -0.5947    0.2311   -0.7700
    0.3925   -0.7525   -0.5289
   -0.7016   -0.6168    0.3568
...    18 T-A ...
  -25.4986  -25.2007   39.0759
   -0.2478   -0.2417   -0.9382
    0.6723   -0.7402    0.0132
   -0.6976   -0.6274    0.3459
...    19 A-T ...
  -27.5897  -27.5733   40.2946
    0.2580   -0.6145   -0.7455
    0.6818   -0.4308    0.5912
   -0.6845   -0.6609    0.3078
...    20 T-A ...
  -30.2062  -29.5391   40.7742
    0.5875   -0.7427   -0.3213
    0.4440   -0.0361    0.8953
   -0.6765   -0.6687    0.3085
...    21 T-A ...
  -32.4469  -31.7868   41.5258
    0.7387   -0.6199    0.2644
   -0.0005    0.3919    0.9200
   -0.6740   -0.6798    0.2892
...    22 C-G ...
  -34.5457  -34.1133   42.5399
    0.6095   -0.2406    0.7554
   -0.4630    0.6654    0.5855
   -0.6435   -0.7066    0.2942
...    23 G-C ...
  -36.7360  -36.1257   44.1985
    0.3214    0.2667    0.9086
   -0.7741    0.6266    0.0899
   -0.5454   -0.7322    0.4079
...    24 C-G ...
  -38.1813  -38.7225   45.6198
   -0.1132    0.5951    0.7956
   -0.8290    0.3848   -0.4058
   -0.5476   -0.7055    0.4498
...    25 A-T ...
  -40.4740  -40.9917   46.6518
   -0.5917    0.7195    0.3637
   -0.5782   -0.0644   -0.8133
   -0.5618   -0.6916    0.4541
...    26 A-T ...
  -42.2596  -43.2106   48.3103
   -0.8303    0.5268   -0.1820
   -0.1077   -0.4720   -0.8750
   -0.5469   -0.7069    0.4486
...    27 A-T ...
  -43.9855  -45.3877   50.0487
   -0.7426    0.1207   -0.6588
    0.4287   -0.6701   -0.6059
   -0.5146   -0.7324    0.4459
...    28 G-C ...
  -46.0453  -47.5542   51.6587
   -0.3495   -0.2266   -0.9091
    0.7622   -0.6330   -0.1353
   -0.5448   -0.7402    0.3940
...    29 G-C ...
  -48.1954  -49.9989   52.8610
    0.2134   -0.4872   -0.8468
    0.8169   -0.3865    0.4282
   -0.5359   -0.7831    0.3155
...    30 C-G ...
  -50.1666  -52.5582   53.5065
    0.6727   -0.5699   -0.4718
    0.5363   -0.0637    0.8416
   -0.5097   -0.8192    0.2628
...    31 C-G ...
  -51.8869  -55.3507   54.1614
    0.8952   -0.4396    0.0741
    0.0353    0.2356    0.9712
   -0.4444   -0.8668    0.2265
...    32 G-C ...
  -53.0111  -58.0646   55.2902
    0.8110   -0.1603    0.5626
   -0.4751    0.3806    0.7933
   -0.3413   -0.9107    0.2325
...    33 G-C ...
  -53.6764  -61.2502   56.2703
    0.4094    0.1247    0.9038
   -0.8665    0.3633    0.3424
   -0.2856   -0.9233    0.2568
...    34 C-G ...
  -54.2600  -64.3586   57.2349
   -0.1602    0.3365    0.9280
   -0.9492    0.2055   -0.2384
   -0.2709   -0.9190    0.2864
...    35 C-G ...
  -55.0690  -67.3957   58.6101
   -0.6815    0.4125    0.6045
   -0.6782   -0.0455   -0.7335
   -0.2751   -0.9098    0.3107
...    36 C-G ...
  -55.9048  -70.4373   59.9771
   -0.9376    0.3451    0.0433
   -0.1522   -0.2953   -0.9432
   -0.3127   -0.8909    0.3294
...    37 G-C ...
  -56.5298  -73.9106   60.1209
   -0.8223    0.1690   -0.5433
    0.4412   -0.4137   -0.7964
   -0.3594   -0.8946    0.2657
...    38 A-T ...
  -57.5673  -76.7562   61.0964
   -0.3904   -0.0977   -0.9155
    0.8538   -0.4103   -0.3203
   -0.3443   -0.9067    0.2436
...    39 C-G ...
  -59.1059  -79.4905   61.7078
    0.1475   -0.2441   -0.9585
    0.9247   -0.3097    0.2212
   -0.3508   -0.9190    0.1801
...    40 A-T ...
  -60.2019  -82.6823   62.1239
    0.7031   -0.2912   -0.6488
    0.6420   -0.1325    0.7552
   -0.3059   -0.9475    0.0937
...    41 C-G ...
  -61.1549  -85.8433   61.8344
    0.9526   -0.2661   -0.1473
    0.1572    0.0161    0.9874
   -0.2603   -0.9638    0.0572
...    42 G-C ...
  -61.8395  -89.0725   62.4926
    0.8582   -0.1526    0.4902
   -0.4786    0.1077    0.8714
   -0.1858   -0.9824    0.0194
...    43 A-T ...
  -62.3780  -92.2416   62.5160
    0.3875   -0.0687    0.9193
   -0.9027    0.1742    0.3935
   -0.1872   -0.9823    0.0055
...    44 C-G ...
  -62.3759  -95.5778   62.4855
   -0.1725    0.0579    0.9833
   -0.9695    0.1664   -0.1798
   -0.1741   -0.9844    0.0275
...    45 T-A ...
  -62.3887  -99.1909   62.9465
   -0.7114    0.1550    0.6855
   -0.6778    0.1065   -0.7275
   -0.1858   -0.9822    0.0293
...    46 T-A ...
  -62.8099 -102.3883   63.1927
   -0.9759    0.1608    0.1472
   -0.1421    0.0434   -0.9889
   -0.1654   -0.9860   -0.0195
...    47 A-T ...
  -63.2295 -105.7428   62.7485
   -0.8250    0.1562   -0.5431
    0.5411   -0.0583   -0.8389
   -0.1627   -0.9860   -0.0364
...    48 C-G ...
  -64.2043 -108.8900   63.1209
   -0.3892    0.1481   -0.9092
    0.9024   -0.1370   -0.4086
   -0.1850   -0.9794   -0.0803
...    49 T-A ...
  -65.2120 -112.1079   62.7631
    0.1916    0.1397   -0.9715
    0.9622   -0.2217    0.1579
   -0.1933   -0.9651   -0.1769
...    50 G-C ...
  -65.6878 -115.3767   61.8674
    0.7397    0.1358   -0.6591
    0.6630   -0.3150    0.6791
   -0.1154   -0.9393   -0.3231
...    51 T-A ...
  -66.1509 -118.1665   60.3412
    0.9836   -0.0113   -0.1799
    0.1632   -0.3680    0.9154
   -0.0765   -0.9298   -0.3601
...    52 A-T ...
  -66.3947 -121.5456   59.6970
    0.8466   -0.2567    0.4662
   -0.5292   -0.3120    0.7891
   -0.0571   -0.9147   -0.4000
...    53 G-C ...
  -66.3465 -124.5136   58.3202
    0.4207   -0.3435    0.8396
   -0.9072   -0.1599    0.3891
    0.0006   -0.9254   -0.3789
...    54 G-C ...
  -65.5449 -127.8194   57.0586
   -0.1956   -0.3376    0.9208
   -0.9804    0.0453   -0.1917
    0.0230   -0.9402   -0.3398
...    55 T-A ...
  -65.0678 -130.9915   56.1915
   -0.6994   -0.2812    0.6570
   -0.7139    0.2311   -0.6610
    0.0341   -0.9314   -0.3624
...    56 A-T ...
  -64.7775 -134.2209   55.1377
   -0.9934   -0.0622    0.0960
   -0.1124    0.3749   -0.9202
    0.0213   -0.9250   -0.3794
...    57 T-A ...
  -64.7605 -137.4552   54.5499
   -0.8943    0.1409   -0.4248
    0.4457    0.3679   -0.8161
    0.0413   -0.9191   -0.3918
...    58 C-G ...
  -64.8742 -140.6370   53.2723
   -0.3962    0.3788   -0.8364
    0.9177    0.1931   -0.3473
    0.0299   -0.9051   -0.4241
...    59 T-A ...
  -65.0459 -143.5594   51.6706
    0.1719    0.5020   -0.8476
    0.9848   -0.0677    0.1597
    0.0228   -0.8622   -0.5060
...    60 C-G ...
  -64.6676 -146.0945   49.6494
    0.7187    0.4470   -0.5325
    0.6935   -0.4053    0.5956
    0.0504   -0.7974   -0.6013
...    61 A-T ...
  -64.5730 -148.7544   47.5259
    0.9710    0.2380   -0.0245
    0.1793   -0.6562    0.7329
    0.1583   -0.7160   -0.6799
...    62 T-A ...
  -63.8900 -150.7154   44.9825
    0.9120   -0.1102    0.3951
   -0.3526   -0.7028    0.6179
    0.2096   -0.7028   -0.6798
...    63 G-C ...
  -63.0441 -153.1087   42.6899
    0.4649   -0.5131    0.7215
   -0.8450   -0.5004    0.1886
    0.2643   -0.6974   -0.6662
...    64 T-A ...
  -61.6138 -155.2729   40.4190
   -0.1115   -0.7401    0.6632
   -0.9570   -0.0999   -0.2723
    0.2678   -0.6650   -0.6971
...    65 T-A ...
  -60.4735 -157.3486   38.1580
   -0.6612   -0.6950    0.2825
   -0.6815    0.3989   -0.6136
    0.3138   -0.5982   -0.7374
...    66 A-T ...
  -59.3094 -159.0325   35.2486
   -0.9065   -0.2406   -0.3470
   -0.0028    0.8252   -0.5648
    0.4222   -0.5110   -0.7487
...    67 T-A ...
  -58.0482 -161.2631   33.1488
   -0.7597    0.2354   -0.6062
    0.4731    0.8397   -0.2668
    0.4462   -0.4894   -0.7492
...    68 A-T ...
  -56.1646 -162.7296   30.6371
   -0.2425    0.7474   -0.6185
    0.8498    0.4712    0.2362
    0.4679   -0.4683   -0.7495
...    69 A-T ...
  -54.8272 -164.2026   28.1452
    0.2740    0.9049   -0.3258
    0.8354   -0.0560    0.5468
    0.4766   -0.4220   -0.7712
...    70 C-G ...
  -53.6603 -165.3201   25.1912
    0.6774    0.7312    0.0798
    0.5384   -0.5668    0.6236
    0.5012   -0.3795   -0.7776
...    71 G-C ...
  -51.5781 -166.5734   22.9447
    0.8097    0.2919    0.5091
    0.0839   -0.9162    0.3918
    0.5808   -0.2745   -0.7663
...    72 G-C ...
  -49.0762 -167.3227   20.8862
    0.6524   -0.2404    0.7188
   -0.3154   -0.9485   -0.0309
    0.6891   -0.2066   -0.6946
...    73 A-T ...
  -46.5876 -167.7376   18.6101
    0.3223   -0.7928    0.5173
   -0.6457   -0.5837   -0.4923
    0.6922   -0.1754   -0.7000
...    74 T-A ...
  -43.8860 -168.1228   16.7169
   -0.0795   -0.9846    0.1557
   -0.7120   -0.0532   -0.7002
    0.6977   -0.1666   -0.6968
...    75 C-G ...
  -41.4613 -168.7480   14.4375
   -0.5068   -0.7843   -0.3577
   -0.4894    0.6034   -0.6296
    0.7097   -0.1440   -0.6897
...    76 G-C ...
  -39.3329 -168.4937   11.7979
   -0.7281   -0.2447   -0.6403
   -0.1018    0.9624   -0.2520
    0.6778   -0.1183   -0.7257
...    77 A-T ...
  -36.8117 -168.3499    9.6650
   -0.6598    0.4216   -0.6220
    0.3285    0.9063    0.2657
    0.6758   -0.0290   -0.7365
...    78 G-C ...
  -34.5955 -168.4262    7.1860
   -0.4031    0.8607   -0.3108
    0.6230    0.5069    0.5958
    0.6704    0.0465   -0.7406
...    79 C-G ...
  -32.6793 -168.3592    4.3440
    0.0058    0.9890    0.1476
    0.7409   -0.1034    0.6636
    0.6716    0.1055   -0.7334
...    80 T-A ...
  -30.5767 -167.8389    1.7990
    0.3501    0.7511    0.5598
    0.6398   -0.6282    0.4427
    0.6842    0.2032   -0.7004
...    81 C-G ...
  -28.0342 -167.1380   -0.1800
    0.6387    0.2063    0.7413
    0.3620   -0.9307   -0.0529
    0.6790    0.3022   -0.6690
...    82 G-C ...
  -25.1520 -167.0615   -2.2922
    0.7001   -0.4064    0.5871
   -0.0257   -0.8360   -0.5481
    0.7136    0.3687   -0.5957
...    83 G-C ...
  -22.4247 -165.6943   -3.9476
    0.5201   -0.8390    0.1600
   -0.4089   -0.4091   -0.8158
    0.7498    0.3589   -0.5558
...    84 G-C ...
  -19.6504 -164.7172   -5.6061
    0.1386   -0.9386   -0.3158
   -0.5923    0.1771   -0.7860
    0.7937    0.2960   -0.5314
...    85 A-T ...
  -16.7249 -163.7345   -7.1155
   -0.2361   -0.5866   -0.7747
   -0.5542    0.7362   -0.3885
    0.7982    0.3376   -0.4989
...    86 T-A ...
  -13.8275 -163.1319   -8.6238
   -0.4988   -0.0842   -0.8626
   -0.3421    0.9336    0.1067
    0.7963    0.3484   -0.4945
...    87 C-G ...
  -11.0677 -162.1827  -10.3628
   -0.5959    0.5304   -0.6030
    0.0268    0.7636    0.6452
    0.8026    0.3683   -0.4692
...    88 C-G ...
   -8.1986 -161.1667  -11.7104
   -0.5953    0.8000   -0.0746
    0.3316    0.3292    0.8841
    0.7319    0.5016   -0.4612
...    89 G-C ...
   -5.6051 -159.2632  -12.7937
   -0.3987    0.7558    0.5194
    0.6308   -0.1851    0.7536
    0.6657    0.6281   -0.4029
...    90 C-G ...
   -3.7086 -156.8625  -14.4193
    0.0211    0.4824    0.8757
    0.7486   -0.5881    0.3060
    0.6626    0.6492   -0.3735
...    91 T-A ...
   -1.6881 -154.1583  -15.3823
    0.4344    0.0172    0.9006
    0.6348   -0.7151   -0.2926
    0.6390    0.6988   -0.3216
...    92 T-A ...
    0.2776 -151.6635  -16.1978
    0.7465   -0.4002    0.5316
    0.2590   -0.5612   -0.7861
    0.6129    0.7245   -0.3152
...    93 T-A ...
    2.2780 -149.1655  -16.9644
    0.7776   -0.6263   -0.0559
   -0.2357   -0.2080   -0.9493
    0.5829    0.7513   -0.3094
...    94 A-T ...
    3.6038 -146.5927  -18.7975
    0.5176   -0.4763   -0.7108
   -0.7085    0.2273   -0.6682
    0.4798    0.8494   -0.2198
...    95 A-T ...
    5.2997 -143.8408  -19.3252
    0.0037   -0.1521   -0.9884
   -0.8962    0.4380   -0.0707
    0.4436    0.8860   -0.1347
...    96 C-G ...
    7.2902 -141.0712  -19.8100
   -0.5047    0.1701   -0.8463
   -0.7397    0.4202    0.5256
    0.4451    0.8913   -0.0863
...    97 A-T ...
    8.7629 -138.0459  -19.9697
   -0.8754    0.3543   -0.3287
   -0.2806    0.1813    0.9426
    0.3935    0.9174   -0.0593
...    98 C-G ...
    9.9921 -135.0310  -20.8134
   -0.9010    0.3658    0.2334
    0.2296   -0.0545    0.9718
    0.3682    0.9291   -0.0349
...    99 T-A ...
   10.9219 -131.6337  -21.2665
   -0.6268    0.1425    0.7660
    0.7226   -0.2616    0.6399
    0.2915    0.9546    0.0610
...   100 T-A ...
   11.5374 -128.4467  -21.0730
   -0.0997   -0.0704    0.9925
    0.9548   -0.2875    0.0755
    0.2800    0.9552    0.0959
...   101 T-A ...
   12.3801 -125.3502  -20.5872
    0.4464   -0.2855    0.8480
    0.8472   -0.1701   -0.5033
    0.2879    0.9432    0.1660
...   102 A-T ...
   13.6151 -122.1952  -20.0785
    0.8856   -0.3388    0.3176
    0.3676    0.0933   -0.9253
    0.2839    0.9362    0.2072
...   103 T-A ...
   14.3718 -119.3514  -18.6606
    0.9462   -0.2670   -0.1827
   -0.1047    0.2817   -0.9538
    0.3062    0.9216    0.2386
...   104 G-C ...
   15.6225 -116.4268  -17.7364
    0.6546   -0.1114   -0.7477
   -0.6503    0.4214   -0.6321
    0.3855    0.9000    0.2034
...   105 C-G ...
   17.2340 -113.5563  -16.9854
    0.1569    0.1610   -0.9744
   -0.9124    0.4013   -0.0807
    0.3781    0.9017    0.2098
...   106 T-A ...
   18.9274 -110.5778  -16.3779
   -0.4189    0.3624   -0.8326
   -0.8223    0.2376    0.5171
    0.3852    0.9012    0.1985
...   107 T-A ...
   20.3058 -107.7125  -15.8562
   -0.8238    0.4158   -0.3854
   -0.4366   -0.0316    0.8991
    0.3616    0.9089    0.2076
...   108 C-G ...
   21.5463 -104.6294  -15.3272
   -0.9384    0.2551    0.2331
    0.1544   -0.2939    0.9433
    0.3091    0.9212    0.2364
...   109 C-G ...
   22.7988 -101.6460  -14.6443
   -0.7469   -0.0910    0.6587
    0.6338   -0.3970    0.6638
    0.2011    0.9133    0.3542
...   110 G-C ...
   23.5856  -98.9631  -13.1772
   -0.3204   -0.4251    0.8466
    0.9399   -0.2540    0.2282
    0.1180    0.8688    0.4809
...   111 G-C ...
   23.7498  -96.2929  -11.1768
    0.2529   -0.5743    0.7786
    0.9631    0.0727   -0.2591
    0.0922    0.8154    0.5715
...   112 C-G ...
   23.7607  -94.0109   -8.6907
    0.7551   -0.4637    0.4635
    0.6485    0.4243   -0.6320
    0.0964    0.7778    0.6211
...   113 T-A ...
   24.0868  -91.5750   -6.4569
    0.9866   -0.1623    0.0183
    0.1213    0.6530   -0.7476
    0.1094    0.7398    0.6639
...   114 C-G ...
   24.6547  -88.9833   -4.4748
    0.8473    0.2909   -0.4443
   -0.5152    0.6531   -0.5550
    0.1287    0.6992    0.7033
...   115 G-C ...
   24.7315  -86.4209   -2.3555
    0.3391    0.6253   -0.7029
   -0.9294    0.3383   -0.1474
    0.1456    0.7032    0.6959
...   116 T-A ...
   25.9692  -83.9913   -0.2562
   -0.2540    0.6897   -0.6781
   -0.9588   -0.0874    0.2703
    0.1272    0.7188    0.6835
...   117 A-T ...
   26.6493  -81.5094    1.9877
   -0.8017    0.4605   -0.3811
   -0.5905   -0.5110    0.6247
    0.0930    0.7258    0.6815
...   118 T-A ...
   27.2209  -78.7668    3.7169
   -0.9926    0.1208    0.0100
   -0.0770   -0.6921    0.7177
    0.0936    0.7116    0.6963
...   119 A-T ...
   27.6680  -76.6282    6.3611
   -0.8063   -0.3804    0.4530
    0.5872   -0.6071    0.5353
    0.0714    0.6976    0.7129
...   120 A-T ...
   27.6728  -74.2902    8.6214
   -0.3187   -0.7132    0.6243
    0.9474   -0.2591    0.1876
    0.0280    0.6513    0.7583
...   121 T-A ...
   27.1482  -72.1832   11.1368
    0.2378   -0.7509    0.6162
    0.9712    0.1734   -0.1635
    0.0159    0.6373    0.7705
...   122 G-C ...
   27.2282  -70.1419   13.9386
    0.7903   -0.5274    0.3118
    0.6105    0.6345   -0.4740
    0.0522    0.5650    0.8234
...   123 T-A ...
   27.3283  -68.7815   16.9644
    0.9948   -0.1014    0.0122
    0.0915    0.8314   -0.5481
    0.0455    0.5464    0.8363
...   124 G-C ...
   27.5135  -66.9758   19.8367
    0.8308    0.4323   -0.3506
   -0.5504    0.7317   -0.4021
    0.0828    0.5270    0.8458
...   125 T-A ...
   28.1261  -65.6395   22.7372
    0.3957    0.7505   -0.5294
   -0.9135    0.3808   -0.1430
    0.0942    0.5402    0.8363
...   126 C-G ...
   28.4850  -63.9216   25.4273
   -0.2417    0.8339   -0.4962
   -0.9659   -0.1578    0.2052
    0.0928    0.5289    0.8436
...   127 G-C ...
   28.1153  -62.4333   28.4560
   -0.7615    0.5276   -0.3766
   -0.6481   -0.6146    0.4496
    0.0057    0.5864    0.8100
...   128 A-T ...
   28.2983  -60.6264   31.0715
   -0.9981    0.0464   -0.0399
   -0.0609   -0.8244    0.5628
   -0.0068    0.5641    0.8257
...   129 C-G ...
   28.1509  -58.2007   33.3060
   -0.8691   -0.4373    0.2314
    0.4919   -0.7142    0.4979
   -0.0525    0.5466    0.8358
...   130 C-G ...
   27.4100  -56.3007   36.0482
   -0.4492   -0.8145    0.3671
    0.8819   -0.3385    0.3281
   -0.1429    0.4712    0.8704
...   131 A-T ...
   27.6328  -55.0147   39.2311
    0.1888   -0.8957    0.4026
    0.9681    0.2385    0.0765
   -0.1645    0.3753    0.9122
...   132 A-T ...
   27.0172  -53.9828   42.2951
    0.7279   -0.5803    0.3653
    0.6631    0.7313   -0.1596
   -0.1745    0.3584    0.9171
...   133 A-T ...
   26.2311  -53.1377   45.3742
    0.9705   -0.0047    0.2409
    0.0920    0.9313   -0.3524
   -0.2227    0.3642    0.9043
...   134 T-A ...
   25.6308  -52.5797   48.6350
    0.8597    0.5096    0.0340
   -0.4497    0.7867   -0.4230
   -0.2423    0.3484    0.9055
...   135 G-C ...
   25.2859  -52.4981   52.0751
    0.3205    0.9427   -0.0927
   -0.8825    0.2616   -0.3908
   -0.3441    0.2071    0.9158
...   136 T-A ...
   25.5356  -52.9668   55.8003
   -0.2443    0.9563   -0.1608
   -0.8908   -0.2868   -0.3525
   -0.3832    0.0571    0.9219
...   137 G-C ...
   24.9038  -52.7260   58.9822
   -0.7529    0.5562   -0.3519
   -0.5214   -0.8303   -0.1968
   -0.4017    0.0354    0.9151
...   138 A-T ...
   24.0250  -51.6261   61.9211
   -0.9563    0.0400   -0.2896
   -0.0523   -0.9980    0.0347
   -0.2877    0.0483    0.9565
...   139 G-C ...
   22.3574  -51.2300   64.4910
   -0.8529   -0.5117   -0.1032
    0.4973   -0.8566    0.1372
   -0.1586    0.0657    0.9852
...   140 C-G ...
   22.1609  -50.1386   67.4618
   -0.4681   -0.8749    0.1247
    0.8495   -0.4066    0.3363
   -0.2435    0.2633    0.9335
...   141 G-C ...
   21.4367  -51.8164   72.7856
    0.1304   -0.7141   -0.6877
    0.8897   -0.2218    0.3990
   -0.4375   -0.6639    0.6065
...   142 C-G ...
   20.4355  -54.2995   74.5396
    0.5847   -0.7390   -0.3347
    0.7593    0.3532    0.5466
   -0.2857   -0.5737    0.7676
...   143 T-A ...
   18.4378  -55.5190   76.5273
    0.8548   -0.5006    0.1370
    0.3188    0.7147    0.6225
   -0.4096   -0.4884    0.7705
...   144 C-G ...
   16.8485  -57.7127   78.2649
    0.8529   -0.0846    0.5152
   -0.1509    0.9047    0.3983
   -0.4998   -0.4175    0.7589
...   145 A-T ...
   15.7934  -59.5518   80.7964
    0.5515    0.4995    0.6681
   -0.6739    0.7388    0.0040
   -0.4915   -0.4525    0.7441
...   146 C-G ...
   15.7411  -61.4839   83.9296
    0.0342    0.7400    0.6718
   -0.8637    0.3601   -0.3527
   -0.5029   -0.5681    0.6514
...   147 A-T ...
   14.7482  -63.4171   86.8166
   -0.5923    0.6746    0.4405
   -0.6886   -0.1400   -0.7115
   -0.4183   -0.7247    0.5475
