  147 base-pairs
...     1 T-A ...
    0.0000    0.0000    0.0000
    1.0000    0.0000    0.0000
    0.0000    1.0000    0.0000
    0.0000    0.0000    1.0000
...     2 G-C ...
   -0.5555   -1.1003    3.3981
    0.7749    0.6051    0.1828
   -0.5991    0.7953   -0.0929
   -0.2016   -0.0375    0.9787
...     3 T-A ...
   -0.6619   -3.0237    6.5348
    0.3046    0.9250    0.2271
   -0.8994    0.3578   -0.2510
   -0.3134   -0.1278    0.9410
...     4 G-C ...
   -1.1607   -3.8418    9.6940
   -0.3351    0.9421    0.0133
   -0.8752   -0.3061   -0.3746
   -0.3489   -0.1372    0.9271
...     5 A-T ...
   -1.3881   -3.6770   12.8999
   -0.7835    0.6162   -0.0801
   -0.5677   -0.7622   -0.3109
   -0.2527   -0.1981    0.9470
...     6 G-C ...
   -2.6236   -3.5448   15.7072
   -0.9923    0.0611   -0.1075
   -0.0294   -0.9610   -0.2748
   -0.1201   -0.2695    0.9555
...     7 C-G ...
   -2.3138   -3.7570   18.8866
   -0.8620   -0.4995   -0.0864
    0.5008   -0.8655    0.0073
   -0.0785   -0.0370    0.9962
...     8 G-C ...
   -3.9561   -6.8109   23.3205
   -0.2581   -0.3560   -0.8981
    0.6294   -0.7673    0.1233
   -0.7330   -0.5335    0.4221
...     9 C-G ...
   -6.1177   -8.9414   24.2385
    0.1143   -0.7320   -0.6716
    0.8123   -0.3203    0.4874
   -0.5720   -0.6013    0.5580
...    10 T-A ...
   -8.5041   -9.6771   26.0540
    0.4660   -0.8587   -0.2131
    0.6274    0.1508    0.7640
   -0.6239   -0.4897    0.6090
...    11 C-G ...
  -11.0625  -11.3174   27.2336
    0.6660   -0.6911    0.2808
    0.3382    0.6152    0.7121
   -0.6649   -0.3794    0.6435
...    12 A-T ...
  -13.0013  -13.1789   29.0658
    0.7188   -0.1490    0.6790
   -0.1787    0.9043    0.3876
   -0.6718   -0.4000    0.6235
...    13 C-G ...
  -14.1788  -15.9359   31.3399
    0.4052    0.2865    0.8682
   -0.5270    0.8492   -0.0343
   -0.7470   -0.4437    0.4951
...    14 A-T ...
  -15.9532  -18.1566   33.3080
   -0.1503    0.6873    0.7107
   -0.6106    0.5008   -0.6135
   -0.7776   -0.5261    0.3444
...    15 A-T ...
  -18.3793  -19.9288   34.5561
   -0.5025    0.8398    0.2053
   -0.3903   -0.0084   -0.9207
   -0.7715   -0.5428    0.3320
...    16 T-A ...
  -20.7112  -21.6449   36.3651
   -0.6740    0.6649   -0.3219
   -0.0285   -0.4589   -0.8880
   -0.7381   -0.5894    0.3283
...    17 T-A ...
  -23.1224  -23.3889   37.7622
   -0.5888    0.2286   -0.7753
    0.4032   -0.7482   -0.5269
   -0.7005   -0.6229    0.3483
...    18 T-A ...
  -25.4893  -25.2881   38.9831
   -0.2316   -0.2380   -0.9432
    0.6775   -0.7353    0.0192
   -0.6981   -0.6346    0.3316
...    19 A-T ...
  -27.5762  -27.6901   40.1447
    0.2785   -0.6036   -0.7471
    0.6743   -0.4310    0.5996
   -0.6839   -0.6708    0.2869
...    20 T-A ...
  -30.1755  -29.6925   40.5419
    0.6040   -0.7309   -0.3177
    0.4244   -0.0425    0.9045
   -0.6746   -0.6812    0.2845
...    21 T-A ...
  -32.3960  -31.9833   41.2149
    0.7400   -0.6133    0.2761
   -0.0306    0.3794    0.9247
   -0.6719   -0.6928    0.2620
...    22 C-G ...
  -34.4799  -34.3591   42.1474
    0.5891   -0.2419    0.7710
   -0.4911    0.6505    0.5794
   -0.6417   -0.7199    0.2644
...    23 G-C ...
  -36.6728  -36.4302   43.7302
    0.2848    0.2564    0.9237
   -0.7883    0.6109    0.0735
   -0.5454   -0.7491    0.3761
...    24 C-G ...
  -38.1183  -39.0790   45.0587
   -0.1537    0.5784    0.8011
   -0.8214    0.3759   -0.4290
   -0.5493   -0.7240    0.4173
...    25 A-T ...
  -40.4163  -41.4262   45.9226
   -0.6271    0.6955    0.3506
   -0.5395   -0.0632   -0.8396
   -0.5618   -0.7157    0.4149
...    26 A-T ...
  -42.2052  -43.7368   47.4486
   -0.8372    0.5044   -0.2115
   -0.0508   -0.4566   -0.8882
   -0.5446   -0.7328    0.4079
...    27 A-T ...
  -43.9365  -46.0137   49.0517
   -0.7123    0.1093   -0.6934
    0.4818   -0.6421   -0.5962
   -0.5104   -0.7588    0.4047
...    28 G-C ...
  -45.9948  -48.2892   50.5088
   -0.2921   -0.2193   -0.9309
    0.7912   -0.6023   -0.1063
   -0.5374   -0.7676    0.3494
...    29 G-C ...
  -48.1128  -50.8414   51.5384
    0.2797   -0.4596   -0.8429
    0.8057   -0.3652    0.4664
   -0.5222   -0.8096    0.2682
...    30 C-G ...
  -50.0081  -53.4987   52.0031
    0.7218   -0.5329   -0.4416
    0.4866   -0.0630    0.8714
   -0.4921   -0.8439    0.2138
...    31 C-G ...
  -51.6285  -56.3832   52.4901
    0.9054   -0.4064    0.1228
   -0.0374    0.2117    0.9766
   -0.4229   -0.8888    0.1765
...    32 G-C ...
  -52.6985  -59.1771   53.4897
    0.7755   -0.1435    0.6148
   -0.5450    0.3394    0.7667
   -0.3187   -0.9296    0.1850
...    33 G-C ...
  -53.3024  -62.4151   54.3443
    0.3361    0.1144    0.9348
   -0.9038    0.3185    0.2860
   -0.2650   -0.9410    0.2104
...    34 C-G ...
  -53.8346  -65.5743   55.1765
   -0.2464    0.3014    0.9211
   -0.9356    0.1740   -0.3072
   -0.2529   -0.9375    0.2391
...    35 C-G ...
  -54.6251  -68.6877   56.3845
   -0.7472    0.3630    0.5567
   -0.6122   -0.0501   -0.7891
   -0.2586   -0.9304    0.2597
...    36 C-G ...
  -55.4234  -71.8180   57.5814
   -0.9528    0.3020   -0.0310
   -0.0541   -0.2696   -0.9615
   -0.2987   -0.9144    0.2732
...    37 G-C ...
  -55.8719  -75.3390   57.5446
   -0.7753    0.1487   -0.6138
    0.5340   -0.3646   -0.7628
   -0.3373   -0.9192    0.2033
...    38 A-T ...
  -56.8514  -78.2657   58.3302
   -0.2952   -0.0850   -0.9517
    0.9003   -0.3583   -0.2472
   -0.3200   -0.9297    0.1823
...    39 C-G ...
  -58.2968  -81.0903   58.7034
    0.2541   -0.2044   -0.9453
    0.9126   -0.2730    0.3043
   -0.3202   -0.9401    0.1172
...    40 A-T ...
  -59.2518  -84.3549   58.9113
    0.7808   -0.2382   -0.5776
    0.5647   -0.1264    0.8155
   -0.2672   -0.9630    0.0358
...    41 C-G ...
  -60.0106  -87.5510   58.4386
    0.9746   -0.2188   -0.0478
    0.0474   -0.0073    0.9989
   -0.2189   -0.9757    0.0033
...    42 G-C ...
  -60.6069  -90.8288   58.9332
    0.8018   -0.1322    0.5828
   -0.5803    0.0604    0.8121
   -0.1426   -0.9894   -0.0283
...    43 A-T ...
  -61.0034  -94.0202   58.8082
    0.2784   -0.0821    0.9569
   -0.9498    0.1247    0.2871
   -0.1429   -0.9888   -0.0433
...    44 C-G ...
  -60.8569  -97.3524   58.6817
   -0.2934    0.0194    0.9558
   -0.9467    0.1334   -0.2933
   -0.1332   -0.9909   -0.0207
...    45 T-A ...
  -60.7728 -100.9760   59.0244
   -0.7985    0.1081    0.5923
   -0.5835    0.1030   -0.8055
   -0.1481   -0.9888   -0.0192
...    46 T-A ...
  -61.1129 -104.1865   59.1095
   -0.9922    0.1234    0.0177
   -0.0095    0.0674   -0.9977
   -0.1243   -0.9901   -0.0657
...    47 A-T ...
  -61.3245 -107.5433   58.4948
   -0.7444    0.1413   -0.6526
    0.6573   -0.0167   -0.7534
   -0.1173   -0.9898   -0.0805
...    48 C-G ...
  -62.2256 -110.7312   58.6462
   -0.2578    0.1586   -0.9531
    0.9566   -0.0965   -0.2749
   -0.1356   -0.9826   -0.1268
...    49 T-A ...
  -63.0464 -113.9740   58.0699
    0.3294    0.1693   -0.9289
    0.9349   -0.1957    0.2959
   -0.1317   -0.9659   -0.2227
...    50 G-C ...
  -63.2592 -117.2378   57.0644
    0.8281    0.1668   -0.5352
    0.5592   -0.3121    0.7680
   -0.0389   -0.9353   -0.3517
...    51 T-A ...
  -63.3899 -120.0120   55.4399
    0.9998    0.0060   -0.0207
    0.0214   -0.3814    0.9242
   -0.0023   -0.9244   -0.3814
...    52 A-T ...
  -63.5712 -123.4379   54.8145
    0.7519   -0.2812    0.5963
   -0.6593   -0.3188    0.6809
   -0.0013   -0.9052   -0.4251
...    53 G-C ...
  -63.3500 -126.3893   53.4024
    0.2622   -0.3718    0.8905
   -0.9639   -0.1449    0.2233
    0.0461   -0.9169   -0.3963
...    54 G-C ...
  -62.4284 -129.6839   52.2056
   -0.3631   -0.3503    0.8634
   -0.9300    0.0797   -0.3588
    0.0568   -0.9332   -0.3548
...    55 T-A ...
  -61.8927 -132.8421   51.3348
   -0.8128   -0.2685    0.5169
   -0.5786    0.2703   -0.7695
    0.0669   -0.9246   -0.3751
...    56 A-T ...
  -61.5303 -136.0623   50.2583
   -0.9968   -0.0174   -0.0786
    0.0653    0.3964   -0.9157
    0.0471   -0.9179   -0.3940
...    57 T-A ...
  -61.5566 -139.2740   49.5888
   -0.7990    0.1976   -0.5679
    0.5982    0.3576   -0.7172
    0.0614   -0.9127   -0.4039
...    58 C-G ...
  -61.6097 -142.4225   48.2072
   -0.2220    0.4198   -0.8801
    0.9738    0.1410   -0.1784
    0.0492   -0.8966   -0.4401
...    59 T-A ...
  -61.6700 -145.2864   46.4983
    0.3510    0.5042   -0.7890
    0.9348   -0.1403    0.3262
    0.0537   -0.8521   -0.5206
...    60 C-G ...
  -61.2031 -148.0264   44.6954
    0.8417    0.3544   -0.4073
    0.5373   -0.4753    0.6967
    0.0533   -0.8053   -0.5905
...    61 G-C ...
  -60.4534 -150.9600   43.0924
    0.9751    0.1526    0.1607
   -0.0162   -0.6741    0.7385
    0.2210   -0.7227   -0.6549
...    62 A-T ...
  -59.4571 -153.4245   40.9099
    0.7502   -0.3072    0.5855
   -0.6148   -0.6499    0.4468
    0.2433   -0.6952   -0.6764
...    63 G-C ...
  -58.5008 -155.7240   38.6709
    0.2719   -0.6148    0.7403
   -0.9260   -0.3765    0.0275
    0.2618   -0.6930   -0.6717
...    64 C-G ...
  -57.1938 -158.0946   36.4662
   -0.3545   -0.7215    0.5948
   -0.8944    0.0762   -0.4407
    0.2727   -0.6882   -0.6723
...    65 T-A ...
  -56.2496 -160.4210   34.2576
   -0.7961   -0.5621    0.2243
   -0.5315    0.4720   -0.7034
    0.2895   -0.6792   -0.6745
...    66 C-G ...
  -55.0702 -162.4111   31.8773
   -0.9533   -0.1370   -0.2692
    0.0757    0.7543   -0.6521
    0.2924   -0.6420   -0.7087
...    67 T-A ...
  -54.3298 -164.7690   29.5530
   -0.7603    0.3469   -0.5491
    0.5980    0.7038   -0.3834
    0.2535   -0.6199   -0.7426
...    68 C-G ...
  -53.5202 -166.6082   26.9806
   -0.2789    0.7454   -0.6055
    0.9311    0.3641    0.0193
    0.2349   -0.5584   -0.7956
...    69 A-T ...
  -52.3750 -168.6179   24.4551
    0.2848    0.8882   -0.3605
    0.9237   -0.1538    0.3509
    0.2562   -0.4329   -0.8643
...    70 T-A ...
  -51.8625 -169.7258   21.4250
    0.7011    0.7109   -0.0562
    0.6482   -0.6026    0.4655
    0.2971   -0.3628   -0.8833
...    71 G-C ...
  -50.5859 -170.8283   18.3675
    0.9102    0.2176    0.3524
    0.0941   -0.9373    0.3357
    0.4033   -0.2724   -0.8736
...    72 T-A ...
  -49.0311 -171.1435   15.3475
    0.8030   -0.3580    0.4765
   -0.4291   -0.9021    0.0452
    0.4137   -0.2408   -0.8780
...    73 T-A ...
  -47.5590 -171.7042   12.5062
    0.4009   -0.8463    0.3508
   -0.8204   -0.5020   -0.2736
    0.4076   -0.1781   -0.8956
...    74 A-T ...
  -46.4970 -172.1891    9.1270
   -0.2831   -0.9532   -0.1065
   -0.8658    0.3018   -0.3991
    0.4125   -0.0208   -0.9107
...    75 T-A ...
  -44.5890 -172.5583    6.4326
   -0.6798   -0.6436   -0.3516
   -0.5890    0.7648   -0.2612
    0.4370    0.0295   -0.8990
...    76 A-T ...
  -42.8970 -171.9150    3.3728
   -0.8422    0.1307   -0.5230
    0.0616    0.9871    0.1476
    0.5356    0.0921   -0.8395
...    77 A-T ...
  -41.1508 -171.7563    0.6583
   -0.6320    0.6978   -0.3370
    0.5301    0.7065    0.4689
    0.5653    0.1177   -0.8164
...    78 C-G ...
  -39.6130 -171.7044   -2.3515
   -0.2389    0.9708    0.0203
    0.7848    0.1807    0.5928
    0.5718    0.1575   -0.8051
...    79 G-C ...
  -37.4142 -170.9165   -4.6633
    0.1446    0.8649    0.4808
    0.7957   -0.3904    0.4630
    0.5881    0.3156   -0.7446
...    80 G-C ...
  -35.3701 -169.3349   -6.7110
    0.4712    0.4604    0.7523
    0.6394   -0.7658    0.0682
    0.6075    0.4490   -0.6552
...    81 A-T ...
  -33.1058 -167.8641   -8.5682
    0.7418   -0.1246    0.6589
    0.2529   -0.8581   -0.4469
    0.6211    0.4981   -0.6051
...    82 G-C ...
  -31.0176 -166.0014  -10.2847
    0.7259   -0.5942    0.3465
   -0.1570   -0.6335   -0.7577
    0.6697    0.4956   -0.5531
...    83 G-C ...
  -28.4202 -164.4413  -11.8741
    0.4652   -0.8733   -0.1445
   -0.5235   -0.1398   -0.8405
    0.7138    0.4667   -0.5222
...    84 G-C ...
  -25.7759 -163.1379  -13.5144
    0.0306   -0.8177   -0.5748
   -0.6576    0.4166   -0.6277
    0.7527    0.3972   -0.5250
...    85 A-T ...
  -22.9709 -161.9008  -15.0494
   -0.3638   -0.3410   -0.8668
   -0.5357    0.8379   -0.1048
    0.7620    0.4262   -0.4875
...    86 T-A ...
  -20.2202 -161.0373  -16.6955
   -0.5969    0.1731   -0.7834
   -0.2576    0.8834    0.3914
    0.7599    0.4354   -0.4827
...    87 C-G ...
  -17.6219 -159.7652  -18.4608
   -0.6229    0.6929   -0.3631
    0.1546    0.5640    0.8112
    0.7669    0.4491   -0.4584
...    88 C-G ...
  -14.8845 -158.5207  -19.8749
   -0.5435    0.8130    0.2090
    0.4547    0.0759    0.8874
    0.7056    0.5773   -0.4110
...    89 G-C ...
  -12.3235 -156.4874  -20.7692
   -0.2842    0.6109    0.7390
    0.7021   -0.3923    0.5943
    0.6529    0.6877   -0.3174
...    90 C-G ...
  -10.4859 -153.8038  -21.9636
    0.1568    0.2438    0.9571
    0.7414   -0.6692    0.0490
    0.6525    0.7019   -0.2857
...    91 T-A ...
   -8.4313 -151.0038  -22.4740
    0.5417   -0.2206    0.8111
    0.5500   -0.6368   -0.5404
    0.6357    0.7388   -0.2236
...    92 T-A ...
   -6.4433 -148.4332  -22.9105
    0.7822   -0.5380    0.3142
    0.1262   -0.3570   -0.9255
    0.6101    0.7636   -0.2114
...    93 T-A ...
   -4.4211 -145.8685  -23.3099
    0.7279   -0.6130   -0.3073
   -0.3636    0.0350   -0.9309
    0.5814    0.7893   -0.1974
...    94 A-T ...
   -3.1651 -142.9712  -24.6038
    0.3948   -0.3172   -0.8623
   -0.7695    0.3986   -0.4990
    0.5020    0.8605   -0.0867
...    95 A-T ...
   -1.3808 -140.2370  -24.7332
   -0.1269    0.0656   -0.9897
   -0.8683    0.4750    0.1428
    0.4795    0.8775   -0.0033
...    96 C-G ...
    0.7083 -137.5122  -24.8948
   -0.5922    0.3594   -0.7212
   -0.6440    0.3267    0.6917
    0.4842    0.8741    0.0380
...    97 A-T ...
    2.3190 -134.5625  -24.6577
   -0.8877    0.4389   -0.1392
   -0.1546    0.0006    0.9880
    0.4337    0.8986    0.0673
...    98 C-G ...
    3.5893 -131.4748  -25.0593
   -0.8452    0.3403    0.4121
    0.3425   -0.2472    0.9064
    0.4103    0.9072    0.0924
...    99 T-A ...
    4.6266 -128.0725  -25.0006
   -0.5195    0.0189    0.8543
    0.7800   -0.3977    0.4832
    0.3489    0.9173    0.1918
...   100 T-A ...
    5.4350 -124.9907  -24.3369
    0.0239   -0.2409    0.9703
    0.9396   -0.3260   -0.1041
    0.3414    0.9142    0.2185
...   101 T-A ...
    6.4714 -122.0381  -23.4599
    0.5408   -0.4328    0.7213
    0.7632   -0.1080   -0.6370
    0.3536    0.8950    0.2720
...   102 A-T ...
    7.9050 -119.0240  -22.6568
    0.9070   -0.4001    0.1313
    0.2376    0.2289   -0.9440
    0.3476    0.8874    0.3026
...   103 T-A ...
    8.9782 -116.4456  -20.9572
    0.9002   -0.2523   -0.3548
   -0.2271    0.4232   -0.8771
    0.3715    0.8702    0.3237
...   104 G-C ...
   10.4558 -113.7117  -19.8070
    0.5380   -0.0104   -0.8429
   -0.7164    0.5213   -0.4637
    0.4442    0.8533    0.2730
...   105 C-G ...
   12.2661 -111.0209  -18.9142
    0.0248    0.2917   -0.9562
   -0.8996    0.4236    0.1059
    0.4359    0.8576    0.2730
...   106 T-A ...
   14.1335 -108.1881  -18.1580
   -0.5179    0.4748   -0.7116
   -0.7349    0.1788    0.6542
    0.4378    0.8618    0.2563
...   107 T-A ...
   15.6543 -105.4326  -17.4820
   -0.8572    0.4684   -0.2141
   -0.3098   -0.1370    0.9409
    0.4114    0.8728    0.2625
...   108 C-G ...
   17.0130 -102.4460  -16.7721
   -0.8931    0.2340    0.3841
    0.2709   -0.4018    0.8747
    0.3590    0.8853    0.2955
...   109 C-G ...
   18.3609  -99.5552  -15.9213
   -0.6547   -0.1549    0.7398
    0.7073   -0.4706    0.5275
    0.2664    0.8687    0.4176
...   110 G-C ...
   19.3731  -97.0576  -14.2866
   -0.2142   -0.5043    0.8365
    0.9567   -0.2810    0.0756
    0.1969    0.8165    0.5427
...   111 G-C ...
   19.8388  -94.5992  -12.0628
    0.3432   -0.6441    0.6836
    0.9221    0.0927   -0.3756
    0.1786    0.7593    0.6257
...   112 C-G ...
   20.2008  -92.5381   -9.4159
    0.8015   -0.5054    0.3197
    0.5679    0.4755   -0.6719
    0.1875    0.7200    0.6681
...   113 T-A ...
   20.8452  -90.2986   -7.0493
    0.9790   -0.1650   -0.1199
    0.0339    0.7113   -0.7021
    0.2012    0.6833    0.7019
...   114 C-G ...
   21.6566  -87.8856   -4.9213
    0.7885    0.3225   -0.5236
   -0.5743    0.6906   -0.4396
    0.2198    0.6474    0.7298
...   115 G-C ...
   21.9984  -85.4811   -2.6470
    0.2567    0.6678   -0.6986
   -0.9385    0.3449   -0.0152
    0.2308    0.6596    0.7153
...   116 T-A ...
   23.4899  -83.1813   -0.5771
   -0.3274    0.7261   -0.6046
   -0.9215   -0.1040    0.3741
    0.2088    0.6797    0.7032
...   117 A-T ...
   24.4500  -80.7937    1.6741
   -0.8361    0.4748   -0.2748
   -0.5229   -0.5381    0.6611
    0.1660    0.6964    0.6982
...   118 T-A ...
   25.2015  -78.1243    3.4380
   -0.9864    0.1182    0.1141
   -0.0058   -0.7195    0.6945
    0.1642    0.6844    0.7104
...   119 A-T ...
   25.8752  -76.0763    6.0861
   -0.7680   -0.3968    0.5028
    0.6270   -0.6259    0.4638
    0.1307    0.6714    0.7295
...   120 A-T ...
   26.0573  -73.8200    8.4181
   -0.2709   -0.7331    0.6239
    0.9585   -0.2652    0.1046
    0.0888    0.6263    0.7745
...   121 T-A ...
   25.7229  -71.7910   11.0310
    0.2822   -0.7687    0.5741
    0.9564    0.1781   -0.2315
    0.0757    0.6144    0.7854
...   122 G-C ...
   25.9994  -69.8331   13.8664
    0.8106   -0.5327    0.2434
    0.5752    0.6460   -0.5017
    0.1100    0.5467    0.8301
...   123 T-A ...
   26.2955  -68.5308   16.9069
    0.9935   -0.0993   -0.0563
    0.0538    0.8422   -0.5364
    0.1007    0.5299    0.8421
...   124 G-C ...
   26.6566  -66.7841   19.7943
    0.8068    0.4400   -0.3944
   -0.5752    0.7374   -0.3541
    0.1350    0.5125    0.8480
...   125 T-A ...
   27.4467  -65.4971   22.6742
    0.3630    0.7592   -0.5402
   -0.9207    0.3813   -0.0828
    0.1431    0.5275    0.8374
...   126 C-G ...
   27.9592  -63.8302   25.3713
   -0.2699    0.8400   -0.4707
   -0.9528   -0.1625    0.2563
    0.1388    0.5177    0.8442
...   127 G-C ...
   27.7675  -62.3578   28.4153
   -0.7757    0.5280   -0.3457
   -0.6301   -0.6159    0.4730
    0.0369    0.5847    0.8104
...   128 A-T ...
   28.0517  -60.5594   31.0225
   -0.9989    0.0470   -0.0061
   -0.0423   -0.8253    0.5631
    0.0215    0.5627    0.8264
...   129 C-G ...
   27.9816  -58.1336   33.2555
   -0.8624   -0.4365    0.2564
    0.5055   -0.7148    0.4833
   -0.0277    0.5464    0.8371
...   130 C-G ...
   27.2904  -56.2361   36.0139
   -0.4428   -0.8138    0.3764
    0.8882   -0.3406    0.3084
   -0.1228    0.4708    0.8736
...   131 A-T ...
   27.5534  -54.9788   39.2003
    0.1921   -0.8976    0.3967
    0.9698    0.2355    0.0632
   -0.1502    0.3726    0.9158
...   132 A-T ...
   26.9766  -53.9683   42.2801
    0.7299   -0.5827    0.3573
    0.6635    0.7297   -0.1653
   -0.1644    0.3578    0.9192
...   133 A-T ...
   26.2165  -53.1269   45.3651
    0.9719   -0.0062    0.2353
    0.0914    0.9312   -0.3530
   -0.2169    0.3646    0.9056
...   134 T-A ...
   25.6308  -52.5796   48.6349
    0.8597    0.5096    0.0340
   -0.4497    0.7867   -0.4230
   -0.2423    0.3484    0.9055
...   135 G-C ...
   25.2859  -52.4980   52.0750
    0.3205    0.9427   -0.0927
   -0.8825    0.2616   -0.3908
   -0.3442    0.2071    0.9158
...   136 T-A ...
   25.5356  -52.9667   55.8002
   -0.2443    0.9563   -0.1608
   -0.8908   -0.2868   -0.3525
   -0.3832    0.0571    0.9219
...   137 G-C ...
   24.9038  -52.7259   58.9821
   -0.7529    0.5562   -0.3519
   -0.5214   -0.8303   -0.1968
   -0.4017    0.0354    0.9151
...   138 A-T ...
   24.0250  -51.6260   61.9211
   -0.9563    0.0400   -0.2896
   -0.0523   -0.9980    0.0347
   -0.2877    0.0483    0.9565
...   139 G-C ...
   22.3575  -51.2299   64.4909
   -0.8529   -0.5117   -0.1032
    0.4973   -0.8566    0.1372
   -0.1586    0.0657    0.9852
...   140 C-G ...
   22.1609  -50.1385   67.4618
   -0.4681   -0.8749    0.1247
    0.8495   -0.4066    0.3363
   -0.2435    0.2633    0.9335
...   141 G-C ...
   21.4367  -51.8163   72.7856
    0.1304   -0.7141   -0.6877
    0.8897   -0.2218    0.3990
   -0.4375   -0.6639    0.6065
...   142 C-G ...
   20.4355  -54.2994   74.5395
    0.5847   -0.7390   -0.3347
    0.7593    0.3532    0.5466
   -0.2857   -0.5737    0.7676
...   143 T-A ...
   18.4378  -55.5189   76.5273
    0.8548   -0.5006    0.1370
    0.3188    0.7147    0.6225
   -0.4096   -0.4884    0.7705
...   144 C-G ...
   16.8486  -57.7126   78.2648
    0.8529   -0.0846    0.5152
   -0.1509    0.9047    0.3983
   -0.4998   -0.4175    0.7589
...   145 A-T ...
   15.7934  -59.5517   80.7963
    0.5515    0.4995    0.6681
   -0.6739    0.7388    0.0040
   -0.4915   -0.4525    0.7441
...   146 C-G ...
   15.7411  -61.4838   83.9296
    0.0342    0.7400    0.6718
   -0.8637    0.3601   -0.3527
   -0.5029   -0.5681    0.6514
...   147 A-T ...
   14.7482  -63.4170   86.8165
   -0.5923    0.6746    0.4405
   -0.6886   -0.1400   -0.7115
   -0.4183   -0.7247    0.5475
