  147 base-pairs
...     1 T-A ...
    0.0000    0.0000    0.0000
    1.0000    0.0000    0.0000
    0.0000    1.0000    0.0000
    0.0000    0.0000    1.0000
...     2 G-C ...
   -0.5555   -1.1003    3.3981
    0.7749    0.6051    0.1828
   -0.5991    0.7953   -0.0929
   -0.2016   -0.0375    0.9787
...     3 T-A ...
   -0.6619   -3.0237    6.5348
    0.3046    0.9250    0.2271
   -0.8994    0.3578   -0.2510
   -0.3134   -0.1278    0.9410
...     4 G-C ...
   -1.1607   -3.8418    9.6940
   -0.3351    0.9421    0.0133
   -0.8752   -0.3061   -0.3746
   -0.3489   -0.1372    0.9271
...     5 A-T ...
   -1.3881   -3.6770   12.8999
   -0.7835    0.6162   -0.0801
   -0.5677   -0.7622   -0.3109
   -0.2527   -0.1981    0.9470
...     6 G-C ...
   -2.6236   -3.5448   15.7072
   -0.9923    0.0611   -0.1075
   -0.0294   -0.9610   -0.2748
   -0.1201   -0.2695    0.9555
...     7 C-G ...
   -2.3138   -3.7570   18.8866
   -0.8620   -0.4995   -0.0864
    0.5008   -0.8655    0.0073
   -0.0785   -0.0370    0.9962
...     8 G-C ...
   -3.9561   -6.8109   23.3205
   -0.2581   -0.3560   -0.8981
    0.6294   -0.7673    0.1233
   -0.7330   -0.5335    0.4221
...     9 C-G ...
   -6.1177   -8.9414   24.2385
    0.1143   -0.7320   -0.6716
    0.8123   -0.3203    0.4874
   -0.5720   -0.6013    0.5580
...    10 T-A ...
   -8.5041   -9.6771   26.0540
    0.4660   -0.8587   -0.2131
    0.6274    0.1508    0.7640
   -0.6239   -0.4897    0.6090
...    11 C-G ...
  -11.0625  -11.3174   27.2336
    0.6660   -0.6911    0.2808
    0.3382    0.6152    0.7121
   -0.6649   -0.3794    0.6435
...    12 A-T ...
  -13.0013  -13.1789   29.0658
    0.7188   -0.1490    0.6790
   -0.1787    0.9043    0.3876
   -0.6718   -0.4000    0.6235
...    13 C-G ...
  -14.1788  -15.9359   31.3399
    0.4052    0.2865    0.8682
   -0.5270    0.8492   -0.0343
   -0.7470   -0.4437    0.4951
...    14 A-T ...
  -15.9532  -18.1566   33.3080
   -0.1503    0.6873    0.7107
   -0.6106    0.5008   -0.6135
   -0.7776   -0.5261    0.3444
...    15 A-T ...
  -18.3916  -19.9208   34.5404
   -0.5005    0.8420    0.2014
   -0.3865   -0.0092   -0.9222
   -0.7747   -0.5394    0.3301
...    16 T-A ...
  -20.7401  -21.6200   36.3400
   -0.6683    0.6671   -0.3292
   -0.0249   -0.4624   -0.8863
   -0.7435   -0.5842    0.3256
...    17 T-A ...
  -23.1762  -23.3454   37.7206
   -0.5789    0.2300   -0.7823
    0.4025   -0.7538   -0.5195
   -0.7092   -0.6156    0.3437
...    18 T-A ...
  -25.5719  -25.2312   38.9077
   -0.2184   -0.2390   -0.9461
    0.6694   -0.7422    0.0329
   -0.7101   -0.6262    0.3221
...    19 A-T ...
  -27.7133  -27.6112   40.0562
    0.2882   -0.6216   -0.7284
    0.6535   -0.4283    0.6241
   -0.6999   -0.6559    0.2827
...    20 T-A ...
  -30.3559  -29.5664   40.4326
    0.6000   -0.7485   -0.2825
    0.3975   -0.0276    0.9172
   -0.6943   -0.6626    0.2809
...    21 T-A ...
  -32.6359  -31.7982   41.0968
    0.7118   -0.6225    0.3254
   -0.0597    0.4080    0.9110
   -0.6999   -0.6678    0.2533
...    22 C-G ...
  -34.8305  -34.0864   42.0103
    0.5414   -0.2326    0.8079
   -0.5012    0.6822    0.5323
   -0.6750   -0.6932    0.2528
...    23 G-C ...
  -37.1903  -36.0255   43.5009
    0.2398    0.2761    0.9308
   -0.7686    0.6397    0.0082
   -0.5931   -0.7173    0.3655
...    24 C-G ...
  -38.8107  -38.5845   44.8103
   -0.1801    0.6093    0.7722
   -0.7790    0.3910   -0.4902
   -0.6006   -0.6898    0.4042
...    25 A-T ...
  -41.2426  -40.8443   45.5497
   -0.6225    0.7291    0.2846
   -0.4813   -0.0699   -0.8738
   -0.6172   -0.6809    0.3944
...    26 A-T ...
  -43.2246  -43.0457   46.9937
   -0.7965    0.5308   -0.2895
   -0.0037   -0.4831   -0.8756
   -0.6046   -0.6963    0.3867
...    27 A-T ...
  -45.1746  -45.1982   48.5157
   -0.6482    0.1200   -0.7520
    0.4965   -0.6821   -0.5368
   -0.5773   -0.7214    0.3826
...    28 G-C ...
  -47.4600  -47.3255   49.8585
   -0.2225   -0.2315   -0.9471
    0.7656   -0.6429   -0.0227
   -0.6036   -0.7302    0.3203
...    29 G-C ...
  -49.8014  -49.7435   50.7323
    0.3304   -0.4960   -0.8030
    0.7389   -0.3934    0.5470
   -0.5872   -0.7741    0.2365
...    30 C-G ...
  -51.8497  -52.3132   51.0462
    0.7302   -0.5828   -0.3565
    0.3938   -0.0674    0.9167
   -0.5583   -0.8098    0.1803
...    31 C-G ...
  -53.6461  -55.1129   51.4247
    0.8607   -0.4554    0.2275
   -0.1300    0.2354    0.9632
   -0.4922   -0.8586    0.1434
...    32 G-C ...
  -54.9846  -57.8218   52.3679
    0.6862   -0.1796    0.7049
   -0.6095    0.3870    0.6919
   -0.3971   -0.9044    0.1561
...    33 G-C ...
  -55.9137  -61.0015   53.1798
    0.2211    0.1065    0.9694
   -0.9095    0.3812    0.1656
   -0.3519   -0.9183    0.1812
...    34 C-G ...
  -56.7849  -64.1100   53.9255
   -0.3482    0.3284    0.8780
   -0.8710    0.2330   -0.4325
   -0.3466   -0.9154    0.2049
...    35 C-G ...
  -57.9517  -67.1567   54.9873
   -0.7933    0.4169    0.4436
   -0.4931   -0.0128   -0.8699
   -0.3570   -0.9089    0.2157
...    36 C-G ...
  -59.1031  -70.2407   56.0419
   -0.9134    0.3681   -0.1740
    0.0761   -0.2655   -0.9611
   -0.4000   -0.8911    0.2145
...    37 G-C ...
  -59.7517  -73.7357   55.9063
   -0.6546    0.2062   -0.7273
    0.6234   -0.3970   -0.6736
   -0.4276   -0.8944    0.1313
...    38 A-T ...
  -61.0404  -76.5938   56.4771
   -0.1403   -0.0567   -0.9885
    0.9018   -0.4194   -0.1040
   -0.4087   -0.9060    0.1100
...    39 C-G ...
  -62.7074  -79.3104   56.5481
    0.3952   -0.2114   -0.8940
    0.8271   -0.3416    0.4464
   -0.3998   -0.9158    0.0398
...    40 A-T ...
  -63.8908  -82.5170   56.5000
    0.8515   -0.2859   -0.4396
    0.4026   -0.1806    0.8974
   -0.3360   -0.9411   -0.0387
...    41 C-G ...
  -64.7707  -85.6465   55.8073
    0.9489   -0.2912    0.1217
   -0.1358   -0.0288    0.9903
   -0.2849   -0.9562   -0.0669
...    42 G-C ...
  -65.6593  -88.8878   56.0767
    0.6621   -0.2111    0.7191
   -0.7205    0.0847    0.6883
   -0.2062   -0.9738   -0.0960
...    43 A-T ...
  -66.2498  -92.0428   55.7524
    0.0749   -0.1333    0.9882
   -0.9765    0.1912    0.0998
   -0.2023   -0.9724   -0.1159
...    44 C-G ...
  -66.3391  -95.3768   55.5063
   -0.4827    0.0081    0.8757
   -0.8534    0.2201   -0.4725
   -0.1966   -0.9754   -0.0993
...    45 T-A ...
  -66.5747  -99.0100   55.6476
   -0.8973    0.1474    0.4160
   -0.3885    0.1836   -0.9030
   -0.2095   -0.9719   -0.1075
...    46 T-A ...
  -67.1587 -102.1759   55.4377
   -0.9592    0.2018   -0.1981
    0.2240    0.1145   -0.9678
   -0.1726   -0.9727   -0.1550
...    47 A-T ...
  -67.4112 -105.4799   54.5463
   -0.5549    0.2294   -0.7997
    0.8167   -0.0329   -0.5761
   -0.1585   -0.9728   -0.1691
...    48 C-G ...
  -68.5184 -108.5882   54.2817
   -0.0063    0.2283   -0.9736
    0.9863   -0.1591   -0.0437
   -0.1649   -0.9605   -0.2241
...    49 T-A ...
  -69.3678 -111.7249   53.2923
    0.5610    0.1916   -0.8053
    0.8166   -0.2875    0.5005
   -0.1356   -0.9384   -0.3178
...    50 G-C ...
  -69.5277 -114.9036   52.0138
    0.9464    0.1287   -0.2963
    0.3229   -0.4054    0.8552
   -0.0100   -0.9050   -0.4252
...    51 T-A ...
  -69.4043 -117.5545   50.1901
    0.9679   -0.0850    0.2366
   -0.2495   -0.4405    0.8624
    0.0310   -0.8937   -0.4476
...    52 A-T ...
  -69.7853 -120.9585   49.3116
    0.5271   -0.4171    0.7404
   -0.8493   -0.2884    0.4421
    0.0292   -0.8619   -0.5063
...    53 G-C ...
  -69.4692 -123.8118   47.7105
   -0.0400   -0.4791    0.8768
   -0.9970   -0.0393   -0.0669
    0.0665   -0.8769   -0.4761
...    54 G-C ...
  -68.5847 -127.0756   46.4120
   -0.6331   -0.3795    0.6747
   -0.7713    0.2359   -0.5911
    0.0652   -0.8946   -0.4421
...    55 T-A ...
  -68.1187 -130.1725   45.2975
   -0.9526   -0.2076    0.2225
   -0.2925    0.4227   -0.8578
    0.0840   -0.8822   -0.4633
...    56 A-T ...
  -67.7380 -133.2637   43.8953
   -0.9202    0.1282   -0.3699
    0.3839    0.4807   -0.7884
    0.0768   -0.8675   -0.4916
...    57 T-A ...
  -67.8679 -136.3387   42.7757
   -0.5558    0.3710   -0.7439
    0.8261    0.3464   -0.4445
    0.0928   -0.8616   -0.4990
...    58 C-G ...
  -67.7897 -139.2724   40.9700
    0.1154    0.5473   -0.8289
    0.9891    0.0139    0.1468
    0.0919   -0.8368   -0.5397
...    59 T-A ...
  -67.5840 -141.8642   38.8819
    0.6390    0.5351   -0.5526
    0.7588   -0.3209    0.5668
    0.1260   -0.7815   -0.6110
...    60 C-G ...
  -66.8136 -144.3945   36.8912
    0.9627    0.2623   -0.0665
    0.2253   -0.6411    0.7337
    0.1498   -0.7213   -0.6762
...    61 G-C ...
  -65.9043 -147.1885   35.1060
    0.8796   -0.0437    0.4737
   -0.3395   -0.7552    0.5607
    0.3333   -0.6540   -0.6791
...    62 A-T ...
  -64.5095 -149.4663   32.9029
    0.4685   -0.5237    0.7115
   -0.8051   -0.5847    0.0997
    0.3638   -0.6195   -0.6956
...    63 G-C ...
  -63.1922 -151.5374   30.6175
   -0.0729   -0.7638    0.6413
   -0.9232   -0.1917   -0.3332
    0.3774   -0.6163   -0.6912
...    64 C-G ...
  -61.5480 -153.7275   28.4375
   -0.6259   -0.7251    0.2872
   -0.6762    0.3211   -0.6630
    0.3885   -0.6092   -0.6913
...    65 T-A ...
  -60.2264 -155.7800   26.1455
   -0.8929   -0.4206   -0.1608
   -0.1931    0.6803   -0.7071
    0.4068   -0.6003   -0.6886
...    66 C-G ...
  -58.5604 -157.7200   23.8166
   -0.8036    0.1157   -0.5839
    0.4083    0.8209   -0.3992
    0.4331   -0.5592   -0.7069
...    67 G-C ...
  -56.4523 -158.7407   21.1913
   -0.4211    0.6134   -0.6681
    0.8037    0.5938    0.0386
    0.4204   -0.5207   -0.7431
...    68 G-C ...
  -54.9844 -160.6002   18.7629
    0.1042    0.8946   -0.4346
    0.8727    0.1273    0.4713
    0.4770   -0.4284   -0.7675
...    69 G-C ...
  -53.5264 -161.8778   16.0010
    0.5188    0.8549    0.0067
    0.6767   -0.4154    0.6079
    0.5225   -0.3108   -0.7940
...    70 A-T ...
  -51.8508 -162.7135   13.2264
    0.7999    0.4333    0.4152
    0.2267   -0.8588    0.4595
    0.5557   -0.2734   -0.7852
...    71 T-A ...
  -49.9687 -162.9755   10.5307
    0.7773   -0.0917    0.6224
   -0.2291   -0.9626    0.1443
    0.5859   -0.2548   -0.7693
...    72 C-G ...
  -47.7353 -163.6038    8.0452
    0.4623   -0.6781    0.5713
   -0.6503   -0.6973   -0.3015
    0.6028   -0.2322   -0.7633
...    73 C-G ...
  -45.4412 -164.6150    5.8144
   -0.0171   -0.9421    0.3348
   -0.7657   -0.2030   -0.6104
    0.6430   -0.2668   -0.7179
...    74 G-C ...
  -43.4456 -165.3319    3.2732
   -0.4991   -0.8442   -0.1954
   -0.5665    0.4885   -0.6637
    0.6557   -0.2206   -0.7220
...    75 T-A ...
  -40.9583 -166.4080    1.2932
   -0.7331   -0.4432   -0.5160
   -0.2234    0.8734   -0.4328
    0.6424   -0.2020   -0.7392
...    76 C-G ...
  -38.8736 -167.1412   -1.1351
   -0.7239    0.1792   -0.6662
    0.2588    0.9657   -0.0214
    0.6395   -0.1879   -0.7455
...    77 A-T ...
  -36.0645 -167.1729   -3.2048
   -0.4791    0.7552   -0.4473
    0.6242    0.6514    0.4312
    0.6171   -0.0726   -0.7836
...    78 T-A ...
  -34.4131 -167.5454   -6.0156
   -0.1181    0.9878   -0.1018
    0.7862    0.1556    0.5980
    0.6066   -0.0094   -0.7950
...    79 G-C ...
  -32.2036 -167.3714   -8.7785
    0.3040    0.8622    0.4052
    0.7086   -0.4889    0.5089
    0.6368    0.1324   -0.7595
...    80 T-A ...
  -30.4154 -166.3851  -11.4665
    0.6275    0.4425    0.6406
    0.4376   -0.8810    0.1798
    0.6440    0.1675   -0.7465
...    81 T-A ...
  -28.3478 -165.6185  -13.7782
    0.7467   -0.1575    0.6463
    0.0135   -0.9678   -0.2514
    0.6651    0.1965   -0.7205
...    82 A-T ...
  -26.0722 -165.2095  -16.3895
    0.5803   -0.7726    0.2576
   -0.4935   -0.5852   -0.6434
    0.6478    0.2462   -0.7209
...    83 T-A ...
  -23.5238 -164.1258  -18.2108
    0.2536   -0.9544   -0.1573
   -0.7199   -0.0776   -0.6897
    0.6460    0.2882   -0.7068
...    84 A-T ...
  -21.5372 -162.6970  -20.8155
   -0.2657   -0.6385   -0.7224
   -0.7047    0.6399   -0.3064
    0.6579    0.4276   -0.6199
...    85 A-T ...
  -19.2296 -161.3689  -22.7168
   -0.5943   -0.0670   -0.8014
   -0.4235    0.8732    0.2411
    0.6837    0.4827   -0.5473
...    86 C-G ...
  -16.6135 -160.2605  -24.6838
   -0.7145    0.4627   -0.5247
   -0.0271    0.7312    0.6817
    0.6991    0.5013   -0.5099
...    87 G-C ...
  -14.3118 -158.3557  -26.0500
   -0.6561    0.7536    0.0404
    0.3834    0.2868    0.8779
    0.6500    0.5915   -0.4771
...    88 G-C ...
  -12.3345 -156.2762  -27.6718
   -0.4155    0.7114    0.5668
    0.6926   -0.1565    0.7042
    0.5896    0.6852   -0.4276
...    89 A-T ...
  -10.5347 -153.8462  -28.8841
    0.0272    0.4107    0.9113
    0.8224   -0.5275    0.2132
    0.5683    0.7437   -0.3521
...    90 C-G ...
   -9.2575 -151.0579  -30.0445
    0.4173   -0.0051    0.9088
    0.7003   -0.6355   -0.3251
    0.5792    0.7721   -0.2616
...    91 T-A ...
   -7.4395 -147.9980  -30.4561
    0.7023   -0.4482    0.5531
    0.3424   -0.4686   -0.8144
    0.6242    0.7613   -0.1756
...    92 T-A ...
   -5.4253 -145.4169  -30.6788
    0.7938   -0.6055   -0.0568
   -0.1367   -0.0866   -0.9868
    0.5926    0.7911   -0.1515
...    93 T-A ...
   -3.4057 -142.8181  -30.8280
    0.5914   -0.4901   -0.6404
   -0.5851    0.2856   -0.7590
    0.5548    0.8236   -0.1178
...    94 A-T ...
   -2.4339 -139.6293  -31.4926
    0.1581   -0.0473   -0.9863
   -0.8548    0.4934   -0.1607
    0.4942    0.8685    0.0376
...    95 A-T ...
   -0.6653 -136.9017  -31.2615
   -0.3609    0.3225   -0.8751
   -0.7971    0.3805    0.4690
    0.4842    0.8667    0.1197
...    96 C-G ...
    1.3726 -134.1549  -31.1765
   -0.7426    0.4987   -0.4470
   -0.4602    0.1049    0.8816
    0.4866    0.8604    0.1516
...    97 A-T ...
    2.9981 -131.2737  -30.5820
   -0.9011    0.3995    0.1684
    0.0725   -0.2440    0.9671
    0.4275    0.8837    0.1909
...    98 C-G ...
    4.0675 -128.0995  -30.4541
   -0.7406    0.1731    0.6492
    0.5388   -0.4243    0.7278
    0.4015    0.8888    0.2210
...    99 T-A ...
    4.9864 -124.7286  -29.7802
   -0.3248   -0.2130    0.9215
    0.8762   -0.4345    0.2084
    0.3560    0.8752    0.3277
...   100 T-A ...
    5.8150 -121.8137  -28.5905
    0.2384   -0.4434    0.8640
    0.9060   -0.2189   -0.3623
    0.3498    0.8692    0.3496
...   101 T-A ...
    6.8689 -119.0338  -27.2759
    0.7009   -0.5216    0.4865
    0.6132    0.0922   -0.7846
    0.3643    0.8482    0.3844
...   102 A-T ...
    8.2709 -116.1190  -26.1181
    0.9353   -0.3261   -0.1371
    0.0179    0.4307   -0.9023
    0.3533    0.8415    0.4087
...   103 T-A ...
    9.5237 -113.8157  -24.1509
    0.8201   -0.0861   -0.5657
   -0.4315    0.5562   -0.7102
    0.3758    0.8266    0.4190
...   104 G-C ...
   11.0322 -111.2112  -22.7641
    0.3503    0.2040   -0.9142
   -0.8290    0.5219   -0.2012
    0.4361    0.8283    0.3519
...   105 C-G ...
   12.8039 -108.5722  -21.7229
   -0.1904    0.4567   -0.8690
   -0.8867    0.3000    0.3519
    0.4214    0.8376    0.3478
...   106 T-A ...
   14.5851 -105.7524  -20.7785
   -0.6827    0.5269   -0.5062
   -0.6040   -0.0170    0.7968
    0.4113    0.8497    0.3298
...   107 T-A ...
   15.9776 -102.9963  -19.8882
   -0.9196    0.3921    0.0231
   -0.1125   -0.3193    0.9410
    0.3763    0.8627    0.3377
...   108 C-G ...
   17.1335 -100.0199  -18.9095
   -0.8302    0.0634    0.5539
    0.4570   -0.4915    0.7413
    0.3193    0.8686    0.3790
...   109 C-G ...
   18.2500  -97.1316  -17.7880
   -0.5012   -0.3350    0.7978
    0.8293   -0.4492    0.3323
    0.2471    0.8282    0.5030
...   110 G-C ...
   19.2239  -94.8039  -15.9261
   -0.0237   -0.6317    0.7749
    0.9800   -0.1679   -0.1069
    0.1976    0.7568    0.6230
...   111 G-C ...
   19.7570  -92.6356  -13.4176
    0.5111   -0.6755    0.5315
    0.8379    0.2538   -0.4831
    0.1914    0.6923    0.6957
...   112 C-G ...
   20.2747  -90.8698  -10.5887
    0.8887   -0.4374    0.1375
    0.4082    0.6183   -0.6716
    0.2087    0.6530    0.7280
...   113 T-A ...
   20.9991  -88.8672   -8.0431
    0.9638   -0.0308   -0.2650
   -0.1412    0.7839   -0.6046
    0.2264    0.6201    0.7512
...   114 C-G ...
   21.8198  -86.6540   -5.7062
    0.6722    0.4643   -0.5767
   -0.6979    0.6573   -0.2843
    0.2471    0.5936    0.7659
...   115 G-C ...
   22.1951  -84.4652   -3.2288
    0.0951    0.7509   -0.6536
   -0.9638    0.2336    0.1281
    0.2489    0.6178    0.7459
...   116 T-A ...
   23.6568  -82.2074   -1.1342
   -0.4689    0.7311   -0.4956
   -0.8549   -0.2346    0.4627
    0.2221    0.6407    0.7350
...   117 A-T ...
   24.6447  -79.8600    1.1542
   -0.9032    0.3992   -0.1575
   -0.3954   -0.6314    0.6671
    0.1669    0.6648    0.7281
...   118 T-A ...
   25.2924  -77.2412    3.0133
   -0.9777    0.0090    0.2097
    0.1307   -0.7556    0.6419
    0.1643    0.6550    0.7376
...   119 A-T ...
   25.9486  -75.2760    5.6976
   -0.6931   -0.4957    0.5234
    0.7111   -0.5892    0.3836
    0.1182    0.6381    0.7609
...   120 A-T ...
   26.0589  -73.1476    8.1472
   -0.1658   -0.7849    0.5971
    0.9826   -0.1828    0.0325
    0.0837    0.5921    0.8015
...   121 T-A ...
   25.6967  -71.2843   10.8812
    0.3797   -0.7672    0.5169
    0.9223    0.2708   -0.2756
    0.0715    0.5814    0.8105
...   122 G-C ...
   25.9365  -69.4594   13.7970
    0.8609   -0.4763    0.1788
    0.4962    0.7087   -0.5015
    0.1122    0.5205    0.8465
...   123 T-A ...
   26.2699  -68.2480   16.8659
    0.9940   -0.0260   -0.1066
   -0.0317    0.8625   -0.5051
    0.1051    0.5054    0.8564
...   124 G-C ...
   26.6558  -66.5978   19.7949
    0.7608    0.4980   -0.4162
   -0.6328    0.7117   -0.3050
    0.1443    0.4954    0.8566
...   125 T-A ...
   27.4997  -65.3522   22.6728
    0.2985    0.7904   -0.5350
   -0.9423    0.3330   -0.0338
    0.1515    0.5142    0.8442
...   126 C-G ...
   28.0419  -63.7223   25.3781
   -0.3288    0.8353   -0.4406
   -0.9327   -0.2138    0.2906
    0.1485    0.5065    0.8494
...   127 G-C ...
   27.9167  -62.2745   28.4185
   -0.8034    0.5002   -0.3231
   -0.5944   -0.6413    0.4852
    0.0355    0.5819    0.8125
...   128 A-T ...
   28.1889  -60.4742   31.0189
   -0.9998    0.0133    0.0152
   -0.0025   -0.8278    0.5610
    0.0200    0.5609    0.8277
...   129 C-G ...
   28.0784  -58.0534   33.2543
   -0.8443   -0.4627    0.2704
    0.5350   -0.6996    0.4736
   -0.0299    0.5445    0.8382
...   130 C-G ...
   27.3438  -56.1769   36.0179
   -0.4185   -0.8247    0.3804
    0.8996   -0.3190    0.2982
   -0.1246    0.4670    0.8754
...   131 A-T ...
   27.5692  -54.9288   39.1923
    0.2076   -0.8964    0.3917
    0.9667    0.2493    0.0583
   -0.1499    0.3666    0.9182
...   132 A-T ...
   26.9800  -53.9420   42.2771
    0.7361   -0.5772    0.3536
    0.6566    0.7359   -0.1654
   -0.1647    0.3538    0.9207
...   133 A-T ...
   26.2180  -53.1176   45.3654
    0.9723   -0.0009    0.2338
    0.0855    0.9320   -0.3521
   -0.2176    0.3624    0.9063
...   134 T-A ...
   25.6308  -52.5796   48.6349
    0.8597    0.5096    0.0340
   -0.4497    0.7867   -0.4230
   -0.2423    0.3484    0.9055
...   135 G-C ...
   25.2859  -52.4980   52.0750
    0.3205    0.9427   -0.0927
   -0.8825    0.2616   -0.3908
   -0.3442    0.2071    0.9158
...   136 T-A ...
   25.5356  -52.9668   55.8002
   -0.2443    0.9563   -0.1608
   -0.8908   -0.2868   -0.3525
   -0.3832    0.0571    0.9219
...   137 G-C ...
   24.9038  -52.7259   58.9821
   -0.7529    0.5562   -0.3519
   -0.5214   -0.8303   -0.1968
   -0.4017    0.0354    0.9151
...   138 A-T ...
   24.0250  -51.6261   61.9211
   -0.9563    0.0400   -0.2896
   -0.0523   -0.9980    0.0347
   -0.2877    0.0483    0.9565
...   139 G-C ...
   22.3575  -51.2299   64.4909
   -0.8529   -0.5117   -0.1032
    0.4973   -0.8566    0.1372
   -0.1586    0.0657    0.9852
...   140 C-G ...
   22.1609  -50.1386   67.4618
   -0.4681   -0.8749    0.1247
    0.8495   -0.4066    0.3363
   -0.2435    0.2633    0.9335
...   141 G-C ...
   21.4367  -51.8164   72.7856
    0.1304   -0.7141   -0.6877
    0.8897   -0.2218    0.3990
   -0.4375   -0.6639    0.6065
...   142 C-G ...
   20.4355  -54.2994   74.5395
    0.5847   -0.7390   -0.3347
    0.7593    0.3532    0.5466
   -0.2857   -0.5737    0.7676
...   143 T-A ...
   18.4378  -55.5190   76.5273
    0.8548   -0.5006    0.1370
    0.3188    0.7147    0.6225
   -0.4096   -0.4884    0.7705
...   144 C-G ...
   16.8486  -57.7126   78.2648
    0.8529   -0.0846    0.5152
   -0.1509    0.9047    0.3983
   -0.4998   -0.4175    0.7589
...   145 A-T ...
   15.7934  -59.5518   80.7963
    0.5515    0.4995    0.6681
   -0.6739    0.7388    0.0040
   -0.4915   -0.4525    0.7441
...   146 C-G ...
   15.7411  -61.4838   83.9296
    0.0342    0.7400    0.6718
   -0.8637    0.3601   -0.3527
   -0.5029   -0.5681    0.6514
...   147 A-T ...
   14.7482  -63.4170   86.8165
   -0.5923    0.6746    0.4405
   -0.6886   -0.1400   -0.7115
   -0.4183   -0.7247    0.5475
