  147 base-pairs
...     1 T-A ...
    0.0000    0.0000    0.0000
    1.0000    0.0000    0.0000
    0.0000    1.0000    0.0000
    0.0000    0.0000    1.0000
...     2 G-C ...
   -0.5555   -1.1003    3.3981
    0.7749    0.6051    0.1828
   -0.5991    0.7953   -0.0929
   -0.2016   -0.0375    0.9787
...     3 T-A ...
   -0.6619   -3.0237    6.5348
    0.3046    0.9250    0.2271
   -0.8994    0.3578   -0.2510
   -0.3134   -0.1278    0.9410
...     4 G-C ...
   -1.1607   -3.8418    9.6940
   -0.3351    0.9421    0.0133
   -0.8752   -0.3061   -0.3746
   -0.3489   -0.1372    0.9271
...     5 A-T ...
   -1.3881   -3.6770   12.8999
   -0.7835    0.6162   -0.0801
   -0.5677   -0.7622   -0.3109
   -0.2527   -0.1981    0.9470
...     6 G-C ...
   -2.6236   -3.5448   15.7072
   -0.9923    0.0611   -0.1075
   -0.0294   -0.9610   -0.2748
   -0.1201   -0.2695    0.9555
...     7 C-G ...
   -2.3138   -3.7570   18.8866
   -0.8620   -0.4995   -0.0864
    0.5008   -0.8655    0.0073
   -0.0785   -0.0370    0.9962
...     8 G-C ...
   -3.9561   -6.8109   23.3205
   -0.2581   -0.3560   -0.8981
    0.6294   -0.7673    0.1233
   -0.7330   -0.5335    0.4221
...     9 C-G ...
   -6.1177   -8.9414   24.2385
    0.1143   -0.7320   -0.6716
    0.8123   -0.3203    0.4874
   -0.5720   -0.6013    0.5580
...    10 T-A ...
   -8.5041   -9.6771   26.0540
    0.4660   -0.8587   -0.2131
    0.6274    0.1508    0.7640
   -0.6239   -0.4897    0.6090
...    11 C-G ...
  -11.0625  -11.3174   27.2336
    0.6660   -0.6911    0.2808
    0.3382    0.6152    0.7121
   -0.6649   -0.3794    0.6435
...    12 A-T ...
  -13.0013  -13.1789   29.0658
    0.7188   -0.1490    0.6790
   -0.1787    0.9043    0.3876
   -0.6718   -0.4000    0.6235
...    13 C-G ...
  -14.1788  -15.9359   31.3399
    0.4052    0.2865    0.8682
   -0.5270    0.8492   -0.0343
   -0.7470   -0.4437    0.4951
...    14 A-T ...
  -15.9532  -18.1566   33.3080
   -0.1503    0.6873    0.7107
   -0.6106    0.5008   -0.6135
   -0.7776   -0.5261    0.3444
...    15 A-T ...
  -18.3890  -19.9027   34.5781
   -0.4953    0.8437    0.2070
   -0.4001   -0.0100   -0.9164
   -0.7711   -0.5367    0.3425
...    16 T-A ...
  -20.7131  -21.5846   36.4270
   -0.6733    0.6688   -0.3152
   -0.0455   -0.4630   -0.8852
   -0.7380   -0.5816    0.3422
...    17 T-A ...
  -23.1148  -23.2898   37.8825
   -0.6024    0.2288   -0.7647
    0.3853   -0.7556   -0.5297
   -0.6990   -0.6138    0.3670
...    18 T-A ...
  -25.4830  -25.1265   39.1985
   -0.2641   -0.2508   -0.9313
    0.6723   -0.7402    0.0087
   -0.6915   -0.6239    0.3641
...    19 A-T ...
  -27.5562  -27.4770   40.4955
    0.2416   -0.6269   -0.7407
    0.6946   -0.4212    0.5831
   -0.6776   -0.6554    0.3337
...    20 T-A ...
  -30.1655  -29.4271   41.0743
    0.5789   -0.7491   -0.3222
    0.4658   -0.0206    0.8847
   -0.6693   -0.6622    0.3370
...    21 T-A ...
  -32.3938  -31.6523   41.9235
    0.7470   -0.6149    0.2526
    0.0271    0.4079    0.9126
   -0.6642   -0.6749    0.3214
...    22 C-G ...
  -34.4622  -33.9556   43.0419
    0.6361   -0.2264    0.7376
   -0.4433    0.6752    0.5895
   -0.6316   -0.7020    0.3291
...    23 G-C ...
  -36.5877  -35.9414   44.8203
    0.3559    0.2859    0.8897
   -0.7720    0.6264    0.1075
   -0.5266   -0.7251    0.4437
...    24 C-G ...
  -37.9641  -38.5068   46.3568
   -0.0830    0.6109    0.7874
   -0.8463    0.3739   -0.3793
   -0.5262   -0.6978    0.4860
...    25 A-T ...
  -40.2058  -40.7357   47.5684
   -0.5766    0.7259    0.3749
   -0.6155   -0.0843   -0.7836
   -0.5372   -0.6826    0.4954
...    26 A-T ...
  -41.9069  -42.9099   49.3705
   -0.8410    0.5191   -0.1524
   -0.1485   -0.4923   -0.8576
   -0.5202   -0.6987    0.4912
...    27 A-T ...
  -43.5305  -45.0503   51.2484
   -0.7771    0.0999   -0.6214
    0.4016   -0.6815   -0.6118
   -0.4846   -0.7250    0.4895
...    28 G-C ...
  -45.4830  -47.1906   53.0203
   -0.3968   -0.2529   -0.8824
    0.7599   -0.6298   -0.1613
   -0.5149   -0.7345    0.4421
...    29 G-C ...
  -47.5289  -49.6162   54.4239
    0.1696   -0.5075   -0.8448
    0.8451   -0.3661    0.3896
   -0.5070   -0.7800    0.3668
...    30 C-G ...
  -49.4413  -52.1557   55.2818
    0.6507   -0.5737   -0.4975
    0.5888   -0.0325    0.8076
   -0.4795   -0.8184    0.3167
...    31 C-G ...
  -51.0869  -54.9378   56.1299
    0.9060   -0.4224    0.0255
    0.0966    0.2651    0.9594
   -0.4120   -0.8668    0.2810
...    32 G-C ...
  -52.0863  -57.6325   57.4053
    0.8532   -0.1263    0.5061
   -0.4244    0.3959    0.8143
   -0.3032   -0.9096    0.2842
...    33 G-C ...
  -52.5960  -60.7913   58.5342
    0.4744    0.1636    0.8650
   -0.8466    0.3540    0.3974
   -0.2412   -0.9208    0.3064
...    34 C-G ...
  -53.0046  -63.8687   59.6683
   -0.0946    0.3628    0.9271
   -0.9710    0.1717   -0.1662
   -0.2195   -0.9159    0.3360
...    35 C-G ...
  -53.6134  -66.8680   61.2216
   -0.6422    0.4110    0.6470
   -0.7356   -0.0930   -0.6711
   -0.2157   -0.9069    0.3620
...    36 C-G ...
  -54.2407  -69.8734   62.7609
   -0.9429    0.3127    0.1149
   -0.2228   -0.3356   -0.9153
   -0.2476   -0.8886    0.3861
...    37 G-C ...
  -54.7222  -73.3627   63.0678
   -0.8741    0.1151   -0.4719
    0.3853   -0.4273   -0.8179
   -0.2958   -0.8968    0.3292
...    38 A-T ...
  -55.5359  -76.2044   64.2414
   -0.4675   -0.1496   -0.8712
    0.8386   -0.3867   -0.3836
   -0.2795   -0.9100    0.3063
...    39 C-G ...
  -56.8858  -78.9747   65.0991
    0.0688   -0.2754   -0.9589
    0.9551   -0.2595    0.1430
   -0.2882   -0.9257    0.2452
...    40 A-T ...
  -57.7944  -82.1790   65.7495
    0.6503   -0.2818   -0.7055
    0.7189   -0.0720    0.6914
   -0.2456   -0.9568    0.1557
...    41 C-G ...
  -58.6038  -85.3825   65.6666
    0.9465   -0.2198   -0.2363
    0.2553    0.0623    0.9649
   -0.1973   -0.9736    0.1150
...    42 G-C ...
  -59.0246  -88.6178   66.5017
    0.9138   -0.0797    0.3983
   -0.3888    0.1124    0.9145
   -0.1176   -0.9905    0.0717
...    43 A-T ...
  -59.3361  -91.8101   66.6938
    0.4891   -0.0065    0.8722
   -0.8643    0.1306    0.4856
   -0.1171   -0.9914    0.0583
...    44 C-G ...
  -59.1003  -95.1350   66.7738
   -0.0660    0.0868    0.9940
   -0.9929    0.0926   -0.0740
   -0.0985   -0.9919    0.0801
...    45 T-A ...
  -58.7874  -98.7185   67.3667
   -0.6386    0.1288    0.7586
   -0.7625    0.0265   -0.6464
   -0.1034   -0.9913    0.0812
...    46 T-A ...
  -58.8882 -101.9333   67.7772
   -0.9622    0.0850    0.2588
   -0.2603   -0.0064   -0.9655
   -0.0804   -0.9964    0.0283
...    47 A-T ...
  -59.0295 -105.3334   67.4413
   -0.8902    0.0486   -0.4529
    0.4514   -0.0394   -0.8914
   -0.0612   -0.9980    0.0131
...    48 C-G ...
  -59.6104 -108.5505   68.0280
   -0.4981    0.0640   -0.8648
    0.8632   -0.0579   -0.5015
   -0.0822   -0.9963   -0.0264
...    49 T-A ...
  -60.2738 -111.8742   67.8897
    0.0701    0.1151   -0.9909
    0.9929   -0.1034    0.0582
   -0.0957   -0.9880   -0.1215
...    50 G-C ...
  -60.4574 -115.2139   67.1663
    0.6413    0.1942   -0.7423
    0.7667   -0.1993    0.6103
   -0.0294   -0.9605   -0.2767
...    51 T-A ...
  -60.7411 -118.1069   65.8018
    0.9493    0.1127   -0.2936
    0.3142   -0.2998    0.9008
    0.0134   -0.9473   -0.3200
...    52 A-T ...
  -60.4914 -121.4376   65.1143
    0.9294   -0.0729    0.3618
   -0.3630   -0.3571    0.8607
    0.0665   -0.9312   -0.3583
...    53 G-C ...
  -60.0581 -124.4086   63.8301
    0.5770   -0.2033    0.7910
   -0.8049   -0.3060    0.5085
    0.1386   -0.9301   -0.3402
...    54 G-C ...
  -58.7636 -127.5765   62.6251
   -0.0137   -0.3074    0.9515
   -0.9844   -0.1629   -0.0669
    0.1756   -0.9375   -0.3003
...    55 T-A ...
  -57.7371 -130.6478   61.8669
   -0.5441   -0.3726    0.7517
   -0.8174    0.0333   -0.5751
    0.1893   -0.9274   -0.3227
...    56 A-T ...
  -56.8943 -133.8074   60.9279
   -0.9378   -0.2709    0.2169
   -0.2919    0.2776   -0.9153
    0.1878   -0.9217   -0.3394
...    57 T-A ...
  -56.1922 -136.9992   60.4930
   -0.9403   -0.0975   -0.3261
    0.2624    0.4029   -0.8768
    0.2168   -0.9101   -0.3533
...    58 C-G ...
  -55.6671 -140.1948   59.3954
   -0.5548    0.2096   -0.8052
    0.8045    0.3819   -0.4549
    0.2121   -0.9001   -0.3805
...    59 T-A ...
  -55.2586 -143.1991   57.9782
   -0.0383    0.4614   -0.8864
    0.9801    0.1902    0.0566
    0.1947   -0.8666   -0.4595
...    60 C-G ...
  -54.4986 -146.0116   56.3474
    0.5427    0.5330   -0.6492
    0.8184   -0.1615    0.5516
    0.1891   -0.8306   -0.5238
...    61 G-C ...
  -53.1821 -148.7463   54.7776
    0.8422    0.5264   -0.1166
    0.4174   -0.4998    0.7589
    0.3412   -0.6878   -0.6407
...    62 A-T ...
  -51.8057 -150.9815   52.5948
    0.9129    0.1283    0.3874
   -0.1697   -0.7440    0.6463
    0.3711   -0.6558   -0.6574
...    63 G-C ...
  -50.3506 -153.0342   50.3842
    0.6548   -0.2848    0.7001
   -0.6312   -0.7156    0.2992
    0.4158   -0.6378   -0.6483
...    64 C-G ...
  -48.4992 -155.0269   48.2162
    0.1347   -0.6651    0.7345
   -0.8889   -0.4086   -0.2071
    0.4378   -0.6250   -0.6463
...    65 T-A ...
  -46.9955 -157.1352   46.1195
   -0.3817   -0.8003    0.4624
   -0.7975    0.0323   -0.6025
    0.4672   -0.5987   -0.6505
...    66 C-G ...
  -45.4168 -159.0263   43.7728
   -0.7937   -0.6063   -0.0496
   -0.3794    0.5571   -0.7387
    0.4755   -0.5674   -0.6723
...    67 G-C ...
  -43.9681 -160.0849   40.7068
   -0.8774   -0.1324   -0.4612
    0.1647    0.8196   -0.5487
    0.4506   -0.5574   -0.6973
...    68 G-C ...
  -42.2223 -161.9672   38.4820
   -0.6458    0.4265   -0.6333
    0.6220    0.7749   -0.1124
    0.4428   -0.4664   -0.7657
...    69 G-C ...
  -40.8713 -163.6777   35.9114
   -0.2443    0.8393   -0.4857
    0.8794    0.4029    0.2538
    0.4087   -0.3651   -0.8364
...    70 A-T ...
  -39.6974 -164.8785   33.0387
    0.3048    0.9356   -0.1780
    0.8533   -0.1853    0.4874
    0.4230   -0.3004   -0.8549
...    71 T-A ...
  -38.7546 -165.4860   29.9487
    0.6888    0.7090    0.1511
    0.5709   -0.6590    0.4897
    0.4468   -0.2511   -0.8587
...    72 C-G ...
  -37.1984 -165.9835   27.0225
    0.8775    0.1698    0.4485
    0.0538   -0.9642    0.2598
    0.4766   -0.2038   -0.8552
...    73 C-G ...
  -35.1865 -166.4486   24.4003
    0.7257   -0.3796    0.5738
   -0.4071   -0.9093   -0.0867
    0.5547   -0.1707   -0.8144
...    74 G-C ...
  -33.4863 -167.4423   21.6876
    0.2999   -0.8491    0.4349
   -0.7358   -0.4960   -0.4611
    0.6072   -0.1817   -0.7735
...    75 C-G ...
  -30.9853 -168.0935   19.3385
   -0.1924   -0.9790    0.0677
   -0.7627    0.1058   -0.6380
    0.6175   -0.1744   -0.7670
...    76 T-A ...
  -28.5953 -168.9835   16.9491
   -0.6043   -0.7212   -0.3385
   -0.4805    0.6688   -0.5673
    0.6356   -0.1802   -0.7507
...    77 T-A ...
  -26.3815 -169.8176   14.6747
   -0.7355   -0.1753   -0.6545
   -0.0319    0.9738   -0.2249
    0.6768   -0.1446   -0.7218
...    78 T-A ...
  -24.1257 -170.4745   12.3654
   -0.6106    0.4412   -0.6576
    0.3979    0.8889    0.2269
    0.6847   -0.1231   -0.7183
...    79 A-T ...
  -21.5459 -170.5326   10.0965
   -0.3204    0.9080   -0.2699
    0.7033    0.4189    0.5744
    0.6346   -0.0058   -0.7728
...    80 A-T ...
  -19.6943 -170.4571    7.5247
    0.0924    0.9821    0.1643
    0.7738   -0.1747    0.6088
    0.6266    0.0708   -0.7761
...    81 C-G ...
  -18.0667 -169.8975    4.6296
    0.4851    0.7197    0.4967
    0.6025   -0.6867    0.4067
    0.6338    0.1020   -0.7667
...    82 A-T ...
  -15.6617 -169.3322    2.2387
    0.6918    0.1412    0.7082
    0.2253   -0.9740   -0.0258
    0.6861    0.1774   -0.7056
...    83 C-G ...
  -13.1666 -168.1230    0.2755
    0.6908   -0.4287    0.5822
   -0.1686   -0.8786   -0.4468
    0.7031    0.2105   -0.6792
...    84 T-A ...
  -10.3502 -166.8523   -1.6688
    0.4545   -0.8709    0.1871
   -0.5289   -0.4329   -0.7300
    0.7167    0.2328   -0.6574
...    85 T-A ...
   -7.7998 -165.9396   -3.5562
    0.1015   -0.9205   -0.3773
   -0.6999    0.2034   -0.6846
    0.7070    0.3335   -0.6237
...    86 T-A ...
   -5.1722 -164.8409   -5.2926
   -0.2787   -0.5624   -0.7785
   -0.6437    0.7110   -0.2832
    0.7127    0.4222   -0.5602
...    87 A-T ...
   -2.7780 -162.8139   -6.9896
   -0.5843    0.2001   -0.7865
   -0.2872    0.8554    0.4310
    0.7590    0.4777   -0.4424
...    88 T-A ...
   -0.3405 -161.7591   -8.8607
   -0.6789    0.5841   -0.4450
    0.0305    0.6279    0.7777
    0.7336    0.5144   -0.4441
...    89 G-C ...
    1.9451 -160.0139  -10.5512
   -0.5903    0.7881    0.1744
    0.4618    0.1526    0.8738
    0.6621    0.5963   -0.4540
...    90 C-G ...
    3.7008 -157.7954  -12.1903
   -0.2867    0.6876    0.6671
    0.7076   -0.3174    0.6313
    0.6459    0.6530   -0.3955
...    91 T-A ...
    5.5580 -155.1470  -13.5254
    0.1558    0.3328    0.9300
    0.7726   -0.6278    0.0952
    0.6155    0.7037   -0.3549
...    92 T-A ...
    7.4052 -152.6823  -14.4371
    0.5337   -0.1358    0.8347
    0.5784   -0.6614   -0.4775
    0.6169    0.7377   -0.2745
...    93 C-G ...
    9.5573 -150.1415  -15.0564
    0.7725   -0.5253    0.3569
    0.1422   -0.4047   -0.9033
    0.6189    0.7485   -0.2379
...    94 C-G ...
   11.9726 -147.8647  -15.5624
    0.6861   -0.6974   -0.2071
   -0.2852    0.0040   -0.9585
    0.6692    0.7167   -0.1961
...    95 G-C ...
   14.0038 -145.3663  -16.3232
    0.3459   -0.4802   -0.8061
   -0.6797    0.4640   -0.5681
    0.6468    0.7444   -0.1658
...    96 T-A ...
   16.5807 -143.2281  -16.5641
   -0.0836   -0.1589   -0.9838
   -0.7745    0.6315   -0.0362
    0.6270    0.7589   -0.1758
...    97 C-G ...
   18.6853 -140.7834  -17.1922
   -0.5404    0.2548   -0.8019
   -0.5717    0.5881    0.5721
    0.6174    0.7676   -0.1721
...    98 A-T ...
   20.6724 -137.9371  -16.7670
   -0.8423    0.4766   -0.2517
   -0.1372    0.2619    0.9553
    0.5212    0.8392   -0.1553
...    99 T-A ...
   22.2723 -135.2338  -17.7231
   -0.8181    0.4908    0.2997
    0.3300   -0.0261    0.9436
    0.4710    0.8709   -0.1406
...   100 G-C ...
   23.8337 -132.0725  -18.0581
   -0.4965    0.2406    0.8340
    0.7776   -0.3037    0.5505
    0.3857    0.9219   -0.0363
...   101 T-A ...
   24.5104 -128.7700  -18.2451
    0.0077    0.0058    1.0000
    0.9308   -0.3655   -0.0050
    0.3655    0.9308   -0.0082
...   102 T-A ...
   25.5062 -125.7394  -18.1071
    0.5350   -0.2381    0.8106
    0.7647   -0.2713   -0.5845
    0.3590    0.9326    0.0370
...   103 A-T ...
   26.9459 -122.5726  -18.1623
    0.9267   -0.3242    0.1900
    0.1966   -0.0126   -0.9804
    0.3203    0.9459    0.0520
...   104 T-A ...
   28.0036 -119.5664  -17.2529
    0.8995   -0.2445   -0.3622
   -0.3263    0.1754   -0.9288
    0.2906    0.9537    0.0780
...   105 A-T ...
   28.5700 -116.0521  -17.0542
    0.3989    0.1057   -0.9109
   -0.8965    0.2540   -0.3631
    0.1929    0.9614    0.1961
...   106 A-T ...
   29.3476 -112.9746  -16.2681
   -0.2312    0.3129   -0.9212
   -0.9590    0.0864    0.2700
    0.1641    0.9458    0.2801
...   107 C-G ...
   30.5109 -109.8224  -15.4419
   -0.7410    0.3293   -0.5852
   -0.6522   -0.1455    0.7440
    0.1598    0.9330    0.3225
...   108 G-C ...
   30.8212 -106.8488  -14.0739
   -0.9949    0.0915   -0.0423
   -0.0716   -0.3461    0.9354
    0.0709    0.9337    0.3509
...   109 G-C ...
   30.8841 -103.7318  -12.9934
   -0.8740   -0.2189    0.4337
    0.4843   -0.3224    0.8133
   -0.0382    0.9210    0.3878
...   110 A-T ...
   30.8510 -100.7654  -11.5929
   -0.3967   -0.4279    0.8121
    0.9154   -0.1193    0.3844
   -0.0676    0.8959    0.4390
...   111 G-C ...
   30.3229  -97.9325   -9.9016
    0.1692   -0.5090    0.8440
    0.9823    0.1571   -0.1022
   -0.0806    0.8463    0.5265
...   112 C-G ...
   29.6408  -95.3315   -7.7762
    0.7186   -0.3561    0.5974
    0.6915    0.4572   -0.5593
   -0.0739    0.8150    0.5748
...   113 T-A ...
   29.3864  -92.7757   -5.6706
    0.9838   -0.0656    0.1667
    0.1707    0.6245   -0.7621
   -0.0541    0.7782    0.6256
...   114 C-G ...
   29.4829  -90.0504   -3.8068
    0.8766    0.3429   -0.3377
   -0.4805    0.5836   -0.6546
   -0.0274    0.7360    0.6764
...   115 G-C ...
   29.0935  -87.3915   -1.8463
    0.3870    0.6235   -0.6794
   -0.9221    0.2621   -0.2847
    0.0005    0.7366    0.6763
...   116 T-A ...
   29.8535  -84.8061    0.2871
   -0.2060    0.6476   -0.7336
   -0.9785   -0.1454    0.1463
   -0.0119    0.7480    0.6636
...   117 A-T ...
   30.0602  -82.2279    2.5078
   -0.7754    0.3990   -0.4894
   -0.6304   -0.5329    0.5644
   -0.0356    0.7462    0.6648
...   118 T-A ...
   30.2571  -79.4145    4.2159
   -0.9922    0.0615   -0.1083
   -0.1210   -0.6802    0.7230
   -0.0292    0.7305    0.6823
...   119 A-T ...
   30.3149  -77.1946    6.8525
   -0.8233   -0.4149    0.3874
    0.5667   -0.5607    0.6037
   -0.0333    0.7165    0.6968
...   120 A-T ...
   29.9926  -74.8017    9.0342
   -0.3359   -0.7140    0.6143
    0.9392   -0.2044    0.2760
   -0.0715    0.6696    0.7392
...   121 T-A ...
   29.1558  -72.6639   11.4352
    0.2205   -0.7242    0.6534
    0.9721    0.2182   -0.0862
   -0.0801    0.6542    0.7521
...   122 G-C ...
   28.9142  -70.5552   14.1933
    0.7842   -0.4884    0.3828
    0.6195    0.6520   -0.4372
   -0.0360    0.5800    0.8138
...   123 T-A ...
   28.7398  -69.1469   17.1858
    0.9941   -0.0646    0.0870
    0.1022    0.8258   -0.5546
   -0.0360    0.5602    0.8276
...   124 G-C ...
   28.6806  -67.2905   20.0312
    0.8404    0.4506   -0.3011
   -0.5419    0.7090   -0.4513
    0.0101    0.5425    0.8400
...   125 T-A ...
   29.0634  -65.8868   22.9361
    0.4100    0.7522   -0.5158
   -0.9117    0.3547   -0.2073
    0.0270    0.5553    0.8312
...   126 C-G ...
   29.2168  -64.0983   25.5952
   -0.2294    0.8210   -0.5229
   -0.9728   -0.1762    0.1502
    0.0312    0.5431    0.8391
...   127 G-C ...
   28.6376  -62.5798   28.5767
   -0.7540    0.5115   -0.4121
   -0.6557   -0.6230    0.4266
   -0.0385    0.5918    0.8051
...   128 A-T ...
   28.6759  -60.7461   31.1840
   -0.9966    0.0292   -0.0771
   -0.0679   -0.8214    0.5663
   -0.0467    0.5696    0.8206
...   129 C-G ...
   28.4088  -58.3085   33.4017
   -0.8691   -0.4496    0.2062
    0.4868   -0.7035    0.5178
   -0.0878    0.5504    0.8303
...   130 C-G ...
   27.5841  -56.3968   36.1097
   -0.4465   -0.8189    0.3607
    0.8782   -0.3238    0.3520
   -0.1715    0.4739    0.8637
...   131 A-T ...
   27.7369  -55.0587   39.2745
    0.1910   -0.8914    0.4111
    0.9642    0.2489    0.0917
   -0.1840    0.3789    0.9070
...   132 A-T ...
   27.0664  -53.9980   42.3146
    0.7275   -0.5745    0.3751
    0.6598    0.7357   -0.1530
   -0.1881    0.3589    0.9142
...   133 A-T ...
   26.2468  -53.1501   45.3861
    0.9689   -0.0005    0.2476
    0.0905    0.9316   -0.3522
   -0.2305    0.3636    0.9026
...   134 T-A ...
   25.6308  -52.5796   48.6350
    0.8597    0.5096    0.0340
   -0.4497    0.7867   -0.4230
   -0.2423    0.3484    0.9055
...   135 G-C ...
   25.2859  -52.4981   52.0751
    0.3205    0.9427   -0.0927
   -0.8825    0.2616   -0.3908
   -0.3442    0.2071    0.9158
...   136 T-A ...
   25.5356  -52.9668   55.8002
   -0.2443    0.9563   -0.1608
   -0.8908   -0.2868   -0.3525
   -0.3832    0.0571    0.9219
...   137 G-C ...
   24.9038  -52.7260   58.9821
   -0.7529    0.5562   -0.3519
   -0.5214   -0.8303   -0.1968
   -0.4017    0.0354    0.9151
...   138 A-T ...
   24.0250  -51.6261   61.9211
   -0.9563    0.0400   -0.2896
   -0.0523   -0.9980    0.0347
   -0.2877    0.0483    0.9565
...   139 G-C ...
   22.3575  -51.2300   64.4910
   -0.8529   -0.5117   -0.1032
    0.4973   -0.8566    0.1372
   -0.1586    0.0657    0.9852
...   140 C-G ...
   22.1609  -50.1386   67.4618
   -0.4681   -0.8749    0.1247
    0.8495   -0.4066    0.3363
   -0.2435    0.2633    0.9335
...   141 G-C ...
   21.4367  -51.8164   72.7856
    0.1304   -0.7141   -0.6877
    0.8897   -0.2218    0.3990
   -0.4375   -0.6639    0.6065
...   142 C-G ...
   20.4355  -54.2995   74.5395
    0.5847   -0.7390   -0.3347
    0.7593    0.3532    0.5466
   -0.2857   -0.5737    0.7676
...   143 T-A ...
   18.4378  -55.5190   76.5273
    0.8548   -0.5006    0.1370
    0.3188    0.7147    0.6225
   -0.4096   -0.4884    0.7705
...   144 C-G ...
   16.8485  -57.7127   78.2648
    0.8529   -0.0846    0.5152
   -0.1509    0.9047    0.3983
   -0.4998   -0.4175    0.7589
...   145 A-T ...
   15.7934  -59.5518   80.7963
    0.5515    0.4995    0.6681
   -0.6739    0.7388    0.0040
   -0.4915   -0.4525    0.7441
...   146 C-G ...
   15.7411  -61.4839   83.9296
    0.0342    0.7400    0.6718
   -0.8637    0.3601   -0.3527
   -0.5029   -0.5681    0.6514
...   147 A-T ...
   14.7482  -63.4171   86.8165
   -0.5923    0.6746    0.4405
   -0.6886   -0.1400   -0.7115
   -0.4183   -0.7247    0.5475
