  147 base-pairs
...     1 T-A ...
    0.0000    0.0000    0.0000
    1.0000    0.0000    0.0000
    0.0000    1.0000    0.0000
    0.0000    0.0000    1.0000
...     2 G-C ...
   -0.5555   -1.1003    3.3981
    0.7749    0.6051    0.1828
   -0.5991    0.7953   -0.0929
   -0.2016   -0.0375    0.9787
...     3 T-A ...
   -0.6619   -3.0237    6.5348
    0.3046    0.9250    0.2271
   -0.8994    0.3578   -0.2510
   -0.3134   -0.1278    0.9410
...     4 G-C ...
   -1.1607   -3.8418    9.6940
   -0.3351    0.9421    0.0133
   -0.8752   -0.3061   -0.3746
   -0.3489   -0.1372    0.9271
...     5 A-T ...
   -1.3881   -3.6770   12.8999
   -0.7835    0.6162   -0.0801
   -0.5677   -0.7622   -0.3109
   -0.2527   -0.1981    0.9470
...     6 G-C ...
   -2.6236   -3.5448   15.7072
   -0.9923    0.0611   -0.1075
   -0.0294   -0.9610   -0.2748
   -0.1201   -0.2695    0.9555
...     7 C-G ...
   -2.3138   -3.7570   18.8866
   -0.8620   -0.4995   -0.0864
    0.5008   -0.8655    0.0073
   -0.0785   -0.0370    0.9962
...     8 G-C ...
   -3.9561   -6.8109   23.3205
   -0.2581   -0.3560   -0.8981
    0.6294   -0.7673    0.1233
   -0.7330   -0.5335    0.4221
...     9 C-G ...
   -6.1177   -8.9414   24.2385
    0.1143   -0.7320   -0.6716
    0.8123   -0.3203    0.4874
   -0.5720   -0.6013    0.5580
...    10 T-A ...
   -8.5041   -9.6771   26.0540
    0.4660   -0.8587   -0.2131
    0.6274    0.1508    0.7640
   -0.6239   -0.4897    0.6090
...    11 C-G ...
  -11.0625  -11.3174   27.2336
    0.6660   -0.6911    0.2808
    0.3382    0.6152    0.7121
   -0.6649   -0.3794    0.6435
...    12 A-T ...
  -13.0013  -13.1789   29.0658
    0.7188   -0.1490    0.6790
   -0.1787    0.9043    0.3876
   -0.6718   -0.4000    0.6235
...    13 C-G ...
  -14.1788  -15.9359   31.3399
    0.4052    0.2865    0.8682
   -0.5270    0.8492   -0.0343
   -0.7470   -0.4437    0.4951
...    14 A-T ...
  -15.9532  -18.1566   33.3080
   -0.1503    0.6873    0.7107
   -0.6106    0.5008   -0.6135
   -0.7776   -0.5261    0.3444
...    15 A-T ...
  -18.2746  -20.1031   34.4396
   -0.4835    0.8364    0.2583
   -0.3876    0.0601   -0.9199
   -0.7849   -0.5449    0.2951
...    16 T-A ...
  -20.6283  -21.8851   36.1162
   -0.6527    0.7168   -0.2452
   -0.0512   -0.3647   -0.9297
   -0.7559   -0.5943    0.2747
...    17 T-A ...
  -23.1114  -23.6647   37.3461
   -0.5844    0.3557   -0.7294
    0.3636   -0.6888   -0.6272
   -0.7255   -0.6317    0.2732
...    18 T-A ...
  -25.5397  -25.5445   38.1964
   -0.2409    0.0072   -0.9705
    0.6133   -0.7739   -0.1580
   -0.7522   -0.6333    0.1820
...    19 A-T ...
  -28.0470  -27.4037   38.2606
    0.2125   -0.0696   -0.9747
    0.6457   -0.7387    0.1935
   -0.7334   -0.6705   -0.1120
...    20 T-A ...
  -30.7774  -29.0177   37.4677
    0.5324   -0.3595   -0.7663
    0.4638   -0.6334    0.6194
   -0.7081   -0.6852   -0.1705
...    21 T-A ...
  -33.1602  -31.0952   36.5453
    0.7468   -0.5702   -0.3423
    0.1198   -0.3910    0.9126
   -0.6542   -0.7225   -0.2237
...    22 C-G ...
  -35.0970  -33.5255   35.5989
    0.7304   -0.6482    0.2152
   -0.3248   -0.0525    0.9443
   -0.6008   -0.7597   -0.2488
...    23 G-C ...
  -36.7544  -36.4770   35.4708
    0.5024   -0.4791    0.7197
   -0.7343    0.2031    0.6478
   -0.4565   -0.8539   -0.2498
...    24 C-G ...
  -37.8795  -39.3846   34.5262
    0.0732   -0.2644    0.9616
   -0.8943    0.4094    0.1806
   -0.4415   -0.8732   -0.2065
...    25 A-T ...
  -39.6883  -42.0176   33.7755
   -0.4301    0.0171    0.9026
   -0.7878    0.4812   -0.3845
   -0.4409   -0.8764   -0.1935
...    26 A-T ...
  -40.9215  -45.0296   33.3026
   -0.8121    0.2391    0.5322
   -0.4131    0.4086   -0.8139
   -0.4120   -0.8809   -0.2331
...    27 A-T ...
  -42.0580  -48.0442   32.8480
   -0.9210    0.3878   -0.0358
    0.1386    0.2403   -0.9607
   -0.3640   -0.8898   -0.2751
...    28 G-C ...
  -43.5245  -50.9958   32.3095
   -0.6973    0.5065   -0.5073
    0.5897    0.0030   -0.8076
   -0.4075   -0.8623   -0.3007
...    29 G-C ...
  -45.2667  -53.7981   31.4072
   -0.2365    0.5319   -0.8131
    0.8716   -0.2536   -0.4195
   -0.4293   -0.8079   -0.4036
...    30 C-G ...
  -47.1386  -56.1158   30.1099
    0.2766    0.4029   -0.8724
    0.8664   -0.4973    0.0451
   -0.4157   -0.7683   -0.4866
...    31 C-G ...
  -48.8322  -58.4003   28.4168
    0.7280    0.1811   -0.6613
    0.5924   -0.6517    0.4737
   -0.3452   -0.7365   -0.5817
...    32 G-C ...
  -49.4490  -60.5689   26.4453
    0.9584   -0.0339   -0.2836
    0.1755   -0.7136    0.6782
   -0.2253   -0.6997   -0.6779
...    33 G-C ...
  -49.4629  -62.6238   23.7431
    0.9247   -0.3496    0.1508
   -0.3557   -0.6516    0.6700
   -0.1359   -0.6732   -0.7269
...    34 C-G ...
  -49.3573  -64.6192   21.1574
    0.6093   -0.6102    0.5064
   -0.7892   -0.4051    0.4616
   -0.0765   -0.6809   -0.7284
...    35 C-G ...
  -49.0418  -66.9708   18.7122
    0.0981   -0.7120    0.6952
   -0.9948   -0.0504    0.0887
   -0.0281   -0.7003   -0.7133
...    36 C-G ...
  -48.8226  -69.3773   16.4247
   -0.4286   -0.6130    0.6637
   -0.9034    0.3005   -0.3058
   -0.0120   -0.7307   -0.6826
...    37 G-C ...
  -49.4139  -71.2827   13.7028
   -0.8402   -0.3102    0.4448
   -0.5373    0.5876   -0.6050
   -0.0737   -0.7473   -0.6604
...    38 A-T ...
  -49.4501  -73.5810   11.5915
   -0.9960    0.0818    0.0352
    0.0308    0.6874   -0.7256
   -0.0836   -0.7216   -0.6872
...    39 C-G ...
  -50.0703  -76.1200    9.7414
   -0.8467    0.4468   -0.2889
    0.5162    0.5578   -0.6499
   -0.1292   -0.6994   -0.7029
...    40 A-T ...
  -50.7044  -78.3770    7.4507
   -0.4360    0.7465   -0.5026
    0.8785    0.2318   -0.4178
   -0.1954   -0.6236   -0.7569
...    41 C-G ...
  -51.9168  -80.1252    4.9685
    0.0461    0.8028   -0.5945
    0.9778   -0.1581   -0.1376
   -0.2045   -0.5749   -0.7922
...    42 G-C ...
  -52.1348  -82.0039    2.2672
    0.5797    0.6398   -0.5045
    0.7937   -0.5835    0.1720
   -0.1843   -0.5001   -0.8461
...    43 A-T ...
  -52.7961  -83.5526   -0.3814
    0.9275    0.2066   -0.3117
    0.3329   -0.8358    0.4366
   -0.1703   -0.5087   -0.8439
...    44 C-G ...
  -53.3771  -84.5130   -3.4938
    0.9777   -0.2097   -0.0085
   -0.1752   -0.8380    0.5168
   -0.1155   -0.5038   -0.8560
...    45 T-A ...
  -53.2388  -85.7825   -6.8952
    0.7472   -0.5991    0.2876
   -0.6580   -0.6062    0.4468
   -0.0933   -0.5231   -0.8472
...    46 T-A ...
  -53.1733  -87.0818   -9.8929
    0.3800   -0.7996    0.4649
   -0.9214   -0.2832    0.2661
   -0.0811   -0.5295   -0.8444
...    47 A-T ...
  -52.7309  -88.9195  -12.6090
   -0.0533   -0.7181    0.6939
   -0.9972    0.0746    0.0006
   -0.0522   -0.6919   -0.7201
...    48 C-G ...
  -52.2215  -91.3144  -14.8003
   -0.5427   -0.5522    0.6329
   -0.8379    0.4081   -0.3625
   -0.0581   -0.7270   -0.6842
...    49 T-A ...
  -51.9642  -94.0342  -16.6959
   -0.8749   -0.2227    0.4300
   -0.4743    0.5726   -0.6687
   -0.0973   -0.7890   -0.6067
...    50 G-C ...
  -52.5748  -96.6737  -18.6583
   -0.9753    0.2092    0.0712
    0.0619    0.5678   -0.8209
   -0.2122   -0.7962   -0.5667
...    51 T-A ...
  -53.4972  -99.4038  -19.9993
   -0.8222    0.4779   -0.3091
    0.5127    0.3861   -0.7669
   -0.2472   -0.7890   -0.5625
...    52 A-T ...
  -54.1953 -101.8562  -22.0113
   -0.3779    0.6140   -0.6930
    0.8879    0.0282   -0.4592
   -0.2624   -0.7888   -0.5558
...    53 G-C ...
  -55.4181 -104.2853  -23.7300
    0.0859    0.5908   -0.8022
    0.9628   -0.2563   -0.0857
   -0.2562   -0.7650   -0.5909
...    54 G-C ...
  -57.2442 -106.5776  -25.9683
    0.5590    0.4273   -0.7106
    0.7986   -0.5080    0.3227
   -0.2231   -0.7479   -0.6252
...    55 T-A ...
  -58.1529 -108.6841  -28.2869
    0.8829    0.1348   -0.4499
    0.4242   -0.6398    0.6408
   -0.2014   -0.7566   -0.6221
...    56 A-T ...
  -58.8088 -110.7368  -31.0006
    0.9915   -0.1278    0.0246
   -0.0999   -0.6263    0.7731
   -0.0834   -0.7690   -0.6338
...    57 T-A ...
  -58.8060 -112.7864  -33.5497
    0.8416   -0.3635    0.3994
   -0.5379   -0.4975    0.6806
   -0.0487   -0.7876   -0.6143
...    58 C-G ...
  -58.5392 -115.3938  -35.7399
    0.3813   -0.5339    0.7547
   -0.9244   -0.2094    0.3188
   -0.0122   -0.8192   -0.5733
...    59 T-A ...
  -58.2360 -118.0828  -37.5108
   -0.1001   -0.4711    0.8764
   -0.9949    0.0365   -0.0940
    0.0123   -0.8813   -0.4723
...    60 C-G ...
  -58.4360 -121.0791  -38.5725
   -0.6016   -0.3088    0.7367
   -0.7969    0.1681   -0.5803
    0.0554   -0.9362   -0.3472
...    61 G-C ...
  -58.7899 -124.1038  -39.6434
   -0.8974   -0.0372    0.4396
   -0.4396    0.1593   -0.8839
   -0.0372   -0.9865   -0.1593
...    62 A-T ...
  -59.1003 -127.4452  -39.9582
   -0.9892    0.0516   -0.1371
    0.1412    0.0880   -0.9861
   -0.0388   -0.9948   -0.0943
...    63 G-C ...
  -59.3429 -130.7149  -40.0640
   -0.7813    0.0609   -0.6212
    0.6236    0.0348   -0.7810
   -0.0260   -0.9975   -0.0651
...    64 C-G ...
  -59.7641 -134.1237  -40.0975
   -0.2731    0.0654   -0.9598
    0.9617   -0.0071   -0.2741
   -0.0247   -0.9978   -0.0610
...    65 T-A ...
  -60.0232 -137.3985  -40.3287
    0.2510    0.0337   -0.9674
    0.9680   -0.0070    0.2509
    0.0016   -0.9994   -0.0344
...    66 C-G ...
  -60.2661 -140.8198  -40.3517
    0.7493    0.0585   -0.6596
    0.6574    0.0543    0.7516
    0.0798   -0.9968    0.0022
...    67 G-C ...
  -59.7907 -143.9045  -40.0405
    0.9555    0.2062   -0.2109
    0.2027    0.0600    0.9774
    0.2142   -0.9767    0.0156
...    68 G-C ...
  -59.1895 -147.0972  -40.0725
    0.8940    0.3344    0.2981
   -0.3188    0.0073    0.9478
    0.3148   -0.9424    0.1132
...    69 G-C ...
  -57.8022 -150.1541  -39.9811
    0.5594    0.4492    0.6966
   -0.7057   -0.1826    0.6845
    0.4347   -0.8745    0.2149
...    70 A-T ...
  -56.1786 -152.8171  -39.2557
    0.0457    0.3762    0.9254
   -0.8754   -0.4312    0.2185
    0.4812   -0.8201    0.3096
...    71 T-A ...
  -54.0569 -155.0558  -38.1461
   -0.4157    0.1615    0.8950
   -0.7679   -0.5896   -0.2503
    0.4873   -0.7914    0.3691
...    72 C-G ...
  -52.3983 -157.4342  -36.6059
   -0.7936   -0.1692    0.5845
   -0.3718   -0.6256   -0.6859
    0.4817   -0.7616    0.4335
...    73 C-G ...
  -50.9606 -159.8719  -34.5454
   -0.8730   -0.4736    0.1167
    0.1485   -0.4860   -0.8612
    0.4646   -0.7345    0.4946
...    74 T-A ...
  -49.6803 -162.2116  -32.6904
   -0.6689   -0.6638   -0.3346
    0.5931   -0.2053   -0.7785
    0.4481   -0.7192    0.5310
...    75 C-G ...
  -48.2311 -164.5085  -30.8064
   -0.2213   -0.7236   -0.6538
    0.8406    0.1983   -0.5040
    0.4943   -0.6611    0.5644
...    76 A-T ...
  -46.2460 -166.2838  -28.7949
    0.2470   -0.4544   -0.8559
    0.8060    0.5867   -0.0789
    0.5379   -0.6703    0.5112
...    77 T-A ...
  -44.8678 -168.7601  -27.2397
    0.5915   -0.1090   -0.7989
    0.5798    0.7460    0.3275
    0.5603   -0.6569    0.5044
...    78 G-C ...
  -43.0062 -171.2724  -25.6820
    0.7359    0.3724   -0.5655
    0.1398    0.7336    0.6650
    0.6625   -0.5685    0.4878
...    79 T-A ...
  -40.8218 -173.4987  -24.7418
    0.6678    0.7071   -0.2326
   -0.2302    0.4933    0.8388
    0.7079   -0.5067    0.4922
...    80 T-A ...
  -38.3781 -174.8073  -23.4568
    0.3539    0.9321    0.0773
   -0.4992    0.1183    0.8584
    0.7909   -0.3424    0.5072
...    81 A-T ...
  -35.6170 -175.2918  -22.0928
   -0.1101    0.9784    0.1750
   -0.5479   -0.2067    0.8106
    0.8293   -0.0066    0.5588
...    82 T-A ...
  -32.6903 -174.8732  -20.9531
   -0.3832    0.7765    0.5002
   -0.4077   -0.6281    0.6628
    0.8288    0.0500    0.5573
...    83 A-T ...
  -30.1640 -174.1891  -19.1273
   -0.6733    0.4148    0.6120
   -0.1215   -0.8786    0.4619
    0.7293    0.2366    0.6420
...    84 A-T ...
  -27.9452 -173.0941  -17.1863
   -0.6629   -0.1098    0.7406
    0.2923   -0.9487    0.1210
    0.6893    0.2967    0.6609
...    85 C-G ...
  -26.0676 -171.3078  -14.8335
   -0.3741   -0.5847    0.7198
    0.6153   -0.7372   -0.2791
    0.6939    0.3385    0.6355
...    86 G-C ...
  -23.7612 -170.4063  -12.7129
    0.0888   -0.9015    0.4235
    0.7496   -0.2195   -0.6245
    0.6559    0.3729    0.6563
...    87 G-C ...
  -21.8193 -168.9701  -10.4361
    0.4338   -0.9009    0.0176
    0.5865    0.2675   -0.7645
    0.6840    0.3419    0.6444
...    88 A-T ...
  -19.7880 -167.6473   -8.2035
    0.6881   -0.5914   -0.4205
    0.1982    0.7106   -0.6751
    0.6980    0.3812    0.6062
...    89 G-C ...
  -17.4646 -166.5595   -6.2167
    0.6638   -0.1664   -0.7292
   -0.2156    0.8910   -0.3996
    0.7162    0.4225    0.5555
...    90 C-G ...
  -14.8879 -165.5992   -4.2856
    0.3792    0.3144   -0.8702
   -0.5554    0.8296    0.0577
    0.7401    0.4614    0.4892
...    91 T-A ...
  -12.0803 -164.3227   -2.8581
   -0.0377    0.6645   -0.7463
   -0.6650    0.5407    0.5151
    0.7459    0.5157    0.4215
...    92 T-A ...
   -9.4665 -162.6919   -1.9249
   -0.4341    0.8148   -0.3842
   -0.5406    0.1055    0.8347
    0.7206    0.5700    0.3947
...    93 T-A ...
   -7.1989 -160.7179   -0.8781
   -0.7169    0.6935    0.0720
   -0.2118   -0.3151    0.9251
    0.6642    0.6480    0.3728
...    94 A-T ...
   -5.3470 -158.1751    0.2085
   -0.8117    0.3273    0.4837
    0.2350   -0.5752    0.7835
    0.5347    0.7496    0.3900
...    95 A-T ...
   -3.8236 -155.6112    1.2443
   -0.5845   -0.0430    0.8103
    0.6455   -0.6298    0.4321
    0.4917    0.7756    0.3959
...    96 C-G ...
   -2.8088 -152.6397    2.3903
   -0.1615   -0.3454    0.9244
    0.8674   -0.4965   -0.0340
    0.4707    0.7963    0.3798
...    97 A-T ...
   -1.3612 -150.0005    3.7228
    0.3290   -0.5961    0.7324
    0.8151   -0.2125   -0.5390
    0.4769    0.7743    0.4160
...    98 C-G ...
   -0.3201 -147.3574    5.5827
    0.6945   -0.6241    0.3580
    0.5327    0.1116   -0.8389
    0.4836    0.7734    0.4100
...    99 T-A ...
    1.2580 -144.9031    7.7436
    0.8701   -0.4713   -0.1442
    0.0694    0.4069   -0.9109
    0.4880    0.7825    0.3867
...   100 T-A ...
    2.9075 -142.6021    9.3173
    0.7671   -0.1510   -0.6235
   -0.4401    0.5834   -0.6826
    0.4668    0.7980    0.3811
...   101 T-A ...
    4.5588 -140.1606   10.6318
    0.3875    0.1665   -0.9067
   -0.7901    0.5668   -0.2336
    0.4750    0.8069    0.3512
...   102 A-T ...
    6.0378 -137.4008   11.4880
   -0.1191    0.2996   -0.9466
   -0.8739    0.4209    0.2432
    0.4713    0.8562    0.2117
...   103 T-A ...
    8.0717 -134.8914   11.6335
   -0.5285    0.3984   -0.7496
   -0.7228    0.2521    0.6435
    0.4454    0.8819    0.1548
...   104 G-C ...
    9.5490 -131.8946   11.7712
   -0.8984    0.3726   -0.2326
   -0.2481    0.0064    0.9687
    0.3624    0.9280    0.0867
...   105 C-G ...
   10.3338 -128.7350   11.6026
   -0.9179    0.2559    0.3033
    0.2629   -0.1803    0.9478
    0.2973    0.9497    0.0982
...   106 T-A ...
   10.7670 -125.3106   11.6459
   -0.6314    0.0969    0.7694
    0.7371   -0.2335    0.6342
    0.2411    0.9675    0.0760
...   107 T-A ...
   11.2828 -122.1531   11.7872
   -0.1390   -0.0842    0.9867
    0.9671   -0.2260    0.1169
    0.2132    0.9705    0.1129
...   108 C-G ...
   11.7198 -118.9238   12.3214
    0.4128   -0.2269    0.8821
    0.8864   -0.1228   -0.4464
    0.2096    0.9661    0.1505
...   109 C-G ...
   12.2281 -115.7360   12.8659
    0.7757   -0.3577    0.5200
    0.5622    0.0173   -0.8268
    0.2867    0.9337    0.2145
...   110 G-C ...
   13.2907 -112.9202   13.2793
    0.9202   -0.3903    0.0292
    0.1215    0.2140   -0.9692
    0.3721    0.8955    0.2443
...   111 G-C ...
   14.9847 -110.2071   14.2803
    0.8185   -0.2631   -0.5108
   -0.3773    0.4243   -0.8232
    0.4333    0.8665    0.2479
...   112 C-G ...
   16.9236 -107.6743   15.2946
    0.4785   -0.0265   -0.8777
   -0.7502    0.5072   -0.4243
    0.4564    0.8614    0.2228
...   113 T-A ...
   18.6794 -104.9718   15.9794
    0.0223    0.2070   -0.9781
   -0.8864    0.4566    0.0764
    0.4624    0.8653    0.1937
...   114 C-G ...
   20.1843 -102.0714   16.4184
   -0.4904    0.3921   -0.7783
   -0.7435    0.2778    0.6083
    0.4547    0.8770    0.1553
...   115 G-C ...
   21.3288  -99.0934   17.2321
   -0.8538    0.4059   -0.3259
   -0.3534    0.0078    0.9355
    0.3822    0.9139    0.1368
...   116 T-A ...
   22.3238  -95.9806   17.0234
   -0.9359    0.2983    0.1872
    0.1310   -0.1986    0.9713
    0.3269    0.9336    0.1468
...   117 A-T ...
   22.9371  -92.5645   16.8878
   -0.7649    0.0250    0.6436
    0.6103   -0.2916    0.7366
    0.2061    0.9562    0.2078
...   118 T-A ...
   23.0151  -89.3589   17.0955
   -0.3887   -0.1292    0.9123
    0.8995   -0.2678    0.3453
    0.1997    0.9548    0.2203
...   119 A-T ...
   23.5640  -86.2930   17.9835
    0.0588   -0.3868    0.9203
    0.9865   -0.1189   -0.1130
    0.1531    0.9145    0.3746
...   120 A-T ...
   23.7436  -83.3976   19.3934
    0.5728   -0.4430    0.6897
    0.8041    0.1400   -0.5778
    0.1594    0.8855    0.4364
...   121 T-A ...
   23.8062  -80.7029   21.3315
    0.8975   -0.3173    0.3063
    0.4133    0.3631   -0.8350
    0.1537    0.8761    0.4570
...   122 G-C ...
   24.4450  -77.9159   23.1193
    0.9635   -0.1067   -0.2455
   -0.1582    0.5128   -0.8438
    0.2159    0.8519    0.4772
...   123 T-A ...
   25.4809  -75.4586   24.9939
    0.7723    0.1660   -0.6132
   -0.5962    0.5227   -0.6094
    0.2193    0.8362    0.5026
...   124 G-C ...
   26.3447  -72.7253   26.5963
    0.2934    0.4145   -0.8614
   -0.9219    0.3612   -0.1402
    0.2530    0.8353    0.4881
...   125 T-A ...
   27.6959  -70.1926   28.1308
   -0.2188    0.5297   -0.8195
   -0.9457    0.0917    0.3117
    0.2402    0.8432    0.4809
...   126 C-G ...
   28.5324  -67.5335   29.6433
   -0.7238    0.4902   -0.4856
   -0.6486   -0.2435    0.7211
    0.2353    0.8369    0.4942
...   127 G-C ...
   28.9711  -64.9405   31.5076
   -0.9674    0.1583   -0.1975
   -0.2502   -0.4797    0.8410
    0.0384    0.8630    0.5037
...   128 A-T ...
   29.3571  -62.2707   33.0657
   -0.9445   -0.1663    0.2833
    0.3279   -0.5280    0.7834
    0.0193    0.8328    0.5532
...   129 C-G ...
   28.9877  -59.2550   34.2857
   -0.6499   -0.4700    0.5972
    0.7592   -0.3646    0.5392
   -0.0357    0.8038    0.5938
...   130 C-G ...
   27.8911  -56.7235   36.3279
   -0.2077   -0.7195    0.6627
    0.9702   -0.0653    0.2332
   -0.1246    0.6914    0.7116
...   131 A-T ...
   27.4361  -55.1840   39.2860
    0.2841   -0.8349    0.4715
    0.9486    0.3162   -0.0115
   -0.1395    0.4505    0.8818
...   132 A-T ...
   26.8805  -54.0091   42.2771
    0.7600   -0.5428    0.3576
    0.6334    0.7418   -0.2202
   -0.1457    0.3939    0.9075
...   133 A-T ...
   26.1723  -53.0858   45.3518
    0.9766    0.0211    0.2139
    0.0631    0.9232   -0.3792
   -0.2055    0.3838    0.9003
...   134 T-A ...
   25.6309  -52.5797   48.6348
    0.8597    0.5096    0.0340
   -0.4497    0.7867   -0.4230
   -0.2423    0.3484    0.9055
...   135 G-C ...
   25.2860  -52.4981   52.0749
    0.3205    0.9427   -0.0927
   -0.8825    0.2616   -0.3908
   -0.3442    0.2071    0.9158
...   136 T-A ...
   25.5357  -52.9668   55.8001
   -0.2443    0.9563   -0.1608
   -0.8908   -0.2868   -0.3525
   -0.3832    0.0571    0.9219
...   137 G-C ...
   24.9038  -52.7260   58.9820
   -0.7529    0.5562   -0.3519
   -0.5214   -0.8303   -0.1968
   -0.4017    0.0354    0.9151
...   138 A-T ...
   24.0250  -51.6261   61.9210
   -0.9563    0.0400   -0.2896
   -0.0523   -0.9980    0.0347
   -0.2877    0.0483    0.9565
...   139 G-C ...
   22.3575  -51.2300   64.4908
   -0.8529   -0.5117   -0.1032
    0.4973   -0.8566    0.1372
   -0.1586    0.0657    0.9852
...   140 C-G ...
   22.1610  -50.1386   67.4617
   -0.4681   -0.8749    0.1247
    0.8495   -0.4066    0.3363
   -0.2435    0.2633    0.9335
...   141 G-C ...
   21.4367  -51.8164   72.7855
    0.1304   -0.7141   -0.6877
    0.8897   -0.2218    0.3990
   -0.4375   -0.6639    0.6065
...   142 C-G ...
   20.4356  -54.2994   74.5394
    0.5847   -0.7390   -0.3347
    0.7593    0.3532    0.5466
   -0.2857   -0.5737    0.7676
...   143 T-A ...
   18.4379  -55.5190   76.5272
    0.8548   -0.5006    0.1370
    0.3188    0.7147    0.6225
   -0.4096   -0.4884    0.7705
...   144 C-G ...
   16.8486  -57.7126   78.2647
    0.8529   -0.0846    0.5152
   -0.1509    0.9047    0.3983
   -0.4998   -0.4175    0.7589
...   145 A-T ...
   15.7934  -59.5518   80.7962
    0.5515    0.4995    0.6681
   -0.6739    0.7388    0.0040
   -0.4915   -0.4525    0.7441
...   146 C-G ...
   15.7412  -61.4839   83.9295
    0.0342    0.7400    0.6718
   -0.8637    0.3601   -0.3527
   -0.5029   -0.5681    0.6514
...   147 A-T ...
   14.7482  -63.4171   86.8164
   -0.5923    0.6746    0.4405
   -0.6886   -0.1400   -0.7115
   -0.4183   -0.7247    0.5475
