  147 base-pairs
...     1 T-A ...
    0.0000    0.0000    0.0000
    1.0000    0.0000    0.0000
    0.0000    1.0000    0.0000
    0.0000    0.0000    1.0000
...     2 G-C ...
   -0.5555   -1.1003    3.3981
    0.7749    0.6051    0.1828
   -0.5991    0.7953   -0.0929
   -0.2016   -0.0375    0.9787
...     3 T-A ...
   -0.6619   -3.0237    6.5348
    0.3046    0.9250    0.2271
   -0.8994    0.3578   -0.2510
   -0.3134   -0.1278    0.9410
...     4 G-C ...
   -1.1607   -3.8418    9.6940
   -0.3351    0.9421    0.0133
   -0.8752   -0.3061   -0.3746
   -0.3489   -0.1372    0.9271
...     5 A-T ...
   -1.3881   -3.6770   12.8999
   -0.7835    0.6162   -0.0801
   -0.5677   -0.7622   -0.3109
   -0.2527   -0.1981    0.9470
...     6 G-C ...
   -2.6236   -3.5448   15.7072
   -0.9923    0.0611   -0.1075
   -0.0294   -0.9610   -0.2748
   -0.1201   -0.2695    0.9555
...     7 C-G ...
   -2.3138   -3.7570   18.8866
   -0.8620   -0.4995   -0.0864
    0.5008   -0.8655    0.0073
   -0.0785   -0.0370    0.9962
...     8 G-C ...
   -3.9561   -6.8109   23.3205
   -0.2581   -0.3560   -0.8981
    0.6294   -0.7673    0.1233
   -0.7330   -0.5335    0.4221
...     9 C-G ...
   -6.1177   -8.9414   24.2385
    0.1143   -0.7320   -0.6716
    0.8123   -0.3203    0.4874
   -0.5720   -0.6013    0.5580
...    10 T-A ...
   -8.5041   -9.6771   26.0540
    0.4660   -0.8587   -0.2131
    0.6274    0.1508    0.7640
   -0.6239   -0.4897    0.6090
...    11 C-G ...
  -11.0625  -11.3174   27.2336
    0.6660   -0.6911    0.2808
    0.3382    0.6152    0.7121
   -0.6649   -0.3794    0.6435
...    12 A-T ...
  -13.0013  -13.1789   29.0658
    0.7188   -0.1490    0.6790
   -0.1787    0.9043    0.3876
   -0.6718   -0.4000    0.6235
...    13 C-G ...
  -14.1788  -15.9359   31.3399
    0.4052    0.2865    0.8682
   -0.5270    0.8492   -0.0343
   -0.7470   -0.4437    0.4951
...    14 A-T ...
  -15.9532  -18.1566   33.3080
   -0.1503    0.6873    0.7107
   -0.6106    0.5008   -0.6135
   -0.7776   -0.5261    0.3444
...    15 A-T ...
  -18.3081  -20.0112   34.6257
   -0.5299    0.8212    0.2117
   -0.3793   -0.0062   -0.9253
   -0.7585   -0.5706    0.3147
...    16 T-A ...
  -20.5884  -21.7632   36.2985
   -0.6680    0.6788   -0.3050
   -0.0285   -0.4328   -0.9010
   -0.7436   -0.5932    0.3085
...    17 T-A ...
  -22.9834  -23.6063   37.5287
   -0.5642    0.2742   -0.7788
    0.3944   -0.7391   -0.5460
   -0.7253   -0.6152    0.3089
...    18 T-A ...
  -25.4210  -25.4573   38.6314
   -0.2136   -0.2126   -0.9535
    0.6627   -0.7487    0.0184
   -0.7178   -0.6279    0.3008
...    19 A-T ...
  -27.6212  -27.8023   39.6898
    0.3013   -0.5926   -0.7470
    0.6401   -0.4549    0.6191
   -0.7067   -0.6647    0.2423
...    20 T-A ...
  -30.2304  -29.7844   39.9205
    0.6046   -0.7289   -0.3210
    0.3849   -0.0855    0.9190
   -0.6973   -0.6792    0.2288
...    21 T-A ...
  -32.4975  -32.0495   40.4493
    0.7236   -0.6306    0.2807
   -0.0569    0.3507    0.9348
   -0.6879   -0.6923    0.2179
...    22 C-G ...
  -34.6053  -34.4885   41.1813
    0.5497   -0.2705    0.7903
   -0.5102    0.6404    0.5741
   -0.6614   -0.7188    0.2140
...    23 G-C ...
  -36.9718  -36.6766   42.3014
    0.1764    0.2097    0.9617
   -0.7747    0.6324    0.0043
   -0.6073   -0.7458    0.2740
...    24 C-G ...
  -38.6697  -39.3725   43.4160
   -0.2944    0.5469    0.7838
   -0.7424    0.3856   -0.5479
   -0.6019   -0.7431    0.2925
...    25 A-T ...
  -40.8992  -41.7911   44.1121
   -0.6599    0.7033    0.2643
   -0.4049   -0.0365   -0.9136
   -0.6329   -0.7099    0.3089
...    26 A-T ...
  -42.8613  -44.0933   45.3469
   -0.7878    0.5190   -0.3317
    0.0903   -0.4353   -0.8957
   -0.6093   -0.7356    0.2960
...    27 A-T ...
  -44.8781  -46.3835   46.4893
   -0.5796    0.1529   -0.8004
    0.5541   -0.6462   -0.5247
   -0.5975   -0.7477    0.2898
...    28 G-C ...
  -47.0657  -48.7083   47.4734
   -0.1235   -0.1726   -0.9772
    0.7839   -0.6208    0.0106
   -0.6085   -0.7647    0.2120
...    29 G-C ...
  -49.2948  -51.1986   48.0038
    0.4049   -0.4134   -0.8156
    0.7020   -0.4310    0.5670
   -0.5859   -0.8021    0.1157
...    30 C-G ...
  -51.4043  -53.7823   47.9286
    0.7626   -0.5392   -0.3574
    0.3352   -0.1432    0.9312
   -0.5533   -0.8299    0.0716
...    31 C-G ...
  -53.0287  -56.7570   47.8686
    0.8586   -0.4557    0.2348
   -0.1889    0.1447    0.9713
   -0.4766   -0.8783    0.0381
...    32 G-C ...
  -54.5276  -59.7682   48.4957
    0.6124   -0.2090    0.7625
   -0.6921    0.3244    0.6448
   -0.3821   -0.9226    0.0540
...    33 G-C ...
  -55.4803  -63.0313   48.7819
    0.1148    0.0655    0.9912
   -0.9328    0.3501    0.0849
   -0.3415   -0.9344    0.1013
...    34 C-G ...
  -56.2464  -66.2842   49.2882
   -0.4431    0.2704    0.8547
   -0.8300    0.2365   -0.5051
   -0.3387   -0.9333    0.1197
...    35 C-G ...
  -57.2652  -69.4824   49.9237
   -0.8258    0.4046    0.3929
   -0.4185    0.0273   -0.9078
   -0.3780   -0.9141    0.1468
...    36 C-G ...
  -58.4821  -72.5861   50.6661
   -0.8878    0.4073   -0.2145
    0.1386   -0.2079   -0.9683
   -0.4389   -0.8893    0.1281
...    37 G-C ...
  -59.7471  -75.7620   50.7225
   -0.5801    0.3067   -0.7545
    0.6415   -0.3988   -0.6553
   -0.5019   -0.8642    0.0346
...    38 A-T ...
  -61.4181  -78.5999   50.8819
   -0.0428    0.0463   -0.9980
    0.8635   -0.5007   -0.0603
   -0.5025   -0.8644   -0.0186
...    39 C-G ...
  -63.5716  -81.1006   50.6523
    0.4593   -0.1891   -0.8679
    0.7403   -0.4586    0.4917
   -0.4910   -0.8683   -0.0706
...    40 A-T ...
  -64.9701  -84.1698   50.4474
    0.8607   -0.3220   -0.3944
    0.3016   -0.3017    0.9045
   -0.4102   -0.8974   -0.1626
...    41 C-G ...
  -66.2483  -87.0013   49.2518
    0.8976   -0.4061    0.1713
   -0.2319   -0.1045    0.9671
   -0.3749   -0.9078   -0.1880
...    42 G-C ...
  -67.3865  -90.2275   49.1093
    0.6069   -0.3208    0.7272
   -0.7458    0.0863    0.6605
   -0.2746   -0.9432   -0.1869
...    43 A-T ...
  -68.1542  -93.4195   48.5269
    0.0033   -0.2035    0.9791
   -0.9670    0.2488    0.0549
   -0.2548   -0.9469   -0.1959
...    44 C-G ...
  -68.3910  -96.7651   48.0481
   -0.5420   -0.0375    0.8395
   -0.8037    0.3150   -0.5048
   -0.2456   -0.9483   -0.2008
...    45 T-A ...
  -69.0733 -100.0425   47.6329
   -0.8995    0.1684    0.4032
   -0.3487    0.2795   -0.8946
   -0.2634   -0.9453   -0.1927
...    46 T-A ...
  -69.8079 -103.2030   47.2210
   -0.9339    0.2735   -0.2302
    0.2771    0.1470   -0.9495
   -0.2258   -0.9506   -0.2130
...    47 A-T ...
  -70.1802 -106.4340   46.1411
   -0.5100    0.3131   -0.8011
    0.8340   -0.0481   -0.5497
   -0.2107   -0.9485   -0.2366
...    48 C-G ...
  -71.4413 -109.4536   45.5697
    0.0425    0.2790   -0.9593
    0.9766   -0.2142   -0.0190
   -0.2108   -0.9361   -0.2816
...    49 T-A ...
  -72.3611 -112.4520   44.4313
    0.5977    0.1939   -0.7780
    0.7810   -0.3602    0.5102
   -0.1813   -0.9125   -0.3667
...    50 G-C ...
  -72.5850 -115.5978   43.2010
    0.9615    0.0437   -0.2712
    0.2610   -0.4526    0.8527
   -0.0854   -0.8906   -0.4466
...    51 T-A ...
  -72.6977 -118.2238   41.1682
    0.9483   -0.1826    0.2596
   -0.3142   -0.4252    0.8488
   -0.0446   -0.8865   -0.4606
...    52 A-T ...
  -73.1656 -121.4575   40.0457
    0.4800   -0.4569    0.7489
   -0.8760   -0.2041    0.4370
   -0.0468   -0.8658   -0.4982
...    53 G-C ...
  -72.9838 -124.3781   38.3751
   -0.1079   -0.4772    0.8722
   -0.9939    0.0723   -0.0834
   -0.0233   -0.8758   -0.4820
...    54 G-C ...
  -72.8677 -127.4566   36.8949
   -0.6714   -0.3164    0.6701
   -0.7403    0.3265   -0.5876
   -0.0328   -0.8907   -0.4535
...    55 T-A ...
  -72.6267 -130.6767   35.8486
   -0.9719   -0.0826    0.2206
   -0.2335    0.4628   -0.8552
   -0.0315   -0.8826   -0.4691
...    56 T-A ...
  -72.6211 -133.6694   34.5264
   -0.9129    0.1880   -0.3624
    0.4081    0.4463   -0.7964
    0.0120   -0.8749   -0.4841
...    57 C-G ...
  -72.5187 -136.6233   33.0007
   -0.4625    0.4587   -0.7588
    0.8865    0.2529   -0.3875
    0.0142   -0.8519   -0.5236
...    58 A-T ...
  -72.1806 -139.4592   31.1790
    0.1596    0.6210   -0.7674
    0.9869   -0.0814    0.1394
    0.0241   -0.7795   -0.6259
...    59 T-A ...
  -72.6724 -141.7831   28.9225
    0.6489    0.5141   -0.5609
    0.7597   -0.3974    0.5147
    0.0417   -0.7601   -0.6485
...    60 G-C ...
  -72.1310 -144.3353   26.7629
    0.9617    0.2673   -0.0603
    0.2300   -0.6678    0.7079
    0.1490   -0.6946   -0.7038
...    61 T-A ...
  -71.4452 -146.1162   24.0499
    0.9230   -0.1190    0.3659
   -0.3322   -0.7261    0.6019
    0.1940   -0.6772   -0.7098
...    62 T-A ...
  -70.6376 -148.1517   21.6338
    0.5397   -0.5508    0.6366
   -0.8187   -0.5197    0.2445
    0.1962   -0.6531   -0.7314
...    63 A-T ...
  -70.7566 -150.5504   19.0728
   -0.1769   -0.8272    0.5334
   -0.9629    0.0333   -0.2677
    0.2037   -0.5609   -0.8024
...    64 T-A ...
  -69.4391 -152.5195   16.7083
   -0.6582   -0.7056    0.2622
   -0.7167    0.4807   -0.5053
    0.2305   -0.5205   -0.8221
...    65 A-T ...
  -68.7714 -153.4401   13.3601
   -0.9332   -0.2046   -0.2954
   -0.0418    0.8783   -0.4763
    0.3569   -0.4321   -0.8282
...    66 A-T ...
  -67.5543 -155.0615   10.7918
   -0.7501    0.3576   -0.5563
    0.5207    0.8380   -0.1634
    0.4077   -0.4122   -0.8148
...    67 C-G ...
  -66.5907 -156.8688    8.1556
   -0.3502    0.7757   -0.5250
    0.8420    0.5063    0.1864
    0.4104   -0.3767   -0.8305
...    68 G-C ...
  -64.7865 -158.0505    5.4968
    0.1389    0.9727   -0.1858
    0.8844   -0.0374    0.4653
    0.4457   -0.2290   -0.8654
...    69 G-C ...
  -63.4255 -158.6241    2.4620
    0.5523    0.8045    0.2184
    0.6627   -0.5827    0.4704
    0.5057   -0.1151   -0.8550
...    70 A-T ...
  -61.6587 -158.8355   -0.3020
    0.8041    0.2948    0.5163
    0.2142   -0.9537    0.2111
    0.5547   -0.0592   -0.8300
...    71 A-T ...
  -59.7546 -158.8056   -2.9285
    0.7635   -0.3242    0.5586
   -0.2823   -0.9454   -0.1629
    0.5809   -0.0333   -0.8133
...    72 T-A ...
  -57.5129 -158.3517   -5.3180
    0.5050   -0.7752    0.3795
   -0.6319   -0.6316   -0.4493
    0.5880   -0.0129   -0.8087
...    73 C-G ...
  -55.3924 -158.5139   -7.8758
    0.0127   -0.9999   -0.0003
   -0.7899   -0.0099   -0.6131
    0.6131    0.0080   -0.7900
...    74 T-A ...
  -53.0863 -158.6553  -10.3346
   -0.4397   -0.8242   -0.3569
   -0.6419    0.5663   -0.5170
    0.6282    0.0018   -0.7780
...    75 C-G ...
  -50.8860 -158.6672  -12.8516
   -0.7315   -0.2805   -0.6215
   -0.2347    0.9593   -0.1567
    0.6402    0.0312   -0.7676
...    76 G-C ...
  -48.5669 -157.9900  -15.2709
   -0.7712    0.3489   -0.5325
    0.2251    0.9318    0.2846
    0.5955    0.0996   -0.7972
...    77 A-T ...
  -46.4809 -157.7789  -17.8243
   -0.4980    0.8404   -0.2138
    0.6296    0.5199    0.5773
    0.5963    0.1529   -0.7880
...    78 G-C ...
  -44.6894 -157.2629  -20.5753
   -0.1321    0.9666    0.2198
    0.7907   -0.0309    0.6114
    0.5978    0.2545   -0.7602
...    79 C-G ...
  -43.0958 -156.2205  -23.2876
    0.2781    0.7620    0.5848
    0.7375   -0.5595    0.3783
    0.6155    0.3260   -0.7176
...    80 T-A ...
  -41.1642 -154.7687  -25.5567
    0.5683    0.2965    0.7676
    0.5005   -0.8650   -0.0365
    0.6531    0.4049   -0.6399
...    81 C-G ...
  -38.8669 -153.3330  -27.4129
    0.7221   -0.3041    0.6214
    0.0937   -0.8470   -0.5233
    0.6854    0.4361   -0.5831
...    82 G-C ...
  -36.2101 -152.3423  -29.3268
    0.5836   -0.7771    0.2356
   -0.2711   -0.4600   -0.8455
    0.7655    0.4296   -0.4791
...    83 G-C ...
  -33.3035 -151.1057  -30.6405
    0.2906   -0.9141   -0.2827
   -0.5143    0.0999   -0.8517
    0.8068    0.3929   -0.4412
...    84 G-C ...
  -30.3761 -149.9750  -31.9989
   -0.0853   -0.6893   -0.7195
   -0.5677    0.6271   -0.5334
    0.8188    0.3629   -0.4448
...    85 A-T ...
  -27.5642 -148.7792  -33.3463
   -0.4070   -0.1296   -0.9042
   -0.4024    0.9141    0.0501
    0.8200    0.3843   -0.4242
...    86 T-A ...
  -24.6602 -148.1447  -34.8533
   -0.5364    0.3934   -0.7467
   -0.1402    0.8309    0.5384
    0.8322    0.3935   -0.3906
...    87 C-G ...
  -21.8113 -146.9377  -36.0839
   -0.5332    0.8123   -0.2364
    0.1994    0.3923    0.8980
    0.8221    0.4317   -0.3711
...    88 C-G ...
  -19.0649 -145.5635  -37.5346
   -0.4140    0.8376    0.3563
    0.4611   -0.1445    0.8755
    0.7848    0.5268   -0.3264
...    89 G-C ...
  -16.2201 -143.8207  -38.2620
   -0.1959    0.5072    0.8393
    0.6318   -0.5893    0.5036
    0.7500    0.6289   -0.2050
...    90 C-G ...
  -14.0852 -141.3491  -38.8877
    0.1388    0.0424    0.9894
    0.6542   -0.7540   -0.0595
    0.7435    0.6555   -0.1324
...    91 T-A ...
  -11.7551 -138.9686  -38.9821
    0.4189   -0.4361    0.7965
    0.5117   -0.6112   -0.6038
    0.7501    0.6605   -0.0329
...    92 T-A ...
   -9.3856 -136.7414  -38.8456
    0.6472   -0.7096    0.2785
    0.1785   -0.2141   -0.9604
    0.7411    0.6713   -0.0120
...    93 T-A ...
   -6.9805 -134.5443  -38.5755
    0.6573   -0.6624   -0.3594
   -0.2417    0.2665   -0.9331
    0.7139    0.7001    0.0151
...    94 A-T ...
   -5.0259 -131.6652  -38.9929
    0.3783   -0.1849   -0.9070
   -0.6597    0.6335   -0.4043
    0.6493    0.7514    0.1177
...    95 A-T ...
   -2.7035 -129.4111  -38.4517
   -0.0583    0.2960   -0.9534
   -0.7735    0.5903    0.2305
    0.6311    0.7509    0.1945
...    96 C-G ...
   -0.1461 -127.2519  -38.0317
   -0.4789    0.5743   -0.6639
   -0.6214    0.3124    0.7185
    0.6201    0.7567    0.2073
...    97 A-T ...
    1.8013 -124.7416  -36.9070
   -0.8066    0.5816   -0.1052
   -0.2114   -0.1176    0.9703
    0.5520    0.8049    0.2178
...    98 C-G ...
    3.6059 -121.9686  -36.7605
   -0.8172    0.3864    0.4277
    0.2559   -0.4216    0.8699
    0.5164    0.8203    0.2457
...    99 T-A ...
    5.0750 -119.0774  -36.0338
   -0.5919    0.0115    0.8059
    0.6690   -0.5507    0.4992
    0.4495    0.8347    0.3182
...   100 T-A ...
    6.3542 -116.3050  -34.9655
   -0.1175   -0.3508    0.9291
    0.8951   -0.4426   -0.0539
    0.4301    0.8253    0.3660
...   101 T-A ...
    7.5645 -113.6120  -33.6293
    0.4133   -0.5669    0.7126
    0.8068   -0.1348   -0.5752
    0.4221    0.8127    0.4017
...   102 A-T ...
    9.2736 -110.9571  -32.3889
    0.8267   -0.5357    0.1721
    0.3736    0.2938   -0.8798
    0.4208    0.7916    0.4430
...   103 T-A ...
   10.5391 -108.6964  -30.3110
    0.9090   -0.2809   -0.3078
   -0.1155    0.5400   -0.8337
    0.4004    0.7934    0.4585
...   104 G-C ...
   11.8780 -105.8741  -29.0945
    0.6340    0.0910   -0.7680
   -0.6378    0.6230   -0.4528
    0.4373    0.7769    0.4530
...   105 C-G ...
   13.6396 -103.4981  -27.4664
    0.1467    0.4264   -0.8925
   -0.8883    0.4537    0.0708
    0.4351    0.7825    0.4454
...   106 T-A ...
   15.3458 -100.9606  -26.0768
   -0.3907    0.5841   -0.7115
   -0.8217    0.1271    0.5555
    0.4149    0.8017    0.4303
...   107 T-A ...
   16.8950  -98.4028  -24.7799
   -0.7993    0.5526   -0.2360
   -0.4384   -0.2677    0.8580
    0.4109    0.7893    0.4562
...   108 C-G ...
   18.2980  -95.8066  -23.2970
   -0.9217    0.2344    0.3092
    0.1331   -0.5575    0.8194
    0.3644    0.7964    0.4826
...   109 C-G ...
   19.3369  -92.9639  -21.7967
   -0.7264   -0.2084    0.6549
    0.6314   -0.5788    0.5160
    0.2716    0.7883    0.5521
...   110 G-C ...
   20.3585  -90.5827  -19.5966
   -0.2694   -0.6122    0.7434
    0.9454   -0.3152    0.0830
    0.1835    0.7252    0.6637
...   111 G-C ...
   20.6332  -88.3504  -17.0597
    0.2901   -0.7503    0.5941
    0.9436    0.1207   -0.3082
    0.1595    0.6500    0.7430
...   112 C-G ...
   20.8849  -86.5409  -14.2525
    0.7667   -0.5743    0.2871
    0.6212    0.5504   -0.5578
    0.1623    0.6060    0.7788
...   113 T-A ...
   21.4350  -84.8515  -11.4091
    0.9771   -0.1871   -0.1011
    0.0934    0.8046   -0.5865
    0.1911    0.5636    0.8036
...   114 C-G ...
   22.1807  -83.0846   -8.6948
    0.8259    0.3570   -0.4364
   -0.5305    0.7543   -0.3868
    0.1910    0.5510    0.8124
...   115 G-C ...
   22.5046  -80.9161   -6.0909
    0.3314    0.7079   -0.6238
   -0.9175    0.3960   -0.0381
    0.2200    0.5849    0.7807
...   116 T-A ...
   23.8376  -79.1246   -3.5652
   -0.2326    0.8038   -0.5476
   -0.9509   -0.0698    0.3015
    0.2041    0.5908    0.7805
...   117 A-T ...
   24.1339  -77.4309   -0.5998
   -0.8044    0.5587   -0.2022
   -0.5615   -0.6036    0.5660
    0.1941    0.5688    0.7992
...   118 T-A ...
   24.9792  -75.1207    1.5936
   -0.9814    0.1540    0.1147
   -0.0593   -0.8109    0.5821
    0.1827    0.5645    0.8050
...   119 A-T ...
   25.5874  -73.4739    4.4858
   -0.8112   -0.4298    0.3966
    0.5732   -0.7189    0.3933
    0.1161    0.5464    0.8295
...   120 A-T ...
   25.7608  -71.6415    7.1583
   -0.3221   -0.7829    0.5322
    0.9419   -0.3218    0.0966
    0.0957    0.5324    0.8411
...   121 T-A ...
   25.3891  -69.8987    9.9287
    0.2160   -0.8406    0.4967
    0.9726    0.1404   -0.1853
    0.0861    0.5231    0.8479
...   122 G-C ...
   26.0454  -68.2847   12.8145
    0.7529   -0.6199    0.2211
    0.6495    0.6457   -0.4015
    0.1062    0.4459    0.8888
...   123 T-A ...
   26.1998  -67.3757   16.0460
    0.9856   -0.1629   -0.0444
    0.1264    0.8864   -0.4453
    0.1119    0.4332    0.8943
...   124 G-C ...
   26.6642  -65.6244   18.8781
    0.8489    0.3978   -0.3480
   -0.5030    0.8102   -0.3010
    0.1622    0.4305    0.8879
...   125 T-A ...
   27.6561  -64.6285   21.9461
    0.4263    0.7782   -0.4612
   -0.8907    0.4500   -0.0642
    0.1576    0.4382    0.8850
...   126 C-G ...
   28.2384  -63.2398   24.9099
   -0.2198    0.8824   -0.4159
   -0.9654   -0.1355    0.2229
    0.1404    0.4505    0.8817
...   127 G-C ...
   28.3195  -61.9193   28.0554
   -0.7564    0.5803   -0.3018
   -0.6519   -0.6312    0.4203
    0.0534    0.5147    0.8557
...   128 A-T ...
   28.5317  -60.2008   30.8600
   -0.9983    0.0523   -0.0258
   -0.0581   -0.8546    0.5160
    0.0050    0.5166    0.8562
...   129 C-G ...
   28.3659  -58.0060   33.3336
   -0.8694   -0.4432    0.2186
    0.4924   -0.7391    0.4597
   -0.0422    0.5073    0.8607
...   130 C-G ...
   27.8470  -56.2996   36.2077
   -0.4311   -0.8285    0.3575
    0.8940   -0.3384    0.2938
   -0.1224    0.4462    0.8865
...   131 A-T ...
   27.6312  -55.0079   39.3146
    0.1997   -0.9036    0.3789
    0.9676    0.2427    0.0690
   -0.1543    0.3529    0.9229
...   132 A-T ...
   26.9217  -54.0232   42.3409
    0.7355   -0.5721    0.3630
    0.6545    0.7384   -0.1624
   -0.1752    0.3570    0.9175
...   133 A-T ...
   26.2306  -53.1095   45.4023
    0.9736    0.0026    0.2284
    0.0795    0.9335   -0.3497
   -0.2142    0.3586    0.9086
...   134 T-A ...
   25.6308  -52.5796   48.6349
    0.8597    0.5096    0.0340
   -0.4497    0.7867   -0.4230
   -0.2423    0.3484    0.9055
...   135 G-C ...
   25.2859  -52.4980   52.0750
    0.3205    0.9427   -0.0927
   -0.8825    0.2616   -0.3908
   -0.3441    0.2071    0.9158
...   136 T-A ...
   25.5356  -52.9667   55.8001
   -0.2443    0.9563   -0.1608
   -0.8908   -0.2868   -0.3525
   -0.3832    0.0571    0.9219
...   137 G-C ...
   24.9038  -52.7259   58.9820
   -0.7529    0.5562   -0.3519
   -0.5214   -0.8303   -0.1968
   -0.4017    0.0354    0.9151
...   138 A-T ...
   24.0250  -51.6260   61.9210
   -0.9563    0.0400   -0.2896
   -0.0523   -0.9980    0.0347
   -0.2877    0.0483    0.9565
...   139 G-C ...
   22.3574  -51.2299   64.4909
   -0.8529   -0.5117   -0.1032
    0.4973   -0.8566    0.1372
   -0.1586    0.0657    0.9852
...   140 C-G ...
   22.1609  -50.1385   67.4617
   -0.4681   -0.8749    0.1247
    0.8495   -0.4066    0.3363
   -0.2435    0.2633    0.9335
...   141 G-C ...
   21.4367  -51.8163   72.7855
    0.1304   -0.7141   -0.6877
    0.8897   -0.2218    0.3990
   -0.4375   -0.6639    0.6065
...   142 C-G ...
   20.4355  -54.2993   74.5394
    0.5847   -0.7390   -0.3347
    0.7593    0.3532    0.5466
   -0.2857   -0.5737    0.7676
...   143 T-A ...
   18.4378  -55.5189   76.5272
    0.8548   -0.5006    0.1370
    0.3188    0.7147    0.6225
   -0.4096   -0.4884    0.7705
...   144 C-G ...
   16.8485  -57.7125   78.2647
    0.8529   -0.0846    0.5152
   -0.1509    0.9047    0.3983
   -0.4998   -0.4175    0.7589
...   145 A-T ...
   15.7933  -59.5517   80.7962
    0.5515    0.4995    0.6681
   -0.6739    0.7388    0.0040
   -0.4915   -0.4525    0.7441
...   146 C-G ...
   15.7411  -61.4838   83.9295
    0.0342    0.7400    0.6718
   -0.8637    0.3601   -0.3527
   -0.5029   -0.5681    0.6514
...   147 A-T ...
   14.7482  -63.4169   86.8164
   -0.5923    0.6746    0.4405
   -0.6886   -0.1400   -0.7115
   -0.4183   -0.7247    0.5475
