  147 base-pairs
...     1 T-A ...
    0.0000    0.0000    0.0000
    1.0000    0.0000    0.0000
    0.0000    1.0000    0.0000
    0.0000    0.0000    1.0000
...     2 G-C ...
   -0.5555   -1.1003    3.3981
    0.7749    0.6051    0.1828
   -0.5991    0.7953   -0.0929
   -0.2016   -0.0375    0.9787
...     3 T-A ...
   -0.6619   -3.0237    6.5348
    0.3046    0.9250    0.2271
   -0.8994    0.3578   -0.2510
   -0.3134   -0.1278    0.9410
...     4 G-C ...
   -1.1607   -3.8418    9.6940
   -0.3351    0.9421    0.0133
   -0.8752   -0.3061   -0.3746
   -0.3489   -0.1372    0.9271
...     5 A-T ...
   -1.3881   -3.6770   12.8999
   -0.7835    0.6162   -0.0801
   -0.5677   -0.7622   -0.3109
   -0.2527   -0.1981    0.9470
...     6 G-C ...
   -2.6236   -3.5448   15.7072
   -0.9923    0.0611   -0.1075
   -0.0294   -0.9610   -0.2748
   -0.1201   -0.2695    0.9555
...     7 C-G ...
   -2.3138   -3.7570   18.8866
   -0.8620   -0.4995   -0.0864
    0.5008   -0.8655    0.0073
   -0.0785   -0.0370    0.9962
...     8 G-C ...
   -3.9561   -6.8109   23.3205
   -0.2581   -0.3560   -0.8981
    0.6294   -0.7673    0.1233
   -0.7330   -0.5335    0.4221
...     9 C-G ...
   -6.1177   -8.9414   24.2385
    0.1143   -0.7320   -0.6716
    0.8123   -0.3203    0.4874
   -0.5720   -0.6013    0.5580
...    10 T-A ...
   -8.5041   -9.6771   26.0540
    0.4660   -0.8587   -0.2131
    0.6274    0.1508    0.7640
   -0.6239   -0.4897    0.6090
...    11 C-G ...
  -11.0625  -11.3174   27.2336
    0.6660   -0.6911    0.2808
    0.3382    0.6152    0.7121
   -0.6649   -0.3794    0.6435
...    12 A-T ...
  -13.0013  -13.1789   29.0658
    0.7188   -0.1490    0.6790
   -0.1787    0.9043    0.3876
   -0.6718   -0.4000    0.6235
...    13 C-G ...
  -14.1788  -15.9359   31.3399
    0.4052    0.2865    0.8682
   -0.5270    0.8492   -0.0343
   -0.7470   -0.4437    0.4951
...    14 A-T ...
  -15.9532  -18.1566   33.3080
   -0.1503    0.6873    0.7107
   -0.6106    0.5008   -0.6135
   -0.7776   -0.5261    0.3444
...    15 A-T ...
  -18.3909  -19.8218   34.7179
   -0.5030    0.8385    0.2094
   -0.4300   -0.0327   -0.9022
   -0.7497   -0.5439    0.3770
...    16 T-A ...
  -20.6223  -21.5024   36.6966
   -0.7067    0.6427   -0.2958
   -0.0748   -0.4836   -0.8721
   -0.7036   -0.5942    0.3898
...    17 T-A ...
  -22.8588  -23.2215   38.3516
   -0.6665    0.1743   -0.7248
    0.3825   -0.7546   -0.5332
   -0.6399   -0.6326    0.4363
...    18 T-A ...
  -25.0388  -25.0102   40.0718
   -0.3549   -0.3495   -0.8671
    0.7272   -0.6861   -0.0210
   -0.5876   -0.6380    0.4977
...    19 A-T ...
  -26.6439  -27.3613   41.9690
    0.1953   -0.7048   -0.6820
    0.8161   -0.2689    0.5116
   -0.5440   -0.6564    0.5227
...    20 T-A ...
  -28.8862  -29.4197   43.2494
    0.6055   -0.7288   -0.3196
    0.6048    0.1604    0.7801
   -0.5173   -0.6656    0.5379
...    21 T-A ...
  -30.6489  -31.6760   44.8096
    0.8693   -0.4744    0.1387
    0.1628    0.5399    0.8259
   -0.4666   -0.6954    0.5466
...    22 C-G ...
  -32.0188  -33.9993   46.6731
    0.8322   -0.0204    0.5541
   -0.3864    0.6954    0.6059
   -0.3977   -0.7184    0.5708
...    23 G-C ...
  -33.0836  -35.9687   49.3195
    0.5303    0.4953    0.6881
   -0.8205    0.5042    0.2694
   -0.2135   -0.7074    0.6738
...    24 C-G ...
  -33.3464  -38.3458   51.5680
    0.0253    0.7230    0.6904
   -0.9813    0.1499   -0.1210
   -0.1909   -0.6744    0.7133
...    25 A-T ...
  -34.5907  -40.4257   53.9841
   -0.5797    0.6717    0.4613
   -0.7995   -0.3598   -0.4809
   -0.1570   -0.6476    0.7456
...    26 A-T ...
  -35.0066  -42.3597   56.6364
   -0.9500    0.2871    0.1226
   -0.2940   -0.6907   -0.6606
   -0.1050   -0.6637    0.7406
...    27 A-T ...
  -35.1602  -44.3046   59.2803
   -0.9382   -0.2419   -0.2473
    0.3455   -0.6925   -0.6333
   -0.0180   -0.6796    0.7333
...    28 G-C ...
  -35.4678  -46.3684   61.9636
   -0.5800   -0.5786   -0.5735
    0.8144   -0.4280   -0.3919
   -0.0187   -0.6943    0.7194
...    29 G-C ...
  -35.6159  -48.6517   64.5577
    0.0180   -0.6747   -0.7379
    0.9997    0.0240    0.0024
    0.0161   -0.7377    0.6749
...    30 C-G ...
  -35.9272  -51.0127   66.8429
    0.5752   -0.4891   -0.6556
    0.8143    0.4180    0.4027
    0.0771   -0.7655    0.6387
...    31 C-G ...
  -35.8624  -53.5828   68.9625
    0.9161   -0.0913   -0.3904
    0.3593    0.6189    0.6985
    0.1779   -0.7802    0.5997
...    32 G-C ...
  -35.0013  -55.7913   71.0066
    0.9306    0.3609   -0.0609
   -0.1570    0.5440    0.8243
    0.3306   -0.7575    0.5629
...    33 G-C ...
  -33.3662  -58.1440   72.7337
    0.6538    0.6690    0.3536
   -0.6234    0.2114    0.7528
    0.4288   -0.7126    0.5553
...    34 C-G ...
  -31.4066  -60.1826   74.4503
    0.1667    0.7076    0.6866
   -0.8571   -0.2402    0.4557
    0.4874   -0.6645    0.5665
...    35 C-G ...
  -29.4459  -61.9445   76.6760
   -0.3682    0.4593    0.8084
   -0.7616   -0.6477    0.0211
    0.5333   -0.6079    0.5883
...    36 C-G ...
  -27.6004  -63.6900   78.9465
   -0.7527    0.0058    0.6584
   -0.3658   -0.8350   -0.4109
    0.5474   -0.5502    0.6306
...    37 G-C ...
  -25.7921  -66.4458   80.3067
   -0.8378   -0.4758    0.2678
    0.1500   -0.6722   -0.7251
    0.5249   -0.5673    0.6345
...    38 A-T ...
  -24.0025  -68.1284   82.3327
   -0.5777   -0.7872   -0.2158
    0.6069   -0.2375   -0.7584
    0.5458   -0.5691    0.6150
...    39 C-G ...
  -22.6564  -70.0310   84.5781
   -0.1835   -0.7730   -0.6073
    0.8187    0.2218   -0.5297
    0.5442   -0.5944    0.5921
...    40 A-T ...
  -20.7805  -72.0418   86.5163
    0.3007   -0.4386   -0.8469
    0.7586    0.6482   -0.0663
    0.5780   -0.6225    0.5276
...    41 C-G ...
  -19.0897  -74.4801   87.9292
    0.6119    0.0090   -0.7909
    0.4923    0.7783    0.3898
    0.6191   -0.6278    0.4718
...    42 G-C ...
  -16.7568  -76.1206   89.7168
    0.7164    0.5320   -0.4514
    0.0543    0.6025    0.7963
    0.6956   -0.5949    0.4028
...    43 A-T ...
  -14.5454  -78.0506   90.9583
    0.6000    0.7932    0.1046
   -0.3817    0.1689    0.9087
    0.7031   -0.5851    0.4040
...    44 C-G ...
  -11.9154  -79.9141   91.6828
    0.2594    0.7911    0.5540
   -0.6193   -0.3039    0.7240
    0.7411   -0.5308    0.4111
...    45 T-A ...
   -8.7951  -81.3307   92.8593
   -0.1761    0.4831    0.8577
   -0.6333   -0.7227    0.2770
    0.7536   -0.4943    0.4332
...    46 T-A ...
   -6.1442  -82.6863   94.1558
   -0.4712    0.0049    0.8820
   -0.4443   -0.8652   -0.2326
    0.7619   -0.5015    0.4098
...    47 A-T ...
   -3.6278  -84.7456   95.2362
   -0.6082   -0.6064    0.5122
   -0.0191   -0.6339   -0.7731
    0.7936   -0.4800    0.3740
...    48 C-G ...
   -1.0989  -86.0059   97.0743
   -0.5236   -0.8519    0.0066
    0.3147   -0.2006   -0.9277
    0.7917   -0.4837    0.3732
...    49 T-A ...
    1.3482  -87.7625   98.6502
   -0.3212   -0.7838   -0.5315
    0.5574    0.2973   -0.7752
    0.7656   -0.5452    0.3414
...    50 G-C ...
    3.9799  -89.6635   99.5726
   -0.0326   -0.3977   -0.9169
    0.6405    0.6959   -0.3246
    0.7672   -0.5979    0.2321
...    51 T-A ...
    6.0890  -91.9854  100.2755
    0.2555    0.0480   -0.9656
    0.5717    0.7980    0.1909
    0.7797   -0.6008    0.1764
...    52 A-T ...
    8.8180  -93.9087  100.5859
    0.4371    0.5782   -0.6889
    0.3479    0.5976    0.7224
    0.8294   -0.5554    0.0601
...    53 G-C ...
   11.4360  -95.8362  100.6228
    0.4612    0.8601   -0.2180
    0.0979    0.1948    0.9759
    0.8819   -0.4715    0.0056
...    54 G-C ...
   14.6836  -97.2368   99.8771
    0.3586    0.8564    0.3715
   -0.1384   -0.3448    0.9284
    0.9232   -0.3844   -0.0051
...    55 T-A ...
   17.8535  -98.0422   99.5390
    0.2255    0.5493    0.8046
   -0.2844   -0.7528    0.5936
    0.9318   -0.3626   -0.0135
...    56 A-T ...
   21.1735  -98.8243   99.4544
   -0.0176   -0.0010    0.9998
   -0.3340   -0.9426   -0.0068
    0.9424   -0.3340    0.0163
...    57 T-A ...
   24.4594  -99.1943   99.6146
   -0.1631   -0.5108    0.8441
   -0.2801   -0.7964   -0.5361
    0.9460   -0.3238   -0.0132
...    58 C-G ...
   27.7028 -100.1811   99.8296
   -0.3011   -0.9000    0.3153
   -0.1282   -0.2895   -0.9486
    0.9449   -0.3260   -0.0282
...    59 T-A ...
   30.8270 -101.4144  100.0505
   -0.3706   -0.8947   -0.2494
    0.0597    0.2450   -0.9677
    0.9269   -0.3735   -0.0374
...    60 C-G ...
   33.9777 -102.6261   99.9258
   -0.2929   -0.5576   -0.7768
    0.2636    0.7338   -0.6261
    0.9191   -0.3881   -0.0680
...    61 G-C ...
   37.1613 -103.4686   99.2570
   -0.2833   -0.0093   -0.9590
    0.3990    0.9082   -0.1267
    0.8721   -0.4185   -0.2536
...    62 A-T ...
   40.1434 -104.6683   98.5145
   -0.0613    0.5500   -0.8329
    0.4734    0.7506    0.4609
    0.8787   -0.3660   -0.3065
...    63 G-C ...
   42.9435 -105.8760   97.1803
    0.1344    0.8899   -0.4359
    0.4559    0.3350    0.8246
    0.8798   -0.3095   -0.3607
...    64 C-G ...
   45.7482 -106.8033   95.4515
    0.3418    0.9289    0.1422
    0.3178   -0.2567    0.9128
    0.8844   -0.2668   -0.3829
...    65 T-A ...
   48.6628 -107.5020   94.0435
    0.4395    0.6452    0.6249
    0.1190   -0.7314    0.6715
    0.8903   -0.2208   -0.3982
...    66 C-G ...
   51.7020 -108.2838   93.0291
    0.4219    0.0694    0.9040
   -0.1254   -0.9830    0.1340
    0.8979   -0.1699   -0.4060
...    67 G-C ...
   54.5546 -109.9374   91.7372
    0.2460   -0.5174    0.8196
   -0.3199   -0.8415   -0.4353
    0.9149   -0.1551   -0.3726
...    68 G-C ...
   57.7150 -110.2924   90.5229
   -0.0297   -0.8989    0.4371
   -0.4350   -0.3821   -0.8154
    0.9000   -0.2144   -0.3796
...    69 G-C ...
   60.8222 -110.9703   89.4415
   -0.3521   -0.9347   -0.0484
   -0.3387    0.1755   -0.9244
    0.8725   -0.3091   -0.3783
...    70 A-T ...
   63.8191 -112.0563   88.4086
   -0.5110   -0.6308   -0.5839
   -0.0671    0.7065   -0.7045
    0.8570   -0.3208   -0.4033
...    71 T-A ...
   66.5305 -113.6374   87.4014
   -0.5042   -0.1552   -0.8495
    0.2129    0.9310   -0.2964
    0.8369   -0.3303   -0.4364
...    72 C-G ...
   69.1641 -114.9347   85.8553
   -0.3210    0.4434   -0.8369
    0.4843    0.8362    0.2573
    0.8139   -0.3227   -0.4831
...    73 C-G ...
   71.7563 -116.0576   84.1813
   -0.1202    0.8549   -0.5048
    0.6016    0.4672    0.6480
    0.7897   -0.2258   -0.5704
...    74 G-C ...
   74.6313 -116.4500   82.5000
    0.1424    0.9895    0.0235
    0.6163   -0.1073    0.7802
    0.7746   -0.0966   -0.6251
...    75 C-G ...
   77.0581 -116.3229   80.0088
    0.4703    0.7421    0.4776
    0.4450   -0.6668    0.5978
    0.7621   -0.0687   -0.6438
...    76 T-A ...
   79.7896 -115.8593   77.8365
    0.6564    0.2109    0.7243
    0.1384   -0.9775    0.1592
    0.7416   -0.0043   -0.6708
...    77 T-A ...
   82.1930 -115.4952   75.6295
    0.6627   -0.4213    0.6192
   -0.2909   -0.9067   -0.3056
    0.6901    0.0224   -0.7234
...    78 T-A ...
   84.5445 -115.0684   73.3466
    0.4031   -0.8748    0.2690
   -0.6474   -0.4803   -0.5918
    0.6469    0.0644   -0.7599
...    79 A-T ...
   86.0858 -114.7495   70.3655
   -0.0655   -0.9787   -0.1945
   -0.7835    0.1712   -0.5974
    0.6179    0.1133   -0.7780
...    80 A-T ...
   88.1852 -114.4321   67.9626
   -0.5151   -0.7033   -0.4900
   -0.6192    0.7006   -0.3546
    0.5926    0.1207   -0.7964
...    81 C-G ...
   90.4438 -114.5336   65.4558
   -0.7895   -0.2113   -0.5762
   -0.2461    0.9691   -0.0182
    0.5623    0.1274   -0.8171
...    82 A-T ...
   92.2014 -114.1157   62.5980
   -0.8468    0.3764   -0.3759
    0.2747    0.9145    0.2970
    0.4556    0.1482   -0.8778
...    83 C-G ...
   93.1764 -113.9569   59.4065
   -0.5891    0.7993   -0.1185
    0.6985    0.5774    0.4228
    0.4064    0.1663   -0.8985
...    84 T-A ...
   94.0117 -113.4111   55.9602
   -0.0867    0.9714    0.2211
    0.9301   -0.0006    0.3673
    0.3569    0.2375   -0.9034
...    85 T-A ...
   94.8512 -112.5185   52.9176
    0.5095    0.7861    0.3498
    0.8010   -0.5819    0.1410
    0.3144    0.2083   -0.9261
...    86 T-A ...
   95.6146 -111.5960   49.8464
    0.9055    0.2997    0.3005
    0.3386   -0.9370   -0.0858
    0.2558    0.1795   -0.9499
...    87 A-T ...
   96.3207 -111.3498   46.3860
    0.8962   -0.4431    0.0198
   -0.4280   -0.8756   -0.2237
    0.1165    0.1920   -0.9744
...    88 T-A ...
   97.1883 -110.2478   43.3990
    0.5693   -0.8170   -0.0920
   -0.8159   -0.5475   -0.1860
    0.1015    0.1809   -0.9782
...    89 G-C ...
   97.7740 -109.7226   40.1752
   -0.0603   -0.9935   -0.0970
   -0.9910    0.0713   -0.1137
    0.1199    0.0892   -0.9888
...    90 C-G ...
   98.3991 -109.7899   36.9870
   -0.5978   -0.7985   -0.0704
   -0.8004    0.5994   -0.0018
    0.0436    0.0553   -0.9975
...    91 T-A ...
   98.8720 -109.8459   33.5694
   -0.9476   -0.3184    0.0243
   -0.3171    0.9473    0.0452
   -0.0374    0.0351   -0.9987
...    92 T-A ...
   98.6571 -109.9338   30.3904
   -0.9565    0.2496    0.1506
    0.2507    0.9680   -0.0123
   -0.1489    0.0260   -0.9885
...    93 C-G ...
   97.8330 -109.8948   27.2173
   -0.6242    0.7470    0.2289
    0.7382    0.6598   -0.1402
   -0.2558    0.0815   -0.9633
...    94 C-G ...
   96.6976 -109.4825   24.1582
   -0.1025    0.9686    0.2264
    0.9412    0.1681   -0.2932
   -0.3220    0.1831   -0.9289
...    95 G-C ...
   96.0213 -108.3519   21.2979
    0.4404    0.8906    0.1135
    0.8168   -0.3450   -0.4623
   -0.3726    0.2963   -0.8794
...    96 G-C ...
   94.9675 -106.6858   18.4885
    0.8296    0.5362   -0.1557
    0.3972   -0.7627   -0.5104
   -0.3924    0.3616   -0.8457
...    97 C-G ...
   93.8585 -104.8847   15.8513
    0.9100    0.0008   -0.4146
   -0.1590   -0.9229   -0.3508
   -0.3829    0.3851   -0.8397
...    98 T-A ...
   92.6007 -103.5612   13.0675
    0.6457   -0.5024   -0.5750
   -0.6422   -0.7647   -0.0531
   -0.4130    0.4036   -0.8164
...    99 C-G ...
   91.0043 -101.9854   10.4399
    0.0873   -0.8692   -0.4868
   -0.8753   -0.3002    0.3791
   -0.4756    0.3930   -0.7870
...   100 G-C ...
   88.9353 -100.5257    8.2337
   -0.4195   -0.9041   -0.0813
   -0.7039    0.2675    0.6580
   -0.5731    0.3333   -0.7486
...   101 T-A ...
   87.4717  -99.6815    5.2804
   -0.7116   -0.6177    0.3348
   -0.3406    0.7201    0.6045
   -0.6145    0.3162   -0.7228
...   102 T-A ...
   85.4065  -98.7499    2.9422
   -0.7407   -0.1140    0.6621
    0.1260    0.9444    0.3036
   -0.6599    0.3083   -0.6852
...   103 C-G ...
   83.1357  -97.4429    1.0820
   -0.4434    0.4155    0.7942
    0.4906    0.8540   -0.1729
   -0.7501    0.3130   -0.5826
...   104 A-T ...
   80.2589  -96.6914   -0.6241
   -0.0017    0.7608    0.6490
    0.5467    0.5441   -0.6364
   -0.8373    0.3537   -0.4168
...   105 T-A ...
   77.3055  -95.5829   -1.4897
    0.3229    0.9139    0.2462
    0.4394    0.0856   -0.8942
   -0.8383    0.3969   -0.3739
...   106 G-C ...
   74.4774  -94.0903   -2.6085
    0.5452    0.7522   -0.3702
    0.0847   -0.4887   -0.8683
   -0.8340    0.4420   -0.3301
...   107 T-A ...
   71.6500  -92.2290   -3.2728
    0.4445    0.3443   -0.8270
   -0.2512   -0.8383   -0.4840
   -0.8598    0.4228   -0.2862
...   108 T-A ...
   68.8480  -90.6530   -3.9390
    0.0908   -0.2109   -0.9733
   -0.4518   -0.8797    0.1485
   -0.8875    0.4263   -0.1752
...   109 A-T ...
   65.5286  -89.3703   -4.0037
   -0.3815   -0.7331   -0.5631
   -0.2890   -0.4840    0.8260
   -0.8780    0.4778   -0.0272
...   110 T-A ...
   62.8326  -87.5917   -4.6820
   -0.4856   -0.8734   -0.0355
   -0.0074   -0.0365    0.9993
   -0.8741    0.4856    0.0113
...   111 A-T ...
   59.9563  -85.7694   -4.2548
   -0.3331   -0.7056    0.6254
    0.3341    0.5319    0.7781
   -0.8817    0.4682    0.0586
...   112 A-T ...
   57.0729  -84.4729   -4.0612
   -0.0169   -0.3145    0.9491
    0.4535    0.8436    0.2876
   -0.8911    0.4352    0.1284
...   113 C-G ...
   53.8815  -83.6471   -3.4787
    0.2970    0.1827    0.9372
    0.3668    0.8844   -0.2886
   -0.8816    0.4295    0.1957
...   114 G-C ...
   51.3071  -81.7784   -2.5891
    0.5643    0.5932    0.5742
    0.0493    0.6700   -0.7407
   -0.8241    0.4463    0.3489
...   115 G-C ...
   49.1588  -79.7654   -1.0206
    0.5869    0.8092    0.0283
   -0.3578    0.2904   -0.8875
   -0.7264    0.5107    0.4599
...   116 A-T ...
   46.8997  -77.9454    0.7805
    0.2166    0.8145   -0.5382
   -0.6757   -0.2728   -0.6848
   -0.7046    0.5120    0.4913
...   117 A-T ...
   44.7885  -76.2430    2.5776
   -0.3008    0.4970   -0.8140
   -0.6438   -0.7355   -0.2112
   -0.7036    0.4605    0.5412
...   118 T-A ...
   42.8663  -74.1669    4.4180
   -0.6681    0.0357   -0.7432
   -0.3530   -0.8945    0.2743
   -0.6551    0.4456    0.6102
...   119 A-T ...
   40.8152  -72.9189    7.0886
   -0.7843   -0.5896   -0.1930
    0.3213   -0.6521    0.6867
   -0.5307    0.4765    0.7009
...   120 A-T ...
   39.0174  -71.1574    9.1789
   -0.4357   -0.8635    0.2541
    0.7420   -0.1847    0.6444
   -0.5095    0.4694    0.7212
...   121 T-A ...
   36.8750  -69.6488   11.2408
    0.0431   -0.8279    0.5593
    0.8679    0.3083    0.3894
   -0.4948    0.4686    0.7318
...   122 G-C ...
   35.2384  -68.0420   13.9339
    0.6380   -0.5005    0.5852
    0.6403    0.7669   -0.0421
   -0.4277    0.4016    0.8098
...   123 T-A ...
   33.7757  -67.1897   16.7472
    0.8993   -0.0270    0.4366
    0.1954    0.9177   -0.3458
   -0.3913    0.3963    0.8306
...   124 G-C ...
   32.6344  -65.8128   19.6524
    0.8596    0.5073    0.0601
   -0.4155    0.7628   -0.4955
   -0.2973    0.4010    0.8665
...   125 T-A ...
   32.0277  -64.8042   22.6428
    0.5079    0.8209   -0.2609
   -0.8249    0.3763   -0.4219
   -0.2482    0.4295    0.8683
...   126 C-G ...
   31.3787  -63.2710   25.3698
   -0.1012    0.8875   -0.4495
   -0.9711   -0.1862   -0.1490
   -0.2160    0.4214    0.8808
...   127 G-C ...
   30.0085  -62.0344   28.2351
   -0.6583    0.5744   -0.4865
   -0.7243   -0.6594    0.2015
   -0.2050    0.4850    0.8501
...   128 A-T ...
   29.4476  -60.4658   30.9886
   -0.9679    0.0544   -0.2454
   -0.1632   -0.8787    0.4487
   -0.1912    0.4743    0.8593
...   129 C-G ...
   28.8523  -58.2488   33.4060
   -0.8896   -0.4561    0.0226
    0.4036   -0.7621    0.5063
   -0.2137    0.4595    0.8621
...   130 C-G ...
   27.8377  -56.5818   36.2059
   -0.4814   -0.8441    0.2362
    0.8345   -0.3589    0.4181
   -0.2682    0.3984    0.8772
...   131 A-T ...
   28.0390  -55.1539   39.4020
    0.1774   -0.8948    0.4098
    0.9541    0.2584    0.1511
   -0.2411    0.3642    0.8996
...   132 A-T ...
   27.2119  -54.0412   42.3820
    0.7195   -0.5677    0.4001
    0.6555    0.7454   -0.1210
   -0.2295    0.3493    0.9085
...   133 A-T ...
   26.2901  -53.2050   45.4290
    0.9626    0.0054    0.2709
    0.0917    0.9344   -0.3443
   -0.2550    0.3563    0.8989
...   134 T-A ...
   25.6308  -52.5796   48.6349
    0.8597    0.5096    0.0340
   -0.4497    0.7867   -0.4230
   -0.2423    0.3484    0.9055
...   135 G-C ...
   25.2859  -52.4981   52.0750
    0.3205    0.9427   -0.0927
   -0.8825    0.2616   -0.3908
   -0.3441    0.2071    0.9158
...   136 T-A ...
   25.5356  -52.9668   55.8002
   -0.2443    0.9563   -0.1608
   -0.8908   -0.2868   -0.3525
   -0.3832    0.0571    0.9219
...   137 G-C ...
   24.9038  -52.7259   58.9821
   -0.7529    0.5562   -0.3519
   -0.5214   -0.8303   -0.1968
   -0.4017    0.0354    0.9151
...   138 A-T ...
   24.0250  -51.6261   61.9211
   -0.9563    0.0400   -0.2896
   -0.0523   -0.9980    0.0347
   -0.2877    0.0483    0.9565
...   139 G-C ...
   22.3575  -51.2300   64.4909
   -0.8529   -0.5117   -0.1032
    0.4973   -0.8566    0.1372
   -0.1586    0.0657    0.9852
...   140 C-G ...
   22.1609  -50.1386   67.4618
   -0.4681   -0.8749    0.1247
    0.8495   -0.4066    0.3363
   -0.2435    0.2633    0.9335
...   141 G-C ...
   21.4367  -51.8164   72.7856
    0.1304   -0.7141   -0.6877
    0.8897   -0.2218    0.3990
   -0.4375   -0.6639    0.6065
...   142 C-G ...
   20.4355  -54.2994   74.5395
    0.5847   -0.7390   -0.3347
    0.7593    0.3532    0.5466
   -0.2857   -0.5737    0.7676
...   143 T-A ...
   18.4378  -55.5190   76.5273
    0.8548   -0.5006    0.1370
    0.3188    0.7147    0.6225
   -0.4096   -0.4884    0.7705
...   144 C-G ...
   16.8486  -57.7126   78.2648
    0.8529   -0.0846    0.5152
   -0.1509    0.9047    0.3983
   -0.4998   -0.4175    0.7589
...   145 A-T ...
   15.7934  -59.5518   80.7963
    0.5515    0.4995    0.6681
   -0.6739    0.7388    0.0040
   -0.4915   -0.4525    0.7441
...   146 C-G ...
   15.7411  -61.4839   83.9296
    0.0342    0.7400    0.6718
   -0.8637    0.3601   -0.3527
   -0.5029   -0.5681    0.6514
...   147 A-T ...
   14.7482  -63.4170   86.8165
   -0.5923    0.6746    0.4405
   -0.6886   -0.1400   -0.7115
   -0.4183   -0.7247    0.5475
