  147 base-pairs
...     1 T-A ...
    0.0000    0.0000    0.0000
    1.0000    0.0000    0.0000
    0.0000    1.0000    0.0000
    0.0000    0.0000    1.0000
...     2 G-C ...
   -0.5555   -1.1003    3.3981
    0.7749    0.6051    0.1828
   -0.5991    0.7953   -0.0929
   -0.2016   -0.0375    0.9787
...     3 T-A ...
   -0.6619   -3.0237    6.5348
    0.3046    0.9250    0.2271
   -0.8994    0.3578   -0.2510
   -0.3134   -0.1278    0.9410
...     4 G-C ...
   -1.1607   -3.8418    9.6940
   -0.3351    0.9421    0.0133
   -0.8752   -0.3061   -0.3746
   -0.3489   -0.1372    0.9271
...     5 A-T ...
   -1.3881   -3.6770   12.8999
   -0.7835    0.6162   -0.0801
   -0.5677   -0.7622   -0.3109
   -0.2527   -0.1981    0.9470
...     6 G-C ...
   -2.6236   -3.5448   15.7072
   -0.9923    0.0611   -0.1075
   -0.0294   -0.9610   -0.2748
   -0.1201   -0.2695    0.9555
...     7 C-G ...
   -2.3138   -3.7570   18.8866
   -0.8620   -0.4995   -0.0864
    0.5008   -0.8655    0.0073
   -0.0785   -0.0370    0.9962
...     8 G-C ...
   -3.9561   -6.8109   23.3205
   -0.2581   -0.3560   -0.8981
    0.6294   -0.7673    0.1233
   -0.7330   -0.5335    0.4221
...     9 C-G ...
   -6.1177   -8.9414   24.2385
    0.1143   -0.7320   -0.6716
    0.8123   -0.3203    0.4874
   -0.5720   -0.6013    0.5580
...    10 T-A ...
   -8.5041   -9.6771   26.0540
    0.4660   -0.8587   -0.2131
    0.6274    0.1508    0.7640
   -0.6239   -0.4897    0.6090
...    11 C-G ...
  -11.0625  -11.3174   27.2336
    0.6660   -0.6911    0.2808
    0.3382    0.6152    0.7121
   -0.6649   -0.3794    0.6435
...    12 A-T ...
  -13.0013  -13.1789   29.0658
    0.7188   -0.1490    0.6790
   -0.1787    0.9043    0.3876
   -0.6718   -0.4000    0.6235
...    13 C-G ...
  -14.1788  -15.9359   31.3399
    0.4052    0.2865    0.8682
   -0.5270    0.8492   -0.0343
   -0.7470   -0.4437    0.4951
...    14 A-T ...
  -15.9532  -18.1566   33.3080
   -0.1503    0.6873    0.7107
   -0.6106    0.5008   -0.6135
   -0.7776   -0.5261    0.3444
...    15 A-T ...
  -18.2940  -19.9846   34.6761
   -0.5241    0.8217    0.2238
   -0.3986   -0.0044   -0.9171
   -0.7526   -0.5699    0.3298
...    16 T-A ...
  -20.5314  -21.7341   36.4183
   -0.6819    0.6754   -0.2809
   -0.0559   -0.4310   -0.9006
   -0.7293   -0.5984    0.3316
...    17 T-A ...
  -22.8548  -23.5775   37.7948
   -0.6139    0.2574   -0.7463
    0.3802   -0.7321   -0.5652
   -0.6918   -0.6307    0.3516
...    18 T-A ...
  -25.1799  -25.4467   39.1098
   -0.2831   -0.2360   -0.9296
    0.6873   -0.7259   -0.0250
   -0.6689   -0.6460    0.3677
...    19 A-T ...
  -27.1671  -27.8134   40.4658
    0.2429   -0.6032   -0.7597
    0.7207   -0.4120    0.5576
   -0.6494   -0.6829    0.3347
...    20 T-A ...
  -29.6513  -29.8739   41.0460
    0.5941   -0.7112   -0.3757
    0.4957   -0.0441    0.8674
   -0.6335   -0.7016    0.3264
...    21 T-A ...
  -31.7128  -32.2139   41.9121
    0.7954   -0.5793    0.1784
    0.0577    0.3654    0.9291
   -0.6034   -0.7286    0.3240
...    22 C-G ...
  -33.5104  -34.7431   42.9752
    0.7020   -0.2111    0.6802
   -0.4472    0.6127    0.6516
   -0.5543   -0.7616    0.3357
...    23 G-C ...
  -35.3217  -37.1257   44.5728
    0.3686    0.2563    0.8936
   -0.8095    0.5612    0.1729
   -0.4571   -0.7870    0.4143
...    24 C-G ...
  -36.3890  -39.8741   46.1702
   -0.1414    0.5484    0.8242
   -0.8914    0.2916   -0.3469
   -0.4306   -0.7837    0.4477
...    25 A-T ...
  -38.0689  -42.4028   47.5855
   -0.6284    0.6512    0.4255
   -0.6395   -0.1209   -0.7593
   -0.4430   -0.7492    0.4924
...    26 A-T ...
  -39.3337  -44.7917   49.4273
   -0.9060    0.4134   -0.0913
   -0.1280   -0.4730   -0.8717
   -0.4035   -0.7780    0.4815
...    27 A-T ...
  -40.6174  -47.1923   51.2333
   -0.8163    0.0225   -0.5772
    0.4472   -0.6080   -0.6561
   -0.3657   -0.7937    0.4862
...    28 G-C ...
  -42.0053  -49.6808   52.9799
   -0.4110   -0.2702   -0.8707
    0.8290   -0.5081   -0.2336
   -0.3793   -0.8178    0.4329
...    29 G-C ...
  -43.4795  -52.3451   54.4622
    0.1614   -0.4293   -0.8886
    0.9173   -0.2669    0.2956
   -0.3641   -0.8628    0.3507
...    30 C-G ...
  -45.0309  -55.1469   55.3554
    0.6663   -0.4506   -0.5941
    0.6701    0.0123    0.7422
   -0.3271   -0.8926    0.3101
...    31 C-G ...
  -46.0933  -58.2701   56.0703
    0.9556   -0.2730   -0.1111
    0.1768    0.2295    0.9571
   -0.2358   -0.9342    0.2676
...    32 G-C ...
  -46.5859  -61.3803   57.3355
    0.9054    0.0222    0.4240
   -0.4123    0.2838    0.8657
   -0.1011   -0.9586    0.2661
...    33 G-C ...
  -46.4542  -64.6626   58.1928
    0.5222    0.2522    0.8147
   -0.8527    0.1732    0.4929
   -0.0168   -0.9521    0.3055
...    34 C-G ...
  -46.0077  -67.8088   59.2651
   -0.0521    0.3319    0.9419
   -0.9986   -0.0291   -0.0450
    0.0125   -0.9429    0.3330
...    35 C-G ...
  -45.7442  -70.8921   60.6885
   -0.6139    0.3023    0.7292
   -0.7893   -0.2457   -0.5627
    0.0090   -0.9210    0.3894
...    36 C-G ...
  -45.6283  -73.8979   62.2901
   -0.9544    0.1547    0.2552
   -0.2963   -0.3897   -0.8720
   -0.0354   -0.9078    0.4178
...    37 G-C ...
  -45.7463  -77.1441   63.2835
   -0.9397   -0.0300   -0.3406
    0.3229   -0.4054   -0.8552
   -0.1124   -0.9137    0.3906
...    38 A-T ...
  -46.0816  -80.1230   64.6705
   -0.5464   -0.2425   -0.8017
    0.8292   -0.2916   -0.4769
   -0.1181   -0.9253    0.3604
...    39 C-G ...
  -47.0459  -83.0072   66.0030
   -0.0073   -0.3253   -0.9456
    0.9929   -0.1150    0.0319
   -0.1191   -0.9386    0.3238
...    40 A-T ...
  -47.1970  -86.1922   67.0848
    0.5861   -0.2174   -0.7805
    0.8070    0.0711    0.5862
   -0.0720   -0.9735    0.2171
...    41 C-G ...
  -47.7710  -89.4435   67.2534
    0.9300   -0.1006   -0.3534
    0.3656    0.1570    0.9174
   -0.0368   -0.9825    0.1828
...    42 G-C ...
  -47.5226  -92.7047   68.1703
    0.9681    0.1221    0.2187
   -0.2332    0.1212    0.9648
    0.0913   -0.9851    0.1458
...    43 A-T ...
  -47.0270  -95.9422   68.6274
    0.6238    0.1930    0.7574
   -0.7707   -0.0089    0.6371
    0.1297   -0.9812    0.1432
...    44 C-G ...
  -45.9497  -99.1081   68.9036
    0.1006    0.1650    0.9811
   -0.9833   -0.1338    0.1234
    0.1516   -0.9772    0.1488
...    45 T-A ...
  -45.1267 -102.2897   69.5805
   -0.4696    0.0861    0.8787
   -0.8679   -0.2277   -0.4415
    0.1620   -0.9699    0.1816
...    46 T-A ...
  -44.3327 -105.3793   70.3055
   -0.8883   -0.1124    0.4453
   -0.4153   -0.2169   -0.8834
    0.1959   -0.9697    0.1460
...    47 A-T ...
  -43.5722 -108.7211   70.2265
   -0.9297   -0.2655   -0.2553
    0.2787   -0.0542   -0.9588
    0.2407   -0.9626    0.1244
...    48 C-G ...
  -43.0797 -111.8849   71.1785
   -0.6337   -0.2261   -0.7398
    0.7390    0.1056   -0.6654
    0.2286   -0.9684    0.1002
...    49 T-A ...
  -42.6100 -115.1671   71.5591
   -0.1399   -0.0579   -0.9885
    0.9672    0.2057   -0.1489
    0.2119   -0.9769    0.0273
...    50 G-C ...
  -41.6653 -118.3988   71.4804
    0.4215    0.1938   -0.8859
    0.8738    0.1743    0.4539
    0.2424   -0.9654   -0.0959
...    51 T-A ...
  -41.2635 -121.5729   70.6675
    0.8112    0.3062   -0.4982
    0.5150    0.0293    0.8567
    0.2769   -0.9515   -0.1339
...    52 A-T ...
  -40.1137 -124.7333   70.4007
    0.9366    0.3161    0.1509
   -0.0875   -0.2058    0.9747
    0.3392   -0.9261   -0.1651
...    53 G-C ...
  -38.7503 -127.6791   69.6147
    0.7128    0.1977    0.6729
   -0.5766   -0.3810    0.7228
    0.3993   -0.9032   -0.1576
...    54 G-C ...
  -37.0034 -130.5662   69.1689
    0.2338   -0.0088    0.9722
   -0.8602   -0.4679    0.2027
    0.4531   -0.8838   -0.1170
...    55 T-A ...
  -34.9246 -133.2043   68.8893
   -0.2789   -0.2683    0.9221
   -0.8438   -0.3899   -0.3687
    0.4585   -0.8809   -0.1176
...    56 A-T ...
  -33.7692 -136.3142   67.8817
   -0.7427   -0.5386    0.3978
   -0.4362   -0.0615   -0.8977
    0.5080   -0.8403   -0.1893
...    57 T-A ...
  -31.9235 -139.0807   67.9180
   -0.8500   -0.5071   -0.1426
    0.0151    0.2472   -0.9689
    0.5265   -0.8257   -0.2024
...    58 C-G ...
  -30.1240 -141.8084   67.3376
   -0.6769   -0.2240   -0.7011
    0.5235    0.5230   -0.6726
    0.5173   -0.8224   -0.2368
...    59 T-A ...
  -28.6359 -144.7081   66.6088
   -0.3156    0.1653   -0.9344
    0.8112    0.5580   -0.1752
    0.4924   -0.8132   -0.3102
...    60 C-G ...
  -27.0591 -147.3973   65.5547
    0.2045    0.5189   -0.8300
    0.8409    0.3410    0.4203
    0.5011   -0.7839   -0.3666
...    61 G-C ...
  -25.0021 -149.8175   64.3448
    0.5699    0.7284   -0.3802
    0.6023   -0.0556    0.7964
    0.5590   -0.6829   -0.4704
...    62 A-T ...
  -23.0693 -151.9116   62.6917
    0.7914    0.5773    0.2009
    0.1575   -0.5101    0.8456
    0.5906   -0.6376   -0.4947
...    63 G-C ...
  -20.9632 -153.7498   60.8624
    0.7131    0.2297    0.6623
   -0.2811   -0.7718    0.5703
    0.6422   -0.5929   -0.4859
...    64 C-G ...
  -18.4725 -155.3481   59.2628
    0.4139   -0.2444    0.8769
   -0.6137   -0.7864    0.0704
    0.6724   -0.5673   -0.4755
...    65 T-A ...
  -15.9510 -157.0657   57.8484
   -0.0140   -0.6410    0.7674
   -0.7211   -0.5253   -0.4518
    0.6927   -0.5597   -0.4549
...    66 C-G ...
  -13.5666 -158.8912   56.4036
   -0.4504   -0.8377    0.3090
   -0.5605   -0.0041   -0.8281
    0.6950   -0.5462   -0.4677
...    67 G-C ...
  -11.3737 -160.5253   54.3754
   -0.7423   -0.6348   -0.2144
   -0.1952    0.5110   -0.8371
    0.6410   -0.5795   -0.5033
...    68 G-C ...
   -9.0720 -162.5503   52.8835
   -0.7719   -0.1821   -0.6092
    0.2468    0.7972   -0.5510
    0.5859   -0.5757   -0.5704
...    69 G-C ...
   -7.1134 -164.6789   51.1059
   -0.5623    0.3573   -0.7458
    0.6286    0.7707   -0.1047
    0.5374   -0.5277   -0.6579
...    70 A-T ...
   -5.3849 -166.4279   48.9438
   -0.1195    0.7835   -0.6098
    0.8417    0.4057    0.3563
    0.5266   -0.4707   -0.7080
...    71 T-A ...
   -4.2469 -168.0025   46.3200
    0.3039    0.8997   -0.3132
    0.7923   -0.0562    0.6076
    0.5291   -0.4328   -0.7299
...    72 C-G ...
   -2.4583 -169.1831   43.8437
    0.6850    0.7122    0.1533
    0.4805   -0.5999    0.6397
    0.5476   -0.3646   -0.7532
...    73 C-G ...
   -0.3466 -169.9159   41.2954
    0.7960    0.2712    0.5411
    0.0548   -0.9226    0.3818
    0.6028   -0.2743   -0.7493
...    74 G-C ...
    1.9630 -171.1841   39.1235
    0.6422   -0.3175    0.6977
   -0.3709   -0.9253   -0.0796
    0.6708   -0.2076   -0.7120
...    75 C-G ...
    4.5215 -171.6311   36.9595
    0.3112   -0.7950    0.5208
   -0.6571   -0.5759   -0.4865
    0.6866   -0.1908   -0.7015
...    76 T-A ...
    7.0650 -172.2258   34.8269
   -0.1187   -0.9817    0.1491
   -0.7144   -0.0199   -0.6994
    0.6896   -0.1895   -0.6990
...    77 T-A ...
    9.5461 -172.7723   32.7540
   -0.4881   -0.7990   -0.3511
   -0.5203    0.5894   -0.6180
    0.7007   -0.1190   -0.7034
...    78 T-A ...
   11.9814 -173.2597   30.6325
   -0.6886   -0.2841   -0.6672
   -0.1468    0.9556   -0.2554
    0.7101   -0.0779   -0.6998
...    79 A-T ...
   14.4494 -173.1764   28.3059
   -0.6685    0.3947   -0.6303
    0.3138    0.9181    0.2421
    0.6743   -0.0360   -0.7376
...    80 A-T ...
   16.5288 -173.3704   25.8334
   -0.3946    0.8570   -0.3315
    0.6468    0.5153    0.5622
    0.6526    0.0075   -0.7576
...    81 C-G ...
   18.1540 -173.4439   22.9784
   -0.0266    0.9968    0.0753
    0.7740   -0.0271    0.6326
    0.6326    0.0751   -0.7708
...    82 A-T ...
   20.4522 -172.9723   20.5434
    0.3517    0.7733    0.5275
    0.6880   -0.5956    0.4146
    0.6348    0.2171   -0.7415
...    83 C-G ...
   22.2011 -171.6412   18.0394
    0.6539    0.3128    0.6889
    0.4100   -0.9118    0.0248
    0.6359    0.2662   -0.7244
...    84 T-A ...
   24.3862 -170.3858   15.8253
    0.7557   -0.2680    0.5976
    0.0051   -0.9100   -0.4146
    0.6549    0.3164   -0.6863
...    85 T-A ...
   26.5389 -169.0546   13.7392
    0.6478   -0.7444    0.1618
   -0.4633   -0.5536   -0.6920
    0.6047    0.3733   -0.7035
...    86 T-A ...
   28.6504 -167.6044   11.6798
    0.2745   -0.8902   -0.3636
   -0.7801    0.0149   -0.6255
    0.5622    0.4553   -0.6904
...    87 A-T ...
   29.7492 -165.4261    9.1149
   -0.3034   -0.5357   -0.7880
   -0.7826    0.6119   -0.1147
    0.5436    0.5819   -0.6049
...    88 T-A ...
   31.9950 -163.9831    7.1337
   -0.6668   -0.1145   -0.7364
   -0.5120    0.7884    0.3411
    0.5415    0.6045   -0.5843
...    89 G-C ...
   33.7028 -161.6852    5.3381
   -0.8951    0.3137   -0.3168
   -0.0133    0.6914    0.7224
    0.4456    0.6508   -0.6147
...    90 C-G ...
   35.1037 -159.7986    2.9739
   -0.7797    0.5955    0.1935
    0.4905    0.3888    0.7799
    0.3892    0.7030   -0.5953
...    91 T-A ...
   36.0789 -157.4043    0.8877
   -0.4191    0.6301    0.6537
    0.8512    0.0220    0.5244
    0.3160    0.7762   -0.5456
...    92 T-A ...
   36.9210 -154.8001   -0.8365
    0.1426    0.4850    0.8628
    0.9444   -0.3277    0.0281
    0.2964    0.8108   -0.5047
...    93 C-G ...
   37.9139 -151.9782   -2.2221
    0.6792    0.1560    0.7172
    0.6772   -0.5101   -0.5303
    0.2831    0.8459   -0.4521
...    94 C-G ...
   39.1217 -148.9595   -3.2707
    0.9339   -0.2067    0.2918
    0.1781   -0.4389   -0.8807
    0.3101    0.8744   -0.3731
...    95 G-C ...
   40.4108 -146.2400   -4.9120
    0.8400   -0.4509   -0.3017
   -0.4104   -0.1645   -0.8969
    0.3548    0.8773   -0.3232
...    96 G-C ...
   41.7918 -143.2528   -5.8511
    0.4244   -0.4774   -0.7694
   -0.8267    0.1424   -0.5443
    0.3694    0.8671   -0.3342
...    97 C-G ...
   43.3400 -140.3734   -6.7701
   -0.1454   -0.3096   -0.9397
   -0.9261    0.3768    0.0192
    0.3482    0.8730   -0.3415
...    98 T-A ...
   44.7111 -137.5448   -7.9829
   -0.6634   -0.0726   -0.7448
   -0.6831    0.4651    0.5631
    0.3055    0.8823   -0.3581
...    99 C-G ...
   45.8414 -134.6249   -9.0995
   -0.9574    0.1891   -0.2182
   -0.1323    0.3844    0.9136
    0.2566    0.9036   -0.3430
...   100 A-T ...
   46.7184 -131.4683   -9.9636
   -0.8738    0.2539    0.4146
    0.4677    0.2059    0.8596
    0.1329    0.9451   -0.2987
...   101 T-A ...
   46.6568 -128.5031  -11.3367
   -0.5099    0.2840    0.8120
    0.8540    0.0530    0.5176
    0.1040    0.9574   -0.2695
...   102 G-C ...
   47.0910 -125.1782  -11.8285
    0.0848    0.1329    0.9875
    0.9951   -0.0610   -0.0773
    0.0500    0.9892   -0.1374
...   103 T-A ...
   46.7090 -121.8821  -11.8555
    0.6170    0.0406    0.7859
    0.7857   -0.0889   -0.6122
    0.0450    0.9952   -0.0867
...   104 T-A ...
   46.7139 -118.6193  -11.8909
    0.9674    0.0095    0.2531
    0.2531   -0.0747   -0.9646
    0.0097    0.9972   -0.0747
...   105 A-T ...
   46.5305 -115.2680  -12.9148
    0.8538    0.0779   -0.5148
   -0.5096   -0.0779   -0.8569
   -0.1068    0.9939   -0.0269
...   106 T-A ...
   46.6375 -111.9525  -12.4534
    0.4358    0.0762   -0.8968
   -0.8890   -0.1195   -0.4421
   -0.1409    0.9899    0.0157
...   107 A-T ...
   45.1476 -108.7559  -12.1060
   -0.3628    0.0979   -0.9267
   -0.9169   -0.2149    0.3363
   -0.1662    0.9717    0.1677
...   108 A-T ...
   44.8410 -105.5412  -11.5931
   -0.8521   -0.0200   -0.5230
   -0.4993   -0.2686    0.8238
   -0.1570    0.9630    0.2189
...   109 C-G ...
   44.5164 -102.2303  -11.4004
   -0.9797   -0.1999    0.0122
    0.0585   -0.2275    0.9720
   -0.1916    0.9530    0.2345
...   110 G-C ...
   44.0010  -99.0794  -10.1687
   -0.7242   -0.4361    0.5342
    0.6194   -0.0708    0.7819
   -0.3032    0.8971    0.3214
...   111 G-C ...
   42.6914  -96.1565   -9.0983
   -0.2079   -0.5061    0.8370
    0.9116    0.2099    0.3533
   -0.3546    0.8365    0.4178
...   112 A-T ...
   41.4679  -93.5181   -7.5533
    0.4095   -0.3264    0.8519
    0.8380    0.5037   -0.2099
   -0.3606    0.7998    0.4798
...   113 T-A ...
   39.8712  -91.3531   -5.6587
    0.7923   -0.0261    0.6096
    0.4931    0.6157   -0.6146
   -0.3593    0.7875    0.5007
...   114 C-G ...
   38.8662  -88.8019   -3.8002
    0.9315    0.3507    0.0962
   -0.1147    0.5344   -0.8374
   -0.3452    0.7690    0.5381
...   115 G-C ...
   37.8153  -85.8989   -2.3300
    0.6858    0.5703   -0.4521
   -0.6744    0.2646   -0.6893
   -0.2734    0.7777    0.5661
...   116 T-A ...
   37.4519  -83.3783   -0.0893
    0.1840    0.6302   -0.7543
   -0.9434   -0.1021   -0.3154
   -0.2758    0.7697    0.5758
...   117 A-T ...
   35.6952  -81.2400    2.1011
   -0.5795    0.4493   -0.6800
   -0.7728   -0.5679    0.2834
   -0.2588    0.6897    0.6763
...   118 T-A ...
   35.2947  -78.5691    4.0431
   -0.9093    0.0889   -0.4067
   -0.3360   -0.7333    0.5911
   -0.2457    0.6741    0.6966
...   119 A-T ...
   34.6064  -76.7542    6.9026
   -0.8977   -0.4267    0.1098
    0.3789   -0.6204    0.6866
   -0.2249    0.6580    0.7187
...   120 A-T ...
   33.7637  -74.5508    9.1405
   -0.4881   -0.7239    0.4877
    0.8429   -0.2459    0.4786
   -0.2265    0.6446    0.7302
...   121 T-A ...
   32.4076  -72.4793   11.3063
    0.0331   -0.7574    0.6521
    0.9729    0.1740    0.1526
   -0.2290    0.6293    0.7427
...   122 G-C ...
   31.9668  -70.4703   13.9990
    0.6364   -0.5601    0.5303
    0.7450    0.6246   -0.2344
   -0.1999    0.5443    0.8147
...   123 T-A ...
   31.0860  -69.2394   16.9749
    0.9487   -0.1359    0.2856
    0.2628    0.8410   -0.4729
   -0.1760    0.5237    0.8335
...   124 G-C ...
   30.7481  -67.2127   19.6624
    0.9177    0.3782   -0.1219
   -0.3852    0.7714   -0.5065
   -0.0976    0.5118    0.8536
...   125 T-A ...
   30.8890  -65.9021   22.7662
    0.5432    0.7428   -0.3913
   -0.8352    0.4307   -0.3419
   -0.0855    0.5125    0.8544
...   126 C-G ...
   30.7026  -64.1907   25.6226
   -0.1051    0.8494   -0.5171
   -0.9911   -0.1324   -0.0161
   -0.0821    0.5108    0.8558
...   127 G-C ...
   29.9635  -62.6329   28.5885
   -0.6798    0.5576   -0.4764
   -0.7231   -0.6179    0.3086
   -0.1223    0.5543    0.8233
...   128 A-T ...
   29.6480  -60.7854   31.3347
   -0.9808    0.0389   -0.1911
   -0.1364   -0.8370    0.5299
   -0.1394    0.5458    0.8263
...   129 C-G ...
   29.1170  -58.4897   33.7103
   -0.8861   -0.4489    0.1153
    0.4342   -0.7168    0.5456
   -0.1622    0.5335    0.8301
...   130 C-G ...
   28.3603  -56.6213   36.4424
   -0.4548   -0.8249    0.3357
    0.8639   -0.3169    0.3915
   -0.2166    0.4680    0.8568
...   131 A-T ...
   27.9265  -55.1685   39.4699
    0.1865   -0.8894    0.4173
    0.9562    0.2618    0.1307
   -0.2255    0.3747    0.8993
...   132 A-T ...
   27.0448  -54.0959   42.4138
    0.7246   -0.5562    0.4070
    0.6510    0.7462   -0.1393
   -0.2262    0.3659    0.9027
...   133 A-T ...
   26.2548  -53.1213   45.4224
    0.9689    0.0086    0.2474
    0.0808    0.9337   -0.3488
   -0.2340    0.3579    0.9040
...   134 T-A ...
   25.6308  -52.5796   48.6349
    0.8597    0.5096    0.0340
   -0.4497    0.7867   -0.4230
   -0.2423    0.3484    0.9055
...   135 G-C ...
   25.2859  -52.4980   52.0750
    0.3205    0.9427   -0.0927
   -0.8825    0.2616   -0.3908
   -0.3442    0.2071    0.9158
...   136 T-A ...
   25.5356  -52.9667   55.8002
   -0.2443    0.9563   -0.1608
   -0.8908   -0.2868   -0.3525
   -0.3832    0.0571    0.9219
...   137 G-C ...
   24.9037  -52.7259   58.9821
   -0.7529    0.5562   -0.3519
   -0.5214   -0.8303   -0.1968
   -0.4017    0.0354    0.9151
...   138 A-T ...
   24.0249  -51.6260   61.9210
   -0.9563    0.0400   -0.2896
   -0.0523   -0.9980    0.0347
   -0.2877    0.0483    0.9565
...   139 G-C ...
   22.3574  -51.2299   64.4909
   -0.8529   -0.5117   -0.1032
    0.4973   -0.8566    0.1372
   -0.1586    0.0657    0.9852
...   140 C-G ...
   22.1608  -50.1385   67.4618
   -0.4681   -0.8749    0.1247
    0.8495   -0.4066    0.3363
   -0.2435    0.2633    0.9335
...   141 G-C ...
   21.4366  -51.8163   72.7856
    0.1304   -0.7141   -0.6877
    0.8897   -0.2218    0.3990
   -0.4375   -0.6639    0.6065
...   142 C-G ...
   20.4355  -54.2994   74.5395
    0.5847   -0.7390   -0.3347
    0.7593    0.3532    0.5466
   -0.2857   -0.5737    0.7676
...   143 T-A ...
   18.4378  -55.5189   76.5273
    0.8548   -0.5006    0.1370
    0.3188    0.7147    0.6225
   -0.4096   -0.4884    0.7705
...   144 C-G ...
   16.8485  -57.7126   78.2648
    0.8529   -0.0846    0.5152
   -0.1509    0.9047    0.3983
   -0.4998   -0.4175    0.7589
...   145 A-T ...
   15.7933  -59.5517   80.7963
    0.5515    0.4995    0.6681
   -0.6739    0.7388    0.0040
   -0.4915   -0.4525    0.7441
...   146 C-G ...
   15.7411  -61.4838   83.9296
    0.0342    0.7400    0.6718
   -0.8637    0.3601   -0.3527
   -0.5029   -0.5681    0.6514
...   147 A-T ...
   14.7481  -63.4170   86.8165
   -0.5923    0.6746    0.4405
   -0.6886   -0.1400   -0.7115
   -0.4183   -0.7247    0.5475
