  147 base-pairs
...     1 T-A ...
    0.0000    0.0000    0.0000
    1.0000    0.0000    0.0000
    0.0000    1.0000    0.0000
    0.0000    0.0000    1.0000
...     2 G-C ...
   -0.5555   -1.1003    3.3981
    0.7749    0.6051    0.1828
   -0.5991    0.7953   -0.0929
   -0.2016   -0.0375    0.9787
...     3 T-A ...
   -0.6619   -3.0237    6.5348
    0.3046    0.9250    0.2271
   -0.8994    0.3578   -0.2510
   -0.3134   -0.1278    0.9410
...     4 G-C ...
   -1.1607   -3.8418    9.6940
   -0.3351    0.9421    0.0133
   -0.8752   -0.3061   -0.3746
   -0.3489   -0.1372    0.9271
...     5 A-T ...
   -1.3881   -3.6770   12.8999
   -0.7835    0.6162   -0.0801
   -0.5677   -0.7622   -0.3109
   -0.2527   -0.1981    0.9470
...     6 G-C ...
   -2.6236   -3.5448   15.7072
   -0.9923    0.0611   -0.1075
   -0.0294   -0.9610   -0.2748
   -0.1201   -0.2695    0.9555
...     7 C-G ...
   -2.3138   -3.7570   18.8866
   -0.8620   -0.4995   -0.0864
    0.5008   -0.8655    0.0073
   -0.0785   -0.0370    0.9962
...     8 G-C ...
   -3.9561   -6.8109   23.3205
   -0.2581   -0.3560   -0.8981
    0.6294   -0.7673    0.1233
   -0.7330   -0.5335    0.4221
...     9 C-G ...
   -6.1177   -8.9414   24.2385
    0.1143   -0.7320   -0.6716
    0.8123   -0.3203    0.4874
   -0.5720   -0.6013    0.5580
...    10 T-A ...
   -8.5041   -9.6771   26.0540
    0.4660   -0.8587   -0.2131
    0.6274    0.1508    0.7640
   -0.6239   -0.4897    0.6090
...    11 C-G ...
  -11.0625  -11.3174   27.2336
    0.6660   -0.6911    0.2808
    0.3382    0.6152    0.7121
   -0.6649   -0.3794    0.6435
...    12 A-T ...
  -13.0013  -13.1789   29.0658
    0.7188   -0.1490    0.6790
   -0.1787    0.9043    0.3876
   -0.6718   -0.4000    0.6235
...    13 C-G ...
  -14.1788  -15.9359   31.3399
    0.4052    0.2865    0.8682
   -0.5270    0.8492   -0.0343
   -0.7470   -0.4437    0.4951
...    14 A-T ...
  -15.9532  -18.1566   33.3080
   -0.1503    0.6873    0.7107
   -0.6106    0.5008   -0.6135
   -0.7776   -0.5261    0.3444
...    15 A-T ...
  -18.2972  -19.9894   34.6648
   -0.5232    0.8227    0.2223
   -0.3950   -0.0031   -0.9187
   -0.7551   -0.5685    0.3266
...    16 T-A ...
  -20.5475  -21.7334   36.3907
   -0.6760    0.6798   -0.2844
   -0.0527   -0.4296   -0.9015
   -0.7350   -0.5944    0.3262
...    17 T-A ...
  -22.8972  -23.5657   37.7307
   -0.6013    0.2688   -0.7525
    0.3775   -0.7345   -0.5640
   -0.7043   -0.6231    0.3402
...    18 T-A ...
  -25.2650  -25.4159   38.9888
   -0.2700   -0.2220   -0.9369
    0.6749   -0.7376   -0.0198
   -0.6867   -0.6377    0.3490
...    19 A-T ...
  -27.3424  -27.7561   40.2485
    0.2489   -0.5943   -0.7648
    0.6985   -0.4368    0.5668
   -0.6709   -0.6753    0.3064
...    20 T-A ...
  -29.8827  -29.7761   40.7260
    0.5880   -0.7176   -0.3731
    0.4713   -0.0709    0.8791
   -0.6573   -0.6928    0.2965
...    21 T-A ...
  -32.0253  -32.0839   41.4856
    0.7727   -0.6045    0.1937
    0.0377    0.3483    0.9366
   -0.6337   -0.7164    0.2919
...    22 C-G ...
  -33.9316  -34.5824   42.4433
    0.6669   -0.2456    0.7035
   -0.4529    0.6160    0.6445
   -0.5916   -0.7485    0.2996
...    23 G-C ...
  -35.9162  -36.9149   43.9072
    0.3321    0.2247    0.9161
   -0.7955    0.5886    0.1440
   -0.5068   -0.7766    0.3742
...    24 C-G ...
  -37.1842  -39.6606   45.3636
   -0.1654    0.5364    0.8276
   -0.8578    0.3358   -0.3891
   -0.4866   -0.7743    0.4046
...    25 A-T ...
  -39.0471  -42.1592   46.5934
   -0.6250    0.6684    0.4032
   -0.5954   -0.0742   -0.8000
   -0.5048   -0.7401    0.4443
...    26 A-T ...
  -40.5319  -44.5341   48.2797
   -0.8768    0.4607   -0.1377
   -0.0937   -0.4445   -0.8909
   -0.4716   -0.7682    0.4329
...    27 A-T ...
  -42.0534  -46.9126   49.9171
   -0.7716    0.0862   -0.6302
    0.4566   -0.6148   -0.6431
   -0.4429   -0.7840    0.4350
...    28 G-C ...
  -43.7082  -49.3618   51.4719
   -0.3618   -0.2156   -0.9070
    0.8112   -0.5522   -0.1923
   -0.4594   -0.8053    0.3747
...    29 G-C ...
  -45.4640  -51.9788   52.7073
    0.2005   -0.4074   -0.8910
    0.8721   -0.3402    0.3518
   -0.4464   -0.8475    0.2871
...    30 C-G ...
  -47.2566  -54.7077   53.3382
    0.6789   -0.4752   -0.5598
    0.6072   -0.0653    0.7918
   -0.4128   -0.8775    0.2442
...    31 C-G ...
  -48.5632  -57.7850   53.8186
    0.9385   -0.3424   -0.0440
    0.1098    0.1752    0.9784
   -0.3273   -0.9230    0.2021
...    32 G-C ...
  -49.3921  -60.8979   54.8998
    0.8596   -0.0750    0.5053
   -0.4687    0.2780    0.8385
   -0.2034   -0.9577    0.2038
...    33 G-C ...
  -49.6317  -64.2178   55.5835
    0.4560    0.1627    0.8750
   -0.8806    0.2251    0.4170
   -0.1291   -0.9606    0.2459
...    34 C-G ...
  -49.5861  -67.4525   56.4876
   -0.1231    0.2844    0.9508
   -0.9866    0.0678   -0.1481
   -0.1066   -0.9563    0.2723
...    35 C-G ...
  -49.7455  -70.6357   57.6930
   -0.6609    0.3187    0.6794
   -0.7409   -0.1331   -0.6583
   -0.1194   -0.9385    0.3241
...    36 C-G ...
  -50.0594  -73.7408   59.0642
   -0.9580    0.2370    0.1616
   -0.2306   -0.3012   -0.9253
   -0.1706   -0.9236    0.3432
...    37 G-C ...
  -50.5879  -77.0174   59.7993
   -0.8913    0.0990   -0.4425
    0.3776   -0.3784   -0.8452
   -0.2511   -0.9203    0.2999
...    38 A-T ...
  -51.3932  -80.0288   60.8812
   -0.4703   -0.1161   -0.8748
    0.8435   -0.3505   -0.4070
   -0.2594   -0.9293    0.2628
...    39 C-G ...
  -52.8189  -82.8665   61.8310
    0.0701   -0.2460   -0.9667
    0.9629   -0.2365    0.1300
   -0.2606   -0.9400    0.2203
...    40 A-T ...
  -53.4598  -86.0928   62.5574
    0.6475   -0.2216   -0.7291
    0.7329   -0.0809    0.6755
   -0.2087   -0.9718    0.1101
...    41 C-G ...
  -54.4148  -89.2517   62.3264
    0.9483   -0.1876   -0.2559
    0.2655    0.0276    0.9637
   -0.1737   -0.9819    0.0760
...    42 G-C ...
  -54.6427  -92.5909   62.9290
    0.9394   -0.0317    0.3414
   -0.3391    0.0597    0.9388
   -0.0501   -0.9977    0.0453
...    43 A-T ...
  -54.6146  -95.9005   63.0724
    0.5360    0.0261    0.8438
   -0.8440    0.0363    0.5350
   -0.0166   -0.9990    0.0415
...    44 C-G ...
  -54.0011  -99.2078   63.0930
   -0.0150    0.0442    0.9989
   -0.9999   -0.0021   -0.0149
    0.0014   -0.9990    0.0443
...    45 T-A ...
  -53.7045 -102.5347   63.4500
   -0.5733    0.0564    0.8174
   -0.8193   -0.0452   -0.5716
    0.0047   -0.9974    0.0721
...    46 T-A ...
  -53.4350 -105.7715   63.8461
   -0.9498   -0.0274    0.3115
   -0.3100   -0.0484   -0.9495
    0.0411   -0.9985    0.0375
...    47 A-T ...
  -53.1304 -109.1575   63.4330
   -0.9130   -0.0787   -0.4003
    0.4003    0.0155   -0.9162
    0.0784   -0.9968    0.0173
...    48 C-G ...
  -53.2408 -112.4441   63.9844
   -0.5497   -0.0246   -0.8350
    0.8328    0.0621   -0.5500
    0.0654   -0.9978   -0.0136
...    49 T-A ...
  -53.3274 -115.7779   63.9315
   -0.0065    0.0949   -0.9955
    0.9985    0.0544   -0.0013
    0.0541   -0.9940   -0.0951
...    50 G-C ...
  -52.8867 -119.0852   63.4500
    0.5668    0.2351   -0.7896
    0.8178   -0.0445    0.5738
    0.0998   -0.9709   -0.2175
...    51 T-A ...
  -52.8667 -122.1356   62.1894
    0.9118    0.2228   -0.3449
    0.3865   -0.1822    0.9041
    0.1386   -0.9577   -0.2523
...    52 A-T ...
  -52.2094 -125.4023   61.6032
    0.9440    0.1015    0.3140
   -0.2675   -0.3216    0.9083
    0.1932   -0.9414   -0.2764
...    53 G-C ...
  -51.2823 -128.4198   60.4951
    0.6258   -0.0541    0.7781
   -0.7391   -0.3600    0.5694
    0.2493   -0.9314   -0.2652
...    54 G-C ...
  -50.0559 -131.5080   59.7412
    0.0752   -0.2108    0.9746
   -0.9528   -0.3034    0.0079
    0.2940   -0.9293   -0.2237
...    55 T-A ...
  -48.4803 -134.4495   59.2084
   -0.4643   -0.3507    0.8133
   -0.8341   -0.1357   -0.5347
    0.2978   -0.9266   -0.2295
...    56 A-T ...
  -47.7828 -137.5098   57.7117
   -0.8839   -0.4287    0.1868
   -0.2911    0.1919   -0.9372
    0.3660   -0.8828   -0.2944
...    57 T-A ...
  -46.5150 -140.5662   57.3967
   -0.8971   -0.2767   -0.3444
    0.2155    0.4065   -0.8879
    0.3857   -0.8707   -0.3051
...    58 C-G ...
  -45.1857 -143.4645   56.4768
   -0.5897    0.0640   -0.8051
    0.7134    0.5086   -0.4821
    0.3786   -0.8586   -0.3456
...    59 T-A ...
  -44.1945 -146.4317   55.3127
   -0.1296    0.4066   -0.9044
    0.9227    0.3835    0.0402
    0.3632   -0.8292   -0.4248
...    60 C-G ...
  -43.0341 -149.1395   53.8515
    0.4272    0.6103   -0.6671
    0.8192    0.0509    0.5712
    0.3826   -0.7905   -0.4782
...    61 G-C ...
  -41.3191 -151.6480   52.3154
    0.7587    0.6352   -0.1444
    0.4541   -0.3569    0.8164
    0.4670   -0.6850   -0.5592
...    62 A-T ...
  -39.6224 -153.7451   50.4107
    0.8593    0.3128    0.4048
   -0.0806   -0.6986    0.7109
    0.5051   -0.6435   -0.5751
...    63 G-C ...
  -37.7177 -155.6168   48.3906
    0.6438   -0.1055    0.7579
   -0.5243   -0.7822    0.3366
    0.5573   -0.6141   -0.5589
...    64 C-G ...
  -35.4496 -157.4104   46.6522
    0.2189   -0.5327    0.8175
   -0.7799   -0.5991   -0.1815
    0.5864   -0.5978   -0.5465
...    65 T-A ...
  -33.2126 -159.3451   45.0371
   -0.2687   -0.7768    0.5696
   -0.7530   -0.1993   -0.6271
    0.6006   -0.5974   -0.5314
...    66 C-G ...
  -31.1221 -161.3038   43.3237
   -0.6726   -0.7389    0.0400
   -0.4273    0.3436   -0.8363
    0.6042   -0.5796   -0.5468
...    67 G-C ...
  -29.0814 -162.8793   41.0872
   -0.8390   -0.3402   -0.4246
    0.0421    0.7374   -0.6741
    0.5425   -0.5835   -0.6044
...    68 G-C ...
  -27.1457 -164.9879   39.2356
   -0.7124    0.1934   -0.6746
    0.4987    0.8159   -0.2928
    0.4937   -0.5449   -0.6777
...    69 G-C ...
  -25.5732 -167.0183   37.0209
   -0.3667    0.6774   -0.6376
    0.8068    0.5729    0.1446
    0.4632   -0.4614   -0.7566
...    70 A-T ...
  -24.0955 -168.5057   34.5079
    0.1472    0.9199   -0.3636
    0.8719    0.0530    0.4869
    0.4671   -0.3886   -0.7942
...    71 T-A ...
  -23.1042 -169.5580   31.5818
    0.5519    0.8334   -0.0302
    0.6827   -0.4307    0.5903
    0.4789   -0.3464   -0.8066
...    72 C-G ...
  -21.3944 -170.4400   28.9260
    0.8256    0.4254    0.3706
    0.2422   -0.8605    0.4481
    0.5096   -0.2802   -0.8135
...    73 C-G ...
  -19.2683 -170.9993   26.3347
    0.7841   -0.1266    0.6075
   -0.2271   -0.9696    0.0910
    0.5775   -0.2094   -0.7891
...    74 G-C ...
  -17.2085 -172.2074   23.8876
    0.4702   -0.6767    0.5666
   -0.6007   -0.7157   -0.3563
    0.6466   -0.1728   -0.7430
...    75 C-G ...
  -14.7112 -172.6873   21.6486
    0.0372   -0.9682    0.2473
   -0.7507   -0.1904   -0.6326
    0.6596   -0.1621   -0.7340
...    76 T-A ...
  -12.2763 -173.2990   19.3911
   -0.3994   -0.9024   -0.1616
   -0.6397    0.4006   -0.6560
    0.6567   -0.1586   -0.7373
...    77 T-A ...
   -9.9142 -173.8643   17.1905
   -0.6717   -0.4760   -0.5677
   -0.2902    0.8741   -0.3896
    0.6816   -0.0969   -0.7252
...    78 T-A ...
   -7.5992 -174.3447   14.9423
   -0.7055    0.1461   -0.6935
    0.1484    0.9873    0.0569
    0.6930   -0.0628   -0.7182
...    79 A-T ...
   -5.1431 -174.2979   12.6097
   -0.5123    0.7389   -0.4376
    0.5547    0.6737    0.4883
    0.6556    0.0074   -0.7550
...    80 A-T ...
   -3.1434 -174.2644   10.0684
   -0.1312    0.9910   -0.0254
    0.7558    0.1166    0.6444
    0.6416    0.0653   -0.7643
...    81 C-G ...
   -1.5611 -173.8588    7.2160
    0.2562    0.8899    0.3774
    0.7269   -0.4347    0.5316
    0.6372    0.1381   -0.7582
...    82 A-T ...
    0.8211 -173.2771    4.8851
    0.5595    0.4385    0.7033
    0.4856   -0.8611    0.1507
    0.6717    0.2572   -0.6947
...    83 C-G ...
    2.8915 -171.7456    2.7498
    0.7220   -0.1161    0.6821
    0.1249   -0.9478   -0.2935
    0.6805    0.2971   -0.6698
...    84 T-A ...
    5.3252 -170.4939    0.7951
    0.6542   -0.6427    0.3987
   -0.2728   -0.6922   -0.6682
    0.7054    0.3284   -0.6281
...    85 T-A ...
    7.7221 -169.1795   -1.0257
    0.4037   -0.9015   -0.1560
   -0.6274   -0.1487   -0.7644
    0.6659    0.4064   -0.6256
...    86 T-A ...
   10.0918 -167.7384   -2.7923
   -0.0152   -0.7582   -0.6518
   -0.7638    0.4295   -0.4818
    0.6453    0.4905   -0.5857
...    87 A-T ...
   11.6883 -165.2031   -4.6812
   -0.4874   -0.1490   -0.8604
   -0.5704    0.8004    0.1845
    0.6611    0.5807   -0.4751
...    88 T-A ...
   14.1479 -163.8392   -6.4426
   -0.7117    0.3088   -0.6310
   -0.2359    0.7410    0.6287
    0.6617    0.5963   -0.4545
...    89 G-C ...
   16.3335 -161.5949   -7.7292
   -0.7827    0.6185   -0.0700
    0.2385    0.4018    0.8841
    0.5750    0.6753   -0.4620
...    90 C-G ...
   18.0265 -159.4487   -9.6371
   -0.5537    0.6818    0.4782
    0.6400   -0.0190    0.7681
    0.5328    0.7313   -0.4258
...    91 T-A ...
   19.4926 -156.8326  -11.0780
   -0.1574    0.4757    0.8654
    0.8614   -0.3625    0.3559
    0.4830    0.8015   -0.3526
...    92 T-A ...
   20.9064 -154.1136  -12.1306
    0.3648    0.1397    0.9206
    0.8020   -0.5495   -0.2344
    0.4731    0.8238   -0.3125
...    93 C-G ...
   22.5494 -151.3386  -12.8683
    0.7717   -0.2470    0.5861
    0.4308   -0.4750   -0.7674
    0.4679    0.8446   -0.2601
...    94 C-G ...
   24.4414 -148.5244  -13.3314
    0.8614   -0.5071    0.0297
   -0.0721   -0.1799   -0.9810
    0.5028    0.8429   -0.1915
...    95 G-C ...
   26.1727 -145.7848  -14.4598
    0.6230   -0.5245   -0.5803
   -0.5649    0.2113   -0.7976
    0.5410    0.8247   -0.1647
...    96 T-A ...
   28.4289 -143.2320  -14.5926
    0.1994   -0.2938   -0.9348
   -0.8259    0.4631   -0.3217
    0.5275    0.8362   -0.1503
...    97 C-G ...
   30.2481 -140.4401  -14.9473
   -0.3689    0.0762   -0.9263
   -0.7799    0.5168    0.3531
    0.5056    0.8527   -0.1312
...    98 A-T ...
   31.7114 -137.3853  -14.9731
   -0.8109    0.3182   -0.4911
   -0.3891    0.3336    0.8587
    0.4370    0.8874   -0.1467
...    99 T-A ...
   33.2348 -134.6683  -16.0485
   -0.9009    0.4322    0.0407
    0.0936    0.1019    0.9904
    0.4239    0.8960   -0.1322
...   100 G-C ...
   34.6027 -131.5685  -16.1658
   -0.7171    0.2827    0.6370
    0.6210   -0.1557    0.7682
    0.3164    0.9465   -0.0639
...   101 T-A ...
   35.0475 -128.3266  -16.5808
   -0.2788    0.0909    0.9560
    0.9172   -0.2697    0.2932
    0.2845    0.9586   -0.0082
...   102 T-A ...
   35.7901 -125.1703  -16.5069
    0.3116   -0.1166    0.9430
    0.9108   -0.2460   -0.3314
    0.2706    0.9622    0.0295
...   103 A-T ...
   37.1108 -122.0082  -16.5334
    0.8381   -0.2511    0.4842
    0.4841   -0.0669   -0.8725
    0.2515    0.9657    0.0655
...   104 T-A ...
   37.7574 -118.8738  -15.6244
    0.9738   -0.2199   -0.0583
   -0.0395    0.0888   -0.9953
    0.2241    0.9715    0.0778
...   105 A-T ...
   37.9783 -115.3730  -16.0742
    0.6668    0.0518   -0.7434
   -0.7382    0.1825   -0.6495
    0.1020    0.9818    0.1599
...   106 A-T ...
   38.5253 -112.2247  -15.3121
    0.0737    0.2312   -0.9701
   -0.9953    0.0787   -0.0569
    0.0632    0.9697    0.2359
...   107 C-G ...
   39.3475 -109.0280  -14.5715
   -0.4987    0.2397   -0.8330
   -0.8654   -0.0838    0.4940
    0.0486    0.9672    0.2492
...   108 G-C ...
   39.2635 -105.8936  -13.1807
   -0.9174    0.0465   -0.3953
   -0.3938   -0.2512    0.8842
   -0.0582    0.9668    0.2488
...   109 G-C ...
   39.2025 -102.5819  -12.4510
   -0.9665   -0.2061    0.1527
    0.2033   -0.2526    0.9460
   -0.1564    0.9454    0.2861
...   110 A-T ...
   38.6689  -99.4812  -11.5142
   -0.6356   -0.3846    0.6695
    0.7445   -0.0758    0.6633
   -0.2043    0.9200    0.3345
...   111 G-C ...
   37.6651  -96.5277  -10.3714
   -0.0994   -0.4587    0.8830
    0.9656    0.1699    0.1969
   -0.2403    0.8722    0.4261
...   112 C-G ...
   36.4262  -93.9230   -8.7027
    0.4748   -0.3374    0.8129
    0.8443    0.4355   -0.3124
   -0.2486    0.8346    0.4916
...   113 T-A ...
   35.5056  -91.4030   -6.7113
    0.8787   -0.0865    0.4695
    0.4217    0.6018   -0.6783
   -0.2238    0.7940    0.5653
...   114 C-G ...
   34.9490  -88.8469   -4.6721
    0.9517    0.3030   -0.0507
   -0.2198    0.5563   -0.8014
   -0.2146    0.7738    0.5960
...   115 G-C ...
   34.2235  -85.9469   -3.0214
    0.6310    0.5498   -0.5473
   -0.7606    0.2999   -0.5757
   -0.1524    0.7796    0.6074
...   116 T-A ...
   34.2900  -83.4573   -0.7176
    0.0932    0.6325   -0.7690
   -0.9828   -0.0651   -0.1726
   -0.1592    0.7718    0.6156
...   117 A-T ...
   32.9851  -81.2731    1.7065
   -0.6471    0.4706   -0.5999
   -0.7491   -0.5391    0.3850
   -0.1422    0.6985    0.7013
...   118 T-A ...
   32.9275  -78.5950    3.6662
   -0.9490    0.1189   -0.2920
   -0.2850   -0.7196    0.6332
   -0.1348    0.6842    0.7168
...   119 A-T ...
   32.5880  -76.6924    6.5051
   -0.8953   -0.4016    0.1929
    0.4230   -0.6300    0.6513
   -0.1401    0.6646    0.7339
...   120 A-T ...
   31.9968  -74.4791    8.8084
   -0.4637   -0.7128    0.5262
    0.8733   -0.2675    0.4071
   -0.1494    0.6483    0.7466
...   121 T-A ...
   30.8684  -72.3876   11.0812
    0.0667   -0.7600    0.6465
    0.9857    0.1506    0.0753
   -0.1545    0.6322    0.7592
...   122 G-C ...
   30.6841  -70.3945   13.8122
    0.6624   -0.5734    0.4821
    0.7380    0.6101   -0.2885
   -0.1287    0.5469    0.8273
...   123 T-A ...
   30.0369  -69.1488   16.8476
    0.9636   -0.1519    0.2199
    0.2438    0.8366   -0.4906
   -0.1095    0.5264    0.8432
...   124 G-C ...
   29.8923  -67.1119   19.5397
    0.9124    0.3682   -0.1789
   -0.4075    0.7752   -0.4827
   -0.0390    0.5133    0.8573
...   125 T-A ...
   30.2192  -65.8097   22.6373
    0.5261    0.7381   -0.4223
   -0.8498    0.4377   -0.2937
   -0.0319    0.5134    0.8575
...   126 C-G ...
   30.1974  -64.1187   25.5115
   -0.1264    0.8497   -0.5119
   -0.9914   -0.1259    0.0358
   -0.0340    0.5120    0.8583
...   127 G-C ...
   29.6268  -62.5807   28.5224
   -0.6968    0.5599   -0.4483
   -0.7122   -0.6142    0.3399
   -0.0850    0.5561    0.8268
...   128 A-T ...
   29.4294  -60.7349   31.2739
   -0.9866    0.0426   -0.1578
   -0.1218   -0.8353    0.5361
   -0.1089    0.5481    0.8293
...   129 C-G ...
   28.9765  -58.4392   33.6540
   -0.8844   -0.4451    0.1402
    0.4460   -0.7177    0.5347
   -0.1374    0.5354    0.8333
...   130 C-G ...
   28.2684  -56.5821   36.4026
   -0.4509   -0.8231    0.3453
    0.8704   -0.3198    0.3744
   -0.1977    0.4694    0.8606
...   131 A-T ...
   27.8682  -55.1481   39.4411
    0.1885   -0.8910    0.4131
    0.9589    0.2577    0.1184
   -0.2119    0.3738    0.9030
...   132 A-T ...
   27.0211  -54.0854   42.3996
    0.7264   -0.5592    0.3995
    0.6524    0.7439   -0.1448
   -0.2162    0.3658    0.9052
...   133 A-T ...
   26.2511  -53.1194   45.4181
    0.9698    0.0071    0.2436
    0.0810    0.9334   -0.3495
   -0.2299    0.3587    0.9047
...   134 T-A ...
   25.6308  -52.5796   48.6349
    0.8597    0.5096    0.0340
   -0.4497    0.7867   -0.4230
   -0.2423    0.3484    0.9055
...   135 G-C ...
   25.2859  -52.4980   52.0750
    0.3205    0.9427   -0.0927
   -0.8825    0.2616   -0.3908
   -0.3441    0.2071    0.9158
...   136 T-A ...
   25.5356  -52.9668   55.8002
   -0.2443    0.9563   -0.1608
   -0.8908   -0.2868   -0.3525
   -0.3832    0.0571    0.9219
...   137 G-C ...
   24.9038  -52.7259   58.9821
   -0.7529    0.5562   -0.3519
   -0.5214   -0.8303   -0.1968
   -0.4017    0.0354    0.9151
...   138 A-T ...
   24.0250  -51.6261   61.9210
   -0.9563    0.0400   -0.2896
   -0.0523   -0.9980    0.0347
   -0.2877    0.0483    0.9565
...   139 G-C ...
   22.3575  -51.2299   64.4909
   -0.8529   -0.5117   -0.1032
    0.4973   -0.8566    0.1372
   -0.1586    0.0657    0.9852
...   140 C-G ...
   22.1609  -50.1386   67.4618
   -0.4681   -0.8749    0.1247
    0.8495   -0.4066    0.3363
   -0.2435    0.2633    0.9335
...   141 G-C ...
   21.4367  -51.8164   72.7856
    0.1304   -0.7141   -0.6877
    0.8897   -0.2218    0.3990
   -0.4375   -0.6639    0.6065
...   142 C-G ...
   20.4355  -54.2994   74.5395
    0.5847   -0.7390   -0.3347
    0.7593    0.3532    0.5466
   -0.2857   -0.5737    0.7676
...   143 T-A ...
   18.4378  -55.5190   76.5273
    0.8548   -0.5006    0.1370
    0.3188    0.7147    0.6225
   -0.4096   -0.4884    0.7705
...   144 C-G ...
   16.8486  -57.7126   78.2648
    0.8529   -0.0846    0.5152
   -0.1509    0.9047    0.3983
   -0.4998   -0.4175    0.7589
...   145 A-T ...
   15.7934  -59.5518   80.7963
    0.5515    0.4995    0.6681
   -0.6739    0.7388    0.0040
   -0.4915   -0.4525    0.7441
...   146 C-G ...
   15.7411  -61.4839   83.9296
    0.0342    0.7400    0.6718
   -0.8637    0.3601   -0.3527
   -0.5029   -0.5681    0.6514
...   147 A-T ...
   14.7482  -63.4170   86.8165
   -0.5923    0.6746    0.4405
   -0.6886   -0.1400   -0.7115
   -0.4183   -0.7247    0.5475
