  147 base-pairs
...     1 T-A ...
    0.0000    0.0000    0.0000
    1.0000    0.0000    0.0000
    0.0000    1.0000    0.0000
    0.0000    0.0000    1.0000
...     2 G-C ...
   -0.5555   -1.1003    3.3981
    0.7749    0.6051    0.1828
   -0.5991    0.7953   -0.0929
   -0.2016   -0.0375    0.9787
...     3 T-A ...
   -0.6619   -3.0237    6.5348
    0.3046    0.9250    0.2271
   -0.8994    0.3578   -0.2510
   -0.3134   -0.1278    0.9410
...     4 G-C ...
   -1.1607   -3.8418    9.6940
   -0.3351    0.9421    0.0133
   -0.8752   -0.3061   -0.3746
   -0.3489   -0.1372    0.9271
...     5 A-T ...
   -1.3881   -3.6770   12.8999
   -0.7835    0.6162   -0.0801
   -0.5677   -0.7622   -0.3109
   -0.2527   -0.1981    0.9470
...     6 G-C ...
   -2.6236   -3.5448   15.7072
   -0.9923    0.0611   -0.1075
   -0.0294   -0.9610   -0.2748
   -0.1201   -0.2695    0.9555
...     7 C-G ...
   -2.3138   -3.7570   18.8866
   -0.8620   -0.4995   -0.0864
    0.5008   -0.8655    0.0073
   -0.0785   -0.0370    0.9962
...     8 G-C ...
   -3.9561   -6.8109   23.3205
   -0.2581   -0.3560   -0.8981
    0.6294   -0.7673    0.1233
   -0.7330   -0.5335    0.4221
...     9 C-G ...
   -6.1177   -8.9414   24.2385
    0.1143   -0.7320   -0.6716
    0.8123   -0.3203    0.4874
   -0.5720   -0.6013    0.5580
...    10 T-A ...
   -8.5041   -9.6771   26.0540
    0.4660   -0.8587   -0.2131
    0.6274    0.1508    0.7640
   -0.6239   -0.4897    0.6090
...    11 C-G ...
  -11.0625  -11.3174   27.2336
    0.6660   -0.6911    0.2808
    0.3382    0.6152    0.7121
   -0.6649   -0.3794    0.6435
...    12 A-T ...
  -13.0013  -13.1789   29.0658
    0.7188   -0.1490    0.6790
   -0.1787    0.9043    0.3876
   -0.6718   -0.4000    0.6235
...    13 C-G ...
  -14.1788  -15.9359   31.3399
    0.4052    0.2865    0.8682
   -0.5270    0.8492   -0.0343
   -0.7470   -0.4437    0.4951
...    14 A-T ...
  -15.9532  -18.1566   33.3080
   -0.1503    0.6873    0.7107
   -0.6106    0.5008   -0.6135
   -0.7776   -0.5261    0.3444
...    15 A-T ...
  -18.3148  -20.0004   34.6249
   -0.5256    0.8241    0.2110
   -0.3805   -0.0060   -0.9248
   -0.7609   -0.5663    0.3167
...    16 T-A ...
  -20.6056  -21.7300   36.3021
   -0.6626    0.6837   -0.3057
   -0.0331   -0.4345   -0.9001
   -0.7482   -0.5863    0.3105
...    17 T-A ...
  -23.0204  -23.5447   37.5333
   -0.5607    0.2797   -0.7793
    0.3855   -0.7448   -0.5447
   -0.7328   -0.6059    0.3098
...    18 T-A ...
  -25.4836  -25.3609   38.6363
   -0.2157   -0.2111   -0.9534
    0.6520   -0.7579    0.0203
   -0.7269   -0.6172    0.3011
...    19 A-T ...
  -27.7190  -27.6714   39.7010
    0.2926   -0.6009   -0.7439
    0.6316   -0.4626    0.6222
   -0.7180   -0.6519    0.2441
...    20 T-A ...
  -30.3658  -29.6048   39.9388
    0.5918   -0.7418   -0.3154
    0.3812   -0.0872    0.9204
   -0.7102   -0.6650    0.2312
...    21 T-A ...
  -32.6824  -31.8194   40.4740
    0.7083   -0.6442    0.2885
   -0.0533    0.3587    0.9319
   -0.7039   -0.6755    0.2197
...    22 C-G ...
  -34.8537  -34.2017   41.2137
    0.5374   -0.2776    0.7963
   -0.4985    0.6570    0.5655
   -0.6802   -0.7009    0.2147
...    23 G-C ...
  -37.2970  -36.3088   42.3266
    0.1716    0.2118    0.9621
   -0.7573    0.6530   -0.0087
   -0.6301   -0.7272    0.2725
...    24 C-G ...
  -39.0843  -38.9493   43.4352
   -0.2888    0.5601    0.7764
   -0.7243    0.4026   -0.5598
   -0.6261   -0.7240    0.2894
...    25 A-T ...
  -41.3911  -41.2995   44.1136
   -0.6428    0.7238    0.2509
   -0.3925   -0.0300   -0.9192
   -0.6578   -0.6894    0.3034
...    26 A-T ...
  -43.4398  -43.5344   45.3295
   -0.7660    0.5417   -0.3461
    0.0905   -0.4422   -0.8923
   -0.6365   -0.7148    0.2897
...    27 A-T ...
  -45.5461  -45.7542   46.4460
   -0.5605    0.1703   -0.8105
    0.5408   -0.6659   -0.5139
   -0.6272   -0.7264    0.2811
...    28 G-C ...
  -47.8300  -47.9986   47.3949
   -0.1112   -0.1679   -0.9795
    0.7615   -0.6477    0.0245
   -0.6385   -0.7432    0.1998
...    29 G-C ...
  -50.1580  -50.4072   47.8725
    0.4065   -0.4245   -0.8091
    0.6749   -0.4573    0.5791
   -0.6158   -0.7815    0.1006
...    30 C-G ...
  -52.3520  -52.9153   47.7358
    0.7507   -0.5636   -0.3446
    0.3099   -0.1602    0.9372
   -0.5834   -0.8104    0.0544
...    31 C-G ...
  -54.0651  -55.8371   47.6237
    0.8362   -0.4877    0.2509
   -0.2069    0.1431    0.9678
   -0.5079   -0.8612    0.0188
...    32 G-C ...
  -55.6752  -58.8032   48.2002
    0.5829   -0.2400    0.7763
   -0.6983    0.3404    0.6297
   -0.4154   -0.9091    0.0309
...    33 G-C ...
  -56.7523  -62.0325   48.4251
    0.0853    0.0458    0.9953
   -0.9226    0.3808    0.0615
   -0.3761   -0.9235    0.0747
...    34 C-G ...
  -57.6519  -65.2660   48.8500
   -0.4637    0.2691    0.8441
   -0.8036    0.2734   -0.5286
   -0.3730   -0.9235    0.0895
...    35 C-G ...
  -58.7941  -68.4439   49.3745
   -0.8275    0.4216    0.3707
   -0.3823    0.0604   -0.9221
   -0.4112   -0.9047    0.1113
...    36 C-G ...
  -60.1148  -71.5348   49.9936
   -0.8661    0.4391   -0.2390
    0.1721   -0.1870   -0.9672
   -0.4694   -0.8788    0.0863
...    37 G-C ...
  -61.4505  -74.6826   49.9255
   -0.5382    0.3467   -0.7682
    0.6589   -0.3952   -0.6400
   -0.5255   -0.8506   -0.0158
...    38 A-T ...
  -63.1938  -77.4784   49.9254
    0.0035    0.0845   -0.9964
    0.8528   -0.5206   -0.0412
   -0.5222   -0.8496   -0.0739
...    39 C-G ...
  -65.3924  -79.9066   49.5077
    0.4948   -0.1637   -0.8535
    0.7062   -0.4967    0.5046
   -0.5065   -0.8524   -0.1301
...    40 A-T ...
  -66.8525  -82.9253   49.0824
    0.8728   -0.3185   -0.3698
    0.2536   -0.3515    0.9012
   -0.4170   -0.8803   -0.2260
...    41 C-G ...
  -68.1125  -85.6662   47.6862
    0.8829   -0.4285    0.1920
   -0.2795   -0.1511    0.9482
   -0.3773   -0.8908   -0.2532
...    42 G-C ...
  -69.2499  -88.8787   47.3296
    0.5660   -0.3693    0.7370
   -0.7783    0.0554    0.6255
   -0.2718   -0.9276   -0.2561
...    43 A-T ...
  -70.0011  -92.0314   46.5336
   -0.0521   -0.2644    0.9630
   -0.9674    0.2528    0.0171
   -0.2480   -0.9307   -0.2689
...    44 C-G ...
  -70.2264  -95.3447   45.8336
   -0.5909   -0.0901    0.8017
   -0.7718    0.3526   -0.5292
   -0.2350   -0.9314   -0.2778
...    45 T-A ...
  -70.8854  -98.5854   45.1535
   -0.9241    0.1407    0.3554
   -0.2913    0.3428   -0.8931
   -0.2475   -0.9288   -0.2758
...    46 T-A ...
  -71.5675 -101.7137   44.4737
   -0.9183    0.2851   -0.2746
    0.3409    0.2170   -0.9147
   -0.2011   -0.9336   -0.2965
...    47 A-T ...
  -71.7948 -104.8648   43.1341
   -0.4529    0.3651   -0.8134
    0.8739    0.0010   -0.4861
   -0.1767   -0.9310   -0.3195
...    48 C-G ...
  -72.9511 -107.8500   42.2587
    0.1115    0.3517   -0.9295
    0.9791   -0.1992    0.0421
   -0.1704   -0.9147   -0.3665
...    49 T-A ...
  -73.7157 -110.7650   40.8321
    0.6527    0.2669   -0.7090
    0.7465   -0.3862    0.5418
   -0.1293   -0.8830   -0.4513
...    50 G-C ...
  -73.7603 -113.7950   39.3185
    0.9783    0.0924   -0.1855
    0.2063   -0.5176    0.8304
   -0.0193   -0.8506   -0.5254
...    51 T-A ...
  -73.6046 -116.2305   37.0738
    0.9299   -0.1750    0.3234
   -0.3667   -0.5084    0.7792
    0.0281   -0.8431   -0.5370
...    52 A-T ...
  -73.8134 -119.3645   35.6431
    0.4360   -0.5014    0.7474
   -0.8992   -0.2771    0.3386
    0.0373   -0.8197   -0.5716
...    53 G-C ...
  -73.3422 -122.1191   33.7580
   -0.1602   -0.5594    0.8133
   -0.9849    0.0358   -0.1694
    0.0656   -0.8281   -0.5567
...    54 G-C ...
  -72.9394 -125.0500   32.0435
   -0.7128   -0.4108    0.5684
   -0.6986    0.3448   -0.6269
    0.0616   -0.8440   -0.5328
...    55 T-A ...
  -72.4060 -128.1440   30.7336
   -0.9822   -0.1539    0.1078
   -0.1743    0.5318   -0.8287
    0.0702   -0.8328   -0.5492
...    56 A-T ...
  -71.7307 -130.5238   28.2639
   -0.8105    0.2073   -0.5479
    0.5620    0.5390   -0.6274
    0.1652   -0.8164   -0.5533
...    57 T-A ...
  -71.6584 -133.4854   26.7889
   -0.3865    0.4650   -0.7965
    0.9044    0.3602   -0.2286
    0.1806   -0.8087   -0.5598
...    58 C-G ...
  -71.0656 -136.1960   24.9774
    0.2432    0.6359   -0.7325
    0.9481    0.0037    0.3180
    0.2049   -0.7718   -0.6020
...    59 T-A ...
  -70.5371 -138.6189   22.7459
    0.7106    0.6008   -0.3662
    0.6551   -0.3750    0.6559
    0.2567   -0.7059   -0.6601
...    60 C-G ...
  -69.5611 -140.8307   20.5088
    0.9460    0.2865    0.1518
    0.0929   -0.6882    0.7195
    0.3106   -0.6665   -0.6777
...    61 G-C ...
  -68.1278 -143.2916   18.5829
    0.7770   -0.1106    0.6198
   -0.4511   -0.7844    0.4256
    0.4391   -0.6103   -0.6594
...    62 A-T ...
  -66.4534 -145.3057   16.5150
    0.3182   -0.5772    0.7521
   -0.8200   -0.5657   -0.0873
    0.4758   -0.5889   -0.6533
...    63 G-C ...
  -64.5578 -147.2188   14.4739
   -0.2232   -0.7920    0.5683
   -0.8380   -0.1420   -0.5269
    0.4980   -0.5938   -0.6319
...    64 C-G ...
  -62.6107 -149.3156   12.6344
   -0.6738   -0.7248    0.1438
   -0.5389    0.3488   -0.7668
    0.5056   -0.5941   -0.6256
...    65 T-A ...
  -60.8314 -151.4891   10.7428
   -0.8657   -0.3794   -0.3266
   -0.0470    0.7112   -0.7015
    0.4983   -0.5919   -0.6335
...    66 C-G ...
  -59.0430 -153.4774    8.7285
   -0.7020    0.1629   -0.6933
    0.4965    0.8099   -0.3125
    0.5106   -0.5636   -0.6494
...    67 G-C ...
  -56.8583 -155.0692    6.5964
   -0.3234    0.6782   -0.6599
    0.8011    0.5674    0.1906
    0.5037   -0.4669   -0.7268
...    68 G-C ...
  -55.2819 -156.7570    4.1098
    0.1366    0.9290   -0.3439
    0.8366    0.0777    0.5423
    0.5305   -0.3618   -0.7666
...    69 G-C ...
  -53.6136 -157.8169    1.3694
    0.5181    0.8465    0.1223
    0.6220   -0.4711    0.6255
    0.5871   -0.2480   -0.7706
...    70 A-T ...
  -51.5810 -158.4652   -1.1394
    0.7491    0.3986    0.5291
    0.1999   -0.8975    0.3932
    0.6315   -0.1888   -0.7520
...    71 T-A ...
  -49.4881 -158.3989   -3.6718
    0.7313   -0.1292    0.6697
   -0.2092   -0.9771    0.0399
    0.6492   -0.1693   -0.7416
...    72 C-G ...
  -47.1203 -158.9526   -5.9251
    0.4381   -0.7062    0.5562
   -0.5853   -0.6937   -0.4197
    0.6822   -0.1417   -0.7173
...    73 C-G ...
  -44.5177 -159.6307   -8.0425
   -0.0096   -0.9760    0.2174
   -0.6888   -0.1512   -0.7091
    0.7249   -0.1565   -0.6708
...    74 G-C ...
  -42.4046 -160.2137  -10.6782
   -0.4460   -0.8569   -0.2585
   -0.5135    0.4815   -0.7103
    0.7331   -0.1840   -0.6548
...    75 T-A ...
  -39.6871 -161.2392  -12.4609
   -0.6478   -0.4327   -0.6270
   -0.1817    0.8870   -0.4245
    0.7399   -0.1610   -0.6532
...    76 C-G ...
  -37.1023 -161.7923  -14.5155
   -0.6182    0.2292   -0.7519
    0.2441    0.9652    0.0935
    0.7471   -0.1257   -0.6527
...    77 A-T ...
  -34.3461 -161.8894  -16.4828
   -0.4019    0.7852   -0.4711
    0.5592    0.6179    0.5528
    0.7251   -0.0413   -0.6874
...    78 T-A ...
  -32.4148 -162.2578  -19.1162
   -0.0666    0.9935   -0.0921
    0.6802    0.1127    0.7243
    0.7300   -0.0144   -0.6833
...    79 G-C ...
  -29.7571 -162.1087  -21.2158
    0.2434    0.8591    0.4502
    0.6117   -0.4961    0.6162
    0.7527    0.1254   -0.6463
...    80 T-A ...
  -27.5781 -161.1282  -23.4856
    0.4907    0.4388    0.7528
    0.3967   -0.8817    0.2553
    0.7758    0.1733   -0.6067
...    81 T-A ...
  -25.0583 -160.3519  -25.3779
    0.6138   -0.1756    0.7697
    0.0499   -0.9644   -0.2598
    0.7879    0.1978   -0.5831
...    82 A-T ...
  -22.3855 -160.1495  -27.5384
    0.5101   -0.7742    0.3748
   -0.3515   -0.5853   -0.7306
    0.7850    0.2409   -0.5707
...    83 T-A ...
  -19.4933 -159.0929  -28.8189
    0.2707   -0.9575   -0.0999
   -0.5657   -0.0743   -0.8213
    0.7789    0.2788   -0.5617
...    84 A-T ...
  -17.4608 -157.6039  -31.3283
   -0.1034   -0.6517   -0.7514
   -0.6274    0.6289   -0.4592
    0.7718    0.4239   -0.4739
...    85 A-T ...
  -14.7327 -156.3823  -32.6895
   -0.4085   -0.0891   -0.9084
   -0.4608    0.8792    0.1210
    0.7879    0.4680   -0.4002
...    86 C-G ...
  -11.8719 -155.3596  -34.1558
   -0.5992    0.4175   -0.6831
   -0.1711    0.7668    0.6187
    0.7821    0.4876   -0.3880
...    87 G-C ...
   -9.1012 -153.4903  -34.9240
   -0.6709    0.7285   -0.1382
    0.1858    0.3456    0.9198
    0.7179    0.5914   -0.3673
...    88 G-C ...
   -6.6860 -151.5698  -36.3166
   -0.5279    0.7221    0.4471
    0.5236   -0.1378    0.8408
    0.6687    0.6779   -0.3054
...    89 A-T ...
   -4.5318 -149.2984  -37.2880
   -0.1607    0.4397    0.8836
    0.7426   -0.5358    0.4017
    0.6501    0.7208   -0.2404
...    90 C-G ...
   -2.9236 -146.5285  -38.0351
    0.2224    0.0357    0.9743
    0.7322   -0.6659   -0.1427
    0.6437    0.7452   -0.1742
...    91 T-A ...
   -0.9292 -143.8706  -38.2300
    0.5364   -0.3974    0.7445
    0.5312   -0.5264   -0.6638
    0.6557    0.7516   -0.0713
...    92 T-A ...
    1.1365 -141.3555  -38.1964
    0.7543   -0.6241    0.2037
    0.1256   -0.1674   -0.9779
    0.6444    0.7632   -0.0479
...    93 T-A ...
    3.2424 -138.8601  -38.0256
    0.7103   -0.5581   -0.4290
   -0.3481    0.2512   -0.9032
    0.6118    0.7908   -0.0159
...    94 A-T ...
    4.7280 -135.7215  -38.4814
    0.3326   -0.1072   -0.9370
   -0.7707    0.5418   -0.3355
    0.5436    0.8337    0.0976
...    95 A-T ...
    6.7422 -133.1735  -38.0173
   -0.1668    0.3061   -0.9373
   -0.8322    0.4661    0.3004
    0.5288    0.8301    0.1770
...    96 C-G ...
    8.9784 -130.6777  -37.6891
   -0.6005    0.5110   -0.6151
   -0.6114    0.2024    0.7650
    0.5154    0.8354    0.1909
...    97 A-T ...
   10.6067 -127.9304  -36.6237
   -0.8899    0.4540   -0.0447
   -0.1329   -0.1643    0.9774
    0.4364    0.8757    0.2066
...    98 C-G ...
   11.9630 -124.9201  -36.5063
   -0.8425    0.2493    0.4776
    0.3642   -0.3899    0.8458
    0.3971    0.8865    0.2377
...    99 T-A ...
   12.9892 -121.8480  -35.7857
   -0.5481   -0.0924    0.8313
    0.7690   -0.4464    0.4575
    0.3288    0.8901    0.3157
...   100 T-A ...
   13.8586 -118.9260  -34.7096
   -0.0239   -0.3787    0.9252
    0.9501   -0.2965   -0.0968
    0.3110    0.8768    0.3669
...   101 T-A ...
   14.6780 -116.0987  -33.3567
    0.5209   -0.5066    0.6870
    0.7970    0.0005   -0.6039
    0.3056    0.8622    0.4040
...   102 A-T ...
   15.9718 -113.2483  -32.0735
    0.9006   -0.4110    0.1412
    0.3023    0.3592   -0.8829
    0.3122    0.8379    0.4478
...   103 T-A ...
   16.9433 -110.8596  -29.9815
    0.9322   -0.1408   -0.3333
   -0.2134    0.5298   -0.8208
    0.2922    0.8364    0.4638
...   104 G-C ...
   17.8896 -107.9009  -28.7343
    0.5980    0.1897   -0.7787
   -0.7297    0.5308   -0.4311
    0.3316    0.8260    0.4558
...   105 C-G ...
   19.3243 -105.3224  -27.1037
    0.0685    0.4515   -0.8896
   -0.9420    0.3229    0.0913
    0.3285    0.8318    0.4474
...   106 T-A ...
   20.6796 -102.5862  -25.7161
   -0.4787    0.5290   -0.7008
   -0.8232    0.0072    0.5678
    0.3054    0.8486    0.4320
...   107 T-A ...
   21.8760  -99.8457  -24.4222
   -0.8707    0.4378   -0.2243
   -0.3876   -0.3300    0.8607
    0.3028    0.8363    0.4570
...   108 C-G ...
   22.9142  -97.0864  -22.9427
   -0.9428    0.1049    0.3165
    0.2143   -0.5365    0.8162
    0.2555    0.8373    0.4833
...   109 C-G ...
   23.5528  -94.1293  -21.4430
   -0.6893   -0.3059    0.6568
    0.7055   -0.4895    0.5124
    0.1648    0.8166    0.5533
...   110 G-C ...
   24.2396  -91.6385  -19.2449
   -0.1865   -0.6441    0.7418
    0.9787   -0.1881    0.0827
    0.0863    0.7414    0.6655
...   111 G-C ...
   24.2016  -89.3938  -16.7049
    0.3818   -0.7086    0.5934
    0.9214    0.2412   -0.3049
    0.0729    0.6631    0.7449
...   112 C-G ...
   24.2049  -87.5738  -13.8986
    0.8306   -0.4757    0.2895
    0.5507    0.6244   -0.5539
    0.0827    0.6195    0.7806
...   113 T-A ...
   24.5241  -85.8422  -11.0501
    0.9930   -0.0701   -0.0954
    0.0010    0.8109   -0.5852
    0.1184    0.5810    0.8053
...   114 C-G ...
   25.0417  -84.0088   -8.3324
    0.7832    0.4478   -0.4314
   -0.6096    0.6896   -0.3908
    0.1225    0.5691    0.8131
...   115 G-C ...
   25.1153  -81.8180   -5.7364
    0.2584    0.7371   -0.6244
   -0.9542    0.2957   -0.0458
    0.1509    0.6076    0.7798
...   116 T-A ...
   26.2310  -79.8874   -3.2141
   -0.3094    0.7727   -0.5542
   -0.9412   -0.1657    0.2943
    0.1356    0.6127    0.7786
...   117 A-T ...
   26.3396  -78.1348   -0.2817
   -0.8518    0.4757   -0.2194
   -0.5084   -0.6496    0.5653
    0.1264    0.5931    0.7952
...   118 T-A ...
   26.9248  -75.7292    1.8937
   -0.9932    0.0617    0.0989
    0.0087   -0.8067    0.5909
    0.1162    0.5877    0.8007
...   119 A-T ...
   27.3149  -73.9808    4.7555
   -0.7779   -0.4958    0.3862
    0.6264   -0.6610    0.4131
    0.0504    0.5632    0.8248
...   120 A-T ...
   27.2659  -72.1076    7.4042
   -0.2664   -0.8017    0.5351
    0.9633   -0.2401    0.1199
    0.0324    0.5474    0.8363
...   121 T-A ...
   26.6886  -70.3729   10.1427
    0.2719   -0.8156    0.5107
    0.9620    0.2168   -0.1659
    0.0246    0.5364    0.8436
...   122 G-C ...
   27.1257  -68.6985   13.0305
    0.7904   -0.5628    0.2421
    0.6102    0.6877   -0.3934
    0.0549    0.4587    0.8869
...   123 T-A ...
   27.1431  -67.7595   16.2503
    0.9949   -0.0983   -0.0233
    0.0774    0.8897   -0.4499
    0.0649    0.4458    0.8928
...   124 G-C ...
   27.4549  -65.9827   19.0830
    0.8315    0.4416   -0.3371
   -0.5420    0.7780   -0.3177
    0.1219    0.4469    0.8862
...   125 T-A ...
   28.3375  -64.9060   22.1503
    0.3944    0.7940   -0.4626
   -0.9111    0.4035   -0.0841
    0.1199    0.4547    0.8826
...   126 C-G ...
   28.8063  -63.4466   25.0949
   -0.2526    0.8667   -0.4302
   -0.9618   -0.1764    0.2093
    0.1055    0.4666    0.8781
...   127 G-C ...
   28.7722  -62.0717   28.2098
   -0.7744    0.5459   -0.3198
   -0.6323   -0.6511    0.4198
    0.0210    0.5273    0.8494
...   128 A-T ...
   28.8806  -60.3049   30.9886
   -0.9991    0.0165   -0.0389
   -0.0345   -0.8495    0.5264
   -0.0244    0.5273    0.8493
...   129 C-G ...
   28.6070  -58.0849   33.4315
   -0.8576   -0.4676    0.2142
    0.5098   -0.7174    0.4748
   -0.0684    0.5164    0.8536
...   130 C-G ...
   28.0085  -56.3416   36.2674
   -0.4130   -0.8356    0.3621
    0.8993   -0.3116    0.3067
   -0.1435    0.4523    0.8802
...   131 A-T ...
   27.7128  -55.0114   39.3464
    0.2141   -0.8965    0.3879
    0.9618    0.2628    0.0765
   -0.1705    0.3567    0.9185
...   132 A-T ...
   26.9549  -54.0208   42.3565
    0.7405   -0.5604    0.3708
    0.6454    0.7469   -0.1600
   -0.1873    0.3579    0.9148
...   133 A-T ...
   26.2363  -53.1079   45.4083
    0.9728    0.0086    0.2316
    0.0750    0.9338   -0.3498
   -0.2192    0.3576    0.9078
...   134 T-A ...
   25.6308  -52.5797   48.6350
    0.8597    0.5096    0.0340
   -0.4497    0.7867   -0.4230
   -0.2423    0.3484    0.9055
...   135 G-C ...
   25.2859  -52.4981   52.0751
    0.3205    0.9427   -0.0927
   -0.8825    0.2616   -0.3908
   -0.3442    0.2071    0.9158
...   136 T-A ...
   25.5356  -52.9669   55.8003
   -0.2443    0.9563   -0.1608
   -0.8908   -0.2868   -0.3525
   -0.3832    0.0571    0.9219
...   137 G-C ...
   24.9038  -52.7260   58.9822
   -0.7529    0.5562   -0.3519
   -0.5214   -0.8303   -0.1968
   -0.4017    0.0354    0.9151
...   138 A-T ...
   24.0250  -51.6262   61.9212
   -0.9563    0.0400   -0.2896
   -0.0523   -0.9980    0.0347
   -0.2877    0.0483    0.9565
...   139 G-C ...
   22.3575  -51.2300   64.4910
   -0.8529   -0.5117   -0.1032
    0.4973   -0.8566    0.1372
   -0.1586    0.0657    0.9852
...   140 C-G ...
   22.1609  -50.1387   67.4619
   -0.4681   -0.8749    0.1247
    0.8495   -0.4066    0.3363
   -0.2435    0.2633    0.9335
...   141 G-C ...
   21.4367  -51.8165   72.7857
    0.1304   -0.7141   -0.6877
    0.8897   -0.2218    0.3990
   -0.4375   -0.6639    0.6065
...   142 C-G ...
   20.4355  -54.2995   74.5396
    0.5847   -0.7390   -0.3347
    0.7593    0.3532    0.5466
   -0.2857   -0.5737    0.7676
...   143 T-A ...
   18.4378  -55.5191   76.5274
    0.8548   -0.5006    0.1370
    0.3188    0.7147    0.6225
   -0.4096   -0.4884    0.7705
...   144 C-G ...
   16.8485  -57.7127   78.2649
    0.8529   -0.0846    0.5152
   -0.1509    0.9047    0.3983
   -0.4998   -0.4175    0.7589
...   145 A-T ...
   15.7934  -59.5519   80.7964
    0.5515    0.4995    0.6681
   -0.6739    0.7388    0.0040
   -0.4915   -0.4525    0.7441
...   146 C-G ...
   15.7411  -61.4840   83.9297
    0.0342    0.7400    0.6718
   -0.8637    0.3601   -0.3527
   -0.5029   -0.5681    0.6514
...   147 A-T ...
   14.7482  -63.4171   86.8166
   -0.5923    0.6746    0.4405
   -0.6886   -0.1400   -0.7115
   -0.4183   -0.7247    0.5475
