  147 base-pairs
...     1 T-A ...
    0.0000    0.0000    0.0000
    1.0000    0.0000    0.0000
    0.0000    1.0000    0.0000
    0.0000    0.0000    1.0000
...     2 G-C ...
   -0.5555   -1.1003    3.3981
    0.7749    0.6051    0.1828
   -0.5991    0.7953   -0.0929
   -0.2016   -0.0375    0.9787
...     3 T-A ...
   -0.6619   -3.0237    6.5348
    0.3046    0.9250    0.2271
   -0.8994    0.3578   -0.2510
   -0.3134   -0.1278    0.9410
...     4 G-C ...
   -1.1607   -3.8418    9.6940
   -0.3351    0.9421    0.0133
   -0.8752   -0.3061   -0.3746
   -0.3489   -0.1372    0.9271
...     5 A-T ...
   -1.3881   -3.6770   12.8999
   -0.7835    0.6162   -0.0801
   -0.5677   -0.7622   -0.3109
   -0.2527   -0.1981    0.9470
...     6 G-C ...
   -2.6236   -3.5448   15.7072
   -0.9923    0.0611   -0.1075
   -0.0294   -0.9610   -0.2748
   -0.1201   -0.2695    0.9555
...     7 C-G ...
   -2.3138   -3.7570   18.8866
   -0.8620   -0.4995   -0.0864
    0.5008   -0.8655    0.0073
   -0.0785   -0.0370    0.9962
...     8 G-C ...
   -3.9561   -6.8109   23.3205
   -0.2581   -0.3560   -0.8981
    0.6294   -0.7673    0.1233
   -0.7330   -0.5335    0.4221
...     9 C-G ...
   -6.1177   -8.9414   24.2385
    0.1143   -0.7320   -0.6716
    0.8123   -0.3203    0.4874
   -0.5720   -0.6013    0.5580
...    10 T-A ...
   -8.5041   -9.6771   26.0540
    0.4660   -0.8587   -0.2131
    0.6274    0.1508    0.7640
   -0.6239   -0.4897    0.6090
...    11 C-G ...
  -11.0625  -11.3174   27.2336
    0.6660   -0.6911    0.2808
    0.3382    0.6152    0.7121
   -0.6649   -0.3794    0.6435
...    12 A-T ...
  -13.0013  -13.1789   29.0658
    0.7188   -0.1490    0.6790
   -0.1787    0.9043    0.3876
   -0.6718   -0.4000    0.6235
...    13 C-G ...
  -14.1788  -15.9359   31.3399
    0.4052    0.2865    0.8682
   -0.5270    0.8492   -0.0343
   -0.7470   -0.4437    0.4951
...    14 A-T ...
  -15.9532  -18.1566   33.3080
   -0.1503    0.6873    0.7107
   -0.6106    0.5008   -0.6135
   -0.7776   -0.5261    0.3444
...    15 A-T ...
  -18.2969  -19.9996   34.6555
   -0.5263    0.8212    0.2203
   -0.3905   -0.0033   -0.9206
   -0.7553   -0.5706    0.3225
...    16 T-A ...
  -20.5513  -21.7543   36.3648
   -0.6755    0.6785   -0.2887
   -0.0451   -0.4288   -0.9023
   -0.7360   -0.5965    0.3203
...    17 T-A ...
  -22.9070  -23.5992   37.6736
   -0.5925    0.2706   -0.7588
    0.3842   -0.7330   -0.5614
   -0.7081   -0.6241    0.3303
...    18 T-A ...
  -25.2872  -25.4611   38.8857
   -0.2546   -0.2163   -0.9425
    0.6743   -0.7384   -0.0127
   -0.6932   -0.6388    0.3339
...    19 A-T ...
  -27.4000  -27.8081   40.0727
    0.2651   -0.5854   -0.7662
    0.6853   -0.4445    0.5768
   -0.6782   -0.6780    0.2834
...    20 T-A ...
  -29.9504  -29.8336   40.4648
    0.5961   -0.7137   -0.3677
    0.4497   -0.0826    0.8894
   -0.6651   -0.6955    0.2718
...    21 T-A ...
  -32.1134  -32.1508   41.1396
    0.7649   -0.6095    0.2084
    0.0121    0.3370    0.9414
   -0.6441   -0.7175    0.2652
...    22 C-G ...
  -34.0529  -34.6604   42.0124
    0.6410   -0.2580    0.7228
   -0.4718    0.6104    0.6363
   -0.6054   -0.7489    0.2695
...    23 G-C ...
  -36.1160  -36.9940   43.3702
    0.2937    0.2088    0.9328
   -0.7971    0.5922    0.1185
   -0.5277   -0.7783    0.3403
...    24 C-G ...
  -37.4756  -39.7596   44.7120
   -0.2011    0.5244    0.8274
   -0.8356    0.3490   -0.4243
   -0.5112   -0.7767    0.3680
...    25 A-T ...
  -39.4190  -42.2736   45.7806
   -0.6414    0.6658    0.3811
   -0.5516   -0.0549   -0.8323
   -0.5332   -0.7441    0.4025
...    26 A-T ...
  -41.0095  -44.6723   47.3303
   -0.8637    0.4715   -0.1784
   -0.0463   -0.4266   -0.9032
   -0.5020   -0.7718    0.3903
...    27 A-T ...
  -42.6427  -47.0715   48.8203
   -0.7309    0.1093   -0.6737
    0.4875   -0.6072   -0.6274
   -0.4777   -0.7870    0.3905
...    28 G-C ...
  -44.4203  -49.5335   50.2091
   -0.3056   -0.1893   -0.9331
    0.8143   -0.5599   -0.1531
   -0.4934   -0.8067    0.3252
...    29 G-C ...
  -46.2902  -52.1585   51.2399
    0.2539   -0.3887   -0.8857
    0.8406   -0.3643    0.4009
   -0.4785   -0.8462    0.2343
...    30 C-G ...
  -48.1586  -54.8795   51.6569
    0.7081   -0.4742   -0.5231
    0.5480   -0.0981    0.8307
   -0.4453   -0.8749    0.1904
...    31 C-G ...
  -49.5307  -57.9542   51.9538
    0.9315   -0.3634    0.0174
    0.0383    0.1455    0.9886
   -0.3618   -0.9202    0.1495
...    32 G-C ...
  -50.5056  -61.0790   52.8848
    0.8121   -0.1151    0.5721
   -0.5298    0.2656    0.8054
   -0.2446   -0.9572    0.1547
...    33 G-C ...
  -50.9033  -64.4129   53.4315
    0.3804    0.1191    0.9171
   -0.9074    0.2395    0.3453
   -0.1785   -0.9636    0.1992
...    34 C-G ...
  -51.0442  -67.6844   54.2025
   -0.2028    0.2550    0.9454
   -0.9658    0.1072   -0.2361
   -0.1615   -0.9610    0.2246
...    35 C-G ...
  -51.4075  -70.9138   55.2340
   -0.7130    0.3177    0.6251
   -0.6770   -0.0799   -0.7316
   -0.1825   -0.9448    0.2721
...    36 C-G ...
  -51.9384  -74.0663   56.4212
   -0.9599    0.2699    0.0760
   -0.1470   -0.2534   -0.9561
   -0.2388   -0.9289    0.2829
...    37 G-C ...
  -52.6525  -77.3512   56.9542
   -0.8355    0.1600   -0.5257
    0.4473   -0.3576   -0.8198
   -0.3191   -0.9201    0.2272
...    38 A-T ...
  -53.6949  -80.3677   57.7866
   -0.3796   -0.0510   -0.9238
    0.8652   -0.3731   -0.3349
   -0.3276   -0.9264    0.1857
...    39 C-G ...
  -55.3424  -83.1694   58.4245
    0.1627   -0.2018   -0.9658
    0.9308   -0.2933    0.2180
   -0.3272   -0.9345    0.1401
...    40 A-T ...
  -56.2001  -86.3961   58.8852
    0.7126   -0.2214   -0.6657
    0.6479   -0.1562    0.7455
   -0.2690   -0.9626    0.0322
...    41 C-G ...
  -57.2791  -89.4857   58.3666
    0.9598   -0.2316   -0.1586
    0.1542   -0.0371    0.9873
   -0.2346   -0.9721    0.0001
...    42 G-C ...
  -57.7522  -92.8359   58.7578
    0.8874   -0.1143    0.4466
   -0.4460    0.0324    0.8945
   -0.1167   -0.9929   -0.0222
...    43 A-T ...
  -57.9552  -96.1472   58.6901
    0.4259   -0.0617    0.9027
   -0.9005    0.0685    0.4295
   -0.0883   -0.9957   -0.0264
...    44 C-G ...
  -57.5764  -99.4934   58.5565
   -0.1414   -0.0143    0.9898
   -0.9872    0.0768   -0.1399
   -0.0740   -0.9969   -0.0250
...    45 T-A ...
  -57.5636 -102.8529   58.7003
   -0.6713    0.0523    0.7393
   -0.7370    0.0582   -0.6734
   -0.0783   -0.9969   -0.0005
...    46 T-A ...
  -57.5918 -106.1193   58.8794
   -0.9823    0.0361    0.1837
   -0.1823    0.0386   -0.9825
   -0.0426   -0.9986   -0.0313
...    47 A-T ...
  -57.5168 -109.4876   58.2813
   -0.8558    0.0400   -0.5157
    0.5170    0.0351   -0.8553
   -0.0161   -0.9986   -0.0507
...    48 C-G ...
  -58.0015 -112.7706   58.5537
   -0.4343    0.0900   -0.8962
    0.9003    0.0112   -0.4352
   -0.0291   -0.9959   -0.0859
...    49 T-A ...
  -58.4013 -116.0631   58.2091
    0.1362    0.1647   -0.9769
    0.9901   -0.0566    0.1285
   -0.0341   -0.9847   -0.1707
...    50 G-C ...
  -58.2149 -119.3556   57.4961
    0.6915    0.2219   -0.6874
    0.7220   -0.1812    0.6678
    0.0236   -0.9581   -0.2855
...    51 T-A ...
  -58.3436 -122.2918   55.9817
    0.9703    0.1320   -0.2029
    0.2337   -0.2929    0.9271
    0.0629   -0.9470   -0.3150
...    52 A-T ...
  -58.0248 -125.6035   55.2798
    0.8911   -0.0683    0.4487
   -0.4433   -0.3430    0.8282
    0.0973   -0.9369   -0.3359
...    53 G-C ...
  -57.3878 -128.6421   54.0156
    0.4850   -0.2163    0.8473
   -0.8625   -0.2784    0.4226
    0.1445   -0.9358   -0.3216
...    54 G-C ...
  -56.5615 -131.8164   53.0830
   -0.1095   -0.3009    0.9474
   -0.9786   -0.1345   -0.1559
    0.1743   -0.9441   -0.2797
...    55 T-A ...
  -55.4032 -134.9303   52.4395
   -0.6347   -0.3316    0.6980
   -0.7527    0.0607   -0.6556
    0.1751   -0.9415   -0.2881
...    56 A-T ...
  -54.9756 -137.9261   50.7364
   -0.9629   -0.2690    0.0219
   -0.1112    0.3212   -0.9405
    0.2460   -0.9080   -0.3392
...    57 T-A ...
  -54.2326 -141.1235   50.2497
   -0.8728   -0.0668   -0.4835
    0.4118    0.4311   -0.8029
    0.2621   -0.8998   -0.3487
...    58 C-G ...
  -53.3373 -144.1290   49.1734
   -0.4478    0.2524   -0.8578
    0.8567    0.3957   -0.3308
    0.2559   -0.8830   -0.3934
...    59 T-A ...
  -52.7723 -147.1119   47.7902
    0.0783    0.5066   -0.8586
    0.9650    0.1777    0.1929
    0.2503   -0.8437   -0.4749
...    60 C-G ...
  -51.9601 -149.8342   46.1336
    0.6284    0.5645   -0.5352
    0.7268   -0.1811    0.6625
    0.2770   -0.8053   -0.5241
...    61 A-T ...
  -50.7441 -152.5038   44.4574
    0.8984    0.4386    0.0231
    0.2351   -0.5245    0.8183
    0.3710   -0.7297   -0.5743
...    62 T-A ...
  -49.4971 -154.4144   42.0797
    0.8864    0.1012    0.4517
   -0.2649   -0.6893    0.6743
    0.3796   -0.7174   -0.5842
...    63 G-C ...
  -48.1657 -157.0770   40.4891
    0.5150   -0.3105    0.7990
   -0.7298   -0.6477    0.2187
    0.4496   -0.6957   -0.5602
...    64 T-A ...
  -46.0981 -159.0673   38.7081
    0.0224   -0.6265    0.7791
   -0.8877   -0.3709   -0.2727
    0.4599   -0.6855   -0.5644
...    65 T-A ...
  -44.3070 -161.1739   36.9410
   -0.4936   -0.7702    0.4039
   -0.7237    0.1062   -0.6819
    0.4823   -0.6289   -0.6098
...    66 A-T ...
  -42.8985 -162.7882   34.1623
   -0.8063   -0.5272   -0.2683
   -0.1902    0.6606   -0.7263
    0.5601   -0.5345   -0.6329
...    67 T-A ...
  -41.0482 -165.0251   32.5425
   -0.7742   -0.1004   -0.6250
    0.2582    0.8513   -0.4567
    0.5779   -0.5149   -0.6331
...    68 A-T ...
  -38.7853 -166.3910   30.3757
   -0.4300    0.5004   -0.7514
    0.6900    0.7189    0.0840
    0.5823   -0.4824   -0.6544
...    69 A-T ...
  -37.0237 -168.0205   28.1924
    0.0409    0.8458   -0.5319
    0.8095    0.2840    0.5139
    0.5857   -0.4516   -0.6731
...    70 C-G ...
  -35.5968 -169.4667   25.5900
    0.4419    0.8883   -0.1248
    0.6679   -0.2329    0.7069
    0.5989   -0.3957   -0.6962
...    71 G-C ...
  -33.1639 -170.6568   23.4963
    0.6646    0.6287    0.4038
    0.3337   -0.7333    0.5924
    0.6686   -0.2589   -0.6971
...    72 G-C ...
  -30.6605 -171.0883   21.2363
    0.6804    0.1096    0.7246
   -0.0624   -0.9765    0.2064
    0.7302   -0.1856   -0.6575
...    73 A-T ...
  -28.0751 -171.6209   19.1969
    0.4904   -0.5279    0.6934
   -0.4472   -0.8353   -0.3197
    0.7480   -0.1533   -0.6457
...    74 T-A ...
  -25.2424 -171.6378   17.4341
    0.1996   -0.9013    0.3845
   -0.6401   -0.4170   -0.6453
    0.7419   -0.1173   -0.6601
...    75 C-G ...
  -22.6865 -172.0377   15.3154
   -0.2315   -0.9639   -0.1318
   -0.6235    0.2510   -0.7404
    0.7467   -0.0892   -0.6591
...    76 G-C ...
  -20.4108 -171.9672   12.7598
   -0.5982   -0.6025   -0.5284
   -0.3650    0.7918   -0.4897
    0.7134   -0.1001   -0.6936
...    77 A-T ...
  -17.9052 -172.2675   10.5933
   -0.7056    0.0257   -0.7081
    0.0644    0.9975   -0.0280
    0.7057   -0.0654   -0.7055
...    78 G-C ...
  -15.6083 -172.6915    8.1962
   -0.6017    0.5862   -0.5425
    0.4326    0.8102    0.3956
    0.6714    0.0034   -0.7410
...    79 C-G ...
  -13.6148 -172.9796    5.5337
   -0.3018    0.9386   -0.1673
    0.6915    0.3364    0.6393
    0.6563    0.0772   -0.7506
...    80 T-A ...
  -11.6698 -172.5714    2.8678
    0.0617    0.9540    0.2934
    0.7642   -0.2342    0.6009
    0.6420    0.1871   -0.7435
...    81 C-G ...
   -9.5531 -171.7488    0.4958
    0.4694    0.6033    0.6447
    0.5975   -0.7546    0.2711
    0.6501    0.2580   -0.7147
...    82 G-C ...
   -6.9090 -170.9436   -1.5341
    0.6586    0.0125    0.7524
    0.2791   -0.9326   -0.2287
    0.6989    0.3606   -0.6177
...    83 G-C ...
   -4.2686 -169.5271   -3.1778
    0.6598   -0.5511    0.5108
   -0.1032   -0.7398   -0.6649
    0.7443    0.3860   -0.5450
...    84 G-C ...
   -1.4731 -168.2654   -4.6996
    0.4501   -0.8923    0.0349
   -0.4358   -0.2537   -0.8636
    0.7794    0.3735   -0.5030
...    85 A-T ...
    1.1963 -166.9976   -6.2792
    0.0921   -0.8360   -0.5409
   -0.6243    0.3747   -0.6854
    0.7757    0.4009   -0.4874
...    86 T-A ...
    4.1742 -166.0278   -7.4623
   -0.2287   -0.4770   -0.8486
   -0.5899    0.7613   -0.2689
    0.7744    0.4391   -0.4555
...    87 C-G ...
    6.8472 -164.5581   -8.8418
   -0.5553    0.1125   -0.8240
   -0.3373    0.8752    0.3468
    0.7602    0.4705   -0.4481
...    88 C-G ...
    9.5728 -163.1658  -10.3625
   -0.7148    0.5538   -0.4271
    0.0308    0.6349    0.7719
    0.6987    0.5386   -0.4709
...    89 G-C ...
   12.0878 -161.1524  -11.5459
   -0.6600    0.7300    0.1774
    0.4366    0.1805    0.8813
    0.6113    0.6592   -0.4379
...    90 C-G ...
   13.7940 -158.9177  -13.3289
   -0.3447    0.6502    0.6770
    0.7388   -0.2570    0.6230
    0.5791    0.7150   -0.3918
...    91 T-A ...
   15.4351 -156.2997  -14.5642
    0.0689    0.3234    0.9438
    0.8338   -0.5381    0.1235
    0.5477    0.7784   -0.3067
...    92 T-A ...
   17.0800 -153.6409  -15.4308
    0.5378   -0.0774    0.8395
    0.6463   -0.6015   -0.4695
    0.5414    0.7951   -0.2734
...    93 T-A ...
   18.7462 -150.9212  -16.1006
    0.8299   -0.4075    0.3812
    0.2046   -0.4134   -0.8873
    0.5191    0.8143   -0.2597
...    94 A-T ...
   20.3732 -148.2761  -17.7165
    0.7856   -0.4838   -0.3857
   -0.4462   -0.0112   -0.8949
    0.4286    0.8751   -0.2247
...    95 A-T ...
   21.9266 -145.4122  -18.1412
    0.3780   -0.3097   -0.8725
   -0.8452    0.2693   -0.4617
    0.3780    0.9119   -0.1600
...    96 C-G ...
   23.7583 -142.5702  -18.4775
   -0.1556   -0.0867   -0.9840
   -0.9170    0.3831    0.1112
    0.3673    0.9196   -0.1391
...    97 A-T ...
   24.6422 -139.3235  -18.5838
   -0.7100    0.1242   -0.6932
   -0.6311    0.3244    0.7046
    0.3124    0.9377   -0.1519
...    98 C-G ...
   25.9647 -136.4194  -19.5436
   -0.9499    0.2503   -0.1874
   -0.1439    0.1820    0.9727
    0.2776    0.9509   -0.1368
...    99 T-A ...
   26.7601 -133.2568  -20.2176
   -0.8948    0.2165    0.3904
    0.4018    0.0097    0.9157
    0.1945    0.9762   -0.0957
...   100 T-A ...
   27.2462 -130.0833  -20.5805
   -0.5091    0.1192    0.8524
    0.8463   -0.1109    0.5210
    0.1567    0.9867   -0.0444
...   101 T-A ...
   27.5614 -126.8685  -20.6500
    0.0650   -0.0242    0.9976
    0.9886   -0.1347   -0.0676
    0.1360    0.9906    0.0152
...   102 A-T ...
   28.2094 -123.5725  -20.3526
    0.6478   -0.1842    0.7392
    0.7484   -0.0271   -0.6627
    0.1421    0.9825    0.1204
...   103 T-A ...
   28.3140 -120.4261  -19.3445
    0.9455   -0.1638    0.2814
    0.2988    0.0936   -0.9497
    0.1292    0.9820    0.1375
...   104 G-C ...
   29.0068 -117.1393  -19.1863
    0.9235   -0.0979   -0.3709
   -0.3418    0.2288   -0.9115
    0.1741    0.9685    0.1778
...   105 C-G ...
   29.8932 -113.9883  -18.3162
    0.5529    0.0571   -0.8313
   -0.8129    0.2564   -0.5230
    0.1833    0.9649    0.1881
...   106 T-A ...
   30.7961 -110.8162  -17.6114
   -0.0131    0.1886   -0.9820
   -0.9838    0.1730    0.0464
    0.1787    0.9667    0.1833
...   107 T-A ...
   31.6517 -107.7268  -16.9488
   -0.6020    0.2978   -0.7409
   -0.7787   -0.0137    0.6272
    0.1766    0.9545    0.2402
...   108 C-G ...
   32.3580 -104.5934  -16.0910
   -0.9605    0.1922   -0.2014
   -0.2427   -0.2232    0.9441
    0.1364    0.9556    0.2610
...   109 C-G ...
   32.8571 -101.3086  -15.4126
   -0.9385   -0.0756    0.3369
    0.3437   -0.2986    0.8904
    0.0333    0.9514    0.3062
...   110 G-C ...
   33.0665  -98.2203  -13.9863
   -0.5675   -0.3833    0.7287
    0.8196   -0.1781    0.5446
   -0.0790    0.9063    0.4152
...   111 G-C ...
   32.4176  -95.2912  -12.4315
    0.0011   -0.5203    0.8540
    0.9922    0.1072    0.0640
   -0.1249    0.8473    0.5163
...   112 C-G ...
   31.5900  -92.7649  -10.4148
    0.5663   -0.4162    0.7114
    0.8139    0.4187   -0.4028
   -0.1302    0.8071    0.5758
...   113 T-A ...
   31.0906  -90.3499   -8.1551
    0.9304   -0.1525    0.3333
    0.3516    0.6278   -0.6944
   -0.1034    0.7633    0.6378
...   114 C-G ...
   30.9233  -87.9098   -5.9103
    0.9478    0.2719   -0.1664
   -0.3037    0.6115   -0.7306
   -0.0968    0.7430    0.6622
...   115 G-C ...
   30.5047  -85.1060   -4.0111
    0.5729    0.5590   -0.5995
   -0.8186    0.3530   -0.4531
   -0.0417    0.7503    0.6598
...   116 T-A ...
   30.9595  -82.7506   -1.6157
    0.0154    0.6669   -0.7450
   -0.9986   -0.0277   -0.0454
   -0.0509    0.7446    0.6655
...   117 A-T ...
   30.1010  -80.6195    1.0184
   -0.6932    0.5112   -0.5082
   -0.7199   -0.5267    0.4521
   -0.0366    0.6792    0.7330
...   118 T-A ...
   30.3515  -78.0089    3.0431
   -0.9701    0.1571   -0.1848
   -0.2401   -0.7286    0.6414
   -0.0339    0.6667    0.7446
...   119 A-T ...
   30.3290  -76.1353    5.9048
   -0.8873   -0.3819    0.2587
    0.4577   -0.6598    0.5959
   -0.0569    0.6471    0.7603
...   120 A-T ...
   29.9912  -73.9785    8.3086
   -0.4402   -0.7149    0.5432
    0.8951   -0.3019    0.3280
   -0.0705    0.6307    0.7728
...   121 T-A ...
   29.1034  -71.9237   10.7185
    0.0960   -0.7783    0.6205
    0.9924    0.1232    0.0010
   -0.0772    0.6157    0.7842
...   122 G-C ...
   29.1943  -70.0002   13.5006
    0.6829   -0.5978    0.4199
    0.7285    0.6002   -0.3303
   -0.0545    0.5314    0.8453
...   123 T-A ...
   28.7919  -68.8007   16.6022
    0.9734   -0.1740    0.1488
    0.2255    0.8411   -0.4916
   -0.0396    0.5121    0.8580
...   124 G-C ...
   28.8511  -66.8050   19.3238
    0.9044    0.3584   -0.2315
   -0.4260    0.7888   -0.4430
    0.0238    0.4993    0.8661
...   125 T-A ...
   29.3819  -65.5640   22.4209
    0.5095    0.7380   -0.4425
   -0.8601    0.4528   -0.2350
    0.0269    0.5003    0.8654
...   126 C-G ...
   29.5454  -63.9358   25.3256
   -0.1443    0.8577   -0.4935
   -0.9893   -0.1150    0.0894
    0.0200    0.5011    0.8652
...   127 G-C ...
   29.1707  -62.4433   28.3871
   -0.7105    0.5712   -0.4111
   -0.7025   -0.6101    0.3665
   -0.0414    0.5491    0.8347
...   128 A-T ...
   29.1094  -60.6237   31.1557
   -0.9912    0.0537   -0.1206
   -0.1105   -0.8379    0.5345
   -0.0724    0.5431    0.8365
...   129 C-G ...
   28.7587  -58.3454   33.5588
   -0.8841   -0.4375    0.1642
    0.4550   -0.7257    0.5161
   -0.1066    0.5310    0.8407
...   130 C-G ...
   28.1204  -56.5195   36.3413
   -0.4501   -0.8212    0.3509
    0.8760   -0.3297    0.3521
   -0.1734    0.4659    0.8677
...   131 A-T ...
   27.7836  -55.1205   39.4016
    0.1880   -0.8950    0.4046
    0.9629    0.2491    0.1036
   -0.1935    0.3701    0.9086
...   132 A-T ...
   26.9846  -54.0734   42.3806
    0.7276   -0.5651    0.3890
    0.6554    0.7401   -0.1507
   -0.2027    0.3646    0.9088
...   133 A-T ...
   26.2435  -53.1181   45.4123
    0.9711    0.0043    0.2388
    0.0819    0.9332   -0.3500
   -0.2244    0.3594    0.9058
...   134 T-A ...
   25.6308  -52.5796   48.6349
    0.8597    0.5096    0.0340
   -0.4497    0.7867   -0.4230
   -0.2423    0.3484    0.9055
...   135 G-C ...
   25.2858  -52.4980   52.0750
    0.3205    0.9427   -0.0927
   -0.8825    0.2616   -0.3908
   -0.3442    0.2071    0.9158
...   136 T-A ...
   25.5356  -52.9668   55.8002
   -0.2443    0.9563   -0.1608
   -0.8908   -0.2868   -0.3525
   -0.3832    0.0571    0.9219
...   137 G-C ...
   24.9037  -52.7259   58.9821
   -0.7529    0.5562   -0.3519
   -0.5214   -0.8303   -0.1968
   -0.4017    0.0354    0.9151
...   138 A-T ...
   24.0249  -51.6261   61.9211
   -0.9563    0.0400   -0.2896
   -0.0523   -0.9980    0.0347
   -0.2877    0.0483    0.9565
...   139 G-C ...
   22.3574  -51.2300   64.4909
   -0.8529   -0.5117   -0.1032
    0.4973   -0.8566    0.1372
   -0.1586    0.0657    0.9852
...   140 C-G ...
   22.1608  -50.1386   67.4618
   -0.4681   -0.8749    0.1247
    0.8495   -0.4066    0.3363
   -0.2435    0.2633    0.9335
...   141 G-C ...
   21.4366  -51.8164   72.7856
    0.1304   -0.7141   -0.6877
    0.8897   -0.2218    0.3990
   -0.4375   -0.6639    0.6065
...   142 C-G ...
   20.4354  -54.2994   74.5395
    0.5847   -0.7390   -0.3347
    0.7593    0.3532    0.5466
   -0.2857   -0.5737    0.7676
...   143 T-A ...
   18.4377  -55.5190   76.5273
    0.8548   -0.5006    0.1370
    0.3188    0.7147    0.6225
   -0.4096   -0.4884    0.7705
...   144 C-G ...
   16.8485  -57.7126   78.2648
    0.8529   -0.0846    0.5152
   -0.1509    0.9047    0.3983
   -0.4998   -0.4175    0.7589
...   145 A-T ...
   15.7933  -59.5518   80.7963
    0.5515    0.4995    0.6681
   -0.6739    0.7388    0.0040
   -0.4915   -0.4525    0.7441
...   146 C-G ...
   15.7410  -61.4839   83.9296
    0.0342    0.7400    0.6718
   -0.8637    0.3601   -0.3527
   -0.5029   -0.5681    0.6514
...   147 A-T ...
   14.7481  -63.4171   86.8165
   -0.5923    0.6746    0.4405
   -0.6886   -0.1400   -0.7115
   -0.4183   -0.7247    0.5475
