  147 base-pairs
...     1 T-A ...
    0.0000    0.0000    0.0000
    1.0000    0.0000    0.0000
    0.0000    1.0000    0.0000
    0.0000    0.0000    1.0000
...     2 G-C ...
   -0.5555   -1.1003    3.3981
    0.7749    0.6051    0.1828
   -0.5991    0.7953   -0.0929
   -0.2016   -0.0375    0.9787
...     3 T-A ...
   -0.6619   -3.0237    6.5348
    0.3046    0.9250    0.2271
   -0.8994    0.3578   -0.2510
   -0.3134   -0.1278    0.9410
...     4 G-C ...
   -1.1607   -3.8418    9.6940
   -0.3351    0.9421    0.0133
   -0.8752   -0.3061   -0.3746
   -0.3489   -0.1372    0.9271
...     5 A-T ...
   -1.3881   -3.6770   12.8999
   -0.7835    0.6162   -0.0801
   -0.5677   -0.7622   -0.3109
   -0.2527   -0.1981    0.9470
...     6 G-C ...
   -2.6236   -3.5448   15.7072
   -0.9923    0.0611   -0.1075
   -0.0294   -0.9610   -0.2748
   -0.1201   -0.2695    0.9555
...     7 C-G ...
   -2.3138   -3.7570   18.8866
   -0.8620   -0.4995   -0.0864
    0.5008   -0.8655    0.0073
   -0.0785   -0.0370    0.9962
...     8 G-C ...
   -3.9561   -6.8109   23.3205
   -0.2581   -0.3560   -0.8981
    0.6294   -0.7673    0.1233
   -0.7330   -0.5335    0.4221
...     9 C-G ...
   -6.1177   -8.9414   24.2385
    0.1143   -0.7320   -0.6716
    0.8123   -0.3203    0.4874
   -0.5720   -0.6013    0.5580
...    10 T-A ...
   -8.5041   -9.6771   26.0540
    0.4660   -0.8587   -0.2131
    0.6274    0.1508    0.7640
   -0.6239   -0.4897    0.6090
...    11 C-G ...
  -11.0625  -11.3174   27.2336
    0.6660   -0.6911    0.2808
    0.3382    0.6152    0.7121
   -0.6649   -0.3794    0.6435
...    12 A-T ...
  -13.0013  -13.1789   29.0658
    0.7188   -0.1490    0.6790
   -0.1787    0.9043    0.3876
   -0.6718   -0.4000    0.6235
...    13 C-G ...
  -14.1788  -15.9359   31.3399
    0.4052    0.2865    0.8682
   -0.5270    0.8492   -0.0343
   -0.7470   -0.4437    0.4951
...    14 A-T ...
  -15.9532  -18.1566   33.3080
   -0.1503    0.6873    0.7107
   -0.6106    0.5008   -0.6135
   -0.7776   -0.5261    0.3444
...    15 A-T ...
  -18.2988  -19.9912   34.6617
   -0.5250    0.8220    0.2207
   -0.3929   -0.0041   -0.9196
   -0.7550   -0.5695    0.3251
...    16 T-A ...
  -20.5518  -21.7382   36.3823
   -0.6764    0.6781   -0.2875
   -0.0486   -0.4306   -0.9013
   -0.7349   -0.5956    0.3242
...    17 T-A ...
  -22.9026  -23.5765   37.7121
   -0.5978    0.2665   -0.7561
    0.3821   -0.7344   -0.5610
   -0.7047   -0.6242    0.3372
...    18 T-A ...
  -25.2716  -25.4339   38.9567
   -0.2624   -0.2237   -0.9387
    0.6768   -0.7360   -0.0139
   -0.6878   -0.6390    0.3445
...    19 A-T ...
  -27.3540  -27.7802   40.2021
    0.2587   -0.5939   -0.7618
    0.6940   -0.4343    0.5742
   -0.6719   -0.6772    0.2999
...    20 T-A ...
  -29.8923  -29.8082   40.6547
    0.5949   -0.7157   -0.3658
    0.4613   -0.0686    0.8846
   -0.6582   -0.6950    0.2894
...    21 T-A ...
  -32.0345  -32.1240   41.3928
    0.7720   -0.6015    0.2052
    0.0235    0.3496    0.9366
   -0.6351   -0.7183    0.2840
...    22 C-G ...
  -33.9438  -34.6305   42.3306
    0.6556   -0.2425    0.7151
   -0.4661    0.6152    0.6359
   -0.5941   -0.7502    0.2903
...    23 G-C ...
  -35.9529  -36.9640   43.7680
    0.3105    0.2258    0.9234
   -0.8011    0.5851    0.1263
   -0.5118   -0.7789    0.3625
...    24 C-G ...
  -37.2477  -39.7176   45.1933
   -0.1894    0.5345    0.8237
   -0.8493    0.3317   -0.4106
   -0.4927   -0.7773    0.3912
...    25 A-T ...
  -39.1369  -42.2308   46.3556
   -0.6423    0.6622    0.3859
   -0.5704   -0.0766   -0.8178
   -0.5120   -0.7454    0.4269
...    26 A-T ...
  -40.6508  -44.6268   47.9867
   -0.8765    0.4525   -0.1644
   -0.0604   -0.4422   -0.8949
   -0.4776   -0.7744    0.4149
...    27 A-T ...
  -42.1979  -47.0302   49.5628
   -0.7504    0.0808   -0.6560
    0.4849   -0.6072   -0.6294
   -0.4492   -0.7904    0.4165
...    28 G-C ...
  -43.8779  -49.5063   51.0483
   -0.3257   -0.2145   -0.9208
    0.8239   -0.5421   -0.1652
   -0.4637   -0.8125    0.3533
...    29 G-C ...
  -45.6463  -52.1521   52.2021
    0.2399   -0.3986   -0.8852
    0.8617   -0.3325    0.3833
   -0.4470   -0.8548    0.2637
...    30 C-G ...
  -47.4281  -54.9091   52.7366
    0.7070   -0.4622   -0.5353
    0.5752   -0.0647    0.8155
   -0.4115   -0.8844    0.2201
...    31 C-G ...
  -48.7011  -58.0119   53.1377
    0.9437   -0.3306   -0.0060
    0.0646    0.1665    0.9839
   -0.3243   -0.9290    0.1785
...    32 G-C ...
  -49.5250  -61.1517   54.1574
    0.8353   -0.0717    0.5451
   -0.5118    0.2608    0.8185
   -0.2008   -0.9627    0.1812
...    33 G-C ...
  -49.7531  -64.4840   54.7948
    0.4079    0.1538    0.9000
   -0.9039    0.2073    0.3742
   -0.1290   -0.9661    0.2236
...    34 C-G ...
  -49.7159  -67.7368   55.6501
   -0.1793    0.2645    0.9476
   -0.9779    0.0577   -0.2011
   -0.1078   -0.9627    0.2483
...    35 C-G ...
  -49.8989  -70.9504   56.7752
   -0.7045    0.2937    0.6461
   -0.6989   -0.1292   -0.7034
   -0.1232   -0.9471    0.2963
...    36 C-G ...
  -50.2310  -74.0988   58.0457
   -0.9701    0.2176    0.1078
   -0.1681   -0.2811   -0.9448
   -0.1753   -0.9347    0.3093
...    37 G-C ...
  -50.7238  -77.4093   58.6635
   -0.8628    0.0967   -0.4963
    0.4383   -0.3465   -0.8294
   -0.2521   -0.9331    0.2565
...    38 A-T ...
  -51.5303  -80.4676   59.6051
   -0.4092   -0.0960   -0.9074
    0.8753   -0.3222   -0.3606
   -0.2578   -0.9418    0.2159
...    39 C-G ...
  -52.9571  -83.3575   60.3695
    0.1403   -0.2109   -0.9674
    0.9565   -0.2237    0.1874
   -0.2559   -0.9516    0.1704
...    40 A-T ...
  -53.5787  -86.6227   60.9338
    0.7008   -0.1816   -0.6898
    0.6861   -0.0931    0.7216
   -0.1952   -0.9790    0.0593
...    41 C-G ...
  -54.4446  -89.7874   60.5155
    0.9679   -0.1592   -0.1944
    0.1959   -0.0063    0.9806
   -0.1573   -0.9872    0.0250
...    42 G-C ...
  -54.6200  -93.1579   60.9700
    0.9120   -0.0300    0.4091
   -0.4089    0.0107    0.9125
   -0.0318   -0.9995   -0.0025
...    43 A-T ...
  -54.5232  -96.4733   60.9735
    0.4683   -0.0061    0.8835
   -0.8836   -0.0050    0.4683
    0.0016   -1.0000   -0.0078
...    44 C-G ...
  -53.8409  -99.7719   60.8826
   -0.0964   -0.0090    0.9953
   -0.9952   -0.0186   -0.0965
    0.0194   -0.9998   -0.0072
...    45 T-A ...
  -53.5027 -103.1119   61.0830
   -0.6412   -0.0011    0.7673
   -0.7670   -0.0267   -0.6410
    0.0212   -0.9996    0.0163
...    46 T-A ...
  -53.1870 -106.3624   61.3120
   -0.9724   -0.0655    0.2238
   -0.2246    0.0040   -0.9744
    0.0629   -0.9978   -0.0186
...    47 A-T ...
  -52.7381 -109.7093   60.7006
   -0.8691   -0.0740   -0.4890
    0.4831    0.0844   -0.8715
    0.1058   -0.9937   -0.0376
...    48 C-G ...
  -52.7952 -113.0257   61.0340
   -0.4671    0.0190   -0.8840
    0.8790    0.1183   -0.4619
    0.0958   -0.9928   -0.0720
...    49 T-A ...
  -52.7719 -116.3495   60.7539
    0.0868    0.1651   -0.9825
    0.9919    0.0770    0.1006
    0.0922   -0.9833   -0.1571
...    50 T-A ...
  -52.6203 -119.5286   60.1479
    0.6450    0.2176   -0.7326
    0.7560   -0.0415    0.6533
    0.1118   -0.9752   -0.1913
...    51 C-G ...
  -52.1503 -122.6875   59.3712
    0.9635    0.1993   -0.1789
    0.2181   -0.1965    0.9559
    0.1553   -0.9600   -0.2328
...    52 A-T ...
  -51.4074 -125.9316   58.8331
    0.8855    0.1288    0.4465
   -0.3850   -0.3349    0.8600
    0.2603   -0.9334   -0.2469
...    53 T-A ...
  -50.1214 -128.7018   57.5517
    0.5521   -0.0817    0.8297
   -0.7918   -0.3631    0.4911
    0.2612   -0.9282   -0.2652
...    54 G-C ...
  -49.5152 -131.9572   56.9553
   -0.0650   -0.2606    0.9633
   -0.9522   -0.2724   -0.1379
    0.2984   -0.9262   -0.2305
...    55 T-A ...
  -47.9505 -134.9217   56.4719
   -0.5824   -0.3781    0.7196
   -0.7547   -0.0774   -0.6514
    0.3020   -0.9225   -0.2403
...    56 T-A ...
  -46.7118 -137.8936   55.8596
   -0.9035   -0.3980    0.1590
   -0.2531    0.1960   -0.9474
    0.3459   -0.8962   -0.2779
...    57 A-T ...
  -45.3033 -140.6563   54.3526
   -0.8201   -0.1909   -0.5395
    0.4127    0.4559   -0.7886
    0.3965   -0.8693   -0.2951
...    58 T-A ...
  -44.4015 -143.7887   53.8165
   -0.4830    0.0847   -0.8715
    0.7771    0.5002   -0.3820
    0.4036   -0.8618   -0.3074
...    59 A-T ...
  -42.8283 -146.5761   52.7191
    0.0751    0.4543   -0.8877
    0.9115    0.3297    0.2459
    0.4044   -0.8276   -0.3894
...    60 A-T ...
  -41.6368 -149.2444   51.3220
    0.5770    0.5969   -0.5575
    0.7007   -0.0110    0.7134
    0.4197   -0.8022   -0.4246
...    61 C-G ...
  -40.5476 -151.6780   49.3656
    0.8440    0.5332   -0.0580
    0.2881   -0.3595    0.8876
    0.4525   -0.7658   -0.4570
...    62 G-C ...
  -38.6037 -154.2430   48.1955
    0.8021    0.2918    0.5211
   -0.2165   -0.6711    0.7090
    0.5566   -0.6815   -0.4751
...    63 G-C ...
  -36.3209 -156.2791   46.6888
    0.4971   -0.1161    0.8599
   -0.6048   -0.7569    0.2475
    0.6222   -0.6431   -0.4464
...    64 A-T ...
  -34.1212 -158.3711   45.2915
    0.0154   -0.5798    0.8146
   -0.7701   -0.5265   -0.3601
    0.6377   -0.6218   -0.4546
...    65 G-C ...
  -31.7519 -160.3685   43.9476
   -0.4368   -0.7731    0.4600
   -0.6373   -0.0950   -0.7648
    0.6349   -0.6272   -0.4512
...    66 T-A ...
  -29.3071 -162.5207   42.9815
   -0.7158   -0.6962   -0.0543
   -0.2920    0.3691   -0.8823
    0.6343   -0.6157   -0.4675
...    67 A-T ...
  -26.9830 -164.0412   40.8934
   -0.6832   -0.2736   -0.6770
    0.2511    0.7826   -0.5697
    0.6857   -0.5592   -0.4660
...    68 G-C ...
  -24.7946 -166.1006   39.4080
   -0.4729    0.2595   -0.8420
    0.5787    0.8121   -0.0748
    0.6644   -0.5226   -0.5342
...    69 G-C ...
  -22.6700 -168.0197   37.5869
   -0.1336    0.7329   -0.6671
    0.7442    0.5187    0.4209
    0.6545   -0.4402   -0.6147
...    70 T-A ...
  -21.0022 -169.5345   35.1761
    0.2515    0.9236   -0.2892
    0.7032    0.0309    0.7103
    0.6650   -0.3820   -0.6417
...    71 A-T ...
  -18.5483 -170.6680   33.1450
    0.5662    0.7747    0.2817
    0.4289   -0.5687    0.7018
    0.7039   -0.2765   -0.6543
...    72 T-A ...
  -16.4224 -171.0057   30.6562
    0.6994    0.3620    0.6162
    0.0813   -0.8969    0.4346
    0.7100   -0.2539   -0.6568
...    73 C-G ...
  -13.8871 -171.7069   28.6348
    0.5966   -0.2735    0.7545
   -0.3391   -0.9380   -0.0719
    0.7274   -0.2129   -0.6524
...    74 T-A ...
  -11.2032 -172.2063   26.6584
    0.2881   -0.7634    0.5781
   -0.5896   -0.6171   -0.5211
    0.7546   -0.1907   -0.6279
...    75 C-G ...
   -8.6010 -172.8272   24.6498
   -0.1278   -0.9874    0.0935
   -0.6401    0.0101   -0.7682
    0.7576   -0.1580   -0.6333
...    76 G-C ...
   -6.3291 -173.0857   22.1034
   -0.5229   -0.7657   -0.3746
   -0.4430    0.6196   -0.6480
    0.7283   -0.1729   -0.6631
...    77 A-T ...
   -3.7684 -173.5730   20.0345
   -0.6936   -0.2078   -0.6898
   -0.0461    0.9683   -0.2453
    0.7189   -0.1384   -0.6812
...    78 G-C ...
   -1.3975 -174.2461   17.7701
   -0.6550    0.3831   -0.6513
    0.3310    0.9203    0.2084
    0.6792   -0.0791   -0.7297
...    79 C-G ...
    0.6723 -174.8784   15.2285
   -0.4061    0.8392   -0.3617
    0.6351    0.5437    0.5486
    0.6571   -0.0070   -0.7538
...    80 T-A ...
    2.6079 -174.8181   12.5282
   -0.0609    0.9945    0.0856
    0.7736   -0.0071    0.6336
    0.6307    0.1048   -0.7689
...    81 C-G ...
    4.6602 -174.2532   10.0329
    0.3727    0.7788    0.5046
    0.6806   -0.5990    0.4219
    0.6308    0.1862   -0.7533
...    82 G-C ...
    7.2361 -173.5207    7.8918
    0.6263    0.2535    0.7372
    0.4063   -0.9132   -0.0312
    0.6653    0.3191   -0.6749
...    83 G-C ...
    9.7389 -172.1123    6.0370
    0.7081   -0.3412    0.6182
    0.0221   -0.8644   -0.5024
    0.7058    0.3694   -0.6045
...    84 G-C ...
   12.4190 -170.8146    4.3431
    0.5656   -0.7952    0.2183
   -0.3604   -0.4765   -0.8020
    0.7418    0.3749   -0.5561
...    85 A-T ...
   14.9654 -169.5212    2.5856
    0.2307   -0.9015   -0.3663
   -0.6387    0.1437   -0.7559
    0.7341    0.4083   -0.5426
...    86 T-A ...
   17.8358 -168.3701    1.2924
   -0.1197   -0.6541   -0.7469
   -0.6770    0.6040   -0.4205
    0.7262    0.4554   -0.5151
...    87 C-G ...
   20.3469 -166.8001   -0.2760
   -0.5232   -0.1198   -0.8438
   -0.4734    0.8641    0.1708
    0.7086    0.4888   -0.5088
...    88 C-G ...
   22.9432 -165.3149   -1.9362
   -0.7614    0.3588   -0.5399
   -0.1007    0.7572    0.6453
    0.6404    0.5457   -0.5404
...    89 G-C ...
   25.2400 -163.2019   -3.3687
   -0.7664    0.6419    0.0246
    0.3533    0.3893    0.8507
    0.5365    0.6607   -0.5251
...    90 C-G ...
   26.7262 -161.0802   -5.4565
   -0.4765    0.6925    0.5416
    0.7269   -0.0362    0.6858
    0.4945    0.7205   -0.4861
...    91 T-A ...
   28.0504 -158.4822   -7.0527
   -0.0437    0.4764    0.8782
    0.8923   -0.3767    0.2487
    0.4493    0.7945   -0.4086
...    92 T-A ...
   29.3577 -155.7756   -8.2653
    0.4776    0.1359    0.8680
    0.7602   -0.5591   -0.3308
    0.4404    0.8179   -0.3704
...    93 T-A ...
   30.6718 -152.9707   -9.2700
    0.8447   -0.2151    0.4901
    0.3334   -0.5049   -0.7962
    0.4187    0.8360   -0.3548
...    94 A-T ...
   32.0634 -150.3761  -11.1490
    0.8756   -0.4138   -0.2492
   -0.3575   -0.2083   -0.9104
    0.3248    0.8862   -0.3304
...    95 A-T ...
   33.2544 -147.4085  -11.9074
    0.4952   -0.3721   -0.7850
   -0.8276    0.0727   -0.5565
    0.2642    0.9253   -0.2720
...    96 C-G ...
   34.7124 -144.4024  -12.5484
   -0.0498   -0.2443   -0.9684
   -0.9665    0.2561   -0.0149
    0.2516    0.9353   -0.2489
...    97 A-T ...
   35.1466 -141.1060  -13.0598
   -0.6520   -0.0712   -0.7549
   -0.7316    0.3203    0.6018
    0.1990    0.9446   -0.2609
...    98 C-G ...
   36.1648 -138.1890  -14.3170
   -0.9522    0.0877   -0.2925
   -0.2578    0.2827    0.9239
    0.1637    0.9552   -0.2466
...    99 T-A ...
   36.6134 -135.0573  -15.3564
   -0.9486    0.1367    0.2856
    0.3072    0.1785    0.9348
    0.0768    0.9744   -0.2114
...   100 T-A ...
   36.7287 -131.9170  -16.1033
   -0.6018    0.1485    0.7847
    0.7980    0.0709    0.5985
    0.0333    0.9864   -0.1612
...   101 T-A ...
   36.6420 -128.7223  -16.5611
   -0.0347    0.0976    0.9946
    0.9994   -0.0033    0.0352
    0.0067    0.9952   -0.0974
...   102 A-T ...
   36.7664 -125.3590  -16.5697
    0.5753   -0.0285    0.8174
    0.8179    0.0084   -0.5753
    0.0095    0.9996    0.0282
...   103 T-A ...
   36.3883 -122.1505  -15.8943
    0.9184   -0.0184    0.3953
    0.3957    0.0447   -0.9173
   -0.0008    0.9988    0.0483
...   104 G-C ...
   36.7059 -118.8027  -15.9772
    0.9664   -0.0196   -0.2563
   -0.2528    0.1078   -0.9615
    0.0465    0.9940    0.0992
...   105 C-G ...
   37.1675 -115.5091  -15.3371
    0.6396    0.0514   -0.7670
   -0.7665    0.1184   -0.6312
    0.0583    0.9916    0.1151
...   106 T-A ...
   37.6554 -112.2083  -14.8389
    0.0848    0.1093   -0.9904
   -0.9947    0.0667   -0.0778
    0.0576    0.9918    0.1144
...   107 T-A ...
   38.1258 -109.0018  -14.3578
   -0.5378    0.1798   -0.8237
   -0.8413   -0.0519    0.5380
    0.0540    0.9823    0.1791
...   108 C-G ...
   38.4323 -105.7577  -13.6792
   -0.9452    0.0807   -0.3163
   -0.3260   -0.1839    0.9273
    0.0167    0.9796    0.2002
...   109 C-G ...
   38.5745 -102.4011  -13.1947
   -0.9595   -0.1445    0.2417
    0.2683   -0.2086    0.9405
   -0.0855    0.9673    0.2389
...   110 G-C ...
   38.3941  -99.2189  -11.9854
   -0.6086   -0.3910    0.6905
    0.7683   -0.0729    0.6359
   -0.1983    0.9175    0.3448
...   111 G-C ...
   37.3597  -96.2643  -10.7193
   -0.0481   -0.4728    0.8799
    0.9683    0.1940    0.1572
   -0.2450    0.8596    0.4484
...   112 C-G ...
   36.1253  -93.7157   -8.9633
    0.5181   -0.3341    0.7874
    0.8181    0.4622   -0.3422
   -0.2496    0.8214    0.5128
...   113 T-A ...
   35.2212  -91.2463   -6.9023
    0.8994   -0.0683    0.4318
    0.3773    0.6203   -0.6877
   -0.2209    0.7814    0.5837
...   114 C-G ...
   34.6775  -88.7302   -4.8117
    0.9409    0.3279   -0.0854
   -0.2660    0.5586   -0.7856
   -0.2099    0.7619    0.6128
...   115 G-C ...
   33.9411  -85.8721   -3.0987
    0.5963    0.5692   -0.5661
   -0.7891    0.2860   -0.5436
   -0.1475    0.7708    0.6198
...   116 T-A ...
   34.0363  -83.4018   -0.7786
    0.0504    0.6396   -0.7670
   -0.9868   -0.0864   -0.1369
   -0.1539    0.7638    0.6269
...   117 A-T ...
   32.7963  -81.2468    1.6909
   -0.6738    0.4584   -0.5796
   -0.7265   -0.5542    0.4063
   -0.1350    0.6948    0.7064
...   118 T-A ...
   32.7427  -78.5722    3.6533
   -0.9589    0.1007   -0.2654
   -0.2534   -0.7251    0.6404
   -0.1280    0.6813    0.7208
...   119 A-T ...
   32.4312  -76.6612    6.4823
   -0.8834   -0.4183    0.2112
    0.4481   -0.6224    0.6417
   -0.1370    0.6616    0.7373
...   120 A-T ...
   31.8435  -74.4599    8.7975
   -0.4408   -0.7212    0.5344
    0.8856   -0.2523    0.3900
   -0.1464    0.6451    0.7499
...   121 T-A ...
   30.7212  -72.3894   11.0924
    0.0915   -0.7590    0.6446
    0.9843    0.1672    0.0573
   -0.1512    0.6292    0.7624
...   122 G-C ...
   30.5494  -70.4033   13.8272
    0.6795   -0.5632    0.4703
    0.7233    0.6216   -0.3007
   -0.1230    0.5445    0.8297
...   123 T-A ...
   29.9322  -69.1676   16.8725
    0.9691   -0.1379    0.2043
    0.2237    0.8401   -0.4942
   -0.1035    0.5247    0.8450
...   124 G-C ...
   29.8004  -67.1374   19.5678
    0.9048    0.3797   -0.1927
   -0.4245    0.7697   -0.4767
   -0.0326    0.5132    0.8577
...   125 T-A ...
   30.1557  -65.8307   22.6592
    0.5117    0.7437   -0.4303
   -0.8588    0.4277   -0.2820
   -0.0257    0.5138    0.8575
...   126 C-G ...
   30.1560  -64.1384   25.5309
   -0.1413    0.8475   -0.5117
   -0.9896   -0.1356    0.0487
   -0.0281    0.5132    0.8578
...   127 G-C ...
   29.6124  -62.5979   28.5424
   -0.7061    0.5527   -0.4427
   -0.7034   -0.6191    0.3490
   -0.0812    0.5579    0.8259
...   128 A-T ...
   29.4272  -60.7441   31.2871
   -0.9881    0.0349   -0.1500
   -0.1114   -0.8344    0.5398
   -0.1063    0.5501    0.8283
...   129 C-G ...
   28.9753  -58.4442   33.6608
   -0.8808   -0.4501    0.1471
    0.4537   -0.7133    0.5342
   -0.1355    0.5372    0.8325
...   130 C-G ...
   28.2668  -56.5816   36.4047
   -0.4454   -0.8244    0.3493
    0.8736   -0.3145    0.3714
   -0.1963    0.4706    0.8602
...   131 A-T ...
   27.8633  -55.1440   39.4391
    0.1925   -0.8898    0.4137
    0.9584    0.2611    0.1157
   -0.2109    0.3742    0.9030
...   132 A-T ...
   27.0175  -54.0826   42.3982
    0.7282   -0.5575    0.3987
    0.6506    0.7452   -0.1463
   -0.2155    0.3659    0.9054
...   133 A-T ...
   26.2494  -53.1192   45.4177
    0.9700    0.0079    0.2430
    0.0800    0.9334   -0.3498
   -0.2295    0.3588    0.9048
...   134 T-A ...
   25.6308  -52.5797   48.6348
    0.8597    0.5096    0.0340
   -0.4497    0.7867   -0.4230
   -0.2423    0.3484    0.9055
...   135 G-C ...
   25.2859  -52.4981   52.0749
    0.3205    0.9427   -0.0927
   -0.8825    0.2616   -0.3908
   -0.3441    0.2071    0.9158
...   136 T-A ...
   25.5356  -52.9668   55.8001
   -0.2443    0.9563   -0.1608
   -0.8908   -0.2868   -0.3525
   -0.3832    0.0571    0.9219
...   137 G-C ...
   24.9038  -52.7260   58.9820
   -0.7529    0.5562   -0.3519
   -0.5214   -0.8303   -0.1968
   -0.4017    0.0354    0.9151
...   138 A-T ...
   24.0250  -51.6261   61.9210
   -0.9563    0.0400   -0.2896
   -0.0523   -0.9980    0.0347
   -0.2877    0.0483    0.9565
...   139 G-C ...
   22.3575  -51.2300   64.4908
   -0.8529   -0.5117   -0.1032
    0.4973   -0.8566    0.1372
   -0.1586    0.0657    0.9852
...   140 C-G ...
   22.1609  -50.1386   67.4617
   -0.4681   -0.8749    0.1247
    0.8495   -0.4066    0.3363
   -0.2435    0.2633    0.9335
...   141 G-C ...
   21.4367  -51.8164   72.7855
    0.1304   -0.7141   -0.6877
    0.8897   -0.2218    0.3990
   -0.4375   -0.6639    0.6065
...   142 C-G ...
   20.4355  -54.2995   74.5394
    0.5847   -0.7390   -0.3347
    0.7593    0.3532    0.5466
   -0.2857   -0.5737    0.7676
...   143 T-A ...
   18.4378  -55.5190   76.5272
    0.8548   -0.5006    0.1370
    0.3188    0.7147    0.6225
   -0.4096   -0.4884    0.7705
...   144 C-G ...
   16.8485  -57.7127   78.2647
    0.8529   -0.0846    0.5152
   -0.1509    0.9047    0.3983
   -0.4998   -0.4175    0.7589
...   145 A-T ...
   15.7934  -59.5518   80.7962
    0.5515    0.4995    0.6681
   -0.6739    0.7388    0.0040
   -0.4915   -0.4525    0.7441
...   146 C-G ...
   15.7411  -61.4839   83.9295
    0.0342    0.7400    0.6718
   -0.8637    0.3601   -0.3527
   -0.5029   -0.5681    0.6514
...   147 A-T ...
   14.7482  -63.4171   86.8164
   -0.5923    0.6746    0.4405
   -0.6886   -0.1400   -0.7115
   -0.4183   -0.7247    0.5475
