  147 base-pairs
...     1 T-A ...
    0.0000    0.0000    0.0000
    1.0000    0.0000    0.0000
    0.0000    1.0000    0.0000
    0.0000    0.0000    1.0000
...     2 G-C ...
   -0.5555   -1.1003    3.3981
    0.7749    0.6051    0.1828
   -0.5991    0.7953   -0.0929
   -0.2016   -0.0375    0.9787
...     3 T-A ...
   -0.6619   -3.0237    6.5348
    0.3046    0.9250    0.2271
   -0.8994    0.3578   -0.2510
   -0.3134   -0.1278    0.9410
...     4 G-C ...
   -1.1607   -3.8418    9.6940
   -0.3351    0.9421    0.0133
   -0.8752   -0.3061   -0.3746
   -0.3489   -0.1372    0.9271
...     5 A-T ...
   -1.3881   -3.6770   12.8999
   -0.7835    0.6162   -0.0801
   -0.5677   -0.7622   -0.3109
   -0.2527   -0.1981    0.9470
...     6 G-C ...
   -2.6236   -3.5448   15.7072
   -0.9923    0.0611   -0.1075
   -0.0294   -0.9610   -0.2748
   -0.1201   -0.2695    0.9555
...     7 C-G ...
   -2.3138   -3.7570   18.8866
   -0.8620   -0.4995   -0.0864
    0.5008   -0.8655    0.0073
   -0.0785   -0.0370    0.9962
...     8 G-C ...
   -3.9561   -6.8109   23.3205
   -0.2581   -0.3560   -0.8981
    0.6294   -0.7673    0.1233
   -0.7330   -0.5335    0.4221
...     9 C-G ...
   -6.1177   -8.9414   24.2385
    0.1143   -0.7320   -0.6716
    0.8123   -0.3203    0.4874
   -0.5720   -0.6013    0.5580
...    10 T-A ...
   -8.5041   -9.6771   26.0540
    0.4660   -0.8587   -0.2131
    0.6274    0.1508    0.7640
   -0.6239   -0.4897    0.6090
...    11 C-G ...
  -11.0625  -11.3174   27.2336
    0.6660   -0.6911    0.2808
    0.3382    0.6152    0.7121
   -0.6649   -0.3794    0.6435
...    12 A-T ...
  -13.0013  -13.1789   29.0658
    0.7188   -0.1490    0.6790
   -0.1787    0.9043    0.3876
   -0.6718   -0.4000    0.6235
...    13 C-G ...
  -14.1788  -15.9359   31.3399
    0.4052    0.2865    0.8682
   -0.5270    0.8492   -0.0343
   -0.7470   -0.4437    0.4951
...    14 A-T ...
  -15.9532  -18.1566   33.3080
   -0.1503    0.6873    0.7107
   -0.6106    0.5008   -0.6135
   -0.7776   -0.5261    0.3444
...    15 A-T ...
  -18.3023  -20.0005   34.6462
   -0.5271    0.8215    0.2174
   -0.3868   -0.0042   -0.9221
   -0.7566   -0.5702    0.3200
...    16 T-A ...
  -20.5680  -21.7503   36.3437
   -0.6725    0.6791   -0.2943
   -0.0398   -0.4303   -0.9018
   -0.7390   -0.5948    0.3164
...    17 T-A ...
  -22.9398  -23.5910   37.6264
   -0.5827    0.2725   -0.7657
    0.3870   -0.7354   -0.5562
   -0.7147   -0.6204    0.3230
...    18 T-A ...
  -25.3424  -25.4459   38.8017
   -0.2408   -0.2142   -0.9466
    0.6697   -0.7426   -0.0024
   -0.7025   -0.6346    0.3223
...    19 A-T ...
  -27.4977  -27.7820   39.9402
    0.2776   -0.5856   -0.7616
    0.6697   -0.4504    0.5904
   -0.6888   -0.6740    0.2672
...    20 T-A ...
  -30.0710  -29.7907   40.2716
    0.5995   -0.7177   -0.3543
    0.4274   -0.0871    0.8998
   -0.6767   -0.6909    0.2546
...    21 T-A ...
  -32.2707  -32.0917   40.8895
    0.7521   -0.6173    0.2309
   -0.0121    0.3374    0.9413
   -0.6589   -0.7107    0.2463
...    22 C-G ...
  -34.2648  -34.5829   41.7077
    0.6111   -0.2653    0.7458
   -0.4870    0.6168    0.6184
   -0.6241   -0.7411    0.2477
...    23 G-C ...
  -36.4303  -36.8758   42.9867
    0.2527    0.2036    0.9459
   -0.7934    0.6031    0.0821
   -0.5537   -0.7712    0.3140
...    24 C-G ...
  -37.9031  -39.6288   44.2452
   -0.2372    0.5252    0.8173
   -0.8072    0.3615   -0.4666
   -0.5405   -0.7704    0.3381
...    25 A-T ...
  -39.9473  -42.1236   45.1691
   -0.6557    0.6714    0.3453
   -0.5008   -0.0446   -0.8644
   -0.5650   -0.7397    0.3655
...    26 A-T ...
  -41.6563  -44.5159   46.5986
   -0.8452    0.4821   -0.2305
    0.0071   -0.4212   -0.9069
   -0.5343   -0.7682    0.3526
...    27 A-T ...
  -43.4072  -46.9093   47.9563
   -0.6819    0.1235   -0.7209
    0.5214   -0.6092   -0.5975
   -0.5130   -0.7833    0.3510
...    28 G-C ...
  -45.3086  -49.3607   49.1933
   -0.2396   -0.1762   -0.9547
    0.8160   -0.5694   -0.0997
   -0.5261   -0.8029    0.2802
...    29 G-C ...
  -47.2835  -51.9739   50.0422
    0.3156   -0.3815   -0.8688
    0.8026   -0.3812    0.4589
   -0.5063   -0.8421    0.1859
...    30 C-G ...
  -49.2107  -54.6786   50.2630
    0.7410   -0.4774   -0.4722
    0.4785   -0.1180    0.8701
   -0.4711   -0.8707    0.1409
...    31 C-G ...
  -50.6233  -57.7477   50.4013
    0.9211   -0.3787    0.0901
   -0.0441    0.1284    0.9907
   -0.3868   -0.9166    0.1015
...    32 G-C ...
  -51.7094  -60.8797   51.2007
    0.7533   -0.1420    0.6421
   -0.5982    0.2577    0.7588
   -0.2732   -0.9557    0.1092
...    33 G-C ...
  -52.2171  -64.2178   51.6391
    0.2890    0.0885    0.9532
   -0.9333    0.2477    0.2599
   -0.2131   -0.9648    0.1542
...    34 C-G ...
  -52.4972  -67.5119   52.2967
   -0.2972    0.2311    0.9264
   -0.9338    0.1320   -0.3325
   -0.1991   -0.9639    0.1766
...    35 C-G ...
  -53.0182  -70.7718   53.1595
   -0.7736    0.3090    0.5532
   -0.5926   -0.0434   -0.8043
   -0.2245   -0.9501    0.2167
...    36 C-G ...
  -53.7007  -73.9662   54.1486
   -0.9589    0.2828   -0.0248
   -0.0381   -0.2148   -0.9759
   -0.2813   -0.9348    0.2167
...    37 G-C ...
  -54.4835  -77.2698   54.4646
   -0.7643    0.1957   -0.6145
    0.5393   -0.3285   -0.7754
   -0.3536   -0.9240    0.1455
...    38 A-T ...
  -55.6407  -80.3068   55.0273
   -0.2630   -0.0015   -0.9648
    0.8963   -0.3705   -0.2438
   -0.3571   -0.9288    0.0988
...    39 C-G ...
  -57.3801  -83.1066   55.3179
    0.2815   -0.1554   -0.9469
    0.8930   -0.3186    0.3178
   -0.3510   -0.9351    0.0491
...    40 A-T ...
  -58.3165  -86.3442   55.4824
    0.7908   -0.1954   -0.5801
    0.5449   -0.2069    0.8126
   -0.2787   -0.9587   -0.0571
...    41 C-G ...
  -59.3386  -89.3840   54.6488
    0.9706   -0.2367   -0.0443
    0.0220   -0.0961    0.9951
   -0.2398   -0.9668   -0.0881
...    42 G-C ...
  -59.8585  -92.7544   54.7792
    0.8165   -0.1573    0.5555
   -0.5647   -0.0175    0.8251
   -0.1201   -0.9874   -0.1031
...    43 A-T ...
  -60.0691  -96.0573   54.4706
    0.2915   -0.1313    0.9475
   -0.9522    0.0549    0.3006
   -0.0915   -0.9898   -0.1091
...    44 C-G ...
  -59.7007  -99.3998   54.1502
   -0.2868   -0.0842    0.9543
   -0.9549    0.1051   -0.2777
   -0.0769   -0.9909   -0.1106
...    45 T-A ...
  -59.7337 -102.7650   54.0268
   -0.7770    0.0060    0.6295
   -0.6240    0.1243   -0.7715
   -0.0829   -0.9922   -0.0929
...    46 T-A ...
  -59.7978 -106.0363   53.9263
   -0.9990    0.0358    0.0278
   -0.0232    0.1225   -0.9922
   -0.0390   -0.9918   -0.1216
...    47 A-T ...
  -59.5968 -109.3437   53.0309
   -0.7568    0.0931   -0.6470
    0.6537    0.1020   -0.7499
   -0.0038   -0.9904   -0.1380
...    48 C-G ...
  -60.1018 -112.6328   52.9363
   -0.2743    0.1731   -0.9459
    0.9616    0.0389   -0.2717
   -0.0102   -0.9841   -0.1771
...    49 T-A ...
  -60.4156 -115.8785   52.2343
    0.3046    0.2512   -0.9187
    0.9525   -0.0802    0.2939
    0.0002   -0.9646   -0.2637
...    50 G-C ...
  -60.0811 -119.0958   51.2583
    0.8024    0.2764   -0.5290
    0.5918   -0.2534    0.7653
    0.0775   -0.9271   -0.3668
...    51 T-A ...
  -59.9138 -121.8697   49.4662
    0.9906    0.1365   -0.0100
    0.0623   -0.3849    0.9209
    0.1219   -0.9128   -0.3897
...    52 A-T ...
  -59.4724 -125.1220   48.5391
    0.7902   -0.1359    0.5976
   -0.5933   -0.4141    0.6903
    0.1536   -0.9000   -0.4078
...    53 G-C ...
  -58.6237 -128.0353   47.1017
    0.3114   -0.3191    0.8951
   -0.9297   -0.2974    0.2174
    0.1968   -0.8999   -0.3892
...    54 G-C ...
  -57.6639 -131.1158   45.9868
   -0.2960   -0.4018    0.8666
   -0.9301   -0.0855   -0.3573
    0.2177   -0.9117   -0.3484
...    55 T-A ...
  -56.4212 -134.1740   45.2108
   -0.7643   -0.3900    0.5136
   -0.6058    0.1612   -0.7791
    0.2211   -0.9066   -0.3595
...    56 A-T ...
  -55.6688 -136.9359   43.2151
   -0.9466   -0.2401   -0.2152
    0.0915    0.4401   -0.8933
    0.3092   -0.8652   -0.3946
...    57 T-A ...
  -54.8453 -140.0661   42.4828
   -0.7494    0.0232   -0.6617
    0.5757    0.5165   -0.6339
    0.3270   -0.8560   -0.4004
...    58 C-G ...
  -53.7399 -142.9343   41.2332
   -0.2500    0.3767   -0.8919
    0.9100    0.4061   -0.0836
    0.3307   -0.8326   -0.4444
...    59 T-A ...
  -52.8939 -145.7254   39.6097
    0.2688    0.6126   -0.7433
    0.9003    0.1145    0.4199
    0.3423   -0.7821   -0.5208
...    60 C-G ...
  -51.7462 -148.2268   37.8047
    0.7375    0.6048   -0.3006
    0.5597   -0.2983    0.7732
    0.3779   -0.7384   -0.5585
...    61 G-C ...
  -50.0199 -150.6784   36.1580
    0.8708    0.4043    0.2796
    0.0584   -0.6498    0.7579
    0.4881   -0.6437   -0.5895
...    62 A-T ...
  -48.1985 -152.6855   34.2420
    0.7084   -0.0702    0.7023
   -0.4712   -0.7879    0.3965
    0.5255   -0.6118   -0.5912
...    63 G-C ...
  -46.1567 -154.5214   32.2990
    0.2975   -0.4905    0.8191
   -0.7705   -0.6299   -0.0974
    0.5638   -0.6022   -0.5653
...    64 C-G ...
  -43.9011 -156.4423   30.6552
   -0.2100   -0.7651    0.6087
   -0.7858   -0.2383   -0.5707
    0.5817   -0.5982   -0.5512
...    65 T-A ...
  -41.7556 -158.5069   29.0573
   -0.6290   -0.7587    0.1695
   -0.5155    0.2438   -0.8215
    0.5819   -0.6041   -0.5445
...    66 C-G ...
  -39.7117 -160.4923   27.3080
   -0.8099   -0.4369   -0.3913
   -0.0167    0.6841   -0.7292
    0.5863   -0.5841   -0.5614
...    67 G-C ...
  -37.4811 -162.0201   25.1994
   -0.7125    0.1168   -0.6919
    0.4534    0.8292   -0.3269
    0.5356   -0.5466   -0.6438
...    68 G-C ...
  -35.6960 -164.0505   23.1333
   -0.3784    0.6239   -0.6838
    0.7694    0.6227    0.1424
    0.5147   -0.4722   -0.7156
...    69 G-C ...
  -34.1363 -165.7231   20.6392
    0.0591    0.9179   -0.3925
    0.8505    0.1596    0.5012
    0.5227   -0.3634   -0.7712
...    70 A-T ...
  -32.4222 -166.8033   18.0575
    0.5193    0.8533    0.0468
    0.6563   -0.4332    0.6177
    0.5473   -0.2900   -0.7850
...    71 T-A ...
  -30.9490 -167.2492   15.1677
    0.7674    0.5137    0.3838
    0.3036   -0.8183    0.4881
    0.5647   -0.2580   -0.7839
...    72 C-G ...
  -28.8746 -167.9202   12.6939
    0.7763   -0.0853    0.6246
   -0.1974   -0.9739    0.1122
    0.5987   -0.2104   -0.7728
...    73 C-G ...
  -26.4277 -168.5194   10.3921
    0.4917   -0.6278    0.6034
   -0.5661   -0.7570   -0.3263
    0.6616   -0.1812   -0.7276
...    74 G-C ...
  -24.4024 -169.5902    7.8481
    0.0284   -0.9555    0.2936
   -0.7100   -0.2260   -0.6670
    0.7037   -0.1895   -0.6848
...    75 C-G ...
  -21.7673 -170.2694    5.8176
   -0.3913   -0.9069   -0.1565
   -0.5913    0.3781   -0.7123
    0.7051   -0.1862   -0.6842
...    76 T-A ...
  -19.2735 -171.0774    3.6870
   -0.6704   -0.5205   -0.5288
   -0.2688    0.8346   -0.4809
    0.6916   -0.1802   -0.6994
...    77 T-A ...
  -16.9113 -171.8313    1.5563
   -0.6772    0.0914   -0.7301
    0.1686    0.9851   -0.0331
    0.7162   -0.1455   -0.6825
...    78 C-G ...
  -14.4649 -172.3700   -0.6259
   -0.4634    0.6877   -0.5588
    0.5340    0.7200    0.4433
    0.7072   -0.0930   -0.7009
...    79 A-T ...
  -11.9071 -172.5057   -2.8457
   -0.1507    0.9849   -0.0850
    0.7158    0.1680    0.6778
    0.6818    0.0413   -0.7303
...    80 T-A ...
  -10.1890 -172.2461   -5.6148
    0.2145    0.9267    0.3087
    0.6974   -0.3666    0.6159
    0.6839    0.0831   -0.7249
...    81 G-C ...
   -7.6096 -171.7929   -7.7655
    0.4989    0.5088    0.7015
    0.4810   -0.8359    0.2642
    0.7209    0.2056   -0.6618
...    82 T-A ...
   -5.3614 -170.4529   -9.8100
    0.6575   -0.0446    0.7522
    0.1518   -0.9699   -0.1902
    0.7380    0.2393   -0.6309
...    83 T-A ...
   -2.9369 -169.4183  -11.7365
    0.6422   -0.6146    0.4581
   -0.2648   -0.7387   -0.6198
    0.7193    0.2767   -0.6371
...    84 A-T ...
   -0.9724 -168.7441  -14.5904
    0.3523   -0.9106   -0.2160
   -0.6646   -0.0809   -0.7428
    0.6589    0.4053   -0.6337
...    85 T-A ...
    1.6938 -167.4619  -16.1650
   -0.0277   -0.7851   -0.6187
   -0.7590    0.4193   -0.4981
    0.6504    0.4558   -0.6076
...    86 A-T ...
    3.3126 -165.0242  -18.1635
   -0.4806   -0.1705   -0.8602
   -0.5584    0.8159    0.1503
    0.6762    0.5525   -0.4873
...    87 A-T ...
    5.6691 -163.4020  -19.7446
   -0.7011    0.3787   -0.6042
   -0.1778    0.7277    0.6625
    0.6906    0.5718   -0.4429
...    88 C-G ...
    7.9589 -161.9021  -21.6382
   -0.7103    0.6938   -0.1185
    0.2295    0.3874    0.8929
    0.6654    0.6070   -0.4344
...    89 G-C ...
   10.3837 -159.7382  -22.7138
   -0.5451    0.6823    0.4871
    0.6000   -0.0883    0.7951
    0.5855    0.7257   -0.3613
...    90 G-C ...
   12.0957 -157.1013  -23.9417
   -0.1830    0.4170    0.8903
    0.8202   -0.4345    0.3721
    0.5420    0.7983   -0.2626
...    91 A-T ...
   13.8244 -154.3756  -24.5988
    0.3187    0.0165    0.9477
    0.7855   -0.5642   -0.2543
    0.5305    0.8255   -0.1928
...    92 T-A ...
   15.1032 -151.3509  -24.8128
    0.6769   -0.2916    0.6758
    0.5136   -0.4707   -0.7174
    0.5273    0.8327   -0.1689
...    93 T-A ...
   16.7501 -148.5486  -25.0935
    0.8657   -0.4901    0.1023
    0.0129   -0.1824   -0.9831
    0.5005    0.8524   -0.1516
...    94 A-T ...
   18.1288 -145.5704  -26.3040
    0.6769   -0.3690   -0.6369
   -0.6105    0.2019   -0.7658
    0.4112    0.9072   -0.0886
...    95 A-T ...
   19.6709 -142.6705  -26.3204
    0.1918   -0.0905   -0.9773
   -0.9081    0.3613   -0.2117
    0.3723    0.9280   -0.0129
...    96 C-G ...
   21.4905 -139.8128  -26.3235
   -0.3440    0.1388   -0.9287
   -0.8664    0.3344    0.3709
    0.3621    0.9321    0.0052
...    97 A-T ...
   22.4422 -136.6137  -25.8842
   -0.8257    0.2564   -0.5025
   -0.4791    0.1515    0.8646
    0.2978    0.9546   -0.0022
...    98 C-G ...
   23.5976 -133.5479  -26.4339
   -0.9644    0.2598    0.0500
    0.0438   -0.0297    0.9986
    0.2609    0.9652    0.0172
...    99 T-A ...
   24.2691 -130.2939  -26.5664
   -0.8050    0.1057    0.5838
    0.5650   -0.1640    0.8087
    0.1812    0.9808    0.0723
...   100 T-A ...
   24.6866 -127.0964  -26.3562
   -0.3422   -0.0675    0.9372
    0.9274   -0.1848    0.3253
    0.1513    0.9804    0.1258
...   101 T-A ...
   24.9808 -123.9169  -25.8442
    0.2492   -0.2094    0.9455
    0.9584   -0.0869   -0.2719
    0.1392    0.9740    0.1790
...   102 A-T ...
   25.6913 -120.7047  -25.0920
    0.7804   -0.2793    0.5594
    0.6061    0.1182   -0.7865
    0.1536    0.9529    0.2616
...   103 T-A ...
   25.9448 -117.7662  -23.5875
    0.9843   -0.1634    0.0661
    0.1081    0.2631   -0.9587
    0.1392    0.9508    0.2767
...   104 G-C ...
   26.5704 -114.5225  -22.9926
    0.8375    0.0064   -0.5464
   -0.5133    0.3521   -0.7827
    0.1874    0.9359    0.2982
...   105 C-G ...
   27.5177 -111.5136  -21.7764
    0.3860    0.2077   -0.8988
   -0.9017    0.2906   -0.3201
    0.1948    0.9340    0.2994
...   106 T-A ...
   28.4615 -108.4448  -20.7659
   -0.1962    0.3223   -0.9261
   -0.9628    0.1157    0.2443
    0.1858    0.9395    0.2876
...   107 T-A ...
   29.3296 -105.4348  -19.8354
   -0.7313    0.3565   -0.5815
   -0.6558   -0.1332    0.7431
    0.1875    0.9247    0.3312
...   108 C-G ...
   30.0498 -102.3966  -18.7215
   -0.9867    0.1617   -0.0166
   -0.0722   -0.3448    0.9359
    0.1456    0.9246    0.3519
...   109 C-G ...
   30.4822  -99.1865  -17.7377
   -0.8674   -0.1641    0.4698
    0.4955   -0.3736    0.7842
    0.0468    0.9130    0.4054
...   110 G-C ...
   30.7516  -96.2760  -15.9977
   -0.4284   -0.4859    0.7618
    0.9021   -0.1819    0.3912
   -0.0515    0.8549    0.5162
...   111 G-C ...
   30.2066  -93.5651  -14.0491
    0.1562   -0.5950    0.7884
    0.9843    0.1607   -0.0737
   -0.0829    0.7875    0.6108
...   112 C-G ...
   29.5840  -91.2767  -11.6979
    0.6866   -0.4401    0.5787
    0.7226    0.5008   -0.4764
   -0.0802    0.7453    0.6619
...   113 T-A ...
   29.2993  -89.0917   -9.1797
    0.9757   -0.1202    0.1832
    0.2140    0.7012   -0.6801
   -0.0467    0.7028    0.7098
...   114 C-G ...
   29.3066  -86.8505   -6.7315
    0.8991    0.3416   -0.2737
   -0.4360    0.6431   -0.6295
   -0.0390    0.6853    0.7272
...   115 G-C ...
   28.9809  -84.2448   -4.5623
    0.4566    0.6287   -0.6295
   -0.8896    0.3303   -0.3154
    0.0096    0.7040    0.7101
...   116 T-A ...
   29.6286  -82.0233   -2.0969
   -0.1151    0.7074   -0.6974
   -0.9934   -0.0824    0.0804
   -0.0005    0.7020    0.7121
...   117 A-T ...
   29.0826  -80.0233    0.6773
   -0.7646    0.4931   -0.4151
   -0.6445   -0.5745    0.5046
    0.0104    0.6533    0.7570
...   118 T-A ...
   29.4154  -77.4676    2.7495
   -0.9895    0.1160   -0.0858
   -0.1440   -0.7564    0.6380
    0.0091    0.6437    0.7652
...   119 A-T ...
   29.5183  -75.6147    5.6007
   -0.8489   -0.4285    0.3096
    0.5278   -0.6542    0.5417
   -0.0295    0.6232    0.7815
...   120 A-T ...
   29.2464  -73.5393    8.0819
   -0.3729   -0.7469    0.5506
    0.9268   -0.2715    0.2595
   -0.0443    0.6070    0.7935
...   121 T-A ...
   28.4325  -71.5837   10.5997
    0.1667   -0.7880    0.5926
    0.9847    0.1641   -0.0588
   -0.0509    0.5934    0.8033
...   122 G-C ...
   28.6147  -69.7259   13.4139
    0.7292   -0.5789    0.3649
    0.6839    0.6350   -0.3593
   -0.0237    0.5116    0.8589
...   123 T-A ...
   28.3390  -68.5988   16.5569
    0.9859   -0.1402    0.0910
    0.1668    0.8577   -0.4863
   -0.0098    0.4946    0.8691
...   124 G-C ...
   28.4637  -66.6594   19.3089
    0.8789    0.3920   -0.2719
   -0.4741    0.7805   -0.4075
    0.0525    0.4870    0.8718
...   125 T-A ...
   29.1042  -65.4510   22.3936
    0.4654    0.7583   -0.4564
   -0.8834    0.4296   -0.1871
    0.0542    0.4903    0.8699
...   126 C-G ...
   29.3589  -63.8595   25.3059
   -0.1876    0.8575   -0.4791
   -0.9812   -0.1411    0.1317
    0.0453    0.4948    0.8678
...   127 G-C ...
   29.0895  -62.3894   28.3798
   -0.7366    0.5565   -0.3843
   -0.6759   -0.6257    0.3894
   -0.0238    0.5466    0.8371
...   128 A-T ...
   29.0763  -60.5704   31.1415
   -0.9950    0.0354   -0.0935
   -0.0804   -0.8394    0.5375
   -0.0594    0.5423    0.8381
...   129 C-G ...
   28.7392  -58.2989   33.5445
   -0.8735   -0.4509    0.1834
    0.4770   -0.7180    0.5068
   -0.0968    0.5302    0.8423
...   130 C-G ...
   28.1045  -56.4829   36.3315
   -0.4346   -0.8262    0.3584
    0.8852   -0.3186    0.3390
   -0.1659    0.4646    0.8698
...   131 A-T ...
   27.7677  -55.0926   39.3896
    0.1990   -0.8938    0.4019
    0.9618    0.2568    0.0948
   -0.1879    0.3677    0.9108
...   132 A-T ...
   26.9768  -54.0589   42.3750
    0.7327   -0.5616    0.3844
    0.6508    0.7434   -0.1544
   -0.1990    0.3633    0.9102
...   133 A-T ...
   26.2407  -53.1155   45.4116
    0.9716    0.0065    0.2366
    0.0790    0.9333   -0.3503
   -0.2231    0.3590    0.9063
...   134 T-A ...
   25.6307  -52.5796   48.6349
    0.8597    0.5096    0.0340
   -0.4497    0.7867   -0.4230
   -0.2423    0.3484    0.9055
...   135 G-C ...
   25.2858  -52.4980   52.0750
    0.3205    0.9427   -0.0927
   -0.8825    0.2616   -0.3908
   -0.3442    0.2071    0.9158
...   136 T-A ...
   25.5355  -52.9668   55.8002
   -0.2443    0.9563   -0.1608
   -0.8908   -0.2868   -0.3525
   -0.3832    0.0571    0.9219
...   137 G-C ...
   24.9037  -52.7259   58.9821
   -0.7529    0.5562   -0.3519
   -0.5214   -0.8303   -0.1968
   -0.4017    0.0354    0.9151
...   138 A-T ...
   24.0249  -51.6261   61.9210
   -0.9563    0.0400   -0.2896
   -0.0523   -0.9980    0.0347
   -0.2877    0.0483    0.9565
...   139 G-C ...
   22.3573  -51.2299   64.4909
   -0.8529   -0.5117   -0.1032
    0.4973   -0.8566    0.1372
   -0.1586    0.0657    0.9852
...   140 C-G ...
   22.1608  -50.1386   67.4618
   -0.4681   -0.8749    0.1247
    0.8495   -0.4066    0.3363
   -0.2435    0.2633    0.9335
...   141 G-C ...
   21.4366  -51.8164   72.7856
    0.1304   -0.7141   -0.6877
    0.8897   -0.2218    0.3990
   -0.4375   -0.6639    0.6065
...   142 C-G ...
   20.4354  -54.2994   74.5395
    0.5847   -0.7390   -0.3347
    0.7593    0.3532    0.5466
   -0.2857   -0.5737    0.7676
...   143 T-A ...
   18.4377  -55.5190   76.5272
    0.8548   -0.5006    0.1370
    0.3188    0.7147    0.6225
   -0.4096   -0.4884    0.7705
...   144 C-G ...
   16.8484  -57.7126   78.2648
    0.8529   -0.0846    0.5152
   -0.1509    0.9047    0.3983
   -0.4998   -0.4175    0.7589
...   145 A-T ...
   15.7933  -59.5518   80.7963
    0.5515    0.4995    0.6681
   -0.6739    0.7388    0.0040
   -0.4915   -0.4525    0.7441
...   146 C-G ...
   15.7410  -61.4839   83.9295
    0.0342    0.7400    0.6718
   -0.8637    0.3601   -0.3527
   -0.5029   -0.5681    0.6514
...   147 A-T ...
   14.7481  -63.4170   86.8165
   -0.5923    0.6746    0.4405
   -0.6886   -0.1400   -0.7115
   -0.4183   -0.7247    0.5475
