  147 base-pairs
...     1 T-A ...
    0.0000    0.0000    0.0000
    1.0000    0.0000    0.0000
    0.0000    1.0000    0.0000
    0.0000    0.0000    1.0000
...     2 G-C ...
   -0.5555   -1.1003    3.3981
    0.7749    0.6051    0.1828
   -0.5991    0.7953   -0.0929
   -0.2016   -0.0375    0.9787
...     3 T-A ...
   -0.6619   -3.0237    6.5348
    0.3046    0.9250    0.2271
   -0.8994    0.3578   -0.2510
   -0.3134   -0.1278    0.9410
...     4 G-C ...
   -1.1607   -3.8418    9.6940
   -0.3351    0.9421    0.0133
   -0.8752   -0.3061   -0.3746
   -0.3489   -0.1372    0.9271
...     5 A-T ...
   -1.3881   -3.6770   12.8999
   -0.7835    0.6162   -0.0801
   -0.5677   -0.7622   -0.3109
   -0.2527   -0.1981    0.9470
...     6 G-C ...
   -2.6236   -3.5448   15.7072
   -0.9923    0.0611   -0.1075
   -0.0294   -0.9610   -0.2748
   -0.1201   -0.2695    0.9555
...     7 C-G ...
   -2.3138   -3.7570   18.8866
   -0.8620   -0.4995   -0.0864
    0.5008   -0.8655    0.0073
   -0.0785   -0.0370    0.9962
...     8 G-C ...
   -3.9561   -6.8109   23.3205
   -0.2581   -0.3560   -0.8981
    0.6294   -0.7673    0.1233
   -0.7330   -0.5335    0.4221
...     9 C-G ...
   -6.1177   -8.9414   24.2385
    0.1143   -0.7320   -0.6716
    0.8123   -0.3203    0.4874
   -0.5720   -0.6013    0.5580
...    10 T-A ...
   -8.5041   -9.6771   26.0540
    0.4660   -0.8587   -0.2131
    0.6274    0.1508    0.7640
   -0.6239   -0.4897    0.6090
...    11 C-G ...
  -11.0625  -11.3174   27.2336
    0.6660   -0.6911    0.2808
    0.3382    0.6152    0.7121
   -0.6649   -0.3794    0.6435
...    12 A-T ...
  -13.0013  -13.1789   29.0658
    0.7188   -0.1490    0.6790
   -0.1787    0.9043    0.3876
   -0.6718   -0.4000    0.6235
...    13 C-G ...
  -14.1788  -15.9359   31.3399
    0.4052    0.2865    0.8682
   -0.5270    0.8492   -0.0343
   -0.7470   -0.4437    0.4951
...    14 A-T ...
  -15.9532  -18.1566   33.3080
   -0.1503    0.6873    0.7107
   -0.6106    0.5008   -0.6135
   -0.7776   -0.5261    0.3444
...    15 A-T ...
  -18.2911  -19.9923   34.6746
   -0.5271    0.8200    0.2232
   -0.3967   -0.0051   -0.9180
   -0.7516   -0.5724    0.3279
...    16 T-A ...
  -20.5244  -21.7554   36.4114
   -0.6843    0.6722   -0.2824
   -0.0513   -0.4308   -0.9010
   -0.7274   -0.6021    0.3293
...    17 T-A ...
  -22.8395  -23.6160   37.7802
   -0.6126    0.2539   -0.7485
    0.3868   -0.7296   -0.5640
   -0.6893   -0.6350    0.3488
...    18 T-A ...
  -25.1550  -25.5046   39.0844
   -0.2767   -0.2372   -0.9312
    0.6923   -0.7212   -0.0220
   -0.6664   -0.6508    0.3638
...    19 A-T ...
  -27.1281  -27.8930   40.4272
    0.2527   -0.6000   -0.7590
    0.7200   -0.4074    0.5618
   -0.6463   -0.6885    0.3290
...    20 T-A ...
  -29.5978  -29.9764   40.9850
    0.6028   -0.7055   -0.3726
    0.4895   -0.0418    0.8710
   -0.6301   -0.7075    0.3201
...    21 T-A ...
  -31.6433  -32.3384   41.8310
    0.7987   -0.5728    0.1843
    0.0463    0.3639    0.9303
   -0.6000   -0.7345    0.3172
...    22 C-G ...
  -33.4246  -34.8897   42.8742
    0.6963   -0.2067    0.6873
   -0.4595    0.6072    0.6482
   -0.5513   -0.7672    0.3278
...    23 G-C ...
  -35.2337  -37.2940   44.4473
    0.3540    0.2565    0.8994
   -0.8167    0.5534    0.1636
   -0.4557   -0.7924    0.4054
...    24 C-G ...
  -36.3014  -40.0615   46.0171
   -0.1591    0.5439    0.8239
   -0.8885    0.2849   -0.3597
   -0.4304   -0.7893    0.4380
...    25 A-T ...
  -37.9803  -42.6172   47.3878
   -0.6421    0.6432    0.4172
   -0.6246   -0.1234   -0.7711
   -0.4445   -0.7557    0.4810
...    26 A-T ...
  -39.2539  -45.0301   49.1926
   -0.9079    0.4053   -0.1066
   -0.1069   -0.4699   -0.8762
   -0.4053   -0.7841    0.4700
...    27 A-T ...
  -40.5482  -47.4544   50.9588
   -0.8044    0.0186   -0.5937
    0.4657   -0.6007   -0.6498
   -0.3687   -0.7993    0.4745
...    28 G-C ...
  -41.9500  -49.9663   52.6612
   -0.3895   -0.2686   -0.8810
    0.8380   -0.5002   -0.2180
   -0.3821   -0.8232    0.4199
...    29 G-C ...
  -43.4346  -52.6555   54.0869
    0.1855   -0.4230   -0.8869
    0.9119   -0.2622    0.3158
   -0.3661   -0.8674    0.3371
...    30 C-G ...
  -44.9841  -55.4784   54.9200
    0.6839   -0.4432   -0.5795
    0.6509    0.0120    0.7590
   -0.3295   -0.8963    0.2967
...    31 C-G ...
  -46.0351  -58.6174   55.5889
    0.9595   -0.2683   -0.0858
    0.1488    0.2244    0.9631
   -0.2391   -0.9368    0.2553
...    32 G-C ...
  -46.5501  -61.7387   56.8265
    0.8915    0.0210    0.4525
   -0.4401    0.2769    0.8542
   -0.1074   -0.9607    0.2561
...    33 G-C ...
  -46.4463  -65.0298   57.6635
    0.4939    0.2459    0.8340
   -0.8691    0.1691    0.4648
   -0.0267   -0.9544    0.2972
...    34 C-G ...
  -46.0402  -68.1900   58.7189
   -0.0860    0.3238    0.9422
   -0.9963   -0.0278   -0.0814
   -0.0002   -0.9457    0.3249
...    35 C-G ...
  -45.8271  -71.2932   60.1109
   -0.6406    0.2968    0.7082
   -0.7679   -0.2381   -0.5947
   -0.0078   -0.9248    0.3805
...    36 C-G ...
  -45.7700  -74.3196   61.6792
   -0.9631    0.1562    0.2190
   -0.2632   -0.3791   -0.8871
   -0.0556   -0.9121    0.4062
...    37 G-C ...
  -45.9383  -77.5781   62.6340
   -0.9252   -0.0193   -0.3790
    0.3550   -0.3974   -0.8462
   -0.1344   -0.9174    0.3745
...    38 A-T ...
  -46.3534  -80.5727   63.9645
   -0.5143   -0.2274   -0.8269
    0.8460   -0.2930   -0.4455
   -0.1409   -0.9287    0.3431
...    39 C-G ...
  -47.3996  -83.4652   65.2142
    0.0303   -0.3127   -0.9494
    0.9894   -0.1256    0.0730
   -0.1420   -0.9415    0.3056
...    40 A-T ...
  -47.6220  -86.6665   66.2383
    0.6182   -0.2143   -0.7563
    0.7805    0.0535    0.6228
   -0.0931   -0.9753    0.2003
...    41 C-G ...
  -48.2398  -89.9162   66.3331
    0.9442   -0.1092   -0.3107
    0.3240    0.1399    0.9357
   -0.0587   -0.9841    0.1674
...    42 G-C ...
  -48.0781  -93.1940   67.2233
    0.9578    0.1011    0.2692
   -0.2797    0.1116    0.9536
    0.0663   -0.9886    0.1351
...    43 A-T ...
  -47.6696  -96.4508   67.6521
    0.5863    0.1675    0.7926
   -0.8037   -0.0026    0.5950
    0.1017   -0.9859    0.1330
...    44 C-G ...
  -46.6766  -99.6481   67.9275
    0.0499    0.1453    0.9881
   -0.9914   -0.1130    0.0667
    0.1214   -0.9829    0.1384
...    45 T-A ...
  -45.9660 -102.8637   68.5825
   -0.5166    0.0813    0.8524
   -0.8467   -0.1969   -0.4943
    0.1276   -0.9770    0.1706
...    46 T-A ...
  -45.2939 -105.9877   69.2831
   -0.9153   -0.0959    0.3912
   -0.3692   -0.1883   -0.9101
    0.1609   -0.9774    0.1369
...    47 A-T ...
  -44.6278 -109.3475   69.1970
   -0.9224   -0.2270   -0.3124
    0.3305   -0.0458   -0.9427
    0.1997   -0.9728    0.1173
...    48 C-G ...
  -44.3024 -112.5433   70.1073
   -0.5985   -0.1867   -0.7791
    0.7791    0.0907   -0.6203
    0.1864   -0.9782    0.0912
...    49 T-A ...
  -43.9806 -115.8492   70.4365
   -0.0847   -0.0309   -0.9959
    0.9817    0.1688   -0.0887
    0.1708   -0.9852    0.0160
...    50 G-C ...
  -43.1561 -119.1149   70.3266
    0.4815    0.1945   -0.8546
    0.8519    0.1251    0.5085
    0.2058   -0.9729   -0.1054
...    51 T-A ...
  -42.8423 -122.2866   69.4567
    0.8533    0.2786   -0.4406
    0.4625   -0.0146    0.8865
    0.2406   -0.9603   -0.1413
...    52 A-T ...
  -41.8301 -125.5054   69.2298
    0.9414    0.2541    0.2220
   -0.1662   -0.2234    0.9605
    0.2936   -0.9410   -0.1681
...    53 G-C ...
  -40.5994 -128.5154   68.4517
    0.6754    0.1317    0.7256
   -0.6489   -0.3611    0.6697
    0.3503   -0.9232   -0.1584
...    54 G-C ...
  -39.0305 -131.5076   68.0215
    0.1633   -0.0545    0.9851
   -0.9026   -0.4114    0.1269
    0.3983   -0.9098   -0.1164
...    55 T-A ...
  -37.1229 -134.2811   67.7852
   -0.3621   -0.2767    0.8901
   -0.8411   -0.3147   -0.4400
    0.4018   -0.9080   -0.1188
...    56 A-T ...
  -36.1187 -137.4309   66.7361
   -0.8073   -0.4927    0.3249
   -0.3748    0.0027   -0.9271
    0.4559   -0.8702   -0.1868
...    57 T-A ...
  -34.4951 -140.3315   66.7871
   -0.8747   -0.4321   -0.2195
    0.1023    0.2782   -0.9551
    0.4737   -0.8579   -0.1991
...    58 C-G ...
  -32.8771 -143.1725   66.2171
   -0.6434   -0.1411   -0.7524
    0.6090    0.5012   -0.6148
    0.4639   -0.8537   -0.2366
...    59 T-A ...
  -31.5869 -146.1591   65.4627
   -0.2374    0.2280   -0.9443
    0.8654    0.4912   -0.0990
    0.4413   -0.8407   -0.3139
...    60 C-G ...
  -30.1772 -148.9277   64.3787
    0.3030    0.5313   -0.7912
    0.8382    0.2464    0.4865
    0.4534   -0.8106   -0.3706
...    61 G-C ...
  -28.2525 -151.4607   63.1700
    0.6588    0.6856   -0.3096
    0.5426   -0.1481    0.8268
    0.5211   -0.7127   -0.4696
...    62 A-T ...
  -26.4158 -153.6560   61.5284
    0.8307    0.4834    0.2761
    0.0527   -0.5620    0.8255
    0.5542   -0.6712   -0.4923
...    63 G-C ...
  -24.3944 -155.6198   59.7260
    0.6916    0.1179    0.7126
   -0.3947   -0.7646    0.5095
    0.6050   -0.6336   -0.4822
...    64 C-G ...
  -21.9982 -157.4061   58.1696
    0.3321   -0.3362    0.8813
   -0.6986   -0.7155   -0.0097
    0.6338   -0.6124   -0.4725
...    65 T-A ...
  -19.6022 -159.3195   56.7784
   -0.1294   -0.6791    0.7226
   -0.7486   -0.4110   -0.5203
    0.6503   -0.6082   -0.4551
...    66 C-G ...
  -17.3535 -161.3063   55.3212
   -0.5599   -0.7962    0.2294
   -0.5112    0.1140   -0.8519
    0.6521   -0.5942   -0.4708
...    67 G-C ...
  -15.2366 -163.0410   53.2879
   -0.8011   -0.5241   -0.2891
   -0.0924    0.5854   -0.8055
    0.5914   -0.6185   -0.5174
...    68 G-C ...
  -13.1150 -165.2244   51.7500
   -0.7608   -0.0426   -0.6476
    0.3653    0.7967   -0.4815
    0.5365   -0.6029   -0.5905
...    69 G-C ...
  -11.3617 -167.4513   49.8821
   -0.4848    0.4775   -0.7328
    0.7220    0.6913   -0.0272
    0.4936   -0.5423   -0.6799
...    70 A-T ...
   -9.7852 -169.2296   47.6313
   -0.0003    0.8357   -0.5492
    0.8729    0.2682    0.4076
    0.4880   -0.4792   -0.7296
...    71 T-A ...
   -8.7636 -170.7304   44.9190
    0.4240    0.8752   -0.2331
    0.7590   -0.2029    0.6187
    0.4942   -0.4392   -0.7502
...    72 C-G ...
   -7.0472 -171.9190   42.3930
    0.7661    0.6025    0.2237
    0.3812   -0.7062    0.5966
    0.5174   -0.3718   -0.7707
...    73 C-G ...
   -4.9551 -172.7148   39.8411
    0.8124    0.1153    0.5715
   -0.0768   -0.9506    0.3009
    0.5780   -0.2883   -0.7634
...    74 G-C ...
   -2.7982 -174.1114   37.5853
    0.5823   -0.4661    0.6661
   -0.4934   -0.8538   -0.1660
    0.6461   -0.2320   -0.7272
...    75 C-G ...
   -0.3054 -174.7035   35.3712
    0.1917   -0.8773    0.4400
   -0.7265   -0.4283   -0.5373
    0.6598   -0.2166   -0.7195
...    76 T-A ...
    2.1463 -175.4310   33.1672
   -0.2570   -0.9651    0.0504
   -0.7072    0.1523   -0.6905
    0.6587   -0.2130   -0.7216
...    77 T-A ...
    4.5308 -176.1001   31.0180
   -0.5973   -0.6810   -0.4237
   -0.4308    0.7180   -0.5467
    0.6766   -0.1440   -0.7222
...    78 T-A ...
    6.8641 -176.6957   28.8138
   -0.7276   -0.1123   -0.6767
   -0.0095    0.9881   -0.1537
    0.6859   -0.1054   -0.7200
...    79 A-T ...
    9.2666 -176.7741   26.4267
   -0.6262    0.5432   -0.5594
    0.4436    0.8382    0.3173
    0.6412   -0.0494   -0.7658
...    80 A-T ...
   11.2230 -176.9703   23.8594
   -0.2893    0.9309   -0.2229
    0.7300    0.3652    0.5778
    0.6192    0.0044   -0.7852
...    81 C-G ...
   12.7086 -176.9363   20.9324
    0.1075    0.9780    0.1787
    0.7893   -0.1933    0.5828
    0.6045    0.0784   -0.7927
...    82 A-T ...
   14.9514 -176.4717   18.4422
    0.4743    0.6598    0.5828
    0.6234   -0.7192    0.3069
    0.6216    0.2177   -0.7524
...    83 C-G ...
   16.7418 -175.0877   15.9881
    0.7251    0.1486    0.6724
    0.2877   -0.9525   -0.0998
    0.6256    0.2658   -0.7335
...    84 T-A ...
   18.9508 -173.8662   13.7712
    0.7499   -0.4273    0.5051
   -0.1397   -0.8485   -0.5104
    0.6467    0.3122   -0.6960
...    85 T-A ...
   21.1173 -172.5534   11.6808
    0.5572   -0.8302    0.0180
   -0.5794   -0.4042   -0.7078
    0.5949    0.3840   -0.7062
...    86 T-A ...
   23.2374 -171.0989    9.6279
    0.1314   -0.8600   -0.4930
   -0.8188    0.1862   -0.5430
    0.5589    0.4750   -0.6797
...    87 A-T ...
   24.3708 -168.6998    7.2672
   -0.4330   -0.3827   -0.8161
   -0.7072    0.7056    0.0444
    0.5588    0.5964   -0.5762
...    88 T-A ...
   26.5982 -167.2485    5.2752
   -0.7383    0.0635   -0.6714
   -0.3792    0.7842    0.4912
    0.5577    0.6173   -0.5549
...    89 G-C ...
   28.4082 -164.9191    3.6143
   -0.8783    0.4454   -0.1736
    0.1361    0.5810    0.8024
    0.4583    0.6812   -0.5710
...    90 C-G ...
   29.7702 -162.8693    1.3687
   -0.6842    0.6365    0.3561
    0.6063    0.2249    0.7628
    0.4054    0.7377   -0.5398
...    91 T-A ...
   30.7885 -160.3036   -0.4797
   -0.2767    0.5673    0.7756
    0.8988   -0.1328    0.4178
    0.3400    0.8127   -0.4731
...    92 T-A ...
   31.7243 -157.5655   -1.9277
    0.2881    0.3417    0.8946
    0.9009   -0.4135   -0.1321
    0.3248    0.8440   -0.4269
...    93 T-A ...
   32.6361 -154.6925   -3.1425
    0.7679    0.0251    0.6401
    0.5618   -0.5065   -0.6541
    0.3078    0.8619   -0.4031
...    94 C-G ...
   33.8426 -151.7970   -4.2427
    0.9544   -0.2854    0.0877
   -0.0256   -0.3709   -0.9283
    0.2975    0.8837   -0.3613
...    95 A-T ...
   34.7987 -148.9855   -5.8214
    0.7235   -0.4568   -0.5176
   -0.6134   -0.0815   -0.7855
    0.3167    0.8858   -0.3392
...    96 T-A ...
   36.3426 -146.0679   -6.4293
    0.2889   -0.3736   -0.8815
   -0.9144    0.1650   -0.3696
    0.2835    0.9128   -0.2939
...    97 G-C ...
   36.8239 -142.8695   -7.3563
   -0.3588   -0.2053   -0.9106
   -0.8977    0.3432    0.2763
    0.2558    0.9166   -0.3074
...    98 T-A ...
   38.1693 -140.0447   -8.6206
   -0.8033    0.0045   -0.5956
   -0.5525    0.3677    0.7480
    0.2223    0.9299   -0.2929
...    99 T-A ...
   38.9891 -137.0799   -9.6725
   -0.9792    0.2017   -0.0240
    0.0312    0.2661    0.9634
    0.2007    0.9426   -0.2669
...   100 A-T ...
   39.6125 -133.8373  -10.3632
   -0.7728    0.1968    0.6033
    0.6281    0.1016    0.7714
    0.0906    0.9752   -0.2021
...   101 T-A ...
   39.3331 -130.7290  -11.3158
   -0.3411    0.1745    0.9237
    0.9379   -0.0023    0.3468
    0.0627    0.9847   -0.1629
...   102 A-T ...
   39.5910 -127.3734  -11.5364
    0.2971    0.0185    0.9547
    0.9542   -0.0417   -0.2961
    0.0343    0.9990   -0.0300
...   103 A-T ...
   39.5673 -124.1258  -11.3976
    0.8074   -0.0158    0.5898
    0.5898   -0.0089   -0.8075
    0.0180    0.9998    0.0021
...   104 C-G ...
   39.4908 -120.8320  -10.6752
    0.9991   -0.0182    0.0395
    0.0402    0.0400   -0.9984
    0.0166    0.9990    0.0407
...   105 G-C ...
   39.7047 -117.4293  -11.0057
    0.8128   -0.0061   -0.5825
   -0.5789    0.1028   -0.8089
    0.0648    0.9947    0.0801
...   106 G-C ...
   40.0969 -114.0551  -10.5857
    0.3080    0.0382   -0.9506
   -0.9486    0.0891   -0.3038
    0.0731    0.9953    0.0637
...   107 A-T ...
   40.3971 -110.7536  -10.1768
   -0.3623    0.1004   -0.9266
   -0.9308    0.0119    0.3652
    0.0477    0.9949    0.0892
...   108 C-G ...
   41.0755 -107.4609  -10.1591
   -0.8227    0.0745   -0.5635
   -0.5680   -0.0702    0.8200
    0.0215    0.9948    0.1000
...   109 C-G ...
   41.3429 -104.0722   -9.9428
   -0.9966   -0.0822   -0.0012
    0.0089   -0.1219    0.9925
   -0.0817    0.9891    0.1222
...   110 G-C ...
   41.1597 -100.7630   -9.0900
   -0.7824   -0.2960    0.5479
    0.5859   -0.0517    0.8087
   -0.2110    0.9538    0.2139
...   111 G-C ...
   40.1239  -97.6353   -8.3626
   -0.2852   -0.3926    0.8744
    0.9171    0.1534    0.3680
   -0.2785    0.9069    0.3163
...   112 C-G ...
   38.7088  -94.8803   -7.1412
    0.2995   -0.2996    0.9058
    0.9068    0.3845   -0.1727
   -0.2965    0.8732    0.3869
...   113 T-A ...
   37.5708  -92.2057   -5.4974
    0.7748   -0.0926    0.6253
    0.5655    0.5439   -0.6201
   -0.2827    0.8340    0.4738
...   114 C-G ...
   36.8168  -89.5125   -3.7150
    0.9602    0.2589    0.1046
   -0.0478    0.5214   -0.8520
   -0.2751    0.8131    0.5130
...   115 G-C ...
   36.0305  -86.4767   -2.3393
    0.7411    0.4954   -0.4531
   -0.6380    0.3094   -0.7051
   -0.2091    0.8117    0.5454
...   116 T-A ...
   35.8609  -83.8845   -0.1468
    0.2465    0.5972   -0.7633
   -0.9449   -0.0268   -0.3261
   -0.2152    0.8017    0.5577
...   117 A-T ...
   34.2164  -81.5975    2.0131
   -0.5425    0.4859   -0.6852
   -0.8144   -0.5044    0.2871
   -0.2061    0.7138    0.6694
...   118 T-A ...
   34.0193  -78.8885    3.9351
   -0.9003    0.1528   -0.4076
   -0.3894   -0.7013    0.5971
   -0.1947    0.6962    0.6909
...   119 A-T ...
   33.4747  -77.0206    6.8012
   -0.9248   -0.3624    0.1157
    0.3373   -0.6402    0.6902
   -0.1761    0.6773    0.7143
...   120 A-T ...
   32.7972  -74.7560    9.0336
   -0.5329   -0.6874    0.4934
    0.8266   -0.2980    0.4775
   -0.1812    0.6623    0.7270
...   121 T-A ...
   31.5871  -72.5929   11.1951
   -0.0124   -0.7549    0.6557
    0.9825    0.1128    0.1483
   -0.1859    0.6461    0.7403
...   122 G-C ...
   31.2959  -70.5504   13.8888
    0.6052   -0.5931    0.5310
    0.7788    0.5793   -0.2406
   -0.1649    0.5591    0.8125
...   123 T-A ...
   30.5036  -69.2588   16.8688
    0.9413   -0.1847    0.2827
    0.3052    0.8233   -0.4785
   -0.1444    0.5367    0.8313
...   124 G-C ...
   30.2793  -67.1891   19.5400
    0.9333    0.3362   -0.1261
   -0.3518    0.7859   -0.5086
   -0.0719    0.5190    0.8517
...   125 T-A ...
   30.4839  -65.8747   22.6461
    0.5711    0.7198   -0.3947
   -0.8185    0.4627   -0.3405
   -0.0625    0.5175    0.8534
...   126 C-G ...
   30.3644  -64.1609   25.5105
   -0.0777    0.8526   -0.5168
   -0.9951   -0.0985   -0.0129
   -0.0619    0.5132    0.8560
...   127 G-C ...
   29.6832  -62.6041   28.4988
   -0.6652    0.5782   -0.4723
   -0.7393   -0.5983    0.3089
   -0.1040    0.5547    0.8255
...   128 A-T ...
   29.4314  -60.7672   31.2613
   -0.9803    0.0641   -0.1870
   -0.1552   -0.8358    0.5267
   -0.1226    0.5453    0.8292
...   129 C-G ...
   28.9678  -58.4723   33.6514
   -0.8952   -0.4301    0.1170
    0.4207   -0.7287    0.5403
   -0.1471    0.5329    0.8333
...   130 C-G ...
   28.2621  -56.6134   36.4037
   -0.4682   -0.8180    0.3341
    0.8596   -0.3342    0.3865
   -0.2045    0.4681    0.8597
...   131 A-T ...
   27.8749  -55.1762   39.4498
    0.1760   -0.8932    0.4137
    0.9603    0.2481    0.1273
   -0.2164    0.3749    0.9015
...   132 A-T ...
   27.0236  -54.1013   42.4036
    0.7207   -0.5639    0.4033
    0.6577    0.7400   -0.1407
   -0.2191    0.3666    0.9042
...   133 A-T ...
   26.2515  -53.1230   45.4181
    0.9693    0.0044    0.2457
    0.0842    0.9333   -0.3490
   -0.2309    0.3590    0.9043
...   134 T-A ...
   25.6308  -52.5797   48.6349
    0.8597    0.5096    0.0340
   -0.4497    0.7867   -0.4230
   -0.2423    0.3484    0.9055
...   135 G-C ...
   25.2859  -52.4981   52.0750
    0.3205    0.9427   -0.0927
   -0.8825    0.2616   -0.3908
   -0.3441    0.2071    0.9158
...   136 T-A ...
   25.5356  -52.9669   55.8002
   -0.2443    0.9563   -0.1608
   -0.8908   -0.2868   -0.3525
   -0.3832    0.0571    0.9219
...   137 G-C ...
   24.9038  -52.7260   58.9821
   -0.7529    0.5562   -0.3519
   -0.5214   -0.8303   -0.1968
   -0.4017    0.0354    0.9151
...   138 A-T ...
   24.0250  -51.6262   61.9210
   -0.9563    0.0400   -0.2896
   -0.0523   -0.9980    0.0347
   -0.2877    0.0483    0.9565
...   139 G-C ...
   22.3575  -51.2300   64.4909
   -0.8529   -0.5117   -0.1032
    0.4973   -0.8566    0.1372
   -0.1586    0.0657    0.9852
...   140 C-G ...
   22.1609  -50.1387   67.4618
   -0.4681   -0.8749    0.1247
    0.8495   -0.4066    0.3363
   -0.2435    0.2633    0.9335
...   141 G-C ...
   21.4367  -51.8165   72.7856
    0.1304   -0.7141   -0.6877
    0.8897   -0.2218    0.3990
   -0.4375   -0.6639    0.6065
...   142 C-G ...
   20.4355  -54.2995   74.5395
    0.5847   -0.7390   -0.3347
    0.7593    0.3532    0.5466
   -0.2857   -0.5737    0.7676
...   143 T-A ...
   18.4378  -55.5191   76.5272
    0.8548   -0.5006    0.1370
    0.3188    0.7147    0.6225
   -0.4096   -0.4884    0.7705
...   144 C-G ...
   16.8486  -57.7127   78.2648
    0.8529   -0.0846    0.5152
   -0.1509    0.9047    0.3983
   -0.4998   -0.4175    0.7589
...   145 A-T ...
   15.7934  -59.5519   80.7963
    0.5515    0.4995    0.6681
   -0.6739    0.7388    0.0040
   -0.4915   -0.4525    0.7441
...   146 C-G ...
   15.7411  -61.4839   83.9295
    0.0342    0.7400    0.6718
   -0.8637    0.3601   -0.3527
   -0.5029   -0.5681    0.6514
...   147 A-T ...
   14.7482  -63.4171   86.8165
   -0.5923    0.6746    0.4405
   -0.6886   -0.1400   -0.7115
   -0.4183   -0.7247    0.5475
