  147 base-pairs
...     1 T-A ...
    0.0000    0.0000    0.0000
    1.0000    0.0000    0.0000
    0.0000    1.0000    0.0000
    0.0000    0.0000    1.0000
...     2 G-C ...
   -0.5555   -1.1003    3.3981
    0.7749    0.6051    0.1828
   -0.5991    0.7953   -0.0929
   -0.2016   -0.0375    0.9787
...     3 T-A ...
   -0.6619   -3.0237    6.5348
    0.3046    0.9250    0.2271
   -0.8994    0.3578   -0.2510
   -0.3134   -0.1278    0.9410
...     4 G-C ...
   -1.1607   -3.8418    9.6940
   -0.3351    0.9421    0.0133
   -0.8752   -0.3061   -0.3746
   -0.3489   -0.1372    0.9271
...     5 A-T ...
   -1.3881   -3.6770   12.8999
   -0.7835    0.6162   -0.0801
   -0.5677   -0.7622   -0.3109
   -0.2527   -0.1981    0.9470
...     6 G-C ...
   -2.6236   -3.5448   15.7072
   -0.9923    0.0611   -0.1075
   -0.0294   -0.9610   -0.2748
   -0.1201   -0.2695    0.9555
...     7 C-G ...
   -2.3138   -3.7570   18.8866
   -0.8620   -0.4995   -0.0864
    0.5008   -0.8655    0.0073
   -0.0785   -0.0370    0.9962
...     8 G-C ...
   -3.9561   -6.8109   23.3205
   -0.2581   -0.3560   -0.8981
    0.6294   -0.7673    0.1233
   -0.7330   -0.5335    0.4221
...     9 C-G ...
   -6.1177   -8.9414   24.2385
    0.1143   -0.7320   -0.6716
    0.8123   -0.3203    0.4874
   -0.5720   -0.6013    0.5580
...    10 T-A ...
   -8.5041   -9.6771   26.0540
    0.4660   -0.8587   -0.2131
    0.6274    0.1508    0.7640
   -0.6239   -0.4897    0.6090
...    11 C-G ...
  -11.0625  -11.3174   27.2336
    0.6660   -0.6911    0.2808
    0.3382    0.6152    0.7121
   -0.6649   -0.3794    0.6435
...    12 A-T ...
  -13.0013  -13.1789   29.0658
    0.7188   -0.1490    0.6790
   -0.1787    0.9043    0.3876
   -0.6718   -0.4000    0.6235
...    13 C-G ...
  -14.1788  -15.9359   31.3399
    0.4052    0.2865    0.8682
   -0.5270    0.8492   -0.0343
   -0.7470   -0.4437    0.4951
...    14 A-T ...
  -15.9532  -18.1566   33.3080
   -0.1503    0.6873    0.7107
   -0.6106    0.5008   -0.6135
   -0.7776   -0.5261    0.3444
...    15 A-T ...
  -18.2911  -19.9747   34.6920
   -0.5244    0.8210    0.2257
   -0.4042   -0.0067   -0.9146
   -0.7494   -0.5708    0.3354
...    16 T-A ...
  -20.5111  -21.7266   36.4602
   -0.6895    0.6696   -0.2760
   -0.0619   -0.4341   -0.8987
   -0.7216   -0.6026    0.3407
...    17 T-A ...
  -22.7986  -23.5793   37.8929
   -0.6320    0.2402   -0.7368
    0.3823   -0.7304   -0.5660
   -0.6741   -0.6394    0.3698
...    18 T-A ...
  -25.0624  -25.4668   39.2959
   -0.3028   -0.2591   -0.9172
    0.7037   -0.7098   -0.0318
   -0.6428   -0.6550    0.3972
...    19 A-T ...
  -26.9059  -27.8628   40.8064
    0.2327   -0.6221   -0.7475
    0.7516   -0.3728    0.5442
   -0.6172   -0.6885    0.3808
...    20 T-A ...
  -29.3059  -29.9670   41.5538
    0.6008   -0.7061   -0.3748
    0.5305    0.0014    0.8477
   -0.5981   -0.7081    0.3754
...    21 T-A ...
  -31.2482  -32.3328   42.5940
    0.8248   -0.5428    0.1586
    0.0873    0.3992    0.9127
   -0.5587   -0.7389    0.3766
...    22 C-G ...
  -32.8903  -34.8801   43.8292
    0.7491   -0.1554    0.6440
   -0.4358    0.6166    0.6557
   -0.4990   -0.7718    0.3941
...    23 G-C ...
  -34.4460  -37.2944   45.6308
    0.4192    0.3122    0.8525
   -0.8229    0.5274    0.2115
   -0.3836   -0.7902    0.4780
...    24 C-G ...
  -35.2174  -40.0018   47.4437
   -0.1045    0.5782    0.8092
   -0.9318    0.2274   -0.2828
   -0.3475   -0.7836    0.5150
...    25 A-T ...
  -36.6178  -42.5230   49.1459
   -0.6256    0.6366    0.4510
   -0.6968   -0.1961   -0.6899
   -0.3507   -0.7459    0.5663
...    26 A-T ...
  -37.5576  -44.8724   51.2219
   -0.9365    0.3501   -0.0226
   -0.1771   -0.5274   -0.8310
   -0.3028   -0.7741    0.5559
...    27 A-T ...
  -38.4883  -47.2388   53.2795
   -0.8688   -0.0729   -0.4899
    0.4267   -0.6122   -0.6657
   -0.2514   -0.7873    0.5630
...    28 G-C ...
  -39.4765  -49.7087   55.3080
   -0.4739   -0.3615   -0.8029
    0.8414   -0.4548   -0.2919
   -0.2596   -0.8139    0.5197
...    29 G-C ...
  -40.5190  -52.3567   57.1496
    0.1049   -0.4800   -0.8710
    0.9650   -0.1626    0.2058
   -0.2404   -0.8621    0.4462
...    30 C-G ...
  -41.6933  -55.1877   58.4396
    0.6377   -0.4341   -0.6363
    0.7443    0.1344    0.6542
   -0.1985   -0.8908    0.4088
...    31 C-G ...
  -42.3860  -58.3081   59.5191
    0.9594   -0.1866   -0.2113
    0.2637    0.3290    0.9068
   -0.0997   -0.9257    0.3649
...    32 G-C ...
  -42.3985  -61.3277   61.0547
    0.9436    0.1595    0.2900
   -0.3275    0.3221    0.8883
    0.0483   -0.9332    0.3561
...    33 G-C ...
  -41.7434  -64.4685   62.1509
    0.5934    0.3940    0.7019
   -0.7918    0.1287    0.5971
    0.1449   -0.9101    0.3883
...    34 C-G ...
  -40.7351  -67.3881   63.4369
    0.0404    0.4289    0.9025
   -0.9823   -0.1484    0.1144
    0.1830   -0.8911    0.4153
...    35 C-G ...
  -39.8665  -70.2052   65.1405
   -0.5349    0.3141    0.7843
   -0.8227   -0.4051   -0.3988
    0.1925   -0.8586    0.4751
...    36 C-G ...
  -39.1382  -72.9353   67.0442
   -0.9173    0.0666    0.3925
   -0.3650   -0.5345   -0.7623
    0.1590   -0.8425    0.5146
...    37 G-C ...
  -38.6667  -76.0109   68.3986
   -0.9644   -0.2032   -0.1691
    0.2482   -0.4765   -0.8434
    0.0908   -0.8554    0.5100
...    38 A-T ...
  -38.3173  -78.7760   70.1800
   -0.6144   -0.4348   -0.6584
    0.7838   -0.2408   -0.5724
    0.0904   -0.8677    0.4888
...    39 C-G ...
  -38.5753  -81.5347   72.0250
   -0.0949   -0.4683   -0.8785
    0.9913    0.0365   -0.1266
    0.0913   -0.8828    0.4608
...    40 A-T ...
  -37.9989  -84.4704   73.5647
    0.4923   -0.2551   -0.8322
    0.8602    0.2886    0.4204
    0.1330   -0.9228    0.3615
...    41 C-G ...
  -37.9642  -87.6901   74.3048
    0.8692   -0.0170   -0.4941
    0.4651    0.3672    0.8055
    0.1678   -0.9300    0.3271
...    42 G-C ...
  -37.0366  -90.6683   75.6373
    0.9494    0.3137    0.0150
   -0.1007    0.2589    0.9606
    0.2974   -0.9136    0.2774
...    43 A-T ...
  -35.8751  -93.6340   76.4962
    0.6851    0.4372    0.5827
   -0.6436   -0.0116    0.7653
    0.3414   -0.8993    0.2734
...    44 C-G ...
  -34.1623  -96.4461   77.0781
    0.2207    0.3763    0.8998
   -0.9032   -0.2693    0.3342
    0.3681   -0.8865    0.2805
...    45 T-A ...
  -32.6069  -99.2201   78.1294
   -0.3293    0.1910    0.9247
   -0.8612   -0.4624   -0.2112
    0.3872   -0.8659    0.3168
...    46 T-A ...
  -31.0851 -101.8923   79.2406
   -0.7609   -0.1621    0.6283
   -0.4977   -0.4755   -0.7254
    0.4163   -0.8647    0.2811
...    47 A-T ...
  -29.6682 -104.9928   79.6234
   -0.8758   -0.4826   -0.0070
    0.1280   -0.2183   -0.9675
    0.4654   -0.8482    0.2529
...    48 C-G ...
  -28.3392 -107.7176   81.0442
   -0.6731   -0.5076   -0.5378
    0.5818    0.0854   -0.8088
    0.4565   -0.8574    0.2378
...    49 T-A ...
  -27.0722 -110.6680   81.9638
   -0.2717   -0.3205   -0.9074
    0.8573    0.3479   -0.3796
    0.4373   -0.8811    0.1802
...    50 G-C ...
  -25.4046 -113.5581   82.3837
    0.2265    0.0465   -0.9729
    0.8634    0.4527    0.2226
    0.4508   -0.8904    0.0624
...    51 T-A ...
  -24.3786 -116.6933   82.2137
    0.6293    0.3264   -0.7053
    0.6124    0.3505    0.7086
    0.4785   -0.8778    0.0208
...    52 A-T ...
  -22.5673 -119.5237   82.3523
    0.8317    0.5408   -0.1262
    0.1207    0.0457    0.9916
    0.5420   -0.8399   -0.0273
...    53 G-C ...
  -20.6114 -122.1932   81.9627
    0.7253    0.5303    0.4390
   -0.3339   -0.2867    0.8980
    0.6020   -0.7979   -0.0309
...    54 G-C ...
  -18.2154 -124.5991   81.8201
    0.3694    0.3251    0.8706
   -0.6531   -0.5756    0.4921
    0.6610   -0.7503   -0.0003
...    55 T-A ...
  -15.5470 -126.6348   81.7472
   -0.0518   -0.0398    0.9979
   -0.7412   -0.6682   -0.0651
    0.6693   -0.7430    0.0051
...    56 A-T ...
  -13.6757 -129.5097   81.3991
   -0.4912   -0.5388    0.6844
   -0.5252   -0.4437   -0.7262
    0.6949   -0.7161   -0.0650
...    57 T-A ...
  -11.1280 -131.6160   81.7742
   -0.6772   -0.7093    0.1958
   -0.1957   -0.0829   -0.9772
    0.7093   -0.7000   -0.0827
...    58 C-G ...
   -8.7290 -133.9002   81.5857
   -0.6691   -0.5973   -0.4423
    0.2482    0.3814   -0.8905
    0.7006   -0.7055   -0.1070
...    59 T-A ...
   -6.5579 -136.4331   81.3956
   -0.4687   -0.2411   -0.8498
    0.5744    0.6477   -0.5005
    0.6711   -0.7227   -0.1651
...    60 C-G ...
   -4.3830 -138.8495   80.8669
   -0.0676    0.2377   -0.9690
    0.7401    0.6633    0.1111
    0.6691   -0.7096   -0.2207
...    61 G-C ...
   -1.8453 -140.9564   80.0770
    0.2637    0.6715   -0.6925
    0.6735    0.3857    0.6306
    0.6905   -0.6327   -0.3505
...    62 A-T ...
    0.4381 -142.9364   78.7881
    0.5770    0.8015   -0.1570
    0.4033   -0.1124    0.9082
    0.7103   -0.5873   -0.3881
...    63 G-C ...
    2.8182 -144.6591   77.2185
    0.6558    0.6454    0.3917
    0.0512   -0.5558    0.8298
    0.7532   -0.5241   -0.3975
...    64 C-G ...
    5.5269 -145.9431   75.7225
    0.5499    0.2309    0.8027
   -0.2978   -0.8436    0.4467
    0.7804   -0.4847   -0.3951
...    65 T-A ...
    8.3522 -147.2459   74.4745
    0.2726   -0.2705    0.9233
   -0.5253   -0.8459   -0.0927
    0.8061   -0.4597   -0.3727
...    66 C-G ...
   11.1072 -148.7080   73.3252
   -0.1004   -0.7425    0.6623
   -0.5798   -0.4972   -0.6454
    0.8085   -0.4488   -0.3806
...    67 G-C ...
   13.5765 -150.3208   71.6447
   -0.4739   -0.8638    0.1711
   -0.4123    0.0460   -0.9099
    0.7781   -0.5017   -0.3780
...    68 G-C ...
   16.3532 -151.9834   70.5756
   -0.6785   -0.6467   -0.3485
   -0.0851    0.5404   -0.8371
    0.7297   -0.5383   -0.4217
...    69 G-C ...
   18.8830 -153.9078   69.3718
   -0.6783   -0.1792   -0.7126
    0.2974    0.8199   -0.4892
    0.6720   -0.5438   -0.5028
...    70 A-T ...
   21.0871 -155.7283   67.7687
   -0.4142    0.3788   -0.8276
    0.6390    0.7685    0.0319
    0.6481   -0.5156   -0.5604
...    71 T-A ...
   22.6789 -157.7734   65.7778
   -0.0570    0.7365   -0.6741
    0.7659    0.4654    0.4436
    0.6404   -0.4910   -0.5906
...    72 C-G ...
   24.7379 -159.2336   63.6972
    0.3663    0.8987   -0.2410
    0.6753   -0.0787    0.7333
    0.6401   -0.4314   -0.6358
...    73 C-G ...
   26.9222 -160.2199   61.3145
    0.6255    0.7339    0.2650
    0.4028   -0.5945    0.6959
    0.6682   -0.3286   -0.6674
...    74 G-C ...
   29.5647 -161.3337   59.4765
    0.6946    0.2677    0.6677
    0.0267   -0.9371    0.3480
    0.7189   -0.2239   -0.6581
...    75 C-G ...
   32.1759 -161.6459   57.3711
    0.5808   -0.3161    0.7502
   -0.3514   -0.9286   -0.1192
    0.7343   -0.1944   -0.6504
...    76 T-A ...
   34.8496 -162.0791   55.3752
    0.2786   -0.7853    0.5529
   -0.6060   -0.5903   -0.5332
    0.7451   -0.1865   -0.6403
...    77 T-A ...
   37.4671 -162.4567   53.4362
   -0.0981   -0.9926    0.0716
   -0.6742    0.0134   -0.7385
    0.7320   -0.1207   -0.6705
...    78 T-A ...
   40.0446 -162.8012   51.4529
   -0.4583   -0.7877   -0.4117
   -0.5056    0.6120   -0.6081
    0.7310   -0.0706   -0.6787
...    79 A-T ...
   42.4423 -162.6336   49.0497
   -0.7004   -0.2039   -0.6840
   -0.1108    0.9778   -0.1781
    0.7051   -0.0489   -0.7075
...    80 A-T ...
   44.6944 -162.9518   46.7411
   -0.6616    0.4065   -0.6302
    0.3143    0.9133    0.2591
    0.6808   -0.0267   -0.7320
...    81 C-G ...
   46.5674 -163.4910   44.0943
   -0.4333    0.8336   -0.3426
    0.6319    0.5520    0.5440
    0.6426    0.0193   -0.7659
...    82 A-T ...
   48.7787 -163.1586   41.5619
   -0.0717    0.9870    0.1441
    0.8044   -0.0282    0.5934
    0.5898    0.1585   -0.7919
...    83 C-G ...
   50.1700 -162.3222   38.6732
    0.3530    0.8063    0.4746
    0.7391   -0.5514    0.3870
    0.5737    0.2141   -0.7906
...    84 T-A ...
   51.9615 -161.1968   36.0864
    0.6837    0.3485    0.6412
    0.4520   -0.8920    0.0029
    0.5730    0.2878   -0.7674
...    85 T-A ...
   53.7248 -159.9581   33.6241
    0.8514   -0.2469    0.4628
   -0.0528   -0.9181   -0.3927
    0.5219    0.3099   -0.7947
...    86 T-A ...
   55.4378 -158.6174   31.1656
    0.6818   -0.7293    0.0566
   -0.5714   -0.5793   -0.5813
    0.4567    0.3640   -0.8117
...    87 A-T ...
   56.0916 -157.3498   27.9358
    0.1209   -0.8617   -0.4928
   -0.9190    0.0905   -0.3836
    0.3751    0.4993   -0.7810
...    88 T-A ...
   57.9373 -155.8690   25.5907
   -0.3794   -0.6660   -0.6423
   -0.8511    0.5234   -0.0400
    0.3628    0.5315   -0.7654
...    89 G-C ...
   58.9340 -153.8552   23.0820
   -0.8448   -0.2709   -0.4614
   -0.4601    0.8080    0.3680
    0.2731    0.5232   -0.8073
...    90 C-G ...
   60.0110 -152.4725   20.2453
   -0.9757    0.1872   -0.1142
    0.0880    0.8112    0.5782
    0.2008    0.5541   -0.8079
...    91 T-A ...
   60.4298 -150.7801   17.4242
   -0.7883    0.5320    0.3091
    0.6073    0.5923    0.5295
    0.0987    0.6051   -0.7900
...    92 T-A ...
   60.5526 -148.8188   14.8633
   -0.3005    0.7352    0.6075
    0.9522    0.1943    0.2359
    0.0554    0.6494   -0.7585
...    93 C-G ...
   60.6226 -146.4753   12.5698
    0.3284    0.6691    0.6667
    0.9443   -0.2480   -0.2163
    0.0206    0.7006   -0.7133
...    94 C-G ...
   60.7185 -143.6973   10.6058
    0.8080    0.3636    0.4636
    0.5888   -0.5230   -0.6162
    0.0184    0.7709   -0.6367
...    95 G-C ...
   61.2922 -141.2304    8.3047
    0.9985   -0.0506    0.0186
   -0.0134   -0.5672   -0.8235
    0.0522    0.8220   -0.5670
...    96 G-C ...
   61.6987 -138.3145    6.5663
    0.7984   -0.3883   -0.4602
   -0.5966   -0.4070   -0.6917
    0.0813    0.8268   -0.5566
...    97 C-G ...
   62.2304 -135.3970    4.9158
    0.2977   -0.5514   -0.7793
   -0.9521   -0.1121   -0.2843
    0.0694    0.8267   -0.5584
...    98 T-A ...
   62.7201 -132.6260    3.0583
   -0.3020   -0.5352   -0.7889
   -0.9525    0.2034    0.2266
    0.0391    0.8199   -0.5712
...    99 T-A ...
   63.0648 -129.9713    1.1948
   -0.8148   -0.2980   -0.4972
   -0.5792    0.4547    0.6766
    0.0244    0.8393   -0.5431
...   100 C-G ...
   63.2316 -127.1824   -0.5794
   -0.9984   -0.0116    0.0558
    0.0413    0.5260    0.8495
   -0.0392    0.8504   -0.5246
...   101 A-T ...
   63.0700 -124.1774   -2.1322
   -0.7677    0.1696    0.6180
    0.6169    0.4566    0.6410
   -0.1734    0.8734   -0.4551
...   102 T-A ...
   61.9470 -121.6171   -3.8198
   -0.3311    0.3434    0.8789
    0.9216    0.3176    0.2231
   -0.2025    0.8838   -0.4217
...   103 G-C ...
   61.4240 -118.4362   -4.8560
    0.3072    0.3586    0.8815
    0.9212    0.1205   -0.3700
   -0.2390    0.9257   -0.2933
...   104 T-A ...
   60.2129 -115.3607   -5.2687
    0.7705    0.3436    0.5369
    0.5893   -0.0632   -0.8054
   -0.2428    0.9370   -0.2512
...   105 T-A ...
   59.3031 -112.2653   -5.8016
    0.9559    0.2834   -0.0771
   -0.0050   -0.2470   -0.9690
   -0.2937    0.9267   -0.2347
...   106 A-T ...
   57.7772 -109.4478   -7.2990
    0.6025    0.1571   -0.7825
   -0.6792   -0.4140   -0.6060
   -0.4192    0.8966   -0.1428
...   107 T-A ...
   56.9388 -106.2066   -7.4150
    0.1166   -0.0441   -0.9922
   -0.8889   -0.4502   -0.0844
   -0.4430    0.8918   -0.0917
...   108 A-T ...
   54.7001 -103.5060   -7.1095
   -0.5994   -0.2567   -0.7582
   -0.6715   -0.3543    0.6508
   -0.4357    0.8992    0.0400
...   109 A-T ...
   53.4351 -100.4993   -7.0875
   -0.8892   -0.4067   -0.2096
   -0.1571   -0.1589    0.9747
   -0.4297    0.8996    0.0774
...   110 C-G ...
   51.9992  -97.5282   -7.4126
   -0.8072   -0.4704    0.3565
    0.3619    0.0827    0.9285
   -0.4663    0.8785    0.1035
...   111 G-C ...
   50.5671  -94.5174   -6.6618
   -0.3665   -0.4730    0.8012
    0.7534    0.3544    0.5539
   -0.5459    0.8067    0.2264
...   112 G-C ...
   48.4611  -92.0455   -5.7276
    0.1889   -0.2853    0.9396
    0.8057    0.5921    0.0178
   -0.5614    0.7537    0.3417
...   113 A-T ...
   46.6404  -89.6533   -4.3628
    0.6697    0.0957    0.7364
    0.4988    0.6767   -0.5416
   -0.5501    0.7301    0.4055
...   114 C-G ...
   44.7429  -87.6704   -2.4540
    0.8472    0.4342    0.3060
    0.0263    0.5411   -0.8406
   -0.5306    0.7202    0.4470
...   115 G-C ...
   43.1970  -84.8751   -1.2129
    0.7191    0.6331   -0.2865
   -0.5292    0.2316   -0.8163
   -0.4504    0.7386    0.5016
...   116 T-A ...
   42.1928  -82.4299    0.9058
    0.2907    0.6618   -0.6910
   -0.8465   -0.1587   -0.5082
   -0.4460    0.7327    0.5141
...   117 A-T ...
   39.8430  -80.4754    2.6984
   -0.4715    0.4326   -0.7685
   -0.7687   -0.6287    0.1177
   -0.4322    0.6462    0.6290
...   118 T-A ...
   38.9011  -77.8981    4.5960
   -0.8261    0.0456   -0.5617
   -0.3840   -0.7751    0.5018
   -0.4125    0.6302    0.6578
...   119 A-T ...
   37.6661  -76.3139    7.4506
   -0.8782   -0.4778   -0.0202
    0.3201   -0.6186    0.7175
   -0.3553    0.6237    0.6962
...   120 A-T ...
   36.4340  -74.1969    9.5970
   -0.5052   -0.7569    0.4145
    0.7914   -0.2148    0.5723
   -0.3441    0.6172    0.7076
...   121 T-A ...
   34.7365  -72.2247   11.6141
   -0.0046   -0.7668    0.6419
    0.9396    0.2164    0.2652
   -0.3422    0.6044    0.7195
...   122 G-C ...
   33.9057  -70.2536   14.2450
    0.6002   -0.5431    0.5872
    0.7384    0.6584   -0.1459
   -0.3074    0.5212    0.7962
...   123 T-A ...
   32.6803  -69.1115   17.1231
    0.9204   -0.1073    0.3760
    0.2766    0.8583   -0.4321
   -0.2764    0.5017    0.8197
...   124 G-C ...
   32.0374  -67.1558   19.8142
    0.9146    0.4029   -0.0343
   -0.3591    0.7703   -0.5270
   -0.1859    0.4943    0.8492
...   125 T-A ...
   31.9011  -65.8818   22.9243
    0.5576    0.7594   -0.3354
   -0.8134    0.4191   -0.4034
   -0.1658    0.4977    0.8513
...   126 C-G ...
   31.4701  -64.1810   25.7589
   -0.0802    0.8547   -0.5128
   -0.9848   -0.1474   -0.0916
   -0.1539    0.4977    0.8536
...   127 G-C ...
   30.4870  -62.6219   28.6547
   -0.6561    0.5559   -0.5104
   -0.7334   -0.6290    0.2576
   -0.1779    0.5434    0.8204
...   128 A-T ...
   29.9891  -60.7942   31.3960
   -0.9706    0.0317   -0.2385
   -0.1538   -0.8440    0.5138
   -0.1850    0.5354    0.8241
...   129 C-G ...
   29.3347  -58.5170   33.7764
   -0.8859   -0.4574    0.0766
    0.4187   -0.7179    0.5562
   -0.1994    0.5248    0.8275
...   130 C-G ...
   28.5004  -56.6523   36.4948
   -0.4580   -0.8303    0.3177
    0.8546   -0.3129    0.4144
   -0.2446    0.4613    0.8529
...   131 A-T ...
   28.0186  -55.1844   39.5106
    0.1852   -0.8881    0.4207
    0.9516    0.2690    0.1489
   -0.2454    0.3728    0.8949
...   132 A-T ...
   27.0836  -54.1056   42.4350
    0.7225   -0.5514    0.4170
    0.6479    0.7504   -0.1304
   -0.2411    0.3644    0.8995
...   133 A-T ...
   26.2614  -53.1229   45.4294
    0.9674    0.0114    0.2530
    0.0798    0.9344   -0.3473
   -0.2404    0.3561    0.9030
...   134 T-A ...
   25.6309  -52.5797   48.6349
    0.8597    0.5096    0.0340
   -0.4497    0.7867   -0.4230
   -0.2423    0.3484    0.9055
...   135 G-C ...
   25.2860  -52.4981   52.0750
    0.3205    0.9427   -0.0927
   -0.8825    0.2616   -0.3908
   -0.3442    0.2071    0.9158
...   136 T-A ...
   25.5357  -52.9668   55.8002
   -0.2443    0.9563   -0.1608
   -0.8908   -0.2868   -0.3525
   -0.3832    0.0571    0.9219
...   137 G-C ...
   24.9039  -52.7260   58.9821
   -0.7529    0.5562   -0.3519
   -0.5214   -0.8303   -0.1968
   -0.4017    0.0354    0.9151
...   138 A-T ...
   24.0251  -51.6261   61.9210
   -0.9563    0.0400   -0.2896
   -0.0523   -0.9980    0.0347
   -0.2877    0.0483    0.9565
...   139 G-C ...
   22.3575  -51.2300   64.4909
   -0.8529   -0.5117   -0.1032
    0.4973   -0.8566    0.1372
   -0.1586    0.0657    0.9852
...   140 C-G ...
   22.1610  -50.1386   67.4617
   -0.4681   -0.8749    0.1247
    0.8495   -0.4066    0.3363
   -0.2435    0.2633    0.9335
...   141 G-C ...
   21.4367  -51.8164   72.7855
    0.1304   -0.7141   -0.6877
    0.8897   -0.2218    0.3990
   -0.4375   -0.6639    0.6065
...   142 C-G ...
   20.4356  -54.2995   74.5395
    0.5847   -0.7390   -0.3347
    0.7593    0.3532    0.5466
   -0.2857   -0.5737    0.7676
...   143 T-A ...
   18.4379  -55.5190   76.5272
    0.8548   -0.5006    0.1370
    0.3188    0.7147    0.6225
   -0.4096   -0.4884    0.7705
...   144 C-G ...
   16.8486  -57.7127   78.2648
    0.8529   -0.0846    0.5152
   -0.1509    0.9047    0.3983
   -0.4998   -0.4175    0.7589
...   145 A-T ...
   15.7934  -59.5518   80.7963
    0.5515    0.4995    0.6681
   -0.6739    0.7388    0.0040
   -0.4915   -0.4525    0.7441
...   146 C-G ...
   15.7412  -61.4839   83.9295
    0.0342    0.7400    0.6718
   -0.8637    0.3601   -0.3527
   -0.5029   -0.5681    0.6514
...   147 A-T ...
   14.7482  -63.4171   86.8164
   -0.5923    0.6746    0.4405
   -0.6886   -0.1400   -0.7115
   -0.4183   -0.7247    0.5475
