  147 base-pairs
...     1 T-A ...
    0.0000    0.0000    0.0000
    1.0000    0.0000    0.0000
    0.0000    1.0000    0.0000
    0.0000    0.0000    1.0000
...     2 G-C ...
   -0.5555   -1.1003    3.3981
    0.7749    0.6051    0.1828
   -0.5991    0.7953   -0.0929
   -0.2016   -0.0375    0.9787
...     3 T-A ...
   -0.6619   -3.0237    6.5348
    0.3046    0.9250    0.2271
   -0.8994    0.3578   -0.2510
   -0.3134   -0.1278    0.9410
...     4 G-C ...
   -1.1607   -3.8418    9.6940
   -0.3351    0.9421    0.0133
   -0.8752   -0.3061   -0.3746
   -0.3489   -0.1372    0.9271
...     5 A-T ...
   -1.3881   -3.6770   12.8999
   -0.7835    0.6162   -0.0801
   -0.5677   -0.7622   -0.3109
   -0.2527   -0.1981    0.9470
...     6 G-C ...
   -2.6236   -3.5448   15.7072
   -0.9923    0.0611   -0.1075
   -0.0294   -0.9610   -0.2748
   -0.1201   -0.2695    0.9555
...     7 C-G ...
   -2.3138   -3.7570   18.8866
   -0.8620   -0.4995   -0.0864
    0.5008   -0.8655    0.0073
   -0.0785   -0.0370    0.9962
...     8 G-C ...
   -3.9561   -6.8109   23.3205
   -0.2581   -0.3560   -0.8981
    0.6294   -0.7673    0.1233
   -0.7330   -0.5335    0.4221
...     9 C-G ...
   -6.1177   -8.9414   24.2385
    0.1143   -0.7320   -0.6716
    0.8123   -0.3203    0.4874
   -0.5720   -0.6013    0.5580
...    10 T-A ...
   -8.5041   -9.6771   26.0540
    0.4660   -0.8587   -0.2131
    0.6274    0.1508    0.7640
   -0.6239   -0.4897    0.6090
...    11 C-G ...
  -11.0625  -11.3174   27.2336
    0.6660   -0.6911    0.2808
    0.3382    0.6152    0.7121
   -0.6649   -0.3794    0.6435
...    12 A-T ...
  -13.0013  -13.1789   29.0658
    0.7188   -0.1490    0.6790
   -0.1787    0.9043    0.3876
   -0.6718   -0.4000    0.6235
...    13 C-G ...
  -14.1788  -15.9359   31.3399
    0.4052    0.2865    0.8682
   -0.5270    0.8492   -0.0343
   -0.7470   -0.4437    0.4951
...    14 A-T ...
  -15.9532  -18.1566   33.3080
   -0.1503    0.6873    0.7107
   -0.6106    0.5008   -0.6135
   -0.7776   -0.5261    0.3444
...    15 A-T ...
  -18.3035  -19.9943   34.6515
   -0.5257    0.8224    0.2175
   -0.3893   -0.0053   -0.9211
   -0.7564   -0.5689    0.3229
...    16 T-A ...
  -20.5662  -21.7379   36.3611
   -0.6733    0.6786   -0.2933
   -0.0436   -0.4325   -0.9006
   -0.7380   -0.5936    0.3208
...    17 T-A ...
  -22.9329  -23.5723   37.6658
   -0.5881    0.2676   -0.7632
    0.3847   -0.7375   -0.5551
   -0.7114   -0.6200    0.3308
...    18 T-A ...
  -25.3249  -25.4218   38.8764
   -0.2492   -0.2236   -0.9423
    0.6721   -0.7405   -0.0021
   -0.6973   -0.6338    0.3348
...    19 A-T ...
  -27.4355  -27.7678   40.0899
    0.2696   -0.6003   -0.7530
    0.6785   -0.4364    0.5909
   -0.6833   -0.6702    0.2896
...    20 T-A ...
  -30.0011  -29.7744   40.4991
    0.5964   -0.7242   -0.3462
    0.4397   -0.0661    0.8957
   -0.6715   -0.6864    0.2791
...    21 T-A ...
  -32.1888  -32.0629   41.2020
    0.7569   -0.6100    0.2345
    0.0008    0.3597    0.9330
   -0.6536   -0.7060    0.2728
...    22 C-G ...
  -34.1702  -34.5329   42.1090
    0.6241   -0.2448    0.7420
   -0.4783    0.6312    0.6105
   -0.6179   -0.7359    0.2768
...    23 G-C ...
  -36.3048  -36.8004   43.4828
    0.2712    0.2306    0.9345
   -0.7932    0.6036    0.0812
   -0.5453   -0.7632    0.3466
...    24 C-G ...
  -37.7393  -39.5175   44.8554
   -0.2203    0.5487    0.8065
   -0.8182    0.3461   -0.4590
   -0.5310   -0.7610    0.3727
...    25 A-T ...
  -39.7540  -41.9832   45.9154
   -0.6478    0.6817    0.3400
   -0.5221   -0.0723   -0.8498
   -0.5547   -0.7280    0.4028
...    26 A-T ...
  -41.4258  -44.3267   47.4652
   -0.8514    0.4741   -0.2244
   -0.0159   -0.4510   -0.8924
   -0.5243   -0.7562    0.3915
...    27 A-T ...
  -43.1395  -46.6723   48.9503
   -0.7012    0.0975   -0.7062
    0.5065   -0.6291   -0.5897
   -0.5018   -0.7712    0.3918
...    28 G-C ...
  -45.0016  -49.0805   50.3287
   -0.2657   -0.2123   -0.9404
    0.8143   -0.5716   -0.1010
   -0.5161   -0.7926    0.3248
...    29 G-C ...
  -46.9441  -51.6618   51.3410
    0.2917   -0.4157   -0.8615
    0.8164   -0.3610    0.4506
   -0.4984   -0.8348    0.2341
...    30 C-G ...
  -48.8601  -54.3561   51.7373
    0.7283   -0.4958   -0.4730
    0.5039   -0.0802    0.8600
   -0.4644   -0.8647    0.1915
...    31 C-G ...
  -50.2710  -57.4126   52.0548
    0.9245   -0.3730    0.0791
   -0.0146    0.1725    0.9849
   -0.3810   -0.9117    0.1540
...    32 G-C ...
  -51.3356  -60.5026   53.0273
    0.7735   -0.1106    0.6240
   -0.5747    0.2928    0.7642
   -0.2672   -0.9498    0.1629
...    33 G-C ...
  -51.8236  -63.8152   53.6393
    0.3197    0.1356    0.9378
   -0.9249    0.2594    0.2778
   -0.2056   -0.9562    0.2084
...    34 C-G ...
  -52.0710  -67.0708   54.4717
   -0.2663    0.2775    0.9231
   -0.9449    0.1143   -0.3069
   -0.1906   -0.9539    0.2318
...    35 C-G ...
  -52.5576  -70.2790   55.5271
   -0.7545    0.3372    0.5631
   -0.6203   -0.0859   -0.7797
   -0.2145   -0.9375    0.2740
...    36 C-G ...
  -53.2070  -73.4125   56.7147
   -0.9598    0.2805   -0.0055
   -0.0726   -0.2674   -0.9608
   -0.2710   -0.9218    0.2771
...    37 G-C ...
  -53.9800  -76.6912   57.2403
   -0.7868    0.1604   -0.5961
    0.5113   -0.3716   -0.7749
   -0.3458   -0.9144    0.2103
...    38 A-T ...
  -55.1110  -79.6917   58.0183
   -0.2984   -0.0576   -0.9527
    0.8877   -0.3835   -0.2548
   -0.3507   -0.9217    0.1656
...    39 C-G ...
  -56.8319  -82.4719   58.5393
    0.2467   -0.2111   -0.9458
    0.9051   -0.2985    0.3028
   -0.3463   -0.9307    0.1174
...    40 A-T ...
  -57.7525  -85.6936   58.9399
    0.7693   -0.2300   -0.5960
    0.5752   -0.1565    0.8029
   -0.2780   -0.9605    0.0119
...    41 C-G ...
  -58.7999  -88.7788   58.3357
    0.9689   -0.2385   -0.0658
    0.0593   -0.0343    0.9977
   -0.2402   -0.9705   -0.0191
...    42 G-C ...
  -59.3123  -92.1335   58.6973
    0.8374   -0.1213    0.5330
   -0.5331    0.0345    0.8453
   -0.1209   -0.9920   -0.0358
...    43 A-T ...
  -59.5257  -95.4490   58.6092
    0.3280   -0.0699    0.9421
   -0.9402    0.0732    0.3328
   -0.0922   -0.9949   -0.0417
...    44 C-G ...
  -59.1585  -98.8042   58.4946
   -0.2493   -0.0225    0.9682
   -0.9653    0.0857   -0.2465
   -0.0774   -0.9961   -0.0431
...    45 T-A ...
  -59.1859 -102.1702   58.5962
   -0.7518    0.0460    0.6578
   -0.6542    0.0726   -0.7528
   -0.0824   -0.9963   -0.0245
...    46 T-A ...
  -59.2415 -105.4414   58.7155
   -0.9973    0.0356    0.0648
   -0.0627    0.0570   -0.9964
   -0.0391   -0.9977   -0.0546
...    47 A-T ...
  -59.0625 -108.8010   58.0376
   -0.7821    0.0477   -0.6214
    0.6232    0.0540   -0.7802
   -0.0036   -0.9974   -0.0719
...    48 C-G ...
  -59.5520 -112.0918   58.1834
   -0.3122    0.1088   -0.9438
    0.9499    0.0242   -0.3115
   -0.0110   -0.9938   -0.1109
...    49 T-A ...
  -59.8742 -115.3793   57.7162
    0.2665    0.1908   -0.9448
    0.9638   -0.0562    0.2605
   -0.0034   -0.9800   -0.1989
...    50 G-C ...
  -59.5611 -118.6543   56.9462
    0.7783    0.2454   -0.5779
    0.6239   -0.1985    0.7559
    0.0708   -0.9489   -0.3076
...    51 T-A ...
  -59.4440 -121.5398   55.3386
    0.9880    0.1425   -0.0590
    0.1027   -0.3225    0.9410
    0.1151   -0.9358   -0.3333
...    52 A-T ...
  -59.0026 -124.8406   54.6089
    0.8154   -0.0870    0.5724
   -0.5594   -0.3732    0.7401
    0.1492   -0.9237   -0.3530
...    53 G-C ...
  -58.1717 -127.8347   53.3386
    0.3517   -0.2547    0.9008
   -0.9157   -0.2934    0.2745
    0.1944   -0.9214   -0.3364
...    54 G-C ...
  -57.2104 -130.9746   52.4051
   -0.2549   -0.3474    0.9024
   -0.9419   -0.1221   -0.3130
    0.2190   -0.9297   -0.2961
...    55 T-A ...
  -55.9496 -134.0625   51.7863
   -0.7367   -0.3670    0.5679
   -0.6383    0.1003   -0.7632
    0.2231   -0.9248   -0.3082
...    56 A-T ...
  -55.2241 -136.9335   49.9328
   -0.9479   -0.2720   -0.1658
    0.0509    0.3843   -0.9218
    0.3144   -0.8822   -0.3504
...    57 T-A ...
  -54.3556 -140.0883   49.3700
   -0.7714   -0.0346   -0.6354
    0.5420    0.4875   -0.6846
    0.3334   -0.8725   -0.3573
...    58 C-G ...
  -53.2198 -143.0080   48.2724
   -0.2883    0.3144   -0.9044
    0.8963    0.4209   -0.1394
    0.3368   -0.8509   -0.4032
...    59 T-A ...
  -52.3562 -145.8775   46.8015
    0.2279    0.5723   -0.7877
    0.9099    0.1627    0.3815
    0.3465   -0.8037   -0.4837
...    60 C-G ...
  -51.2004 -148.4579   45.1190
    0.7090    0.6061   -0.3606
    0.5928   -0.2352    0.7703
    0.3821   -0.7599   -0.5260
...    61 G-C ...
  -49.4517 -150.9501   43.5595
    0.8645    0.4485    0.2268
    0.1042   -0.6013    0.7922
    0.4917   -0.6612   -0.5666
...    62 A-T ...
  -47.6129 -153.0033   41.7119
    0.7311   -0.0033    0.6823
   -0.4292   -0.7796    0.4562
    0.5304   -0.6263   -0.5713
...    63 G-C ...
  -45.5579 -154.8759   39.8198
    0.3401   -0.4306    0.8360
   -0.7471   -0.6637   -0.0379
    0.5712   -0.6117   -0.5474
...    64 C-G ...
  -43.2716 -156.8095   38.2314
   -0.1608   -0.7377    0.6557
   -0.7900   -0.3020   -0.5336
    0.5916   -0.6038   -0.5343
...    65 T-A ...
  -41.0826 -158.8736   36.6895
   -0.5896   -0.7754    0.2260
   -0.5463    0.1767   -0.8188
    0.5950   -0.6062   -0.5278
...    66 C-G ...
  -38.9893 -160.8571   34.9928
   -0.7964   -0.4937   -0.3492
   -0.0656    0.6445   -0.7618
    0.6012   -0.5838   -0.5457
...    67 G-C ...
  -36.7149 -162.3701   32.9187
   -0.7304    0.0473   -0.6814
    0.4035    0.8348   -0.3745
    0.5511   -0.5485   -0.6288
...    68 G-C ...
  -34.8447 -164.4075   30.9312
   -0.4234    0.5708   -0.7035
    0.7360    0.6695    0.1003
    0.5282   -0.4753   -0.7036
...    69 G-C ...
  -33.2269 -166.1196   28.5006
   -0.0010    0.9020   -0.4317
    0.8465    0.2306    0.4799
    0.5324   -0.3650   -0.7638
...    70 A-T ...
  -31.4874 -167.2105   25.9450
    0.4639    0.8859    0.0047
    0.6903   -0.3648    0.6248
    0.5552   -0.2866   -0.7808
...    71 T-A ...
  -30.0216 -167.6767   23.0595
    0.7341    0.5794    0.3541
    0.3636   -0.7759    0.5156
    0.5734   -0.2497   -0.7802
...    72 C-G ...
  -27.9195 -168.2958   20.5996
    0.7843   -0.0049    0.6203
   -0.1252   -0.9806    0.1506
    0.6076   -0.1958   -0.7698
...    73 A-T ...
  -25.7899 -169.2741   18.1778
    0.5153   -0.5939    0.6178
   -0.5357   -0.7860   -0.3087
    0.6689   -0.1719   -0.7232
...    74 T-A ...
  -23.1453 -169.3823   16.1398
    0.1761   -0.9312    0.3192
   -0.7275   -0.3416   -0.5950
    0.6631   -0.1275   -0.7376
...    75 G-C ...
  -21.2746 -169.8836   13.3963
   -0.3232   -0.9371   -0.1316
   -0.6674    0.3243   -0.6704
    0.6709   -0.1289   -0.7302
...    76 T-A ...
  -18.6510 -170.6168   11.3550
   -0.6338   -0.5934   -0.4961
   -0.3869    0.7986   -0.4610
    0.6698   -0.1002   -0.7357
...    77 T-A ...
  -16.3173 -171.1007    9.1137
   -0.7152    0.0134   -0.6988
    0.0500    0.9982   -0.0320
    0.6972   -0.0579   -0.7146
...    78 A-T ...
  -13.7461 -170.8910    6.8793
   -0.5381    0.6647   -0.5184
    0.4839    0.7471    0.4557
    0.6901   -0.0057   -0.7237
...    79 T-A ...
  -11.9196 -171.2291    4.1813
   -0.2334    0.9559   -0.1781
    0.6902    0.2919    0.6622
    0.6850    0.0316   -0.7279
...    80 A-T ...
   -9.5863 -170.8855    1.7798
    0.1246    0.9229    0.3643
    0.7229   -0.3360    0.6038
    0.6796    0.1881   -0.7090
...    81 A-T ...
   -7.4598 -170.0643   -0.5157
    0.4907    0.5403    0.6836
    0.5370   -0.8054    0.2510
    0.6862    0.2439   -0.6853
...    82 C-G ...
   -5.4015 -168.5842   -2.6685
    0.6812    0.0005    0.7321
    0.2121   -0.9572   -0.1967
    0.7007    0.2893   -0.6521
...    83 G-C ...
   -2.6629 -168.0401   -4.6764
    0.6328   -0.5920    0.4990
   -0.1635   -0.7321   -0.6612
    0.7568    0.3368   -0.5602
...    84 G-C ...
    0.1763 -166.9528   -6.2563
    0.3971   -0.9175    0.0230
   -0.4691   -0.2245   -0.8542
    0.7889    0.3284   -0.5195
...    85 A-T ...
    2.8763 -165.8148   -7.8867
    0.0337   -0.8354   -0.5486
   -0.6195    0.4133   -0.6674
    0.7843    0.3623   -0.5036
...    86 T-A ...
    5.8748 -164.9874   -9.1306
   -0.2732   -0.4555   -0.8472
   -0.5564    0.7933   -0.2471
    0.7847    0.4039   -0.4702
...    87 C-G ...
    8.5921 -163.6269  -10.5388
   -0.5703    0.1486   -0.8079
   -0.2871    0.8854    0.3656
    0.7696    0.4404   -0.4622
...    88 C-G ...
   11.3508 -162.3441  -12.0948
   -0.7030    0.5878   -0.4004
    0.0765    0.6222    0.7791
    0.7071    0.5171   -0.4823
...    89 G-C ...
   13.9045 -160.4096  -13.3250
   -0.6320    0.7472    0.2059
    0.4653    0.1533    0.8718
    0.6198    0.6467   -0.4445
...    90 C-G ...
   15.6125 -158.1886  -15.1155
   -0.3097    0.6478    0.6960
    0.7480   -0.2859    0.5990
    0.5870    0.7061   -0.3960
...    91 T-A ...
   17.2781 -155.5838  -16.3413
    0.0997    0.3050    0.9471
    0.8252   -0.5572    0.0926
    0.5560    0.7723   -0.3072
...    92 T-A ...
   18.9531 -152.9395  -17.1948
    0.5572   -0.1028    0.8240
    0.6232   -0.6040   -0.4967
    0.5488    0.7903   -0.2725
...    93 T-A ...
   20.6454 -150.2310  -17.8508
    0.8339   -0.4261    0.3508
    0.1747   -0.3992   -0.9001
    0.5235    0.8119   -0.2584
...    94 A-T ...
   22.2420 -147.5683  -19.4823
    0.7703   -0.4775   -0.4226
   -0.4755    0.0114   -0.8797
    0.4248    0.8786   -0.2182
...    95 A-T ...
   23.7883 -144.6944  -19.8782
    0.3487   -0.2862   -0.8925
   -0.8601    0.2806   -0.4261
    0.3724    0.9162   -0.1483
...    96 C-G ...
   25.6010 -141.8372  -20.1884
   -0.1877   -0.0604   -0.9804
   -0.9138    0.3767    0.1518
    0.3601    0.9244   -0.1259
...    97 A-T ...
   26.4673 -138.5834  -20.2181
   -0.7329    0.1382   -0.6662
   -0.6099    0.3004    0.7333
    0.3014    0.9438   -0.1359
...    98 C-G ...
   27.7343 -135.6461  -21.1348
   -0.9576    0.2456   -0.1509
   -0.1151    0.1540    0.9813
    0.2643    0.9571   -0.1192
...    99 T-A ...
   28.4678 -132.4583  -21.7424
   -0.8857    0.1932    0.4221
    0.4285   -0.0096    0.9035
    0.1786    0.9811   -0.0743
...   100 T-A ...
   28.8926 -129.2691  -22.0232
   -0.4877    0.0856    0.8688
    0.8619   -0.1110    0.4948
    0.1388    0.9901   -0.0197
...   101 T-A ...
   29.1459 -126.0487  -21.9994
    0.0906   -0.0528    0.9945
    0.9889   -0.1135   -0.0962
    0.1180    0.9921    0.0419
...   102 A-T ...
   29.7216 -122.7510  -21.5995
    0.6678   -0.1939    0.7187
    0.7337    0.0088   -0.6794
    0.1254    0.9810    0.1481
...   103 T-A ...
   29.7833 -119.6349  -20.4937
    0.9547   -0.1519    0.2558
    0.2758    0.1292   -0.9525
    0.1116    0.9799    0.1653
...   104 G-C ...
   30.4023 -116.3410  -20.2423
    0.9174   -0.0651   -0.3926
   -0.3662    0.2483   -0.8968
    0.1559    0.9665    0.2040
...   105 C-G ...
   31.2242 -113.1974  -19.2876
    0.5342    0.0953   -0.8400
   -0.8293    0.2519   -0.4988
    0.1641    0.9631    0.2135
...   106 T-A ...
   32.0612 -110.0277  -18.4997
   -0.0367    0.2167   -0.9756
   -0.9867    0.1466    0.0696
    0.1581    0.9652    0.2084
...   107 T-A ...
   32.8495 -106.9384  -17.7611
   -0.6226    0.3022   -0.7218
   -0.7668   -0.0514    0.6399
    0.1563    0.9518    0.2638
...   108 C-G ...
   33.4859 -103.8131  -16.8284
   -0.9684    0.1714   -0.1812
   -0.2212   -0.2546    0.9414
    0.1152    0.9517    0.2845
...   109 C-G ...
   33.8962 -100.5352  -16.0700
   -0.9310   -0.1101    0.3481
    0.3649   -0.3115    0.8774
    0.0118    0.9438    0.3302
...   110 G-C ...
   34.0282  -97.4819  -14.5641
   -0.5468   -0.4170    0.7260
    0.8314   -0.1676    0.5298
   -0.0992    0.8933    0.4383
...   111 G-C ...
   33.3066  -94.6148  -12.9249
    0.0261   -0.5400    0.8413
    0.9894    0.1345    0.0556
   -0.1432    0.8309    0.5377
...   112 C-G ...
   32.4293  -92.1619  -10.8385
    0.5858   -0.4158    0.6957
    0.7970    0.4514   -0.4014
   -0.1471    0.7896    0.5958
...   113 T-A ...
   31.8805  -89.8152   -8.5182
    0.9377   -0.1329    0.3211
    0.3266    0.6529   -0.6834
   -0.1188    0.7457    0.6556
...   114 C-G ...
   31.6591  -87.4318   -6.2178
    0.9382    0.3021   -0.1687
   -0.3275    0.6180   -0.7147
   -0.1117    0.7258    0.6787
...   115 G-C ...
   31.1718  -84.6861   -4.2531
    0.5526    0.5858   -0.5928
   -0.8315    0.3389   -0.4403
   -0.0570    0.7362    0.6744
...   116 T-A ...
   31.5789  -82.3672   -1.8162
   -0.0074    0.6803   -0.7329
   -0.9978   -0.0535   -0.0396
   -0.0661    0.7310    0.6792
...   117 A-T ...
   30.6925  -80.2959    0.8494
   -0.7068    0.5008   -0.4997
   -0.7056   -0.5504    0.4464
   -0.0515    0.6681    0.7423
...   118 T-A ...
   30.8813  -77.7068    2.9069
   -0.9739    0.1359   -0.1818
   -0.2216   -0.7424    0.6323
   -0.0490    0.6560    0.7531
...   119 A-T ...
   30.8063  -75.8630    5.7838
   -0.8786   -0.4055    0.2522
    0.4719   -0.6563    0.5887
   -0.0732    0.6362    0.7680
...   120 A-T ...
   30.4107  -73.7426    8.2115
   -0.4254   -0.7307    0.5339
    0.9009   -0.2857    0.3267
   -0.0861    0.6200    0.7799
...   121 T-A ...
   29.4710  -71.7348   10.6424
    0.1112   -0.7827    0.6123
    0.9895    0.1445    0.0050
   -0.0924    0.6053    0.7906
...   122 G-C ...
   29.5056  -69.8406   13.4446
    0.6935   -0.5884    0.4157
    0.7173    0.6180   -0.3219
   -0.0674    0.5214    0.8506
...   123 T-A ...
   29.0660  -68.6797   16.5556
    0.9761   -0.1573    0.1502
    0.2113    0.8500   -0.4826
   -0.0518    0.5028    0.8628
...   124 G-C ...
   29.0779  -66.7157   19.2997
    0.8992    0.3748   -0.2258
   -0.4374    0.7857   -0.4375
    0.0134    0.4921    0.8704
...   125 T-A ...
   29.5784  -65.4942   22.4073
    0.5001    0.7486   -0.4353
   -0.8658    0.4422   -0.2342
    0.0172    0.4940    0.8693
...   126 C-G ...
   29.7111  -63.8828   25.3210
   -0.1535    0.8588   -0.4887
   -0.9881   -0.1278    0.0857
    0.0111    0.4960    0.8682
...   127 G-C ...
   29.3067  -62.4032   28.3834
   -0.7152    0.5655   -0.4108
   -0.6972   -0.6189    0.3619
   -0.0496    0.5452    0.8369
...   128 A-T ...
   29.2138  -60.5915   31.1560
   -0.9913    0.0449   -0.1234
   -0.1043   -0.8406    0.5315
   -0.0799    0.5398    0.8380
...   129 C-G ...
   28.8314  -58.3230   33.5650
   -0.8810   -0.4450    0.1607
    0.4594   -0.7234    0.5155
   -0.1132    0.5279    0.8417
...   130 C-G ...
   28.1675  -56.5067   36.3490
   -0.4453   -0.8248    0.3485
    0.8774   -0.3243    0.3536
   -0.1786    0.4632    0.8681
...   131 A-T ...
   27.8112  -55.1103   39.4070
    0.1920   -0.8943    0.4042
    0.9614    0.2542    0.1058
   -0.1973    0.3682    0.9086
...   132 A-T ...
   26.9977  -54.0684   42.3841
    0.7291   -0.5624    0.3901
    0.6528    0.7427   -0.1492
   -0.2059    0.3634    0.9086
...   133 A-T ...
   26.2467  -53.1165   45.4140
    0.9708    0.0061    0.2398
    0.0805    0.9335   -0.3495
   -0.2259    0.3586    0.9057
...   134 T-A ...
   25.6308  -52.5796   48.6349
    0.8597    0.5096    0.0340
   -0.4497    0.7867   -0.4230
   -0.2423    0.3484    0.9055
...   135 G-C ...
   25.2859  -52.4980   52.0750
    0.3205    0.9427   -0.0927
   -0.8825    0.2616   -0.3908
   -0.3441    0.2071    0.9158
...   136 T-A ...
   25.5356  -52.9667   55.8002
   -0.2443    0.9563   -0.1608
   -0.8908   -0.2868   -0.3525
   -0.3832    0.0571    0.9219
...   137 G-C ...
   24.9037  -52.7259   58.9821
   -0.7529    0.5562   -0.3519
   -0.5214   -0.8303   -0.1968
   -0.4017    0.0354    0.9151
...   138 A-T ...
   24.0249  -51.6260   61.9211
   -0.9563    0.0400   -0.2896
   -0.0523   -0.9980    0.0347
   -0.2877    0.0483    0.9565
...   139 G-C ...
   22.3574  -51.2299   64.4909
   -0.8529   -0.5117   -0.1032
    0.4973   -0.8566    0.1372
   -0.1586    0.0657    0.9852
...   140 C-G ...
   22.1609  -50.1385   67.4618
   -0.4681   -0.8749    0.1247
    0.8495   -0.4066    0.3363
   -0.2435    0.2633    0.9335
...   141 G-C ...
   21.4366  -51.8164   72.7856
    0.1304   -0.7141   -0.6877
    0.8897   -0.2218    0.3990
   -0.4375   -0.6639    0.6065
...   142 C-G ...
   20.4355  -54.2994   74.5395
    0.5847   -0.7390   -0.3347
    0.7593    0.3532    0.5466
   -0.2857   -0.5737    0.7676
...   143 T-A ...
   18.4378  -55.5190   76.5273
    0.8548   -0.5006    0.1370
    0.3188    0.7147    0.6225
   -0.4096   -0.4884    0.7705
...   144 C-G ...
   16.8485  -57.7126   78.2648
    0.8529   -0.0846    0.5152
   -0.1509    0.9047    0.3983
   -0.4998   -0.4175    0.7589
...   145 A-T ...
   15.7933  -59.5518   80.7963
    0.5515    0.4995    0.6681
   -0.6739    0.7388    0.0040
   -0.4915   -0.4525    0.7441
...   146 C-G ...
   15.7411  -61.4839   83.9296
    0.0342    0.7400    0.6718
   -0.8637    0.3601   -0.3527
   -0.5029   -0.5681    0.6514
...   147 A-T ...
   14.7482  -63.4170   86.8165
   -0.5923    0.6746    0.4405
   -0.6886   -0.1400   -0.7115
   -0.4183   -0.7247    0.5475
