  147 base-pairs
...     1 T-A ...
    0.0000    0.0000    0.0000
    1.0000    0.0000    0.0000
    0.0000    1.0000    0.0000
    0.0000    0.0000    1.0000
...     2 G-C ...
   -0.5555   -1.1003    3.3981
    0.7749    0.6051    0.1828
   -0.5991    0.7953   -0.0929
   -0.2016   -0.0375    0.9787
...     3 T-A ...
   -0.6619   -3.0237    6.5348
    0.3046    0.9250    0.2271
   -0.8994    0.3578   -0.2510
   -0.3134   -0.1278    0.9410
...     4 G-C ...
   -1.1607   -3.8418    9.6940
   -0.3351    0.9421    0.0133
   -0.8752   -0.3061   -0.3746
   -0.3489   -0.1372    0.9271
...     5 A-T ...
   -1.3881   -3.6770   12.8999
   -0.7835    0.6162   -0.0801
   -0.5677   -0.7622   -0.3109
   -0.2527   -0.1981    0.9470
...     6 G-C ...
   -2.6236   -3.5448   15.7072
   -0.9923    0.0611   -0.1075
   -0.0294   -0.9610   -0.2748
   -0.1201   -0.2695    0.9555
...     7 C-G ...
   -2.3138   -3.7570   18.8866
   -0.8620   -0.4995   -0.0864
    0.5008   -0.8655    0.0073
   -0.0785   -0.0370    0.9962
...     8 G-C ...
   -3.9561   -6.8109   23.3205
   -0.2581   -0.3560   -0.8981
    0.6294   -0.7673    0.1233
   -0.7330   -0.5335    0.4221
...     9 C-G ...
   -6.1177   -8.9414   24.2385
    0.1143   -0.7320   -0.6716
    0.8123   -0.3203    0.4874
   -0.5720   -0.6013    0.5580
...    10 T-A ...
   -8.5041   -9.6771   26.0540
    0.4660   -0.8587   -0.2131
    0.6274    0.1508    0.7640
   -0.6239   -0.4897    0.6090
...    11 C-G ...
  -11.0625  -11.3174   27.2336
    0.6660   -0.6911    0.2808
    0.3382    0.6152    0.7121
   -0.6649   -0.3794    0.6435
...    12 A-T ...
  -13.0013  -13.1789   29.0658
    0.7188   -0.1490    0.6790
   -0.1787    0.9043    0.3876
   -0.6718   -0.4000    0.6235
...    13 C-G ...
  -14.1788  -15.9359   31.3399
    0.4052    0.2865    0.8682
   -0.5270    0.8492   -0.0343
   -0.7470   -0.4437    0.4951
...    14 A-T ...
  -15.9532  -18.1566   33.3080
   -0.1503    0.6873    0.7107
   -0.6106    0.5008   -0.6135
   -0.7776   -0.5261    0.3444
...    15 A-T ...
  -18.3041  -19.9985   34.6488
   -0.5297    0.8204    0.2153
   -0.3862   -0.0073   -0.9224
   -0.7551   -0.5717    0.3208
...    16 T-A ...
  -20.5663  -21.7531   36.3520
   -0.6764    0.6738   -0.2975
   -0.0365   -0.4340   -0.9002
   -0.7356   -0.5980    0.3182
...    17 T-A ...
  -22.9250  -23.6062   37.6473
   -0.5857    0.2600   -0.7677
    0.3950   -0.7355   -0.5505
   -0.7078   -0.6256    0.3281
...    18 T-A ...
  -25.3040  -25.4796   38.8476
   -0.2389   -0.2297   -0.9435
    0.6801   -0.7331    0.0063
   -0.6931   -0.6402    0.3313
...    19 A-T ...
  -27.3965  -27.8486   40.0566
    0.2862   -0.5995   -0.7474
    0.6774   -0.4251    0.6004
   -0.6777   -0.6781    0.2845
...    20 T-A ...
  -29.9376  -29.8888   40.4449
    0.6115   -0.7165   -0.3357
    0.4290   -0.0562    0.9016
   -0.6649   -0.6953    0.2730
...    21 T-A ...
  -32.0959  -32.2091   41.1336
    0.7635   -0.5962    0.2484
   -0.0192    0.3634    0.9314
   -0.6456   -0.7159    0.2660
...    22 C-G ...
  -34.0442  -34.7126   42.0279
    0.6148   -0.2303    0.7543
   -0.5008    0.6247    0.5990
   -0.6092   -0.7461    0.2687
...    23 G-C ...
  -36.1635  -37.0124   43.3859
    0.2439    0.2386    0.9400
   -0.8078    0.5863    0.0608
   -0.5366   -0.7741    0.3358
...    24 C-G ...
  -37.5762  -39.7580   44.7363
   -0.2557    0.5443    0.7990
   -0.8137    0.3251   -0.4819
   -0.5220   -0.7733    0.3598
...    25 A-T ...
  -39.5695  -42.2734   45.7249
   -0.6791    0.6617    0.3178
   -0.4914   -0.0882   -0.8665
   -0.5453   -0.7446    0.3850
...    26 A-T ...
  -41.2144  -44.6741   47.2190
   -0.8592    0.4434   -0.2551
    0.0320   -0.4510   -0.8919
   -0.5106   -0.7746    0.3733
...    27 A-T ...
  -42.8888  -47.0861   48.6439
   -0.6773    0.0697   -0.7324
    0.5526   -0.6089   -0.5690
   -0.4857   -0.7901    0.3739
...    28 G-C ...
  -44.7012  -49.5711   49.9558
   -0.2179   -0.2233   -0.9501
    0.8410   -0.5369   -0.0667
   -0.4952   -0.8136    0.3047
...    29 G-C ...
  -46.5660  -52.2349   50.9008
    0.3470   -0.4017   -0.8475
    0.8115   -0.3244    0.4860
   -0.4701   -0.8564    0.2134
...    30 C-G ...
  -48.3747  -55.0143   51.2137
    0.7713   -0.4608   -0.4391
    0.4677   -0.0578    0.8820
   -0.4318   -0.8856    0.1709
...    31 C-G ...
  -49.6419  -58.1389   51.4724
    0.9365   -0.3281    0.1237
   -0.0707    0.1689    0.9831
   -0.3434   -0.9294    0.1350
...    32 G-C ...
  -50.5846  -61.2889   52.3985
    0.7443   -0.0747    0.6636
   -0.6282    0.2589    0.7337
   -0.2266   -0.9630    0.1458
...    33 G-C ...
  -50.9277  -64.6263   52.9903
    0.2586    0.1449    0.9551
   -0.9517    0.2076    0.2261
   -0.1655   -0.9674    0.1916
...    34 C-G ...
  -51.0495  -67.9010   53.7981
   -0.3365    0.2529    0.9071
   -0.9296    0.0645   -0.3629
   -0.1503   -0.9653    0.2134
...    35 C-G ...
  -51.4229  -71.1464   54.7937
   -0.8082    0.2844    0.5157
   -0.5624   -0.1130   -0.8191
   -0.1747   -0.9520    0.2512
...    36 C-G ...
  -51.9467  -74.3372   55.8968
   -0.9733    0.2190   -0.0692
    0.0107   -0.2575   -0.9662
   -0.2294   -0.9411    0.2482
...    37 G-C ...
  -52.5125  -77.6777   56.3313
   -0.7507    0.1161   -0.6504
    0.5909   -0.3224   -0.7395
   -0.2956   -0.9395    0.1734
...    38 A-T ...
  -53.4729  -80.7663   56.9936
   -0.2207   -0.0617   -0.9734
    0.9297   -0.3149   -0.1909
   -0.2947   -0.9471    0.1269
...    39 C-G ...
  -55.0199  -83.6711   57.3502
    0.3347   -0.1748   -0.9260
    0.8983   -0.2378    0.3696
   -0.2848   -0.9555    0.0774
...    40 A-T ...
  -55.7214  -86.9637   57.6351
    0.8303   -0.1598   -0.5340
    0.5186   -0.1296    0.8451
   -0.2042   -0.9786   -0.0248
...    41 C-G ...
  -56.4740  -90.1056   56.9003
    0.9866   -0.1628    0.0131
   -0.0218   -0.0514    0.9984
   -0.1618   -0.9853   -0.0543
...    42 G-C ...
  -56.7331  -93.5043   57.1691
    0.7946   -0.0696    0.6031
   -0.6059   -0.0284    0.7950
   -0.0383   -0.9972   -0.0647
...    43 A-T ...
  -56.6665  -96.8277   57.0093
    0.2453   -0.0707    0.9669
   -0.9694   -0.0101    0.2452
   -0.0076   -0.9974   -0.0710
...    44 C-G ...
  -56.0182 -100.1443   56.8586
   -0.3375   -0.0721    0.9386
   -0.9413    0.0167   -0.3372
    0.0087   -0.9973   -0.0735
...    45 T-A ...
  -55.7775 -103.5079   56.8716
   -0.8150   -0.0377    0.5783
   -0.5795    0.0451   -0.8137
    0.0046   -0.9983   -0.0586
...    46 T-A ...
  -55.5603 -106.7767   56.8950
   -0.9978   -0.0516   -0.0418
    0.0371    0.0881   -0.9954
    0.0550   -0.9948   -0.0860
...    47 A-T ...
  -54.9679 -110.0784   56.1087
   -0.7055   -0.0024   -0.7087
    0.7015    0.1403   -0.6987
    0.1011   -0.9901   -0.0973
...    48 C-G ...
  -55.1441 -113.4058   56.1142
   -0.2061    0.1145   -0.9718
    0.9735    0.1246   -0.1917
    0.0991   -0.9856   -0.1372
...    49 T-A ...
  -55.0768 -116.6912   55.5260
    0.3615    0.2514   -0.8978
    0.9250    0.0240    0.3792
    0.1169   -0.9676   -0.2239
...    50 G-C ...
  -54.3381 -119.8933   54.7220
    0.8185    0.3389   -0.4639
    0.5383   -0.1703    0.8254
    0.2007   -0.9253   -0.3218
...    51 T-A ...
  -53.7283 -122.6873   53.0619
    0.9690    0.2342    0.0782
    0.0091   -0.3505    0.9365
    0.2468   -0.9068   -0.3418
...    52 T-A ...
  -52.8153 -125.5280   51.7677
    0.7834   -0.0235    0.6211
   -0.5656   -0.4411    0.6968
    0.2575   -0.8972   -0.3588
...    53 C-G ...
  -51.7447 -128.4779   50.6877
    0.2635   -0.2950    0.9184
   -0.9202   -0.3626    0.1476
    0.2895   -0.8840   -0.3670
...    54 A-T ...
  -51.1396 -131.5713   49.5111
   -0.3749   -0.4369    0.8176
   -0.8753   -0.1239   -0.4675
    0.3055   -0.8909   -0.3360
...    55 T-A ...
  -49.5865 -134.4574   48.8441
   -0.7742   -0.4740    0.4194
   -0.5382    0.1444   -0.8304
    0.3331   -0.8686   -0.3669
...    56 G-C ...
  -48.5791 -137.2452   47.2569
   -0.9532   -0.2476   -0.1734
    0.0569    0.4164   -0.9074
    0.2969   -0.8748   -0.3828
...    57 T-A ...
  -47.7511 -140.4243   46.5090
   -0.7678    0.0437   -0.6391
    0.5686    0.5061   -0.6485
    0.2951   -0.8613   -0.4135
...    58 T-A ...
  -46.8879 -143.3108   45.2836
   -0.2844    0.3526   -0.8915
    0.9073    0.3994   -0.1315
    0.3097   -0.8463   -0.4335
...    59 A-T ...
  -45.6725 -146.0722   43.7696
    0.2987    0.6169   -0.7281
    0.8952    0.0834    0.4378
    0.3309   -0.7826   -0.5274
...    60 T-A ...
  -45.0908 -148.4916   41.6481
    0.7054    0.6011   -0.3757
    0.6155   -0.2566    0.7451
    0.3515   -0.7569   -0.5510
...    61 A-T ...
  -43.6313 -150.9883   39.9040
    0.8983    0.3801    0.2205
    0.0680   -0.6160    0.7848
    0.4342   -0.6900   -0.5792
...    62 A-T ...
  -42.0917 -153.0374   37.9023
    0.7621   -0.0638    0.6443
   -0.4682   -0.7416    0.4804
    0.4472   -0.6678   -0.5950
...    63 C-G ...
  -40.0865 -154.7827   35.8308
    0.3739   -0.4665    0.8016
   -0.7972   -0.6034    0.0206
    0.4740   -0.6467   -0.5975
...    64 G-C ...
  -38.8391 -157.3288   33.9144
   -0.2004   -0.7266    0.6572
   -0.8330   -0.2267   -0.5046
    0.5156   -0.6486   -0.5598
...    65 G-C ...
  -36.9141 -159.5461   32.1605
   -0.6652   -0.7059    0.2434
   -0.5531    0.2467   -0.7958
    0.5016   -0.6640   -0.5545
...    66 A-T ...
  -35.0737 -161.6758   30.3698
   -0.8602   -0.3990   -0.3175
   -0.0276    0.6582   -0.7523
    0.5092   -0.6384   -0.5772
...    67 A-T ...
  -33.3774 -163.8883   28.6676
   -0.6901    0.0696   -0.7204
    0.4794    0.7896   -0.3830
    0.5422   -0.6096   -0.5783
...    68 G-C ...
  -31.7214 -166.0744   26.7567
   -0.3502    0.5535   -0.7556
    0.7712    0.6282    0.1027
    0.5315   -0.5468   -0.6469
...    69 G-C ...
  -30.0970 -168.0007   24.4983
    0.0794    0.8753   -0.4771
    0.8361    0.2022    0.5100
    0.5428   -0.4394   -0.7157
...    70 T-A ...
  -28.7839 -169.2575   21.7612
    0.4800    0.8743   -0.0729
    0.6691   -0.3110    0.6750
    0.5675   -0.3728   -0.7342
...    71 A-T ...
  -26.6286 -170.3641   19.4124
    0.7238    0.5329    0.4384
    0.2708   -0.8037    0.5298
    0.6347   -0.2647   -0.7260
...    72 T-A ...
  -24.5820 -170.5600   16.8403
    0.7534    0.0317    0.6568
   -0.1354   -0.9700    0.2020
    0.6434   -0.2411   -0.7265
...    73 C-G ...
  -22.2263 -171.2929   14.6166
    0.5103   -0.5809    0.6342
   -0.5446   -0.7890   -0.2844
    0.6655   -0.2002   -0.7190
...    74 T-A ...
  -19.7090 -171.8495   12.4400
    0.1056   -0.9309    0.3496
   -0.7133   -0.3158   -0.6256
    0.6929   -0.1833   -0.6974
...    75 C-G ...
  -17.3047 -172.4438   10.1864
   -0.3466   -0.9249   -0.1563
   -0.6246    0.3518   -0.6972
    0.6998   -0.1440   -0.6996
...    76 G-C ...
  -15.1388 -172.4215    7.5367
   -0.6854   -0.5080   -0.5218
   -0.3060    0.8511   -0.4266
    0.6608   -0.1327   -0.7388
...    77 A-T ...
  -12.7702 -172.8222    5.2413
   -0.7402    0.1339   -0.6589
    0.1583    0.9871    0.0228
    0.6535   -0.0874   -0.7518
...    78 G-C ...
  -10.6734 -173.2932    2.6875
   -0.5833    0.6672   -0.4632
    0.5249    0.7449    0.4119
    0.6198   -0.0029   -0.7847
...    79 C-G ...
   -8.9057 -173.5636   -0.1180
   -0.2413    0.9667   -0.0854
    0.7569    0.2426    0.6068
    0.6073    0.0818   -0.7903
...    80 T-A ...
   -7.1362 -173.0817   -2.8807
    0.1414    0.9252    0.3522
    0.7889   -0.3202    0.5245
    0.5981    0.2037   -0.7751
...    81 C-G ...
   -5.1446 -172.1654   -5.3157
    0.5439    0.5307    0.6500
    0.5763   -0.7993    0.1703
    0.6099    0.2820   -0.7406
...    82 G-C ...
   -2.5873 -171.2705   -7.4183
    0.7110   -0.0709    0.6997
    0.2265   -0.9188   -0.3232
    0.6658    0.3882   -0.6372
...    83 G-C ...
    0.0046 -169.7908   -9.0983
    0.6783   -0.6090    0.4111
   -0.1732   -0.6763   -0.7160
    0.7141    0.4145   -0.5642
...    84 G-C ...
    2.7202 -168.4519  -10.7045
    0.4306   -0.8990   -0.0802
   -0.5047   -0.1662   -0.8471
    0.7482    0.4052   -0.5253
...    85 A-T ...
    5.2876 -167.0568  -12.3491
    0.0364   -0.7807   -0.6239
   -0.6686    0.4450   -0.5958
    0.7427    0.4388   -0.5058
...    86 T-A ...
    8.1847 -165.9911  -13.6515
   -0.2989   -0.3887   -0.8715
   -0.5985    0.7877   -0.1460
    0.7432    0.4780   -0.4681
...    87 C-G ...
   10.7721 -164.3897  -15.0501
   -0.6164    0.1955   -0.7628
   -0.3028    0.8353    0.4589
    0.7268    0.5138   -0.4557
...    88 C-G ...
   13.3934 -162.8479  -16.6043
   -0.7458    0.5891   -0.3112
    0.0906    0.5524    0.8286
    0.6600    0.5898   -0.4653
...    89 G-C ...
   15.7963 -160.6929  -17.7662
   -0.6516    0.6956    0.3025
    0.5018    0.0962    0.8596
    0.5689    0.7119   -0.4118
...    90 C-G ...
   17.3121 -158.2397  -19.4191
   -0.3020    0.5681    0.7656
    0.7885   -0.3024    0.5355
    0.5357    0.7654   -0.3566
...    91 T-A ...
   18.7978 -155.4570  -20.4730
    0.1327    0.2246    0.9654
    0.8521   -0.5234    0.0047
    0.5063    0.8220   -0.2608
...    92 T-A ...
   20.3100 -152.6689  -21.1563
    0.6002   -0.1478    0.7861
    0.6243   -0.5278   -0.5759
    0.5000    0.8364   -0.2245
...    93 T-A ...
   21.8470 -149.8341  -21.6388
    0.8672   -0.4149    0.2753
    0.1493   -0.3108   -0.9387
    0.4751    0.8551   -0.2076
...    94 A-T ...
   23.2549 -146.9668  -23.0683
    0.7701   -0.4065   -0.4917
   -0.5128    0.0641   -0.8561
    0.3795    0.9114   -0.1590
...    95 A-T ...
   24.6657 -144.0058  -23.2792
    0.3219   -0.1978   -0.9259
   -0.8874    0.2778   -0.3679
    0.3299    0.9401   -0.0861
...    96 C-G ...
   26.3509 -141.0607  -23.4201
   -0.2256    0.0100   -0.9742
   -0.9206    0.3250    0.2165
    0.3188    0.9456   -0.0641
...    97 A-T ...
   27.0896 -137.7812  -23.2261
   -0.7640    0.1588   -0.6254
   -0.5907    0.2177    0.7769
    0.2595    0.9630   -0.0725
...    98 C-G ...
   28.2028 -134.7320  -23.9583
   -0.9714    0.2175   -0.0957
   -0.0813    0.0744    0.9939
    0.2233    0.9732   -0.0546
...    99 T-A ...
   28.7884 -131.4796  -24.3455
   -0.8744    0.1267    0.4683
    0.4645   -0.0598    0.8835
    0.1399    0.9901   -0.0066
...   100 T-A ...
   29.0848 -128.2629  -24.4056
   -0.4545    0.0051    0.8908
    0.8847   -0.1140    0.4520
    0.1039    0.9935    0.0473
...   101 T-A ...
   29.2251 -125.0433  -24.1622
    0.1337   -0.1172    0.9841
    0.9872   -0.0708   -0.1426
    0.0864    0.9906    0.1063
...   102 A-T ...
   29.7096 -121.7593  -23.5694
    0.7043   -0.2147    0.6766
    0.7030    0.0790   -0.7067
    0.0983    0.9735    0.2066
...   103 T-A ...
   29.7115 -118.7187  -22.2674
    0.9694   -0.1329    0.2066
    0.2303    0.1986   -0.9527
    0.0856    0.9710    0.2231
...   104 G-C ...
   30.2260 -115.4280  -21.8217
    0.9019   -0.0107   -0.4317
   -0.4105    0.2890   -0.8648
    0.1341    0.9573    0.2563
...   105 C-G ...
   30.9869 -112.3244  -20.7066
    0.4967    0.1602   -0.8530
   -0.8559    0.2531   -0.4509
    0.1436    0.9541    0.2628
...   106 T-A ...
   31.7622 -109.1807  -19.7719
   -0.0811    0.2674   -0.9602
   -0.9870    0.1124    0.1147
    0.1386    0.9570    0.2548
...   107 T-A ...
   32.4874 -106.1113  -18.9020
   -0.6578    0.3188   -0.6824
   -0.7402   -0.1064    0.6639
    0.1390    0.9418    0.3060
...   108 C-G ...
   33.0604 -103.0156  -17.8447
   -0.9788    0.1512   -0.1381
   -0.1791   -0.3051    0.9353
    0.0993    0.9402    0.3257
...   109 C-G ...
   33.3924  -99.7649  -16.9469
   -0.9142   -0.1515    0.3758
    0.4052   -0.3394    0.8489
   -0.0010    0.9284    0.3717
...   110 G-C ...
   33.4965  -96.7805  -15.3081
   -0.5083   -0.4602    0.7279
    0.8547   -0.1660    0.4919
   -0.1055    0.8722    0.4777
...   111 G-C ...
   32.7664  -93.9959  -13.5336
    0.0713   -0.5696    0.8188
    0.9871    0.1582    0.0241
   -0.1432    0.8066    0.5735
...   112 C-G ...
   31.9090  -91.6358  -11.3336
    0.6217   -0.4242    0.6584
    0.7700    0.4850   -0.4145
   -0.1435    0.7647    0.6282
...   113 T-A ...
   31.3894  -89.3800   -8.9177
    0.9519   -0.1197    0.2821
    0.2854    0.6819   -0.6734
   -0.1118    0.7215    0.6833
...   114 C-G ...
   31.1885  -87.0752   -6.5377
    0.9244    0.3288   -0.1934
   -0.3673    0.6307   -0.6835
   -0.1028    0.7029    0.7038
...   115 G-C ...
   30.7091  -84.4042   -4.4726
    0.5193    0.6120   -0.5965
   -0.8533    0.3321   -0.4021
   -0.0480    0.7177    0.6947
...   116 T-A ...
   31.1566  -82.1375   -1.9985
   -0.0453    0.6964   -0.7163
   -0.9974   -0.0721   -0.0070
   -0.0565    0.7141    0.6978
...   117 A-T ...
   30.3517  -80.1158    0.7160
   -0.7275    0.4963   -0.4738
   -0.6848   -0.5676    0.4570
   -0.0421    0.6569    0.7528
...   118 T-A ...
   30.5526  -77.5512    2.8011
   -0.9801    0.1231   -0.1559
   -0.1945   -0.7535    0.6280
   -0.0402    0.6458    0.7624
...   119 A-T ...
   30.5083  -75.7288    5.6874
   -0.8676   -0.4207    0.2652
    0.4929   -0.6562    0.5714
   -0.0664    0.6264    0.7766
...   120 A-T ...
   30.1294  -73.6381    8.1440
   -0.4052   -0.7415    0.5347
    0.9108   -0.2771    0.3060
   -0.0787    0.6110    0.7877
...   121 T-A ...
   29.2106  -71.6636   10.6113
    0.1328   -0.7865    0.6032
    0.9875    0.1570   -0.0128
   -0.0846    0.5973    0.7975
...   122 G-C ...
   29.2755  -69.7885   13.4235
    0.7080   -0.5828    0.3987
    0.7038    0.6288   -0.3307
   -0.0580    0.5147    0.8554
...   123 T-A ...
   28.8755  -68.6507   16.5485
    0.9802   -0.1471    0.1323
    0.1932    0.8551   -0.4811
   -0.0424    0.4971    0.8667
...   124 G-C ...
   28.9100  -66.7034   19.3026
    0.8916    0.3847   -0.2388
   -0.4522    0.7833   -0.4266
    0.0229    0.4883    0.8724
...   125 T-A ...
   29.4489  -65.4904   22.4056
    0.4868    0.7544   -0.4404
   -0.8731    0.4356   -0.2191
    0.0265    0.4912    0.8707
...   126 C-G ...
   29.6142  -63.8876   25.3206
   -0.1665    0.8586   -0.4848
   -0.9858   -0.1350    0.0996
    0.0201    0.4945    0.8689
...   127 G-C ...
   29.2482  -62.4094   28.3858
   -0.7231    0.5613   -0.4025
   -0.6894   -0.6227    0.3702
   -0.0428    0.5452    0.8372
...   128 A-T ...
   29.1755  -60.5942   31.1546
   -0.9926    0.0403   -0.1143
   -0.0955   -0.8405    0.5334
   -0.0746    0.5403    0.8381
...   129 C-G ...
   28.8039  -58.3240   33.5617
   -0.8781   -0.4481    0.1678
    0.4659   -0.7210    0.5129
   -0.1089    0.5286    0.8419
...   130 C-G ...
   28.1472  -56.5051   36.3453
   -0.4411   -0.8256    0.3517
    0.8802   -0.3215    0.3491
   -0.1752    0.4636    0.8686
...   131 A-T ...
   27.7967  -55.1075   39.4020
    0.1949   -0.8939    0.4037
    0.9613    0.2558    0.1022
   -0.1946    0.3682    0.9092
...   132 A-T ...
   26.9896  -54.0670   42.3812
    0.7305   -0.5617    0.3884
    0.6518    0.7432   -0.1510
   -0.2039    0.3635    0.9090
...   133 A-T ...
   26.2436  -53.1169   45.4130
    0.9711    0.0064    0.2387
    0.0799    0.9334   -0.3499
   -0.2251    0.3588    0.9059
...   134 T-A ...
   25.6308  -52.5797   48.6348
    0.8597    0.5096    0.0340
   -0.4497    0.7867   -0.4230
   -0.2423    0.3484    0.9055
...   135 G-C ...
   25.2859  -52.4981   52.0749
    0.3205    0.9427   -0.0927
   -0.8825    0.2616   -0.3908
   -0.3441    0.2071    0.9158
...   136 T-A ...
   25.5356  -52.9668   55.8001
   -0.2443    0.9563   -0.1608
   -0.8908   -0.2868   -0.3525
   -0.3832    0.0571    0.9219
...   137 G-C ...
   24.9037  -52.7260   58.9820
   -0.7529    0.5562   -0.3519
   -0.5214   -0.8303   -0.1968
   -0.4017    0.0354    0.9151
...   138 A-T ...
   24.0249  -51.6261   61.9210
   -0.9563    0.0400   -0.2896
   -0.0523   -0.9980    0.0347
   -0.2877    0.0483    0.9565
...   139 G-C ...
   22.3574  -51.2300   64.4908
   -0.8529   -0.5117   -0.1032
    0.4973   -0.8566    0.1372
   -0.1586    0.0657    0.9852
...   140 C-G ...
   22.1609  -50.1386   67.4617
   -0.4681   -0.8749    0.1247
    0.8495   -0.4066    0.3363
   -0.2435    0.2633    0.9335
...   141 G-C ...
   21.4366  -51.8164   72.7855
    0.1304   -0.7141   -0.6877
    0.8897   -0.2218    0.3990
   -0.4375   -0.6639    0.6065
...   142 C-G ...
   20.4355  -54.2995   74.5394
    0.5847   -0.7390   -0.3347
    0.7593    0.3532    0.5466
   -0.2857   -0.5737    0.7676
...   143 T-A ...
   18.4378  -55.5190   76.5272
    0.8548   -0.5006    0.1370
    0.3188    0.7147    0.6225
   -0.4096   -0.4884    0.7705
...   144 C-G ...
   16.8485  -57.7127   78.2647
    0.8529   -0.0846    0.5152
   -0.1509    0.9047    0.3983
   -0.4998   -0.4175    0.7589
...   145 A-T ...
   15.7933  -59.5518   80.7962
    0.5515    0.4995    0.6681
   -0.6739    0.7388    0.0040
   -0.4915   -0.4525    0.7441
...   146 C-G ...
   15.7411  -61.4839   83.9295
    0.0342    0.7400    0.6718
   -0.8637    0.3601   -0.3527
   -0.5029   -0.5681    0.6514
...   147 A-T ...
   14.7482  -63.4171   86.8164
   -0.5923    0.6746    0.4405
   -0.6886   -0.1400   -0.7115
   -0.4183   -0.7247    0.5475
