  147 base-pairs
...     1 T-A ...
    0.0000    0.0000    0.0000
    1.0000    0.0000    0.0000
    0.0000    1.0000    0.0000
    0.0000    0.0000    1.0000
...     2 G-C ...
   -0.5555   -1.1003    3.3981
    0.7749    0.6051    0.1828
   -0.5991    0.7953   -0.0929
   -0.2016   -0.0375    0.9787
...     3 T-A ...
   -0.6619   -3.0237    6.5348
    0.3046    0.9250    0.2271
   -0.8994    0.3578   -0.2510
   -0.3134   -0.1278    0.9410
...     4 G-C ...
   -1.1607   -3.8418    9.6940
   -0.3351    0.9421    0.0133
   -0.8752   -0.3061   -0.3746
   -0.3489   -0.1372    0.9271
...     5 A-T ...
   -1.3881   -3.6770   12.8999
   -0.7835    0.6162   -0.0801
   -0.5677   -0.7622   -0.3109
   -0.2527   -0.1981    0.9470
...     6 G-C ...
   -2.6236   -3.5448   15.7072
   -0.9923    0.0611   -0.1075
   -0.0294   -0.9610   -0.2748
   -0.1201   -0.2695    0.9555
...     7 C-G ...
   -2.3138   -3.7570   18.8866
   -0.8620   -0.4995   -0.0864
    0.5008   -0.8655    0.0073
   -0.0785   -0.0370    0.9962
...     8 G-C ...
   -3.9561   -6.8109   23.3205
   -0.2581   -0.3560   -0.8981
    0.6294   -0.7673    0.1233
   -0.7330   -0.5335    0.4221
...     9 C-G ...
   -6.1177   -8.9414   24.2385
    0.1143   -0.7320   -0.6716
    0.8123   -0.3203    0.4874
   -0.5720   -0.6013    0.5580
...    10 T-A ...
   -8.5041   -9.6771   26.0540
    0.4660   -0.8587   -0.2131
    0.6274    0.1508    0.7640
   -0.6239   -0.4897    0.6090
...    11 C-G ...
  -11.0625  -11.3174   27.2336
    0.6660   -0.6911    0.2808
    0.3382    0.6152    0.7121
   -0.6649   -0.3794    0.6435
...    12 A-T ...
  -13.0013  -13.1789   29.0658
    0.7188   -0.1490    0.6790
   -0.1787    0.9043    0.3876
   -0.6718   -0.4000    0.6235
...    13 C-G ...
  -14.1788  -15.9359   31.3399
    0.4052    0.2865    0.8682
   -0.5270    0.8492   -0.0343
   -0.7470   -0.4437    0.4951
...    14 A-T ...
  -15.9532  -18.1566   33.3080
   -0.1503    0.6873    0.7107
   -0.6106    0.5008   -0.6135
   -0.7776   -0.5261    0.3444
...    15 A-T ...
  -18.3860  -19.8490   34.6822
   -0.5025    0.8388    0.2095
   -0.4211   -0.0259   -0.9066
   -0.7550   -0.5438    0.3663
...    16 T-A ...
  -20.6407  -21.5399   36.6223
   -0.6990    0.6489   -0.3006
   -0.0650   -0.4762   -0.8769
   -0.7121   -0.5934    0.3751
...    17 T-A ...
  -22.9200  -23.2671   38.2180
   -0.6493    0.1894   -0.7366
    0.3862   -0.7522   -0.5339
   -0.6552   -0.6311    0.4152
...    18 T-A ...
  -25.1488  -25.0865   39.8206
   -0.3289   -0.3187   -0.8890
    0.7148   -0.6992   -0.0138
   -0.6172   -0.6399    0.4578
...    19 A-T ...
  -26.8890  -27.4622   41.5339
    0.2081   -0.6740   -0.7088
    0.7854   -0.3167    0.5318
   -0.5829   -0.6674    0.4635
...    20 T-A ...
  -29.2404  -29.5248   42.5932
    0.6005   -0.7281   -0.3307
    0.5698    0.0994    0.8158
   -0.5611   -0.6782    0.4745
...    21 T-A ...
  -31.1371  -31.8171   43.9283
    0.8427   -0.5124    0.1652
    0.1276    0.4883    0.8633
   -0.5231   -0.7064    0.4769
...    22 C-G ...
  -32.6994  -34.1951   45.5624
    0.7874   -0.0850    0.6105
   -0.4051    0.6751    0.6165
   -0.4646   -0.7328    0.4972
...    23 G-C ...
  -34.0536  -36.2553   47.9783
    0.4902    0.4250    0.7610
   -0.8182    0.5254    0.2336
   -0.3006   -0.7371    0.6052
...    24 C-G ...
  -34.6208  -38.7645   50.0214
   -0.0038    0.6756    0.7372
   -0.9589    0.2068   -0.1944
   -0.2838   -0.7077    0.6470
...    25 A-T ...
  -36.1655  -40.9909   52.0919
   -0.5897    0.6684    0.4534
   -0.7637   -0.2788   -0.5822
   -0.2627   -0.6896    0.6749
...    26 A-T ...
  -36.9350  -43.1058   54.5133
   -0.9404    0.3365    0.0481
   -0.2599   -0.6205   -0.7399
   -0.2192   -0.7083    0.6710
...    27 A-T ...
  -37.4902  -45.2303   56.9554
   -0.9177   -0.1531   -0.3666
    0.3699   -0.6662   -0.6476
   -0.1451   -0.7299    0.6680
...    28 G-C ...
  -38.2561  -47.4586   59.4043
   -0.5480   -0.4794   -0.6855
    0.8219   -0.4612   -0.3344
   -0.1558   -0.7467    0.6467
...    29 G-C ...
  -38.9455  -49.9508   61.7061
    0.0550   -0.6039   -0.7951
    0.9901   -0.0702    0.1218
   -0.1294   -0.7939    0.5941
...    30 C-G ...
  -39.7291  -52.5243   63.6094
    0.6115   -0.4799   -0.6291
    0.7874    0.2911    0.5434
   -0.0777   -0.8276    0.5559
...    31 C-G ...
  -40.1441  -55.3138   65.3836
    0.9499   -0.1497   -0.2743
    0.3121    0.4984    0.8089
    0.0156   -0.8540    0.5201
...    32 G-C ...
  -39.7628  -57.8066   67.2440
    0.9606    0.2517    0.1181
   -0.2262    0.4606    0.8583
    0.1616   -0.8512    0.4993
...    33 G-C ...
  -38.6565  -60.5323   68.8668
    0.6557    0.5312    0.5366
   -0.7108    0.1947    0.6759
    0.2545   -0.8246    0.5052
...    34 C-G ...
  -37.2813  -63.0347   70.5350
    0.1255    0.5829    0.8028
   -0.9434   -0.1804    0.2784
    0.3072   -0.7923    0.5272
...    35 C-G ...
  -35.9621  -65.3614   72.7066
   -0.4496    0.3872    0.8049
   -0.8234   -0.5289   -0.2054
    0.3462   -0.7552    0.5566
...    36 C-G ...
  -34.7198  -67.6784   74.8862
   -0.8538    0.0208    0.5201
   -0.3855   -0.6967   -0.6050
    0.3498   -0.7171    0.6029
...    37 G-C ...
  -33.5069  -70.8434   75.9880
   -0.9285   -0.3696    0.0361
    0.1924   -0.5619   -0.8045
    0.3176   -0.7401    0.5928
...    38 A-T ...
  -32.3547  -73.0955   77.9188
   -0.6289   -0.6325   -0.4522
    0.7000   -0.2074   -0.6834
    0.3384   -0.7463    0.5731
...    39 C-G ...
  -31.7279  -75.5475   79.9178
   -0.1734   -0.6132   -0.7707
    0.9271    0.1624   -0.3378
    0.3323   -0.7731    0.5403
...    40 A-T ...
  -30.5664  -78.1910   81.6595
    0.3847   -0.3269   -0.8632
    0.8470    0.4967    0.1894
    0.3669   -0.8040    0.4680
...    41 C-G ...
  -29.5588  -81.1229   82.7575
    0.7459    0.0387   -0.6649
    0.5228    0.5845    0.6205
    0.4127   -0.8105    0.4157
...    42 G-C ...
  -27.8717  -83.4936   84.4521
    0.8683    0.4547   -0.1981
   -0.0060    0.4091    0.9125
    0.4959   -0.7912    0.3580
...    43 A-T ...
  -26.2705  -86.0355   85.5402
    0.6898    0.6135    0.3844
   -0.5219    0.0534    0.8514
    0.5018   -0.7879    0.3570
...    44 C-G ...
  -24.1791  -88.5120   86.2219
    0.2731    0.5799    0.7676
   -0.7958   -0.3120    0.5189
    0.5404   -0.7526    0.3763
...    45 T-A ...
  -21.6397  -90.7958   87.4569
   -0.2562    0.3046    0.9174
   -0.7943   -0.6072   -0.0202
    0.5509   -0.7338    0.3975
...    46 T-A ...
  -19.5878  -92.9722   88.7260
   -0.6317   -0.1015    0.7686
   -0.5350   -0.6604   -0.5269
    0.5610   -0.7440    0.3629
...    47 A-T ...
  -17.7404  -95.7496   89.5286
   -0.7999   -0.5569    0.2236
    0.0240   -0.4019   -0.9154
    0.5996   -0.7269    0.3349
...    48 C-G ...
  -15.8961  -97.9487   91.2710
   -0.6663   -0.6753   -0.3162
    0.4542   -0.0312   -0.8904
    0.5914   -0.7369    0.3275
...    49 T-A ...
  -14.1995 -100.5799   92.5923
   -0.3512   -0.5196   -0.7789
    0.7516    0.3397   -0.5655
    0.5584   -0.7840    0.2713
...    50 G-C ...
  -12.2590 -103.2785   93.2558
    0.0708   -0.1188   -0.9904
    0.8236    0.5670   -0.0091
    0.5627   -0.8151    0.1380
...    51 T-A ...
  -10.8642 -106.1647   93.4757
    0.4497    0.2378   -0.8610
    0.6774    0.5374    0.5023
    0.5821   -0.8091    0.0805
...    52 A-T ...
   -8.6905 -108.7252   93.5758
    0.6936    0.5997   -0.3990
    0.3087    0.2529    0.9169
    0.6508   -0.7592   -0.0097
...    53 G-C ...
   -6.6113 -111.2149   93.3288
    0.6861    0.7130    0.1449
   -0.0749   -0.1289    0.9888
    0.7237   -0.6893   -0.0350
...    54 G-C ...
   -3.6942 -113.2279   92.6005
    0.4645    0.5586    0.6872
   -0.4194   -0.5447    0.7263
    0.7800   -0.6256   -0.0187
...    55 T-A ...
   -0.8191 -114.8374   92.3993
    0.1734    0.1799    0.9683
   -0.5877   -0.7700    0.2483
    0.7903   -0.6121   -0.0278
...    56 A-T ...
    2.0939 -116.6014   92.3900
   -0.2325   -0.3193    0.9187
   -0.5577   -0.7301   -0.3948
    0.7968   -0.6041   -0.0083
...    57 T-A ...
    5.0534 -118.0408   92.7463
   -0.4684   -0.6809    0.5631
   -0.3568   -0.4373   -0.8255
    0.8083   -0.5876   -0.0381
...    58 C-G ...
    7.8008 -120.0385   92.8898
   -0.5904   -0.8021   -0.0905
    0.0084    0.1061   -0.9943
    0.8071   -0.5878   -0.0559
...    59 T-A ...
   10.3555 -122.2277   92.9112
   -0.5380   -0.5773   -0.6142
    0.3327    0.5241   -0.7840
    0.7745   -0.6261   -0.0899
...    60 C-G ...
   12.9919 -124.3138   92.6072
   -0.2652   -0.1226   -0.9564
    0.5905    0.7635   -0.2616
    0.7623   -0.6341   -0.1301
...    61 G-C ...
   15.8678 -125.9367   91.8923
   -0.0692    0.4291   -0.9006
    0.6728    0.6866    0.2755
    0.7365   -0.5869   -0.3362
...    62 A-T ...
   18.4202 -127.7892   90.8395
    0.2926    0.7872   -0.5428
    0.5826    0.3033    0.7540
    0.7582   -0.5369   -0.3699
...    63 G-C ...
   20.9080 -129.4133   89.3237
    0.5089    0.8604   -0.0273
    0.3591   -0.1835    0.9151
    0.7823   -0.4755   -0.4024
...    64 C-G ...
   23.5630 -130.6818   87.5467
    0.6019    0.5970    0.5303
    0.0133   -0.6715    0.7409
    0.7984   -0.4390   -0.4121
...    65 T-A ...
   26.2848 -131.9659   86.1547
    0.5059    0.1271    0.8532
   -0.2897   -0.9066    0.3068
    0.8125   -0.4024   -0.4219
...    66 C-G ...
   28.9632 -133.4888   84.9139
    0.2276   -0.4662    0.8549
   -0.5152   -0.8026   -0.3005
    0.8263   -0.3721   -0.4229
...    67 G-C ...
   31.1271 -135.5628   82.9976
   -0.1407   -0.8437    0.5181
   -0.5359   -0.3752   -0.7564
    0.8325   -0.3841   -0.3993
...    68 G-C ...
   34.0502 -136.7130   81.6844
   -0.4751   -0.8799    0.0041
   -0.3938    0.2085   -0.8952
    0.7869   -0.4269   -0.4456
...    69 G-C ...
   36.7692 -138.1942   80.3719
   -0.6945   -0.5680   -0.4416
   -0.0624    0.6590   -0.7495
    0.7167   -0.4930   -0.4931
...    70 A-T ...
   39.1533 -140.0043   78.8835
   -0.6238   -0.0356   -0.7808
    0.3631    0.8715   -0.3298
    0.6922   -0.4892   -0.5307
...    71 T-A ...
   41.0395 -142.1061   77.1919
   -0.3720    0.4490   -0.8124
    0.6420    0.7566    0.1242
    0.6704   -0.4754   -0.5697
...    72 C-G ...
   43.0553 -143.7250   75.1057
    0.0493    0.8349   -0.5482
    0.7552    0.3281    0.5675
    0.6537   -0.4419   -0.6143
...    73 C-G ...
   45.1243 -145.0349   72.9087
    0.3708    0.9248   -0.0855
    0.6380   -0.1867    0.7471
    0.6749   -0.3316   -0.6592
...    74 G-C ...
   47.7104 -146.0805   71.0439
    0.6013    0.6740    0.4291
    0.3530   -0.7059    0.6141
    0.7168   -0.2178   -0.6624
...    75 C-G ...
   50.2605 -146.2335   68.6703
    0.6949    0.1305    0.7072
   -0.0438   -0.9739    0.2227
    0.7178   -0.1858   -0.6710
...    76 T-A ...
   53.1231 -146.4268   66.6345
    0.5523   -0.4745    0.6855
   -0.4032   -0.8717   -0.2785
    0.7297   -0.1225   -0.6727
...    77 T-A ...
   55.6744 -146.5241   64.5662
    0.2506   -0.9135    0.3205
   -0.6663   -0.4029   -0.6274
    0.7023   -0.0563   -0.7097
...    78 T-A ...
   58.1975 -146.5267   62.4279
   -0.1613   -0.9746   -0.1555
   -0.7062    0.2240   -0.6717
    0.6894    0.0015   -0.7243
...    79 A-T ...
   60.1505 -146.0072   59.7023
   -0.5772   -0.6166   -0.5354
   -0.4671    0.7871   -0.4030
    0.6698    0.0175   -0.7423
...    80 A-T ...
   62.3273 -146.1007   57.3655
   -0.7656   -0.0522   -0.6412
   -0.0590    0.9982   -0.0108
    0.6406    0.0296   -0.7673
...    81 C-G ...
   64.3709 -146.5920   54.7289
   -0.6964    0.5019   -0.5129
    0.3660    0.8632    0.3478
    0.6173    0.0545   -0.7848
...    82 A-T ...
   66.3180 -146.2341   51.9636
   -0.4130    0.9036   -0.1133
    0.7321    0.4035    0.5489
    0.5417    0.1437   -0.8282
...    83 C-G ...
   67.5083 -145.5434   48.9032
    0.0314    0.9717    0.2342
    0.8604   -0.1455    0.4884
    0.5086    0.1862   -0.8406
...    84 T-A ...
   68.7945 -144.4739   45.7065
    0.5189    0.6799    0.5181
    0.6939   -0.6890    0.2093
    0.4993    0.2509   -0.8293
...    85 T-A ...
   70.2301 -143.3586   42.9641
    0.8717    0.1343    0.4713
    0.2365   -0.9576   -0.1644
    0.4293    0.2548   -0.8665
...    86 T-A ...
   71.5392 -142.1282   40.1760
    0.8733   -0.4470    0.1935
   -0.3476   -0.8502   -0.3954
    0.3413    0.2780   -0.8979
...    87 A-T ...
   72.2740 -141.2200   36.8086
    0.3720   -0.8823   -0.2885
   -0.9010   -0.2684   -0.3407
    0.2232    0.3867   -0.8948
...    88 T-A ...
   73.6567 -140.0158   34.0805
   -0.1281   -0.9035   -0.4090
   -0.9720    0.1963   -0.1291
    0.1969    0.3810   -0.9034
...    89 G-C ...
   74.4372 -138.9660   31.0232
   -0.7144   -0.6261   -0.3124
   -0.6847    0.7177    0.1272
    0.1446    0.3048   -0.9414
...    90 C-G ...
   74.8197 -138.4112   27.8497
   -0.9812   -0.1577   -0.1114
   -0.1850    0.9330    0.3086
    0.0552    0.3234   -0.9447
...    91 T-A ...
   74.9731 -137.6840   24.4696
   -0.9097    0.3819    0.1631
    0.4147    0.8571    0.3056
   -0.0231    0.3456   -0.9381
...    92 T-A ...
   74.6424 -136.6509   21.4675
   -0.5176    0.7569    0.3989
    0.8471    0.5190    0.1144
   -0.1204    0.3971   -0.9098
...    93 C-G ...
   73.9684 -135.1463   18.5954
    0.0872    0.8824    0.4623
    0.9825    0.0005   -0.1862
   -0.1645    0.4705   -0.8670
...    94 C-G ...
   73.3399 -133.1742   15.9940
    0.6239    0.6975    0.3524
    0.7637   -0.4484   -0.4645
   -0.1660    0.5590   -0.8124
...    95 G-C ...
   73.4148 -131.3349   13.4296
    0.9477    0.3070    0.0873
    0.2877   -0.7031   -0.6503
   -0.1382    0.6414   -0.7547
...    96 G-C ...
   73.4369 -128.8889   11.0106
    0.9407   -0.1582   -0.3002
   -0.3178   -0.7205   -0.6163
   -0.1188    0.6752   -0.7280
...    97 C-G ...
   73.4769 -126.3470    8.7900
    0.5844   -0.5546   -0.5923
   -0.8043   -0.4928   -0.3321
   -0.1078    0.6705   -0.7341
...    98 T-A ...
   73.1494 -124.0680    6.3641
    0.0265   -0.7262   -0.6870
   -0.9918   -0.1050    0.0728
   -0.1250    0.6794   -0.7230
...    99 C-G ...
   72.6292 -121.5164    4.3028
   -0.5980   -0.6454   -0.4752
   -0.7789    0.3281    0.5345
   -0.1890    0.6898   -0.6989
...   100 T-A ...
   71.9829 -119.4171    1.7426
   -0.9118   -0.4081   -0.0467
   -0.3170    0.6269    0.7117
   -0.2612    0.6637   -0.7009
...   101 C-G ...
   70.8323 -117.2633   -0.3945
   -0.8887   -0.0341    0.4571
    0.2759    0.7565    0.5929
   -0.3660    0.6531   -0.6629
...   102 A-T ...
   69.6715 -115.0038   -2.6669
   -0.5097    0.2984    0.8069
    0.7056    0.6817    0.1936
   -0.4923    0.6680   -0.5581
...   103 T-A ...
   67.6412 -113.0512   -4.3053
   -0.0316    0.5494    0.8350
    0.8506    0.4534   -0.2662
   -0.5248    0.7019   -0.4816
...   104 G-C ...
   65.8327 -110.4475   -5.6986
    0.5598    0.6357    0.5315
    0.6400    0.0757   -0.7646
   -0.5263    0.7682   -0.3644
...   105 T-A ...
   63.8365 -107.7410   -6.3439
    0.8157    0.5783   -0.0125
    0.1834   -0.2791   -0.9426
   -0.5486    0.7666   -0.3337
...   106 T-A ...
   61.9676 -105.1874   -7.1569
    0.7007    0.3531   -0.6199
   -0.3664   -0.5674   -0.7374
   -0.6121    0.7439   -0.2682
...   107 A-T ...
   59.3669 -102.8726   -8.0370
    0.0709   -0.0724   -0.9949
   -0.7202   -0.6937   -0.0008
   -0.6901    0.7166   -0.1013
...   108 T-A ...
   57.6155 -100.0825   -8.4342
   -0.3581   -0.3971   -0.8450
   -0.6246   -0.5708    0.5329
   -0.6940    0.7187   -0.0436
...   109 A-T ...
   55.1442  -97.6002   -8.0030
   -0.7432   -0.6360   -0.2077
   -0.1312   -0.1658    0.9774
   -0.6560    0.7537    0.0398
...   110 A-T ...
   53.0382  -95.1776   -7.9917
   -0.6641   -0.6279    0.4058
    0.3523    0.2159    0.9106
   -0.6594    0.7478    0.0778
...   111 C-G ...
   50.5538  -92.9267   -8.1683
   -0.3135   -0.4361    0.8435
    0.6707    0.5272    0.5218
   -0.6723    0.7293    0.1272
...   112 G-C ...
   48.6284  -90.4257   -7.2447
    0.2283   -0.1952    0.9538
    0.7009    0.7130   -0.0218
   -0.6758    0.6735    0.2996
...   113 G-C ...
   46.7081  -88.3633   -5.5022
    0.6624    0.1343    0.7370
    0.3977    0.7707   -0.4979
   -0.6349    0.6229    0.4571
...   114 A-T ...
   44.9936  -86.1433   -3.7823
    0.7789    0.5695    0.2626
   -0.1399    0.5661   -0.8124
   -0.6113    0.5960    0.5206
...   115 G-C ...
   43.4069  -84.0765   -1.6002
    0.5917    0.7567   -0.2781
   -0.5981    0.1808   -0.7807
   -0.5405    0.6282    0.5596
...   116 T-A ...
   42.1826  -81.9073    0.6969
    0.1480    0.7361   -0.6604
   -0.8349   -0.2649   -0.4824
   -0.5301    0.6228    0.5754
...   117 A-T ...
   40.6024  -79.7200    2.7519
   -0.4384    0.4145   -0.7975
   -0.7360   -0.6749    0.0538
   -0.5159    0.6105    0.6010
...   118 T-A ...
   39.3899  -77.2345    4.6006
   -0.7887    0.0106   -0.6146
   -0.3719   -0.8044    0.4634
   -0.4895    0.5941    0.6384
...   119 A-T ...
   37.9281  -75.4593    7.3177
   -0.8495   -0.5273   -0.0135
    0.3573   -0.5940    0.7208
   -0.3881    0.6075    0.6930
...   120 A-T ...
   36.5674  -73.3334    9.3937
   -0.4596   -0.7944    0.3971
    0.7990   -0.1747    0.5754
   -0.3877    0.5817    0.7150
...   121 T-A ...
   34.7895  -71.4755   11.5053
    0.0536   -0.7701    0.6357
    0.9233    0.2806    0.2621
   -0.3802    0.5729    0.7261
...   122 G-C ...
   33.5555  -69.5484   14.1895
    0.6661   -0.4854    0.5663
    0.6733    0.7180   -0.1765
   -0.3210    0.4989    0.8050
...   123 T-A ...
   32.4418  -68.3935   17.0631
    0.9333   -0.0380    0.3571
    0.2046    0.8734   -0.4420
   -0.2951    0.4856    0.8229
...   124 G-C ...
   31.6036  -66.7366   19.9235
    0.8759    0.4800   -0.0480
   -0.4315    0.7350   -0.5231
   -0.2158    0.4789    0.8509
...   125 T-A ...
   31.2528  -65.4944   22.8823
    0.5054    0.7855   -0.3572
   -0.8448    0.3661   -0.3903
   -0.1758    0.4990    0.8486
...   126 C-G ...
   30.8114  -63.7885   25.5545
   -0.1173    0.8548   -0.5055
   -0.9814   -0.1776   -0.0726
   -0.1518    0.4876    0.8598
...   127 G-C ...
   29.6284  -62.3985   28.4336
   -0.6800    0.5494   -0.4855
   -0.7156   -0.6416    0.2762
   -0.1598    0.5353    0.8294
...   128 A-T ...
   29.2416  -60.7003   31.1299
   -0.9775    0.0461   -0.2058
   -0.1456   -0.8535    0.5003
   -0.1526    0.5190    0.8411
...   129 C-G ...
   28.7398  -58.3768   33.4562
   -0.8888   -0.4515    0.0786
    0.4216   -0.7383    0.5265
   -0.1797    0.5011    0.8465
...   130 C-G ...
   27.7835  -56.5891   36.2006
   -0.4761   -0.8327    0.2829
    0.8454   -0.3447    0.4081
   -0.2424    0.4334    0.8680
...   131 A-T ...
   27.9525  -55.1618   39.3746
    0.1777   -0.8913    0.4171
    0.9574    0.2546    0.1361
   -0.2275    0.3752    0.8986
...   132 A-T ...
   27.1703  -54.0435   42.3643
    0.7201   -0.5695    0.3963
    0.6584    0.7412   -0.1312
   -0.2190    0.3554    0.9087
...   133 A-T ...
   26.2759  -53.1931   45.4164
    0.9642    0.0031    0.2651
    0.0927    0.9329   -0.3479
   -0.2484    0.3600    0.8993
...   134 T-A ...
   25.6309  -52.5796   48.6350
    0.8597    0.5096    0.0340
   -0.4497    0.7867   -0.4230
   -0.2423    0.3484    0.9055
...   135 G-C ...
   25.2859  -52.4980   52.0751
    0.3205    0.9427   -0.0927
   -0.8825    0.2616   -0.3908
   -0.3442    0.2071    0.9158
...   136 T-A ...
   25.5356  -52.9668   55.8002
   -0.2443    0.9563   -0.1608
   -0.8908   -0.2868   -0.3525
   -0.3832    0.0571    0.9219
...   137 G-C ...
   24.9038  -52.7259   58.9821
   -0.7529    0.5562   -0.3519
   -0.5214   -0.8303   -0.1968
   -0.4017    0.0354    0.9151
...   138 A-T ...
   24.0250  -51.6261   61.9211
   -0.9563    0.0400   -0.2896
   -0.0523   -0.9980    0.0347
   -0.2877    0.0483    0.9565
...   139 G-C ...
   22.3575  -51.2299   64.4909
   -0.8529   -0.5117   -0.1032
    0.4973   -0.8566    0.1372
   -0.1586    0.0657    0.9852
...   140 C-G ...
   22.1609  -50.1386   67.4618
   -0.4681   -0.8749    0.1247
    0.8495   -0.4066    0.3363
   -0.2435    0.2633    0.9335
...   141 G-C ...
   21.4367  -51.8164   72.7856
    0.1304   -0.7141   -0.6877
    0.8897   -0.2218    0.3990
   -0.4375   -0.6639    0.6065
...   142 C-G ...
   20.4355  -54.2994   74.5395
    0.5847   -0.7390   -0.3347
    0.7593    0.3532    0.5466
   -0.2857   -0.5737    0.7676
...   143 T-A ...
   18.4378  -55.5190   76.5273
    0.8548   -0.5006    0.1370
    0.3188    0.7147    0.6225
   -0.4096   -0.4884    0.7705
...   144 C-G ...
   16.8486  -57.7126   78.2648
    0.8529   -0.0846    0.5152
   -0.1509    0.9047    0.3983
   -0.4998   -0.4175    0.7589
...   145 A-T ...
   15.7934  -59.5518   80.7963
    0.5515    0.4995    0.6681
   -0.6739    0.7388    0.0040
   -0.4915   -0.4525    0.7441
...   146 C-G ...
   15.7411  -61.4839   83.9296
    0.0342    0.7400    0.6718
   -0.8637    0.3601   -0.3527
   -0.5029   -0.5681    0.6514
...   147 A-T ...
   14.7482  -63.4170   86.8165
   -0.5923    0.6746    0.4405
   -0.6886   -0.1400   -0.7115
   -0.4183   -0.7247    0.5475
