  147 base-pairs
...     1 T-A ...
    0.0000    0.0000    0.0000
    1.0000    0.0000    0.0000
    0.0000    1.0000    0.0000
    0.0000    0.0000    1.0000
...     2 G-C ...
   -0.5555   -1.1003    3.3981
    0.7749    0.6051    0.1828
   -0.5991    0.7953   -0.0929
   -0.2016   -0.0375    0.9787
...     3 T-A ...
   -0.6619   -3.0237    6.5348
    0.3046    0.9250    0.2271
   -0.8994    0.3578   -0.2510
   -0.3134   -0.1278    0.9410
...     4 G-C ...
   -1.1607   -3.8418    9.6940
   -0.3351    0.9421    0.0133
   -0.8752   -0.3061   -0.3746
   -0.3489   -0.1372    0.9271
...     5 A-T ...
   -1.3881   -3.6770   12.8999
   -0.7835    0.6162   -0.0801
   -0.5677   -0.7622   -0.3109
   -0.2527   -0.1981    0.9470
...     6 G-C ...
   -2.6236   -3.5448   15.7072
   -0.9923    0.0611   -0.1075
   -0.0294   -0.9610   -0.2748
   -0.1201   -0.2695    0.9555
...     7 C-G ...
   -2.3138   -3.7570   18.8866
   -0.8620   -0.4995   -0.0864
    0.5008   -0.8655    0.0073
   -0.0785   -0.0370    0.9962
...     8 G-C ...
   -3.9561   -6.8109   23.3205
   -0.2581   -0.3560   -0.8981
    0.6294   -0.7673    0.1233
   -0.7330   -0.5335    0.4221
...     9 C-G ...
   -6.1177   -8.9414   24.2385
    0.1143   -0.7320   -0.6716
    0.8123   -0.3203    0.4874
   -0.5720   -0.6013    0.5580
...    10 T-A ...
   -8.5041   -9.6771   26.0540
    0.4660   -0.8587   -0.2131
    0.6274    0.1508    0.7640
   -0.6239   -0.4897    0.6090
...    11 C-G ...
  -11.0625  -11.3174   27.2336
    0.6660   -0.6911    0.2808
    0.3382    0.6152    0.7121
   -0.6649   -0.3794    0.6435
...    12 A-T ...
  -13.0013  -13.1789   29.0658
    0.7188   -0.1490    0.6790
   -0.1787    0.9043    0.3876
   -0.6718   -0.4000    0.6235
...    13 C-G ...
  -14.1788  -15.9359   31.3399
    0.4052    0.2865    0.8682
   -0.5270    0.8492   -0.0343
   -0.7470   -0.4437    0.4951
...    14 A-T ...
  -15.9532  -18.1566   33.3080
   -0.1503    0.6873    0.7107
   -0.6106    0.5008   -0.6135
   -0.7776   -0.5261    0.3444
...    15 A-T ...
  -18.3190  -19.9993   34.6188
   -0.5248    0.8252    0.2088
   -0.3790   -0.0068   -0.9254
   -0.7622   -0.5647    0.3164
...    16 T-A ...
  -20.6170  -21.7210   36.2923
   -0.6596    0.6850   -0.3093
   -0.0318   -0.4366   -0.8991
   -0.7509   -0.5832    0.3098
...    17 T-A ...
  -23.0442  -23.5258   37.5121
   -0.5549    0.2806   -0.7832
    0.3844   -0.7484   -0.5404
   -0.7378   -0.6009    0.3075
...    18 T-A ...
  -25.5241  -25.3281   38.6003
   -0.2097   -0.2130   -0.9543
    0.6467   -0.7623    0.0280
   -0.7334   -0.6112    0.2976
...    19 A-T ...
  -27.7720  -27.6352   39.6628
    0.2948   -0.6108   -0.7349
    0.6211   -0.4620    0.6331
   -0.7262   -0.6431    0.2432
...    20 T-A ...
  -30.4411  -29.5429   39.8920
    0.5874   -0.7518   -0.2995
    0.3694   -0.0801    0.9258
   -0.7200   -0.6545    0.2307
...    21 T-A ...
  -32.7939  -31.7234   40.4239
    0.6938   -0.6504    0.3092
   -0.0624    0.3734    0.9256
   -0.7175   -0.6614    0.2184
...    22 C-G ...
  -35.0220  -34.0593   41.1613
    0.5158   -0.2741    0.8117
   -0.4978    0.6752    0.5444
   -0.6973   -0.6848    0.2118
...    23 G-C ...
  -37.5468  -36.0923   42.2390
    0.1509    0.2247    0.9627
   -0.7420    0.6692   -0.0399
   -0.6532   -0.7083    0.2677
...    24 C-G ...
  -39.4277  -38.6793   43.3270
   -0.2978    0.5805    0.7579
   -0.6973    0.4099   -0.5880
   -0.6520   -0.7036    0.2827
...    25 A-T ...
  -41.8111  -40.9679   43.9636
   -0.6310    0.7448    0.2170
   -0.3628   -0.0360   -0.9312
   -0.6857   -0.6663    0.2930
...    26 A-T ...
  -43.9617  -43.1255   45.1398
   -0.7364    0.5584   -0.3820
    0.1077   -0.4608   -0.8810
   -0.6679   -0.6899    0.2792
...    27 A-T ...
  -46.1754  -45.2607   46.2084
   -0.5233    0.1759   -0.8338
    0.5362   -0.6925   -0.4826
   -0.6623   -0.6996    0.2681
...    28 G-C ...
  -48.5740  -47.4090   47.0957
   -0.0778   -0.1796   -0.9807
    0.7351   -0.6748    0.0652
   -0.6735   -0.7158    0.1845
...    29 G-C ...
  -51.0072  -49.7278   47.4896
    0.4234   -0.4534   -0.7843
    0.6301   -0.4747    0.6145
   -0.6509   -0.7544    0.0847
...    30 C-G ...
  -53.2878  -52.1569   47.2830
    0.7404   -0.6010   -0.3011
    0.2592   -0.1581    0.9528
   -0.6202   -0.7835    0.0387
...    31 C-G ...
  -55.1122  -55.0127   47.1376
    0.7982   -0.5224    0.3001
   -0.2484    0.1683    0.9539
   -0.5488   -0.8359    0.0046
...    32 G-C ...
  -56.9046  -57.8845   47.6767
    0.5245   -0.2587    0.8112
   -0.7137    0.3860    0.5845
   -0.4643   -0.8855    0.0178
...    33 G-C ...
  -58.1812  -61.0450   47.8619
    0.0266    0.0545    0.9982
   -0.9014    0.4329    0.0004
   -0.4321   -0.8998    0.0607
...    34 C-G ...
  -59.2921  -64.2211   48.2429
   -0.5004    0.3064    0.8098
   -0.7501    0.3137   -0.5822
   -0.4324   -0.8988    0.0729
...    35 C-G ...
  -60.6399  -67.3303   48.6985
   -0.8225    0.4761    0.3111
   -0.3148    0.0745   -0.9462
   -0.4737   -0.8762    0.0886
...    36 C-G ...
  -62.1769  -70.3360   49.2409
   -0.8165    0.4930   -0.3005
    0.2264   -0.2055   -0.9521
   -0.5312   -0.8454    0.0561
...    37 G-C ...
  -63.7156  -73.3900   49.0919
   -0.4560    0.3804   -0.8046
    0.6739   -0.4429   -0.5913
   -0.5813   -0.8119   -0.0544
...    38 A-T ...
  -65.6473  -76.0540   48.9497
    0.0829    0.0827   -0.9931
    0.8134   -0.5814    0.0195
   -0.5757   -0.8094   -0.1155
...    39 C-G ...
  -67.9790  -78.3133   48.3535
    0.5442   -0.1999   -0.8148
    0.6272   -0.5481    0.5534
   -0.5572   -0.8121   -0.1729
...    40 A-T ...
  -69.6127  -81.2206   47.7928
    0.8714   -0.3854   -0.3035
    0.1545   -0.3717    0.9154
   -0.4656   -0.8446   -0.2644
...    41 C-G ...
  -70.9681  -83.8563   46.2769
    0.8268   -0.4999    0.2578
   -0.3660   -0.1301    0.9215
   -0.4271   -0.8563   -0.2906
...    42 G-C ...
  -72.3402  -86.9656   45.8076
    0.4668   -0.4226    0.7769
   -0.8209    0.1197    0.5584
   -0.3289   -0.8984   -0.2910
...    43 A-T ...
  -73.2981  -90.0330   44.8927
   -0.1616   -0.2682    0.9497
   -0.9381    0.3405   -0.0635
   -0.3064   -0.9012   -0.3066
...    44 C-G ...
  -73.7600  -93.3057   44.1030
   -0.6682   -0.0442    0.7427
   -0.6836    0.4304   -0.5895
   -0.2936   -0.9016   -0.3178
...    45 T-A ...
  -74.6474  -96.4609   43.2840
   -0.9360    0.2241    0.2713
   -0.1713    0.3834   -0.9076
   -0.3074   -0.8960   -0.3205
...    46 T-A ...
  -75.5553  -99.4939   42.4564
   -0.8554    0.3810   -0.3508
    0.4462    0.1981   -0.8728
   -0.2630   -0.9031   -0.3394
...    47 A-T ...
  -75.9901 -102.5769   41.0213
   -0.3355    0.4340   -0.8361
    0.9102   -0.0796   -0.4065
   -0.2430   -0.8974   -0.3683
...    48 C-G ...
  -77.3669 -105.3894   39.9326
    0.2338    0.3660   -0.9008
    0.9442   -0.3064    0.1206
   -0.2319   -0.8787   -0.4173
...    49 T-A ...
  -78.2978 -108.1527   38.3168
    0.7414    0.2167   -0.6351
    0.6461   -0.4861    0.5884
   -0.1812   -0.8466   -0.5004
...    50 G-C ...
  -78.5115 -111.1059   36.6664
    0.9957   -0.0149   -0.0916
    0.0668   -0.5694    0.8193
   -0.0644   -0.8219   -0.5660
...    51 T-A ...
  -78.4106 -113.4572   34.3246
    0.8679   -0.2983    0.3972
   -0.4964   -0.4923    0.7150
   -0.0177   -0.8177   -0.5754
...    52 A-T ...
  -78.9048 -116.4966   32.7298
    0.2887   -0.5960    0.7493
   -0.9573   -0.1698    0.2338
   -0.0121   -0.7848   -0.6196
...    53 G-C ...
  -78.6094 -119.1780   30.7018
   -0.3165   -0.5797    0.7509
   -0.9485    0.1832   -0.2583
    0.0121   -0.7940   -0.6078
...    54 G-C ...
  -78.4141 -122.0058   28.7868
   -0.8176   -0.3417    0.4634
   -0.5758    0.4823   -0.6602
    0.0021   -0.8066   -0.5911
...    55 T-A ...
  -78.1602 -125.0470   27.2789
   -0.9998   -0.0176    0.0012
   -0.0116    0.6084   -0.7936
    0.0133   -0.7935   -0.6085
...    56 A-T ...
  -77.5638 -127.3248   24.7001
   -0.7149    0.3664   -0.5956
    0.6916    0.4962   -0.5248
    0.1032   -0.7871   -0.6082
...    57 T-A ...
  -77.7605 -130.1353   22.9718
   -0.2376    0.5805   -0.7788
    0.9641    0.2385   -0.1164
    0.1182   -0.7785   -0.6164
...    58 C-G ...
  -77.3785 -132.7368   20.9597
    0.3992    0.6535   -0.6431
    0.9044   -0.1655    0.3933
    0.1506   -0.7386   -0.6571
...    59 T-A ...
  -76.9801 -134.9975   18.5408
    0.8197    0.5187   -0.2431
    0.5306   -0.5277    0.6633
    0.2158   -0.6726   -0.7078
...    60 C-G ...
  -76.0983 -137.1032   16.1657
    0.9587    0.1242    0.2558
   -0.0735   -0.7606    0.6450
    0.2747   -0.6372   -0.7201
...    61 G-C ...
  -74.8330 -139.5558   14.1074
    0.6925   -0.2932    0.6591
   -0.5966   -0.7464    0.2948
    0.4056   -0.5974   -0.6919
...    62 A-T ...
  -73.2779 -141.5711   11.9414
    0.1606   -0.7007    0.6952
   -0.8822   -0.4177   -0.2172
    0.4426   -0.5784   -0.6852
...    63 G-C ...
  -71.5005 -143.5042    9.8080
   -0.3874   -0.8095    0.4411
   -0.7983    0.0551   -0.5998
    0.4612   -0.5845   -0.6676
...    64 C-G ...
  -69.7087 -145.6225    7.8336
   -0.7829   -0.6221   -0.0047
   -0.4107    0.5225   -0.7472
    0.4673   -0.5831   -0.6646
...    65 T-A ...
  -68.0934 -147.7825    5.7836
   -0.8794   -0.1926   -0.4353
    0.1201    0.7951   -0.5945
    0.4606   -0.5751   -0.6760
...    66 C-G ...
  -66.4274 -149.7396    3.6370
   -0.6082    0.3630   -0.7059
    0.6345    0.7567   -0.1576
    0.4769   -0.5437   -0.6906
...    67 G-C ...
  -64.3236 -151.3513    1.4350
   -0.1672    0.8063   -0.5674
    0.8560    0.4043    0.3223
    0.4893   -0.4318   -0.7578
...    68 G-C ...
  -62.8079 -152.8693   -1.1906
    0.2943    0.9373   -0.1867
    0.7938   -0.1309    0.5940
    0.5323   -0.3230   -0.7825
...    69 G-C ...
  -61.0845 -153.7232   -3.9675
    0.6218    0.7302    0.2832
    0.5001   -0.6485    0.5739
    0.6027   -0.2152   -0.7684
...    70 A-T ...
  -58.9640 -154.2698   -6.4314
    0.7572    0.1941    0.6236
    0.0419   -0.9673    0.2502
    0.6518   -0.1634   -0.7406
...    71 T-A ...
  -56.7013 -154.1252   -8.8147
    0.6566   -0.3428    0.6719
   -0.3483   -0.9279   -0.1330
    0.6690   -0.1467   -0.7286
...    72 C-G ...
  -54.2797 -154.6640  -11.0205
    0.2950   -0.8458    0.4445
   -0.6487   -0.5188   -0.5568
    0.7016   -0.1241   -0.7017
...    73 C-G ...
  -51.6658 -155.3524  -13.1244
   -0.1615   -0.9860    0.0408
   -0.6566    0.0765   -0.7504
    0.7368   -0.1480   -0.6598
...    74 T-A ...
  -49.0109 -156.0222  -15.1153
   -0.5099   -0.7562   -0.4101
   -0.4272    0.6364   -0.6423
    0.7466   -0.1523   -0.6476
...    75 C-G ...
  -46.4195 -156.5350  -17.1804
   -0.6487   -0.1769   -0.7402
   -0.0225    0.9766   -0.2137
    0.7607   -0.1220   -0.6375
...    76 A-T ...
  -43.6863 -156.4563  -19.1719
   -0.5584    0.4849   -0.6731
    0.3697    0.8718    0.3214
    0.7427   -0.0693   -0.6661
...    77 T-A ...
  -41.5810 -157.1574  -21.6223
   -0.2795    0.8752   -0.3948
    0.5954    0.4806    0.6438
    0.7532   -0.0551   -0.6554
...    78 G-C ...
  -38.8524 -157.1600  -23.6320
    0.0336    0.9874    0.1544
    0.6506   -0.1389    0.7466
    0.7587    0.0754   -0.6471
...    79 T-A ...
  -36.7403 -156.5433  -26.0871
    0.3317    0.7439    0.5802
    0.5328   -0.6552    0.5356
    0.7785    0.1315   -0.6137
...    80 T-A ...
  -34.2387 -155.9284  -28.0486
    0.5450    0.2073    0.8124
    0.2537   -0.9643    0.0758
    0.7991    0.1647   -0.5781
...    81 A-T ...
  -31.3763 -155.6769  -29.8756
    0.5436   -0.4734    0.6931
   -0.1148   -0.8599   -0.4973
    0.8314    0.1908   -0.5218
...    82 T-A ...
  -28.4861 -154.5818  -31.0756
    0.4117   -0.8563    0.3117
   -0.3734   -0.4706   -0.7995
    0.8313    0.2128   -0.5135
...    83 A-T ...
  -26.0758 -153.8351  -33.5270
    0.1243   -0.9004   -0.4169
   -0.5706    0.2789   -0.7724
    0.8118    0.3339   -0.4791
...    84 A-T ...
  -23.2303 -152.8239  -34.8239
   -0.1852   -0.5024   -0.8446
   -0.5465    0.7669   -0.3364
    0.8167    0.3993   -0.4166
...    85 C-G ...
  -20.1818 -152.0166  -36.0841
   -0.4479    0.0243   -0.8937
   -0.3605    0.9099    0.2054
    0.8182    0.4142   -0.3988
...    86 G-C ...
  -17.4287 -150.1746  -36.9616
   -0.6362    0.5337   -0.5572
   -0.0545    0.6893    0.7225
    0.7696    0.4900   -0.4094
...    87 G-C ...
  -14.7029 -148.7171  -38.3801
   -0.6237    0.7817   -0.0042
    0.2952    0.2405    0.9247
    0.7238    0.5754   -0.3807
...    88 A-T ...
  -12.2984 -146.8713  -39.6415
   -0.3712    0.7258    0.5791
    0.6032   -0.2856    0.7447
    0.7059    0.6258   -0.3318
...    89 G-C ...
  -10.1782 -144.5732  -40.7450
   -0.0625    0.3773    0.9240
    0.7181   -0.6260    0.3042
    0.6932    0.6825   -0.2318
...    90 C-G ...
   -8.2446 -141.9309  -41.2898
    0.2965   -0.0862    0.9511
    0.6581   -0.7033   -0.2689
    0.6921    0.7057   -0.1518
...    91 T-A ...
   -6.0487 -139.4293  -41.3783
    0.5564   -0.5132    0.6535
    0.4332   -0.4919   -0.7552
    0.7090    0.7033   -0.0514
...    92 T-A ...
   -3.7926 -137.0830  -41.2645
    0.7175   -0.6925    0.0751
    0.0344   -0.0724   -0.9968
    0.6957    0.7178   -0.0282
...    93 T-A ...
   -1.5013 -134.7602  -41.0221
    0.6319   -0.5534   -0.5426
   -0.4006    0.3660   -0.8400
    0.6634    0.7482    0.0096
...    94 A-T ...
    0.1377 -131.6728  -41.2829
    0.2483   -0.0255   -0.9683
   -0.7581    0.6172   -0.2106
    0.6030    0.7864    0.1339
...    95 A-T ...
    2.3387 -129.3033  -40.7366
   -0.2225    0.4102   -0.8844
   -0.7743    0.4769    0.4160
    0.5924    0.7774    0.2115
...    96 C-G ...
    4.7397 -126.9807  -40.3572
   -0.6166    0.6004   -0.5092
   -0.5348    0.1552    0.8306
    0.5778    0.7845    0.2254
...    97 A-T ...
    6.6037 -124.4303  -39.1912
   -0.8650    0.4966    0.0714
   -0.0645   -0.2513    0.9658
    0.4976    0.8308    0.2494
...    98 C-G ...
    8.1119 -121.5087  -38.9099
   -0.7896    0.2390    0.5652
    0.4081   -0.4833    0.7745
    0.4583    0.8422    0.2840
...    99 T-A ...
    9.3309 -118.5619  -37.9962
   -0.4872   -0.1469    0.8608
    0.7798   -0.5169    0.3532
    0.3930    0.8434    0.3664
...   100 T-A ...
   10.4079 -115.7860  -36.7352
    0.0298   -0.4593    0.8878
    0.9258   -0.3221   -0.1978
    0.3768    0.8278    0.4156
...   101 T-A ...
   11.4441 -113.1195  -35.2110
    0.5513   -0.5815    0.5982
    0.7474    0.0256   -0.6639
    0.3708    0.8131    0.4487
...   102 A-T ...
   12.9478 -110.4144  -33.8355
    0.8970   -0.4407    0.0339
    0.2409    0.4231   -0.8735
    0.3706    0.7917    0.4856
...   103 T-A ...
   14.1438 -108.2209  -31.6443
    0.8991   -0.1311   -0.4177
   -0.2644    0.5978   -0.7568
    0.3489    0.7908    0.5028
...   104 G-C ...
   15.2409 -105.3881  -30.2419
    0.5396    0.2401   -0.8070
   -0.7492    0.5742   -0.3301
    0.3842    0.7827    0.4897
...   105 C-G ...
   16.8448 -102.9726  -28.5253
    0.0092    0.5160   -0.8565
   -0.9258    0.3280    0.1877
    0.3778    0.7913    0.4807
...   106 T-A ...
   18.3499 -100.3669  -27.0499
   -0.5202    0.5833   -0.6239
   -0.7785   -0.0235    0.6272
    0.3511    0.8119    0.4663
...   107 T-A ...
   19.6747  -97.7369  -25.6613
   -0.8783    0.4594   -0.1320
   -0.3302   -0.3833    0.8626
    0.3457    0.8012    0.4884
...   108 C-G ...
   20.8362  -95.0881  -24.0826
   -0.9180    0.0910    0.3861
    0.2630   -0.5890    0.7641
    0.2970    0.8030    0.5168
...   109 C-G ...
   21.5823  -92.2368  -22.4382
   -0.6476   -0.3420    0.6809
    0.7331   -0.5234    0.4344
    0.2078    0.7805    0.5896
...   110 G-C ...
   22.4145  -89.8959  -20.1298
   -0.1433   -0.6853    0.7140
    0.9808   -0.1946    0.0102
    0.1320    0.7018    0.7001
...   111 G-C ...
   22.5417  -87.8060  -17.4611
    0.4148   -0.7402    0.5292
    0.9019    0.2574   -0.3468
    0.1204    0.6211    0.7744
...   112 C-G ...
   22.7216  -86.1369  -14.5659
    0.8456   -0.4891    0.2137
    0.5176    0.6537   -0.5520
    0.1303    0.5774    0.8060
...   113 T-A ...
   23.2051  -84.5536  -11.6536
    0.9858   -0.0619   -0.1561
   -0.0333    0.8394   -0.5426
    0.1646    0.5400    0.8254
...   114 C-G ...
   23.8632  -82.8581   -8.8768
    0.7567    0.4718   -0.4525
   -0.6320    0.7048   -0.3221
    0.1670    0.5297    0.8316
...   115 G-C ...
   24.0623  -80.8054   -6.1777
    0.2222    0.7654   -0.6039
   -0.9563    0.2919    0.0181
    0.1901    0.5735    0.7968
...   116 T-A ...
   25.3007  -78.9825   -3.6372
   -0.3402    0.7932   -0.5050
   -0.9243   -0.1831    0.3349
    0.1732    0.5807    0.7954
...   117 A-T ...
   25.5682  -77.3205   -0.6723
   -0.8617    0.4786   -0.1688
   -0.4824   -0.6693    0.5650
    0.1574    0.5683    0.8076
...   118 T-A ...
   26.2294  -74.9819    1.5500
   -0.9888    0.0541    0.1388
    0.0343   -0.8240    0.5656
    0.1449    0.5640    0.8129
...   119 A-T ...
   26.6947  -73.3001    4.4357
   -0.7642   -0.5100    0.3948
    0.6407   -0.6705    0.3742
    0.0739    0.5389    0.8391
...   120 A-T ...
   26.7145  -71.5058    7.1388
   -0.2485   -0.8174    0.5197
    0.9671   -0.2399    0.0851
    0.0551    0.5237    0.8501
...   121 T-A ...
   26.2093  -69.8497    9.9409
    0.2887   -0.8279    0.4809
    0.9563    0.2248   -0.1871
    0.0468    0.5139    0.8566
...   122 G-C ...
   26.7201  -68.2483   12.8554
    0.7988   -0.5647    0.2075
    0.5968    0.6998   -0.3926
    0.0765    0.4374    0.8960
...   123 T-A ...
   26.8117  -67.3834   16.0964
    0.9944   -0.0928   -0.0501
    0.0623    0.9001   -0.4313
    0.0851    0.4258    0.9008
...   124 G-C ...
   27.1753  -65.6725   18.9610
    0.8217    0.4522   -0.3469
   -0.5524    0.7819   -0.2891
    0.1405    0.4292    0.8922
...   125 T-A ...
   28.1187  -64.6574   22.0298
    0.3816    0.8040   -0.4560
   -0.9141    0.4016   -0.0568
    0.1375    0.4385    0.8882
...   126 C-G ...
   28.6435  -63.2556   24.9907
   -0.2631    0.8727   -0.4112
   -0.9571   -0.1824    0.2252
    0.1215    0.4528    0.8833
...   127 G-C ...
   28.6692  -61.9240   28.1218
   -0.7802    0.5484   -0.3007
   -0.6246   -0.6573    0.4217
    0.0336    0.5169    0.8554
...   128 A-T ...
   28.8098  -60.1880   30.9155
   -0.9995    0.0158   -0.0262
   -0.0271   -0.8549    0.5180
   -0.0142    0.5185    0.8550
...   129 C-G ...
   28.5581  -57.9944   33.3814
   -0.8552   -0.4699    0.2187
    0.5148   -0.7216    0.4629
   -0.0597    0.5084    0.8590
...   130 C-G ...
   27.9731  -56.2862   36.2408
   -0.4101   -0.8383    0.3592
    0.9018   -0.3138    0.2973
   -0.1365    0.4458    0.8847
...   131 A-T ...
   27.6970  -54.9834   39.3313
    0.2162   -0.8987    0.3817
    0.9623    0.2621    0.0722
   -0.1649    0.3517    0.9215
...   132 A-T ...
   26.9497  -54.0085   42.3504
    0.7419   -0.5615    0.3665
    0.6449    0.7472   -0.1606
   -0.1836    0.3555    0.9165
...   133 A-T ...
   26.2358  -53.1052   45.4071
    0.9731    0.0086    0.2303
    0.0744    0.9341   -0.3492
   -0.2181    0.3569    0.9083
...   134 T-A ...
   25.6308  -52.5796   48.6349
    0.8597    0.5096    0.0340
   -0.4497    0.7867   -0.4230
   -0.2423    0.3484    0.9055
...   135 G-C ...
   25.2859  -52.4980   52.0750
    0.3205    0.9427   -0.0927
   -0.8825    0.2616   -0.3908
   -0.3441    0.2071    0.9158
...   136 T-A ...
   25.5356  -52.9668   55.8002
   -0.2443    0.9563   -0.1608
   -0.8908   -0.2868   -0.3525
   -0.3832    0.0571    0.9219
...   137 G-C ...
   24.9038  -52.7259   58.9821
   -0.7529    0.5562   -0.3519
   -0.5214   -0.8303   -0.1968
   -0.4017    0.0354    0.9151
...   138 A-T ...
   24.0250  -51.6261   61.9210
   -0.9563    0.0400   -0.2896
   -0.0523   -0.9980    0.0347
   -0.2877    0.0483    0.9565
...   139 G-C ...
   22.3575  -51.2299   64.4909
   -0.8529   -0.5117   -0.1032
    0.4973   -0.8566    0.1372
   -0.1586    0.0657    0.9852
...   140 C-G ...
   22.1609  -50.1386   67.4618
   -0.4681   -0.8749    0.1247
    0.8495   -0.4066    0.3363
   -0.2435    0.2633    0.9335
...   141 G-C ...
   21.4367  -51.8164   72.7856
    0.1304   -0.7141   -0.6877
    0.8897   -0.2218    0.3990
   -0.4375   -0.6639    0.6065
...   142 C-G ...
   20.4356  -54.2994   74.5395
    0.5847   -0.7390   -0.3347
    0.7593    0.3532    0.5466
   -0.2857   -0.5737    0.7676
...   143 T-A ...
   18.4379  -55.5190   76.5273
    0.8548   -0.5006    0.1370
    0.3188    0.7147    0.6225
   -0.4096   -0.4884    0.7705
...   144 C-G ...
   16.8486  -57.7126   78.2648
    0.8529   -0.0846    0.5152
   -0.1509    0.9047    0.3983
   -0.4998   -0.4175    0.7589
...   145 A-T ...
   15.7934  -59.5518   80.7963
    0.5515    0.4995    0.6681
   -0.6739    0.7388    0.0040
   -0.4915   -0.4525    0.7441
...   146 C-G ...
   15.7412  -61.4838   83.9296
    0.0342    0.7400    0.6718
   -0.8637    0.3601   -0.3527
   -0.5029   -0.5681    0.6514
...   147 A-T ...
   14.7482  -63.4170   86.8165
   -0.5923    0.6746    0.4405
   -0.6886   -0.1400   -0.7115
   -0.4183   -0.7247    0.5475
