  147 base-pairs
...     1 T-A ...
    0.0000    0.0000    0.0000
    1.0000    0.0000    0.0000
    0.0000    1.0000    0.0000
    0.0000    0.0000    1.0000
...     2 G-C ...
   -0.5555   -1.1003    3.3981
    0.7749    0.6051    0.1828
   -0.5991    0.7953   -0.0929
   -0.2016   -0.0375    0.9787
...     3 T-A ...
   -0.6619   -3.0237    6.5348
    0.3046    0.9250    0.2271
   -0.8994    0.3578   -0.2510
   -0.3134   -0.1278    0.9410
...     4 G-C ...
   -1.1607   -3.8418    9.6940
   -0.3351    0.9421    0.0133
   -0.8752   -0.3061   -0.3746
   -0.3489   -0.1372    0.9271
...     5 A-T ...
   -1.3881   -3.6770   12.8999
   -0.7835    0.6162   -0.0801
   -0.5677   -0.7622   -0.3109
   -0.2527   -0.1981    0.9470
...     6 G-C ...
   -2.6236   -3.5448   15.7072
   -0.9923    0.0611   -0.1075
   -0.0294   -0.9610   -0.2748
   -0.1201   -0.2695    0.9555
...     7 C-G ...
   -2.3138   -3.7570   18.8866
   -0.8620   -0.4995   -0.0864
    0.5008   -0.8655    0.0073
   -0.0785   -0.0370    0.9962
...     8 G-C ...
   -3.9561   -6.8109   23.3205
   -0.2581   -0.3560   -0.8981
    0.6294   -0.7673    0.1233
   -0.7330   -0.5335    0.4221
...     9 C-G ...
   -6.1177   -8.9414   24.2385
    0.1143   -0.7320   -0.6716
    0.8123   -0.3203    0.4874
   -0.5720   -0.6013    0.5580
...    10 T-A ...
   -8.5041   -9.6771   26.0540
    0.4660   -0.8587   -0.2131
    0.6274    0.1508    0.7640
   -0.6239   -0.4897    0.6090
...    11 C-G ...
  -11.0625  -11.3174   27.2336
    0.6660   -0.6911    0.2808
    0.3382    0.6152    0.7121
   -0.6649   -0.3794    0.6435
...    12 A-T ...
  -13.0013  -13.1789   29.0658
    0.7188   -0.1490    0.6790
   -0.1787    0.9043    0.3876
   -0.6718   -0.4000    0.6235
...    13 C-G ...
  -14.1788  -15.9359   31.3399
    0.4052    0.2865    0.8682
   -0.5270    0.8492   -0.0343
   -0.7470   -0.4437    0.4951
...    14 A-T ...
  -15.9532  -18.1566   33.3080
   -0.1503    0.6873    0.7107
   -0.6106    0.5008   -0.6135
   -0.7776   -0.5261    0.3444
...    15 A-T ...
  -18.2976  -19.9935   34.6600
   -0.5237    0.8226    0.2216
   -0.3932   -0.0027   -0.9195
   -0.7557   -0.5686    0.3248
...    16 T-A ...
  -20.5517  -21.7390   36.3779
   -0.6744    0.6807   -0.2861
   -0.0503   -0.4289   -0.9020
   -0.7367   -0.5939    0.3234
...    17 T-A ...
  -22.9092  -23.5715   37.7015
   -0.5961    0.2724   -0.7553
    0.3781   -0.7346   -0.5634
   -0.7083   -0.6214    0.3349
...    18 T-A ...
  -25.2904  -25.4195   38.9345
   -0.2634   -0.2167   -0.9400
    0.6715   -0.7408   -0.0173
   -0.6926   -0.6358    0.3407
...    19 A-T ...
  -27.3985  -27.7542   40.1518
    0.2539   -0.5896   -0.7668
    0.6899   -0.4453    0.5708
   -0.6780   -0.6739    0.2937
...    20 T-A ...
  -29.9552  -29.7645   40.5831
    0.5880   -0.7183   -0.3720
    0.4604   -0.0810    0.8840
   -0.6651   -0.6910    0.2830
...    21 T-A ...
  -32.1229  -32.0657   41.2950
    0.7648   -0.6124    0.1999
    0.0273    0.3408    0.9397
   -0.6437   -0.7133    0.2774
...    22 C-G ...
  -34.0643  -34.5581   42.2050
    0.6521   -0.2579    0.7129
   -0.4579    0.6154    0.6416
   -0.6042   -0.7448    0.2832
...    23 G-C ...
  -36.1097  -36.8771   43.6082
    0.3146    0.2124    0.9252
   -0.7914    0.5968    0.1321
   -0.5241   -0.7738    0.3558
...    24 C-G ...
  -37.4488  -39.6249   44.9995
   -0.1785    0.5304    0.8287
   -0.8436    0.3509   -0.4063
   -0.5064   -0.7717    0.3849
...    25 A-T ...
  -39.3748  -42.1168   46.1450
   -0.6263    0.6728    0.3937
   -0.5745   -0.0570   -0.8165
   -0.5269   -0.7376    0.4222
...    26 A-T ...
  -40.9392  -44.4900   47.7590
   -0.8651    0.4765   -0.1568
   -0.0756   -0.4328   -0.8983
   -0.4960   -0.7652    0.4104
...    27 A-T ...
  -42.5468  -46.8629   49.3181
   -0.7505    0.1093   -0.6517
    0.4638   -0.6154   -0.6373
   -0.4707   -0.7806    0.4111
...    28 G-C ...
  -44.2978  -49.2989   50.7843
   -0.3373   -0.1947   -0.9210
    0.8051   -0.5667   -0.1751
   -0.4879   -0.8006    0.3479
...    29 G-C ...
  -46.1520  -51.8980   51.9069
    0.2206   -0.3979   -0.8905
    0.8517   -0.3663    0.3747
   -0.4753   -0.8411    0.2581
...    30 C-G ...
  -48.0243  -54.5985   52.4206
    0.6860   -0.4829   -0.5443
    0.5773   -0.0940    0.8111
   -0.4428   -0.8706    0.2143
...    31 C-G ...
  -49.4118  -57.6563   52.7967
    0.9299   -0.3676   -0.0156
    0.0776    0.1546    0.9849
   -0.3596   -0.9171    0.1723
...    32 G-C ...
  -50.3650  -60.7647   53.7921
    0.8353   -0.1116    0.5383
   -0.4944    0.2757    0.8244
   -0.2404   -0.9547    0.1751
...    33 G-C ...
  -50.7428  -64.0897   54.3920
    0.4218    0.1288    0.8975
   -0.8905    0.2453    0.3832
   -0.1708   -0.9608    0.2182
...    34 C-G ...
  -50.8493  -67.3474   55.2133
   -0.1575    0.2669    0.9508
   -0.9759    0.1055   -0.1912
   -0.1514   -0.9579    0.2438
...    35 C-G ...
  -51.1683  -70.5570   56.3148
   -0.6812    0.3262    0.6555
   -0.7125   -0.0895   -0.6959
   -0.1684   -0.9411    0.2934
...    36 C-G ...
  -51.6470  -73.6875   57.5782
   -0.9551    0.2702    0.1215
   -0.1957   -0.2673   -0.9435
   -0.2224   -0.9250    0.3082
...    37 G-C ...
  -52.3310  -76.9612   58.1957
   -0.8629    0.1498   -0.4828
    0.4041   -0.3693   -0.8369
   -0.3036   -0.9172    0.2581
...    38 A-T ...
  -53.3161  -79.9655   59.1355
   -0.4293   -0.0674   -0.9006
    0.8473   -0.3753   -0.3758
   -0.3127   -0.9245    0.2182
...    39 C-G ...
  -54.9123  -82.7625   59.9119
    0.1093   -0.2169   -0.9700
    0.9432   -0.2853    0.1701
   -0.3136   -0.9336    0.1734
...    40 A-T ...
  -55.7342  -85.9807   60.4776
    0.6742   -0.2272   -0.7028
    0.6916   -0.1399    0.7086
   -0.2593   -0.9638    0.0628
...    41 C-G ...
  -56.8202  -89.0816   60.0749
    0.9506   -0.2257   -0.2129
    0.2139   -0.0203    0.9766
   -0.2248   -0.9740    0.0290
...    42 G-C ...
  -57.2353  -92.4271   60.5395
    0.9155   -0.0954    0.3907
   -0.3885    0.0418    0.9205
   -0.1042   -0.9946    0.0012
...    43 A-T ...
  -57.3900  -95.7390   60.5430
    0.4857   -0.0387    0.8733
   -0.8710    0.0623    0.4872
   -0.0732   -0.9973   -0.0035
...    44 C-G ...
  -56.9620  -99.0777   60.4484
   -0.0733    0.0022    0.9973
   -0.9957    0.0570   -0.0733
   -0.0570   -0.9984   -0.0019
...    45 T-A ...
  -56.8758 -102.4308   60.6600
   -0.6190    0.0539    0.7836
   -0.7833    0.0302   -0.6209
   -0.0572   -0.9981    0.0236
...    46 T-A ...
  -56.8187 -105.6929   60.9079
   -0.9675    0.0174    0.2522
   -0.2520    0.0149   -0.9676
   -0.0206   -0.9997   -0.0100
...    47 A-T ...
  -56.6967 -109.0689   60.3593
   -0.8902    0.0036   -0.4555
    0.4553    0.0322   -0.8897
    0.0114   -0.9995   -0.0303
...    48 C-G ...
  -57.0568 -112.3603   60.7297
   -0.4985    0.0563   -0.8651
    0.8669    0.0304   -0.4976
   -0.0017   -0.9980   -0.0640
...    49 T-A ...
  -57.3677 -115.6713   60.4860
    0.0604    0.1474   -0.9872
    0.9981   -0.0187    0.0583
   -0.0099   -0.9889   -0.1482
...    50 G-C ...
  -57.1278 -118.9709   59.8308
    0.6293    0.2348   -0.7409
    0.7760   -0.1374    0.6156
    0.0427   -0.9623   -0.2687
...    51 T-A ...
  -57.2474 -121.9391   58.3900
    0.9452    0.1707   -0.2782
    0.3158   -0.2621    0.9119
    0.0827   -0.9498   -0.3017
...    52 A-T ...
  -56.8069 -125.2229   57.6751
    0.9267   -0.0008    0.3758
   -0.3523   -0.3494    0.8682
    0.1307   -0.9370   -0.3241
...    53 G-C ...
  -56.0706 -128.2423   56.4289
    0.5660   -0.1594    0.8088
   -0.8037   -0.3252    0.4983
    0.1836   -0.9321   -0.3122
...    54 G-C ...
  -55.0835 -131.3782   55.5285
   -0.0093   -0.2805    0.9598
   -0.9748   -0.2112   -0.0712
    0.2227   -0.9363   -0.2715
...    55 T-A ...
  -53.7477 -134.4163   54.8730
   -0.5481   -0.3588    0.7556
   -0.8054   -0.0175   -0.5925
    0.2258   -0.9332   -0.2794
...    56 A-T ...
  -53.2314 -137.4146   53.1857
   -0.9309   -0.3514    0.0998
   -0.2082    0.2860   -0.9353
    0.3002   -0.8915   -0.3394
...    57 T-A ...
  -52.2399 -140.5494   52.7084
   -0.8949   -0.1591   -0.4170
    0.3117    0.4459   -0.8391
    0.3194   -0.8809   -0.3494
...    58 C-G ...
  -51.1359 -143.4902   51.6398
   -0.5278    0.1847   -0.8291
    0.7894    0.4671   -0.3984
    0.3137   -0.8647   -0.3923
...    59 T-A ...
  -50.3713 -146.4451   50.2908
   -0.0315    0.4874   -0.8726
    0.9522    0.2799    0.1220
    0.3037   -0.8271   -0.4729
...    60 C-G ...
  -49.3973 -149.1281   48.6595
    0.5271    0.6130   -0.5885
    0.7839   -0.0833    0.6153
    0.3282   -0.7857   -0.5244
...    61 G-C ...
  -47.8411 -151.6586   46.9892
    0.8291    0.5570   -0.0489
    0.3651   -0.4731    0.8018
    0.4235   -0.6826   -0.5956
...    62 A-T ...
  -46.2596 -153.7582   44.9838
    0.8638    0.1752    0.4723
   -0.1975   -0.7447    0.6375
    0.4634   -0.6439   -0.6087
...    63 G-C ...
  -44.4615 -155.6521   42.8823
    0.5845   -0.2506    0.7717
   -0.6276   -0.7424    0.2343
    0.5143   -0.6213   -0.5912
...    64 C-G ...
  -42.3247 -157.5361   41.0663
    0.1108   -0.6315    0.7674
   -0.8330   -0.4802   -0.2748
    0.5420   -0.6088   -0.5793
...    65 T-A ...
  -40.2440 -159.5588   39.3470
   -0.3881   -0.7913    0.4724
   -0.7372   -0.0411   -0.6744
    0.5531   -0.6100   -0.5674
...    66 C-G ...
  -38.3023 -161.5613   37.5091
   -0.7573   -0.6497   -0.0666
   -0.3401    0.4794   -0.8090
    0.5575   -0.5900   -0.5840
...    67 G-C ...
  -36.3363 -163.1257   35.1932
   -0.8537   -0.1840   -0.4871
    0.1621    0.7951   -0.5844
    0.4949   -0.5778   -0.6490
...    68 G-C ...
  -34.5848 -165.2437   33.1771
   -0.6544    0.3558   -0.6672
    0.6065    0.7739   -0.1821
    0.4516   -0.5239   -0.7222
...    69 G-C ...
  -33.1895 -167.1878   30.7770
   -0.2559    0.7868   -0.5616
    0.8650    0.4457    0.2303
    0.4315   -0.4268   -0.7947
...    70 A-T ...
  -31.8122 -168.5353   28.1322
    0.2724    0.9300   -0.2469
    0.8541   -0.1156    0.5071
    0.4430   -0.3490   -0.8258
...    71 T-A ...
  -30.8564 -169.3499   25.1199
    0.6520    0.7538    0.0819
    0.6035   -0.5813    0.5459
    0.4591   -0.3065   -0.8339
...    72 C-G ...
  -29.1712 -170.1110   22.4085
    0.8613    0.2667    0.4324
    0.1174   -0.9326    0.3413
    0.4943   -0.2432   -0.8346
...    73 C-G ...
  -27.0462 -170.6265   19.8018
    0.7451   -0.3040    0.5937
   -0.3528   -0.9350   -0.0361
    0.5661   -0.1826   -0.8039
...    74 G-C ...
  -25.1150 -171.7787   17.2237
    0.3654   -0.8020    0.4725
   -0.6826   -0.5760   -0.4498
    0.6329   -0.1581   -0.7579
...    75 C-G ...
  -22.6656 -172.2714   14.9300
   -0.0961   -0.9889    0.1132
   -0.7590   -0.0008   -0.6511
    0.6440   -0.1484   -0.7505
...    76 T-A ...
  -20.2979 -172.8808   12.5989
   -0.5143   -0.8097   -0.2827
   -0.5722    0.5695   -0.5901
    0.6388   -0.1417   -0.7562
...    77 T-A ...
  -18.0086 -173.4393   10.3223
   -0.7249   -0.2980   -0.6210
   -0.1669    0.9507   -0.2615
    0.6683   -0.0859   -0.7389
...    78 T-A ...
  -15.7668 -173.8973    7.9995
   -0.6786    0.3341   -0.6541
    0.2794    0.9410    0.1908
    0.6793   -0.0533   -0.7320
...    79 A-T ...
  -13.3565 -173.8635    5.6243
   -0.4202    0.8510   -0.3151
    0.6407    0.5241    0.5611
    0.6426    0.0339   -0.7654
...    80 A-T ...
  -11.3990 -173.7030    3.0571
   -0.0086    0.9928    0.1196
    0.7741   -0.0691    0.6293
    0.6331    0.0980   -0.7679
...    81 C-G ...
   -9.8249 -173.0696    0.2417
    0.3699    0.7885    0.4913
    0.6776   -0.5907    0.4380
    0.6356    0.1709   -0.7529
...    82 A-T ...
   -7.4246 -172.4329   -2.0570
    0.6252    0.2607    0.7356
    0.3795   -0.9252    0.0052
    0.6820    0.2759   -0.6773
...    83 C-G ...
   -5.2284 -170.8523   -4.0348
    0.7209   -0.3007    0.6245
   -0.0006   -0.9013   -0.4332
    0.6931    0.3119   -0.6499
...    84 T-A ...
   -2.7175 -169.6108   -5.9028
    0.5839   -0.7671    0.2657
   -0.3773   -0.5462   -0.7479
    0.7189    0.3364   -0.6083
...    85 T-A ...
   -0.2442 -168.3065   -7.6305
    0.2868   -0.9056   -0.3125
   -0.6692    0.0440   -0.7418
    0.6855    0.4219   -0.5934
...    86 T-A ...
    2.2086 -166.8718   -9.2873
   -0.1313   -0.6389   -0.7580
   -0.7266    0.5822   -0.3648
    0.6744    0.5028   -0.5407
...    87 A-T ...
    4.0147 -164.2556  -10.8518
   -0.5404    0.0416   -0.8404
   -0.4642    0.8183    0.3390
    0.7017    0.5733   -0.4229
...    88 T-A ...
    6.5272 -162.9019  -12.5396
   -0.7017    0.4771   -0.5291
   -0.1184    0.6542    0.7470
    0.7026    0.5868   -0.4026
...    89 G-C ...
    8.8813 -160.7167  -13.6230
   -0.7117    0.6982    0.0777
    0.3281    0.2326    0.9156
    0.6211    0.6771   -0.3946
...    90 C-G ...
   10.6821 -158.4680  -15.2997
   -0.4481    0.6507    0.6130
    0.6762   -0.2018    0.7085
    0.5847    0.7320   -0.3496
...    91 T-A ...
   12.3371 -155.8108  -16.4320
   -0.0528    0.3482    0.9359
    0.8373   -0.4953    0.2315
    0.5441    0.7959   -0.2654
...    92 T-A ...
   13.9655 -153.1068  -17.1738
    0.4375   -0.0394    0.8983
    0.7217   -0.5806   -0.3769
    0.5364    0.8132   -0.2256
...    93 C-G ...
   15.8423 -150.4146  -17.6273
    0.7821   -0.4038    0.4747
    0.3230   -0.3887   -0.8629
    0.5329    0.8282   -0.1736
...    94 C-G ...
   17.9671 -147.7368  -17.8463
    0.8061   -0.5788   -0.1234
   -0.1651   -0.0197   -0.9861
    0.5683    0.8152   -0.1115
...    95 T-A ...
   20.0755 -145.0919  -17.9378
    0.5601   -0.4776   -0.6769
   -0.5898    0.3440   -0.7307
    0.5818    0.8084   -0.0890
...    96 C-G ...
   22.0666 -142.4004  -18.1283
    0.0680   -0.1225   -0.9901
   -0.8223    0.5551   -0.1251
    0.5650    0.8227   -0.0630
...    97 A-T ...
   23.5532 -139.3632  -18.0831
   -0.4925    0.2265   -0.8403
   -0.6926    0.4827    0.5360
    0.5270    0.8460   -0.0809
...    98 T-A ...
   25.6480 -136.8895  -18.7833
   -0.7839    0.4559   -0.4215
   -0.3318    0.2663    0.9050
    0.5248    0.8493   -0.0575
...    99 G-C ...
   27.3271 -133.9497  -18.6332
   -0.8799    0.4223    0.2179
    0.2106   -0.0646    0.9754
    0.4260    0.9042   -0.0321
...   100 T-A ...
   28.3570 -130.8612  -19.2086
   -0.6453    0.2592    0.7186
    0.6597   -0.2852    0.6953
    0.3851    0.9228    0.0130
...   101 T-A ...
   29.4442 -127.8113  -19.1469
   -0.1488   -0.0052    0.9889
    0.9203   -0.3667    0.1366
    0.3619    0.9303    0.0594
...   102 A-T ...
   30.9359 -124.7821  -18.7525
    0.4525   -0.2995    0.8400
    0.8207   -0.2286   -0.5236
    0.3488    0.9263    0.1424
...   103 T-A ...
   31.6246 -121.7067  -17.7479
    0.8222   -0.3698    0.4328
    0.4598   -0.0169   -0.8879
    0.3356    0.9290    0.1561
...   104 A-T ...
   32.8210 -118.4274  -17.9146
    0.9353   -0.1828   -0.3030
   -0.2546    0.2470   -0.9350
    0.2457    0.9516    0.1844
...   105 A-T ...
   33.7170 -115.4010  -17.0059
    0.5943    0.0857   -0.7997
   -0.7826    0.2906   -0.5505
    0.1852    0.9530    0.2397
...   106 C-G ...
   34.9013 -112.3934  -15.9482
    0.0507    0.2534   -0.9660
   -0.9833    0.1818   -0.0039
    0.1747    0.9501    0.2584
...   107 G-C ...
   34.9723 -109.1936  -14.7234
   -0.5672    0.2521   -0.7840
   -0.8163   -0.0462    0.5757
    0.1089    0.9666    0.2320
...   108 G-C ...
   35.5820 -105.9473  -13.8891
   -0.9405    0.0986   -0.3253
   -0.3393   -0.2170    0.9153
    0.0197    0.9712    0.2375
...   109 A-T ...
   35.7377 -102.7551  -13.0974
   -0.9526   -0.1121    0.2827
    0.3023   -0.2493    0.9200
   -0.0327    0.9619    0.2714
...   110 G-C ...
   35.3737  -99.5480  -12.3151
   -0.6217   -0.3341    0.7085
    0.7762   -0.1414    0.6144
   -0.1051    0.9319    0.3472
...   111 G-C ...
   34.6269  -96.5233  -11.0102
   -0.0646   -0.4661    0.8824
    0.9852    0.1107    0.1307
   -0.1586    0.8778    0.4521
...   112 C-G ...
   33.6612  -93.8843   -9.2144
    0.5098   -0.3742    0.7746
    0.8437    0.3936   -0.3651
   -0.1683    0.8397    0.5164
...   113 T-A ...
   33.0122  -91.3462   -7.1367
    0.9026   -0.1358    0.4084
    0.4052    0.5883   -0.6998
   -0.1453    0.7972    0.5860
...   114 C-G ...
   32.7107  -88.7891   -5.0409
    0.9590    0.2607   -0.1110
   -0.2464    0.5739   -0.7810
   -0.1399    0.7763    0.6146
...   115 G-C ...
   32.1909  -85.8834   -3.3250
    0.6163    0.5298   -0.5826
   -0.7830    0.3337   -0.5249
   -0.0837    0.7797    0.6205
...   116 T-A ...
   32.4902  -83.4219   -1.0077
    0.0689    0.6348   -0.7696
   -0.9933   -0.0283   -0.1123
   -0.0930    0.7721    0.6286
...   117 A-T ...
   31.4220  -81.2111    1.5019
   -0.6628    0.4949   -0.5619
   -0.7447   -0.5143    0.4254
   -0.0785    0.7004    0.7094
...   118 T-A ...
   31.5607  -78.5420    3.4647
   -0.9586    0.1508   -0.2414
   -0.2748   -0.7113    0.6470
   -0.0741    0.6866    0.7233
...   119 A-T ...
   31.4056  -76.6145    6.2947
   -0.8981   -0.3759    0.2281
    0.4302   -0.6440    0.6326
   -0.0909    0.6663    0.7401
...   120 A-T ...
   30.9659  -74.3986    8.6275
   -0.4633   -0.7022    0.5407
    0.8801   -0.2928    0.3738
   -0.1041    0.6490    0.7536
...   121 T-A ...
   29.9763  -72.2900   10.9483
    0.0697   -0.7642    0.6412
    0.9914    0.1244    0.0406
   -0.1108    0.6328    0.7663
...   122 G-C ...
   29.9436  -70.3099   13.6948
    0.6647   -0.5898    0.4585
    0.7418    0.5938   -0.3116
   -0.0885    0.5473    0.8323
...   123 T-A ...
   29.4220  -69.0571   16.7554
    0.9667   -0.1720    0.1894
    0.2454    0.8324   -0.4968
   -0.0722    0.5267    0.8470
...   124 G-C ...
   29.3890  -67.0167   19.4473
    0.9127    0.3540   -0.2040
   -0.4085    0.7825   -0.4699
   -0.0067    0.5122    0.8589
...   125 T-A ...
   29.8141  -65.7291   22.5424
    0.5250    0.7318   -0.4346
   -0.8511    0.4500   -0.2705
   -0.0024    0.5119    0.8591
...   126 C-G ...
   29.8823  -64.0563   25.4277
   -0.1287    0.8523   -0.5070
   -0.9917   -0.1144    0.0593
   -0.0074    0.5104    0.8599
...   127 G-C ...
   29.4027  -62.5337   28.4632
   -0.7001    0.5675   -0.4335
   -0.7113   -0.6082    0.3525
   -0.0636    0.5551    0.8294
...   128 A-T ...
   29.2735  -60.6964   31.2221
   -0.9886    0.0514   -0.1418
   -0.1204   -0.8352    0.5366
   -0.0909    0.5475    0.8319
...   129 C-G ...
   28.8730  -58.4047   33.6103
   -0.8859   -0.4386    0.1510
    0.4475   -0.7222    0.5274
   -0.1222    0.5348    0.8361
...   130 C-G ...
   28.2000  -56.5587   36.3737
   -0.4529   -0.8207    0.3483
    0.8720   -0.3262    0.3650
   -0.1860    0.4690    0.8634
...   131 A-T ...
   27.8288  -55.1396   39.4229
    0.1864   -0.8930    0.4097
    0.9612    0.2520    0.1120
   -0.2032    0.3729    0.9053
...   132 A-T ...
   27.0051  -54.0817   42.3907
    0.7261   -0.5628    0.3950
    0.6547    0.7413   -0.1475
   -0.2098    0.3657    0.9068
...   133 A-T ...
   26.2487  -53.1190   45.4151
    0.9704    0.0053    0.2415
    0.0820    0.9332   -0.3498
   -0.2272    0.3592    0.9052
...   134 T-A ...
   25.6309  -52.5797   48.6349
    0.8597    0.5096    0.0340
   -0.4497    0.7867   -0.4230
   -0.2423    0.3484    0.9055
...   135 G-C ...
   25.2859  -52.4981   52.0750
    0.3205    0.9427   -0.0927
   -0.8825    0.2616   -0.3908
   -0.3442    0.2071    0.9158
...   136 T-A ...
   25.5356  -52.9668   55.8002
   -0.2443    0.9563   -0.1608
   -0.8908   -0.2868   -0.3525
   -0.3832    0.0571    0.9219
...   137 G-C ...
   24.9038  -52.7260   58.9821
   -0.7529    0.5562   -0.3519
   -0.5214   -0.8303   -0.1968
   -0.4017    0.0354    0.9151
...   138 A-T ...
   24.0250  -51.6261   61.9210
   -0.9563    0.0400   -0.2896
   -0.0523   -0.9980    0.0347
   -0.2877    0.0483    0.9565
...   139 G-C ...
   22.3575  -51.2300   64.4909
   -0.8529   -0.5117   -0.1032
    0.4973   -0.8566    0.1372
   -0.1586    0.0657    0.9852
...   140 C-G ...
   22.1609  -50.1386   67.4618
   -0.4681   -0.8749    0.1247
    0.8495   -0.4066    0.3363
   -0.2435    0.2633    0.9335
...   141 G-C ...
   21.4367  -51.8164   72.7856
    0.1304   -0.7141   -0.6877
    0.8897   -0.2218    0.3990
   -0.4375   -0.6639    0.6065
...   142 C-G ...
   20.4355  -54.2994   74.5395
    0.5847   -0.7390   -0.3347
    0.7593    0.3532    0.5466
   -0.2857   -0.5737    0.7676
...   143 T-A ...
   18.4378  -55.5190   76.5272
    0.8548   -0.5006    0.1370
    0.3188    0.7147    0.6225
   -0.4096   -0.4884    0.7705
...   144 C-G ...
   16.8485  -57.7126   78.2648
    0.8529   -0.0846    0.5152
   -0.1509    0.9047    0.3983
   -0.4998   -0.4175    0.7589
...   145 A-T ...
   15.7933  -59.5518   80.7963
    0.5515    0.4995    0.6681
   -0.6739    0.7388    0.0040
   -0.4915   -0.4525    0.7441
...   146 C-G ...
   15.7411  -61.4839   83.9295
    0.0342    0.7400    0.6718
   -0.8637    0.3601   -0.3527
   -0.5029   -0.5681    0.6514
...   147 A-T ...
   14.7481  -63.4170   86.8165
   -0.5923    0.6746    0.4405
   -0.6886   -0.1400   -0.7115
   -0.4183   -0.7247    0.5475
