  147 base-pairs
...     1 T-A ...
    0.0000    0.0000    0.0000
    1.0000    0.0000    0.0000
    0.0000    1.0000    0.0000
    0.0000    0.0000    1.0000
...     2 G-C ...
   -0.5555   -1.1003    3.3981
    0.7749    0.6051    0.1828
   -0.5991    0.7953   -0.0929
   -0.2016   -0.0375    0.9787
...     3 T-A ...
   -0.6619   -3.0237    6.5348
    0.3046    0.9250    0.2271
   -0.8994    0.3578   -0.2510
   -0.3134   -0.1278    0.9410
...     4 G-C ...
   -1.1607   -3.8418    9.6940
   -0.3351    0.9421    0.0133
   -0.8752   -0.3061   -0.3746
   -0.3489   -0.1372    0.9271
...     5 A-T ...
   -1.3881   -3.6770   12.8999
   -0.7835    0.6162   -0.0801
   -0.5677   -0.7622   -0.3109
   -0.2527   -0.1981    0.9470
...     6 G-C ...
   -2.6236   -3.5448   15.7072
   -0.9923    0.0611   -0.1075
   -0.0294   -0.9610   -0.2748
   -0.1201   -0.2695    0.9555
...     7 C-G ...
   -2.3138   -3.7570   18.8866
   -0.8620   -0.4995   -0.0864
    0.5008   -0.8655    0.0073
   -0.0785   -0.0370    0.9962
...     8 G-C ...
   -3.9561   -6.8109   23.3205
   -0.2581   -0.3560   -0.8981
    0.6294   -0.7673    0.1233
   -0.7330   -0.5335    0.4221
...     9 C-G ...
   -6.1177   -8.9414   24.2385
    0.1143   -0.7320   -0.6716
    0.8123   -0.3203    0.4874
   -0.5720   -0.6013    0.5580
...    10 T-A ...
   -8.5041   -9.6771   26.0540
    0.4660   -0.8587   -0.2131
    0.6274    0.1508    0.7640
   -0.6239   -0.4897    0.6090
...    11 C-G ...
  -11.0625  -11.3174   27.2336
    0.6660   -0.6911    0.2808
    0.3382    0.6152    0.7121
   -0.6649   -0.3794    0.6435
...    12 A-T ...
  -13.0013  -13.1789   29.0658
    0.7188   -0.1490    0.6790
   -0.1787    0.9043    0.3876
   -0.6718   -0.4000    0.6235
...    13 C-G ...
  -14.1788  -15.9359   31.3399
    0.4052    0.2865    0.8682
   -0.5270    0.8492   -0.0343
   -0.7470   -0.4437    0.4951
...    14 A-T ...
  -15.9532  -18.1566   33.3080
   -0.1503    0.6873    0.7107
   -0.6106    0.5008   -0.6135
   -0.7776   -0.5261    0.3444
...    15 A-T ...
  -18.2813  -19.9766   34.7088
   -0.5292    0.8173    0.2280
   -0.4080   -0.0095   -0.9129
   -0.7440   -0.5762    0.3385
...    16 T-A ...
  -20.4734  -21.7545   36.4968
   -0.7019    0.6588   -0.2710
   -0.0621   -0.4356   -0.8980
   -0.7096   -0.6134    0.3466
...    17 T-A ...
  -22.7045  -23.6449   37.9795
   -0.6505    0.2177   -0.7277
    0.3937   -0.7226   -0.5681
   -0.6495   -0.6561    0.3843
...    18 T-A ...
  -24.8807  -25.5825   39.4592
   -0.3153   -0.2822   -0.9061
    0.7282   -0.6842   -0.0403
   -0.6086   -0.6725    0.4212
...    19 A-T ...
  -26.5489  -28.0304   41.0944
    0.2361   -0.6294   -0.7403
    0.7835   -0.3274    0.5282
   -0.5748   -0.7047    0.4159
...    20 T-A ...
  -28.8232  -30.2179   41.9699
    0.6201   -0.6859   -0.3808
    0.5588    0.0455    0.8280
   -0.5506   -0.7263    0.4115
...    21 T-A ...
  -30.5947  -32.6498   43.1405
    0.8604   -0.4925    0.1311
    0.1042    0.4218    0.9007
   -0.4989   -0.7613    0.4142
...    22 C-G ...
  -32.0168  -35.2575   44.4971
    0.7915   -0.0945    0.6039
   -0.4379    0.6017    0.6680
   -0.4265   -0.7931    0.4348
...    23 G-C ...
  -33.2469  -37.7451   46.4442
    0.4534    0.3627    0.8142
   -0.8424    0.4727    0.2585
   -0.2911   -0.8031    0.5198
...    24 C-G ...
  -33.6603  -40.4342   48.3926
   -0.0868    0.5915    0.8016
   -0.9655    0.1483   -0.2140
   -0.2454   -0.7925    0.5582
...    25 A-T ...
  -34.7065  -42.9854   50.2932
   -0.6357    0.5995    0.4863
   -0.7337   -0.2734   -0.6220
   -0.2399   -0.7522    0.6137
...    26 A-T ...
  -35.2609  -45.3288   52.5138
   -0.9624    0.2665    0.0524
   -0.2010   -0.5689   -0.7975
   -0.1827   -0.7780    0.6011
...    27 A-T ...
  -35.7763  -47.6892   54.7251
   -0.8984   -0.1759   -0.4024
    0.4230   -0.5930   -0.6851
   -0.1181   -0.7857    0.6072
...    28 G-C ...
  -36.2973  -50.1598   56.9241
   -0.5067   -0.4444   -0.7387
    0.8538   -0.3775   -0.3585
   -0.1195   -0.8124    0.5707
...    29 G-C ...
  -36.8299  -52.7974   58.9890
    0.0731   -0.5090   -0.8576
    0.9929   -0.0440    0.1108
   -0.0942   -0.8596    0.5022
...    30 C-G ...
  -37.5337  -55.6561   60.5356
    0.6172   -0.3923   -0.6820
    0.7854    0.2549    0.5641
   -0.0475   -0.8838    0.4654
...    31 C-G ...
  -37.7550  -58.7604   61.8360
    0.9471   -0.0830   -0.3099
    0.3158    0.4122    0.8546
    0.0569   -0.9073    0.4166
...    32 G-C ...
  -37.2312  -61.6646   63.4931
    0.9410    0.2965    0.1634
   -0.2635    0.3382    0.9034
    0.2126   -0.8931    0.3964
...    33 G-C ...
  -36.0196  -64.6081   64.6567
    0.6133    0.5194    0.5950
   -0.7242    0.0692    0.6861
    0.3152   -0.8517    0.4186
...    34 C-G ...
  -34.4488  -67.2455   65.9749
    0.0909    0.5026    0.8597
   -0.9293   -0.2675    0.2546
    0.3579   -0.8221    0.4428
...    35 C-G ...
  -32.9722  -69.7464   67.7535
   -0.4708    0.3073    0.8270
   -0.7987   -0.5466   -0.2516
    0.3747   -0.7789    0.5028
...    36 C-G ...
  -31.6326  -72.1559   69.7570
   -0.8586   -0.0242    0.5122
   -0.3755   -0.6504   -0.6603
    0.3491   -0.7592    0.5493
...    37 G-C ...
  -30.5554  -74.9939   71.2714
   -0.9340   -0.3570   -0.0114
    0.2092   -0.5207   -0.8277
    0.2895   -0.7755    0.5611
...    38 A-T ...
  -29.5456  -77.4767   73.2157
   -0.6145   -0.5915   -0.5220
    0.7324   -0.1820   -0.6561
    0.2931   -0.7855    0.5451
...    39 C-G ...
  -29.1018  -80.0240   75.3228
   -0.1264   -0.5754   -0.8080
    0.9468    0.1732   -0.2713
    0.2960   -0.7993    0.5229
...    40 A-T ...
  -27.8250  -82.6134   77.0483
    0.4220   -0.2748   -0.8639
    0.8429    0.4699    0.2623
    0.3338   -0.8389    0.4299
...    41 C-G ...
  -27.1418  -85.6688   78.1069
    0.7912    0.0585   -0.6088
    0.4897    0.5358    0.6879
    0.3664   -0.8423    0.3953
...    42 G-C ...
  -25.5790  -88.2712   79.6166
    0.8720    0.4631   -0.1585
   -0.0263    0.3677    0.9296
    0.4887   -0.8064    0.3329
...    43 A-T ...
  -23.8146  -90.8618   80.6304
    0.6604    0.6236    0.4183
   -0.5298   -0.0078    0.8481
    0.5322   -0.7817    0.3253
...    44 C-G ...
  -21.5563  -93.2287   81.2850
    0.2575    0.5391    0.8019
   -0.7879   -0.3633    0.4972
    0.5593   -0.7599    0.3312
...    45 T-A ...
  -19.3864  -95.4997   82.4382
   -0.2414    0.2775    0.9299
   -0.7775   -0.6287   -0.0143
    0.5807   -0.7264    0.3676
...    46 T-A ...
  -17.2656  -97.6612   83.6667
   -0.6331   -0.1801    0.7529
   -0.4845   -0.6663   -0.5668
    0.6037   -0.7236    0.3345
...    47 A-T ...
  -15.2608 -100.3671   84.2966
   -0.7630   -0.6153    0.1982
    0.0471   -0.3587   -0.9323
    0.6447   -0.7020    0.3026
...    48 C-G ...
  -13.2795 -102.5476   85.8954
   -0.6237   -0.7012   -0.3454
    0.4521    0.0369   -0.8912
    0.6377   -0.7120    0.2940
...    49 T-A ...
  -11.3683 -105.0295   87.0597
   -0.3092   -0.5235   -0.7939
    0.7220    0.4141   -0.5543
    0.6190   -0.7446    0.2499
...    50 G-C ...
   -9.1191 -107.4443   87.6912
    0.1022   -0.1002   -0.9897
    0.7760    0.6305    0.0163
    0.6223   -0.7697    0.1422
...    51 T-A ...
   -7.5174 -110.3303   87.9109
    0.4705    0.2886   -0.8339
    0.6041    0.5834    0.5428
    0.6431   -0.7592    0.1001
...    52 A-T ...
   -5.1869 -112.7250   88.2728
    0.6865    0.6436   -0.3384
    0.2161    0.2638    0.9401
    0.6943   -0.7185    0.0420
...    53 G-C ...
   -2.7900 -115.0274   88.0826
    0.6435    0.7316    0.2252
   -0.1698   -0.1504    0.9739
    0.7464   -0.6649    0.0274
...    54 G-C ...
    0.0159 -116.9385   88.0253
    0.3819    0.5665    0.7302
   -0.4633   -0.5663    0.6817
    0.7997   -0.5986    0.0462
...    55 T-A ...
    3.0239 -118.4082   87.9628
    0.0596    0.1737    0.9830
   -0.5857   -0.7913    0.1754
    0.8083   -0.5862    0.0545
...    56 A-T ...
    5.4537 -120.8279   87.9877
   -0.3008   -0.4337    0.8494
   -0.4868   -0.6960   -0.5278
    0.8201   -0.5722   -0.0018
...    57 T-A ...
    8.4059 -122.2812   88.4662
   -0.4925   -0.7482    0.4445
   -0.2641   -0.3582   -0.8955
    0.8293   -0.5584   -0.0212
...    58 C-G ...
   11.1882 -124.0846   88.4805
   -0.5647   -0.8020   -0.1946
    0.0810    0.1807   -0.9802
    0.8213   -0.5693   -0.0371
...    59 T-A ...
   13.8172 -126.1458   88.5926
   -0.4774   -0.5358   -0.6965
    0.3774    0.5908   -0.7131
    0.7935   -0.6033   -0.0798
...    60 C-G ...
   16.4062 -128.1732   88.3703
   -0.1955   -0.0426   -0.9798
    0.5858    0.7962   -0.1515
    0.7865   -0.6036   -0.1306
...    61 G-C ...
   19.2736 -129.8936   87.8213
    0.0576    0.4996   -0.8644
    0.6171    0.6628    0.4242
    0.7848   -0.5578   -0.2701
...    62 A-T ...
   21.8284 -131.6846   86.8000
    0.3712    0.8257   -0.4248
    0.4813    0.2201    0.8484
    0.7941   -0.5194   -0.3157
...    63 G-C ...
   24.4108 -133.2727   85.4300
    0.5164    0.8467    0.1280
    0.2318   -0.2822    0.9309
    0.8243   -0.4511   -0.3420
...    64 C-G ...
   27.2229 -134.3509   83.9807
    0.5310    0.5555    0.6399
   -0.0658   -0.7258    0.6847
    0.8448   -0.4057   -0.3488
...    65 T-A ...
   30.1895 -135.3364   82.7867
    0.3814    0.0708    0.9217
   -0.3154   -0.9273    0.2018
    0.8689   -0.3676   -0.3313
...    66 C-G ...
   33.1455 -136.4544   81.7745
    0.1149   -0.5180    0.8476
   -0.4768   -0.7773   -0.4104
    0.8715   -0.3570   -0.3363
...    67 G-C ...
   35.8455 -137.9472   80.3706
   -0.2414   -0.8547    0.4596
   -0.4507   -0.3207   -0.8331
    0.8594   -0.4082   -0.3078
...    68 G-C ...
   38.8892 -139.2315   79.5324
   -0.5112   -0.8564   -0.0725
   -0.2475    0.2275   -0.9418
    0.8230   -0.4635   -0.3283
...    69 G-C ...
   41.7664 -140.8278   78.6690
   -0.6355   -0.5377   -0.5540
    0.0675    0.6762   -0.7337
    0.7691   -0.5036   -0.3934
...    70 A-T ...
   44.3112 -142.5012   77.4513
   -0.5191   -0.0002   -0.8547
    0.4254    0.8673   -0.2586
    0.7413   -0.4978   -0.4501
...    71 T-A ...
   46.3176 -144.6365   75.9968
   -0.2581    0.4579   -0.8507
    0.6337    0.7449    0.2087
    0.7292   -0.4853   -0.4824
...    72 C-G ...
   48.6330 -146.1611   74.2615
    0.1177    0.8401   -0.5296
    0.6877    0.3158    0.6537
    0.7164   -0.4411   -0.5405
...    73 C-G ...
   50.9372 -147.3169   72.0836
    0.4137    0.9100   -0.0257
    0.5552   -0.2298    0.7994
    0.7215   -0.3450   -0.6003
...    74 G-C ...
   53.7488 -148.2560   70.4148
    0.5997    0.6319    0.4909
    0.2822   -0.7411    0.6092
    0.7488   -0.2268   -0.6228
...    75 C-G ...
   56.3397 -148.5150   68.2885
    0.6463    0.0998    0.7565
   -0.0810   -0.9768    0.1981
    0.7588   -0.1893   -0.6233
...    76 T-A ...
   59.0379 -148.8332   66.3113
    0.4855   -0.4654    0.7400
   -0.4127   -0.8683   -0.2754
    0.7707   -0.1717   -0.6136
...    77 T-A ...
   61.6759 -149.0855   64.3793
    0.1885   -0.9063    0.3782
   -0.6439   -0.4048   -0.6492
    0.7415   -0.1212   -0.6599
...    78 T-A ...
   64.2745 -149.3173   62.4031
   -0.2048   -0.9718   -0.1172
   -0.6542    0.2250   -0.7221
    0.7280   -0.0712   -0.6818
...    79 A-T ...
   66.5528 -149.2225   59.8819
   -0.5937   -0.5935   -0.5435
   -0.3907    0.8030   -0.4500
    0.7035   -0.0548   -0.7086
...    80 A-T ...
   68.8642 -149.5649   57.6327
   -0.7346   -0.0129   -0.6784
    0.0202    0.9990   -0.0408
    0.6782   -0.0437   -0.7336
...    81 C-G ...
   70.9037 -150.2992   55.1620
   -0.6542    0.5256   -0.5439
    0.4182    0.8505    0.3189
    0.6302   -0.0188   -0.7762
...    82 A-T ...
   72.9919 -150.1262   52.5124
   -0.3815    0.9133   -0.1425
    0.7520    0.3963    0.5267
    0.5376    0.0938   -0.8380
...    83 C-G ...
   74.1520 -149.7963   49.4398
    0.0581    0.9772    0.2041
    0.8611   -0.1525    0.4851
    0.5052    0.1476   -0.8503
...    84 T-A ...
   75.5858 -148.9507   46.5528
    0.5018    0.7185    0.4816
    0.7188   -0.6561    0.2299
    0.4812    0.2308   -0.8457
...    85 T-A ...
   76.9726 -147.9434   43.7710
    0.8581    0.1898    0.4770
    0.2772   -0.9534   -0.1192
    0.4322    0.2345   -0.8708
...    86 T-A ...
   78.2915 -146.8342   40.9790
    0.8827   -0.4101    0.2296
   -0.3078   -0.8735   -0.3772
    0.3552    0.2623   -0.8972
...    87 A-T ...
   78.6678 -146.3687   37.4943
    0.4356   -0.8630   -0.2558
   -0.8718   -0.3337   -0.3586
    0.2241    0.3792   -0.8978
...    88 T-A ...
   80.0301 -144.9919   34.7759
   -0.0901   -0.8938   -0.4392
   -0.9758    0.1676   -0.1408
    0.1994    0.4159   -0.8873
...    89 G-C ...
   80.4292 -143.4353   31.8251
   -0.6694   -0.6525   -0.3551
   -0.7332    0.6574    0.1742
    0.1197    0.3770   -0.9185
...    90 C-G ...
   81.1558 -142.4500   28.7217
   -0.9706   -0.2049   -0.1266
   -0.2378    0.8989    0.3681
    0.0384    0.3874   -0.9211
...    91 T-A ...
   81.1337 -141.4180   25.5750
   -0.9440    0.2617    0.2011
    0.3202    0.8736    0.3664
   -0.0798    0.4102   -0.9085
...    92 T-A ...
   80.6949 -140.1512   22.6462
   -0.5870    0.6756    0.4462
    0.7961    0.5819    0.1663
   -0.1473    0.4528   -0.8794
...    93 C-G ...
   80.0221 -138.4753   19.9257
    0.0090    0.8553    0.5180
    0.9788    0.0984   -0.1795
   -0.2045    0.5087   -0.8363
...    94 C-G ...
   79.1732 -136.2620   17.4968
    0.5751    0.7219    0.3847
    0.7824   -0.3481   -0.5164
   -0.2389    0.5980   -0.7651
...    95 G-C ...
   78.9621 -134.1132   14.8421
    0.9367    0.3489    0.0294
    0.2608   -0.6392   -0.7234
   -0.2337    0.6853   -0.6898
...    96 G-C ...
   78.4171 -131.5237   12.6762
    0.9143   -0.0984   -0.3928
   -0.3463   -0.6928   -0.6326
   -0.2099    0.7144   -0.6675
...    97 C-G ...
   77.9170 -128.8768   10.6077
    0.5349   -0.4760   -0.6981
   -0.8155   -0.5071   -0.2791
   -0.2211    0.7185   -0.6594
...    98 T-A ...
   77.4174 -126.3550    8.4202
   -0.0277   -0.6849   -0.7281
   -0.9683   -0.1625    0.1897
   -0.2483    0.7103   -0.6587
...    99 C-G ...
   76.6829 -123.8356    6.3582
   -0.6188   -0.6524   -0.4376
   -0.7272    0.2651    0.6331
   -0.2970    0.7100   -0.6385
...   100 G-C ...
   75.5777 -121.1015    4.6216
   -0.8677   -0.4858    0.1053
   -0.2167    0.5604    0.7994
   -0.4473    0.6709   -0.5915
...   101 T-A ...
   74.0435 -119.3571    2.3012
   -0.8113   -0.1648    0.5609
    0.2836    0.7281    0.6241
   -0.5112    0.6654   -0.5440
...   102 T-A ...
   72.2480 -117.3060    0.5842
   -0.4591    0.2228    0.8600
    0.6846    0.7057    0.1827
   -0.5662    0.6726   -0.4765
...   103 C-G ...
   70.2629 -115.0540   -0.7035
    0.0809    0.5457    0.8340
    0.7907    0.4743   -0.3870
   -0.6068    0.6908   -0.3932
...   104 A-T ...
   68.4026 -112.4680   -1.8159
    0.5896    0.6467    0.4838
    0.5384    0.1318   -0.8323
   -0.6021    0.7512   -0.2704
...   105 T-A ...
   66.2131 -109.9859   -2.0070
    0.7718    0.6348   -0.0360
    0.1313   -0.2145   -0.9679
   -0.6221    0.7423   -0.2489
...   106 G-C ...
   64.2658 -107.5458   -3.2453
    0.6824    0.3599   -0.6362
   -0.4126   -0.5287   -0.7417
   -0.6033    0.7687   -0.2123
...   107 T-A ...
   62.6058 -104.5843   -3.5675
    0.3107    0.0245   -0.9502
   -0.7210   -0.6453   -0.2524
   -0.6194    0.7635   -0.1828
...   108 T-A ...
   60.7973 -101.8703   -3.9726
   -0.2539   -0.3152   -0.9144
   -0.7304   -0.5573    0.3949
   -0.6341    0.7682   -0.0888
...   109 A-T ...
   58.3150  -99.4722   -3.4151
   -0.7350   -0.5635   -0.3771
   -0.2941   -0.2363    0.9261
   -0.6110    0.7916    0.0079
...   110 T-A ...
   56.4124  -96.8446   -4.0069
   -0.7713   -0.6136    0.1691
    0.1515    0.0811    0.9851
   -0.6182    0.7854    0.0304
...   111 A-T ...
   54.3622  -94.1842   -3.6424
   -0.4333   -0.5209    0.7355
    0.5920    0.4509    0.6681
   -0.6796    0.7248    0.1130
...   112 A-T ...
   52.0465  -91.9702   -3.2214
    0.0379   -0.2064    0.9777
    0.7194    0.6847    0.1167
   -0.6936    0.6990    0.1744
...   113 C-G ...
   49.3892  -90.1951   -2.4086
    0.4638    0.1576    0.8718
    0.5562    0.7142   -0.4249
   -0.6896    0.6819    0.2436
...   114 G-C ...
   47.4956  -87.5384   -1.3415
    0.7720    0.4743    0.4232
    0.1050    0.5615   -0.8208
   -0.6270    0.6780    0.3837
...   115 G-C ...
   45.7645  -85.1316    0.3776
    0.7199    0.6768   -0.1538
   -0.4066    0.2317   -0.8837
   -0.5625    0.6988    0.4420
...   116 A-T ...
   44.0329  -82.7262    1.9388
    0.2833    0.6872   -0.6690
   -0.7848   -0.2348   -0.5736
   -0.5512    0.6875    0.4728
...   117 A-T ...
   42.4806  -80.4147    3.6858
   -0.3132    0.4457   -0.8386
   -0.7765   -0.6286   -0.0441
   -0.5468    0.6374    0.5429
...   118 T-A ...
   41.1971  -77.8569    5.4218
   -0.7104    0.0594   -0.7013
   -0.4687   -0.7832    0.4085
   -0.5250    0.6189    0.5842
...   119 A-T ...
   39.5287  -76.4131    8.1876
   -0.8721   -0.4685   -0.1411
    0.2183   -0.6307    0.7447
   -0.4379    0.6187    0.6523
...   120 A-T ...
   38.0726  -74.2889   10.1887
   -0.5596   -0.7529    0.3464
    0.7164   -0.2292    0.6590
   -0.4168    0.6169    0.6676
...   121 T-A ...
   36.1864  -72.2969   12.0122
   -0.0855   -0.7698    0.6326
    0.9070    0.2026    0.3691
   -0.4123    0.6053    0.6809
...   122 G-C ...
   35.1168  -70.2953   14.5402
    0.5296   -0.5547    0.6418
    0.7585    0.6483   -0.0656
   -0.3797    0.5216    0.7641
...   123 T-A ...
   33.6408  -69.1530   17.2911
    0.8790   -0.1240    0.4604
    0.3290    0.8566   -0.3975
   -0.3451    0.5009    0.7937
...   124 G-C ...
   32.8059  -67.2001   19.9417
    0.9213    0.3859    0.0470
   -0.2990    0.7808   -0.5485
   -0.2484    0.4913    0.8348
...   125 T-A ...
   32.4596  -65.9327   23.0360
    0.5958    0.7512   -0.2842
   -0.7716    0.4372   -0.4620
   -0.2228    0.4946    0.8401
...   126 C-G ...
   31.8573  -64.2167   25.8344
   -0.0291    0.8604   -0.5088
   -0.9784   -0.1288   -0.1620
   -0.2049    0.4931    0.8455
...   127 G-C ...
   30.6986  -62.6361   28.6623
   -0.6172    0.5723   -0.5399
   -0.7570   -0.6191    0.2092
   -0.2145    0.5378    0.8153
...   128 A-T ...
   30.0871  -60.8229   31.4015
   -0.9587    0.0488   -0.2803
   -0.1883   -0.8474    0.4965
   -0.2133    0.5287    0.8215
...   129 C-G ...
   29.3810  -58.5537   33.7912
   -0.8936   -0.4469    0.0417
    0.3907   -0.7287    0.5625
   -0.2210    0.5189    0.8257
...   130 C-G ...
   28.5265  -56.6895   36.5099
   -0.4737   -0.8279    0.3002
    0.8414   -0.3249    0.4318
   -0.2600    0.4572    0.8505
...   131 A-T ...
   28.0476  -55.2145   39.5310
    0.1737   -0.8899    0.4217
    0.9511    0.2628    0.1627
   -0.2556    0.3728    0.8920
...   132 A-T ...
   27.0937  -54.1232   42.4449
    0.7168   -0.5541    0.4233
    0.6516    0.7484   -0.1237
   -0.2482    0.3645    0.8975
...   133 A-T ...
   26.2614  -53.1271   45.4314
    0.9665    0.0100    0.2566
    0.0823    0.9345   -0.3462
   -0.2432    0.3557    0.9024
...   134 T-A ...
   25.6308  -52.5797   48.6349
    0.8597    0.5096    0.0340
   -0.4497    0.7867   -0.4230
   -0.2423    0.3484    0.9055
...   135 G-C ...
   25.2859  -52.4981   52.0750
    0.3205    0.9427   -0.0927
   -0.8825    0.2616   -0.3908
   -0.3441    0.2071    0.9158
...   136 T-A ...
   25.5356  -52.9669   55.8002
   -0.2443    0.9563   -0.1608
   -0.8908   -0.2868   -0.3525
   -0.3832    0.0571    0.9219
...   137 G-C ...
   24.9038  -52.7260   58.9821
   -0.7529    0.5562   -0.3519
   -0.5214   -0.8303   -0.1968
   -0.4017    0.0354    0.9151
...   138 A-T ...
   24.0249  -51.6261   61.9211
   -0.9563    0.0400   -0.2896
   -0.0523   -0.9980    0.0347
   -0.2877    0.0483    0.9565
...   139 G-C ...
   22.3574  -51.2300   64.4909
   -0.8529   -0.5117   -0.1032
    0.4973   -0.8566    0.1372
   -0.1586    0.0657    0.9852
...   140 C-G ...
   22.1609  -50.1386   67.4618
   -0.4681   -0.8749    0.1247
    0.8495   -0.4066    0.3363
   -0.2435    0.2633    0.9335
...   141 G-C ...
   21.4367  -51.8164   72.7856
    0.1304   -0.7141   -0.6877
    0.8897   -0.2218    0.3990
   -0.4375   -0.6639    0.6065
...   142 C-G ...
   20.4355  -54.2995   74.5395
    0.5847   -0.7390   -0.3347
    0.7593    0.3532    0.5466
   -0.2857   -0.5737    0.7676
...   143 T-A ...
   18.4378  -55.5190   76.5273
    0.8548   -0.5006    0.1370
    0.3188    0.7147    0.6225
   -0.4096   -0.4884    0.7705
...   144 C-G ...
   16.8485  -57.7127   78.2648
    0.8529   -0.0846    0.5152
   -0.1509    0.9047    0.3983
   -0.4998   -0.4175    0.7589
...   145 A-T ...
   15.7934  -59.5518   80.7963
    0.5515    0.4995    0.6681
   -0.6739    0.7388    0.0040
   -0.4915   -0.4525    0.7441
...   146 C-G ...
   15.7411  -61.4839   83.9296
    0.0342    0.7400    0.6718
   -0.8637    0.3601   -0.3527
   -0.5029   -0.5681    0.6514
...   147 A-T ...
   14.7482  -63.4171   86.8165
   -0.5923    0.6746    0.4405
   -0.6886   -0.1400   -0.7115
   -0.4183   -0.7247    0.5475
