  147 base-pairs
...     1 T-A ...
    0.0000    0.0000    0.0000
    1.0000    0.0000    0.0000
    0.0000    1.0000    0.0000
    0.0000    0.0000    1.0000
...     2 G-C ...
   -0.5555   -1.1003    3.3981
    0.7749    0.6051    0.1828
   -0.5991    0.7953   -0.0929
   -0.2016   -0.0375    0.9787
...     3 T-A ...
   -0.6619   -3.0237    6.5348
    0.3046    0.9250    0.2271
   -0.8994    0.3578   -0.2510
   -0.3134   -0.1278    0.9410
...     4 G-C ...
   -1.1607   -3.8418    9.6940
   -0.3351    0.9421    0.0133
   -0.8752   -0.3061   -0.3746
   -0.3489   -0.1372    0.9271
...     5 A-T ...
   -1.3881   -3.6770   12.8999
   -0.7835    0.6162   -0.0801
   -0.5677   -0.7622   -0.3109
   -0.2527   -0.1981    0.9470
...     6 G-C ...
   -2.6236   -3.5448   15.7072
   -0.9923    0.0611   -0.1075
   -0.0294   -0.9610   -0.2748
   -0.1201   -0.2695    0.9555
...     7 C-G ...
   -2.3138   -3.7570   18.8866
   -0.8620   -0.4995   -0.0864
    0.5008   -0.8655    0.0073
   -0.0785   -0.0370    0.9962
...     8 G-C ...
   -3.9561   -6.8109   23.3205
   -0.2581   -0.3560   -0.8981
    0.6294   -0.7673    0.1233
   -0.7330   -0.5335    0.4221
...     9 C-G ...
   -6.1177   -8.9414   24.2385
    0.1143   -0.7320   -0.6716
    0.8123   -0.3203    0.4874
   -0.5720   -0.6013    0.5580
...    10 T-A ...
   -8.5041   -9.6771   26.0540
    0.4660   -0.8587   -0.2131
    0.6274    0.1508    0.7640
   -0.6239   -0.4897    0.6090
...    11 C-G ...
  -11.0625  -11.3174   27.2336
    0.6660   -0.6911    0.2808
    0.3382    0.6152    0.7121
   -0.6649   -0.3794    0.6435
...    12 A-T ...
  -13.0013  -13.1789   29.0658
    0.7188   -0.1490    0.6790
   -0.1787    0.9043    0.3876
   -0.6718   -0.4000    0.6235
...    13 C-G ...
  -14.1788  -15.9359   31.3399
    0.4052    0.2865    0.8682
   -0.5270    0.8492   -0.0343
   -0.7470   -0.4437    0.4951
...    14 A-T ...
  -15.9532  -18.1566   33.3080
   -0.1503    0.6873    0.7107
   -0.6106    0.5008   -0.6135
   -0.7776   -0.5261    0.3444
...    15 A-T ...
  -18.2895  -19.9742   34.6956
   -0.5251    0.8204    0.2262
   -0.4052   -0.0073   -0.9142
   -0.7484   -0.5717    0.3363
...    16 T-A ...
  -20.5042  -21.7300   36.4686
   -0.6919    0.6676   -0.2748
   -0.0624   -0.4345   -0.8985
   -0.7193   -0.6045    0.3423
...    17 T-A ...
  -22.7808  -23.5890   37.9129
   -0.6362    0.2356   -0.7347
    0.3841   -0.7291   -0.5664
   -0.6691   -0.6426    0.3733
...    18 T-A ...
  -25.0271  -25.4853   39.3339
   -0.3062   -0.2641   -0.9146
    0.7086   -0.7048   -0.0337
   -0.6357   -0.6583    0.4030
...    19 A-T ...
  -26.8345  -27.8910   40.8740
    0.2324   -0.6245   -0.7457
    0.7588   -0.3632    0.5406
   -0.6085   -0.6915    0.3894
...    20 T-A ...
  -29.2096  -30.0112   41.6528
    0.6042   -0.7027   -0.3759
    0.5375    0.0111    0.8432
   -0.5883   -0.7114    0.3844
...    21 T-A ...
  -31.1173  -32.3893   42.7252
    0.8325   -0.5326    0.1526
    0.0922    0.4048    0.9098
   -0.5463   -0.7433    0.3861
...    22 C-G ...
  -32.7144  -34.9479   43.9909
    0.7593   -0.1424    0.6349
   -0.4352    0.6143    0.6582
   -0.4838   -0.7761    0.4045
...    23 G-C ...
  -34.2010  -37.3772   45.8296
    0.4286    0.3237    0.8435
   -0.8270    0.5165    0.2220
   -0.3638   -0.7928    0.4890
...    24 C-G ...
  -34.8948  -40.0801   47.6789
   -0.0988    0.5820    0.8071
   -0.9404    0.2107   -0.2670
   -0.3255   -0.7854    0.5265
...    25 A-T ...
  -36.2198  -42.6065   49.4327
   -0.6270    0.6296    0.4588
   -0.7073   -0.2132   -0.6740
   -0.3265   -0.7471    0.5790
...    26 A-T ...
  -37.0750  -44.9539   51.5482
   -0.9431    0.3324   -0.0054
   -0.1847   -0.5374   -0.8228
   -0.2764   -0.7750    0.5682
...    27 A-T ...
  -37.9139  -47.3188   53.6481
   -0.8778   -0.0958   -0.4694
    0.4246   -0.6091   -0.6698
   -0.2217   -0.7873    0.5754
...    28 G-C ...
  -38.7982  -49.7898   55.7237
   -0.4842   -0.3808   -0.7877
    0.8446   -0.4385   -0.3072
   -0.2284   -0.8141    0.5340
...    29 G-C ...
  -39.7272  -52.4370   57.6271
    0.0954   -0.4878   -0.8678
    0.9735   -0.1362    0.1836
   -0.2077   -0.8623    0.4619
...    30 C-G ...
  -40.7984  -55.2763   58.9869
    0.6324   -0.4257   -0.6471
    0.7569    0.1621    0.6331
   -0.1646   -0.8902    0.4248
...    31 C-G ...
  -41.3883  -58.3958   60.1274
    0.9581   -0.1634   -0.2351
    0.2790    0.3490    0.8946
   -0.0641   -0.9228    0.3800
...    32 G-C ...
  -41.2775  -61.3928   61.7005
    0.9466    0.1917    0.2591
   -0.3105    0.3267    0.8927
    0.0865   -0.9255    0.3688
...    33 G-C ...
  -40.4912  -64.4932   62.8230
    0.6026    0.4243    0.6759
   -0.7763    0.1151    0.6198
    0.1852   -0.8982    0.3987
...    34 C-G ...
  -39.3469  -67.3520   64.1278
    0.0561    0.4473    0.8926
   -0.9728   -0.1769    0.1497
    0.2248   -0.8767    0.4252
...    35 C-G ...
  -38.3315  -70.1000   65.8626
   -0.5183    0.3131    0.7959
   -0.8218   -0.4399   -0.3621
    0.2367   -0.8417    0.4853
...    36 C-G ...
  -37.4551  -72.7599   67.8030
   -0.9050    0.0446    0.4230
   -0.3724   -0.5637   -0.7373
    0.2056   -0.8248    0.5268
...    37 G-C ...
  -36.8377  -75.7862   69.2076
   -0.9617   -0.2416   -0.1296
    0.2359   -0.4882   -0.8402
    0.1397   -0.8386    0.5265
...    38 A-T ...
  -36.3247  -78.4912   71.0426
   -0.6200   -0.4747   -0.6247
    0.7719   -0.2264   -0.5940
    0.1405   -0.8505    0.5068
...    39 C-G ...
  -36.4102  -81.2083   72.9669
   -0.1071   -0.4959   -0.8618
    0.9840    0.0710   -0.1631
    0.1421   -0.8655    0.4804
...    40 A-T ...
  -35.6594  -84.0699   74.5688
    0.4733   -0.2601   -0.8416
    0.8617    0.3349    0.3811
    0.1828   -0.9056    0.3826
...    41 C-G ...
  -35.4681  -87.2611   75.4017
    0.8515    0.0028   -0.5244
    0.4772    0.4104    0.7771
    0.2173   -0.9119    0.3481
...    42 G-C ...
  -34.3800  -90.1573   76.7902
    0.9350    0.3535   -0.0300
   -0.0776    0.2864    0.9550
    0.3461   -0.8905    0.2952
...    43 A-T ...
  -33.0634  -93.0402   77.7003
    0.6858    0.4866    0.5412
   -0.6141   -0.0123    0.7891
    0.3906   -0.8736    0.2904
...    44 C-G ...
  -31.2073  -95.7505   78.3118
    0.2365    0.4188    0.8767
   -0.8772   -0.2961    0.3781
    0.4179   -0.8585    0.2973
...    45 T-A ...
  -29.4886  -98.4090   79.4028
   -0.3031    0.2124    0.9290
   -0.8462   -0.5083   -0.1598
    0.4383   -0.8346    0.3338
...    46 T-A ...
  -27.8061 -100.9635   80.5571
   -0.7286   -0.1699    0.6635
   -0.5019   -0.5267   -0.6860
    0.4661   -0.8329    0.2985
...    47 A-T ...
  -26.2362 -103.9794   81.0092
   -0.8515   -0.5222    0.0470
    0.1021   -0.2531   -0.9620
    0.5143   -0.8144    0.2688
...    48 C-G ...
  -24.7275 -106.5785   82.4880
   -0.6672   -0.5616   -0.4893
    0.5466    0.0772   -0.8338
    0.5060   -0.8238    0.2554
...    49 T-A ...
  -23.2848 -109.4227   83.4820
   -0.2884   -0.3739   -0.8815
    0.8245    0.3712   -0.4272
    0.4869   -0.8500    0.2012
...    50 G-C ...
  -21.4579 -112.2029   83.9679
    0.1892    0.0117   -0.9819
    0.8466    0.5046    0.1691
    0.4974   -0.8633    0.0855
...    51 T-A ...
  -20.2810 -115.2896   83.9056
    0.5865    0.3228   -0.7428
    0.6181    0.4143    0.6681
    0.5234   -0.8510    0.0435
...    52 A-T ...
  -18.3276 -118.0186   84.1022
    0.7963    0.5761   -0.1843
    0.1541    0.1013    0.9828
    0.5849   -0.8111   -0.0081
...    53 G-C ...
  -16.2473 -120.5983   83.7662
    0.7105    0.5901    0.3833
   -0.2847   -0.2571    0.9235
    0.6435   -0.7653   -0.0146
...    54 G-C ...
  -13.7283 -122.8751   83.6489
    0.3816    0.3915    0.8373
   -0.6014   -0.5828    0.5466
    0.7019   -0.7121    0.0131
...    55 T-A ...
  -10.9546 -124.7603   83.5817
   -0.0138    0.0138    0.9998
   -0.7035   -0.7107    0.0001
    0.7106   -0.7033    0.0194
...    56 A-T ...
   -8.9254 -127.5311   83.3383
   -0.4356   -0.5208    0.7341
   -0.5241   -0.5164   -0.6773
    0.7319   -0.6798   -0.0480
...    57 T-A ...
   -6.2512 -129.4675   83.7447
   -0.6283   -0.7315    0.2648
   -0.2244   -0.1555   -0.9620
    0.7449   -0.6638   -0.0664
...    58 C-G ...
   -3.7373 -131.6278   83.6092
   -0.6477   -0.6612   -0.3784
    0.1953    0.3360   -0.9214
    0.7364   -0.6707   -0.0885
...    59 T-A ...
   -1.4304 -134.0430   83.5003
   -0.4812   -0.3233   -0.8148
    0.5182    0.6448   -0.5619
    0.7070   -0.6926   -0.1428
...    60 C-G ...
    0.8663 -136.3620   83.0535
   -0.1124    0.1674   -0.9795
    0.7019    0.7111    0.0410
    0.7034   -0.6829   -0.1974
...    61 G-C ...
    3.5012 -138.3684   82.3272
    0.2007    0.6367   -0.7446
    0.6669    0.4680    0.5799
    0.7176   -0.6129   -0.3307
...    62 A-T ...
    5.8603 -140.2978   81.1028
    0.5201    0.8223   -0.2308
    0.4360   -0.0232    0.8996
    0.7344   -0.5686   -0.3706
...    63 G-C ...
    8.2965 -141.9782   79.5774
    0.6231    0.7120    0.3237
    0.1110   -0.4901    0.8646
    0.7742   -0.5028   -0.3844
...    64 C-G ...
   11.0370 -143.1913   78.0860
    0.5550    0.3246    0.7659
   -0.2285   -0.8258    0.5156
    0.7998   -0.4611   -0.3842
...    65 T-A ...
   13.9084 -144.3949   76.8486
    0.3144   -0.1809    0.9319
   -0.4684   -0.8834   -0.0134
    0.8257   -0.4323   -0.3625
...    66 C-G ...
   16.7271 -145.7559   75.7354
   -0.0321   -0.6937    0.7196
   -0.5595   -0.5841   -0.5880
    0.8282   -0.4215   -0.3694
...    67 G-C ...
   19.2602 -147.3350   74.1225
   -0.4072   -0.8782    0.2511
   -0.4348   -0.0554   -0.8988
    0.8032   -0.4751   -0.3592
...    68 G-C ...
   22.1204 -148.8903   73.1151
   -0.6369   -0.7190   -0.2781
   -0.1413    0.4635   -0.8748
    0.7579   -0.5179   -0.3968
...    69 G-C ...
   24.7573 -150.7255   72.0036
   -0.6766   -0.2850   -0.6789
    0.2270    0.7964   -0.5606
    0.7004   -0.5335   -0.4742
...    70 A-T ...
   27.0620 -152.5098   70.5031
   -0.4554    0.2783   -0.8457
    0.5805    0.8130   -0.0451
    0.6750   -0.5114   -0.5318
...    71 T-A ...
   28.7690 -154.5925   68.6498
   -0.1229    0.6719   -0.7304
    0.7360    0.5554    0.3871
    0.6658   -0.4900   -0.5627
...    72 C-G ...
   30.8980 -156.0723   66.6558
    0.2930    0.9004   -0.3216
    0.6902    0.0336    0.7228
    0.6616   -0.4338   -0.6116
...    73 C-G ...
   33.1100 -157.0971   64.3176
    0.5693    0.7997    0.1908
    0.4571   -0.5008    0.7350
    0.6833   -0.3312   -0.6507
...    74 G-C ...
   35.8063 -158.1517   62.5266
    0.6773    0.3787    0.6308
    0.1063   -0.8987    0.4254
    0.7280   -0.2211   -0.6489
...    75 C-G ...
   38.4151 -158.4282   60.4170
    0.6113   -0.2016    0.7653
   -0.2742   -0.9611   -0.0341
    0.7424   -0.1890   -0.6428
...    76 T-A ...
   41.1017 -158.8121   58.4308
    0.3474   -0.7081    0.6148
   -0.5573   -0.6831   -0.4719
    0.7541   -0.1787   -0.6320
...    77 T-A ...
   43.7320 -159.1387   56.5001
   -0.0125   -0.9872    0.1587
   -0.6767   -0.1085   -0.7282
    0.7362   -0.1165   -0.6667
...    78 T-A ...
   46.3232 -159.4366   54.5260
   -0.3895   -0.8571   -0.3372
   -0.5592    0.5110   -0.6529
    0.7319   -0.0657   -0.6783
...    79 A-T ...
   48.6895 -159.2618   52.0916
   -0.6791   -0.3215   -0.6598
   -0.1967    0.9458   -0.2584
    0.7072   -0.0457   -0.7056
...    80 A-T ...
   50.9669 -159.5763   49.8063
   -0.6931    0.2920   -0.6591
    0.2309    0.9560    0.1808
    0.6829   -0.0269   -0.7300
...    81 C-G ...
   52.8938 -160.1675   47.2095
   -0.5050    0.7598   -0.4095
    0.5772    0.6500    0.4944
    0.6418    0.0133   -0.7668
...    82 A-T ...
   55.0783 -159.8584   44.6517
   -0.1635    0.9846    0.0623
    0.7998    0.0953    0.5926
    0.5775    0.1467   -0.8031
...    83 C-G ...
   56.4045 -159.1414   41.7047
    0.2717    0.8721    0.4070
    0.7846   -0.4456    0.4310
    0.5572    0.2023   -0.8053
...    84 T-A ...
   58.1022 -158.0654   39.0382
    0.6400    0.4636    0.6127
    0.5358   -0.8409    0.0766
    0.5507    0.2793   -0.7866
...    85 T-A ...
   59.7695 -156.8644   36.4937
    0.8646   -0.1242    0.4868
    0.0428   -0.9473   -0.3176
    0.5006    0.2954   -0.8137
...    86 T-A ...
   61.3841 -155.5631   33.9500
    0.7492   -0.6511    0.1213
   -0.5017   -0.6776   -0.5377
    0.4323    0.3420   -0.8344
...    87 A-T ...
   61.9710 -154.5025   30.6355
    0.2154   -0.8806   -0.4220
   -0.9163   -0.0328   -0.3992
    0.3378    0.4727   -0.8139
...    88 T-A ...
   63.7054 -153.0283   28.2010
   -0.2981   -0.7478   -0.5933
   -0.8984    0.4297   -0.0902
    0.3224    0.5062   -0.7999
...    89 G-C ...
   64.5482 -151.1191   25.5607
   -0.8032   -0.3890   -0.4511
   -0.5470    0.7815    0.3000
    0.2359    0.4878   -0.8405
...    90 C-G ...
   65.5499 -149.8408   22.6480
   -0.9869    0.0769   -0.1419
   -0.0079    0.8551    0.5183
    0.1612    0.5127   -0.8433
...    91 T-A ...
   65.8626 -148.3221   19.7177
   -0.8462    0.4666    0.2573
    0.5301    0.6878    0.4959
    0.0544    0.5560   -0.8294
...    92 T-A ...
   65.8448 -146.5405   17.0278
   -0.3916    0.7372    0.5506
    0.9201    0.3104    0.2389
    0.0052    0.6002   -0.7998
...    93 C-G ...
   65.7250 -144.3618   14.5839
    0.2364    0.7409    0.6287
    0.9710   -0.1566   -0.1806
   -0.0353    0.6531   -0.7564
...    94 C-G ...
   65.5759 -141.7134   12.4560
    0.7498    0.4763    0.4593
    0.6601   -0.4902   -0.5691
   -0.0459    0.7299   -0.6820
...    95 G-C ...
   65.9671 -139.3243   10.0388
    0.9970    0.0605    0.0485
    0.0754   -0.6079   -0.7904
   -0.0183    0.7917   -0.6107
...    96 G-C ...
   66.1397 -136.4767    8.1550
    0.8513   -0.3206   -0.4154
   -0.5246   -0.5032   -0.6867
    0.0111    0.8025   -0.5966
...    97 C-G ...
   66.4214 -133.6082    6.3634
    0.3830   -0.5510   -0.7414
   -0.9238   -0.2281   -0.3077
    0.0004    0.8027   -0.5963
...    98 T-A ...
   66.6815 -130.8879    4.3874
   -0.2141   -0.5976   -0.7727
   -0.9764    0.1084    0.1867
   -0.0278    0.7944   -0.6067
...    99 C-G ...
   66.6983 -128.1520    2.4868
   -0.7726   -0.4255   -0.4713
   -0.6303    0.4245    0.6500
   -0.0765    0.7992   -0.5961
...   100 T-A ...
   66.4677 -125.6339    0.3087
   -0.9812   -0.1917    0.0223
   -0.0950    0.5801    0.8090
   -0.1680    0.7916   -0.5874
...   101 C-G ...
   65.8855 -123.0442   -1.6262
   -0.8242    0.1281    0.5516
    0.5128    0.5823    0.6309
   -0.2404    0.8028   -0.5456
...   102 A-T ...
   65.0155 -120.2001   -3.2381
   -0.3313    0.3130    0.8901
    0.8778    0.4481    0.1691
   -0.3459    0.8374   -0.4232
...   103 T-A ...
   63.2690 -117.7176   -4.4599
    0.1810    0.4726    0.8625
    0.9141    0.2428   -0.3249
   -0.3629    0.8472   -0.3881
...   104 G-C ...
   62.4141 -114.6403   -5.5651
    0.7248    0.4527    0.5193
    0.5903   -0.0194   -0.8070
   -0.3552    0.8915   -0.2813
...   105 T-A ...
   61.1110 -111.5541   -5.8283
    0.9302    0.3667   -0.0184
    0.0759   -0.2411   -0.9675
   -0.3592    0.8986   -0.2521
...   106 T-A ...
   59.9193 -108.5346   -6.3085
    0.7479    0.2143   -0.6282
   -0.5096   -0.4211   -0.7503
   -0.4253    0.8814   -0.2057
...   107 A-T ...
   57.5246 -106.0444   -7.1726
    0.0602   -0.0174   -0.9980
   -0.8599   -0.5086   -0.0430
   -0.5069    0.8608   -0.0455
...   108 T-A ...
   56.4546 -102.8861   -7.3764
   -0.4330   -0.2545   -0.8647
   -0.7433   -0.4418    0.5023
   -0.5099    0.8602    0.0021
...   109 A-T ...
   54.4932 -100.1306   -6.6050
   -0.8440   -0.4571   -0.2806
   -0.2115   -0.1970    0.9573
   -0.4928    0.8673    0.0696
...   110 A-T ...
   52.9029  -97.2983   -6.5250
   -0.7930   -0.5029    0.3440
    0.3434    0.0975    0.9341
   -0.5033    0.8588    0.0954
...   111 C-G ...
   50.9168  -94.6699   -6.6750
   -0.4449   -0.4203    0.7908
    0.7171    0.3618    0.5957
   -0.5365    0.8321    0.1405
...   112 G-C ...
   49.2975  -91.7936   -5.7931
    0.1385   -0.2616    0.9552
    0.8118    0.5824    0.0418
   -0.5672    0.7697    0.2930
...   113 G-C ...
   47.2914  -89.4636   -4.3554
    0.6324    0.0363    0.7738
    0.5551    0.6754   -0.4854
   -0.5403    0.7365    0.4070
...   114 A-T ...
   45.6442  -87.0535   -2.7718
    0.8541    0.4270    0.2969
    0.0201    0.5433   -0.8393
   -0.5197    0.7228    0.4554
...   115 G-C ...
   44.0818  -84.7109   -0.9230
    0.7275    0.6394   -0.2490
   -0.4916    0.2325   -0.8392
   -0.4787    0.7329    0.4834
...   116 T-A ...
   42.9690  -82.2785    1.1550
    0.3181    0.6672   -0.6735
   -0.8215   -0.1607   -0.5472
   -0.4733    0.7274    0.4970
...   117 A-T ...
   40.5205  -80.3484    2.8479
   -0.4428    0.4352   -0.7840
   -0.7686   -0.6344    0.0819
   -0.4617    0.6388    0.6154
...   118 T-A ...
   39.4879  -77.7889    4.7262
   -0.8044    0.0451   -0.5924
   -0.3980   -0.7813    0.4809
   -0.4411    0.6225    0.6464
...   119 A-T ...
   38.1523  -76.2514    7.5719
   -0.8754   -0.4812   -0.0471
    0.3028   -0.6217    0.7224
   -0.3769    0.6181    0.6899
...   120 A-T ...
   36.8585  -74.1468    9.6958
   -0.5129   -0.7602    0.3987
    0.7779   -0.2151    0.5905
   -0.3632    0.6130    0.7017
...   121 T-A ...
   35.1085  -72.1854   11.6792
   -0.0173   -0.7692    0.6388
    0.9326    0.2179    0.2877
   -0.3605    0.6007    0.7136
...   122 G-C ...
   34.2157  -70.2183   14.2939
    0.5887   -0.5439    0.5980
    0.7400    0.6604   -0.1278
   -0.3254    0.5177    0.7912
...   123 T-A ...
   32.9302  -69.0886   17.1491
    0.9129   -0.1073    0.3938
    0.2838    0.8603   -0.4235
   -0.2933    0.4984    0.8158
...   124 G-C ...
   32.2373  -67.1433   19.8370
    0.9150    0.4031   -0.0166
   -0.3498    0.7722   -0.5305
   -0.2010    0.4913    0.8475
...   125 T-A ...
   32.0521  -65.8771   22.9466
    0.5633    0.7602   -0.3237
   -0.8065    0.4207   -0.4153
   -0.1795    0.4950    0.8501
...   126 C-G ...
   31.5796  -64.1784   25.7762
   -0.0719    0.8564   -0.5113
   -0.9835   -0.1462   -0.1066
   -0.1661    0.4952    0.8528
...   127 G-C ...
   30.5551  -62.6183   28.6584
   -0.6493    0.5582   -0.5165
   -0.7372   -0.6289    0.2471
   -0.1869    0.5412    0.8199
...   128 A-T ...
   30.0280  -60.7955   31.3996
   -0.9683    0.0335   -0.2476
   -0.1596   -0.8453    0.5099
   -0.1922    0.5332    0.8238
...   129 C-G ...
   29.3572  -58.5219   33.7825
   -0.8869   -0.4568    0.0689
    0.4139   -0.7196    0.5575
   -0.2051    0.5229    0.8273
...   130 C-G ...
   28.5141  -56.6587   36.5005
   -0.4602   -0.8305    0.3138
    0.8522   -0.3143    0.4183
   -0.2487    0.4599    0.8524
...   131 A-T ...
   28.0294  -55.1892   39.5163
    0.1837   -0.8883    0.4209
    0.9511    0.2687    0.1521
   -0.2482    0.3724    0.8943
...   132 A-T ...
   27.0878  -54.1086   42.4379
    0.7217   -0.5514    0.4185
    0.6482    0.7505   -0.1288
   -0.2431    0.3642    0.8990
...   133 A-T ...
   26.2618  -53.1236   45.4302
    0.9672    0.0115    0.2539
    0.0800    0.9345   -0.3470
   -0.2413    0.3559    0.9028
...   134 T-A ...
   25.6308  -52.5797   48.6348
    0.8597    0.5096    0.0340
   -0.4497    0.7867   -0.4230
   -0.2423    0.3484    0.9055
...   135 G-C ...
   25.2858  -52.4981   52.0749
    0.3205    0.9427   -0.0927
   -0.8825    0.2616   -0.3908
   -0.3442    0.2071    0.9158
...   136 T-A ...
   25.5355  -52.9669   55.8001
   -0.2443    0.9563   -0.1608
   -0.8908   -0.2868   -0.3525
   -0.3832    0.0571    0.9219
...   137 G-C ...
   24.9037  -52.7260   58.9820
   -0.7529    0.5562   -0.3519
   -0.5214   -0.8303   -0.1968
   -0.4017    0.0354    0.9151
...   138 A-T ...
   24.0249  -51.6261   61.9210
   -0.9563    0.0400   -0.2896
   -0.0523   -0.9980    0.0347
   -0.2877    0.0483    0.9565
...   139 G-C ...
   22.3574  -51.2300   64.4908
   -0.8529   -0.5117   -0.1032
    0.4973   -0.8566    0.1372
   -0.1586    0.0657    0.9852
...   140 C-G ...
   22.1608  -50.1386   67.4617
   -0.4681   -0.8749    0.1247
    0.8495   -0.4066    0.3363
   -0.2435    0.2633    0.9335
...   141 G-C ...
   21.4366  -51.8164   72.7855
    0.1304   -0.7141   -0.6877
    0.8897   -0.2218    0.3990
   -0.4375   -0.6639    0.6065
...   142 C-G ...
   20.4354  -54.2995   74.5394
    0.5847   -0.7390   -0.3347
    0.7593    0.3532    0.5466
   -0.2857   -0.5737    0.7676
...   143 T-A ...
   18.4377  -55.5190   76.5272
    0.8548   -0.5006    0.1370
    0.3188    0.7147    0.6225
   -0.4096   -0.4884    0.7705
...   144 C-G ...
   16.8485  -57.7127   78.2647
    0.8529   -0.0846    0.5152
   -0.1509    0.9047    0.3983
   -0.4998   -0.4175    0.7589
...   145 A-T ...
   15.7933  -59.5518   80.7962
    0.5515    0.4995    0.6681
   -0.6739    0.7388    0.0040
   -0.4915   -0.4525    0.7441
...   146 C-G ...
   15.7410  -61.4839   83.9295
    0.0342    0.7400    0.6718
   -0.8637    0.3601   -0.3527
   -0.5029   -0.5681    0.6514
...   147 A-T ...
   14.7481  -63.4171   86.8164
   -0.5923    0.6746    0.4405
   -0.6886   -0.1400   -0.7115
   -0.4183   -0.7247    0.5475
