  147 base-pairs
...     1 T-A ...
    0.0000    0.0000    0.0000
    1.0000    0.0000    0.0000
    0.0000    1.0000    0.0000
    0.0000    0.0000    1.0000
...     2 G-C ...
   -0.5555   -1.1003    3.3981
    0.7749    0.6051    0.1828
   -0.5991    0.7953   -0.0929
   -0.2016   -0.0375    0.9787
...     3 T-A ...
   -0.6619   -3.0237    6.5348
    0.3046    0.9250    0.2271
   -0.8994    0.3578   -0.2510
   -0.3134   -0.1278    0.9410
...     4 G-C ...
   -1.1607   -3.8418    9.6940
   -0.3351    0.9421    0.0133
   -0.8752   -0.3061   -0.3746
   -0.3489   -0.1372    0.9271
...     5 A-T ...
   -1.3881   -3.6770   12.8999
   -0.7835    0.6162   -0.0801
   -0.5677   -0.7622   -0.3109
   -0.2527   -0.1981    0.9470
...     6 G-C ...
   -2.6236   -3.5448   15.7072
   -0.9923    0.0611   -0.1075
   -0.0294   -0.9610   -0.2748
   -0.1201   -0.2695    0.9555
...     7 C-G ...
   -2.3138   -3.7570   18.8866
   -0.8620   -0.4995   -0.0864
    0.5008   -0.8655    0.0073
   -0.0785   -0.0370    0.9962
...     8 G-C ...
   -3.9561   -6.8109   23.3205
   -0.2581   -0.3560   -0.8981
    0.6294   -0.7673    0.1233
   -0.7330   -0.5335    0.4221
...     9 C-G ...
   -6.1177   -8.9414   24.2385
    0.1143   -0.7320   -0.6716
    0.8123   -0.3203    0.4874
   -0.5720   -0.6013    0.5580
...    10 T-A ...
   -8.5041   -9.6771   26.0540
    0.4660   -0.8587   -0.2131
    0.6274    0.1508    0.7640
   -0.6239   -0.4897    0.6090
...    11 C-G ...
  -11.0625  -11.3174   27.2336
    0.6660   -0.6911    0.2808
    0.3382    0.6152    0.7121
   -0.6649   -0.3794    0.6435
...    12 A-T ...
  -13.0013  -13.1789   29.0658
    0.7188   -0.1490    0.6790
   -0.1787    0.9043    0.3876
   -0.6718   -0.4000    0.6235
...    13 C-G ...
  -14.1788  -15.9359   31.3399
    0.4052    0.2865    0.8682
   -0.5270    0.8492   -0.0343
   -0.7470   -0.4437    0.4951
...    14 A-T ...
  -15.9532  -18.1566   33.3080
   -0.1503    0.6873    0.7107
   -0.6106    0.5008   -0.6135
   -0.7776   -0.5261    0.3444
...    15 A-T ...
  -18.2966  -19.9905   34.6656
   -0.5245    0.8220    0.2219
   -0.3946   -0.0038   -0.9188
   -0.7544   -0.5695    0.3264
...    16 T-A ...
  -20.5447  -21.7388   36.3918
   -0.6776    0.6779   -0.2851
   -0.0512   -0.4302   -0.9013
   -0.7337   -0.5961    0.3261
...    17 T-A ...
  -22.8887  -23.5779   37.7337
   -0.6022    0.2654   -0.7530
    0.3806   -0.7337   -0.5629
   -0.7019   -0.6255    0.3408
...    18 T-A ...
  -25.2478  -25.4371   38.9958
   -0.2688   -0.2253   -0.9365
    0.6786   -0.7343   -0.0181
   -0.6836   -0.6403    0.3502
...    19 A-T ...
  -27.3078  -27.7885   40.2666
    0.2526   -0.5955   -0.7626
    0.7008   -0.4308    0.5686
   -0.6671   -0.6781    0.3085
...    20 T-A ...
  -29.8357  -29.8220   40.7508
    0.5928   -0.7152   -0.3703
    0.4713   -0.0648    0.8796
   -0.6531   -0.6959    0.2987
...    21 T-A ...
  -31.9620  -32.1414   41.5197
    0.7769   -0.5982    0.1963
    0.0346    0.3519    0.9354
   -0.6286   -0.7199    0.2941
...    22 C-G ...
  -33.8488  -34.6511   42.4872
    0.6683   -0.2378    0.7049
   -0.4583    0.6147    0.6419
   -0.5859   -0.7520    0.3019
...    23 G-C ...
  -35.8130  -36.9955   43.9625
    0.3289    0.2308    0.9157
   -0.8010    0.5819    0.1410
   -0.5003   -0.7798    0.3763
...    24 C-G ...
  -37.0575  -39.7472   45.4300
   -0.1720    0.5377    0.8254
   -0.8604    0.3260   -0.3917
   -0.4797   -0.7776    0.4065
...    25 A-T ...
  -38.8994  -42.2600   46.6640
   -0.6334    0.6628    0.3993
   -0.5925   -0.0834   -0.8013
   -0.4978   -0.7441    0.4455
...    26 A-T ...
  -40.3608  -44.6471   48.3545
   -0.8820    0.4494   -0.1418
   -0.0855   -0.4486   -0.8897
   -0.4634   -0.7726    0.4341
...    27 A-T ...
  -41.8558  -47.0402   49.9958
   -0.7705    0.0736   -0.6331
    0.4670   -0.6109   -0.6393
   -0.4338   -0.7883    0.4364
...    28 G-C ...
  -43.4807  -49.5073   51.5552
   -0.3552   -0.2242   -0.9075
    0.8197   -0.5414   -0.1871
   -0.4494   -0.8103    0.3760
...    29 G-C ...
  -45.2007  -52.1450   52.7971
    0.2105   -0.4080   -0.8884
    0.8754   -0.3258    0.3570
   -0.4351   -0.8529    0.2886
...    30 C-G ...
  -46.9551  -54.8981   53.4317
    0.6887   -0.4671   -0.5545
    0.6043   -0.0528    0.7950
   -0.4006   -0.8826    0.2459
...    31 C-G ...
  -48.2140  -57.9939   53.9201
    0.9439   -0.3281   -0.0374
    0.1017    0.1808    0.9782
   -0.3142   -0.9272    0.2040
...    32 G-C ...
  -48.9975  -61.1166   55.0111
    0.8575   -0.0597    0.5111
   -0.4784    0.2735    0.8345
   -0.1896   -0.9600    0.2060
...    33 G-C ...
  -49.1870  -64.4377   55.7085
    0.4469    0.1728    0.8777
   -0.8871    0.2123    0.4099
   -0.1155   -0.9618    0.2482
...    34 C-G ...
  -49.0959  -67.6692   56.6250
   -0.1354    0.2850    0.9489
   -0.9864    0.0512   -0.1561
   -0.0931   -0.9571    0.2742
...    35 C-G ...
  -49.2126  -70.8524   57.8376
   -0.6722    0.3091    0.6728
   -0.7327   -0.1472   -0.6644
   -0.1064   -0.9396    0.3254
...    36 C-G ...
  -49.4835  -73.9612   59.2117
   -0.9634    0.2208    0.1520
   -0.2165   -0.3068   -0.9268
   -0.1580   -0.9258    0.3434
...    37 G-C ...
  -49.9575  -77.2473   59.9480
   -0.8883    0.0826   -0.4518
    0.3930   -0.3727   -0.8406
   -0.2379   -0.9243    0.2986
...    38 A-T ...
  -50.7184  -80.2720   61.0260
   -0.4586   -0.1253   -0.8798
    0.8540   -0.3358   -0.3973
   -0.2456   -0.9336    0.2610
...    39 C-G ...
  -52.1028  -83.1337   61.9640
    0.0857   -0.2454   -0.9656
    0.9654   -0.2191    0.1413
   -0.2463   -0.9443    0.2181
...    40 A-T ...
  -52.6905  -86.3719   62.6860
    0.6603   -0.2104   -0.7209
    0.7258   -0.0674    0.6845
   -0.1926   -0.9753    0.1082
...    41 C-G ...
  -53.5846  -89.5482   62.4446
    0.9548   -0.1708   -0.2434
    0.2523    0.0326    0.9671
   -0.1573   -0.9848    0.0742
...    42 G-C ...
  -53.7570  -92.8922   63.0478
    0.9348   -0.0159    0.3547
   -0.3535    0.0533    0.9339
   -0.0337   -0.9985    0.0442
...    43 A-T ...
  -53.6734  -96.2021   63.1909
    0.5225    0.0337    0.8520
   -0.8527    0.0214    0.5220
   -0.0006   -0.9992    0.0399
...    44 C-G ...
  -53.0051  -99.5004   63.2165
   -0.0320    0.0417    0.9986
   -0.9993   -0.0184   -0.0312
    0.0171   -0.9990    0.0422
...    45 T-A ...
  -52.6600 -102.8243   63.5694
   -0.5882    0.0444    0.8075
   -0.8085   -0.0565   -0.5858
    0.0196   -0.9974    0.0692
...    46 T-A ...
  -52.3443 -106.0581   63.9584
   -0.9547   -0.0439    0.2942
   -0.2920   -0.0496   -0.9551
    0.0565   -0.9978    0.0346
...    47 A-T ...
  -51.9745 -109.4376   63.5368
   -0.9040   -0.0910   -0.4178
    0.4172    0.0260   -0.9084
    0.0935   -0.9955    0.0145
...    48 C-G ...
  -52.0425 -112.7276   64.0722
   -0.5330   -0.0285   -0.8456
    0.8423    0.0775   -0.5335
    0.0807   -0.9966   -0.0173
...    49 T-A ...
  -52.0765 -116.0620   64.0001
    0.0119    0.1008   -0.9948
    0.9975    0.0688    0.0189
    0.0703   -0.9925   -0.0997
...    50 G-C ...
  -51.5734 -119.3596   63.5068
    0.5798    0.2480   -0.7761
    0.8062   -0.0373    0.5904
    0.1174   -0.9681   -0.2215
...    51 T-A ...
  -51.4835 -122.4006   62.2254
    0.9160    0.2367   -0.3238
    0.3694   -0.1838    0.9109
    0.1561   -0.9540   -0.2558
...    52 A-T ...
  -50.7740 -125.6614   61.6479
    0.9355    0.1060    0.3370
   -0.2864   -0.3312    0.8991
    0.2070   -0.9376   -0.2795
...    53 G-C ...
  -49.7975 -128.6639   60.5366
    0.6071   -0.0580    0.7925
   -0.7504   -0.3700    0.5478
    0.2615   -0.9272   -0.2682
...    54 G-C ...
  -48.5377 -131.7386   59.7779
    0.0521   -0.2217    0.9737
   -0.9513   -0.3078   -0.0192
    0.3040   -0.9253   -0.2269
...    55 T-A ...
  -46.9340 -134.6676   59.2473
   -0.4832   -0.3628    0.7968
   -0.8198   -0.1320   -0.5572
    0.3073   -0.9225   -0.2337
...    56 A-T ...
  -46.1838 -137.7034   57.7234
   -0.8871   -0.4338    0.1579
   -0.2676    0.2045   -0.9416
    0.3762   -0.8775   -0.2975
...    57 T-A ...
  -44.8987 -140.7507   57.3962
   -0.8875   -0.2731   -0.3711
    0.2371    0.4200   -0.8760
    0.3951   -0.8655   -0.3080
...    58 C-G ...
  -43.5388 -143.6314   56.4659
   -0.5696    0.0765   -0.8184
    0.7247    0.5166   -0.4561
    0.3879   -0.8528   -0.3497
...    59 T-A ...
  -42.5162 -146.5780   55.2774
   -0.1073    0.4222   -0.9001
    0.9216    0.3820    0.0693
    0.3731   -0.8221   -0.4301
...    60 T-A ...
  -41.4518 -149.2571   53.8016
    0.4332    0.6022   -0.6706
    0.8139    0.0582    0.5781
    0.3871   -0.7962   -0.4649
...    61 C-G ...
  -40.1157 -151.7595   52.1448
    0.8130    0.5605   -0.1579
    0.4016   -0.3433    0.8490
    0.4217   -0.7537   -0.5042
...    62 A-T ...
  -38.4395 -154.2839   50.6599
    0.8475    0.3159    0.4265
   -0.1293   -0.6565    0.7432
    0.5148   -0.6850   -0.5155
...    63 T-A ...
  -36.5057 -155.9929   48.5877
    0.6576   -0.0881    0.7482
   -0.5507   -0.7340    0.3975
    0.5141   -0.6735   -0.5312
...    64 G-C ...
  -34.9473 -158.5650   47.0709
    0.1582   -0.5079    0.8468
   -0.8156   -0.5506   -0.1779
    0.5566   -0.6625   -0.5013
...    65 T-A ...
  -32.5586 -160.5372   45.6904
   -0.3179   -0.7394    0.5934
   -0.7647   -0.1700   -0.6215
    0.5605   -0.6514   -0.5114
...    66 T-A ...
  -30.4711 -162.5759   44.1902
   -0.6820   -0.7294    0.0525
   -0.4272    0.3391   -0.8382
    0.5936   -0.5941   -0.5428
...    67 A-T ...
  -28.3833 -164.0258   41.8287
   -0.7515   -0.3233   -0.5751
    0.1295    0.7825   -0.6091
    0.6470   -0.5322   -0.5461
...    68 T-A ...
  -26.4720 -166.2923   40.3628
   -0.5718    0.1424   -0.8079
    0.4966    0.8440   -0.2028
    0.6530   -0.5172   -0.5533
...    69 A-T ...
  -24.0860 -167.8176   38.4996
   -0.1835    0.6860   -0.7041
    0.7476    0.5624    0.3531
    0.6383   -0.4616   -0.6160
...    70 A-T ...
  -22.1361 -169.3034   36.3838
    0.2598    0.9067   -0.3322
    0.7213    0.0465    0.6910
    0.6420   -0.4191   -0.6420
...    71 C-G ...
  -20.4242 -170.4481   33.8017
    0.5760    0.8065    0.1334
    0.4842   -0.4680    0.7393
    0.6587   -0.3613   -0.6601
...    72 G-C ...
  -17.7763 -171.5820   31.9417
    0.6768    0.4087    0.6122
    0.1194   -0.8816    0.4566
    0.7264   -0.2359   -0.6455
...    73 G-C ...
  -15.0213 -172.0098   29.9753
    0.5784   -0.1676    0.7984
   -0.2450   -0.9692   -0.0259
    0.7781   -0.1806   -0.6016
...    74 A-T ...
  -12.3074 -172.5540   28.0965
    0.3077   -0.7471    0.5892
   -0.5361   -0.6478   -0.5413
    0.7861   -0.1493   -0.5998
...    75 C-G ...
   -9.2790 -172.7950   26.5602
   -0.0346   -0.9857    0.1652
   -0.6127   -0.1097   -0.7826
    0.7895   -0.1283   -0.6002
...    76 G-C ...
   -6.9073 -173.0583   24.1039
   -0.4339   -0.8384   -0.3297
   -0.4726    0.5234   -0.7090
    0.7671   -0.1519   -0.6233
...    77 A-T ...
   -4.2365 -173.4714   22.1567
   -0.6405   -0.3226   -0.6969
   -0.1217    0.9386   -0.3227
    0.7582   -0.1218   -0.6405
...    78 G-C ...
   -1.7090 -174.0953   20.0447
   -0.6516    0.2736   -0.7075
    0.2405    0.9591    0.1493
    0.7194   -0.0729   -0.6907
...    79 C-G ...
    0.5457 -174.7309   17.6569
   -0.4520    0.7726   -0.4458
    0.5585    0.6348    0.5340
    0.6955   -0.0076   -0.7185
...    80 T-A ...
    2.6269 -174.7212   15.0600
   -0.1398    0.9902    0.0033
    0.7338    0.1014    0.6718
    0.6648    0.0963   -0.7408
...    81 C-G ...
    4.7808 -174.2111   12.6347
    0.2864    0.8400    0.4609
    0.6936   -0.5136    0.5051
    0.6610    0.1750   -0.7297
...    82 G-C ...
    7.4236 -173.4865   10.5717
    0.5597    0.3518    0.7503
    0.4647   -0.8829    0.0672
    0.6861    0.3110   -0.6577
...    83 G-C ...
    9.9438 -172.0712    8.7516
    0.6838   -0.2454    0.6871
    0.1076   -0.8975   -0.4277
    0.7217    0.3664   -0.5873
...    84 G-C ...
   12.6569 -170.7487    7.1335
    0.5928   -0.7391    0.3197
   -0.2752   -0.5590   -0.7821
    0.7568    0.3757   -0.5348
...    85 A-T ...
   15.2547 -169.4603    5.4483
    0.3046   -0.9123   -0.2739
   -0.5881    0.0461   -0.8075
    0.7493    0.4070   -0.5224
...    86 T-A ...
   18.1493 -168.2544    4.2641
   -0.0300   -0.7164   -0.6971
   -0.6739    0.5295   -0.5152
    0.7382    0.4543   -0.4987
...    87 C-G ...
   20.6886 -166.6835    2.7407
   -0.4505   -0.2123   -0.8671
   -0.5260    0.8480    0.0656
    0.7214    0.4857   -0.4937
...    88 C-G ...
   23.3298 -165.1948    1.1518
   -0.7313    0.2794   -0.6222
   -0.1837    0.7978    0.5742
    0.6568    0.5342   -0.5321
...    89 G-C ...
   25.6548 -163.0893   -0.2529
   -0.7889    0.6087   -0.0843
    0.2688    0.4651    0.8435
    0.5526    0.6427   -0.5306
...    90 C-G ...
   27.2472 -161.0744   -2.3741
   -0.5416    0.7107    0.4489
    0.6692    0.0414    0.7419
    0.5087    0.7023   -0.4980
...    91 T-A ...
   28.6236 -158.5563   -4.0549
   -0.1296    0.5358    0.8343
    0.8794   -0.3266    0.3463
    0.4580    0.7786   -0.4289
...    92 T-A ...
   29.9545 -155.9039   -5.3564
    0.3998    0.2116    0.8919
    0.8000   -0.5554   -0.2268
    0.4474    0.8042   -0.3913
...    93 T-A ...
   31.2812 -153.1402   -6.4504
    0.8046   -0.1562    0.5730
    0.4124   -0.5473   -0.7283
    0.4274    0.8222   -0.3760
...    94 A-T ...
   32.7841 -150.6403   -8.3692
    0.9017   -0.4086   -0.1415
   -0.2704   -0.2774   -0.9219
    0.3374    0.8695   -0.3606
...    95 A-T ...
   33.9922 -147.7074   -9.2272
    0.5696   -0.4130   -0.7106
   -0.7751    0.0180   -0.6316
    0.2736    0.9106   -0.3099
...    96 C-G ...
   35.4648 -144.7231   -9.9453
    0.0406   -0.3075   -0.9507
   -0.9646    0.2361   -0.1176
    0.2606    0.9218   -0.2870
...    97 A-T ...
   35.8973 -141.4591  -10.6352
   -0.5818   -0.1271   -0.8033
   -0.7852    0.3452    0.5141
    0.2120    0.9299   -0.3007
...    98 C-G ...
   37.0006 -138.6053  -11.9764
   -0.9235    0.0587   -0.3790
   -0.3397    0.3336    0.8794
    0.1780    0.9409   -0.2881
...    99 T-A ...
   37.5279 -135.5327  -13.1555
   -0.9701    0.1446    0.1947
    0.2248    0.2342    0.9459
    0.0912    0.9614   -0.2597
...   100 T-A ...
   37.7048 -132.4393  -14.0700
   -0.6664    0.1889    0.7213
    0.7442    0.1092    0.6590
    0.0457    0.9759   -0.2133
...   101 T-A ...
   37.6615 -129.2761  -14.7131
   -0.1183    0.1513    0.9814
    0.9929    0.0034    0.1192
    0.0147    0.9885   -0.1507
...   102 A-T ...
   37.7856 -125.9175  -14.8905
    0.5037    0.0128    0.8638
    0.8638   -0.0183   -0.5035
    0.0093    0.9998   -0.0203
...   103 T-A ...
   37.3644 -122.6824  -14.4064
    0.8815    0.0002    0.4722
    0.4722    0.0012   -0.8815
   -0.0008    1.0000    0.0009
...   104 G-C ...
   37.7161 -119.3409  -14.6190
    0.9843   -0.0332   -0.1733
   -0.1709    0.0651   -0.9831
    0.0439    0.9973    0.0584
...   105 C-G ...
   38.1596 -116.0227  -14.0941
    0.7009    0.0165   -0.7131
   -0.7111    0.0942   -0.6968
    0.0557    0.9954    0.0778
...   106 T-A ...
   38.6331 -112.7038  -13.6982
    0.1646    0.0698   -0.9839
   -0.9848    0.0685   -0.1599
    0.0562    0.9952    0.0800
...   107 T-A ...
   39.0946 -109.4826  -13.3016
   -0.4711    0.1544   -0.8685
   -0.8807   -0.0276    0.4728
    0.0490    0.9876    0.1490
...   108 C-G ...
   39.3852 -106.2172  -12.7056
   -0.9183    0.0786   -0.3879
   -0.3956   -0.1515    0.9058
    0.0124    0.9853    0.1703
...   109 C-G ...
   39.5472 -102.8471  -12.3074
   -0.9760   -0.1277    0.1766
    0.1982   -0.1838    0.9628
   -0.0905    0.9746    0.2047
...   110 G-C ...
   39.3463  -99.6242  -11.2051
   -0.6596   -0.3653    0.6569
    0.7222   -0.0660    0.6885
   -0.2081    0.9286    0.3074
...   111 G-C ...
   38.2861  -96.6185  -10.0932
   -0.1131   -0.4508    0.8854
    0.9588    0.1842    0.2163
   -0.2606    0.8734    0.4114
...   112 C-G ...
   36.9786  -94.0121   -8.4831
    0.4609   -0.3242    0.8261
    0.8459    0.4422   -0.2983
   -0.2686    0.8363    0.4780
...   113 T-A ...
   35.9906  -91.4852   -6.5348
    0.8695   -0.0740    0.4884
    0.4299    0.6004   -0.6743
   -0.2434    0.7963    0.5538
...   114 C-G ...
   35.3733  -88.9189   -4.5275
    0.9500    0.3104   -0.0336
   -0.2079    0.5487   -0.8097
   -0.2329    0.7762    0.5858
...   115 G-C ...
   34.6061  -86.0100   -2.9110
    0.6380    0.5505   -0.5385
   -0.7513    0.2918   -0.5919
   -0.1687    0.7822    0.5998
...   116 T-A ...
   34.6165  -83.5053   -0.6223
    0.1038    0.6289   -0.7705
   -0.9791   -0.0715   -0.1902
   -0.1747    0.7742    0.6084
...   117 A-T ...
   33.2512  -81.3193    1.7702
   -0.6403    0.4652   -0.6112
   -0.7519   -0.5423    0.3749
   -0.1570    0.6996    0.6970
...   118 T-A ...
   33.1511  -78.6355    3.7226
   -0.9453    0.1134   -0.3058
   -0.2903   -0.7196    0.6307
   -0.1485    0.6850    0.7132
...   119 A-T ...
   32.7732  -76.7374    6.5632
   -0.8954   -0.4049    0.1852
    0.4192   -0.6268    0.6568
   -0.1499    0.6657    0.7310
...   120 A-T ...
   32.1536  -74.5196    8.8551
   -0.4656   -0.7132    0.5240
    0.8707   -0.2633    0.4153
   -0.1582    0.6496    0.7436
...   121 T-A ...
   30.9994  -72.4260   11.1128
    0.0640   -0.7582    0.6488
    0.9846    0.1541    0.0830
   -0.1629    0.6335    0.7564
...   122 G-C ...
   30.7870  -70.4261   13.8374
    0.6604   -0.5707    0.4880
    0.7385    0.6115   -0.2841
   -0.1363    0.5480    0.8253
...   123 T-A ...
   30.1168  -69.1779   16.8657
    0.9624   -0.1495    0.2267
    0.2454    0.8364   -0.4902
   -0.1164    0.5274    0.8416
...   124 G-C ...
   29.9548  -67.1393   19.5561
    0.9130    0.3691   -0.1740
   -0.4055    0.7741   -0.4860
   -0.0447    0.5143    0.8565
...   125 T-A ...
   30.2650  -65.8319   22.6530
    0.5278    0.7381   -0.4203
   -0.8486    0.4366   -0.2988
   -0.0370    0.5144    0.8568
...   126 C-G ...
   30.2287  -64.1352   25.5238
   -0.1244    0.8492   -0.5133
   -0.9915   -0.1264    0.0312
   -0.0384    0.5128    0.8577
...   127 G-C ...
   29.6437  -62.5925   28.5297
   -0.6954    0.5594   -0.4512
   -0.7132   -0.6143    0.3376
   -0.0883    0.5566    0.8261
...   128 A-T ...
   29.4375  -60.7446   31.2801
   -0.9861    0.0422   -0.1606
   -0.1231   -0.8351    0.5361
   -0.1115    0.5484    0.8287
...   129 C-G ...
   28.9797  -58.4474   33.6588
   -0.8846   -0.4453    0.1384
    0.4450   -0.7174    0.5360
   -0.1394    0.5357    0.8328
...   130 C-G ...
   28.2699  -56.5874   36.4052
   -0.4513   -0.8230    0.3449
    0.8699   -0.3195    0.3758
   -0.1991    0.4696    0.8601
...   131 A-T ...
   27.8693  -55.1509   39.4428
    0.1883   -0.8908    0.4137
    0.9588    0.2580    0.1191
   -0.2128    0.3742    0.9026
...   132 A-T ...
   27.0206  -54.0867   42.4002
    0.7262   -0.5590    0.4001
    0.6523    0.7440   -0.1445
   -0.2168    0.3659    0.9050
...   133 A-T ...
   26.2503  -53.1199   45.4182
    0.9698    0.0071    0.2438
    0.0810    0.9334   -0.3495
   -0.2301    0.3587    0.9046
...   134 T-A ...
   25.6307  -52.5796   48.6350
    0.8597    0.5096    0.0340
   -0.4497    0.7867   -0.4230
   -0.2423    0.3484    0.9055
...   135 G-C ...
   25.2858  -52.4980   52.0751
    0.3205    0.9427   -0.0927
   -0.8825    0.2616   -0.3908
   -0.3442    0.2071    0.9158
...   136 T-A ...
   25.5355  -52.9668   55.8003
   -0.2443    0.9563   -0.1608
   -0.8908   -0.2868   -0.3525
   -0.3832    0.0571    0.9219
...   137 G-C ...
   24.9036  -52.7259   58.9822
   -0.7529    0.5562   -0.3519
   -0.5214   -0.8303   -0.1968
   -0.4017    0.0354    0.9151
...   138 A-T ...
   24.0248  -51.6261   61.9211
   -0.9563    0.0400   -0.2896
   -0.0523   -0.9980    0.0347
   -0.2877    0.0483    0.9565
...   139 G-C ...
   22.3573  -51.2299   64.4910
   -0.8529   -0.5117   -0.1032
    0.4973   -0.8566    0.1372
   -0.1586    0.0657    0.9852
...   140 C-G ...
   22.1607  -50.1386   67.4619
   -0.4681   -0.8749    0.1247
    0.8495   -0.4066    0.3363
   -0.2435    0.2633    0.9335
...   141 G-C ...
   21.4365  -51.8164   72.7857
    0.1304   -0.7141   -0.6877
    0.8897   -0.2218    0.3990
   -0.4375   -0.6639    0.6065
...   142 C-G ...
   20.4354  -54.2994   74.5396
    0.5847   -0.7390   -0.3347
    0.7593    0.3532    0.5466
   -0.2857   -0.5737    0.7676
...   143 T-A ...
   18.4377  -55.5190   76.5273
    0.8548   -0.5006    0.1370
    0.3188    0.7147    0.6225
   -0.4096   -0.4884    0.7705
...   144 C-G ...
   16.8484  -57.7126   78.2649
    0.8529   -0.0846    0.5152
   -0.1509    0.9047    0.3983
   -0.4998   -0.4175    0.7589
...   145 A-T ...
   15.7932  -59.5518   80.7964
    0.5515    0.4995    0.6681
   -0.6739    0.7388    0.0040
   -0.4915   -0.4525    0.7441
...   146 C-G ...
   15.7410  -61.4839   83.9296
    0.0342    0.7400    0.6718
   -0.8637    0.3601   -0.3527
   -0.5029   -0.5681    0.6514
...   147 A-T ...
   14.7480  -63.4170   86.8166
   -0.5923    0.6746    0.4405
   -0.6886   -0.1400   -0.7115
   -0.4183   -0.7247    0.5475
