  147 base-pairs
...     1 T-A ...
    0.0000    0.0000    0.0000
    1.0000    0.0000    0.0000
    0.0000    1.0000    0.0000
    0.0000    0.0000    1.0000
...     2 G-C ...
   -0.5555   -1.1003    3.3981
    0.7749    0.6051    0.1828
   -0.5991    0.7953   -0.0929
   -0.2016   -0.0375    0.9787
...     3 T-A ...
   -0.6619   -3.0237    6.5348
    0.3046    0.9250    0.2271
   -0.8994    0.3578   -0.2510
   -0.3134   -0.1278    0.9410
...     4 G-C ...
   -1.1607   -3.8418    9.6940
   -0.3351    0.9421    0.0133
   -0.8752   -0.3061   -0.3746
   -0.3489   -0.1372    0.9271
...     5 A-T ...
   -1.3881   -3.6770   12.8999
   -0.7835    0.6162   -0.0801
   -0.5677   -0.7622   -0.3109
   -0.2527   -0.1981    0.9470
...     6 G-C ...
   -2.6236   -3.5448   15.7072
   -0.9923    0.0611   -0.1075
   -0.0294   -0.9610   -0.2748
   -0.1201   -0.2695    0.9555
...     7 C-G ...
   -2.3138   -3.7570   18.8866
   -0.8620   -0.4995   -0.0864
    0.5008   -0.8655    0.0073
   -0.0785   -0.0370    0.9962
...     8 G-C ...
   -3.9561   -6.8109   23.3205
   -0.2581   -0.3560   -0.8981
    0.6294   -0.7673    0.1233
   -0.7330   -0.5335    0.4221
...     9 C-G ...
   -6.1177   -8.9414   24.2385
    0.1143   -0.7320   -0.6716
    0.8123   -0.3203    0.4874
   -0.5720   -0.6013    0.5580
...    10 T-A ...
   -8.5041   -9.6771   26.0540
    0.4660   -0.8587   -0.2131
    0.6274    0.1508    0.7640
   -0.6239   -0.4897    0.6090
...    11 C-G ...
  -11.0625  -11.3174   27.2336
    0.6660   -0.6911    0.2808
    0.3382    0.6152    0.7121
   -0.6649   -0.3794    0.6435
...    12 A-T ...
  -13.0013  -13.1789   29.0658
    0.7188   -0.1490    0.6790
   -0.1787    0.9043    0.3876
   -0.6718   -0.4000    0.6235
...    13 C-G ...
  -14.1788  -15.9359   31.3399
    0.4052    0.2865    0.8682
   -0.5270    0.8492   -0.0343
   -0.7470   -0.4437    0.4951
...    14 A-T ...
  -15.9532  -18.1566   33.3080
   -0.1503    0.6873    0.7107
   -0.6106    0.5008   -0.6135
   -0.7776   -0.5261    0.3444
...    15 A-T ...
  -18.2400  -20.0570   34.6443
   -0.5176    0.8130    0.2669
   -0.3880    0.0550   -0.9200
   -0.7626   -0.5797    0.2870
...    16 T-A ...
  -20.5197  -21.8568   36.2013
   -0.6503    0.7282   -0.2164
   -0.0608   -0.3339   -0.9406
   -0.7572   -0.5986    0.2615
...    17 T-A ...
  -22.9652  -23.6743   37.2665
   -0.5572    0.4546   -0.6949
    0.3237   -0.6517   -0.6859
   -0.7647   -0.6071    0.2160
...    18 T-A ...
  -25.5491  -25.4311   38.0026
   -0.2448    0.0970   -0.9647
    0.5776   -0.7846   -0.2254
   -0.7788   -0.6124    0.1361
...    19 A-T ...
  -28.7546  -26.6261   37.9324
    0.2590   -0.0359   -0.9652
    0.5895   -0.7857    0.1874
   -0.7651   -0.6175   -0.1824
...    20 T-A ...
  -31.4623  -28.0829   36.9396
    0.5536   -0.3508   -0.7553
    0.3877   -0.6941    0.6066
   -0.7370   -0.6287   -0.2482
...    21 T-A ...
  -33.7937  -29.9669   35.7919
    0.7258   -0.6095   -0.3189
    0.0212   -0.4435    0.8960
   -0.6876   -0.6571   -0.3090
...    22 C-G ...
  -35.7097  -32.2336   34.5275
    0.6572   -0.7164    0.2341
   -0.4175   -0.0874    0.9045
   -0.6275   -0.6922   -0.3565
...    23 G-C ...
  -37.5807  -34.7980   33.6805
    0.3917   -0.5943    0.7024
   -0.7596    0.2219    0.6114
   -0.5192   -0.7730   -0.3644
...    24 C-G ...
  -38.8691  -37.5548   32.4041
   -0.0632   -0.3781    0.9236
   -0.8697    0.4748    0.1349
   -0.4896   -0.7947   -0.3589
...    25 A-T ...
  -40.6450  -40.0140   31.1721
   -0.5215   -0.0224    0.8529
   -0.6967    0.5882   -0.4106
   -0.4925   -0.8084   -0.3223
...    26 A-T ...
  -41.9813  -42.8449   30.2720
   -0.8486    0.2660    0.4573
   -0.2701    0.5253   -0.8069
   -0.4548   -0.8083   -0.3739
...    27 A-T ...
  -43.3876  -45.6086   29.3123
   -0.8666    0.4933   -0.0750
    0.2603    0.3186   -0.9114
   -0.4257   -0.8094   -0.4045
...    28 G-C ...
  -44.9437  -48.2587   28.2037
   -0.5877    0.6502   -0.4815
    0.6690    0.0557   -0.7412
   -0.4551   -0.7577   -0.4677
...    29 G-C ...
  -46.7540  -50.6810   26.7899
   -0.1117    0.6789   -0.7257
    0.8753   -0.2785   -0.3953
   -0.4705   -0.6794   -0.5631
...    30 C-G ...
  -48.6782  -52.5513   24.9568
    0.3874    0.5020   -0.7732
    0.8063   -0.5912    0.0201
   -0.4471   -0.6312   -0.6338
...    31 C-G ...
  -50.3282  -54.1600   22.5068
    0.7889    0.2247   -0.5719
    0.4936   -0.7861    0.3720
   -0.3660   -0.5758   -0.7311
...    32 G-C ...
  -51.0898  -56.0679   19.9322
    0.9762   -0.1154   -0.1835
    0.0038   -0.8373    0.5467
   -0.2167   -0.5344   -0.8170
...    33 G-C ...
  -51.3074  -57.4840   16.8558
    0.8601   -0.4714    0.1949
   -0.4994   -0.7001    0.5103
   -0.1041   -0.5363   -0.8376
...    34 C-G ...
  -51.1685  -59.0432   13.9569
    0.4753   -0.7467    0.4653
   -0.8782   -0.3707    0.3021
   -0.0531   -0.5522   -0.8320
...    35 C-G ...
  -50.8774  -60.9389   11.1802
   -0.0498   -0.7947    0.6050
   -0.9985    0.0523   -0.0135
   -0.0209   -0.6047   -0.7961
...    36 C-G ...
  -50.6140  -63.1051    8.6192
   -0.5644   -0.6115    0.5545
   -0.8246    0.4488   -0.3444
   -0.0383   -0.6516   -0.7576
...    37 G-C ...
  -51.0539  -64.9837    5.9367
   -0.9141   -0.2164    0.3430
   -0.3902    0.6998   -0.5983
   -0.1105   -0.6807   -0.7241
...    38 A-T ...
  -51.3384  -67.2619    3.6313
   -0.9706    0.2378   -0.0371
    0.1986    0.7042   -0.6817
   -0.1360   -0.6690   -0.7307
...    39 C-G ...
  -52.1005  -69.7609    1.6437
   -0.7369    0.5778   -0.3510
    0.6574    0.4912   -0.5715
   -0.1578   -0.6519   -0.7417
...    40 A-T ...
  -52.5845  -71.7732   -0.9253
   -0.2483    0.8198   -0.5160
    0.9458    0.0901   -0.3120
   -0.2093   -0.5655   -0.7978
...    41 C-G ...
  -53.8761  -73.3927   -3.4688
    0.2605    0.7793   -0.5700
    0.9431   -0.3317   -0.0224
   -0.2065   -0.5317   -0.8214
...    42 G-C ...
  -54.2242  -75.0740   -6.2809
    0.7355    0.5595   -0.3821
    0.6649   -0.7046    0.2480
   -0.1305   -0.4364   -0.8902
...    43 A-T ...
  -54.6604  -76.3069   -9.2548
    0.9863    0.0960   -0.1338
    0.1430   -0.9023    0.4067
   -0.0817   -0.4203   -0.9037
...    44 C-G ...
  -54.7649  -77.0576  -12.4574
    0.9309   -0.3444    0.1217
   -0.3632   -0.8382    0.4067
   -0.0381   -0.4228   -0.9054
...    45 T-A ...
  -54.5293  -78.1816  -15.5417
    0.6334   -0.6777    0.3735
   -0.7732   -0.5735    0.2707
    0.0308   -0.4602   -0.8873
...    46 T-A ...
  -54.1351  -79.5201  -18.4613
    0.1188   -0.8701    0.4784
   -0.9921   -0.1235    0.0219
    0.0400   -0.4772   -0.8779
...    47 A-T ...
  -53.7297  -81.2457  -21.2518
   -0.4173   -0.7435    0.5226
   -0.9084    0.3251   -0.2630
    0.0257   -0.5845   -0.8110
...    48 C-G ...
  -53.1646  -83.4683  -23.5936
   -0.8140   -0.4622    0.3519
   -0.5809    0.6379   -0.5056
    0.0093   -0.6159   -0.7877
...    49 T-A ...
  -53.1321  -85.7852  -25.9096
   -0.9942   -0.0456    0.0976
   -0.0980    0.7587   -0.6440
   -0.0447   -0.6498   -0.7588
...    50 G-C ...
  -53.5116  -87.7176  -28.5536
   -0.8777    0.4307   -0.2101
    0.4598    0.6334   -0.6225
   -0.1350   -0.6429   -0.7539
...    51 T-A ...
  -54.4172  -90.0747  -30.6851
   -0.5231    0.6989   -0.4877
    0.8394    0.3235   -0.4367
   -0.1474   -0.6379   -0.7559
...    52 A-T ...
  -54.6953  -92.1155  -33.2886
    0.0691    0.7507   -0.6570
    0.9872   -0.1464   -0.0634
   -0.1438   -0.6443   -0.7512
...    53 G-C ...
  -55.4737  -94.0508  -35.8444
    0.5636    0.6040   -0.5634
    0.8190   -0.4972    0.2863
   -0.1072   -0.6228   -0.7750
...    54 G-C ...
  -56.0761  -95.8697  -38.6297
    0.9115    0.3137   -0.2661
    0.4106   -0.7330    0.5423
   -0.0250   -0.6035   -0.7969
...    55 T-A ...
  -56.2330  -97.3088  -41.5896
    0.9954   -0.0592    0.0750
   -0.0929   -0.7834    0.6145
    0.0224   -0.6187   -0.7853
...    56 A-T ...
  -55.7079  -98.8908  -44.5116
    0.8101   -0.2931    0.5077
   -0.5503   -0.6787    0.4864
    0.2020   -0.6734   -0.7111
...    57 T-A ...
  -54.5412 -100.6451  -46.9926
    0.4443   -0.5466    0.7098
   -0.8662   -0.4644    0.1845
    0.2288   -0.6968   -0.6798
...    58 C-G ...
  -53.6173 -102.9315  -49.0617
   -0.1158   -0.6483    0.7525
   -0.9610   -0.1185   -0.2500
    0.2513   -0.7521   -0.6093
...    59 T-A ...
  -52.4683 -105.4821  -50.7291
   -0.5888   -0.5491    0.5931
   -0.7709    0.1609   -0.6164
    0.2430   -0.8201   -0.5180
...    60 C-G ...
  -51.7897 -108.2999  -52.1565
   -0.9270   -0.3324    0.1737
   -0.3032    0.3915   -0.8688
    0.2208   -0.8580   -0.4637
...    61 G-C ...
  -51.5182 -111.0427  -53.9868
   -0.9573   -0.0106   -0.2888
    0.2573    0.4237   -0.8685
    0.1316   -0.9057   -0.4029
...    62 A-T ...
  -51.2534 -114.0662  -55.2237
   -0.6290    0.2214   -0.7452
    0.7672    0.3315   -0.5491
    0.1255   -0.9171   -0.3784
...    63 G-C ...
  -51.1599 -117.1653  -56.3660
   -0.1447    0.3622   -0.9208
    0.9812    0.1729   -0.0862
    0.1279   -0.9159   -0.3804
...    64 C-G ...
  -51.0852 -120.2192  -57.6466
    0.4016    0.4113   -0.8183
    0.9030   -0.0289    0.4287
    0.1527   -0.9110   -0.3830
...    65 T-A ...
  -50.7653 -123.1316  -59.1752
    0.7923    0.3822   -0.4756
    0.5732   -0.1993    0.7948
    0.2090   -0.9024   -0.3769
...    66 C-G ...
  -50.2143 -126.0629  -60.4874
    0.9617    0.2651    0.0704
    0.0268   -0.3462    0.9378
    0.2729   -0.8999   -0.3400
...    67 G-C ...
  -49.3662 -129.1036  -61.4425
    0.7729    0.2491    0.5836
   -0.4623   -0.4088    0.7869
    0.4346   -0.8780   -0.2007
...    68 G-C ...
  -47.4808 -131.7381  -62.3151
    0.3733    0.1702    0.9119
   -0.7654   -0.4989    0.4065
    0.5241   -0.8498   -0.0560
...    69 G-C ...
  -45.1981 -134.1881  -62.2446
   -0.1285    0.0477    0.9906
   -0.8155   -0.5734   -0.0782
    0.5643   -0.8179    0.1126
...    70 A-T ...
  -43.3234 -136.7045  -61.5388
   -0.5951   -0.1977    0.7790
   -0.5810   -0.5639   -0.5869
    0.5553   -0.8018    0.2207
...    71 T-A ...
  -41.2796 -138.8985  -60.2538
   -0.8100   -0.4292    0.3996
   -0.2062   -0.4295   -0.8792
    0.5490   -0.7945    0.2593
...    72 C-G ...
  -39.7680 -141.5556  -59.1571
   -0.7855   -0.5972   -0.1622
    0.3175   -0.1639   -0.9340
    0.5312   -0.7852    0.3184
...    73 C-G ...
  -38.4025 -144.3709  -57.9404
   -0.5020   -0.5848   -0.6372
    0.7142    0.1352   -0.6868
    0.4878   -0.7998    0.3497
...    74 G-C ...
  -36.3813 -146.8302  -57.1130
   -0.0193   -0.4086   -0.9125
    0.8773    0.4309   -0.2115
    0.4796   -0.8046    0.3501
...    75 C-G ...
  -35.0830 -149.6082  -55.8619
    0.4522   -0.1099   -0.8851
    0.7350    0.6081    0.3000
    0.5053   -0.7862    0.3558
...    76 T-A ...
  -33.5447 -152.3531  -54.8880
    0.7381    0.2396   -0.6308
    0.3848    0.6184    0.6852
    0.5543   -0.7484    0.3642
...    77 T-A ...
  -31.8424 -154.9178  -53.9101
    0.8109    0.5570   -0.1792
   -0.0924    0.4244    0.9008
    0.5778   -0.7139    0.3956
...    78 T-A ...
  -29.8803 -157.2198  -52.8426
    0.5916    0.7583    0.2738
   -0.5092    0.0881    0.8561
    0.6251   -0.6460    0.4382
...    79 A-T ...
  -26.8517 -158.8018  -52.1662
    0.1033    0.9153    0.3893
   -0.6637   -0.2281    0.7123
    0.7408   -0.3320    0.5839
...    80 A-T ...
  -24.3272 -159.5189  -50.3513
   -0.3275    0.7148    0.6179
   -0.5960   -0.6637    0.4520
    0.7332   -0.2203    0.6434
...    81 T-A ...
  -21.7167 -159.5593  -48.4492
   -0.6110    0.3426    0.7136
   -0.3531   -0.9248    0.1417
    0.7085   -0.1654    0.6860
...    82 C-G ...
  -19.6834 -159.7844  -45.9682
   -0.7456   -0.1975    0.6364
    0.0829   -0.9752   -0.2054
    0.6612   -0.1004    0.7435
...    83 A-T ...
  -17.7557 -160.0785  -43.3202
   -0.6417   -0.6698    0.3736
    0.5191   -0.7379   -0.4313
    0.5645   -0.0829    0.8212
...    84 T-A ...
  -16.4017 -159.8730  -40.3030
   -0.2769   -0.9498    0.1454
    0.7756   -0.3103   -0.5497
    0.5673   -0.0394    0.8226
...    85 G-C ...
  -14.3126 -160.0773  -37.8091
    0.2034   -0.9589   -0.1980
    0.8059    0.2788   -0.5222
    0.5560   -0.0534    0.8295
...    86 T-A ...
  -12.9720 -160.4450  -34.7730
    0.5938   -0.6862   -0.4203
    0.5794    0.7270   -0.3684
    0.5584   -0.0247    0.8292
...    87 T-A ...
  -11.4077 -160.7331  -31.9364
    0.8365   -0.1682   -0.5215
    0.1291    0.9854   -0.1107
    0.5325    0.0253    0.8460
...    88 A-T ...
   -9.6383 -160.6287  -29.1748
    0.7227    0.3790   -0.5779
   -0.3546    0.9211    0.1606
    0.5932    0.0889    0.8001
...    89 T-A ...
   -7.3655 -160.8135  -26.8575
    0.4428    0.7646   -0.4684
   -0.6627    0.6309    0.4035
    0.6040    0.1317    0.7860
...    90 A-T ...
   -4.6253 -160.3671  -24.9307
   -0.0561    0.8849   -0.4624
   -0.7647    0.2597    0.5897
    0.6419    0.3866    0.6621
...    91 A-T ...
   -2.4192 -158.9434  -23.0952
   -0.4909    0.8561   -0.1616
   -0.6150   -0.2092    0.7603
    0.6171    0.4726    0.6291
...    92 C-G ...
   -0.2654 -156.9981  -21.6629
   -0.7668    0.6195    0.1683
   -0.2880   -0.5663    0.7722
    0.5737    0.5436    0.6127
...    93 G-C ...
    1.1318 -154.9694  -19.4954
   -0.8834    0.1674    0.4376
    0.1854   -0.7329    0.6546
    0.4303    0.6594    0.6164
...    94 G-C ...
    1.9833 -152.3201  -17.5568
   -0.7007   -0.2739    0.6588
    0.6326   -0.6655    0.3962
    0.3299    0.6943    0.6396
...    95 A-T ...
    2.8333 -149.9464  -15.4813
   -0.2226   -0.6032    0.7659
    0.9265   -0.3755   -0.0264
    0.3035    0.7037    0.6424
...    96 C-G ...
    3.1913 -147.4897  -13.2688
    0.2741   -0.7063    0.6527
    0.9159   -0.0154   -0.4012
    0.2934    0.7078    0.6426
...    97 A-T ...
    4.3067 -145.0827  -11.3434
    0.7150   -0.6369    0.2883
    0.6166    0.3802   -0.6894
    0.3294    0.6707    0.6645
...    98 C-G ...
    5.1161 -143.2050   -8.7608
    0.9222   -0.3728   -0.1029
    0.1748    0.6391   -0.7490
    0.3450    0.6727    0.6545
...    99 T-A ...
    6.3676 -141.2461   -6.4580
    0.8657   -0.0541   -0.4976
   -0.3038    0.7333   -0.6083
    0.3978    0.6778    0.6184
...   100 T-A ...
    7.7990 -139.2616   -4.3541
    0.5595    0.3238   -0.7630
   -0.7224    0.6418   -0.2574
    0.4063    0.6952    0.5930
...   101 T-A ...
    9.3631 -137.1458   -2.4952
    0.0768    0.5795   -0.8113
   -0.9090    0.3750    0.1818
    0.4096    0.7236    0.5556
...   102 A-T ...
   11.2156 -134.6709   -1.2400
   -0.4340    0.5306   -0.7281
   -0.8215    0.0988    0.5616
    0.3699    0.8418    0.3930
...   103 T-A ...
   12.8258 -131.9137   -0.5548
   -0.7819    0.4881   -0.3877
   -0.5142   -0.1534    0.8438
    0.3524    0.8592    0.3710
...   104 G-C ...
   13.6831 -128.8524    0.4068
   -0.9741    0.2205    0.0500
   -0.0281   -0.3375    0.9409
    0.2244    0.9151    0.3349
...   105 C-G ...
   14.1337 -125.6699    1.0666
   -0.8602   -0.0312    0.5091
    0.4826   -0.3729    0.7925
    0.1651    0.9274    0.3358
...   106 T-A ...
   14.2807 -122.4992    1.9326
   -0.5215   -0.2599    0.8127
    0.8465   -0.2773    0.4545
    0.1073    0.9250    0.3646
...   107 T-A ...
   14.2933 -119.4185    2.9552
    0.0202   -0.3575    0.9337
    0.9941   -0.0921   -0.0568
    0.1063    0.9293    0.3536
...   108 C-G ...
   14.5064 -116.4134    4.1755
    0.5688   -0.3768    0.7311
    0.8140    0.1301   -0.5662
    0.1182    0.9171    0.3807
...   109 C-G ...
   14.7259 -113.4620    5.7360
    0.8910   -0.3363    0.3050
    0.4120    0.3166   -0.8544
    0.1908    0.8870    0.4206
...   110 G-C ...
   15.5735 -110.4571    6.7693
    0.9460   -0.2240   -0.2343
   -0.1055    0.4705   -0.8761
    0.3064    0.8535    0.4215
...   111 G-C ...
   16.8853 -107.8313    8.3633
    0.7304   -0.0261   -0.6826
   -0.5626    0.5437   -0.6228
    0.3873    0.8389    0.3824
...   112 C-G ...
   18.5539 -105.3314    9.6584
    0.3155    0.2216   -0.9227
   -0.8521    0.4941   -0.1727
    0.4177    0.8407    0.3447
...   113 T-A ...
   20.2855 -102.6842   10.5499
   -0.1660    0.3897   -0.9058
   -0.8885    0.3394    0.3089
    0.4278    0.8561    0.2899
...   114 C-G ...
   21.7753  -99.8886   11.2897
   -0.6454    0.4867   -0.5887
   -0.6419    0.0720    0.7634
    0.4140    0.8706    0.2659
...   115 G-C ...
   22.9041  -96.9836   12.3196
   -0.9282    0.3454   -0.1386
   -0.2099   -0.1782    0.9613
    0.3073    0.9214    0.2379
...   116 T-A ...
   23.8565  -93.8333   12.4549
   -0.9245    0.1761    0.3381
    0.2685   -0.3288    0.9054
    0.2706    0.9278    0.2567
...   117 A-T ...
   24.2999  -90.5586   12.9361
   -0.7130   -0.1550    0.6838
    0.6874   -0.3471    0.6380
    0.1384    0.9249    0.3540
...   118 T-A ...
   24.1541  -87.3990   13.7538
   -0.3064   -0.3287    0.8933
    0.9437   -0.2280    0.2398
    0.1249    0.9165    0.3800
...   119 A-T ...
   23.9814  -84.4147   15.2031
    0.1574   -0.5577    0.8150
    0.9818   -0.0006   -0.1900
    0.1064    0.8301    0.5474
...   120 A-T ...
   24.0603  -81.8398   17.1414
    0.6485   -0.5006    0.5734
    0.7532    0.3132   -0.5784
    0.1100    0.8070    0.5802
...   121 T-A ...
   24.0218  -79.5696   19.4941
    0.9290   -0.2988    0.2185
    0.3516    0.5278   -0.7732
    0.1157    0.7951    0.5953
...   122 G-C ...
   24.7336  -76.9306   21.3198
    0.9586   -0.0351   -0.2827
   -0.1940    0.6461   -0.7382
    0.2086    0.7624    0.6125
...   123 T-A ...
   25.7397  -74.8521   23.6760
    0.7326    0.2877   -0.6169
   -0.6435    0.5883   -0.4898
    0.2220    0.7557    0.6161
...   124 G-C ...
   26.4330  -72.1824   25.4501
    0.2465    0.5228   -0.8160
   -0.9351    0.3497   -0.0584
    0.2548    0.7774    0.5750
...   125 T-A ...
   27.8744  -69.7528   27.2057
   -0.2564    0.6249   -0.7374
   -0.9359    0.0302    0.3511
    0.2417    0.7801    0.5771
...   126 C-G ...
   28.8081  -67.1981   29.0122
   -0.7438    0.5146   -0.4265
   -0.6347   -0.3440    0.6920
    0.2094    0.7854    0.5825
...   127 G-C ...
   29.4289  -64.7813   31.1511
   -0.9838    0.1475   -0.1019
   -0.1699   -0.5853    0.7929
    0.0573    0.7973    0.6008
...   128 A-T ...
   29.6710  -62.1283   32.9614
   -0.9238   -0.2582    0.2827
    0.3824   -0.5844    0.7158
   -0.0196    0.7693    0.6386
...   129 C-G ...
   29.1820  -59.3887   34.5934
   -0.6295   -0.5675    0.5307
    0.7725   -0.3844    0.5054
   -0.0828    0.7282    0.6804
...   130 C-G ...
   28.3424  -56.9761   36.7583
   -0.1621   -0.7873    0.5948
    0.9754   -0.0367    0.2172
   -0.1492    0.6154    0.7740
...   131 A-T ...
   27.6020  -55.2065   39.4717
    0.3666   -0.7955    0.4824
    0.9141    0.4045   -0.0278
   -0.1730    0.4512    0.8755
...   132 A-T ...
   26.8411  -54.0594   42.3847
    0.7997   -0.4708    0.3727
    0.5726    0.7847   -0.2374
   -0.1807    0.4032    0.8971
...   133 A-T ...
   26.1817  -53.1279   45.4178
    0.9771    0.0427    0.2086
    0.0396    0.9262   -0.3750
   -0.2092    0.3746    0.9033
...   134 T-A ...
   25.6308  -52.5796   48.6349
    0.8597    0.5096    0.0340
   -0.4497    0.7867   -0.4230
   -0.2423    0.3484    0.9055
...   135 G-C ...
   25.2859  -52.4980   52.0750
    0.3205    0.9427   -0.0927
   -0.8825    0.2616   -0.3908
   -0.3442    0.2071    0.9158
...   136 T-A ...
   25.5356  -52.9667   55.8002
   -0.2443    0.9563   -0.1608
   -0.8908   -0.2868   -0.3525
   -0.3832    0.0571    0.9219
...   137 G-C ...
   24.9038  -52.7259   58.9821
   -0.7529    0.5562   -0.3519
   -0.5214   -0.8303   -0.1968
   -0.4017    0.0354    0.9151
...   138 A-T ...
   24.0250  -51.6260   61.9211
   -0.9563    0.0400   -0.2896
   -0.0523   -0.9980    0.0347
   -0.2877    0.0483    0.9565
...   139 G-C ...
   22.3574  -51.2299   64.4909
   -0.8529   -0.5117   -0.1032
    0.4973   -0.8566    0.1372
   -0.1586    0.0657    0.9852
...   140 C-G ...
   22.1609  -50.1385   67.4618
   -0.4681   -0.8749    0.1247
    0.8495   -0.4066    0.3363
   -0.2435    0.2633    0.9335
...   141 G-C ...
   21.4367  -51.8163   72.7856
    0.1304   -0.7141   -0.6877
    0.8897   -0.2218    0.3990
   -0.4375   -0.6639    0.6065
...   142 C-G ...
   20.4355  -54.2994   74.5395
    0.5847   -0.7390   -0.3347
    0.7593    0.3532    0.5466
   -0.2857   -0.5737    0.7676
...   143 T-A ...
   18.4378  -55.5189   76.5273
    0.8548   -0.5006    0.1370
    0.3188    0.7147    0.6225
   -0.4096   -0.4884    0.7705
...   144 C-G ...
   16.8485  -57.7126   78.2648
    0.8529   -0.0846    0.5152
   -0.1509    0.9047    0.3983
   -0.4998   -0.4175    0.7589
...   145 A-T ...
   15.7934  -59.5517   80.7963
    0.5515    0.4995    0.6681
   -0.6739    0.7388    0.0040
   -0.4915   -0.4525    0.7441
...   146 C-G ...
   15.7411  -61.4838   83.9296
    0.0342    0.7400    0.6718
   -0.8637    0.3601   -0.3527
   -0.5029   -0.5681    0.6514
...   147 A-T ...
   14.7482  -63.4170   86.8165
   -0.5923    0.6746    0.4405
   -0.6886   -0.1400   -0.7115
   -0.4183   -0.7247    0.5475
