  147 base-pairs
...     1 T-A ...
    0.0000    0.0000    0.0000
    1.0000    0.0000    0.0000
    0.0000    1.0000    0.0000
    0.0000    0.0000    1.0000
...     2 G-C ...
   -0.5555   -1.1003    3.3981
    0.7749    0.6051    0.1828
   -0.5991    0.7953   -0.0929
   -0.2016   -0.0375    0.9787
...     3 T-A ...
   -0.6619   -3.0237    6.5348
    0.3046    0.9250    0.2271
   -0.8994    0.3578   -0.2510
   -0.3134   -0.1278    0.9410
...     4 G-C ...
   -1.1607   -3.8418    9.6940
   -0.3351    0.9421    0.0133
   -0.8752   -0.3061   -0.3746
   -0.3489   -0.1372    0.9271
...     5 A-T ...
   -1.3881   -3.6770   12.8999
   -0.7835    0.6162   -0.0801
   -0.5677   -0.7622   -0.3109
   -0.2527   -0.1981    0.9470
...     6 G-C ...
   -2.6236   -3.5448   15.7072
   -0.9923    0.0611   -0.1075
   -0.0294   -0.9610   -0.2748
   -0.1201   -0.2695    0.9555
...     7 C-G ...
   -2.3138   -3.7570   18.8866
   -0.8620   -0.4995   -0.0864
    0.5008   -0.8655    0.0073
   -0.0785   -0.0370    0.9962
...     8 G-C ...
   -3.9561   -6.8109   23.3205
   -0.2581   -0.3560   -0.8981
    0.6294   -0.7673    0.1233
   -0.7330   -0.5335    0.4221
...     9 C-G ...
   -6.1177   -8.9414   24.2385
    0.1143   -0.7320   -0.6716
    0.8123   -0.3203    0.4874
   -0.5720   -0.6013    0.5580
...    10 T-A ...
   -8.5041   -9.6771   26.0540
    0.4660   -0.8587   -0.2131
    0.6274    0.1508    0.7640
   -0.6239   -0.4897    0.6090
...    11 C-G ...
  -11.0625  -11.3174   27.2336
    0.6660   -0.6911    0.2808
    0.3382    0.6152    0.7121
   -0.6649   -0.3794    0.6435
...    12 A-T ...
  -13.0013  -13.1789   29.0658
    0.7188   -0.1490    0.6790
   -0.1787    0.9043    0.3876
   -0.6718   -0.4000    0.6235
...    13 C-G ...
  -14.1788  -15.9359   31.3399
    0.4052    0.2865    0.8682
   -0.5270    0.8492   -0.0343
   -0.7470   -0.4437    0.4951
...    14 A-T ...
  -15.9532  -18.1566   33.3080
   -0.1503    0.6873    0.7107
   -0.6106    0.5008   -0.6135
   -0.7776   -0.5261    0.3444
...    15 A-T ...
  -18.2969  -20.0020   34.6534
   -0.5276    0.8206    0.2197
   -0.3892   -0.0036   -0.9211
   -0.7551   -0.5715    0.3213
...    16 T-A ...
  -20.5523  -21.7603   36.3583
   -0.6760    0.6774   -0.2900
   -0.0425   -0.4287   -0.9024
   -0.7357   -0.5977    0.3186
...    17 T-A ...
  -22.9078  -23.6107   37.6593
   -0.5905    0.2699   -0.7606
    0.3871   -0.7322   -0.5604
   -0.7081   -0.6254    0.3278
...    18 T-A ...
  -25.2880  -25.4792   38.8605
   -0.2501   -0.2157   -0.9439
    0.6755   -0.7373   -0.0106
   -0.6936   -0.6403    0.3301
...    19 A-T ...
  -27.4076  -27.8291   40.0290
    0.2709   -0.5822   -0.7666
    0.6829   -0.4450    0.5793
   -0.6784   -0.6805    0.2770
...    20 T-A ...
  -29.9548  -29.8621   40.3982
    0.6004   -0.7107   -0.3666
    0.4441   -0.0848    0.8919
   -0.6650   -0.6983    0.2647
...    21 T-A ...
  -32.1148  -32.1886   41.0502
    0.7652   -0.6081    0.2115
    0.0042    0.3332    0.9428
   -0.6438   -0.7205    0.2575
...    22 C-G ...
  -34.0510  -34.7095   41.8998
    0.6356   -0.2592    0.7272
   -0.4792    0.6061    0.6348
   -0.6053   -0.7520    0.2610
...    23 G-C ...
  -36.1200  -37.0546   43.2322
    0.2828    0.2049    0.9370
   -0.8006    0.5884    0.1129
   -0.5283   -0.7822    0.3304
...    24 C-G ...
  -37.4859  -39.8336   44.5434
   -0.2136    0.5186    0.8279
   -0.8319    0.3476   -0.4325
   -0.5121   -0.7811    0.3572
...    25 A-T ...
  -39.4348  -42.3637   45.5641
   -0.6509    0.6593    0.3763
   -0.5392   -0.0526   -0.8405
   -0.5343   -0.7500    0.3898
...    26 A-T ...
  -41.0311  -44.7849   47.0734
   -0.8643    0.4664   -0.1883
   -0.0293   -0.4205   -0.9068
   -0.5021   -0.7783    0.3771
...    27 A-T ...
  -42.6674  -47.2084   48.5200
   -0.7208    0.1085   -0.6846
    0.5024   -0.5987   -0.6238
   -0.4775   -0.7936    0.3771
...    28 G-C ...
  -44.4464  -49.6963   49.8607
   -0.2881   -0.1844   -0.9397
    0.8216   -0.5517   -0.1436
   -0.4919   -0.8134    0.3104
...    29 G-C ...
  -46.3096  -52.3462   50.8381
    0.2732   -0.3787   -0.8843
    0.8366   -0.3602    0.4127
   -0.4748   -0.8525    0.2184
...    30 C-G ...
  -48.1597  -55.0882   51.1951
    0.7222   -0.4627   -0.5142
    0.5335   -0.1007    0.8398
   -0.4403   -0.8808    0.1741
...    31 C-G ...
  -49.5025  -58.1809   51.4371
    0.9345   -0.3544    0.0320
    0.0177    0.1359    0.9906
   -0.3554   -0.9252    0.1333
...    32 G-C ...
  -50.4579  -61.3275   52.3189
    0.8012   -0.1131    0.5876
   -0.5492    0.2509    0.7971
   -0.2376   -0.9614    0.1389
...    33 G-C ...
  -50.8293  -64.6720   52.8239
    0.3588    0.1120    0.9267
   -0.9174    0.2254    0.3280
   -0.1721   -0.9678    0.1837
...    34 C-G ...
  -50.9517  -67.9554   53.5533
   -0.2276    0.2404    0.9436
   -0.9613    0.0992   -0.2571
   -0.1554   -0.9656    0.2085
...    35 C-G ...
  -51.3024  -71.2035   54.5312
   -0.7321    0.3001    0.6116
   -0.6578   -0.0781   -0.7491
   -0.1770   -0.9507    0.2545
...    36 C-G ...
  -51.8188  -74.3817   55.6565
   -0.9651    0.2559    0.0550
   -0.1188   -0.2412   -0.9632
   -0.2332   -0.9361    0.2632
...    37 G-C ...
  -52.4925  -77.6872   56.1206
   -0.8234    0.1560   -0.5456
    0.4746   -0.3380   -0.8127
   -0.3112   -0.9281    0.2043
...    38 A-T ...
  -53.5077  -80.7330   56.8785
   -0.3530   -0.0418   -0.9347
    0.8799   -0.3543   -0.3165
   -0.3180   -0.9342    0.1619
...    39 C-G ...
  -55.1270  -83.5696   57.4257
    0.1933   -0.1831   -0.9639
    0.9289   -0.2823    0.2399
   -0.3160   -0.9417    0.1155
...    40 A-T ...
  -55.9441  -86.8181   57.8077
    0.7353   -0.1983   -0.6481
    0.6285   -0.1586    0.7615
   -0.2538   -0.9672    0.0080
...    41 C-G ...
  -56.9544  -89.9153   57.2043
    0.9679   -0.2128   -0.1336
    0.1253   -0.0521    0.9907
   -0.2178   -0.9757   -0.0237
...    42 G-C ...
  -57.3756  -93.2817   57.5222
    0.8751   -0.1076    0.4719
   -0.4738    0.0080    0.8806
   -0.0985   -0.9942   -0.0440
...    43 A-T ...
  -57.5158  -96.5955   57.3892
    0.3978   -0.0721    0.9146
   -0.9148    0.0446    0.4014
   -0.0697   -0.9964   -0.0482
...    44 C-G ...
  -57.0727  -99.9327   57.2034
   -0.1737   -0.0368    0.9841
   -0.9833    0.0624   -0.1712
   -0.0551   -0.9974   -0.0471
...    45 T-A ...
  -57.0037 -103.2949   57.2790
   -0.6972    0.0247    0.7165
   -0.7144    0.0592   -0.6972
   -0.0596   -0.9979   -0.0237
...    46 T-A ...
  -56.9751 -106.5649   57.3881
   -0.9888    0.0135    0.1488
   -0.1478    0.0566   -0.9874
   -0.0217   -0.9983   -0.0540
...    47 A-T ...
  -56.8014 -109.9175   56.7073
   -0.8358    0.0328   -0.5481
    0.5490    0.0648   -0.8333
    0.0082   -0.9974   -0.0722
...    48 C-G ...
  -57.2210 -113.2160   56.8917
   -0.4001    0.1001   -0.9110
    0.9165    0.0403   -0.3981
   -0.0032   -0.9942   -0.1079
...    49 T-A ...
  -57.5295 -116.5089   56.4614
    0.1724    0.1890   -0.9667
    0.9850   -0.0377    0.1683
   -0.0047   -0.9812   -0.1927
...    50 G-C ...
  -57.2354 -119.7811   55.6886
    0.7148    0.2518   -0.6524
    0.6970   -0.1803    0.6940
    0.0571   -0.9508   -0.3044
...    51 T-A ...
  -57.2315 -122.6850   54.1072
    0.9749    0.1571   -0.1575
    0.2000   -0.3084    0.9300
    0.0975   -0.9382   -0.3321
...    52 A-T ...
  -56.8097 -125.9759   53.3541
    0.8714   -0.0607    0.4868
   -0.4725   -0.3704    0.7997
    0.1317   -0.9269   -0.3515
...    53 G-C ...
  -56.0530 -128.9728   52.0539
    0.4502   -0.2264    0.8637
   -0.8749   -0.3049    0.3762
    0.1782   -0.9251   -0.3353
...    54 G-C ...
  -55.1211 -132.1086   51.0883
   -0.1474   -0.3253    0.9341
   -0.9674   -0.1494   -0.2046
    0.2061   -0.9337   -0.2927
...    55 T-A ...
  -53.8708 -135.1842   50.4275
   -0.6603   -0.3603    0.6590
   -0.7218    0.0623   -0.6892
    0.2072   -0.9308   -0.3012
...    56 A-T ...
  -53.3028 -138.1263   48.6660
   -0.9571   -0.2879   -0.0331
   -0.0708    0.3428   -0.9367
    0.2811   -0.8942   -0.3485
...    57 T-A ...
  -52.4704 -141.2954   48.1389
   -0.8457   -0.0710   -0.5288
    0.4429    0.4592   -0.7700
    0.2975   -0.8855   -0.3569
...    58 C-G ...
  -51.4596 -144.2546   47.0346
   -0.4079    0.2658   -0.8735
    0.8646    0.4199   -0.2760
    0.2934   -0.8678   -0.4011
...    59 T-A ...
  -50.7627 -147.1901   45.6089
    0.1138    0.5294   -0.8407
    0.9499    0.1899    0.2482
    0.2910   -0.8268   -0.4813
...    60 C-G ...
  -49.8108 -149.8553   43.9316
    0.6461    0.5880   -0.4867
    0.6933   -0.1856    0.6963
    0.3191   -0.7873   -0.5276
...    61 G-C ...
  -48.2713 -152.4367   42.3117
    0.8806    0.4671    0.0793
    0.2178   -0.5478    0.8077
    0.4208   -0.6940   -0.5842
...    62 A-T ...
  -46.6857 -154.5997   40.3654
    0.8165    0.0491    0.5753
   -0.3516   -0.7481    0.5628
    0.4580   -0.6617   -0.5936
...    63 G-C ...
  -44.8814 -156.5861   38.3461
    0.4582   -0.3629    0.8114
   -0.7338   -0.6696    0.1148
    0.5017   -0.6480   -0.5731
...    64 C-G ...
  -42.8018 -158.6131   36.6117
   -0.0558   -0.6821    0.7291
   -0.8504   -0.3502   -0.3927
    0.5232   -0.6420   -0.5605
...    65 T-A ...
  -40.8125 -160.7867   34.9652
   -0.5378   -0.7554    0.3743
   -0.6585    0.0992   -0.7460
    0.5264   -0.6477   -0.5508
...    66 C-G ...
  -38.9561 -162.9160   33.1827
   -0.8287   -0.5289   -0.1830
   -0.1853    0.5679   -0.8020
    0.5281   -0.6307   -0.5686
...    67 G-C ...
  -37.0045 -164.6330   30.9575
   -0.8220   -0.0253   -0.5690
    0.3303    0.7927   -0.5124
    0.4640   -0.6091   -0.6432
...    68 G-C ...
  -35.4306 -166.8697   28.9306
   -0.5320    0.4905   -0.6902
    0.7307    0.6779   -0.0814
    0.4280   -0.5476   -0.7190
...    69 T-A ...
  -34.5683 -168.9277   26.4896
   -0.0792    0.8118   -0.5785
    0.9000    0.3078    0.3088
    0.4287   -0.4962   -0.7550
...    70 C-G ...
  -33.1816 -170.4693   23.9461
    0.4436    0.8692   -0.2184
    0.7764   -0.2510    0.5781
    0.4477   -0.4260   -0.7862
...    71 A-T ...
  -31.4133 -171.7839   21.3835
    0.7498    0.6068    0.2637
    0.4034   -0.7352    0.5447
    0.5244   -0.3020   -0.7961
...    72 T-A ...
  -29.8069 -172.1312   18.5346
    0.8446    0.1362    0.5179
   -0.0361   -0.9504    0.3089
    0.5342   -0.2796   -0.7978
...    73 G-C ...
  -27.8366 -173.4136   16.1126
    0.6162   -0.4642    0.6363
   -0.5084   -0.8514   -0.1288
    0.6015   -0.2441   -0.7606
...    74 T-A ...
  -25.3674 -173.8209   13.8413
    0.2340   -0.8650    0.4439
   -0.7567   -0.4487   -0.4755
    0.6105   -0.2246   -0.7595
...    75 T-A ...
  -23.1158 -174.3749   11.5146
   -0.2306   -0.9730   -0.0096
   -0.7530    0.1847   -0.6316
    0.6163   -0.1385   -0.7752
...    76 A-T ...
  -21.4542 -174.0467    8.4110
   -0.6182   -0.5482   -0.5632
   -0.4038    0.8363   -0.3708
    0.6743   -0.0018   -0.7384
...    77 T-A ...
  -19.0572 -174.6589    6.1852
   -0.7244   -0.0140   -0.6893
   -0.0266    0.9996    0.0076
    0.6889    0.0238   -0.7245
...    78 A-T ...
  -16.5174 -174.1245    3.9525
   -0.5783    0.6506   -0.4922
    0.4372    0.7566    0.4862
    0.6887    0.0660   -0.7220
...    79 A-T ...
  -14.3796 -173.9623    1.5205
   -0.2362    0.9685   -0.0793
    0.6917    0.2249    0.6862
    0.6824    0.1072   -0.7230
...    80 C-G ...
  -12.6307 -173.5272   -1.2366
    0.1353    0.9254    0.3540
    0.7222   -0.3367    0.6041
    0.6783    0.1739   -0.7139
...    81 G-C ...
   -9.9985 -172.7874   -3.2953
    0.4311    0.5225    0.7357
    0.5653   -0.7918    0.2311
    0.7033    0.3163   -0.6367
...    82 G-C ...
   -7.5232 -171.2951   -5.0903
    0.6167   -0.0559    0.7852
    0.2684   -0.9228   -0.2765
    0.7400    0.3813   -0.5541
...    83 A-T ...
   -4.9242 -169.9804   -6.7177
    0.6474   -0.6232    0.4388
   -0.1451   -0.6660   -0.7317
    0.7482    0.4101   -0.5216
...    84 G-C ...
   -2.2588 -168.5023   -8.1748
    0.4376   -0.8970   -0.0619
   -0.4715   -0.1703   -0.8653
    0.7656    0.4079   -0.4974
...    85 A-T ...
    0.3649 -167.1216   -9.7340
    0.0596   -0.7859   -0.6155
   -0.6447    0.4404   -0.6248
    0.7621    0.4341   -0.4804
...    86 T-A ...
    3.3075 -166.0811  -10.9424
   -0.2680   -0.3988   -0.8770
   -0.5895    0.7879   -0.1782
    0.7620    0.4692   -0.4462
...    87 C-G ...
    5.9428 -164.5227  -12.2931
   -0.5863    0.1875   -0.7881
   -0.3122    0.8454    0.4334
    0.7475    0.5002   -0.4371
...    88 C-G ...
    8.6171 -163.0280  -13.8028
   -0.7254    0.5932   -0.3492
    0.0693    0.5677    0.8203
    0.6849    0.5708   -0.4529
...    89 G-C ...
   11.0924 -160.9334  -14.9218
   -0.6449    0.7170    0.2644
    0.4751    0.1052    0.8736
    0.5986    0.6891   -0.4085
...    90 C-G ...
   12.7360 -158.5642  -16.5843
   -0.3098    0.5953    0.7414
    0.7626   -0.3102    0.5676
    0.5679    0.7413   -0.3579
...    91 T-A ...
   14.3417 -155.8606  -17.6738
    0.1125    0.2473    0.9624
    0.8341   -0.5499    0.0438
    0.5400    0.7978   -0.2681
...    92 T-A ...
   15.9638 -153.1456  -18.4009
    0.5744   -0.1443    0.8058
    0.6202   -0.5657   -0.5434
    0.5343    0.8119   -0.2355
...    93 T-A ...
   17.6129 -150.3848  -18.9339
    0.8440   -0.4374    0.3103
    0.1610   -0.3452   -0.9246
    0.5115    0.8304   -0.2209
...    94 A-T ...
   19.1742 -147.6254  -20.4125
    0.7644   -0.4556   -0.4562
   -0.4868    0.0562   -0.8717
    0.4228    0.8884   -0.1788
...    95 A-T ...
   20.7202 -144.7407  -20.6960
    0.3360   -0.2470   -0.9089
   -0.8638    0.3040   -0.4019
    0.3756    0.9201   -0.1112
...    96 C-G ...
   22.5487 -141.8878  -20.9099
   -0.2006   -0.0173   -0.9795
   -0.9089    0.3764    0.1795
    0.3656    0.9263   -0.0913
...    97 A-T ...
   23.4472 -138.6440  -20.8386
   -0.7400    0.1709   -0.6506
   -0.5974    0.2776    0.7524
    0.3092    0.9454   -0.1033
...    98 C-G ...
   24.7328 -135.6848  -21.6654
   -0.9564    0.2624   -0.1278
   -0.0995    0.1186    0.9879
    0.2744    0.9576   -0.0873
...    99 T-A ...
   25.5026 -132.4852  -22.1706
   -0.8757    0.1916    0.4431
    0.4426   -0.0479    0.8954
    0.1928    0.9803   -0.0429
...   100 T-A ...
   25.9781 -129.2944  -22.3581
   -0.4695    0.0675    0.8804
    0.8687   -0.1429    0.4742
    0.1578    0.9874    0.0085
...   101 T-A ...
   26.2967 -126.0798  -22.2507
    0.1112   -0.0819    0.9904
    0.9839   -0.1313   -0.1213
    0.1399    0.9880    0.0660
...   102 A-T ...
   26.9795 -122.8051  -21.8122
    0.6838   -0.2212    0.6954
    0.7144    0.0088   -0.6997
    0.1486    0.9752    0.1640
...   103 T-A ...
   27.1333 -119.7130  -20.6498
    0.9585   -0.1751    0.2250
    0.2508    0.1424   -0.9575
    0.1356    0.9742    0.1804
...   104 G-C ...
   27.8225 -116.4357  -20.3595
    0.9040   -0.0772   -0.4205
   -0.3868    0.2713   -0.8814
    0.1821    0.9594    0.2154
...   105 C-G ...
   28.7410 -113.3283  -19.3790
    0.5114    0.0968   -0.8539
   -0.8378    0.2774   -0.4703
    0.1913    0.9559    0.2229
...   106 T-A ...
   29.6729 -110.1895  -18.5767
   -0.0604    0.2303   -0.9712
   -0.9807    0.1677    0.1008
    0.1861    0.9586    0.2157
...   107 T-A ...
   30.5508 -107.1274  -17.8292
   -0.6365    0.3239   -0.7000
   -0.7487   -0.0412    0.6617
    0.1855    0.9452    0.2687
...   108 C-G ...
   31.2813 -104.0253  -16.8908
   -0.9691    0.1949   -0.1509
   -0.1992   -0.2583    0.9453
    0.1452    0.9462    0.2892
...   109 C-G ...
   31.7848 -100.7629  -16.1202
   -0.9224   -0.0915    0.3752
    0.3837   -0.3266    0.8638
    0.0435    0.9407    0.3364
...   110 G-C ...
   32.0334  -97.7253  -14.5977
   -0.5336   -0.4085    0.7405
    0.8432   -0.1897    0.5029
   -0.0649    0.8928    0.4457
...   111 G-C ...
   31.4352  -94.8491  -12.9260
    0.0403   -0.5439    0.8382
    0.9934    0.1116    0.0246
   -0.1069    0.8317    0.5448
...   112 C-G ...
   30.6832  -92.3812  -10.8081
    0.5983   -0.4308    0.6756
    0.7937    0.4345   -0.4258
   -0.1101    0.7910    0.6019
...   113 T-A ...
   30.2631  -90.0261   -8.4695
    0.9444   -0.1536    0.2906
    0.3184    0.6467   -0.6931
   -0.0815    0.7471    0.6597
...   114 C-G ...
   30.1644  -87.6401   -6.1633
    0.9384    0.2827   -0.1988
   -0.3374    0.6251   -0.7038
   -0.0747    0.7276    0.6820
...   115 G-C ...
   29.7929  -84.8865   -4.1847
    0.5451    0.5744   -0.6106
   -0.8381    0.3552   -0.4140
   -0.0210    0.7375    0.6750
...   116 T-A ...
   30.3238  -82.5734   -1.7670
   -0.0172    0.6795   -0.7335
   -0.9994   -0.0340   -0.0081
   -0.0304    0.7329    0.6797
...   117 A-T ...
   29.5733  -80.4745    0.9138
   -0.7111    0.5126   -0.4812
   -0.7029   -0.5346    0.4692
   -0.0168    0.6719    0.7404
...   118 T-A ...
   29.8718  -77.8820    2.9525
   -0.9759    0.1537   -0.1549
   -0.2177   -0.7352    0.6420
   -0.0152    0.6602    0.7509
...   119 A-T ...
   29.9075  -76.0158    5.8131
   -0.8793   -0.3883    0.2758
    0.4744   -0.6622    0.5800
   -0.0426    0.6408    0.7665
...   120 A-T ...
   29.6104  -73.8791    8.2397
   -0.4252   -0.7209    0.5473
    0.9033   -0.3001    0.3065
   -0.0567    0.6247    0.7788
...   121 T-A ...
   28.7640  -71.8449   10.6824
    0.1123   -0.7819    0.6132
    0.9916    0.1276   -0.0189
   -0.0635    0.6102    0.7897
...   122 G-C ...
   28.9042  -69.9381   13.4722
    0.6937   -0.5968    0.4031
    0.7191    0.6053   -0.3414
   -0.0403    0.5267    0.8491
...   123 T-A ...
   28.5538  -68.7543   16.5867
    0.9768   -0.1702    0.1300
    0.2126    0.8443   -0.4919
   -0.0260    0.5081    0.8609
...   124 G-C ...
   28.6490  -66.7700   19.3137
    0.8987    0.3633   -0.2457
   -0.4370    0.7885   -0.4328
    0.0365    0.4963    0.8674
...   125 T-A ...
   29.2247  -65.5384   22.4059
    0.4994    0.7413   -0.4484
   -0.8655    0.4501   -0.2198
    0.0389    0.4978    0.8664
...   126 C-G ...
   29.4275  -63.9206   25.3127
   -0.1543    0.8581   -0.4897
   -0.9875   -0.1184    0.1038
    0.0311    0.4996    0.8657
...   127 G-C ...
   29.0964  -62.4336   28.3798
   -0.7168    0.5695   -0.4023
   -0.6965   -0.6120    0.3747
   -0.0329    0.5488    0.8353
...   128 A-T ...
   29.0611  -60.6138   31.1466
   -0.9925    0.0516   -0.1112
   -0.1036   -0.8379    0.5358
   -0.0655    0.5433    0.8370
...   129 C-G ...
   28.7262  -58.3359   33.5496
   -0.8821   -0.4389    0.1711
    0.4601   -0.7247    0.5129
   -0.1011    0.5312    0.8412
...   130 C-G ...
   28.0979  -56.5114   36.3344
   -0.4472   -0.8216    0.3537
    0.8783   -0.3286    0.3472
   -0.1691    0.4659    0.8685
...   131 A-T ...
   27.7688  -55.1152   39.3954
    0.1899   -0.8950    0.4036
    0.9632    0.2495    0.1000
   -0.1902    0.3697    0.9095
...   132 A-T ...
   26.9776  -54.0708   42.3774
    0.7286   -0.5651    0.3870
    0.6550    0.7401   -0.1523
   -0.2004    0.3645    0.9094
...   133 A-T ...
   26.2415  -53.1179   45.4113
    0.9713    0.0044    0.2378
    0.0815    0.9331   -0.3502
   -0.2234    0.3595    0.9060
...   134 T-A ...
   25.6308  -52.5796   48.6348
    0.8597    0.5096    0.0340
   -0.4497    0.7867   -0.4230
   -0.2423    0.3484    0.9055
...   135 G-C ...
   25.2859  -52.4980   52.0749
    0.3205    0.9427   -0.0927
   -0.8825    0.2616   -0.3908
   -0.3442    0.2071    0.9158
...   136 T-A ...
   25.5356  -52.9668   55.8001
   -0.2443    0.9563   -0.1608
   -0.8908   -0.2868   -0.3525
   -0.3832    0.0571    0.9219
...   137 G-C ...
   24.9037  -52.7259   58.9820
   -0.7529    0.5562   -0.3519
   -0.5214   -0.8303   -0.1968
   -0.4017    0.0354    0.9151
...   138 A-T ...
   24.0249  -51.6261   61.9210
   -0.9563    0.0400   -0.2896
   -0.0523   -0.9980    0.0347
   -0.2877    0.0483    0.9565
...   139 G-C ...
   22.3574  -51.2299   64.4908
   -0.8529   -0.5117   -0.1032
    0.4973   -0.8566    0.1372
   -0.1586    0.0657    0.9852
...   140 C-G ...
   22.1609  -50.1386   67.4617
   -0.4681   -0.8749    0.1247
    0.8495   -0.4066    0.3363
   -0.2435    0.2633    0.9335
...   141 G-C ...
   21.4366  -51.8163   72.7855
    0.1304   -0.7141   -0.6877
    0.8897   -0.2218    0.3990
   -0.4375   -0.6639    0.6065
...   142 C-G ...
   20.4355  -54.2994   74.5394
    0.5847   -0.7390   -0.3347
    0.7593    0.3532    0.5466
   -0.2857   -0.5737    0.7676
...   143 T-A ...
   18.4378  -55.5190   76.5272
    0.8548   -0.5006    0.1370
    0.3188    0.7147    0.6225
   -0.4096   -0.4884    0.7705
...   144 C-G ...
   16.8485  -57.7126   78.2647
    0.8529   -0.0846    0.5152
   -0.1509    0.9047    0.3983
   -0.4998   -0.4175    0.7589
...   145 A-T ...
   15.7933  -59.5517   80.7962
    0.5515    0.4995    0.6681
   -0.6739    0.7388    0.0040
   -0.4915   -0.4525    0.7441
...   146 C-G ...
   15.7411  -61.4838   83.9295
    0.0342    0.7400    0.6718
   -0.8637    0.3601   -0.3527
   -0.5029   -0.5681    0.6514
...   147 A-T ...
   14.7481  -63.4170   86.8164
   -0.5923    0.6746    0.4405
   -0.6886   -0.1400   -0.7115
   -0.4183   -0.7247    0.5475
