  147 base-pairs
...     1 T-A ...
    0.0000    0.0000    0.0000
    1.0000    0.0000    0.0000
    0.0000    1.0000    0.0000
    0.0000    0.0000    1.0000
...     2 G-C ...
   -0.5555   -1.1003    3.3981
    0.7749    0.6051    0.1828
   -0.5991    0.7953   -0.0929
   -0.2016   -0.0375    0.9787
...     3 T-A ...
   -0.6619   -3.0237    6.5348
    0.3046    0.9250    0.2271
   -0.8994    0.3578   -0.2510
   -0.3134   -0.1278    0.9410
...     4 G-C ...
   -1.1607   -3.8418    9.6940
   -0.3351    0.9421    0.0133
   -0.8752   -0.3061   -0.3746
   -0.3489   -0.1372    0.9271
...     5 A-T ...
   -1.3881   -3.6770   12.8999
   -0.7835    0.6162   -0.0801
   -0.5677   -0.7622   -0.3109
   -0.2527   -0.1981    0.9470
...     6 G-C ...
   -2.6236   -3.5448   15.7072
   -0.9923    0.0611   -0.1075
   -0.0294   -0.9610   -0.2748
   -0.1201   -0.2695    0.9555
...     7 C-G ...
   -2.3138   -3.7570   18.8866
   -0.8620   -0.4995   -0.0864
    0.5008   -0.8655    0.0073
   -0.0785   -0.0370    0.9962
...     8 G-C ...
   -3.9561   -6.8109   23.3205
   -0.2581   -0.3560   -0.8981
    0.6294   -0.7673    0.1233
   -0.7330   -0.5335    0.4221
...     9 C-G ...
   -6.1177   -8.9414   24.2385
    0.1143   -0.7320   -0.6716
    0.8123   -0.3203    0.4874
   -0.5720   -0.6013    0.5580
...    10 T-A ...
   -8.5041   -9.6771   26.0540
    0.4660   -0.8587   -0.2131
    0.6274    0.1508    0.7640
   -0.6239   -0.4897    0.6090
...    11 C-G ...
  -11.0625  -11.3174   27.2336
    0.6660   -0.6911    0.2808
    0.3382    0.6152    0.7121
   -0.6649   -0.3794    0.6435
...    12 A-T ...
  -13.0013  -13.1789   29.0658
    0.7188   -0.1490    0.6790
   -0.1787    0.9043    0.3876
   -0.6718   -0.4000    0.6235
...    13 C-G ...
  -14.1788  -15.9359   31.3399
    0.4052    0.2865    0.8682
   -0.5270    0.8492   -0.0343
   -0.7470   -0.4437    0.4951
...    14 A-T ...
  -15.9532  -18.1566   33.3080
   -0.1503    0.6873    0.7107
   -0.6106    0.5008   -0.6135
   -0.7776   -0.5261    0.3444
...    15 A-T ...
  -18.3900  -19.9087   34.5663
   -0.4949    0.8442    0.2061
   -0.3976   -0.0091   -0.9175
   -0.7727   -0.5360    0.3401
...    16 T-A ...
  -20.7212  -21.5901   36.4058
   -0.6707    0.6702   -0.3177
   -0.0428   -0.4627   -0.8855
   -0.7405   -0.5803    0.3390
...    17 T-A ...
  -23.1351  -23.2930   37.8465
   -0.5970    0.2314   -0.7681
    0.3860   -0.7565   -0.5279
   -0.7033   -0.6116    0.3623
...    18 T-A ...
  -25.5170  -25.1315   39.1335
   -0.2560   -0.2468   -0.9346
    0.6684   -0.7437    0.0132
   -0.6983   -0.6214    0.3553
...    19 A-T ...
  -27.6156  -27.4820   40.4005
    0.2474   -0.6287   -0.7373
    0.6839   -0.4257    0.5925
   -0.6863   -0.6508    0.3247
...    20 T-A ...
  -30.2473  -29.4157   40.9434
    0.5774   -0.7545   -0.3120
    0.4520   -0.0229    0.8917
   -0.6800   -0.6559    0.3278
...    21 T-A ...
  -32.5069  -31.6216   41.7606
    0.7339   -0.6229    0.2709
    0.0128    0.4115    0.9113
   -0.6791   -0.6654    0.3099
...    22 C-G ...
  -34.6318  -33.8943   42.8417
    0.6140   -0.2316    0.7546
   -0.4486    0.6842    0.5750
   -0.6495   -0.6915    0.3162
...    23 G-C ...
  -36.8494  -35.8349   44.5472
    0.3358    0.2841    0.8981
   -0.7628    0.6414    0.0823
   -0.5526   -0.7127    0.4321
...    24 C-G ...
  -38.3214  -38.3716   46.0459
   -0.0939    0.6170    0.7813
   -0.8269    0.3887   -0.4064
   -0.5545   -0.6842    0.4737
...    25 A-T ...
  -40.6337  -40.5668   47.1789
   -0.5706    0.7419    0.3520
   -0.5913   -0.0738   -0.8031
   -0.5698   -0.6664    0.4808
...    26 A-T ...
  -42.4474  -42.6942   48.9241
   -0.8199    0.5420   -0.1845
   -0.1328   -0.4935   -0.8596
   -0.5570   -0.6802    0.4766
...    27 A-T ...
  -44.2026  -44.7720   50.7516
   -0.7496    0.1221   -0.6505
    0.4008   -0.6984   -0.5929
   -0.5268   -0.7052    0.4746
...    28 G-C ...
  -46.2969  -46.8312   52.4566
   -0.3711   -0.2424   -0.8964
    0.7419   -0.6580   -0.1291
   -0.5585   -0.7129    0.4240
...    29 G-C ...
  -48.4969  -49.1752   53.7654
    0.1840   -0.5181   -0.8353
    0.8127   -0.3978    0.4258
   -0.5529   -0.7571    0.3479
...    30 C-G ...
  -50.5327  -51.6503   54.5276
    0.6465   -0.6043   -0.4657
    0.5496   -0.0544    0.8336
   -0.5291   -0.7949    0.2970
...    31 C-G ...
  -52.3356  -54.3609   55.3028
    0.8824   -0.4651    0.0716
    0.0617    0.2652    0.9622
   -0.4665   -0.8446    0.2627
...    32 G-C ...
  -53.5349  -56.9934   56.5405
    0.8168   -0.1683    0.5519
   -0.4463    0.4220    0.7892
   -0.3657   -0.8908    0.2696
...    33 G-C ...
  -54.2873  -60.1189   57.6386
    0.4321    0.1413    0.8907
   -0.8467    0.4035    0.3468
   -0.3104   -0.9040    0.2940
...    34 C-G ...
  -54.9534  -63.1701   58.7212
   -0.1285    0.3730    0.9189
   -0.9468    0.2296   -0.2256
   -0.2951   -0.8990    0.3236
...    35 C-G ...
  -55.8341  -66.1262   60.2235
   -0.6529    0.4567    0.6043
   -0.6960   -0.0470   -0.7165
   -0.2988   -0.8884    0.3486
...    36 C-G ...
  -56.7467  -69.0828   61.7188
   -0.9237    0.3794    0.0528
   -0.1854   -0.3222   -0.9284
   -0.3353   -0.8673    0.3679
...    37 G-C ...
  -57.4946  -72.5167   62.0075
   -0.8295    0.1802   -0.5286
    0.4053   -0.4569   -0.7918
   -0.3842   -0.8711    0.3059
...    38 A-T ...
  -58.6076  -75.2862   63.1099
   -0.4177   -0.1144   -0.9013
    0.8298   -0.4520   -0.3272
   -0.3700   -0.8846    0.2838
...    39 C-G ...
  -60.2274  -77.9390   63.8590
    0.1125   -0.2814   -0.9530
    0.9188   -0.3356    0.2076
   -0.3783   -0.8990    0.2208
...    40 A-T ...
  -61.4314  -81.0682   64.4166
    0.6734   -0.3365   -0.6583
    0.6587   -0.1313    0.7409
   -0.3358   -0.9325    0.1332
...    41 C-G ...
  -62.5032  -84.1980   64.2586
    0.9383   -0.3033   -0.1663
    0.1873    0.0413    0.9814
   -0.2908   -0.9520    0.0956
...    42 G-C ...
  -63.2743  -87.3809   65.0405
    0.8679   -0.1658    0.4682
   -0.4472    0.1495    0.8819
   -0.2162   -0.9748    0.0556
...    43 A-T ...
  -63.9077  -90.5294   65.1820
    0.4144   -0.0539    0.9085
   -0.8838    0.2143    0.4158
   -0.2171   -0.9753    0.0412
...    44 C-G ...
  -64.0084  -93.8637   65.2596
   -0.1388    0.0912    0.9861
   -0.9694    0.1913   -0.1541
   -0.2027   -0.9773    0.0619
...    45 T-A ...
  -64.1090  -97.4621   65.8325
   -0.6835    0.1927    0.7040
   -0.6986    0.1069   -0.7075
   -0.2116   -0.9754    0.0616
...    46 T-A ...
  -64.5953 -100.6440   66.1874
   -0.9662    0.1882    0.1759
   -0.1746    0.0235   -0.9844
   -0.1894   -0.9818    0.0102
...    47 A-T ...
  -65.1015 -103.9995   65.8396
   -0.8391    0.1595   -0.5200
    0.5124   -0.0890   -0.8541
   -0.1826   -0.9832   -0.0071
...    48 C-G ...
  -66.1148 -107.1193   66.3275
   -0.4162    0.1340   -0.8993
    0.8861   -0.1622   -0.4342
   -0.2041   -0.9776   -0.0513
...    49 T-A ...
  -67.1840 -110.3278   66.0796
    0.1617    0.1153   -0.9801
    0.9636   -0.2327    0.1316
   -0.2129   -0.9657   -0.1487
...    50 G-C ...
  -67.7451 -113.6073   65.2652
    0.7183    0.1165   -0.6859
    0.6825   -0.3098    0.6620
   -0.1354   -0.9436   -0.3020
...    51 T-A ...
  -68.2964 -116.4166   63.8093
    0.9765   -0.0177   -0.2148
    0.1948   -0.3543    0.9146
   -0.0923   -0.9350   -0.3425
...    52 A-T ...
  -68.5244 -119.7791   63.1588
    0.8685   -0.2349    0.4364
   -0.4923   -0.3075    0.8143
   -0.0571   -0.9221   -0.3827
...    53 G-C ...
  -68.4694 -122.7645   61.8276
    0.4600   -0.3208    0.8279
   -0.8879   -0.1734    0.4262
    0.0068   -0.9311   -0.3646
...    54 G-C ...
  -67.6378 -126.0763   60.5977
   -0.1530   -0.3289    0.9319
   -0.9876    0.0175   -0.1560
    0.0350   -0.9442   -0.3275
...    55 T-A ...
  -67.1055 -129.2551   59.7680
   -0.6675   -0.2938    0.6842
   -0.7429    0.2013   -0.6384
    0.0498   -0.9344   -0.3526
...    56 A-T ...
  -66.7519 -132.4776   58.7271
   -0.9872   -0.1003    0.1243
   -0.1526    0.3624   -0.9194
    0.0472   -0.9266   -0.3731
...    57 T-A ...
  -66.6158 -135.7196   58.1675
   -0.9095    0.0964   -0.4044
    0.4090    0.3815   -0.8289
    0.0744   -0.9193   -0.3864
...    58 C-G ...
  -66.6063 -138.9113   56.9240
   -0.4329    0.3502   -0.8307
    0.8989    0.2375   -0.3683
    0.0683   -0.9061   -0.4176
...    59 T-A ...
  -66.6564 -141.8605   55.3551
    0.1261    0.5041   -0.8544
    0.9901   -0.0106    0.1399
    0.0615   -0.8636   -0.5004
...    60 C-G ...
  -66.2930 -144.6510   53.5781
    0.6867    0.4497   -0.5712
    0.7243   -0.3561    0.5903
    0.0620   -0.8191   -0.5703
...    61 G-C ...
  -65.4084 -147.4875   51.8815
    0.9375    0.3474   -0.0216
    0.2493   -0.6268    0.7382
    0.2430   -0.6974   -0.6742
...    62 A-T ...
  -64.3096 -149.7826   49.5782
    0.8888   -0.1004    0.4471
   -0.3669   -0.7406    0.5630
    0.2746   -0.6644   -0.6951
...    63 G-C ...
  -63.1755 -151.9185   47.2594
    0.5292   -0.4808    0.6991
   -0.7875   -0.5851    0.1938
    0.3159   -0.6531   -0.6883
...    64 C-G ...
  -61.6543 -154.0722   44.9796
   -0.0622   -0.7453    0.6639
   -0.9391   -0.1816   -0.2918
    0.3380   -0.6416   -0.6886
...    65 T-A ...
  -60.5087 -156.2481   42.7261
   -0.5745   -0.7405    0.3487
   -0.7290    0.2694   -0.6293
    0.3720   -0.6157   -0.6946
...    66 C-G ...
  -59.1505 -158.1667   40.2394
   -0.9001   -0.4063   -0.1575
   -0.2025    0.7100   -0.6745
    0.3858   -0.5752   -0.7213
...    67 G-C ...
  -57.7466 -159.1513   37.1458
   -0.8562    0.1206   -0.5023
    0.3672    0.8260   -0.4276
    0.3634   -0.5506   -0.7515
...    68 G-C ...
  -56.2882 -161.0613   34.7493
   -0.5041    0.6360   -0.5843
    0.7762    0.6303    0.0164
    0.3787   -0.4453   -0.8114
...    69 G-C ...
  -55.1875 -162.6634   31.9941
   -0.0371    0.9307   -0.3640
    0.9286    0.1667    0.3315
    0.3692   -0.3257   -0.8704
...    70 A-T ...
  -54.1271 -163.6626   29.0090
    0.4983    0.8666   -0.0276
    0.7706   -0.4281    0.4722
    0.3974   -0.2565   -0.8811
...    71 T-A ...
  -53.1641 -163.9948   25.8848
    0.8096    0.5197    0.2729
    0.3988   -0.8281    0.3939
    0.4307   -0.2100   -0.8777
...    72 C-G ...
  -51.5819 -164.3603   22.9480
    0.8701   -0.0873    0.4851
   -0.1567   -0.9821    0.1044
    0.4673   -0.1669   -0.8682
...    73 C-G ...
  -49.5190 -164.8363   20.3494
    0.6072   -0.6099    0.5093
   -0.5780   -0.7789   -0.2436
    0.5453   -0.1465   -0.8254
...    74 G-C ...
  -47.9468 -165.6897   17.5178
    0.1034   -0.9562    0.2739
   -0.8020   -0.2431   -0.5456
    0.5883   -0.1632   -0.7920
...    75 C-G ...
  -45.5422 -166.3936   15.0832
   -0.3898   -0.9137   -0.1148
   -0.7011    0.3753   -0.6062
    0.5970   -0.1558   -0.7869
...    76 T-A ...
  -43.2746 -167.2576   12.5737
   -0.7270   -0.5055   -0.4648
   -0.3173    0.8475   -0.4255
    0.6090   -0.1619   -0.7765
...    77 T-A ...
  -41.2082 -168.0790   10.1626
   -0.7384    0.1049   -0.6661
    0.1696    0.9850   -0.0329
    0.6526   -0.1373   -0.7451
...    78 T-A ...
  -39.0700 -168.6940    7.7376
   -0.5017    0.6728   -0.5437
    0.5618    0.7314    0.3866
    0.6578   -0.1115   -0.7449
...    79 A-T ...
  -36.5825 -168.8009    5.3593
   -0.1582    0.9858   -0.0557
    0.7695    0.1585    0.6187
    0.6188    0.0550   -0.7837
...    80 A-T ...
  -34.7743 -168.4573    2.7917
    0.2499    0.8935    0.3730
    0.7423   -0.4241    0.5187
    0.6217    0.1473   -0.7693
...    81 C-G ...
  -33.1191 -167.4970    0.0288
    0.5943    0.5088    0.6228
    0.4949   -0.8418    0.2155
    0.6339    0.1801   -0.7521
...    82 A-T ...
  -30.6613 -166.7351   -2.2582
    0.7115   -0.1249    0.6915
    0.0810   -0.9629   -0.2573
    0.6980    0.2391   -0.6750
...    83 C-G ...
  -28.0272 -165.4598   -3.9922
    0.6283   -0.6444    0.4359
   -0.2970   -0.7165   -0.6312
    0.7191    0.2671   -0.6415
...    84 T-A ...
  -25.0700 -164.1370   -5.6943
    0.3367   -0.9404   -0.0480
   -0.5922   -0.1718   -0.7873
    0.7321    0.2935   -0.6147
...    85 T-A ...
  -22.4462 -163.1032   -7.4161
   -0.0222   -0.8008   -0.5985
   -0.6775    0.4523   -0.5801
    0.7352    0.3926   -0.5525
...    86 T-A ...
  -19.7054 -161.9183   -8.9170
   -0.3531   -0.3027   -0.8853
   -0.5541    0.8301   -0.0628
    0.7538    0.4684   -0.4608
...    87 A-T ...
  -17.0950 -159.7835  -10.0984
   -0.5616    0.4709   -0.6803
   -0.1784    0.7340    0.6553
    0.8079    0.4894   -0.3282
...    88 T-A ...
  -14.5747 -158.5325  -11.7132
   -0.6094    0.7547   -0.2429
    0.1103    0.3840    0.9167
    0.7851    0.5319   -0.3173
...    89 G-C ...
  -12.1135 -156.6517  -12.9571
   -0.4941    0.7693    0.4051
    0.4836   -0.1440    0.8634
    0.7225    0.6225   -0.3009
...    90 C-G ...
  -10.1447 -154.2599  -13.9884
   -0.2046    0.5023    0.8402
    0.6727   -0.5514    0.4934
    0.7111    0.6661   -0.2251
...    91 T-A ...
   -8.0216 -151.5366  -14.5844
    0.1982    0.0437    0.9792
    0.7026   -0.7029   -0.1108
    0.6834    0.7100   -0.1700
...    92 T-A ...
   -5.9510 -149.0201  -14.9269
    0.5899   -0.3821    0.7114
    0.4594   -0.5658   -0.6848
    0.6641    0.7307   -0.1582
...    93 T-A ...
   -3.8695 -146.5406  -15.3416
    0.7621   -0.6319    0.1409
    0.0031   -0.2140   -0.9768
    0.6474    0.7449   -0.1611
...    94 C-G ...
   -1.5941 -144.1770  -16.1564
    0.6219   -0.5863   -0.5191
   -0.4562    0.2676   -0.8487
    0.6365    0.7647   -0.1010
...    95 A-T ...
    0.1654 -141.2830  -16.5435
    0.1855   -0.3489   -0.9186
   -0.7268    0.5804   -0.3672
    0.6613    0.7358   -0.1459
...    96 T-A ...
    2.7213 -139.1935  -16.9164
   -0.2316    0.0286   -0.9724
   -0.7185    0.6688    0.1908
    0.6558    0.7429   -0.1343
...    97 G-C ...
    5.0745 -136.6467  -17.2022
   -0.6588    0.4350   -0.6138
   -0.4324    0.4486    0.7822
    0.6156    0.7807   -0.1074
...    98 T-A ...
    7.3447 -134.2487  -18.0354
   -0.7844    0.6179   -0.0544
    0.0013    0.0893    0.9960
    0.6203    0.7812   -0.0709
...    99 T-A ...
    9.2751 -131.7386  -18.3982
   -0.6710    0.5023    0.5455
    0.4535   -0.3041    0.8378
    0.5867    0.8095   -0.0237
...   100 A-T ...
   11.4165 -129.1233  -18.1145
   -0.2836    0.1319    0.9498
    0.7855   -0.5361    0.3090
    0.5500    0.8338    0.0484
...   101 T-A ...
   12.5601 -126.0532  -17.9059
    0.1681   -0.1955    0.9662
    0.8260   -0.5070   -0.2463
    0.5380    0.8395    0.0763
...   102 A-T ...
   14.6463 -123.3246  -17.7294
    0.6721   -0.4821    0.5620
    0.5298   -0.2171   -0.8198
    0.5172    0.8488    0.1095
...   103 A-T ...
   16.2985 -120.6168  -17.0882
    0.8713   -0.4877   -0.0551
    0.0194    0.1464   -0.9890
    0.4904    0.8606    0.1370
...   104 C-G ...
   18.1304 -117.8689  -15.9322
    0.7409   -0.2631   -0.6179
   -0.4954    0.4070   -0.7674
    0.4534    0.8747    0.1712
...   105 G-C ...
   19.4954 -114.8910  -15.4657
    0.2430    0.1336   -0.9608
   -0.8637    0.4806   -0.1516
    0.4415    0.8667    0.2322
...   106 G-C ...
   21.1054 -112.1146  -14.4838
   -0.3103    0.3314   -0.8910
   -0.8570    0.3082    0.4130
    0.4115    0.8917    0.1883
...   107 A-T ...
   22.4883 -109.2193  -13.8872
   -0.7885    0.4098   -0.4586
   -0.4937    0.0230    0.8693
    0.3668    0.9119    0.1842
...   108 C-G ...
   23.8781 -106.2242  -13.9483
   -0.9473    0.3099    0.0815
    0.0124   -0.2186    0.9757
    0.3202    0.9253    0.2033
...   109 C-G ...
   24.7800 -102.9523  -13.4098
   -0.8064   -0.0061    0.5914
    0.5539   -0.3581    0.7516
    0.2072    0.9336    0.2922
...   110 G-C ...
   25.5503 -100.1749  -12.1038
   -0.4127   -0.3437    0.8435
    0.9043   -0.2656    0.3343
    0.1092    0.9007    0.4204
...   111 G-C ...
   25.6482  -97.3640  -10.3093
    0.1577   -0.5216    0.8385
    0.9848    0.0207   -0.1723
    0.0725    0.8529    0.5170
...   112 C-G ...
   25.5310  -94.9192   -7.9823
    0.6919   -0.4528    0.5624
    0.7186    0.3572   -0.5967
    0.0693    0.8170    0.5725
...   113 T-A ...
   25.7487  -92.3445   -5.8951
    0.9746   -0.1904    0.1184
    0.2107    0.5981   -0.7733
    0.0764    0.7785    0.6230
...   114 C-G ...
   26.2520  -89.6384   -4.0568
    0.8920    0.2402   -0.3830
   -0.4429    0.6341   -0.6338
    0.0906    0.7350    0.6720
...   115 G-C ...
   26.2331  -86.9645   -2.0798
    0.4161    0.5807   -0.6998
   -0.9029    0.3551   -0.2422
    0.1078    0.7326    0.6720
...   116 T-A ...
   27.3623  -84.4666    0.0150
   -0.1779    0.6648   -0.7255
   -0.9798   -0.0516    0.1930
    0.0909    0.7452    0.6606
...   117 A-T ...
   27.9044  -81.9316    2.2335
   -0.7590    0.4661   -0.4547
   -0.6483   -0.4759    0.5943
    0.0606    0.7458    0.6634
...   118 T-A ...
   28.4163  -79.1473    3.9229
   -0.9876    0.1432   -0.0648
   -0.1448   -0.6683    0.7297
    0.0611    0.7300    0.6807
...   119 A-T ...
   28.7482  -76.9530    6.5534
   -0.8394   -0.3514    0.4146
    0.5416   -0.6041    0.5846
    0.0450    0.7153    0.6974
...   120 A-T ...
   28.6800  -74.5589    8.7556
   -0.3681   -0.6925    0.6205
    0.9298   -0.2723    0.2476
   -0.0025    0.6681    0.7441
...   121 T-A ...
   28.0632  -72.3902   11.1950
    0.1889   -0.7420    0.6432
    0.9819    0.1526   -0.1122
   -0.0149    0.6527    0.7574
...   122 G-C ...
   28.0385  -70.2924   13.9658
    0.7634   -0.5359    0.3605
    0.6456    0.6166   -0.4506
    0.0192    0.5767    0.8167
...   123 T-A ...
   28.0130  -68.8939   16.9775
    0.9912   -0.1165    0.0630
    0.1318    0.8224   -0.5535
    0.0127    0.5569    0.8305
...   124 G-C ...
   28.0851  -67.0494   19.8368
    0.8517    0.4183   -0.3156
   -0.5217    0.7339   -0.4351
    0.0496    0.5352    0.8433
...   125 T-A ...
   28.5761  -65.6903   22.7509
    0.4273    0.7413   -0.5176
   -0.9019    0.3893   -0.1870
    0.0629    0.5467    0.8350
...   126 C-G ...
   28.8347  -63.9477   25.4388
   -0.2121    0.8325   -0.5118
   -0.9753   -0.1469    0.1653
    0.0624    0.5342    0.8431
...   127 G-C ...
   28.3361  -62.4572   28.4600
   -0.7465    0.5332   -0.3979
   -0.6652   -0.6111    0.4290
   -0.0144    0.5850    0.8109
...   128 A-T ...
   28.4520  -60.6540   31.0865
   -0.9965    0.0519   -0.0655
   -0.0797   -0.8252    0.5593
   -0.0250    0.5625    0.8264
...   129 C-G ...
   28.2568  -58.2355   33.3290
   -0.8759   -0.4340    0.2108
    0.4777   -0.7179    0.5064
   -0.0684    0.5443    0.8361
...   130 C-G ...
   27.4874  -56.3398   36.0666
   -0.4574   -0.8141    0.3578
    0.8754   -0.3417    0.3418
   -0.1561    0.4696    0.8690
...   131 A-T ...
   27.6889  -55.0400   39.2516
    0.1843   -0.8951    0.4060
    0.9673    0.2383    0.0864
   -0.1741    0.3768    0.9098
...   132 A-T ...
   27.0472  -53.9941   42.3056
    0.7256   -0.5797    0.3709
    0.6638    0.7316   -0.1552
   -0.1814    0.3588    0.9156
...   133 A-T ...
   26.2429  -53.1458   45.3803
    0.9695   -0.0045    0.2451
    0.0933    0.9314   -0.3519
   -0.2267    0.3640    0.9034
...   134 T-A ...
   25.6308  -52.5797   48.6348
    0.8597    0.5096    0.0340
   -0.4497    0.7867   -0.4230
   -0.2423    0.3484    0.9055
...   135 G-C ...
   25.2859  -52.4981   52.0749
    0.3205    0.9427   -0.0927
   -0.8825    0.2616   -0.3908
   -0.3441    0.2071    0.9158
...   136 T-A ...
   25.5356  -52.9668   55.8001
   -0.2443    0.9563   -0.1608
   -0.8908   -0.2868   -0.3525
   -0.3832    0.0571    0.9219
...   137 G-C ...
   24.9037  -52.7260   58.9820
   -0.7529    0.5562   -0.3519
   -0.5214   -0.8303   -0.1968
   -0.4017    0.0354    0.9151
...   138 A-T ...
   24.0249  -51.6261   61.9210
   -0.9563    0.0400   -0.2896
   -0.0523   -0.9980    0.0347
   -0.2877    0.0483    0.9565
...   139 G-C ...
   22.3574  -51.2300   64.4908
   -0.8529   -0.5117   -0.1032
    0.4973   -0.8566    0.1372
   -0.1586    0.0657    0.9852
...   140 C-G ...
   22.1609  -50.1386   67.4617
   -0.4681   -0.8749    0.1247
    0.8495   -0.4066    0.3363
   -0.2435    0.2633    0.9335
...   141 G-C ...
   21.4366  -51.8164   72.7855
    0.1304   -0.7141   -0.6877
    0.8897   -0.2218    0.3990
   -0.4375   -0.6639    0.6065
...   142 C-G ...
   20.4355  -54.2994   74.5394
    0.5847   -0.7390   -0.3347
    0.7593    0.3532    0.5466
   -0.2857   -0.5737    0.7676
...   143 T-A ...
   18.4378  -55.5190   76.5272
    0.8548   -0.5006    0.1370
    0.3188    0.7147    0.6225
   -0.4096   -0.4884    0.7705
...   144 C-G ...
   16.8485  -57.7126   78.2647
    0.8529   -0.0846    0.5152
   -0.1509    0.9047    0.3983
   -0.4998   -0.4175    0.7589
...   145 A-T ...
   15.7933  -59.5518   80.7962
    0.5515    0.4995    0.6681
   -0.6739    0.7388    0.0040
   -0.4915   -0.4525    0.7441
...   146 C-G ...
   15.7411  -61.4839   83.9295
    0.0342    0.7400    0.6718
   -0.8637    0.3601   -0.3527
   -0.5029   -0.5681    0.6514
...   147 A-T ...
   14.7481  -63.4171   86.8164
   -0.5923    0.6746    0.4405
   -0.6886   -0.1400   -0.7115
   -0.4183   -0.7247    0.5475
