  147 base-pairs
...     1 T-A ...
    0.0000    0.0000    0.0000
    1.0000    0.0000    0.0000
    0.0000    1.0000    0.0000
    0.0000    0.0000    1.0000
...     2 G-C ...
   -0.5555   -1.1003    3.3981
    0.7749    0.6051    0.1828
   -0.5991    0.7953   -0.0929
   -0.2016   -0.0375    0.9787
...     3 T-A ...
   -0.6619   -3.0237    6.5348
    0.3046    0.9250    0.2271
   -0.8994    0.3578   -0.2510
   -0.3134   -0.1278    0.9410
...     4 G-C ...
   -1.1607   -3.8418    9.6940
   -0.3351    0.9421    0.0133
   -0.8752   -0.3061   -0.3746
   -0.3489   -0.1372    0.9271
...     5 A-T ...
   -1.3881   -3.6770   12.8999
   -0.7835    0.6162   -0.0801
   -0.5677   -0.7622   -0.3109
   -0.2527   -0.1981    0.9470
...     6 G-C ...
   -2.6236   -3.5448   15.7072
   -0.9923    0.0611   -0.1075
   -0.0294   -0.9610   -0.2748
   -0.1201   -0.2695    0.9555
...     7 C-G ...
   -2.3138   -3.7570   18.8866
   -0.8620   -0.4995   -0.0864
    0.5008   -0.8655    0.0073
   -0.0785   -0.0370    0.9962
...     8 G-C ...
   -3.9561   -6.8109   23.3205
   -0.2581   -0.3560   -0.8981
    0.6294   -0.7673    0.1233
   -0.7330   -0.5335    0.4221
...     9 C-G ...
   -6.1177   -8.9414   24.2385
    0.1143   -0.7320   -0.6716
    0.8123   -0.3203    0.4874
   -0.5720   -0.6013    0.5580
...    10 T-A ...
   -8.5041   -9.6771   26.0540
    0.4660   -0.8587   -0.2131
    0.6274    0.1508    0.7640
   -0.6239   -0.4897    0.6090
...    11 C-G ...
  -11.0625  -11.3174   27.2336
    0.6660   -0.6911    0.2808
    0.3382    0.6152    0.7121
   -0.6649   -0.3794    0.6435
...    12 A-T ...
  -13.0013  -13.1789   29.0658
    0.7188   -0.1490    0.6790
   -0.1787    0.9043    0.3876
   -0.6718   -0.4000    0.6235
...    13 C-G ...
  -14.1788  -15.9359   31.3399
    0.4052    0.2865    0.8682
   -0.5270    0.8492   -0.0343
   -0.7470   -0.4437    0.4951
...    14 A-T ...
  -15.9532  -18.1566   33.3080
   -0.1503    0.6873    0.7107
   -0.6106    0.5008   -0.6135
   -0.7776   -0.5261    0.3444
...    15 A-T ...
  -18.3903  -19.9090   34.5634
   -0.4950    0.8441    0.2060
   -0.3965   -0.0084   -0.9180
   -0.7732   -0.5361    0.3389
...    16 T-A ...
  -20.7243  -21.5904   36.3982
   -0.6700    0.6707   -0.3182
   -0.0415   -0.4619   -0.8860
   -0.7412   -0.5804    0.3373
...    17 T-A ...
  -23.1422  -23.2938   37.8319
   -0.5951    0.2328   -0.7692
    0.3867   -0.7561   -0.5280
   -0.7045   -0.6117    0.3599
...    18 T-A ...
  -25.5272  -25.1348   39.1059
   -0.2525   -0.2433   -0.9365
    0.6674   -0.7446    0.0135
   -0.7006   -0.6216    0.3503
...    19 A-T ...
  -27.6395  -27.4813   40.3462
    0.2503   -0.6227   -0.7414
    0.6804   -0.4316    0.5922
   -0.6887   -0.6527    0.3156
...    20 T-A ...
  -30.2754  -29.4157   40.8571
    0.5788   -0.7517   -0.3162
    0.4470   -0.0319    0.8940
   -0.6820   -0.6588    0.3176
...    21 T-A ...
  -32.5394  -31.6290   41.6395
    0.7322   -0.6257    0.2690
    0.0070    0.4018    0.9157
   -0.6810   -0.6686    0.2986
...    22 C-G ...
  -34.6683  -33.9143   42.6844
    0.6086   -0.2397    0.7564
   -0.4529    0.6778    0.5792
   -0.6515   -0.6951    0.3040
...    23 G-C ...
  -36.8889  -35.8733   44.3637
    0.3277    0.2730    0.9045
   -0.7647    0.6388    0.0843
   -0.5548   -0.7193    0.4182
...    24 C-G ...
  -38.3679  -38.4300   45.8208
   -0.1022    0.6063    0.7886
   -0.8244    0.3921   -0.4082
   -0.5568   -0.6918    0.4598
...    25 A-T ...
  -40.6909  -40.6472   46.8928
   -0.5787    0.7334    0.3568
   -0.5822   -0.0650   -0.8105
   -0.5712   -0.6767    0.4646
...    26 A-T ...
  -42.5087  -42.8126   48.5867
   -0.8219    0.5386   -0.1854
   -0.1191   -0.4808   -0.8687
   -0.5570   -0.6919    0.4593
...    27 A-T ...
  -44.2666  -44.9359   50.3592
   -0.7429    0.1261   -0.6574
    0.4142   -0.6849   -0.5995
   -0.5258   -0.7177    0.4566
...    28 G-C ...
  -46.3617  -47.0423   52.0044
   -0.3572   -0.2303   -0.9052
    0.7499   -0.6485   -0.1310
   -0.5568   -0.7256    0.4043
...    29 G-C ...
  -48.5572  -49.4295   53.2431
    0.2010   -0.4992   -0.8429
    0.8113   -0.3973    0.4288
   -0.5490   -0.7700    0.3252
...    30 C-G ...
  -50.5767  -51.9415   53.9229
    0.6604   -0.5860   -0.4696
    0.5388   -0.0658    0.8399
   -0.5230   -0.8077    0.2723
...    31 C-G ...
  -52.3414  -54.6968   54.6101
    0.8878   -0.4542    0.0737
    0.0437    0.2427    0.9691
   -0.4581   -0.8572    0.2353
...    32 G-C ...
  -53.5033  -57.3836   55.7682
    0.8107   -0.1697    0.5603
   -0.4656    0.3934    0.7927
   -0.3550   -0.9035    0.2399
...    33 G-C ...
  -54.2118  -60.5496   56.7801
    0.4149    0.1229    0.9015
   -0.8595    0.3779    0.3441
   -0.2984   -0.9177    0.2624
...    34 C-G ...
  -54.8396  -63.6392   57.7754
   -0.1523    0.3416    0.9274
   -0.9473    0.2172   -0.2355
   -0.2819   -0.9144    0.2905
...    35 C-G ...
  -55.6921  -66.6580   59.1649
   -0.6757    0.4198    0.6059
   -0.6806   -0.0396   -0.7316
   -0.2831   -0.9067    0.3125
...    36 C-G ...
  -56.5533  -69.6908   60.5401
   -0.9345    0.3529    0.0457
   -0.1569   -0.2934   -0.9430
   -0.3194   -0.8885    0.3296
...    37 G-C ...
  -57.1969  -73.1645   60.6775
   -0.8220    0.1759   -0.5416
    0.4372   -0.4146   -0.7981
   -0.3649   -0.8929    0.2639
...    38 A-T ...
  -58.2414  -76.0058   61.6535
   -0.3926   -0.0915   -0.9151
    0.8511   -0.4132   -0.3238
   -0.3485   -0.9060    0.2401
...    39 C-G ...
  -59.7883  -78.7350   62.2573
    0.1447   -0.2382   -0.9604
    0.9240   -0.3146    0.2172
   -0.3539   -0.9188    0.1746
...    40 A-T ...
  -60.9010  -81.9212   62.6566
    0.7004   -0.2843   -0.6547
    0.6446   -0.1419    0.7512
   -0.3065   -0.9482    0.0839
...    41 C-G ...
  -61.8537  -85.0732   62.3331
    0.9527   -0.2614   -0.1548
    0.1613    0.0031    0.9869
   -0.2575   -0.9652    0.0451
...    42 G-C ...
  -62.5111  -88.3195   62.9472
    0.8614   -0.1547    0.4839
   -0.4757    0.0886    0.8751
   -0.1782   -0.9840    0.0027
...    43 A-T ...
  -63.0113  -91.4971   62.9253
    0.3912   -0.0828    0.9166
   -0.9031    0.1571    0.3997
   -0.1771   -0.9841   -0.0133
...    44 C-G ...
  -62.9759  -94.8337   62.8364
   -0.1707    0.0342    0.9847
   -0.9719    0.1588   -0.1740
   -0.1623   -0.9867    0.0062
...    45 T-A ...
  -62.9303  -98.4603   63.2196
   -0.7124    0.1238    0.6908
   -0.6812    0.1144   -0.7231
   -0.1685   -0.9857    0.0028
...    46 T-A ...
  -63.2722 -101.6779   63.3865
   -0.9797    0.1316    0.1510
   -0.1425    0.0715   -0.9872
   -0.1407   -0.9887   -0.0513
...    47 A-T ...
  -63.5690 -105.0337   62.7982
   -0.8246    0.1407   -0.5480
    0.5520   -0.0125   -0.8338
   -0.1242   -0.9900   -0.0674
...    48 C-G ...
  -64.4094 -108.2293   63.0776
   -0.3844    0.1601   -0.9092
    0.9121   -0.0864   -0.4008
   -0.1427   -0.9833   -0.1128
...    49 T-A ...
  -65.4438 -111.6107   62.6038
    0.2559    0.1841   -0.9490
    0.9583   -0.1774    0.2240
   -0.1271   -0.9668   -0.2218
...    50 T-A ...
  -65.9761 -114.6341   61.6879
    0.7619    0.1247   -0.6356
    0.6406   -0.2901    0.7110
   -0.0957   -0.9488   -0.3009
...    51 C-G ...
  -65.8411 -117.7927   60.8242
    0.9980   -0.0195   -0.0601
    0.0490   -0.3614    0.9311
   -0.0399   -0.9322   -0.3597
...    52 A-T ...
  -65.9643 -120.9070   59.4772
    0.8490   -0.1242    0.5137
   -0.5193   -0.3765    0.7672
    0.0981   -0.9181   -0.3841
...    53 T-A ...
  -65.2019 -123.7449   57.9785
    0.4417   -0.2874    0.8499
   -0.8887   -0.2701    0.3705
    0.1231   -0.9189   -0.3747
...    54 G-C ...
  -64.6976 -126.8547   56.6748
   -0.2384   -0.3928    0.8882
   -0.9621   -0.0290   -0.2710
    0.1322   -0.9192   -0.3710
...    55 T-A ...
  -63.7274 -129.9919   55.6256
   -0.7533   -0.3763    0.5393
   -0.6398    0.2298   -0.7334
    0.1520   -0.8976   -0.4139
...    56 T-A ...
  -63.0130 -132.9277   54.4097
   -0.9785   -0.1990   -0.0535
   -0.0408    0.4419   -0.8961
    0.2020   -0.8747   -0.4405
...    57 A-T ...
  -62.0336 -135.7549   52.6038
   -0.7199    0.1279   -0.6822
    0.6398    0.5031   -0.5810
    0.2689   -0.8547   -0.4440
...    58 T-A ...
  -61.7052 -138.8244   51.4456
   -0.2680    0.3866   -0.8825
    0.9210    0.3717   -0.1168
    0.2828   -0.8440   -0.4556
...    59 A-T ...
  -60.4051 -141.6125   49.9562
    0.3742    0.5799   -0.7237
    0.8784    0.0287    0.4771
    0.2974   -0.8142   -0.4986
...    60 A-T ...
  -59.5462 -144.1001   48.1677
    0.7982    0.5313   -0.2840
    0.5071   -0.3380    0.7929
    0.3253   -0.7768   -0.5392
...    61 C-G ...
  -58.5154 -146.3009   45.7962
    0.9361    0.2621    0.2344
   -0.0322   -0.5998    0.7995
    0.3502   -0.7560   -0.5531
...    62 G-C ...
  -57.1135 -148.9209   44.3204
    0.7043   -0.1412    0.6958
   -0.5680   -0.7000    0.4329
    0.4259   -0.7000   -0.5732
...    63 G-C ...
  -55.3384 -151.3053   42.8422
    0.2294   -0.4533    0.8614
   -0.8286   -0.5553   -0.0715
    0.5107   -0.6973   -0.5029
...    64 A-T ...
  -53.7172 -153.7918   41.3154
   -0.3373   -0.7292    0.5954
   -0.7717   -0.1481   -0.6185
    0.5392   -0.6681   -0.5128
...    65 G-C ...
  -51.7480 -156.2970   40.0871
   -0.7481   -0.6482    0.1418
   -0.4248    0.3037   -0.8528
    0.5097   -0.6982   -0.5026
...    66 T-A ...
  -49.7536 -158.8531   38.9824
   -0.8573   -0.3641   -0.3641
    0.0554    0.6378   -0.7682
    0.5119   -0.6787   -0.5266
...    67 A-T ...
  -47.5447 -160.4366   36.7099
   -0.5712    0.1650   -0.8040
    0.6082    0.7429   -0.2796
    0.5512   -0.6488   -0.5247
...    68 G-C ...
  -45.5696 -162.6118   35.1701
   -0.2042    0.6282   -0.7507
    0.8167    0.5322    0.2232
    0.5398   -0.5675   -0.6217
...    69 G-C ...
  -44.1346 -164.5898   32.6138
    0.2559    0.8872   -0.3840
    0.7936    0.0340    0.6075
    0.5520   -0.4602   -0.6954
...    70 T-A ...
  -42.6288 -165.8292   30.0306
    0.6109    0.7907    0.0398
    0.5451   -0.4566    0.7031
    0.5741   -0.4079   -0.7099
...    71 A-T ...
  -40.6356 -166.7326   27.3724
    0.7529    0.3891    0.5308
    0.1010   -0.8653    0.4910
    0.6504   -0.3161   -0.6907
...    72 T-A ...
  -38.5006 -167.0736   24.9091
    0.6824   -0.1535    0.7146
   -0.3154   -0.9438    0.0984
    0.6594   -0.2926   -0.6925
...    73 C-G ...
  -36.0583 -167.9440   22.6534
    0.3044   -0.7372    0.6033
   -0.6738   -0.6143   -0.4107
    0.6733   -0.2815   -0.6837
...    74 T-A ...
  -33.5185 -168.9646   20.6407
   -0.1526   -0.9547    0.2556
   -0.7098   -0.0741   -0.7005
    0.6877   -0.2884   -0.6663
...    75 C-G ...
  -31.2685 -169.7944   18.2341
   -0.5553   -0.7800   -0.2885
   -0.4522    0.5743   -0.6824
    0.6980   -0.2485   -0.6716
...    76 G-C ...
  -29.1285 -169.8763   15.5976
   -0.7478   -0.2568   -0.6122
   -0.0538    0.9426   -0.3297
    0.6617   -0.2136   -0.7187
...    77 A-T ...
  -26.6099 -169.9948   13.4757
   -0.6550    0.3999   -0.6412
    0.3695    0.9096    0.1899
    0.6592   -0.1125   -0.7435
...    78 G-C ...
  -24.4823 -170.3443   10.9474
   -0.3850    0.8488   -0.3625
    0.6545    0.5280    0.5412
    0.6507   -0.0289   -0.7588
...    79 C-G ...
  -22.6700 -170.5316    8.0538
    0.0322    0.9965    0.0767
    0.7582   -0.0744    0.6478
    0.6513    0.0373   -0.7579
...    80 T-A ...
  -20.6532 -170.2249    5.4108
    0.3774    0.7808    0.4978
    0.6442   -0.6076    0.4646
    0.6652    0.1454   -0.7324
...    81 C-G ...
  -18.1376 -169.6709    3.3703
    0.6619    0.2485    0.7072
    0.3589   -0.9333   -0.0079
    0.6581    0.2590   -0.7070
...    82 G-C ...
  -15.3015 -169.7302    1.1803
    0.7204   -0.3716    0.5856
   -0.0399   -0.8652   -0.4998
    0.6924    0.3367   -0.6381
...    83 G-C ...
  -12.6270 -168.4357   -0.6227
    0.5336   -0.8250    0.1863
   -0.4307   -0.4546   -0.7796
    0.7278    0.3358   -0.5979
...    84 G-C ...
   -9.9310 -167.5059   -2.4258
    0.1412   -0.9514   -0.2738
   -0.6210    0.1303   -0.7729
    0.7710    0.2792   -0.5724
...    85 A-T ...
   -7.0689 -166.5457   -4.0730
   -0.2512   -0.6251   -0.7390
   -0.5802    0.7084   -0.4019
    0.7747    0.3278   -0.5407
...    86 T-A ...
   -4.2338 -165.9573   -5.7009
   -0.5256   -0.1321   -0.8404
   -0.3575    0.9307    0.0774
    0.7720    0.3411   -0.5364
...    87 C-G ...
   -1.5573 -165.0260   -7.5645
   -0.6297    0.4883   -0.6042
    0.0294    0.7921    0.6097
    0.7763    0.3662   -0.5131
...    88 C-G ...
    1.2608 -164.0176   -9.0292
   -0.6245    0.7762   -0.0864
    0.3495    0.3768    0.8578
    0.6984    0.5056   -0.5066
...    89 G-C ...
    3.7352 -162.0585  -10.2812
   -0.4166    0.7581    0.5017
    0.6615   -0.1257    0.7393
    0.6235    0.6399   -0.4492
...    90 C-G ...
    5.4543 -159.6279  -12.0508
    0.0241    0.5185    0.8548
    0.7862   -0.5380    0.3041
    0.6175    0.6647   -0.4206
...    91 T-A ...
    7.3042 -156.8510  -13.1527
    0.4604    0.0773    0.8843
    0.6643   -0.6908   -0.2855
    0.5888    0.7189   -0.3694
...    92 T-A ...
    9.0972 -154.2832  -14.1268
    0.7850   -0.3350    0.5211
    0.2669   -0.5762   -0.7725
    0.5591    0.7455   -0.3629
...    93 T-A ...
   10.9114 -151.6935  -15.0411
    0.8144   -0.5771   -0.0602
   -0.2528   -0.2596   -0.9321
    0.5223    0.7743   -0.3573
...    94 A-T ...
   11.9604 -149.1042  -17.0209
    0.5307   -0.4552   -0.7150
   -0.7459    0.1498   -0.6490
    0.4025    0.8777   -0.2601
...    95 A-T ...
   13.4011 -146.2342  -17.6702
   -0.0137   -0.1787   -0.9838
   -0.9320    0.3587   -0.0522
    0.3622    0.9162   -0.1714
...    96 C-G ...
   15.1283 -143.3203  -18.2830
   -0.5419    0.1011   -0.8344
   -0.7584    0.3691    0.5372
    0.3623    0.9239   -0.1234
...    97 A-T ...
   16.3279 -140.1911  -18.5582
   -0.9122    0.2630   -0.3143
   -0.2727    0.1828    0.9446
    0.3059    0.9473   -0.0950
...    98 C-G ...
   17.2446 -137.1043  -19.5140
   -0.9264    0.2862    0.2448
    0.2544   -0.0038    0.9671
    0.2777    0.9582   -0.0693
...    99 T-A ...
   17.8265 -133.6494  -20.0715
   -0.6244    0.1019    0.7744
    0.7557   -0.1721    0.6320
    0.1977    0.9798    0.0305
...   100 T-A ...
   18.1217 -130.4149  -19.9675
   -0.0791   -0.0555    0.9953
    0.9795   -0.1900    0.0672
    0.1854    0.9802    0.0694
...   101 T-A ...
   18.6579 -127.2436  -19.5592
    0.4805   -0.2215    0.8486
    0.8550   -0.0969   -0.5095
    0.1951    0.9703    0.1428
...   102 A-T ...
   19.5674 -123.9799  -19.1019
    0.9140   -0.2480    0.3211
    0.3558    0.1096   -0.9281
    0.1950    0.9625    0.1884
...   103 T-A ...
   20.0434 -121.0487  -17.7370
    0.9672   -0.1802   -0.1789
   -0.1302    0.2531   -0.9586
    0.2180    0.9505    0.2213
...   104 G-C ...
   21.0138 -118.0039  -16.8665
    0.6630   -0.0629   -0.7459
   -0.6863    0.3469   -0.6393
    0.2990    0.9358    0.1868
...   105 C-G ...
   22.3445 -114.9817  -16.1639
    0.1434    0.1578   -0.9770
   -0.9459    0.3123   -0.0884
    0.2912    0.9368    0.1941
...   106 T-A ...
   23.7484 -111.8497  -15.6062
   -0.4476    0.3070   -0.8399
   -0.8430    0.1684    0.5108
    0.2982    0.9367    0.1834
...   107 T-A ...
   24.8512 -108.8605  -15.1287
   -0.8568    0.3304   -0.3958
   -0.4368   -0.0574    0.8977
    0.2739    0.9421    0.1935
...   108 C-G ...
   25.7919 -105.6680  -14.6493
   -0.9600    0.1702    0.2221
    0.1732   -0.2622    0.9494
    0.2198    0.9499    0.2222
...   109 C-G ...
   26.7539 -102.5688  -14.0150
   -0.7424   -0.1491    0.6532
    0.6606   -0.3255    0.6765
    0.1118    0.9337    0.3402
...   110 G-C ...
   27.2630  -99.8032  -12.5909
   -0.2919   -0.4395    0.8495
    0.9559   -0.1635    0.2439
    0.0317    0.8832    0.4678
...   111 G-C ...
   27.1435  -97.1017  -10.6300
    0.2913   -0.5380    0.7910
    0.9566    0.1555   -0.2465
    0.0096    0.8285    0.5599
...   112 C-G ...
   26.9030  -94.7928   -8.1807
    0.7848   -0.3889    0.4826
    0.6195    0.4708   -0.6281
    0.0171    0.7919    0.6104
...   113 T-A ...
   26.9635  -92.3146   -5.9728
    0.9962   -0.0784    0.0376
    0.0797    0.6505   -0.7553
    0.0348    0.7555    0.6543
...   114 C-G ...
   27.2862  -89.6627   -4.0223
    0.8301    0.3511   -0.4332
   -0.5544    0.6027   -0.5739
    0.0596    0.7165    0.6950
...   115 G-C ...
   27.1267  -87.0721   -1.9441
    0.3053    0.6397   -0.7054
   -0.9490    0.2656   -0.1698
    0.0787    0.7213    0.6881
...   116 T-A ...
   28.1204  -84.5360    0.1427
   -0.2882    0.6609   -0.6930
   -0.9556   -0.1521    0.2523
    0.0614    0.7349    0.6754
...   117 A-T ...
   28.5790  -81.9800    2.3570
   -0.8227    0.3999   -0.4039
   -0.5677   -0.5419    0.6197
    0.0289    0.7392    0.6729
...   118 T-A ...
   28.9268  -79.1839    4.0571
   -0.9984    0.0558   -0.0124
   -0.0474   -0.6866    0.7254
    0.0320    0.7249    0.6882
...   119 A-T ...
   29.1731  -76.9827    6.6729
   -0.7914   -0.4242    0.4401
    0.6111   -0.5627    0.5567
    0.0115    0.7095    0.7046
...   120 A-T ...
   28.9775  -74.6199    8.8984
   -0.2903   -0.7227    0.6272
    0.9565   -0.2001    0.2121
   -0.0278    0.6615    0.7494
...   121 T-A ...
   28.2722  -72.5140   11.3698
    0.2655   -0.7285    0.6314
    0.9634    0.2262   -0.1441
   -0.0379    0.6466    0.7619
...   122 G-C ...
   28.1646  -70.4449   14.1547
    0.8082   -0.4843    0.3350
    0.5889    0.6595   -0.4672
    0.0054    0.5748    0.8182
...   123 T-A ...
   28.1330  -69.0540   17.1621
    0.9978   -0.0568    0.0348
    0.0666    0.8295   -0.5545
    0.0027    0.5556    0.8314
...   124 G-C ...
   28.1924  -67.2204   20.0177
    0.8213    0.4591   -0.3388
   -0.5687    0.7064   -0.4215
    0.0458    0.5388    0.8412
...   125 T-A ...
   28.6974  -65.8317   22.9120
    0.3805    0.7575   -0.5305
   -0.9229    0.3480   -0.1650
    0.0596    0.5524    0.8315
...   126 C-G ...
   28.9505  -64.0628   25.5759
   -0.2577    0.8205   -0.5103
   -0.9643   -0.1848    0.1899
    0.0615    0.5410    0.8388
...   127 G-C ...
   28.4850  -62.5466   28.5713
   -0.7689    0.5049   -0.3922
   -0.6390   -0.6259    0.4472
   -0.0197    0.5945    0.8039
...   128 A-T ...
   28.5850  -60.7069   31.1679
   -0.9983    0.0231   -0.0528
   -0.0491   -0.8198    0.5705
   -0.0300    0.5722    0.8196
...   129 C-G ...
   28.3519  -58.2634   33.3786
   -0.8623   -0.4533    0.2259
    0.5011   -0.6989    0.5103
   -0.0734    0.5532    0.8298
...   130 C-G ...
   27.5441  -56.3484   36.0908
   -0.4380   -0.8194    0.3698
    0.8846   -0.3196    0.3396
   -0.1601    0.4759    0.8648
...   131 A-T ...
   27.7005  -55.0296   39.2557
    0.1956   -0.8919    0.4078
    0.9647    0.2497    0.0834
   -0.1762    0.3771    0.9093
...   132 A-T ...
   27.0479  -53.9849   42.3057
    0.7297   -0.5747    0.3704
    0.6589    0.7358   -0.1564
   -0.1827    0.3581    0.9156
...   133 A-T ...
   26.2412  -53.1417   45.3811
    0.9697   -0.0003    0.2444
    0.0891    0.9316   -0.3524
   -0.2275    0.3635    0.9034
...   134 T-A ...
   25.6309  -52.5796   48.6349
    0.8597    0.5096    0.0340
   -0.4497    0.7867   -0.4230
   -0.2423    0.3484    0.9055
...   135 G-C ...
   25.2859  -52.4980   52.0750
    0.3205    0.9427   -0.0927
   -0.8825    0.2616   -0.3908
   -0.3441    0.2071    0.9158
...   136 T-A ...
   25.5357  -52.9668   55.8002
   -0.2443    0.9563   -0.1608
   -0.8908   -0.2868   -0.3525
   -0.3832    0.0571    0.9219
...   137 G-C ...
   24.9038  -52.7259   58.9821
   -0.7529    0.5562   -0.3519
   -0.5214   -0.8303   -0.1968
   -0.4017    0.0354    0.9151
...   138 A-T ...
   24.0250  -51.6261   61.9210
   -0.9563    0.0400   -0.2896
   -0.0523   -0.9980    0.0347
   -0.2877    0.0483    0.9565
...   139 G-C ...
   22.3575  -51.2299   64.4909
   -0.8529   -0.5117   -0.1032
    0.4973   -0.8566    0.1372
   -0.1586    0.0657    0.9852
...   140 C-G ...
   22.1609  -50.1386   67.4618
   -0.4681   -0.8749    0.1247
    0.8495   -0.4066    0.3363
   -0.2435    0.2633    0.9335
...   141 G-C ...
   21.4367  -51.8164   72.7855
    0.1304   -0.7141   -0.6877
    0.8897   -0.2218    0.3990
   -0.4375   -0.6639    0.6065
...   142 C-G ...
   20.4356  -54.2994   74.5395
    0.5847   -0.7390   -0.3347
    0.7593    0.3532    0.5466
   -0.2857   -0.5737    0.7676
...   143 T-A ...
   18.4379  -55.5190   76.5272
    0.8548   -0.5006    0.1370
    0.3188    0.7147    0.6225
   -0.4096   -0.4884    0.7705
...   144 C-G ...
   16.8486  -57.7126   78.2648
    0.8529   -0.0846    0.5152
   -0.1509    0.9047    0.3983
   -0.4998   -0.4175    0.7589
...   145 A-T ...
   15.7934  -59.5517   80.7963
    0.5515    0.4995    0.6681
   -0.6739    0.7388    0.0040
   -0.4915   -0.4525    0.7441
...   146 C-G ...
   15.7412  -61.4838   83.9295
    0.0342    0.7400    0.6718
   -0.8637    0.3601   -0.3527
   -0.5029   -0.5681    0.6514
...   147 A-T ...
   14.7482  -63.4170   86.8165
   -0.5923    0.6746    0.4405
   -0.6886   -0.1400   -0.7115
   -0.4183   -0.7247    0.5475
