  147 base-pairs
...     1 T-A ...
    0.0000    0.0000    0.0000
    1.0000    0.0000    0.0000
    0.0000    1.0000    0.0000
    0.0000    0.0000    1.0000
...     2 G-C ...
   -0.5555   -1.1003    3.3981
    0.7749    0.6051    0.1828
   -0.5991    0.7953   -0.0929
   -0.2016   -0.0375    0.9787
...     3 T-A ...
   -0.6619   -3.0237    6.5348
    0.3046    0.9250    0.2271
   -0.8994    0.3578   -0.2510
   -0.3134   -0.1278    0.9410
...     4 G-C ...
   -1.1607   -3.8418    9.6940
   -0.3351    0.9421    0.0133
   -0.8752   -0.3061   -0.3746
   -0.3489   -0.1372    0.9271
...     5 A-T ...
   -1.3881   -3.6770   12.8999
   -0.7835    0.6162   -0.0801
   -0.5677   -0.7622   -0.3109
   -0.2527   -0.1981    0.9470
...     6 G-C ...
   -2.6236   -3.5448   15.7072
   -0.9923    0.0611   -0.1075
   -0.0294   -0.9610   -0.2748
   -0.1201   -0.2695    0.9555
...     7 C-G ...
   -2.3138   -3.7570   18.8866
   -0.8620   -0.4995   -0.0864
    0.5008   -0.8655    0.0073
   -0.0785   -0.0370    0.9962
...     8 G-C ...
   -3.9561   -6.8109   23.3205
   -0.2581   -0.3560   -0.8981
    0.6294   -0.7673    0.1233
   -0.7330   -0.5335    0.4221
...     9 C-G ...
   -6.1177   -8.9414   24.2385
    0.1143   -0.7320   -0.6716
    0.8123   -0.3203    0.4874
   -0.5720   -0.6013    0.5580
...    10 T-A ...
   -8.5041   -9.6771   26.0540
    0.4660   -0.8587   -0.2131
    0.6274    0.1508    0.7640
   -0.6239   -0.4897    0.6090
...    11 C-G ...
  -11.0625  -11.3174   27.2336
    0.6660   -0.6911    0.2808
    0.3382    0.6152    0.7121
   -0.6649   -0.3794    0.6435
...    12 A-T ...
  -13.0013  -13.1789   29.0658
    0.7188   -0.1490    0.6790
   -0.1787    0.9043    0.3876
   -0.6718   -0.4000    0.6235
...    13 C-G ...
  -14.1788  -15.9359   31.3399
    0.4052    0.2865    0.8682
   -0.5270    0.8492   -0.0343
   -0.7470   -0.4437    0.4951
...    14 A-T ...
  -15.9532  -18.1566   33.3080
   -0.1503    0.6873    0.7107
   -0.6106    0.5008   -0.6135
   -0.7776   -0.5261    0.3444
...    15 A-T ...
  -18.2889  -19.9896   34.6807
   -0.5274    0.8194    0.2246
   -0.3986   -0.0052   -0.9171
   -0.7503   -0.5733    0.3293
...    16 T-A ...
  -20.5156  -21.7556   36.4245
   -0.6873    0.6704   -0.2796
   -0.0533   -0.4304   -0.9010
   -0.7244   -0.6044    0.3316
...    17 T-A ...
  -22.8173  -23.6219   37.8104
   -0.6192    0.2498   -0.7444
    0.3875   -0.7274   -0.5663
   -0.6830   -0.6391    0.3537
...    18 T-A ...
  -25.1111  -25.5203   39.1399
   -0.2839   -0.2412   -0.9280
    0.6980   -0.7156   -0.0276
   -0.6574   -0.6556    0.3716
...    19 A-T ...
  -27.0508  -27.9146   40.5142
    0.2486   -0.5987   -0.7614
    0.7313   -0.3995    0.5529
   -0.6351   -0.6943    0.3385
...    20 T-A ...
  -29.4903  -30.0204   41.1091
    0.6051   -0.6988   -0.3814
    0.5028   -0.0359    0.8636
   -0.6172   -0.7144    0.3297
...    21 T-A ...
  -31.4906  -32.4052   41.9894
    0.8107   -0.5609    0.1681
    0.0585    0.3633    0.9298
   -0.5826   -0.7439    0.3273
...    22 C-G ...
  -33.2067  -34.9827   43.0631
    0.7165   -0.1952    0.6698
   -0.4546    0.5977    0.6604
   -0.5292   -0.7776    0.3395
...    23 G-C ...
  -34.9079  -37.4292   44.6849
    0.3762    0.2635    0.8883
   -0.8231    0.5353    0.1898
   -0.4255   -0.8025    0.4182
...    24 C-G ...
  -35.8540  -40.2122   46.2988
   -0.1432    0.5400    0.8294
   -0.9070    0.2637   -0.3282
   -0.3960   -0.7993    0.4520
...    25 A-T ...
  -37.4193  -42.7977   47.7411
   -0.6419    0.6268    0.4417
   -0.6506   -0.1403   -0.7464
   -0.4058   -0.7665    0.4978
...    26 A-T ...
  -38.5540  -45.2392   49.6008
   -0.9232    0.3781   -0.0695
   -0.1285   -0.4738   -0.8712
   -0.3623   -0.7953    0.4860
...    27 A-T ...
  -39.6969  -47.6965   51.4275
   -0.8297   -0.0108   -0.5581
    0.4576   -0.5860   -0.6688
   -0.3198   -0.8103    0.4911
...    28 G-C ...
  -40.9276  -50.2496   53.1994
   -0.4193   -0.2869   -0.8613
    0.8454   -0.4693   -0.2552
   -0.3310   -0.8351    0.4393
...    29 G-C ...
  -42.2307  -52.9788   54.7234
    0.1592   -0.4202   -0.8933
    0.9363   -0.2227    0.2717
   -0.3131   -0.8797    0.3580
...    30 C-G ...
  -43.6222  -55.8496   55.6577
    0.6719   -0.4167   -0.6123
    0.6881    0.0455    0.7242
   -0.2739   -0.9079    0.3173
...    31 C-G ...
  -44.5123  -59.0197   56.3981
    0.9649   -0.2232   -0.1385
    0.1918    0.2388    0.9519
   -0.1794   -0.9451    0.2732
...    32 G-C ...
  -44.8023  -62.1524   57.6677
    0.9156    0.0724    0.3954
   -0.4000    0.2625    0.8781
   -0.0402   -0.9622    0.2693
...    33 G-C ...
  -44.4519  -65.4198   58.5212
    0.5339    0.2839    0.7964
   -0.8442    0.1263    0.5209
    0.0473   -0.9505    0.3071
...    34 C-G ...
  -43.7848  -68.5277   59.5875
   -0.0386    0.3327    0.9422
   -0.9962   -0.0869   -0.0101
    0.0786   -0.9390    0.3348
...    35 C-G ...
  -43.2914  -71.5789   61.0197
   -0.6043    0.2700    0.7496
   -0.7929   -0.2954   -0.5329
    0.0776   -0.9164    0.3926
...    36 C-G ...
  -42.9449  -74.5597   62.6353
   -0.9522    0.0985    0.2892
   -0.3035   -0.4137   -0.8583
    0.0351   -0.9051    0.4238
...    37 G-C ...
  -42.8319  -77.7997   63.6487
   -0.9478   -0.0924   -0.3052
    0.3163   -0.3928   -0.8635
   -0.0401   -0.9150    0.4015
...    38 A-T ...
  -42.9249  -80.7800   65.0723
   -0.5584   -0.2867   -0.7784
    0.8283   -0.2431   -0.5047
   -0.0445   -0.9267    0.3732
...    39 C-G ...
  -43.6481  -83.7060   66.4691
   -0.0204   -0.3378   -0.9410
    0.9988   -0.0493   -0.0039
   -0.0451   -0.9399    0.3384
...    40 A-T ...
  -43.5402  -86.8755   67.5991
    0.5710   -0.1905   -0.7985
    0.8209    0.1338    0.5551
    0.0011   -0.9725    0.2328
...    41 C-G ...
  -43.8879  -90.1548   67.8349
    0.9214   -0.0444   -0.3860
    0.3868    0.1968    0.9009
    0.0359   -0.9794    0.1985
...    42 G-C ...
  -43.3954  -93.3760   68.7919
    0.9648    0.1916    0.1800
   -0.2057    0.1242    0.9707
    0.1637   -0.9736    0.1592
...    43 A-T ...
  -42.6646  -96.5619   69.2859
    0.6366    0.2517    0.7289
   -0.7441   -0.0478    0.6664
    0.2026   -0.9666    0.1569
...    44 C-G ...
  -41.3602  -99.6373   69.5817
    0.1257    0.1948    0.9728
   -0.9662   -0.1983    0.1646
    0.2250   -0.9606    0.1633
...    45 T-A ...
  -40.2899 -102.7353   70.2953
   -0.4407    0.0765    0.8944
   -0.8660   -0.2986   -0.4011
    0.2364   -0.9513    0.1979
...    46 T-A ...
  -39.2568 -105.7421   71.0636
   -0.8607   -0.1601    0.4833
   -0.4329   -0.2698   -0.8601
    0.2681   -0.9495    0.1629
...    47 A-T ...
  -38.2736 -109.0253   71.0462
   -0.9184   -0.3353   -0.2098
    0.2445   -0.0643   -0.9675
    0.3110   -0.9399    0.1410
...    48 C-G ...
  -37.5293 -112.1191   72.0657
   -0.6445   -0.2920   -0.7066
    0.7038    0.1344   -0.6975
    0.2987   -0.9469    0.1189
...    49 T-A ...
  -36.8197 -115.3484   72.5237
   -0.1726   -0.1008   -0.9798
    0.9443    0.2659   -0.1937
    0.2801   -0.9587    0.0493
...    50 G-C ...
  -35.6496 -118.5055   72.5147
    0.3751    0.1894   -0.9074
    0.8754    0.2496    0.4139
    0.3048   -0.9497   -0.0722
...    51 T-A ...
  -35.0599 -121.6757   71.7989
    0.7703    0.3407   -0.5391
    0.5417    0.0965    0.8350
    0.3365   -0.9352   -0.1102
...    52 A-T ...
  -33.7109 -124.7623   71.6094
    0.9181    0.3825    0.1041
   -0.0400   -0.1720    0.9843
    0.3944   -0.9078   -0.1426
...    53 G-C ...
  -32.1829 -127.6422   70.8861
    0.7207    0.2720    0.6377
   -0.5248   -0.3870    0.7582
    0.4530   -0.8811   -0.1362
...    54 G-C ...
  -30.2657 -130.4254   70.4861
    0.2670    0.0500    0.9624
   -0.8199   -0.5131    0.2541
    0.5065   -0.8569   -0.0960
...    55 T-A ...
  -28.0282 -132.9311   70.2447
   -0.2289   -0.2417    0.9430
   -0.8283   -0.4605   -0.3191
    0.5113   -0.8541   -0.0948
...    56 A-T ...
  -26.6918 -135.9996   69.3701
   -0.6930   -0.5590    0.4553
   -0.4637   -0.1380   -0.8752
    0.5521   -0.8176   -0.1636
...    57 T-A ...
  -24.6801 -138.6443   69.4843
   -0.8221   -0.5637   -0.0803
   -0.0354    0.1913   -0.9809
    0.5683   -0.8035   -0.1772
...    58 C-G ...
  -22.7480 -141.2948   68.9846
   -0.6874   -0.3044   -0.6594
    0.4661    0.5114   -0.7219
    0.5570   -0.8036   -0.2096
...    59 T-A ...
  -21.1182 -144.1435   68.3662
   -0.3584    0.0890   -0.9293
    0.7696    0.5917   -0.2401
    0.5285   -0.8012   -0.2805
...    60 C-G ...
  -19.4247 -146.7994   67.4117
    0.1443    0.4757   -0.8677
    0.8336    0.4140    0.3657
    0.5331   -0.7761   -0.3368
...    61 G-C ...
  -17.2717 -149.1745   66.2839
    0.5143    0.7318   -0.4471
    0.6310    0.0302    0.7752
    0.5808   -0.6808   -0.4463
...    62 A-T ...
  -15.2851 -151.2716   64.6995
    0.7642    0.6311    0.1330
    0.2139   -0.4425    0.8709
    0.6085   -0.6371   -0.4732
...    63 G-C ...
  -13.1450 -153.1174   62.9187
    0.7210    0.3126    0.6184
   -0.2190   -0.7439    0.6314
    0.6574   -0.5906   -0.4679
...    64 C-G ...
  -10.6300 -154.6910   61.3361
    0.4553   -0.1589    0.8760
   -0.5672   -0.8102    0.1478
    0.6863   -0.5642   -0.4590
...    65 T-A ...
   -8.0674 -156.3727   59.9562
    0.0459   -0.5817    0.8121
   -0.7061   -0.5940   -0.3856
    0.7066   -0.5557   -0.4380
...    66 C-G ...
   -5.6383 -158.1784   58.5660
   -0.3948   -0.8328    0.3881
   -0.5864   -0.0968   -0.8042
    0.7073   -0.5451   -0.4502
...    67 G-C ...
   -3.4324 -159.8661   56.5992
   -0.7151   -0.6858   -0.1353
   -0.2491    0.4309   -0.8673
    0.6531   -0.5866   -0.4790
...    68 G-C ...
   -1.0899 -161.9034   55.1914
   -0.7816   -0.2693   -0.5626
    0.1874    0.7589   -0.6236
    0.5950   -0.5928   -0.5427
...    69 G-C ...
    0.9039 -164.0840   53.5192
   -0.6043    0.2650   -0.7514
    0.5854    0.7874   -0.1930
    0.5405   -0.5565   -0.6310
...    70 A-T ...
    2.6410 -165.9319   51.4471
   -0.1782    0.7208   -0.6698
    0.8322    0.4736    0.2883
    0.5250   -0.5061   -0.6843
...    71 T-A ...
    3.7658 -167.6800   48.9279
    0.2497    0.8811   -0.4016
    0.8138    0.0338    0.5802
    0.5248   -0.4717   -0.7086
...    72 C-G ...
    5.5240 -168.9997   46.4995
    0.6555    0.7525    0.0638
    0.5292   -0.5180    0.6720
    0.5387   -0.4068   -0.7378
...    73 C-G ...
    7.5761 -169.8745   43.9482
    0.8003    0.3537    0.4842
    0.1100   -0.8804    0.4613
    0.5894   -0.3159   -0.7435
...    74 G-C ...
    9.8591 -171.2427   41.8114
    0.6791   -0.2232    0.6993
   -0.3312   -0.9433    0.0204
    0.6551   -0.2455   -0.7145
...    75 C-G ...
   12.3581 -171.7835   39.6019
    0.3641   -0.7279    0.5811
   -0.6466   -0.6466   -0.4047
    0.6703   -0.2284   -0.7061
...    76 T-A ...
   14.8519 -172.4770   37.4419
   -0.0693   -0.9664    0.2474
   -0.7364   -0.1177   -0.6663
    0.6730   -0.2283   -0.7035
...    77 T-A ...
   17.2807 -173.1253   35.3378
   -0.4641   -0.8495   -0.2510
   -0.5674    0.5027   -0.6522
    0.6802   -0.1603   -0.7153
...    78 T-A ...
   19.6571 -173.7271   33.1800
   -0.6991   -0.3787   -0.6065
   -0.1986    0.9177   -0.3441
    0.6869   -0.1201   -0.7168
...    79 T-A ...
   21.9222 -174.2754   30.9141
   -0.6969    0.2408   -0.6755
    0.2388    0.9661    0.0979
    0.6762   -0.0931   -0.7308
...    80 C-G ...
   24.1382 -174.6032   28.4995
   -0.4604    0.7808   -0.4223
    0.6122    0.6238    0.4859
    0.6428   -0.0349   -0.7652
...    81 A-T ...
   26.3783 -174.4883   25.9652
   -0.1093    0.9925    0.0553
    0.7965    0.0542    0.6022
    0.5947    0.1099   -0.7964
...    82 T-A ...
   27.7575 -173.9248   23.0502
    0.3012    0.8731    0.3834
    0.7507   -0.4651    0.4693
    0.5880    0.1464   -0.7955
...    83 G-C ...
   30.0895 -173.3354   20.6731
    0.6438    0.3976    0.6538
    0.4629   -0.8827    0.0810
    0.6093    0.2505   -0.7524
...    84 T-A ...
   32.0201 -171.8533   18.3645
    0.7915   -0.1619    0.5894
    0.0443   -0.9466   -0.3195
    0.6096    0.2790   -0.7420
...    85 T-A ...
   34.0137 -170.6292   16.0658
    0.6970   -0.6859    0.2094
   -0.4538   -0.6480   -0.6117
    0.5552    0.3313   -0.7629
...    86 A-T ...
   35.0479 -169.5790   12.8203
    0.2275   -0.8728   -0.4318
   -0.8559    0.0323   -0.5161
    0.4644    0.4870   -0.7397
...    87 T-A ...
   37.1727 -168.0902   10.7096
   -0.2511   -0.6952   -0.6735
   -0.8552    0.4852   -0.1820
    0.4533    0.5303   -0.7164
...    88 A-T ...
   38.3153 -165.6385    8.5363
   -0.7522   -0.1411   -0.6436
   -0.4732    0.7954    0.3787
    0.4585    0.5895   -0.6651
...    89 A-T ...
   39.8708 -163.8503    6.3108
   -0.8945    0.3508   -0.2771
    0.0597    0.7080    0.7037
    0.4431    0.6129   -0.6543
...    90 C-G ...
   41.1216 -162.2086    3.7384
   -0.7432    0.6402    0.1943
    0.5406    0.4035    0.7382
    0.3942    0.6537   -0.6460
...    91 G-C ...
   42.5458 -159.7219    1.8765
   -0.3535    0.6362    0.6858
    0.8878   -0.0028    0.4602
    0.2947    0.7715   -0.5638
...    92 G-C ...
   43.1922 -156.8380    0.2248
    0.1815    0.4326    0.8831
    0.9496   -0.3106   -0.0430
    0.2557    0.8464   -0.4672
...    93 A-T ...
   44.0565 -153.9009   -1.0560
    0.7220    0.1223    0.6810
    0.6478   -0.4651   -0.6033
    0.2430    0.8768   -0.4150
...    94 A-T ...
   44.7685 -150.9100   -2.1608
    0.9759   -0.1513    0.1573
    0.0791   -0.4267   -0.9009
    0.2035    0.8916   -0.4045
...    95 A-T ...
   45.4582 -147.8688   -3.1811
    0.8301   -0.3131   -0.4613
   -0.5403   -0.2476   -0.8042
    0.1376    0.9169   -0.3747
...    96 C-G ...
   46.3998 -144.6947   -3.9893
    0.3827   -0.3730   -0.8452
   -0.9153   -0.0291   -0.4017
    0.1252    0.9274   -0.3526
...    97 A-T ...
   46.3021 -141.5171   -5.0876
   -0.2848   -0.3281   -0.9007
   -0.9539    0.1895    0.2326
    0.0944    0.9255   -0.3669
...    98 C-G ...
   47.1550 -138.5877   -6.4999
   -0.7692   -0.1787   -0.6135
   -0.6354    0.3156    0.7048
    0.0677    0.9319   -0.3563
...    99 T-A ...
   47.4287 -135.5576   -7.8928
   -0.9953   -0.0429   -0.0871
   -0.0965    0.3431    0.9343
   -0.0102    0.9383   -0.3457
...   100 T-A ...
   47.3520 -132.5636   -9.1222
   -0.8618    0.1162    0.4937
    0.5045    0.2953    0.8113
   -0.0515    0.9483   -0.3132
...   101 T-A ...
   47.0236 -129.5185  -10.1502
   -0.4042    0.2035    0.8917
    0.9101    0.1866    0.3700
   -0.0911    0.9611   -0.2607
...   102 A-T ...
   46.7160 -126.2135  -10.7119
    0.2412    0.1530    0.9584
    0.9624    0.0891   -0.2564
   -0.1246    0.9842   -0.1257
...   103 T-A ...
   45.7530 -123.0683  -10.7026
    0.7106    0.1648    0.6840
    0.6910    0.0195   -0.7226
   -0.1324    0.9861   -0.1001
...   104 G-C ...
   45.7430 -119.7179  -11.1196
    0.9909    0.0927    0.0973
    0.0991   -0.0149   -0.9950
   -0.0908    0.9956   -0.0239
...   105 C-G ...
   45.7045 -116.3447  -10.7932
    0.8626    0.0683   -0.5013
   -0.5002   -0.0334   -0.8652
   -0.0758    0.9971    0.0053
...   106 T-A ...
   45.7244 -112.9722  -10.5797
    0.4135    0.0406   -0.9096
   -0.9081   -0.0542   -0.4152
   -0.0661    0.9977    0.0144
...   107 T-A ...
   45.7612 -109.6992  -10.3253
   -0.2427    0.0685   -0.9677
   -0.9664   -0.1037    0.2351
   -0.0842    0.9922    0.0914
...   108 C-G ...
   45.5929 -106.3900   -9.8941
   -0.7966   -0.0225   -0.6041
   -0.5938   -0.1582    0.7889
   -0.1133    0.9871    0.1127
...   109 C-G ...
   45.4043 -102.9978   -9.6286
   -0.9778   -0.2032   -0.0508
   -0.0229   -0.1374    0.9903
   -0.2082    0.9695    0.1297
...   110 G-C ...
   44.8140  -99.7464   -8.7384
   -0.7668   -0.3910    0.5091
    0.5527    0.0011    0.8333
   -0.3264    0.9204    0.2152
...   111 G-C ...
   43.4391  -96.7432   -8.0452
   -0.2771   -0.4337    0.8574
    0.8802    0.2433    0.4075
   -0.3853    0.8676    0.3143
...   112 C-G ...
   41.7030  -94.1540   -6.8818
    0.2924   -0.2816    0.9139
    0.8699    0.4752   -0.1319
   -0.3972    0.8336    0.3839
...   113 T-A ...
   40.2461  -91.6254   -5.2648
    0.7556   -0.0294    0.6544
    0.5354    0.6033   -0.5911
   -0.3775    0.7970    0.4716
...   114 C-G ...
   39.1792  -89.0405   -3.4908
    0.9298    0.3385    0.1448
   -0.0605    0.5284   -0.8469
   -0.3631    0.7786    0.5117
...   115 G-C ...
   38.1159  -86.0991   -2.0997
    0.7177    0.5560   -0.4193
   -0.6334    0.2710   -0.7248
   -0.2894    0.7858    0.5467
...   116 T-A ...
   37.6869  -83.5523    0.1012
    0.2315    0.6227   -0.7475
   -0.9283   -0.0884   -0.3611
   -0.2909    0.7775    0.5576
...   117 A-T ...
   35.8424  -81.3820    2.2006
   -0.5448    0.4570   -0.7031
   -0.7917   -0.5568    0.2515
   -0.2765    0.6936    0.6652
...   118 T-A ...
   35.4056  -78.7033    4.1289
   -0.8920    0.1022   -0.4403
   -0.3684   -0.7287    0.5772
   -0.2619    0.6771    0.6877
...   119 A-T ...
   34.6627  -76.9041    6.9978
   -0.9067   -0.4126    0.0878
    0.3523   -0.6260    0.6957
   -0.2321    0.6617    0.7129
...   120 A-T ...
   33.8081  -74.6827    9.2148
   -0.5096   -0.7153    0.4782
    0.8287   -0.2584    0.4965
   -0.2316    0.6493    0.7244
...   121 T-A ...
   32.4426  -72.5843   11.3489
    0.0087   -0.7566    0.6539
    0.9722    0.1593    0.1714
   -0.2338    0.6342    0.7369
...   122 G-C ...
   31.9904  -70.5547   14.0269
    0.6188   -0.5681    0.5426
    0.7580    0.6131   -0.2226
   -0.2061    0.5490    0.8100
...   123 T-A ...
   31.0822  -69.3054   16.9860
    0.9420   -0.1486    0.3009
    0.2822    0.8362   -0.4702
   -0.1817    0.5279    0.8297
...   124 G-C ...
   30.7378  -67.2641   19.6648
    0.9242    0.3658   -0.1095
   -0.3677    0.7756   -0.5130
   -0.1027    0.5144    0.8514
...   125 T-A ...
   30.8596  -65.9468   22.7675
    0.5573    0.7355   -0.3852
   -0.8254    0.4405   -0.3530
   -0.0899    0.5147    0.8527
...   126 C-G ...
   30.6611  -64.2254   25.6189
   -0.0898    0.8503   -0.5185
   -0.9923   -0.1212   -0.0270
   -0.0858    0.5121    0.8546
...   127 G-C ...
   29.9079  -62.6565   28.5782
   -0.6702    0.5646   -0.4817
   -0.7318   -0.6109    0.3021
   -0.1237    0.5550    0.8226
...   128 A-T ...
   29.5919  -60.8083   31.3265
   -0.9792    0.0478   -0.1971
   -0.1471   -0.8364    0.5280
   -0.1396    0.5460    0.8261
...   129 C-G ...
   29.0729  -58.5090   33.7041
   -0.8901   -0.4421    0.1109
    0.4262   -0.7208    0.5466
   -0.1617    0.5338    0.8300
...   130 C-G ...
   28.3302  -56.6359   36.4375
   -0.4610   -0.8223    0.3336
    0.8608   -0.3230    0.3934
   -0.2157    0.4685    0.8567
...   131 A-T ...
   27.9119  -55.1809   39.4685
    0.1818   -0.8904    0.4174
    0.9574    0.2572    0.1317
   -0.2246    0.3756    0.8991
...   132 A-T ...
   27.0369  -54.1028   42.4127
    0.7226   -0.5586    0.4072
    0.6535    0.7440   -0.1391
   -0.2253    0.3666    0.9027
...   133 A-T ...
   26.2521  -53.1234   45.4214
    0.9689    0.0071    0.2473
    0.0822    0.9336   -0.3489
   -0.2334    0.3584    0.9039
...   134 T-A ...
   25.6308  -52.5797   48.6349
    0.8597    0.5096    0.0340
   -0.4497    0.7867   -0.4230
   -0.2423    0.3484    0.9055
...   135 G-C ...
   25.2859  -52.4981   52.0750
    0.3205    0.9427   -0.0927
   -0.8825    0.2616   -0.3908
   -0.3442    0.2071    0.9158
...   136 T-A ...
   25.5356  -52.9668   55.8002
   -0.2443    0.9563   -0.1608
   -0.8908   -0.2868   -0.3525
   -0.3832    0.0571    0.9219
...   137 G-C ...
   24.9037  -52.7260   58.9821
   -0.7529    0.5562   -0.3519
   -0.5214   -0.8303   -0.1968
   -0.4017    0.0354    0.9151
...   138 A-T ...
   24.0249  -51.6261   61.9211
   -0.9563    0.0400   -0.2896
   -0.0523   -0.9980    0.0347
   -0.2877    0.0483    0.9565
...   139 G-C ...
   22.3574  -51.2300   64.4909
   -0.8529   -0.5117   -0.1032
    0.4973   -0.8566    0.1372
   -0.1586    0.0657    0.9852
...   140 C-G ...
   22.1609  -50.1386   67.4618
   -0.4681   -0.8749    0.1247
    0.8495   -0.4066    0.3363
   -0.2435    0.2633    0.9335
...   141 G-C ...
   21.4366  -51.8164   72.7856
    0.1304   -0.7141   -0.6877
    0.8897   -0.2218    0.3990
   -0.4375   -0.6639    0.6065
...   142 C-G ...
   20.4355  -54.2994   74.5395
    0.5847   -0.7390   -0.3347
    0.7593    0.3532    0.5466
   -0.2857   -0.5737    0.7676
...   143 T-A ...
   18.4378  -55.5190   76.5273
    0.8548   -0.5006    0.1370
    0.3188    0.7147    0.6225
   -0.4096   -0.4884    0.7705
...   144 C-G ...
   16.8485  -57.7127   78.2648
    0.8529   -0.0846    0.5152
   -0.1509    0.9047    0.3983
   -0.4998   -0.4175    0.7589
...   145 A-T ...
   15.7933  -59.5518   80.7963
    0.5515    0.4995    0.6681
   -0.6739    0.7388    0.0040
   -0.4915   -0.4525    0.7441
...   146 C-G ...
   15.7411  -61.4839   83.9296
    0.0342    0.7400    0.6718
   -0.8637    0.3601   -0.3527
   -0.5029   -0.5681    0.6514
...   147 A-T ...
   14.7481  -63.4171   86.8165
   -0.5923    0.6746    0.4405
   -0.6886   -0.1400   -0.7115
   -0.4183   -0.7247    0.5475
