  147 base-pairs
...     1 T-A ...
    0.0000    0.0000    0.0000
    1.0000    0.0000    0.0000
    0.0000    1.0000    0.0000
    0.0000    0.0000    1.0000
...     2 G-C ...
   -0.5555   -1.1003    3.3981
    0.7749    0.6051    0.1828
   -0.5991    0.7953   -0.0929
   -0.2016   -0.0375    0.9787
...     3 T-A ...
   -0.6619   -3.0237    6.5348
    0.3046    0.9250    0.2271
   -0.8994    0.3578   -0.2510
   -0.3134   -0.1278    0.9410
...     4 G-C ...
   -1.1607   -3.8418    9.6940
   -0.3351    0.9421    0.0133
   -0.8752   -0.3061   -0.3746
   -0.3489   -0.1372    0.9271
...     5 A-T ...
   -1.3881   -3.6770   12.8999
   -0.7835    0.6162   -0.0801
   -0.5677   -0.7622   -0.3109
   -0.2527   -0.1981    0.9470
...     6 G-C ...
   -2.6236   -3.5448   15.7072
   -0.9923    0.0611   -0.1075
   -0.0294   -0.9610   -0.2748
   -0.1201   -0.2695    0.9555
...     7 C-G ...
   -2.3138   -3.7570   18.8866
   -0.8620   -0.4995   -0.0864
    0.5008   -0.8655    0.0073
   -0.0785   -0.0370    0.9962
...     8 G-C ...
   -3.9561   -6.8109   23.3205
   -0.2581   -0.3560   -0.8981
    0.6294   -0.7673    0.1233
   -0.7330   -0.5335    0.4221
...     9 C-G ...
   -6.1177   -8.9414   24.2385
    0.1143   -0.7320   -0.6716
    0.8123   -0.3203    0.4874
   -0.5720   -0.6013    0.5580
...    10 T-A ...
   -8.5041   -9.6771   26.0540
    0.4660   -0.8587   -0.2131
    0.6274    0.1508    0.7640
   -0.6239   -0.4897    0.6090
...    11 C-G ...
  -11.0625  -11.3174   27.2336
    0.6660   -0.6911    0.2808
    0.3382    0.6152    0.7121
   -0.6649   -0.3794    0.6435
...    12 A-T ...
  -13.0013  -13.1789   29.0658
    0.7188   -0.1490    0.6790
   -0.1787    0.9043    0.3876
   -0.6718   -0.4000    0.6235
...    13 C-G ...
  -14.1788  -15.9359   31.3399
    0.4052    0.2865    0.8682
   -0.5270    0.8492   -0.0343
   -0.7470   -0.4437    0.4951
...    14 A-T ...
  -15.9532  -18.1566   33.3080
   -0.1503    0.6873    0.7107
   -0.6106    0.5008   -0.6135
   -0.7776   -0.5261    0.3444
...    15 A-T ...
  -18.3901  -19.9078   34.5681
   -0.4968    0.8432    0.2052
   -0.3964   -0.0102   -0.9180
   -0.7720   -0.5374    0.3394
...    16 T-A ...
  -20.7206  -21.5945   36.4047
   -0.6721    0.6680   -0.3194
   -0.0398   -0.4634   -0.8852
   -0.7394   -0.5823    0.3381
...    17 T-A ...
  -23.1314  -23.3051   37.8411
   -0.5961    0.2284   -0.7697
    0.3901   -0.7555   -0.5263
   -0.7017   -0.6141    0.3613
...    18 T-A ...
  -25.5078  -25.1549   39.1246
   -0.2518   -0.2492   -0.9351
    0.6719   -0.7404    0.0164
   -0.6965   -0.6242    0.3539
...    19 A-T ...
  -27.5965  -27.5162   40.3922
    0.2546   -0.6293   -0.7343
    0.6837   -0.4198    0.5969
   -0.6839   -0.6540    0.3234
...    20 T-A ...
  -30.2168  -29.4659   40.9274
    0.5847   -0.7511   -0.3066
    0.4471   -0.0170    0.8943
   -0.6769   -0.6600    0.3259
...    21 T-A ...
  -32.4618  -31.6871   41.7402
    0.7371   -0.6159    0.2781
    0.0028    0.4144    0.9101
   -0.6757   -0.6701    0.3072
...    22 C-G ...
  -34.5721  -33.9757   42.8178
    0.6095   -0.2233    0.7607
   -0.4598    0.6820    0.5687
   -0.6458   -0.6964    0.3130
...    23 G-C ...
  -36.7770  -35.9326   44.5242
    0.3239    0.2898    0.9006
   -0.7708    0.6328    0.0736
   -0.5485   -0.7181    0.4284
...    24 C-G ...
  -38.2338  -38.4821   46.0185
   -0.1093    0.6174    0.7790
   -0.8275    0.3777   -0.4154
   -0.5507   -0.6901    0.4696
...    25 A-T ...
  -40.5419  -40.7060   47.1193
   -0.5878    0.7326    0.3431
   -0.5792   -0.0850   -0.8107
   -0.5648   -0.6753    0.4743
...    26 A-T ...
  -42.3408  -42.8645   48.8428
   -0.8277    0.5253   -0.1974
   -0.1104   -0.4974   -0.8605
   -0.5503   -0.6904    0.4696
...    27 A-T ...
  -44.0783  -44.9799   50.6459
   -0.7419    0.1043   -0.6623
    0.4254   -0.6904   -0.5852
   -0.5182   -0.7159    0.4679
...    28 G-C ...
  -46.1504  -47.0858   52.3229
   -0.3502   -0.2532   -0.9018
    0.7594   -0.6403   -0.1151
   -0.5483   -0.7252    0.4165
...    29 G-C ...
  -48.3120  -49.4817   53.6046
    0.2123   -0.5152   -0.8304
    0.8148   -0.3758    0.4415
   -0.5395   -0.7703    0.3400
...    30 C-G ...
  -50.2961  -52.0085   54.3374
    0.6714   -0.5879   -0.4512
    0.5346   -0.0375    0.8443
   -0.5133   -0.8081    0.2891
...    31 C-G ...
  -52.0283  -54.7703   55.0877
    0.8933   -0.4401    0.0914
    0.0337    0.2684    0.9627
   -0.4482   -0.8569    0.2546
...    32 G-C ...
  -53.1711  -57.4390   56.3121
    0.8082   -0.1436    0.5712
   -0.4769    0.4094    0.7778
   -0.3455   -0.9010    0.2624
...    33 G-C ...
  -53.8572  -60.5838   57.4030
    0.4053    0.1546    0.9010
   -0.8670    0.3776    0.3252
   -0.2900   -0.9130    0.2870
...    34 C-G ...
  -54.4592  -63.6527   58.4787
   -0.1652    0.3684    0.9149
   -0.9472    0.1992   -0.2512
   -0.2748   -0.9081    0.3160
...    35 C-G ...
  -55.2920  -66.6370   59.9548
   -0.6859    0.4327    0.5851
   -0.6726   -0.0700   -0.7367
   -0.2778   -0.8988    0.3391
...    36 C-G ...
  -56.1416  -69.6319   61.4204
   -0.9382    0.3452    0.0232
   -0.1434   -0.3270   -0.9341
   -0.3149   -0.8797    0.3564
...    37 G-C ...
  -56.7588  -73.1059   61.6693
   -0.8170    0.1484   -0.5572
    0.4506   -0.4388   -0.7775
   -0.3599   -0.8862    0.2916
...    38 A-T ...
  -57.7958  -75.9213   62.7318
   -0.3799   -0.1294   -0.9159
    0.8587   -0.4175   -0.2972
   -0.3440   -0.8994    0.2697
...    39 C-G ...
  -59.3295  -78.6398   63.4202
    0.1599   -0.2746   -0.9482
    0.9233   -0.2982    0.2420
   -0.3492   -0.9142    0.2059
...    40 A-T ...
  -60.4177  -81.8220   63.9324
    0.7128   -0.3075   -0.6304
    0.6331   -0.1049    0.7670
   -0.3019   -0.9458    0.1199
...    41 C-G ...
  -61.3490  -84.9946   63.7325
    0.9564   -0.2634   -0.1262
    0.1436    0.0479    0.9885
   -0.2543   -0.9635    0.0836
...    42 G-C ...
  -62.0130  -88.2112   64.4827
    0.8519   -0.1300    0.5073
   -0.4928    0.1284    0.8606
   -0.1771   -0.9832    0.0453
...    43 A-T ...
  -62.5152  -91.3868   64.5964
    0.3728   -0.0388    0.9271
   -0.9109    0.1751    0.3736
   -0.1768   -0.9838    0.0300
...    44 C-G ...
  -62.4802  -94.7237   64.6657
   -0.1911    0.0818    0.9782
   -0.9679    0.1500   -0.2016
   -0.1633   -0.9853    0.0505
...    45 T-A ...
  -62.4532  -98.3263   65.2215
   -0.7270    0.1606    0.6676
   -0.6647    0.0790   -0.7429
   -0.1721   -0.9838    0.0493
...    46 T-A ...
  -62.8248 -101.5267   65.5373
   -0.9820    0.1450    0.1210
   -0.1194    0.0200   -0.9926
   -0.1463   -0.9892   -0.0023
...    47 A-T ...
  -63.1429 -104.9059   65.1272
   -0.8109    0.1196   -0.5728
    0.5697   -0.0619   -0.8195
   -0.1334   -0.9909   -0.0180
...    48 C-G ...
  -64.0301 -108.0736   65.5517
   -0.3622    0.1156   -0.9249
    0.9196   -0.1180   -0.3748
   -0.1524   -0.9863   -0.0636
...    49 T-A ...
  -64.9162 -111.3330   65.2321
    0.2224    0.1247   -0.9669
    0.9626   -0.1856    0.1974
   -0.1548   -0.9747   -0.1614
...    50 G-C ...
  -65.2520 -114.6372   64.3919
    0.7587    0.1506   -0.6338
    0.6477   -0.2777    0.7094
   -0.0691   -0.9488   -0.3083
...    51 T-A ...
  -65.5581 -117.4701   62.9068
    0.9895    0.0251   -0.1422
    0.1420   -0.3454    0.9276
   -0.0258   -0.9381   -0.3454
...    52 A-T ...
  -65.6159 -120.8612   62.2941
    0.8388   -0.2068    0.5037
   -0.5445   -0.3248    0.7734
    0.0036   -0.9229   -0.3850
...    53 G-C ...
  -65.3606 -123.8472   60.9802
    0.4009   -0.3087    0.8625
   -0.9138   -0.2013    0.3527
    0.0647   -0.9296   -0.3628
...    54 G-C ...
  -64.3377 -127.1298   59.8219
   -0.2210   -0.3358    0.9156
   -0.9712   -0.0100   -0.2381
    0.0891   -0.9419   -0.3239
...    55 T-A ...
  -63.6475 -130.2875   59.0300
   -0.7150   -0.3136    0.6248
   -0.6912    0.1837   -0.6989
    0.1044   -0.9316   -0.3481
...    56 A-T ...
  -63.1205 -133.4947   58.0102
   -0.9916   -0.1238    0.0387
   -0.0814    0.3622   -0.9285
    0.1009   -0.9238   -0.3692
...    57 T-A ...
  -62.8616 -136.7275   57.4554
   -0.8726    0.0794   -0.4819
    0.4717    0.3929   -0.7894
    0.1267   -0.9161   -0.3803
...    58 C-G ...
  -62.6762 -139.9140   56.2036
   -0.3639    0.3467   -0.8645
    0.9236    0.2542   -0.2869
    0.1203   -0.9029   -0.4128
...    59 T-A ...
  -62.5342 -142.8524   54.6211
    0.1952    0.5097   -0.8379
    0.9736    0.0023    0.2282
    0.1182   -0.8604   -0.4958
...    60 C-G ...
  -61.9490 -145.6209   52.8748
    0.7317    0.4577   -0.5051
    0.6710   -0.3534    0.6518
    0.1198   -0.8158   -0.5657
...    61 G-C ...
  -60.8901 -148.4532   51.2643
    0.9370    0.3435    0.0639
    0.1796   -0.6305    0.7551
    0.2996   -0.6961   -0.6525
...    62 A-T ...
  -59.5957 -150.7506   49.0589
    0.8442   -0.1134    0.5240
   -0.4236   -0.7401    0.5223
    0.3286   -0.6629   -0.6728
...    63 G-C ...
  -58.2993 -152.8927   46.8315
    0.4580   -0.4956    0.7380
   -0.8109   -0.5731    0.1185
    0.3642   -0.6527   -0.6644
...    64 C-G ...
  -56.6262 -155.0491   44.6586
   -0.1339   -0.7501    0.6476
   -0.9137   -0.1596   -0.3737
    0.3837   -0.6418   -0.6640
...    65 T-A ...
  -55.3281 -157.2213   42.4815
   -0.6190   -0.7293    0.2914
   -0.6671    0.2924   -0.6852
    0.4145   -0.6186   -0.6675
...    66 C-G ...
  -53.7904 -159.1486   40.0974
   -0.8945   -0.3804   -0.2347
   -0.1285    0.7218   -0.6801
    0.4281   -0.5782   -0.6945
...    67 G-C ...
  -52.1792 -160.1511   37.1166
   -0.8102    0.1505   -0.5666
    0.4234    0.8186   -0.3880
    0.4054   -0.5542   -0.7269
...    68 G-C ...
  -50.6098 -162.0790   34.8064
   -0.4365    0.6578   -0.6138
    0.7934    0.6031    0.0820
    0.4242   -0.4513   -0.7852
...    69 G-C ...
  -49.3685 -163.6736   32.1071
    0.0255    0.9342   -0.3557
    0.9076    0.1275    0.4000
    0.4191   -0.3331   -0.8447
...    70 A-T ...
  -48.1351 -164.6891   29.1893
    0.5371    0.8434    0.0156
    0.7155   -0.4653    0.5212
    0.4468   -0.2688   -0.8533
...    71 T-A ...
  -46.9676 -165.0468   26.1360
    0.8134    0.4778    0.3317
    0.3304   -0.8489    0.4125
    0.4787   -0.2259   -0.8484
...    72 C-G ...
  -45.2728 -165.5328   23.3502
    0.8251   -0.1510    0.5444
   -0.2257   -0.9715    0.0726
    0.5179   -0.1828   -0.8357
...    73 A-T ...
  -43.4082 -165.9514   20.5449
    0.5050   -0.6583    0.5581
   -0.5885   -0.7357   -0.3353
    0.6313   -0.1591   -0.7590
...    74 T-A ...
  -40.9460 -166.2341   18.3428
    0.1105   -0.9518    0.2863
   -0.7599   -0.2666   -0.5928
    0.6405   -0.1520   -0.7527
...    75 G-C ...
  -38.6806 -166.6001   15.8401
   -0.3960   -0.8962   -0.2003
   -0.6572    0.4289   -0.6198
    0.6413   -0.1137   -0.7588
...    76 T-A ...
  -36.1202 -167.2125   13.5988
   -0.6749   -0.4673   -0.5710
   -0.3193    0.8826   -0.3449
    0.6652   -0.0505   -0.7450
...    77 T-A ...
  -33.8071 -167.5117   11.3329
   -0.7050    0.1832   -0.6852
    0.1398    0.9830    0.1190
    0.6953   -0.0119   -0.7186
...    78 A-T ...
  -31.1687 -167.2023    9.1019
   -0.4201    0.8037   -0.4214
    0.5496    0.5949    0.5866
    0.7221    0.0148   -0.6916
...    79 T-A ...
  -29.2876 -167.3815    6.4115
   -0.0788    0.9967   -0.0197
    0.6815    0.0682    0.7286
    0.7275    0.0440   -0.6847
...    80 A-T ...
  -26.5671 -167.2312    4.3805
    0.3137    0.8074    0.4996
    0.5975   -0.5768    0.5570
    0.7379    0.1238   -0.6634
...    81 A-T ...
  -24.2586 -166.5365    2.3017
    0.5662    0.3066    0.7652
    0.3353   -0.9336    0.1260
    0.7530    0.1852   -0.6314
...    82 C-G ...
  -21.7418 -165.2058    0.4028
    0.6500   -0.2917    0.7017
   -0.0301   -0.9326   -0.3598
    0.7593    0.2127   -0.6150
...    83 G-C ...
  -19.0909 -164.8199   -1.5676
    0.4978   -0.8190    0.2854
   -0.3763   -0.5005   -0.7797
    0.7814    0.2808   -0.5573
...    84 G-C ...
  -16.3136 -164.1466   -3.2649
    0.1504   -0.9732   -0.1742
   -0.5495    0.0642   -0.8330
    0.8219    0.2209   -0.5251
...    85 A-T ...
  -13.3000 -163.3677   -4.7352
   -0.1956   -0.6852   -0.7016
   -0.5302    0.6757   -0.5121
    0.8250    0.2718   -0.4954
...    86 T-A ...
  -10.3215 -162.9524   -6.1489
   -0.4505   -0.1974   -0.8707
   -0.3451    0.9380   -0.0341
    0.8234    0.2851   -0.4907
...    87 C-G ...
   -7.4595 -162.2209   -7.8339
   -0.5588    0.4481   -0.6978
   -0.0081    0.8385    0.5449
    0.8293    0.3102   -0.4648
...    88 C-G ...
   -4.4936 -161.3779   -9.1022
   -0.5902    0.7807   -0.2051
    0.2791    0.4358    0.8557
    0.7575    0.4478   -0.4751
...    89 G-C ...
   -1.8385 -159.5953  -10.2533
   -0.4314    0.8074    0.4025
    0.5850   -0.0893    0.8061
    0.6868    0.5832   -0.4338
...    90 C-G ...
    0.1442 -157.3829  -12.0348
   -0.0340    0.5806    0.8135
    0.7307   -0.5409    0.4166
    0.6819    0.6085   -0.4059
...    91 T-A ...
    2.2116 -154.7811  -13.1729
    0.3779    0.1239    0.9175
    0.6549   -0.7362   -0.1704
    0.6544    0.6653   -0.3594
...    92 T-A ...
    4.2169 -152.3733  -14.1424
    0.7140   -0.3302    0.6174
    0.3103   -0.6413   -0.7018
    0.6277    0.6926   -0.3554
...    93 T-A ...
    6.2503 -149.9498  -15.0529
    0.7839   -0.6180    0.0594
   -0.1756   -0.3125   -0.9336
    0.5955    0.7214   -0.3535
...    94 A-T ...
    7.6409 -147.5679  -17.0975
    0.5678   -0.5303   -0.6295
   -0.6713    0.1442   -0.7270
    0.4764    0.8354   -0.2741
...    95 A-T ...
    9.3115 -144.8293  -17.7840
    0.0654   -0.2383   -0.9690
   -0.8998    0.4056   -0.1605
    0.4313    0.8824   -0.1879
...    96 C-G ...
   11.2629 -142.0514  -18.3924
   -0.4581    0.0856   -0.8847
   -0.7781    0.4426    0.4457
    0.4298    0.8926   -0.1362
...    97 A-T ...
   12.6799 -139.0128  -18.7016
   -0.8622    0.3050   -0.4046
   -0.3390    0.2461    0.9080
    0.3765    0.9200   -0.1088
...    98 C-G ...
   13.8944 -136.0426  -19.7054
   -0.9211    0.3583    0.1525
    0.1726    0.0245    0.9847
    0.3491    0.9333   -0.0844
...    99 T-A ...
   14.7750 -132.6672  -20.3470
   -0.6755    0.1771    0.7157
    0.6887   -0.1951    0.6983
    0.2633    0.9647    0.0099
...   100 T-A ...
   15.2943 -129.4591  -20.3353
   -0.1611   -0.0092    0.9869
    0.9552   -0.2532    0.1536
    0.2484    0.9674    0.0496
...   101 T-A ...
   16.0355 -126.3206  -19.9909
    0.3954   -0.2230    0.8910
    0.8831   -0.1745   -0.4355
    0.2526    0.9591    0.1279
...   102 A-T ...
   17.1518 -123.1136  -19.5668
    0.8675   -0.2995    0.3973
    0.4310    0.0534   -0.9008
    0.2485    0.9526    0.1754
...   103 T-A ...
   17.7352 -120.1805  -18.2527
    0.9623   -0.2526   -0.1009
   -0.0413    0.2308   -0.9721
    0.2689    0.9396    0.2117
...   104 G-C ...
   18.8551 -117.1845  -17.3937
    0.7092   -0.1320   -0.6925
   -0.6115    0.3736   -0.6975
    0.3508    0.9181    0.1843
...   105 C-G ...
   20.3421 -114.2349  -16.6642
    0.2230    0.1212   -0.9672
   -0.9126    0.3749   -0.1635
    0.3428    0.9191    0.1942
...   106 T-A ...
   21.9233 -111.1905  -16.0742
   -0.3660    0.3176   -0.8747
   -0.8617    0.2394    0.4474
    0.3516    0.9175    0.1861
...   107 T-A ...
   23.2048 -108.2752  -15.5740
   -0.8023    0.3830   -0.4579
   -0.4984   -0.0076    0.8669
    0.3286    0.9237    0.1970
...   108 C-G ...
   24.3548 -105.1488  -15.0733
   -0.9566    0.2438    0.1596
    0.0946   -0.2583    0.9614
    0.2756    0.9348    0.2240
...   109 C-G ...
   25.5234 -102.1243  -14.4107
   -0.7886   -0.0857    0.6089
    0.5938   -0.3635    0.7178
    0.1598    0.9277    0.3375
...   110 G-C ...
   26.1671  -99.3801  -12.9822
   -0.3700   -0.4077    0.8348
    0.9264   -0.2295    0.2985
    0.0699    0.8838    0.4626
...   111 G-C ...
   26.1516  -96.6528  -11.0566
    0.2088   -0.5501    0.8085
    0.9771    0.0834   -0.1956
    0.0402    0.8309    0.5550
...   112 C-G ...
   25.9584  -94.3154   -8.6294
    0.7295   -0.4396    0.5240
    0.6826    0.4207   -0.5975
    0.0422    0.7936    0.6070
...   113 T-A ...
   26.0938  -91.8272   -6.4328
    0.9854   -0.1465    0.0863
    0.1609    0.6391   -0.7521
    0.0550    0.7551    0.6533
...   114 C-G ...
   26.5087  -89.1855   -4.4825
    0.8704    0.2947   -0.3943
   -0.4866    0.6364   -0.5985
    0.0745    0.7129    0.6973
...   115 G-C ...
   26.4248  -86.5846   -2.4102
    0.3750    0.6198   -0.6894
   -0.9222    0.3249   -0.2095
    0.0942    0.7143    0.6934
...   116 T-A ...
   27.4988  -84.1130   -0.2683
   -0.2197    0.6789   -0.7006
   -0.9725   -0.0952    0.2127
    0.0777    0.7281    0.6811
...   117 A-T ...
   28.0067  -81.6093    1.9944
   -0.7836    0.4496   -0.4287
   -0.6194   -0.5131    0.5941
    0.0471    0.7311    0.6806
...   118 T-A ...
   28.4542  -78.8497    3.7383
   -0.9928    0.1111   -0.0441
   -0.1090   -0.6892    0.7163
    0.0492    0.7160    0.6964
...   119 A-T ...
   28.7557  -76.6970    6.4022
   -0.8216   -0.3860    0.4195
    0.5690   -0.5988    0.5635
    0.0337    0.7017    0.7117
...   120 A-T ...
   28.6439  -74.3470    8.6489
   -0.3380   -0.7132    0.6140
    0.9411   -0.2497    0.2280
   -0.0093    0.6549    0.7556
...   121 T-A ...
   28.0012  -72.2339   11.1317
    0.2192   -0.7464    0.6284
    0.9755    0.1811   -0.1251
   -0.0205    0.6404    0.7678
...   122 G-C ...
   27.9561  -70.1786   13.9316
    0.7816   -0.5214    0.3423
    0.6235    0.6380   -0.4519
    0.0173    0.5667    0.8238
...   123 T-A ...
   27.9371  -68.8137   16.9560
    0.9943   -0.0954    0.0476
    0.1059    0.8312   -0.5457
    0.0125    0.5477    0.8366
...   124 G-C ...
   28.0165  -67.0020   19.8322
    0.8399    0.4357   -0.3236
   -0.5402    0.7287   -0.4211
    0.0523    0.5285    0.8473
...   125 T-A ...
   28.5272  -65.6586   22.7483
    0.4090    0.7515   -0.5176
   -0.9101    0.3770   -0.1719
    0.0659    0.5414    0.8382
...   126 C-G ...
   28.7982  -63.9291   25.4406
   -0.2297    0.8328   -0.5036
   -0.9710   -0.1608    0.1770
    0.0664    0.5297    0.8456
...   127 G-C ...
   28.3301  -62.4450   28.4626
   -0.7549    0.5266   -0.3909
   -0.6557   -0.6177    0.4341
   -0.0129    0.5840    0.8116
...   128 A-T ...
   28.4498  -60.6414   31.0871
   -0.9974    0.0437   -0.0581
   -0.0688   -0.8260    0.5594
   -0.0236    0.5620    0.8268
...   129 C-G ...
   28.2536  -58.2224   33.3287
   -0.8714   -0.4403    0.2163
    0.4859   -0.7143    0.5036
   -0.0673    0.5439    0.8364
...   130 C-G ...
   27.4800  -56.3298   36.0671
   -0.4512   -0.8166    0.3599
    0.8789   -0.3366    0.3381
   -0.1550    0.4689    0.8696
...   131 A-T ...
   27.6807  -55.0295   39.2477
    0.1883   -0.8948    0.4048
    0.9668    0.2414    0.0838
   -0.1727    0.3756    0.9106
...   132 A-T ...
   27.0410  -53.9885   42.3034
    0.7272   -0.5785    0.3694
    0.6623    0.7329   -0.1560
   -0.1804    0.3581    0.9161
...   133 A-T ...
   26.2396  -53.1434   45.3794
    0.9698   -0.0034    0.2441
    0.0918    0.9315   -0.3519
   -0.2262    0.3637    0.9037
...   134 T-A ...
   25.6308  -52.5797   48.6350
    0.8597    0.5096    0.0340
   -0.4497    0.7867   -0.4230
   -0.2423    0.3484    0.9055
...   135 G-C ...
   25.2859  -52.4981   52.0751
    0.3205    0.9427   -0.0927
   -0.8825    0.2616   -0.3908
   -0.3441    0.2071    0.9158
...   136 T-A ...
   25.5356  -52.9668   55.8003
   -0.2443    0.9563   -0.1608
   -0.8908   -0.2868   -0.3525
   -0.3832    0.0571    0.9219
...   137 G-C ...
   24.9037  -52.7260   58.9822
   -0.7529    0.5562   -0.3519
   -0.5214   -0.8303   -0.1968
   -0.4017    0.0354    0.9151
...   138 A-T ...
   24.0249  -51.6261   61.9211
   -0.9563    0.0400   -0.2896
   -0.0523   -0.9980    0.0347
   -0.2877    0.0483    0.9565
...   139 G-C ...
   22.3574  -51.2300   64.4910
   -0.8529   -0.5117   -0.1032
    0.4973   -0.8566    0.1372
   -0.1586    0.0657    0.9852
...   140 C-G ...
   22.1609  -50.1387   67.4619
   -0.4681   -0.8749    0.1247
    0.8495   -0.4066    0.3363
   -0.2435    0.2633    0.9335
...   141 G-C ...
   21.4367  -51.8165   72.7857
    0.1304   -0.7141   -0.6877
    0.8897   -0.2218    0.3990
   -0.4375   -0.6639    0.6065
...   142 C-G ...
   20.4355  -54.2995   74.5396
    0.5847   -0.7390   -0.3347
    0.7593    0.3532    0.5466
   -0.2857   -0.5737    0.7676
...   143 T-A ...
   18.4378  -55.5191   76.5273
    0.8548   -0.5006    0.1370
    0.3188    0.7147    0.6225
   -0.4096   -0.4884    0.7705
...   144 C-G ...
   16.8485  -57.7127   78.2649
    0.8529   -0.0846    0.5152
   -0.1509    0.9047    0.3983
   -0.4998   -0.4175    0.7589
...   145 A-T ...
   15.7934  -59.5519   80.7964
    0.5515    0.4995    0.6681
   -0.6739    0.7388    0.0040
   -0.4915   -0.4525    0.7441
...   146 C-G ...
   15.7411  -61.4840   83.9296
    0.0342    0.7400    0.6718
   -0.8637    0.3601   -0.3527
   -0.5029   -0.5681    0.6514
...   147 A-T ...
   14.7482  -63.4171   86.8166
   -0.5923    0.6746    0.4405
   -0.6886   -0.1400   -0.7115
   -0.4183   -0.7247    0.5475
