  147 base-pairs
...     1 T-A ...
    0.0000    0.0000    0.0000
    1.0000    0.0000    0.0000
    0.0000    1.0000    0.0000
    0.0000    0.0000    1.0000
...     2 G-C ...
   -0.5555   -1.1003    3.3981
    0.7749    0.6051    0.1828
   -0.5991    0.7953   -0.0929
   -0.2016   -0.0375    0.9787
...     3 T-A ...
   -0.6619   -3.0237    6.5348
    0.3046    0.9250    0.2271
   -0.8994    0.3578   -0.2510
   -0.3134   -0.1278    0.9410
...     4 G-C ...
   -1.1607   -3.8418    9.6940
   -0.3351    0.9421    0.0133
   -0.8752   -0.3061   -0.3746
   -0.3489   -0.1372    0.9271
...     5 A-T ...
   -1.3881   -3.6770   12.8999
   -0.7835    0.6162   -0.0801
   -0.5677   -0.7622   -0.3109
   -0.2527   -0.1981    0.9470
...     6 G-C ...
   -2.6236   -3.5448   15.7072
   -0.9923    0.0611   -0.1075
   -0.0294   -0.9610   -0.2748
   -0.1201   -0.2695    0.9555
...     7 C-G ...
   -2.3138   -3.7570   18.8866
   -0.8620   -0.4995   -0.0864
    0.5008   -0.8655    0.0073
   -0.0785   -0.0370    0.9962
...     8 G-C ...
   -3.9561   -6.8109   23.3205
   -0.2581   -0.3560   -0.8981
    0.6294   -0.7673    0.1233
   -0.7330   -0.5335    0.4221
...     9 C-G ...
   -6.1177   -8.9414   24.2385
    0.1143   -0.7320   -0.6716
    0.8123   -0.3203    0.4874
   -0.5720   -0.6013    0.5580
...    10 T-A ...
   -8.5041   -9.6771   26.0540
    0.4660   -0.8587   -0.2131
    0.6274    0.1508    0.7640
   -0.6239   -0.4897    0.6090
...    11 C-G ...
  -11.0625  -11.3174   27.2336
    0.6660   -0.6911    0.2808
    0.3382    0.6152    0.7121
   -0.6649   -0.3794    0.6435
...    12 A-T ...
  -13.0013  -13.1789   29.0658
    0.7188   -0.1490    0.6790
   -0.1787    0.9043    0.3876
   -0.6718   -0.4000    0.6235
...    13 C-G ...
  -14.1788  -15.9359   31.3399
    0.4052    0.2865    0.8682
   -0.5270    0.8492   -0.0343
   -0.7470   -0.4437    0.4951
...    14 A-T ...
  -15.9532  -18.1566   33.3080
   -0.1503    0.6873    0.7107
   -0.6106    0.5008   -0.6135
   -0.7776   -0.5261    0.3444
...    15 A-T ...
  -18.3775  -19.8442   34.7097
   -0.5043    0.8371    0.2121
   -0.4273   -0.0285   -0.9036
   -0.7504   -0.5463    0.3721
...    16 T-A ...
  -20.6088  -21.5439   36.6730
   -0.7060    0.6444   -0.2937
   -0.0713   -0.4773   -0.8758
   -0.7046   -0.5974    0.3830
...    17 T-A ...
  -22.8508  -23.2813   38.3045
   -0.6625    0.1814   -0.7268
    0.3853   -0.7495   -0.5383
   -0.6424   -0.6366    0.4267
...    18 T-A ...
  -25.0333  -25.0999   39.9780
   -0.3466   -0.3318   -0.8774
    0.7245   -0.6888   -0.0257
   -0.5958   -0.6446    0.4791
...    19 A-T ...
  -26.6620  -27.4900   41.7759
    0.1965   -0.6779   -0.7084
    0.8083   -0.2970    0.5084
   -0.5551   -0.6725    0.4896
...    20 T-A ...
  -28.9317  -29.5851   42.9359
    0.6020   -0.7192   -0.3468
    0.5981    0.1185    0.7926
   -0.5290   -0.6846    0.5015
...    21 T-A ...
  -30.7280  -31.9028   44.3654
    0.8624   -0.4906    0.1248
    0.1593    0.4970    0.8530
   -0.4805   -0.7158    0.5067
...    22 C-G ...
  -32.1358  -34.3085   46.0893
    0.8247   -0.0602    0.5624
   -0.3851    0.6684    0.6363
   -0.4143   -0.7413    0.5281
...    23 G-C ...
  -33.2516  -36.3963   48.6141
    0.5266    0.4474    0.7228
   -0.8170    0.5014    0.2849
   -0.2350   -0.7405    0.6296
...    24 C-G ...
  -33.5910  -38.8954   50.7153
    0.0257    0.6823    0.7306
   -0.9765    0.1737   -0.1278
   -0.2141   -0.7101    0.6708
...    25 A-T ...
  -34.8842  -41.1132   52.9577
   -0.5726    0.6570    0.4903
   -0.7984   -0.3110   -0.5157
   -0.1863   -0.6868    0.7026
...    26 A-T ...
  -35.3864  -43.2013   55.4719
   -0.9437    0.3075    0.1223
   -0.3003   -0.6404   -0.7069
   -0.1390   -0.7038    0.6967
...    27 A-T ...
  -35.6559  -45.2949   57.9870
   -0.9403   -0.1913   -0.2814
    0.3351   -0.6648   -0.6677
   -0.0594   -0.7221    0.6892
...    28 G-C ...
  -36.1092  -47.5025   60.5276
   -0.5896   -0.5141   -0.6229
    0.8049   -0.4378   -0.4006
   -0.0667   -0.7376    0.6719
...    29 G-C ...
  -36.4555  -49.9535   62.9416
    0.0036   -0.6223   -0.7827
    0.9992   -0.0283    0.0270
   -0.0390   -0.7822    0.6218
...    30 C-G ...
  -36.9433  -52.4797   64.9990
    0.5657   -0.4736   -0.6751
    0.8245    0.3392    0.4529
    0.0145   -0.8128    0.5824
...    31 C-G ...
  -37.0767  -55.2142   66.8975
    0.9215   -0.1196   -0.3695
    0.3727    0.5398    0.7548
    0.1092   -0.8333    0.5420
...    32 G-C ...
  -36.4012  -57.6204   68.7766
    0.9548    0.2974   -0.0008
   -0.1507    0.4860    0.8609
    0.2564   -0.8218    0.5088
...    33 G-C ...
  -34.9870  -60.2251   70.3493
    0.6863    0.5844    0.4330
   -0.6366    0.1948    0.7462
    0.3517   -0.7878    0.5057
...    34 C-G ...
  -33.2844  -62.5727   71.9356
    0.1915    0.6297    0.7529
   -0.8929   -0.2067    0.3999
    0.4075   -0.7488    0.5227
...    35 C-G ...
  -31.5734  -64.7000   74.0386
   -0.3661    0.4176    0.8316
   -0.8149   -0.5753   -0.0699
    0.4493   -0.7033    0.5510
...    36 C-G ...
  -29.9695  -66.8069   76.1833
   -0.7812    0.0214    0.6239
   -0.4232   -0.7529   -0.5041
    0.4589   -0.6578    0.5972
...    37 G-C ...
  -28.4910  -69.8118   77.3524
   -0.8967   -0.4023    0.1844
    0.1154   -0.6147   -0.7803
    0.4272   -0.6784    0.5976
...    38 A-T ...
  -27.0003  -71.8619   79.2751
   -0.6496   -0.6913   -0.3164
    0.6157   -0.2343   -0.7523
    0.4460   -0.6836    0.5778
...    39 C-G ...
  -26.0029  -74.1150   81.3629
   -0.2406   -0.6831   -0.6896
    0.8660    0.1698   -0.4703
    0.4383   -0.7103    0.5508
...    40 A-T ...
  -24.4966  -76.5414   83.1444
    0.2855   -0.3884   -0.8762
    0.8374    0.5457    0.0309
    0.4661   -0.7425    0.4810
...    41 C-G ...
  -23.2057  -79.3179   84.3484
    0.6491    0.0037   -0.7607
    0.5691    0.6612    0.4888
    0.5048   -0.7502    0.4271
...    42 G-C ...
  -21.2053  -81.4414   86.0216
    0.8087    0.4653   -0.3599
    0.0933    0.5026    0.8595
    0.5807   -0.7287    0.3630
...    43 A-T ...
  -19.3580  -83.7926   87.1301
    0.7009    0.6790    0.2184
   -0.4055    0.1275    0.9051
    0.5867   -0.7230    0.3647
...    44 C-G ...
  -17.0631  -86.0915   87.7601
    0.3418    0.6764    0.6524
   -0.6998   -0.2801    0.6571
    0.6272   -0.6812    0.3776
...    45 T-A ...
  -14.2611  -88.1018   88.8862
   -0.1472    0.4076    0.9012
   -0.7546   -0.6353    0.1641
    0.6395   -0.6559    0.4011
...    46 T-A ...
  -11.9363  -90.0083   90.1138
   -0.5150   -0.0152    0.8570
   -0.5645   -0.7464   -0.3525
    0.6450   -0.6654    0.3758
...    47 A-T ...
   -9.8535  -92.5233   91.0925
   -0.7399   -0.5266    0.4185
   -0.0873   -0.5417   -0.8360
    0.6670   -0.6552    0.3548
...    48 C-G ...
   -7.7201  -94.3984   92.8848
   -0.6776   -0.7277   -0.1065
    0.3281   -0.1696   -0.9293
    0.6582   -0.6646    0.3537
...    49 T-A ...
   -5.7709  -96.7422   94.3790
   -0.4368   -0.6481   -0.6238
    0.6540    0.2473   -0.7150
    0.6177   -0.7202    0.3158
...    50 G-C ...
   -3.6632  -99.2554   95.2071
   -0.0595   -0.2912   -0.9548
    0.7929    0.5673   -0.2224
    0.6065   -0.7703    0.1971
...    51 T-A ...
   -2.1462 -102.0382   95.7331
    0.3200    0.0830   -0.9438
    0.7182    0.6284    0.2987
    0.6179   -0.7735    0.1415
...    52 A-T ...
    0.1049 -104.5077   96.0084
    0.6124    0.5206   -0.5950
    0.4181    0.4254    0.8026
    0.6709   -0.7403    0.0429
...    53 G-C ...
    2.2100 -106.9847   95.9521
    0.6721    0.7346   -0.0925
    0.0623    0.0685    0.9957
    0.7378   -0.6750    0.0003
...    54 G-C ...
    5.0675 -109.0827   95.2198
    0.5311    0.6932    0.4872
   -0.2961   -0.3869    0.8733
    0.7939   -0.6081   -0.0003
...    55 T-A ...
    7.9446 -110.6668   94.9555
    0.2941    0.3844    0.8751
   -0.5174   -0.7058    0.4839
    0.8036   -0.5950   -0.0087
...    56 A-T ...
   10.9255 -112.3234   94.9272
   -0.0970   -0.1037    0.9899
   -0.5725   -0.8078   -0.1407
    0.8142   -0.5803    0.0190
...    57 T-A ...
   13.9622 -113.6081   95.1998
   -0.3624   -0.5324    0.7650
   -0.4425   -0.6241   -0.6440
    0.8203   -0.5719   -0.0094
...    58 C-G ...
   16.7861 -115.4871   95.4449
   -0.5636   -0.8048    0.1863
   -0.1262   -0.1389   -0.9822
    0.8164   -0.5770   -0.0233
...    59 T-A ...
   19.4066 -117.5808   95.6519
   -0.5900   -0.7158   -0.3735
    0.2036    0.3158   -0.9267
    0.7813   -0.6228   -0.0405
...    60 C-G ...
   22.0487 -119.6650   95.5024
   -0.3859   -0.3621   -0.8485
    0.5175    0.6765   -0.5240
    0.7638   -0.6413   -0.0737
...    61 G-C ...
   24.8550 -121.4018   94.8388
   -0.2071    0.1777   -0.9621
    0.6718    0.7407   -0.0078
    0.7112   -0.6479   -0.2727
...    62 A-T ...
   27.3241 -123.4429   93.9818
    0.1781    0.6180   -0.7657
    0.6622    0.5003    0.5578
    0.7279   -0.6064   -0.3202
...    63 G-C ...
   29.6550 -125.3893   92.6115
    0.4554    0.8278   -0.3276
    0.4872    0.0763    0.8700
    0.7452   -0.5558   -0.3685
...    64 C-G ...
   32.1028 -127.0569   90.8782
    0.6327    0.7301    0.2580
    0.1488   -0.4416    0.8848
    0.7599   -0.5214   -0.3881
...    65 T-A ...
   34.6813 -128.6149   89.4999
    0.6044    0.3728    0.7041
   -0.1923   -0.7894    0.5830
    0.7732   -0.4878   -0.4054
...    66 C-G ...
   37.2716 -130.3546   88.3868
    0.3655   -0.1920    0.9108
   -0.4945   -0.8691    0.0153
    0.7886   -0.4559   -0.4126
...    67 G-C ...
   39.3284 -132.8116   86.8893
   -0.0151   -0.6549    0.7555
   -0.5991   -0.5990   -0.5312
    0.8005   -0.4607   -0.3834
...    68 G-C ...
   42.1419 -134.2233   85.6030
   -0.4040   -0.8523    0.3323
   -0.5165   -0.0873   -0.8518
    0.7550   -0.5157   -0.4049
...    69 G-C ...
   44.7774 -135.9527   84.4346
   -0.6985   -0.7004   -0.1469
   -0.2058    0.3932   -0.8961
    0.6854   -0.5956   -0.4188
...    70 A-T ...
   47.0898 -138.0477   83.2428
   -0.7118   -0.2999   -0.6352
    0.2484    0.7384   -0.6269
    0.6570   -0.6040   -0.4511
...    71 T-A ...
   48.9148 -140.5010   82.0211
   -0.5068    0.1570   -0.8476
    0.5881    0.7819   -0.2068
    0.6303   -0.6033   -0.4886
...    72 C-G ...
   50.7792 -142.6096   80.2677
   -0.0937    0.6211   -0.7781
    0.7899    0.5221    0.3216
    0.6061   -0.5845   -0.5395
...    73 C-G ...
   52.6561 -144.4818   78.3274
    0.2680    0.8676   -0.4188
    0.7417    0.0916    0.6644
    0.6148   -0.4887   -0.6190
...    74 G-C ...
   55.0736 -145.9235   76.5076
    0.5755    0.8110    0.1053
    0.4994   -0.4504    0.7401
    0.6476   -0.3733   -0.6643
...    75 C-G ...
   57.3134 -146.6566   73.9399
    0.7592    0.3937    0.5183
    0.0911   -0.8528    0.5143
    0.6444   -0.3432   -0.6833
...    76 T-A ...
   59.9304 -147.2874   71.6714
    0.6849   -0.1916    0.7030
   -0.3314   -0.9412    0.0663
    0.6489   -0.2783   -0.7081
...    77 T-A ...
   62.1991 -147.8506   69.3639
    0.3963   -0.7434    0.5388
   -0.6874   -0.6292   -0.3626
    0.6086   -0.2267   -0.7604
...    78 T-A ...
   64.4285 -148.3324   66.9680
   -0.0563   -0.9837    0.1705
   -0.8083   -0.0553   -0.5862
    0.5861   -0.1708   -0.7920
...    79 A-T ...
   65.9481 -148.5218   63.9566
   -0.5490   -0.8025   -0.2336
   -0.6159    0.5774   -0.5360
    0.5651   -0.1504   -0.8112
...    80 A-T ...
   67.8201 -149.1208   61.4393
   -0.8234   -0.3236   -0.4661
   -0.2029    0.9350   -0.2908
    0.5299   -0.1448   -0.8356
...    81 C-G ...
   69.6500 -150.3529   58.8130
   -0.8190    0.2563   -0.5134
    0.2867    0.9578    0.0207
    0.4970   -0.1302   -0.8579
...    82 T-A ...
   70.9401 -151.3396   55.8440
   -0.5851    0.7491   -0.3107
    0.7098    0.6583    0.2506
    0.3923   -0.0740   -0.9169
...    83 C-G ...
   71.9650 -150.9399   52.7550
   -0.0858    0.9962   -0.0177
    0.9513    0.0872    0.2957
    0.2961    0.0085   -0.9551
...    84 A-T ...
   72.6829 -150.8265   49.4320
    0.4231    0.8702    0.2524
    0.8731   -0.4661    0.1432
    0.2423    0.1597   -0.9570
...    85 T-A ...
   73.1541 -149.8738   46.3155
    0.8153    0.4898    0.3089
    0.5241   -0.8510   -0.0338
    0.2463    0.1894   -0.9505
...    86 G-C ...
   73.9500 -149.1335   43.1107
    0.9640   -0.1741    0.2011
   -0.1233   -0.9624   -0.2418
    0.2357    0.2083   -0.9492
...    87 T-A ...
   74.8757 -147.9024   40.0208
    0.7155   -0.6977   -0.0352
   -0.6755   -0.6781   -0.2895
    0.1781    0.2310   -0.9565
...    88 T-A ...
   75.5444 -146.9000   36.9836
    0.1485   -0.9491   -0.2778
   -0.9805   -0.1047   -0.1664
    0.1289    0.2971   -0.9461
...    89 A-T ...
   75.6254 -145.5730   33.7441
   -0.5756   -0.7310   -0.3664
   -0.8112    0.5669    0.1433
    0.1030    0.3797   -0.9194
...    90 T-A ...
   76.3983 -144.8283   30.6304
   -0.9213   -0.3209   -0.2198
   -0.3808    0.8594    0.3413
    0.0794    0.3982   -0.9139
...    91 A-T ...
   76.6108 -143.1943   27.6679
   -0.9600    0.2519    0.1227
    0.2801    0.8737    0.3976
   -0.0070    0.4161   -0.9093
...    92 A-T ...
   76.3570 -141.9765   24.7631
   -0.6279    0.6665    0.4019
    0.7732    0.5931    0.2243
   -0.0889    0.4516   -0.8878
...    93 C-G ...
   75.3594 -140.5960   21.8585
   -0.0762    0.8622    0.5007
    0.9892    0.1284   -0.0705
   -0.1251    0.4900   -0.8627
...    94 G-C ...
   75.2980 -138.6152   19.1963
    0.5408    0.7352    0.4087
    0.8195   -0.3509   -0.4530
   -0.1896    0.5799   -0.7923
...    95 G-C ...
   75.1493 -136.2067   16.8977
    0.9199    0.3615    0.1518
    0.3624   -0.6361   -0.6812
   -0.1497    0.6817   -0.7162
...    96 A-T ...
   74.5955 -133.6635   14.6352
    0.9232   -0.1038   -0.3701
   -0.3287   -0.7124   -0.6200
   -0.1993    0.6940   -0.6918
...    97 A-T ...
   74.0544 -131.2713   12.5113
    0.5143   -0.4756   -0.7137
   -0.8228   -0.5081   -0.2544
   -0.2417    0.7181   -0.6526
...    98 C-G ...
   73.9067 -128.4470   10.3743
   -0.0739   -0.6557   -0.7514
   -0.9604   -0.1561    0.2307
   -0.2685    0.7387   -0.6183
...    99 T-A ...
   73.4892 -125.8282    7.9146
   -0.6291   -0.6473   -0.4305
   -0.7076    0.2475    0.6618
   -0.3218    0.7210   -0.6137
...   100 T-A ...
   72.5688 -123.6203    5.6921
   -0.9260   -0.3741    0.0512
   -0.1851    0.5680    0.8019
   -0.3291    0.7331   -0.5952
...   101 T-A ...
   71.4304 -121.2591    3.7464
   -0.8316   -0.0277    0.5547
    0.3895    0.6828    0.6181
   -0.3959    0.7301   -0.5570
...   102 A-T ...
   70.2030 -118.5411    2.1628
   -0.3672    0.3256    0.8713
    0.8075    0.5765    0.1249
   -0.4616    0.7495   -0.4746
...   103 T-A ...
   68.1175 -116.5309    0.8185
    0.1137    0.5105    0.8524
    0.8637    0.3732   -0.3388
   -0.4910    0.7747   -0.3984
...   104 G-C ...
   66.3611 -113.8859   -0.2007
    0.6651    0.5526    0.5024
    0.5903    0.0230   -0.8068
   -0.4574    0.8332   -0.3109
...   105 C-G ...
   64.8409 -110.9100   -0.7959
    0.8853    0.4604   -0.0660
    0.0705   -0.2731   -0.9594
   -0.4597    0.8447   -0.2742
...   106 T-A ...
   63.8032 -107.5521   -1.4357
    0.7250    0.2366   -0.6468
   -0.5213   -0.4253   -0.7399
   -0.4502    0.8736   -0.1850
...   107 T-A ...
   62.5631 -104.5857   -1.9071
    0.2475   -0.0338   -0.9683
   -0.8512   -0.4849   -0.2006
   -0.4627    0.8739   -0.1487
...   108 C-G ...
   61.1471 -101.4539   -2.3358
   -0.4036   -0.3000   -0.8643
   -0.7834   -0.3747    0.4959
   -0.4726    0.8773   -0.0837
...   109 C-G ...
   59.7194  -98.4461   -2.3780
   -0.7183   -0.5523   -0.4231
   -0.4028   -0.1656    0.9002
   -0.5673    0.8170   -0.1036
...   110 G-C ...
   58.0599  -95.7177   -2.1423
   -0.7428   -0.6514    0.1544
    0.0860    0.1359    0.9870
   -0.6639    0.7464   -0.0449
...   111 G-C ...
   55.7987  -93.2796   -2.3036
   -0.4712   -0.5380    0.6989
    0.5150    0.4754    0.7132
   -0.7160    0.6961    0.0531
...   112 C-G ...
   53.0322  -91.4147   -2.1850
   -0.0322   -0.2154    0.9760
    0.6861    0.7054    0.1783
   -0.7268    0.6753    0.1251
...   113 T-A ...
   50.4707  -89.3613   -1.5930
    0.4277    0.1404    0.8930
    0.5504    0.7432   -0.3805
   -0.7170    0.6542    0.2406
...   114 C-G ...
   48.5405  -86.9169   -0.5610
    0.6996    0.5370    0.4713
    0.0932    0.5854   -0.8054
   -0.7084    0.6074    0.3594
...   115 G-C ...
   46.3749  -84.5037    0.3188
    0.6324    0.7613   -0.1431
   -0.4286    0.1899   -0.8833
   -0.6453    0.6199    0.4464
...   116 T-A ...
   44.8547  -82.1629    2.3107
    0.2830    0.7282   -0.6242
   -0.7277   -0.2609   -0.6343
   -0.6248    0.6338    0.4561
...   117 A-T ...
   42.9166  -79.9606    3.9986
   -0.2875    0.4176   -0.8620
   -0.7386   -0.6697   -0.0781
   -0.6098    0.6142    0.5009
...   118 T-A ...
   41.4156  -77.4660    5.6250
   -0.6754    0.0192   -0.7372
   -0.4501   -0.8026    0.3914
   -0.5842    0.5961    0.5507
...   119 A-T ...
   39.5877  -75.6788    8.1509
   -0.8466   -0.5199   -0.1140
    0.2619   -0.5933    0.7612
   -0.4634    0.6145    0.6384
...   120 A-T ...
   38.0290  -73.5123   10.0436
   -0.5108   -0.7858    0.3489
    0.7284   -0.1800    0.6611
   -0.4567    0.5918    0.6643
...   121 T-A ...
   36.0719  -71.6121   11.9456
   -0.0229   -0.7664    0.6420
    0.8945    0.2711    0.3555
   -0.4465    0.5824    0.6793
...   122 G-C ...
   34.6243  -69.6287   14.5002
    0.6041   -0.4930    0.6261
    0.6957    0.7094   -0.1126
   -0.3886    0.5036    0.7716
...   123 T-A ...
   33.2923  -68.4587   17.2652
    0.8988   -0.0511    0.4355
    0.2537    0.8707   -0.4214
   -0.3576    0.4892    0.7955
...   124 G-C ...
   32.2707  -66.7791   20.0570
    0.8848    0.4654    0.0210
   -0.3776    0.7429   -0.5527
   -0.2728    0.4811    0.8331
...   125 T-A ...
   31.7273  -65.5233   22.9773
    0.5427    0.7774   -0.3179
   -0.8086    0.3812   -0.4482
   -0.2273    0.5003    0.8355
...   126 C-G ...
   31.1400  -63.7926   25.6056
   -0.0690    0.8584   -0.5082
   -0.9775   -0.1599   -0.1374
   -0.1992    0.4873    0.8502
...   127 G-C ...
   29.7981  -62.4010   28.4208
   -0.6504    0.5645   -0.5082
   -0.7356   -0.6348    0.2363
   -0.1892    0.5275    0.8282
...   128 A-T ...
   29.3142  -60.7231   31.1214
   -0.9684    0.0605   -0.2419
   -0.1746   -0.8572    0.4844
   -0.1781    0.5114    0.8407
...   129 C-G ...
   28.7680  -58.4184   33.4627
   -0.8956   -0.4427    0.0449
    0.3968   -0.7489    0.5307
   -0.2013    0.4931    0.8464
...   130 C-G ...
   27.7970  -56.6481   36.2116
   -0.4889   -0.8314    0.2643
    0.8332   -0.3553    0.4237
   -0.2583    0.4273    0.8664
...   131 A-T ...
   27.9859  -55.1985   39.3970
    0.1696   -0.8914    0.4202
    0.9566    0.2515    0.1474
   -0.2371    0.3770    0.8954
...   132 A-T ...
   27.1871  -54.0607   42.3747
    0.7164   -0.5702    0.4020
    0.6602    0.7404   -0.1265
   -0.2255    0.3561    0.9068
...   133 A-T ...
   26.2785  -53.2045   45.4217
    0.9631    0.0021    0.2693
    0.0950    0.9329   -0.3472
   -0.2519    0.3600    0.8983
...   134 T-A ...
   25.6308  -52.5796   48.6349
    0.8597    0.5096    0.0340
   -0.4497    0.7867   -0.4230
   -0.2423    0.3484    0.9055
...   135 G-C ...
   25.2858  -52.4980   52.0750
    0.3205    0.9427   -0.0927
   -0.8825    0.2616   -0.3908
   -0.3442    0.2071    0.9158
...   136 T-A ...
   25.5356  -52.9667   55.8002
   -0.2443    0.9563   -0.1608
   -0.8908   -0.2868   -0.3525
   -0.3832    0.0571    0.9219
...   137 G-C ...
   24.9037  -52.7259   58.9821
   -0.7529    0.5562   -0.3519
   -0.5214   -0.8303   -0.1968
   -0.4017    0.0354    0.9151
...   138 A-T ...
   24.0249  -51.6260   61.9210
   -0.9563    0.0400   -0.2896
   -0.0523   -0.9980    0.0347
   -0.2877    0.0483    0.9565
...   139 G-C ...
   22.3574  -51.2299   64.4909
   -0.8529   -0.5117   -0.1032
    0.4973   -0.8566    0.1372
   -0.1586    0.0657    0.9852
...   140 C-G ...
   22.1608  -50.1385   67.4618
   -0.4681   -0.8749    0.1247
    0.8495   -0.4066    0.3363
   -0.2435    0.2633    0.9335
...   141 G-C ...
   21.4366  -51.8163   72.7856
    0.1304   -0.7141   -0.6877
    0.8897   -0.2218    0.3990
   -0.4375   -0.6639    0.6065
...   142 C-G ...
   20.4354  -54.2994   74.5395
    0.5847   -0.7390   -0.3347
    0.7593    0.3532    0.5466
   -0.2857   -0.5737    0.7676
...   143 T-A ...
   18.4377  -55.5189   76.5272
    0.8548   -0.5006    0.1370
    0.3188    0.7147    0.6225
   -0.4096   -0.4884    0.7705
...   144 C-G ...
   16.8485  -57.7126   78.2648
    0.8529   -0.0846    0.5152
   -0.1509    0.9047    0.3983
   -0.4998   -0.4175    0.7589
...   145 A-T ...
   15.7933  -59.5517   80.7963
    0.5515    0.4995    0.6681
   -0.6739    0.7388    0.0040
   -0.4915   -0.4525    0.7441
...   146 C-G ...
   15.7410  -61.4838   83.9295
    0.0342    0.7400    0.6718
   -0.8637    0.3601   -0.3527
   -0.5029   -0.5681    0.6514
...   147 A-T ...
   14.7481  -63.4170   86.8165
   -0.5923    0.6746    0.4405
   -0.6886   -0.1400   -0.7115
   -0.4183   -0.7247    0.5475
