  147 base-pairs
...     1 T-A ...
    0.0000    0.0000    0.0000
    1.0000    0.0000    0.0000
    0.0000    1.0000    0.0000
    0.0000    0.0000    1.0000
...     2 G-C ...
   -0.5555   -1.1003    3.3981
    0.7749    0.6051    0.1828
   -0.5991    0.7953   -0.0929
   -0.2016   -0.0375    0.9787
...     3 T-A ...
   -0.6619   -3.0237    6.5348
    0.3046    0.9250    0.2271
   -0.8994    0.3578   -0.2510
   -0.3134   -0.1278    0.9410
...     4 G-C ...
   -1.1607   -3.8418    9.6940
   -0.3351    0.9421    0.0133
   -0.8752   -0.3061   -0.3746
   -0.3489   -0.1372    0.9271
...     5 A-T ...
   -1.3881   -3.6770   12.8999
   -0.7835    0.6162   -0.0801
   -0.5677   -0.7622   -0.3109
   -0.2527   -0.1981    0.9470
...     6 G-C ...
   -2.6236   -3.5448   15.7072
   -0.9923    0.0611   -0.1075
   -0.0294   -0.9610   -0.2748
   -0.1201   -0.2695    0.9555
...     7 C-G ...
   -2.3138   -3.7570   18.8866
   -0.8620   -0.4995   -0.0864
    0.5008   -0.8655    0.0073
   -0.0785   -0.0370    0.9962
...     8 G-C ...
   -3.9561   -6.8109   23.3205
   -0.2581   -0.3560   -0.8981
    0.6294   -0.7673    0.1233
   -0.7330   -0.5335    0.4221
...     9 C-G ...
   -6.1177   -8.9414   24.2385
    0.1143   -0.7320   -0.6716
    0.8123   -0.3203    0.4874
   -0.5720   -0.6013    0.5580
...    10 T-A ...
   -8.5041   -9.6771   26.0540
    0.4660   -0.8587   -0.2131
    0.6274    0.1508    0.7640
   -0.6239   -0.4897    0.6090
...    11 C-G ...
  -11.0625  -11.3174   27.2336
    0.6660   -0.6911    0.2808
    0.3382    0.6152    0.7121
   -0.6649   -0.3794    0.6435
...    12 A-T ...
  -13.0013  -13.1789   29.0658
    0.7188   -0.1490    0.6790
   -0.1787    0.9043    0.3876
   -0.6718   -0.4000    0.6235
...    13 C-G ...
  -14.1788  -15.9359   31.3399
    0.4052    0.2865    0.8682
   -0.5270    0.8492   -0.0343
   -0.7470   -0.4437    0.4951
...    14 A-T ...
  -15.9532  -18.1566   33.3080
   -0.1503    0.6873    0.7107
   -0.6106    0.5008   -0.6135
   -0.7776   -0.5261    0.3444
...    15 A-T ...
  -18.3019  -20.0068   34.6398
   -0.5280    0.8212    0.2165
   -0.3847   -0.0040   -0.9230
   -0.7571   -0.5706    0.3181
...    16 T-A ...
  -20.5699  -21.7608   36.3285
   -0.6712    0.6795   -0.2962
   -0.0368   -0.4297   -0.9022
   -0.7403   -0.5947    0.3135
...    17 T-A ...
  -22.9478  -23.6042   37.5934
   -0.5774    0.2751   -0.7687
    0.3885   -0.7355   -0.5551
   -0.7181   -0.6191    0.3178
...    18 T-A ...
  -25.3618  -25.4592   38.7427
   -0.2337   -0.2103   -0.9493
    0.6669   -0.7452    0.0010
   -0.7076   -0.6328    0.3144
...    19 A-T ...
  -27.5353  -27.7981   39.8435
    0.2830   -0.5839   -0.7609
    0.6611   -0.4560    0.5958
   -0.6949   -0.6716    0.2570
...    20 T-A ...
  -30.1214  -29.7980   40.1354
    0.5995   -0.7200   -0.3496
    0.4161   -0.0927    0.9046
   -0.6837   -0.6878    0.2440
...    21 T-A ...
  -32.3441  -32.0893   40.7145
    0.7433   -0.6244    0.2402
   -0.0227    0.3353    0.9418
   -0.6686   -0.7055    0.2350
...    22 C-G ...
  -34.3751  -34.5672   41.4939
    0.5949   -0.2736    0.7558
   -0.4910    0.6208    0.6112
   -0.6364   -0.7347    0.2350
...    23 G-C ...
  -36.6010  -36.8354   42.7137
    0.2354    0.1982    0.9515
   -0.7863    0.6142    0.0666
   -0.5712   -0.7639    0.3004
...    24 C-G ...
  -38.1441  -39.5761   43.9176
   -0.2475    0.5274    0.8128
   -0.7901    0.3757   -0.4844
   -0.5608   -0.7621    0.3237
...    25 A-T ...
  -40.2470  -42.0470   44.7775
   -0.6511    0.6832    0.3306
   -0.4799   -0.0332   -0.8767
   -0.5880   -0.7294    0.3495
...    26 A-T ...
  -42.0399  -44.4086   46.1512
   -0.8275    0.5022   -0.2510
    0.0206   -0.4196   -0.9075
   -0.5610   -0.7561    0.3369
...    27 A-T ...
  -43.8842  -46.7631   47.4486
   -0.6582    0.1444   -0.7389
    0.5207   -0.6216   -0.5852
   -0.5438   -0.7699    0.3340
...    28 G-C ...
  -45.8898  -49.1642   48.6158
   -0.2173   -0.1659   -0.9619
    0.8009   -0.5937   -0.0785
   -0.5580   -0.7874    0.2619
...    29 G-C ...
  -47.9691  -51.7239   49.3716
    0.3287   -0.3897   -0.8603
    0.7748   -0.4096    0.4816
   -0.5401   -0.8248    0.1673
...    30 C-G ...
  -49.9873  -54.3701   49.5130
    0.7376   -0.5037   -0.4497
    0.4454   -0.1377    0.8847
   -0.5076   -0.8528    0.1228
...    31 C-G ...
  -51.5116  -57.3909   49.5943
    0.9009   -0.4168    0.1209
   -0.0733    0.1285    0.9890
   -0.4278   -0.8999    0.0852
...    32 G-C ...
  -52.7714  -60.4706   50.3468
    0.7207   -0.1781    0.6700
   -0.6139    0.2849    0.7361
   -0.3220   -0.9418    0.0960
...    33 G-C ...
  -53.4728  -63.7812   50.7365
    0.2544    0.0728    0.9643
   -0.9290    0.2956    0.2228
   -0.2688   -0.9525    0.1428
...    34 C-G ...
  -53.9539  -67.0610   51.3515
   -0.3221    0.2467    0.9140
   -0.9105    0.1838   -0.3704
   -0.2594   -0.9515    0.1654
...    35 C-G ...
  -54.6782  -70.2952   52.1634
   -0.7759    0.3550    0.5215
   -0.5600   -0.0068   -0.8285
   -0.2906   -0.9348    0.2041
...    36 C-G ...
  -55.5866  -73.4453   53.1097
   -0.9363    0.3454   -0.0635
   -0.0114   -0.2106   -0.9775
   -0.3510   -0.9145    0.2011
...    37 G-C ...
  -56.6168  -76.6851   53.3813
   -0.7220    0.2517   -0.6445
    0.5456   -0.3656   -0.7541
   -0.4254   -0.8961    0.1266
...    38 A-T ...
  -58.0254  -79.6268   53.8650
   -0.2219    0.0208   -0.9748
    0.8745   -0.4380   -0.2084
   -0.4313   -0.8987    0.0790
...    39 C-G ...
  -59.9892  -82.2840   54.0579
    0.3079   -0.1759   -0.9350
    0.8505   -0.3896    0.3533
   -0.4264   -0.9040    0.0297
...    40 A-T ...
  -61.1763  -85.4407   54.1619
    0.7956   -0.2629   -0.5457
    0.4892   -0.2523    0.8348
   -0.3572   -0.9312   -0.0721
...    41 C-G ...
  -62.4194  -88.3881   53.2713
    0.9461   -0.3240   -0.0013
   -0.0315   -0.0960    0.9949
   -0.3224   -0.9412   -0.1010
...    42 G-C ...
  -63.2723  -91.6922   53.3771
    0.7696   -0.2366    0.5931
   -0.6021    0.0406    0.7974
   -0.2127   -0.9708   -0.1112
...    43 A-T ...
  -63.8118  -94.9558   53.0321
    0.2298   -0.1599    0.9600
   -0.9546    0.1550    0.2543
   -0.1895   -0.9749   -0.1170
...    44 C-G ...
  -63.7865  -98.3186   52.7054
   -0.3405   -0.0515    0.9388
   -0.9231    0.2080   -0.3234
   -0.1786   -0.9768   -0.1183
...    45 T-A ...
  -64.1805 -101.6598   52.5574
   -0.8004    0.0955    0.5918
   -0.5682    0.1938   -0.7997
   -0.1910   -0.9764   -0.1008
...    46 T-A ...
  -64.6240 -104.8982   52.4324
   -0.9874    0.1576   -0.0166
    0.0362    0.1223   -0.9918
   -0.1543   -0.9799   -0.1265
...    47 A-T ...
  -64.8401 -108.2043   51.5723
   -0.7143    0.1992   -0.6709
    0.6866    0.0141   -0.7269
   -0.1353   -0.9799   -0.1468
...    48 C-G ...
  -65.7977 -111.3856   51.4255
   -0.2161    0.2156   -0.9523
    0.9658   -0.0963   -0.2409
   -0.1436   -0.9717   -0.1874
...    49 T-A ...
  -66.5510 -114.5453   50.6701
    0.3670    0.2096   -0.9063
    0.9206   -0.2212    0.3217
   -0.1331   -0.9524   -0.2742
...    50 G-C ...
  -66.6474 -117.7704   49.6668
    0.8520    0.1517   -0.5011
    0.5207   -0.3462    0.7804
   -0.0550   -0.9258   -0.3739
...    51 T-A ...
  -66.8570 -120.5319   47.8475
    0.9995   -0.0246    0.0217
   -0.0297   -0.3951    0.9182
   -0.0140   -0.9183   -0.3956
...    52 A-T ...
  -66.9771 -123.8327   46.9442
    0.7303   -0.2868    0.6200
   -0.6832   -0.3062    0.6630
   -0.0003   -0.9077   -0.4195
...    53 G-C ...
  -66.6403 -126.8326   45.4678
    0.2144   -0.3865    0.8970
   -0.9761   -0.1178    0.1826
    0.0351   -0.9147   -0.4025
...    54 G-C ...
  -66.2563 -130.0065   44.2711
   -0.3966   -0.3510    0.8483
   -0.9169    0.1066   -0.3845
    0.0445   -0.9303   -0.3641
...    55 T-A ...
  -65.6151 -133.2312   43.4472
   -0.8415   -0.2374    0.4853
   -0.5384    0.2949   -0.7894
    0.0443   -0.9255   -0.3760
...    56 A-T ...
  -65.3915 -136.0742   41.4663
   -0.9740   -0.0264   -0.2251
    0.1928    0.4254   -0.8842
    0.1191   -0.9046   -0.4092
...    57 T-A ...
  -65.2634 -139.2884   40.6743
   -0.7231    0.2011   -0.6608
    0.6780    0.3896   -0.6233
    0.1321   -0.8988   -0.4180
...    58 C-G ...
  -64.8266 -142.2926   39.3476
   -0.1608    0.4445   -0.8812
    0.9778    0.1936   -0.0807
    0.1347   -0.8746   -0.4657
...    59 A-T ...
  -64.1172 -145.1911   37.7486
    0.4316    0.5820   -0.6892
    0.8862   -0.1310    0.4443
    0.1683   -0.8026   -0.5723
...    60 T-A ...
  -64.0317 -147.5591   35.4832
    0.8246    0.4520   -0.3403
    0.5343   -0.4241    0.7312
    0.1862   -0.7848   -0.5911
...    61 G-C ...
  -63.0127 -150.2238   33.6635
    0.9555    0.1851    0.2297
   -0.0526   -0.6594    0.7500
    0.2903   -0.7287   -0.6203
...    62 T-A ...
  -61.7182 -152.1580   31.2749
    0.7600   -0.1955    0.6198
   -0.5639   -0.6725    0.4794
    0.3230   -0.7138   -0.6214
...    63 T-A ...
  -60.4565 -154.3074   29.1594
    0.2749   -0.5976    0.7532
   -0.9074   -0.4203   -0.0023
    0.3180   -0.6828   -0.6578
...    64 A-T ...
  -60.1959 -156.6642   26.5469
   -0.4152   -0.8017    0.4299
   -0.8419    0.1597   -0.5154
    0.3446   -0.5760   -0.7413
...    65 T-A ...
  -58.5384 -158.7570   24.5312
   -0.7876   -0.6143    0.0493
   -0.4906    0.5766   -0.6534
    0.3729   -0.5388   -0.7554
...    66 A-T ...
  -57.1543 -159.8360   21.5063
   -0.8660   -0.0732   -0.4946
    0.1813    0.8759   -0.4471
    0.4660   -0.4769   -0.7453
...    67 A-T ...
  -55.6600 -161.5734   19.1832
   -0.5743    0.4652   -0.6737
    0.6526    0.7569   -0.0337
    0.4942   -0.4590   -0.7383
...    68 C-G ...
  -54.4986 -163.4556   16.7036
   -0.1429    0.8259   -0.5454
    0.8576    0.3784    0.3484
    0.4941   -0.4179   -0.7624
...    69 G-C ...
  -52.4662 -164.7283   14.2654
    0.2994    0.9469   -0.1174
    0.7907   -0.1774    0.5860
    0.5340   -0.2682   -0.8018
...    70 G-C ...
  -50.7301 -165.3053   11.4263
    0.6273    0.7059    0.3291
    0.5055   -0.6904    0.5174
    0.5924   -0.1582   -0.7899
...    71 A-T ...
  -48.6390 -165.6463    8.8942
    0.7747    0.1434    0.6158
    0.0439   -0.9838    0.1738
    0.6308   -0.1076   -0.7685
...    72 T-A ...
  -46.4502 -165.3135    6.4475
    0.6812   -0.3977    0.6146
   -0.3593   -0.9131   -0.1926
    0.6378   -0.0896   -0.7650
...    73 C-G ...
  -44.1444 -165.6491    4.0789
    0.3146   -0.8808    0.3538
   -0.6814   -0.4691   -0.5619
    0.6609   -0.0643   -0.7478
...    74 T-A ...
  -41.6541 -165.9058    1.8185
   -0.1353   -0.9902   -0.0340
   -0.7179    0.1217   -0.6854
    0.6828   -0.0683   -0.7274
...    75 C-G ...
  -39.2912 -166.1476   -0.5354
   -0.5413   -0.6899   -0.4806
   -0.4785    0.7228   -0.4986
    0.6914   -0.0399   -0.7214
...    76 G-C ...
  -37.0168 -165.7053   -3.0516
   -0.7597   -0.1059   -0.6416
   -0.0728    0.9943   -0.0779
    0.6462   -0.0125   -0.7631
...    77 A-T ...
  -34.7350 -165.8043   -5.4551
   -0.6602    0.5315   -0.5307
    0.3902    0.8465    0.3623
    0.6418    0.0321   -0.7662
...    78 G-C ...
  -32.7381 -165.8158   -8.1263
   -0.3896    0.9056   -0.1676
    0.6781    0.4052    0.6132
    0.6232    0.1252   -0.7720
...    79 C-G ...
  -31.0267 -165.4538  -10.9546
    0.0072    0.9638    0.2664
    0.7805   -0.1720    0.6010
    0.6251    0.2036   -0.7535
...    80 T-A ...
  -29.1429 -164.4722  -13.5052
    0.3670    0.6843    0.6301
    0.6756   -0.6617    0.3251
    0.6394    0.3064   -0.7052
...    81 C-G ...
  -26.9594 -163.2805  -15.6481
    0.6628    0.1274    0.7378
    0.3485   -0.9247   -0.1534
    0.6627    0.3588   -0.6573
...    82 G-C ...
  -24.2919 -162.4021  -17.6109
    0.6774   -0.4751    0.5617
   -0.0325   -0.7821   -0.6223
    0.7349    0.4033   -0.5452
...    83 G-C ...
  -21.4758 -161.0899  -19.0418
    0.4998   -0.8580    0.1180
   -0.3702   -0.3348   -0.8665
    0.7830    0.3894   -0.4850
...    84 G-C ...
  -18.5844 -159.9370  -20.4638
    0.1663   -0.8995   -0.4040
   -0.5651    0.2488   -0.7866
    0.8081    0.3591   -0.4669
...    85 A-T ...
  -15.8187 -158.7285  -21.9075
   -0.2089   -0.5254   -0.8248
   -0.5513    0.7599   -0.3444
    0.8077    0.3828   -0.4484
...    86 T-A ...
  -12.8256 -158.0413  -23.2228
   -0.4446   -0.0149   -0.8956
   -0.3688    0.9142    0.1679
    0.8163    0.4050   -0.4119
...    87 C-G ...
  -10.0117 -156.7549  -24.4798
   -0.5932    0.5557   -0.5825
   -0.0339    0.7057    0.7077
    0.8043    0.4396   -0.3998
...    88 C-G ...
   -7.2343 -155.4501  -25.9603
   -0.5846    0.8108   -0.0284
    0.3010    0.2493    0.9205
    0.7534    0.5296   -0.3898
...    89 G-C ...
   -4.5020 -153.6044  -26.8818
   -0.4143    0.7108    0.5684
    0.5888   -0.2669    0.7629
    0.6940    0.6508   -0.3079
...    90 C-G ...
   -2.5733 -151.1695  -28.0722
   -0.0624    0.3859    0.9204
    0.7337   -0.6075    0.3044
    0.6767    0.6943   -0.2452
...    91 T-A ...
   -0.5372 -148.6016  -28.6639
    0.2963   -0.0809    0.9517
    0.6821   -0.6796   -0.2701
    0.6686    0.7291   -0.1462
...    92 T-A ...
    1.5361 -146.1147  -28.9467
    0.6402   -0.4746    0.6040
    0.3893   -0.4774   -0.7877
    0.6623    0.7395   -0.1209
...    93 T-A ...
    3.6444 -143.6248  -29.0640
    0.7688   -0.6395    0.0004
   -0.0659   -0.0799   -0.9946
    0.6361    0.7647   -0.1036
...    94 A-T ...
    5.4427 -140.7983  -30.1039
    0.5688   -0.4058   -0.7154
   -0.6071    0.3796   -0.6981
    0.5548    0.8314   -0.0305
...    95 A-T ...
    7.4479 -138.2016  -29.9545
    0.1186   -0.0180   -0.9928
   -0.8441    0.5247   -0.1104
    0.5229    0.8511    0.0470
...    96 C-G ...
    9.7194 -135.6945  -29.8216
   -0.3694    0.2868   -0.8839
   -0.7749    0.4299    0.4633
    0.5129    0.8561    0.0635
...    97 A-T ...
   11.2211 -132.7483  -29.1752
   -0.8012    0.4317   -0.4144
   -0.3949    0.1389    0.9082
    0.4496    0.8913    0.0592
...    98 C-G ...
   12.8230 -129.8634  -29.5428
   -0.9049    0.3999    0.1458
    0.1001   -0.1330    0.9860
    0.4137    0.9069    0.0804
...    99 T-A ...
   13.9946 -126.7522  -29.4461
   -0.7388    0.1705    0.6520
    0.5828   -0.3241    0.7452
    0.3384    0.9305    0.1401
...   100 T-A ...
   14.9232 -123.6884  -29.0001
   -0.2845   -0.1025    0.9532
    0.9068   -0.3515    0.2328
    0.3112    0.9305    0.1930
...   101 T-A ...
   15.7426 -120.6469  -28.2587
    0.2815   -0.3275    0.9020
    0.9115   -0.2025   -0.3580
    0.2999    0.9229    0.2415
...   102 A-T ...
   17.0323 -117.6429  -27.3866
    0.7791   -0.4234    0.4624
    0.5469    0.0985   -0.8314
    0.3064    0.9006    0.3082
...   103 T-A ...
   17.8138 -114.8848  -25.7215
    0.9556   -0.2917   -0.0404
    0.0578    0.3202   -0.9456
    0.2888    0.9013    0.3229
...   104 G-C ...
   18.8886 -111.7895  -24.9924
    0.7792   -0.0525   -0.6245
   -0.5328    0.4693   -0.7042
    0.3301    0.8815    0.3377
...   105 C-G ...
   20.2942 -109.0120  -23.6696
    0.3257    0.2274   -0.9177
   -0.8848    0.4155   -0.2110
    0.3333    0.8807    0.3366
...   106 T-A ...
   21.6841 -106.1530  -22.5634
   -0.2398    0.4072   -0.8813
   -0.9165    0.2045    0.3439
    0.3202    0.8902    0.3241
...   107 T-A ...
   22.9673 -103.3287  -21.5428
   -0.7355    0.4702   -0.4878
   -0.5976   -0.1110    0.7940
    0.3193    0.8755    0.3626
...   108 C-G ...
   24.1112 -100.4635  -20.3365
   -0.9611    0.2630    0.0843
   -0.0271   -0.3937    0.9188
    0.2748    0.8808    0.3855
...   109 C-G ...
   24.9472  -97.3800  -19.2243
   -0.8361   -0.1057    0.5383
    0.5197   -0.4670    0.7154
    0.1757    0.8779    0.4454
...   110 G-C ...
   25.6328  -94.6225  -17.3517
   -0.4080   -0.4859    0.7729
    0.9099   -0.2863    0.3003
    0.0754    0.8258    0.5589
...   111 G-C ...
   25.5100  -91.9995  -15.2151
    0.1658   -0.6474    0.7439
    0.9853    0.0774   -0.1522
    0.0410    0.7582    0.6507
...   112 C-G ...
   25.3031  -89.7943  -12.7091
    0.6912   -0.5243    0.4974
    0.7216    0.4626   -0.5151
    0.0400    0.7149    0.6981
...   113 T-A ...
   25.4129  -87.7165  -10.0835
    0.9746   -0.2033    0.0943
    0.2134    0.7142   -0.6666
    0.0682    0.6698    0.7394
...   114 C-G ...
   25.7819  -85.5964   -7.5514
    0.8970    0.2894   -0.3340
   -0.4363    0.7003   -0.5650
    0.0704    0.6526    0.7545
...   115 G-C ...
   25.7839  -83.0832   -5.2497
    0.4477    0.6247   -0.6398
   -0.8873    0.3993   -0.2310
    0.1112    0.6711    0.7330
...   116 T-A ...
   26.7606  -81.0173   -2.7572
   -0.1222    0.7411   -0.6602
   -0.9876   -0.0250    0.1547
    0.0981    0.6709    0.7350
...   117 A-T ...
   26.5663  -79.0919    0.1094
   -0.7598    0.5505   -0.3459
   -0.6421   -0.5519    0.5321
    0.1020    0.6264    0.7728
...   118 T-A ...
   27.1873  -76.6311    2.2238
   -0.9846    0.1742   -0.0162
   -0.1459   -0.7664    0.6256
    0.0966    0.6183    0.7800
...   119 A-T ...
   27.5519  -74.8562    5.0989
   -0.8528   -0.3923    0.3446
    0.5201   -0.6972    0.4933
    0.0467    0.6000    0.7987
...   120 A-T ...
   27.5219  -72.8516    7.6511
   -0.3820   -0.7434    0.5490
    0.9237   -0.3253    0.2023
    0.0282    0.5844    0.8110
...   121 T-A ...
   26.9380  -70.9352   10.2627
    0.1575   -0.8116    0.5625
    0.9873    0.1181   -0.1060
    0.0196    0.5721    0.8199
...   122 G-C ...
   27.3668  -69.1652   13.1069
    0.7205   -0.6175    0.3155
    0.6923    0.6144   -0.3785
    0.0399    0.4911    0.8702
...   123 T-A ...
   27.2862  -68.0997   16.2888
    0.9830   -0.1790    0.0418
    0.1772    0.8615   -0.4758
    0.0492    0.4751    0.8786
...   124 G-C ...
   27.5863  -66.2156   19.0649
    0.8787    0.3705   -0.3009
   -0.4658    0.8032   -0.3713
    0.1042    0.4665    0.8784
...   125 T-A ...
   28.3820  -65.0968   22.1512
    0.4685    0.7544   -0.4597
   -0.8775    0.4577   -0.1432
    0.1024    0.4705    0.8765
...   126 C-G ...
   28.7852  -63.5893   25.0926
   -0.1829    0.8709   -0.4562
   -0.9791   -0.1192    0.1650
    0.0893    0.4768    0.8745
...   127 G-C ...
   28.6694  -62.1843   28.2085
   -0.7351    0.5789   -0.3530
   -0.6779   -0.6172    0.3994
    0.0134    0.5329    0.8461
...   128 A-T ...
   28.7693  -60.4144   30.9970
   -0.9961    0.0568   -0.0679
   -0.0842   -0.8455    0.5273
   -0.0275    0.5310    0.8470
...   129 C-G ...
   28.5295  -58.1755   33.4356
   -0.8778   -0.4373    0.1958
    0.4741   -0.7337    0.4868
   -0.0692    0.5201    0.8513
...   130 C-G ...
   27.9626  -56.4085   36.2667
   -0.4416   -0.8235    0.3562
    0.8856   -0.3363    0.3204
   -0.1440    0.4569    0.8778
...   131 A-T ...
   27.6942  -55.0649   39.3530
    0.1929   -0.8998    0.3913
    0.9662    0.2437    0.0842
   -0.1711    0.3619    0.9164
...   132 A-T ...
   26.9479  -54.0486   42.3582
    0.7313   -0.5698    0.3748
    0.6560    0.7381   -0.1576
   -0.1868    0.3611    0.9136
...   133 A-T ...
   26.2364  -53.1139   45.4064
    0.9725    0.0028    0.2329
    0.0812    0.9332   -0.3501
   -0.2183    0.3593    0.9073
...   134 T-A ...
   25.6308  -52.5795   48.6349
    0.8597    0.5096    0.0340
   -0.4497    0.7867   -0.4230
   -0.2423    0.3484    0.9055
...   135 G-C ...
   25.2859  -52.4979   52.0750
    0.3205    0.9427   -0.0927
   -0.8825    0.2616   -0.3908
   -0.3442    0.2071    0.9158
...   136 T-A ...
   25.5356  -52.9667   55.8002
   -0.2443    0.9563   -0.1608
   -0.8908   -0.2868   -0.3525
   -0.3832    0.0571    0.9219
...   137 G-C ...
   24.9037  -52.7258   58.9821
   -0.7529    0.5562   -0.3519
   -0.5214   -0.8303   -0.1968
   -0.4017    0.0354    0.9151
...   138 A-T ...
   24.0249  -51.6260   61.9211
   -0.9563    0.0400   -0.2896
   -0.0523   -0.9980    0.0347
   -0.2877    0.0483    0.9565
...   139 G-C ...
   22.3574  -51.2298   64.4909
   -0.8529   -0.5117   -0.1032
    0.4973   -0.8566    0.1372
   -0.1586    0.0657    0.9852
...   140 C-G ...
   22.1608  -50.1385   67.4618
   -0.4681   -0.8749    0.1247
    0.8495   -0.4066    0.3363
   -0.2435    0.2633    0.9335
...   141 G-C ...
   21.4366  -51.8163   72.7856
    0.1304   -0.7141   -0.6877
    0.8897   -0.2218    0.3990
   -0.4375   -0.6639    0.6065
...   142 C-G ...
   20.4355  -54.2993   74.5395
    0.5847   -0.7390   -0.3347
    0.7593    0.3532    0.5466
   -0.2857   -0.5737    0.7676
...   143 T-A ...
   18.4378  -55.5189   76.5273
    0.8548   -0.5006    0.1370
    0.3188    0.7147    0.6225
   -0.4096   -0.4884    0.7705
...   144 C-G ...
   16.8485  -57.7125   78.2648
    0.8529   -0.0846    0.5152
   -0.1509    0.9047    0.3983
   -0.4998   -0.4175    0.7589
...   145 A-T ...
   15.7933  -59.5517   80.7963
    0.5515    0.4995    0.6681
   -0.6739    0.7388    0.0040
   -0.4915   -0.4525    0.7441
...   146 C-G ...
   15.7411  -61.4838   83.9296
    0.0342    0.7400    0.6718
   -0.8637    0.3601   -0.3527
   -0.5029   -0.5681    0.6514
...   147 A-T ...
   14.7481  -63.4169   86.8165
   -0.5923    0.6746    0.4405
   -0.6886   -0.1400   -0.7115
   -0.4183   -0.7247    0.5475
