  147 base-pairs
...     1 T-A ...
    0.0000    0.0000    0.0000
    1.0000    0.0000    0.0000
    0.0000    1.0000    0.0000
    0.0000    0.0000    1.0000
...     2 G-C ...
   -0.5555   -1.1003    3.3981
    0.7749    0.6051    0.1828
   -0.5991    0.7953   -0.0929
   -0.2016   -0.0375    0.9787
...     3 T-A ...
   -0.6619   -3.0237    6.5348
    0.3046    0.9250    0.2271
   -0.8994    0.3578   -0.2510
   -0.3134   -0.1278    0.9410
...     4 G-C ...
   -1.1607   -3.8418    9.6940
   -0.3351    0.9421    0.0133
   -0.8752   -0.3061   -0.3746
   -0.3489   -0.1372    0.9271
...     5 A-T ...
   -1.3881   -3.6770   12.8999
   -0.7835    0.6162   -0.0801
   -0.5677   -0.7622   -0.3109
   -0.2527   -0.1981    0.9470
...     6 G-C ...
   -2.6236   -3.5448   15.7072
   -0.9923    0.0611   -0.1075
   -0.0294   -0.9610   -0.2748
   -0.1201   -0.2695    0.9555
...     7 C-G ...
   -2.3138   -3.7570   18.8866
   -0.8620   -0.4995   -0.0864
    0.5008   -0.8655    0.0073
   -0.0785   -0.0370    0.9962
...     8 G-C ...
   -3.9561   -6.8109   23.3205
   -0.2581   -0.3560   -0.8981
    0.6294   -0.7673    0.1233
   -0.7330   -0.5335    0.4221
...     9 C-G ...
   -6.1177   -8.9414   24.2385
    0.1143   -0.7320   -0.6716
    0.8123   -0.3203    0.4874
   -0.5720   -0.6013    0.5580
...    10 T-A ...
   -8.5041   -9.6771   26.0540
    0.4660   -0.8587   -0.2131
    0.6274    0.1508    0.7640
   -0.6239   -0.4897    0.6090
...    11 C-G ...
  -11.0625  -11.3174   27.2336
    0.6660   -0.6911    0.2808
    0.3382    0.6152    0.7121
   -0.6649   -0.3794    0.6435
...    12 A-T ...
  -13.0013  -13.1789   29.0658
    0.7188   -0.1490    0.6790
   -0.1787    0.9043    0.3876
   -0.6718   -0.4000    0.6235
...    13 C-G ...
  -14.1788  -15.9359   31.3399
    0.4052    0.2865    0.8682
   -0.5270    0.8492   -0.0343
   -0.7470   -0.4437    0.4951
...    14 A-T ...
  -15.9532  -18.1566   33.3080
   -0.1503    0.6873    0.7107
   -0.6106    0.5008   -0.6135
   -0.7776   -0.5261    0.3444
...    15 A-T ...
  -18.3001  -19.9908   34.6606
   -0.5255    0.8219    0.2198
   -0.3924   -0.0049   -0.9198
   -0.7549   -0.5695    0.3252
...    16 T-A ...
  -20.5537  -21.7374   36.3813
   -0.6768    0.6772   -0.2889
   -0.0475   -0.4318   -0.9007
   -0.7347   -0.5958    0.3244
...    17 T-A ...
  -22.9042  -23.5767   37.7111
   -0.5974    0.2638   -0.7573
    0.3839   -0.7351   -0.5589
   -0.7041   -0.6246    0.3379
...    18 T-A ...
  -25.2714  -25.4358   38.9581
   -0.2609   -0.2276   -0.9382
    0.6784   -0.7347   -0.0104
   -0.6869   -0.6391    0.3460
...    19 A-T ...
  -27.3415  -27.7887   40.2181
    0.2612   -0.5991   -0.7569
    0.6941   -0.4283    0.5786
   -0.6708   -0.6765    0.3039
...    20 T-A ...
  -29.8765  -29.8192   40.6827
    0.5972   -0.7175   -0.3585
    0.4597   -0.0602    0.8860
   -0.6573   -0.6940    0.2939
...    21 T-A ...
  -32.0159  -32.1328   41.4376
    0.7726   -0.5980    0.2131
    0.0201    0.3584    0.9333
   -0.6345   -0.7169    0.2890
...    22 C-G ...
  -33.9254  -34.6333   42.3941
    0.6533   -0.2339    0.7200
   -0.4697    0.6207    0.6278
   -0.5938   -0.7483    0.2957
...    23 G-C ...
  -35.9391  -36.9554   43.8473
    0.3055    0.2364    0.9224
   -0.8028    0.5849    0.1160
   -0.5120   -0.7759    0.3685
...    24 C-G ...
  -37.2363  -39.6967   45.2961
   -0.1951    0.5434    0.8165
   -0.8478    0.3252   -0.4190
   -0.4932   -0.7740    0.3972
...    25 A-T ...
  -39.1298  -42.2009   46.4740
   -0.6466    0.6649    0.3739
   -0.5648   -0.0878   -0.8205
   -0.5128   -0.7417    0.4324
...    26 A-T ...
  -40.6487  -44.5823   48.1222
   -0.8767    0.4476   -0.1762
   -0.0526   -0.4534   -0.8897
   -0.4781   -0.7708    0.4211
...    27 A-T ...
  -42.1993  -46.9719   49.7162
   -0.7456    0.0694   -0.6628
    0.4920   -0.6136   -0.6176
   -0.4495   -0.7866    0.4234
...    28 G-C ...
  -43.8815  -49.4362   51.2211
   -0.3170   -0.2289   -0.9204
    0.8276   -0.5408   -0.1505
   -0.4633   -0.8094    0.3609
...    29 G-C ...
  -45.6467  -52.0747   52.3980
    0.2499   -0.4110   -0.8767
    0.8596   -0.3227    0.3962
   -0.4457   -0.8526    0.2727
...    30 C-G ...
  -47.4217  -54.8323   52.9601
    0.7143   -0.4677   -0.5206
    0.5673   -0.0488    0.8221
   -0.4099   -0.8825    0.2304
...    31 C-G ...
  -48.6866  -57.9335   53.4025
    0.9451   -0.3267    0.0100
    0.0531    0.1836    0.9816
   -0.3225   -0.9271    0.1909
...    32 G-C ...
  -49.5137  -61.0586   54.4687
    0.8289   -0.0586    0.5563
   -0.5226    0.2736    0.8075
   -0.1995   -0.9601    0.1962
...    33 G-C ...
  -49.7414  -64.3798   55.1633
    0.3956    0.1721    0.9021
   -0.9094    0.2110    0.3585
   -0.1286   -0.9622    0.2400
...    34 C-G ...
  -49.7046  -67.6168   56.0788
   -0.1930    0.2819    0.9398
   -0.9752    0.0504   -0.2154
   -0.1081   -0.9581    0.2652
...    35 C-G ...
  -49.8935  -70.8095   57.2619
   -0.7147    0.3039    0.6300
   -0.6883   -0.1454   -0.7107
   -0.1244   -0.9416    0.3130
...    36 C-G ...
  -50.2360  -73.9337   58.5887
   -0.9723    0.2162    0.0887
   -0.1528   -0.3008   -0.9414
   -0.1768   -0.9289    0.3255
...    37 G-C ...
  -50.7305  -77.2339   59.2654
   -0.8550    0.0828   -0.5119
    0.4526   -0.3624   -0.8147
   -0.2530   -0.9283    0.2724
...    38 A-T ...
  -51.5431  -80.2755   60.2576
   -0.3935   -0.1179   -0.9117
    0.8823   -0.3269   -0.3386
   -0.2581   -0.9377    0.2327
...    39 C-G ...
  -52.9732  -83.1544   61.0625
    0.1582   -0.2329   -0.9595
    0.9537   -0.2156    0.2095
   -0.2557   -0.9483    0.1881
...    40 A-T ...
  -53.5876  -86.4089   61.6966
    0.7146   -0.1966   -0.6714
    0.6722   -0.0727    0.7368
   -0.1937   -0.9778    0.0802
...    41 C-G ...
  -54.4374  -89.5877   61.3425
    0.9720   -0.1617   -0.1703
    0.1758    0.0197    0.9842
   -0.1558   -0.9866    0.0476
...    42 G-C ...
  -54.6219  -92.9461   61.8845
    0.9029   -0.0177    0.4295
   -0.4288    0.0349    0.9027
   -0.0310   -0.9992    0.0239
...    43 A-T ...
  -54.5267  -96.2610   61.9786
    0.4481    0.0184    0.8938
   -0.8940    0.0073    0.4480
    0.0017   -0.9998    0.0197
...    44 C-G ...
  -53.8436  -99.5609   61.9922
   -0.1198    0.0187    0.9926
   -0.9926   -0.0215   -0.1194
    0.0191   -0.9996    0.0211
...    45 T-A ...
  -53.5127 -102.8947   62.2924
   -0.6598    0.0210    0.7512
   -0.7512   -0.0447   -0.6585
    0.0197   -0.9988    0.0453
...    46 T-A ...
  -53.2093 -106.1376   62.6202
   -0.9778   -0.0576    0.2013
   -0.2002   -0.0242   -0.9795
    0.0613   -0.9980    0.0121
...    47 A-T ...
  -52.7539 -109.5028   62.1146
   -0.8563   -0.0868   -0.5092
    0.5060    0.0573   -0.8606
    0.1039   -0.9946   -0.0052
...    48 C-G ...
  -52.8308 -112.8085   62.5447
   -0.4430   -0.0067   -0.8965
    0.8915    0.1019   -0.4413
    0.0943   -0.9948   -0.0392
...    49 T-A ...
  -52.8109 -116.1403   62.3656
    0.1154    0.1337   -0.9843
    0.9890    0.0767    0.1263
    0.0924   -0.9881   -0.1234
...    50 G-C ...
  -52.2083 -119.4164   61.8224
    0.6576    0.2785   -0.7000
    0.7381   -0.0517    0.6727
    0.1512   -0.9590   -0.2396
...    51 T-A ...
  -51.9410 -122.4098   60.4535
    0.9438    0.2536   -0.2121
    0.2686   -0.2138    0.9392
    0.1928   -0.9434   -0.2698
...    52 A-T ...
  -51.1444 -125.6574   59.8724
    0.8900    0.0914    0.4467
   -0.3875   -0.3646    0.8467
    0.2402   -0.9267   -0.2891
...    53 G-C ...
  -50.0376 -128.6206   58.7671
    0.5094   -0.0930    0.8555
   -0.8096   -0.3889    0.4397
    0.2918   -0.9166   -0.2734
...    54 G-C ...
  -48.7012 -131.6708   58.0293
   -0.0656   -0.2649    0.9620
   -0.9424   -0.3005   -0.1470
    0.3280   -0.9163   -0.2299
...    55 T-A ...
  -47.0455 -134.5857   57.5582
   -0.5776   -0.3961    0.7138
   -0.7458   -0.0994   -0.6587
    0.3318   -0.9128   -0.2380
...    56 A-T ...
  -46.1178 -137.5444   55.9603
   -0.9001   -0.4352    0.0202
   -0.1452    0.2559   -0.9558
    0.4108   -0.8632   -0.2935
...    57 T-A ...
  -44.8002 -140.5779   55.6353
   -0.8326   -0.2455   -0.4965
    0.3484    0.4647   -0.8140
    0.4306   -0.8508   -0.3014
...    58 C-G ...
  -43.3291 -143.4131   54.7283
   -0.4577    0.1274   -0.8799
    0.7792    0.5342   -0.3280
    0.4283   -0.8357   -0.3437
...    59 T-A ...
  -42.1625 -146.2968   53.5146
    0.0149    0.4742   -0.8803
    0.9060    0.3661    0.2125
    0.4231   -0.8007   -0.4242
...    60 C-G ...
  -40.7861 -148.8976   52.0421
    0.5314    0.6509   -0.5421
    0.7189   -0.0079    0.6951
    0.4482   -0.7591   -0.4722
...    61 G-C ...
  -38.8437 -151.3047   50.5997
    0.7813    0.6235    0.0290
    0.3141   -0.4328    0.8450
    0.5394   -0.6511   -0.5339
...    62 A-T ...
  -36.8895 -153.2913   48.8146
    0.7910    0.2480    0.5593
   -0.2069   -0.7519    0.6259
    0.5758   -0.6108   -0.5435
...    63 G-C ...
  -34.7295 -155.0599   46.9532
    0.5132   -0.1984    0.8350
   -0.5922   -0.7861    0.1771
    0.6213   -0.5854   -0.5209
...    64 C-G ...
  -32.2717 -156.7899   45.4047
    0.0707   -0.6151    0.7853
   -0.7606   -0.5426   -0.3565
    0.6454   -0.5721   -0.5062
...    65 T-A ...
  -29.8720 -158.6666   43.9522
   -0.3825   -0.8129    0.4393
   -0.6528   -0.0987   -0.7511
    0.6539   -0.5740   -0.4929
...    66 C-G ...
  -27.6026 -160.5393   42.3682
   -0.7002   -0.7002   -0.1399
   -0.2788    0.4484   -0.8492
    0.6573   -0.5556   -0.5092
...    67 G-C ...
  -25.2928 -161.9924   40.3046
   -0.7804   -0.2430   -0.5762
    0.1763    0.7986   -0.5755
    0.6000   -0.5507   -0.5803
...    68 G-C ...
  -23.2029 -164.0062   38.5191
   -0.5945    0.3090   -0.7424
    0.5764    0.8075   -0.1255
    0.5607   -0.5025   -0.6581
...    69 G-C ...
  -21.4333 -165.8713   36.3121
   -0.2324    0.7652   -0.6003
    0.8077    0.4957    0.3192
    0.5418   -0.4108   -0.7333
...    70 A-T ...
  -19.6886 -167.1631   33.8576
    0.2542    0.9392   -0.2308
    0.7950   -0.0670    0.6029
    0.5507   -0.3368   -0.7637
...    71 T-A ...
  -18.3556 -167.9683   30.9846
    0.6060    0.7829    0.1409
    0.5615   -0.5465    0.6213
    0.5634   -0.2974   -0.7708
...    72 C-G ...
  -16.3443 -168.6998   28.4892
    0.7979    0.3048    0.5200
    0.1117   -0.9226    0.3693
    0.5923   -0.2366   -0.7702
...    73 C-G ...
  -13.9387 -169.1820   26.1276
    0.6851   -0.2714    0.6760
   -0.3188   -0.9461   -0.0568
    0.6550   -0.1766   -0.7347
...    74 G-C ...
  -11.7271 -170.3003   23.7670
    0.3330   -0.7845    0.5232
   -0.6186   -0.6005   -0.5066
    0.7116   -0.1550   -0.6852
...    75 C-G ...
   -9.0447 -170.7527   21.7399
   -0.0874   -0.9885    0.1232
   -0.6893   -0.0292   -0.7239
    0.7192   -0.1482   -0.6788
...    76 T-A ...
   -6.4439 -171.3498   19.6678
   -0.4717   -0.8243   -0.3132
   -0.5205    0.5470   -0.6557
    0.7117   -0.1463   -0.6870
...    77 T-A ...
   -3.9460 -171.9136   17.6272
   -0.6613   -0.3231   -0.6770
   -0.1530    0.9416   -0.2999
    0.7344   -0.0947   -0.6721
...    78 T-A ...
   -1.5029 -172.3916   15.5235
   -0.6220    0.3094   -0.7193
    0.2532    0.9488    0.1891
    0.7410   -0.0645   -0.6684
...    79 A-T ...
    1.1130 -172.3653   13.3701
   -0.3917    0.8410   -0.3733
    0.5893    0.5409    0.6001
    0.7066    0.0151   -0.7075
...    80 A-T ...
    3.2839 -172.2705   10.9735
   -0.0116    0.9959    0.0895
    0.7175   -0.0540    0.6945
    0.6965    0.0723   -0.7139
...    81 C-G ...
    5.0999 -171.7232    8.2768
    0.3400    0.7997    0.4949
    0.6324   -0.5839    0.5090
    0.6960    0.1399   -0.7042
...    82 A-T ...
    7.6946 -171.2255    6.1615
    0.5788    0.2725    0.7686
    0.3568   -0.9321    0.0617
    0.7332    0.2385   -0.6368
...    83 C-G ...
   10.0585 -169.7608    4.2752
    0.6726   -0.2961    0.6782
    0.0023   -0.9156   -0.4021
    0.7400    0.2720   -0.6152
...    84 T-A ...
   12.7049 -168.6453    2.5097
    0.5455   -0.7726    0.3248
   -0.3521   -0.5630   -0.7478
    0.7606    0.2935   -0.5791
...    85 T-A ...
   15.2985 -167.4750    0.8652
    0.2721   -0.9261   -0.2614
   -0.6290    0.0345   -0.7767
    0.7283    0.3758   -0.5731
...    86 T-A ...
   17.8661 -166.1884   -0.7332
   -0.1210   -0.6700   -0.7325
   -0.6873    0.5889   -0.4251
    0.7162    0.4520   -0.5317
...    87 C-G ...
   20.3428 -164.6319   -2.3617
   -0.5302   -0.1450   -0.8354
   -0.4810    0.8628    0.1556
    0.6982    0.4843   -0.5272
...    88 A-T ...
   22.6334 -162.6355   -3.8550
   -0.7747    0.3726   -0.5109
   -0.0659    0.7560    0.6512
    0.6289    0.5381   -0.5611
...    89 T-A ...
   24.5680 -161.2917   -6.1456
   -0.7107    0.6992   -0.0780
    0.3441    0.4422    0.8283
    0.6136    0.5618   -0.5549
...    90 G-C ...
   26.6203 -159.1536   -7.7889
   -0.4558    0.7339    0.5037
    0.7147   -0.0355    0.6985
    0.5305    0.6783   -0.5083
...    91 T-A ...
   27.7779 -156.6895   -9.6366
   -0.0272    0.5502    0.8346
    0.8597   -0.4131    0.3004
    0.5100    0.7257   -0.4617
...    92 T-A ...
   29.2834 -154.1868  -11.0459
    0.4737    0.1792    0.8622
    0.7247   -0.6357   -0.2660
    0.5005    0.7508   -0.4310
...    93 A-T ...
   31.3191 -151.9379  -12.6561
    0.8478   -0.2758    0.4529
    0.2398   -0.5624   -0.7914
    0.4730    0.7795   -0.4106
...    94 T-A ...
   32.8448 -149.0578  -13.3556
    0.8613   -0.5046   -0.0592
   -0.2498   -0.3192   -0.9142
    0.4424    0.8022   -0.4010
...    95 A-T ...
   33.6205 -146.2679  -15.4166
    0.4702   -0.4384   -0.7660
   -0.8202    0.1034   -0.5626
    0.3258    0.8928   -0.3109
...    96 A-T ...
   34.9274 -143.3586  -16.2050
   -0.1112   -0.2068   -0.9720
   -0.9484    0.3143    0.0416
    0.2969    0.9265   -0.2311
...    97 C-G ...
   36.4719 -140.4836  -17.0633
   -0.6233    0.0032   -0.7820
   -0.7310    0.3528    0.5841
    0.2777    0.9357   -0.2176
...    98 G-C ...
   37.2921 -137.1597  -17.2203
   -0.9605    0.1007   -0.2595
   -0.2302    0.2366    0.9439
    0.1564    0.9664   -0.2041
...    99 G-C ...
   37.9066 -133.9390  -18.0606
   -0.9349    0.1009    0.3402
    0.3509    0.1211    0.9285
    0.0524    0.9875   -0.1487
...   100 A-T ...
   38.0190 -130.7010  -18.5269
   -0.5429    0.0706    0.8368
    0.8398    0.0465    0.5409
   -0.0007    0.9964   -0.0845
...   101 T-A ...
   37.3623 -127.5264  -18.9024
   -0.0362    0.0403    0.9985
    0.9992    0.0207    0.0354
   -0.0192    0.9990   -0.0410
...   102 A-T ...
   37.4118 -124.1640  -18.7353
    0.5786   -0.0567    0.8136
    0.8154    0.0595   -0.5758
   -0.0157    0.9966    0.0807
...   103 T-A ...
   36.9550 -121.0055  -17.8931
    0.9199   -0.0160    0.3917
    0.3912    0.1020   -0.9146
   -0.0253    0.9947    0.1001
...   104 G-C ...
   37.1873 -117.6506  -17.7997
    0.9658    0.0153   -0.2587
   -0.2580    0.1503   -0.9544
    0.0243    0.9885    0.1491
...   105 C-G ...
   37.5774 -114.3854  -16.9938
    0.6364    0.1026   -0.7645
   -0.7705    0.1326   -0.6235
    0.0375    0.9858    0.1634
...   106 T-A ...
   37.9986 -111.1036  -16.3387
    0.0804    0.1575   -0.9842
   -0.9960    0.0506   -0.0732
    0.0382    0.9862    0.1609
...   107 T-A ...
   38.4051 -107.9140  -15.7126
   -0.5428    0.2063   -0.8141
   -0.8391   -0.0922    0.5361
    0.0355    0.9741    0.2232
...   108 C-G ...
   38.6461 -104.6969  -14.8960
   -0.9472    0.0774   -0.3112
   -0.3206   -0.2301    0.9188
   -0.0005    0.9701    0.2427
...   109 C-G ...
   38.7207 -101.3622  -14.2672
   -0.9563   -0.1704    0.2377
    0.2746   -0.2431    0.9303
   -0.1007    0.9549    0.2793
...   110 G-C ...
   38.4940  -98.2370  -12.9235
   -0.5997   -0.4266    0.6770
    0.7721   -0.0860    0.6297
   -0.2104    0.9003    0.3810
...   111 G-C ...
   37.4272  -95.3441  -11.5445
   -0.0370   -0.5053    0.8622
    0.9664    0.2016    0.1596
   -0.2545    0.8391    0.4808
...   112 C-G ...
   36.1684  -92.8718   -9.6972
    0.5270   -0.3545    0.7724
    0.8100    0.4846   -0.3302
   -0.2573    0.7997    0.5425
...   113 T-A ...
   35.2434  -90.4843   -7.5501
    0.9027   -0.0711    0.4243
    0.3654    0.6474   -0.6689
   -0.2271    0.7588    0.6104
...   114 C-G ...
   34.6754  -88.0443   -5.3778
    0.9365    0.3413   -0.0804
   -0.2772    0.5800   -0.7660
   -0.2148    0.7397    0.6378
...   115 G-C ...
   33.9164  -85.2517   -3.5697
    0.5874    0.5912   -0.5527
   -0.7950    0.2939   -0.5306
   -0.1513    0.7510    0.6427
...   116 T-A ...
   34.0032  -82.8473   -1.1838
    0.0405    0.6608   -0.7494
   -0.9868   -0.0913   -0.1339
   -0.1569    0.7449    0.6484
...   117 A-T ...
   32.7722  -80.7565    1.3377
   -0.6782    0.4670   -0.5674
   -0.7218   -0.5682    0.3951
   -0.1379    0.6776    0.7224
...   118 T-A ...
   32.7047  -78.1269    3.3590
   -0.9601    0.1003   -0.2612
   -0.2474   -0.7406    0.6247
   -0.1308    0.6644    0.7359
...   119 A-T ...
   32.3859  -76.2801    6.2298
   -0.8804   -0.4275    0.2053
    0.4536   -0.6329    0.6274
   -0.1383    0.6455    0.7511
...   120 A-T ...
   31.7928  -74.1266    8.5891
   -0.4351   -0.7333    0.5225
    0.8884   -0.2552    0.3817
   -0.1465    0.6302    0.7624
...   121 T-A ...
   30.6692  -72.1019   10.9257
    0.0979   -0.7696    0.6310
    0.9837    0.1709    0.0559
   -0.1509    0.6153    0.7737
...   122 G-C ...
   30.5017  -70.1571   13.6892
    0.6842   -0.5669    0.4588
    0.7190    0.6296   -0.2944
   -0.1219    0.5313    0.8384
...   123 T-A ...
   29.8892  -68.9676   16.7542
    0.9706   -0.1363    0.1983
    0.2178    0.8480   -0.4832
   -0.1023    0.5122    0.8528
...   124 G-C ...
   29.7563  -66.9766   19.4780
    0.9026    0.3854   -0.1917
   -0.4293    0.7742   -0.4651
   -0.0309    0.5021    0.8642
...   125 T-A ...
   30.1199  -65.7071   22.5824
    0.5079    0.7500   -0.4237
   -0.8611    0.4285   -0.2736
   -0.0236    0.5038    0.8635
...   126 C-G ...
   30.1277  -64.0464   25.4711
   -0.1447    0.8522   -0.5027
   -0.9891   -0.1378    0.0511
   -0.0257    0.5047    0.8629
...   127 G-C ...
   29.5945  -62.5273   28.4942
   -0.7079    0.5555   -0.4364
   -0.7019   -0.6223    0.3465
   -0.0791    0.5515    0.8304
...   128 A-T ...
   29.4120  -60.6909   31.2501
   -0.9884    0.0356   -0.1474
   -0.1099   -0.8378    0.5348
   -0.1045    0.5448    0.8320
...   129 C-G ...
   28.9631  -58.4052   33.6381
   -0.8804   -0.4510    0.1464
    0.4549   -0.7163    0.5292
   -0.1338    0.5325    0.8358
...   130 C-G ...
   28.2562  -56.5594   36.3939
   -0.4448   -0.8259    0.3465
    0.8742   -0.3163    0.3685
   -0.1947    0.4668    0.8626
...   131 A-T ...
   27.8605  -55.1336   39.4342
    0.1930   -0.8910    0.4109
    0.9586    0.2606    0.1148
   -0.2094    0.3717    0.9044
...   132 A-T ...
   27.0168  -54.0786   42.3967
    0.7286   -0.5580    0.3972
    0.6505    0.7454   -0.1460
   -0.2146    0.3647    0.9061
...   133 A-T ...
   26.2493  -53.1184   45.4177
    0.9701    0.0080    0.2427
    0.0798    0.9335   -0.3495
   -0.2293    0.3584    0.9050
...   134 T-A ...
   25.6308  -52.5796   48.6349
    0.8597    0.5096    0.0340
   -0.4497    0.7867   -0.4230
   -0.2423    0.3484    0.9055
...   135 G-C ...
   25.2859  -52.4981   52.0750
    0.3205    0.9427   -0.0927
   -0.8825    0.2616   -0.3908
   -0.3442    0.2071    0.9158
...   136 T-A ...
   25.5356  -52.9668   55.8002
   -0.2443    0.9563   -0.1608
   -0.8908   -0.2868   -0.3525
   -0.3832    0.0571    0.9219
...   137 G-C ...
   24.9037  -52.7260   58.9821
   -0.7529    0.5562   -0.3519
   -0.5214   -0.8303   -0.1968
   -0.4017    0.0354    0.9151
...   138 A-T ...
   24.0249  -51.6261   61.9210
   -0.9563    0.0400   -0.2896
   -0.0523   -0.9980    0.0347
   -0.2877    0.0483    0.9565
...   139 G-C ...
   22.3574  -51.2300   64.4909
   -0.8529   -0.5117   -0.1032
    0.4973   -0.8566    0.1372
   -0.1586    0.0657    0.9852
...   140 C-G ...
   22.1608  -50.1386   67.4618
   -0.4681   -0.8749    0.1247
    0.8495   -0.4066    0.3363
   -0.2435    0.2633    0.9335
...   141 G-C ...
   21.4366  -51.8164   72.7855
    0.1304   -0.7141   -0.6877
    0.8897   -0.2218    0.3990
   -0.4375   -0.6639    0.6065
...   142 C-G ...
   20.4355  -54.2994   74.5395
    0.5847   -0.7390   -0.3347
    0.7593    0.3532    0.5466
   -0.2857   -0.5737    0.7676
...   143 T-A ...
   18.4378  -55.5190   76.5272
    0.8548   -0.5006    0.1370
    0.3188    0.7147    0.6225
   -0.4096   -0.4884    0.7705
...   144 C-G ...
   16.8485  -57.7127   78.2648
    0.8529   -0.0846    0.5152
   -0.1509    0.9047    0.3983
   -0.4998   -0.4175    0.7589
...   145 A-T ...
   15.7933  -59.5518   80.7963
    0.5515    0.4995    0.6681
   -0.6739    0.7388    0.0040
   -0.4915   -0.4525    0.7441
...   146 C-G ...
   15.7411  -61.4839   83.9295
    0.0342    0.7400    0.6718
   -0.8637    0.3601   -0.3527
   -0.5029   -0.5681    0.6514
...   147 A-T ...
   14.7481  -63.4171   86.8165
   -0.5923    0.6746    0.4405
   -0.6886   -0.1400   -0.7115
   -0.4183   -0.7247    0.5475
