  147 base-pairs
...     1 T-A ...
    0.0000    0.0000    0.0000
    1.0000    0.0000    0.0000
    0.0000    1.0000    0.0000
    0.0000    0.0000    1.0000
...     2 G-C ...
   -0.5555   -1.1003    3.3981
    0.7749    0.6051    0.1828
   -0.5991    0.7953   -0.0929
   -0.2016   -0.0375    0.9787
...     3 T-A ...
   -0.6619   -3.0237    6.5348
    0.3046    0.9250    0.2271
   -0.8994    0.3578   -0.2510
   -0.3134   -0.1278    0.9410
...     4 G-C ...
   -1.1607   -3.8418    9.6940
   -0.3351    0.9421    0.0133
   -0.8752   -0.3061   -0.3746
   -0.3489   -0.1372    0.9271
...     5 A-T ...
   -1.3881   -3.6770   12.8999
   -0.7835    0.6162   -0.0801
   -0.5677   -0.7622   -0.3109
   -0.2527   -0.1981    0.9470
...     6 G-C ...
   -2.6236   -3.5448   15.7072
   -0.9923    0.0611   -0.1075
   -0.0294   -0.9610   -0.2748
   -0.1201   -0.2695    0.9555
...     7 C-G ...
   -2.3138   -3.7570   18.8866
   -0.8620   -0.4995   -0.0864
    0.5008   -0.8655    0.0073
   -0.0785   -0.0370    0.9962
...     8 G-C ...
   -3.9561   -6.8109   23.3205
   -0.2581   -0.3560   -0.8981
    0.6294   -0.7673    0.1233
   -0.7330   -0.5335    0.4221
...     9 C-G ...
   -6.1177   -8.9414   24.2385
    0.1143   -0.7320   -0.6716
    0.8123   -0.3203    0.4874
   -0.5720   -0.6013    0.5580
...    10 T-A ...
   -8.5041   -9.6771   26.0540
    0.4660   -0.8587   -0.2131
    0.6274    0.1508    0.7640
   -0.6239   -0.4897    0.6090
...    11 C-G ...
  -11.0625  -11.3174   27.2336
    0.6660   -0.6911    0.2808
    0.3382    0.6152    0.7121
   -0.6649   -0.3794    0.6435
...    12 A-T ...
  -13.0013  -13.1789   29.0658
    0.7188   -0.1490    0.6790
   -0.1787    0.9043    0.3876
   -0.6718   -0.4000    0.6235
...    13 C-G ...
  -14.1788  -15.9359   31.3399
    0.4052    0.2865    0.8682
   -0.5270    0.8492   -0.0343
   -0.7470   -0.4437    0.4951
...    14 A-T ...
  -15.9532  -18.1566   33.3080
   -0.1503    0.6873    0.7107
   -0.6106    0.5008   -0.6135
   -0.7776   -0.5261    0.3444
...    15 A-T ...
  -18.3718  -19.8957   34.6328
   -0.5030    0.8380    0.2116
   -0.4095   -0.0154   -0.9122
   -0.7611   -0.5455    0.3509
...    16 T-A ...
  -20.6519  -21.6108   36.5168
   -0.6903    0.6567   -0.3038
   -0.0517   -0.4635   -0.8846
   -0.7217   -0.5949    0.3539
...    17 T-A ...
  -22.9798  -23.3587   38.0288
   -0.6277    0.2106   -0.7494
    0.3926   -0.7457   -0.5384
   -0.6722   -0.6322    0.3854
...    18 T-A ...
  -25.2587  -25.2267   39.4682
   -0.2939   -0.2736   -0.9158
    0.7000   -0.7141   -0.0113
   -0.6509   -0.6444    0.4014
...    19 A-T ...
  -27.1474  -27.6345   40.9038
    0.2274   -0.6189   -0.7518
    0.7465   -0.3849    0.5427
   -0.6253   -0.6847    0.3745
...    20 T-A ...
  -29.6074  -29.7089   41.6366
    0.5971   -0.7152   -0.3632
    0.5241    0.0051    0.8517
   -0.6073   -0.6989    0.3778
...    21 T-A ...
  -31.6403  -32.0600   42.6293
    0.8101   -0.5605    0.1721
    0.0831    0.4003    0.9126
   -0.5804   -0.7250    0.3708
...    22 C-G ...
  -33.3923  -34.5265   43.9044
    0.7312   -0.1808    0.6578
   -0.4270    0.6308    0.6479
   -0.5321   -0.7546    0.3840
...    23 G-C ...
  -35.0345  -36.7323   45.9616
    0.4363    0.3140    0.8432
   -0.8109    0.5433    0.2173
   -0.3899   -0.7786    0.4917
...    24 C-G ...
  -35.9188  -39.4183   47.6383
   -0.0416    0.5924    0.8046
   -0.9241    0.2833   -0.2564
   -0.3799   -0.7542    0.5357
...    25 A-T ...
  -37.7432  -41.8206   49.1948
   -0.5968    0.6504    0.4700
   -0.7105   -0.1561   -0.6862
   -0.3729   -0.7434    0.5553
...    26 A-T ...
  -38.8772  -44.1684   51.2204
   -0.9160    0.4011   -0.0083
   -0.2140   -0.5061   -0.8355
   -0.3393   -0.7636    0.5494
...    27 A-T ...
  -39.8577  -46.5172   53.2906
   -0.8757   -0.0223   -0.4823
    0.3928   -0.6137   -0.6849
   -0.2807   -0.7893    0.5461
...    28 G-C ...
  -41.1069  -48.9387   55.3156
   -0.4970   -0.3264   -0.8041
    0.8135   -0.4978   -0.3007
   -0.3021   -0.8036    0.5129
...    29 G-C ...
  -42.3704  -51.6358   57.0828
    0.0993   -0.4882   -0.8671
    0.9534   -0.2027    0.2234
   -0.2848   -0.8489    0.4453
...    30 C-G ...
  -43.6361  -54.3941   58.3535
    0.6376   -0.4562   -0.6207
    0.7305    0.1024    0.6752
   -0.2444   -0.8840    0.3985
...    31 C-G ...
  -44.5600  -57.3742   59.5246
    0.9568   -0.2348   -0.1713
    0.2418    0.3162    0.9174
   -0.1613   -0.9192    0.3593
...    32 G-C ...
  -44.7112  -60.1629   60.9453
    0.9527    0.0801    0.2931
   -0.3025    0.3391    0.8908
   -0.0280   -0.9373    0.3473
...    33 G-C ...
  -44.2212  -63.2767   62.1566
    0.6194    0.3154    0.7190
   -0.7832    0.1845    0.5938
    0.0546   -0.9308    0.3613
...    34 C-G ...
  -43.5488  -66.2531   63.4257
    0.0602    0.3968    0.9159
   -0.9936   -0.0644    0.0932
    0.0960   -0.9156    0.3904
...    35 C-G ...
  -42.9849  -69.1599   65.1730
   -0.5299    0.3019    0.7925
   -0.8393   -0.3204   -0.4392
    0.1213   -0.8979    0.4231
...    36 C-G ...
  -42.4677  -72.0599   66.9125
   -0.9237    0.0836    0.3740
   -0.3673   -0.4710   -0.8020
    0.1091   -0.8781    0.4658
...    37 G-C ...
  -41.9627  -75.5346   67.4288
   -0.9667   -0.1650   -0.1957
    0.2476   -0.4088   -0.8784
    0.0649   -0.8976    0.4360
...    38 A-T ...
  -41.6054  -78.3295   68.9010
   -0.6289   -0.3701   -0.6837
    0.7730   -0.2034   -0.6009
    0.0834   -0.9065    0.4140
...    39 C-G ...
  -41.8277  -81.2279   70.2684
   -0.1261   -0.3738   -0.9189
    0.9894    0.0198   -0.1438
    0.0720   -0.9273    0.3673
...    40 A-T ...
  -41.5497  -84.4078   71.3754
    0.4776   -0.2009   -0.8553
    0.8723    0.2252    0.4341
    0.1054   -0.9534    0.2828
...    41 C-G ...
  -41.3585  -87.6747   71.7598
    0.8574    0.0100   -0.5146
    0.4918    0.2788    0.8249
    0.1517   -0.9603    0.2341
...    42 G-C ...
  -40.5317  -90.7204   72.9283
    0.9658    0.2499    0.0692
   -0.1121    0.1614    0.9805
    0.2339   -0.9547    0.1839
...    43 A-T ...
  -39.7474  -93.7784   73.4598
    0.7054    0.2952    0.6444
   -0.6683   -0.0257    0.7434
    0.2360   -0.9551    0.1792
...    44 C-G ...
  -38.4213  -96.8144   73.7009
    0.2190    0.2669    0.9385
   -0.9379   -0.2075    0.2779
    0.2689   -0.9411    0.2049
...    45 T-A ...
  -36.7628  -99.9477   74.5185
   -0.3749    0.1087    0.9207
   -0.8862   -0.3335   -0.3215
    0.2720   -0.9365    0.2214
...    46 T-A ...
  -35.5904 -102.8714   75.3068
   -0.7935   -0.1249    0.5956
   -0.5390   -0.3102   -0.7831
    0.2825   -0.9425    0.1788
...    47 A-T ...
  -34.6531 -106.1533   75.4734
   -0.9434   -0.3228   -0.0755
    0.1234   -0.1304   -0.9838
    0.3078   -0.9374    0.1628
...    48 C-G ...
  -33.8443 -109.1731   76.6484
   -0.7336   -0.3153   -0.6021
    0.6155    0.0676   -0.7853
    0.2883   -0.9466    0.1445
...    49 T-A ...
  -33.2448 -112.4579   77.2521
   -0.2974   -0.1438   -0.9439
    0.9216    0.2152   -0.3231
    0.2496   -0.9659    0.0685
...    50 G-C ...
  -32.3439 -115.7386   77.1932
    0.2501    0.1490   -0.9567
    0.9321    0.2303    0.2795
    0.2620   -0.9616   -0.0813
...    51 T-A ...
  -31.9049 -118.8577   76.5672
    0.6806    0.3011   -0.6679
    0.6737    0.1012    0.7321
    0.2880   -0.9482   -0.1340
...    52 A-T ...
  -30.6246 -121.9539   76.1899
    0.9252    0.3734   -0.0679
    0.1336   -0.1531    0.9791
    0.3552   -0.9149   -0.1916
...    53 G-C ...
  -29.4125 -124.8579   75.3509
    0.8236    0.3053    0.4779
   -0.3617   -0.3664    0.8573
    0.4368   -0.8790   -0.1913
...    54 G-C ...
  -27.2527 -127.5712   74.2959
    0.4363    0.0889    0.8954
   -0.7514   -0.5116    0.4169
    0.4951   -0.8546   -0.1564
...    55 T-A ...
  -25.1711 -130.1014   73.8222
   -0.0288   -0.2115    0.9770
   -0.8634   -0.4872   -0.1309
    0.5037   -0.8473   -0.1686
...    56 A-T ...
  -23.1904 -132.8395   73.4068
   -0.5604   -0.4595    0.6891
   -0.6597   -0.2554   -0.7068
    0.5008   -0.8507   -0.1599
...    57 T-A ...
  -21.1615 -135.4464   73.4734
   -0.8131   -0.5481    0.1958
   -0.2634    0.0466   -0.9636
    0.5190   -0.8351   -0.1823
...    58 C-G ...
  -19.4776 -138.3851   73.0909
   -0.8011   -0.3807   -0.4619
    0.3088    0.3981   -0.8638
    0.5127   -0.8346   -0.2014
...    59 T-A ...
  -18.0407 -141.3544   72.4789
   -0.5380   -0.0410   -0.8420
    0.7007    0.5335   -0.4737
    0.4686   -0.8448   -0.2583
...    60 C-G ...
  -16.4470 -144.1557   71.5452
   -0.0374    0.3264   -0.9445
    0.8937    0.4339    0.1145
    0.4472   -0.8398   -0.3080
...    61 G-C ...
  -14.3917 -146.6074   70.4184
    0.3474    0.6741   -0.6518
    0.8062    0.1403    0.5748
    0.4789   -0.7252   -0.4947
...    62 A-T ...
  -12.6718 -148.9691   68.7604
    0.7372    0.6575   -0.1557
    0.4467   -0.3015    0.8423
    0.5069   -0.6905   -0.5160
...    63 G-C ...
  -10.8831 -151.0560   66.8623
    0.8354    0.4215    0.3527
   -0.0072   -0.6332    0.7740
    0.5496   -0.6491   -0.5259
...    64 C-G ...
   -8.7629 -152.8886   64.8429
    0.6569   -0.0335    0.7532
   -0.4906   -0.7776    0.3932
    0.5725   -0.6278   -0.5273
...    65 T-A ...
   -6.7449 -154.9023   63.1363
    0.2770   -0.4706    0.8377
   -0.7564   -0.6444   -0.1120
    0.5926   -0.6027   -0.5345
...    66 C-G ...
   -4.8838 -157.0177   61.3172
   -0.2496   -0.7805    0.5732
   -0.7605   -0.2084   -0.6150
    0.5995   -0.5894   -0.5415
...    67 G-C ...
   -3.6530 -159.0343   58.6783
   -0.6694   -0.7346    0.1110
   -0.4627    0.2953   -0.8359
    0.5813   -0.6109   -0.5375
...    68 G-C ...
   -1.5168 -161.0066   56.9184
   -0.8535   -0.3777   -0.3589
   -0.0152    0.7067   -0.7073
    0.5208   -0.5983   -0.6089
...    69 G-C ...
    0.2240 -163.1683   55.0130
   -0.7755    0.1464   -0.6142
    0.4621    0.7945   -0.3940
    0.4303   -0.5893   -0.6838
...    70 A-T ...
    1.5126 -165.2827   52.7819
   -0.3675    0.6257   -0.6881
    0.8351    0.5477    0.0521
    0.4095   -0.5555   -0.7237
...    71 T-A ...
    2.2525 -167.2489   50.2505
    0.1069    0.8462   -0.5221
    0.9093    0.1291    0.3955
    0.4021   -0.5170   -0.7557
...    72 C-G ...
    3.4296 -168.7826   47.5355
    0.6129    0.7766   -0.1458
    0.6776   -0.4217    0.6026
    0.4065   -0.4681   -0.7846
...    73 C-G ...
    4.9018 -169.9936   44.8333
    0.8423    0.4624    0.2772
    0.2596   -0.7984    0.5432
    0.4725   -0.3856   -0.7925
...    74 G-C ...
    6.6796 -171.5834   42.4785
    0.7949   -0.0742    0.6021
   -0.2587   -0.9392    0.2257
    0.5488   -0.3351   -0.7658
...    75 C-G ...
    8.9683 -172.3505   39.9585
    0.4915   -0.6168    0.6149
   -0.6654   -0.7214   -0.1917
    0.5618   -0.3149   -0.7650
...    76 T-A ...
   11.3700 -173.4057   37.6350
    0.0111   -0.9310    0.3649
   -0.8031   -0.2257   -0.5514
    0.5957   -0.2870   -0.7502
...    77 T-A ...
   13.5998 -174.2951   35.3950
   -0.4368   -0.8944   -0.0960
   -0.6585    0.3907   -0.6432
    0.6128   -0.2177   -0.7596
...    78 T-A ...
   15.8152 -175.0870   33.1057
   -0.7248   -0.4709   -0.5029
   -0.2703    0.8658   -0.4211
    0.6337   -0.1693   -0.7548
...    79 T-A ...
   17.9878 -175.7063   30.7346
   -0.7456    0.1513   -0.6490
    0.2131    0.9769   -0.0171
    0.6314   -0.1510   -0.7606
...    80 C-G ...
   20.2124 -175.9257   28.2842
   -0.5202    0.7238   -0.4533
    0.6255    0.6843    0.3748
    0.5815   -0.0886   -0.8087
...    81 A-T ...
   22.3039 -176.2801   25.6097
   -0.1468    0.9884   -0.0386
    0.8432    0.1454    0.5176
    0.5172    0.0434   -0.8547
...    82 T-A ...
   23.5727 -175.9438   22.6143
    0.2773    0.9138    0.2968
    0.8113   -0.3882    0.4372
    0.5147    0.1195   -0.8490
...    83 G-C ...
   25.4471 -175.3269   19.7732
    0.6829    0.4477    0.5772
    0.4907   -0.8665    0.0915
    0.5411    0.2208   -0.8114
...    84 T-A ...
   27.1566 -173.9947   17.1133
    0.8546   -0.1342    0.5016
    0.0138   -0.9598   -0.2803
    0.5191    0.2464   -0.8185
...    85 T-A ...
   28.8138 -172.9277   14.5053
    0.7220   -0.6767    0.1443
   -0.5183   -0.6671   -0.5351
    0.4583    0.3115   -0.8324
...    86 A-T ...
   29.9620 -171.7316   11.3192
    0.1477   -0.8845   -0.4425
   -0.9167    0.0455   -0.3970
    0.3713    0.4642   -0.8041
...    87 T-A ...
   31.7978 -170.3377    8.9264
   -0.3532   -0.7012   -0.6193
   -0.8636    0.4990   -0.0724
    0.3598    0.5092   -0.7818
...    88 A-T ...
   32.9328 -168.1181    6.4353
   -0.8429   -0.1003   -0.5286
   -0.3743    0.8152    0.4421
    0.3866    0.5705   -0.7246
...    89 A-T ...
   34.1973 -166.3981    4.0376
   -0.9102    0.3870   -0.1475
    0.1870    0.7018    0.6874
    0.3695    0.5981   -0.7111
...    90 C-G ...
   35.1685 -164.7447    1.2776
   -0.6616    0.6847    0.3058
    0.6693    0.3553    0.6526
    0.3382    0.6364   -0.6933
...    91 G-C ...
   36.4156 -162.3159   -0.5663
   -0.2184    0.6535    0.7247
    0.9413   -0.0550    0.3332
    0.2576    0.7549   -0.6031
...    92 G-C ...
   37.1649 -159.3718   -1.8916
    0.3028    0.4094    0.8606
    0.9307   -0.3215   -0.1745
    0.2052    0.8538   -0.4784
...    93 A-T ...
   37.7520 -156.3213   -3.2116
    0.8077    0.0853    0.5834
    0.5516   -0.4586   -0.6967
    0.2081    0.8845   -0.4175
...    94 A-T ...
   38.4525 -153.3710   -4.4533
    0.9855   -0.1695    0.0010
   -0.0688   -0.4057   -0.9114
    0.1549    0.8982   -0.4115
...    95 A-T ...
   39.0209 -150.1887   -5.3898
    0.7372   -0.3028   -0.6040
   -0.6719   -0.2348   -0.7024
    0.0708    0.9237   -0.3766
...    96 C-G ...
   39.7326 -146.9432   -6.3525
    0.1945   -0.3234   -0.9261
   -0.9797   -0.0167   -0.1999
    0.0492    0.9461   -0.3201
...    97 A-T ...
   39.7907 -143.7268   -7.4201
   -0.4835   -0.2639   -0.8346
   -0.8753    0.1533    0.4586
    0.0069    0.9523   -0.3051
...    98 C-G ...
   40.2882 -140.7060   -8.9079
   -0.8859   -0.1445   -0.4408
   -0.4637    0.2478    0.8506
   -0.0136    0.9580   -0.2866
...    99 T-A ...
   40.2605 -137.4652  -10.4211
   -0.9812   -0.0554    0.1848
    0.1642    0.2636    0.9506
   -0.1014    0.9631   -0.2495
...   100 T-A ...
   39.7176 -134.4243  -11.4431
   -0.6958    0.0797    0.7138
    0.7085    0.2388    0.6640
   -0.1176    0.9678   -0.2227
...   101 T-A ...
   39.2390 -131.2702  -12.0533
   -0.1503    0.1179    0.9816
    0.9770    0.1694    0.1293
   -0.1511    0.9785   -0.1407
...   102 A-T ...
   39.0354 -127.9032  -12.3600
    0.5028    0.1268    0.8551
    0.8505    0.1041   -0.5155
   -0.1544    0.9864   -0.0555
...   103 T-A ...
   38.0298 -124.8596  -11.9717
    0.8627    0.1149    0.4925
    0.4873    0.0722   -0.8703
   -0.1355    0.9908    0.0063
...   104 G-C ...
   37.7142 -121.5674  -11.6562
    0.9882    0.0473   -0.1459
   -0.1475    0.0318   -0.9886
   -0.0422    0.9984    0.0384
...   105 C-G ...
   37.8559 -118.2003  -11.2288
    0.7132    0.0684   -0.6976
   -0.6999    0.0149   -0.7141
   -0.0385    0.9975    0.0585
...   106 T-A ...
   38.2773 -114.7155  -11.0197
    0.1461    0.0869   -0.9854
   -0.9893    0.0153   -0.1453
    0.0024    0.9961    0.0882
...   107 T-A ...
   38.5132 -111.4986  -10.7460
   -0.4667    0.0933   -0.8795
   -0.8844   -0.0566    0.4633
   -0.0066    0.9940    0.1089
...   108 C-G ...
   38.6737 -108.0987  -10.4475
   -0.9243    0.0287   -0.3806
   -0.3809   -0.1343    0.9148
   -0.0249    0.9905    0.1351
...   109 C-G ...
   38.9173 -104.8302   -9.8880
   -0.9675   -0.1921    0.1647
    0.1955   -0.1544    0.9685
   -0.1606    0.9692    0.1869
...   110 G-C ...
   38.6301 -101.8182   -8.9071
   -0.6755   -0.3862    0.6281
    0.6886   -0.0257    0.7247
   -0.2637    0.9220    0.2833
...   111 G-C ...
   37.5332  -98.8841   -7.8003
   -0.1300   -0.4328    0.8920
    0.9449    0.2184    0.2437
   -0.3003    0.8746    0.3806
...   112 C-G ...
   36.0482  -96.3547   -6.1679
    0.4565   -0.2787    0.8449
    0.8371    0.4562   -0.3018
   -0.3014    0.8451    0.4416
...   113 T-A ...
   34.9925  -93.6895   -4.4798
    0.8625   -0.0245    0.5054
    0.4225    0.5844   -0.6927
   -0.2784    0.8111    0.5144
...   114 C-G ...
   34.5146  -90.8500   -2.8786
    0.9404    0.3385   -0.0334
   -0.2265    0.5500   -0.8039
   -0.2538    0.7635    0.5939
...   115 G-C ...
   33.5887  -88.0644   -1.2924
    0.5954    0.5979   -0.5368
   -0.7774    0.2599   -0.5727
   -0.2029    0.7583    0.6196
...   116 T-A ...
   33.7141  -85.4003    0.8985
    0.0451    0.6294   -0.7758
   -0.9786   -0.1282   -0.1610
   -0.2007    0.7664    0.6102
...   117 A-T ...
   33.2527  -82.7956    3.0334
   -0.5966    0.4114   -0.6891
   -0.7760   -0.5146    0.3648
   -0.2045    0.7523    0.6262
...   118 T-A ...
   33.0451  -79.9674    4.7529
   -0.9260    0.0877   -0.3672
   -0.3266   -0.6740    0.6626
   -0.1894    0.7335    0.6528
...   119 A-T ...
   32.5963  -77.7304    7.4177
   -0.8938   -0.3857    0.2289
    0.4262   -0.5715    0.7012
   -0.1397    0.7243    0.6752
...   120 A-T ...
   31.9958  -75.2769    9.4817
   -0.4606   -0.6915    0.5564
    0.8713   -0.2325    0.4323
   -0.1696    0.6839    0.7096
...   121 T-A ...
   30.8812  -73.0620   11.6908
    0.0874   -0.7205    0.6880
    0.9809    0.1825    0.0666
   -0.1735    0.6690    0.7227
...   122 G-C ...
   30.3610  -70.8530   14.3611
    0.7040   -0.5112    0.4930
    0.6983    0.6250   -0.3490
   -0.1298    0.5899    0.7970
...   123 T-A ...
   29.8586  -69.4040   17.2902
    0.9715   -0.0989    0.2153
    0.2031    0.8159   -0.5414
   -0.1221    0.5697    0.8127
...   124 G-C ...
   29.5477  -67.4889   20.0923
    0.8859    0.4172   -0.2027
   -0.4588    0.7240   -0.5151
   -0.0682    0.5493    0.8328
...   125 T-A ...
   29.6623  -66.0511   22.9997
    0.4903    0.7330   -0.4714
   -0.8705    0.3852   -0.3064
   -0.0430    0.5606    0.8270
...   126 C-G ...
   29.6086  -64.2169   25.6339
   -0.1463    0.8257   -0.5448
   -0.9887   -0.1405    0.0526
   -0.0331    0.5463    0.8369
...   127 G-C ...
   28.7934  -62.6780   28.5655
   -0.7089    0.5385   -0.4555
   -0.7013   -0.6070    0.3738
   -0.0752    0.5844    0.8080
...   128 A-T ...
   28.7118  -60.8635   31.1982
   -0.9894    0.0574   -0.1337
   -0.1225   -0.8249    0.5519
   -0.0786    0.5624    0.8231
...   129 C-G ...
   28.4089  -58.4379   33.4352
   -0.8887   -0.4302    0.1584
    0.4439   -0.7212    0.5317
   -0.1145    0.5429    0.8320
...   130 C-G ...
   27.5834  -56.5297   36.1411
   -0.4739   -0.8132    0.3377
    0.8595   -0.3438    0.3783
   -0.1916    0.4695    0.8619
...   131 A-T ...
   27.7748  -55.1433   39.3120
    0.1748   -0.8910    0.4189
    0.9647    0.2402    0.1083
   -0.1971    0.3851    0.9016
...   132 A-T ...
   27.0859  -54.0379   42.3308
    0.7205   -0.5769    0.3848
    0.6650    0.7321   -0.1475
   -0.1966    0.3622    0.9111
...   133 A-T ...
   26.2484  -53.1716   45.3936
    0.9673   -0.0035    0.2537
    0.0958    0.9310   -0.3522
   -0.2349    0.3650    0.9009
...   134 T-A ...
   25.6308  -52.5797   48.6348
    0.8597    0.5096    0.0340
   -0.4497    0.7867   -0.4230
   -0.2423    0.3484    0.9055
...   135 G-C ...
   25.2859  -52.4981   52.0749
    0.3205    0.9427   -0.0927
   -0.8825    0.2616   -0.3908
   -0.3441    0.2071    0.9158
...   136 T-A ...
   25.5356  -52.9668   55.8001
   -0.2443    0.9563   -0.1608
   -0.8908   -0.2868   -0.3525
   -0.3832    0.0571    0.9219
...   137 G-C ...
   24.9038  -52.7260   58.9820
   -0.7529    0.5562   -0.3519
   -0.5214   -0.8303   -0.1968
   -0.4017    0.0354    0.9151
...   138 A-T ...
   24.0250  -51.6261   61.9210
   -0.9563    0.0400   -0.2896
   -0.0523   -0.9980    0.0347
   -0.2877    0.0483    0.9565
...   139 G-C ...
   22.3574  -51.2300   64.4908
   -0.8529   -0.5117   -0.1032
    0.4973   -0.8566    0.1372
   -0.1586    0.0657    0.9852
...   140 C-G ...
   22.1609  -50.1386   67.4617
   -0.4681   -0.8749    0.1247
    0.8495   -0.4066    0.3363
   -0.2435    0.2633    0.9335
...   141 G-C ...
   21.4367  -51.8164   72.7855
    0.1304   -0.7141   -0.6877
    0.8897   -0.2218    0.3990
   -0.4375   -0.6639    0.6065
...   142 C-G ...
   20.4355  -54.2994   74.5394
    0.5847   -0.7390   -0.3347
    0.7593    0.3532    0.5466
   -0.2857   -0.5737    0.7676
...   143 T-A ...
   18.4378  -55.5190   76.5272
    0.8548   -0.5006    0.1370
    0.3188    0.7147    0.6225
   -0.4096   -0.4884    0.7705
...   144 C-G ...
   16.8485  -57.7126   78.2647
    0.8529   -0.0846    0.5152
   -0.1509    0.9047    0.3983
   -0.4998   -0.4175    0.7589
...   145 A-T ...
   15.7933  -59.5518   80.7962
    0.5515    0.4995    0.6681
   -0.6739    0.7388    0.0040
   -0.4915   -0.4525    0.7441
...   146 C-G ...
   15.7411  -61.4839   83.9295
    0.0342    0.7400    0.6718
   -0.8637    0.3601   -0.3527
   -0.5029   -0.5681    0.6514
...   147 A-T ...
   14.7482  -63.4170   86.8164
   -0.5923    0.6746    0.4405
   -0.6886   -0.1400   -0.7115
   -0.4183   -0.7247    0.5475
