  147 base-pairs
...     1 T-A ...
    0.0000    0.0000    0.0000
    1.0000    0.0000    0.0000
    0.0000    1.0000    0.0000
    0.0000    0.0000    1.0000
...     2 G-C ...
   -0.5555   -1.1003    3.3981
    0.7749    0.6051    0.1828
   -0.5991    0.7953   -0.0929
   -0.2016   -0.0375    0.9787
...     3 T-A ...
   -0.6619   -3.0237    6.5348
    0.3046    0.9250    0.2271
   -0.8994    0.3578   -0.2510
   -0.3134   -0.1278    0.9410
...     4 G-C ...
   -1.1607   -3.8418    9.6940
   -0.3351    0.9421    0.0133
   -0.8752   -0.3061   -0.3746
   -0.3489   -0.1372    0.9271
...     5 A-T ...
   -1.3881   -3.6770   12.8999
   -0.7835    0.6162   -0.0801
   -0.5677   -0.7622   -0.3109
   -0.2527   -0.1981    0.9470
...     6 G-C ...
   -2.6236   -3.5448   15.7072
   -0.9923    0.0611   -0.1075
   -0.0294   -0.9610   -0.2748
   -0.1201   -0.2695    0.9555
...     7 C-G ...
   -2.3138   -3.7570   18.8866
   -0.8620   -0.4995   -0.0864
    0.5008   -0.8655    0.0073
   -0.0785   -0.0370    0.9962
...     8 G-C ...
   -3.9561   -6.8109   23.3205
   -0.2581   -0.3560   -0.8981
    0.6294   -0.7673    0.1233
   -0.7330   -0.5335    0.4221
...     9 C-G ...
   -6.1177   -8.9414   24.2385
    0.1143   -0.7320   -0.6716
    0.8123   -0.3203    0.4874
   -0.5720   -0.6013    0.5580
...    10 T-A ...
   -8.5041   -9.6771   26.0540
    0.4660   -0.8587   -0.2131
    0.6274    0.1508    0.7640
   -0.6239   -0.4897    0.6090
...    11 C-G ...
  -11.0625  -11.3174   27.2336
    0.6660   -0.6911    0.2808
    0.3382    0.6152    0.7121
   -0.6649   -0.3794    0.6435
...    12 A-T ...
  -13.0013  -13.1789   29.0658
    0.7188   -0.1490    0.6790
   -0.1787    0.9043    0.3876
   -0.6718   -0.4000    0.6235
...    13 C-G ...
  -14.1788  -15.9359   31.3399
    0.4052    0.2865    0.8682
   -0.5270    0.8492   -0.0343
   -0.7470   -0.4437    0.4951
...    14 A-T ...
  -15.9532  -18.1566   33.3080
   -0.1503    0.6873    0.7107
   -0.6106    0.5008   -0.6135
   -0.7776   -0.5261    0.3444
...    15 A-T ...
  -18.3900  -19.9086   34.5655
   -0.4960    0.8436    0.2057
   -0.3963   -0.0092   -0.9181
   -0.7726   -0.5369    0.3389
...    16 T-A ...
  -20.7223  -21.5933   36.4004
   -0.6710    0.6694   -0.3188
   -0.0404   -0.4624   -0.8857
   -0.7403   -0.5815    0.3374
...    17 T-A ...
  -23.1370  -23.3010   37.8343
   -0.5954    0.2308   -0.7696
    0.3887   -0.7556   -0.5273
   -0.7032   -0.6131    0.3601
...    18 T-A ...
  -25.5175  -25.1476   39.1108
   -0.2515   -0.2455   -0.9362
    0.6696   -0.7425    0.0148
   -0.6988   -0.6232    0.3512
...    19 A-T ...
  -27.6192  -27.5018   40.3595
    0.2531   -0.6244   -0.7389
    0.6817   -0.4269    0.5942
   -0.6865   -0.6541    0.3176
...    20 T-A ...
  -30.2471  -29.4453   40.8760
    0.5823   -0.7504   -0.3128
    0.4464   -0.0265    0.8945
   -0.6795   -0.6604    0.3196
...    21 T-A ...
  -32.5012  -31.6656   41.6664
    0.7348   -0.6211    0.2725
    0.0039    0.4057    0.9140
   -0.6783   -0.6705    0.3006
...    22 C-G ...
  -34.6195  -33.9571   42.7201
    0.6085   -0.2332    0.7585
   -0.4573    0.6781    0.5754
   -0.6485   -0.6970    0.3059
...    23 G-C ...
  -36.8301  -35.9213   44.4085
    0.3245    0.2789    0.9038
   -0.7686    0.6347    0.0801
   -0.5514   -0.7207    0.4203
...    24 C-G ...
  -38.2968  -38.4804   45.8751
   -0.1074    0.6091    0.7858
   -0.8259    0.3853   -0.4116
   -0.5534   -0.6932    0.4617
...    25 A-T ...
  -40.6118  -40.7078   46.9493
   -0.5851    0.7307    0.3518
   -0.5793   -0.0731   -0.8118
   -0.5675   -0.6788    0.4660
...    26 A-T ...
  -42.4181  -42.8800   48.6475
   -0.8257    0.5309   -0.1907
   -0.1123   -0.4860   -0.8667
   -0.5528   -0.6942    0.4609
...    27 A-T ...
  -44.1636  -45.0110   50.4238
   -0.7416    0.1160   -0.6607
    0.4226   -0.6842   -0.5944
   -0.5210   -0.7200    0.4584
...    28 G-C ...
  -46.2445  -47.1293   52.0727
   -0.3514   -0.2388   -0.9053
    0.7566   -0.6419   -0.1243
   -0.5514   -0.7286    0.4063
...    29 G-C ...
  -48.4194  -49.5321   53.3182
    0.2098   -0.5026   -0.8387
    0.8133   -0.3864    0.4350
   -0.5427   -0.7734    0.3278
...    30 C-G ...
  -50.4154  -52.0610   54.0068
    0.6687   -0.5825   -0.4621
    0.5351   -0.0544    0.8430
   -0.5162   -0.8110    0.2754
...    31 C-G ...
  -52.1535  -54.8305   54.7066
    0.8919   -0.4446    0.0821
    0.0356    0.2502    0.9676
   -0.4507   -0.8601    0.2390
...    32 G-C ...
  -53.2952  -57.5211   55.8805
    0.8086   -0.1572    0.5669
   -0.4748    0.3947    0.7866
   -0.3474   -0.9053    0.2446
...    33 G-C ...
  -53.9808  -60.6862   56.9121
    0.4072    0.1342    0.9034
   -0.8657    0.3719    0.3349
   -0.2911   -0.9185    0.2676
...    34 C-G ...
  -54.5858  -63.7748   57.9269
   -0.1630    0.3476    0.9234
   -0.9475    0.2057   -0.2447
   -0.2750   -0.9148    0.2959
...    35 C-G ...
  -55.4198  -66.7912   59.3342
   -0.6850    0.4181    0.5966
   -0.6739   -0.0526   -0.7369
   -0.2768   -0.9069    0.3178
...    36 C-G ...
  -56.2620  -69.8224   60.7279
   -0.9384    0.3438    0.0338
   -0.1450   -0.3032   -0.9418
   -0.3135   -0.8888    0.3344
...    37 G-C ...
  -56.8702  -73.3037   60.8879
   -0.8182    0.1623   -0.5515
    0.4496   -0.4172   -0.7898
   -0.3583   -0.8942    0.2684
...    38 A-T ...
  -57.8963  -76.1475   61.8790
   -0.3818   -0.1044   -0.9183
    0.8587   -0.4074   -0.3108
   -0.3417   -0.9073    0.2452
...    39 C-G ...
  -59.4211  -78.8870   62.4931
    0.1579   -0.2463   -0.9562
    0.9247   -0.3029    0.2307
   -0.3465   -0.9206    0.1799
...    40 A-T ...
  -60.5026  -82.0831   62.9126
    0.7113   -0.2848   -0.6427
    0.6365   -0.1272    0.7607
   -0.2984   -0.9501    0.0908
...    41 C-G ...
  -61.4212  -85.2490   62.6133
    0.9570   -0.2545   -0.1391
    0.1479    0.0159    0.9889
   -0.2494   -0.9670    0.0529
...    42 G-C ...
  -62.0591  -88.4939   63.2572
    0.8554   -0.1419    0.4982
   -0.4892    0.0951    0.8670
   -0.1704   -0.9853    0.0119
...    43 A-T ...
  -62.5350  -91.6759   63.2653
    0.3779   -0.0689    0.9233
   -0.9102    0.1548    0.3841
   -0.1694   -0.9855   -0.0042
...    44 C-G ...
  -62.4744  -95.0132   63.2169
   -0.1865    0.0447    0.9814
   -0.9701    0.1495   -0.1912
   -0.1553   -0.9878    0.0155
...    45 T-A ...
  -62.4107  -98.6345   63.6419
   -0.7246    0.1278    0.6772
   -0.6697    0.1008   -0.7357
   -0.1623   -0.9867    0.0125
...    46 T-A ...
  -62.7411 -101.8503   63.8397
   -0.9829    0.1282    0.1318
   -0.1252    0.0579   -0.9904
   -0.1346   -0.9901   -0.0409
...    47 A-T ...
  -63.0113 -105.2153   63.2893
   -0.8150    0.1301   -0.5647
    0.5672   -0.0209   -0.8233
   -0.1189   -0.9913   -0.0568
...    48 C-G ...
  -63.8449 -108.4104   63.5938
   -0.3679    0.1470   -0.9182
    0.9197   -0.0883   -0.3826
   -0.1373   -0.9852   -0.1027
...    49 T-A ...
  -64.6782 -111.6679   63.1448
    0.2162    0.1677   -0.9618
    0.9664   -0.1772    0.1863
   -0.1392   -0.9698   -0.2004
...    50 G-C ...
  -64.9632 -114.9392   62.1653
    0.7528    0.1916   -0.6298
    0.6561   -0.2954    0.6944
   -0.0529   -0.9360   -0.3481
...    51 T-A ...
  -65.3213 -117.7366   60.6754
    0.9886    0.0626   -0.1372
    0.1507   -0.3806    0.9124
    0.0049   -0.9226   -0.3857
...    52 C-G ...
  -64.9084 -120.6498   59.3033
    0.8925   -0.1395    0.4290
   -0.4475   -0.3936    0.8030
    0.0568   -0.9086   -0.4137
...    53 A-T ...
  -64.7292 -123.7038   57.8455
    0.4660   -0.2606    0.8455
   -0.8682   -0.3191    0.3801
    0.1707   -0.9112   -0.3750
...    54 T-A ...
  -63.6521 -126.5772   56.6057
   -0.0721   -0.3866    0.9194
   -0.9810   -0.1392   -0.1355
    0.1803   -0.9117   -0.3692
...    55 G-C ...
  -62.9195 -129.6511   55.2967
   -0.6910   -0.3894    0.6090
   -0.7017    0.1593   -0.6944
    0.1734   -0.9072   -0.3834
...    56 T-A ...
  -61.9625 -132.8369   54.4113
   -0.9640   -0.2568    0.0691
   -0.1684    0.3883   -0.9060
    0.2058   -0.8850   -0.4175
...    57 T-A ...
  -61.1922 -135.7620   53.2520
   -0.8613    0.0195   -0.5077
    0.4500    0.4934   -0.7444
    0.2360   -0.8696   -0.4337
...    58 A-T ...
  -60.0527 -138.5797   51.6113
   -0.3391    0.3505   -0.8730
    0.9030    0.3815   -0.1976
    0.2638   -0.8553   -0.4459
...    59 T-A ...
  -59.8718 -141.5169   50.1442
    0.1906    0.5187   -0.8334
    0.9425    0.1406    0.3031
    0.2744   -0.8433   -0.4621
...    60 A-T ...
  -58.6178 -144.3527   48.7332
    0.7307    0.5382   -0.4200
    0.6121   -0.2439    0.7523
    0.3025   -0.8067   -0.5076
...    61 A-T ...
  -57.6254 -146.7640   46.8953
    0.9388    0.3219    0.1224
    0.0782   -0.5454    0.8345
    0.3354   -0.7739   -0.5372
...    62 C-G ...
  -56.2402 -148.9018   44.6013
    0.8115   -0.0517    0.5821
   -0.4697   -0.6502    0.5972
    0.3476   -0.7580   -0.5519
...    63 G-C ...
  -55.0594 -151.5953   43.0605
    0.3270   -0.4743    0.8174
   -0.8534   -0.5197    0.0398
    0.4059   -0.7106   -0.5747
...    64 G-C ...
  -53.5639 -154.0647   41.4223
   -0.2351   -0.6400    0.7316
   -0.8700   -0.1971   -0.4520
    0.4335   -0.7427   -0.5104
...    65 A-T ...
  -51.7611 -156.5060   39.8195
   -0.7186   -0.6508    0.2452
   -0.5229    0.2731   -0.8075
    0.4585   -0.7084   -0.5366
...    66 T-A ...
  -50.0739 -159.1312   38.6870
   -0.8681   -0.4135   -0.2746
   -0.0415    0.6117   -0.7900
    0.4947   -0.6744   -0.5481
...    67 A-T ...
  -47.8996 -160.8326   36.4378
   -0.6022    0.1291   -0.7878
    0.5715    0.7588   -0.3124
    0.5575   -0.6384   -0.5308
...    68 G-C ...
  -45.8908 -162.9606   34.8722
   -0.2484    0.6056   -0.7560
    0.8026    0.5656    0.1894
    0.5423   -0.5598   -0.6266
...    69 G-C ...
  -44.4537 -164.9379   32.3182
    0.2131    0.8879   -0.4076
    0.8075    0.0748    0.5851
    0.5500   -0.4538   -0.7011
...    70 T-A ...
  -42.9699 -166.1803   29.7249
    0.5822    0.8130    0.0091
    0.5785   -0.4220    0.6981
    0.5714   -0.4011   -0.7160
...    71 A-T ...
  -41.0079 -167.0659   27.0357
    0.7484    0.4281    0.5065
    0.1444   -0.8506    0.5056
    0.6473   -0.3053   -0.6984
...    72 T-A ...
  -38.9103 -167.3783   24.5400
    0.7008   -0.1119    0.7045
   -0.2763   -0.9531    0.1234
    0.6577   -0.2811   -0.6989
...    73 C-G ...
  -36.4723 -168.2043   22.2584
    0.3419   -0.7118    0.6135
   -0.6553   -0.6486   -0.3873
    0.6736   -0.2696   -0.6882
...    74 T-A ...
  -33.9253 -169.1730   20.2315
   -0.1123   -0.9541    0.2776
   -0.7154   -0.1163   -0.6890
    0.6897   -0.2759   -0.6695
...    75 C-G ...
  -31.6890 -169.9795   17.8094
   -0.5278   -0.8066   -0.2662
   -0.4798    0.5418   -0.6902
    0.7009   -0.2366   -0.6729
...    76 G-C ...
  -29.5687 -170.0348   15.1548
   -0.7391   -0.2965   -0.6048
   -0.0894    0.9331   -0.3482
    0.6676   -0.2033   -0.7162
...    77 A-T ...
  -27.0501 -170.1044   13.0266
   -0.6674    0.3646   -0.6494
    0.3379    0.9253    0.1722
    0.6637   -0.1045   -0.7407
...    78 G-C ...
  -24.8950 -170.4289   10.5177
   -0.4103    0.8287   -0.3806
    0.6345    0.5592    0.5336
    0.6550   -0.0226   -0.7553
...    79 C-G ...
  -23.0558 -170.6198    7.6389
    0.0013    0.9983    0.0575
    0.7558   -0.0386    0.6536
    0.6548    0.0426   -0.7546
...    80 T-A ...
  -21.0277 -170.3056    5.0035
    0.3501    0.8010    0.4856
    0.6580   -0.5792    0.4811
    0.6667    0.1511   -0.7299
...    81 C-G ...
  -18.5177 -169.7195    2.9613
    0.6478    0.2808    0.7082
    0.3847   -0.9229    0.0141
    0.6576    0.2633   -0.7059
...    82 G-C ...
  -15.6595 -169.7358    0.8060
    0.7233   -0.3400    0.6011
   -0.0105   -0.8757   -0.4827
    0.6905    0.3428   -0.6370
...    83 G-C ...
  -12.9932 -168.4089   -0.9867
    0.5524   -0.8068    0.2093
   -0.4082   -0.4808   -0.7761
    0.7268    0.3433   -0.5949
...    84 G-C ...
  -10.2902 -167.4543   -2.7690
    0.1691   -0.9524   -0.2536
   -0.6123    0.1001   -0.7842
    0.7723    0.2880   -0.5663
...    85 A-T ...
   -7.4265 -166.4557   -4.3922
   -0.2240   -0.6441   -0.7314
   -0.5907    0.6866   -0.4238
    0.7752    0.3372   -0.5343
...    86 T-A ...
   -4.5799 -165.8267   -5.9856
   -0.5079   -0.1588   -0.8466
   -0.3807    0.9230    0.0553
    0.7727    0.3504   -0.5293
...    87 C-G ...
   -1.8902 -164.8654   -7.8203
   -0.6287    0.4651   -0.6233
    0.0007    0.8018    0.5976
    0.7776    0.3752   -0.5044
...    88 C-G ...
    0.9332 -163.8173   -9.2480
   -0.6379    0.7622   -0.1101
    0.3253    0.3964    0.8585
    0.6980    0.5118   -0.5008
...    89 G-C ...
    3.3986 -161.8335  -10.4795
   -0.4390    0.7580    0.4824
    0.6488   -0.1040    0.7539
    0.6216    0.6439   -0.4461
...    90 C-G ...
    5.1177 -159.4076  -12.2554
   -0.0015    0.5305    0.8477
    0.7877   -0.5216    0.3277
    0.6160    0.6683   -0.4171
...    91 T-A ...
    6.9490 -156.6246  -13.3683
    0.4399    0.0951    0.8930
    0.6794   -0.6856   -0.2616
    0.5874    0.7218   -0.3661
...    92 T-A ...
    8.7327 -154.0485  -14.3358
    0.7764   -0.3192    0.5434
    0.2914   -0.5827   -0.7586
    0.5588    0.7474   -0.3594
...    93 T-A ...
   10.5439 -151.4556  -15.2445
    0.8208   -0.5703   -0.0327
   -0.2273   -0.2736   -0.9346
    0.5241    0.7745   -0.3542
...    94 A-T ...
   11.6340 -148.8864  -17.2294
    0.5508   -0.4621   -0.6951
   -0.7300    0.1369   -0.6696
    0.4046    0.8762   -0.2619
...    95 A-T ...
   13.0800 -146.0192  -17.8828
    0.0113   -0.1911   -0.9815
   -0.9317    0.3543   -0.0797
    0.3630    0.9154   -0.1740
...    96 C-G ...
   14.8125 -143.1054  -18.4898
   -0.5217    0.0905   -0.8483
   -0.7720    0.3731    0.5146
    0.3631    0.9234   -0.1248
...    97 A-T ...
   16.0122 -139.9754  -18.7675
   -0.9047    0.2598   -0.3378
   -0.2946    0.1912    0.9363
    0.3078    0.9465   -0.0964
...    98 C-G ...
   16.9562 -136.8973  -19.7303
   -0.9314    0.2890    0.2213
    0.2324    0.0041    0.9726
    0.2802    0.9573   -0.0709
...    99 T-A ...
   17.5582 -133.4481  -20.3039
   -0.6412    0.1092    0.7595
    0.7411   -0.1687    0.6499
    0.1991    0.9796    0.0272
...   100 T-A ...
   17.8597 -130.2137  -20.2179
   -0.1011   -0.0480    0.9937
    0.9772   -0.1920    0.0902
    0.1865    0.9802    0.0663
...   101 T-A ...
   18.4003 -127.0417  -19.8199
    0.4609   -0.2180    0.8603
    0.8657   -0.1028   -0.4899
    0.1952    0.9705    0.1414
...   102 A-T ...
   19.3150 -123.7807  -19.3604
    0.9052   -0.2512    0.3429
    0.3773    0.1034   -0.9203
    0.1958    0.9624    0.1884
...   103 T-A ...
   19.7781 -120.8475  -17.9984
    0.9698   -0.1869   -0.1565
   -0.1072    0.2498   -0.9624
    0.2189    0.9501    0.2222
...   104 G-C ...
   20.7487 -117.8051  -17.1189
    0.6791   -0.0703   -0.7307
   -0.6696    0.3486   -0.6558
    0.3008    0.9346    0.1897
...   105 C-G ...
   22.0844 -114.7874  -16.3979
    0.1657    0.1537   -0.9741
   -0.9415    0.3186   -0.1098
    0.2935    0.9353    0.1975
...   106 T-A ...
   23.4992 -111.6618  -15.8244
   -0.4274    0.3086   -0.8498
   -0.8521    0.1765    0.4927
    0.3020    0.9347    0.1876
...   107 T-A ...
   24.6176 -108.6804  -15.3303
   -0.8456    0.3376   -0.4134
   -0.4553   -0.0522    0.8888
    0.2785    0.9398    0.1979
...   108 C-G ...
   25.5820 -105.4951  -14.8340
   -0.9621    0.1803    0.2045
    0.1530   -0.2635    0.9524
    0.2256    0.9477    0.2259
...   109 C-G ...
   26.5703 -102.4071  -14.1816
   -0.7552   -0.1411    0.6402
    0.6452   -0.3326    0.6878
    0.1159    0.9324    0.3423
...   110 G-C ...
   27.0927  -99.6453  -12.7507
   -0.3105   -0.4366    0.8444
    0.9499   -0.1745    0.2592
    0.0342    0.8826    0.4689
...   111 G-C ...
   26.9772  -96.9412  -10.7944
    0.2729   -0.5420    0.7948
    0.9620    0.1443   -0.2319
    0.0110    0.8279    0.5608
...   112 C-G ...
   26.7290  -94.6320   -8.3465
    0.7731   -0.3986    0.4934
    0.6340    0.4641   -0.6186
    0.0176    0.7910    0.6115
...   113 T-A ...
   26.7904  -92.1567   -6.1343
    0.9946   -0.0905    0.0510
    0.0978    0.6505   -0.7531
    0.0350    0.7541    0.6559
...   114 C-G ...
   27.1224  -89.5109   -4.1770
    0.8398    0.3419   -0.4217
   -0.5396    0.6107   -0.5795
    0.0594    0.7142    0.6974
...   115 G-C ...
   26.9704  -86.9219   -2.0954
    0.3214    0.6379   -0.6999
   -0.9436    0.2777   -0.1802
    0.0794    0.7184    0.6911
...   116 T-A ...
   27.9740  -84.4027    0.0109
   -0.2726    0.6664   -0.6939
   -0.9601   -0.1415    0.2412
    0.0626    0.7320    0.6784
...   117 A-T ...
   28.4365  -81.8623    2.2421
   -0.8141    0.4112   -0.4101
   -0.5799   -0.5379    0.6119
    0.0310    0.7360    0.6763
...   118 T-A ...
   28.8016  -79.0773    3.9588
   -0.9975    0.0673   -0.0209
   -0.0616   -0.6892    0.7219
    0.0342    0.7214    0.6916
...   119 A-T ...
   29.0572  -76.8919    6.5912
   -0.7983   -0.4172    0.4344
    0.6021   -0.5716    0.5574
    0.0157    0.7065    0.7075
...   120 A-T ...
   28.8783  -74.5353    8.8252
   -0.3007   -0.7220    0.6232
    0.9534   -0.2111    0.2155
   -0.0240    0.6589    0.7518
...   121 T-A ...
   28.1860  -72.4314   11.3022
    0.2556   -0.7335    0.6298
    0.9662    0.2169   -0.1396
   -0.0342    0.6441    0.7641
...   122 G-C ...
   28.0926  -70.3683   14.0929
    0.8027   -0.4929    0.3358
    0.5964    0.6556   -0.4631
    0.0081    0.5720    0.8202
...   123 T-A ...
   28.0648  -68.9868   17.1057
    0.9972   -0.0653    0.0373
    0.0750    0.8307   -0.5516
    0.0051    0.5529    0.8333
...   124 G-C ...
   28.1306  -67.1613   19.9679
    0.8254    0.4542   -0.3353
   -0.5625    0.7119   -0.4204
    0.0478    0.5356    0.8431
...   125 T-A ...
   28.6390  -65.7854   22.8679
    0.3868    0.7567   -0.5271
   -0.9201    0.3548   -0.1658
    0.0616    0.5491    0.8335
...   126 C-G ...
   28.8983  -64.0275   25.5395
   -0.2515    0.8238   -0.5080
   -0.9658   -0.1794    0.1873
    0.0632    0.5377    0.8408
...   127 G-C ...
   28.4358  -62.5198   28.5419
   -0.7658    0.5103   -0.3913
   -0.6428   -0.6241    0.4441
   -0.0176    0.5917    0.8060
...   128 A-T ...
   28.5423  -60.6896   31.1457
   -0.9982    0.0282   -0.0535
   -0.0536   -0.8216    0.5676
   -0.0280    0.5694    0.8216
...   129 C-G ...
   28.3204  -58.2523   33.3646
   -0.8644   -0.4502    0.2239
    0.4976   -0.7029    0.5083
   -0.0714    0.5508    0.8316
...   130 C-G ...
   27.5226  -56.3432   36.0839
   -0.4411   -0.8188    0.3674
    0.8833   -0.3239    0.3388
   -0.1584    0.4740    0.8662
...   131 A-T ...
   27.6925  -55.0290   39.2527
    0.1939   -0.8927    0.4069
    0.9653    0.2476    0.0832
   -0.1750    0.3766    0.9097
...   132 A-T ...
   27.0443  -53.9856   42.3046
    0.7292   -0.5757    0.3699
    0.6597    0.7350   -0.1564
   -0.1818    0.3581    0.9158
...   133 A-T ...
   26.2398  -53.1420   45.3804
    0.9697   -0.0011    0.2441
    0.0898    0.9316   -0.3523
   -0.2270    0.3636    0.9035
...   134 T-A ...
   25.6307  -52.5796   48.6349
    0.8597    0.5096    0.0340
   -0.4497    0.7867   -0.4230
   -0.2423    0.3484    0.9055
...   135 G-C ...
   25.2858  -52.4981   52.0750
    0.3205    0.9427   -0.0927
   -0.8825    0.2616   -0.3908
   -0.3442    0.2071    0.9158
...   136 T-A ...
   25.5355  -52.9668   55.8002
   -0.2443    0.9563   -0.1608
   -0.8908   -0.2868   -0.3525
   -0.3832    0.0571    0.9219
...   137 G-C ...
   24.9037  -52.7259   58.9821
   -0.7529    0.5562   -0.3519
   -0.5214   -0.8303   -0.1968
   -0.4017    0.0354    0.9151
...   138 A-T ...
   24.0249  -51.6261   61.9210
   -0.9563    0.0400   -0.2896
   -0.0523   -0.9980    0.0347
   -0.2877    0.0483    0.9565
...   139 G-C ...
   22.3573  -51.2300   64.4909
   -0.8529   -0.5117   -0.1032
    0.4973   -0.8566    0.1372
   -0.1586    0.0657    0.9852
...   140 C-G ...
   22.1608  -50.1386   67.4618
   -0.4681   -0.8749    0.1247
    0.8495   -0.4066    0.3363
   -0.2435    0.2633    0.9335
...   141 G-C ...
   21.4366  -51.8164   72.7856
    0.1304   -0.7141   -0.6877
    0.8897   -0.2218    0.3990
   -0.4375   -0.6639    0.6065
...   142 C-G ...
   20.4354  -54.2994   74.5395
    0.5847   -0.7390   -0.3347
    0.7593    0.3532    0.5466
   -0.2857   -0.5737    0.7676
...   143 T-A ...
   18.4377  -55.5190   76.5272
    0.8548   -0.5006    0.1370
    0.3188    0.7147    0.6225
   -0.4096   -0.4884    0.7705
...   144 C-G ...
   16.8484  -57.7126   78.2648
    0.8529   -0.0846    0.5152
   -0.1509    0.9047    0.3983
   -0.4998   -0.4175    0.7589
...   145 A-T ...
   15.7932  -59.5518   80.7963
    0.5515    0.4995    0.6681
   -0.6739    0.7388    0.0040
   -0.4915   -0.4525    0.7441
...   146 C-G ...
   15.7410  -61.4839   83.9295
    0.0342    0.7400    0.6718
   -0.8637    0.3601   -0.3527
   -0.5029   -0.5681    0.6514
...   147 A-T ...
   14.7481  -63.4171   86.8165
   -0.5923    0.6746    0.4405
   -0.6886   -0.1400   -0.7115
   -0.4183   -0.7247    0.5475
