  147 base-pairs
...     1 T-A ...
    0.0000    0.0000    0.0000
    1.0000    0.0000    0.0000
    0.0000    1.0000    0.0000
    0.0000    0.0000    1.0000
...     2 G-C ...
   -0.5555   -1.1003    3.3981
    0.7749    0.6051    0.1828
   -0.5991    0.7953   -0.0929
   -0.2016   -0.0375    0.9787
...     3 T-A ...
   -0.6619   -3.0237    6.5348
    0.3046    0.9250    0.2271
   -0.8994    0.3578   -0.2510
   -0.3134   -0.1278    0.9410
...     4 G-C ...
   -1.1607   -3.8418    9.6940
   -0.3351    0.9421    0.0133
   -0.8752   -0.3061   -0.3746
   -0.3489   -0.1372    0.9271
...     5 A-T ...
   -1.3881   -3.6770   12.8999
   -0.7835    0.6162   -0.0801
   -0.5677   -0.7622   -0.3109
   -0.2527   -0.1981    0.9470
...     6 G-C ...
   -2.6236   -3.5448   15.7072
   -0.9923    0.0611   -0.1075
   -0.0294   -0.9610   -0.2748
   -0.1201   -0.2695    0.9555
...     7 C-G ...
   -2.3138   -3.7570   18.8866
   -0.8620   -0.4995   -0.0864
    0.5008   -0.8655    0.0073
   -0.0785   -0.0370    0.9962
...     8 G-C ...
   -3.9561   -6.8109   23.3205
   -0.2581   -0.3560   -0.8981
    0.6294   -0.7673    0.1233
   -0.7330   -0.5335    0.4221
...     9 C-G ...
   -6.1177   -8.9414   24.2385
    0.1143   -0.7320   -0.6716
    0.8123   -0.3203    0.4874
   -0.5720   -0.6013    0.5580
...    10 T-A ...
   -8.5041   -9.6771   26.0540
    0.4660   -0.8587   -0.2131
    0.6274    0.1508    0.7640
   -0.6239   -0.4897    0.6090
...    11 C-G ...
  -11.0625  -11.3174   27.2336
    0.6660   -0.6911    0.2808
    0.3382    0.6152    0.7121
   -0.6649   -0.3794    0.6435
...    12 A-T ...
  -13.0013  -13.1789   29.0658
    0.7188   -0.1490    0.6790
   -0.1787    0.9043    0.3876
   -0.6718   -0.4000    0.6235
...    13 C-G ...
  -14.1788  -15.9359   31.3399
    0.4052    0.2865    0.8682
   -0.5270    0.8492   -0.0343
   -0.7470   -0.4437    0.4951
...    14 A-T ...
  -15.9532  -18.1566   33.3080
   -0.1503    0.6873    0.7107
   -0.6106    0.5008   -0.6135
   -0.7776   -0.5261    0.3444
...    15 A-T ...
  -18.3915  -19.9292   34.5277
   -0.5044    0.8404    0.1982
   -0.3810   -0.0107   -0.9245
   -0.7749   -0.5418    0.3256
...    16 T-A ...
  -20.7456  -21.6412   36.3087
   -0.6683    0.6636   -0.3361
   -0.0150   -0.4637   -0.8858
   -0.7437   -0.5870    0.3199
...    17 T-A ...
  -23.1872  -23.3819   37.6621
   -0.5706    0.2258   -0.7896
    0.4124   -0.7526   -0.5133
   -0.7102   -0.6185    0.3363
...    18 T-A ...
  -25.5840  -25.2955   38.8083
   -0.2002   -0.2415   -0.9495
    0.6726   -0.7386    0.0460
   -0.7124   -0.6294    0.3103
...    19 A-T ...
  -27.7233  -27.7062   39.9339
    0.3095   -0.6299   -0.7124
    0.6398   -0.4163    0.6460
   -0.7035   -0.6557    0.2741
...    20 T-A ...
  -30.3617  -29.6775   40.2672
    0.6115   -0.7500   -0.2523
    0.3706   -0.0103    0.9287
   -0.6991   -0.6614    0.2717
...    21 T-A ...
  -32.6448  -31.9124   40.9045
    0.6987   -0.6145    0.3663
   -0.0959    0.4270    0.8992
   -0.7090   -0.6634    0.2394
...    22 C-G ...
  -34.8765  -34.1853   41.7813
    0.5025   -0.2138    0.8377
   -0.5254    0.6940    0.4923
   -0.6866   -0.6876    0.2364
...    23 G-C ...
  -37.3198  -36.0874   43.1737
    0.1923    0.2964    0.9355
   -0.7651    0.6423   -0.0462
   -0.6146   -0.7068    0.3503
...    24 C-G ...
  -39.0209  -38.6200   44.4422
   -0.2184    0.6279    0.7470
   -0.7491    0.3827   -0.5407
   -0.6254   -0.6777    0.3868
...    25 A-T ...
  -41.4987  -40.8806   45.0513
   -0.6355    0.7379    0.2273
   -0.4257   -0.0893   -0.9004
   -0.6441   -0.6690    0.3708
...    26 A-T ...
  -43.5769  -43.0515   46.4016
   -0.7711    0.5276   -0.3563
    0.0517   -0.5059   -0.8610
   -0.6346   -0.6824    0.3628
...    27 A-T ...
  -45.6430  -45.1574   47.8333
   -0.5912    0.1054   -0.7996
    0.5266   -0.7005   -0.4817
   -0.6109   -0.7058    0.3586
...    28 G-C ...
  -48.0418  -47.2330   49.0575
   -0.1531   -0.2551   -0.9547
    0.7578   -0.6504    0.0523
   -0.6343   -0.7155    0.2929
...    29 G-C ...
  -50.4681  -49.6148   49.7940
    0.3864   -0.5250   -0.7584
    0.6865   -0.3854    0.6166
   -0.6160   -0.7589    0.2115
...    30 C-G ...
  -52.5492  -52.1762   50.0022
    0.7467   -0.6067   -0.2725
    0.3111   -0.0435    0.9494
   -0.5879   -0.7937    0.1563
...    31 C-G ...
  -54.4229  -54.9427   50.3126
    0.8239   -0.4660    0.3226
   -0.2140    0.2713    0.9384
   -0.5248   -0.8422    0.1238
...    32 G-C ...
  -55.9361  -57.5799   51.2146
    0.6050   -0.1728    0.7772
   -0.6641    0.4289    0.6123
   -0.4391   -0.8867    0.1447
...    33 G-C ...
  -57.0723  -60.7018   52.0031
    0.1194    0.1365    0.9834
   -0.9068    0.4183    0.0520
   -0.4043   -0.8980    0.1737
...    34 C-G ...
  -58.1439  -63.7626   52.7012
   -0.4304    0.3769    0.8202
   -0.8051    0.2506   -0.5376
   -0.4082   -0.8917    0.1956
...    35 C-G ...
  -59.5485  -66.7254   53.7085
   -0.8164    0.4730    0.3314
   -0.3876   -0.0232   -0.9216
   -0.4282   -0.8808    0.2023
...    36 C-G ...
  -60.9724  -69.7138   54.7147
   -0.8621    0.4089   -0.2993
    0.1780   -0.3086   -0.9344
   -0.4745   -0.8588    0.1933
...    37 G-C ...
  -61.8106  -73.1693   54.6237
   -0.5440    0.2121   -0.8119
    0.6771   -0.4604   -0.5740
   -0.4956   -0.8620    0.1068
...    38 A-T ...
  -63.3544  -75.9231   55.1004
   -0.0155   -0.0933   -0.9955
    0.8772   -0.4791    0.0313
   -0.4799   -0.8728    0.0893
...    39 C-G ...
  -65.1988  -78.5242   55.0417
    0.4935   -0.2805   -0.8232
    0.7337   -0.3739    0.5673
   -0.4670   -0.8840    0.0213
...    40 A-T ...
  -66.5754  -81.6664   54.9548
    0.8777   -0.3749   -0.2984
    0.2563   -0.1589    0.9535
   -0.4048   -0.9134   -0.0434
...    41 C-G ...
  -67.6211  -84.7666   54.2840
    0.8894   -0.3644    0.2760
   -0.2804    0.0418    0.9590
   -0.3610   -0.9303   -0.0650
...    42 G-C ...
  -68.8691  -87.8836   54.5532
    0.5180   -0.2322    0.8233
   -0.8032    0.1989    0.5615
   -0.2941   -0.9521   -0.0834
...    43 A-T ...
  -69.7606  -90.9697   54.2533
   -0.0941   -0.0788    0.9924
   -0.9515    0.3005   -0.0663
   -0.2930   -0.9505   -0.1032
...    44 C-G ...
  -70.1973  -94.2818   54.1258
   -0.6092    0.1176    0.7843
   -0.7363    0.2833   -0.6144
   -0.2945   -0.9518   -0.0860
...    45 T-A ...
  -70.9045  -97.8387   54.3578
   -0.9237    0.2882    0.2523
   -0.2106    0.1679   -0.9630
   -0.3199   -0.9427   -0.0944
...    46 T-A ...
  -71.9081 -100.8832   54.1396
   -0.8721    0.3223   -0.3683
    0.3926    0.0113   -0.9197
   -0.2923   -0.9466   -0.1364
...    47 A-T ...
  -72.5766 -104.1495   53.3651
   -0.3780    0.2671   -0.8864
    0.8783   -0.1994   -0.4346
   -0.2928   -0.9428   -0.1593
...    48 C-G ...
  -74.1526 -107.0346   52.9889
    0.1852    0.1678   -0.9683
    0.9371   -0.3267    0.1226
   -0.2957   -0.9301   -0.2177
...    49 T-A ...
  -75.3939 -110.0278   51.9629
    0.7046    0.0416   -0.7084
    0.6616   -0.3993    0.6346
   -0.2565   -0.9159   -0.3089
...    50 G-C ...
  -75.9461 -113.1987   50.7911
    0.9872   -0.0780   -0.1393
    0.0960   -0.4070    0.9084
   -0.1276   -0.9101   -0.3943
...    51 T-A ...
  -76.0665 -115.9427   49.0973
    0.8730   -0.2778    0.4009
   -0.4780   -0.3232    0.8168
   -0.0973   -0.9047   -0.4149
...    52 A-T ...
  -77.3560 -119.2407   48.3061
    0.2516   -0.5209    0.8157
   -0.9607   -0.0322    0.2757
   -0.1174   -0.8530   -0.5085
...    53 G-C ...
  -77.5952 -122.1175   46.7135
   -0.3322   -0.4254    0.8418
   -0.9377    0.2456   -0.2459
   -0.1022   -0.8710   -0.4805
...    54 G-C ...
  -77.4667 -125.5082   45.4728
   -0.8269   -0.1610    0.5388
   -0.5487    0.4404   -0.7106
   -0.1229   -0.8833   -0.4525
...    55 T-A ...
  -77.8224 -128.7494   44.7489
   -0.9885    0.1364    0.0655
    0.0045    0.4590   -0.8884
   -0.1512   -0.8779   -0.4544
...    56 C-G ...
  -78.3479 -131.6215   43.2720
   -0.7837    0.4078   -0.4686
    0.5987    0.2950   -0.7447
   -0.1654   -0.8641   -0.4753
...    57 A-T ...
  -78.0993 -134.5776   41.4712
   -0.2303    0.6083   -0.7596
    0.9580    0.0046   -0.2868
   -0.1710   -0.7937   -0.5838
...    58 T-A ...
  -79.1045 -137.0304   39.5420
    0.3205    0.5762   -0.7519
    0.9338   -0.3257    0.1484
   -0.1594   -0.7496   -0.6424
...    59 G-C ...
  -79.4859 -139.5792   37.1233
    0.8492    0.3501   -0.3953
    0.5243   -0.6484    0.5520
   -0.0630   -0.6760   -0.7342
...    60 T-A ...
  -79.7410 -141.3469   34.2429
    0.9981   -0.0621   -0.0029
   -0.0450   -0.7543    0.6550
   -0.0429   -0.6536   -0.7556
...    61 T-A ...
  -79.7588 -143.2918   31.6830
    0.7763   -0.5004    0.3832
   -0.6298   -0.5922    0.5026
   -0.0246   -0.6316   -0.7749
...    62 A-T ...
  -80.1857 -145.6138   29.0515
    0.0798   -0.8326    0.5481
   -0.9962   -0.0469    0.0737
   -0.0357   -0.5519   -0.8332
...    63 T-A ...
  -79.5826 -147.4903   26.3769
   -0.4690   -0.7564    0.4560
   -0.8831    0.4072   -0.2329
   -0.0095   -0.5119   -0.8590
...    64 A-T ...
  -79.6108 -148.7982   23.0301
   -0.9650   -0.2612   -0.0232
   -0.2264    0.8744   -0.4291
    0.1324   -0.4089   -0.9029
...    65 A-T ...
  -79.0548 -150.2556   20.1588
   -0.8862    0.3123   -0.3422
    0.4102    0.8723   -0.2662
    0.2154   -0.3762   -0.9011
...    66 C-G ...
  -78.5311 -152.0509   17.2825
   -0.4853    0.7590   -0.4341
    0.8385    0.5447    0.0148
    0.2477   -0.3568   -0.9007
...    67 G-C ...
  -77.3543 -152.9587   14.3532
    0.0605    0.9741   -0.2178
    0.9569    0.0055    0.2903
    0.2840   -0.2260   -0.9318
...    68 G-C ...
  -76.4264 -153.3443   11.2218
    0.5319    0.8409    0.1003
    0.7821   -0.5332    0.3225
    0.3247   -0.0930   -0.9412
...    69 A-T ...
  -75.4144 -153.4367    8.0550
    0.8727    0.3551    0.3350
    0.3107   -0.9333    0.1798
    0.3766   -0.0529   -0.9249
...    70 T-A ...
  -74.1682 -152.9393    5.1052
    0.8881   -0.1920    0.4177
   -0.1902   -0.9806   -0.0463
    0.4185   -0.0383   -0.9074
...    71 A-T ...
  -72.5566 -152.9077    2.1003
    0.5573   -0.7679    0.3157
   -0.6958   -0.6394   -0.3271
    0.4530   -0.0374   -0.8907
...    72 T-A ...
  -70.5041 -152.6204   -0.4769
    0.0992   -0.9934    0.0578
   -0.8803   -0.1147   -0.4604
    0.4640   -0.0052   -0.8858
...    73 C-G ...
  -68.7252 -152.7447   -3.3728
   -0.4844   -0.8305   -0.2750
   -0.7368    0.5568   -0.3837
    0.4718    0.0167   -0.8816
...    74 T-A ...
  -67.0247 -153.0348   -6.3049
   -0.8220   -0.3641   -0.4378
   -0.3273    0.9313   -0.1600
    0.4660    0.0118   -0.8847
...    75 C-G ...
  -65.2047 -152.8696   -9.2114
   -0.8357    0.3136   -0.4509
    0.2466    0.9478    0.2022
    0.4908    0.0577   -0.8694
...    76 G-C ...
  -63.1697 -152.0304  -11.7725
   -0.6015    0.7848   -0.1494
    0.6554    0.5917    0.4694
    0.4568    0.1844   -0.8702
...    77 A-T ...
  -61.1126 -151.5648  -14.2650
   -0.1356    0.9617    0.2384
    0.8452   -0.0133    0.5343
    0.5170    0.2740   -0.8110
...    78 G-C ...
  -59.5294 -150.4007  -16.9386
    0.2898    0.7678    0.5714
    0.7814   -0.5345    0.3220
    0.5526    0.3532   -0.7549
...    79 C-G ...
  -57.9808 -148.7221  -19.4582
    0.6488    0.2910    0.7031
    0.4826   -0.8717   -0.0846
    0.5883    0.3942   -0.7060
...    80 T-A ...
  -56.0155 -147.1475  -21.6237
    0.7549   -0.2630    0.6007
    0.0892   -0.8663   -0.4914
    0.6497    0.4246   -0.6306
...    81 C-G ...
  -53.5656 -146.1923  -23.5672
    0.6411   -0.7399    0.2037
   -0.3014   -0.4869   -0.8198
    0.7058    0.4642   -0.5352
...    82 G-C ...
  -51.3728 -145.2949  -26.2579
    0.3192   -0.8941   -0.3141
   -0.5600    0.0895   -0.8236
    0.7645    0.4388   -0.4722
...    83 G-C ...
  -48.5042 -144.0085  -27.6875
   -0.0904   -0.6792   -0.7284
   -0.6273    0.6069   -0.4881
    0.7735    0.4128   -0.4809
...    84 G-C ...
  -45.8102 -142.8374  -29.3181
   -0.4815   -0.2338   -0.8447
   -0.4401    0.8979    0.0023
    0.7579    0.3729   -0.5353
...    85 A-T ...
  -43.0563 -141.8568  -31.0754
   -0.6301    0.3955   -0.6683
   -0.0558    0.8353    0.5470
    0.7745    0.3819   -0.5042
...    86 T-A ...
  -40.5889 -141.0364  -33.1261
   -0.5716    0.7776   -0.2619
    0.2834    0.4867    0.8263
    0.7700    0.3981   -0.4986
...    87 C-G ...
  -38.1198 -139.7290  -34.9779
   -0.2962    0.9026    0.3123
    0.5613   -0.1000    0.8215
    0.7727    0.4187   -0.4771
...    88 C-G ...
  -35.5205 -138.5725  -36.6642
   -0.0696    0.6310    0.7727
    0.6223   -0.5779    0.5280
    0.7797    0.5176   -0.3524
...    89 G-C ...
  -32.6170 -137.0289  -37.4504
    0.1647    0.1057    0.9807
    0.5893   -0.8078   -0.0119
    0.7910    0.5798   -0.1954
...    90 C-G ...
  -30.1368 -134.6240  -37.7646
    0.4554   -0.3989    0.7959
    0.4047   -0.7036   -0.5841
    0.7930    0.5881   -0.1590
...    91 T-A ...
  -27.2771 -132.5716  -37.5904
    0.5963   -0.7424    0.3053
    0.1248   -0.2900   -0.9489
    0.7930    0.6039   -0.0803
...    92 T-A ...
  -24.6633 -130.5880  -37.4866
    0.5914   -0.7346   -0.3325
   -0.2468    0.2276   -0.9420
    0.7676    0.6392   -0.0467
...    93 T-A ...
  -22.0455 -128.5907  -37.3037
    0.3761   -0.4138   -0.8291
   -0.5582    0.6130   -0.5591
    0.7396    0.6730   -0.0004
...    94 A-T ...
  -20.3147 -125.6688  -37.2956
    0.0346    0.1821   -0.9827
   -0.7052    0.7012    0.1051
    0.7081    0.6894    0.1527
...    95 A-T ...
  -17.8829 -123.5780  -36.7584
   -0.3593    0.6066   -0.7091
   -0.6135    0.4190    0.6693
    0.7032    0.6756    0.2216
...    96 C-G ...
  -15.2106 -121.4761  -36.4363
   -0.6369    0.7445   -0.2002
   -0.3175   -0.0167    0.9481
    0.7025    0.6674    0.2470
...    97 A-T ...
  -12.8709 -119.2289  -35.5352
   -0.7513    0.5303    0.3928
    0.1195   -0.4760    0.8713
    0.6490    0.7016    0.2943
...    98 C-G ...
  -11.0684 -116.4698  -34.9255
   -0.5974    0.1663    0.7845
    0.5023   -0.6850    0.5277
    0.6252    0.7093    0.3257
...    99 T-A ...
   -9.3066 -113.5992  -33.7575
   -0.2511   -0.3462    0.9039
    0.7687   -0.6388   -0.0312
    0.5882    0.6871    0.4266
...   100 T-A ...
   -7.6783 -111.2472  -32.1930
    0.2423   -0.6601    0.7110
    0.7779   -0.3057   -0.5489
    0.5797    0.6862    0.4394
...   101 T-A ...
   -5.8906 -109.0531  -30.5776
    0.6349   -0.7294    0.2546
    0.5044    0.1417   -0.8517
    0.5852    0.6693    0.4579
...   102 A-T ...
   -3.7771 -106.6883  -29.2091
    0.8282   -0.4293   -0.3603
   -0.0375    0.5990   -0.7999
    0.5592    0.6760    0.4800
...   103 T-A ...
   -1.8318 -105.0470  -27.1373
    0.6976   -0.0893   -0.7109
   -0.4272    0.7447   -0.5127
    0.5752    0.6614    0.4814
...   104 G-C ...
    0.3017 -103.0197  -25.6125
    0.2391    0.3298   -0.9133
   -0.7449    0.6657    0.0453
    0.6229    0.6694    0.4048
...   105 C-G ...
    2.6366 -100.9250  -24.4915
   -0.2382    0.6359   -0.7341
   -0.7602    0.3483    0.5484
    0.6044    0.6887    0.4004
...   106 T-A ...
    4.9937  -98.6254  -23.4159
   -0.6557    0.6976   -0.2887
   -0.4746   -0.0835    0.8762
    0.5872    0.7116    0.3859
...   107 T-A ...
    6.9140  -96.2831  -22.3525
   -0.8361    0.4941    0.2382
   -0.0213   -0.4632    0.8860
    0.5481    0.7357    0.3979
...   108 C-G ...
    8.6085  -93.6883  -21.1293
   -0.7262    0.0677    0.6841
    0.4805   -0.6617    0.5755
    0.4917    0.7467    0.4480
...   109 C-G ...
   10.2211  -91.1785  -19.7426
   -0.4241   -0.3993    0.8129
    0.7978   -0.5894    0.1267
    0.4285    0.7023    0.5685
...   110 G-C ...
   11.7473  -89.3289  -17.7211
    0.0048   -0.7365    0.6765
    0.9248   -0.2542   -0.2832
    0.3805    0.6269    0.6798
...   111 G-C ...
   12.9070  -87.6465  -15.0424
    0.4946   -0.7940    0.3535
    0.7864    0.2356   -0.5710
    0.3701    0.5604    0.7409
...   112 C-G ...
   14.0215  -86.3543  -12.1298
    0.8414   -0.5373   -0.0579
    0.3802    0.6646   -0.6432
    0.3841    0.5192    0.7635
...   113 T-A ...
   15.3227  -84.7914   -9.5041
    0.9095   -0.0815   -0.4077
   -0.1356    0.8688   -0.4762
    0.3930    0.4884    0.7791
...   114 C-G ...
   16.6497  -83.0198   -7.0064
    0.6322    0.4784   -0.6094
   -0.6622    0.7420   -0.1045
    0.4022    0.4696    0.7859
...   115 G-C ...
   17.5339  -81.2077   -4.3546
    0.0773    0.8132   -0.5768
   -0.9157    0.2867    0.2815
    0.3943    0.5065    0.7668
...   116 T-A ...
   19.4512  -79.3148   -2.2644
   -0.4644    0.8125   -0.3525
   -0.8077   -0.2253    0.5449
    0.3633    0.5377    0.7608
...   117 A-T ...
   20.9051  -77.2714    0.0778
   -0.8826    0.4700   -0.0130
   -0.3647   -0.6668    0.6500
    0.2968    0.5784    0.7598
...   118 T-A ...
   21.9404  -74.8888    2.0671
   -0.9465    0.0490    0.3190
    0.1448   -0.8189    0.5554
    0.2884    0.5719    0.7680
...   119 A-T ...
   22.9814  -73.2234    4.8185
   -0.6748   -0.4975    0.5450
    0.7006   -0.6639    0.2615
    0.2317    0.5583    0.7966
...   120 A-T ...
   23.4524  -71.3335    7.4145
   -0.1630   -0.8215    0.5464
    0.9673   -0.2421   -0.0755
    0.1943    0.5162    0.8341
...   121 T-A ...
   23.4436  -69.6862   10.3119
    0.3754   -0.8256    0.4211
    0.9095    0.2407   -0.3389
    0.1785    0.5103    0.8413
...   122 G-C ...
   24.0256  -68.1003   13.3019
    0.8476   -0.5254    0.0740
    0.4884    0.7181   -0.4957
    0.2073    0.4563    0.8653
...   123 T-A ...
   24.6360  -67.0981   16.4135
    0.9805   -0.0579   -0.1877
   -0.0330    0.8934   -0.4481
    0.1936    0.4456    0.8741
...   124 G-C ...
   25.2840  -65.6519   19.4061
    0.7467    0.4965   -0.4425
   -0.6259    0.7497   -0.2150
    0.2250    0.4375    0.8706
...   125 T-A ...
   26.3738  -64.6128   22.2829
    0.2884    0.8100   -0.5106
   -0.9301    0.3636    0.0515
    0.2274    0.4601    0.8583
...   126 C-G ...
   27.1524  -63.1761   25.0435
   -0.3297    0.8671   -0.3734
   -0.9184   -0.2029    0.3397
    0.2188    0.4550    0.8632
...   127 G-C ...
   27.2690  -61.8580   28.1438
   -0.8031    0.5316   -0.2691
   -0.5896   -0.6435    0.4881
    0.0863    0.5507    0.8303
...   128 A-T ...
   27.6945  -60.1590   30.7886
   -0.9978    0.0372    0.0551
   -0.0021   -0.8462    0.5329
    0.0665    0.5316    0.8444
...   129 C-G ...
   27.7318  -57.8062   33.0916
   -0.8458   -0.4511    0.2849
    0.5335   -0.7260    0.4340
    0.0111    0.5190    0.8547
...   130 C-G ...
   27.1048  -56.0058   35.9351
   -0.4261   -0.8257    0.3697
    0.9001   -0.3458    0.2651
   -0.0911    0.4457    0.8905
...   131 A-T ...
   27.4508  -54.8458   39.1369
    0.2047   -0.9046    0.3740
    0.9707    0.2366    0.0412
   -0.1258    0.3546    0.9265
...   132 A-T ...
   26.9247  -53.9126   42.2544
    0.7366   -0.5849    0.3395
    0.6597    0.7319   -0.1705
   -0.1488    0.3495    0.9250
...   133 A-T ...
   26.2014  -53.1022   45.3524
    0.9741   -0.0059    0.2260
    0.0870    0.9325   -0.3506
   -0.2087    0.3612    0.9088
...   134 T-A ...
   25.6309  -52.5797   48.6348
    0.8597    0.5096    0.0340
   -0.4497    0.7867   -0.4230
   -0.2423    0.3484    0.9055
...   135 G-C ...
   25.2859  -52.4981   52.0749
    0.3205    0.9427   -0.0927
   -0.8825    0.2616   -0.3908
   -0.3441    0.2071    0.9158
...   136 T-A ...
   25.5357  -52.9669   55.8001
   -0.2443    0.9563   -0.1608
   -0.8908   -0.2868   -0.3525
   -0.3832    0.0571    0.9219
...   137 G-C ...
   24.9038  -52.7260   58.9820
   -0.7529    0.5562   -0.3519
   -0.5214   -0.8303   -0.1968
   -0.4017    0.0354    0.9151
...   138 A-T ...
   24.0250  -51.6262   61.9210
   -0.9563    0.0400   -0.2896
   -0.0523   -0.9980    0.0347
   -0.2877    0.0483    0.9565
...   139 G-C ...
   22.3575  -51.2300   64.4908
   -0.8529   -0.5117   -0.1032
    0.4973   -0.8566    0.1372
   -0.1586    0.0657    0.9852
...   140 C-G ...
   22.1609  -50.1387   67.4617
   -0.4681   -0.8749    0.1247
    0.8495   -0.4066    0.3363
   -0.2435    0.2633    0.9335
...   141 G-C ...
   21.4367  -51.8165   72.7855
    0.1304   -0.7141   -0.6877
    0.8897   -0.2218    0.3990
   -0.4375   -0.6639    0.6065
...   142 C-G ...
   20.4356  -54.2995   74.5394
    0.5847   -0.7390   -0.3347
    0.7593    0.3532    0.5466
   -0.2857   -0.5737    0.7676
...   143 T-A ...
   18.4378  -55.5191   76.5272
    0.8548   -0.5006    0.1370
    0.3188    0.7147    0.6225
   -0.4096   -0.4884    0.7705
...   144 C-G ...
   16.8486  -57.7127   78.2647
    0.8529   -0.0846    0.5152
   -0.1509    0.9047    0.3983
   -0.4998   -0.4175    0.7589
...   145 A-T ...
   15.7934  -59.5519   80.7962
    0.5515    0.4995    0.6681
   -0.6739    0.7388    0.0040
   -0.4915   -0.4525    0.7441
...   146 C-G ...
   15.7411  -61.4840   83.9295
    0.0342    0.7400    0.6718
   -0.8637    0.3601   -0.3527
   -0.5029   -0.5681    0.6514
...   147 A-T ...
   14.7482  -63.4171   86.8164
   -0.5923    0.6746    0.4405
   -0.6886   -0.1400   -0.7115
   -0.4183   -0.7247    0.5475
