  147 base-pairs
...     1 T-A ...
    0.0000    0.0000    0.0000
    1.0000    0.0000    0.0000
    0.0000    1.0000    0.0000
    0.0000    0.0000    1.0000
...     2 G-C ...
   -0.5555   -1.1003    3.3981
    0.7749    0.6051    0.1828
   -0.5991    0.7953   -0.0929
   -0.2016   -0.0375    0.9787
...     3 T-A ...
   -0.6619   -3.0237    6.5348
    0.3046    0.9250    0.2271
   -0.8994    0.3578   -0.2510
   -0.3134   -0.1278    0.9410
...     4 G-C ...
   -1.1607   -3.8418    9.6940
   -0.3351    0.9421    0.0133
   -0.8752   -0.3061   -0.3746
   -0.3489   -0.1372    0.9271
...     5 A-T ...
   -1.3881   -3.6770   12.8999
   -0.7835    0.6162   -0.0801
   -0.5677   -0.7622   -0.3109
   -0.2527   -0.1981    0.9470
...     6 G-C ...
   -2.6236   -3.5448   15.7072
   -0.9923    0.0611   -0.1075
   -0.0294   -0.9610   -0.2748
   -0.1201   -0.2695    0.9555
...     7 C-G ...
   -2.3138   -3.7570   18.8866
   -0.8620   -0.4995   -0.0864
    0.5008   -0.8655    0.0073
   -0.0785   -0.0370    0.9962
...     8 G-C ...
   -3.9561   -6.8109   23.3205
   -0.2581   -0.3560   -0.8981
    0.6294   -0.7673    0.1233
   -0.7330   -0.5335    0.4221
...     9 C-G ...
   -6.1177   -8.9414   24.2385
    0.1143   -0.7320   -0.6716
    0.8123   -0.3203    0.4874
   -0.5720   -0.6013    0.5580
...    10 T-A ...
   -8.5041   -9.6771   26.0540
    0.4660   -0.8587   -0.2131
    0.6274    0.1508    0.7640
   -0.6239   -0.4897    0.6090
...    11 C-G ...
  -11.0625  -11.3174   27.2336
    0.6660   -0.6911    0.2808
    0.3382    0.6152    0.7121
   -0.6649   -0.3794    0.6435
...    12 A-T ...
  -13.0013  -13.1789   29.0658
    0.7188   -0.1490    0.6790
   -0.1787    0.9043    0.3876
   -0.6718   -0.4000    0.6235
...    13 C-G ...
  -14.1788  -15.9359   31.3399
    0.4052    0.2865    0.8682
   -0.5270    0.8492   -0.0343
   -0.7470   -0.4437    0.4951
...    14 A-T ...
  -15.9532  -18.1566   33.3080
   -0.1503    0.6873    0.7107
   -0.6106    0.5008   -0.6135
   -0.7776   -0.5261    0.3444
...    15 A-T ...
  -18.3223  -20.0133   34.6014
   -0.5315    0.8226    0.2018
   -0.3711   -0.0120   -0.9285
   -0.7614   -0.5684    0.3117
...    16 T-A ...
  -20.6240  -21.7524   36.2561
   -0.6616    0.6773   -0.3219
   -0.0165   -0.4424   -0.8967
   -0.7497   -0.5879    0.3038
...    17 T-A ...
  -23.0490  -23.5852   37.4406
   -0.5429    0.2664   -0.7964
    0.4023   -0.7500   -0.5251
   -0.7372   -0.6055    0.3000
...    18 T-A ...
  -25.5245  -25.4183   38.4898
   -0.1833   -0.2298   -0.9558
    0.6545   -0.7540    0.0557
   -0.7335   -0.6154    0.2886
...    19 A-T ...
  -27.7235  -27.7936   39.5663
    0.3245   -0.6326   -0.7032
    0.6049   -0.4328    0.6685
   -0.7272   -0.6423    0.2422
...    20 T-A ...
  -30.3803  -29.7283   39.7743
    0.6039   -0.7578   -0.2470
    0.3355   -0.0394    0.9412
   -0.7230   -0.6513    0.2304
...    21 T-A ...
  -32.7403  -31.9081   40.3083
    0.6793   -0.6328    0.3717
   -0.1060    0.4167    0.9029
   -0.7262   -0.6527    0.2160
...    22 C-G ...
  -35.0144  -34.2150   41.0474
    0.4666   -0.2318    0.8536
   -0.5261    0.7030    0.4785
   -0.7110   -0.6723    0.2061
...    23 G-C ...
  -37.6423  -36.1779   42.0426
    0.0823    0.2771    0.9573
   -0.7309    0.6698   -0.1310
   -0.6775   -0.6889    0.2577
...    24 C-G ...
  -39.6319  -38.7102   43.0960
   -0.3519    0.6255    0.6964
   -0.6420    0.3801   -0.6658
   -0.6811   -0.6814    0.2678
...    25 A-T ...
  -42.0906  -40.9623   43.6223
   -0.6384    0.7614    0.1128
   -0.2762   -0.0898   -0.9569
   -0.7185   -0.6420    0.2676
...    26 A-T ...
  -44.3714  -43.0349   44.6992
   -0.6851    0.5416   -0.4872
    0.1848   -0.5177   -0.8354
   -0.7046   -0.6624    0.2546
...    27 A-T ...
  -46.7166  -45.0801   45.6541
   -0.4287    0.1290   -0.8942
    0.5673   -0.7318   -0.3776
   -0.7031   -0.6692    0.2406
...    28 G-C ...
  -49.2476  -47.1348   46.3990
    0.0272   -0.2476   -0.9685
    0.7039   -0.6832    0.1944
   -0.7098   -0.6870    0.1558
...    29 G-C ...
  -51.7569  -49.3988   46.6308
    0.4968   -0.5242   -0.6917
    0.5350   -0.4426    0.7197
   -0.6834   -0.7275    0.0606
...    30 C-G ...
  -54.0719  -51.8015   46.3170
    0.7448   -0.6489   -0.1553
    0.1296   -0.0877    0.9877
   -0.6546   -0.7558    0.0188
...    31 C-G ...
  -55.9876  -54.6104   46.1752
    0.7192   -0.5290    0.4504
   -0.3668    0.2615    0.8928
   -0.5901   -0.8073   -0.0059
...    32 G-C ...
  -58.0443  -57.3223   46.6718
    0.3778   -0.2138    0.9009
   -0.7639    0.4779    0.4337
   -0.5232   -0.8520    0.0172
...    33 G-C ...
  -59.5916  -60.3673   46.8504
   -0.1281    0.1451    0.9811
   -0.8516    0.4909   -0.1838
   -0.5083   -0.8591    0.0607
...    34 C-G ...
  -60.9986  -63.4302   47.2474
   -0.5979    0.4175    0.6842
   -0.6122    0.3131   -0.7261
   -0.5174   -0.8530    0.0684
...    35 C-G ...
  -62.6459  -66.4013   47.6718
   -0.8119    0.5711    0.1208
   -0.1391    0.0117   -0.9902
   -0.5669   -0.8208    0.0700
...    36 C-G ...
  -64.5326  -69.2132   48.1474
   -0.6920    0.5368   -0.4826
    0.3665   -0.3146   -0.8756
   -0.6219   -0.7828    0.0210
...    37 G-C ...
  -66.3804  -72.0980   47.9199
   -0.2543    0.3481   -0.9023
    0.7095   -0.5669   -0.4187
   -0.6572   -0.7467   -0.1028
...    38 A-T ...
  -68.5683  -74.5388   47.5614
    0.2739   -0.0260   -0.9614
    0.7115   -0.6671    0.2208
   -0.6471   -0.7445   -0.1642
...    39 C-G ...
  -71.0284  -76.5634   46.6664
    0.6529   -0.3494   -0.6720
    0.4280   -0.5619    0.7079
   -0.6249   -0.7498   -0.2173
...    40 A-T ...
  -72.9004  -79.3191   46.0506
    0.8381   -0.5391   -0.0836
   -0.0876   -0.2842    0.9547
   -0.5385   -0.7928   -0.2854
...    41 C-G ...
  -74.3623  -81.9030   44.4946
    0.6556   -0.5921    0.4686
   -0.5583    0.0377    0.8288
   -0.5084   -0.8050   -0.3059
...    42 G-C ...
  -76.2230  -84.7486   43.9653
    0.1996   -0.4085    0.8907
   -0.8762    0.3324    0.3489
   -0.4386   -0.8501   -0.2916
...    43 A-T ...
  -77.5899  -87.6548   43.0163
   -0.4151   -0.1218    0.9016
   -0.8054    0.5102   -0.3019
   -0.4232   -0.8514   -0.3098
...    44 C-G ...
  -78.5649  -90.8371   42.3182
   -0.8053    0.1797    0.5650
   -0.4228    0.4939   -0.7598
   -0.4156   -0.8507   -0.3218
...    45 T-A ...
  -79.9399  -93.8106   41.4817
   -0.8898    0.4555    0.0280
    0.1283    0.3085   -0.9425
   -0.4380   -0.8351   -0.3329
...    46 T-A ...
  -81.3575  -96.6168   40.5944
   -0.6316    0.5377   -0.5585
    0.6580   -0.0091   -0.7530
   -0.4100   -0.8431   -0.3481
...    47 A-T ...
  -82.3295  -99.5963   39.2128
   -0.0193    0.4357   -0.8999
    0.9162   -0.3526   -0.1904
   -0.4003   -0.8281   -0.3924
...    48 C-G ...
  -84.1756 -102.0042   37.8802
    0.5128    0.2122   -0.8319
    0.7689   -0.5444    0.3352
   -0.3818   -0.8115   -0.4424
...    49 T-A ...
  -85.4874 -104.5215   36.1203
    0.8887   -0.0627   -0.4543
    0.3282   -0.6048    0.7256
   -0.3203   -0.7939   -0.5169
...    50 G-C ...
  -86.2264 -107.4435   34.5534
    0.9289   -0.3440    0.1373
   -0.3028   -0.4920    0.8163
   -0.2133   -0.7998   -0.5611
...    51 T-A ...
  -86.4325 -109.8963   32.2844
    0.6008   -0.5473    0.5826
   -0.7787   -0.2358    0.5814
   -0.1808   -0.8030   -0.5679
...    52 A-T ...
  -87.8557 -112.6258   30.5581
   -0.1593   -0.6322    0.7583
   -0.9715    0.2368   -0.0067
   -0.1753   -0.7378   -0.6519
...    53 T-A ...
  -87.7759 -115.2967   28.5418
   -0.6718   -0.4360    0.5989
   -0.7259    0.5483   -0.4152
   -0.1474   -0.7136   -0.6848
...    54 C-G ...
  -88.1717 -117.7333   26.2753
   -0.9842   -0.0030    0.1770
   -0.1261    0.7134   -0.6894
   -0.1242   -0.7008   -0.7025
...    55 A-T ...
  -88.3576 -119.7677   23.5852
   -0.8355    0.4795   -0.2683
    0.5295    0.5721   -0.6264
   -0.1468   -0.6654   -0.7319
...    56 T-A ...
  -89.2724 -122.2360   21.5699
   -0.4229    0.7086   -0.5648
    0.8975    0.2414   -0.3691
   -0.1252   -0.6630   -0.7381
...    57 G-C ...
  -89.3978 -124.4112   18.9761
    0.2157    0.7866   -0.5786
    0.9713   -0.2336    0.0446
   -0.1000   -0.5716   -0.8144
...    58 T-A ...
  -90.2017 -125.9327   16.1575
    0.7172    0.5674   -0.4046
    0.6948   -0.6270    0.3523
   -0.0538   -0.5338   -0.8439
...    59 T-A ...
  -90.3569 -127.5150   13.3388
    0.9903    0.1173   -0.0741
    0.1387   -0.8515    0.5057
   -0.0037   -0.5110   -0.8595
...    60 A-T ...
  -90.1711 -129.4929   10.5847
    0.8484   -0.4180    0.3247
   -0.5224   -0.7599    0.3868
    0.0850   -0.4978   -0.8631
...    61 T-A ...
  -89.3504 -130.6950    7.6160
    0.4409   -0.7617    0.4747
   -0.8920   -0.4308    0.1373
    0.0999   -0.4839   -0.8694
...    62 A-T ...
  -89.7760 -132.4027    4.5804
   -0.3091   -0.8909    0.3328
   -0.9419    0.2386   -0.2363
    0.1311   -0.3865   -0.9129
...    63 A-T ...
  -89.0287 -133.7565    1.6803
   -0.8118   -0.5831    0.0329
   -0.5512    0.7464   -0.3730
    0.1929   -0.3209   -0.9273
...    64 C-G ...
  -88.1339 -135.3709   -1.1812
   -0.9763   -0.0667   -0.2058
    0.0012    0.9496   -0.3136
    0.2163   -0.3064   -0.9270
...    65 G-C ...
  -87.0051 -135.9010   -4.3682
   -0.7879    0.5403   -0.2955
    0.5835    0.8083   -0.0780
    0.1967   -0.2339   -0.9522
...    66 G-C ...
  -86.2700 -136.9667   -7.5240
   -0.3264    0.9234   -0.2020
    0.9220    0.3581    0.1473
    0.2084   -0.1382   -0.9682
...    67 A-T ...
  -85.5731 -137.5306  -10.6846
    0.2783    0.9605   -0.0041
    0.9278   -0.2677    0.2599
    0.2485   -0.0761   -0.9656
...    68 G-C ...
  -84.8721 -137.5259  -13.9211
    0.7023    0.6649    0.2543
    0.6293   -0.7469    0.2148
    0.3327    0.0092   -0.9430
...    69 G-C ...
  -83.6121 -137.0608  -17.0117
    0.8812    0.1350    0.4530
    0.1559   -0.9877   -0.0089
    0.4462    0.0785   -0.8915
...    70 T-A ...
  -81.9190 -136.1938  -19.6934
    0.7997   -0.4222    0.4268
   -0.3245   -0.9021   -0.2843
    0.5051    0.0889   -0.8585
...    71 A-T ...
  -80.1988 -136.2273  -22.6174
    0.3957   -0.9034    0.1651
   -0.7301   -0.4185   -0.5402
    0.5572    0.0932   -0.8252
...    72 T-A ...
  -77.8019 -135.8107  -24.8829
   -0.0350   -0.9845   -0.1718
   -0.8207    0.1264   -0.5571
    0.5702    0.1215   -0.8125
...    73 C-G ...
  -75.8114 -135.5618  -27.5429
   -0.5200   -0.6848   -0.5105
   -0.6101    0.7161   -0.3390
    0.5977    0.1352   -0.7902
...    74 T-A ...
  -73.6726 -135.3975  -30.1443
   -0.7712   -0.1530   -0.6179
   -0.2052    0.9786    0.0138
    0.6026    0.1375   -0.7861
...    75 C-G ...
  -71.5316 -135.0258  -32.6785
   -0.7251    0.4942   -0.4796
    0.2998    0.8535    0.4263
    0.6200    0.1654   -0.7670
...    76 G-C ...
  -69.0146 -134.2603  -34.8566
   -0.4753    0.8781   -0.0554
    0.6369    0.3868    0.6669
    0.6070    0.2816   -0.7431
...    77 A-T ...
  -66.9864 -133.4531  -37.3097
   -0.0386    0.9145    0.4027
    0.7800   -0.2243    0.5842
    0.6246    0.3367   -0.7047
...    78 G-C ...
  -65.0879 -132.1130  -39.6644
    0.3121    0.6050    0.7325
    0.6783   -0.6818    0.2741
    0.6652    0.4113   -0.6231
...    79 C-G ...
  -63.1161 -130.2830  -41.5830
    0.5758    0.0947    0.8121
    0.4150   -0.8897   -0.1905
    0.7045    0.4467   -0.5516
...    80 T-A ...
  -60.7133 -128.5334  -43.0494
    0.6398   -0.4432    0.6278
    0.0862   -0.7704   -0.6317
    0.7637    0.4583   -0.4547
...    81 C-G ...
  -58.0041 -127.1395  -44.2922
    0.5392   -0.8313    0.1351
   -0.2723   -0.3239   -0.9061
    0.7970    0.4517   -0.4010
...    82 G-C ...
  -55.2433 -126.0440  -45.9642
    0.2305   -0.8846   -0.4054
   -0.4596    0.2683   -0.8467
    0.8577    0.3815   -0.3447
...    83 G-C ...
  -52.1432 -125.0751  -47.0269
   -0.1011   -0.5754   -0.8116
   -0.4754    0.7446   -0.4686
    0.8739    0.3384   -0.3488
...    84 G-C ...
  -49.0573 -124.1315  -48.1429
   -0.3826   -0.0418   -0.9230
   -0.3248    0.9413    0.0920
    0.8649    0.3350   -0.3737
...    85 A-T ...
  -46.0882 -123.1220  -49.2523
   -0.4965    0.5558   -0.6668
   -0.0412    0.7522    0.6577
    0.8671    0.3540   -0.3505
...    86 T-A ...
  -43.2995 -122.3927  -50.8910
   -0.4337    0.8735   -0.2212
    0.2085    0.3361    0.9184
    0.8766    0.3522   -0.3279
...    87 C-G ...
  -40.3704 -121.3131  -51.9926
   -0.2598    0.8778    0.4025
    0.4124   -0.2760    0.8682
    0.8732    0.3916   -0.2903
...    88 C-G ...
  -37.5446 -119.8320  -53.1111
   -0.0883    0.5208    0.8491
    0.4949   -0.7168    0.4911
    0.8644    0.4636   -0.1945
...    89 G-C ...
  -34.4458 -118.4623  -53.4211
    0.0723   -0.0575    0.9957
    0.4980   -0.8629   -0.0860
    0.8642    0.5021   -0.0338
...    90 C-G ...
  -31.7949 -116.4724  -53.1199
    0.2841   -0.5615    0.7772
    0.4067   -0.6635   -0.6280
    0.8683    0.4945    0.0399
...    91 T-A ...
  -28.9497 -114.8251  -52.5459
    0.4063   -0.8649    0.2947
    0.2348   -0.2129   -0.9484
    0.8830    0.4546    0.1166
...    92 T-A ...
  -26.1074 -113.3719  -51.8740
    0.4911   -0.8075   -0.3269
   -0.0409    0.3534   -0.9346
    0.8702    0.4723    0.1406
...    93 T-A ...
  -23.2446 -111.9757  -51.1197
    0.4158   -0.4022   -0.8157
   -0.3295    0.7693   -0.5473
    0.8476    0.4964    0.1874
...    94 A-T ...
  -20.7948 -109.5884  -50.4317
    0.1597    0.3101   -0.9372
   -0.5623    0.8089    0.1718
    0.8113    0.4996    0.3035
...    95 A-T ...
  -17.9888 -108.2042  -49.4657
   -0.1707    0.7623   -0.6243
   -0.5701    0.4403    0.6936
    0.8036    0.4743    0.3595
...    96 C-G ...
  -15.0184 -106.8225  -48.7561
   -0.4689    0.8712   -0.1451
   -0.3938   -0.0591    0.9173
    0.7906    0.4873    0.3708
...    97 A-T ...
  -12.4354 -105.3403  -47.1787
   -0.6882    0.6093    0.3939
   -0.0373   -0.5719    0.8195
    0.7246    0.5492    0.4163
...    98 C-G ...
  -10.1896 -103.1152  -46.2196
   -0.6361    0.1765    0.7512
    0.3411   -0.8089    0.4789
    0.6922    0.5608    0.4543
...    99 T-A ...
   -8.1504 -101.0278  -44.6303
   -0.4095   -0.3445    0.8448
    0.6523   -0.7579    0.0071
    0.6378    0.5540    0.5351
...   100 T-A ...
   -6.2578  -99.1526  -42.7858
    0.0248   -0.7383    0.6740
    0.7805   -0.4070   -0.4745
    0.6247    0.5378    0.5662
...   101 T-A ...
   -4.4062  -97.4175  -40.7568
    0.4731   -0.8404    0.2645
    0.6310    0.1137   -0.7674
    0.6148    0.5299    0.5841
...   102 A-T ...
   -2.1063  -95.5407  -39.0856
    0.7828   -0.5512   -0.2890
    0.1826    0.6473   -0.7400
    0.5949    0.5265    0.6074
...   103 T-A ...
   -0.1694  -94.3716  -36.6462
    0.7782   -0.1109   -0.6182
   -0.2572    0.8417   -0.4748
    0.5730    0.5285    0.6265
...   104 G-C ...
    1.6518  -92.3268  -34.7193
    0.4384    0.4067   -0.8015
   -0.6684    0.7437    0.0119
    0.6009    0.5305    0.5979
...   105 C-G ...
    3.9391  -90.8241  -32.7605
   -0.0343    0.7465   -0.6645
   -0.8055    0.3729    0.4605
    0.5916    0.5511    0.5885
...   106 T-A ...
    6.1144  -88.9977  -30.9898
   -0.5026    0.8005   -0.3265
   -0.6563   -0.1074    0.7468
    0.5627    0.5896    0.5794
...   107 T-A ...
    8.0708  -87.0580  -29.2638
   -0.7979    0.5791    0.1676
   -0.2462   -0.5668    0.7862
    0.5503    0.5860    0.5948
...   108 C-G ...
    9.8592  -85.0894  -27.3272
   -0.8166    0.0882    0.5705
    0.2836   -0.7995    0.5295
    0.5028    0.5941    0.6278
...   109 C-G ...
   11.2614  -82.8948  -25.1803
   -0.5717   -0.4346    0.6959
    0.7050   -0.6941    0.1457
    0.4197    0.5739    0.7032
...   110 G-C ...
   12.8048  -81.3572  -22.5755
   -0.1160   -0.8215    0.5583
    0.9310   -0.2858   -0.2271
    0.3461    0.4934    0.7980
...   111 G-C ...
   13.6860  -79.9914  -19.5926
    0.3991   -0.8769    0.2679
    0.8547    0.2500   -0.4550
    0.3320    0.4106    0.8492
...   112 C-G ...
   14.5785  -79.0244  -16.5060
    0.8040   -0.5915   -0.0606
    0.4897    0.7165   -0.4968
    0.3373    0.3698    0.8657
...   113 T-A ...
   15.7345  -78.1509  -13.4791
    0.9311   -0.0991   -0.3511
   -0.0324    0.9362   -0.3500
    0.3634    0.3373    0.8685
...   114 C-G ...
   17.0009  -77.1351  -10.5799
    0.7133    0.5023   -0.4888
   -0.6008    0.7973   -0.0575
    0.3609    0.3347    0.8705
...   115 G-C ...
   17.8397  -75.7285   -7.6005
    0.1914    0.8504   -0.4902
   -0.9074    0.3436    0.2419
    0.3741    0.3985    0.8374
...   116 T-A ...
   19.6443  -74.4956   -5.0572
   -0.3431    0.8909   -0.2976
   -0.8700   -0.1820    0.4582
    0.3540    0.4162    0.8375
...   117 A-T ...
   20.5922  -73.2984   -2.0309
   -0.8320    0.5541    0.0281
   -0.4556   -0.7112    0.5353
    0.3166    0.4326    0.8442
...   118 T-A ...
   21.7398  -71.3552    0.3582
   -0.9539    0.0978    0.2837
    0.0399   -0.8956    0.4430
    0.2975    0.4339    0.8504
...   119 A-T ...
   22.6670  -70.0959    3.3418
   -0.7500   -0.5086    0.4228
    0.6251   -0.7540    0.2018
    0.2162    0.4157    0.8834
...   120 A-T ...
   23.1393  -68.6795    6.2242
   -0.2463   -0.8601    0.4467
    0.9493   -0.3070   -0.0675
    0.1952    0.4075    0.8921
...   121 T-A ...
   23.0900  -67.3532    9.2460
    0.2844   -0.8939    0.3465
    0.9409    0.1909   -0.2797
    0.1839    0.4056    0.8954
...   122 G-C ...
   24.0720  -66.0991   12.2057
    0.7837   -0.6188    0.0546
    0.5874    0.7097   -0.3889
    0.2019    0.3369    0.9196
...   123 T-A ...
   24.5602  -65.5679   15.4944
    0.9774   -0.1266   -0.1695
    0.0606    0.9351   -0.3492
    0.2027    0.3311    0.9216
...   124 G-C ...
   25.2647  -64.1516   18.4513
    0.8016    0.4538   -0.3893
   -0.5443    0.8233   -0.1611
    0.2474    0.3410    0.9069
...   125 T-A ...
   26.5386  -63.4565   21.4893
    0.3687    0.8269   -0.4246
   -0.8981    0.4346    0.0666
    0.2396    0.3568    0.9029
...   126 C-G ...
   27.3874  -62.3489   24.4959
   -0.2643    0.9089   -0.3225
   -0.9398   -0.1676    0.2978
    0.2166    0.3818    0.8985
...   127 G-C ...
   27.7600  -61.2334   27.6868
   -0.7795    0.5902   -0.2096
   -0.6158   -0.6610    0.4288
    0.1146    0.4633    0.8787
...   128 A-T ...
   28.1326  -59.6616   30.5460
   -0.9981    0.0488    0.0365
   -0.0256   -0.8792    0.4757
    0.0553    0.4739    0.8789
...   129 C-G ...
   28.0844  -57.5909   33.1164
   -0.8580   -0.4533    0.2416
    0.5137   -0.7580    0.4019
    0.0009    0.4689    0.8832
...   130 C-G ...
   27.6445  -56.0465   36.0911
   -0.4188   -0.8402    0.3445
    0.9039   -0.3493    0.2471
   -0.0873    0.4149    0.9057
...   131 A-T ...
   27.5359  -54.8821   39.2447
    0.2079   -0.9135    0.3498
    0.9700    0.2386    0.0466
   -0.1260    0.3296    0.9357
...   132 A-T ...
   26.8849  -53.9698   42.3114
    0.7414   -0.5777    0.3413
    0.6526    0.7392   -0.1664
   -0.1562    0.3461    0.9251
...   133 A-T ...
   26.2233  -53.0994   45.3962
    0.9751    0.0023    0.2218
    0.0768    0.9346   -0.3474
   -0.2081    0.3558    0.9111
...   134 T-A ...
   25.6307  -52.5796   48.6349
    0.8597    0.5096    0.0340
   -0.4497    0.7867   -0.4230
   -0.2423    0.3484    0.9055
...   135 G-C ...
   25.2857  -52.4980   52.0750
    0.3205    0.9427   -0.0927
   -0.8825    0.2616   -0.3908
   -0.3442    0.2071    0.9158
...   136 T-A ...
   25.5355  -52.9667   55.8001
   -0.2443    0.9563   -0.1608
   -0.8908   -0.2868   -0.3525
   -0.3832    0.0571    0.9219
...   137 G-C ...
   24.9036  -52.7259   58.9820
   -0.7529    0.5562   -0.3519
   -0.5214   -0.8303   -0.1968
   -0.4017    0.0354    0.9151
...   138 A-T ...
   24.0248  -51.6260   61.9210
   -0.9563    0.0400   -0.2896
   -0.0523   -0.9980    0.0347
   -0.2877    0.0483    0.9565
...   139 G-C ...
   22.3573  -51.2299   64.4908
   -0.8529   -0.5117   -0.1032
    0.4973   -0.8566    0.1372
   -0.1586    0.0657    0.9852
...   140 C-G ...
   22.1607  -50.1385   67.4617
   -0.4681   -0.8749    0.1247
    0.8495   -0.4066    0.3363
   -0.2435    0.2633    0.9335
...   141 G-C ...
   21.4365  -51.8163   72.7855
    0.1304   -0.7141   -0.6877
    0.8897   -0.2218    0.3990
   -0.4375   -0.6639    0.6065
...   142 C-G ...
   20.4354  -54.2994   74.5394
    0.5847   -0.7390   -0.3347
    0.7593    0.3532    0.5466
   -0.2857   -0.5737    0.7676
...   143 T-A ...
   18.4377  -55.5189   76.5272
    0.8548   -0.5006    0.1370
    0.3188    0.7147    0.6225
   -0.4096   -0.4884    0.7705
...   144 C-G ...
   16.8484  -57.7126   78.2647
    0.8529   -0.0846    0.5152
   -0.1509    0.9047    0.3983
   -0.4998   -0.4175    0.7589
...   145 A-T ...
   15.7932  -59.5517   80.7962
    0.5515    0.4995    0.6681
   -0.6739    0.7388    0.0040
   -0.4915   -0.4525    0.7441
...   146 C-G ...
   15.7409  -61.4838   83.9295
    0.0342    0.7400    0.6718
   -0.8637    0.3601   -0.3527
   -0.5029   -0.5681    0.6514
...   147 A-T ...
   14.7480  -63.4170   86.8164
   -0.5923    0.6746    0.4405
   -0.6886   -0.1400   -0.7115
   -0.4183   -0.7247    0.5475
