  147 base-pairs
...     1 T-A ...
    0.0000    0.0000    0.0000
    1.0000    0.0000    0.0000
    0.0000    1.0000    0.0000
    0.0000    0.0000    1.0000
...     2 G-C ...
   -0.5555   -1.1003    3.3981
    0.7749    0.6051    0.1828
   -0.5991    0.7953   -0.0929
   -0.2016   -0.0375    0.9787
...     3 T-A ...
   -0.6619   -3.0237    6.5348
    0.3046    0.9250    0.2271
   -0.8994    0.3578   -0.2510
   -0.3134   -0.1278    0.9410
...     4 G-C ...
   -1.1607   -3.8418    9.6940
   -0.3351    0.9421    0.0133
   -0.8752   -0.3061   -0.3746
   -0.3489   -0.1372    0.9271
...     5 A-T ...
   -1.3881   -3.6770   12.8999
   -0.7835    0.6162   -0.0801
   -0.5677   -0.7622   -0.3109
   -0.2527   -0.1981    0.9470
...     6 G-C ...
   -2.6236   -3.5448   15.7072
   -0.9923    0.0611   -0.1075
   -0.0294   -0.9610   -0.2748
   -0.1201   -0.2695    0.9555
...     7 C-G ...
   -2.3138   -3.7570   18.8866
   -0.8620   -0.4995   -0.0864
    0.5008   -0.8655    0.0073
   -0.0785   -0.0370    0.9962
...     8 G-C ...
   -3.9561   -6.8109   23.3205
   -0.2581   -0.3560   -0.8981
    0.6294   -0.7673    0.1233
   -0.7330   -0.5335    0.4221
...     9 C-G ...
   -6.1177   -8.9414   24.2385
    0.1143   -0.7320   -0.6716
    0.8123   -0.3203    0.4874
   -0.5720   -0.6013    0.5580
...    10 T-A ...
   -8.5041   -9.6771   26.0540
    0.4660   -0.8587   -0.2131
    0.6274    0.1508    0.7640
   -0.6239   -0.4897    0.6090
...    11 C-G ...
  -11.0625  -11.3174   27.2336
    0.6660   -0.6911    0.2808
    0.3382    0.6152    0.7121
   -0.6649   -0.3794    0.6435
...    12 A-T ...
  -13.0013  -13.1789   29.0658
    0.7188   -0.1490    0.6790
   -0.1787    0.9043    0.3876
   -0.6718   -0.4000    0.6235
...    13 C-G ...
  -14.1788  -15.9359   31.3399
    0.4052    0.2865    0.8682
   -0.5270    0.8492   -0.0343
   -0.7470   -0.4437    0.4951
...    14 A-T ...
  -15.9532  -18.1566   33.3080
   -0.1503    0.6873    0.7107
   -0.6106    0.5008   -0.6135
   -0.7776   -0.5261    0.3444
...    15 A-T ...
  -18.3063  -20.0039   34.6363
   -0.5280    0.8217    0.2145
   -0.3832   -0.0051   -0.9237
   -0.7579   -0.5698    0.3176
...    16 T-A ...
  -20.5810  -21.7516   36.3220
   -0.6695    0.6796   -0.2997
   -0.0347   -0.4317   -0.9014
   -0.7420   -0.5931    0.3126
...    17 T-A ...
  -22.9674  -23.5895   37.5785
   -0.5729    0.2743   -0.7724
    0.3896   -0.7379   -0.5511
   -0.7211   -0.6166    0.3159
...    18 T-A ...
  -25.3914  -25.4379   38.7171
   -0.2273   -0.2126   -0.9503
    0.6648   -0.7470    0.0081
   -0.7116   -0.6299    0.3112
...    19 A-T ...
  -27.5777  -27.7715   39.8132
    0.2888   -0.5889   -0.7549
    0.6537   -0.4547    0.6049
   -0.6995   -0.6682    0.2536
...    20 T-A ...
  -30.1744  -29.7608   40.0912
    0.6010   -0.7242   -0.3380
    0.4053   -0.0883    0.9099
   -0.6888   -0.6839    0.2405
...    21 T-A ...
  -32.4142  -32.0392   40.6609
    0.7365   -0.6261    0.2560
   -0.0348    0.3429    0.9387
   -0.6755   -0.7003    0.2308
...    22 C-G ...
  -34.4721  -34.5008   41.4329
    0.5789   -0.2707    0.7691
   -0.4985    0.6289    0.5966
   -0.6452   -0.7288    0.2292
...    23 G-C ...
  -36.7493  -36.7357   42.6304
    0.2127    0.2039    0.9556
   -0.7838    0.6196    0.0422
   -0.5835   -0.7579    0.2916
...    24 C-G ...
  -38.3475  -39.4591   43.8112
   -0.2677    0.5345    0.8017
   -0.7736    0.3768   -0.5095
   -0.5744   -0.7566    0.3126
...    25 A-T ...
  -40.4965  -41.9135   44.6090
   -0.6593    0.6876    0.3044
   -0.4502   -0.0368   -0.8922
   -0.6022   -0.7252    0.3338
...    26 A-T ...
  -42.3434  -44.2635   45.9313
   -0.8165    0.5028   -0.2836
    0.0523   -0.4249   -0.9037
   -0.5749   -0.7527    0.3207
...    27 A-T ...
  -44.2382  -46.6092   47.1700
   -0.6287    0.1425   -0.7645
    0.5410   -0.6261   -0.5616
   -0.5586   -0.7666    0.3165
...    28 G-C ...
  -46.2949  -49.0010   48.2677
   -0.1774   -0.1688   -0.9695
    0.8019   -0.5959   -0.0430
   -0.5705   -0.7851    0.2411
...    29 G-C ...
  -48.4101  -51.5548   48.9407
    0.3656   -0.3920   -0.8442
    0.7519   -0.4103    0.5161
   -0.5486   -0.8234    0.1447
...    30 C-G ...
  -50.4360  -54.1991   48.9889
    0.7568   -0.5053   -0.4146
    0.4035   -0.1379    0.9045
   -0.5143   -0.8518    0.0995
...    31 C-G ...
  -51.9534  -57.2249   49.0032
    0.8930   -0.4186    0.1656
   -0.1228    0.1274    0.9842
   -0.4331   -0.8992    0.0624
...    32 G-C ...
  -53.2449  -60.3107   49.6982
    0.6819   -0.1827    0.7082
   -0.6536    0.2824    0.7022
   -0.3283   -0.9417    0.0732
...    33 G-C ...
  -53.9743  -63.6221   50.0429
    0.1956    0.0651    0.9785
   -0.9406    0.2949    0.1684
   -0.2776   -0.9533    0.1189
...    34 C-G ...
  -54.5008  -66.9103   50.6015
   -0.3808    0.2373    0.8937
   -0.8847    0.1875   -0.4268
   -0.2689   -0.9532    0.1385
...    35 C-G ...
  -55.2750  -70.1581   51.3171
   -0.8113    0.3463    0.4710
   -0.5011    0.0030   -0.8654
   -0.3011   -0.9381    0.1711
...    36 C-G ...
  -56.2206  -73.3336   52.1446
   -0.9310    0.3424   -0.1266
    0.0615   -0.1948   -0.9789
   -0.3598   -0.9191    0.1603
...    37 G-C ...
  -57.2254  -76.5942   52.2916
   -0.6721    0.2601   -0.6933
    0.6054   -0.3463   -0.7167
   -0.4265   -0.9014    0.0753
...    38 A-T ...
  -58.6337  -79.5586   52.6092
   -0.1437    0.0419   -0.9887
    0.8925   -0.4262   -0.1478
   -0.4276   -0.9037    0.0238
...    39 C-G ...
  -60.5786  -82.2326   52.5851
    0.3853   -0.1485   -0.9108
    0.8229   -0.3914    0.4119
   -0.4177   -0.9081   -0.0286
...    40 A-T ...
  -61.7353  -85.4043   52.4981
    0.8421   -0.2375   -0.4842
    0.4207   -0.2725    0.8653
   -0.3374   -0.9324   -0.1295
...    41 C-G ...
  -62.8539  -88.3354   51.4151
    0.9474   -0.3121    0.0706
   -0.1158   -0.1289    0.9849
   -0.2983   -0.9413   -0.1582
...    42 G-C ...
  -63.6372  -91.6631   51.3475
    0.7165   -0.2485    0.6518
   -0.6726    0.0019    0.7400
   -0.1851   -0.9686   -0.1658
...    43 A-T ...
  -64.0798  -94.9249   50.8423
    0.1401   -0.1969    0.9704
   -0.9772    0.1307    0.1676
   -0.1598   -0.9717   -0.1741
...    44 C-G ...
  -63.9610  -98.2764   50.3816
   -0.4312   -0.0993    0.8968
   -0.8902    0.2087   -0.4050
   -0.1469   -0.9729   -0.1784
...    45 T-A ...
  -64.2714 -101.6162   50.0383
   -0.8601    0.0522    0.5075
   -0.4852    0.2237   -0.8453
   -0.1576   -0.9733   -0.1671
...    46 T-A ...
  -64.6156 -104.8545   49.7079
   -0.9834    0.1373   -0.1187
    0.1421    0.1750   -0.9743
   -0.1130   -0.9749   -0.1916
...    47 A-T ...
  -64.6035 -108.1163   48.6394
   -0.6352    0.2147   -0.7419
    0.7677    0.0706   -0.6369
   -0.0843   -0.9741   -0.2097
...    48 C-G ...
  -65.4237 -111.3118   48.2260
   -0.1052    0.2610   -0.9596
    0.9907   -0.0563   -0.1239
   -0.0864   -0.9637   -0.2527
...    49 T-A ...
  -65.9628 -114.4469   47.2233
    0.4701    0.2718   -0.8397
    0.8803   -0.2130    0.4238
   -0.0637   -0.9385   -0.3394
...    50 G-C ...
  -65.8098 -117.6112   46.0372
    0.9027    0.2077   -0.3768
    0.4293   -0.3775    0.8205
    0.0282   -0.9024   -0.4300
...    51 T-A ...
  -65.6676 -120.2571   44.0502
    0.9883    0.0049    0.1526
   -0.1338   -0.4533    0.8813
    0.0735   -0.8913   -0.4473
...    52 A-T ...
  -65.5382 -123.5062   42.9577
    0.6499   -0.3071    0.6952
   -0.7546   -0.3693    0.5424
    0.0902   -0.8771   -0.4717
...    53 G-C ...
  -64.8897 -126.3922   41.3551
    0.1020   -0.4434    0.8905
   -0.9869   -0.1577    0.0345
    0.1251   -0.8823   -0.4537
...    54 G-C ...
  -64.2276 -129.4635   40.0129
   -0.5003   -0.4255    0.7541
   -0.8557    0.1099   -0.5056
    0.1322   -0.8983   -0.4191
...    55 T-A ...
  -63.3431 -132.5994   39.0557
   -0.8938   -0.2992    0.3342
   -0.4273    0.3415   -0.8371
    0.1363   -0.8910   -0.4330
...    56 A-T ...
  -62.6819 -135.2352   36.8654
   -0.9218   -0.0400   -0.3856
    0.3141    0.5059   -0.8033
    0.2272   -0.8617   -0.4538
...    57 T-A ...
  -62.2672 -138.3637   35.8538
   -0.6119    0.2330   -0.7558
    0.7527    0.4650   -0.4661
    0.2429   -0.8541   -0.4599
...    58 C-G ...
  -61.4581 -141.2272   34.3904
   -0.0300    0.5152   -0.8566
    0.9667    0.2327    0.1061
    0.2540   -0.8249   -0.5050
...    59 T-A ...
  -60.8364 -143.9166   32.5149
    0.4904    0.6320   -0.6000
    0.8243   -0.1131    0.5547
    0.2827   -0.7667   -0.5765
...    60 C-G ...
  -59.8371 -146.3434   30.5264
    0.8728    0.4775   -0.1008
    0.3627   -0.4963    0.7887
    0.3266   -0.7250   -0.6064
...    61 G-C ...
  -58.2952 -148.8628   28.7842
    0.8745    0.1728    0.4532
   -0.1872   -0.7418    0.6440
    0.4475   -0.6480   -0.6163
...    62 A-T ...
  -56.5919 -150.9371   26.8161
    0.5602   -0.3197    0.7642
   -0.6722   -0.7145    0.1939
    0.4840   -0.6223   -0.6152
...    63 G-C ...
  -54.6668 -152.8791   24.8438
    0.0610   -0.6609    0.7480
   -0.8556   -0.4205   -0.3018
    0.5140   -0.6215   -0.5912
...    64 C-G ...
  -52.6092 -154.9664   23.1307
   -0.4532   -0.7825    0.4269
   -0.7197    0.0387   -0.6932
    0.5259   -0.6214   -0.5808
...    65 T-A ...
  -50.6995 -157.1739   21.4203
   -0.7908   -0.6099   -0.0515
   -0.3225    0.4868   -0.8118
    0.5202   -0.6254   -0.5816
...    66 C-G ...
  -48.8464 -159.2453   19.5579
   -0.8168   -0.1627   -0.5534
    0.2358    0.7815   -0.5777
    0.5265   -0.6023   -0.6000
...    67 A-T ...
  -46.8067 -160.9444   17.4589
   -0.5400    0.4057   -0.7374
    0.6813    0.7251   -0.0999
    0.4942   -0.5564   -0.6680
...    68 T-A ...
  -45.7173 -163.1201   15.2418
   -0.1106    0.7384   -0.6652
    0.8584    0.4083    0.3105
    0.5009   -0.5366   -0.6790
...    69 G-C ...
  -43.7902 -164.7158   12.9562
    0.3482    0.9027   -0.2527
    0.7714   -0.1227    0.6244
    0.5326   -0.4123   -0.7391
...    70 T-A ...
  -42.3857 -165.6917   10.1383
    0.6790    0.7129    0.1753
    0.4670   -0.6036    0.6462
    0.5665   -0.3569   -0.7428
...    71 T-A ...
  -40.5301 -166.6493    7.6559
    0.8091    0.2240    0.5433
   -0.0112   -0.9185    0.3952
    0.5876   -0.3259   -0.7407
...    72 A-T ...
  -38.5753 -168.2373    5.3124
    0.6041   -0.4574    0.6526
   -0.5303   -0.8420   -0.0992
    0.5949   -0.2862   -0.7512
...    73 T-A ...
  -36.1590 -168.6717    3.0614
    0.2454   -0.8480    0.4697
   -0.7668   -0.4663   -0.4411
    0.5931   -0.2519   -0.7647
...    74 A-T ...
  -34.9043 -169.4094   -0.1834
   -0.2943   -0.9474   -0.1255
   -0.7347    0.3082   -0.6044
    0.6113   -0.0857   -0.7868
...    75 A-T ...
  -32.6527 -169.7480   -2.5525
   -0.6337   -0.5580   -0.5358
   -0.4209    0.8298   -0.3665
    0.6491   -0.0067   -0.7607
...    76 C-G ...
  -30.2922 -170.3145   -4.9031
   -0.7604    0.0031   -0.6495
   -0.0093    0.9998    0.0157
    0.6494    0.0180   -0.7602
...    77 G-C ...
  -27.8143 -169.7902   -7.2122
   -0.6886    0.5878   -0.4246
    0.4128    0.7992    0.4368
    0.5961    0.1255   -0.7930
...    78 G-C ...
  -25.8225 -169.5581   -9.9459
   -0.4034    0.9150   -0.0094
    0.7178    0.3228    0.6169
    0.5675    0.2421   -0.7870
...    79 A-T ...
  -23.9857 -168.7290  -12.5246
    0.0561    0.9027    0.4265
    0.8207   -0.2849    0.4952
    0.5685    0.3223   -0.7569
...    80 T-A ...
  -22.6519 -167.2935  -15.1307
    0.4408    0.6138    0.6549
    0.6864   -0.7007    0.1948
    0.5784    0.3636   -0.7302
...    81 C-G ...
  -20.6404 -165.9066  -17.3179
    0.7304    0.0491    0.6812
    0.3172   -0.9077   -0.2748
    0.6048    0.4168   -0.6785
...    82 G-C ...
  -18.1352 -164.8476  -19.3953
    0.7231   -0.5287    0.4445
   -0.0968   -0.7147   -0.6927
    0.6840    0.4579   -0.5680
...    83 G-C ...
  -15.4543 -163.3785  -20.9336
    0.5071   -0.8617   -0.0190
   -0.4512   -0.2467   -0.8576
    0.7343    0.4435   -0.5139
...    84 G-C ...
  -12.7206 -162.0296  -22.4867
    0.1302   -0.8502   -0.5102
   -0.6396    0.3212   -0.6984
    0.7576    0.4172   -0.5019
...    85 A-T ...
  -10.1151 -160.6134  -24.0312
   -0.2831   -0.4408   -0.8518
   -0.5900    0.7803   -0.2076
    0.7561    0.4437   -0.4810
...    86 T-A ...
   -7.2727 -159.7271  -25.5422
   -0.5301    0.0668   -0.8453
   -0.3628    0.8832    0.2973
    0.7664    0.4643   -0.4440
...    87 C-G ...
   -4.6124 -158.2501  -26.9091
   -0.6594    0.5930   -0.4621
    0.0221    0.6297    0.7765
    0.7515    0.5018   -0.4283
...    88 C-G ...
   -2.0316 -156.7164  -28.5094
   -0.6076    0.7866    0.1101
    0.3833    0.1690    0.9081
    0.6957    0.5939   -0.4041
...    89 G-C ...
    0.5100 -154.6571  -29.4969
   -0.3846    0.6318    0.6730
    0.6705   -0.3098    0.6741
    0.6344    0.7105   -0.3045
...    90 C-G ...
    2.1963 -152.0121  -30.5902
    0.0087    0.2929    0.9561
    0.7862   -0.5929    0.1745
    0.6179    0.7502   -0.2354
...    91 T-A ...
    4.0364 -149.2846  -31.0920
    0.3874   -0.1521    0.9093
    0.6870   -0.6101   -0.3947
    0.6148    0.7776   -0.1319
...    92 T-A ...
    5.9381 -146.6566  -31.3017
    0.7180   -0.4872    0.4971
    0.3396   -0.3782   -0.8612
    0.6076    0.7871   -0.1061
...    93 T-A ...
    7.8804 -144.0315  -31.3505
    0.8014   -0.5844   -0.1272
   -0.1526    0.0058   -0.9883
    0.5783    0.8115   -0.0846
...    94 A-T ...
    9.3935 -141.0038  -32.2528
    0.5263   -0.3000   -0.7957
   -0.6902    0.3959   -0.6057
    0.4967    0.8679    0.0013
...    95 A-T ...
   11.2345 -138.2947  -32.0225
    0.0313    0.0757   -0.9966
   -0.8826    0.4700    0.0080
    0.4690    0.8794    0.0815
...    96 C-G ...
   13.3355 -135.6527  -31.8428
   -0.4627    0.3307   -0.8225
   -0.7589    0.3317    0.5603
    0.4581    0.8835    0.0975
...    97 A-T ...
   14.6864 -132.6654  -31.0733
   -0.8616    0.3987   -0.3141
   -0.3269    0.0374    0.9443
    0.3883    0.9163    0.0982
...    98 C-G ...
   16.0295 -129.6455  -31.3233
   -0.9174    0.3142    0.2443
    0.1884   -0.1977    0.9620
    0.3505    0.9286    0.1222
...    99 T-A ...
   16.9555 -126.4651  -31.0633
   -0.6975    0.0617    0.7139
    0.6614   -0.3280    0.6746
    0.2758    0.9427    0.1880
...   100 T-A ...
   17.6674 -123.3735  -30.4457
   -0.2043   -0.1926    0.9598
    0.9461   -0.2906    0.1430
    0.2514    0.9372    0.2416
...   101 T-A ...
   18.2897 -120.3317  -29.5317
    0.3708   -0.3632    0.8548
    0.8963   -0.1010   -0.4317
    0.2431    0.9262    0.2881
...   102 A-T ...
   19.3805 -117.2965  -28.5204
    0.8402   -0.3857    0.3811
    0.4787    0.1975   -0.8554
    0.2547    0.9012    0.3506
...   103 T-A ...
   20.0483 -114.5945  -26.7180
    0.9709   -0.2075   -0.1195
   -0.0318    0.3832   -0.9231
    0.2373    0.9001    0.3655
...   104 G-C ...
   20.9143 -111.4782  -25.8335
    0.7390    0.0486   -0.6720
   -0.6122    0.4649   -0.6396
    0.2814    0.8840    0.3733
...   105 C-G ...
   22.1742 -108.6835  -24.4147
    0.2491    0.3040   -0.9195
   -0.9258    0.3533   -0.1340
    0.2842    0.8847    0.3694
...   106 T-A ...
   23.4029 -105.7899  -23.2235
   -0.3224    0.4312   -0.8427
   -0.9075    0.1123    0.4047
    0.2692    0.8952    0.3552
...   107 T-A ...
   24.5173 -102.9256  -22.1253
   -0.7960    0.4314   -0.4245
   -0.5419   -0.1957    0.8173
    0.2695    0.8807    0.3896
...   108 C-G ...
   25.4850 -100.0330  -20.8441
   -0.9730    0.1808    0.1436
    0.0521   -0.4338    0.8995
    0.2249    0.8827    0.4126
...   109 C-G ...
   26.1121  -96.9397  -19.6319
   -0.7974   -0.1937    0.5715
    0.5896   -0.4521    0.6693
    0.1287    0.8707    0.4747
...   110 G-C ...
   26.6592  -94.2173  -17.6724
   -0.3320   -0.5448    0.7701
    0.9426   -0.2239    0.2479
    0.0373    0.8081    0.5878
...   111 G-C ...
   26.4241  -91.6899  -15.4312
    0.2484   -0.6577    0.7112
    0.9686    0.1594   -0.1909
    0.0122    0.7362    0.6766
...   112 C-G ...
   26.1593  -89.5883  -12.8446
    0.7498   -0.4858    0.4492
    0.6614    0.5330   -0.5277
    0.0169    0.6928    0.7209
...   113 T-A ...
   26.2211  -87.5939  -10.1554
    0.9899   -0.1333    0.0487
    0.1327    0.7478   -0.6506
    0.0503    0.6504    0.7579
...   114 C-G ...
   26.5315  -85.5316   -7.5717
    0.8603    0.3616   -0.3595
   -0.5068    0.6828   -0.5262
    0.0552    0.6348    0.7707
...   115 G-C ...
   26.4513  -83.0959   -5.1959
    0.3803    0.6675   -0.6402
   -0.9200    0.3439   -0.1880
    0.0946    0.6605    0.7449
...   116 T-A ...
   27.3830  -81.0260   -2.6967
   -0.1930    0.7443   -0.6394
   -0.9778   -0.0915    0.1886
    0.0819    0.6616    0.7454
...   117 A-T ...
   27.1997  -79.1363    0.1768
   -0.7997    0.5072   -0.3213
   -0.5945   -0.5934    0.5426
    0.0845    0.6249    0.7761
...   118 T-A ...
   27.7247  -76.6590    2.2954
   -0.9931    0.1170    0.0075
   -0.0869   -0.7779    0.6224
    0.0787    0.6175    0.7827
...   119 A-T ...
   28.0274  -74.8589    5.1526
   -0.8253   -0.4402    0.3538
    0.5641   -0.6711    0.4810
    0.0257    0.5966    0.8021
...   120 A-T ...
   27.9189  -72.8709    7.7154
   -0.3363   -0.7651    0.5491
    0.9417   -0.2784    0.1888
    0.0084    0.5806    0.8141
...   121 T-A ...
   27.2684  -70.9993   10.3436
    0.2039   -0.8056    0.5562
    0.9790    0.1674   -0.1165
    0.0007    0.5683    0.8228
...   122 G-C ...
   27.6289  -69.2286   13.1922
    0.7508   -0.5861    0.3047
    0.6600    0.6467   -0.3823
    0.0270    0.4881    0.8724
...   123 T-A ...
   27.5286  -68.1813   16.3766
    0.9899   -0.1383    0.0316
    0.1367    0.8702   -0.4734
    0.0380    0.4729    0.8803
...   124 G-C ...
   27.7826  -66.3105   19.1620
    0.8620    0.4022   -0.3084
   -0.4977    0.7869   -0.3648
    0.0959    0.4679    0.8786
...   125 T-A ...
   28.5671  -65.1719   22.2392
    0.4401    0.7693   -0.4631
   -0.8929    0.4295   -0.1350
    0.0951    0.4729    0.8760
...   126 C-G ...
   28.9524  -63.6494   25.1709
   -0.2108    0.8647   -0.4560
   -0.9740   -0.1463    0.1729
    0.0828    0.4806    0.8730
...   127 G-C ...
   28.8240  -62.2298   28.2730
   -0.7509    0.5595   -0.3510
   -0.6604   -0.6315    0.4062
    0.0056    0.5368    0.8437
...   128 A-T ...
   28.8964  -60.4405   31.0467
   -0.9973    0.0354   -0.0643
   -0.0643   -0.8443    0.5320
   -0.0354    0.5347    0.8443
...   129 C-G ...
   28.6169  -58.1937   33.4721
   -0.8691   -0.4523    0.2002
    0.4886   -0.7222    0.4896
   -0.0768    0.5234    0.8486
...   130 C-G ...
   28.0194  -56.4144   36.2883
   -0.4288   -0.8284    0.3605
    0.8908   -0.3215    0.3211
   -0.1501    0.4588    0.8758
...   131 A-T ...
   27.7201  -55.0575   39.3619
    0.2026   -0.8965    0.3940
    0.9634    0.2547    0.0841
   -0.1758    0.3626    0.9152
...   132 A-T ...
   26.9571  -54.0431   42.3624
    0.7352   -0.5638    0.3764
    0.6506    0.7428   -0.1580
   -0.1905    0.3610    0.9129
...   133 A-T ...
   26.2368  -53.1127   45.4084
    0.9724    0.0060    0.2334
    0.0783    0.9334   -0.3502
   -0.2199    0.3588    0.9071
...   134 T-A ...
   25.6307  -52.5796   48.6349
    0.8597    0.5096    0.0340
   -0.4497    0.7867   -0.4230
   -0.2423    0.3484    0.9055
...   135 G-C ...
   25.2858  -52.4980   52.0750
    0.3205    0.9427   -0.0927
   -0.8825    0.2616   -0.3908
   -0.3441    0.2071    0.9158
...   136 T-A ...
   25.5355  -52.9668   55.8002
   -0.2443    0.9563   -0.1608
   -0.8908   -0.2868   -0.3525
   -0.3832    0.0571    0.9219
...   137 G-C ...
   24.9036  -52.7259   58.9821
   -0.7529    0.5562   -0.3519
   -0.5214   -0.8303   -0.1968
   -0.4017    0.0354    0.9151
...   138 A-T ...
   24.0248  -51.6261   61.9211
   -0.9563    0.0400   -0.2896
   -0.0523   -0.9980    0.0347
   -0.2877    0.0483    0.9565
...   139 G-C ...
   22.3573  -51.2299   64.4909
   -0.8529   -0.5117   -0.1032
    0.4973   -0.8566    0.1372
   -0.1586    0.0657    0.9852
...   140 C-G ...
   22.1608  -50.1386   67.4618
   -0.4681   -0.8749    0.1247
    0.8495   -0.4066    0.3363
   -0.2435    0.2633    0.9335
...   141 G-C ...
   21.4366  -51.8164   72.7856
    0.1304   -0.7141   -0.6877
    0.8897   -0.2218    0.3990
   -0.4375   -0.6639    0.6065
...   142 C-G ...
   20.4354  -54.2994   74.5395
    0.5847   -0.7390   -0.3347
    0.7593    0.3532    0.5466
   -0.2857   -0.5737    0.7676
...   143 T-A ...
   18.4377  -55.5190   76.5273
    0.8548   -0.5006    0.1370
    0.3188    0.7147    0.6225
   -0.4096   -0.4884    0.7705
...   144 C-G ...
   16.8484  -57.7126   78.2648
    0.8529   -0.0846    0.5152
   -0.1509    0.9047    0.3983
   -0.4998   -0.4175    0.7589
...   145 A-T ...
   15.7933  -59.5518   80.7963
    0.5515    0.4995    0.6681
   -0.6739    0.7388    0.0040
   -0.4915   -0.4525    0.7441
...   146 C-G ...
   15.7410  -61.4839   83.9296
    0.0342    0.7400    0.6718
   -0.8637    0.3601   -0.3527
   -0.5029   -0.5681    0.6514
...   147 A-T ...
   14.7481  -63.4171   86.8165
   -0.5923    0.6746    0.4405
   -0.6886   -0.1400   -0.7115
   -0.4183   -0.7247    0.5475
