  147 base-pairs
...     1 T-A ...
    0.0000    0.0000    0.0000
    1.0000    0.0000    0.0000
    0.0000    1.0000    0.0000
    0.0000    0.0000    1.0000
...     2 G-C ...
   -0.5555   -1.1003    3.3981
    0.7749    0.6051    0.1828
   -0.5991    0.7953   -0.0929
   -0.2016   -0.0375    0.9787
...     3 T-A ...
   -0.6619   -3.0237    6.5348
    0.3046    0.9250    0.2271
   -0.8994    0.3578   -0.2510
   -0.3134   -0.1278    0.9410
...     4 G-C ...
   -1.1607   -3.8418    9.6940
   -0.3351    0.9421    0.0133
   -0.8752   -0.3061   -0.3746
   -0.3489   -0.1372    0.9271
...     5 A-T ...
   -1.3881   -3.6770   12.8999
   -0.7835    0.6162   -0.0801
   -0.5677   -0.7622   -0.3109
   -0.2527   -0.1981    0.9470
...     6 G-C ...
   -2.6236   -3.5448   15.7072
   -0.9923    0.0611   -0.1075
   -0.0294   -0.9610   -0.2748
   -0.1201   -0.2695    0.9555
...     7 C-G ...
   -2.3138   -3.7570   18.8866
   -0.8620   -0.4995   -0.0864
    0.5008   -0.8655    0.0073
   -0.0785   -0.0370    0.9962
...     8 G-C ...
   -3.9561   -6.8109   23.3205
   -0.2581   -0.3560   -0.8981
    0.6294   -0.7673    0.1233
   -0.7330   -0.5335    0.4221
...     9 C-G ...
   -6.1177   -8.9414   24.2385
    0.1143   -0.7320   -0.6716
    0.8123   -0.3203    0.4874
   -0.5720   -0.6013    0.5580
...    10 T-A ...
   -8.5041   -9.6771   26.0540
    0.4660   -0.8587   -0.2131
    0.6274    0.1508    0.7640
   -0.6239   -0.4897    0.6090
...    11 C-G ...
  -11.0625  -11.3174   27.2336
    0.6660   -0.6911    0.2808
    0.3382    0.6152    0.7121
   -0.6649   -0.3794    0.6435
...    12 A-T ...
  -13.0013  -13.1789   29.0658
    0.7188   -0.1490    0.6790
   -0.1787    0.9043    0.3876
   -0.6718   -0.4000    0.6235
...    13 C-G ...
  -14.1788  -15.9359   31.3399
    0.4052    0.2865    0.8682
   -0.5270    0.8492   -0.0343
   -0.7470   -0.4437    0.4951
...    14 A-T ...
  -15.9532  -18.1566   33.3080
   -0.1503    0.6873    0.7107
   -0.6106    0.5008   -0.6135
   -0.7776   -0.5261    0.3444
...    15 A-T ...
  -18.3936  -19.8978   34.5768
   -0.4962    0.8437    0.2050
   -0.3983   -0.0114   -0.9172
   -0.7714   -0.5368    0.3417
...    16 T-A ...
  -20.7219  -21.5781   36.4226
   -0.6728    0.6676   -0.3188
   -0.0424   -0.4650   -0.8843
   -0.7386   -0.5815    0.3412
...    17 T-A ...
  -23.1282  -23.2831   37.8719
   -0.5991    0.2264   -0.7680
    0.3883   -0.7567   -0.5260
   -0.7002   -0.6133    0.3654
...    18 T-A ...
  -25.5005  -25.1235   39.1789
   -0.2574   -0.2538   -0.9324
    0.6730   -0.7395    0.0155
   -0.6934   -0.6234    0.3612
...    19 A-T ...
  -27.5820  -27.4743   40.4790
    0.2502   -0.6338   -0.7320
    0.6891   -0.4146    0.5944
   -0.6802   -0.6531    0.3330
...    20 T-A ...
  -30.1957  -29.4214   41.0515
    0.5839   -0.7518   -0.3064
    0.4546   -0.0099    0.8906
   -0.6726   -0.6593    0.3360
...    21 T-A ...
  -32.4296  -31.6396   41.9006
    0.7423   -0.6113    0.2744
    0.0106    0.4202    0.9074
   -0.6699   -0.6707    0.3184
...    22 C-G ...
  -34.5190  -33.9272   43.0179
    0.6194   -0.2156    0.7549
   -0.4564    0.6836    0.5696
   -0.6389   -0.6973    0.3250
...    23 G-C ...
  -36.6843  -35.8837   44.7805
    0.3333    0.2976    0.8946
   -0.7745    0.6275    0.0798
   -0.5377   -0.7195    0.4396
...    24 C-G ...
  -38.1004  -38.4300   46.3169
   -0.1042    0.6210    0.7768
   -0.8361    0.3683   -0.4066
   -0.5386   -0.6919    0.4808
...    25 A-T ...
  -40.3860  -40.6551   47.4707
   -0.5920    0.7274    0.3471
   -0.5892   -0.0968   -0.8022
   -0.5499   -0.6794    0.4859
...    26 A-T ...
  -42.1344  -42.8219   49.2377
   -0.8385    0.5113   -0.1883
   -0.1149   -0.5037   -0.8562
   -0.5326   -0.6963    0.4811
...    27 A-T ...
  -43.8097  -44.9571   51.0783
   -0.7537    0.0865   -0.6515
    0.4295   -0.6855   -0.5879
   -0.4974   -0.7229    0.4795
...    28 G-C ...
  -45.8142  -47.0931   52.8011
   -0.3586   -0.2660   -0.8948
    0.7708   -0.6250   -0.1231
   -0.5265   -0.7339    0.4292
...    29 G-C ...
  -47.9010  -49.5233   54.1444
    0.2111   -0.5143   -0.8312
    0.8305   -0.3541    0.4300
   -0.5155   -0.7811    0.3524
...    30 C-G ...
  -49.8216  -52.0812   54.9345
    0.6789   -0.5719   -0.4605
    0.5501   -0.0192    0.8348
   -0.4863   -0.8201    0.3016
...    31 C-G ...
  -51.4579  -54.8837   55.7306
    0.9076   -0.4130    0.0759
    0.0437    0.2727    0.9611
   -0.4176   -0.8689    0.2656
...    32 G-C ...
  -52.4844  -57.5874   56.9884
    0.8236   -0.1149    0.5554
   -0.4751    0.3949    0.7863
   -0.3097   -0.9115    0.2706
...    33 G-C ...
  -53.0304  -60.7468   58.1123
    0.4179    0.1700    0.8924
   -0.8735    0.3453    0.3432
   -0.2498   -0.9230    0.2928
...    34 C-G ...
  -53.4889  -63.8261   59.2309
   -0.1610    0.3605    0.9188
   -0.9598    0.1596   -0.2308
   -0.2299   -0.9190    0.3203
...    35 C-G ...
  -54.1779  -66.8390   60.7274
   -0.6941    0.3969    0.6006
   -0.6834   -0.1009   -0.7230
   -0.2263   -0.9123    0.3413
...    36 C-G ...
  -54.8528  -69.8769   62.2033
   -0.9546    0.2948    0.0432
   -0.1444   -0.3311   -0.9325
   -0.2605   -0.8964    0.3587
...    37 G-C ...
  -55.2625  -73.3969   62.4283
   -0.8342    0.1027   -0.5418
    0.4612   -0.4085   -0.7876
   -0.3022   -0.9069    0.2934
...    38 A-T ...
  -56.0988  -76.2721   63.5041
   -0.3882   -0.1473   -0.9097
    0.8770   -0.3624   -0.3155
   -0.2832   -0.9203    0.2698
...    39 C-G ...
  -57.4432  -79.0843   64.2073
    0.1593   -0.2572   -0.9531
    0.9448   -0.2401    0.2227
   -0.2862   -0.9360    0.2048
...    40 A-T ...
  -58.3193  -82.3283   64.7239
    0.7190   -0.2517   -0.6478
    0.6542   -0.0694    0.7531
   -0.2345   -0.9653    0.1148
...    41 C-G ...
  -59.0303  -85.5486   64.5056
    0.9703   -0.1907   -0.1489
    0.1605    0.0465    0.9859
   -0.1810   -0.9806    0.0757
...    42 G-C ...
  -59.4213  -88.8207   65.2261
    0.8705   -0.0682    0.4874
   -0.4827    0.0753    0.8726
   -0.0962   -0.9948    0.0326
...    43 A-T ...
  -59.6456  -92.0317   65.3083
    0.3942   -0.0225    0.9188
   -0.9143    0.0912    0.3945
   -0.0926   -0.9956    0.0154
...    44 C-G ...
  -59.3277  -95.3555   65.3214
   -0.1775    0.0473    0.9830
   -0.9812    0.0688   -0.1805
   -0.0762   -0.9965    0.0342
...    45 T-A ...
  -58.9605  -98.9545   65.8082
   -0.7252    0.0766    0.6842
   -0.6841    0.0326   -0.7287
   -0.0781   -0.9965    0.0288
...    46 T-A ...
  -58.9971 -102.1884   66.0618
   -0.9895    0.0396    0.1393
   -0.1379    0.0342   -0.9898
   -0.0440   -0.9986   -0.0284
...    47 A-T ...
  -58.9145 -105.5774   65.5022
   -0.8201    0.0325   -0.5713
    0.5721    0.0273   -0.8197
   -0.0110   -0.9991   -0.0410
...    48 C-G ...
  -59.3885 -108.8430   65.8650
   -0.3735    0.0898   -0.9233
    0.9273    0.0086   -0.3743
   -0.0257   -0.9959   -0.0865
...    49 T-A ...
  -59.8325 -112.1847   65.4611
    0.2077    0.1754   -0.9623
    0.9779   -0.0607    0.2000
   -0.0233   -0.9826   -0.1841
...    50 G-C ...
  -59.7205 -115.4855   64.5405
    0.7331    0.2713   -0.6237
    0.6770   -0.2031    0.7074
    0.0652   -0.9408   -0.3326
...    51 T-A ...
  -59.6264 -118.2932   62.9833
    0.9756    0.1740   -0.1340
    0.1880   -0.3461    0.9192
    0.1136   -0.9219   -0.3703
...    52 A-T ...
  -59.1052 -121.5884   62.1923
    0.8612   -0.0687    0.5036
   -0.4807   -0.4320    0.7631
    0.1652   -0.8993   -0.4050
...    53 G-C ...
  -58.3211 -124.4482   60.8135
    0.4453   -0.2497    0.8599
   -0.8643   -0.3709    0.3399
    0.2340   -0.8945   -0.3810
...    54 G-C ...
  -56.7116 -127.4723   59.6166
   -0.1649   -0.3907    0.9056
   -0.9500   -0.1839   -0.2523
    0.2651   -0.9020   -0.3409
...    55 T-A ...
  -55.4326 -130.4353   58.7856
   -0.6514   -0.4573    0.6054
   -0.7037    0.0658   -0.7075
    0.2837   -0.8869   -0.3647
...    56 A-T ...
  -54.2923 -133.4468   57.6901
   -0.9479   -0.3186    0.0082
   -0.1305    0.3647   -0.9219
    0.2907   -0.8749   -0.3872
...    57 T-A ...
  -53.3685 -136.5502   57.0767
   -0.8553   -0.0865   -0.5108
    0.4050    0.5032   -0.7634
    0.3231   -0.8598   -0.3954
...    58 C-G ...
  -52.4848 -139.5888   55.7720
   -0.3969    0.2862   -0.8721
    0.8595    0.4492   -0.2437
    0.3220   -0.8463   -0.4243
...    59 T-A ...
  -51.6646 -142.3957   54.1438
    0.1169    0.5608   -0.8196
    0.9408    0.2018    0.2722
    0.3180   -0.8030   -0.5041
...    60 C-G ...
  -50.4575 -144.9691   52.3949
    0.6388    0.6158   -0.4613
    0.6994   -0.2151    0.6816
    0.3205   -0.7580   -0.5681
...    61 G-C ...
  -48.9112 -147.5591   50.8530
    0.8950    0.4324    0.1094
    0.1922   -0.5953    0.7802
    0.4025   -0.6772   -0.6159
...    62 T-A ...
  -47.4797 -149.3169   48.4380
    0.8486    0.0590    0.5257
   -0.3147   -0.7425    0.5913
    0.4252   -0.6673   -0.6115
...    63 C-G ...
  -45.6210 -151.3204   46.6182
    0.4970   -0.3901    0.7751
   -0.7320   -0.6682    0.1331
    0.4660   -0.6336   -0.6176
...    64 A-T ...
  -44.1857 -153.4606   44.4213
   -0.0580   -0.6658    0.7439
   -0.8541   -0.3527   -0.3823
    0.5169   -0.6575   -0.5482
...    65 T-A ...
  -42.0662 -155.5409   42.9300
   -0.5051   -0.7590    0.4109
   -0.6872    0.0657   -0.7235
    0.5221   -0.6477   -0.5548
...    66 G-C ...
  -40.1031 -157.6408   41.0399
   -0.8269   -0.5369   -0.1671
   -0.2145    0.5759   -0.7889
    0.5198   -0.6165   -0.5914
...    67 T-A ...
  -38.2294 -160.0593   39.4819
   -0.7811   -0.1153   -0.6137
    0.2854    0.8082   -0.5151
    0.5554   -0.5775   -0.5983
...    68 T-A ...
  -36.4666 -162.0511   37.6764
   -0.4663    0.4116   -0.7830
    0.6807    0.7323   -0.0204
    0.5650   -0.5425   -0.6217
...    69 A-T ...
  -34.2519 -163.6412   35.6314
    0.0407    0.8186   -0.5730
    0.8177    0.3022    0.4898
    0.5741   -0.4885   -0.6571
...    70 T-A ...
  -32.9544 -165.2137   33.0638
    0.4526    0.8692   -0.1991
    0.6737   -0.1870    0.7150
    0.5842   -0.4578   -0.6702
...    71 A-T ...
  -30.7237 -166.8244   31.0611
    0.7442    0.5755    0.3391
    0.2600   -0.7171    0.6466
    0.6153   -0.3930   -0.6833
...    72 A-T ...
  -28.6446 -167.7955   28.8216
    0.7437    0.0339    0.6677
   -0.2091   -0.9368    0.2804
    0.6350   -0.3481   -0.6896
...    73 C-G ...
  -26.1149 -168.3306   26.5062
    0.5009   -0.5318    0.6828
   -0.5910   -0.7865   -0.1791
    0.6323   -0.3139   -0.7083
...    74 G-C ...
  -24.0911 -169.5556   24.1762
    0.0236   -0.9456    0.3244
   -0.7448   -0.2330   -0.6253
    0.6669   -0.2269   -0.7098
...    75 G-C ...
  -21.7446 -170.2640   21.9076
   -0.4318   -0.9002   -0.0559
   -0.6232    0.3426   -0.7031
    0.6521   -0.2688   -0.7089
...    76 A-T ...
  -19.2726 -171.0753   19.6564
   -0.7030   -0.4769   -0.5277
   -0.2281    0.8539   -0.4678
    0.6736   -0.2084   -0.7091
...    77 A-T ...
  -17.0457 -171.9126   17.4676
   -0.7266    0.1247   -0.6757
    0.2058    0.9777   -0.0409
    0.6555   -0.1688   -0.7361
...    78 G-C ...
  -14.5537 -172.9415   15.1437
   -0.5001    0.6889   -0.5247
    0.5456    0.7212    0.4269
    0.6725   -0.0728   -0.7365
...    79 C-G ...
  -12.6213 -173.4159   12.3596
   -0.1257    0.9847   -0.1208
    0.7350    0.1742    0.6554
    0.6664   -0.0064   -0.7456
...    80 T-A ...
  -10.5724 -173.3107    9.7196
    0.2268    0.9115    0.3433
    0.7099   -0.3960    0.5824
    0.6668    0.1116   -0.7369
...    81 C-G ...
   -8.0916 -172.7430    7.6374
    0.5763    0.4819    0.6600
    0.5027   -0.8458    0.1785
    0.6443    0.2289   -0.7297
...    82 G-C ...
   -5.1632 -172.6912    5.5941
    0.7344   -0.1314    0.6659
    0.1298   -0.9358   -0.3279
    0.6662    0.3272   -0.6702
...    83 G-C ...
   -2.5920 -171.3093    3.6971
    0.6461   -0.6758    0.3547
   -0.2982   -0.6513   -0.6978
    0.7026    0.3450   -0.6223
...    84 G-C ...
    0.0675 -170.2977    1.8742
    0.3112   -0.9459   -0.0921
   -0.5756   -0.1105   -0.8102
    0.7562    0.3052   -0.5788
...    85 A-T ...
    2.8633 -169.1569    0.2160
   -0.0898   -0.7700   -0.6317
   -0.6532    0.5244   -0.5463
    0.7519    0.3636   -0.5500
...    86 T-A ...
    5.6888 -168.3580   -1.3435
   -0.4279   -0.3495   -0.8335
   -0.5061    0.8567   -0.0995
    0.7488    0.3793   -0.5435
...    87 C-G ...
    8.3446 -167.2888   -3.1809
   -0.6420    0.2821   -0.7129
   -0.1468    0.8674    0.4755
    0.7525    0.4099   -0.5154
...    88 C-G ...
   11.1136 -166.0572   -4.5814
   -0.7249    0.6427   -0.2479
    0.2086    0.5478    0.8102
    0.6565    0.5356   -0.5312
...    89 G-C ...
   13.3828 -163.9269   -5.9409
   -0.5694    0.7439    0.3497
    0.5998    0.0850    0.7957
    0.5622    0.6628   -0.4946
...    90 C-G ...
   14.9067 -161.5482   -7.9424
   -0.1357    0.6267    0.7673
    0.8212   -0.3622    0.4410
    0.5543    0.6900   -0.4655
...    91 T-A ...
   16.4445 -158.7118   -9.3216
    0.3497    0.2616    0.8996
    0.7798   -0.6135   -0.1247
    0.5193    0.7451   -0.4186
...    92 T-A ...
   17.9698 -156.0559  -10.4891
    0.7592   -0.1468    0.6341
    0.4263   -0.6240   -0.6549
    0.4918    0.7675   -0.4112
...    93 T-A ...
   19.5371 -153.3841  -11.5908
    0.8816   -0.4605    0.1033
   -0.1063   -0.4071   -0.9072
    0.4598    0.7888   -0.4079
...    94 A-T ...
   20.5249 -150.9529  -13.7919
    0.6633   -0.4655   -0.5860
   -0.6743   -0.0322   -0.7377
    0.3245    0.8844   -0.3353
...    95 A-T ...
   21.6938 -148.0173  -14.6716
    0.1252   -0.2924   -0.9481
   -0.9543    0.2259   -0.1957
    0.2714    0.9292   -0.2508
...    96 C-G ...
   23.1347 -144.9895  -15.4732
   -0.4469   -0.0598   -0.8926
   -0.8532    0.3284    0.4052
    0.2689    0.9426   -0.1978
...    97 A-T ...
   24.0064 -141.7834  -15.9840
   -0.8920    0.1206   -0.4356
   -0.3987    0.2439    0.8840
    0.2129    0.9623   -0.1695
...    98 C-G ...
   24.7200 -138.7230  -17.1829
   -0.9730    0.2012    0.1131
    0.1389    0.1193    0.9831
    0.1843    0.9722   -0.1441
...    99 T-A ...
   25.0147 -135.2953  -18.0455
   -0.7181    0.1040    0.6881
    0.6895   -0.0279    0.7238
    0.0945    0.9942   -0.0517
...   100 T-A ...
   24.9729 -132.0545  -18.2437
   -0.1923    0.0233    0.9811
    0.9782   -0.0757    0.1936
    0.0788    0.9969   -0.0083
...   101 T-A ...
   25.1656 -128.8255  -18.0811
    0.3911   -0.1038    0.9145
    0.9166   -0.0458   -0.3972
    0.0831    0.9935    0.0773
...   102 A-T ...
   25.7071 -125.4775  -17.7770
    0.8793   -0.1433    0.4542
    0.4676    0.0793   -0.8804
    0.0901    0.9865    0.1368
...   103 T-A ...
   25.7611 -122.4390  -16.5893
    0.9933   -0.1089   -0.0386
   -0.0185    0.1802   -0.9835
    0.1141    0.9776    0.1770
...   104 G-C ...
   26.3795 -119.2749  -15.8247
    0.7605   -0.0542   -0.6471
   -0.6174    0.2485   -0.7464
    0.2013    0.9671    0.1555
...   105 C-G ...
   27.3809 -116.1089  -15.1681
    0.2605    0.1129   -0.9589
   -0.9454    0.2311   -0.2296
    0.1957    0.9664    0.1669
...   106 T-A ...
   28.4822 -112.8425  -14.6750
   -0.3532    0.2296   -0.9069
   -0.9115    0.1340    0.3889
    0.2109    0.9640    0.1619
...   107 T-A ...
   29.3270 -109.7605  -14.2415
   -0.8177    0.2545   -0.5163
   -0.5433   -0.0448    0.8384
    0.1902    0.9660    0.1749
...   108 C-G ...
   30.0285 -106.4897  -13.8132
   -0.9873    0.1238    0.0996
    0.0718   -0.2117    0.9747
    0.1417    0.9695    0.2001
...   109 C-G ...
   30.7780 -103.3202  -13.2163
   -0.8054   -0.1643    0.5696
    0.5923   -0.2624    0.7618
    0.0243    0.9509    0.3087
...   110 G-C ...
   31.0177 -100.4677  -11.8867
   -0.3661   -0.4235    0.8286
    0.9286   -0.1075    0.3553
   -0.0614    0.8995    0.4326
...   111 G-C ...
   30.5719  -97.6975  -10.0832
    0.2249   -0.4991    0.8368
    0.9706    0.1901   -0.1475
   -0.0855    0.8454    0.5272
...   112 C-G ...
   29.9728  -95.3261   -7.7607
    0.7430   -0.3405    0.5761
    0.6646    0.4771   -0.5750
   -0.0791    0.8102    0.5808
...   113 T-A ...
   29.7048  -92.7893   -5.6341
    0.9890   -0.0414    0.1417
    0.1358    0.6318   -0.7631
   -0.0579    0.7740    0.6305
...   114 C-G ...
   29.7741  -90.0740   -3.7546
    0.8596    0.3655   -0.3572
   -0.5102    0.5734   -0.6411
   -0.0295    0.7332    0.6793
...   115 G-C ...
   29.3619  -87.4332   -1.7747
    0.3568    0.6339   -0.6862
   -0.9342    0.2400   -0.2640
   -0.0027    0.7353    0.6778
...   116 T-A ...
   30.0980  -84.8370    0.3474
   -0.2361    0.6435   -0.7281
   -0.9716   -0.1686    0.1661
   -0.0158    0.7466    0.6651
...   117 A-T ...
   30.2939  -82.2517    2.5621
   -0.7929    0.3810   -0.4756
   -0.6080   -0.5467    0.5757
   -0.0407    0.7456    0.6651
...   118 T-A ...
   30.4557  -79.4338    4.2634
   -0.9950    0.0394   -0.0921
   -0.0941   -0.6820    0.7253
   -0.0342    0.7303    0.6823
...   119 A-T ...
   30.4958  -77.2093    6.8902
   -0.8103   -0.4321    0.3959
    0.5846   -0.5483    0.5980
   -0.0413    0.7160    0.6969
...   120 A-T ...
   30.1410  -74.8235    9.0742
   -0.3157   -0.7203    0.6177
    0.9456   -0.1851    0.2674
   -0.0783    0.6685    0.7395
...   121 T-A ...
   29.2799  -72.7011   11.4809
    0.2400   -0.7192    0.6520
    0.9669    0.2370   -0.0945
   -0.0866    0.6531    0.7523
...   122 G-C ...
   29.0121  -70.6001   14.2419
    0.7953   -0.4743    0.3775
    0.6048    0.6624   -0.4421
   -0.0404    0.5799    0.8137
...   123 T-A ...
   28.8313  -69.1921   17.2335
    0.9955   -0.0487    0.0808
    0.0856    0.8268   -0.5559
   -0.0397    0.5603    0.8273
...   124 G-C ...
   28.7622  -67.3374   20.0782
    0.8325    0.4615   -0.3066
   -0.5540    0.7009   -0.4493
    0.0076    0.5439    0.8391
...   125 T-A ...
   29.1422  -65.9252   22.9791
    0.3980    0.7562   -0.5193
   -0.9171    0.3430   -0.2032
    0.0245    0.5572    0.8300
...   126 C-G ...
   29.2880  -64.1293   25.6323
   -0.2413    0.8172   -0.5235
   -0.9700   -0.1869    0.1554
    0.0291    0.5453    0.8378
...   127 G-C ...
   28.7084  -62.6046   28.6081
   -0.7598    0.5032   -0.4117
   -0.6488   -0.6274    0.4307
   -0.0416    0.5943    0.8031
...   128 A-T ...
   28.7366  -60.7609   31.2076
   -0.9970    0.0207   -0.0749
   -0.0598   -0.8199    0.5694
   -0.0496    0.5722    0.8186
...   129 C-G ...
   28.4521  -58.3173   33.4169
   -0.8653   -0.4554    0.2093
    0.4930   -0.6980    0.5194
   -0.0905    0.5527    0.8285
...   130 C-G ...
   27.6117  -56.4010   36.1175
   -0.4410   -0.8205    0.3636
    0.8805   -0.3172    0.3523
   -0.1738    0.4755    0.8624
...   131 A-T ...
   27.7469  -55.0570   39.2766
    0.1942   -0.8903    0.4118
    0.9633    0.2525    0.0916
   -0.1855    0.3789    0.9066
...   132 A-T ...
   27.0701  -53.9960   42.3150
    0.7286   -0.5729    0.3754
    0.6583    0.7370   -0.1530
   -0.1891    0.3586    0.9141
...   133 A-T ...
   26.2478  -53.1496   45.3865
    0.9688    0.0009    0.2478
    0.0892    0.9316   -0.3523
   -0.2312    0.3634    0.9025
...   134 T-A ...
   25.6309  -52.5797   48.6348
    0.8597    0.5096    0.0340
   -0.4497    0.7867   -0.4230
   -0.2423    0.3484    0.9055
...   135 G-C ...
   25.2860  -52.4981   52.0749
    0.3205    0.9427   -0.0927
   -0.8825    0.2616   -0.3908
   -0.3441    0.2071    0.9158
...   136 T-A ...
   25.5357  -52.9668   55.8001
   -0.2443    0.9563   -0.1608
   -0.8908   -0.2868   -0.3525
   -0.3832    0.0571    0.9219
...   137 G-C ...
   24.9039  -52.7260   58.9820
   -0.7529    0.5562   -0.3519
   -0.5214   -0.8303   -0.1968
   -0.4017    0.0354    0.9151
...   138 A-T ...
   24.0251  -51.6261   61.9210
   -0.9563    0.0400   -0.2896
   -0.0523   -0.9980    0.0347
   -0.2877    0.0483    0.9565
...   139 G-C ...
   22.3575  -51.2300   64.4908
   -0.8529   -0.5117   -0.1032
    0.4973   -0.8566    0.1372
   -0.1586    0.0657    0.9852
...   140 C-G ...
   22.1610  -50.1386   67.4617
   -0.4681   -0.8749    0.1247
    0.8495   -0.4066    0.3363
   -0.2435    0.2633    0.9335
...   141 G-C ...
   21.4368  -51.8164   72.7855
    0.1304   -0.7141   -0.6877
    0.8897   -0.2218    0.3990
   -0.4375   -0.6639    0.6065
...   142 C-G ...
   20.4356  -54.2994   74.5394
    0.5847   -0.7390   -0.3347
    0.7593    0.3532    0.5466
   -0.2857   -0.5737    0.7676
...   143 T-A ...
   18.4379  -55.5190   76.5272
    0.8548   -0.5006    0.1370
    0.3188    0.7147    0.6225
   -0.4096   -0.4884    0.7705
...   144 C-G ...
   16.8486  -57.7126   78.2647
    0.8529   -0.0846    0.5152
   -0.1509    0.9047    0.3983
   -0.4998   -0.4175    0.7589
...   145 A-T ...
   15.7935  -59.5518   80.7962
    0.5515    0.4995    0.6681
   -0.6739    0.7388    0.0040
   -0.4915   -0.4525    0.7441
...   146 C-G ...
   15.7412  -61.4839   83.9295
    0.0342    0.7400    0.6718
   -0.8637    0.3601   -0.3527
   -0.5029   -0.5681    0.6514
...   147 A-T ...
   14.7483  -63.4170   86.8164
   -0.5923    0.6746    0.4405
   -0.6886   -0.1400   -0.7115
   -0.4183   -0.7247    0.5475
