  147 base-pairs
...     1 T-A ...
    0.0000    0.0000    0.0000
    1.0000    0.0000    0.0000
    0.0000    1.0000    0.0000
    0.0000    0.0000    1.0000
...     2 G-C ...
   -0.5555   -1.1003    3.3981
    0.7749    0.6051    0.1828
   -0.5991    0.7953   -0.0929
   -0.2016   -0.0375    0.9787
...     3 T-A ...
   -0.6619   -3.0237    6.5348
    0.3046    0.9250    0.2271
   -0.8994    0.3578   -0.2510
   -0.3134   -0.1278    0.9410
...     4 G-C ...
   -1.1607   -3.8418    9.6940
   -0.3351    0.9421    0.0133
   -0.8752   -0.3061   -0.3746
   -0.3489   -0.1372    0.9271
...     5 A-T ...
   -1.3881   -3.6770   12.8999
   -0.7835    0.6162   -0.0801
   -0.5677   -0.7622   -0.3109
   -0.2527   -0.1981    0.9470
...     6 G-C ...
   -2.6236   -3.5448   15.7072
   -0.9923    0.0611   -0.1075
   -0.0294   -0.9610   -0.2748
   -0.1201   -0.2695    0.9555
...     7 C-G ...
   -2.3138   -3.7570   18.8866
   -0.8620   -0.4995   -0.0864
    0.5008   -0.8655    0.0073
   -0.0785   -0.0370    0.9962
...     8 G-C ...
   -3.9561   -6.8109   23.3205
   -0.2581   -0.3560   -0.8981
    0.6294   -0.7673    0.1233
   -0.7330   -0.5335    0.4221
...     9 C-G ...
   -6.1177   -8.9414   24.2385
    0.1143   -0.7320   -0.6716
    0.8123   -0.3203    0.4874
   -0.5720   -0.6013    0.5580
...    10 T-A ...
   -8.5041   -9.6771   26.0540
    0.4660   -0.8587   -0.2131
    0.6274    0.1508    0.7640
   -0.6239   -0.4897    0.6090
...    11 C-G ...
  -11.0625  -11.3174   27.2336
    0.6660   -0.6911    0.2808
    0.3382    0.6152    0.7121
   -0.6649   -0.3794    0.6435
...    12 A-T ...
  -13.0013  -13.1789   29.0658
    0.7188   -0.1490    0.6790
   -0.1787    0.9043    0.3876
   -0.6718   -0.4000    0.6235
...    13 C-G ...
  -14.1788  -15.9359   31.3399
    0.4052    0.2865    0.8682
   -0.5270    0.8492   -0.0343
   -0.7470   -0.4437    0.4951
...    14 A-T ...
  -15.9532  -18.1566   33.3080
   -0.1503    0.6873    0.7107
   -0.6106    0.5008   -0.6135
   -0.7776   -0.5261    0.3444
...    15 A-T ...
  -18.3093  -20.0018   34.6338
   -0.5274    0.8225    0.2132
   -0.3826   -0.0059   -0.9239
   -0.7586   -0.5688    0.3178
...    16 T-A ...
  -20.5882  -21.7438   36.3191
   -0.6681    0.6802   -0.3018
   -0.0343   -0.4333   -0.9006
   -0.7433   -0.5913    0.3128
...    17 T-A ...
  -22.9811  -23.5755   37.5723
   -0.5703    0.2739   -0.7744
    0.3891   -0.7403   -0.5483
   -0.7235   -0.6140    0.3156
...    18 T-A ...
  -25.4131  -25.4159   38.7077
   -0.2247   -0.2152   -0.9504
    0.6626   -0.7489    0.0129
   -0.7145   -0.6268    0.3109
...    19 A-T ...
  -27.6017  -27.7482   39.8127
    0.2900   -0.5961   -0.7487
    0.6492   -0.4523    0.6115
   -0.7032   -0.6634    0.2558
...    20 T-A ...
  -30.2094  -29.7246   40.0955
    0.5994   -0.7302   -0.3279
    0.3999   -0.0816    0.9129
   -0.6934   -0.6783    0.2431
...    21 T-A ...
  -32.4666  -31.9851   40.6746
    0.7302   -0.6282    0.2686
   -0.0396    0.3536    0.9345
   -0.6820   -0.6931    0.2333
...    22 C-G ...
  -34.5526  -34.4224   41.4581
    0.5688   -0.2660    0.7783
   -0.4993    0.6402    0.5838
   -0.6535   -0.7207    0.2313
...    23 G-C ...
  -36.8724  -36.6181   42.6531
    0.2018    0.2138    0.9558
   -0.7781    0.6277    0.0239
   -0.5949   -0.7485    0.2930
...    24 C-G ...
  -38.5173  -39.3131   43.8396
   -0.2743    0.5473    0.7907
   -0.7616    0.3783   -0.5261
   -0.5871   -0.7465    0.3131
...    25 A-T ...
  -40.7067  -41.7369   44.6279
   -0.6568    0.6985    0.2840
   -0.4349   -0.0433   -0.8994
   -0.6160   -0.7143    0.3323
...    26 A-T ...
  -42.6043  -44.0499   45.9433
   -0.8049    0.5089   -0.3054
    0.0639   -0.4373   -0.8970
   -0.5900   -0.7415    0.3195
...    27 A-T ...
  -44.5516  -46.3571   47.1720
   -0.6111    0.1412   -0.7788
    0.5436   -0.6404   -0.5426
   -0.5754   -0.7549    0.3146
...    28 G-C ...
  -46.6646  -48.7073   48.2548
   -0.1587   -0.1786   -0.9710
    0.7939   -0.6078   -0.0180
   -0.5870   -0.7738    0.2382
...    29 G-C ...
  -48.8313  -51.2244   48.9048
    0.3791   -0.4082   -0.8305
    0.7331   -0.4151    0.5387
   -0.5646   -0.8130    0.1419
...    30 C-G ...
  -50.8970  -53.8399   48.9335
    0.7584   -0.5229   -0.3892
    0.3784   -0.1329    0.9160
   -0.5307   -0.8420    0.0970
...    31 C-G ...
  -52.4594  -56.8439   48.9501
    0.8803   -0.4323    0.1953
   -0.1474    0.1419    0.9788
   -0.4509   -0.8905    0.0612
...    32 G-C ...
  -53.8300  -59.8971   49.6522
    0.6560   -0.1879    0.7310
   -0.6691    0.3035    0.6784
   -0.3493   -0.9341    0.0733
...    33 G-C ...
  -54.6451  -63.1884   50.0087
    0.1640    0.0713    0.9839
   -0.9392    0.3164    0.1336
   -0.3017   -0.9460    0.1189
...    34 C-G ...
  -55.2640  -66.4614   50.5756
   -0.4071    0.2541    0.8773
   -0.8646    0.2025   -0.4599
   -0.2945   -0.9457    0.1373
...    35 C-G ...
  -56.1317  -69.6888   51.2820
   -0.8205    0.3682    0.4373
   -0.4680    0.0067   -0.8837
   -0.3284   -0.9297    0.1668
...    36 C-G ...
  -57.1715  -72.8403   52.0934
   -0.9171    0.3627   -0.1655
    0.0954   -0.2033   -0.9745
   -0.3870   -0.9095    0.1519
...    37 G-C ...
  -58.2535  -76.0791   52.2240
   -0.6367    0.2723   -0.7214
    0.6257   -0.3644   -0.6897
   -0.4507   -0.8905    0.0616
...    38 A-T ...
  -59.7441  -79.0078   52.4932
   -0.1009    0.0415   -0.9940
    0.8871   -0.4486   -0.1088
   -0.4504   -0.8928    0.0084
...    39 C-G ...
  -61.7520  -81.6320   52.3932
    0.4205   -0.1608   -0.8929
    0.7942   -0.4107    0.4479
   -0.4387   -0.8975   -0.0450
...    40 A-T ...
  -62.9796  -84.7767   52.2566
    0.8565   -0.2599   -0.4459
    0.3745   -0.2817    0.8834
   -0.3552   -0.9236   -0.1440
...    41 C-G ...
  -64.1224  -87.6812   51.1240
    0.9345   -0.3371    0.1142
   -0.1645   -0.1247    0.9785
   -0.3156   -0.9332   -0.1720
...    42 G-C ...
  -64.9867  -90.9912   51.0248
    0.6764   -0.2697    0.6853
   -0.7077    0.0198    0.7063
   -0.2041   -0.9627   -0.1775
...    43 A-T ...
  -65.4970  -94.2405   50.4873
    0.0841   -0.2045    0.9753
   -0.9802    0.1588    0.1178
   -0.1790   -0.9659   -0.1871
...    44 C-G ...
  -65.4537  -97.5951   50.0122
   -0.4814   -0.0913    0.8717
   -0.8606    0.2376   -0.4504
   -0.1660   -0.9671   -0.1929
...    45 T-A ...
  -65.8441 -100.9234   49.6227
   -0.8852    0.0744    0.4593
   -0.4303    0.2447   -0.8689
   -0.1771   -0.9667   -0.1845
...    46 T-A ...
  -66.2635 -104.1475   49.2397
   -0.9704    0.1682   -0.1734
    0.2031    0.1790   -0.9627
   -0.1309   -0.9694   -0.2079
...    47 A-T ...
  -66.2846 -107.3998   48.1385
   -0.5836    0.2428   -0.7749
    0.8056    0.0530   -0.5901
   -0.1022   -0.9686   -0.2265
...    48 C-G ...
  -67.1769 -110.5621   47.6379
   -0.0395    0.2761   -0.9603
    0.9940   -0.0869   -0.0659
   -0.1016   -0.9572   -0.2710
...    49 T-A ...
  -67.7522 -113.6651   46.5579
    0.5287    0.2682   -0.8053
    0.8457   -0.2480    0.4725
   -0.0730   -0.9309   -0.3579
...    50 G-C ...
  -67.6221 -116.8157   45.3278
    0.9307    0.1830   -0.3168
    0.3650   -0.4052    0.8382
    0.0251   -0.8957   -0.4439
...    51 T-A ...
  -67.4390 -119.4316   43.3035
    0.9763   -0.0323    0.2140
   -0.2043   -0.4639    0.8620
    0.0715   -0.8853   -0.4595
...    52 A-T ...
  -67.3695 -122.6763   42.1711
    0.5899   -0.3496    0.7279
   -0.8029   -0.3496    0.4828
    0.0857   -0.8692   -0.4869
...    53 G-C ...
  -66.7341 -125.5507   40.5374
    0.0233   -0.4703    0.8822
   -0.9926   -0.1158   -0.0355
    0.1189   -0.8749   -0.4695
...    54 G-C ...
  -66.1128 -128.6084   39.1422
   -0.5686   -0.4249    0.7044
   -0.8134    0.1625   -0.5586
    0.1229   -0.8906   -0.4379
...    55 T-A ...
  -65.2925 -131.7511   38.1405
   -0.9269   -0.2695    0.2611
   -0.3525    0.3864   -0.8523
    0.1288   -0.8821   -0.4532
...    56 A-T ...
  -64.5774 -134.3343   35.8974
   -0.8917    0.0142   -0.4525
    0.3934    0.5187   -0.7591
    0.2239   -0.8548   -0.4681
...    57 T-A ...
  -64.2186 -137.4400   34.8004
   -0.5440    0.2871   -0.7884
    0.8041    0.4470   -0.3920
    0.2398   -0.8472   -0.4740
...    58 C-G ...
  -63.4213 -140.2815   33.2882
    0.0554    0.5482   -0.8345
    0.9652    0.1844    0.1852
    0.2554   -0.8158   -0.5189
...    59 T-A ...
  -62.7741 -142.9201   31.3501
    0.5604    0.6326   -0.5346
    0.7752   -0.1733    0.6074
    0.2916   -0.7548   -0.5875
...    60 C-G ...
  -61.7270 -145.3023   29.3318
    0.8979    0.4400   -0.0152
    0.2809   -0.5460    0.7893
    0.3390   -0.7129   -0.6139
...    61 G-C ...
  -60.1555 -147.8105   27.5926
    0.8453    0.1089    0.5230
   -0.2675   -0.7612    0.5908
    0.4625   -0.6393   -0.6143
...    62 A-T ...
  -58.3999 -149.8709   25.6504
    0.4866   -0.3853    0.7841
   -0.7170   -0.6889    0.1065
    0.4992   -0.6139   -0.6115
...    63 G-C ...
  -56.4248 -151.8043   23.7143
   -0.0259   -0.7028    0.7110
   -0.8496   -0.3593   -0.3861
    0.5268   -0.6140   -0.5877
...    64 T-A ...
  -54.1475 -153.7852   22.1519
   -0.4955   -0.7929    0.3547
   -0.6826    0.1030   -0.7235
    0.5371   -0.6006   -0.5923
...    65 C-G ...
  -52.2635 -155.7834   20.2344
   -0.8052   -0.5576   -0.2019
   -0.2192    0.5962   -0.7724
    0.5510   -0.5776   -0.6023
...    66 A-T ...
  -50.2960 -157.3160   17.9560
   -0.7888   -0.0284   -0.6140
    0.3255    0.8281   -0.4564
    0.5214   -0.5599   -0.6440
...    67 T-A ...
  -48.9081 -159.6638   16.0744
   -0.4918    0.4175   -0.7641
    0.6857    0.7265   -0.0444
    0.5366   -0.5458   -0.6436
...    68 G-C ...
  -46.8795 -161.2800   13.8959
   -0.0463    0.8311   -0.5542
    0.8455    0.3281    0.4214
    0.5320   -0.4490   -0.7179
...    69 T-A ...
  -45.6331 -162.7018   11.1873
    0.3884    0.9025   -0.1859
    0.7349   -0.1817    0.6534
    0.5560   -0.3904   -0.7338
...    70 T-A ...
  -43.8713 -163.8274    8.7156
    0.7187    0.6401    0.2715
    0.3762   -0.6864    0.6224
    0.5847   -0.3452   -0.7341
...    71 A-T ...
  -41.6748 -165.1493    6.4821
    0.7565    0.0691    0.6503
   -0.1392   -0.9546    0.2633
    0.6390   -0.2897   -0.7126
...    72 T-A ...
  -39.3429 -165.4346    4.1527
    0.5723   -0.4527    0.6837
   -0.5087   -0.8500   -0.1371
    0.6432   -0.2694   -0.7167
...    73 A-T ...
  -37.7079 -166.8050    1.3602
    0.1140   -0.9479    0.2975
   -0.7701   -0.2735   -0.5764
    0.6277   -0.1634   -0.7611
...    74 A-T ...
  -35.3942 -167.2529   -0.9303
   -0.3312   -0.9241   -0.1906
   -0.6893    0.3749   -0.6200
    0.6444   -0.0740   -0.7611
...    75 C-G ...
  -32.8480 -167.8472   -3.1082
   -0.6484   -0.5524   -0.5239
   -0.3914    0.8321   -0.3930
    0.6530   -0.0497   -0.7557
...    76 G-C ...
  -30.5822 -167.3812   -5.6298
   -0.7950    0.0661   -0.6030
    0.0503    0.9978    0.0430
    0.6045    0.0038   -0.7966
...    77 G-C ...
  -28.3717 -167.5720   -8.2193
   -0.6751    0.6228   -0.3954
    0.4738    0.7769    0.4146
    0.5654    0.0926   -0.8196
...    78 A-T ...
  -26.4616 -167.3489  -10.8810
   -0.2954    0.9554   -0.0074
    0.7738    0.2438    0.5846
    0.5603    0.1669   -0.8113
...    79 C-G ...
  -25.1623 -166.7452  -13.8259
    0.1222    0.9223    0.3667
    0.8186   -0.3025    0.4882
    0.5612    0.2406   -0.7919
...    80 T-A ...
  -23.4786 -165.5880  -16.4311
    0.4820    0.5781    0.6584
    0.6517   -0.7388    0.1716
    0.5856    0.3463   -0.7329
...    81 C-G ...
  -21.4261 -164.2594  -18.6160
    0.7426   -0.0004    0.6697
    0.2672   -0.9168   -0.2968
    0.6141    0.3993   -0.6807
...    82 G-C ...
  -18.8979 -163.2856  -20.7078
    0.7051   -0.5713    0.4200
   -0.1422   -0.6942   -0.7056
    0.6947    0.4378   -0.5707
...    83 G-C ...
  -16.1802 -161.9045  -22.2649
    0.4677   -0.8826   -0.0484
   -0.4778   -0.2064   -0.8539
    0.7436    0.4225   -0.5182
...    84 G-C ...
  -13.4254 -160.6258  -23.8401
    0.0839   -0.8418   -0.5332
   -0.6394    0.3649   -0.6768
    0.7643    0.3977   -0.5077
...    85 A-T ...
  -10.7949 -159.2697  -25.3959
   -0.3182   -0.4069   -0.8563
   -0.5626    0.8080   -0.1749
    0.7630    0.4261   -0.4860
...    86 T-A ...
   -7.9520 -158.4542  -26.9440
   -0.5450    0.1090   -0.8313
   -0.3220    0.8883    0.3276
    0.7741    0.4462   -0.4490
...    87 C-G ...
   -5.2652 -157.0427  -28.3261
   -0.6478    0.6277   -0.4317
    0.0617    0.6081    0.7915
    0.7593    0.4861   -0.4326
...    88 C-G ...
   -2.6698 -155.5580  -29.9459
   -0.5790    0.8025    0.1440
    0.4086    0.1328    0.9030
    0.7055    0.5817   -0.4048
...    89 G-C ...
   -0.0971 -153.5424  -30.9393
   -0.3516    0.6244    0.6975
    0.6762   -0.3458    0.6505
    0.6474    0.7004   -0.3006
...    90 C-G ...
    1.6315 -150.9100  -31.9933
    0.0373    0.2673    0.9629
    0.7742   -0.6170    0.1413
    0.6319    0.7402   -0.2299
...    91 T-A ...
    3.5272 -148.2146  -32.4609
    0.4035   -0.1852    0.8960
    0.6634   -0.6153   -0.4259
    0.6302    0.7662   -0.1254
...    92 T-A ...
    5.4831 -145.6236  -32.6424
    0.7183   -0.5153    0.4674
    0.3115   -0.3625   -0.8784
    0.6221    0.7766   -0.0999
...    93 T-A ...
    7.4764 -143.0354  -32.6649
    0.7870   -0.5953   -0.1617
   -0.1757    0.0349   -0.9838
    0.5913    0.8027   -0.0771
...    94 A-T ...
    9.0065 -140.0007  -33.5286
    0.5023   -0.2831   -0.8171
   -0.6993    0.4228   -0.5764
    0.5086    0.8609    0.0144
...    95 A-T ...
   10.8882 -137.3229  -33.2603
    0.0080    0.1054   -0.9944
   -0.8762    0.4799    0.0438
    0.4818    0.8710    0.0962
...    96 C-G ...
   13.0235 -134.7125  -33.0493
   -0.4786    0.3600   -0.8008
   -0.7415    0.3228    0.5882
    0.4702    0.8754    0.1124
...    97 A-T ...
   14.4254 -131.7632  -32.2244
   -0.8650    0.4148   -0.2823
   -0.3046    0.0128    0.9524
    0.3987    0.9098    0.1152
...    98 C-G ...
   15.7848 -128.7491  -32.4188
   -0.9093    0.3134    0.2737
    0.2084   -0.2262    0.9515
    0.3601    0.9223    0.1404
...    99 T-A ...
   16.7337 -125.5830  -32.0883
   -0.6818    0.0452    0.7302
    0.6737   -0.3502    0.6508
    0.2851    0.9356    0.2083
...   100 T-A ...
   17.4729 -122.5137  -31.3970
   -0.1855   -0.2187    0.9580
    0.9474   -0.2985    0.1153
    0.2608    0.9290    0.2626
...   101 T-A ...
   18.1251 -119.5010  -30.4095
    0.3866   -0.3878    0.8368
    0.8870   -0.0921   -0.4525
    0.2525    0.9172    0.3084
...   102 A-T ...
   19.2469 -116.4962  -29.3410
    0.8475   -0.3960    0.3535
    0.4612    0.2194   -0.8598
    0.2629    0.8917    0.3686
...   103 T-A ...
   19.9519 -113.8407  -27.4823
    0.9683   -0.2037   -0.1446
   -0.0506    0.4067   -0.9122
    0.2446    0.8906    0.3835
...   104 G-C ...
   20.8277 -110.7468  -26.5344
    0.7254    0.0669   -0.6851
   -0.6255    0.4797   -0.6154
    0.2875    0.8749    0.3897
...   105 C-G ...
   22.1055 -107.9868  -25.0654
    0.2305    0.3270   -0.9165
   -0.9291    0.3539   -0.1074
    0.2892    0.8763    0.3854
...   106 T-A ...
   23.3479 -105.1203  -23.8262
   -0.3393    0.4498   -0.8262
   -0.9002    0.0995    0.4239
    0.2729    0.8876    0.3712
...   107 T-A ...
   24.4702 -102.2781  -22.6818
   -0.8051    0.4371   -0.4010
   -0.5268   -0.2162    0.8221
    0.2727    0.8731    0.4043
...   108 C-G ...
   25.4434  -99.4095  -21.3548
   -0.9714    0.1726    0.1631
    0.0689   -0.4524    0.8891
    0.2273    0.8749    0.4276
...   109 C-G ...
   26.0655  -96.3388  -20.0864
   -0.7874   -0.2099    0.5796
    0.6023   -0.4620    0.6510
    0.1311    0.8617    0.4902
...   110 G-C ...
   26.6183  -93.6553  -18.0763
   -0.3174   -0.5617    0.7640
    0.9474   -0.2222    0.2303
    0.0404    0.7969    0.6027
...   111 G-C ...
   26.3937  -91.1755  -15.7799
    0.2625   -0.6689    0.6954
    0.9648    0.1700   -0.2007
    0.0161    0.7236    0.6900
...   112 C-G ...
   26.1484  -89.1233  -13.1513
    0.7592   -0.4880    0.4307
    0.6505    0.5475   -0.5264
    0.0211    0.6798    0.7331
...   113 T-A ...
   26.2271  -87.1763  -10.4275
    0.9914   -0.1261    0.0342
    0.1188    0.7599   -0.6391
    0.0546    0.6377    0.7683
...   114 C-G ...
   26.5481  -85.1563   -7.8117
    0.8530    0.3745   -0.3635
   -0.5186    0.6872   -0.5088
    0.0593    0.6225    0.7804
...   115 G-C ...
   26.4705  -82.7638   -5.3929
    0.3678    0.6802   -0.6341
   -0.9248    0.3389   -0.1728
    0.0973    0.6499    0.7537
...   116 T-A ...
   27.4112  -80.7249   -2.8732
   -0.2056    0.7517   -0.6266
   -0.9750   -0.1022    0.1973
    0.0842    0.6516    0.7539
...   117 A-T ...
   27.2475  -78.8693    0.0203
   -0.8058    0.5047   -0.3098
   -0.5860   -0.6039    0.5403
    0.0856    0.6169    0.7824
...   118 T-A ...
   27.7676  -76.4116    2.1616
   -0.9939    0.1094    0.0152
   -0.0770   -0.7850    0.6146
    0.0792    0.6097    0.7887
...   119 A-T ...
   28.0671  -74.6340    5.0314
   -0.8206   -0.4497    0.3527
    0.5710   -0.6719    0.4717
    0.0249    0.5885    0.8081
...   120 A-T ...
   27.9531  -72.6726    7.6146
   -0.3289   -0.7727    0.5429
    0.9443   -0.2737    0.1824
    0.0076    0.5727    0.8197
...   121 T-A ...
   27.2992  -70.8307   10.2635
    0.2114   -0.8093    0.5480
    0.9774    0.1750   -0.1185
    0.0000    0.5607    0.8280
...   122 G-C ...
   27.6555  -69.0838   13.1264
    0.7555   -0.5839    0.2972
    0.6546    0.6542   -0.3789
    0.0268    0.4808    0.8764
...   123 T-A ...
   27.5564  -68.0631   16.3199
    0.9908   -0.1325    0.0275
    0.1300    0.8748   -0.4667
    0.0378    0.4660    0.8840
...   124 G-C ...
   27.8049  -66.2157   19.1206
    0.8590    0.4090   -0.3079
   -0.5028    0.7869   -0.3577
    0.0960    0.4621    0.8816
...   125 T-A ...
   28.5905  -65.0960   22.2035
    0.4353    0.7744   -0.4592
   -0.8953    0.4262   -0.1299
    0.0951    0.4676    0.8788
...   126 C-G ...
   28.9759  -63.5906   25.1430
   -0.2153    0.8663   -0.4507
   -0.9730   -0.1512    0.1743
    0.0828    0.4761    0.8755
...   127 G-C ...
   28.8482  -62.1842   28.2503
   -0.7533    0.5585   -0.3474
   -0.6577   -0.6354    0.4047
    0.0053    0.5333    0.8459
...   128 A-T ...
   28.9161  -60.4044   31.0296
   -0.9975    0.0328   -0.0630
   -0.0613   -0.8463    0.5292
   -0.0359    0.5317    0.8462
...   129 C-G ...
   28.6306  -58.1667   33.4625
   -0.8679   -0.4549    0.1996
    0.4907   -0.7225    0.4870
   -0.0773    0.5206    0.8503
...   130 C-G ...
   28.0276  -56.3984   36.2847
   -0.4270   -0.8300    0.3588
    0.8916   -0.3205    0.3198
   -0.1505    0.4565    0.8769
...   131 A-T ...
   27.7262  -55.0483   39.3604
    0.2041   -0.8968    0.3926
    0.9630    0.2560    0.0841
   -0.1759    0.3609    0.9159
...   132 A-T ...
   26.9606  -54.0390   42.3623
    0.7358   -0.5633    0.3759
    0.6497    0.7437   -0.1575
   -0.1908    0.3601    0.9132
...   133 A-T ...
   26.2379  -53.1116   45.4088
    0.9723    0.0065    0.2335
    0.0778    0.9335   -0.3499
   -0.2202    0.3584    0.9072
...   134 T-A ...
   25.6308  -52.5797   48.6349
    0.8597    0.5096    0.0340
   -0.4497    0.7867   -0.4230
   -0.2423    0.3484    0.9055
...   135 G-C ...
   25.2859  -52.4981   52.0750
    0.3205    0.9427   -0.0927
   -0.8825    0.2616   -0.3908
   -0.3441    0.2071    0.9158
...   136 T-A ...
   25.5356  -52.9669   55.8002
   -0.2443    0.9563   -0.1608
   -0.8908   -0.2868   -0.3525
   -0.3832    0.0571    0.9219
...   137 G-C ...
   24.9038  -52.7260   58.9821
   -0.7529    0.5562   -0.3519
   -0.5214   -0.8303   -0.1968
   -0.4017    0.0354    0.9151
...   138 A-T ...
   24.0250  -51.6262   61.9211
   -0.9563    0.0400   -0.2896
   -0.0523   -0.9980    0.0347
   -0.2877    0.0483    0.9565
...   139 G-C ...
   22.3574  -51.2300   64.4909
   -0.8529   -0.5117   -0.1032
    0.4973   -0.8566    0.1372
   -0.1586    0.0657    0.9852
...   140 C-G ...
   22.1609  -50.1387   67.4618
   -0.4681   -0.8749    0.1247
    0.8495   -0.4066    0.3363
   -0.2435    0.2633    0.9335
...   141 G-C ...
   21.4367  -51.8165   72.7856
    0.1304   -0.7141   -0.6877
    0.8897   -0.2218    0.3990
   -0.4375   -0.6639    0.6065
...   142 C-G ...
   20.4355  -54.2995   74.5395
    0.5847   -0.7390   -0.3347
    0.7593    0.3532    0.5466
   -0.2857   -0.5737    0.7676
...   143 T-A ...
   18.4378  -55.5191   76.5273
    0.8548   -0.5006    0.1370
    0.3188    0.7147    0.6225
   -0.4096   -0.4884    0.7705
...   144 C-G ...
   16.8485  -57.7127   78.2648
    0.8529   -0.0846    0.5152
   -0.1509    0.9047    0.3983
   -0.4998   -0.4175    0.7589
...   145 A-T ...
   15.7934  -59.5519   80.7963
    0.5515    0.4995    0.6681
   -0.6739    0.7388    0.0040
   -0.4915   -0.4525    0.7441
...   146 C-G ...
   15.7411  -61.4840   83.9296
    0.0342    0.7400    0.6718
   -0.8637    0.3601   -0.3527
   -0.5029   -0.5681    0.6514
...   147 A-T ...
   14.7482  -63.4171   86.8165
   -0.5923    0.6746    0.4405
   -0.6886   -0.1400   -0.7115
   -0.4183   -0.7247    0.5475
