  147 base-pairs
...     1 T-A ...
    0.0000    0.0000    0.0000
    1.0000    0.0000    0.0000
    0.0000    1.0000    0.0000
    0.0000    0.0000    1.0000
...     2 G-C ...
   -0.5555   -1.1003    3.3981
    0.7749    0.6051    0.1828
   -0.5991    0.7953   -0.0929
   -0.2016   -0.0375    0.9787
...     3 T-A ...
   -0.6619   -3.0237    6.5348
    0.3046    0.9250    0.2271
   -0.8994    0.3578   -0.2510
   -0.3134   -0.1278    0.9410
...     4 G-C ...
   -1.1607   -3.8418    9.6940
   -0.3351    0.9421    0.0133
   -0.8752   -0.3061   -0.3746
   -0.3489   -0.1372    0.9271
...     5 A-T ...
   -1.3881   -3.6770   12.8999
   -0.7835    0.6162   -0.0801
   -0.5677   -0.7622   -0.3109
   -0.2527   -0.1981    0.9470
...     6 G-C ...
   -2.6236   -3.5448   15.7072
   -0.9923    0.0611   -0.1075
   -0.0294   -0.9610   -0.2748
   -0.1201   -0.2695    0.9555
...     7 C-G ...
   -2.3138   -3.7570   18.8866
   -0.8620   -0.4995   -0.0864
    0.5008   -0.8655    0.0073
   -0.0785   -0.0370    0.9962
...     8 G-C ...
   -3.9561   -6.8109   23.3205
   -0.2581   -0.3560   -0.8981
    0.6294   -0.7673    0.1233
   -0.7330   -0.5335    0.4221
...     9 C-G ...
   -6.1177   -8.9414   24.2385
    0.1143   -0.7320   -0.6716
    0.8123   -0.3203    0.4874
   -0.5720   -0.6013    0.5580
...    10 T-A ...
   -8.5041   -9.6771   26.0540
    0.4660   -0.8587   -0.2131
    0.6274    0.1508    0.7640
   -0.6239   -0.4897    0.6090
...    11 C-G ...
  -11.0625  -11.3174   27.2336
    0.6660   -0.6911    0.2808
    0.3382    0.6152    0.7121
   -0.6649   -0.3794    0.6435
...    12 A-T ...
  -13.0013  -13.1789   29.0658
    0.7188   -0.1490    0.6790
   -0.1787    0.9043    0.3876
   -0.6718   -0.4000    0.6235
...    13 C-G ...
  -14.1788  -15.9359   31.3399
    0.4052    0.2865    0.8682
   -0.5270    0.8492   -0.0343
   -0.7470   -0.4437    0.4951
...    14 A-T ...
  -15.9532  -18.1566   33.3080
   -0.1503    0.6873    0.7107
   -0.6106    0.5008   -0.6135
   -0.7776   -0.5261    0.3444
...    15 A-T ...
  -18.2847  -20.0121   34.6638
   -0.5307    0.8175    0.2239
   -0.3914   -0.0020   -0.9202
   -0.7518   -0.5760    0.3210
...    16 T-A ...
  -20.5203  -21.7967   36.3732
   -0.6831    0.6732   -0.2832
   -0.0432   -0.4243   -0.9045
   -0.7291   -0.6056    0.3189
...    17 T-A ...
  -22.8437  -23.6774   37.6923
   -0.6014    0.2665   -0.7532
    0.3916   -0.7234   -0.5686
   -0.6964   -0.6369    0.3307
...    18 T-A ...
  -25.1829  -25.5835   38.9157
   -0.2596   -0.2129   -0.9419
    0.6870   -0.7262   -0.0252
   -0.6787   -0.6537    0.3348
...    19 A-T ...
  -27.2575  -27.9617   40.0875
    0.2674   -0.5642   -0.7812
    0.7018   -0.4415    0.5591
   -0.6603   -0.6977    0.2779
...    20 T-A ...
  -29.7520  -30.0516   40.4666
    0.6072   -0.6900   -0.3939
    0.4652   -0.0932    0.8803
   -0.6441   -0.7178    0.2644
...    21 T-A ...
  -31.8349  -32.4437   41.1160
    0.7874   -0.5914    0.1741
    0.0224    0.3096    0.9506
   -0.6161   -0.7446    0.2570
...    22 C-G ...
  -33.6584  -35.0434   41.9536
    0.6702   -0.2579    0.6959
   -0.4741    0.5726    0.6689
   -0.5710   -0.7782    0.2615
...    23 G-C ...
  -35.5569  -37.5109   43.3048
    0.3204    0.1900    0.9280
   -0.8151    0.5545    0.1679
   -0.4827   -0.8102    0.3325
...    24 C-G ...
  -36.7388  -40.3681   44.6159
   -0.1874    0.4876    0.8527
   -0.8670    0.3259   -0.3769
   -0.4617   -0.8100    0.3616
...    25 A-T ...
  -38.5136  -42.9961   45.6939
   -0.6509    0.6230    0.4338
   -0.5881   -0.0524   -0.8071
   -0.4801   -0.7804    0.4005
...    26 A-T ...
  -39.9121  -45.5158   47.2395
   -0.8930    0.4343   -0.1182
   -0.0722   -0.3976   -0.9147
   -0.4442   -0.8083    0.3864
...    27 A-T ...
  -41.3454  -48.0404   48.7315
   -0.7714    0.0923   -0.6296
    0.4829   -0.5594   -0.6737
   -0.4144   -0.8237    0.3869
...    28 G-C ...
  -42.9070  -50.6378   50.1307
   -0.3494   -0.1758   -0.9204
    0.8328   -0.5085   -0.2190
   -0.4295   -0.8429    0.3240
...    29 G-C ...
  -44.5622  -53.3906   51.1926
    0.2194   -0.3449   -0.9126
    0.8831   -0.3273    0.3360
   -0.4146   -0.8797    0.2328
...    30 C-G ...
  -46.2465  -56.2216   51.6370
    0.6983   -0.4136   -0.5841
    0.6066   -0.0911    0.7897
   -0.3799   -0.9059    0.1873
...    31 C-G ...
  -47.4259  -59.3762   51.9077
    0.9509   -0.3035   -0.0608
    0.1004    0.1168    0.9881
   -0.2928   -0.9456    0.1415
...    32 G-C ...
  -48.1297  -62.5845   52.7780
    0.8608   -0.0753    0.5033
   -0.4805    0.2053    0.8526
   -0.1675   -0.9758    0.1405
...    33 G-C ...
  -48.2392  -65.9523   53.2370
    0.4485    0.1220    0.8854
   -0.8889    0.1647    0.4275
   -0.0937   -0.9788    0.1823
...    34 C-G ...
  -48.0747  -69.2372   53.9214
   -0.1341    0.2171    0.9669
   -0.9883    0.0417   -0.1465
   -0.0721   -0.9753    0.2089
...    35 C-G ...
  -48.1103  -72.4999   54.9067
   -0.6716    0.2506    0.6972
   -0.7358   -0.1151   -0.6674
   -0.0870   -0.9612    0.2617
...    36 C-G ...
  -48.3084  -75.6991   56.0674
   -0.9651    0.1946    0.1753
   -0.2212   -0.2470   -0.9434
   -0.1403   -0.9493    0.2814
...    37 G-C ...
  -48.7307  -79.0327   56.5833
   -0.8944    0.1009   -0.4356
    0.3878   -0.3102   -0.8680
   -0.2227   -0.9453    0.2384
...    38 A-T ...
  -49.4465  -82.1318   57.4589
   -0.4684   -0.0716   -0.8806
    0.8525   -0.2985   -0.4292
   -0.2321   -0.9517    0.2008
...    39 C-G ...
  -50.7898  -85.0663   58.2134
    0.0745   -0.1799   -0.9809
    0.9693   -0.2179    0.1136
   -0.2342   -0.9592    0.1582
...    40 A-T ...
  -51.3341  -88.3511   58.7208
    0.6511   -0.1575   -0.7424
    0.7364   -0.1057    0.6683
   -0.1837   -0.9818    0.0472
...    41 C-G ...
  -52.2066  -91.5151   58.2832
    0.9518   -0.1486   -0.2683
    0.2672   -0.0278    0.9632
   -0.1506   -0.9885    0.0133
...    42 G-C ...
  -52.3618  -94.8899   58.6736
    0.9406   -0.0341    0.3378
   -0.3381   -0.0063    0.9411
   -0.0299   -0.9994   -0.0174
...    43 A-T ...
  -52.2747  -98.2012   58.6013
    0.5377   -0.0168    0.8430
   -0.8431   -0.0122    0.5376
    0.0012   -0.9998   -0.0207
...    44 C-G ...
  -51.6051 -101.4924   58.4107
   -0.0122   -0.0174    0.9998
   -0.9998   -0.0174   -0.0125
    0.0176   -0.9997   -0.0172
...    45 T-A ...
  -51.2527 -104.8296   58.5584
   -0.5700   -0.0004    0.8217
   -0.8215   -0.0220   -0.5698
    0.0183   -0.9998    0.0122
...    46 T-A ...
  -50.9444 -108.0797   58.7582
   -0.9474   -0.0540    0.3156
   -0.3162    0.0034   -0.9487
    0.0501   -0.9985   -0.0203
...    47 A-T ...
  -50.6353 -111.4351   58.1887
   -0.9189   -0.0543   -0.3908
    0.3871    0.0667   -0.9196
    0.0760   -0.9963   -0.0403
...    48 C-G ...
  -50.7525 -114.7455   58.5534
   -0.5630    0.0248   -0.8261
    0.8242    0.0895   -0.5591
    0.0600   -0.9957   -0.0708
...    49 T-A ...
  -50.8638 -118.0695   58.3108
   -0.0230    0.1502   -0.9884
    0.9987    0.0474   -0.0160
    0.0445   -0.9875   -0.1511
...    50 G-C ...
  -50.4535 -121.3459   57.6339
    0.5557    0.2715   -0.7858
    0.8270   -0.0840    0.5558
    0.0849   -0.9588   -0.2712
...    51 T-A ...
  -50.4934 -124.3278   56.2105
    0.9087    0.2283   -0.3496
    0.3999   -0.2350    0.8859
    0.1201   -0.9448   -0.3048
...    52 A-T ...
  -49.9097 -127.5826   55.4729
    0.9513    0.0605    0.3023
   -0.2613   -0.3619    0.8948
    0.1636   -0.9302   -0.3285
...    53 G-C ...
  -49.0883 -130.5623   54.1888
    0.6374   -0.1132    0.7622
   -0.7396   -0.3675    0.5639
    0.2163   -0.9231   -0.3179
...    54 G-C ...
  -47.9820 -133.6397   53.2319
    0.0866   -0.2634    0.9608
   -0.9623   -0.2716    0.0123
    0.2577   -0.9257   -0.2770
...    55 T-A ...
  -46.5196 -136.5992   52.5119
   -0.4594   -0.3749    0.8052
   -0.8496   -0.0788   -0.5215
    0.2589   -0.9237   -0.2823
...    56 A-T ...
  -45.9508 -139.6111   50.8969
   -0.8961   -0.3971    0.1980
   -0.3110    0.2438   -0.9186
    0.3165   -0.8848   -0.3420
...    57 T-A ...
  -44.8390 -142.7033   50.4158
   -0.9207   -0.2198   -0.3224
    0.2043    0.4324   -0.8782
    0.3324   -0.8745   -0.3532
...    58 C-G ...
  -43.6970 -145.6208   49.3299
   -0.6163    0.1267   -0.7772
    0.7194    0.4919   -0.4903
    0.3202   -0.8614   -0.3943
...    59 T-A ...
  -42.9164 -148.5834   48.0081
   -0.1458    0.4503   -0.8809
    0.9429    0.3327    0.0140
    0.2994   -0.8286   -0.4731
...    60 C-G ...
  -41.9719 -151.2779   46.3785
    0.4301    0.6137   -0.6621
    0.8459   -0.0177    0.5331
    0.3155   -0.7893   -0.5267
...    61 G-C ...
  -40.4654 -153.8015   44.6587
    0.7879    0.5953   -0.1576
    0.4709   -0.4176    0.7771
    0.3968   -0.6865   -0.6094
...    62 A-T ...
  -38.9963 -155.9120   42.5834
    0.8972    0.2410    0.3702
   -0.0887   -0.7227    0.6855
    0.4327   -0.6478   -0.6270
...    63 G-C ...
  -37.3291 -157.8109   40.3846
    0.6756   -0.1809    0.7147
   -0.5565   -0.7610    0.3334
    0.4836   -0.6230   -0.6148
...    64 C-G ...
  -35.2948 -159.6698   38.4364
    0.2278   -0.5833    0.7797
   -0.8285   -0.5368   -0.1596
    0.5116   -0.6096   -0.6055
...    65 T-A ...
  -33.2964 -161.6738   36.6057
   -0.2878   -0.7829    0.5516
   -0.8018   -0.1180   -0.5858
    0.5237   -0.6109   -0.5938
...    66 C-G ...
  -31.4534 -163.6786   34.6753
   -0.7199   -0.6920    0.0534
   -0.4543    0.4116   -0.7901
    0.5248   -0.5930   -0.6107
...    67 G-C ...
  -29.6707 -165.2855   32.2492
   -0.8899   -0.2598   -0.3749
    0.0476    0.7646   -0.6428
    0.4537   -0.5898   -0.6680
...    68 G-C ...
  -28.0383 -167.4424   30.1729
   -0.7466    0.2754   -0.6055
    0.5326    0.7929   -0.2961
    0.3986   -0.5436   -0.7387
...    69 G-C ...
  -26.8131 -169.4701   27.7466
   -0.3692    0.7324   -0.5721
    0.8551    0.5088    0.0996
    0.3641   -0.4524   -0.8141
...    70 A-T ...
  -25.6686 -170.9132   25.0442
    0.1784    0.9264   -0.3316
    0.9128   -0.0300    0.4072
    0.3673   -0.3753   -0.8510
...    71 T-A ...
  -25.0167 -171.8692   21.9939
    0.6025    0.7970   -0.0409
    0.7019   -0.5048    0.5026
    0.3799   -0.3315   -0.8636
...    72 C-G ...
  -23.6086 -172.7007   19.1518
    0.8834    0.3514    0.3101
    0.2242   -0.8979    0.3787
    0.4115   -0.2650   -0.8720
...    73 C-G ...
  -21.7609 -173.2480   16.3511
    0.8292   -0.2112    0.5175
   -0.2819   -0.9575    0.0610
    0.4826   -0.1965   -0.8535
...    74 G-C ...
  -20.0459 -174.4447   13.6445
    0.4797   -0.7400    0.4714
   -0.6807   -0.6529   -0.3323
    0.5537   -0.1615   -0.8169
...    75 C-G ...
  -17.8381 -174.9212   11.1158
   -0.0008   -0.9837    0.1797
   -0.8245   -0.1011   -0.5568
    0.5659   -0.1486   -0.8110
...    76 T-A ...
  -15.7043 -175.5110    8.5643
   -0.4713   -0.8643   -0.1754
   -0.6810    0.4830   -0.5503
    0.5604   -0.1399   -0.8163
...    77 T-A ...
  -13.6366 -176.0386    6.0762
   -0.7593   -0.3954   -0.5169
   -0.2779    0.9152   -0.2918
    0.5884   -0.0779   -0.8048
...    78 T-A ...
  -11.6264 -176.4639    3.5439
   -0.7732    0.2332   -0.5898
    0.2113    0.9715    0.1071
    0.5980   -0.0418   -0.8004
...    79 A-T ...
   -9.5289 -176.4258    0.8952
   -0.5398    0.7842   -0.3062
    0.6419    0.6187    0.4529
    0.5446    0.0479   -0.8373
...    80 A-T ...
   -7.9023 -176.2365   -1.8886
   -0.1064    0.9917    0.0719
    0.8430    0.0517    0.5354
    0.5272    0.1176   -0.8415
...    81 C-G ...
   -6.7417 -175.6207   -4.8917
    0.3256    0.8526    0.4087
    0.7868   -0.4841    0.3830
    0.5243    0.1969   -0.8284
...    82 A-T ...
   -4.7113 -174.8248   -7.4784
    0.6586    0.3754    0.6521
    0.4927   -0.8702    0.0033
    0.5687    0.3192   -0.7581
...    83 C-G ...
   -2.9448 -173.0990   -9.7336
    0.8112   -0.1734    0.5584
    0.0753   -0.9161   -0.3939
    0.5798    0.3616   -0.7301
...    84 T-A ...
   -0.8013 -171.6553  -11.8856
    0.7041   -0.6700    0.2353
   -0.3677   -0.6275   -0.6863
    0.6075    0.3967   -0.6882
...    85 T-A ...
    1.3116 -170.1221  -13.8851
    0.3806   -0.8711   -0.3103
   -0.7337   -0.0802   -0.6747
    0.5628    0.4845   -0.6697
...    86 T-A ...
    3.3926 -168.4362  -15.8002
   -0.1042   -0.6770   -0.7285
   -0.8320    0.4606   -0.3091
    0.5448    0.5740   -0.6113
...    87 A-T ...
    4.6395 -165.6015  -17.5451
   -0.6065   -0.0478   -0.7937
   -0.5473    0.7492    0.3730
    0.5768    0.6606   -0.4805
...    88 T-A ...
    6.7973 -163.9289  -19.4306
   -0.8017    0.3661   -0.4726
   -0.1525    0.6391    0.7538
    0.5780    0.6764   -0.4565
...    89 G-C ...
    8.7425 -161.4632  -20.7049
   -0.8015    0.5833    0.1317
    0.3540    0.2853    0.8907
    0.4820    0.7605   -0.4351
...    90 C-G ...
   10.0722 -159.0004  -22.5046
   -0.5029    0.5732    0.6469
    0.7442   -0.0935    0.6614
    0.4396    0.8141   -0.3795
...    91 T-A ...
   11.2114 -156.1224  -23.7078
   -0.0550    0.3280    0.9431
    0.9181   -0.3548    0.1769
    0.3926    0.8755   -0.2816
...    92 T-A ...
   12.3493 -153.1896  -24.4683
    0.4783    0.0160    0.8781
    0.7888   -0.4473   -0.4215
    0.3860    0.8942   -0.2266
...    93 C-G ...
   13.7626 -150.2293  -24.8923
    0.8548   -0.2816    0.4358
    0.3501   -0.3070   -0.8850
    0.3830    0.9091   -0.1638
...    94 C-G ...
   15.4690 -147.2607  -25.0727
    0.8868   -0.4307   -0.1679
   -0.1910   -0.0105   -0.9815
    0.4209    0.9025   -0.0916
...    95 G-C ...
   16.8667 -144.2314  -25.8907
    0.5740   -0.3445   -0.7428
   -0.6803    0.3043   -0.6668
    0.4558    0.8881   -0.0597
...    96 G-C ...
   18.5514 -141.2464  -25.9443
    0.0435   -0.1042   -0.9936
   -0.8929    0.4420   -0.0855
    0.4481    0.8910   -0.0738
...    97 C-G ...
   20.3905 -138.3865  -26.0770
   -0.4972    0.1668   -0.8514
   -0.7611    0.3873    0.5203
    0.4165    0.9068   -0.0656
...    98 T-A ...
   21.9202 -135.4077  -26.4435
   -0.8644    0.3124   -0.3941
   -0.3488    0.1921    0.9173
    0.3622    0.9303   -0.0571
...    99 C-G ...
   23.2442 -132.3662  -26.6004
   -0.9154    0.3062    0.2612
    0.2524   -0.0686    0.9652
    0.3135    0.9495   -0.0145
...   100 G-C ...
   24.4446 -129.1752  -26.2464
   -0.6442    0.0395    0.7638
    0.7393   -0.2236    0.6351
    0.1959    0.9739    0.1148
...   101 T-A ...
   24.4459 -125.9042  -25.9471
   -0.1511   -0.1604    0.9754
    0.9745   -0.1899    0.1197
    0.1661    0.9686    0.1850
...   102 A-T ...
   25.1569 -122.7276  -25.0291
    0.4690   -0.3462    0.8125
    0.8688    0.0154   -0.4949
    0.1588    0.9380    0.3080
...   103 T-A ...
   25.2178 -119.8038  -23.5037
    0.8573   -0.2893    0.4259
    0.4924    0.2192   -0.8423
    0.1503    0.9318    0.3304
...   104 C-G ...
   25.9209 -116.8116  -22.2267
    0.9783   -0.0775   -0.1920
   -0.1469    0.3930   -0.9077
    0.1458    0.9163    0.3731
...   105 A-T ...
   26.3112 -113.5901  -21.3220
    0.6627    0.1844   -0.7258
   -0.7293    0.3789   -0.5697
    0.1699    0.9069    0.3856
...   106 T-A ...
   27.4455 -110.8666  -19.7237
    0.1640    0.4127   -0.8960
   -0.9759    0.2007   -0.0861
    0.1443    0.8885    0.4357
...   107 G-C ...
   27.4481 -107.9154  -18.0903
   -0.4956    0.4261   -0.7568
   -0.8606   -0.1234    0.4941
    0.1171    0.8962    0.4279
...   108 T-A ...
   28.2929 -104.8246  -17.0287
   -0.8952    0.2679   -0.3561
   -0.4368   -0.3690    0.8204
    0.0884    0.8900    0.4474
...   109 T-A ...
   28.6598 -101.8820  -15.6893
   -0.9790   -0.0235    0.2023
    0.1887   -0.4787    0.8575
    0.0767    0.8777    0.4731
...   110 A-T ...
   28.9870  -99.0787  -13.8089
   -0.6426   -0.4092    0.6478
    0.7662   -0.3454    0.5419
    0.0020    0.8446    0.5354
...   111 T-A ...
   28.3730  -96.2654  -12.2536
   -0.1479   -0.5610    0.8145
    0.9889   -0.0719    0.1300
   -0.0144    0.8247    0.5654
...   112 A-T ...
   28.5564  -93.6121  -10.1495
    0.5117   -0.5478    0.6619
    0.8590    0.3425   -0.3805
   -0.0183    0.7632    0.6459
...   113 A-T ...
   28.4010  -91.2947   -7.8666
    0.9256   -0.2280    0.3020
    0.3770    0.6242   -0.6843
   -0.0325    0.7473    0.6637
...   114 C-G ...
   28.3106  -89.3029   -5.1376
    0.9777    0.1621   -0.1338
   -0.2085    0.6680   -0.7143
   -0.0264    0.7263    0.6869
...   115 G-C ...
   28.1968  -86.5126   -3.1473
    0.6423    0.5196   -0.5634
   -0.7660    0.4617   -0.4473
    0.0277    0.7189    0.6946
...   116 G-C ...
   28.4709  -84.1419   -0.6931
    0.0595    0.6712   -0.7388
   -0.9978    0.0618   -0.0241
    0.0295    0.7387    0.6734
...   117 A-T ...
   28.6572  -81.7864    1.6644
   -0.5861    0.5618   -0.5838
   -0.8102   -0.3975    0.4308
    0.0099    0.7255    0.6882
...   118 T-A ...
   29.1387  -79.1057    3.5604
   -0.9296    0.2677   -0.2532
   -0.3683   -0.6515    0.6632
    0.0126    0.7098    0.7043
...   119 A-T ...
   29.2462  -77.1330    6.3798
   -0.9364   -0.2565    0.2394
    0.3508   -0.6767    0.6473
   -0.0040    0.6902    0.7236
...   120 A-T ...
   29.1048  -74.8350    8.6696
   -0.5389   -0.6308    0.5582
    0.8420   -0.3861    0.3767
   -0.0221    0.6731    0.7392
...   121 T-A ...
   28.3873  -72.5799   10.9510
   -0.0124   -0.7539    0.6568
    0.9994    0.0117    0.0323
   -0.0320    0.6568    0.7533
...   122 G-C ...
   28.6334  -70.5524   13.6617
    0.6044   -0.6457    0.4667
    0.7963    0.5071   -0.3297
   -0.0238    0.5709    0.8207
...   123 T-A ...
   28.2827  -69.1933   16.7086
    0.9477   -0.2598    0.1856
    0.3190    0.7947   -0.5164
   -0.0133    0.5485    0.8360
...   124 G-C ...
   28.4646  -67.0741   19.3416
    0.9368    0.2754   -0.2159
   -0.3475    0.8049   -0.4809
    0.0414    0.5256    0.8497
...   125 T-A ...
   29.0149  -65.7704   22.4228
    0.5730    0.6861   -0.4482
   -0.8185    0.5065   -0.2711
    0.0411    0.5222    0.8518
...   126 C-G ...
   29.2116  -64.0831   25.3042
   -0.0791    0.8545   -0.5134
   -0.9964   -0.0516    0.0675
    0.0312    0.5169    0.8555
...   127 G-C ...
   28.8482  -62.5502   28.3641
   -0.6724    0.6028   -0.4294
   -0.7396   -0.5694    0.3588
   -0.0282    0.5589    0.8287
...   128 A-T ...
   28.8442  -60.7206   31.1360
   -0.9863    0.0974   -0.1334
   -0.1545   -0.8293    0.5370
   -0.0584    0.5502    0.8330
...   129 C-G ...
   28.5767  -58.4194   33.5324
   -0.9016   -0.4026    0.1579
    0.4223   -0.7410    0.5220
   -0.0932    0.5373    0.8382
...   130 C-G ...
   28.0060  -56.5715   36.3172
   -0.4774   -0.8060    0.3498
    0.8635   -0.3566    0.3567
   -0.1627    0.4724    0.8662
...   131 A-T ...
   27.7224  -55.1674   39.3915
    0.1664   -0.8986    0.4060
    0.9684    0.2265    0.1045
   -0.1859    0.3757    0.9079
...   132 A-T ...
   26.9587  -54.0979   42.3732
    0.7186   -0.5766    0.3888
    0.6672    0.7293   -0.1515
   -0.1962    0.3683    0.9088
...   133 A-T ...
   26.2395  -53.1241   45.4071
    0.9713   -0.0028    0.2380
    0.0886    0.9323   -0.3508
   -0.2209    0.3618    0.9057
...   134 T-A ...
   25.6309  -52.5797   48.6348
    0.8597    0.5096    0.0340
   -0.4497    0.7867   -0.4230
   -0.2423    0.3484    0.9055
...   135 G-C ...
   25.2860  -52.4981   52.0749
    0.3205    0.9427   -0.0927
   -0.8825    0.2616   -0.3908
   -0.3441    0.2071    0.9158
...   136 T-A ...
   25.5357  -52.9668   55.8001
   -0.2443    0.9563   -0.1608
   -0.8908   -0.2868   -0.3525
   -0.3832    0.0571    0.9219
...   137 G-C ...
   24.9038  -52.7260   58.9820
   -0.7529    0.5562   -0.3519
   -0.5214   -0.8303   -0.1968
   -0.4017    0.0354    0.9151
...   138 A-T ...
   24.0250  -51.6261   61.9210
   -0.9563    0.0400   -0.2896
   -0.0523   -0.9980    0.0347
   -0.2877    0.0483    0.9565
...   139 G-C ...
   22.3575  -51.2300   64.4908
   -0.8529   -0.5117   -0.1032
    0.4973   -0.8566    0.1372
   -0.1586    0.0657    0.9852
...   140 C-G ...
   22.1610  -50.1386   67.4617
   -0.4681   -0.8749    0.1247
    0.8495   -0.4066    0.3363
   -0.2435    0.2633    0.9335
...   141 G-C ...
   21.4367  -51.8164   72.7855
    0.1304   -0.7141   -0.6877
    0.8897   -0.2218    0.3990
   -0.4375   -0.6639    0.6065
...   142 C-G ...
   20.4356  -54.2995   74.5394
    0.5847   -0.7390   -0.3347
    0.7593    0.3532    0.5466
   -0.2857   -0.5737    0.7676
...   143 T-A ...
   18.4379  -55.5190   76.5272
    0.8548   -0.5006    0.1370
    0.3188    0.7147    0.6225
   -0.4096   -0.4884    0.7705
...   144 C-G ...
   16.8486  -57.7127   78.2647
    0.8529   -0.0846    0.5152
   -0.1509    0.9047    0.3983
   -0.4998   -0.4175    0.7589
...   145 A-T ...
   15.7934  -59.5518   80.7962
    0.5515    0.4995    0.6681
   -0.6739    0.7388    0.0040
   -0.4915   -0.4525    0.7441
...   146 C-G ...
   15.7412  -61.4839   83.9295
    0.0342    0.7400    0.6718
   -0.8637    0.3601   -0.3527
   -0.5029   -0.5681    0.6514
...   147 A-T ...
   14.7482  -63.4171   86.8164
   -0.5923    0.6746    0.4405
   -0.6886   -0.1400   -0.7115
   -0.4183   -0.7247    0.5475
