  147 base-pairs
...     1 T-A ...
    0.0000    0.0000    0.0000
    1.0000    0.0000    0.0000
    0.0000    1.0000    0.0000
    0.0000    0.0000    1.0000
...     2 G-C ...
   -0.5555   -1.1003    3.3981
    0.7749    0.6051    0.1828
   -0.5991    0.7953   -0.0929
   -0.2016   -0.0375    0.9787
...     3 T-A ...
   -0.6619   -3.0237    6.5348
    0.3046    0.9250    0.2271
   -0.8994    0.3578   -0.2510
   -0.3134   -0.1278    0.9410
...     4 G-C ...
   -1.1607   -3.8418    9.6940
   -0.3351    0.9421    0.0133
   -0.8752   -0.3061   -0.3746
   -0.3489   -0.1372    0.9271
...     5 A-T ...
   -1.3881   -3.6770   12.8999
   -0.7835    0.6162   -0.0801
   -0.5677   -0.7622   -0.3109
   -0.2527   -0.1981    0.9470
...     6 G-C ...
   -2.6236   -3.5448   15.7072
   -0.9923    0.0611   -0.1075
   -0.0294   -0.9610   -0.2748
   -0.1201   -0.2695    0.9555
...     7 C-G ...
   -2.3138   -3.7570   18.8866
   -0.8620   -0.4995   -0.0864
    0.5008   -0.8655    0.0073
   -0.0785   -0.0370    0.9962
...     8 G-C ...
   -3.9561   -6.8109   23.3205
   -0.2581   -0.3560   -0.8981
    0.6294   -0.7673    0.1233
   -0.7330   -0.5335    0.4221
...     9 C-G ...
   -6.1177   -8.9414   24.2385
    0.1143   -0.7320   -0.6716
    0.8123   -0.3203    0.4874
   -0.5720   -0.6013    0.5580
...    10 T-A ...
   -8.5041   -9.6771   26.0540
    0.4660   -0.8587   -0.2131
    0.6274    0.1508    0.7640
   -0.6239   -0.4897    0.6090
...    11 C-G ...
  -11.0625  -11.3174   27.2336
    0.6660   -0.6911    0.2808
    0.3382    0.6152    0.7121
   -0.6649   -0.3794    0.6435
...    12 A-T ...
  -13.0013  -13.1789   29.0658
    0.7188   -0.1490    0.6790
   -0.1787    0.9043    0.3876
   -0.6718   -0.4000    0.6235
...    13 C-G ...
  -14.1788  -15.9359   31.3399
    0.4052    0.2865    0.8682
   -0.5270    0.8492   -0.0343
   -0.7470   -0.4437    0.4951
...    14 A-T ...
  -15.9532  -18.1566   33.3080
   -0.1503    0.6873    0.7107
   -0.6106    0.5008   -0.6135
   -0.7776   -0.5261    0.3444
...    15 A-T ...
  -18.2923  -19.9574   34.7072
   -0.5207    0.8230    0.2269
   -0.4115   -0.0090   -0.9114
   -0.7480   -0.5679    0.3434
...    16 T-A ...
  -20.5007  -21.6941   36.5078
   -0.6927    0.6681   -0.2715
   -0.0726   -0.4392   -0.8955
   -0.7175   -0.6006    0.3527
...    17 T-A ...
  -22.7658  -23.5318   38.0023
   -0.6484    0.2268   -0.7267
    0.3763   -0.7343   -0.5649
   -0.6618   -0.6398    0.3908
...    18 T-A ...
  -24.9853  -25.4056   39.5017
   -0.3261   -0.2833   -0.9019
    0.7115   -0.7018   -0.0368
   -0.6225   -0.6537    0.4304
...    19 A-T ...
  -26.6809  -27.8053   41.1932
    0.2148   -0.6543   -0.7251
    0.7771   -0.3352    0.5327
   -0.5916   -0.6779    0.4364
...    20 T-A ...
  -29.0197  -29.9003   42.1410
    0.5970   -0.7160   -0.3619
    0.5636    0.0534    0.8243
   -0.5709   -0.6961    0.4354
...    21 T-A ...
  -30.8769  -32.2302   43.3912
    0.8419   -0.5186    0.1489
    0.1204    0.4496    0.8851
   -0.5260   -0.7273    0.4409
...    22 C-G ...
  -32.4165  -34.7235   44.8379
    0.7861   -0.1022    0.6096
   -0.4145    0.6446    0.6425
   -0.4586   -0.7577    0.4643
...    23 G-C ...
  -33.7847  -37.0712   46.8628
    0.4665    0.3772    0.8001
   -0.8210    0.5213    0.2329
   -0.3293   -0.7655    0.5529
...    24 C-G ...
  -34.3333  -39.6526   48.9157
   -0.0612    0.6315    0.7730
   -0.9563    0.1847   -0.2267
   -0.2859   -0.7531    0.5926
...    25 A-T ...
  -35.5093  -42.0538   50.9344
   -0.6046    0.6560    0.4518
   -0.7451   -0.2652   -0.6120
   -0.2817   -0.7067    0.6491
...    26 A-T ...
  -36.2079  -44.2433   53.2657
   -0.9454    0.3243    0.0312
   -0.2305   -0.5981   -0.7675
   -0.2302   -0.7329    0.6402
...    27 A-T ...
  -36.8806  -46.4451   55.5936
   -0.9055   -0.1416   -0.4000
    0.3888   -0.6547   -0.6482
   -0.1701   -0.7425    0.6479
...    28 G-C ...
  -37.5775  -48.7510   57.9199
   -0.5300   -0.4521   -0.7175
    0.8297   -0.4513   -0.3285
   -0.1753   -0.7694    0.6143
...    29 G-C ...
  -38.3061  -51.2298   60.1190
    0.0450   -0.5622   -0.8257
    0.9869   -0.1032    0.1241
   -0.1550   -0.8205    0.5502
...    30 C-G ...
  -39.2117  -53.9391   61.8254
    0.5948   -0.4735   -0.6496
    0.7962    0.2350    0.5576
   -0.1113   -0.8489    0.5168
...    31 C-G ...
  -39.6628  -56.9318   63.3157
    0.9421   -0.1669   -0.2907
    0.3350    0.4423    0.8320
   -0.0103   -0.8812    0.4726
...    32 G-C ...
  -39.3766  -59.7484   65.1695
    0.9576    0.2394    0.1600
   -0.2497    0.4139    0.8754
    0.1434   -0.8783    0.4561
...    33 G-C ...
  -38.4119  -62.6894   66.5432
    0.6412    0.5122    0.5713
   -0.7267    0.1662    0.6666
    0.2465   -0.8426    0.4788
...    34 C-G ...
  -37.0616  -65.3417   68.0573
    0.1154    0.5510    0.8265
   -0.9501   -0.1815    0.2537
    0.2898   -0.8145    0.5025
...    35 C-G ...
  -35.8042  -67.8182   70.0252
   -0.4585    0.3966    0.7953
   -0.8336   -0.5020   -0.2303
    0.3079   -0.7686    0.5608
...    36 C-G ...
  -34.6832  -70.1749   72.2156
   -0.8654    0.0755    0.4953
   -0.4141   -0.6644   -0.6222
    0.2821   -0.7436    0.6062
...    37 G-C ...
  -33.8559  -72.9696   73.9486
   -0.9587   -0.2844   -0.0062
    0.1806   -0.5918   -0.7856
    0.2197   -0.7543    0.6187
...    38 A-T ...
  -33.0777  -75.3801   76.0804
   -0.6513   -0.5771   -0.4928
    0.7257   -0.2839   -0.6267
    0.2218   -0.7657    0.6037
...    39 C-G ...
  -32.8708  -77.7987   78.3678
   -0.1594   -0.6188   -0.7692
    0.9616    0.0791   -0.2630
    0.2236   -0.7816    0.5824
...    40 A-T ...
  -31.8391  -80.3541   80.2952
    0.4111   -0.3665   -0.8347
    0.8739    0.4189    0.2465
    0.2593   -0.8308    0.4925
...    41 C-G ...
  -31.4221  -83.3713   81.5757
    0.8018   -0.0464   -0.5957
    0.5213    0.5416    0.6594
    0.2920   -0.8393    0.4585
...    42 G-C ...
  -30.0953  -85.9766   83.2902
    0.9085    0.3805   -0.1725
   -0.0094    0.4315    0.9021
    0.4177   -0.8179    0.3956
...    43 A-T ...
  -28.5584  -88.6217   84.5107
    0.7027    0.5963    0.3881
   -0.5401    0.0919    0.8366
    0.4631   -0.7975    0.3866
...    44 C-G ...
  -26.5068  -91.1089   85.3662
    0.2896    0.5696    0.7692
   -0.8210   -0.2652    0.5055
    0.4920   -0.7779    0.3909
...    45 T-A ...
  -24.5437  -93.4613   86.7099
   -0.2299    0.3566    0.9055
   -0.8253   -0.5646    0.0128
    0.5158   -0.7444    0.4241
...    46 T-A ...
  -22.6174  -95.6974   88.1134
   -0.6541   -0.0808    0.7521
   -0.5295   -0.6611   -0.5315
    0.5402   -0.7459    0.3896
...    47 A-T ...
  -20.8405  -98.5078   88.9408
   -0.8105   -0.5413    0.2238
    0.0290   -0.4186   -0.9077
    0.5850   -0.7292    0.3549
...    48 C-G ...
  -19.0499 -100.7293   90.6999
   -0.6727   -0.6712   -0.3114
    0.4624   -0.0527   -0.8851
    0.5777   -0.7394    0.3458
...    49 T-A ...
  -17.3469 -103.2720   92.0412
   -0.3424   -0.5449   -0.7654
    0.7564    0.3234   -0.5686
    0.5573   -0.7736    0.3015
...    50 G-C ...
  -15.3049 -105.8150   92.8480
    0.0988   -0.1653   -0.9813
    0.8225    0.5687   -0.0130
    0.5602   -0.8058    0.1922
...    51 T-A ...
  -13.9343 -108.7952   93.2482
    0.4935    0.2036   -0.8456
    0.6458    0.5655    0.5130
    0.5826   -0.7992    0.1475
...    52 A-T ...
  -11.7995 -111.3408   93.7370
    0.7298    0.5723   -0.3739
    0.2385    0.2994    0.9238
    0.6407   -0.7634    0.0820
...    53 G-C ...
   -9.5745 -113.8140   93.6742
    0.6953    0.6949    0.1835
   -0.1743   -0.0848    0.9810
    0.6973   -0.7141    0.0622
...    54 G-C ...
   -6.9033 -115.9084   93.7220
    0.4265    0.5756    0.6977
   -0.4964   -0.4959    0.7125
    0.7561   -0.6502    0.0742
...    55 T-A ...
   -4.0044 -117.5862   93.7265
    0.0807    0.2183    0.9725
   -0.6377   -0.7386    0.2187
    0.7661   -0.6378    0.0796
...    56 A-T ...
   -1.7667 -120.1905   93.8424
   -0.3178   -0.3783    0.8694
   -0.5394   -0.6820   -0.4939
    0.7798   -0.6259    0.0127
...    57 T-A ...
    1.0907 -121.8188   94.3460
   -0.5339   -0.6968    0.4789
   -0.3000   -0.3734   -0.8778
    0.7905   -0.6124   -0.0097
...    58 C-G ...
    3.7574 -123.7905   94.3917
   -0.6182   -0.7701   -0.1574
    0.0765    0.1404   -0.9871
    0.7823   -0.6223   -0.0279
...    59 T-A ...
    6.2539 -126.0073   94.5402
   -0.5234   -0.5272   -0.6695
    0.4006    0.5412   -0.7393
    0.7521   -0.6551   -0.0721
...    60 C-G ...
    8.7086 -128.1963   94.3497
   -0.2195   -0.0613   -0.9737
    0.6309    0.7523   -0.1896
    0.7442   -0.6559   -0.1264
...    61 G-C ...
   11.4442 -130.1155   93.7967
    0.0636    0.4694   -0.8807
    0.6672    0.6362    0.3873
    0.7421   -0.6122   -0.2727
...    62 A-T ...
   13.8584 -132.0784   92.7584
    0.4048    0.7904   -0.4598
    0.5193    0.2151    0.8270
    0.7526   -0.5736   -0.3234
...    63 G-C ...
   16.3025 -133.8437   91.3568
    0.5668    0.8192    0.0876
    0.2471   -0.2704    0.9305
    0.7859   -0.5058   -0.3556
...    64 C-G ...
   19.0085 -135.1011   89.8510
    0.5832    0.5406    0.6063
   -0.0803   -0.7043    0.7053
    0.8084   -0.4600   -0.3673
...    65 T-A ...
   21.8739 -136.2729   88.5805
    0.4200    0.0697    0.9048
   -0.3564   -0.9043    0.2351
    0.8346   -0.4213   -0.3550
...    66 C-G ...
   24.7271 -137.5688   87.4842
    0.1225   -0.5082    0.8525
   -0.5336   -0.7580   -0.3752
    0.8368   -0.4090   -0.3640
...    67 G-C ...
   27.2767 -139.2211   85.9837
   -0.2636   -0.8351    0.4828
   -0.5035   -0.3078   -0.8073
    0.8228   -0.4559   -0.3393
...    68 G-C ...
   30.2164 -140.6501   85.0160
   -0.5560   -0.8303   -0.0379
   -0.2807    0.2305   -0.9317
    0.7824   -0.5074   -0.3612
...    69 G-C ...
   32.9798 -142.3748   84.0353
   -0.6880   -0.5101   -0.5162
    0.0626    0.6670   -0.7425
    0.7230   -0.5431   -0.4269
...    70 A-T ...
   35.3808 -144.1699   82.7105
   -0.5643    0.0197   -0.8253
    0.4509    0.8448   -0.2882
    0.6915   -0.5348   -0.4856
...    71 T-A ...
   37.2001 -146.4003   81.1639
   -0.2858    0.4659   -0.8374
    0.6782    0.7157    0.1667
    0.6770   -0.5203   -0.5205
...    72 C-G ...
   39.3355 -148.0286   79.3034
    0.1207    0.8331   -0.5398
    0.7398    0.2871    0.6085
    0.6620   -0.4728   -0.5816
...    73 C-G ...
   41.4477 -149.2682   76.9841
    0.4477    0.8925   -0.0550
    0.5962   -0.2521    0.7622
    0.6664   -0.3740   -0.6450
...    74 G-C ...
   44.1134 -150.2903   75.1343
    0.6554    0.6075    0.4488
    0.2956   -0.7531    0.5878
    0.6951   -0.2525   -0.6731
...    75 C-G ...
   46.5491 -150.6300   72.8407
    0.7014    0.0724    0.7090
   -0.1020   -0.9744    0.2004
    0.7054   -0.2129   -0.6761
...    76 T-A ...
   49.0862 -151.0289   70.6731
    0.5217   -0.4884    0.6995
   -0.4622   -0.8510   -0.2494
    0.7171   -0.1932   -0.6697
...    77 T-A ...
   51.5643 -151.3455   68.5465
    0.1857   -0.9169    0.3532
   -0.7051   -0.3747   -0.6020
    0.6843   -0.1373   -0.7161
...    78 T-A ...
   53.9959 -151.6270   66.3728
   -0.2451   -0.9627   -0.1148
   -0.7006    0.2577   -0.6654
    0.6702   -0.0826   -0.7376
...    79 A-T ...
   56.0637 -151.5308   63.6727
   -0.6528   -0.5627   -0.5073
   -0.3982    0.8245   -0.4020
    0.6444   -0.0604   -0.7623
...    80 A-T ...
   58.1800 -151.8865   61.2425
   -0.7861    0.0252   -0.6176
    0.0489    0.9986   -0.0215
    0.6162   -0.0471   -0.7862
...    81 C-G ...
   59.9887 -152.6191   58.6021
   -0.6794    0.5577   -0.4769
    0.4690    0.8299    0.3022
    0.5643   -0.0184   -0.8253
...    82 T-A ...
   61.5348 -152.7355   55.6753
   -0.3727    0.9163   -0.1465
    0.7889    0.3960    0.4699
    0.4886    0.0596   -0.8705
...    83 C-G ...
   63.0119 -152.2864   52.7826
    0.1492    0.9660    0.2112
    0.8798   -0.2272    0.4176
    0.4513    0.1235   -0.8838
...    84 A-T ...
   64.8038 -151.7144   49.9885
    0.6107    0.6274    0.4832
    0.6523   -0.7445    0.1423
    0.4490    0.2283   -0.8639
...    85 T-A ...
   65.9302 -150.3340   47.1807
    0.8788    0.1423    0.4555
    0.2320   -0.9615   -0.1472
    0.4171    0.2350   -0.8780
...    86 G-C ...
   67.4414 -149.9777   44.2047
    0.8298   -0.4930    0.2617
   -0.3585   -0.8301   -0.4271
    0.4278    0.2606   -0.8655
...    87 T-A ...
   69.2157 -148.6588   41.6151
    0.4955   -0.8675   -0.0435
   -0.7691   -0.4149   -0.4861
    0.4037    0.2743   -0.8728
...    88 T-A ...
   70.7290 -147.5628   38.9200
   -0.0549   -0.9219   -0.3835
   -0.9288    0.1881   -0.3193
    0.3665    0.3387   -0.8666
...    89 A-T ...
   71.5356 -145.9527   35.9981
   -0.6615   -0.5555   -0.5038
   -0.6708    0.7387    0.0663
    0.3353    0.3818   -0.8613
...    90 T-A ...
   72.9178 -145.2602   33.0980
   -0.9232   -0.0989   -0.3714
   -0.2313    0.9147    0.3314
    0.3070    0.3918   -0.8673
...    91 A-T ...
   73.7909 -143.8825   30.1561
   -0.9155    0.4007    0.0361
    0.3707    0.8054    0.4625
    0.1562    0.4368   -0.8859
...    92 A-T ...
   74.0981 -142.4908   27.2595
   -0.5409    0.7616    0.3570
    0.8358    0.4388    0.3301
    0.0947    0.4769   -0.8739
...    93 C-G ...
   73.7165 -140.9782   24.3548
   -0.0067    0.8506    0.5257
    0.9988   -0.0198    0.0447
    0.0484    0.5254   -0.8495
...    94 G-C ...
   74.3034 -138.8040   21.7644
    0.5801    0.6257    0.5215
    0.8146   -0.4465   -0.3704
    0.0011    0.6397   -0.7687
...    95 G-C ...
   74.4324 -136.2245   19.5168
    0.9460    0.2247    0.2336
    0.3239   -0.6793   -0.6585
    0.0107    0.6986   -0.7154
...    96 A-T ...
   74.5293 -133.7779   17.2262
    0.9350   -0.2322   -0.2681
   -0.3540   -0.6559   -0.6666
   -0.0211    0.7182   -0.6955
...    97 A-T ...
   74.5422 -131.1957   15.1863
    0.5029   -0.5215   -0.6893
   -0.8584   -0.3950   -0.3274
   -0.1016    0.7563   -0.6463
...    98 C-G ...
   74.7686 -128.4696   13.1719
   -0.0743   -0.6440   -0.7615
   -0.9893   -0.0485    0.1375
   -0.1255    0.7635   -0.6335
...    99 T-A ...
   74.5567 -125.9266   10.9729
   -0.6204   -0.5902   -0.5165
   -0.7637    0.3049    0.5690
   -0.1783    0.7475   -0.6399
...   100 T-A ...
   74.1021 -123.5330    8.8205
   -0.9492   -0.3094   -0.0577
   -0.2354    0.5763    0.7826
   -0.2088    0.7564   -0.6199
...   101 T-A ...
   73.3845 -121.1606    6.7391
   -0.8917    0.0433    0.4506
    0.3693    0.6454    0.6686
   -0.2619    0.7626   -0.5915
...   102 A-T ...
   72.3271 -118.5100    4.9504
   -0.4401    0.3028    0.8454
    0.8149    0.5301    0.2344
   -0.3771    0.7920   -0.4800
...   103 T-A ...
   70.4979 -116.2203    3.4964
    0.0622    0.5068    0.8598
    0.9157    0.3138   -0.2512
   -0.3971    0.8029   -0.4445
...   104 G-C ...
   69.5066 -113.2413    2.2138
    0.6414    0.5227    0.5616
    0.6541    0.0099   -0.7563
   -0.4009    0.8525   -0.3355
...   105 C-G ...
   68.1960 -110.1744    1.6322
    0.9064    0.4219    0.0188
    0.1363   -0.2501   -0.9586
   -0.3998    0.8714   -0.2842
...   106 T-A ...
   67.0061 -107.0768    0.9860
    0.8138    0.2008   -0.5453
   -0.4336   -0.4150   -0.7999
   -0.3869    0.8874   -0.2507
...   107 T-A ...
   65.8437 -104.0406    0.4783
    0.3229   -0.0216   -0.9462
   -0.8371   -0.4730   -0.2749
   -0.4416    0.8808   -0.1708
...   108 C-G ...
   64.4130 -101.0350    0.0519
   -0.2985   -0.3012   -0.9056
   -0.8344   -0.3782    0.4008
   -0.4633    0.8754   -0.1384
...   109 C-G ...
   63.0592  -97.9173   -0.3666
   -0.6994   -0.5228   -0.4874
   -0.4828   -0.1573    0.8615
   -0.5271    0.8378   -0.1423
...   110 G-C ...
   61.2831  -94.9717   -0.2656
   -0.7729   -0.6197    0.1362
    0.0532    0.1505    0.9872
   -0.6323    0.7703   -0.0833
...   111 G-C ...
   59.1243  -92.4036   -0.6978
   -0.5214   -0.5166    0.6791
    0.4889    0.4715    0.7340
   -0.6994    0.7147    0.0067
...   112 C-G ...
   56.4914  -90.3838   -0.8221
   -0.0977   -0.2220    0.9701
    0.6856    0.6916    0.2273
   -0.7214    0.6873    0.0846
...   113 T-A ...
   53.9126  -88.3586   -0.2697
    0.3705    0.1291    0.9198
    0.5838    0.7378   -0.3388
   -0.7224    0.6625    0.1980
...   114 C-G ...
   51.6449  -86.1633    0.6807
    0.6792    0.5247    0.5132
    0.1982    0.5421   -0.8166
   -0.7067    0.6563    0.2642
...   115 G-C ...
   49.6078  -83.5046    1.4458
    0.7067    0.7007   -0.0976
   -0.3172    0.1906   -0.9290
   -0.6324    0.6875    0.3570
...   116 T-A ...
   47.8987  -81.1630    3.1906
    0.3974    0.6936   -0.6009
   -0.6731   -0.2248   -0.7046
   -0.6238    0.6844    0.3775
...   117 A-T ...
   44.9708  -79.4596    4.3023
   -0.3228    0.4068   -0.8546
   -0.7135   -0.6978   -0.0627
   -0.6218    0.5895    0.5156
...   118 T-A ...
   43.4004  -77.0120    5.9604
   -0.6878   -0.0105   -0.7259
   -0.4107   -0.8188    0.4010
   -0.5986    0.5739    0.5588
...   119 A-T ...
   41.5182  -75.7021    8.6502
   -0.8242   -0.5417   -0.1651
    0.2461   -0.6052    0.7571
   -0.5100    0.5834    0.6321
...   120 A-T ...
   39.8222  -73.6906   10.5779
   -0.5079   -0.7938    0.3344
    0.7107   -0.1669    0.6834
   -0.4867    0.5848    0.6490
...   121 T-A ...
   37.7239  -71.8467   12.3232
   -0.0455   -0.7715    0.6346
    0.8758    0.2747    0.3968
   -0.4805    0.5738    0.6633
...   122 G-C ...
   36.3999  -69.9350   14.7951
    0.5479   -0.5158    0.6586
    0.7116    0.7013   -0.0428
   -0.4398    0.4921    0.7513
...   123 T-A ...
   34.7615  -68.9064   17.4913
    0.8712   -0.0667    0.4863
    0.2828    0.8780   -0.3863
   -0.4012    0.4741    0.7838
...   124 G-C ...
   33.7323  -67.0468   20.1374
    0.8968    0.4364    0.0728
   -0.3276    0.7655   -0.5538
   -0.2974    0.4728    0.8294
...   125 T-A ...
   33.2413  -65.8160   23.2185
    0.5648    0.7809   -0.2669
   -0.7805    0.4004   -0.4802
   -0.2681    0.4795    0.8356
...   126 C-G ...
   32.4980  -64.1284   25.9946
   -0.0537    0.8598   -0.5077
   -0.9678   -0.1701   -0.1857
   -0.2460    0.4814    0.8413
...   127 G-C ...
   31.2059  -62.5773   28.7750
   -0.6261    0.5502   -0.5525
   -0.7385   -0.6459    0.1936
   -0.2503    0.5292    0.8107
...   128 A-T ...
   30.4702  -60.7787   31.4926
   -0.9544    0.0182   -0.2979
   -0.1703   -0.8529    0.4935
   -0.2451    0.5217    0.8171
...   129 C-G ...
   29.6458  -58.5299   33.8681
   -0.8812   -0.4718    0.0278
    0.4019   -0.7170    0.5696
   -0.2488    0.5131    0.8215
...   130 C-G ...
   28.7022  -56.6756   36.5655
   -0.4580   -0.8385    0.2953
    0.8430   -0.3042    0.4436
   -0.2821    0.4521    0.8462
...   131 A-T ...
   28.1479  -55.1925   39.5650
    0.1860   -0.8857    0.4254
    0.9440    0.2811    0.1725
   -0.2724    0.3696    0.8884
...   132 A-T ...
   27.1393  -54.1113   42.4628
    0.7206   -0.5437    0.4302
    0.6422    0.7573   -0.1186
   -0.2613    0.3617    0.8949
...   133 A-T ...
   26.2719  -53.1227   45.4387
    0.9653    0.0160    0.2606
    0.0776    0.9354   -0.3451
   -0.2493    0.3533    0.9017
...   134 T-A ...
   25.6308  -52.5797   48.6348
    0.8597    0.5096    0.0340
   -0.4497    0.7867   -0.4230
   -0.2423    0.3484    0.9055
...   135 G-C ...
   25.2859  -52.4982   52.0749
    0.3205    0.9427   -0.0927
   -0.8825    0.2616   -0.3908
   -0.3442    0.2071    0.9158
...   136 T-A ...
   25.5356  -52.9669   55.8001
   -0.2443    0.9563   -0.1608
   -0.8908   -0.2868   -0.3525
   -0.3832    0.0571    0.9219
...   137 G-C ...
   24.9038  -52.7260   58.9820
   -0.7529    0.5562   -0.3519
   -0.5214   -0.8303   -0.1968
   -0.4017    0.0354    0.9151
...   138 A-T ...
   24.0250  -51.6262   61.9210
   -0.9563    0.0400   -0.2896
   -0.0523   -0.9980    0.0347
   -0.2877    0.0483    0.9565
...   139 G-C ...
   22.3574  -51.2301   64.4908
   -0.8529   -0.5117   -0.1032
    0.4973   -0.8566    0.1372
   -0.1586    0.0657    0.9852
...   140 C-G ...
   22.1609  -50.1387   67.4617
   -0.4681   -0.8749    0.1247
    0.8495   -0.4066    0.3363
   -0.2435    0.2633    0.9335
...   141 G-C ...
   21.4367  -51.8165   72.7855
    0.1304   -0.7141   -0.6877
    0.8897   -0.2218    0.3990
   -0.4375   -0.6639    0.6065
...   142 C-G ...
   20.4355  -54.2995   74.5394
    0.5847   -0.7390   -0.3347
    0.7593    0.3532    0.5466
   -0.2857   -0.5737    0.7676
...   143 T-A ...
   18.4378  -55.5191   76.5272
    0.8548   -0.5006    0.1370
    0.3188    0.7147    0.6225
   -0.4096   -0.4884    0.7705
...   144 C-G ...
   16.8485  -57.7127   78.2647
    0.8529   -0.0846    0.5152
   -0.1509    0.9047    0.3983
   -0.4998   -0.4175    0.7589
...   145 A-T ...
   15.7933  -59.5519   80.7962
    0.5515    0.4995    0.6681
   -0.6739    0.7388    0.0040
   -0.4915   -0.4525    0.7441
...   146 C-G ...
   15.7411  -61.4840   83.9295
    0.0342    0.7400    0.6718
   -0.8637    0.3601   -0.3527
   -0.5029   -0.5681    0.6514
...   147 A-T ...
   14.7482  -63.4171   86.8164
   -0.5923    0.6746    0.4405
   -0.6886   -0.1400   -0.7115
   -0.4183   -0.7247    0.5475
