  147 base-pairs
...     1 T-A ...
    0.0000    0.0000    0.0000
    1.0000    0.0000    0.0000
    0.0000    1.0000    0.0000
    0.0000    0.0000    1.0000
...     2 G-C ...
   -0.5555   -1.1003    3.3981
    0.7749    0.6051    0.1828
   -0.5991    0.7953   -0.0929
   -0.2016   -0.0375    0.9787
...     3 T-A ...
   -0.6619   -3.0237    6.5348
    0.3046    0.9250    0.2271
   -0.8994    0.3578   -0.2510
   -0.3134   -0.1278    0.9410
...     4 G-C ...
   -1.1607   -3.8418    9.6940
   -0.3351    0.9421    0.0133
   -0.8752   -0.3061   -0.3746
   -0.3489   -0.1372    0.9271
...     5 A-T ...
   -1.3881   -3.6770   12.8999
   -0.7835    0.6162   -0.0801
   -0.5677   -0.7622   -0.3109
   -0.2527   -0.1981    0.9470
...     6 G-C ...
   -2.6236   -3.5448   15.7072
   -0.9923    0.0611   -0.1075
   -0.0294   -0.9610   -0.2748
   -0.1201   -0.2695    0.9555
...     7 C-G ...
   -2.3138   -3.7570   18.8866
   -0.8620   -0.4995   -0.0864
    0.5008   -0.8655    0.0073
   -0.0785   -0.0370    0.9962
...     8 G-C ...
   -3.9561   -6.8109   23.3205
   -0.2581   -0.3560   -0.8981
    0.6294   -0.7673    0.1233
   -0.7330   -0.5335    0.4221
...     9 C-G ...
   -6.1177   -8.9414   24.2385
    0.1143   -0.7320   -0.6716
    0.8123   -0.3203    0.4874
   -0.5720   -0.6013    0.5580
...    10 T-A ...
   -8.5041   -9.6771   26.0540
    0.4660   -0.8587   -0.2131
    0.6274    0.1508    0.7640
   -0.6239   -0.4897    0.6090
...    11 C-G ...
  -11.0625  -11.3174   27.2336
    0.6660   -0.6911    0.2808
    0.3382    0.6152    0.7121
   -0.6649   -0.3794    0.6435
...    12 A-T ...
  -13.0013  -13.1789   29.0658
    0.7188   -0.1490    0.6790
   -0.1787    0.9043    0.3876
   -0.6718   -0.4000    0.6235
...    13 C-G ...
  -14.1788  -15.9359   31.3399
    0.4052    0.2865    0.8682
   -0.5270    0.8492   -0.0343
   -0.7470   -0.4437    0.4951
...    14 A-T ...
  -15.9532  -18.1566   33.3080
   -0.1503    0.6873    0.7107
   -0.6106    0.5008   -0.6135
   -0.7776   -0.5261    0.3444
...    15 A-T ...
  -18.3115  -20.0006   34.6302
   -0.5259    0.8235    0.2127
   -0.3821   -0.0053   -0.9241
   -0.7599   -0.5673    0.3174
...    16 T-A ...
  -20.5962  -21.7355   36.3119
   -0.6650    0.6828   -0.3026
   -0.0348   -0.4331   -0.9007
   -0.7460   -0.5884    0.3118
...    17 T-A ...
  -23.0010  -23.5564   37.5549
   -0.5661    0.2788   -0.7758
    0.3856   -0.7422   -0.5481
   -0.7286   -0.6094    0.3126
...    18 T-A ...
  -25.4504  -25.3820   38.6739
   -0.2220   -0.2104   -0.9521
    0.6560   -0.7546    0.0138
   -0.7213   -0.6215    0.3056
...    19 A-T ...
  -27.6716  -27.6958   39.7498
    0.2889   -0.5951   -0.7500
    0.6409   -0.4618    0.6132
   -0.7112   -0.6578    0.2480
...    20 T-A ...
  -30.3015  -29.6475   40.0048
    0.5938   -0.7351   -0.3273
    0.3926   -0.0904    0.9152
   -0.7023   -0.6720    0.2349
...    21 T-A ...
  -32.5903  -31.8849   40.5534
    0.7196   -0.6389    0.2721
   -0.0431    0.3500    0.9358
   -0.6931   -0.6851    0.2243
...    22 C-G ...
  -34.7180  -34.2977   41.3057
    0.5563   -0.2780    0.7831
   -0.4961    0.6449    0.5814
   -0.6667   -0.7119    0.2208
...    23 G-C ...
  -37.0939  -36.4566   42.4560
    0.1922    0.2054    0.9596
   -0.7675    0.6408    0.0165
   -0.6116   -0.7397    0.2808
...    24 C-G ...
  -38.8048  -39.1313   43.5953
   -0.2764    0.5477    0.7897
   -0.7464    0.3952   -0.5354
   -0.6054   -0.7374    0.2996
...    25 A-T ...
  -41.0494  -41.5219   44.3280
   -0.6476    0.7095    0.2778
   -0.4206   -0.0288   -0.9068
   -0.6353   -0.7041    0.3171
...    26 A-T ...
  -43.0156  -43.8045   45.5924
   -0.7881    0.5287   -0.3153
    0.0698   -0.4322   -0.8991
   -0.6116   -0.7306    0.3037
...    27 A-T ...
  -45.0359  -46.0765   46.7646
   -0.5930    0.1632   -0.7885
    0.5376   -0.6488   -0.5386
   -0.5994   -0.7433    0.2970
...    28 G-C ...
  -47.2280  -48.3816   47.7815
   -0.1444   -0.1639   -0.9759
    0.7780   -0.6281   -0.0096
   -0.6114   -0.7606    0.2182
...    29 G-C ...
  -49.4741  -50.8480   48.3472
    0.3847   -0.4081   -0.8279
    0.7103   -0.4419    0.5479
   -0.5895   -0.7988    0.1199
...    30 C-G ...
  -51.6072  -53.4084   48.2921
    0.7514   -0.5390   -0.3806
    0.3548   -0.1562    0.9218
   -0.5563   -0.8277    0.0739
...    31 C-G ...
  -53.2469  -56.3710   48.2311
    0.8624   -0.4614    0.2082
   -0.1655    0.1317    0.9774
   -0.4783   -0.8774    0.0372
...    32 G-C ...
  -54.7238  -59.3916   48.8573
    0.6311   -0.2209    0.7435
   -0.6761    0.3131    0.6669
   -0.3801   -0.9237    0.0483
...    33 G-C ...
  -55.6562  -62.6599   49.1311
    0.1397    0.0480    0.9890
   -0.9317    0.3447    0.1148
   -0.3354   -0.9375    0.0928
...    34 C-G ...
  -56.3995  -65.9220   49.6105
   -0.4230    0.2506    0.8708
   -0.8441    0.2405   -0.4793
   -0.3295   -0.9377    0.1098
...    35 C-G ...
  -57.3881  -69.1353   50.2156
   -0.8198    0.3873    0.4217
   -0.4414    0.0417   -0.8963
   -0.3648   -0.9210    0.1368
...    36 C-G ...
  -58.5495  -72.2694   50.9232
   -0.8983    0.3992   -0.1834
    0.1174   -0.1841   -0.9759
   -0.4233   -0.8982    0.1186
...    37 G-C ...
  -59.7464  -75.4701   50.9464
   -0.6039    0.3146   -0.7324
    0.6327   -0.3696   -0.6805
   -0.4847   -0.8743    0.0242
...    38 A-T ...
  -61.3510  -78.3453   51.0880
   -0.0686    0.0733   -0.9949
    0.8726   -0.4791   -0.0955
   -0.4837   -0.8747   -0.0311
...    39 C-G ...
  -63.4511  -80.8842   50.8476
    0.4417   -0.1501   -0.8845
    0.7638   -0.4544    0.4585
   -0.4707   -0.8781   -0.0861
...    40 A-T ...
  -64.7912  -83.9727   50.5650
    0.8596   -0.2784   -0.4284
    0.3357   -0.3244    0.8843
   -0.3852   -0.9040   -0.1854
...    41 C-G ...
  -66.0046  -86.7926   49.2990
    0.9169   -0.3771    0.1308
   -0.2001   -0.1508    0.9681
   -0.3453   -0.9138   -0.2137
...    42 G-C ...
  -66.9857  -90.0631   49.0607
    0.6424   -0.3209    0.6959
   -0.7293    0.0228    0.6838
   -0.2354   -0.9468   -0.2194
...    43 A-T ...
  -67.6038  -93.2684   48.3842
    0.0426   -0.2442    0.9688
   -0.9767    0.1942    0.0919
   -0.2106   -0.9501   -0.2302
...    44 C-G ...
  -67.6772  -96.6026   47.7766
   -0.5149   -0.1053    0.8508
   -0.8342    0.2901   -0.4690
   -0.1975   -0.9512   -0.2372
...    45 T-A ...
  -68.1842  -99.8941   47.2349
   -0.8973    0.0923    0.4316
   -0.3888    0.2974   -0.8720
   -0.2088   -0.9503   -0.2310
...    46 T-A ...
  -68.7162 -103.0795   46.6999
   -0.9559    0.2156   -0.1992
    0.2447    0.2103   -0.9465
   -0.1622   -0.9536   -0.2538
...    47 A-T ...
  -68.8331 -106.2787   45.4624
   -0.5457    0.3021   -0.7817
    0.8271    0.0441   -0.5603
   -0.1348   -0.9523   -0.2740
...    48 C-G ...
  -69.8385 -109.3717   44.7868
    0.0053    0.3214   -0.9469
    0.9912   -0.1271   -0.0376
   -0.1324   -0.9384   -0.3193
...    49 T-A ...
  -70.5051 -112.3913   43.5390
    0.5669    0.2831   -0.7736
    0.8178   -0.3070    0.4868
   -0.0997   -0.9086   -0.4055
...    50 G-C ...
  -70.4613 -115.4788   42.1520
    0.9478    0.1580   -0.2769
    0.3188   -0.4617    0.8278
    0.0030   -0.8728   -0.4880
...    51 T-A ...
  -70.3142 -117.9952   40.0026
    0.9661   -0.0854    0.2435
   -0.2531   -0.4975    0.8297
    0.0503   -0.8632   -0.5023
...    52 A-T ...
  -70.3455 -121.1809   38.7077
    0.5481   -0.4143    0.7267
   -0.8340   -0.3376    0.4365
    0.0645   -0.8452   -0.5305
...    53 G-C ...
  -69.7798 -123.9893   36.9379
   -0.0287   -0.5184    0.8547
   -0.9949   -0.0679   -0.0746
    0.0967   -0.8524   -0.5138
...    54 G-C ...
  -69.2448 -126.9873   35.3860
   -0.6118   -0.4370    0.6594
   -0.7849    0.2313   -0.5749
    0.0987   -0.8692   -0.4845
...    55 T-A ...
  -68.5265 -130.1019   34.2279
   -0.9468   -0.2406    0.2139
   -0.3041    0.4506   -0.8393
    0.1056   -0.8597   -0.4998
...    56 A-T ...
  -67.8421 -132.5786   31.8574
   -0.8733    0.0822   -0.4802
    0.4432    0.5433   -0.7130
    0.2023   -0.8355   -0.5108
...    57 T-A ...
  -67.5826 -135.6266   30.5873
   -0.5022    0.3585   -0.7869
    0.8367    0.4312   -0.3376
    0.2183   -0.8280   -0.5165
...    58 C-G ...
  -66.8590 -138.4055   28.9302
    0.1091    0.5944   -0.7967
    0.9655    0.1274    0.2273
    0.2366   -0.7940   -0.5599
...    59 T-A ...
  -66.2615 -140.9463   26.8517
    0.6063    0.6373   -0.4756
    0.7451   -0.2465    0.6197
    0.2777   -0.7301   -0.6243
...    60 C-G ...
  -65.2487 -143.2422   24.7194
    0.9167    0.3975    0.0412
    0.2289   -0.6067    0.7612
    0.3275   -0.6884   -0.6472
...    61 G-C ...
  -63.7262 -145.7044   22.8731
    0.8312    0.0353    0.5549
   -0.3214   -0.7839    0.5313
    0.4537   -0.6199   -0.6402
...    62 A-T ...
  -61.9992 -147.7160   20.8543
    0.4420   -0.4581    0.7713
   -0.7508   -0.6594    0.0386
    0.4909   -0.5961   -0.6354
...    63 G-C ...
  -60.0501 -149.6096   18.8522
   -0.0818   -0.7460    0.6609
   -0.8519   -0.2919   -0.4349
    0.5173   -0.5986   -0.6116
...    64 C-G ...
  -58.0112 -151.6756   17.0845
   -0.5671   -0.7763    0.2752
   -0.6326    0.1966   -0.7491
    0.5274   -0.5989   -0.6026
...    65 T-A ...
  -56.1281 -153.8404   15.2882
   -0.8331   -0.5119   -0.2094
   -0.1849    0.6147   -0.7668
    0.5212   -0.6001   -0.6068
...    66 C-G ...
  -54.2668 -155.8400   13.3538
   -0.7628   -0.0034   -0.6467
    0.3690    0.8189   -0.4396
    0.5311   -0.5740   -0.6233
...    67 G-C ...
  -52.0504 -157.4102   11.2434
   -0.4468    0.5498   -0.7057
    0.7348    0.6756    0.0611
    0.5104   -0.4912   -0.7058
...    68 G-C ...
  -50.4327 -159.2153    8.8645
   -0.0015    0.8879   -0.4600
    0.8515    0.2423    0.4649
    0.5243   -0.3910   -0.7565
...    69 G-C ...
  -48.8168 -160.4418    6.1614
    0.4140    0.9101   -0.0185
    0.7104   -0.3103    0.6317
    0.5692   -0.2746   -0.7750
...    70 A-T ...
  -46.8738 -161.1817    3.6119
    0.7194    0.5512    0.4226
    0.3327   -0.8075    0.4870
    0.6098   -0.2097   -0.7643
...    71 T-A ...
  -44.9438 -161.2038    0.9569
    0.7740    0.0512    0.6311
   -0.0794   -0.9810    0.1770
    0.6282   -0.1871   -0.7552
...    72 C-G ...
  -42.6387 -161.7669   -1.3515
    0.5505   -0.5633    0.6161
   -0.5082   -0.8116   -0.2880
    0.6623   -0.1545   -0.7331
...    73 C-G ...
  -40.0585 -162.4213   -3.5002
    0.1267   -0.9288    0.3481
   -0.6909   -0.3345   -0.6410
    0.7118   -0.1593   -0.6841
...    74 G-C ...
  -37.9884 -163.1463   -6.1332
   -0.3390   -0.9341   -0.1114
   -0.5952    0.3047   -0.7435
    0.7285   -0.1858   -0.6593
...    75 C-G ...
  -35.3270 -163.9369   -8.0950
   -0.6253   -0.5746   -0.5281
   -0.2890    0.7991   -0.5272
    0.7249   -0.1770   -0.6657
...    76 T-A ...
  -32.8585 -164.7679  -10.2447
   -0.6956   -0.0029   -0.7184
    0.1103    0.9877   -0.1108
    0.7099   -0.1563   -0.6867
...    77 C-G ...
  -30.3959 -165.3489  -12.4167
   -0.4969    0.6203   -0.6070
    0.4973    0.7767    0.3866
    0.7112   -0.1098   -0.6943
...    78 A-T ...
  -27.7693 -165.5417  -14.5500
   -0.1835    0.9696   -0.1616
    0.6954    0.2443    0.6759
    0.6948    0.0117   -0.7191
...    79 T-A ...
  -25.9942 -165.4409  -17.2968
    0.1773    0.9539    0.2420
    0.6914   -0.2957    0.6592
    0.7004    0.0504   -0.7120
...    80 G-C ...
  -23.3856 -165.0923  -19.4334
    0.4504    0.5789    0.6797
    0.4939   -0.7957    0.3505
    0.7438    0.1778   -0.6443
...    81 T-A ...
  -21.0896 -163.8475  -21.4611
    0.6114    0.0379    0.7904
    0.1911   -0.9764   -0.1010
    0.7679    0.2128   -0.6042
...    82 T-A ...
  -18.5613 -162.9282  -23.2956
    0.6132   -0.5539    0.5632
   -0.1947   -0.7969   -0.5718
    0.7656    0.2410   -0.5965
...    83 A-T ...
  -16.2498 -162.4602  -25.8697
    0.3755   -0.9248   -0.0608
   -0.5691   -0.1783   -0.8027
    0.7315    0.3360   -0.5933
...    84 T-A ...
  -13.4046 -161.3580  -27.2470
    0.0466   -0.8552   -0.5163
   -0.6861    0.3482   -0.6387
    0.7260    0.3840   -0.5705
...    85 A-T ...
  -11.5422 -159.1464  -29.3253
   -0.3538   -0.2598   -0.8985
   -0.5605    0.8280   -0.0187
    0.7488    0.4970   -0.4385
...    86 A-T ...
   -8.9242 -157.7311  -30.6950
   -0.5834    0.3292   -0.7425
   -0.2593    0.7908    0.5544
    0.7697    0.5160   -0.3760
...    87 C-G ...
   -6.2883 -156.4583  -32.3157
   -0.6492    0.6993   -0.2991
    0.0925    0.4629    0.8816
    0.7550    0.5447   -0.3652
...    88 G-C ...
   -3.5479 -154.5521  -33.0854
   -0.5786    0.7491    0.3225
    0.4394   -0.0469    0.8971
    0.6871    0.6608   -0.3020
...    89 G-C ...
   -1.3980 -152.2062  -34.2119
   -0.3145    0.5039    0.8045
    0.6970   -0.4528    0.5560
    0.6445    0.7356   -0.2088
...    90 A-T ...
    0.6558 -149.7022  -34.7552
    0.1216    0.0743    0.9898
    0.7656   -0.6417   -0.0459
    0.6318    0.7633   -0.1349
...    91 T-A ...
    2.2308 -146.8294  -34.8968
    0.4847   -0.2895    0.8254
    0.6049   -0.5708   -0.5553
    0.6319    0.7684   -0.1016
...    92 T-A ...
    4.2043 -144.2447  -34.9798
    0.7526   -0.5677    0.3336
    0.2158   -0.2660   -0.9395
    0.6221    0.7791   -0.0776
...    93 T-A ...
    6.2184 -141.6715  -34.9155
    0.7596   -0.5751   -0.3038
   -0.2739    0.1409   -0.9514
    0.5900    0.8058   -0.0505
...    94 A-T ...
    7.6730 -138.5569  -35.5908
    0.4154   -0.1949   -0.8885
   -0.7503    0.4789   -0.4558
    0.5143    0.8560    0.0527
...    95 A-T ...
    9.5874 -135.9146  -35.2359
   -0.0909    0.2040   -0.9747
   -0.8646    0.4696    0.1789
    0.4942    0.8590    0.1337
...    96 C-G ...
   11.7410 -133.3318  -34.9816
   -0.5545    0.4315   -0.7116
   -0.6786    0.2605    0.6868
    0.4817    0.8637    0.1483
...    97 A-T ...
   13.2242 -130.4575  -34.0466
   -0.8893    0.4284   -0.1603
   -0.2116   -0.0746    0.9745
    0.4055    0.9005    0.1570
...    98 C-G ...
   14.5363 -127.4220  -34.1043
   -0.8814    0.2762    0.3833
    0.2984   -0.3036    0.9049
    0.3663    0.9119    0.1851
...    99 T-A ...
   15.4782 -124.2802  -33.5931
   -0.6120   -0.0262    0.7904
    0.7339   -0.3912    0.5553
    0.2947    0.9199    0.2586
...   100 T-A ...
   16.2406 -121.2629  -32.7203
   -0.0948   -0.2970    0.9502
    0.9570   -0.2899    0.0049
    0.2740    0.9098    0.3117
...   101 T-A ...
   16.9374 -118.3215  -31.5590
    0.4666   -0.4414    0.7665
    0.8429   -0.0405   -0.5365
    0.2679    0.8964    0.3532
...   102 A-T ...
   18.1100 -115.3718  -30.3945
    0.8847   -0.3961    0.2459
    0.3746    0.2897   -0.8808
    0.2776    0.8713    0.4047
...   103 T-A ...
   18.9227 -112.8272  -28.4250
    0.9553   -0.1656   -0.2451
   -0.1436    0.4647   -0.8738
    0.2586    0.8699    0.4201
...   104 G-C ...
   19.7968 -109.7803  -27.3430
    0.6590    0.1308   -0.7407
   -0.6896    0.4983   -0.5255
    0.3003    0.8571    0.4186
...   105 C-G ...
   21.1253 -107.0856  -25.8077
    0.1408    0.3870   -0.9112
   -0.9436    0.3311   -0.0052
    0.2997    0.8606    0.4118
...   106 T-A ...
   22.3953 -104.2610  -24.5123
   -0.4199    0.4829   -0.7684
   -0.8633    0.0486    0.5023
    0.2799    0.8743    0.3965
...   107 T-A ...
   23.5259 -101.4481  -23.3125
   -0.8473    0.4291   -0.3130
   -0.4520   -0.2730    0.8492
    0.2790    0.8610    0.4252
...   108 C-G ...
   24.5028  -98.6128  -21.9295
   -0.9608    0.1318    0.2440
    0.1511   -0.4891    0.8590
    0.2326    0.8622    0.4500
...   109 C-G ...
   25.0999  -95.5797  -20.5674
   -0.7354   -0.2614    0.6252
    0.6632   -0.4673    0.5847
    0.1393    0.8446    0.5170
...   110 G-C ...
   25.6926  -92.9706  -18.4785
   -0.2436   -0.6017    0.7606
    0.9683   -0.1959    0.1551
    0.0557    0.7743    0.6304
...   111 G-C ...
   25.5365  -90.5930  -16.0697
    0.3322   -0.6832    0.6503
    0.9424    0.2127   -0.2581
    0.0380    0.6986    0.7145
...   112 C-G ...
   25.3984  -88.6411  -13.3581
    0.8028   -0.4737    0.3621
    0.5944    0.5888   -0.5477
    0.0462    0.6550    0.7542
...   113 T-A ...
   25.5823  -86.7834  -10.5783
    0.9954   -0.0902   -0.0327
    0.0506    0.7834   -0.6195
    0.0815    0.6150    0.7843
...   114 C-G ...
   25.9869  -84.8367   -7.9204
    0.8150    0.4159   -0.4035
   -0.5730    0.6821   -0.4543
    0.0863    0.6014    0.7942
...   115 G-C ...
   25.9654  -82.5289   -5.4242
    0.3060    0.7082   -0.6363
   -0.9445    0.3097   -0.1095
    0.1195    0.6345    0.7636
...   116 T-A ...
   26.9807  -80.5209   -2.9147
   -0.2657    0.7575   -0.5963
   -0.9583   -0.1399    0.2493
    0.1054    0.6377    0.7631
...   117 A-T ...
   26.9447  -78.6995   -0.0104
   -0.8341    0.4827   -0.2671
   -0.5421   -0.6276    0.5587
    0.1021    0.6108    0.7852
...   118 T-A ...
   27.4807  -76.2497    2.1318
   -0.9952    0.0788    0.0578
   -0.0274   -0.7927    0.6090
    0.0938    0.6045    0.7911
...   119 A-T ...
   27.8131  -74.4621    4.9828
   -0.7964   -0.4762    0.3728
    0.6039   -0.6599    0.4471
    0.0332    0.5812    0.8131
...   120 A-T ...
   27.7161  -72.5292    7.5871
   -0.2927   -0.7863    0.5441
    0.9561   -0.2499    0.1532
    0.0155    0.5650    0.8249
...   121 T-A ...
   27.0857  -70.7295   10.2704
    0.2467   -0.8083    0.5345
    0.9691    0.2013   -0.1429
    0.0079    0.5532    0.8330
...   122 G-C ...
   27.4671  -69.0027   13.1383
    0.7764   -0.5679    0.2733
    0.6291    0.6727   -0.3895
    0.0374    0.4743    0.8796
...   123 T-A ...
   27.4180  -68.0079   16.3402
    0.9939   -0.1104    0.0034
    0.0995    0.8808   -0.4628
    0.0482    0.4603    0.8864
...   124 G-C ...
   27.6880  -66.1820   19.1489
    0.8438    0.4277   -0.3241
   -0.5260    0.7787   -0.3419
    0.1061    0.4590    0.8821
...   125 T-A ...
   28.5151  -65.0662   22.2198
    0.4120    0.7840   -0.4643
   -0.9052    0.4107   -0.1095
    0.1048    0.4654    0.8789
...   126 C-G ...
   28.9344  -63.5688   25.1554
   -0.2370    0.8639   -0.4444
   -0.9672   -0.1667    0.1918
    0.0916    0.4753    0.8750
...   127 G-C ...
   28.8457  -62.1667   28.2607
   -0.7657    0.5483   -0.3362
   -0.6431   -0.6440    0.4144
    0.0107    0.5335    0.8457
...   128 A-T ...
   28.9273  -60.3830   31.0331
   -0.9984    0.0213   -0.0517
   -0.0455   -0.8463    0.5308
   -0.0324    0.5323    0.8459
...   129 C-G ...
   28.6395  -58.1468   33.4631
   -0.8616   -0.4631    0.2078
    0.5020   -0.7170    0.4836
   -0.0750    0.5210    0.8502
...   130 C-G ...
   28.0326  -56.3814   36.2846
   -0.4183   -0.8329    0.3623
    0.8960   -0.3131    0.3148
   -0.1488    0.4563    0.8773
...   131 A-T ...
   27.7254  -55.0338   39.3574
    0.2104   -0.8956    0.3919
    0.9619    0.2612    0.0807
   -0.1747    0.3600    0.9164
...   132 A-T ...
   26.9598  -54.0310   42.3610
    0.7386   -0.5607    0.3743
    0.6468    0.7459   -0.1590
   -0.1901    0.3595    0.9136
...   133 A-T ...
   26.2373  -53.1099   45.4090
    0.9725    0.0080    0.2327
    0.0761    0.9336   -0.3500
   -0.2201    0.3581    0.9074
...   134 T-A ...
   25.6308  -52.5796   48.6349
    0.8597    0.5096    0.0340
   -0.4497    0.7867   -0.4230
   -0.2423    0.3484    0.9055
...   135 G-C ...
   25.2858  -52.4980   52.0750
    0.3205    0.9427   -0.0927
   -0.8825    0.2616   -0.3908
   -0.3442    0.2071    0.9158
...   136 T-A ...
   25.5356  -52.9668   55.8002
   -0.2443    0.9563   -0.1608
   -0.8908   -0.2868   -0.3525
   -0.3832    0.0571    0.9219
...   137 G-C ...
   24.9037  -52.7259   58.9821
   -0.7529    0.5562   -0.3519
   -0.5214   -0.8303   -0.1968
   -0.4017    0.0354    0.9151
...   138 A-T ...
   24.0249  -51.6261   61.9211
   -0.9563    0.0400   -0.2896
   -0.0523   -0.9980    0.0347
   -0.2877    0.0483    0.9565
...   139 G-C ...
   22.3574  -51.2299   64.4909
   -0.8529   -0.5117   -0.1032
    0.4973   -0.8566    0.1372
   -0.1586    0.0657    0.9852
...   140 C-G ...
   22.1608  -50.1386   67.4618
   -0.4681   -0.8749    0.1247
    0.8495   -0.4066    0.3363
   -0.2435    0.2633    0.9335
...   141 G-C ...
   21.4366  -51.8164   72.7856
    0.1304   -0.7141   -0.6877
    0.8897   -0.2218    0.3990
   -0.4375   -0.6639    0.6065
...   142 C-G ...
   20.4354  -54.2994   74.5395
    0.5847   -0.7390   -0.3347
    0.7593    0.3532    0.5466
   -0.2857   -0.5737    0.7676
...   143 T-A ...
   18.4377  -55.5190   76.5273
    0.8548   -0.5006    0.1370
    0.3188    0.7147    0.6225
   -0.4096   -0.4884    0.7705
...   144 C-G ...
   16.8485  -57.7126   78.2648
    0.8529   -0.0846    0.5152
   -0.1509    0.9047    0.3983
   -0.4998   -0.4175    0.7589
...   145 A-T ...
   15.7933  -59.5518   80.7963
    0.5515    0.4995    0.6681
   -0.6739    0.7388    0.0040
   -0.4915   -0.4525    0.7441
...   146 C-G ...
   15.7410  -61.4839   83.9296
    0.0342    0.7400    0.6718
   -0.8637    0.3601   -0.3527
   -0.5029   -0.5681    0.6514
...   147 A-T ...
   14.7481  -63.4170   86.8165
   -0.5923    0.6746    0.4405
   -0.6886   -0.1400   -0.7115
   -0.4183   -0.7247    0.5475
