  147 base-pairs
...     1 T-A ...
    0.0000    0.0000    0.0000
    1.0000    0.0000    0.0000
    0.0000    1.0000    0.0000
    0.0000    0.0000    1.0000
...     2 G-C ...
   -0.5555   -1.1003    3.3981
    0.7749    0.6051    0.1828
   -0.5991    0.7953   -0.0929
   -0.2016   -0.0375    0.9787
...     3 T-A ...
   -0.6619   -3.0237    6.5348
    0.3046    0.9250    0.2271
   -0.8994    0.3578   -0.2510
   -0.3134   -0.1278    0.9410
...     4 G-C ...
   -1.1607   -3.8418    9.6940
   -0.3351    0.9421    0.0133
   -0.8752   -0.3061   -0.3746
   -0.3489   -0.1372    0.9271
...     5 A-T ...
   -1.3881   -3.6770   12.8999
   -0.7835    0.6162   -0.0801
   -0.5677   -0.7622   -0.3109
   -0.2527   -0.1981    0.9470
...     6 G-C ...
   -2.6236   -3.5448   15.7072
   -0.9923    0.0611   -0.1075
   -0.0294   -0.9610   -0.2748
   -0.1201   -0.2695    0.9555
...     7 C-G ...
   -2.3138   -3.7570   18.8866
   -0.8620   -0.4995   -0.0864
    0.5008   -0.8655    0.0073
   -0.0785   -0.0370    0.9962
...     8 G-C ...
   -3.9561   -6.8109   23.3205
   -0.2581   -0.3560   -0.8981
    0.6294   -0.7673    0.1233
   -0.7330   -0.5335    0.4221
...     9 C-G ...
   -6.1177   -8.9414   24.2385
    0.1143   -0.7320   -0.6716
    0.8123   -0.3203    0.4874
   -0.5720   -0.6013    0.5580
...    10 T-A ...
   -8.5041   -9.6771   26.0540
    0.4660   -0.8587   -0.2131
    0.6274    0.1508    0.7640
   -0.6239   -0.4897    0.6090
...    11 C-G ...
  -11.0625  -11.3174   27.2336
    0.6660   -0.6911    0.2808
    0.3382    0.6152    0.7121
   -0.6649   -0.3794    0.6435
...    12 A-T ...
  -13.0013  -13.1789   29.0658
    0.7188   -0.1490    0.6790
   -0.1787    0.9043    0.3876
   -0.6718   -0.4000    0.6235
...    13 C-G ...
  -14.1788  -15.9359   31.3399
    0.4052    0.2865    0.8682
   -0.5270    0.8492   -0.0343
   -0.7470   -0.4437    0.4951
...    14 A-T ...
  -15.9532  -18.1566   33.3080
   -0.1503    0.6873    0.7107
   -0.6106    0.5008   -0.6135
   -0.7776   -0.5261    0.3444
...    15 A-T ...
  -18.3851  -19.9049   34.5852
   -0.4997    0.8412    0.2065
   -0.3987   -0.0118   -0.9170
   -0.7689   -0.5406    0.3413
...    16 T-A ...
  -20.7030  -21.6033   36.4305
   -0.6775    0.6640   -0.3164
   -0.0406   -0.4633   -0.8853
   -0.7344   -0.5870    0.3409
...    17 T-A ...
  -23.0920  -23.3296   37.8812
   -0.6032    0.2228   -0.7658
    0.3938   -0.7518   -0.5289
   -0.6936   -0.6206    0.3658
...    18 T-A ...
  -25.4411  -25.1934   39.1978
   -0.2591   -0.2549   -0.9316
    0.6812   -0.7320    0.0109
   -0.6847   -0.6318    0.3633
...    19 A-T ...
  -27.4790  -27.5732   40.4971
    0.2532   -0.6230   -0.7401
    0.6993   -0.4108    0.5850
   -0.6685   -0.6657    0.3317
...    20 T-A ...
  -30.0540  -29.5675   41.0641
    0.5938   -0.7377   -0.3214
    0.4629   -0.0135    0.8863
   -0.6581   -0.6750    0.3335
...    21 T-A ...
  -32.2380  -31.8384   41.9048
    0.7596   -0.5991    0.2532
    0.0155    0.4058    0.9138
   -0.6502   -0.6902    0.3175
...    22 C-G ...
  -34.2491  -34.1947   43.0176
    0.6387   -0.2132    0.7393
   -0.4615    0.6627    0.5898
   -0.6157   -0.7179    0.3249
...    23 G-C ...
  -36.3062  -36.2444   44.8139
    0.3444    0.2916    0.8924
   -0.7906    0.6027    0.1081
   -0.5063   -0.7428    0.4381
...    24 C-G ...
  -37.6087  -38.8556   46.3408
   -0.1050    0.6036    0.7903
   -0.8563    0.3492   -0.3805
   -0.5056   -0.7168    0.4802
...    25 A-T ...
  -39.8027  -41.1616   47.5198
   -0.6076    0.7000    0.3752
   -0.6060   -0.1033   -0.7887
   -0.5133   -0.7066    0.4870
...    26 A-T ...
  -41.4252  -43.4178   49.2964
   -0.8623    0.4817   -0.1561
   -0.1190   -0.4925   -0.8622
   -0.4922   -0.7249    0.4820
...    27 A-T ...
  -42.9591  -45.6522   51.1435
   -0.7757    0.0647   -0.6278
    0.4408   -0.6563   -0.6123
   -0.4516   -0.7517    0.4806
...    28 G-C ...
  -44.8100  -47.9071   52.8849
   -0.3740   -0.2692   -0.8875
    0.7943   -0.5870   -0.1567
   -0.4788   -0.7635    0.4334
...    29 G-C ...
  -46.7243  -50.4512   54.2674
    0.2076   -0.4931   -0.8448
    0.8605   -0.3188    0.3975
   -0.4653   -0.8095    0.3581
...    30 C-G ...
  -48.4975  -53.0989   55.1015
    0.6897   -0.5317   -0.4915
    0.5801   -0.0005    0.8145
   -0.4333   -0.8469    0.3082
...    31 C-G ...
  -49.9692  -55.9818   55.9243
    0.9301   -0.3656    0.0357
    0.0676    0.2660    0.9616
   -0.3610   -0.8920    0.2721
...    32 G-C ...
  -50.8032  -58.7466   57.1819
    0.8522   -0.0731    0.5180
   -0.4610    0.3632    0.8097
   -0.2474   -0.9288    0.2758
...    33 G-C ...
  -51.1193  -61.9368   58.2967
    0.4493    0.1902    0.8729
   -0.8743    0.2943    0.3859
   -0.1835   -0.9366    0.2985
...    34 C-G ...
  -51.3342  -65.0389   59.4249
   -0.1349    0.3500    0.9270
   -0.9777    0.1047   -0.1819
   -0.1607   -0.9309    0.3281
...    35 C-G ...
  -51.7650  -68.0832   60.9557
   -0.6826    0.3583    0.6369
   -0.7142   -0.1424   -0.6853
   -0.1548   -0.9227    0.3531
...    36 C-G ...
  -52.1974  -71.1419   62.4679
   -0.9664    0.2386    0.0957
   -0.1767   -0.3463   -0.9213
   -0.1867   -0.9073    0.3768
...    37 G-C ...
  -52.4017  -74.6787   62.7269
   -0.8687    0.0461   -0.4931
    0.4388   -0.3900   -0.8095
   -0.2296   -0.9197    0.3186
...    38 A-T ...
  -53.0063  -77.5857   63.8720
   -0.4306   -0.1837   -0.8837
    0.8775   -0.3142   -0.3623
   -0.2111   -0.9314    0.2965
...    39 C-G ...
  -54.1402  -80.4636   64.6887
    0.1183   -0.2650   -0.9570
    0.9692   -0.1790    0.1694
   -0.2162   -0.9475    0.2356
...    40 A-T ...
  -54.7839  -83.7401   65.3149
    0.6937   -0.2247   -0.6843
    0.7003   -0.0117    0.7138
   -0.1684   -0.9744    0.1492
...    41 C-G ...
  -55.3134  -87.0021   65.2123
    0.9693   -0.1378   -0.2038
    0.2164    0.0830    0.9728
   -0.1171   -0.9870    0.1102
...    42 G-C ...
  -55.4815  -90.2644   66.0426
    0.9020   -0.0009    0.4316
   -0.4303    0.0780    0.8993
   -0.0345   -0.9969    0.0700
...    43 A-T ...
  -55.5220  -93.4741   66.2329
    0.4540    0.0352    0.8903
   -0.8904    0.0550    0.4519
   -0.0331   -0.9979    0.0563
...    44 C-G ...
  -55.0055  -96.7672   66.3283
   -0.1131    0.0805    0.9903
   -0.9935    0.0060   -0.1140
   -0.0151   -0.9967    0.0793
...    45 T-A ...
  -54.4086 -100.3111   66.9385
   -0.6797    0.0736    0.7298
   -0.7332   -0.0406   -0.6788
   -0.0203   -0.9965    0.0815
...    46 T-A ...
  -54.2571 -103.5224   67.3506
   -0.9772    0.0013    0.2125
   -0.2125   -0.0299   -0.9767
    0.0051   -0.9996    0.0295
...    47 A-T ...
  -54.0673 -106.9275   66.9920
   -0.8639   -0.0356   -0.5024
    0.5026    0.0009   -0.8645
    0.0312   -0.9994    0.0171
...    48 C-G ...
  -54.3801 -110.1862   67.5678
   -0.4504    0.0143   -0.8927
    0.8928    0.0212   -0.4500
    0.0125   -0.9997   -0.0224
...    49 T-A ...
  -54.7155 -113.5611   67.4152
    0.1200    0.1170   -0.9859
    0.9928   -0.0098    0.1197
    0.0043   -0.9931   -0.1173
...    50 G-C ...
  -54.5296 -116.9075   66.7290
    0.6682    0.2463   -0.7020
    0.7401   -0.1238    0.6610
    0.0759   -0.9613   -0.2650
...    51 T-A ...
  -54.4514 -119.8261   65.3870
    0.9541    0.1921   -0.2298
    0.2757   -0.2633    0.9245
    0.1171   -0.9454   -0.3041
...    52 A-T ...
  -53.8946 -123.1610   64.8308
    0.9024   -0.0023    0.4310
   -0.4003   -0.3751    0.8361
    0.1598   -0.9270   -0.3394
...    53 G-C ...
  -53.1594 -126.1125   63.6320
    0.5262   -0.1563    0.8359
   -0.8193   -0.3565    0.4491
    0.2278   -0.9211   -0.3156
...    54 G-C ...
  -51.5696 -129.1960   62.5751
   -0.0700   -0.2993    0.9516
   -0.9630   -0.2287   -0.1428
    0.2604   -0.9263   -0.2722
...    55 T-A ...
  -50.2880 -132.1969   61.9372
   -0.5788   -0.3998    0.7107
   -0.7684   -0.0245   -0.6395
    0.2731   -0.9163   -0.2930
...    56 A-T ...
  -49.1747 -135.3076   61.1130
   -0.9350   -0.3238    0.1447
   -0.2320    0.2498   -0.9401
    0.2683   -0.9125   -0.3087
...    57 T-A ...
  -48.2576 -138.4543   60.7828
   -0.9036   -0.1532   -0.4000
    0.3112    0.4069   -0.8589
    0.2944   -0.9005   -0.3200
...    58 C-G ...
  -47.4704 -141.6301   59.7744
   -0.4958    0.1723   -0.8512
    0.8194    0.4176   -0.3928
    0.2877   -0.8922   -0.3482
...    59 T-A ...
  -46.7949 -144.6217   58.4358
    0.0157    0.4491   -0.8934
    0.9619    0.2372    0.1361
    0.2730   -0.8615   -0.4282
...    60 C-G ...
  -45.7432 -147.3980   56.9167
    0.5753    0.5466   -0.6084
    0.7735   -0.1219    0.6219
    0.2658   -0.8284   -0.4930
...    61 G-C ...
  -44.1864 -150.1105   55.5266
    0.8365    0.5454   -0.0529
    0.3618   -0.4774    0.8007
    0.4114   -0.6890   -0.5967
...    62 A-T ...
  -42.5729 -152.3552   53.5148
    0.8742    0.1481    0.4625
   -0.2136   -0.7381    0.6400
    0.4362   -0.6583   -0.6135
...    63 G-C ...
  -40.9223 -154.4301   51.4676
    0.5959   -0.2707    0.7560
   -0.6487   -0.7172    0.2545
    0.4733   -0.6421   -0.6030
...    64 C-G ...
  -38.8912 -156.4338   49.4717
    0.0760   -0.6562    0.7508
   -0.8675   -0.4147   -0.2747
    0.4916   -0.6304   -0.6007
...    65 T-A ...
  -37.2101 -158.5575   47.5241
   -0.4186   -0.7939    0.4410
   -0.7469    0.0246   -0.6645
    0.5167   -0.6076   -0.6033
...    66 C-G ...
  -35.4252 -160.4748   45.3378
   -0.7906   -0.6038   -0.1019
   -0.3199    0.5492   -0.7721
    0.5221   -0.5778   -0.6273
...    67 G-C ...
  -33.7683 -161.5994   42.4157
   -0.8432   -0.1328   -0.5210
    0.2103    0.8104   -0.5468
    0.4948   -0.5706   -0.6554
...    68 G-C ...
  -31.9044 -163.5327   40.3350
   -0.5949    0.4244   -0.6826
    0.6386    0.7653   -0.0808
    0.4881   -0.4839   -0.7263
...    69 G-C ...
  -30.4220 -165.2862   37.8671
   -0.1961    0.8352   -0.5139
    0.8681    0.3915    0.3051
    0.4560   -0.3863   -0.8018
...    70 A-T ...
  -29.0883 -166.5561   35.0903
    0.3386    0.9247   -0.1741
    0.8156   -0.1962    0.5443
    0.4692   -0.3264   -0.8206
...    71 T-A ...
  -27.9640 -167.2453   32.0766
    0.6986    0.6923    0.1808
    0.5202   -0.6649    0.5360
    0.4913   -0.2805   -0.8246
...    72 C-G ...
  -26.2494 -167.8452   29.2477
    0.8573    0.1462    0.4936
    0.0028   -0.9601    0.2796
    0.5148   -0.2383   -0.8235
...    73 C-G ...
  -24.1115 -168.4420   26.7474
    0.6796   -0.3991    0.6155
   -0.4401   -0.8931   -0.0932
    0.5869   -0.2075   -0.7826
...    74 G-C ...
  -22.3409 -169.5489   24.1237
    0.2408   -0.8564    0.4568
   -0.7383   -0.4671   -0.4865
    0.6300   -0.2201   -0.7447
...    75 C-G ...
  -19.7853 -170.3113   21.8705
   -0.2431   -0.9673    0.0719
   -0.7335    0.1349   -0.6662
    0.6347   -0.2147   -0.7423
...    76 T-A ...
  -17.3477 -171.3021   19.5756
   -0.6326   -0.6931   -0.3456
   -0.4303    0.6856   -0.5872
    0.6439   -0.2228   -0.7320
...    77 T-A ...
  -15.1376 -172.2825   17.3600
   -0.7341   -0.1453   -0.6633
    0.0241    0.9706   -0.2393
    0.6786   -0.1917   -0.7091
...    78 T-A ...
  -12.9010 -173.0680   15.0796
   -0.5856    0.4634   -0.6651
    0.4440    0.8698    0.2151
    0.6782   -0.1693   -0.7151
...    79 A-T ...
  -10.3633 -173.2819   12.7681
   -0.2806    0.9197   -0.2745
    0.7294    0.3902    0.5619
    0.6239   -0.0425   -0.7803
...    80 A-T ...
   -8.5506 -173.3087   10.1667
    0.1437    0.9776    0.1538
    0.7752   -0.2078    0.5966
    0.6151    0.0334   -0.7877
...    81 C-G ...
   -6.9493 -172.8475    7.2348
    0.5355    0.6968    0.4772
    0.5751   -0.7147    0.3982
    0.6185    0.0612   -0.7834
...    82 A-T ...
   -4.5736 -172.4381    4.7783
    0.7244    0.1053    0.6813
    0.1657   -0.9859   -0.0238
    0.6692    0.1301   -0.7316
...    83 C-G ...
   -2.0931 -171.3832    2.6968
    0.6881   -0.4656    0.5566
   -0.2412   -0.8702   -0.4297
    0.6844    0.1614   -0.7110
...    84 T-A ...
    0.7049 -170.2885    0.6135
    0.4129   -0.8942    0.1729
   -0.5904   -0.4073   -0.6968
    0.6935    0.1856   -0.6961
...    85 T-A ...
    3.1980 -169.5378   -1.4148
    0.0274   -0.9286   -0.3701
   -0.7248    0.2365   -0.6471
    0.6884    0.2860   -0.6666
...    86 T-A ...
    5.5330 -168.4027   -3.4061
   -0.3740   -0.5370   -0.7561
   -0.6165    0.7531   -0.2299
    0.6929    0.3801   -0.6127
...    87 C-G ...
    7.9725 -166.6825   -5.1764
   -0.6854    0.0713   -0.7247
   -0.2641    0.9031    0.3386
    0.6786    0.4234   -0.6002
...    88 A-T ...
   10.4991 -164.6320   -6.4457
   -0.7787    0.5590   -0.2847
    0.1883    0.6412    0.7440
    0.5985    0.5257   -0.6045
...    89 T-A ...
   12.2107 -163.0850   -8.7727
   -0.6052    0.7727    0.1916
    0.5733    0.2561    0.7783
    0.5523    0.5809   -0.5979
...    90 G-C ...
   14.0948 -160.8232  -10.7493
   -0.2037    0.6652    0.7183
    0.8448   -0.2513    0.4724
    0.4948    0.7031   -0.5108
...    91 T-A ...
   15.1700 -158.1351  -12.4820
    0.2823    0.3933    0.8750
    0.8317   -0.5549   -0.0190
    0.4780    0.7331   -0.4838
...    92 T-A ...
   16.5787 -155.6293  -13.8794
    0.7022   -0.0200    0.7117
    0.5309   -0.6513   -0.5421
    0.4744    0.7585   -0.4468
...    93 A-T ...
   18.3346 -153.1688  -15.6389
    0.9013   -0.4207    0.1034
   -0.1019   -0.4380   -0.8932
    0.4210    0.7945   -0.4377
...    94 T-A ...
   19.9140 -150.3516  -16.3921
    0.7269   -0.5500   -0.4111
   -0.5641   -0.1369   -0.8143
    0.3916    0.8238   -0.4098
...    95 A-T ...
   20.8014 -147.1992  -17.8486
    0.1153   -0.3213   -0.9399
   -0.9413    0.2670   -0.2067
    0.3174    0.9086   -0.2716
...    96 A-T ...
   22.0008 -144.2477  -18.5977
   -0.4703   -0.0138   -0.8824
   -0.8282    0.3523    0.4359
    0.3048    0.9358   -0.1771
...    97 C-G ...
   23.5665 -141.2821  -19.4032
   -0.8579    0.2083   -0.4698
   -0.4156    0.2564    0.8726
    0.3022    0.9439   -0.1334
...    98 G-C ...
   24.4040 -138.1080  -19.4530
   -0.9668    0.2058    0.1515
    0.1644    0.0468    0.9853
    0.1956    0.9775   -0.0791
...    99 G-C ...
   24.7906 -134.8512  -19.7273
   -0.7402    0.0734    0.6684
    0.6670   -0.0458    0.7436
    0.0852    0.9962   -0.0151
...   100 A-T ...
   24.8613 -131.5302  -19.8210
   -0.1984   -0.0370    0.9794
    0.9783   -0.0688    0.1955
    0.0601    0.9969    0.0499
...   101 T-A ...
   24.4132 -128.3398  -19.4926
    0.3399   -0.1192    0.9329
    0.9386   -0.0194   -0.3444
    0.0592    0.9927    0.1052
...   102 A-T ...
   24.4861 -124.9998  -18.8617
    0.8467   -0.1533    0.5095
    0.5258    0.0941   -0.8454
    0.0817    0.9837    0.1603
...   103 T-A ...
   24.4860 -121.9896  -17.6202
    0.9931   -0.1149    0.0246
    0.0470    0.1970   -0.9793
    0.1076    0.9737    0.2010
...   104 G-C ...
   25.0745 -118.8414  -16.7629
    0.8006   -0.0501   -0.5970
   -0.5655    0.2658   -0.7807
    0.1978    0.9627    0.1845
...   105 C-G ...
   26.0709 -115.6978  -16.0003
    0.3227    0.1242   -0.9383
   -0.9262    0.2459   -0.2859
    0.1952    0.9613    0.1944
...   106 T-A ...
   27.1867 -112.4446  -15.4219
   -0.2928    0.2502   -0.9229
   -0.9313    0.1438    0.3345
    0.2164    0.9575    0.1909
...   107 T-A ...
   28.0583 -109.3827  -14.8954
   -0.7809    0.2797   -0.5585
   -0.5921   -0.0469    0.8045
    0.1988    0.9589    0.2023
...   108 C-G ...
   28.8080 -106.1292  -14.3689
   -0.9876    0.1488    0.0511
    0.0156   -0.2304    0.9730
    0.1565    0.9617    0.2252
...   109 C-G ...
   29.6093 -102.9914  -13.6725
   -0.8360   -0.1492    0.5281
    0.5475   -0.2916    0.7843
    0.0370    0.9448    0.3255
...   110 G-C ...
   29.9053 -100.1598  -12.2991
   -0.4144   -0.4228    0.8059
    0.9087   -0.1433    0.3921
   -0.0503    0.8948    0.4436
...   111 G-C ...
   29.4974  -97.3870  -10.4937
    0.1757   -0.5178    0.8373
    0.9816    0.1573   -0.1087
   -0.0754    0.8409    0.5358
...   112 C-G ...
   28.8994  -95.0170   -8.1740
    0.7098   -0.3745    0.5966
    0.7009    0.4594   -0.5456
   -0.0698    0.8054    0.5886
...   113 T-A ...
   28.6624  -92.4939   -6.0251
    0.9818   -0.0807    0.1718
    0.1835    0.6351   -0.7503
   -0.0486    0.7682    0.6384
...   114 C-G ...
   28.7830  -89.8027   -4.1120
    0.8832    0.3362   -0.3271
   -0.4686    0.6008   -0.6477
   -0.0212    0.7253    0.6881
...   115 G-C ...
   28.4252  -87.1647   -2.1144
    0.3994    0.6274   -0.6685
   -0.9167    0.2804   -0.2846
    0.0089    0.7265    0.6871
...   116 T-A ...
   29.2257  -84.6194    0.0565
   -0.1934    0.6609   -0.7251
   -0.9811   -0.1323    0.1411
   -0.0027    0.7387    0.6740
...   117 A-T ...
   29.4666  -82.0721    2.3098
   -0.7677    0.4176   -0.4861
   -0.6403   -0.5300    0.5559
   -0.0255    0.7380    0.6743
...   118 T-A ...
   29.7064  -79.2831    4.0553
   -0.9909    0.0786   -0.1090
   -0.1330   -0.6871    0.7143
   -0.0187    0.7223    0.6913
...   119 A-T ...
   29.8060  -77.0944    6.7222
   -0.8283   -0.4060    0.3862
    0.5600   -0.5762    0.5953
   -0.0192    0.7093    0.7046
...   120 A-T ...
   29.5333  -74.7162    8.9276
   -0.3441   -0.7140    0.6098
    0.9372   -0.2219    0.2690
   -0.0568    0.6640    0.7455
...   121 T-A ...
   28.7445  -72.5845   11.3510
    0.2130   -0.7327    0.6464
    0.9749    0.2036   -0.0905
   -0.0653    0.6494    0.7576
...   122 G-C ...
   28.5589  -70.4862   14.1211
    0.7799   -0.5014    0.3746
    0.6255    0.6459   -0.4376
   -0.0225    0.5756    0.8174
...   123 T-A ...
   28.4236  -69.0898   17.1224
    0.9938   -0.0777    0.0796
    0.1089    0.8273   -0.5512
   -0.0230    0.5564    0.8306
...   124 G-C ...
   28.4071  -67.2429   19.9761
    0.8433    0.4424   -0.3050
   -0.5369    0.7173   -0.4441
    0.0223    0.5383    0.8425
...   125 T-A ...
   28.8287  -65.8541   22.8831
    0.4144    0.7500   -0.5154
   -0.9092    0.3654   -0.1993
    0.0389    0.5513    0.8334
...   126 C-G ...
   29.0198  -64.0798   25.5507
   -0.2248    0.8254   -0.5179
   -0.9735   -0.1671    0.1562
    0.0424    0.5392    0.8411
...   127 G-C ...
   28.4803  -62.5639   28.5421
   -0.7517    0.5192   -0.4066
   -0.6588   -0.6185    0.4283
   -0.0291    0.5898    0.8070
...   128 A-T ...
   28.5500  -60.7383   31.1550
   -0.9967    0.0377   -0.0720
   -0.0718   -0.8224    0.5643
   -0.0380    0.5676    0.8224
...   129 C-G ...
   28.3181  -58.3029   33.3786
   -0.8716   -0.4435    0.2090
    0.4837   -0.7085    0.5138
   -0.0798    0.5489    0.8320
...   130 C-G ...
   27.5212  -56.3920   36.0954
   -0.4505   -0.8166    0.3607
    0.8774   -0.3304    0.3477
   -0.1648    0.4732    0.8654
...   131 A-T ...
   27.7036  -55.0597   39.2650
    0.1885   -0.8925    0.4099
    0.9656    0.2446    0.0885
   -0.1792    0.3791    0.9078
...   132 A-T ...
   27.0498  -54.0000   42.3097
    0.7268   -0.5766    0.3732
    0.6616    0.7337   -0.1549
   -0.1845    0.3595    0.9147
...   133 A-T ...
   26.2399  -53.1493   45.3826
    0.9693   -0.0022    0.2461
    0.0916    0.9313   -0.3525
   -0.2284    0.3642    0.9029
...   134 T-A ...
   25.6307  -52.5796   48.6349
    0.8597    0.5096    0.0340
   -0.4497    0.7867   -0.4230
   -0.2423    0.3484    0.9055
...   135 G-C ...
   25.2858  -52.4980   52.0750
    0.3205    0.9427   -0.0927
   -0.8825    0.2616   -0.3908
   -0.3442    0.2071    0.9158
...   136 T-A ...
   25.5355  -52.9668   55.8002
   -0.2443    0.9563   -0.1608
   -0.8908   -0.2868   -0.3525
   -0.3832    0.0571    0.9219
...   137 G-C ...
   24.9037  -52.7259   58.9821
   -0.7529    0.5562   -0.3519
   -0.5214   -0.8303   -0.1968
   -0.4017    0.0354    0.9151
...   138 A-T ...
   24.0249  -51.6261   61.9210
   -0.9563    0.0400   -0.2896
   -0.0523   -0.9980    0.0347
   -0.2877    0.0483    0.9565
...   139 G-C ...
   22.3574  -51.2299   64.4909
   -0.8529   -0.5117   -0.1032
    0.4973   -0.8566    0.1372
   -0.1586    0.0657    0.9852
...   140 C-G ...
   22.1608  -50.1386   67.4618
   -0.4681   -0.8749    0.1247
    0.8495   -0.4066    0.3363
   -0.2435    0.2633    0.9335
...   141 G-C ...
   21.4366  -51.8164   72.7856
    0.1304   -0.7141   -0.6877
    0.8897   -0.2218    0.3990
   -0.4375   -0.6639    0.6065
...   142 C-G ...
   20.4354  -54.2994   74.5395
    0.5847   -0.7390   -0.3347
    0.7593    0.3532    0.5466
   -0.2857   -0.5737    0.7676
...   143 T-A ...
   18.4377  -55.5190   76.5272
    0.8548   -0.5006    0.1370
    0.3188    0.7147    0.6225
   -0.4096   -0.4884    0.7705
...   144 C-G ...
   16.8485  -57.7126   78.2648
    0.8529   -0.0846    0.5152
   -0.1509    0.9047    0.3983
   -0.4998   -0.4175    0.7589
...   145 A-T ...
   15.7933  -59.5518   80.7963
    0.5515    0.4995    0.6681
   -0.6739    0.7388    0.0040
   -0.4915   -0.4525    0.7441
...   146 C-G ...
   15.7410  -61.4839   83.9295
    0.0342    0.7400    0.6718
   -0.8637    0.3601   -0.3527
   -0.5029   -0.5681    0.6514
...   147 A-T ...
   14.7481  -63.4170   86.8165
   -0.5923    0.6746    0.4405
   -0.6886   -0.1400   -0.7115
   -0.4183   -0.7247    0.5475
