  147 base-pairs
...     1 T-A ...
    0.0000    0.0000    0.0000
    1.0000    0.0000    0.0000
    0.0000    1.0000    0.0000
    0.0000    0.0000    1.0000
...     2 G-C ...
   -0.5555   -1.1003    3.3981
    0.7749    0.6051    0.1828
   -0.5991    0.7953   -0.0929
   -0.2016   -0.0375    0.9787
...     3 T-A ...
   -0.6619   -3.0237    6.5348
    0.3046    0.9250    0.2271
   -0.8994    0.3578   -0.2510
   -0.3134   -0.1278    0.9410
...     4 G-C ...
   -1.1607   -3.8418    9.6940
   -0.3351    0.9421    0.0133
   -0.8752   -0.3061   -0.3746
   -0.3489   -0.1372    0.9271
...     5 A-T ...
   -1.3881   -3.6770   12.8999
   -0.7835    0.6162   -0.0801
   -0.5677   -0.7622   -0.3109
   -0.2527   -0.1981    0.9470
...     6 G-C ...
   -2.6236   -3.5448   15.7072
   -0.9923    0.0611   -0.1075
   -0.0294   -0.9610   -0.2748
   -0.1201   -0.2695    0.9555
...     7 C-G ...
   -2.3138   -3.7570   18.8866
   -0.8620   -0.4995   -0.0864
    0.5008   -0.8655    0.0073
   -0.0785   -0.0370    0.9962
...     8 G-C ...
   -3.9561   -6.8109   23.3205
   -0.2581   -0.3560   -0.8981
    0.6294   -0.7673    0.1233
   -0.7330   -0.5335    0.4221
...     9 C-G ...
   -6.1177   -8.9414   24.2385
    0.1143   -0.7320   -0.6716
    0.8123   -0.3203    0.4874
   -0.5720   -0.6013    0.5580
...    10 T-A ...
   -8.5041   -9.6771   26.0540
    0.4660   -0.8587   -0.2131
    0.6274    0.1508    0.7640
   -0.6239   -0.4897    0.6090
...    11 C-G ...
  -11.0625  -11.3174   27.2336
    0.6660   -0.6911    0.2808
    0.3382    0.6152    0.7121
   -0.6649   -0.3794    0.6435
...    12 A-T ...
  -13.0013  -13.1789   29.0658
    0.7188   -0.1490    0.6790
   -0.1787    0.9043    0.3876
   -0.6718   -0.4000    0.6235
...    13 C-G ...
  -14.1788  -15.9359   31.3399
    0.4052    0.2865    0.8682
   -0.5270    0.8492   -0.0343
   -0.7470   -0.4437    0.4951
...    14 A-T ...
  -15.9532  -18.1566   33.3080
   -0.1503    0.6873    0.7107
   -0.6106    0.5008   -0.6135
   -0.7776   -0.5261    0.3444
...    15 A-T ...
  -18.2967  -20.0049   34.6505
   -0.5283    0.8202    0.2194
   -0.3879   -0.0033   -0.9217
   -0.7553   -0.5720    0.3200
...    16 T-A ...
  -20.5537  -21.7659   36.3498
   -0.6755    0.6776   -0.2909
   -0.0405   -0.4281   -0.9028
   -0.7363   -0.5980    0.3166
...    17 T-A ...
  -22.9122  -23.6188   37.6404
   -0.5876    0.2717   -0.7622
    0.3884   -0.7316   -0.5602
   -0.7098   -0.6252    0.3244
...    18 T-A ...
  -25.2980  -25.4890   38.8255
   -0.2457   -0.2123   -0.9458
    0.6744   -0.7383   -0.0095
   -0.6963   -0.6402    0.3246
...    19 A-T ...
  -27.4349  -27.8366   39.9645
    0.2750   -0.5776   -0.7686
    0.6784   -0.4500    0.5808
   -0.6813   -0.6811    0.2681
...    20 T-A ...
  -29.9870  -29.8685   40.3019
    0.6018   -0.7092   -0.3673
    0.4376   -0.0918    0.8944
   -0.6680   -0.6990    0.2551
...    21 T-A ...
  -32.1553  -32.1968   40.9204
    0.7621   -0.6113    0.2133
   -0.0027    0.3265    0.9452
   -0.6475   -0.7209    0.2472
...    22 C-G ...
  -34.1030  -34.7214   41.7358
    0.6279   -0.2665    0.7313
   -0.4836    0.6026    0.6348
   -0.6098   -0.7522    0.2495
...    23 G-C ...
  -36.1955  -37.0687   43.0279
    0.2724    0.1960    0.9420
   -0.8000    0.5901    0.1085
   -0.5347   -0.7831    0.3176
...    24 C-G ...
  -37.5891  -39.8560   44.2940
   -0.2226    0.5119    0.8297
   -0.8250    0.3545   -0.4401
   -0.5195   -0.7824    0.3434
...    25 A-T ...
  -39.5611  -42.3907   45.2577
   -0.6540    0.6579    0.3733
   -0.5271   -0.0425   -0.8487
   -0.5426   -0.7519    0.3746
...    26 A-T ...
  -41.1875  -44.8220   46.7173
   -0.8595    0.4718   -0.1966
   -0.0172   -0.4112   -0.9114
   -0.5108   -0.7800    0.3615
...    27 A-T ...
  -42.8555  -47.2543   48.1110
   -0.7092    0.1197   -0.6948
    0.5093   -0.5945   -0.6223
   -0.4875   -0.7952    0.3607
...    28 G-C ...
  -44.6690  -49.7477   49.3924
   -0.2733   -0.1716   -0.9465
    0.8208   -0.5547   -0.1364
   -0.5016   -0.8142    0.2924
...    29 G-C ...
  -46.5643  -52.3995   50.2988
    0.2862   -0.3692   -0.8842
    0.8270   -0.3709    0.4226
   -0.4839   -0.8521    0.1992
...    30 C-G ...
  -48.4355  -55.1359   50.5823
    0.7282   -0.4609   -0.5073
    0.5174   -0.1156    0.8479
   -0.4494   -0.8799    0.1542
...    31 C-G ...
  -49.7977  -58.2253   50.7555
    0.9311   -0.3621    0.0447
   -0.0003    0.1218    0.9926
   -0.3649   -0.9241    0.1133
...    32 G-C ...
  -50.7922  -61.3776   51.5747
    0.7879   -0.1290    0.6021
   -0.5634    0.2437    0.7894
   -0.2486   -0.9612    0.1193
...    33 G-C ...
  -51.2051  -64.7266   52.0187
    0.3396    0.0939    0.9359
   -0.9222    0.2289    0.3116
   -0.1850   -0.9689    0.1643
...    34 C-G ...
  -51.3760  -68.0218   52.6876
   -0.2466    0.2271    0.9421
   -0.9542    0.1131   -0.2770
   -0.1694   -0.9673    0.1888
...    35 C-G ...
  -51.7781  -71.2846   53.5949
   -0.7431    0.2973    0.5995
   -0.6408   -0.0580   -0.7655
   -0.1929   -0.9530    0.2336
...    36 C-G ...
  -52.3484  -74.4786   54.6474
   -0.9633    0.2660    0.0366
   -0.0983   -0.2223   -0.9700
   -0.2499   -0.9380    0.2403
...    37 G-C ...
  -53.0680  -77.7852   55.0340
   -0.8078    0.1768   -0.5623
    0.4902   -0.3283   -0.8074
   -0.3273   -0.9279    0.1785
...    38 A-T ...
  -54.1391  -80.8317   55.7043
   -0.3302   -0.0184   -0.9437
    0.8829   -0.3597   -0.3019
   -0.3339   -0.9329    0.1351
...    39 C-G ...
  -55.8084  -83.6561   56.1511
    0.2150   -0.1660   -0.9624
    0.9187   -0.3000    0.2570
   -0.3314   -0.9394    0.0880
...    40 A-T ...
  -56.6766  -86.9012   56.4401
    0.7487   -0.1955   -0.6334
    0.6064   -0.1837    0.7736
   -0.2676   -0.9633   -0.0190
...    41 C-G ...
  -57.7138  -89.9709   55.7433
    0.9678   -0.2250   -0.1131
    0.0986   -0.0750    0.9923
   -0.2317   -0.9715   -0.0504
...    42 G-C ...
  -58.1928  -93.3371   55.9783
    0.8600   -0.1328    0.4926
   -0.4974   -0.0033    0.8675
   -0.1136   -0.9911   -0.0689
...    43 A-T ...
  -58.3858  -96.6449   55.7644
    0.3708   -0.1000    0.9233
   -0.9248    0.0520    0.3770
   -0.0857   -0.9936   -0.0732
...    44 C-G ...
  -57.9970  -99.9854   55.5105
   -0.2024   -0.0564    0.9777
   -0.9767    0.0849   -0.1972
   -0.0718   -0.9948   -0.0723
...    45 T-A ...
  -57.9912 -103.3496   55.5041
   -0.7171    0.0214    0.6967
   -0.6926    0.0898   -0.7157
   -0.0779   -0.9957   -0.0496
...    46 T-A ...
  -58.0289 -106.6209   55.5320
   -0.9922    0.0305    0.1208
   -0.1179    0.0832   -0.9895
   -0.0403   -0.9961   -0.0789
...    47 A-T ...
  -57.9074 -109.9594   54.7780
   -0.8192    0.0660   -0.5698
    0.5734    0.0724   -0.8160
   -0.0126   -0.9952   -0.0972
...    48 C-G ...
  -58.4082 -113.2496   54.8659
   -0.3720    0.1327   -0.9187
    0.9279    0.0279   -0.3717
   -0.0237   -0.9908   -0.1335
...    49 T-A ...
  -58.7829 -116.5213   54.3394
    0.2042    0.2092   -0.9563
    0.9787   -0.0671    0.1943
   -0.0235   -0.9756   -0.2184
...    50 G-C ...
  -58.5439 -119.7785   53.4868
    0.7396    0.2490   -0.6254
    0.6719   -0.2168    0.7082
    0.0408   -0.9439   -0.3276
...    51 T-A ...
  -58.5700 -122.6406   51.8283
    0.9831    0.1334   -0.1258
    0.1644   -0.3377    0.9268
    0.0811   -0.9318   -0.3539
...    52 A-T ...
  -58.2272 -125.9291   51.0127
    0.8538   -0.1034    0.5102
   -0.5085   -0.3755    0.7748
    0.1115   -0.9210   -0.3732
...    53 G-C ...
  -57.5336 -128.9145   49.6492
    0.4156   -0.2661    0.8697
   -0.8961   -0.2838    0.3414
    0.1559   -0.9212   -0.3564
...    54 G-C ...
  -56.6869 -132.0515   48.6109
   -0.1874   -0.3459    0.9194
   -0.9656   -0.1071   -0.2371
    0.1805   -0.9321   -0.3139
...    55 T-A ...
  -55.5298 -135.1509   47.8929
   -0.6929   -0.3533    0.6286
   -0.6980    0.1098   -0.7077
    0.1810   -0.9291   -0.3226
...    56 A-T ...
  -55.0190 -138.0633   46.0699
   -0.9667   -0.2470   -0.0665
   -0.0310    0.3712   -0.9280
    0.2539   -0.8951   -0.3665
...    57 T-A ...
  -54.3038 -141.2472   45.4729
   -0.8337   -0.0200   -0.5519
    0.4821    0.4611   -0.7449
    0.2694   -0.8871   -0.3747
...    58 C-G ...
  -53.3925 -144.2132   44.3050
   -0.3736    0.3081   -0.8749
    0.8887    0.3890   -0.2425
    0.2656   -0.8682   -0.4191
...    59 T-A ...
  -52.7890 -147.1332   42.8073
    0.1583    0.5476   -0.8216
    0.9510    0.1392    0.2760
    0.2656   -0.8251   -0.4987
...    60 C-G ...
  -51.9145 -149.7859   41.0687
    0.6845    0.5706   -0.4539
    0.6668   -0.2381    0.7062
    0.2949   -0.7860   -0.5434
...    61 G-C ...
  -50.4528 -152.3879   39.4079
    0.9006    0.4196    0.1129
    0.1714   -0.5818    0.7951
    0.3994   -0.6967   -0.5959
...    62 A-T ...
  -48.9335 -154.5707   37.4282
    0.8047   -0.0115    0.5936
   -0.4027   -0.7453    0.5314
    0.4363   -0.6666   -0.6044
...    63 G-C ...
  -47.1927 -156.5878   35.3816
    0.4202   -0.4126    0.8082
   -0.7712   -0.6317    0.0784
    0.4782   -0.6563   -0.5836
...    64 C-G ...
  -45.1923 -158.6668   33.6145
   -0.1087   -0.7006    0.7052
   -0.8603   -0.2891   -0.4199
    0.4981   -0.6523   -0.5713
...    65 T-A ...
  -43.2940 -160.8934   31.9313
   -0.5873   -0.7346    0.3398
   -0.6372    0.1608   -0.7537
    0.4991   -0.6592   -0.5625
...    66 C-G ...
  -41.5268 -163.0648   30.1099
   -0.8550   -0.4727   -0.2132
   -0.1374    0.6031   -0.7858
    0.5000   -0.6426   -0.5806
...    67 G-C ...
  -39.6446 -164.8277   27.8601
   -0.8135    0.0429   -0.5799
    0.3852    0.7869   -0.4821
    0.4356   -0.6156   -0.6567
...    68 T-A ...
  -38.5730 -167.2975   25.8881
   -0.4893    0.4938   -0.7188
    0.7600    0.6457   -0.0738
    0.4277   -0.5824   -0.6913
...    69 C-G ...
  -37.1849 -169.2354   23.6106
    0.0415    0.8231   -0.5664
    0.9007    0.2146    0.3779
    0.4325   -0.5258   -0.7324
...    70 A-T ...
  -35.5187 -170.8747   21.1645
    0.4951    0.8591   -0.1300
    0.7270   -0.3277    0.6034
    0.4757   -0.3932   -0.7868
...    71 T-A ...
  -34.3289 -171.7222   18.2331
    0.7862    0.5757    0.2246
    0.3743   -0.7329    0.5681
    0.4917   -0.3626   -0.7917
...    72 G-C ...
  -32.3178 -173.0274   15.8493
    0.8065    0.0452    0.5896
   -0.1359   -0.9562    0.2593
    0.5755   -0.2892   -0.7650
...    73 T-A ...
  -30.0881 -173.3894   13.3741
    0.5915   -0.4922    0.6386
   -0.5441   -0.8282   -0.1343
    0.5950   -0.2680   -0.7577
...    74 T-A ...
  -27.9517 -174.0108   10.9677
    0.1756   -0.9133    0.3676
   -0.7935   -0.3523   -0.4962
    0.5827   -0.2045   -0.7865
...    75 A-T ...
  -26.7167 -174.4188    7.6662
   -0.3637   -0.9023   -0.2312
   -0.7099    0.4292   -0.5584
    0.6031   -0.0390   -0.7967
...    76 T-A ...
  -24.2965 -174.9314    5.4173
   -0.6635   -0.5292   -0.5290
   -0.4163    0.8485   -0.3267
    0.6217    0.0035   -0.7832
...    77 A-T ...
  -22.1056 -174.1315    2.8490
   -0.7350    0.2062   -0.6460
    0.1185    0.9770    0.1770
    0.6677    0.0535   -0.7425
...    78 A-T ...
  -19.9622 -174.1206    0.4018
   -0.5270    0.7488   -0.4020
    0.5187    0.6581    0.5458
    0.6732    0.0791   -0.7352
...    79 C-G ...
  -18.1609 -174.1198   -2.3667
   -0.1975    0.9803    0.0062
    0.7242    0.1416    0.6749
    0.6607    0.1378   -0.7379
...    80 G-C ...
  -15.6567 -173.4590   -4.5947
    0.1483    0.8465    0.5113
    0.7356   -0.4400    0.5151
    0.6610    0.2997   -0.6879
...    81 G-C ...
  -13.5204 -171.9983   -6.7747
    0.4645    0.4098    0.7851
    0.5623   -0.8213    0.0961
    0.6842    0.3968   -0.6119
...    82 A-T ...
  -11.1501 -170.5444   -8.5801
    0.6898   -0.1973    0.6966
    0.1915   -0.8782   -0.4383
    0.6982    0.4357   -0.5680
...    83 G-C ...
   -8.7088 -168.8763  -10.1824
    0.6530   -0.6768    0.3399
   -0.2019   -0.5881   -0.7831
    0.7299    0.4428   -0.5207
...    84 G-C ...
   -5.9589 -167.4759  -11.6634
    0.3880   -0.9053   -0.1727
   -0.5147   -0.0574   -0.8555
    0.7646    0.4208   -0.4882
...    85 A-T ...
   -3.3386 -166.0570  -13.1903
   -0.0065   -0.7212   -0.6927
   -0.6476    0.5309   -0.5466
    0.7620    0.4451   -0.4705
...    86 T-A ...
   -0.4038 -165.0354  -14.4280
   -0.3259   -0.2969   -0.8976
   -0.5564    0.8278   -0.0718
    0.7644    0.4760   -0.4350
...    87 C-G ...
    2.2408 -163.4717  -15.7487
   -0.6119    0.2887   -0.7364
   -0.2505    0.8124    0.5266
    0.7502    0.5067   -0.4248
...    88 C-G ...
    4.9036 -161.9541  -17.2503
   -0.7123    0.6539   -0.2551
    0.1349    0.4842    0.8645
    0.6888    0.5814   -0.4331
...    89 G-C ...
    7.4023 -159.8575  -18.3042
   -0.5978    0.7154    0.3617
    0.5224    0.0054    0.8527
    0.6080    0.6987   -0.3770
...    90 C-G ...
    9.0584 -157.4065  -19.8292
   -0.2447    0.5379    0.8067
    0.7763   -0.3897    0.4954
    0.5809    0.7475   -0.3222
...    91 T-A ...
   10.7203 -154.6783  -20.7639
    0.1740    0.1571    0.9721
    0.8107   -0.5833   -0.0508
    0.5591    0.7969   -0.2288
...    92 T-A ...
   12.4115 -151.9698  -21.3493
    0.6119   -0.2340    0.7556
    0.5646   -0.5398   -0.6244
    0.5539    0.8087   -0.1982
...    93 T-A ...
   14.1363 -149.2314  -21.7476
    0.8425   -0.4911    0.2215
    0.0934   -0.2717   -0.9578
    0.5306    0.8276   -0.1830
...    94 A-T ...
   15.7066 -146.4088  -23.0907
    0.7182   -0.4413   -0.5379
   -0.5352    0.1437   -0.8324
    0.4447    0.8858   -0.1329
...    95 A-T ...
   17.3374 -143.5616  -23.2385
    0.2718   -0.1843   -0.9445
   -0.8742    0.3632   -0.3224
    0.4025    0.9133   -0.0624
...    96 C-G ...
   19.2521 -140.7633  -23.3426
   -0.2593    0.0650   -0.9636
   -0.8822    0.3902    0.2637
    0.3931    0.9184   -0.0439
...    97 A-T ...
   20.2750 -137.5650  -23.0951
   -0.7711    0.2401   -0.5898
   -0.5417    0.2396    0.8057
    0.3347    0.9407   -0.0547
...    98 C-G ...
   21.6043 -134.5941  -23.7908
   -0.9532    0.2980   -0.0503
   -0.0367    0.0510    0.9980
    0.3000    0.9532   -0.0376
...    99 T-A ...
   22.4399 -131.3892  -24.1228
   -0.8414    0.1844    0.5080
    0.4935   -0.1213    0.8613
    0.2205    0.9753    0.0110
...   100 T-A ...
   22.9989 -128.2059  -24.1275
   -0.4133    0.0214    0.9104
    0.8908   -0.1976    0.4091
    0.1886    0.9800    0.0626
...   101 T-A ...
   23.4180 -125.0132  -23.8361
    0.1694   -0.1472    0.9745
    0.9701   -0.1493   -0.1912
    0.1737    0.9778    0.1175
...   102 A-T ...
   24.2410 -121.7888  -23.2673
    0.7228   -0.2745    0.6342
    0.6661    0.0324   -0.7452
    0.1840    0.9610    0.2062
...   103 T-A ...
   24.5462 -118.7674  -21.9532
    0.9671   -0.2060    0.1495
    0.1892    0.1890   -0.9636
    0.1702    0.9601    0.2218
...   104 G-C ...
   25.3161 -115.5228  -21.5406
    0.8719   -0.0717   -0.4843
   -0.4390    0.3233   -0.8383
    0.2167    0.9436    0.2504
...   105 C-G ...
   26.3534 -112.4870  -20.4635
    0.4553    0.1298   -0.8808
   -0.8614    0.3143   -0.3990
    0.2250    0.9404    0.2550
...   106 T-A ...
   27.3969 -109.4081  -19.5778
   -0.1194    0.2755   -0.9539
   -0.9686    0.1787    0.1728
    0.2181    0.9445    0.2455
...   107 T-A ...
   28.3731 -106.3965  -18.7584
   -0.6741    0.3618   -0.6440
   -0.7056   -0.0577    0.7063
    0.2184    0.9305    0.2941
...   108 C-G ...
   29.2059 -103.3453  -17.7505
   -0.9735    0.2131   -0.0829
   -0.1444   -0.2919    0.9455
    0.1773    0.9324    0.3149
...   109 C-G ...
   29.7874 -100.1196  -16.8938
   -0.8993   -0.0941    0.4271
    0.4305   -0.3617    0.8269
    0.0766    0.9275    0.3658
...   110 G-C ...
   30.1497  -97.1438  -15.2780
   -0.4939   -0.4271    0.7574
    0.8691   -0.2140    0.4460
   -0.0284    0.8785    0.4769
...   111 G-C ...
   29.6761  -94.3216  -13.4773
    0.0831   -0.5692    0.8180
    0.9943    0.1027   -0.0296
   -0.0671    0.8158    0.5745
...   112 C-G ...
   29.0732  -91.9100  -11.2474
    0.6321   -0.4538    0.6281
    0.7718    0.4408   -0.4583
   -0.0689    0.7745    0.6289
...   113 T-A ...
   28.8024  -89.6155   -8.8266
    0.9581   -0.1661    0.2333
    0.2836    0.6626   -0.6932
   -0.0395    0.7303    0.6820
...   114 C-G ...
   28.8371  -87.2876   -6.4590
    0.9275    0.2837   -0.2432
   -0.3722    0.6430   -0.6693
   -0.0335    0.7114    0.7020
...   115 G-C ...
   28.5700  -84.5863   -4.3956
    0.5144    0.5855   -0.6265
   -0.8574    0.3657   -0.3621
    0.0171    0.7235    0.6902
...   116 T-A ...
   29.2325  -82.3263   -1.9629
   -0.0522    0.6932   -0.7188
   -0.9986   -0.0313    0.0423
    0.0068    0.7200    0.6939
...   117 A-T ...
   28.6474  -80.2584    0.7710
   -0.7291    0.5206   -0.4442
   -0.6842   -0.5369    0.4936
    0.0185    0.6638    0.7477
...   118 T-A ...
   29.0414  -77.6899    2.8201
   -0.9808    0.1586   -0.1133
   -0.1941   -0.7405    0.6434
    0.0181    0.6531    0.7571
...   119 A-T ...
   29.1789  -75.8307    5.6753
   -0.8712   -0.3883    0.3003
    0.4906   -0.6689    0.5584
   -0.0160    0.6339    0.7733
...   120 A-T ...
   28.9615  -73.7169    8.1296
   -0.4107   -0.7247    0.5533
    0.9112   -0.3054    0.2765
   -0.0314    0.6177    0.7858
...   121 T-A ...
   28.1929  -71.7024   10.6142
    0.1278   -0.7873    0.6031
    0.9910    0.1251   -0.0468
   -0.0386    0.6037    0.7963
...   122 G-C ...
   28.4208  -69.8198   13.4128
    0.7034   -0.6008    0.3798
    0.7106    0.6064   -0.3569
   -0.0159    0.5209    0.8535
...   123 T-A ...
   28.1540  -68.6543   16.5440
    0.9796   -0.1721    0.1035
    0.2008    0.8470   -0.4921
   -0.0030    0.5029    0.8643
...   124 G-C ...
   28.3139  -66.6849   19.2766
    0.8927    0.3644   -0.2651
   -0.4470    0.7908   -0.4181
    0.0573    0.4918    0.8688
...   125 T-A ...
   28.9588  -65.4709   22.3622
    0.4894    0.7434   -0.4560
   -0.8701    0.4512   -0.1982
    0.0584    0.4938    0.8676
...   126 C-G ...
   29.2240  -63.8721   25.2735
   -0.1641    0.8599   -0.4834
   -0.9852   -0.1185    0.1237
    0.0491    0.4966    0.8666
...   127 G-C ...
   28.9602  -62.3981   28.3515
   -0.7233    0.5705   -0.3892
   -0.6903   -0.6125    0.3851
   -0.0187    0.5472    0.8368
...   128 A-T ...
   28.9684  -60.5837   31.1193
   -0.9938    0.0523   -0.0977
   -0.0969   -0.8385    0.5363
   -0.0539    0.5424    0.8384
...   129 C-G ...
   28.6636  -58.3096   33.5258
   -0.8806   -0.4383    0.1803
    0.4650   -0.7256    0.5071
   -0.0914    0.5304    0.8428
...   130 C-G ...
   28.0556  -56.4927   36.3185
   -0.4450   -0.8215    0.3565
    0.8808   -0.3298    0.3397
   -0.1615    0.4652    0.8703
...   131 A-T ...
   27.7433  -55.1057   39.3841
    0.1910   -0.8958    0.4012
    0.9641    0.2481    0.0949
   -0.1846    0.3687    0.9110
...   132 A-T ...
   26.9665  -54.0663   42.3719
    0.7295   -0.5662    0.3837
    0.6552    0.7394   -0.1545
   -0.1962    0.3641    0.9104
...   133 A-T ...
   26.2390  -53.1174   45.4097
    0.9717    0.0039    0.2362
    0.0815    0.9330   -0.3504
   -0.2217    0.3598    0.9063
...   134 T-A ...
   25.6308  -52.5796   48.6349
    0.8597    0.5096    0.0340
   -0.4497    0.7867   -0.4230
   -0.2423    0.3484    0.9055
...   135 G-C ...
   25.2859  -52.4980   52.0750
    0.3205    0.9427   -0.0927
   -0.8825    0.2616   -0.3908
   -0.3442    0.2071    0.9158
...   136 T-A ...
   25.5356  -52.9668   55.8002
   -0.2443    0.9563   -0.1608
   -0.8908   -0.2868   -0.3525
   -0.3832    0.0571    0.9219
...   137 G-C ...
   24.9037  -52.7259   58.9821
   -0.7529    0.5562   -0.3519
   -0.5214   -0.8303   -0.1968
   -0.4017    0.0354    0.9151
...   138 A-T ...
   24.0249  -51.6261   61.9211
   -0.9563    0.0400   -0.2896
   -0.0523   -0.9980    0.0347
   -0.2877    0.0483    0.9565
...   139 G-C ...
   22.3574  -51.2299   64.4909
   -0.8529   -0.5117   -0.1032
    0.4973   -0.8566    0.1372
   -0.1586    0.0657    0.9852
...   140 C-G ...
   22.1609  -50.1386   67.4618
   -0.4681   -0.8749    0.1247
    0.8495   -0.4066    0.3363
   -0.2435    0.2633    0.9335
...   141 G-C ...
   21.4366  -51.8164   72.7856
    0.1304   -0.7141   -0.6877
    0.8897   -0.2218    0.3990
   -0.4375   -0.6639    0.6065
...   142 C-G ...
   20.4355  -54.2994   74.5395
    0.5847   -0.7390   -0.3347
    0.7593    0.3532    0.5466
   -0.2857   -0.5737    0.7676
...   143 T-A ...
   18.4378  -55.5190   76.5273
    0.8548   -0.5006    0.1370
    0.3188    0.7147    0.6225
   -0.4096   -0.4884    0.7705
...   144 C-G ...
   16.8485  -57.7126   78.2648
    0.8529   -0.0846    0.5152
   -0.1509    0.9047    0.3983
   -0.4998   -0.4175    0.7589
...   145 A-T ...
   15.7933  -59.5518   80.7963
    0.5515    0.4995    0.6681
   -0.6739    0.7388    0.0040
   -0.4915   -0.4525    0.7441
...   146 C-G ...
   15.7411  -61.4839   83.9296
    0.0342    0.7400    0.6718
   -0.8637    0.3601   -0.3527
   -0.5029   -0.5681    0.6514
...   147 A-T ...
   14.7481  -63.4170   86.8165
   -0.5923    0.6746    0.4405
   -0.6886   -0.1400   -0.7115
   -0.4183   -0.7247    0.5475
