  147 base-pairs
...     1 T-A ...
    0.0000    0.0000    0.0000
    1.0000    0.0000    0.0000
    0.0000    1.0000    0.0000
    0.0000    0.0000    1.0000
...     2 G-C ...
   -0.5555   -1.1003    3.3981
    0.7749    0.6051    0.1828
   -0.5991    0.7953   -0.0929
   -0.2016   -0.0375    0.9787
...     3 T-A ...
   -0.6619   -3.0237    6.5348
    0.3046    0.9250    0.2271
   -0.8994    0.3578   -0.2510
   -0.3134   -0.1278    0.9410
...     4 G-C ...
   -1.1607   -3.8418    9.6940
   -0.3351    0.9421    0.0133
   -0.8752   -0.3061   -0.3746
   -0.3489   -0.1372    0.9271
...     5 A-T ...
   -1.3881   -3.6770   12.8999
   -0.7835    0.6162   -0.0801
   -0.5677   -0.7622   -0.3109
   -0.2527   -0.1981    0.9470
...     6 G-C ...
   -2.6236   -3.5448   15.7072
   -0.9923    0.0611   -0.1075
   -0.0294   -0.9610   -0.2748
   -0.1201   -0.2695    0.9555
...     7 C-G ...
   -2.3138   -3.7570   18.8866
   -0.8620   -0.4995   -0.0864
    0.5008   -0.8655    0.0073
   -0.0785   -0.0370    0.9962
...     8 G-C ...
   -3.9561   -6.8109   23.3205
   -0.2581   -0.3560   -0.8981
    0.6294   -0.7673    0.1233
   -0.7330   -0.5335    0.4221
...     9 C-G ...
   -6.1177   -8.9414   24.2385
    0.1143   -0.7320   -0.6716
    0.8123   -0.3203    0.4874
   -0.5720   -0.6013    0.5580
...    10 T-A ...
   -8.5041   -9.6771   26.0540
    0.4660   -0.8587   -0.2131
    0.6274    0.1508    0.7640
   -0.6239   -0.4897    0.6090
...    11 C-G ...
  -11.0625  -11.3174   27.2336
    0.6660   -0.6911    0.2808
    0.3382    0.6152    0.7121
   -0.6649   -0.3794    0.6435
...    12 A-T ...
  -13.0013  -13.1789   29.0658
    0.7188   -0.1490    0.6790
   -0.1787    0.9043    0.3876
   -0.6718   -0.4000    0.6235
...    13 C-G ...
  -14.1788  -15.9359   31.3399
    0.4052    0.2865    0.8682
   -0.5270    0.8492   -0.0343
   -0.7470   -0.4437    0.4951
...    14 A-T ...
  -15.9532  -18.1566   33.3080
   -0.1503    0.6873    0.7107
   -0.6106    0.5008   -0.6135
   -0.7776   -0.5261    0.3444
...    15 A-T ...
  -18.3882  -19.8366   34.6986
   -0.5027    0.8387    0.2095
   -0.4252   -0.0289   -0.9046
   -0.7526   -0.5439    0.3711
...    16 T-A ...
  -20.6324  -21.5228   36.6562
   -0.7025    0.6461   -0.2983
   -0.0695   -0.4795   -0.8748
   -0.7083   -0.5938    0.3818
...    17 T-A ...
  -22.8923  -23.2465   38.2789
   -0.6572    0.1827   -0.7312
    0.3845   -0.7532   -0.5337
   -0.6483   -0.6319    0.4248
...    18 T-A ...
  -25.0993  -25.0523   39.9351
   -0.3410   -0.3324   -0.8793
    0.7204   -0.6934   -0.0172
   -0.6040   -0.6393    0.4759
...    19 A-T ...
  -26.7801  -27.4178   41.7312
    0.2016   -0.6876   -0.6975
    0.7996   -0.2957    0.5226
   -0.5656   -0.6632    0.4902
...    20 T-A ...
  -29.0836  -29.4804   42.8902
    0.6024   -0.7284   -0.3266
    0.5864    0.1262    0.8001
   -0.5415   -0.6735    0.5032
...    21 T-A ...
  -30.9211  -31.7594   44.3268
    0.8552   -0.4954    0.1526
    0.1447    0.5108    0.8475
   -0.4978   -0.7026    0.5085
...    22 C-G ...
  -32.3969  -34.1168   46.0649
    0.8090   -0.0563    0.5852
   -0.3959    0.6836    0.6132
   -0.4346   -0.7277    0.5307
...    23 G-C ...
  -33.6191  -36.1419   48.5879
    0.5101    0.4562    0.7291
   -0.8195    0.5151    0.2510
   -0.2611   -0.7256    0.6367
...    24 C-G ...
  -34.0478  -38.5973   50.7259
    0.0108    0.6963    0.7177
   -0.9703    0.1807   -0.1608
   -0.2416   -0.6946    0.6776
...    25 A-T ...
  -35.4580  -40.7654   52.9568
   -0.5849    0.6689    0.4587
   -0.7822   -0.3156   -0.5372
   -0.2146   -0.6730    0.7078
...    26 A-T ...
  -36.0657  -42.8067   55.4867
   -0.9461    0.3130    0.0828
   -0.2774   -0.6518   -0.7059
   -0.1670   -0.6908    0.7035
...    27 A-T ...
  -36.4366  -44.8592   58.0245
   -0.9297   -0.1943   -0.3130
    0.3580   -0.6768   -0.6432
   -0.0868   -0.7100    0.6988
...    28 G-C ...
  -36.9926  -47.0239   60.5850
   -0.5656   -0.5245   -0.6365
    0.8194   -0.4445   -0.3619
   -0.0931   -0.7262    0.6811
...    29 G-C ...
  -37.4349  -49.4349   63.0275
    0.0358   -0.6349   -0.7718
    0.9974   -0.0259    0.0676
   -0.0629   -0.7721    0.6323
...    30 C-G ...
  -38.0052  -51.9262   65.1111
    0.5946   -0.4818   -0.6436
    0.8040    0.3495    0.4811
   -0.0068   -0.8035    0.5952
...    31 C-G ...
  -38.2015  -54.6302   67.0471
    0.9368   -0.1200   -0.3286
    0.3380    0.5526    0.7618
    0.0901   -0.8248    0.5582
...    32 G-C ...
  -37.5965  -57.0063   68.9957
    0.9517    0.3048    0.0368
   -0.1916    0.4960    0.8469
    0.2399   -0.8131    0.5304
...    33 G-C ...
  -36.2408  -59.5738   70.6728
    0.6612    0.5960    0.4557
   -0.6709    0.1977    0.7147
    0.3359   -0.7783    0.5305
...    34 C-G ...
  -34.5880  -61.8779   72.3753
    0.1500    0.6391    0.7544
   -0.9077   -0.2134    0.3613
    0.3919   -0.7389    0.5481
...    35 C-G ...
  -32.9635  -63.9646   74.5868
   -0.4095    0.4160    0.8119
   -0.8020   -0.5884   -0.1030
    0.4349   -0.6933    0.5746
...    36 C-G ...
  -31.4327  -66.0391   76.8208
   -0.8094    0.0073    0.5872
   -0.3843   -0.7626   -0.5203
    0.4440   -0.6469    0.6200
...    37 G-C ...
  -29.9429  -69.0375   78.0459
   -0.8937   -0.4254    0.1424
    0.1672   -0.6106   -0.7741
    0.4163   -0.6680    0.6168
...    38 A-T ...
  -28.4850  -71.0494   80.0353
   -0.6147   -0.7082   -0.3473
    0.6565   -0.2152   -0.7230
    0.4372   -0.6724    0.5972
...    39 C-G ...
  -27.5187  -73.2777   82.1647
   -0.1871   -0.6873   -0.7018
    0.8818    0.1974   -0.4284
    0.4330   -0.6990    0.5691
...    40 A-T ...
  -26.0178  -75.6583   84.0153
    0.3405   -0.3738   -0.8627
    0.8160    0.5733    0.0737
    0.4670   -0.7291    0.5003
...    41 C-G ...
  -24.6923  -78.3923   85.2702
    0.6842    0.0334   -0.7285
    0.5205    0.6774    0.5199
    0.5108   -0.7349    0.4461
...    42 G-C ...
  -22.6910  -80.4540   87.0246
    0.8056    0.5008   -0.3166
    0.0326    0.4961    0.8677
    0.5916   -0.7093    0.3833
...    43 A-T ...
  -20.7970  -82.7397   88.1964
    0.6612    0.7039    0.2594
   -0.4525    0.0984    0.8863
    0.5984   -0.7034    0.3836
...    44 C-G ...
  -18.4445  -84.9542   88.9089
    0.2808    0.6802    0.6772
   -0.7173   -0.3201    0.6189
    0.6377   -0.6595    0.3980
...    45 T-A ...
  -15.6134  -86.8625   90.1361
   -0.2087    0.3830    0.8999
   -0.7309   -0.6724    0.1167
    0.6498   -0.6334    0.4203
...    46 T-A ...
  -13.2626  -88.6885   91.4378
   -0.5536   -0.0629    0.8304
   -0.5093   -0.7634   -0.3973
    0.6589   -0.6429    0.3906
...    47 A-T ...
  -11.0966  -91.1733   92.3822
   -0.7191   -0.5945    0.3598
   -0.0111   -0.5080   -0.8613
    0.6948   -0.6234    0.3587
...    48 C-G ...
   -8.9095  -92.9758   94.1933
   -0.6158   -0.7691   -0.1711
    0.3809   -0.1005   -0.9191
    0.6897   -0.6312    0.3549
...    49 T-A ...
   -6.8475  -95.2475   95.6557
   -0.3560   -0.6463   -0.6750
    0.6629    0.3344   -0.6699
    0.6586   -0.6859    0.3094
...    50 G-C ...
   -4.5742  -97.6206   96.4588
    0.0067   -0.2421   -0.9702
    0.7515    0.6413   -0.1549
    0.6597   -0.7281    0.1862
...    51 T-A ...
   -2.8520 -100.2952   96.9139
    0.3514    0.1633   -0.9219
    0.6483    0.6679    0.3655
    0.6754   -0.7261    0.1288
...    52 A-T ...
   -0.4173 -102.5970   97.1114
    0.5794    0.6101   -0.5404
    0.3500    0.4125    0.8410
    0.7361   -0.6764    0.0255
...    53 G-C ...
    1.9125 -104.8628   96.9970
    0.5985    0.8008   -0.0220
    0.0237    0.0098    0.9997
    0.8008   -0.5988   -0.0131
...    54 G-C ...
    4.9916 -106.6110   96.2598
    0.4406    0.7081    0.5518
   -0.2828   -0.4738    0.8339
    0.8520   -0.5235   -0.0085
...    55 T-A ...
    8.0282 -107.8659   96.0063
    0.2234    0.3498    0.9098
   -0.4552   -0.7879    0.4147
    0.8619   -0.5068   -0.0168
...    56 A-T ...
   11.1610 -109.2075   95.9843
   -0.1155   -0.1885    0.9753
   -0.4775   -0.8504   -0.2209
    0.8710   -0.4912    0.0082
...    57 T-A ...
   14.3134 -110.1763   96.2728
   -0.3239   -0.6289    0.7068
   -0.3514   -0.6137   -0.7071
    0.8784   -0.4774   -0.0222
...    58 C-G ...
   17.3196 -111.7487   96.4705
   -0.4734   -0.8754    0.0981
   -0.0810   -0.0677   -0.9944
    0.8771   -0.4787   -0.0388
...    59 T-A ...
   20.1609 -113.5466   96.6044
   -0.4901   -0.7425   -0.4566
    0.1933    0.4181   -0.8876
    0.8500   -0.5232   -0.0614
...    60 C-G ...
   23.0535 -115.2774   96.4006
   -0.3104   -0.3247   -0.8934
    0.4466    0.7798   -0.4386
    0.8391   -0.5352   -0.0971
...    61 G-C ...
   26.0868 -116.5762   95.7144
   -0.1942    0.2441   -0.9501
    0.5709    0.8158    0.0929
    0.7977   -0.5244   -0.2978
...    62 A-T ...
   28.8368 -118.1861   94.8081
    0.1224    0.7098   -0.6937
    0.5690    0.5225    0.6350
    0.8132   -0.4724   -0.3399
...    63 G-C ...
   31.4578 -119.6568   93.3690
    0.3503    0.9101   -0.2216
    0.4397    0.0492    0.8968
    0.8270   -0.4116   -0.3829
...    64 C-G ...
   34.1705 -120.7926   91.6023
    0.5157    0.7771    0.3608
    0.1752   -0.5079    0.8434
    0.8387   -0.3717   -0.3981
...    65 T-A ...
   36.9894 -121.8352   90.2071
    0.5174    0.3744    0.7695
   -0.1017   -0.8659    0.4897
    0.8497   -0.3316   -0.4099
...    66 C-G ...
   39.8437 -123.0797   89.0819
    0.3521   -0.2379    0.9052
   -0.3633   -0.9261   -0.1021
    0.8626   -0.2929   -0.4126
...    67 G-C ...
   42.2974 -125.0635   87.4553
    0.0498   -0.7326    0.6788
   -0.4809   -0.6132   -0.6266
    0.8753   -0.2952   -0.3829
...    68 G-C ...
   45.3456 -125.9064   86.1961
   -0.2865   -0.9346    0.2106
   -0.4583   -0.0594   -0.8868
    0.8414   -0.3506   -0.4113
...    69 G-C ...
   48.2576 -127.0893   85.0046
   -0.5765   -0.7710   -0.2706
   -0.2192    0.4649   -0.8578
    0.7871   -0.4352   -0.4371
...    70 A-T ...
   50.9243 -128.6677   83.7430
   -0.6224   -0.3192   -0.7147
    0.1653    0.8389   -0.5186
    0.7651   -0.4408   -0.4693
...    71 T-A ...
   53.1698 -130.6550   82.3802
   -0.4764    0.1865   -0.8592
    0.4714    0.8791   -0.0706
    0.7421   -0.4387   -0.5068
...    72 C-G ...
   55.4379 -132.2339   80.5408
   -0.1407    0.6943   -0.7058
    0.6790    0.5865    0.4416
    0.7205   -0.4172   -0.5539
...    73 C-G ...
   57.7023 -133.5628   78.5648
    0.1559    0.9441   -0.2905
    0.6744    0.1131    0.7297
    0.7217   -0.3096   -0.6191
...    74 G-C ...
   60.4293 -134.3887   76.7946
    0.4325    0.8664    0.2496
    0.5132   -0.4641    0.7220
    0.7414   -0.1842   -0.6453
...    75 C-G ...
   62.9181 -134.4500   74.3568
    0.6499    0.4309    0.6261
    0.1882   -0.8893    0.4167
    0.7364   -0.1529   -0.6591
...    76 T-A ...
   65.7480 -134.3910   72.2652
    0.6530   -0.1779    0.7361
   -0.1832   -0.9803   -0.0745
    0.7349   -0.0862   -0.6727
...    77 T-A ...
   68.2433 -134.3162   70.1304
    0.4652   -0.7403    0.4854
   -0.5497   -0.6714   -0.4971
    0.6939   -0.0356   -0.7192
...    78 T-A ...
   70.6982 -134.1616   67.9207
    0.0848   -0.9951    0.0512
   -0.7398   -0.0973   -0.6657
    0.6674    0.0185   -0.7444
...    79 A-T ...
   72.4366 -133.7347   65.0499
   -0.3919   -0.8349   -0.3864
   -0.6516    0.5484   -0.5241
    0.6495    0.0464   -0.7590
...    80 A-T ...
   74.5961 -133.7007   62.6895
   -0.7143   -0.3687   -0.5948
   -0.3199    0.9280   -0.1911
    0.6224    0.0538   -0.7808
...    81 C-G ...
   76.7452 -134.1157   60.1231
   -0.7955    0.1965   -0.5733
    0.1168    0.9780    0.1731
    0.5947    0.0708   -0.8009
...    82 A-T ...
   78.5943 -133.7897   57.2979
   -0.6406    0.7215   -0.2630
    0.5825    0.6797    0.4458
    0.5004    0.1324   -0.8556
...    83 C-G ...
   79.6279 -133.3840   54.1383
   -0.2449    0.9680    0.0545
    0.8541    0.1888    0.4846
    0.4588    0.1652   -0.8730
...    84 T-A ...
   80.6631 -132.5813   50.7854
    0.2890    0.8777    0.3822
    0.8530   -0.4174    0.3134
    0.4346    0.2354   -0.8693
...    85 T-A ...
   81.8186 -131.5828   47.8756
    0.7766    0.4572    0.4334
    0.5071   -0.8619    0.0006
    0.3739    0.2193   -0.9012
...    86 T-A ...
   82.8572 -130.5192   44.9195
    0.9537   -0.1336    0.2693
   -0.0668   -0.9676   -0.2434
    0.2931    0.2142   -0.9318
...    87 A-T ...
   83.5060 -130.0060   41.4621
    0.6324   -0.7645   -0.1249
   -0.7588   -0.5788   -0.2987
    0.1561    0.2836   -0.9462
...    88 T-A ...
   84.6515 -128.8975   38.5809
    0.1725   -0.9529   -0.2494
   -0.9758   -0.1308   -0.1753
    0.1344    0.2736   -0.9524
...    89 G-C ...
   85.2887 -128.1621   35.4038
   -0.4739   -0.8545   -0.2128
   -0.8736    0.4866   -0.0082
    0.1105    0.1820   -0.9771
...    90 C-G ...
   85.7053 -128.0129   32.1896
   -0.8797   -0.4644   -0.1026
   -0.4751    0.8679    0.1453
    0.0216    0.1765   -0.9841
...    91 T-A ...
   85.9124 -127.7828   28.7476
   -0.9915    0.1022    0.0809
    0.1150    0.9780    0.1740
   -0.0613    0.1819   -0.9814
...    92 T-A ...
   85.5139 -127.3465   25.6133
   -0.7505    0.6054    0.2651
    0.6385    0.7677    0.0544
   -0.1706    0.2101   -0.9627
...    93 C-G ...
   84.6236 -126.5476   22.5410
   -0.2257    0.9137    0.3379
    0.9440    0.2909   -0.1559
   -0.2408    0.2838   -0.9282
...    94 C-G ...
   83.6105 -125.2664   19.6625
    0.3447    0.8948    0.2836
    0.8998   -0.2290   -0.3714
   -0.2674    0.3832   -0.8841
...    95 G-C ...
   83.3177 -123.7542   16.9096
    0.7927    0.6020    0.0961
    0.5472   -0.6331   -0.5475
   -0.2688    0.4865   -0.8313
...    96 G-C ...
   82.8254 -121.6470   14.2368
    0.9649    0.1283   -0.2290
   -0.0200   -0.8337   -0.5518
   -0.2617    0.5370   -0.8019
...    97 C-G ...
   82.3143 -119.4214   11.7488
    0.7794   -0.3807   -0.4976
   -0.5756   -0.7486   -0.3289
   -0.2473    0.5428   -0.8026
...    98 T-A ...
   81.5104 -117.5689    9.0900
    0.3122   -0.7221   -0.6174
   -0.9115   -0.4107    0.0195
   -0.2676    0.5567   -0.7864
...    99 C-G ...
   80.5467 -115.3667    6.5757
   -0.3353   -0.8204   -0.4632
   -0.8814    0.0994    0.4619
   -0.3329    0.5631   -0.7564
...   100 G-C ...
   79.0608 -113.1664    4.4903
   -0.7637   -0.6456   -0.0001
   -0.4623    0.5467    0.6981
   -0.4507    0.5332   -0.7160
...   101 T-A ...
   77.9037 -111.7125    1.7485
   -0.8722   -0.2886    0.3948
    0.0208    0.7847    0.6195
   -0.4886    0.5486   -0.6785
...   102 C-G ...
   76.2268 -109.8971   -0.2808
   -0.6622    0.1466    0.7349
    0.4897    0.8269    0.2764
   -0.5672    0.5429   -0.6194
...   103 A-T ...
   74.1577 -108.1905   -2.3868
   -0.1880    0.4971    0.8471
    0.7160    0.6597   -0.2283
   -0.6723    0.5636   -0.4799
...   104 T-A ...
   71.6226 -106.5130   -3.5811
    0.2563    0.7262    0.6379
    0.6862    0.3280   -0.6492
   -0.6807    0.6041   -0.4143
...   105 G-C ...
   69.3358 -104.2730   -4.8094
    0.6750    0.7298    0.1084
    0.3182   -0.1554   -0.9352
   -0.6657    0.6657   -0.3371
...   106 T-A ...
   67.0243 -101.7908   -5.3960
    0.7071    0.5265   -0.4720
   -0.1490   -0.5416   -0.8273
   -0.6912    0.6554   -0.3045
...   107 T-A ...
   64.7374  -99.5437   -6.0933
    0.3788    0.1414   -0.9146
   -0.5544   -0.7566   -0.3466
   -0.7410    0.6384   -0.2082
...   108 A-T ...
   61.7397  -97.6020   -6.4679
   -0.2917   -0.3752   -0.8799
   -0.5806   -0.6616    0.4746
   -0.7602    0.6493   -0.0248
...   109 T-A ...
   59.6283  -95.0891   -6.9313
   -0.5814   -0.6512   -0.4877
   -0.3056   -0.3808    0.8727
   -0.7541    0.6564    0.0224
...   110 A-T ...
   57.1209  -92.7294   -6.3364
   -0.6451   -0.7195    0.2571
    0.2233    0.1443    0.9640
   -0.7307    0.6793    0.0675
...   111 A-T ...
   54.7051  -90.6463   -6.2081
   -0.3604   -0.5324    0.7660
    0.5651    0.5287    0.6334
   -0.7422    0.6611    0.1103
...   112 C-G ...
   51.8534  -88.8963   -6.0063
    0.0651   -0.1793    0.9816
    0.6650    0.7413    0.0913
   -0.7440    0.6468    0.1675
...   113 G-C ...
   49.7811  -86.5020   -5.0831
    0.5372    0.1749    0.8251
    0.4596    0.7596   -0.4602
   -0.7073    0.6264    0.3277
...   114 G-C ...
   48.0077  -84.2693   -3.3699
    0.7843    0.4843    0.3878
    0.0172    0.6078   -0.7939
   -0.6202    0.6293    0.4683
...   115 A-T ...
   46.0226  -82.2691   -1.5121
    0.6204    0.7605   -0.1915
   -0.4936    0.1889   -0.8489
   -0.6095    0.6212    0.4926
...   116 T-A ...
   44.5471  -80.2572    0.6470
    0.2159    0.7625   -0.6099
   -0.7592   -0.2617   -0.5959
   -0.6140    0.5916    0.5224
...   117 A-T ...
   42.5699  -78.2033    2.6219
   -0.3932    0.4413   -0.8066
   -0.6972   -0.7150   -0.0513
   -0.5994    0.5422    0.5888
...   118 T-A ...
   41.0672  -75.9046    4.5026
   -0.7362    0.0109   -0.6767
   -0.3636   -0.8497    0.3819
   -0.5708    0.5272    0.6295
...   119 A-T ...
   39.3218  -74.3608    7.2123
   -0.8205   -0.5640   -0.0934
    0.3429   -0.6162    0.7090
   -0.4574    0.5497    0.6990
...   120 A-T ...
   37.7478  -72.3964    9.2992
   -0.4472   -0.8291    0.3356
    0.7748   -0.1717    0.6085
   -0.4469    0.5321    0.7191
...   121 T-A ...
   35.7916  -70.6970   11.3913
    0.0512   -0.7949    0.6045
    0.8986    0.3008    0.3195
   -0.4358    0.5269    0.7297
...   122 G-C ...
   34.3629  -68.9109   14.0828
    0.6556   -0.4872    0.5769
    0.6570    0.7447   -0.1177
   -0.3723    0.4562    0.8083
...   123 T-A ...
   33.0841  -67.8896   16.9332
    0.9189   -0.0272    0.3937
    0.1982    0.8944   -0.4010
   -0.3412    0.4465    0.8272
...   124 G-C ...
   32.1029  -66.3544   19.8161
    0.8681    0.4964   -0.0002
   -0.4262    0.7451   -0.5130
   -0.2546    0.4454    0.8584
...   125 T-A ...
   31.6317  -65.2108   22.7906
    0.5052    0.8032   -0.3158
   -0.8370    0.3668   -0.4060
   -0.2102    0.4694    0.8576
...   126 C-G ...
   31.0912  -63.5765   25.4857
   -0.1117    0.8687   -0.4826
   -0.9769   -0.1851   -0.1070
   -0.1823    0.4595    0.8693
...   127 G-C ...
   29.8204  -62.2518   28.3566
   -0.6713    0.5582   -0.4876
   -0.7186   -0.6513    0.2438
   -0.1814    0.5141    0.8383
...   128 A-T ...
   29.3514  -60.6073   31.0772
   -0.9734    0.0472   -0.2241
   -0.1522   -0.8646    0.4789
   -0.1712    0.5002    0.8488
...   129 C-G ...
   28.8028  -58.3278   33.4414
   -0.8886   -0.4555    0.0540
    0.4147   -0.7474    0.5190
   -0.1961    0.4836    0.8530
...   130 C-G ...
   27.8165  -56.5907   36.2077
   -0.4774   -0.8384    0.2630
    0.8409   -0.3491    0.4135
   -0.2549    0.4186    0.8717
...   131 A-T ...
   27.9947  -55.1595   39.3887
    0.1783   -0.8925    0.4144
    0.9557    0.2573    0.1431
   -0.2343    0.3705    0.8988
...   132 A-T ...
   27.1902  -54.0426   42.3728
    0.7201   -0.5682    0.3983
    0.6567    0.7434   -0.1266
   -0.2242    0.3527    0.9085
...   133 A-T ...
   26.2825  -53.1986   45.4224
    0.9635    0.0045    0.2678
    0.0919    0.9336   -0.3464
   -0.2516    0.3583    0.8990
...   134 T-A ...
   25.6308  -52.5796   48.6350
    0.8597    0.5096    0.0340
   -0.4497    0.7867   -0.4230
   -0.2423    0.3484    0.9055
...   135 G-C ...
   25.2858  -52.4980   52.0751
    0.3205    0.9427   -0.0927
   -0.8825    0.2616   -0.3908
   -0.3441    0.2071    0.9158
...   136 T-A ...
   25.5355  -52.9668   55.8002
   -0.2443    0.9563   -0.1608
   -0.8908   -0.2868   -0.3525
   -0.3832    0.0571    0.9219
...   137 G-C ...
   24.9037  -52.7259   58.9821
   -0.7529    0.5562   -0.3519
   -0.5214   -0.8303   -0.1968
   -0.4017    0.0354    0.9151
...   138 A-T ...
   24.0249  -51.6261   61.9211
   -0.9563    0.0400   -0.2896
   -0.0523   -0.9980    0.0347
   -0.2877    0.0483    0.9565
...   139 G-C ...
   22.3574  -51.2300   64.4910
   -0.8529   -0.5117   -0.1032
    0.4973   -0.8566    0.1372
   -0.1586    0.0657    0.9852
...   140 C-G ...
   22.1608  -50.1386   67.4618
   -0.4681   -0.8749    0.1247
    0.8495   -0.4066    0.3363
   -0.2435    0.2633    0.9335
...   141 G-C ...
   21.4366  -51.8164   72.7856
    0.1304   -0.7141   -0.6877
    0.8897   -0.2218    0.3990
   -0.4375   -0.6639    0.6065
...   142 C-G ...
   20.4354  -54.2994   74.5395
    0.5847   -0.7390   -0.3347
    0.7593    0.3532    0.5466
   -0.2857   -0.5737    0.7676
...   143 T-A ...
   18.4377  -55.5190   76.5273
    0.8548   -0.5006    0.1370
    0.3188    0.7147    0.6225
   -0.4096   -0.4884    0.7705
...   144 C-G ...
   16.8485  -57.7127   78.2648
    0.8529   -0.0846    0.5152
   -0.1509    0.9047    0.3983
   -0.4998   -0.4175    0.7589
...   145 A-T ...
   15.7933  -59.5518   80.7963
    0.5515    0.4995    0.6681
   -0.6739    0.7388    0.0040
   -0.4915   -0.4525    0.7441
...   146 C-G ...
   15.7411  -61.4839   83.9296
    0.0342    0.7400    0.6718
   -0.8637    0.3601   -0.3527
   -0.5029   -0.5681    0.6514
...   147 A-T ...
   14.7481  -63.4171   86.8165
   -0.5923    0.6746    0.4405
   -0.6886   -0.1400   -0.7115
   -0.4183   -0.7247    0.5475
