  147 base-pairs
...     1 T-A ...
    0.0000    0.0000    0.0000
    1.0000    0.0000    0.0000
    0.0000    1.0000    0.0000
    0.0000    0.0000    1.0000
...     2 G-C ...
   -0.5555   -1.1003    3.3981
    0.7749    0.6051    0.1828
   -0.5991    0.7953   -0.0929
   -0.2016   -0.0375    0.9787
...     3 T-A ...
   -0.6619   -3.0237    6.5348
    0.3046    0.9250    0.2271
   -0.8994    0.3578   -0.2510
   -0.3134   -0.1278    0.9410
...     4 G-C ...
   -1.1607   -3.8418    9.6940
   -0.3351    0.9421    0.0133
   -0.8752   -0.3061   -0.3746
   -0.3489   -0.1372    0.9271
...     5 A-T ...
   -1.3881   -3.6770   12.8999
   -0.7835    0.6162   -0.0801
   -0.5677   -0.7622   -0.3109
   -0.2527   -0.1981    0.9470
...     6 G-C ...
   -2.6236   -3.5448   15.7072
   -0.9923    0.0611   -0.1075
   -0.0294   -0.9610   -0.2748
   -0.1201   -0.2695    0.9555
...     7 C-G ...
   -2.3138   -3.7570   18.8866
   -0.8620   -0.4995   -0.0864
    0.5008   -0.8655    0.0073
   -0.0785   -0.0370    0.9962
...     8 G-C ...
   -3.9561   -6.8109   23.3205
   -0.2581   -0.3560   -0.8981
    0.6294   -0.7673    0.1233
   -0.7330   -0.5335    0.4221
...     9 C-G ...
   -6.1177   -8.9414   24.2385
    0.1143   -0.7320   -0.6716
    0.8123   -0.3203    0.4874
   -0.5720   -0.6013    0.5580
...    10 T-A ...
   -8.5041   -9.6771   26.0540
    0.4660   -0.8587   -0.2131
    0.6274    0.1508    0.7640
   -0.6239   -0.4897    0.6090
...    11 C-G ...
  -11.0625  -11.3174   27.2336
    0.6660   -0.6911    0.2808
    0.3382    0.6152    0.7121
   -0.6649   -0.3794    0.6435
...    12 A-T ...
  -13.0013  -13.1789   29.0658
    0.7188   -0.1490    0.6790
   -0.1787    0.9043    0.3876
   -0.6718   -0.4000    0.6235
...    13 C-G ...
  -14.1788  -15.9359   31.3399
    0.4052    0.2865    0.8682
   -0.5270    0.8492   -0.0343
   -0.7470   -0.4437    0.4951
...    14 A-T ...
  -15.9532  -18.1566   33.3080
   -0.1503    0.6873    0.7107
   -0.6106    0.5008   -0.6135
   -0.7776   -0.5261    0.3444
...    15 A-T ...
  -18.2980  -19.9895   34.6656
   -0.5254    0.8217    0.2208
   -0.3942   -0.0051   -0.9190
   -0.7541   -0.5699    0.3266
...    16 T-A ...
  -20.5461  -21.7383   36.3931
   -0.6787    0.6761   -0.2868
   -0.0496   -0.4318   -0.9006
   -0.7328   -0.5970    0.3266
...    17 T-A ...
  -22.8871  -23.5807   37.7377
   -0.6024    0.2609   -0.7543
    0.3836   -0.7342   -0.5602
   -0.7000   -0.6268    0.3422
...    18 T-A ...
  -25.2398  -25.4449   39.0064
   -0.2670   -0.2313   -0.9355
    0.6819   -0.7313   -0.0138
   -0.6810   -0.6416    0.3529
...    19 A-T ...
  -27.2787  -27.8067   40.3011
    0.2569   -0.6017   -0.7563
    0.7023   -0.4214    0.5737
   -0.6639   -0.6786    0.3143
...    20 T-A ...
  -29.7968  -29.8484   40.8039
    0.5974   -0.7158   -0.3615
    0.4700   -0.0527    0.8811
   -0.6498   -0.6963    0.3049
...    21 T-A ...
  -31.9113  -32.1708   41.5971
    0.7800   -0.5911    0.2054
    0.0299    0.3631    0.9313
   -0.6251   -0.7202    0.3009
...    22 C-G ...
  -33.7868  -34.6798   42.5916
    0.6671   -0.2246    0.7103
   -0.4647    0.6197    0.6325
   -0.5822   -0.7520    0.3090
...    23 G-C ...
  -35.7434  -37.0179   44.0931
    0.3222    0.2450    0.9144
   -0.8060    0.5776    0.1292
   -0.4965   -0.7787    0.3836
...    24 C-G ...
  -36.9762  -39.7599   45.5925
   -0.1819    0.5469    0.8172
   -0.8606    0.3136   -0.4014
   -0.4758   -0.7763    0.4136
...    25 A-T ...
  -38.8104  -42.2716   46.8441
   -0.6434    0.6614    0.3854
   -0.5850   -0.1000   -0.8049
   -0.4938   -0.7433    0.4513
...    26 A-T ...
  -40.2606  -44.6531   48.5534
   -0.8860    0.4367   -0.1559
   -0.0719   -0.4614   -0.8842
   -0.4581   -0.7722    0.4402
...    27 A-T ...
  -41.7401  -47.0438   50.2136
   -0.7651    0.0540   -0.6416
    0.4816   -0.6134   -0.6259
   -0.4274   -0.7879    0.4433
...    28 G-C ...
  -43.3452  -49.5130   51.7935
   -0.3417   -0.2430   -0.9079
    0.8297   -0.5318   -0.1699
   -0.4415   -0.8113    0.3833
...    29 G-C ...
  -45.0358  -52.1586   53.0617
    0.2277   -0.4183   -0.8793
    0.8761   -0.3060    0.3725
   -0.4249   -0.8552    0.2968
...    30 C-G ...
  -46.7546  -54.9297   53.7211
    0.7035   -0.4644   -0.5380
    0.5947   -0.0298    0.8034
   -0.3891   -0.8851    0.2552
...    31 C-G ...
  -47.9669  -58.0381   54.2480
    0.9498   -0.3122   -0.0187
    0.0845    0.1986    0.9764
   -0.3011   -0.9290    0.2150
...    32 G-C ...
  -48.7108  -61.1576   55.3833
    0.8501   -0.0360    0.5254
   -0.4964    0.2784    0.8223
   -0.1758   -0.9598    0.2188
...    33 G-C ...
  -48.8517  -64.4694   56.1379
    0.4283    0.1950    0.8824
   -0.8979    0.2021    0.3912
   -0.1021   -0.9598    0.2616
...    34 C-G ...
  -48.7169  -67.6847   57.1116
   -0.1586    0.2968    0.9417
   -0.9841    0.0295   -0.1750
   -0.0797   -0.9545    0.2874
...    35 C-G ...
  -48.7987  -70.8515   58.3725
   -0.6919    0.3048    0.6545
   -0.7159   -0.1723   -0.6766
   -0.0935   -0.9367    0.3374
...    36 C-G ...
  -49.0333  -73.9472   59.7855
   -0.9712    0.2012    0.1280
   -0.1894   -0.3249   -0.9266
   -0.1448   -0.9241    0.3537
...    37 G-C ...
  -49.4435  -77.2362   60.5584
   -0.8792    0.0546   -0.4733
    0.4213   -0.3747   -0.8259
   -0.2224   -0.9256    0.3064
...    38 A-T ...
  -50.1523  -80.2651   61.6640
   -0.4335   -0.1494   -0.8887
    0.8717   -0.3194   -0.3716
   -0.2283   -0.9358    0.2687
...    39 C-G ...
  -51.4857  -83.1483   62.6125
    0.1168   -0.2566   -0.9594
    0.9668   -0.1917    0.1690
   -0.2273   -0.9473    0.2257
...    40 A-T ...
  -52.0037  -86.3920   63.3703
    0.6851   -0.2027   -0.6997
    0.7085   -0.0381    0.7047
   -0.1695   -0.9785    0.1175
...    41 C-G ...
  -52.8058  -89.5948   63.1523
    0.9656   -0.1479   -0.2140
    0.2237    0.0529    0.9732
   -0.1327   -0.9876    0.0842
...    42 G-C ...
  -52.9002  -92.9362   63.8011
    0.9238    0.0146    0.3825
   -0.3827    0.0555    0.9222
   -0.0077   -0.9984    0.0568
...    43 A-T ...
  -52.7278  -96.2418   63.9952
    0.4941    0.0585    0.8675
   -0.8690    0.0037    0.4947
    0.0257   -0.9983    0.0527
...    44 C-G ...
  -51.9687  -99.5213   64.0847
   -0.0663    0.0517    0.9965
   -0.9968   -0.0471   -0.0639
    0.0436   -0.9976    0.0546
...    45 T-A ...
  -51.5432 -102.8322   64.4870
   -0.6173    0.0350    0.7860
   -0.7854   -0.0857   -0.6130
    0.0459   -0.9957    0.0804
...    46 T-A ...
  -51.1462 -106.0525   64.9191
   -0.9632   -0.0707    0.2593
   -0.2548   -0.0665   -0.9647
    0.0855   -0.9953    0.0460
...    47 A-T ...
  -50.6455 -109.4238   64.5234
   -0.8822   -0.1256   -0.4539
    0.4534    0.0338   -0.8906
    0.1272   -0.9915    0.0271
...    48 C-G ...
  -50.6187 -112.7112   65.0861
   -0.4948   -0.0533   -0.8674
    0.8612    0.1035   -0.4976
    0.1163   -0.9932   -0.0053
...    49 T-A ...
  -50.5287 -116.0463   65.0418
    0.0529    0.0947   -0.9941
    0.9925    0.1045    0.0628
    0.1099   -0.9900   -0.0884
...    50 G-C ...
  -49.8817 -119.3282   64.6013
    0.6062    0.2637   -0.7503
    0.7787   -0.0050    0.6274
    0.1617   -0.9646   -0.2084
...    51 T-A ...
  -49.6221 -122.3714   63.3476
    0.9216    0.2673   -0.2814
    0.3317   -0.1656    0.9287
    0.2017   -0.9493   -0.2413
...    52 A-T ...
  -48.7707 -125.6135   62.8406
    0.9133    0.1384    0.3831
   -0.3204   -0.3368    0.8854
    0.2516   -0.9313   -0.2632
...    53 G-C ...
  -47.6393 -128.5882   61.7986
    0.5666   -0.0361    0.8232
   -0.7655   -0.3928    0.5097
    0.3050   -0.9189   -0.2502
...    54 G-C ...
  -46.2436 -131.6249   61.1217
    0.0070   -0.2190    0.9757
   -0.9385   -0.3383   -0.0692
    0.3452   -0.9152   -0.2079
...    55 T-A ...
  -44.5191 -134.5030   60.6840
   -0.5142   -0.3787    0.7696
   -0.7834   -0.1578   -0.6011
    0.3491   -0.9120   -0.2155
...    56 A-T ...
  -43.5909 -137.5087   59.1830
   -0.8794   -0.4645    0.1038
   -0.2185    0.2003   -0.9551
    0.4229   -0.8626   -0.2777
...    57 T-A ...
  -42.1830 -140.5085   58.9214
   -0.8537   -0.3010   -0.4250
    0.2747    0.4332   -0.8584
    0.4425   -0.8496   -0.2871
...    58 C-G ...
  -40.6658 -143.3345   58.0630
   -0.5204    0.0630   -0.8516
    0.7332    0.5442   -0.4078
    0.4378   -0.8366   -0.3294
...    59 T-A ...
  -39.4676 -146.2357   56.9247
   -0.0644    0.4258   -0.9025
    0.9020    0.4118    0.1299
    0.4269   -0.8057   -0.4106
...    60 C-G ...
  -38.0869 -148.8613   55.5025
    0.4642    0.6412   -0.6111
    0.7639    0.0594    0.6426
    0.4483   -0.7651   -0.4622
...    61 G-C ...
  -36.1489 -151.2663   54.0568
    0.7506    0.6581   -0.0587
    0.3906   -0.3704    0.8428
    0.5329   -0.6555   -0.5351
...    62 T-A ...
  -34.3916 -152.9603   51.8166
    0.8216    0.3725    0.4315
   -0.0665   -0.6891    0.7216
    0.5662   -0.6216   -0.5414
...    63 C-G ...
  -32.3083 -154.8848   50.1097
    0.6009   -0.1262    0.7893
   -0.5348   -0.7974    0.2796
    0.5941   -0.5901   -0.5467
...    64 A-T ...
  -30.4943 -157.1662   48.4271
    0.1226   -0.5751    0.8089
   -0.7675   -0.5716   -0.2900
    0.6292   -0.5853   -0.5115
...    65 T-A ...
  -27.8887 -158.7672   47.0765
   -0.2822   -0.8185    0.5004
   -0.7179   -0.1659   -0.6761
    0.6364   -0.5500   -0.5408
...    66 G-C ...
  -26.0200 -160.5838   44.9572
   -0.6850   -0.7284   -0.0174
   -0.3865    0.3836   -0.8388
    0.6176   -0.5678   -0.5442
...    67 T-A ...
  -23.8192 -162.7948   43.6542
   -0.7905   -0.3857   -0.4758
    0.0444    0.7387   -0.6725
    0.6109   -0.5527   -0.5669
...    68 T-A ...
  -21.8193 -164.7326   41.9617
   -0.6081    0.1347   -0.7823
    0.4910    0.8382   -0.2373
    0.6238   -0.5284   -0.5759
...    69 A-T ...
  -19.5672 -166.3241   40.0039
   -0.2269    0.6765   -0.7006
    0.7645    0.5694    0.3022
    0.6033   -0.4671   -0.6464
...    70 T-A ...
  -18.1449 -168.0243   37.5988
    0.1769    0.8914   -0.4172
    0.7756    0.1347    0.6167
    0.6060   -0.4327   -0.6675
...    71 A-T ...
  -15.9422 -169.2688   35.3752
    0.5369    0.8341    0.1266
    0.5426   -0.4563    0.7053
    0.6460   -0.3100   -0.6976
...    72 A-T ...
  -13.8544 -170.0480   33.0164
    0.7420    0.4078    0.5321
    0.1417   -0.8712    0.4701
    0.6553   -0.2734   -0.7042
...    73 C-G ...
  -11.5612 -170.2614   30.5801
    0.6894   -0.1388    0.7109
   -0.2653   -0.9617    0.0695
    0.6740   -0.2365   -0.6998
...    74 G-C ...
   -9.2533 -171.5704   28.4092
    0.3671   -0.6886    0.6254
   -0.5772   -0.6959   -0.4274
    0.7294   -0.2040   -0.6529
...    75 G-C ...
   -6.5768 -172.2473   26.3904
   -0.0586   -0.9630    0.2630
   -0.6692   -0.1576   -0.7262
    0.7408   -0.2186   -0.6352
...    76 A-T ...
   -4.0139 -172.8549   24.3326
   -0.4529   -0.8492   -0.2717
   -0.4990    0.4940   -0.7120
    0.7389   -0.1869   -0.6474
...    77 A-T ...
   -1.4518 -173.5490   22.4146
   -0.6316   -0.3746   -0.6788
   -0.1490    0.9179   -0.3679
    0.7608   -0.1313   -0.6356
...    78 G-C ...
    1.0951 -174.1992   20.3327
   -0.6591    0.2205   -0.7190
    0.2120    0.9718    0.1038
    0.7216   -0.0840   -0.6872
...    79 C-G ...
    3.3768 -174.8816   17.9826
   -0.4748    0.7372   -0.4807
    0.5379    0.6754    0.5045
    0.6966   -0.0190   -0.7172
...    80 T-A ...
    5.4635 -174.9258   15.3908
   -0.1714    0.9844   -0.0407
    0.7284    0.1545    0.6675
    0.6634    0.0848   -0.7435
...    81 C-G ...
    7.6076 -174.4549   12.9503
    0.2560    0.8682    0.4251
    0.7086   -0.4677    0.5284
    0.6576    0.1660   -0.7349
...    82 G-C ...
   10.2324 -173.7182   10.8680
    0.5419    0.4022    0.7379
    0.4958   -0.8620    0.1057
    0.6786    0.3086   -0.6665
...    83 G-C ...
   12.7182 -172.2815    9.0162
    0.6869   -0.1923    0.7009
    0.1446   -0.9089   -0.3911
    0.7122    0.3700   -0.5965
...    84 G-C ...
   15.4039 -170.9248    7.3776
    0.6175   -0.7032    0.3524
   -0.2458   -0.5981   -0.7628
    0.7472    0.3844   -0.5422
...    85 A-T ...
   17.9726 -169.6047    5.6697
    0.3427   -0.9087   -0.2383
   -0.5806   -0.0055   -0.8141
    0.7385    0.4174   -0.5295
...    86 T-A ...
   20.8325 -168.3263    4.4726
    0.0063   -0.7397   -0.6729
   -0.6884    0.4848   -0.5395
    0.7253    0.4666   -0.5062
...    87 C-G ...
   23.3273 -166.7036    2.9263
   -0.4307   -0.2564   -0.8653
   -0.5599    0.8279    0.0334
    0.7078    0.4989   -0.5002
...    88 C-G ...
   25.9324 -165.1547    1.3324
   -0.7330    0.2325   -0.6392
   -0.2231    0.8056    0.5488
    0.6426    0.5449   -0.5387
...    89 G-C ...
   28.2041 -162.9994   -0.0881
   -0.8107    0.5748   -0.1114
    0.2371    0.4963    0.8352
    0.5353    0.6506   -0.5386
...    90 C-G ...
   29.7565 -160.9807   -2.2355
   -0.5765    0.6991    0.4230
    0.6545    0.0851    0.7512
    0.4892    0.7099   -0.5066
...    91 T-A ...
   31.0631 -158.4501   -3.9518
   -0.1655    0.5483    0.8197
    0.8852   -0.2839    0.3686
    0.4348    0.7866   -0.4383
...    92 T-A ...
   32.3157 -155.7760   -5.2843
    0.3731    0.2446    0.8950
    0.8257   -0.5274   -0.2000
    0.4231    0.8136   -0.3987
...    93 T-A ...
   33.5590 -152.9851   -6.4041
    0.7970   -0.1147    0.5930
    0.4493   -0.5436   -0.7090
    0.4037    0.8315   -0.3818
...    94 A-T ...
   35.0156 -150.4586   -8.3184
    0.9192   -0.3777   -0.1116
   -0.2363   -0.3023   -0.9235
    0.3150    0.8752   -0.3671
...    95 A-T ...
   36.1414 -147.4985   -9.1955
    0.6023   -0.4032   -0.6890
   -0.7584   -0.0197   -0.6515
    0.2491    0.9149   -0.3176
...    96 C-G ...
   37.5276 -144.4737   -9.9237
    0.0763   -0.3192   -0.9446
   -0.9689    0.2001   -0.1459
    0.2356    0.9263   -0.2940
...    97 A-T ...
   37.8584 -141.2048  -10.6461
   -0.5561   -0.1559   -0.8164
   -0.8095    0.3241    0.4896
    0.1882    0.9331   -0.3064
...    98 C-G ...
   38.9019 -138.3279  -11.9907
   -0.9148    0.0246   -0.4031
   -0.3730    0.3309    0.8668
    0.1547    0.9434   -0.2935
...    99 T-A ...
   39.3631 -135.2499  -13.1854
   -0.9789    0.1159    0.1684
    0.1928    0.2491    0.9491
    0.0680    0.9615   -0.2662
...   100 T-A ...
   39.4704 -132.1600  -14.1233
   -0.6902    0.1742    0.7023
    0.7233    0.1369    0.6768
    0.0218    0.9751   -0.2205
...   101 T-A ...
   39.3509 -129.0045  -14.7927
   -0.1483    0.1542    0.9768
    0.9889    0.0338    0.1448
   -0.0107    0.9875   -0.1575
...   102 A-T ...
   39.3682 -125.6449  -14.9828
    0.4785    0.0292    0.8776
    0.8779    0.0051   -0.4788
   -0.0184    0.9996   -0.0232
...   103 T-A ...
   38.8448 -122.4228  -14.5195
    0.8672    0.0248    0.4973
    0.4971    0.0129   -0.8676
   -0.0279    0.9996   -0.0011
...   104 G-C ...
   39.1179 -119.0723  -14.7199
    0.9895   -0.0086   -0.1444
   -0.1436    0.0606   -0.9878
    0.0172    0.9981    0.0587
...   105 C-G ...
   39.4711 -115.7446  -14.1850
    0.7209    0.0337   -0.6923
   -0.6924    0.0778   -0.7173
    0.0297    0.9964    0.0794
...   106 T-A ...
   39.8569 -112.4156  -13.7751
    0.1913    0.0750   -0.9787
   -0.9810    0.0465   -0.1882
    0.0314    0.9961    0.0824
...   107 T-A ...
   40.2369 -109.1851  -13.3609
   -0.4499    0.1469   -0.8809
   -0.8928   -0.0480    0.4479
    0.0236    0.9880    0.1528
...   108 C-G ...
   40.4420 -105.9151  -12.7482
   -0.9090    0.0618   -0.4121
   -0.4166   -0.1631    0.8944
   -0.0119    0.9847    0.1740
...   109 C-G ...
   40.5302 -102.5438  -12.3299
   -0.9776   -0.1465    0.1510
    0.1770   -0.1845    0.9668
   -0.1137    0.9719    0.2063
...   110 G-C ...
   40.2544  -99.3286  -11.2177
   -0.6690   -0.3793    0.6392
    0.7066   -0.0576    0.7053
   -0.2307    0.9235    0.3066
...   111 G-C ...
   39.1268  -96.3414  -10.1223
   -0.1264   -0.4570    0.8804
    0.9507    0.1974    0.2390
   -0.2831    0.8673    0.4095
...   112 C-G ...
   37.7443  -93.7608   -8.5340
    0.4469   -0.3221    0.8346
    0.8460    0.4555   -0.2772
   -0.2909    0.8299    0.4761
...   113 T-A ...
   36.6799  -91.2580   -6.5953
    0.8596   -0.0657    0.5068
    0.4366    0.6096   -0.6616
   -0.2655    0.7899    0.5527
...   114 C-G ...
   35.9893  -88.7110   -4.5880
    0.9469    0.3213   -0.0118
   -0.1971    0.5512   -0.8108
   -0.2540    0.7701    0.5852
...   115 G-C ...
   35.1652  -85.8183   -2.9689
    0.6434    0.5597   -0.5222
   -0.7421    0.2885   -0.6051
   -0.1880    0.7769    0.6009
...   116 T-A ...
   35.1088  -83.3264   -0.6673
    0.1133    0.6344   -0.7646
   -0.9746   -0.0788   -0.2097
   -0.1933    0.7690    0.6094
...   117 A-T ...
   33.6771  -81.1658    1.7111
   -0.6331    0.4641   -0.6196
   -0.7540   -0.5509    0.3578
   -0.1753    0.6936    0.6987
...   118 T-A ...
   33.5215  -78.4952    3.6795
   -0.9409    0.1082   -0.3210
   -0.2954   -0.7262    0.6208
   -0.1659    0.6789    0.7152
...   119 A-T ...
   33.0895  -76.6275    6.5363
   -0.8949   -0.4119    0.1715
    0.4152   -0.6281    0.6581
   -0.1633    0.6602    0.7331
...   120 A-T ...
   32.4288  -74.4252    8.8326
   -0.4671   -0.7187    0.5151
    0.8677   -0.2603    0.4235
   -0.1703    0.6447    0.7452
...   121 T-A ...
   31.2378  -72.3488   11.0880
    0.0616   -0.7610    0.6459
    0.9827    0.1594    0.0941
   -0.1745    0.6289    0.7576
...   122 G-C ...
   30.9856  -70.3597   13.8175
    0.6585   -0.5695    0.4919
    0.7380    0.6166   -0.2741
   -0.1472    0.5436    0.8264
...   123 T-A ...
   30.2799  -69.1280   16.8440
    0.9610   -0.1460    0.2349
    0.2459    0.8396   -0.4843
   -0.1265    0.5232    0.8428
...   124 G-C ...
   30.0864  -67.1033   19.5436
    0.9131    0.3728   -0.1650
   -0.4042    0.7747   -0.4863
   -0.0535    0.5107    0.8581
...   125 T-A ...
   30.3693  -65.8061   22.6465
    0.5289    0.7411   -0.4137
   -0.8475    0.4354   -0.3036
   -0.0449    0.5112    0.8583
...   126 C-G ...
   30.3085  -64.1162   25.5207
   -0.1227    0.8505   -0.5114
   -0.9914   -0.1287    0.0239
   -0.0455    0.5099    0.8590
...   127 G-C ...
   29.6991  -62.5777   28.5242
   -0.6936    0.5595   -0.4537
   -0.7142   -0.6162    0.3320
   -0.0938    0.5543    0.8270
...   128 A-T ...
   29.4739  -60.7351   31.2776
   -0.9854    0.0414   -0.1651
   -0.1245   -0.8365    0.5336
   -0.1160    0.5463    0.8295
...   129 C-G ...
   29.0030  -58.4426   33.6603
   -0.8846   -0.4465    0.1343
    0.4438   -0.7180    0.5361
   -0.1430    0.5339    0.8334
...   130 C-G ...
   28.2843  -56.5863   36.4080
   -0.4515   -0.8239    0.3425
    0.8692   -0.3193    0.3776
   -0.2018    0.4682    0.8603
...   131 A-T ...
   27.8793  -55.1505   39.4456
    0.1884   -0.8908    0.4135
    0.9583    0.2588    0.1209
   -0.2147    0.3735    0.9025
...   132 A-T ...
   27.0250  -54.0869   42.4019
    0.7262   -0.5586    0.4008
    0.6519    0.7446   -0.1435
   -0.2183    0.3656    0.9048
...   133 A-T ...
   26.2512  -53.1199   45.4188
    0.9697    0.0075    0.2444
    0.0808    0.9335   -0.3493
   -0.2307    0.3584    0.9046
...   134 T-A ...
   25.6308  -52.5797   48.6349
    0.8597    0.5096    0.0340
   -0.4497    0.7867   -0.4230
   -0.2423    0.3484    0.9055
...   135 G-C ...
   25.2859  -52.4981   52.0751
    0.3205    0.9427   -0.0927
   -0.8825    0.2616   -0.3908
   -0.3441    0.2071    0.9158
...   136 T-A ...
   25.5356  -52.9669   55.8002
   -0.2443    0.9563   -0.1608
   -0.8908   -0.2868   -0.3525
   -0.3832    0.0571    0.9219
...   137 G-C ...
   24.9038  -52.7260   58.9821
   -0.7529    0.5562   -0.3519
   -0.5214   -0.8303   -0.1968
   -0.4017    0.0354    0.9151
...   138 A-T ...
   24.0250  -51.6262   61.9211
   -0.9563    0.0400   -0.2896
   -0.0523   -0.9980    0.0347
   -0.2877    0.0483    0.9565
...   139 G-C ...
   22.3574  -51.2300   64.4910
   -0.8529   -0.5117   -0.1032
    0.4973   -0.8566    0.1372
   -0.1586    0.0657    0.9852
...   140 C-G ...
   22.1609  -50.1387   67.4618
   -0.4681   -0.8749    0.1247
    0.8495   -0.4066    0.3363
   -0.2435    0.2633    0.9335
...   141 G-C ...
   21.4367  -51.8165   72.7856
    0.1304   -0.7141   -0.6877
    0.8897   -0.2218    0.3990
   -0.4375   -0.6639    0.6065
...   142 C-G ...
   20.4355  -54.2995   74.5395
    0.5847   -0.7390   -0.3347
    0.7593    0.3532    0.5466
   -0.2857   -0.5737    0.7676
...   143 T-A ...
   18.4378  -55.5191   76.5273
    0.8548   -0.5006    0.1370
    0.3188    0.7147    0.6225
   -0.4096   -0.4884    0.7705
...   144 C-G ...
   16.8485  -57.7127   78.2648
    0.8529   -0.0846    0.5152
   -0.1509    0.9047    0.3983
   -0.4998   -0.4175    0.7589
...   145 A-T ...
   15.7934  -59.5519   80.7963
    0.5515    0.4995    0.6681
   -0.6739    0.7388    0.0040
   -0.4915   -0.4525    0.7441
...   146 C-G ...
   15.7411  -61.4840   83.9296
    0.0342    0.7400    0.6718
   -0.8637    0.3601   -0.3527
   -0.5029   -0.5681    0.6514
...   147 A-T ...
   14.7482  -63.4171   86.8165
   -0.5923    0.6746    0.4405
   -0.6886   -0.1400   -0.7115
   -0.4183   -0.7247    0.5475
