  147 base-pairs
...     1 T-A ...
    0.0000    0.0000    0.0000
    1.0000    0.0000    0.0000
    0.0000    1.0000    0.0000
    0.0000    0.0000    1.0000
...     2 G-C ...
   -0.5555   -1.1003    3.3981
    0.7749    0.6051    0.1828
   -0.5991    0.7953   -0.0929
   -0.2016   -0.0375    0.9787
...     3 T-A ...
   -0.6619   -3.0237    6.5348
    0.3046    0.9250    0.2271
   -0.8994    0.3578   -0.2510
   -0.3134   -0.1278    0.9410
...     4 G-C ...
   -1.1607   -3.8418    9.6940
   -0.3351    0.9421    0.0133
   -0.8752   -0.3061   -0.3746
   -0.3489   -0.1372    0.9271
...     5 A-T ...
   -1.3881   -3.6770   12.8999
   -0.7835    0.6162   -0.0801
   -0.5677   -0.7622   -0.3109
   -0.2527   -0.1981    0.9470
...     6 G-C ...
   -2.6236   -3.5448   15.7072
   -0.9923    0.0611   -0.1075
   -0.0294   -0.9610   -0.2748
   -0.1201   -0.2695    0.9555
...     7 C-G ...
   -2.3138   -3.7570   18.8866
   -0.8620   -0.4995   -0.0864
    0.5008   -0.8655    0.0073
   -0.0785   -0.0370    0.9962
...     8 G-C ...
   -3.9561   -6.8109   23.3205
   -0.2581   -0.3560   -0.8981
    0.6294   -0.7673    0.1233
   -0.7330   -0.5335    0.4221
...     9 C-G ...
   -6.1177   -8.9414   24.2385
    0.1143   -0.7320   -0.6716
    0.8123   -0.3203    0.4874
   -0.5720   -0.6013    0.5580
...    10 T-A ...
   -8.5041   -9.6771   26.0540
    0.4660   -0.8587   -0.2131
    0.6274    0.1508    0.7640
   -0.6239   -0.4897    0.6090
...    11 C-G ...
  -11.0625  -11.3174   27.2336
    0.6660   -0.6911    0.2808
    0.3382    0.6152    0.7121
   -0.6649   -0.3794    0.6435
...    12 A-T ...
  -13.0013  -13.1789   29.0658
    0.7188   -0.1490    0.6790
   -0.1787    0.9043    0.3876
   -0.6718   -0.4000    0.6235
...    13 C-G ...
  -14.1788  -15.9359   31.3399
    0.4052    0.2865    0.8682
   -0.5270    0.8492   -0.0343
   -0.7470   -0.4437    0.4951
...    14 A-T ...
  -15.9532  -18.1566   33.3080
   -0.1503    0.6873    0.7107
   -0.6106    0.5008   -0.6135
   -0.7776   -0.5261    0.3444
...    15 A-T ...
  -18.3894  -19.9119   34.5619
   -0.4950    0.8441    0.2061
   -0.3965   -0.0084   -0.9180
   -0.7732   -0.5361    0.3388
...    16 T-A ...
  -20.7229  -21.5947   36.3964
   -0.6700    0.6707   -0.3183
   -0.0415   -0.4619   -0.8860
   -0.7412   -0.5804    0.3373
...    17 T-A ...
  -23.1408  -23.2987   37.8298
   -0.5950    0.2328   -0.7693
    0.3867   -0.7561   -0.5279
   -0.7046   -0.6116    0.3598
...    18 T-A ...
  -25.5264  -25.1406   39.1029
   -0.2525   -0.2436   -0.9364
    0.6672   -0.7447    0.0138
   -0.7007   -0.6213    0.3506
...    19 A-T ...
  -27.6351  -27.4916   40.3474
    0.2501   -0.6250   -0.7395
    0.6801   -0.4302    0.5936
   -0.6892   -0.6514    0.3175
...    20 T-A ...
  -30.2726  -29.4243   40.8639
    0.5778   -0.7536   -0.3133
    0.4469   -0.0291    0.8941
   -0.6830   -0.6566    0.3200
...    21 T-A ...
  -32.5401  -31.6321   41.6536
    0.7305   -0.6262    0.2723
    0.0073    0.4059    0.9139
   -0.6828   -0.6657    0.3011
...    22 C-G ...
  -34.6773  -33.9074   42.7053
    0.6072   -0.2379    0.7581
   -0.4515    0.6818    0.5756
   -0.6538   -0.6918    0.3066
...    23 G-C ...
  -36.9142  -35.8516   44.3785
    0.3283    0.2768    0.9031
   -0.7616    0.6431    0.0798
   -0.5587   -0.7140    0.4219
...    24 C-G ...
  -38.4085  -38.3950   45.8442
   -0.0994    0.6117    0.7848
   -0.8217    0.3943   -0.4115
   -0.5612   -0.6858    0.4635
...    25 A-T ...
  -40.7372  -40.5962   46.9298
   -0.5721    0.7410    0.3516
   -0.5827   -0.0655   -0.8100
   -0.5772   -0.6683    0.4693
...    26 A-T ...
  -42.5758  -42.7336   48.6359
   -0.8157    0.5466   -0.1895
   -0.1247   -0.4860   -0.8650
   -0.5649   -0.6820    0.4645
...    27 A-T ...
  -44.3601  -44.8201   50.4245
   -0.7411    0.1311   -0.6585
    0.4049   -0.6951   -0.5940
   -0.5356   -0.7069    0.4621
...    28 G-C ...
  -46.4851  -46.8838   52.0849
   -0.3607   -0.2321   -0.9033
    0.7402   -0.6606   -0.1258
   -0.5675   -0.7140    0.4101
...    29 G-C ...
  -48.7170  -49.2289   53.3371
    0.1925   -0.5104   -0.8381
    0.8046   -0.4068    0.4325
   -0.5617   -0.7576    0.3324
...    30 C-G ...
  -50.7739  -51.7051   54.0374
    0.6495   -0.6030   -0.4631
    0.5372   -0.0671    0.8408
   -0.5381   -0.7949    0.2804
...    31 C-G ...
  -52.5992  -54.4172   54.7527
    0.8782   -0.4717    0.0797
    0.0483    0.2532    0.9662
   -0.4759   -0.8446    0.2452
...    32 G-C ...
  -53.8301  -57.0584   55.9407
    0.8062   -0.1812    0.5632
   -0.4566    0.4149    0.7870
   -0.3763   -0.8916    0.2517
...    33 G-C ...
  -54.6224  -60.1941   56.9850
    0.4172    0.1257    0.9001
   -0.8498    0.4051    0.3374
   -0.3222   -0.9056    0.2758
...    34 C-G ...
  -55.3338  -63.2559   58.0079
   -0.1429    0.3607    0.9217
   -0.9406    0.2404   -0.2399
   -0.3081   -0.9012    0.3049
...    35 C-G ...
  -56.2654  -66.2285   59.4443
   -0.6609    0.4529    0.5983
   -0.6821   -0.0300   -0.7307
   -0.3130   -0.8910    0.3288
...    36 C-G ...
  -57.2263  -69.2037   60.8732
   -0.9212    0.3870    0.0401
   -0.1689   -0.3050   -0.9372
   -0.3505   -0.8702    0.3464
...    37 G-C ...
  -58.0058  -72.6355   61.0907
   -0.8163    0.1976   -0.5428
    0.4178   -0.4467   -0.7911
   -0.3988   -0.8726    0.2821
...    38 A-T ...
  -59.1673  -75.4132   62.1193
   -0.3992   -0.0938   -0.9120
    0.8323   -0.4543   -0.3176
   -0.3845   -0.8859    0.2595
...    39 C-G ...
  -60.8274  -78.0626   62.7818
    0.1307   -0.2644   -0.9555
    0.9106   -0.3490    0.2212
   -0.3920   -0.8990    0.1952
...    40 A-T ...
  -62.0732  -81.1914   63.2480
    0.6846   -0.3306   -0.6496
    0.6403   -0.1533    0.7527
   -0.3484   -0.9313    0.1067
...    41 C-G ...
  -63.1725  -84.3067   63.0010
    0.9385   -0.3106   -0.1508
    0.1648    0.0192    0.9861
   -0.3034   -0.9504    0.0692
...    42 G-C ...
  -63.9937  -87.4969   63.6965
    0.8541   -0.1866    0.4855
   -0.4670    0.1359    0.8738
   -0.2290   -0.9730    0.0289
...    43 A-T ...
  -64.6673  -90.6404   63.7535
    0.3906   -0.0792    0.9172
   -0.8914    0.2162    0.3983
   -0.2298   -0.9731    0.0139
...    44 C-G ...
  -64.8117  -93.9748   63.7546
   -0.1632    0.0704    0.9841
   -0.9626    0.2074   -0.1744
   -0.2164   -0.9757    0.0340
...    45 T-A ...
  -64.9718  -97.5844   64.2380
   -0.6994    0.1853    0.6903
   -0.6781    0.1331   -0.7228
   -0.2258   -0.9736    0.0326
...    46 T-A ...
  -65.5117 -100.7657   64.4999
   -0.9681    0.1976    0.1539
   -0.1469    0.0497   -0.9879
   -0.2029   -0.9790   -0.0191
...    47 A-T ...
  -66.0560 -104.1033   64.0595
   -0.8222    0.1865   -0.5377
    0.5336   -0.0758   -0.8423
   -0.1978   -0.9795   -0.0372
...    48 C-G ...
  -67.1302 -107.2158   64.4398
   -0.3895    0.1649   -0.9062
    0.8946   -0.1661   -0.4148
   -0.2190   -0.9722   -0.0828
...    49 T-A ...
  -68.2463 -110.3967   64.0773
    0.1901    0.1387   -0.9719
    0.9555   -0.2537    0.1507
   -0.2257   -0.9573   -0.1807
...    50 G-C ...
  -68.8424 -113.6421   63.1543
    0.7388    0.1219   -0.6628
    0.6582   -0.3415    0.6709
   -0.1445   -0.9320   -0.3325
...    51 T-A ...
  -69.4020 -116.3980   61.6026
    0.9816   -0.0319   -0.1882
    0.1618   -0.3842    0.9090
   -0.1013   -0.9227   -0.3719
...    52 A-T ...
  -69.6932 -119.7442   60.8696
    0.8486   -0.2715    0.4540
   -0.5243   -0.3184    0.7897
   -0.0698   -0.9082   -0.4126
...    53 G-C ...
  -69.6739 -122.6904   59.4506
    0.4258   -0.3601    0.8301
   -0.9048   -0.1613    0.3942
   -0.0081   -0.9189   -0.3945
...    54 G-C ...
  -68.8977 -125.9827   58.1340
   -0.1904   -0.3549    0.9153
   -0.9815    0.0520   -0.1840
    0.0177   -0.9335   -0.3582
...    55 T-A ...
  -68.4328 -129.1451   57.2065
   -0.6963   -0.2963    0.6537
   -0.7170    0.2456   -0.6524
    0.0328   -0.9230   -0.3835
...    56 A-T ...
  -68.1416 -132.3385   56.0599
   -0.9931   -0.0727    0.0920
   -0.1135    0.3991   -0.9099
    0.0295   -0.9140   -0.4046
...    57 T-A ...
  -68.0919 -135.5596   55.3860
   -0.8936    0.1413   -0.4261
    0.4455    0.3967   -0.8026
    0.0557   -0.9070   -0.4174
...    58 C-G ...
  -68.1515 -138.7037   54.0241
   -0.3964    0.3954   -0.8285
    0.9168    0.2188   -0.3342
    0.0491   -0.8921   -0.4492
...    59 T-A ...
  -68.2565 -141.5864   52.3421
    0.1682    0.5310   -0.8305
    0.9847   -0.0519    0.1662
    0.0451   -0.8458   -0.5316
...    60 C-G ...
  -67.9290 -144.3095   50.4633
    0.7183    0.4452   -0.5347
    0.6942   -0.4069    0.5937
    0.0468   -0.7976   -0.6013
...    61 G-C ...
  -67.1023 -147.1069   48.6739
    0.9511    0.3084    0.0158
    0.2043   -0.6666    0.7169
    0.2316   -0.6786   -0.6970
...    62 A-T ...
  -66.0310 -149.3456   46.2968
    0.8721   -0.1593    0.4626
   -0.4126   -0.7477    0.5204
    0.2630   -0.6447   -0.7178
...    63 G-C ...
  -64.9402 -151.4272   43.9088
    0.4902   -0.5362    0.6871
   -0.8175   -0.5562    0.1491
    0.3022   -0.6349   -0.7111
...    64 C-G ...
  -63.4685 -153.5410   41.5577
   -0.1121   -0.7718    0.6259
   -0.9395   -0.1228   -0.3198
    0.3237   -0.6239   -0.7113
...    65 T-A ...
  -62.3723 -155.6571   39.2231
   -0.6165   -0.7276    0.3009
   -0.7016    0.3341   -0.6295
    0.3575   -0.5992   -0.7164
...    66 C-G ...
  -61.0370 -157.5155   36.6723
   -0.9152   -0.3534   -0.1936
   -0.1547    0.7518   -0.6410
    0.3721   -0.5567   -0.7427
...    67 G-C ...
  -59.6239 -158.4180   33.5637
   -0.8403    0.1876   -0.5085
    0.4141    0.8276   -0.3789
    0.3498   -0.5290   -0.7732
...    68 G-C ...
  -58.2208 -160.2697   31.0918
   -0.4628    0.6893   -0.5574
    0.8058    0.5892    0.0597
    0.3695   -0.4215   -0.8281
...    69 G-C ...
  -57.1617 -161.7729   28.2655
    0.0147    0.9489   -0.3153
    0.9308    0.1021    0.3508
    0.3651   -0.2987   -0.8818
...    70 A-T ...
  -56.1097 -162.6656   25.2436
    0.5421    0.8400    0.0232
    0.7414   -0.4911    0.4573
    0.3955   -0.2307   -0.8890
...    71 T-A ...
  -55.1222 -162.8839   22.1164
    0.8320    0.4616    0.3076
    0.3504   -0.8672    0.3537
    0.4301   -0.1865   -0.8833
...    72 C-G ...
  -53.5254 -163.1767   19.1756
    0.8593   -0.1599    0.4858
   -0.2105   -0.9763    0.0510
    0.4662   -0.1461   -0.8726
...    73 C-G ...
  -51.4619 -163.6268   16.5698
    0.5689   -0.6690    0.4784
   -0.6176   -0.7316   -0.2886
    0.5431   -0.1312   -0.8294
...    74 G-C ...
  -49.9227 -164.4052   13.6994
    0.0487   -0.9744    0.2196
   -0.8113   -0.1669   -0.5603
    0.5826   -0.1509   -0.7987
...    75 C-G ...
  -47.5478 -165.0874   11.2304
   -0.4398   -0.8825   -0.1665
   -0.6774    0.4478   -0.5836
    0.5896   -0.1439   -0.7948
...    76 T-A ...
  -45.3166 -165.9156    8.6788
   -0.7545   -0.4366   -0.4901
   -0.2699    0.8870   -0.3747
    0.5983   -0.1504   -0.7871
...    77 T-A ...
  -43.3064 -166.7092    6.2131
   -0.7347    0.1836   -0.6531
    0.2237    0.9744    0.0222
    0.6405   -0.1298   -0.7569
...    78 T-A ...
  -41.2205 -167.2880    3.7371
   -0.4699    0.7293   -0.4974
    0.6039    0.6765    0.4215
    0.6438   -0.1023   -0.7583
...    79 A-T ...
  -38.7782 -167.3741    1.3106
   -0.1090    0.9940    0.0065
    0.7846    0.0820    0.6145
    0.6103    0.0721   -0.7889
...    80 A-T ...
  -36.9916 -166.9584   -1.2614
    0.3002    0.8555    0.4219
    0.7278   -0.4914    0.4784
    0.6166    0.1634   -0.7701
...    81 C-G ...
  -35.3317 -165.9086   -3.9903
    0.6304    0.4394    0.6400
    0.4552   -0.8770    0.1537
    0.6288    0.1944   -0.7529
...    82 A-T ...
  -32.8790 -165.1295   -6.2780
    0.7188   -0.2030    0.6649
    0.0256   -0.9480   -0.3171
    0.6947    0.2450   -0.6763
...    83 C-G ...
  -30.2238 -163.8760   -8.0006
    0.6044   -0.7006    0.3792
   -0.3484   -0.6605   -0.6651
    0.7164    0.2699   -0.6433
...    84 T-A ...
  -27.2443 -162.5951   -9.6992
    0.2880   -0.9508   -0.1142
   -0.6204   -0.0944   -0.7786
    0.7295    0.2951   -0.6171
...    85 T-A ...
  -24.6193 -161.5845  -11.4317
   -0.0784   -0.7614   -0.6436
   -0.6701    0.5182   -0.5314
    0.7381    0.3896   -0.5508
...    86 T-A ...
  -21.8723 -160.4396  -12.9489
   -0.3949   -0.2340   -0.8884
   -0.5138    0.8579    0.0024
    0.7616    0.4574   -0.4590
...    87 A-T ...
  -19.2075 -158.3693  -14.1063
   -0.5634    0.5288   -0.6348
   -0.1220    0.7066    0.6970
    0.8171    0.4701   -0.3336
...    88 T-A ...
  -16.6947 -157.1488  -15.7512
   -0.5845    0.7907   -0.1822
    0.1606    0.3328    0.9292
    0.7954    0.5138   -0.3215
...    89 G-C ...
  -14.2026 -155.3110  -16.9991
   -0.4450    0.7680    0.4606
    0.5088   -0.2065    0.8358
    0.7370    0.6063   -0.2988
...    90 C-G ...
  -12.1716 -152.9515  -17.9934
   -0.1495    0.4686    0.8707
    0.6677   -0.6017    0.4385
    0.7293    0.6469   -0.2229
...    91 T-A ...
   -9.9616 -150.2833  -18.5350
    0.2410   -0.0108    0.9705
    0.6683   -0.7232   -0.1740
    0.7037    0.6905   -0.1671
...    92 T-A ...
   -7.7904 -147.9244  -18.7654
    0.5405   -0.4692    0.6983
    0.4510   -0.5391   -0.7113
    0.7102    0.6994   -0.0798
...    93 C-G ...
   -5.3854 -145.4951  -18.8520
    0.7103   -0.6987    0.0857
    0.0213   -0.1004   -0.9947
    0.7036    0.7084   -0.0564
...    94 T-A ...
   -2.7973 -143.3259  -18.7552
    0.5774   -0.6376   -0.5099
   -0.3707    0.3517   -0.8596
    0.7274    0.6854   -0.0333
...    95 C-G ...
   -0.3098 -141.1379  -19.1095
    0.2513   -0.2845   -0.9252
   -0.6329    0.6749   -0.3794
    0.7324    0.6808   -0.0104
...    96 A-T ...
    1.5774 -138.2485  -18.7884
   -0.2472    0.1492   -0.9574
   -0.6733    0.6841    0.2805
    0.6968    0.7140   -0.0686
...    97 T-A ...
    4.1575 -136.2210  -19.2393
   -0.5814    0.4843   -0.6538
   -0.4412    0.4875    0.7534
    0.6836    0.7265   -0.0697
...    98 G-C ...
    6.5888 -133.6776  -19.3904
   -0.7821    0.6229   -0.0175
    0.0095    0.0401    0.9992
    0.6230    0.7813   -0.0372
...    99 T-A ...
    8.5309 -130.9925  -20.0796
   -0.6511    0.5243    0.5488
    0.4396   -0.3288    0.8358
    0.6187    0.7855   -0.0164
...   100 T-A ...
   10.3461 -128.3874  -20.1689
   -0.3191    0.1788    0.9307
    0.7398   -0.5668    0.3625
    0.5923    0.8042    0.0486
...   101 A-T ...
   12.6009 -125.8537  -19.8030
    0.1970   -0.2729    0.9417
    0.7930   -0.5204   -0.3167
    0.5764    0.8092    0.1139
...   102 T-A ...
   13.9450 -122.9620  -18.9657
    0.5915   -0.5113    0.6234
    0.5771   -0.2715   -0.7702
    0.5631    0.8154    0.1345
...   103 A-T ...
   15.9632 -120.1058  -18.8016
    0.8670   -0.4909   -0.0855
    0.0024    0.1756   -0.9845
    0.4983    0.8533    0.1534
...   104 A-T ...
   17.6270 -117.3960  -18.0662
    0.7116   -0.2122   -0.6698
   -0.5437    0.4375   -0.7162
    0.4450    0.8738    0.1960
...   105 C-G ...
   19.5652 -114.7053  -16.9307
    0.2805    0.1388   -0.9498
   -0.8671    0.4609   -0.1887
    0.4116    0.8765    0.2497
...   106 G-C ...
   20.6825 -111.7362  -16.0195
   -0.3525    0.4253   -0.8336
   -0.8496    0.2280    0.4756
    0.3924    0.8758    0.2810
...   107 G-C ...
   22.2104 -108.9295  -15.0182
   -0.7945    0.4117   -0.4465
   -0.5146   -0.0659    0.8549
    0.3225    0.9090    0.2642
...   108 A-T ...
   23.2060 -105.9377  -14.1977
   -0.9632    0.2248    0.1472
    0.0731   -0.3080    0.9486
    0.2586    0.9244    0.2803
...   109 C-G ...
   23.7673 -102.7106  -13.7860
   -0.7840    0.0002    0.6207
    0.5770   -0.3683    0.7290
    0.2287    0.9297    0.2886
...   110 G-C ...
   24.5692  -99.8918  -12.3047
   -0.3708   -0.3636    0.8546
    0.9200   -0.2698    0.2844
    0.1271    0.8916    0.4345
...   111 G-C ...
   24.7380  -97.1231  -10.4469
    0.1987   -0.5376    0.8194
    0.9756    0.0288   -0.2177
    0.0934    0.8427    0.5302
...   112 C-G ...
   24.7183  -94.7238   -8.0698
    0.7188   -0.4600    0.5213
    0.6891    0.3720   -0.6219
    0.0921    0.8062    0.5844
...   113 T-A ...
   25.0177  -92.1861   -5.9485
    0.9798   -0.1865    0.0718
    0.1731    0.6125   -0.7713
    0.0999    0.7681    0.6324
...   114 C-G ...
   25.5750  -89.5100   -4.0802
    0.8731    0.2519   -0.4175
   -0.4739    0.6399   -0.6049
    0.1148    0.7260    0.6781
...   115 G-C ...
   25.6167  -86.8663   -2.0638
    0.3828    0.5918   -0.7094
   -0.9147    0.3508   -0.2008
    0.1300    0.7258    0.6756
...   116 T-A ...
   26.8101  -84.3847    0.0096
   -0.2114    0.6707   -0.7110
   -0.9710   -0.0609    0.2312
    0.1117    0.7393    0.6641
...   117 A-T ...
   27.4274  -81.8591    2.2207
   -0.7783    0.4630   -0.4241
   -0.6229   -0.4844    0.6143
    0.0790    0.7423    0.6654
...   118 T-A ...
   27.9768  -79.0810    3.9039
   -0.9903    0.1359   -0.0304
   -0.1148   -0.6729    0.7308
    0.0788    0.7272    0.6819
...   119 A-T ...
   28.3653  -76.8935    6.5232
   -0.8260   -0.3594    0.4342
    0.5607   -0.6027    0.5678
    0.0576    0.7124    0.6994
...   120 A-T ...
   28.3312  -74.5110    8.7374
   -0.3482   -0.6977    0.6261
    0.9374   -0.2666    0.2242
    0.0106    0.6650    0.7468
...   121 T-A ...
   27.7534  -72.3562   11.1988
    0.2086   -0.7430    0.6359
    0.9780    0.1599   -0.1340
   -0.0021    0.6499    0.7601
...   122 G-C ...
   27.7697  -70.2722   13.9759
    0.7743   -0.5316    0.3431
    0.6319    0.6219   -0.4625
    0.0325    0.5750    0.8175
...   123 T-A ...
   27.7937  -68.8797   16.9902
    0.9929   -0.1104    0.0434
    0.1159    0.8242   -0.5543
    0.0254    0.5554    0.8312
...   124 G-C ...
   27.9070  -67.0428   19.8505
    0.8435    0.4235   -0.3304
   -0.5335    0.7316   -0.4245
    0.0619    0.5343    0.8430
...   125 T-A ...
   28.4422  -65.6861   22.7581
    0.4146    0.7440   -0.5239
   -0.9070    0.3848   -0.1713
    0.0742    0.5462    0.8344
...   126 C-G ...
   28.7362  -63.9478   25.4444
   -0.2243    0.8317   -0.5079
   -0.9718   -0.1518    0.1806
    0.0731    0.5341    0.8423
...   127 G-C ...
   28.2813  -62.4556   28.4677
   -0.7529    0.5295   -0.3909
   -0.6581   -0.6127    0.4377
   -0.0077    0.5867    0.8097
...   128 A-T ...
   28.4195  -60.6475   31.0878
   -0.9972    0.0484   -0.0562
   -0.0716   -0.8242    0.5618
   -0.0191    0.5642    0.8254
...   129 C-G ...
   28.2364  -58.2245   33.3248
   -0.8728   -0.4361    0.2189
    0.4839   -0.7153    0.5043
   -0.0633    0.5461    0.8353
...   130 C-G ...
   27.4725  -56.3252   36.0616
   -0.4536   -0.8144    0.3620
    0.8782   -0.3391    0.3374
   -0.1520    0.4709    0.8690
...   131 A-T ...
   27.6743  -55.0302   39.2452
    0.1864   -0.8951    0.4050
    0.9674    0.2391    0.0832
   -0.1713    0.3763    0.9105
...   132 A-T ...
   27.0394  -53.9895   42.3023
    0.7265   -0.5796    0.3692
    0.6633    0.7318   -0.1566
   -0.1794    0.3586    0.9161
...   133 A-T ...
   26.2401  -53.1427   45.3785
    0.9698   -0.0043    0.2438
    0.0926    0.9314   -0.3521
   -0.2255    0.3640    0.9037
...   134 T-A ...
   25.6307  -52.5796   48.6348
    0.8597    0.5096    0.0340
   -0.4497    0.7867   -0.4230
   -0.2423    0.3484    0.9055
...   135 G-C ...
   25.2858  -52.4980   52.0749
    0.3205    0.9427   -0.0927
   -0.8825    0.2616   -0.3908
   -0.3442    0.2071    0.9158
...   136 T-A ...
   25.5355  -52.9668   55.8001
   -0.2443    0.9563   -0.1608
   -0.8908   -0.2868   -0.3525
   -0.3832    0.0571    0.9219
...   137 G-C ...
   24.9037  -52.7259   58.9820
   -0.7529    0.5562   -0.3519
   -0.5214   -0.8303   -0.1968
   -0.4017    0.0354    0.9151
...   138 A-T ...
   24.0249  -51.6261   61.9210
   -0.9563    0.0400   -0.2896
   -0.0523   -0.9980    0.0347
   -0.2877    0.0483    0.9565
...   139 G-C ...
   22.3574  -51.2300   64.4908
   -0.8529   -0.5117   -0.1032
    0.4973   -0.8566    0.1372
   -0.1586    0.0657    0.9852
...   140 C-G ...
   22.1608  -50.1386   67.4617
   -0.4681   -0.8749    0.1247
    0.8495   -0.4066    0.3363
   -0.2435    0.2633    0.9335
...   141 G-C ...
   21.4366  -51.8164   72.7855
    0.1304   -0.7141   -0.6877
    0.8897   -0.2218    0.3990
   -0.4375   -0.6639    0.6065
...   142 C-G ...
   20.4354  -54.2994   74.5394
    0.5847   -0.7390   -0.3347
    0.7593    0.3532    0.5466
   -0.2857   -0.5737    0.7676
...   143 T-A ...
   18.4377  -55.5190   76.5272
    0.8548   -0.5006    0.1370
    0.3188    0.7147    0.6225
   -0.4096   -0.4884    0.7705
...   144 C-G ...
   16.8485  -57.7126   78.2647
    0.8529   -0.0846    0.5152
   -0.1509    0.9047    0.3983
   -0.4998   -0.4175    0.7589
...   145 A-T ...
   15.7933  -59.5518   80.7962
    0.5515    0.4995    0.6681
   -0.6739    0.7388    0.0040
   -0.4915   -0.4525    0.7441
...   146 C-G ...
   15.7410  -61.4839   83.9295
    0.0342    0.7400    0.6718
   -0.8637    0.3601   -0.3527
   -0.5029   -0.5681    0.6514
...   147 A-T ...
   14.7481  -63.4171   86.8164
   -0.5923    0.6746    0.4405
   -0.6886   -0.1400   -0.7115
   -0.4183   -0.7247    0.5475
