  147 base-pairs
...     1 T-A ...
    0.0000    0.0000    0.0000
    1.0000    0.0000    0.0000
    0.0000    1.0000    0.0000
    0.0000    0.0000    1.0000
...     2 G-C ...
   -0.5555   -1.1003    3.3981
    0.7749    0.6051    0.1828
   -0.5991    0.7953   -0.0929
   -0.2016   -0.0375    0.9787
...     3 T-A ...
   -0.6619   -3.0237    6.5348
    0.3046    0.9250    0.2271
   -0.8994    0.3578   -0.2510
   -0.3134   -0.1278    0.9410
...     4 G-C ...
   -1.1607   -3.8418    9.6940
   -0.3351    0.9421    0.0133
   -0.8752   -0.3061   -0.3746
   -0.3489   -0.1372    0.9271
...     5 A-T ...
   -1.3881   -3.6770   12.8999
   -0.7835    0.6162   -0.0801
   -0.5677   -0.7622   -0.3109
   -0.2527   -0.1981    0.9470
...     6 G-C ...
   -2.6236   -3.5448   15.7072
   -0.9923    0.0611   -0.1075
   -0.0294   -0.9610   -0.2748
   -0.1201   -0.2695    0.9555
...     7 C-G ...
   -2.3138   -3.7570   18.8866
   -0.8620   -0.4995   -0.0864
    0.5008   -0.8655    0.0073
   -0.0785   -0.0370    0.9962
...     8 G-C ...
   -3.9561   -6.8109   23.3205
   -0.2581   -0.3560   -0.8981
    0.6294   -0.7673    0.1233
   -0.7330   -0.5335    0.4221
...     9 C-G ...
   -6.1177   -8.9414   24.2385
    0.1143   -0.7320   -0.6716
    0.8123   -0.3203    0.4874
   -0.5720   -0.6013    0.5580
...    10 T-A ...
   -8.5041   -9.6771   26.0540
    0.4660   -0.8587   -0.2131
    0.6274    0.1508    0.7640
   -0.6239   -0.4897    0.6090
...    11 C-G ...
  -11.0625  -11.3174   27.2336
    0.6660   -0.6911    0.2808
    0.3382    0.6152    0.7121
   -0.6649   -0.3794    0.6435
...    12 A-T ...
  -13.0013  -13.1789   29.0658
    0.7188   -0.1490    0.6790
   -0.1787    0.9043    0.3876
   -0.6718   -0.4000    0.6235
...    13 C-G ...
  -14.1788  -15.9359   31.3399
    0.4052    0.2865    0.8682
   -0.5270    0.8492   -0.0343
   -0.7470   -0.4437    0.4951
...    14 A-T ...
  -15.9532  -18.1566   33.3080
   -0.1503    0.6873    0.7107
   -0.6106    0.5008   -0.6135
   -0.7776   -0.5261    0.3444
...    15 A-T ...
  -18.3874  -19.9319   34.5312
   -0.5014    0.8414    0.2016
   -0.3848   -0.0082   -0.9230
   -0.7750   -0.5403    0.3279
...    16 T-A ...
  -20.7370  -21.6387   36.3216
   -0.6680    0.6671   -0.3298
   -0.0223   -0.4609   -0.8872
   -0.7438   -0.5853    0.3228
...    17 T-A ...
  -23.1754  -23.3709   37.6900
   -0.5764    0.2313   -0.7837
    0.4047   -0.7524   -0.5197
   -0.7099   -0.6167    0.3401
...    18 T-A ...
  -25.5729  -25.2668   38.8561
   -0.2137   -0.2358   -0.9480
    0.6692   -0.7423    0.0338
   -0.7117   -0.6272    0.3164
...    19 A-T ...
  -27.7143  -27.6600   39.9796
    0.2923   -0.6193   -0.7287
    0.6495   -0.4307    0.6266
   -0.7019   -0.6565    0.2763
...    20 T-A ...
  -30.3583  -29.6201   40.3294
    0.6010   -0.7483   -0.2809
    0.3915   -0.0308    0.9196
   -0.6968   -0.6627    0.2745
...    21 T-A ...
  -32.6440  -31.8537   40.9698
    0.7077   -0.6250    0.3294
   -0.0657    0.4061    0.9115
   -0.7035   -0.6667    0.2463
...    22 C-G ...
  -34.8531  -34.1396   41.8565
    0.5340   -0.2362    0.8118
   -0.5034    0.6827    0.5297
   -0.6793   -0.6915    0.2457
...    23 G-C ...
  -37.2439  -36.0741   43.2971
    0.2338    0.2738    0.9329
   -0.7642    0.6449    0.0023
   -0.6011   -0.7135    0.3600
...    24 C-G ...
  -38.8938  -38.6286   44.5800
   -0.1817    0.6104    0.7710
   -0.7716    0.3975   -0.4966
   -0.6096   -0.6851    0.3987
...    25 A-T ...
  -41.3385  -40.8775   45.2952
   -0.6150    0.7372    0.2798
   -0.4755   -0.0637   -0.8774
   -0.6290   -0.6726    0.3897
...    26 A-T ...
  -43.3612  -43.0541   46.7174
   -0.7851    0.5441   -0.2960
   -0.0052   -0.4837   -0.8752
   -0.6194   -0.6856    0.3825
...    27 A-T ...
  -45.3620  -45.1675   48.2247
   -0.6397    0.1325   -0.7571
    0.4867   -0.6926   -0.5325
   -0.5949   -0.7091    0.3786
...    28 G-C ...
  -47.7007  -47.2467   49.5475
   -0.2207   -0.2277   -0.9484
    0.7514   -0.6597   -0.0165
   -0.6219   -0.7162    0.3167
...    29 G-C ...
  -50.0993  -49.6138   50.3958
    0.3232   -0.5075   -0.7988
    0.7247   -0.4101    0.5538
   -0.6086   -0.7578    0.2352
...    30 C-G ...
  -52.2069  -52.1375   50.7003
    0.7156   -0.6058   -0.3479
    0.3848   -0.0738    0.9200
   -0.5830   -0.7922    0.1803
...    31 C-G ...
  -54.1060  -54.8751   51.0759
    0.8435   -0.4819    0.2371
   -0.1286    0.2473    0.9604
   -0.5214   -0.8406    0.1466
...    32 G-C ...
  -55.5642  -57.5157   52.0162
    0.6748   -0.1981    0.7109
   -0.5980    0.4177    0.6840
   -0.4324   -0.8867    0.1634
...    33 G-C ...
  -56.6329  -60.6485   52.8309
    0.2207    0.1108    0.9690
   -0.8929    0.4226    0.1550
   -0.3924   -0.8995    0.1922
...    34 C-G ...
  -57.6369  -63.7153   53.5789
   -0.3345    0.3595    0.8711
   -0.8569    0.2687   -0.4400
   -0.3922   -0.8936    0.2181
...    35 C-G ...
  -58.9401  -66.6867   54.6879
   -0.7670    0.4718    0.4348
   -0.4931    0.0002   -0.8700
   -0.4105   -0.8817    0.2325
...    36 C-G ...
  -60.2789  -69.6670   55.7931
   -0.8882    0.4227   -0.1802
    0.0559   -0.2899   -0.9554
   -0.4561   -0.8586    0.2339
...    37 G-C ...
  -61.1879  -73.0876   55.7489
   -0.6434    0.2359   -0.7283
    0.5887   -0.4558   -0.6676
   -0.4894   -0.8583    0.1544
...    38 A-T ...
  -62.6922  -75.8290   56.3734
   -0.1517   -0.0708   -0.9859
    0.8666   -0.4892   -0.0982
   -0.4753   -0.8693    0.1356
...    39 C-G ...
  -64.5700  -78.4061   56.5166
    0.3693   -0.2671   -0.8901
    0.8011   -0.3939    0.4506
   -0.4710   -0.8795    0.0685
...    40 A-T ...
  -66.0025  -81.5111   56.5625
    0.8197   -0.3738   -0.4340
    0.3931   -0.1841    0.9009
   -0.4166   -0.9091   -0.0040
...    41 C-G ...
  -67.1696  -84.5789   55.9835
    0.9183   -0.3752    0.1263
   -0.1284    0.0196    0.9915
   -0.3745   -0.9267   -0.0302
...    42 G-C ...
  -68.3899  -87.6908   56.3712
    0.6455   -0.2504    0.7216
   -0.6988    0.1878    0.6903
   -0.3084   -0.9497   -0.0538
...    43 A-T ...
  -69.3317  -90.7630   56.1586
    0.0757   -0.0989    0.9922
   -0.9476    0.3026    0.1025
   -0.3103   -0.9480   -0.0708
...    44 C-G ...
  -69.7859  -94.0700   56.0478
   -0.4612    0.1031    0.8813
   -0.8319    0.2952   -0.4699
   -0.3086   -0.9499   -0.0504
...    45 T-A ...
  -70.4559  -97.6289   56.3570
   -0.8616    0.2808    0.4228
   -0.3834    0.1859   -0.9047
   -0.3326   -0.9416   -0.0525
...    46 T-A ...
  -71.4674 -100.6830   56.3072
   -0.9276    0.3248   -0.1846
    0.2055    0.0310   -0.9782
   -0.3120   -0.9453   -0.0955
...    47 A-T ...
  -72.3028 -103.9237   55.6559
   -0.5528    0.2880   -0.7820
    0.7693   -0.1843   -0.6117
   -0.3203   -0.9397   -0.1197
...    48 C-G ...
  -73.9228 -106.8073   55.5486
   -0.0232    0.1926   -0.9810
    0.9425   -0.3229   -0.0857
   -0.3333   -0.9266   -0.1741
...    49 T-A ...
  -75.3584 -109.7749   54.7407
    0.5351    0.0661   -0.8422
    0.7845   -0.4087    0.4664
   -0.3134   -0.9103   -0.2706
...    50 G-C ...
  -76.1440 -112.9128   53.6214
    0.9327   -0.0579   -0.3560
    0.2991   -0.4275    0.8531
   -0.2016   -0.9022   -0.3814
...    51 T-A ...
  -76.6218 -115.6061   51.9189
    0.9475   -0.2623    0.1831
   -0.2709   -0.3538    0.8952
   -0.1700   -0.8978   -0.4063
...    52 A-T ...
  -77.8257 -118.8964   51.2729
    0.4718   -0.5055    0.7224
   -0.8605   -0.0854    0.5022
   -0.1922   -0.8586   -0.4753
...    53 G-C ...
  -78.2659 -121.7760   49.7477
   -0.0823   -0.4398    0.8943
   -0.9826    0.1857    0.0009
   -0.1665   -0.8787   -0.4474
...    54 G-C ...
  -78.2276 -125.1706   48.4942
   -0.6464   -0.2107    0.7333
   -0.7423    0.3961   -0.5405
   -0.1766   -0.8937   -0.4124
...    55 T-A ...
  -78.4232 -128.5032   47.5649
   -0.9621    0.0302    0.2710
   -0.2272    0.4605   -0.8581
   -0.1507   -0.8871   -0.4362
...    56 T-A ...
  -78.8381 -131.4464   46.2517
   -0.9082    0.2908   -0.3011
    0.3978    0.3758   -0.8370
   -0.1303   -0.8799   -0.4570
...    57 C-G ...
  -78.8976 -134.4089   44.5944
   -0.4525    0.5082   -0.7328
    0.8814    0.1298   -0.4543
   -0.1357   -0.8514   -0.5066
...    58 A-T ...
  -78.8210 -137.4416   42.9737
    0.1814    0.5942   -0.7836
    0.9761   -0.2055    0.0702
   -0.1194   -0.7776   -0.6173
...    59 T-A ...
  -79.5795 -139.7370   40.7638
    0.6737    0.4539   -0.5831
    0.7342   -0.5012    0.4580
   -0.0844   -0.7367   -0.6710
...    60 G-C ...
  -79.6479 -142.2502   38.3194
    0.9888    0.1258   -0.0804
    0.1467   -0.7175    0.6809
    0.0280   -0.6851   -0.7279
...    61 T-A ...
  -79.3628 -144.1010   35.4726
    0.8956   -0.3057    0.3231
   -0.4428   -0.6811    0.5831
    0.0419   -0.6653   -0.7454
...    62 T-A ...
  -79.0768 -146.1057   32.9448
    0.4458   -0.6829    0.5788
   -0.8940   -0.3719    0.2498
    0.0446   -0.6288   -0.7763
...    63 A-T ...
  -79.3317 -148.2482   30.1073
   -0.3542   -0.8105    0.4666
   -0.9332    0.2743   -0.2321
    0.0601   -0.5176   -0.8535
...    64 T-A ...
  -78.5312 -150.2182   27.5518
   -0.7962   -0.5622    0.2238
   -0.5978    0.6733   -0.4351
    0.0939   -0.4802   -0.8721
...    65 A-T ...
  -77.9750 -151.4425   24.2440
   -0.9561    0.0683   -0.2848
    0.1808    0.9027   -0.3904
    0.2304   -0.4248   -0.8755
...    66 A-T ...
  -77.2113 -152.9588   21.4773
   -0.6404    0.5923   -0.4889
    0.7134    0.6945   -0.0932
    0.2843   -0.4085   -0.8673
...    67 C-G ...
  -76.6886 -154.7023   18.6041
   -0.1208    0.8925   -0.4345
    0.9446    0.2379    0.2261
    0.3052   -0.3831   -0.8718
...    68 G-C ...
  -75.2638 -155.7306   15.8249
    0.3940    0.9145   -0.0926
    0.8441   -0.3201    0.4303
    0.3638   -0.2477   -0.8979
...    69 G-C ...
  -73.8418 -156.0442   12.8719
    0.7377    0.6151    0.2782
    0.5185   -0.7802    0.3499
    0.4322   -0.1139   -0.8945
...    70 A-T ...
  -72.2936 -156.1286    9.9156
    0.8640    0.0260    0.5028
   -0.0090   -0.9977    0.0671
    0.5034   -0.0625   -0.8618
...    71 A-T ...
  -70.5083 -156.1147    7.1964
    0.6881   -0.5681    0.4513
   -0.5074   -0.8214   -0.2604
    0.5186   -0.0498   -0.8535
...    72 T-A ...
  -68.2457 -155.8167    4.7232
    0.3278   -0.9171    0.2268
   -0.7852   -0.3980   -0.4744
    0.5253   -0.0226   -0.8506
...    73 C-G ...
  -66.2451 -155.9599    1.9581
   -0.2567   -0.9553   -0.1468
   -0.8064    0.2954   -0.5123
    0.5328   -0.0131   -0.8462
...    74 T-A ...
  -64.2870 -156.3342   -0.7934
   -0.6789   -0.6119   -0.4058
   -0.5068    0.7904   -0.3441
    0.5313   -0.0279   -0.8467
...    75 C-G ...
  -62.3589 -156.2369   -3.6097
   -0.8352    0.0382   -0.5487
    0.0269    0.9992    0.0286
    0.5493    0.0091   -0.8356
...    76 G-C ...
  -60.2822 -155.4459   -6.1602
   -0.7111    0.6102   -0.3493
    0.4852    0.7855    0.3842
    0.5088    0.1038   -0.8546
...    77 A-T ...
  -58.0729 -155.0746   -8.5524
   -0.3104    0.9504    0.0210
    0.7750    0.2402    0.5846
    0.5505    0.1978   -0.8110
...    78 G-C ...
  -56.3629 -154.2544  -11.2761
    0.1160    0.9037    0.4121
    0.8106   -0.3260    0.4866
    0.5741    0.2776   -0.7703
...    79 C-G ...
  -54.7963 -152.9304  -13.9982
    0.5282    0.5239    0.6683
    0.5999   -0.7872    0.1431
    0.6010    0.3253   -0.7300
...    80 T-A ...
  -52.8332 -151.5775  -16.3187
    0.7152   -0.0215    0.6986
    0.2466   -0.9274   -0.2811
    0.6540    0.3733   -0.6580
...    81 C-G ...
  -50.3506 -150.6916  -18.2660
    0.6997   -0.5856    0.4092
   -0.1579   -0.6854   -0.7109
    0.6968    0.4328   -0.5720
...    82 G-C ...
  -47.9966 -150.1058  -20.8993
    0.4472   -0.8908   -0.0811
   -0.4788   -0.1618   -0.8629
    0.7555    0.4247   -0.4989
...    83 G-C ...
  -45.1321 -148.8351  -22.3639
    0.0562   -0.8242   -0.5636
   -0.6317    0.4078   -0.6593
    0.7731    0.3931   -0.4978
...    84 G-C ...
  -42.4119 -147.7674  -24.0300
   -0.3657   -0.4612   -0.8084
   -0.5202    0.8215   -0.2334
    0.7718    0.3352   -0.5403
...    85 A-T ...
  -39.5850 -146.8840  -25.7359
   -0.5864    0.1770   -0.7904
   -0.1862    0.9203    0.3442
    0.7883    0.3490   -0.5067
...    86 T-A ...
  -36.9873 -146.2509  -27.6944
   -0.6010    0.6439   -0.4736
    0.1523    0.6739    0.7230
    0.7846    0.3624   -0.5030
...    87 C-G ...
  -34.4307 -145.1256  -29.5700
   -0.3897    0.9171    0.0840
    0.4756    0.1222    0.8711
    0.7887    0.3794   -0.4838
...    88 C-G ...
  -31.7325 -144.1383  -31.2195
   -0.1905    0.7671    0.6126
    0.5979   -0.4042    0.6922
    0.7786    0.4981   -0.3816
...    89 G-C ...
  -28.8502 -142.5746  -32.0618
    0.0593    0.3140    0.9476
    0.6308   -0.7475    0.2082
    0.7737    0.5854   -0.2424
...    90 C-G ...
  -26.4851 -140.1174  -32.6870
    0.3932   -0.1968    0.8981
    0.4947   -0.7781   -0.3871
    0.7750    0.5965   -0.2086
...    91 T-A ...
  -23.7671 -137.8792  -32.7236
    0.5947   -0.6269    0.5032
    0.2288   -0.4681   -0.8535
    0.7707    0.6227   -0.1350
...    92 T-A ...
  -21.2523 -135.7720  -32.8142
    0.6472   -0.7527   -0.1206
   -0.1623    0.0185   -0.9866
    0.7448    0.6581   -0.1102
...    93 T-A ...
  -18.7305 -133.6488  -32.8399
    0.4657   -0.5538   -0.6903
   -0.5214    0.4586   -0.7196
    0.7151    0.6950   -0.0752
...    94 A-T ...
  -17.0979 -130.7003  -33.3112
    0.1225   -0.0117   -0.9924
   -0.7318    0.6744   -0.0983
    0.6704    0.7383    0.0741
...    95 A-T ...
  -14.7790 -128.4345  -32.9878
   -0.3062    0.4496   -0.8391
   -0.6838    0.5093    0.5225
    0.6623    0.7338    0.1515
...    96 C-G ...
  -12.1951 -126.1952  -32.8247
   -0.6312    0.6735   -0.3846
   -0.4012    0.1408    0.9051
    0.6637    0.7257    0.1814
...    97 A-T ...
   -9.9780 -123.7568  -32.1314
   -0.7894    0.5678    0.2334
    0.0513   -0.3179    0.9467
    0.6117    0.7593    0.2218
...    98 C-G ...
   -8.2554 -120.8917  -31.8668
   -0.6626    0.2798    0.6947
    0.4638   -0.5750    0.6740
    0.5881    0.7688    0.2512
...    99 T-A ...
   -6.6143 -117.8373  -31.0574
   -0.3225   -0.2026    0.9246
    0.7744   -0.6181    0.1347
    0.5443    0.7595    0.3562
...   100 T-A ...
   -5.1387 -115.2376  -29.7600
    0.1843   -0.5368    0.8234
    0.8235   -0.3729   -0.4275
    0.5365    0.7568    0.3733
...   101 T-A ...
   -3.4824 -112.8044  -28.3679
    0.6091   -0.6764    0.4142
    0.5763    0.0186   -0.8171
    0.5449    0.7363    0.4011
...   102 A-T ...
   -1.4737 -110.2558  -27.1919
    0.8519   -0.4745   -0.2216
    0.0368    0.4763   -0.8785
    0.5224    0.7402    0.4232
...   103 T-A ...
    0.2997 -108.3297  -25.2172
    0.7541   -0.1889   -0.6290
   -0.3737    0.6641   -0.6475
    0.5400    0.7234    0.4303
...   104 G-C ...
    2.3198 -106.1066  -23.8188
    0.3194    0.1983   -0.9266
   -0.7381    0.6653   -0.1121
    0.5942    0.7198    0.3589
...   105 C-G ...
    4.5800 -103.8715  -22.7881
   -0.1674    0.5331   -0.8293
   -0.7981    0.4205    0.4314
    0.5787    0.7342    0.3550
...   106 T-A ...
    6.8737 -101.4549  -21.8285
   -0.6189    0.6584   -0.4283
   -0.5450    0.0327    0.8378
    0.5656    0.7520    0.3386
...   107 T-A ...
    8.7474  -99.0110  -20.9137
   -0.8421    0.5284    0.1085
   -0.0999   -0.3504    0.9313
    0.5301    0.7734    0.3478
...   108 C-G ...
   10.4157  -96.3096  -19.8846
   -0.7731    0.1568    0.6146
    0.4224   -0.5955    0.6833
    0.4732    0.7879    0.3941
...   109 C-G ...
   12.0186  -93.6888  -18.7013
   -0.4921   -0.3005    0.8170
    0.7723   -0.5837    0.2505
    0.4016    0.7543    0.5193
...   110 G-C ...
   13.4500  -91.6441  -16.7928
   -0.0628   -0.6618    0.7471
    0.9362   -0.2985   -0.1858
    0.3459    0.6877    0.6383
...   111 G-C ...
   14.4657  -89.7129  -14.2341
    0.4464   -0.7646    0.4650
    0.8311    0.1616   -0.5321
    0.3317    0.6240    0.7075
...   112 C-G ...
   15.4194  -88.1791  -11.3817
    0.8287   -0.5570    0.0541
    0.4421    0.5922   -0.6737
    0.3432    0.5822    0.7371
...   113 T-A ...
   16.5833  -86.4027   -8.8286
    0.9328   -0.1366   -0.3336
   -0.0794    0.8248   -0.5599
    0.3516    0.5487    0.7584
...   114 C-G ...
   17.7990  -84.4256   -6.4379
    0.6840    0.4125   -0.6017
   -0.6333    0.7452   -0.2089
    0.3622    0.5239    0.7709
...   115 G-C ...
   18.5625  -82.4244   -3.8888
    0.1359    0.7664   -0.6278
   -0.9235    0.3275    0.1998
    0.3587    0.5526    0.7523
...   116 T-A ...
   20.4029  -80.4256   -1.8119
   -0.4206    0.7962   -0.4350
   -0.8452   -0.1695    0.5069
    0.3299    0.5808    0.7442
...   117 A-T ...
   21.7564  -78.2900    0.5023
   -0.8683    0.4881   -0.0886
   -0.4162   -0.6194    0.6657
    0.2701    0.6149    0.7409
...   118 T-A ...
   22.7481  -75.8220    2.4146
   -0.9601    0.0871    0.2658
    0.0959   -0.7901    0.6054
    0.2627    0.6067    0.7503
...   119 A-T ...
   23.7129  -74.0432    5.1331
   -0.7071   -0.4562    0.5403
    0.6751   -0.6628    0.3239
    0.2104    0.5938    0.7766
...   120 A-T ...
   24.1266  -72.0377    7.6522
   -0.2017   -0.7927    0.5753
    0.9646   -0.2628   -0.0239
    0.1701    0.5501    0.8176
...   121 T-A ...
   24.0432  -70.2661   10.4708
    0.3419   -0.8137    0.4700
    0.9269    0.2097   -0.3112
    0.1547    0.5421    0.8260
...   122 G-C ...
   24.5563  -68.5682   13.4179
    0.8340   -0.5376    0.1244
    0.5203    0.6910   -0.5019
    0.1839    0.4833    0.8559
...   123 T-A ...
   25.0867  -67.4772   16.5139
    0.9853   -0.0802   -0.1505
   -0.0014    0.8787   -0.4773
    0.1706    0.4706    0.8657
...   124 G-C ...
   25.6584  -65.9419   19.4808
    0.7682    0.4741   -0.4302
   -0.6077    0.7515   -0.2569
    0.2015    0.4588    0.8654
...   125 T-A ...
   26.6661  -64.8373   22.3652
    0.3148    0.7935   -0.5208
   -0.9267    0.3756    0.0120
    0.2051    0.4788    0.8536
...   126 C-G ...
   27.3730  -63.3397   25.1149
   -0.3086    0.8617   -0.4028
   -0.9305   -0.1857    0.3157
    0.1972    0.4722    0.8591
...   127 G-C ...
   27.4002  -61.9836   28.2074
   -0.7934    0.5343   -0.2914
   -0.6042   -0.6336    0.4832
    0.0736    0.5595    0.8256
...   128 A-T ...
   27.7899  -60.2607   30.8451
   -0.9984    0.0437    0.0371
   -0.0168   -0.8408    0.5410
    0.0548    0.5395    0.8402
...   129 C-G ...
   27.8009  -57.8905   33.1319
   -0.8522   -0.4445    0.2759
    0.5232   -0.7251    0.4478
    0.0010    0.5260    0.8505
...   130 C-G ...
   27.1589  -56.0646   35.9540
   -0.4331   -0.8216    0.3707
    0.8959   -0.3470    0.2776
   -0.0994    0.4523    0.8863
...   131 A-T ...
   27.4824  -54.8822   39.1546
    0.1997   -0.9031    0.3801
    0.9708    0.2349    0.0479
   -0.1325    0.3595    0.9237
...   132 A-T ...
   26.9420  -53.9284   42.2622
    0.7342   -0.5849    0.3446
    0.6614    0.7308   -0.1687
   -0.1532    0.3518    0.9234
...   133 A-T ...
   26.2077  -53.1092   45.3564
    0.9734   -0.0065    0.2288
    0.0887    0.9321   -0.3512
   -0.2110    0.3622    0.9079
...   134 T-A ...
   25.6308  -52.5797   48.6349
    0.8597    0.5096    0.0340
   -0.4497    0.7867   -0.4230
   -0.2423    0.3484    0.9055
...   135 G-C ...
   25.2859  -52.4981   52.0750
    0.3205    0.9427   -0.0927
   -0.8825    0.2616   -0.3908
   -0.3441    0.2071    0.9158
...   136 T-A ...
   25.5356  -52.9669   55.8001
   -0.2443    0.9563   -0.1608
   -0.8908   -0.2868   -0.3525
   -0.3832    0.0571    0.9219
...   137 G-C ...
   24.9038  -52.7260   58.9820
   -0.7529    0.5562   -0.3519
   -0.5214   -0.8303   -0.1968
   -0.4017    0.0354    0.9151
...   138 A-T ...
   24.0250  -51.6262   61.9210
   -0.9563    0.0400   -0.2896
   -0.0523   -0.9980    0.0347
   -0.2877    0.0483    0.9565
...   139 G-C ...
   22.3575  -51.2300   64.4909
   -0.8529   -0.5117   -0.1032
    0.4973   -0.8566    0.1372
   -0.1586    0.0657    0.9852
...   140 C-G ...
   22.1609  -50.1387   67.4617
   -0.4681   -0.8749    0.1247
    0.8495   -0.4066    0.3363
   -0.2435    0.2633    0.9335
...   141 G-C ...
   21.4367  -51.8165   72.7855
    0.1304   -0.7141   -0.6877
    0.8897   -0.2218    0.3990
   -0.4375   -0.6639    0.6065
...   142 C-G ...
   20.4356  -54.2995   74.5394
    0.5847   -0.7390   -0.3347
    0.7593    0.3532    0.5466
   -0.2857   -0.5737    0.7676
...   143 T-A ...
   18.4379  -55.5191   76.5272
    0.8548   -0.5006    0.1370
    0.3188    0.7147    0.6225
   -0.4096   -0.4884    0.7705
...   144 C-G ...
   16.8486  -57.7127   78.2647
    0.8529   -0.0846    0.5152
   -0.1509    0.9047    0.3983
   -0.4998   -0.4175    0.7589
...   145 A-T ...
   15.7934  -59.5519   80.7962
    0.5515    0.4995    0.6681
   -0.6739    0.7388    0.0040
   -0.4915   -0.4525    0.7441
...   146 C-G ...
   15.7412  -61.4840   83.9295
    0.0342    0.7400    0.6718
   -0.8637    0.3601   -0.3527
   -0.5029   -0.5681    0.6514
...   147 A-T ...
   14.7482  -63.4171   86.8164
   -0.5923    0.6746    0.4405
   -0.6886   -0.1400   -0.7115
   -0.4183   -0.7247    0.5475
