  147 base-pairs
...     1 T-A ...
    0.0000    0.0000    0.0000
    1.0000    0.0000    0.0000
    0.0000    1.0000    0.0000
    0.0000    0.0000    1.0000
...     2 G-C ...
   -0.5555   -1.1003    3.3981
    0.7749    0.6051    0.1828
   -0.5991    0.7953   -0.0929
   -0.2016   -0.0375    0.9787
...     3 T-A ...
   -0.6619   -3.0237    6.5348
    0.3046    0.9250    0.2271
   -0.8994    0.3578   -0.2510
   -0.3134   -0.1278    0.9410
...     4 G-C ...
   -1.1607   -3.8418    9.6940
   -0.3351    0.9421    0.0133
   -0.8752   -0.3061   -0.3746
   -0.3489   -0.1372    0.9271
...     5 A-T ...
   -1.3881   -3.6770   12.8999
   -0.7835    0.6162   -0.0801
   -0.5677   -0.7622   -0.3109
   -0.2527   -0.1981    0.9470
...     6 G-C ...
   -2.6236   -3.5448   15.7072
   -0.9923    0.0611   -0.1075
   -0.0294   -0.9610   -0.2748
   -0.1201   -0.2695    0.9555
...     7 C-G ...
   -2.3138   -3.7570   18.8866
   -0.8620   -0.4995   -0.0864
    0.5008   -0.8655    0.0073
   -0.0785   -0.0370    0.9962
...     8 G-C ...
   -3.9561   -6.8109   23.3205
   -0.2581   -0.3560   -0.8981
    0.6294   -0.7673    0.1233
   -0.7330   -0.5335    0.4221
...     9 C-G ...
   -6.1177   -8.9414   24.2385
    0.1143   -0.7320   -0.6716
    0.8123   -0.3203    0.4874
   -0.5720   -0.6013    0.5580
...    10 T-A ...
   -8.5041   -9.6771   26.0540
    0.4660   -0.8587   -0.2131
    0.6274    0.1508    0.7640
   -0.6239   -0.4897    0.6090
...    11 C-G ...
  -11.0625  -11.3174   27.2336
    0.6660   -0.6911    0.2808
    0.3382    0.6152    0.7121
   -0.6649   -0.3794    0.6435
...    12 A-T ...
  -13.0013  -13.1789   29.0658
    0.7188   -0.1490    0.6790
   -0.1787    0.9043    0.3876
   -0.6718   -0.4000    0.6235
...    13 C-G ...
  -14.1788  -15.9359   31.3399
    0.4052    0.2865    0.8682
   -0.5270    0.8492   -0.0343
   -0.7470   -0.4437    0.4951
...    14 A-T ...
  -15.9532  -18.1566   33.3080
   -0.1503    0.6873    0.7107
   -0.6106    0.5008   -0.6135
   -0.7776   -0.5261    0.3444
...    15 A-T ...
  -18.2990  -19.9933   34.6602
   -0.5265    0.8213    0.2196
   -0.3917   -0.0051   -0.9201
   -0.7546   -0.5704    0.3244
...    16 T-A ...
  -20.5516  -21.7445   36.3787
   -0.6775    0.6762   -0.2893
   -0.0459   -0.4315   -0.9009
   -0.7340   -0.5972    0.3234
...    17 T-A ...
  -22.8995  -23.5897   37.7053
   -0.5968    0.2630   -0.7580
    0.3861   -0.7340   -0.5587
   -0.7034   -0.6261    0.3365
...    18 T-A ...
  -25.2638  -25.4556   38.9471
   -0.2585   -0.2271   -0.9389
    0.6799   -0.7332   -0.0098
   -0.6862   -0.6409    0.3440
...    19 A-T ...
  -27.3332  -27.8141   40.1976
    0.2648   -0.5964   -0.7577
    0.6936   -0.4281    0.5794
   -0.6699   -0.6790    0.3003
...    20 T-A ...
  -29.8633  -29.8530   40.6493
    0.6003   -0.7147   -0.3589
    0.4572   -0.0615    0.8872
   -0.6562   -0.6967    0.2898
...    21 T-A ...
  -31.9968  -32.1762   41.3910
    0.7738   -0.5963    0.2137
    0.0158    0.3554    0.9346
   -0.6332   -0.7198    0.2845
...    22 C-G ...
  -33.8992  -34.6878   42.3338
    0.6512   -0.2343    0.7218
   -0.4742    0.6168    0.6282
   -0.5924   -0.7514    0.2906
...    23 G-C ...
  -35.9104  -37.0223   43.7724
    0.2999    0.2335    0.9249
   -0.8056    0.5814    0.1144
   -0.5110   -0.7794    0.3625
...    24 C-G ...
  -37.2059  -39.7758   45.2021
   -0.2021    0.5387    0.8179
   -0.8466    0.3237   -0.4224
   -0.4923   -0.7778    0.3906
...    25 A-T ...
  -39.0964  -42.2951   46.3529
   -0.6522    0.6599    0.3730
   -0.5588   -0.0860   -0.8249
   -0.5122   -0.7464    0.4249
...    26 A-T ...
  -40.6142  -44.6939   47.9771
   -0.8777    0.4441   -0.1801
   -0.0438   -0.4486   -0.8927
   -0.4773   -0.7756    0.4132
...    27 A-T ...
  -42.1634  -47.1015   49.5452
   -0.7407    0.0697   -0.6682
    0.4998   -0.6074   -0.6174
   -0.4489   -0.7913    0.4151
...    28 G-C ...
  -43.8443  -49.5840   51.0213
   -0.3082   -0.2243   -0.9245
    0.8315   -0.5357   -0.1472
   -0.4622   -0.8141    0.3516
...    29 G-C ...
  -45.6055  -52.2400   52.1639
    0.2596   -0.4034   -0.8774
    0.8577   -0.3213    0.4015
   -0.4439   -0.8568    0.2625
...    30 C-G ...
  -47.3706  -55.0115   52.6870
    0.7213   -0.4602   -0.5176
    0.5598   -0.0525    0.8269
   -0.4077   -0.8863    0.2198
...    31 C-G ...
  -48.6191  -58.1246   53.0924
    0.9465   -0.3224    0.0167
    0.0424    0.1755    0.9836
   -0.3200   -0.9302    0.1798
...    32 G-C ...
  -49.4384  -61.2641   54.1254
    0.8229   -0.0603    0.5650
   -0.5328    0.2635    0.8041
   -0.1974   -0.9628    0.1847
...    33 G-C ...
  -49.6584  -64.5935   54.7871
    0.3839    0.1643    0.9086
   -0.9145    0.2033    0.3497
   -0.1273   -0.9652    0.2283
...    34 C-G ...
  -49.6201  -67.8414   55.6680
   -0.2064    0.2704    0.9404
   -0.9726    0.0487   -0.2274
   -0.1073   -0.9615    0.2530
...    35 C-G ...
  -49.8092  -71.0505   56.8083
   -0.7246    0.2931    0.6238
   -0.6779   -0.1396   -0.7218
   -0.1245   -0.9458    0.2998
...    36 C-G ...
  -50.1506  -74.1949   58.0887
   -0.9744    0.2110    0.0776
   -0.1380   -0.2889   -0.9473
   -0.1775   -0.9338    0.3107
...    37 G-C ...
  -50.6348  -77.5077   58.7148
   -0.8477    0.0869   -0.5233
    0.4662   -0.3486   -0.8131
   -0.2531   -0.9332    0.2550
...    38 A-T ...
  -51.4478  -80.5670   59.6497
   -0.3792   -0.1051   -0.9193
    0.8886   -0.3183   -0.3302
   -0.2579   -0.9422    0.2141
...    39 C-G ...
  -52.8783  -83.4627   60.3871
    0.1738   -0.2165   -0.9607
    0.9512   -0.2157    0.2207
   -0.2550   -0.9522    0.1684
...    40 A-T ...
  -53.4897  -86.7307   60.9540
    0.7257   -0.1823   -0.6634
    0.6609   -0.0835    0.7458
   -0.1913   -0.9797    0.0599
...    41 C-G ...
  -54.3207  -89.9059   60.5288
    0.9752   -0.1554   -0.1576
    0.1599    0.0022    0.9871
   -0.1531   -0.9878    0.0270
...    42 G-C ...
  -54.4960  -93.2758   61.0071
    0.8955   -0.0240    0.4443
   -0.4441    0.0157    0.8959
   -0.0285   -0.9996    0.0034
...    43 A-T ...
  -54.3913  -96.5929   61.0368
    0.4321    0.0003    0.9018
   -0.9018   -0.0041    0.4320
    0.0039   -1.0000   -0.0015
...    44 C-G ...
  -53.7002  -99.8927   60.9918
   -0.1382   -0.0039    0.9904
   -0.9902   -0.0206   -0.1382
    0.0209   -0.9998   -0.0010
...    45 T-A ...
  -53.3674 -103.2331   61.2203
   -0.6741    0.0019    0.7386
   -0.7383   -0.0301   -0.6738
    0.0210   -0.9995    0.0217
...    46 T-A ...
  -53.0616 -106.4828   61.4744
   -0.9815   -0.0644    0.1804
   -0.1808   -0.0001   -0.9835
    0.0634   -0.9979   -0.0115
...    47 A-T ...
  -52.5862 -109.8337   60.8952
   -0.8459   -0.0743   -0.5281
    0.5228    0.0803   -0.8487
    0.1054   -0.9940   -0.0291
...    48 C-G ...
  -52.6654 -113.1487   61.2376
   -0.4251    0.0173   -0.9050
    0.9000    0.1144   -0.4206
    0.0962   -0.9933   -0.0642
...    49 T-A ...
  -52.6377 -116.4741   60.9676
    0.1348    0.1617   -0.9776
    0.9863    0.0733    0.1481
    0.0956   -0.9841   -0.1496
...    50 G-C ...
  -52.0202 -119.7331   60.3389
    0.6711    0.2994   -0.6782
    0.7246   -0.0719    0.6854
    0.1564   -0.9514   -0.2652
...    51 T-A ...
  -51.7217 -122.6827   58.8845
    0.9477    0.2597   -0.1853
    0.2498   -0.2428    0.9374
    0.1985   -0.9347   -0.2950
...    52 C-G ...
  -50.8513 -125.6859   57.8436
    0.8970    0.0886    0.4330
   -0.3693   -0.3883    0.8443
    0.2429   -0.9173   -0.3156
...    53 A-T ...
  -50.0430 -128.8740   57.1205
    0.4734   -0.1104    0.8739
   -0.8218   -0.4124    0.3931
    0.3170   -0.9043   -0.2860
...    54 T-A ...
  -48.3631 -131.5536   56.0802
   -0.0283   -0.3429    0.9389
   -0.9469   -0.2917   -0.1350
    0.3202   -0.8929   -0.3165
...    55 G-C ...
  -47.6735 -134.6488   54.9729
   -0.6188   -0.4292    0.6580
   -0.7178   -0.0313   -0.6955
    0.3191   -0.9027   -0.2887
...    56 T-A ...
  -46.2670 -137.7009   54.5433
   -0.9129   -0.3765    0.1576
   -0.2562    0.2282   -0.9393
    0.3177   -0.8979   -0.3048
...    57 T-A ...
  -45.1261 -140.6701   53.7886
   -0.8727   -0.1877   -0.4507
    0.3364    0.4378   -0.8338
    0.3538   -0.8793   -0.3189
...    58 A-T ...
  -43.6049 -143.4361   52.5087
   -0.4558    0.1717   -0.8734
    0.8152    0.4744   -0.3322
    0.3573   -0.8634   -0.3562
...    59 T-A ...
  -43.0387 -146.4798   51.4108
    0.0255    0.4166   -0.9087
    0.9319    0.3191    0.1725
    0.3619   -0.8512   -0.3801
...    60 A-T ...
  -41.6532 -149.2398   50.0605
    0.5451    0.6202   -0.5641
    0.7355   -0.0308    0.6768
    0.4024   -0.7838   -0.4730
...    61 A-T ...
  -40.3793 -151.6740   48.3435
    0.8581    0.5117   -0.0424
    0.2870   -0.4096    0.8660
    0.4258   -0.7553   -0.4983
...    62 C-G ...
  -38.9114 -153.7236   46.1729
    0.8615    0.2272    0.4540
   -0.2120   -0.6516    0.7284
    0.4613   -0.7238   -0.5132
...    63 G-C ...
  -37.1782 -156.4063   44.9270
    0.5337   -0.1649    0.8295
   -0.6390   -0.7210    0.2678
    0.5539   -0.6730   -0.4901
...    64 G-C ...
  -34.9847 -158.5988   43.4929
    0.0405   -0.5352    0.8438
   -0.8061   -0.5165   -0.2889
    0.5904   -0.6684   -0.4523
...    65 A-T ...
  -32.9176 -160.7792   42.0255
   -0.4640   -0.7585    0.4576
   -0.6514   -0.0579   -0.7565
    0.6003   -0.6491   -0.4672
...    66 T-A ...
  -30.5667 -162.9531   41.0649
   -0.7186   -0.6941   -0.0434
   -0.3094    0.3750   -0.8739
    0.6228   -0.6145   -0.4843
...    67 A-T ...
  -28.2828 -164.4511   38.9090
   -0.6939   -0.2678   -0.6684
    0.2423    0.7873   -0.5670
    0.6780   -0.5554   -0.4814
...    68 G-C ...
  -26.1152 -166.4975   37.3739
   -0.4848    0.2669   -0.8329
    0.5775    0.8128   -0.0757
    0.6568   -0.5178   -0.5482
...    69 G-C ...
  -24.0100 -168.4013   35.5132
   -0.1424    0.7391   -0.6584
    0.7492    0.5152    0.4163
    0.6469   -0.4340   -0.6271
...    70 T-A ...
  -22.3708 -169.8931   33.0684
    0.2474    0.9266   -0.2831
    0.7116    0.0245    0.7022
    0.6576   -0.3752   -0.6533
...    71 A-T ...
  -19.9406 -171.0030   30.9960
    0.5674    0.7730    0.2837
    0.4378   -0.5750    0.6912
    0.6974   -0.2679   -0.6647
...    72 T-A ...
  -17.8399 -171.3090   28.4829
    0.7045    0.3575    0.6131
    0.0882   -0.9013    0.4241
    0.7042   -0.2447   -0.6665
...    73 C-G ...
  -15.3207 -171.9810   26.4320
    0.6042   -0.2797    0.7461
   -0.3366   -0.9383   -0.0792
    0.7222   -0.2033   -0.6611
...    74 T-A ...
  -12.6510 -172.4501   24.4285
    0.2953   -0.7689    0.5671
   -0.5915   -0.6132   -0.5235
    0.7503   -0.1808   -0.6359
...    75 C-G ...
  -10.0610 -173.0420   22.3948
   -0.1235   -0.9889    0.0824
   -0.6454    0.0170   -0.7636
    0.7538   -0.1475   -0.6404
...    76 G-C ...
   -7.8062 -173.2633   19.8287
   -0.5218   -0.7627   -0.3822
   -0.4487    0.6264   -0.6374
    0.7255   -0.1612   -0.6690
...    77 A-T ...
   -5.2521 -173.7123   17.7411
   -0.6953   -0.2005   -0.6902
   -0.0505    0.9716   -0.2313
    0.7169   -0.1259   -0.6857
...    78 G-C ...
   -2.8837 -174.3429   15.4603
   -0.6578    0.3907   -0.6439
    0.3286    0.9181    0.2215
    0.6778   -0.0659   -0.7323
...    79 C-G ...
   -0.8130 -174.9311   12.9074
   -0.4089    0.8437   -0.3480
    0.6343    0.5368    0.5563
    0.6561    0.0067   -0.7546
...    80 T-A ...
    1.1219 -174.8236   10.2074
   -0.0631    0.9928    0.1017
    0.7739   -0.0157    0.6331
    0.6302    0.1187   -0.7673
...    81 C-G ...
    3.1734 -174.2165    7.7210
    0.3711    0.7709    0.5176
    0.6816   -0.6047    0.4120
    0.6307    0.1999   -0.7499
...    82 G-C ...
    5.7491 -173.4431    5.5927
    0.6249    0.2418    0.7424
    0.4078   -0.9119   -0.0463
    0.6657    0.3317   -0.6684
...    83 G-C ...
    8.2546 -171.9989    3.7686
    0.7072   -0.3511    0.6137
    0.0243   -0.8554   -0.5175
    0.7066    0.3809   -0.5964
...    84 G-C ...
   10.9406 -170.6702    2.1072
    0.5657   -0.7986    0.2055
   -0.3576   -0.4622   -0.8115
    0.7430    0.3856   -0.5470
...    85 A-T ...
   13.4934 -169.3457    0.3811
    0.2324   -0.8944   -0.3823
   -0.6362    0.1575   -0.7553
    0.7357    0.4187   -0.5323
...    86 T-A ...
   16.3683 -168.1693   -0.8799
   -0.1168   -0.6396   -0.7598
   -0.6756    0.6119   -0.4112
    0.7279    0.4653   -0.5036
...    87 C-G ...
   18.8855 -166.5688   -2.4090
   -0.5197   -0.1025   -0.8482
   -0.4738    0.8607    0.1863
    0.7109    0.4986   -0.4959
...    88 C-G ...
   21.4898 -165.0498   -4.0263
   -0.7584    0.3713   -0.5357
   -0.1026    0.7437    0.6606
    0.6437    0.5560   -0.5259
...    89 G-C ...
   23.8010 -162.9104   -5.3985
   -0.7646    0.6436    0.0348
    0.3501    0.3695    0.8608
    0.5411    0.6703   -0.5078
...    90 C-G ...
   25.3080 -160.7494   -7.4317
   -0.4765    0.6822    0.5545
    0.7233   -0.0544    0.6884
    0.4998    0.7291   -0.4675
...    91 T-A ...
   26.6531 -158.1223   -8.9628
   -0.0457    0.4567    0.8884
    0.8892   -0.3866    0.2445
    0.4552    0.8012   -0.3885
...    92 T-A ...
   27.9813 -155.3964  -10.1077
    0.4741    0.1135    0.8731
    0.7588   -0.5556   -0.3398
    0.4466    0.8236   -0.3496
...    93 T-A ...
   29.3174 -152.5777  -11.0419
    0.8409   -0.2316    0.4892
    0.3344   -0.4884   -0.8060
    0.4256    0.8413   -0.3332
...    94 A-T ...
   30.7372 -149.9483  -12.8497
    0.8739   -0.4145   -0.2540
   -0.3540   -0.1845   -0.9169
    0.3332    0.8912   -0.3079
...    95 A-T ...
   31.9548 -146.9734  -13.5336
    0.4964   -0.3578   -0.7909
   -0.8240    0.0923   -0.5590
    0.2731    0.9292   -0.2490
...    96 C-G ...
   33.4417 -143.9652  -14.0968
   -0.0469   -0.2212   -0.9741
   -0.9642    0.2647   -0.0136
    0.2609    0.9386   -0.2257
...    97 A-T ...
   33.9054 -140.6606  -14.5283
   -0.6492   -0.0469   -0.7592
   -0.7314    0.3127    0.6061
    0.2090    0.9487   -0.2373
...    98 C-G ...
   34.9580 -137.7232  -15.7104
   -0.9501    0.1044   -0.2940
   -0.2587    0.2629    0.9295
    0.1744    0.9592   -0.2228
...    99 T-A ...
   35.4440 -134.5711  -16.6709
   -0.9480    0.1403    0.2858
    0.3059    0.1524    0.9398
    0.0883    0.9783   -0.1874
...   100 T-A ...
   35.5984 -131.4148  -17.3415
   -0.6020    0.1371    0.7866
    0.7972    0.0469    0.6019
    0.0456    0.9894   -0.1375
...   101 T-A ...
   35.5527 -128.2090  -17.7241
   -0.0354    0.0750    0.9966
    0.9992   -0.0167    0.0368
    0.0194    0.9970   -0.0743
...   102 A-T ...
   35.7279 -124.8474  -17.6598
    0.5749   -0.0534    0.8165
    0.8180    0.0106   -0.5752
    0.0220    0.9985    0.0498
...   103 T-A ...
   35.3905 -121.6494  -16.9152
    0.9182   -0.0384    0.3943
    0.3959    0.0594   -0.9164
    0.0118    0.9975    0.0697
...   104 G-C ...
   35.7496 -118.3042  -16.9271
    0.9659   -0.0264   -0.2577
   -0.2522    0.1313   -0.9587
    0.0592    0.9910    0.1201
...   105 C-G ...
   36.2533 -115.0306  -16.2173
    0.6393    0.0593   -0.7667
   -0.7657    0.1412   -0.6276
    0.0711    0.9882    0.1357
...   106 T-A ...
   36.7840 -111.7470  -15.6512
    0.0847    0.1285   -0.9881
   -0.9939    0.0811   -0.0746
    0.0706    0.9884    0.1346
...   107 T-A ...
   37.2954 -108.5571  -15.1058
   -0.5371    0.2032   -0.8187
   -0.8409   -0.0518    0.5388
    0.0670    0.9778    0.1987
...   108 C-G ...
   37.6441 -105.3309  -14.3635
   -0.9449    0.0992   -0.3121
   -0.3261   -0.1980    0.9244
    0.0299    0.9752    0.2194
...   109 C-G ...
   37.8291 -101.9866  -13.8121
   -0.9606   -0.1365    0.2421
    0.2685   -0.2301    0.9354
   -0.0720    0.9635    0.2577
...   110 G-C ...
   37.6950  -98.8259  -12.5391
   -0.6110   -0.3953    0.6858
    0.7698   -0.0947    0.6312
   -0.1846    0.9136    0.3622
...   111 G-C ...
   36.7075  -95.8803  -11.2147
   -0.0503   -0.4872    0.8718
    0.9715    0.1785    0.1558
   -0.2315    0.8549    0.4643
...   112 C-G ...
   35.5160  -93.3444   -9.4096
    0.5177   -0.3537    0.7790
    0.8223    0.4572   -0.3388
   -0.2363    0.8160    0.5275
...   113 T-A ...
   34.6548  -90.8960   -7.3043
    0.9008   -0.0861    0.4257
    0.3812    0.6263   -0.6800
   -0.2080    0.7748    0.5970
...   114 C-G ...
   34.1514  -88.4052   -5.1726
    0.9442    0.3179   -0.0859
   -0.2637    0.5734   -0.7757
   -0.1973    0.7550    0.6253
...   115 G-C ...
   33.4557  -85.5650   -3.4122
    0.5995    0.5703   -0.5615
   -0.7889    0.3027   -0.5349
   -0.1351    0.7636    0.6314
...   116 T-A ...
   33.5925  -83.1285   -1.0584
    0.0531    0.6495   -0.7585
   -0.9885   -0.0735   -0.1322
   -0.1416    0.7568    0.6381
...   117 A-T ...
   32.3935  -80.9909    1.4458
   -0.6717    0.4729   -0.5702
   -0.7305   -0.5511    0.4034
   -0.1235    0.6875    0.7156
...   118 T-A ...
   32.3795  -78.3403    3.4408
   -0.9591    0.1142   -0.2590
   -0.2579   -0.7299    0.6331
   -0.1168    0.6740    0.7295
...   119 A-T ...
   32.1032  -76.4612    6.2961
   -0.8865   -0.4115    0.2117
    0.4454   -0.6342    0.6320
   -0.1258    0.6546    0.7454
...   120 A-T ...
   31.5518  -74.2797    8.6392
   -0.4447   -0.7223    0.5296
    0.8854   -0.2652    0.3817
   -0.1353    0.6386    0.7575
...   121 T-A ...
   30.4643  -72.2215   10.9627
    0.0882   -0.7661    0.6366
    0.9862    0.1571    0.0525
   -0.1402    0.6232    0.7694
...   122 G-C ...
   30.3330  -70.2569   13.7156
    0.6776   -0.5728    0.4613
    0.7267    0.6179   -0.3002
   -0.1131    0.5386    0.8349
...   123 T-A ...
   29.7446  -69.0401   16.7755
    0.9693   -0.1469    0.1973
    0.2271    0.8421   -0.4891
   -0.0943    0.5189    0.8496
...   124 G-C ...
   29.6409  -67.0271   19.4854
    0.9062    0.3751   -0.1952
   -0.4221    0.7759   -0.4688
   -0.0243    0.5073    0.8614
...   125 T-A ...
   30.0214  -65.7446   22.5845
    0.5139    0.7434   -0.4281
   -0.8577    0.4349   -0.2744
   -0.0178    0.5082    0.8611
...   126 C-G ...
   30.0462  -64.0732   25.4686
   -0.1391    0.8514   -0.5057
   -0.9901   -0.1302    0.0530
   -0.0207    0.5081    0.8611
...   127 G-C ...
   29.5281  -62.5475   28.4929
   -0.7051    0.5587   -0.4367
   -0.7052   -0.6173    0.3489
   -0.0747    0.5539    0.8292
...   128 A-T ...
   29.3624  -60.7068   31.2475
   -0.9884    0.0405   -0.1461
   -0.1135   -0.8363    0.5363
   -0.1005    0.5467    0.8313
...   129 C-G ...
   28.9295  -58.4157   33.6330
   -0.8823   -0.4468    0.1481
    0.4523   -0.7176    0.5296
   -0.1303    0.5342    0.8352
...   130 C-G ...
   28.2348  -56.5655   36.3887
   -0.4475   -0.8239    0.3477
    0.8734   -0.3192    0.3678
   -0.1920    0.4683    0.8625
...   131 A-T ...
   27.8477  -55.1387   39.4309
    0.1908   -0.8914    0.4111
    0.9594    0.2579    0.1138
   -0.2075    0.3727    0.9045
...   132 A-T ...
   27.0111  -54.0811   42.3946
    0.7278   -0.5595    0.3966
    0.6519    0.7440   -0.1467
   -0.2130    0.3653    0.9062
...   133 A-T ...
   26.2481  -53.1191   45.4167
    0.9702    0.0070    0.2422
    0.0805    0.9334   -0.3497
   -0.2286    0.3588    0.9050
...   134 T-A ...
   25.6308  -52.5797   48.6350
    0.8597    0.5096    0.0340
   -0.4497    0.7867   -0.4230
   -0.2423    0.3484    0.9055
...   135 G-C ...
   25.2859  -52.4981   52.0751
    0.3205    0.9427   -0.0927
   -0.8825    0.2616   -0.3908
   -0.3442    0.2071    0.9158
...   136 T-A ...
   25.5356  -52.9669   55.8002
   -0.2443    0.9563   -0.1608
   -0.8908   -0.2868   -0.3525
   -0.3832    0.0571    0.9219
...   137 G-C ...
   24.9038  -52.7260   58.9821
   -0.7529    0.5562   -0.3519
   -0.5214   -0.8303   -0.1968
   -0.4017    0.0354    0.9151
...   138 A-T ...
   24.0250  -51.6262   61.9211
   -0.9563    0.0400   -0.2896
   -0.0523   -0.9980    0.0347
   -0.2877    0.0483    0.9565
...   139 G-C ...
   22.3574  -51.2301   64.4910
   -0.8529   -0.5117   -0.1032
    0.4973   -0.8566    0.1372
   -0.1586    0.0657    0.9852
...   140 C-G ...
   22.1609  -50.1387   67.4618
   -0.4681   -0.8749    0.1247
    0.8495   -0.4066    0.3363
   -0.2435    0.2633    0.9335
...   141 G-C ...
   21.4366  -51.8165   72.7856
    0.1304   -0.7141   -0.6877
    0.8897   -0.2218    0.3990
   -0.4375   -0.6639    0.6065
...   142 C-G ...
   20.4355  -54.2995   74.5395
    0.5847   -0.7390   -0.3347
    0.7593    0.3532    0.5466
   -0.2857   -0.5737    0.7676
...   143 T-A ...
   18.4378  -55.5191   76.5273
    0.8548   -0.5006    0.1370
    0.3188    0.7147    0.6225
   -0.4096   -0.4884    0.7705
...   144 C-G ...
   16.8485  -57.7127   78.2648
    0.8529   -0.0846    0.5152
   -0.1509    0.9047    0.3983
   -0.4998   -0.4175    0.7589
...   145 A-T ...
   15.7933  -59.5519   80.7963
    0.5515    0.4995    0.6681
   -0.6739    0.7388    0.0040
   -0.4915   -0.4525    0.7441
...   146 C-G ...
   15.7411  -61.4840   83.9296
    0.0342    0.7400    0.6718
   -0.8637    0.3601   -0.3527
   -0.5029   -0.5681    0.6514
...   147 A-T ...
   14.7481  -63.4172   86.8165
   -0.5923    0.6746    0.4405
   -0.6886   -0.1400   -0.7115
   -0.4183   -0.7247    0.5475
