  147 base-pairs
...     1 T-A ...
    0.0000    0.0000    0.0000
    1.0000    0.0000    0.0000
    0.0000    1.0000    0.0000
    0.0000    0.0000    1.0000
...     2 G-C ...
   -0.5555   -1.1003    3.3981
    0.7749    0.6051    0.1828
   -0.5991    0.7953   -0.0929
   -0.2016   -0.0375    0.9787
...     3 T-A ...
   -0.6619   -3.0237    6.5348
    0.3046    0.9250    0.2271
   -0.8994    0.3578   -0.2510
   -0.3134   -0.1278    0.9410
...     4 G-C ...
   -1.1607   -3.8418    9.6940
   -0.3351    0.9421    0.0133
   -0.8752   -0.3061   -0.3746
   -0.3489   -0.1372    0.9271
...     5 A-T ...
   -1.3881   -3.6770   12.8999
   -0.7835    0.6162   -0.0801
   -0.5677   -0.7622   -0.3109
   -0.2527   -0.1981    0.9470
...     6 G-C ...
   -2.6236   -3.5448   15.7072
   -0.9923    0.0611   -0.1075
   -0.0294   -0.9610   -0.2748
   -0.1201   -0.2695    0.9555
...     7 C-G ...
   -2.3138   -3.7570   18.8866
   -0.8620   -0.4995   -0.0864
    0.5008   -0.8655    0.0073
   -0.0785   -0.0370    0.9962
...     8 G-C ...
   -3.9561   -6.8109   23.3205
   -0.2581   -0.3560   -0.8981
    0.6294   -0.7673    0.1233
   -0.7330   -0.5335    0.4221
...     9 C-G ...
   -6.1177   -8.9414   24.2385
    0.1143   -0.7320   -0.6716
    0.8123   -0.3203    0.4874
   -0.5720   -0.6013    0.5580
...    10 T-A ...
   -8.5041   -9.6771   26.0540
    0.4660   -0.8587   -0.2131
    0.6274    0.1508    0.7640
   -0.6239   -0.4897    0.6090
...    11 C-G ...
  -11.0625  -11.3174   27.2336
    0.6660   -0.6911    0.2808
    0.3382    0.6152    0.7121
   -0.6649   -0.3794    0.6435
...    12 A-T ...
  -13.0013  -13.1789   29.0658
    0.7188   -0.1490    0.6790
   -0.1787    0.9043    0.3876
   -0.6718   -0.4000    0.6235
...    13 C-G ...
  -14.1788  -15.9359   31.3399
    0.4052    0.2865    0.8682
   -0.5270    0.8492   -0.0343
   -0.7470   -0.4437    0.4951
...    14 A-T ...
  -15.9532  -18.1566   33.3080
   -0.1503    0.6873    0.7107
   -0.6106    0.5008   -0.6135
   -0.7776   -0.5261    0.3444
...    15 A-T ...
  -18.3952  -19.9114   34.5493
   -0.4995    0.8426    0.2012
   -0.3890   -0.0107   -0.9212
   -0.7741   -0.5384    0.3331
...    16 T-A ...
  -20.7409  -21.6031   36.3606
   -0.6691    0.6667   -0.3284
   -0.0284   -0.4645   -0.8851
   -0.7427   -0.5829    0.3297
...    17 T-A ...
  -23.1720  -23.3211   37.7579
   -0.5827    0.2278   -0.7801
    0.3996   -0.7556   -0.5191
   -0.7077   -0.6142    0.3493
...    18 T-A ...
  -25.5650  -25.1942   38.9749
   -0.2262   -0.2454   -0.9427
    0.6702   -0.7414    0.0322
   -0.7068   -0.6245    0.3322
...    19 A-T ...
  -27.6961  -27.5653   40.1724
    0.2813   -0.6309   -0.7231
    0.6600   -0.4198    0.6230
   -0.6966   -0.6525    0.2983
...    20 T-A ...
  -30.3363  -29.5133   40.6067
    0.5968   -0.7526   -0.2783
    0.4076   -0.0145    0.9131
   -0.6912   -0.6584    0.2981
...    21 T-A ...
  -32.6111  -31.7319   41.3302
    0.7162   -0.6174    0.3253
   -0.0480    0.4214    0.9056
   -0.6963   -0.6642    0.2722
...    22 C-G ...
  -34.7951  -34.0034   42.3070
    0.5532   -0.2199    0.8035
   -0.4940    0.6900    0.5290
   -0.6708   -0.6896    0.2731
...    23 G-C ...
  -37.1324  -35.9207   43.8651
    0.2544    0.2917    0.9221
   -0.7691    0.6391    0.0100
   -0.5864   -0.7117    0.3869
...    24 C-G ...
  -38.7277  -38.4569   45.2466
   -0.1681    0.6219    0.7648
   -0.7876    0.3819   -0.4836
   -0.5929   -0.6837    0.4256
...    25 A-T ...
  -41.1483  -40.6958   46.0807
   -0.6182    0.7333    0.2831
   -0.4975   -0.0861   -0.8632
   -0.6086   -0.6745    0.4180
...    26 A-T ...
  -43.1023  -42.8688   47.6056
   -0.8032    0.5239   -0.2835
   -0.0197   -0.4991   -0.8663
   -0.5954   -0.6903    0.4112
...    27 A-T ...
  -45.0169  -44.9960   49.2072
   -0.6639    0.1037   -0.7406
    0.4878   -0.6906   -0.5340
   -0.5669   -0.7157    0.4079
...    28 G-C ...
  -47.2670  -47.1041   50.6399
   -0.2416   -0.2512   -0.9373
    0.7677   -0.6403   -0.0263
   -0.5935   -0.7259    0.3475
...    29 G-C ...
  -49.5771  -49.5110   51.6231
    0.3151   -0.5110   -0.7997
    0.7529   -0.3784    0.5385
   -0.5778   -0.7718    0.2655
...    30 C-G ...
  -51.6120  -52.0746   52.0483
    0.7255   -0.5861   -0.3609
    0.4156   -0.0450    0.9085
   -0.5487   -0.8090    0.2109
...    31 C-G ...
  -53.3851  -54.8712   52.5345
    0.8694   -0.4443    0.2162
   -0.1080    0.2562    0.9606
   -0.4821   -0.8585    0.1748
...    32 G-C ...
  -54.6814  -57.5672   53.5737
    0.7056   -0.1576    0.6909
   -0.5949    0.3980    0.6984
   -0.3850   -0.9038    0.1870
...    33 G-C ...
  -55.5590  -60.7321   54.4890
    0.2457    0.1312    0.9604
   -0.9086    0.3762    0.1811
   -0.3376   -0.9172    0.2117
...    34 C-G ...
  -56.3768  -63.8262   55.3466
   -0.3280    0.3449    0.8794
   -0.8853    0.2127   -0.4136
   -0.3297   -0.9142    0.2356
...    35 C-G ...
  -57.4838  -66.8563   56.5187
   -0.7869    0.4160    0.4557
   -0.5168   -0.0408   -0.8551
   -0.3371   -0.9085    0.2470
...    36 C-G ...
  -58.5642  -69.9282   57.6823
   -0.9239    0.3490   -0.1567
    0.0535   -0.2878   -0.9562
   -0.3788   -0.8918    0.2473
...    37 G-C ...
  -59.1536  -73.4394   57.6455
   -0.6783    0.1763   -0.7133
    0.6116   -0.4026   -0.6811
   -0.4073   -0.8982    0.1653
...    38 A-T ...
  -60.3678  -76.3049   58.3291
   -0.1671   -0.0838   -0.9824
    0.9067   -0.4045   -0.1197
   -0.3874   -0.9107    0.1435
...    39 C-G ...
  -61.9769  -79.0508   58.5199
    0.3738   -0.2250   -0.8998
    0.8466   -0.3136    0.4301
   -0.3789   -0.9225    0.0733
...    40 A-T ...
  -63.0981  -82.2776   58.5897
    0.8446   -0.2762   -0.4587
    0.4334   -0.1505    0.8886
   -0.3145   -0.9492   -0.0074
...    41 C-G ...
  -63.9214  -85.4384   57.9958
    0.9596   -0.2635    0.0988
   -0.1050   -0.0096    0.9944
   -0.2611   -0.9646   -0.0368
...    42 G-C ...
  -64.7057  -88.6993   58.3680
    0.6901   -0.1748    0.7023
   -0.7013    0.0781    0.7086
   -0.1787   -0.9815   -0.0686
...    43 A-T ...
  -65.2002  -91.8805   58.1393
    0.1092   -0.1091    0.9880
   -0.9788    0.1615    0.1260
   -0.1733   -0.9808   -0.0891
...    44 C-G ...
  -65.1878  -95.2218   57.9738
   -0.4563    0.0102    0.8898
   -0.8743    0.1808   -0.4504
   -0.1655   -0.9835   -0.0736
...    45 T-A ...
  -65.2844  -98.8606   58.2022
   -0.8896    0.1202    0.4406
   -0.4223    0.1507   -0.8939
   -0.1739   -0.9812   -0.0833
...    46 T-A ...
  -65.7338 -102.0578   58.0815
   -0.9726    0.1545   -0.1736
    0.1911    0.1068   -0.9757
   -0.1322   -0.9822   -0.1334
...    47 A-T ...
  -65.8292 -105.3917   57.2463
   -0.5830    0.1812   -0.7920
    0.8050   -0.0030   -0.5933
   -0.1099   -0.9834   -0.1441
...    48 C-G ...
  -66.7660 -108.5638   57.0896
   -0.0388    0.2049   -0.9780
    0.9926   -0.1051   -0.0614
   -0.1154   -0.9731   -0.1993
...    49 T-A ...
  -67.4490 -111.7685   56.1907
    0.5336    0.2049   -0.8205
    0.8413   -0.2272    0.4904
   -0.0859   -0.9521   -0.2936
...    50 G-C ...
  -67.4445 -114.9814   54.9821
    0.9305    0.1828   -0.3174
    0.3640   -0.3650    0.8569
    0.0408   -0.9129   -0.4062
...    51 T-A ...
  -67.1878 -117.6566   53.2114
    0.9757   -0.0114    0.2189
   -0.2017   -0.4377    0.8762
    0.0858   -0.8990   -0.4294
...    52 A-T ...
  -67.2766 -121.0779   52.3867
    0.5744   -0.3485    0.7407
   -0.8131   -0.3468    0.4675
    0.0939   -0.8708   -0.4826
...    53 G-C ...
  -66.7324 -123.9402   50.8684
    0.0172   -0.4543    0.8907
   -0.9903   -0.1306   -0.0475
    0.1379   -0.8812   -0.4522
...    54 G-C ...
  -65.5763 -127.1557   49.6584
   -0.5863   -0.4165    0.6948
   -0.7974    0.1457   -0.5856
    0.1427   -0.8974   -0.4175
...    55 T-A ...
  -64.8362 -130.2352   48.6320
   -0.9258   -0.2922    0.2399
   -0.3403    0.3673   -0.8656
    0.1648   -0.8830   -0.4395
...    56 A-T ...
  -64.1567 -133.3026   47.3002
   -0.9290    0.0210   -0.3695
    0.3308    0.4953   -0.8033
    0.1661   -0.8685   -0.4671
...    57 T-A ...
  -63.9611 -136.4109   46.2749
   -0.5898    0.2860   -0.7553
    0.7856    0.4198   -0.4545
    0.1871   -0.8614   -0.4722
...    58 C-G ...
  -63.5563 -139.3732   44.5684
    0.0598    0.5294   -0.8463
    0.9805    0.1281    0.1494
    0.1875   -0.8387   -0.5114
...    59 T-A ...
  -63.0489 -141.9988   42.5730
    0.5789    0.5858   -0.5672
    0.7855   -0.2139    0.5808
    0.2189   -0.7817   -0.5840
...    60 C-G ...
  -62.0009 -144.4973   40.6646
    0.9256    0.3722   -0.0691
    0.2916   -0.5843    0.7574
    0.2415   -0.7212   -0.6493
...    61 G-C ...
  -60.7248 -147.2157   38.9823
    0.8682    0.0900    0.4880
   -0.2482   -0.7728    0.5840
    0.4297   -0.6282   -0.6486
...    62 A-T ...
  -59.1064 -149.2262   36.8295
    0.5132   -0.4187    0.7492
   -0.7225   -0.6820    0.1138
    0.4633   -0.5997   -0.6525
...    63 T-A ...
  -57.0560 -150.8692   34.8047
    0.0346   -0.7257    0.6871
   -0.8789   -0.3494   -0.3248
    0.4758   -0.5927   -0.6499
...    64 C-G ...
  -55.2950 -152.8448   32.7318
   -0.5385   -0.7895    0.2945
   -0.6870    0.2091   -0.6959
    0.4878   -0.5771   -0.6550
...    65 A-T ...
  -53.7460 -154.2153   29.9760
   -0.8790   -0.4514   -0.1536
   -0.2168    0.6652   -0.7145
    0.4247   -0.5948   -0.6825
...    66 T-A ...
  -52.3434 -156.5335   28.0666
   -0.8615   -0.0148   -0.5075
    0.2871    0.8103   -0.5109
    0.4188   -0.5858   -0.6939
...    67 G-C ...
  -50.7883 -158.5896   25.6712
   -0.5109    0.5470   -0.6632
    0.7544    0.6551   -0.0409
    0.4120   -0.5212   -0.7474
...    68 T-A ...
  -49.9199 -160.6309   23.1110
   -0.0041    0.8289   -0.5593
    0.9034    0.2429    0.3533
    0.4287   -0.5038   -0.7499
...    69 T-A ...
  -48.6868 -162.1722   20.6257
    0.4843    0.8537   -0.1915
    0.7406   -0.2835    0.6092
    0.4658   -0.4369   -0.7695
...    70 A-T ...
  -46.7979 -163.6942   18.2486
    0.8068    0.5124    0.2942
    0.2867   -0.7749    0.5633
    0.5166   -0.3701   -0.7721
...    71 T-A ...
  -45.1312 -164.2002   15.4582
    0.8302    0.0190    0.5571
   -0.1767   -0.9389    0.2954
    0.5287   -0.3437   -0.7762
...    72 A-T ...
  -43.4727 -165.7015   12.7770
    0.5087   -0.6594    0.5536
   -0.6919   -0.6958   -0.1930
    0.5124   -0.2849   -0.8101
...    73 A-T ...
  -41.5965 -166.5160   10.2341
    0.0009   -0.9681    0.2506
   -0.8582   -0.1294   -0.4967
    0.5133   -0.2146   -0.8309
...    74 C-G ...
  -39.2264 -167.2390    7.7393
   -0.4692   -0.8704   -0.1496
   -0.7025    0.4704   -0.5340
    0.5352   -0.1455   -0.8321
...    75 G-C ...
  -37.5248 -167.4890    4.9225
   -0.7947   -0.3362   -0.5054
   -0.2276    0.9369   -0.2654
    0.5627   -0.0959   -0.8211
...    76 G-C ...
  -35.3649 -167.9278    2.3760
   -0.8230    0.2507   -0.5098
    0.2383    0.9669    0.0909
    0.5157   -0.0467   -0.8555
...    77 A-T ...
  -33.2928 -168.0743   -0.2460
   -0.5254    0.7959   -0.3009
    0.6666    0.6048    0.4357
    0.5288    0.0284   -0.8483
...    78 G-C ...
  -31.6863 -167.8572   -3.1394
   -0.1240    0.9895    0.0747
    0.8364    0.0637    0.5444
    0.5339    0.1300   -0.8355
...    79 C-G ...
  -30.3445 -167.1960   -6.1946
    0.3447    0.8300    0.4384
    0.7610   -0.5205    0.3873
    0.5497    0.2001   -0.8111
...    80 T-A ...
  -28.6329 -166.2355   -8.8822
    0.6457    0.3872    0.6581
    0.4824   -0.8750    0.0415
    0.5919    0.2907   -0.7518
...    81 C-G ...
  -26.2567 -165.4437  -10.9840
    0.7840   -0.2237    0.5790
    0.0777   -0.8901   -0.4491
    0.6159    0.3971   -0.6805
...    82 G-C ...
  -23.8440 -165.1363  -13.6280
    0.6578   -0.7227    0.2123
   -0.3402   -0.5365   -0.7723
    0.6720    0.4358   -0.5987
...    83 G-C ...
  -21.2009 -163.6871  -15.3515
    0.3135   -0.9082   -0.2772
   -0.6393    0.0140   -0.7688
    0.7021    0.4183   -0.5762
...    84 G-C ...
  -18.6610 -162.4972  -17.2096
   -0.1533   -0.7522   -0.6409
   -0.6736    0.5540   -0.4892
    0.7231    0.3567   -0.5916
...    85 A-T ...
  -15.9350 -161.4214  -18.9939
   -0.5150   -0.2049   -0.8323
   -0.4374    0.8979    0.0496
    0.7372    0.3896   -0.5521
...    86 T-A ...
  -13.3401 -160.6876  -20.9260
   -0.6729    0.3154   -0.6692
   -0.0976    0.8588    0.5029
    0.7333    0.4037   -0.5471
...    87 C-G ...
  -10.8898 -159.4912  -22.9055
   -0.5958    0.7769   -0.2035
    0.3219    0.4632    0.8257
    0.7358    0.4264   -0.5261
...    88 C-G ...
   -8.2458 -158.3754  -24.5820
   -0.4412    0.8216    0.3611
    0.5765   -0.0489    0.8156
    0.6877    0.5680   -0.4520
...    89 G-C ...
   -5.7069 -156.3824  -25.6226
   -0.1504    0.5412    0.8273
    0.7493   -0.4835    0.4525
    0.6449    0.6880   -0.3328
...    90 C-G ...
   -3.9095 -153.6284  -26.7141
    0.2919    0.1361    0.9467
    0.7103   -0.6937   -0.1193
    0.6405    0.7073   -0.2992
...    91 T-A ...
   -1.7923 -150.8405  -27.1164
    0.6379   -0.3139    0.7033
    0.4547   -0.5835   -0.6729
    0.6215    0.7490   -0.2294
...    92 T-A ...
    0.1758 -148.2486  -27.5432
    0.8086   -0.5704    0.1443
   -0.0081   -0.2560   -0.9666
    0.5884    0.7804   -0.2116
...    93 T-A ...
    2.1443 -145.6282  -27.8918
    0.6786   -0.5623   -0.4726
   -0.4908    0.1315   -0.8613
    0.5464    0.8164   -0.1867
...    94 A-T ...
    3.0897 -142.5385  -28.9803
    0.2844   -0.1856   -0.9406
   -0.8408    0.4231   -0.3377
    0.4606    0.8869   -0.0357
...    95 A-T ...
    4.7412 -139.7204  -28.9421
   -0.2561    0.1840   -0.9490
   -0.8603    0.4042    0.3106
    0.4407    0.8960    0.0547
...    96 C-G ...
    6.6761 -136.8902  -28.9829
   -0.6942    0.4058   -0.5945
   -0.5679    0.1988    0.7987
    0.4423    0.8921    0.0924
...    97 A-T ...
    8.1554 -133.9009  -28.5633
   -0.9230    0.3846    0.0113
   -0.0388   -0.1223    0.9917
    0.3828    0.9149    0.1277
...    98 C-G ...
    9.1447 -130.7011  -28.7085
   -0.8159    0.2237    0.5332
    0.4564   -0.3171    0.8314
    0.3551    0.9216    0.1566
...    99 T-A ...
    9.9231 -127.2540  -28.3344
   -0.4282   -0.1201    0.8957
    0.8535   -0.3794    0.3571
    0.2969    0.9174    0.2650
...   100 T-A ...
   10.5489 -124.2050  -27.3859
    0.1395   -0.3426    0.9291
    0.9470   -0.2279   -0.2262
    0.2893    0.9114    0.2927
...   101 T-A ...
   11.4093 -121.2831  -26.2571
    0.6423   -0.4540    0.6175
    0.7037    0.0301   -0.7099
    0.3037    0.8905    0.3388
...   102 A-T ...
   12.6317 -118.2477  -25.2184
    0.9473   -0.3203    0.0098
    0.1263    0.3450   -0.9301
    0.2945    0.8823    0.3673
...   103 T-A ...
   13.6087 -115.7513  -23.3337
    0.8838   -0.1230   -0.4514
   -0.3440    0.4830   -0.8052
    0.3171    0.8670    0.3845
...   104 G-C ...
   14.9217 -113.0094  -22.0167
    0.4586    0.1280   -0.8794
   -0.8008    0.4884   -0.3466
    0.3851    0.8632    0.3265
...   105 C-G ...
   16.5368 -110.2548  -20.9883
   -0.0862    0.3813   -0.9204
   -0.9239    0.3151    0.2171
    0.3728    0.8691    0.3251
...   106 T-A ...
   18.1794 -107.3397  -20.0712
   -0.6196    0.4779   -0.6227
   -0.6936    0.0379    0.7193
    0.3674    0.8776    0.3080
...   107 T-A ...
   19.4562 -104.5087  -19.2363
   -0.9159    0.3856   -0.1116
   -0.2205   -0.2510    0.9425
    0.3354    0.8879    0.3149
...   108 C-G ...
   20.5118 -101.4609  -18.3461
   -0.8860    0.0970    0.4535
    0.3715   -0.4371    0.8191
    0.2777    0.8942    0.3512
...   109 C-G ...
   21.5386  -98.5026  -17.3157
   -0.5861   -0.2857    0.7582
    0.7868   -0.4240    0.4484
    0.1934    0.8594    0.4733
...   110 G-C ...
   22.3264  -96.0511  -15.5167
   -0.1089   -0.5852    0.8036
    0.9850   -0.1721    0.0082
    0.1335    0.7924    0.5952
...   111 G-C ...
   22.6075  -93.7350  -13.1066
    0.4486   -0.6455    0.6182
    0.8853    0.2262   -0.4063
    0.1224    0.7295    0.6729
...   112 C-G ...
   22.8468  -91.8263  -10.3330
    0.8672   -0.4302    0.2507
    0.4787    0.5818   -0.6575
    0.1370    0.6902    0.7105
...   113 T-A ...
   23.3234  -89.6976   -7.8304
    0.9851   -0.0461   -0.1658
   -0.0746    0.7537   -0.6530
    0.1551    0.6556    0.7390
...   114 C-G ...
   23.9418  -87.3646   -5.5535
    0.7285    0.4358   -0.5286
   -0.6617    0.6476   -0.3779
    0.1777    0.6250    0.7601
...   115 G-C ...
   24.1059  -85.0701   -3.1493
    0.1618    0.7254   -0.6690
   -0.9693    0.2441    0.0304
    0.1854    0.6435    0.7426
...   116 T-A ...
   25.3939  -82.7443   -1.0050
   -0.4163    0.7168   -0.5593
   -0.8948   -0.2137    0.3921
    0.1616    0.6637    0.7303
...   117 A-T ...
   26.1873  -80.3517    1.3075
   -0.8839    0.4016   -0.2396
   -0.4535   -0.6114    0.6485
    0.1139    0.6819    0.7226
...   118 T-A ...
   26.7115  -77.6913    3.1552
   -0.9908    0.0210    0.1340
    0.0744   -0.7415    0.6668
    0.1134    0.6707    0.7331
...   119 A-T ...
   27.2088  -75.6742    5.8507
   -0.7270   -0.4800    0.4910
    0.6825   -0.5840    0.4396
    0.0757    0.6547    0.7521
...   120 A-T ...
   27.1920  -73.4901    8.2556
   -0.2052   -0.7715    0.6023
    0.9779   -0.1869    0.0937
    0.0403    0.6082    0.7928
...   121 T-A ...
   26.6914  -71.5702   10.9268
    0.3454   -0.7590    0.5519
    0.9380    0.2610   -0.2280
    0.0290    0.5965    0.8021
...   122 G-C ...
   26.7918  -69.6865   13.8230
    0.8473   -0.4786    0.2305
    0.5264    0.6982   -0.4853
    0.0713    0.5325    0.8434
...   123 T-A ...
   26.9833  -68.4352   16.8876
    0.9978   -0.0330   -0.0572
   -0.0014    0.8556   -0.5176
    0.0660    0.5165    0.8537
...   124 G-C ...
   27.2425  -66.7425   19.8110
    0.7816    0.4895   -0.3866
   -0.6144    0.7109   -0.3422
    0.1073    0.5050    0.8564
...   125 T-A ...
   27.9609  -65.4648   22.7091
    0.3252    0.7833   -0.5298
   -0.9384    0.3366   -0.0782
    0.1170    0.5226    0.8445
...   126 C-G ...
   28.3947  -63.8006   25.4140
   -0.3068    0.8325   -0.4614
   -0.9447   -0.2072    0.2543
    0.1161    0.5139    0.8500
...   127 G-C ...
   28.1441  -62.3414   28.4493
   -0.7925    0.5019   -0.3463
   -0.6097   -0.6388    0.4693
    0.0143    0.5831    0.8123
...   128 A-T ...
   28.3476  -60.5352   31.0563
   -0.9998    0.0153   -0.0094
   -0.0179   -0.8270    0.5619
    0.0008    0.5620    0.8271
...   129 C-G ...
   28.1873  -58.1133   33.2917
   -0.8505   -0.4613    0.2528
    0.5240   -0.7002    0.4849
   -0.0467    0.5449    0.8372
...   130 C-G ...
   27.4213  -56.2319   36.0426
   -0.4247   -0.8243    0.3744
    0.8947   -0.3189    0.3127
   -0.1383    0.4678    0.8730
...   131 A-T ...
   27.6217  -54.9605   39.2141
    0.2043   -0.8950    0.3965
    0.9658    0.2504    0.0676
   -0.1598    0.3691    0.9155
...   132 A-T ...
   27.0065  -53.9554   42.2873
    0.7342   -0.5760    0.3594
    0.6569    0.7365   -0.1616
   -0.1716    0.3548    0.9191
...   133 A-T ...
   26.2272  -53.1262   45.3713
    0.9713   -0.0003    0.2377
    0.0864    0.9320   -0.3520
   -0.2215    0.3624    0.9053
...   134 T-A ...
   25.6307  -52.5796   48.6349
    0.8597    0.5096    0.0340
   -0.4497    0.7867   -0.4230
   -0.2423    0.3484    0.9055
...   135 G-C ...
   25.2858  -52.4980   52.0750
    0.3205    0.9427   -0.0927
   -0.8825    0.2616   -0.3908
   -0.3441    0.2071    0.9158
...   136 T-A ...
   25.5355  -52.9668   55.8001
   -0.2443    0.9563   -0.1608
   -0.8908   -0.2868   -0.3525
   -0.3832    0.0571    0.9219
...   137 G-C ...
   24.9037  -52.7259   58.9820
   -0.7529    0.5562   -0.3519
   -0.5214   -0.8303   -0.1968
   -0.4017    0.0354    0.9151
...   138 A-T ...
   24.0249  -51.6261   61.9210
   -0.9563    0.0400   -0.2896
   -0.0523   -0.9980    0.0347
   -0.2877    0.0483    0.9565
...   139 G-C ...
   22.3574  -51.2299   64.4909
   -0.8529   -0.5117   -0.1032
    0.4973   -0.8566    0.1372
   -0.1586    0.0657    0.9852
...   140 C-G ...
   22.1608  -50.1386   67.4617
   -0.4681   -0.8749    0.1247
    0.8495   -0.4066    0.3363
   -0.2435    0.2633    0.9335
...   141 G-C ...
   21.4366  -51.8164   72.7855
    0.1304   -0.7141   -0.6877
    0.8897   -0.2218    0.3990
   -0.4375   -0.6639    0.6065
...   142 C-G ...
   20.4354  -54.2994   74.5394
    0.5847   -0.7390   -0.3347
    0.7593    0.3532    0.5466
   -0.2857   -0.5737    0.7676
...   143 T-A ...
   18.4377  -55.5190   76.5272
    0.8548   -0.5006    0.1370
    0.3188    0.7147    0.6225
   -0.4096   -0.4884    0.7705
...   144 C-G ...
   16.8485  -57.7126   78.2647
    0.8529   -0.0846    0.5152
   -0.1509    0.9047    0.3983
   -0.4998   -0.4175    0.7589
...   145 A-T ...
   15.7933  -59.5518   80.7962
    0.5515    0.4995    0.6681
   -0.6739    0.7388    0.0040
   -0.4915   -0.4525    0.7441
...   146 C-G ...
   15.7410  -61.4839   83.9295
    0.0342    0.7400    0.6718
   -0.8637    0.3601   -0.3527
   -0.5029   -0.5681    0.6514
...   147 A-T ...
   14.7481  -63.4170   86.8164
   -0.5923    0.6746    0.4405
   -0.6886   -0.1400   -0.7115
   -0.4183   -0.7247    0.5475
