  147 base-pairs
...     1 T-A ...
    0.0000    0.0000    0.0000
    1.0000    0.0000    0.0000
    0.0000    1.0000    0.0000
    0.0000    0.0000    1.0000
...     2 G-C ...
   -0.5555   -1.1003    3.3981
    0.7749    0.6051    0.1828
   -0.5991    0.7953   -0.0929
   -0.2016   -0.0375    0.9787
...     3 T-A ...
   -0.6619   -3.0237    6.5348
    0.3046    0.9250    0.2271
   -0.8994    0.3578   -0.2510
   -0.3134   -0.1278    0.9410
...     4 G-C ...
   -1.1607   -3.8418    9.6940
   -0.3351    0.9421    0.0133
   -0.8752   -0.3061   -0.3746
   -0.3489   -0.1372    0.9271
...     5 A-T ...
   -1.3881   -3.6770   12.8999
   -0.7835    0.6162   -0.0801
   -0.5677   -0.7622   -0.3109
   -0.2527   -0.1981    0.9470
...     6 G-C ...
   -2.6236   -3.5448   15.7072
   -0.9923    0.0611   -0.1075
   -0.0294   -0.9610   -0.2748
   -0.1201   -0.2695    0.9555
...     7 C-G ...
   -2.3138   -3.7570   18.8866
   -0.8620   -0.4995   -0.0864
    0.5008   -0.8655    0.0073
   -0.0785   -0.0370    0.9962
...     8 G-C ...
   -3.9561   -6.8109   23.3205
   -0.2581   -0.3560   -0.8981
    0.6294   -0.7673    0.1233
   -0.7330   -0.5335    0.4221
...     9 C-G ...
   -6.1177   -8.9414   24.2385
    0.1143   -0.7320   -0.6716
    0.8123   -0.3203    0.4874
   -0.5720   -0.6013    0.5580
...    10 T-A ...
   -8.5041   -9.6771   26.0540
    0.4660   -0.8587   -0.2131
    0.6274    0.1508    0.7640
   -0.6239   -0.4897    0.6090
...    11 C-G ...
  -11.0625  -11.3174   27.2336
    0.6660   -0.6911    0.2808
    0.3382    0.6152    0.7121
   -0.6649   -0.3794    0.6435
...    12 A-T ...
  -13.0013  -13.1789   29.0658
    0.7188   -0.1490    0.6790
   -0.1787    0.9043    0.3876
   -0.6718   -0.4000    0.6235
...    13 C-G ...
  -14.1788  -15.9359   31.3399
    0.4052    0.2865    0.8682
   -0.5270    0.8492   -0.0343
   -0.7470   -0.4437    0.4951
...    14 A-T ...
  -15.9532  -18.1566   33.3080
   -0.1503    0.6873    0.7107
   -0.6106    0.5008   -0.6135
   -0.7776   -0.5261    0.3444
...    15 A-T ...
  -18.2975  -20.0069   34.6472
   -0.5290    0.8200    0.2186
   -0.3865   -0.0035   -0.9223
   -0.7555   -0.5723    0.3188
...    16 T-A ...
  -20.5571  -21.7691   36.3415
   -0.6749    0.6774   -0.2926
   -0.0383   -0.4281   -0.9029
   -0.7369   -0.5981    0.3149
...    17 T-A ...
  -22.9192  -23.6235   37.6220
   -0.5844    0.2724   -0.7644
    0.3900   -0.7317   -0.5590
   -0.7116   -0.6248    0.3214
...    18 T-A ...
  -25.3108  -25.4947   38.7923
   -0.2407   -0.2108   -0.9474
    0.6735   -0.7392   -0.0066
   -0.6990   -0.6397    0.3198
...    19 A-T ...
  -27.4611  -27.8412   39.9089
    0.2800   -0.5757   -0.7682
    0.6733   -0.4526    0.5846
   -0.6843   -0.6810    0.2609
...    20 T-A ...
  -30.0182  -29.8713   40.2199
    0.6038   -0.7090   -0.3643
    0.4300   -0.0951    0.8978
   -0.6712   -0.6988    0.2474
...    21 T-A ...
  -32.1954  -32.1987   40.8126
    0.7585   -0.6136    0.2193
   -0.0113    0.3240    0.9460
   -0.6515   -0.7201    0.2388
...    22 C-G ...
  -34.1571  -34.7226   41.6021
    0.6182   -0.2703    0.7381
   -0.4895    0.6023    0.6306
   -0.6150   -0.7511    0.2400
...    23 G-C ...
  -36.2789  -37.0639   42.8605
    0.2586    0.1917    0.9468
   -0.7995    0.5926    0.0984
   -0.5422   -0.7824    0.3065
...    24 C-G ...
  -37.7056  -39.8529   44.0896
   -0.2349    0.5094    0.8278
   -0.8161    0.3593   -0.4527
   -0.5281   -0.7819    0.3313
...    25 A-T ...
  -39.7058  -42.3870   44.9983
   -0.6592    0.6582    0.3637
   -0.5106   -0.0367   -0.8590
   -0.5521   -0.7519    0.3603
...    26 A-T ...
  -41.3679  -44.8216   46.4111
   -0.8537    0.4757   -0.2118
    0.0002   -0.4065   -0.9137
   -0.5207   -0.7800    0.3469
...    27 A-T ...
  -43.0721  -47.2568   47.7539
   -0.6934    0.1267   -0.7093
    0.5202   -0.5931   -0.6145
   -0.4986   -0.7951    0.3454
...    28 G-C ...
  -44.9244  -49.7506   48.9776
   -0.2521   -0.1641   -0.9537
    0.8212   -0.5577   -0.1211
   -0.5120   -0.8137    0.2753
...    29 G-C ...
  -46.8526  -52.4011   49.8146
    0.3058   -0.3641   -0.8797
    0.8145   -0.3784    0.4397
   -0.4930   -0.8510    0.1809
...    30 C-G ...
  -48.7421  -55.1321   50.0254
    0.7383   -0.4610   -0.4923
    0.4950   -0.1254    0.8598
   -0.4581   -0.8785    0.1356
...    31 C-G ...
  -50.1183  -58.2189   50.1374
    0.9272   -0.3686    0.0668
   -0.0266    0.1131    0.9932
   -0.3737   -0.9227    0.0951
...    32 G-C ...
  -51.1525  -61.3739   50.9037
    0.7688   -0.1412    0.6238
   -0.5847    0.2399    0.7749
   -0.2591   -0.9605    0.1019
...    33 G-C ...
  -51.6068  -64.7246   51.3003
    0.3105    0.0805    0.9471
   -0.9298    0.2331    0.2850
   -0.1978   -0.9691    0.1472
...    34 C-G ...
  -51.8283  -68.0281   51.9209
   -0.2759    0.2176    0.9362
   -0.9435    0.1248   -0.3070
   -0.1836   -0.9680    0.1709
...    35 C-G ...
  -52.2857  -71.3018   52.7637
   -0.7609    0.2959    0.5774
   -0.6143   -0.0418   -0.7880
   -0.2091   -0.9543    0.2136
...    36 C-G ...
  -52.9128  -74.5084   53.7451
   -0.9616    0.2745    0.0059
   -0.0651   -0.2071   -0.9761
   -0.2668   -0.9390    0.2170
...    37 G-C ...
  -53.6698  -77.8163   54.0553
   -0.7845    0.1940   -0.5889
    0.5169   -0.3199   -0.7940
   -0.3425   -0.9274    0.1507
...    38 A-T ...
  -54.7930  -80.8631   54.6316
   -0.2941    0.0015   -0.9558
    0.8901   -0.3638   -0.2745
   -0.3481   -0.9315    0.1057
...    39 C-G ...
  -56.5062  -83.6761   54.9621
    0.2506   -0.1508   -0.9563
    0.9048   -0.3148    0.2867
   -0.3443   -0.9371    0.0576
...    40 A-T ...
  -57.4159  -86.9182   55.1513
    0.7713   -0.1921   -0.6069
    0.5730   -0.2055    0.7933
   -0.2771   -0.9596   -0.0484
...    41 C-G ...
  -58.4560  -89.9628   54.3513
    0.9690   -0.2346   -0.0782
    0.0570   -0.0956    0.9938
   -0.2406   -0.9674   -0.0793
...    42 G-C ...
  -58.9788  -93.3292   54.5006
    0.8364   -0.1551    0.5257
   -0.5340   -0.0149    0.8453
   -0.1233   -0.9878   -0.0952
...    43 A-T ...
  -59.2057  -96.6303   54.2048
    0.3280   -0.1264    0.9362
   -0.9398    0.0572    0.3370
   -0.0962   -0.9903   -0.1000
...    44 C-G ...
  -58.8532  -99.9716   53.8870
   -0.2476   -0.0765    0.9658
   -0.9653    0.1047   -0.2392
   -0.0828   -0.9916   -0.0998
...    45 T-A ...
  -58.8956 -103.3354   53.7932
   -0.7487    0.0154    0.6627
   -0.6567    0.1190   -0.7447
   -0.0903   -0.9928   -0.0789
...    46 T-A ...
  -58.9828 -106.6055   53.7310
   -0.9963    0.0439    0.0741
   -0.0689    0.1106   -0.9915
   -0.0517   -0.9929   -0.1072
...    47 A-T ...
  -58.8744 -109.9252   52.8919
   -0.7891    0.0960   -0.6067
    0.6137    0.0839   -0.7850
   -0.0245   -0.9918   -0.1252
...    48 C-G ...
  -59.4334 -113.2062   52.8634
   -0.3237    0.1650   -0.9316
    0.9455    0.0207   -0.3249
   -0.0343   -0.9861   -0.1628
...    49 T-A ...
  -59.8377 -116.4540   52.2227
    0.2557    0.2324   -0.9384
    0.9663   -0.0920    0.2406
   -0.0305   -0.9683   -0.2481
...    50 G-C ...
  -59.6100 -119.6897   51.2844
    0.7754    0.2512   -0.5793
    0.6302   -0.2517    0.7344
    0.0386   -0.9346   -0.3535
...    51 T-A ...
  -59.6050 -122.5009   49.5384
    0.9909    0.1146   -0.0709
    0.1088   -0.3688    0.9231
    0.0797   -0.9224   -0.3779
...    52 A-T ...
  -59.3008 -125.7809   48.6558
    0.8216   -0.1447    0.5513
   -0.5601   -0.3849    0.7336
    0.1060   -0.9115   -0.3973
...    53 G-C ...
  -58.6187 -128.7415   47.2293
    0.3591   -0.3080    0.8810
   -0.9215   -0.2668    0.2823
    0.1482   -0.9132   -0.3796
...    54 G-C ...
  -57.8132 -131.8652   46.1176
   -0.2490   -0.3716    0.8944
   -0.9537   -0.0666   -0.2932
    0.1685   -0.9260   -0.3378
...    55 T-A ...
  -56.7133 -134.9738   45.3449
   -0.7381   -0.3519    0.5756
   -0.6532    0.1591   -0.7403
    0.1689   -0.9224   -0.3473
...    56 A-T ...
  -56.1913 -137.8320   43.4389
   -0.9693   -0.2093   -0.1290
    0.0338    0.4062   -0.9132
    0.2435   -0.8895   -0.3867
...    57 T-A ...
  -55.5526 -141.0139   42.7567
   -0.8017    0.0319   -0.5968
    0.5389    0.4705   -0.6987
    0.2585   -0.8818   -0.3944
...    58 C-G ...
  -54.6827 -143.9638   41.5192
   -0.3131    0.3559   -0.8805
    0.9144    0.3635   -0.1782
    0.2566   -0.8609   -0.4392
...    59 T-A ...
  -54.1036 -146.8425   39.9346
    0.2243    0.5729   -0.7883
    0.9389    0.0897    0.3324
    0.2611   -0.8147   -0.5178
...    60 C-G ...
  -53.2320 -149.4529   38.1305
    0.7308    0.5589   -0.3918
    0.6166   -0.2944    0.7302
    0.2927   -0.7752   -0.5598
...    61 G-C ...
  -51.7778 -152.0437   36.4406
    0.9106    0.3727    0.1787
    0.1022   -0.6219    0.7764
    0.4005   -0.6887   -0.6043
...    62 A-T ...
  -50.2490 -154.2100   34.4459
    0.7700   -0.0766    0.6335
   -0.4650   -0.7472    0.4748
    0.4369   -0.6602   -0.6109
...    63 G-C ...
  -48.4976 -156.2196   32.3971
    0.3557   -0.4699    0.8079
   -0.8042   -0.5943    0.0084
    0.4761   -0.6527   -0.5892
...    64 C-G ...
  -46.5124 -158.3123   30.6255
   -0.1813   -0.7260    0.6634
   -0.8505   -0.2230   -0.4764
    0.4938   -0.6506   -0.5770
...    65 T-A ...
  -44.6429 -160.5523   28.9257
   -0.6420   -0.7166    0.2727
   -0.5878    0.2316   -0.7752
    0.4923   -0.6580   -0.5699
...    66 C-G ...
  -42.8960 -162.7221   27.0822
   -0.8676   -0.4124   -0.2779
   -0.0645    0.6474   -0.7594
    0.4931   -0.6409   -0.5883
...    67 T-A ...
  -41.3168 -165.0702   25.2631
   -0.7754    0.0601   -0.6286
    0.4318    0.7768   -0.4584
    0.4607   -0.6269   -0.6283
...    68 C-G ...
  -39.7512 -167.1927   23.2526
   -0.3694    0.5569   -0.7439
    0.8090    0.5866    0.0374
    0.4572   -0.5881   -0.6672
...    69 A-T ...
  -37.9943 -169.0357   21.0211
    0.1189    0.8689   -0.4804
    0.8802    0.1316    0.4559
    0.4594   -0.4771   -0.7492
...    70 T-A ...
  -37.0338 -170.4512   18.2317
    0.5407    0.8282   -0.1472
    0.6965   -0.3427    0.6304
    0.4717   -0.4434   -0.7622
...    71 G-C ...
  -35.0754 -171.8107   15.8298
    0.7886    0.5078    0.3466
    0.2725   -0.7940    0.5434
    0.5512   -0.3341   -0.7646
...    72 T-A ...
  -33.1652 -172.2595   13.1469
    0.7921   -0.0045    0.6104
   -0.1882   -0.9531    0.2371
    0.5807   -0.3027   -0.7558
...    73 T-A ...
  -31.1553 -172.9829   10.6767
    0.5396   -0.5931    0.5975
   -0.6211   -0.7596   -0.1931
    0.5684   -0.2669   -0.7782
...    74 A-T ...
  -29.9327 -174.1927    7.5996
    0.0084   -0.9855    0.1695
   -0.8371   -0.0997   -0.5379
    0.5470   -0.1374   -0.8258
...    75 T-A ...
  -27.5560 -174.6903    5.2941
   -0.4162   -0.8890   -0.1908
   -0.7177    0.4500   -0.5314
    0.5583   -0.0843   -0.8253
...    76 A-T ...
  -25.9234 -174.0726    2.2422
   -0.7359   -0.3044   -0.6048
   -0.2503    0.9523   -0.1748
    0.6291    0.0228   -0.7770
...    77 A-T ...
  -23.7917 -174.2031   -0.2285
   -0.7231    0.3353   -0.6039
    0.2222    0.9407    0.2563
    0.6541    0.0511   -0.7547
...    78 C-G ...
  -21.8619 -174.5401   -2.9136
   -0.5105    0.7946   -0.3287
    0.5753    0.5997    0.5562
    0.6390    0.0948   -0.7633
...    79 G-C ...
  -19.4247 -174.0203   -5.2531
   -0.1872    0.9661    0.1780
    0.7686    0.0312    0.6390
    0.6117    0.2565   -0.7484
...    80 G-C ...
  -17.5730 -172.8907   -7.8369
    0.1994    0.7765    0.5977
    0.7626   -0.5060    0.4030
    0.6153    0.3755   -0.6931
...    81 A-T ...
  -15.5138 -171.4618   -9.9731
    0.5831    0.2863    0.7603
    0.5136   -0.8550   -0.0720
    0.6294    0.4325   -0.6456
...    82 G-C ...
  -13.3978 -169.7090  -11.8796
    0.7298   -0.2693    0.6284
    0.1352   -0.8442   -0.5187
    0.6701    0.4635   -0.5797
...    83 G-C ...
  -10.8001 -168.0899  -13.4030
    0.6394   -0.7310    0.2382
   -0.2647   -0.5002   -0.8245
    0.7218    0.4641   -0.5133
...    84 G-C ...
   -8.0771 -166.6403  -14.8852
    0.3414   -0.8975   -0.2793
   -0.5592    0.0449   -0.8278
    0.7555    0.4388   -0.4866
...    85 A-T ...
   -5.4859 -165.1637  -16.4036
   -0.0708   -0.6505   -0.7562
   -0.6538    0.6028   -0.4573
    0.7534    0.4620   -0.4680
...    86 T-A ...
   -2.5834 -164.1268  -17.6995
   -0.3841   -0.1996   -0.9015
   -0.5272    0.8490    0.0367
    0.7580    0.4893   -0.4313
...    87 C-G ...
    0.0429 -162.5324  -19.0146
   -0.6403    0.3743   -0.6707
   -0.1919    0.7676    0.6115
    0.7437    0.5203   -0.4197
...    88 C-G ...
    2.6653 -160.9625  -20.5275
   -0.7031    0.6943   -0.1539
    0.1990    0.3999    0.8947
    0.6827    0.5984   -0.4193
...    89 G-C ...
    5.1539 -158.8377  -21.5399
   -0.5542    0.6955    0.4573
    0.5703   -0.0828    0.8172
    0.6062    0.7137   -0.3508
...    90 C-G ...
    6.7840 -156.2960  -22.9364
   -0.1821    0.4715    0.8629
    0.7925   -0.4492    0.4126
    0.5821    0.7589   -0.2918
...    91 T-A ...
    8.4610 -153.5329  -23.7312
    0.2351    0.0698    0.9695
    0.7903   -0.5943   -0.1489
    0.5658    0.8012   -0.1949
...    92 T-A ...
   10.1808 -150.8169  -24.1905
    0.6506   -0.3082    0.6941
    0.5119   -0.4971   -0.7006
    0.5610    0.8111   -0.1656
...    93 T-A ...
   11.9401 -148.0845  -24.4693
    0.8432   -0.5224    0.1270
    0.0275   -0.1940   -0.9806
    0.5369    0.8303   -0.1493
...    94 A-T ...
   13.4778 -145.1851  -25.6758
    0.6738   -0.4078   -0.6161
   -0.5832    0.2184   -0.7824
    0.4537    0.8866   -0.0906
...    95 A-T ...
   15.1512 -142.3596  -25.7016
    0.2084   -0.1141   -0.9714
   -0.8852    0.4004   -0.2369
    0.4160    0.9092   -0.0175
...    96 C-G ...
   17.1080 -139.5923  -25.7106
   -0.3177    0.1415   -0.9376
   -0.8564    0.3816    0.3478
    0.4069    0.9135   -0.0001
...    97 A-T ...
   18.2072 -136.4363  -25.3008
   -0.8019    0.2910   -0.5218
   -0.4869    0.1878    0.8531
    0.3462    0.9381   -0.0089
...    98 C-G ...
   19.5338 -133.4402  -25.8693
   -0.9500    0.3109    0.0297
    0.0252   -0.0184    0.9995
    0.3113    0.9503    0.0097
...    99 T-A ...
   20.3875 -130.2281  -26.0325
   -0.8064    0.1574    0.5701
    0.5433   -0.1838    0.8192
    0.2337    0.9703    0.0627
...   100 T-A ...
   20.9830 -127.0558  -25.8599
   -0.3567   -0.0349    0.9336
    0.9115   -0.2320    0.3396
    0.2048    0.9721    0.1145
...   101 T-A ...
   21.4547 -123.8907  -25.3906
    0.2275   -0.2094    0.9510
    0.9546   -0.1450   -0.2603
    0.1924    0.9670    0.1669
...   102 A-T ...
   22.3577 -120.7117  -24.6941
    0.7604   -0.3131    0.5690
    0.6164    0.0721   -0.7841
    0.2045    0.9470    0.2478
...   103 T-A ...
   22.7670 -117.7686  -23.2344
    0.9735   -0.2164    0.0745
    0.1273    0.2417   -0.9620
    0.1902    0.9459    0.2629
...   104 G-C ...
   23.5706 -114.5531  -22.6926
    0.8386   -0.0474   -0.5427
   -0.4905    0.3680   -0.7900
    0.2372    0.9286    0.2853
...   105 C-G ...
   24.6809 -111.5813  -21.5194
    0.3989    0.1737   -0.9004
   -0.8837    0.3348   -0.3270
    0.2446    0.9261    0.2871
...   106 T-A ...
   25.7889 -108.5528  -20.5496
   -0.1776    0.3203   -0.9305
   -0.9554    0.1707    0.2411
    0.2361    0.9318    0.2757
...   107 T-A ...
   26.8181 -105.5821  -19.6557
   -0.7112    0.3885   -0.5859
   -0.6618   -0.0887    0.7444
    0.2372    0.9172    0.3202
...   108 C-G ...
   27.7054 -102.5744  -18.5756
   -0.9766    0.2142   -0.0174
   -0.0891   -0.3300    0.9398
    0.1956    0.9194    0.3414
...   109 C-G ...
   28.3184  -99.3822  -17.6270
   -0.8735   -0.1129    0.4735
    0.4772   -0.3912    0.7869
    0.0964    0.9133    0.3956
...   110 G-C ...
   28.7525  -96.4711  -15.9177
   -0.4501   -0.4551    0.7683
    0.8929   -0.2252    0.3898
   -0.0044    0.8615    0.5078
...   111 G-C ...
   28.3648  -93.7171  -13.9929
    0.1295   -0.5947    0.7935
    0.9908    0.1090   -0.0799
   -0.0390    0.7965    0.6033
...   112 C-G ...
   27.8752  -91.3785  -11.6584
    0.6670   -0.4686    0.5793
    0.7441    0.4594   -0.4851
   -0.0388    0.7546    0.6550
...   113 T-A ...
   27.7187  -89.1572   -9.1596
    0.9699   -0.1656    0.1783
    0.2432    0.6838   -0.6880
   -0.0080    0.7107    0.7035
...   114 C-G ...
   27.8527  -86.8953   -6.7322
    0.9120    0.2973   -0.2826
   -0.4101    0.6573   -0.6322
   -0.0022    0.6925    0.7214
...   115 G-C ...
   27.6592  -84.2571   -4.5835
    0.4789    0.6038   -0.6372
   -0.8767    0.3667   -0.3114
    0.0456    0.7078    0.7050
...   116 T-A ...
   28.4217  -82.0485   -2.1364
   -0.0909    0.7075   -0.7009
   -0.9952   -0.0400    0.0888
    0.0348    0.7056    0.7077
...   117 A-T ...
   27.9746  -80.0212    0.6414
   -0.7489    0.5218   -0.4085
   -0.6612   -0.5470    0.5135
    0.0445    0.6547    0.7546
...   118 T-A ...
   28.4316  -77.4757    2.7026
   -0.9852    0.1539   -0.0751
   -0.1659   -0.7486    0.6420
    0.0426    0.6449    0.7631
...   119 A-T ...
   28.6425  -75.6266    5.5531
   -0.8600   -0.3965    0.3211
    0.5102   -0.6718    0.5370
    0.0028    0.6256    0.7801
...   120 A-T ...
   28.4791  -73.5400    8.0342
   -0.3918   -0.7325    0.5567
    0.9199   -0.3031    0.2487
   -0.0134    0.6096    0.7926
...   121 T-A ...
   27.7652  -71.5543   10.5584
    0.1475   -0.7922    0.5921
    0.9888    0.1308   -0.0714
   -0.0209    0.5961    0.8027
...   122 G-C ...
   28.0552  -69.6970   13.3659
    0.7157   -0.5999    0.3576
    0.6984    0.6131   -0.3693
    0.0023    0.5140    0.8578
...   123 T-A ...
   27.8549  -68.5554   16.5117
    0.9827   -0.1674    0.0796
    0.1849    0.8516   -0.4905
    0.0143    0.4967    0.8678
...   124 G-C ...
   28.0610  -66.6053   19.2527
    0.8849    0.3707   -0.2819
   -0.4599    0.7909   -0.4036
    0.0734    0.4868    0.8704
...   125 T-A ...
   28.7618  -65.4079   22.3319
    0.4767    0.7480   -0.4618
   -0.8760    0.4482   -0.1783
    0.0736    0.4895    0.8689
...   126 C-G ...
   29.0765  -63.8270   25.2464
   -0.1762    0.8611   -0.4770
   -0.9823   -0.1228    0.1413
    0.0631    0.4935    0.8675
...   127 G-C ...
   28.8674  -62.3650   28.3318
   -0.7308    0.5689   -0.3773
   -0.6826   -0.6154    0.3942
   -0.0079    0.5455    0.8380
...   128 A-T ...
   28.9080  -60.5547   31.0991
   -0.9951    0.0500   -0.0858
   -0.0884   -0.8392    0.5366
   -0.0452    0.5415    0.8395
...   129 C-G ...
   28.6227  -58.2848   33.5083
   -0.8780   -0.4401    0.1884
    0.4712   -0.7252    0.5021
   -0.0844    0.5296    0.8441
...   130 C-G ...
   28.0271  -56.4748   36.3069
   -0.4414   -0.8223    0.3591
    0.8836   -0.3288    0.3333
   -0.1560    0.4644    0.8718
...   131 A-T ...
   27.7256  -55.0951   39.3753
    0.1934   -0.8962    0.3993
    0.9644    0.2484    0.0906
   -0.1804    0.3676    0.9123
...   132 A-T ...
   26.9584  -54.0612   42.3675
    0.7308   -0.5664    0.3810
    0.6547    0.7396   -0.1563
   -0.1932    0.3637    0.9113
...   133 A-T ...
   26.2370  -53.1166   45.4085
    0.9720    0.0039    0.2349
    0.0810    0.9330   -0.3506
   -0.2206    0.3598    0.9066
...   134 T-A ...
   25.6308  -52.5796   48.6348
    0.8597    0.5096    0.0340
   -0.4497    0.7867   -0.4230
   -0.2423    0.3484    0.9055
...   135 G-C ...
   25.2858  -52.4980   52.0749
    0.3205    0.9427   -0.0927
   -0.8825    0.2616   -0.3908
   -0.3441    0.2071    0.9158
...   136 T-A ...
   25.5356  -52.9668   55.8001
   -0.2443    0.9563   -0.1608
   -0.8908   -0.2868   -0.3525
   -0.3832    0.0571    0.9219
...   137 G-C ...
   24.9037  -52.7259   58.9820
   -0.7529    0.5562   -0.3519
   -0.5214   -0.8303   -0.1968
   -0.4017    0.0354    0.9151
...   138 A-T ...
   24.0249  -51.6261   61.9210
   -0.9563    0.0400   -0.2896
   -0.0523   -0.9980    0.0347
   -0.2877    0.0483    0.9565
...   139 G-C ...
   22.3574  -51.2299   64.4908
   -0.8529   -0.5117   -0.1032
    0.4973   -0.8566    0.1372
   -0.1586    0.0657    0.9852
...   140 C-G ...
   22.1608  -50.1386   67.4617
   -0.4681   -0.8749    0.1247
    0.8495   -0.4066    0.3363
   -0.2435    0.2633    0.9335
...   141 G-C ...
   21.4366  -51.8164   72.7855
    0.1304   -0.7141   -0.6877
    0.8897   -0.2218    0.3990
   -0.4375   -0.6639    0.6065
...   142 C-G ...
   20.4354  -54.2994   74.5394
    0.5847   -0.7390   -0.3347
    0.7593    0.3532    0.5466
   -0.2857   -0.5737    0.7676
...   143 T-A ...
   18.4377  -55.5190   76.5272
    0.8548   -0.5006    0.1370
    0.3188    0.7147    0.6225
   -0.4096   -0.4884    0.7705
...   144 C-G ...
   16.8485  -57.7126   78.2647
    0.8529   -0.0846    0.5152
   -0.1509    0.9047    0.3983
   -0.4998   -0.4175    0.7589
...   145 A-T ...
   15.7933  -59.5518   80.7962
    0.5515    0.4995    0.6681
   -0.6739    0.7388    0.0040
   -0.4915   -0.4525    0.7441
...   146 C-G ...
   15.7410  -61.4839   83.9295
    0.0342    0.7400    0.6718
   -0.8637    0.3601   -0.3527
   -0.5029   -0.5681    0.6514
...   147 A-T ...
   14.7481  -63.4170   86.8164
   -0.5923    0.6746    0.4405
   -0.6886   -0.1400   -0.7115
   -0.4183   -0.7247    0.5475
