  147 base-pairs
...     1 T-A ...
    0.0000    0.0000    0.0000
    1.0000    0.0000    0.0000
    0.0000    1.0000    0.0000
    0.0000    0.0000    1.0000
...     2 G-C ...
   -0.5555   -1.1003    3.3981
    0.7749    0.6051    0.1828
   -0.5991    0.7953   -0.0929
   -0.2016   -0.0375    0.9787
...     3 T-A ...
   -0.6619   -3.0237    6.5348
    0.3046    0.9250    0.2271
   -0.8994    0.3578   -0.2510
   -0.3134   -0.1278    0.9410
...     4 G-C ...
   -1.1607   -3.8418    9.6940
   -0.3351    0.9421    0.0133
   -0.8752   -0.3061   -0.3746
   -0.3489   -0.1372    0.9271
...     5 A-T ...
   -1.3881   -3.6770   12.8999
   -0.7835    0.6162   -0.0801
   -0.5677   -0.7622   -0.3109
   -0.2527   -0.1981    0.9470
...     6 G-C ...
   -2.6236   -3.5448   15.7072
   -0.9923    0.0611   -0.1075
   -0.0294   -0.9610   -0.2748
   -0.1201   -0.2695    0.9555
...     7 C-G ...
   -2.3138   -3.7570   18.8866
   -0.8620   -0.4995   -0.0864
    0.5008   -0.8655    0.0073
   -0.0785   -0.0370    0.9962
...     8 G-C ...
   -3.9561   -6.8109   23.3205
   -0.2581   -0.3560   -0.8981
    0.6294   -0.7673    0.1233
   -0.7330   -0.5335    0.4221
...     9 C-G ...
   -6.1177   -8.9414   24.2385
    0.1143   -0.7320   -0.6716
    0.8123   -0.3203    0.4874
   -0.5720   -0.6013    0.5580
...    10 T-A ...
   -8.5041   -9.6771   26.0540
    0.4660   -0.8587   -0.2131
    0.6274    0.1508    0.7640
   -0.6239   -0.4897    0.6090
...    11 C-G ...
  -11.0625  -11.3174   27.2336
    0.6660   -0.6911    0.2808
    0.3382    0.6152    0.7121
   -0.6649   -0.3794    0.6435
...    12 A-T ...
  -13.0013  -13.1789   29.0658
    0.7188   -0.1490    0.6790
   -0.1787    0.9043    0.3876
   -0.6718   -0.4000    0.6235
...    13 C-G ...
  -14.1788  -15.9359   31.3399
    0.4052    0.2865    0.8682
   -0.5270    0.8492   -0.0343
   -0.7470   -0.4437    0.4951
...    14 A-T ...
  -15.9532  -18.1566   33.3080
   -0.1503    0.6873    0.7107
   -0.6106    0.5008   -0.6135
   -0.7776   -0.5261    0.3444
...    15 A-T ...
  -18.3941  -19.9088   34.5569
   -0.4973    0.8435    0.2029
   -0.3929   -0.0104   -0.9195
   -0.7735   -0.5370    0.3366
...    16 T-A ...
  -20.7337  -21.5942   36.3819
   -0.6697    0.6681   -0.3243
   -0.0348   -0.4645   -0.8849
   -0.7418   -0.5813    0.3343
...    17 T-A ...
  -23.1576  -23.3036   37.8000
   -0.5890    0.2286   -0.7751
    0.3934   -0.7568   -0.5221
   -0.7059   -0.6124    0.3558
...    18 T-A ...
  -25.5471  -25.1593   39.0509
   -0.2396   -0.2480   -0.9387
    0.6694   -0.7424    0.0253
   -0.7032   -0.6223    0.3439
...    19 A-T ...
  -27.6625  -27.5212   40.2911
    0.2663   -0.6345   -0.7256
    0.6704   -0.4189    0.6124
   -0.6925   -0.6495    0.3138
...    20 T-A ...
  -30.3013  -29.4586   40.7861
    0.5878   -0.7561   -0.2876
    0.4268   -0.0121    0.9042
   -0.6872   -0.6543    0.3156
...    21 T-A ...
  -32.5728  -31.6630   41.5661
    0.7228   -0.6188    0.3076
   -0.0219    0.4245    0.9052
   -0.6907   -0.6610    0.2933
...    22 C-G ...
  -34.7394  -33.9213   42.6045
    0.5784   -0.2196    0.7857
   -0.4741    0.6933    0.5428
   -0.6639   -0.6864    0.2968
...    23 G-C ...
  -37.0384  -35.8285   44.2330
    0.2894    0.2959    0.9103
   -0.7650    0.6431    0.0342
   -0.5754   -0.7063    0.4124
...    24 C-G ...
  -38.5933  -38.3471   45.6854
   -0.1352    0.6276    0.7667
   -0.8032    0.3837   -0.4557
   -0.5802   -0.6774    0.4522
...    25 A-T ...
  -40.9798  -40.5499   46.6676
   -0.5953    0.7433    0.3052
   -0.5379   -0.0864   -0.8386
   -0.5970   -0.6634    0.4512
...    26 A-T ...
  -42.8916  -42.6768   48.3057
   -0.8080    0.5344   -0.2481
   -0.0701   -0.5053   -0.8601
   -0.5849   -0.6776    0.4458
...    27 A-T ...
  -44.7588  -44.7517   50.0246
   -0.7000    0.1094   -0.7058
    0.4472   -0.7033   -0.5525
   -0.5568   -0.7024    0.4434
...    28 G-C ...
  -46.9654  -46.8054   51.5938
   -0.2979   -0.2550   -0.9199
    0.7533   -0.6547   -0.0625
   -0.5863   -0.7116    0.3872
...    29 G-C ...
  -49.2556  -49.1553   52.7370
    0.2569   -0.5259   -0.8108
    0.7760   -0.3878    0.4974
   -0.5761   -0.7570    0.3085
...    30 C-G ...
  -51.3190  -51.6591   53.3291
    0.6890   -0.6056   -0.3982
    0.4715   -0.0428    0.8809
   -0.5504   -0.7946    0.2560
...    31 C-G ...
  -53.1418  -54.3939   53.9658
    0.8725   -0.4605    0.1632
   -0.0358    0.2729    0.9614
   -0.4873   -0.8446    0.2216
...    32 G-C ...
  -54.4384  -57.0318   55.1211
    0.7517   -0.1626    0.6391
   -0.5314    0.4247    0.7330
   -0.3906   -0.8906    0.2328
...    33 G-C ...
  -55.3141  -60.1562   56.1518
    0.3246    0.1445    0.9348
   -0.8821    0.4030    0.2439
   -0.3415   -0.9037    0.2583
...    34 C-G ...
  -56.1211  -63.2102   57.1404
   -0.2431    0.3734    0.8952
   -0.9114    0.2280   -0.3426
   -0.3321   -0.8992    0.2849
...    35 C-G ...
  -57.1902  -66.1762   58.4953
   -0.7291    0.4530    0.5131
   -0.5938   -0.0458   -0.8033
   -0.3404   -0.8903    0.3024
...    36 C-G ...
  -58.2653  -69.1637   59.8419
   -0.9230    0.3769   -0.0773
   -0.0497   -0.3159   -0.9475
   -0.3815   -0.8707    0.3103
...    37 G-C ...
  -59.0010  -72.6248   59.9892
   -0.7418    0.1825   -0.6454
    0.5223   -0.4465   -0.7266
   -0.4207   -0.8760    0.2359
...    38 A-T ...
  -60.2489  -75.4150   60.8842
   -0.2735   -0.1058   -0.9560
    0.8728   -0.4449   -0.2005
   -0.4042   -0.8893    0.2141
...    39 C-G ...
  -61.9402  -78.0835   61.3400
    0.2640   -0.2683   -0.9265
    0.8759   -0.3356    0.3467
   -0.4039   -0.9030    0.1464
...    40 A-T ...
  -63.1822  -81.2442   61.6492
    0.7750   -0.3266   -0.5410
    0.5262   -0.1407    0.8387
   -0.3500   -0.9346    0.0628
...    41 C-G ...
  -64.1968  -84.3808   61.2696
    0.9533   -0.3019   -0.0049
    0.0138    0.0272    0.9995
   -0.3017   -0.9529    0.0301
...    42 G-C ...
  -65.0740  -87.5823   61.8552
    0.7657   -0.1800    0.6175
   -0.6027    0.1349    0.7865
   -0.2249   -0.9744   -0.0053
...    43 A-T ...
  -65.7260  -90.7374   61.8163
    0.2325   -0.0768    0.9696
   -0.9466    0.2110    0.2437
   -0.2233   -0.9745   -0.0237
...    44 C-G ...
  -65.8626  -94.0767   61.7978
   -0.3313    0.0666    0.9412
   -0.9189    0.2034   -0.3379
   -0.2140   -0.9768   -0.0062
...    45 T-A ...
  -66.0825  -97.6919   62.2170
   -0.8131    0.1803    0.5535
   -0.5371    0.1343   -0.8328
   -0.2244   -0.9744   -0.0123
...    46 T-A ...
  -66.6691 -100.8688   62.3323
   -0.9802    0.1951   -0.0346
    0.0464    0.0559   -0.9974
   -0.1927   -0.9792   -0.0639
...    47 A-T ...
  -67.0793 -104.2136   61.7381
   -0.6961    0.1862   -0.6934
    0.6946   -0.0694   -0.7160
   -0.1814   -0.9801   -0.0810
...    48 C-G ...
  -68.1897 -107.3301   61.8779
   -0.1930    0.1718   -0.9660
    0.9616   -0.1626   -0.2211
   -0.1950   -0.9716   -0.1338
...    49 T-A ...
  -69.1868 -110.5145   61.2590
    0.3925    0.1463   -0.9080
    0.9016   -0.2566    0.3484
   -0.1820   -0.9554   -0.2326
...    50 G-C ...
  -69.5604 -113.7576   60.2046
    0.8665    0.1227   -0.4839
    0.4938   -0.3534    0.7945
   -0.0735   -0.9274   -0.3668
...    51 T-A ...
  -69.7599 -116.4985   58.5358
    0.9981   -0.0483    0.0383
   -0.0543   -0.3958    0.9167
   -0.0291   -0.9171   -0.3976
...    52 A-T ...
  -70.0638 -119.9022   57.8334
    0.6988   -0.3293    0.6351
   -0.7152   -0.3009    0.6309
   -0.0167   -0.8950   -0.4457
...    53 G-C ...
  -69.8649 -122.8379   56.3855
    0.1850   -0.4087    0.8937
   -0.9822   -0.1083    0.1537
    0.0340   -0.9062   -0.4214
...    54 G-C ...
  -69.0011 -126.1398   55.1556
   -0.4388   -0.3664    0.8205
   -0.8974    0.1312   -0.4213
    0.0467   -0.9212   -0.3863
...    55 T-A ...
  -68.5185 -129.2908   54.1939
   -0.8596   -0.2611    0.4392
   -0.5067    0.3249   -0.7985
    0.0658   -0.9090   -0.4116
...    56 A-T ...
  -68.1510 -132.4466   52.9558
   -0.9853    0.0128   -0.1704
    0.1584    0.4424   -0.8827
    0.0641   -0.8967   -0.4379
...    57 T-A ...
  -68.1777 -135.6185   52.1088
   -0.7356    0.2453   -0.6314
    0.6718    0.3836   -0.6336
    0.0868   -0.8903   -0.4470
...    58 C-G ...
  -68.1371 -138.6835   50.5538
   -0.1254    0.4736   -0.8718
    0.9887    0.1329   -0.0701
    0.0826   -0.8707   -0.4849
...    59 T-A ...
  -68.0479 -141.4419   48.6820
    0.4348    0.5480   -0.7146
    0.8949   -0.1743    0.4108
    0.1005   -0.8181   -0.5662
...    60 C-G ...
  -67.4298 -144.0612   46.7485
    0.8790    0.3770   -0.2920
    0.4628   -0.5272    0.7127
    0.1147   -0.7616   -0.6378
...    61 G-C ...
  -66.4660 -146.8533   44.9970
    0.9466    0.1538    0.2833
   -0.0825   -0.7338    0.6743
    0.3116   -0.6617   -0.6820
...    62 A-T ...
  -65.0857 -149.0801   42.7352
    0.6874   -0.3432    0.6401
   -0.6401   -0.7026    0.3107
    0.3431   -0.6233   -0.7027
...    63 G-C ...
  -63.7789 -151.1369   40.4315
    0.2053   -0.6760    0.7077
   -0.9062   -0.4045   -0.1235
    0.3698   -0.6159   -0.6956
...    64 C-G ...
  -62.1197 -153.2601   38.2011
   -0.3944   -0.7907    0.4682
   -0.8334    0.0931   -0.5448
    0.3872   -0.6051   -0.6957
...    65 T-A ...
  -60.8180 -155.3005   35.8944
   -0.7876   -0.6147    0.0436
   -0.4528    0.5293   -0.7175
    0.4180   -0.5848   -0.6952
...    66 C-G ...
  -59.1454 -157.1242   33.4835
   -0.8859   -0.1338   -0.4441
    0.1416    0.8338   -0.5336
    0.4417   -0.5356   -0.7197
...    67 G-C ...
  -57.2052 -157.9623   30.6651
   -0.6454    0.4166   -0.6402
    0.6335    0.7603   -0.1438
    0.4269   -0.4984   -0.7546
...    68 G-C ...
  -55.6129 -159.7458   28.2607
   -0.1817    0.8347   -0.5199
    0.8636    0.3883    0.3216
    0.4703   -0.3906   -0.7914
...    69 G-C ...
  -54.2218 -161.0349   25.4716
    0.2707    0.9521   -0.1420
    0.8269   -0.1544    0.5407
    0.4929   -0.2638   -0.8292
...    70 A-T ...
  -52.6956 -161.7522   22.5996
    0.6830    0.6794    0.2683
    0.5039   -0.7041    0.5003
    0.5288   -0.2065   -0.8233
...    71 T-A ...
  -51.0931 -161.8107   19.7257
    0.8232    0.2042    0.5298
    0.0731   -0.9634    0.2578
    0.5631   -0.1735   -0.8080
...    72 C-G ...
  -48.9890 -162.0984   17.0945
    0.6834   -0.4362    0.5853
   -0.4303   -0.8884   -0.1597
    0.5897   -0.1427   -0.7949
...    73 C-G ...
  -46.5878 -162.7128   14.8177
    0.2946   -0.8546    0.4276
   -0.6997   -0.4977   -0.5125
    0.6508   -0.1482   -0.7446
...    74 G-C ...
  -44.7552 -163.4063   12.0982
   -0.2232   -0.9744    0.0256
   -0.7091    0.1443   -0.6901
    0.6688   -0.1722   -0.7232
...    75 C-G ...
  -42.1661 -164.2085    9.8969
   -0.6003   -0.6949   -0.3960
   -0.4406    0.7005   -0.5614
    0.6675   -0.1625   -0.7267
...    76 T-A ...
  -39.7279 -165.1002    7.5693
   -0.7507   -0.1307   -0.6476
    0.0102    0.9778   -0.2091
    0.6606   -0.1636   -0.7327
...    77 T-A ...
  -37.6243 -165.9353    5.2023
   -0.5732    0.4818   -0.6629
    0.4436    0.8626    0.2433
    0.6890   -0.1546   -0.7081
...    78 T-A ...
  -35.4148 -166.5170    2.8476
   -0.2262    0.9044   -0.3617
    0.6899    0.4109    0.5960
    0.6877   -0.1147   -0.7169
...    79 A-T ...
  -32.7923 -166.6604    0.6067
    0.1205    0.9681    0.2197
    0.7136   -0.2383    0.6588
    0.6901    0.0774   -0.7195
...    80 A-T ...
  -30.6963 -166.1579   -1.7157
    0.4565    0.6459    0.6119
    0.5416   -0.7474    0.3849
    0.7059    0.1557   -0.6910
...    81 C-G ...
  -28.5715 -165.0183   -4.0830
    0.6716    0.1153    0.7319
    0.2097   -0.9770   -0.0384
    0.7106    0.1793   -0.6804
...    82 A-T ...
  -25.8415 -164.4476   -6.1195
    0.6102   -0.5274    0.5912
   -0.2078   -0.8266   -0.5230
    0.7645    0.1963   -0.6140
...    83 C-G ...
  -22.8844 -163.5350   -7.5765
    0.3884   -0.9012    0.1923
   -0.4888   -0.3784   -0.7860
    0.7811    0.2113   -0.5875
...    84 T-A ...
  -19.6312 -162.6954   -9.0436
    0.0335   -0.9405   -0.3382
   -0.6121    0.2481   -0.7508
    0.7900    0.2322   -0.5674
...    85 T-A ...
  -16.9184 -162.0726  -10.7121
   -0.3118   -0.5981   -0.7382
   -0.5221    0.7570   -0.3928
    0.7938    0.2630   -0.5483
...    86 C-G ...
  -14.1272 -160.7262  -12.3047
   -0.5578    0.0431   -0.8289
   -0.2320    0.9508    0.2055
    0.7969    0.3069   -0.5203
...    87 A-T ...
  -11.2519 -158.9400  -13.2386
   -0.6629    0.5914   -0.4591
    0.1225    0.6906    0.7128
    0.7386    0.4163   -0.5302
...    88 T-A ...
   -9.0125 -157.7821  -15.3418
   -0.5428    0.8396    0.0184
    0.4539    0.2748    0.8476
    0.7066    0.4685   -0.5303
...    89 G-C ...
   -6.5453 -155.9435  -17.1179
   -0.2516    0.7484    0.6136
    0.7053   -0.2924    0.6458
    0.6628    0.5953   -0.4543
...    90 T-A ...
   -4.8517 -153.5753  -18.8041
    0.1517    0.4427    0.8838
    0.7430   -0.6407    0.1934
    0.6519    0.6273   -0.4261
...    91 T-A ...
   -2.8823 -151.3943  -20.0173
    0.5157   -0.0373    0.8560
    0.5463   -0.7553   -0.3620
    0.6600    0.6543   -0.3691
...    92 A-T ...
   -0.4370 -149.3521  -21.3656
    0.7598   -0.5251    0.3834
    0.0810   -0.5087   -0.8571
    0.6451    0.6823   -0.3440
...    93 T-A ...
    1.7314 -146.8848  -21.7765
    0.7092   -0.6896   -0.1467
   -0.3251   -0.1353   -0.9359
    0.6256    0.7114   -0.3201
...    94 A-T ...
    3.5714 -144.1146  -23.0722
    0.3275   -0.4410   -0.8356
   -0.7700    0.3880   -0.5066
    0.5476    0.8093   -0.2125
...    95 A-T ...
    5.4932 -141.5079  -23.5800
   -0.1768   -0.0266   -0.9839
   -0.8347    0.5338    0.1355
    0.5216    0.8452   -0.1165
...    96 C-G ...
    7.8156 -138.9569  -23.9873
   -0.6101    0.3198   -0.7249
   -0.5983    0.4139    0.6861
    0.5195    0.8523   -0.0612
...    97 G-C ...
    9.3484 -136.0542  -23.8614
   -0.8889    0.4320   -0.1525
   -0.1253    0.0910    0.9879
    0.4407    0.8973   -0.0268
...    98 G-C ...
   10.7355 -133.0623  -24.0624
   -0.8586    0.3064    0.4111
    0.3818   -0.1529    0.9115
    0.3421    0.9396    0.0143
...    99 A-T ...
   11.7216 -129.8853  -24.1332
   -0.4811    0.0890    0.8721
    0.8209   -0.3035    0.4838
    0.3078    0.9487    0.0729
...   100 T-A ...
   12.0303 -126.6166  -23.9470
   -0.0215   -0.1223    0.9923
    0.9548   -0.2970   -0.0159
    0.2966    0.9470    0.1231
...   101 T-A ...
   12.8079 -123.5468  -23.1897
    0.5042   -0.3542    0.7876
    0.8095   -0.1240   -0.5739
    0.3009    0.9269    0.2242
...   102 A-T ...
   14.0605 -120.4314  -22.4889
    0.9080   -0.3534    0.2250
    0.2995    0.1720   -0.9385
    0.2930    0.9195    0.2620
...   103 T-A ...
   14.8889 -117.6943  -20.8967
    0.9334   -0.2373   -0.2692
   -0.1745    0.3553   -0.9183
    0.3135    0.9041    0.2903
...   104 G-C ...
   16.1704 -114.8341  -19.8279
    0.6015   -0.0409   -0.7978
   -0.6976    0.4598   -0.5495
    0.3893    0.8871    0.2480
...   105 C-G ...
   17.7913 -112.0086  -18.9567
    0.0873    0.2383   -0.9673
   -0.9211    0.3892    0.0128
    0.3795    0.8898    0.2535
...   106 T-A ...
   19.4787 -109.0643  -18.2072
   -0.4798    0.4131   -0.7740
   -0.7905    0.1793    0.5857
    0.3807    0.8929    0.2405
...   107 T-A ...
   20.8301 -106.2146  -17.5585
   -0.8558    0.4195   -0.3028
   -0.3775   -0.1062    0.9199
    0.3537    0.9015    0.2493
...   108 C-G ...
   22.0132 -103.1443  -16.8908
   -0.9301    0.2096    0.3018
    0.2165   -0.3509    0.9110
    0.2968    0.9127    0.2809
...   109 C-G ...
   23.1898 -100.1676  -16.0748
   -0.7064   -0.1565    0.6903
    0.6808   -0.4175    0.6019
    0.1940    0.8951    0.4014
...   110 G-C ...
   23.9466  -97.5675  -14.4600
   -0.2627   -0.4861    0.8335
    0.9580   -0.2345    0.1652
    0.1152    0.8419    0.5272
...   111 G-C ...
   24.1098  -95.0267  -12.2887
    0.3095   -0.6085    0.7307
    0.9465    0.1228   -0.2986
    0.0920    0.7840    0.6139
...   112 C-G ...
   24.1557  -92.8899   -9.6745
    0.7910   -0.4611    0.4022
    0.6039    0.4826   -0.6344
    0.0985    0.7446    0.6602
...   113 T-A ...
   24.4884  -90.5714   -7.3200
    0.9915   -0.1262   -0.0315
    0.0659    0.6961   -0.7149
    0.1121    0.7068    0.6985
...   114 C-G ...
   25.0288  -88.0771   -5.2053
    0.8174    0.3442   -0.4619
   -0.5607    0.6591   -0.5012
    0.1319    0.6687    0.7317
...   115 G-C ...
   25.0873  -85.6222   -2.9607
    0.2894    0.6680   -0.6856
   -0.9461    0.3086   -0.0987
    0.1456    0.6772    0.7213
...   116 T-A ...
   26.3009  -83.2460   -0.8010
   -0.3019    0.7074   -0.6391
   -0.9450   -0.1338    0.2983
    0.1256    0.6940    0.7089
...   117 A-T ...
   26.9763  -80.8191    1.5067
   -0.8282    0.4445   -0.3415
   -0.5536   -0.5536    0.6221
    0.0875    0.7043    0.7045
...   118 T-A ...
   27.4967  -78.1193    3.3114
   -0.9956    0.0854    0.0394
   -0.0340   -0.7180    0.6952
    0.0877    0.6908    0.7177
...   119 A-T ...
   27.9165  -76.0505    6.0049
   -0.7857   -0.4212    0.4530
    0.6156   -0.6043    0.5059
    0.0607    0.6763    0.7341
...   120 A-T ...
   27.8739  -73.7868    8.3381
   -0.2866   -0.7408    0.6075
    0.9578   -0.2348    0.1657
    0.0199    0.6293    0.7769
...   121 T-A ...
   27.3154  -71.7692   10.9215
    0.2692   -0.7600    0.5916
    0.9631    0.2071   -0.1721
    0.0083    0.6161    0.7876
...   122 G-C ...
   27.3556  -69.8075   13.7778
    0.8083   -0.5126    0.2895
    0.5869    0.6625   -0.4655
    0.0469    0.5462    0.8363
...   123 T-A ...
   27.4418  -68.5115   16.8318
    0.9971   -0.0763   -0.0007
    0.0643    0.8454   -0.5303
    0.0411    0.5287    0.8478
...   124 G-C ...
   27.6111  -66.7707   19.7429
    0.8179    0.4563   -0.3505
   -0.5697    0.7275   -0.3823
    0.0806    0.5124    0.8550
...   125 T-A ...
   28.2227  -65.4797   22.6619
    0.3763    0.7668   -0.5199
   -0.9219    0.3658   -0.1278
    0.0922    0.5274    0.8446
...   126 C-G ...
   28.5761  -63.7998   25.3738
   -0.2602    0.8374   -0.4808
   -0.9612   -0.1774    0.2111
    0.0915    0.5171    0.8510
...   127 G-C ...
   28.2104  -62.3453   28.4155
   -0.7698    0.5211   -0.3685
   -0.6382   -0.6268    0.4469
    0.0018    0.5793    0.8151
...   128 A-T ...
   28.3747  -60.5548   31.0424
   -0.9987    0.0353   -0.0361
   -0.0494   -0.8292    0.5568
   -0.0103    0.5578    0.8299
...   129 C-G ...
   28.2035  -58.1452   33.2932
   -0.8639   -0.4476    0.2307
    0.5005   -0.7123    0.4920
   -0.0559    0.5405    0.8395
...   130 C-G ...
   27.4407  -56.2688   36.0474
   -0.4419   -0.8202    0.3632
    0.8851   -0.3329    0.3252
   -0.1458    0.4652    0.8731
...   131 A-T ...
   27.6515  -54.9913   39.2288
    0.1944   -0.8959    0.3994
    0.9668    0.2438    0.0764
   -0.1658    0.3713    0.9136
...   132 A-T ...
   27.0252  -53.9714   42.2952
    0.7301   -0.5782    0.3642
    0.6604    0.7341   -0.1582
   -0.1758    0.3560    0.9178
...   133 A-T ...
   26.2349  -53.1350   45.3754
    0.9705   -0.0026    0.2411
    0.0898    0.9318   -0.3516
   -0.2237    0.3629    0.9046
...   134 T-A ...
   25.6309  -52.5796   48.6350
    0.8597    0.5096    0.0340
   -0.4497    0.7867   -0.4230
   -0.2423    0.3484    0.9055
...   135 G-C ...
   25.2860  -52.4981   52.0751
    0.3205    0.9427   -0.0927
   -0.8825    0.2616   -0.3908
   -0.3442    0.2071    0.9158
...   136 T-A ...
   25.5357  -52.9668   55.8002
   -0.2443    0.9563   -0.1608
   -0.8908   -0.2868   -0.3525
   -0.3832    0.0571    0.9219
...   137 G-C ...
   24.9039  -52.7260   58.9821
   -0.7529    0.5562   -0.3519
   -0.5214   -0.8303   -0.1968
   -0.4017    0.0354    0.9151
...   138 A-T ...
   24.0251  -51.6261   61.9211
   -0.9563    0.0400   -0.2896
   -0.0523   -0.9980    0.0347
   -0.2877    0.0483    0.9565
...   139 G-C ...
   22.3575  -51.2300   64.4910
   -0.8529   -0.5117   -0.1032
    0.4973   -0.8566    0.1372
   -0.1586    0.0657    0.9852
...   140 C-G ...
   22.1610  -50.1386   67.4618
   -0.4681   -0.8749    0.1247
    0.8495   -0.4066    0.3363
   -0.2435    0.2633    0.9335
...   141 G-C ...
   21.4368  -51.8164   72.7856
    0.1304   -0.7141   -0.6877
    0.8897   -0.2218    0.3990
   -0.4375   -0.6639    0.6065
...   142 C-G ...
   20.4356  -54.2995   74.5395
    0.5847   -0.7390   -0.3347
    0.7593    0.3532    0.5466
   -0.2857   -0.5737    0.7676
...   143 T-A ...
   18.4379  -55.5190   76.5273
    0.8548   -0.5006    0.1370
    0.3188    0.7147    0.6225
   -0.4096   -0.4884    0.7705
...   144 C-G ...
   16.8486  -57.7127   78.2648
    0.8529   -0.0846    0.5152
   -0.1509    0.9047    0.3983
   -0.4998   -0.4175    0.7589
...   145 A-T ...
   15.7934  -59.5518   80.7963
    0.5515    0.4995    0.6681
   -0.6739    0.7388    0.0040
   -0.4915   -0.4525    0.7441
...   146 C-G ...
   15.7412  -61.4839   83.9296
    0.0342    0.7400    0.6718
   -0.8637    0.3601   -0.3527
   -0.5029   -0.5681    0.6514
...   147 A-T ...
   14.7483  -63.4171   86.8165
   -0.5923    0.6746    0.4405
   -0.6886   -0.1400   -0.7115
   -0.4183   -0.7247    0.5475
