  147 base-pairs
...     1 T-A ...
    0.0000    0.0000    0.0000
    1.0000    0.0000    0.0000
    0.0000    1.0000    0.0000
    0.0000    0.0000    1.0000
...     2 G-C ...
   -0.5555   -1.1003    3.3981
    0.7749    0.6051    0.1828
   -0.5991    0.7953   -0.0929
   -0.2016   -0.0375    0.9787
...     3 T-A ...
   -0.6619   -3.0237    6.5348
    0.3046    0.9250    0.2271
   -0.8994    0.3578   -0.2510
   -0.3134   -0.1278    0.9410
...     4 G-C ...
   -1.1607   -3.8418    9.6940
   -0.3351    0.9421    0.0133
   -0.8752   -0.3061   -0.3746
   -0.3489   -0.1372    0.9271
...     5 A-T ...
   -1.3881   -3.6770   12.8999
   -0.7835    0.6162   -0.0801
   -0.5677   -0.7622   -0.3109
   -0.2527   -0.1981    0.9470
...     6 G-C ...
   -2.6236   -3.5448   15.7072
   -0.9923    0.0611   -0.1075
   -0.0294   -0.9610   -0.2748
   -0.1201   -0.2695    0.9555
...     7 C-G ...
   -2.3138   -3.7570   18.8866
   -0.8620   -0.4995   -0.0864
    0.5008   -0.8655    0.0073
   -0.0785   -0.0370    0.9962
...     8 G-C ...
   -3.9561   -6.8109   23.3205
   -0.2581   -0.3560   -0.8981
    0.6294   -0.7673    0.1233
   -0.7330   -0.5335    0.4221
...     9 C-G ...
   -6.1177   -8.9414   24.2385
    0.1143   -0.7320   -0.6716
    0.8123   -0.3203    0.4874
   -0.5720   -0.6013    0.5580
...    10 T-A ...
   -8.5041   -9.6771   26.0540
    0.4660   -0.8587   -0.2131
    0.6274    0.1508    0.7640
   -0.6239   -0.4897    0.6090
...    11 C-G ...
  -11.0625  -11.3174   27.2336
    0.6660   -0.6911    0.2808
    0.3382    0.6152    0.7121
   -0.6649   -0.3794    0.6435
...    12 A-T ...
  -13.0013  -13.1789   29.0658
    0.7188   -0.1490    0.6790
   -0.1787    0.9043    0.3876
   -0.6718   -0.4000    0.6235
...    13 C-G ...
  -14.1788  -15.9359   31.3399
    0.4052    0.2865    0.8682
   -0.5270    0.8492   -0.0343
   -0.7470   -0.4437    0.4951
...    14 A-T ...
  -15.9532  -18.1566   33.3080
   -0.1503    0.6873    0.7107
   -0.6106    0.5008   -0.6135
   -0.7776   -0.5261    0.3444
...    15 A-T ...
  -18.3841  -19.8860   34.6210
   -0.4988    0.8412    0.2089
   -0.4085   -0.0156   -0.9126
   -0.7644   -0.5406    0.3514
...    16 T-A ...
  -20.6785  -21.5776   36.5051
   -0.6844    0.6608   -0.3082
   -0.0531   -0.4667   -0.8828
   -0.7272   -0.5878    0.3545
...    17 T-A ...
  -23.0297  -23.2982   38.0150
   -0.6219    0.2142   -0.7532
    0.3865   -0.7526   -0.5331
   -0.6810   -0.6227    0.3852
...    18 T-A ...
  -25.3404  -25.1368   39.4425
   -0.2907   -0.2744   -0.9166
    0.6903   -0.7235   -0.0023
   -0.6625   -0.6334    0.3998
...    19 A-T ...
  -27.2836  -27.5108   40.8920
    0.2266   -0.6382   -0.7358
    0.7333   -0.3854    0.5601
   -0.6410   -0.6665    0.3806
...    20 T-A ...
  -29.7954  -29.5229   41.6451
    0.5877   -0.7366   -0.3348
    0.5110    0.0171    0.8594
   -0.6273   -0.6761    0.3865
...    21 T-A ...
  -31.8960  -31.7992   42.6679
    0.7899   -0.5759    0.2106
    0.0712    0.4273    0.9013
   -0.6091   -0.6970    0.3785
...    22 C-G ...
  -33.7626  -34.1678   43.9747
    0.7045   -0.1794    0.6866
   -0.4277    0.6648    0.6125
   -0.5663   -0.7251    0.3917
...    23 G-C ...
  -35.5805  -36.2386   46.0109
    0.4178    0.3288    0.8469
   -0.7967    0.5807    0.1675
   -0.4368   -0.7447    0.5046
...    24 C-G ...
  -36.6326  -38.8316   47.7389
   -0.0475    0.6237    0.7802
   -0.9017    0.3092   -0.3021
   -0.4297   -0.7179    0.5477
...    25 A-T ...
  -38.6069  -41.1147   49.2871
   -0.5855    0.6939    0.4192
   -0.6880   -0.1517   -0.7097
   -0.4288   -0.7039    0.5662
...    26 A-T ...
  -39.9373  -43.3314   51.3385
   -0.8933    0.4446   -0.0661
   -0.2024   -0.5293   -0.8239
   -0.4013   -0.7226    0.5628
...    27 A-T ...
  -41.1364  -45.5382   53.4485
   -0.8518    0.0055   -0.5238
    0.3893   -0.6625   -0.6400
   -0.3505   -0.7491    0.5622
...    28 G-C ...
  -42.6265  -47.7954   55.5032
   -0.4751   -0.3293   -0.8160
    0.7960   -0.5561   -0.2390
   -0.3751   -0.7631    0.5264
...    29 G-C ...
  -44.1580  -50.3428   57.2860
    0.1141   -0.5285   -0.8412
    0.9253   -0.2517    0.2836
   -0.3616   -0.8108    0.4603
...    30 C-G ...
  -45.6559  -52.9790   58.5670
    0.6404   -0.5216   -0.5638
    0.6956    0.0827    0.7137
   -0.3256   -0.8492    0.4158
...    31 C-G ...
  -46.8396  -55.8497   59.7885
    0.9468   -0.3060   -0.0994
    0.2052    0.3363    0.9191
   -0.2478   -0.8906    0.3813
...    32 G-C ...
  -47.2879  -58.5569   61.3120
    0.9335    0.0233    0.3580
   -0.3374    0.3957    0.8541
   -0.1218   -0.9181    0.3772
...    33 G-C ...
  -47.1381  -61.6492   62.6682
    0.5868    0.2963    0.7536
   -0.8085    0.2661    0.5249
   -0.0450   -0.9173    0.3957
...    34 C-G ...
  -46.8232  -64.6247   64.0711
    0.0194    0.4255    0.9048
   -0.9998    0.0165    0.0137
   -0.0091   -0.9048    0.4257
...    35 C-G ...
  -46.6481  -67.5051   65.9379
   -0.5670    0.3715    0.7352
   -0.8236   -0.2670   -0.5003
    0.0105   -0.8892    0.4574
...    36 C-G ...
  -46.5112  -70.3813   67.7930
   -0.9421    0.1721    0.2878
   -0.3352   -0.4646   -0.8196
   -0.0074   -0.8686    0.4954
...    37 G-C ...
  -46.3410  -73.8639   68.4424
   -0.9562   -0.0871   -0.2795
    0.2878   -0.4542   -0.8431
   -0.0535   -0.8866    0.4594
...    38 A-T ...
  -46.3651  -76.6360   70.0013
   -0.5950   -0.3333   -0.7313
    0.8029   -0.2868   -0.5226
   -0.0355   -0.8981    0.4383
...    39 C-G ...
  -46.9668  -79.4632   71.3959
   -0.0742   -0.3850   -0.9199
    0.9962   -0.0716   -0.0504
   -0.0465   -0.9201    0.3888
...    40 A-T ...
  -47.0818  -82.6342   72.5714
    0.5356   -0.2627   -0.8026
    0.8444    0.1552    0.5127
   -0.0101   -0.9523    0.3050
...    41 C-G ...
  -47.2299  -85.8977   73.0169
    0.9006   -0.0794   -0.4274
    0.4331    0.2500    0.8660
    0.0381   -0.9650    0.2595
...    42 G-C ...
  -46.8009  -88.9853   74.2905
    0.9732    0.1585    0.1667
   -0.1953    0.1866    0.9628
    0.1215   -0.9696    0.2125
...    43 A-T ...
  -46.3632  -92.0979   74.9201
    0.6594    0.2347    0.7142
   -0.7416    0.0473    0.6692
    0.1233   -0.9709    0.2052
...    44 C-G ...
  -45.3713  -95.2466   75.3177
    0.1423    0.2519    0.9572
   -0.9780   -0.1133    0.1752
    0.1525   -0.9611    0.2302
...    45 T-A ...
  -44.1195  -98.5245   76.2906
   -0.4604    0.1469    0.8755
   -0.8743   -0.2460   -0.4185
    0.1539   -0.9581    0.2417
...    46 T-A ...
  -43.3364 -101.5508   77.1699
   -0.8646   -0.0508    0.4999
   -0.4732   -0.2525   -0.8440
    0.1691   -0.9663    0.1943
...    47 A-T ...
  -42.7311 -104.9161   77.3620
   -0.9529   -0.2337   -0.1931
    0.2277   -0.1310   -0.9649
    0.2002   -0.9634    0.1781
...    48 C-G ...
  -42.3324 -108.0039   78.5614
   -0.6817   -0.2366   -0.6924
    0.7090    0.0203   -0.7050
    0.1808   -0.9714    0.1539
...    49 T-A ...
  -42.1050 -111.3408   79.1408
   -0.1920   -0.0992   -0.9764
    0.9698    0.1334   -0.2043
    0.1505   -0.9861    0.0705
...    50 G-C ...
  -41.5151 -114.6983   79.0841
    0.3768    0.1481   -0.9144
    0.9086    0.1328    0.3960
    0.1801   -0.9800   -0.0845
...    51 T-A ...
  -41.2909 -117.8279   78.3998
    0.7822    0.2531   -0.5693
    0.5852    0.0148    0.8107
    0.2136   -0.9673   -0.1366
...    52 A-T ...
  -40.2544 -121.0282   78.0781
    0.9579    0.2799    0.0638
   -0.0071   -0.1991    0.9800
    0.2870   -0.9392   -0.1887
...    53 G-C ...
  -39.2148 -124.0078   77.2663
    0.7805    0.1984    0.5928
   -0.5038   -0.3617    0.7844
    0.3701   -0.9109   -0.1823
...    54 G-C ...
  -37.2116 -126.8879   76.3568
    0.3198   -0.0009    0.9475
   -0.8469   -0.4486    0.2854
    0.4248   -0.8937   -0.1442
...    55 T-A ...
  -35.3431 -129.6040   75.9895
   -0.1804   -0.2608    0.9484
   -0.8819   -0.3840   -0.2734
    0.4355   -0.8857   -0.1608
...    56 A-T ...
  -33.6239 -132.5131   75.6003
   -0.6912   -0.4442    0.5700
   -0.5776   -0.1343   -0.8052
    0.4343   -0.8858   -0.1638
...    57 T-A ...
  -31.8808 -135.3189   75.7083
   -0.8801   -0.4733    0.0368
   -0.1198    0.1466   -0.9819
    0.4594   -0.8686   -0.1857
...    58 C-G ...
  -30.4374 -138.3779   75.2846
   -0.7587   -0.2567   -0.5987
    0.4647    0.4308   -0.7736
    0.4565   -0.8652   -0.2076
...    59 T-A ...
  -29.2060 -141.4218   74.5876
   -0.4129    0.0868   -0.9066
    0.8083    0.4936   -0.3209
    0.4197   -0.8654   -0.2739
...    60 C-G ...
  -27.7651 -144.2950   73.6096
    0.1289    0.4100   -0.9029
    0.9049    0.3238    0.2762
    0.4056   -0.8527   -0.3293
...    61 G-C ...
  -25.7987 -146.8389   72.4979
    0.4956    0.6955   -0.5203
    0.7271   -0.0045    0.6866
    0.4751   -0.7185   -0.5079
...    62 A-T ...
  -24.0713 -149.1711   70.7814
    0.8106    0.5853    0.0192
    0.2950   -0.4364    0.8500
    0.5059   -0.6833   -0.5264
...    63 G-C ...
  -22.2354 -151.2286   68.8894
    0.8144    0.2845    0.5057
   -0.1746   -0.7110    0.6812
    0.5534   -0.6431   -0.5294
...    64 C-G ...
  -20.0298 -153.0535   66.9453
    0.5398   -0.1960    0.8187
   -0.6130   -0.7581    0.2226
    0.5769   -0.6220   -0.5294
...    65 T-A ...
  -18.0139 -155.0843   65.2533
    0.1119   -0.6032    0.7897
   -0.7924   -0.5337   -0.2954
    0.5996   -0.5927   -0.5377
...    66 C-G ...
  -16.1333 -157.1305   63.3598
   -0.4026   -0.8184    0.4102
   -0.6853   -0.0277   -0.7278
    0.6069   -0.5741   -0.5496
...    67 G-C ...
  -14.7532 -158.8462   60.5570
   -0.7473   -0.6577   -0.0947
   -0.3103    0.4715   -0.8255
    0.5876   -0.5875   -0.5564
...    68 G-C ...
  -12.5690 -160.7316   58.7540
   -0.8281   -0.2091   -0.5201
    0.1533    0.8080   -0.5689
    0.5392   -0.5509   -0.6371
...    69 G-C ...
  -10.7785 -162.7423   56.7304
   -0.6641    0.3388   -0.6665
    0.5880    0.7872   -0.1857
    0.4618   -0.5152   -0.7220
...    70 A-T ...
   -9.4019 -164.5866   54.3208
   -0.2066    0.7739   -0.5986
    0.8692    0.4260    0.2508
    0.4492   -0.4685   -0.7607
...    71 T-A ...
   -8.5167 -166.1563   51.5711
    0.2593    0.9053   -0.3365
    0.8547   -0.0528    0.5165
    0.4498   -0.4215   -0.7874
...    72 C-G ...
   -7.1279 -167.3107   48.7687
    0.6992    0.7105    0.0795
    0.5450   -0.6017    0.5839
    0.4627   -0.3650   -0.8079
...    73 C-G ...
   -5.3920 -168.1534   46.0761
    0.8392    0.2957    0.4563
    0.1040   -0.9110    0.3991
    0.5337   -0.2875   -0.7953
...    74 G-C ...
   -3.4804 -169.4827   43.6612
    0.6969   -0.2896    0.6561
   -0.3822   -0.9241   -0.0020
    0.6069   -0.2493   -0.7547
...    75 C-G ...
   -0.9674 -170.0434   41.3015
    0.3395   -0.7832    0.5209
   -0.7060   -0.5781   -0.4090
    0.6215   -0.2289   -0.7492
...    76 T-A ...
    1.5928 -170.9142   39.0689
   -0.1351   -0.9785    0.1557
   -0.7434   -0.0038   -0.6689
    0.6551   -0.2061   -0.7269
...    77 T-A ...
    3.9907 -171.6105   36.9335
   -0.5122   -0.7904   -0.3362
   -0.5229    0.5974   -0.6080
    0.6814   -0.1356   -0.7192
...    78 T-A ...
    6.4013 -172.1740   34.7458
   -0.7055   -0.2775   -0.6521
   -0.1323    0.9555   -0.2635
    0.6962   -0.0996   -0.7109
...    79 A-T ...
    8.8658 -171.9561   32.3839
   -0.6901    0.3906   -0.6093
    0.3363    0.9185    0.2079
    0.6409   -0.0614   -0.7652
...    80 A-T ...
   10.7726 -172.2363   29.8566
   -0.4130    0.8484   -0.3310
    0.6745    0.5292    0.5148
    0.6119   -0.0106   -0.7908
...    81 C-G ...
   12.3207 -172.4238   26.8729
    0.0026    0.9993    0.0367
    0.7932   -0.0244    0.6084
    0.6089    0.0275   -0.7927
...    82 A-T ...
   14.4633 -171.9959   24.2363
    0.4130    0.7750    0.4783
    0.6690   -0.6145    0.4181
    0.6180    0.1473   -0.7723
...    83 C-G ...
   16.3518 -170.7795   21.7130
    0.6989    0.3017    0.6484
    0.3578   -0.9326    0.0483
    0.6193    0.1982   -0.7597
...    84 T-A ...
   18.5202 -169.3500   19.1716
    0.7662   -0.3260    0.5538
   -0.1103   -0.9157   -0.3863
    0.6331    0.2349   -0.7376
...    85 T-A ...
   20.6636 -168.2609   16.9119
    0.5932   -0.7964    0.1176
   -0.5602   -0.5132   -0.6502
    0.5783    0.3198   -0.7506
...    86 T-A ...
   22.7851 -166.9244   14.7146
    0.1855   -0.9032   -0.3870
   -0.8269    0.0693   -0.5580
    0.5309    0.4235   -0.7340
...    87 A-T ...
   24.2882 -164.9615   12.1282
   -0.4251   -0.4804   -0.7672
   -0.7350    0.6778   -0.0171
    0.5282    0.5566   -0.6412
...    88 T-A ...
   26.3221 -163.7153    9.8972
   -0.7509   -0.0903   -0.6542
   -0.4356    0.8123    0.3879
    0.4964    0.5762   -0.6493
...    89 G-C ...
   27.8797 -161.9416    7.5454
   -0.9063    0.3676   -0.2085
    0.1297    0.7114    0.6907
    0.4022    0.5990   -0.6925
...    90 C-G ...
   28.7670 -160.0613    5.0446
   -0.7175    0.6430    0.2679
    0.6013    0.3777    0.7041
    0.3515    0.6663   -0.6576
...    91 T-A ...
   29.5554 -157.7286    2.5852
   -0.2516    0.6957    0.6728
    0.9191   -0.0460    0.3914
    0.3033    0.7168   -0.6279
...    92 T-A ...
   30.2853 -155.2606    0.6797
    0.2914    0.4835    0.8254
    0.9171   -0.3867   -0.0973
    0.2721    0.7853   -0.5561
...    93 C-G ...
   31.1767 -152.4321   -0.8926
    0.7791    0.1179    0.6157
    0.5632   -0.5629   -0.6049
    0.2753    0.8180   -0.5050
...    94 C-G ...
   32.4459 -149.5886   -2.1460
    0.9448   -0.2628    0.1957
    0.0487   -0.4780   -0.8770
    0.3241    0.8381   -0.4388
...    95 G-C ...
   33.7002 -147.2488   -3.8491
    0.7969   -0.5187   -0.3096
   -0.4655   -0.2005   -0.8620
    0.3851    0.8311   -0.4012
...    96 G-C ...
   35.3716 -144.5813   -5.2172
    0.3661   -0.5467   -0.7530
   -0.8393    0.1555   -0.5210
    0.4019    0.8227   -0.4020
...    97 C-G ...
   37.1736 -142.0010   -6.4261
   -0.2032   -0.3736   -0.9051
   -0.9002    0.4349    0.0226
    0.3852    0.8193   -0.4247
...    98 T-A ...
   38.5343 -139.2745   -7.8318
   -0.6841   -0.0799   -0.7250
   -0.6351    0.5542    0.5381
    0.3588    0.8286   -0.4298
...    99 C-G ...
   39.5602 -136.4586   -9.1578
   -0.9495    0.2104   -0.2327
   -0.1106    0.4697    0.8759
    0.2936    0.8574   -0.4227
...   100 A-T ...
   40.9208 -133.3991   -9.9983
   -0.8565    0.3269    0.3994
    0.4837    0.2381    0.8422
    0.1802    0.9146   -0.3620
...   101 T-A ...
   41.0890 -130.4558  -11.4103
   -0.4905    0.3254    0.8084
    0.8628    0.0509    0.5030
    0.1225    0.9442   -0.3058
...   102 G-C ...
   41.4614 -127.0433  -12.1880
    0.1389    0.1484    0.9791
    0.9873   -0.0977   -0.1252
    0.0770    0.9841   -0.1601
...   103 T-A ...
   41.1916 -123.6565  -12.3341
    0.6725    0.0576    0.7379
    0.7380   -0.1276   -0.6627
    0.0560    0.9902   -0.1283
...   104 T-A ...
   41.2460 -120.4295  -12.5302
    0.9824    0.0037    0.1865
    0.1858   -0.1053   -0.9769
    0.0160    0.9944   -0.1042
...   105 A-T ...
   41.0902 -116.9381  -13.2061
    0.7943    0.0570   -0.6049
   -0.5982   -0.1004   -0.7950
   -0.1060    0.9933   -0.0456
...   106 T-A ...
   41.2481 -113.6359  -12.8538
    0.3426    0.0509   -0.9381
   -0.9296   -0.1257   -0.3464
   -0.1355    0.9908    0.0043
...   107 A-T ...
   40.2991 -110.2067  -12.4248
   -0.4904    0.0791   -0.8679
   -0.8605   -0.2018    0.4678
   -0.1381    0.9762    0.1670
...   108 A-T ...
   40.0112 -107.0132  -11.8876
   -0.9192   -0.0238   -0.3931
   -0.3738   -0.2615    0.8899
   -0.1240    0.9649    0.2315
...   109 C-G ...
   39.7896 -103.6276  -11.6159
   -0.9647   -0.1866    0.1859
    0.2265   -0.2278    0.9470
   -0.1343    0.9557    0.2620
...   110 G-C ...
   39.3575 -100.6507  -10.2912
   -0.6315   -0.4227    0.6501
    0.7407   -0.0809    0.6669
   -0.2293    0.9027    0.3642
...   111 G-C ...
   38.2946  -97.9493   -8.7401
   -0.0896   -0.5150    0.8525
    0.9482    0.2178    0.2313
   -0.3047    0.8291    0.4688
...   112 A-T ...
   37.0717  -95.3163   -7.0943
    0.5193   -0.3172    0.7936
    0.8010    0.5043   -0.3226
   -0.2979    0.8032    0.5159
...   113 T-A ...
   35.7779  -93.1067   -5.0149
    0.8769   -0.0231    0.4801
    0.3915    0.6138   -0.6855
   -0.2789    0.7891    0.5473
...   114 C-G ...
   35.2112  -90.4663   -3.0335
    0.9288    0.3648   -0.0658
   -0.2698    0.5433   -0.7950
   -0.2543    0.7561    0.6030
...   115 G-C ...
   34.2500  -87.7187   -1.4085
    0.5599    0.6157   -0.5545
   -0.8025    0.2363   -0.5479
   -0.2064    0.7517    0.6264
...   116 T-A ...
   34.3453  -85.0602    0.7822
    0.0034    0.6311   -0.7757
   -0.9786   -0.1577   -0.1326
   -0.2060    0.7595    0.6170
...   117 A-T ...
   33.8691  -82.4732    2.9364
   -0.6263    0.3930   -0.6733
   -0.7504   -0.5379    0.3841
   -0.2113    0.7458    0.6318
...   118 T-A ...
   33.6162  -79.6547    4.6597
   -0.9364    0.0595   -0.3458
   -0.2907   -0.6837    0.6694
   -0.1965    0.7273    0.6575
...   119 A-T ...
   33.1390  -77.4399    7.3261
   -0.8791   -0.4132    0.2374
    0.4509   -0.5597    0.6953
   -0.1544    0.7183    0.6784
...   120 A-T ...
   32.4772  -75.0167    9.4051
   -0.4350   -0.7073    0.5573
    0.8813   -0.2075    0.4246
   -0.1847    0.6758    0.7135
...   121 T-A ...
   31.3079  -72.8477   11.6320
    0.1130   -0.7206    0.6841
    0.9755    0.2112    0.0613
   -0.1886    0.6604    0.7268
...   122 G-C ...
   30.7213  -70.6793   14.3202
    0.7194   -0.4949    0.4874
    0.6799    0.6455   -0.3481
   -0.1423    0.5818    0.8008
...   123 T-A ...
   30.1855  -69.2624   17.2588
    0.9742   -0.0761    0.2123
    0.1813    0.8239   -0.5370
   -0.1341    0.5616    0.8165
...   124 G-C ...
   29.8319  -67.3813   20.0768
    0.8764    0.4372   -0.2018
   -0.4751    0.7168   -0.5104
   -0.0785    0.5432    0.8359
...   125 T-A ...
   29.9154  -65.9632   22.9943
    0.4752    0.7450   -0.4681
   -0.8783    0.3694   -0.3036
   -0.0532    0.5554    0.8299
...   126 C-G ...
   29.8286  -64.1442   25.6359
   -0.1618    0.8254   -0.5408
   -0.9859   -0.1588    0.0525
   -0.0425    0.5417    0.8395
...   127 G-C ...
   28.9836  -62.6290   28.5697
   -0.7162    0.5291   -0.4550
   -0.6927   -0.6183    0.3714
   -0.0848    0.5812    0.8093
...   128 A-T ...
   28.8671  -60.8200   31.2039
   -0.9899    0.0442   -0.1351
   -0.1120   -0.8275    0.5501
   -0.0875    0.5597    0.8241
...   129 C-G ...
   28.5201  -58.4040   33.4454
   -0.8836   -0.4415    0.1560
    0.4519   -0.7166    0.5313
   -0.1228    0.5400    0.8327
...   130 C-G ...
   27.6579  -56.5102   36.1511
   -0.4661   -0.8187    0.3354
    0.8621   -0.3352    0.3800
   -0.1986    0.4663    0.8621
...   131 A-T ...
   27.8156  -55.1261   39.3179
    0.1802   -0.8905    0.4178
    0.9627    0.2469    0.1109
   -0.2019    0.3823    0.9017
...   132 A-T ...
   27.1058  -54.0285   42.3348
    0.7223   -0.5740    0.3857
    0.6619    0.7354   -0.1451
   -0.2004    0.3601    0.9111
...   133 A-T ...
   26.2571  -53.1703   45.3972
    0.9669   -0.0008    0.2551
    0.0935    0.9316   -0.3514
   -0.2374    0.3636    0.9008
...   134 T-A ...
   25.6308  -52.5797   48.6349
    0.8597    0.5096    0.0340
   -0.4497    0.7867   -0.4230
   -0.2423    0.3484    0.9055
...   135 G-C ...
   25.2859  -52.4981   52.0750
    0.3205    0.9427   -0.0927
   -0.8825    0.2616   -0.3908
   -0.3441    0.2071    0.9158
...   136 T-A ...
   25.5356  -52.9668   55.8002
   -0.2443    0.9563   -0.1608
   -0.8908   -0.2868   -0.3525
   -0.3832    0.0571    0.9219
...   137 G-C ...
   24.9037  -52.7260   58.9821
   -0.7529    0.5562   -0.3519
   -0.5214   -0.8303   -0.1968
   -0.4017    0.0354    0.9151
...   138 A-T ...
   24.0249  -51.6261   61.9211
   -0.9563    0.0400   -0.2896
   -0.0523   -0.9980    0.0347
   -0.2877    0.0483    0.9565
...   139 G-C ...
   22.3574  -51.2300   64.4909
   -0.8529   -0.5117   -0.1032
    0.4973   -0.8566    0.1372
   -0.1586    0.0657    0.9852
...   140 C-G ...
   22.1609  -50.1386   67.4618
   -0.4681   -0.8749    0.1247
    0.8495   -0.4066    0.3363
   -0.2435    0.2633    0.9335
...   141 G-C ...
   21.4366  -51.8164   72.7856
    0.1304   -0.7141   -0.6877
    0.8897   -0.2218    0.3990
   -0.4375   -0.6639    0.6065
...   142 C-G ...
   20.4355  -54.2995   74.5395
    0.5847   -0.7390   -0.3347
    0.7593    0.3532    0.5466
   -0.2857   -0.5737    0.7676
...   143 T-A ...
   18.4378  -55.5190   76.5273
    0.8548   -0.5006    0.1370
    0.3188    0.7147    0.6225
   -0.4096   -0.4884    0.7705
...   144 C-G ...
   16.8485  -57.7127   78.2648
    0.8529   -0.0846    0.5152
   -0.1509    0.9047    0.3983
   -0.4998   -0.4175    0.7589
...   145 A-T ...
   15.7933  -59.5518   80.7963
    0.5515    0.4995    0.6681
   -0.6739    0.7388    0.0040
   -0.4915   -0.4525    0.7441
...   146 C-G ...
   15.7411  -61.4839   83.9296
    0.0342    0.7400    0.6718
   -0.8637    0.3601   -0.3527
   -0.5029   -0.5681    0.6514
...   147 A-T ...
   14.7482  -63.4171   86.8165
   -0.5923    0.6746    0.4405
   -0.6886   -0.1400   -0.7115
   -0.4183   -0.7247    0.5475
