  147 base-pairs
...     1 T-A ...
    0.0000    0.0000    0.0000
    1.0000    0.0000    0.0000
    0.0000    1.0000    0.0000
    0.0000    0.0000    1.0000
...     2 G-C ...
   -0.5555   -1.1003    3.3981
    0.7749    0.6051    0.1828
   -0.5991    0.7953   -0.0929
   -0.2016   -0.0375    0.9787
...     3 T-A ...
   -0.6619   -3.0237    6.5348
    0.3046    0.9250    0.2271
   -0.8994    0.3578   -0.2510
   -0.3134   -0.1278    0.9410
...     4 G-C ...
   -1.1607   -3.8418    9.6940
   -0.3351    0.9421    0.0133
   -0.8752   -0.3061   -0.3746
   -0.3489   -0.1372    0.9271
...     5 A-T ...
   -1.3881   -3.6770   12.8999
   -0.7835    0.6162   -0.0801
   -0.5677   -0.7622   -0.3109
   -0.2527   -0.1981    0.9470
...     6 G-C ...
   -2.6236   -3.5448   15.7072
   -0.9923    0.0611   -0.1075
   -0.0294   -0.9610   -0.2748
   -0.1201   -0.2695    0.9555
...     7 C-G ...
   -2.3138   -3.7570   18.8866
   -0.8620   -0.4995   -0.0864
    0.5008   -0.8655    0.0073
   -0.0785   -0.0370    0.9962
...     8 G-C ...
   -3.9561   -6.8109   23.3205
   -0.2581   -0.3560   -0.8981
    0.6294   -0.7673    0.1233
   -0.7330   -0.5335    0.4221
...     9 C-G ...
   -6.1177   -8.9414   24.2385
    0.1143   -0.7320   -0.6716
    0.8123   -0.3203    0.4874
   -0.5720   -0.6013    0.5580
...    10 T-A ...
   -8.5041   -9.6771   26.0540
    0.4660   -0.8587   -0.2131
    0.6274    0.1508    0.7640
   -0.6239   -0.4897    0.6090
...    11 C-G ...
  -11.0625  -11.3174   27.2336
    0.6660   -0.6911    0.2808
    0.3382    0.6152    0.7121
   -0.6649   -0.3794    0.6435
...    12 A-T ...
  -13.0013  -13.1789   29.0658
    0.7188   -0.1490    0.6790
   -0.1787    0.9043    0.3876
   -0.6718   -0.4000    0.6235
...    13 C-G ...
  -14.1788  -15.9359   31.3399
    0.4052    0.2865    0.8682
   -0.5270    0.8492   -0.0343
   -0.7470   -0.4437    0.4951
...    14 A-T ...
  -15.9532  -18.1566   33.3080
   -0.1503    0.6873    0.7107
   -0.6106    0.5008   -0.6135
   -0.7776   -0.5261    0.3444
...    15 A-T ...
  -18.2879  -19.9810   34.6906
   -0.5267    0.8194    0.2264
   -0.4026   -0.0059   -0.9154
   -0.7487   -0.5732    0.3330
...    16 T-A ...
  -20.5061  -21.7443   36.4503
   -0.6911    0.6682   -0.2755
   -0.0584   -0.4316   -0.9002
   -0.7204   -0.6060    0.3373
...    17 T-A ...
  -22.7892  -23.6110   37.8704
   -0.6305    0.2417   -0.7376
    0.3864   -0.7264   -0.5684
   -0.6732   -0.6434    0.3646
...    18 T-A ...
  -25.0498  -25.5152   39.2525
   -0.2979   -0.2524   -0.9206
    0.7059   -0.7075   -0.0345
   -0.6426   -0.6601    0.3890
...    19 A-T ...
  -26.9200  -27.9153   40.7093
    0.2389   -0.6064   -0.7584
    0.7500   -0.3808    0.5408
   -0.6167   -0.6980    0.3639
...    20 T-A ...
  -29.3128  -30.0437   41.3988
    0.6060   -0.6948   -0.3874
    0.5262   -0.0151    0.8502
   -0.5965   -0.7191    0.3564
...    21 T-A ...
  -31.2438  -32.4444   42.3736
    0.8277   -0.5412    0.1482
    0.0812    0.3768    0.9227
   -0.5552   -0.7517    0.3558
...    22 C-G ...
  -32.8640  -35.0366   43.5377
    0.7483   -0.1672    0.6420
   -0.4424    0.5953    0.6707
   -0.4943   -0.7859    0.3714
...    23 G-C ...
  -34.3961  -37.5118   45.2734
    0.4138    0.2904    0.8628
   -0.8284    0.5132    0.2245
   -0.3776   -0.8076    0.4530
...    24 C-G ...
  -35.1479  -40.2785   47.0038
   -0.1128    0.5514    0.8266
   -0.9333    0.2267   -0.2786
   -0.3410   -0.8029    0.4890
...    25 A-T ...
  -36.5296  -42.8676   48.6132
   -0.6348    0.6134    0.4698
   -0.6920   -0.1810   -0.6988
   -0.3436   -0.7688    0.5394
...    26 A-T ...
  -37.4426  -45.2995   50.6050
   -0.9412    0.3376   -0.0135
   -0.1671   -0.4998   -0.8498
   -0.2936   -0.7976    0.5269
...    27 A-T ...
  -38.3425  -47.7516   52.5739
   -0.8663   -0.0676   -0.4949
    0.4374   -0.5809   -0.6865
   -0.2410   -0.8112    0.5328
...    28 G-C ...
  -39.2955  -50.3096   54.5050
   -0.4668   -0.3371   -0.8176
    0.8488   -0.4302   -0.3073
   -0.2481   -0.8374    0.4869
...    29 G-C ...
  -40.2986  -53.0414   56.2404
    0.1133   -0.4418   -0.8899
    0.9673   -0.1557    0.2004
   -0.2271   -0.8835    0.4097
...    30 C-G ...
  -41.4293  -55.9407   57.4050
    0.6446   -0.3957   -0.6542
    0.7421    0.1180    0.6598
   -0.1839   -0.9108    0.3697
...    31 C-G ...
  -42.0650  -59.1182   58.3388
    0.9621   -0.1604   -0.2204
    0.2595    0.2919    0.9206
   -0.0833   -0.9429    0.3225
...    32 G-C ...
  -42.0079  -62.2068   59.7261
    0.9415    0.1628    0.2949
   -0.3302    0.2729    0.9036
    0.0666   -0.9482    0.3107
...    33 G-C ...
  -41.2779  -65.3816   60.6682
    0.5889    0.3702    0.7184
   -0.7913    0.0835    0.6057
    0.1642   -0.9252    0.3421
...    34 C-G ...
  -40.2052  -68.3399   61.8065
    0.0365    0.3833    0.9229
   -0.9785   -0.1737    0.1108
    0.2028   -0.9071    0.3688
...    35 C-G ...
  -39.2705  -71.2223   63.3597
   -0.5368    0.2616    0.8021
   -0.8164   -0.4008   -0.4157
    0.2127   -0.8780    0.4288
...    36 C-G ...
  -38.4703  -74.0342   65.1088
   -0.9161    0.0258    0.4001
   -0.3583   -0.5006   -0.7881
    0.1799   -0.8653    0.4678
...    37 G-C ...
  -37.9146  -77.1672   66.2858
   -0.9609   -0.2148   -0.1747
    0.2528   -0.4232   -0.8701
    0.1129   -0.8802    0.4609
...    38 A-T ...
  -37.4866  -80.0169   67.9080
   -0.6098   -0.4103   -0.6781
    0.7845   -0.1904   -0.5902
    0.1131   -0.8918    0.4380
...    39 C-G ...
  -37.6680  -82.8795   69.5930
   -0.0922   -0.4188   -0.9034
    0.9892    0.0657   -0.1314
    0.1144   -0.9057    0.4082
...    40 A-T ...
  -37.0169  -85.8874   70.9519
    0.4894   -0.1942   -0.8502
    0.8579    0.2821    0.4294
    0.1565   -0.9395    0.3047
...    41 C-G ...
  -36.9025  -89.1423   71.4946
    0.8639    0.0324   -0.5027
    0.4658    0.3284    0.8217
    0.1917   -0.9440    0.2686
...    42 G-C ...
  -35.8869  -92.1729   72.6266
    0.9423    0.3338    0.0238
   -0.0944    0.1969    0.9759
    0.3211   -0.9218    0.2170
...    43 A-T ...
  -34.6440  -95.1564   73.2857
    0.6828    0.4159    0.6007
   -0.6329   -0.0741    0.7707
    0.3651   -0.9064    0.2126
...    44 C-G ...
  -32.8593  -97.9584   73.6694
    0.2246    0.3242    0.9189
   -0.8923   -0.3106    0.3277
    0.3917   -0.8935    0.2195
...    45 T-A ...
  -31.2259 -100.7556   74.5217
   -0.3202    0.1245    0.9391
   -0.8536   -0.4679   -0.2290
    0.4109   -0.8749    0.2561
...    46 T-A ...
  -29.6265 -103.4559   75.4390
   -0.7477   -0.2195    0.6267
   -0.4976   -0.4397   -0.7477
    0.4397   -0.8709    0.2195
...    47 A-T ...
  -28.1319 -106.5383   75.6011
   -0.8651   -0.5009   -0.0258
    0.1178   -0.1529   -0.9812
    0.4876   -0.8519    0.1913
...    48 C-G ...
  -26.7204 -109.3156   76.8235
   -0.6707   -0.4868   -0.5596
    0.5669    0.1501   -0.8100
    0.4783   -0.8605    0.1753
...    49 T-A ...
  -25.3762 -112.2890   77.5298
   -0.2801   -0.2670   -0.9221
    0.8435    0.3902   -0.3692
    0.4584   -0.8812    0.1160
...    50 G-C ...
  -23.6419 -115.1627   77.7309
    0.2087    0.1143   -0.9713
    0.8579    0.4555    0.2379
    0.4696   -0.8829   -0.0030
...    51 T-A ...
  -22.5549 -118.2559   77.3365
    0.6102    0.3846   -0.6926
    0.6177    0.3164    0.7199
    0.4960   -0.8672   -0.0445
...    52 A-T ...
  -20.6839 -121.0492   77.2579
    0.8192    0.5640   -0.1041
    0.1373   -0.0165    0.9904
    0.5569   -0.8256   -0.0910
...    53 G-C ...
  -18.6851 -123.6479   76.6606
    0.7236    0.5141    0.4606
   -0.3127   -0.3508    0.8827
    0.6154   -0.7827   -0.0931
...    54 G-C ...
  -16.2505 -125.9946   76.3160
    0.3795    0.2744    0.8836
   -0.6344   -0.6180    0.4644
    0.6735   -0.7368   -0.0604
...    55 T-A ...
  -13.5501 -127.9733   76.0616
   -0.0330   -0.1051    0.9939
   -0.7314   -0.6752   -0.0957
    0.6812   -0.7301   -0.0546
...    56 A-T ...
  -11.6317 -130.7785   75.5001
   -0.4709   -0.5874    0.6582
   -0.5320   -0.4061   -0.7430
    0.7037   -0.7001   -0.1213
...    57 T-A ...
   -9.0487 -132.8638   75.6985
   -0.6642   -0.7294    0.1639
   -0.2126   -0.0260   -0.9768
    0.7167   -0.6836   -0.1378
...    58 C-G ...
   -6.6264 -135.0985   75.3268
   -0.6705   -0.5779   -0.4653
    0.2268    0.4374   -0.8702
    0.7064   -0.6890   -0.1622
...    59 T-A ...
   -4.4334 -137.5883   74.9424
   -0.4827   -0.1951   -0.8538
    0.5582    0.6826   -0.4716
    0.6748   -0.7042   -0.2206
...    60 C-G ...
   -2.2491 -139.9444   74.2219
   -0.0884    0.2938   -0.9518
    0.7365    0.6626    0.1361
    0.6706   -0.6890   -0.2750
...    61 G-C ...
    0.2917 -141.9707   73.2526
    0.2469    0.7123   -0.6570
    0.6835    0.3526    0.6392
    0.6870   -0.6068   -0.3998
...    62 A-T ...
    2.5603 -143.8579   71.8048
    0.5717    0.8115   -0.1212
    0.4206   -0.1631    0.8924
    0.7045   -0.5612   -0.4346
...    63 G-C ...
    4.9142 -145.4798   70.0923
    0.6628    0.6229    0.4156
    0.0671   -0.6022    0.7955
    0.7458   -0.4994   -0.4409
...    64 C-G ...
    7.5896 -146.6793   68.4697
    0.5652    0.1850    0.8040
   -0.2907   -0.8674    0.4040
    0.7721   -0.4620   -0.4364
...    65 T-A ...
   10.3867 -147.9121   67.0925
    0.2891   -0.3216    0.9017
   -0.5299   -0.8382   -0.1290
    0.7972   -0.4405   -0.4127
...    66 C-G ...
   13.1115 -149.3120   65.8047
   -0.0921   -0.7761    0.6238
   -0.5948   -0.4596   -0.6596
    0.7986   -0.4318   -0.4193
...    67 G-C ...
   15.5428 -150.8427   63.9974
   -0.4783   -0.8673    0.1378
   -0.4300    0.0945   -0.8979
    0.7657   -0.4887   -0.4182
...    68 G-C ...
   18.2762 -152.4802   62.7926
   -0.6931   -0.6222   -0.3639
   -0.0962    0.5801   -0.8088
    0.7144   -0.5256   -0.4619
...    69 G-C ...
   20.7431 -154.3822   61.4391
   -0.6959   -0.1381   -0.7047
    0.2986    0.8369   -0.4588
    0.6531   -0.5297   -0.5412
...    70 A-T ...
   22.8764 -156.1593   59.6977
   -0.4255    0.4207   -0.8012
    0.6524    0.7562    0.0506
    0.6272   -0.5012   -0.5962
...    71 T-A ...
   24.3891 -158.1433   57.5846
   -0.0572    0.7648   -0.6417
    0.7834    0.4328    0.4460
    0.6188   -0.4772   -0.6240
...    72 C-G ...
   26.3762 -159.5507   55.3974
    0.3815    0.8995   -0.2132
    0.6882   -0.1224    0.7151
    0.6171   -0.4195   -0.6657
...    73 C-G ...
   28.4885 -160.4951   52.9315
    0.6501    0.7070    0.2784
    0.4013   -0.6306    0.6643
    0.6453   -0.3201   -0.6937
...    74 G-C ...
   31.0452 -161.6264   50.9893
    0.7169    0.2229    0.6606
    0.0045   -0.9490    0.3153
    0.6972   -0.2231   -0.6813
...    75 C-G ...
   33.5860 -161.9500   48.8016
    0.5859   -0.3594    0.7264
   -0.3857   -0.9119   -0.1401
    0.7127   -0.1981   -0.6729
...    76 T-A ...
   36.1943 -162.4084   46.7277
    0.2618   -0.8102    0.5244
   -0.6391   -0.5527   -0.5348
    0.7232   -0.1951   -0.6625
...    77 T-A ...
   38.7461 -162.8326   44.7158
   -0.1360   -0.9893    0.0527
   -0.6895    0.0563   -0.7221
    0.7114   -0.1346   -0.6898
...    78 T-A ...
   41.2539 -163.2416   42.6608
   -0.5020   -0.7607   -0.4114
   -0.4938    0.6427   -0.5857
    0.7100   -0.0909   -0.6983
...    79 A-T ...
   43.5892 -163.1855   40.2001
   -0.7315   -0.1690   -0.6606
   -0.0736    0.9827   -0.1699
    0.6779   -0.0757   -0.7312
...    80 A-T ...
   45.7393 -163.5916   37.8103
   -0.6645    0.4378   -0.6056
    0.3641    0.8974    0.2493
    0.6526   -0.0548   -0.7557
...    81 C-G ...
   47.4860 -164.2047   35.0919
   -0.4058    0.8532   -0.3277
    0.6760    0.5215    0.5206
    0.6151   -0.0103   -0.7884
...    82 A-T ...
   49.6219 -163.9712   32.4878
   -0.0156    0.9898    0.1415
    0.8230   -0.0676    0.5640
    0.5678    0.1252   -0.8136
...    83 C-G ...
   50.9500 -163.2191   29.5408
    0.4139    0.7890    0.4540
    0.7223   -0.5882    0.3637
    0.5541    0.1774   -0.8134
...    84 T-A ...
   52.6977 -162.2166   26.8724
    0.7275    0.3157    0.6092
    0.4004   -0.9163   -0.0033
    0.5572    0.2463   -0.7930
...    85 T-A ...
   54.4214 -161.1076   24.3208
    0.8544   -0.2899    0.4313
   -0.1222   -0.9187   -0.3756
    0.5051    0.2682   -0.8203
...    86 T-A ...
   56.1002 -159.9063   21.7695
    0.6394   -0.7676    0.0438
   -0.6280   -0.5543   -0.5462
    0.4435    0.3217   -0.8365
...    87 A-T ...
   56.7404 -158.7475   18.5131
    0.0517   -0.8841   -0.4645
   -0.9256    0.1323   -0.3548
    0.3751    0.4483   -0.8114
...    88 T-A ...
   58.5783 -157.4703   16.0507
   -0.4417   -0.6672   -0.5998
   -0.8198    0.5717   -0.0322
    0.3644    0.4775   -0.7995
...    89 T-A ...
   59.9397 -156.0125   13.4761
   -0.8455   -0.1958   -0.4967
   -0.4043    0.8424    0.3561
    0.3487    0.5019   -0.7915
...    90 C-G ...
   61.1406 -154.3728   10.8737
   -0.9387    0.3218   -0.1237
    0.1900    0.7823    0.5932
    0.2876    0.5333   -0.7955
...    91 A-T ...
   62.0857 -152.3699    8.3157
   -0.6845    0.6325    0.3627
    0.7107    0.4679    0.5253
    0.1626    0.6173   -0.7697
...    92 T-A ...
   61.9991 -150.5254    5.6183
   -0.2250    0.7596    0.6102
    0.9647    0.0856    0.2492
    0.1371    0.6447   -0.7520
...    93 G-C ...
   62.6911 -148.0869    3.3798
    0.3822    0.5882    0.7127
    0.9177   -0.3319   -0.2183
    0.1081    0.7375   -0.6667
...    94 T-A ...
   62.6303 -145.2771    1.5787
    0.8242    0.2949    0.4834
    0.5570   -0.5762   -0.5981
    0.1022    0.7622   -0.6392
...    95 T-A ...
   62.8352 -142.5962   -0.2873
    0.9973   -0.0705   -0.0205
   -0.0605   -0.6312   -0.7733
    0.0415    0.7724   -0.6337
...    96 A-T ...
   62.3510 -140.4197   -3.0376
    0.6403   -0.3814   -0.6668
   -0.7619   -0.4258   -0.4881
   -0.0978    0.8205   -0.5632
...    97 T-A ...
   62.6224 -137.4766   -4.6078
    0.1227   -0.5103   -0.8512
   -0.9845   -0.1707   -0.0396
   -0.1251    0.8429   -0.5233
...    98 A-T ...
   61.4583 -134.4419   -5.8854
   -0.6143   -0.4132   -0.6723
   -0.7780    0.1749    0.6034
   -0.1317    0.8937   -0.4289
...    99 A-T ...
   61.1835 -131.5633   -7.3849
   -0.9585   -0.2247   -0.1753
   -0.2490    0.3604    0.8990
   -0.1388    0.9053   -0.4014
...   100 C-G ...
   60.7307 -128.8546   -9.2289
   -0.9294   -0.0406    0.3668
    0.3171    0.4207    0.8500
   -0.1889    0.9063   -0.3781
...   101 G-C ...
   60.1574 -125.6140  -10.1359
   -0.5361    0.0577    0.8422
    0.7871    0.3945    0.4741
   -0.3049    0.9171   -0.2569
...   102 G-C ...
   58.7678 -122.5969  -10.7577
    0.0391    0.1608    0.9862
    0.9358    0.3401   -0.0926
   -0.3504    0.9265   -0.1372
...   103 A-T ...
   57.5954 -119.5114  -10.9385
    0.6187    0.2934    0.7287
    0.6996    0.2163   -0.6811
   -0.3575    0.9312   -0.0715
...   104 G-C ...
   56.3601 -116.3953  -10.7852
    0.9212    0.3215    0.2192
    0.2111    0.0604   -0.9756
   -0.3269    0.9450   -0.0123
...   105 C-G ...
   55.5052 -113.1486  -10.3733
    0.8749    0.2897   -0.3881
   -0.3754   -0.1007   -0.9214
   -0.3060    0.9518    0.0207
...   106 T-A ...
   54.7493 -109.8709  -10.0856
    0.4982    0.1765   -0.8489
   -0.8188   -0.2266   -0.5276
   -0.2854    0.9579    0.0316
...   107 T-A ...
   54.0502 -106.6797   -9.7602
   -0.1367    0.0672   -0.9883
   -0.9429   -0.3147    0.1091
   -0.3037    0.9468    0.1064
...   108 C-G ...
   53.1357 -103.4978   -9.3010
   -0.7016   -0.1470   -0.6972
   -0.6353   -0.3139    0.7056
   -0.3226    0.9380    0.1268
...   109 C-G ...
   52.2329 -100.2253   -8.9673
   -0.9101   -0.3777   -0.1702
   -0.1039   -0.1897    0.9763
   -0.4011    0.9063    0.1334
...   110 G-C ...
   51.0013  -97.1695   -8.0326
   -0.7348   -0.5390    0.4119
    0.4573    0.0549    0.8876
   -0.5010    0.8405    0.2062
...   111 G-C ...
   49.1238  -94.4266   -7.4310
   -0.2841   -0.5100    0.8119
    0.7864    0.3605    0.5017
   -0.5486    0.7810    0.2986
...   112 C-G ...
   46.9055  -92.1643   -6.4188
    0.2459   -0.2741    0.9297
    0.7958    0.6047   -0.0322
   -0.5534    0.7478    0.3669
...   113 T-A ...
   44.9467  -89.9410   -4.8936
    0.6898    0.0480    0.7224
    0.4951    0.6968   -0.5190
   -0.5282    0.7157    0.4569
...   114 C-G ...
   43.3718  -87.6049   -3.1660
    0.8611    0.4477    0.2411
   -0.0544    0.5526   -0.8317
   -0.5056    0.7030    0.5002
...   115 G-C ...
   41.8621  -84.8705   -1.7663
    0.6825    0.6493   -0.3355
   -0.5962    0.2292   -0.7694
   -0.4227    0.7252    0.5436
...   116 T-A ...
   40.9843  -82.4662    0.4476
    0.2262    0.6720   -0.7051
   -0.8801   -0.1692   -0.4436
   -0.4174    0.7209    0.5532
...   117 A-T ...
   38.7906  -80.5300    2.4142
   -0.5231    0.4283   -0.7369
   -0.7539   -0.6358    0.1656
   -0.3976    0.6421    0.6554
...   118 T-A ...
   37.9431  -77.9621    4.3629
   -0.8583    0.0375   -0.5118
   -0.3467   -0.7777    0.5244
   -0.3784    0.6275    0.6805
...   119 A-T ...
   36.8414  -76.3546    7.2425
   -0.8738   -0.4858    0.0203
    0.3584   -0.6153    0.7021
   -0.3285    0.6208    0.7118
...   120 A-T ...
   35.6842  -74.2485    9.4395
   -0.4803   -0.7611    0.4359
    0.8172   -0.2079    0.5376
   -0.3186    0.6144    0.7218
...   121 T-A ...
   34.0563  -72.2890   11.5253
    0.0283   -0.7662    0.6419
    0.9481    0.2241    0.2257
   -0.3168    0.6022    0.7328
...   122 G-C ...
   33.3209  -70.3222   14.1838
    0.6270   -0.5370    0.5644
    0.7269    0.6638   -0.1760
   -0.2801    0.5206    0.8065
...   123 T-A ...
   32.1946  -69.1797   17.1026
    0.9344   -0.0992    0.3421
    0.2539    0.8591   -0.4444
   -0.2498    0.5022    0.8279
...   124 G-C ...
   31.6293  -67.2192   19.8036
    0.9098    0.4096   -0.0668
   -0.3826    0.7655   -0.5173
   -0.1607    0.4962    0.8532
...   125 T-A ...
   31.5844  -65.9353   22.9116
    0.5414    0.7617   -0.3560
   -0.8287    0.4119   -0.3790
   -0.1420    0.5002    0.8542
...   126 C-G ...
   31.2303  -64.2312   25.7526
   -0.1000    0.8516   -0.5146
   -0.9862   -0.1534   -0.0621
   -0.1318    0.5013    0.8552
...   127 G-C ...
   30.3304  -62.6652   28.6666
   -0.6706    0.5495   -0.4983
   -0.7241   -0.6307    0.2790
   -0.1610    0.5479    0.8209
...   128 A-T ...
   29.8881  -60.8220   31.4026
   -0.9751    0.0265   -0.2203
   -0.1409   -0.8410    0.5223
   -0.1714    0.5403    0.8238
...   129 C-G ...
   29.2680  -58.5329   33.7744
   -0.8833   -0.4596    0.0926
    0.4292   -0.7132    0.5542
   -0.1886    0.5293    0.8272
...   130 C-G ...
   28.4560  -56.6559   36.4884
   -0.4527   -0.8298    0.3265
    0.8598   -0.3091    0.4065
   -0.2363    0.4647    0.8534
...   131 A-T ...
   27.9863  -55.1833   39.5007
    0.1888   -0.8872    0.4211
    0.9524    0.2700    0.1417
   -0.2394    0.3742    0.8959
...   132 A-T ...
   27.0672  -54.1041   42.4293
    0.7245   -0.5511    0.4139
    0.6474    0.7502   -0.1343
   -0.2365    0.3653    0.9003
...   133 A-T ...
   26.2564  -53.1235   45.4276
    0.9679    0.0114    0.2509
    0.0793    0.9341   -0.3481
   -0.2383    0.3569    0.9033
...   134 T-A ...
   25.6308  -52.5797   48.6349
    0.8597    0.5096    0.0340
   -0.4497    0.7867   -0.4230
   -0.2423    0.3484    0.9055
...   135 G-C ...
   25.2858  -52.4981   52.0750
    0.3205    0.9427   -0.0927
   -0.8825    0.2616   -0.3908
   -0.3441    0.2071    0.9158
...   136 T-A ...
   25.5356  -52.9668   55.8002
   -0.2443    0.9563   -0.1608
   -0.8908   -0.2868   -0.3525
   -0.3832    0.0571    0.9219
...   137 G-C ...
   24.9037  -52.7260   58.9821
   -0.7529    0.5562   -0.3519
   -0.5214   -0.8303   -0.1968
   -0.4017    0.0354    0.9151
...   138 A-T ...
   24.0249  -51.6261   61.9210
   -0.9563    0.0400   -0.2896
   -0.0523   -0.9980    0.0347
   -0.2877    0.0483    0.9565
...   139 G-C ...
   22.3574  -51.2300   64.4909
   -0.8529   -0.5117   -0.1032
    0.4973   -0.8566    0.1372
   -0.1586    0.0657    0.9852
...   140 C-G ...
   22.1608  -50.1386   67.4618
   -0.4681   -0.8749    0.1247
    0.8495   -0.4066    0.3363
   -0.2435    0.2633    0.9335
...   141 G-C ...
   21.4366  -51.8164   72.7856
    0.1304   -0.7141   -0.6877
    0.8897   -0.2218    0.3990
   -0.4375   -0.6639    0.6065
...   142 C-G ...
   20.4355  -54.2995   74.5395
    0.5847   -0.7390   -0.3347
    0.7593    0.3532    0.5466
   -0.2857   -0.5737    0.7676
...   143 T-A ...
   18.4378  -55.5190   76.5272
    0.8548   -0.5006    0.1370
    0.3188    0.7147    0.6225
   -0.4096   -0.4884    0.7705
...   144 C-G ...
   16.8485  -57.7127   78.2648
    0.8529   -0.0846    0.5152
   -0.1509    0.9047    0.3983
   -0.4998   -0.4175    0.7589
...   145 A-T ...
   15.7933  -59.5518   80.7963
    0.5515    0.4995    0.6681
   -0.6739    0.7388    0.0040
   -0.4915   -0.4525    0.7441
...   146 C-G ...
   15.7411  -61.4839   83.9295
    0.0342    0.7400    0.6718
   -0.8637    0.3601   -0.3527
   -0.5029   -0.5681    0.6514
...   147 A-T ...
   14.7482  -63.4171   86.8165
   -0.5923    0.6746    0.4405
   -0.6886   -0.1400   -0.7115
   -0.4183   -0.7247    0.5475
