  147 base-pairs
...     1 T-A ...
    0.0000    0.0000    0.0000
    1.0000    0.0000    0.0000
    0.0000    1.0000    0.0000
    0.0000    0.0000    1.0000
...     2 G-C ...
   -0.5555   -1.1003    3.3981
    0.7749    0.6051    0.1828
   -0.5991    0.7953   -0.0929
   -0.2016   -0.0375    0.9787
...     3 T-A ...
   -0.6619   -3.0237    6.5348
    0.3046    0.9250    0.2271
   -0.8994    0.3578   -0.2510
   -0.3134   -0.1278    0.9410
...     4 G-C ...
   -1.1607   -3.8418    9.6940
   -0.3351    0.9421    0.0133
   -0.8752   -0.3061   -0.3746
   -0.3489   -0.1372    0.9271
...     5 A-T ...
   -1.3881   -3.6770   12.8999
   -0.7835    0.6162   -0.0801
   -0.5677   -0.7622   -0.3109
   -0.2527   -0.1981    0.9470
...     6 G-C ...
   -2.6236   -3.5448   15.7072
   -0.9923    0.0611   -0.1075
   -0.0294   -0.9610   -0.2748
   -0.1201   -0.2695    0.9555
...     7 C-G ...
   -2.3138   -3.7570   18.8866
   -0.8620   -0.4995   -0.0864
    0.5008   -0.8655    0.0073
   -0.0785   -0.0370    0.9962
...     8 G-C ...
   -3.9561   -6.8109   23.3205
   -0.2581   -0.3560   -0.8981
    0.6294   -0.7673    0.1233
   -0.7330   -0.5335    0.4221
...     9 C-G ...
   -6.1177   -8.9414   24.2385
    0.1143   -0.7320   -0.6716
    0.8123   -0.3203    0.4874
   -0.5720   -0.6013    0.5580
...    10 T-A ...
   -8.5041   -9.6771   26.0540
    0.4660   -0.8587   -0.2131
    0.6274    0.1508    0.7640
   -0.6239   -0.4897    0.6090
...    11 C-G ...
  -11.0625  -11.3174   27.2336
    0.6660   -0.6911    0.2808
    0.3382    0.6152    0.7121
   -0.6649   -0.3794    0.6435
...    12 A-T ...
  -13.0013  -13.1789   29.0658
    0.7188   -0.1490    0.6790
   -0.1787    0.9043    0.3876
   -0.6718   -0.4000    0.6235
...    13 C-G ...
  -14.1788  -15.9359   31.3399
    0.4052    0.2865    0.8682
   -0.5270    0.8492   -0.0343
   -0.7470   -0.4437    0.4951
...    14 A-T ...
  -15.9532  -18.1566   33.3080
   -0.1503    0.6873    0.7107
   -0.6106    0.5008   -0.6135
   -0.7776   -0.5261    0.3444
...    15 A-T ...
  -18.3913  -19.9197   34.5440
   -0.5021    0.8412    0.2008
   -0.3861   -0.0103   -0.9224
   -0.7738   -0.5407    0.3299
...    16 T-A ...
  -20.7377  -21.6237   36.3435
   -0.6698    0.6651   -0.3301
   -0.0231   -0.4630   -0.8860
   -0.7421   -0.5859    0.3255
...    17 T-A ...
  -23.1691  -23.3557   37.7237
   -0.5792    0.2272   -0.7829
    0.4055   -0.7528   -0.5185
   -0.7072   -0.6178    0.3439
...    18 T-A ...
  -25.5580  -25.2502   38.9140
   -0.2167   -0.2418   -0.9458
    0.6727   -0.7391    0.0348
   -0.7074   -0.6288    0.3228
...    19 A-T ...
  -27.6861  -27.6403   40.0715
    0.2926   -0.6226   -0.7257
    0.6551   -0.4224    0.6265
   -0.6966   -0.6587    0.2843
...    20 T-A ...
  -30.3164  -29.6101   40.4515
    0.6054   -0.7455   -0.2787
    0.3961   -0.0216    0.9180
   -0.6904   -0.6661    0.2822
...    21 T-A ...
  -32.5808  -31.8553   41.1222
    0.7158   -0.6158    0.3294
   -0.0648    0.4111    0.9093
   -0.6953   -0.6722    0.2544
...    22 C-G ...
  -34.7575  -34.1579   42.0434
    0.5410   -0.2247    0.8104
   -0.5084    0.6802    0.5280
   -0.6699   -0.6977    0.2538
...    23 G-C ...
  -37.0984  -36.1130   43.5474
    0.2340    0.2818    0.9305
   -0.7751    0.6318    0.0036
   -0.5869   -0.7221    0.3663
...    24 C-G ...
  -38.6962  -38.6833   44.8645
   -0.1894    0.6100    0.7694
   -0.7816    0.3806   -0.4942
   -0.5943   -0.6950    0.4047
...    25 A-T ...
  -41.1129  -40.9678   45.5966
   -0.6344    0.7211    0.2785
   -0.4756   -0.0801   -0.8760
   -0.6094   -0.6882    0.3937
...    26 A-T ...
  -43.0697  -43.1939   47.0389
   -0.8033    0.5164   -0.2966
    0.0096   -0.4867   -0.8735
   -0.5954   -0.7046    0.3861
...    27 A-T ...
  -44.9910  -45.3760   48.5574
   -0.6454    0.1045   -0.7567
    0.5124   -0.6754   -0.5303
   -0.5665   -0.7300    0.3823
...    28 G-C ...
  -47.2440  -47.5414   49.8966
   -0.2111   -0.2410   -0.9473
    0.7782   -0.6279   -0.0137
   -0.5915   -0.7401    0.3201
...    29 G-C ...
  -49.5410  -50.0022   50.7725
    0.3471   -0.4940   -0.7972
    0.7425   -0.3745    0.5553
   -0.5729   -0.7847    0.2368
...    30 C-G ...
  -51.5381  -52.6124   51.0893
    0.7457   -0.5693   -0.3462
    0.3871   -0.0527    0.9205
   -0.5423   -0.8205    0.1811
...    31 C-G ...
  -53.2707  -55.4506   51.4751
    0.8684   -0.4345    0.2390
   -0.1447    0.2388    0.9602
   -0.4743   -0.8684    0.1445
...    32 G-C ...
  -54.5543  -58.1862   52.4294
    0.6822   -0.1587    0.7137
   -0.6261    0.3772    0.6824
   -0.3775   -0.9124    0.1580
...    33 G-C ...
  -55.4189  -61.3810   53.2565
    0.2068    0.1181    0.9712
   -0.9204    0.3602    0.1522
   -0.3318   -0.9254    0.1832
...    34 C-G ...
  -56.2259  -64.5043   54.0185
   -0.3680    0.3252    0.8711
   -0.8708    0.2080   -0.4455
   -0.3261   -0.9225    0.2066
...    35 C-G ...
  -57.3339  -67.5729   55.0843
   -0.8109    0.3979    0.4291
   -0.4797   -0.0318   -0.8769
   -0.3353   -0.9169    0.2167
...    36 C-G ...
  -58.4159  -70.6838   56.1435
   -0.9204    0.3407   -0.1917
    0.0996   -0.2698   -0.9577
   -0.3781   -0.9006    0.2144
...    37 G-C ...
  -58.9524  -74.2062   56.0152
   -0.6469    0.1807   -0.7409
    0.6475   -0.3830   -0.6588
   -0.4028   -0.9059    0.1307
...    38 A-T ...
  -60.1632  -77.0990   56.5873
   -0.1193   -0.0689   -0.9905
    0.9161   -0.3923   -0.0831
   -0.3828   -0.9173    0.1100
...    39 C-G ...
  -61.7453  -79.8659   56.6511
    0.4197   -0.2064   -0.8839
    0.8280   -0.3120    0.4660
   -0.3719   -0.9274    0.0399
...    40 A-T ...
  -62.8242  -83.1118   56.6115
    0.8695   -0.2633   -0.4180
    0.3880   -0.1597    0.9077
   -0.3058   -0.9514   -0.0367
...    41 C-G ...
  -63.5903  -86.2744   55.9315
    0.9544   -0.2601    0.1467
   -0.1581   -0.0237    0.9871
   -0.2533   -0.9653   -0.0637
...    42 G-C ...
  -64.3813  -89.5416   56.2148
    0.6499   -0.1834    0.7376
   -0.7401    0.0681    0.6690
   -0.1730   -0.9807   -0.0915
...    43 A-T ...
  -64.8625  -92.7187   55.9093
    0.0527   -0.1220    0.9911
   -0.9844    0.1608    0.0721
   -0.1681   -0.9794   -0.1116
...    44 C-G ...
  -64.8414  -96.0566   55.6930
   -0.5070    0.0003    0.8619
   -0.8465    0.1883   -0.4980
   -0.1625   -0.9821   -0.0952
...    45 T-A ...
  -64.9628  -99.6948   55.8597
   -0.9136    0.1221    0.3879
   -0.3672    0.1627   -0.9158
   -0.1749   -0.9791   -0.1038
...    46 T-A ...
  -65.4395 -102.8792   55.6582
   -0.9583    0.1684   -0.2310
    0.2516    0.1133   -0.9612
   -0.1357   -0.9792   -0.1509
...    47 A-T ...
  -65.5353 -106.2009   54.7785
   -0.5316    0.2001   -0.8230
    0.8388   -0.0108   -0.5444
   -0.1179   -0.9797   -0.1621
...    48 C-G ...
  -66.5221 -109.3506   54.5134
    0.0241    0.2159   -0.9761
    0.9922   -0.1249   -0.0031
   -0.1226   -0.9684   -0.2173
...    49 T-A ...
  -67.2171 -112.5298   53.5332
    0.5867    0.2008   -0.7845
    0.8048   -0.2522    0.5373
   -0.0900   -0.9466   -0.3096
...    50 G-C ...
  -67.2124 -115.7312   52.3012
    0.9534    0.1565   -0.2581
    0.2994   -0.3827    0.8740
    0.0380   -0.9105   -0.4117
...    51 T-A ...
  -66.9202 -118.4024   50.5251
    0.9586   -0.0513    0.2801
   -0.2737   -0.4368    0.8569
    0.0784   -0.8981   -0.4327
...    52 A-T ...
  -67.1834 -121.8419   49.6939
    0.5022   -0.3959    0.7688
   -0.8615   -0.3060    0.4052
    0.0748   -0.8658   -0.4947
...    53 G-C ...
  -66.7246 -124.7056   48.1425
   -0.0709   -0.4720    0.8787
   -0.9913   -0.0644   -0.1146
    0.1107   -0.8792   -0.4634
...    54 G-C ...
  -65.7045 -127.9584   46.9206
   -0.6574   -0.3885    0.6457
   -0.7458    0.2127   -0.6313
    0.1079   -0.8966   -0.4296
...    55 T-A ...
  -65.1099 -131.0518   45.8575
   -0.9579   -0.2273    0.1755
   -0.2575    0.4092   -0.8754
    0.1272   -0.8837   -0.4505
...    56 A-T ...
  -64.5861 -134.1425   44.4988
   -0.9020    0.1057   -0.4186
    0.4145    0.4833   -0.7711
    0.1208   -0.8690   -0.4798
...    57 T-A ...
  -64.5916 -137.2258   43.3976
   -0.5225    0.3548   -0.7753
    0.8417    0.3601   -0.4024
    0.1364   -0.8628   -0.4868
...    58 C-G ...
  -64.3557 -140.1694   41.6182
    0.1502    0.5447   -0.8250
    0.9792    0.0331    0.2001
    0.1363   -0.8380   -0.5284
...    59 T-A ...
  -63.9862 -142.7672   39.5594
    0.6596    0.5429   -0.5197
    0.7315   -0.3051    0.6098
    0.1725   -0.7824   -0.5984
...    60 C-G ...
  -63.0571 -145.2962   37.6350
    0.9612    0.2756   -0.0141
    0.1930   -0.6348    0.7482
    0.1972   -0.7219   -0.6633
...    61 G-C ...
  -62.0148 -148.0919   35.9199
    0.8524   -0.0350    0.5217
   -0.3633   -0.7572    0.5429
    0.3760   -0.6523   -0.6581
...    62 A-T ...
  -60.4809 -150.3651   33.8015
    0.4316   -0.5213    0.7362
   -0.8056   -0.5900    0.0546
    0.4059   -0.6166   -0.6746
...    63 G-C ...
  -58.6384 -152.4812   31.8639
   -0.1369   -0.7468    0.6508
   -0.8847   -0.2034   -0.4195
    0.4457   -0.6332   -0.6329
...    64 T-A ...
  -56.7295 -154.6334   30.1522
   -0.6181   -0.7241    0.3059
   -0.6516    0.2542   -0.7147
    0.4398   -0.6411   -0.6289
...    65 C-G ...
  -55.2972 -156.9164   28.2380
   -0.8818   -0.4236   -0.2076
   -0.1348    0.6480   -0.7496
    0.4520   -0.6330   -0.6285
...    66 A-T ...
  -53.2793 -158.2579   25.7250
   -0.8113    0.1341   -0.5690
    0.4280    0.7992   -0.4219
    0.3982   -0.5859   -0.7058
...    67 T-A ...
  -52.2832 -160.5100   23.5305
   -0.4738    0.5654   -0.6752
    0.7940    0.6058   -0.0498
    0.3809   -0.5597   -0.7360
...    68 G-C ...
  -50.8921 -162.4017   20.8746
    0.0830    0.8840   -0.4600
    0.9152    0.1151    0.3863
    0.3945   -0.4531   -0.7995
...    69 T-A ...
  -50.0934 -163.7569   17.8866
    0.5677    0.8106   -0.1440
    0.7174   -0.4012    0.5696
    0.4039   -0.4267   -0.8092
...    70 T-A ...
  -48.8403 -164.9271   15.2070
    0.8538    0.4515    0.2592
    0.2667   -0.8069    0.5270
    0.4471   -0.3808   -0.8094
...    71 A-T ...
  -47.1984 -166.5168   12.6165
    0.8110   -0.2058    0.5477
   -0.3585   -0.9145    0.1873
    0.4624   -0.3483   -0.8154
...    72 T-A ...
  -45.2717 -167.0306    9.9760
    0.5018   -0.6746    0.5414
   -0.7284   -0.6672   -0.1562
    0.4666   -0.3159   -0.8261
...    73 A-T ...
  -44.0088 -168.0917    6.8167
   -0.1329   -0.9833    0.1244
   -0.8751    0.0576   -0.4805
    0.4653   -0.1727   -0.8682
...    74 A-T ...
  -42.2870 -168.6260    4.0743
   -0.6097   -0.7381   -0.2890
   -0.6158    0.6706   -0.4137
    0.4991   -0.0743   -0.8634
...    75 C-G ...
  -40.1418 -169.2810    1.3982
   -0.8290   -0.2066   -0.5197
   -0.1607    0.9781   -0.1324
    0.5357   -0.0262   -0.8440
...    76 G-C ...
  -38.3160 -169.0289   -1.3280
   -0.7686    0.4573   -0.4474
    0.3713    0.8884    0.2701
    0.5210    0.0415   -0.8525
...    77 G-C ...
  -36.5959 -169.0460   -4.1745
   -0.4881    0.8622   -0.1355
    0.7291    0.4881    0.4798
    0.4798    0.1354   -0.8669
...    78 A-T ...
  -35.1146 -168.4384   -7.0072
    0.0060    0.9663    0.2573
    0.8826   -0.1260    0.4528
    0.4700    0.2244   -0.8537
...    79 C-G ...
  -34.2002 -167.5552  -10.0207
    0.4343    0.7191    0.5424
    0.7561   -0.6183    0.2144
    0.4896    0.3170   -0.8123
...    80 T-A ...
  -32.9716 -165.8646  -12.6816
    0.7135    0.2227    0.6643
    0.4349   -0.8841   -0.1707
    0.5494    0.4107   -0.7277
...    81 C-G ...
  -30.7263 -164.7536  -14.7807
    0.8122   -0.3629    0.4567
   -0.0055   -0.7877   -0.6161
    0.5833    0.4979   -0.6418
...    82 G-C ...
  -28.5265 -164.0167  -17.5077
    0.6325   -0.7744    0.0165
   -0.4272   -0.3666   -0.8265
    0.6461    0.5157   -0.5627
...    83 G-C ...
  -25.9730 -162.3517  -19.1549
    0.2433   -0.8518   -0.4639
   -0.6974    0.1788   -0.6940
    0.6741    0.4924   -0.5505
...    84 G-C ...
  -23.5347 -160.9149  -20.9713
   -0.2420   -0.6186   -0.7475
   -0.6839    0.6553   -0.3208
    0.6883    0.4336   -0.5816
...    85 A-T ...
  -20.9277 -159.6252  -22.7772
   -0.5934   -0.0408   -0.8039
   -0.3896    0.8885    0.2425
    0.7043    0.4571   -0.5431
...    86 T-A ...
  -18.4808 -158.6478  -24.7902
   -0.7141    0.4445   -0.5408
   -0.0154    0.7623    0.6470
    0.6999    0.4704   -0.5375
...    87 C-G ...
  -16.1735 -157.1962  -26.7615
   -0.5801    0.8144   -0.0155
    0.4128    0.3103    0.8564
    0.7022    0.4904   -0.5161
...    88 C-G ...
  -13.6730 -155.8560  -28.4820
   -0.3737    0.7622    0.5286
    0.6464   -0.1947    0.7378
    0.6652    0.6174   -0.4199
...    89 G-C ...
  -11.1717 -153.7800  -29.4302
   -0.0528    0.4061    0.9123
    0.7693   -0.5659    0.2964
    0.6367    0.7175   -0.2825
...    90 C-G ...
   -9.3813 -150.9264  -30.2439
    0.3838   -0.0210    0.9232
    0.6704   -0.6812   -0.2942
    0.6351    0.7318   -0.2473
...    91 T-A ...
   -7.2162 -148.1550  -30.4188
    0.6897   -0.4318    0.5813
    0.3687   -0.4814   -0.7952
    0.6232    0.7628   -0.1728
...    92 T-A ...
   -5.2131 -145.5648  -30.6355
    0.7988   -0.6012   -0.0226
   -0.1079   -0.1062   -0.9885
    0.5919    0.7920   -0.1498
...    93 T-A ...
   -3.2033 -142.9585  -30.7814
    0.6115   -0.4993   -0.6138
   -0.5646    0.2681   -0.7806
    0.5543    0.8239   -0.1180
...    94 A-T ...
   -2.2225 -139.7794  -31.4840
    0.1856   -0.0651   -0.9805
   -0.8516    0.4871   -0.1936
    0.4902    0.8709    0.0349
...    95 A-T ...
   -0.4676 -137.0413  -31.2547
   -0.3379    0.3066   -0.8899
   -0.8104    0.3861    0.4407
    0.4787    0.8700    0.1180
...    96 C-G ...
    1.5622 -134.2865  -31.1594
   -0.7313    0.4905   -0.4740
   -0.4831    0.1180    0.8676
    0.4815    0.8634    0.1507
...    97 A-T ...
    3.1708 -131.3953  -30.5634
   -0.9048    0.4020    0.1405
    0.0485   -0.2305    0.9719
    0.4231    0.8861    0.1890
...    98 C-G ...
    4.2424 -128.2199  -30.4551
   -0.7558    0.1826    0.6289
    0.5206   -0.4150    0.7462
    0.3972    0.8913    0.2186
...    99 T-A ...
    5.1525 -124.8419  -29.8052
   -0.3467   -0.2006    0.9163
    0.8703   -0.4332    0.2344
    0.3499    0.8787    0.3248
...   100 T-A ...
    5.9602 -121.9141  -28.6330
    0.2171   -0.4334    0.8747
    0.9136   -0.2252   -0.3384
    0.3437    0.8726    0.3470
...   101 T-A ...
    6.9947 -119.1224  -27.3281
    0.6876   -0.5184    0.5084
    0.6316    0.0815   -0.7710
    0.3583    0.8512    0.3835
...   102 A-T ...
    8.3829 -116.2020  -26.1688
    0.9366   -0.3321   -0.1121
    0.0409    0.4211   -0.9061
    0.3481    0.8440    0.4080
...   103 T-A ...
    9.6026 -113.8856  -24.1971
    0.8322   -0.0964   -0.5460
   -0.4121    0.5514   -0.7254
    0.3710    0.8287    0.4192
...   104 G-C ...
   11.0948 -111.2757  -22.8025
    0.3720    0.1928   -0.9080
   -0.8211    0.5245   -0.2250
    0.4329    0.8293    0.3535
...   105 C-G ...
   12.8591 -108.6358  -21.7449
   -0.1684    0.4500   -0.8770
   -0.8922    0.3086    0.3297
    0.4190    0.8380    0.3495
...   106 T-A ...
   14.6371 -105.8166  -20.7887
   -0.6681    0.5274   -0.5249
   -0.6207   -0.0060    0.7840
    0.4103    0.8496    0.3314
...   107 T-A ...
   16.0315 -103.0629  -19.8918
   -0.9168    0.3994    0.0015
   -0.1340   -0.3111    0.9409
    0.3763    0.8624    0.3388
...   108 C-G ...
   17.1951 -100.0878  -18.9115
   -0.8396    0.0745    0.5380
    0.4390   -0.4901    0.7530
    0.3198    0.8685    0.3788
...   109 C-G ...
   18.3211  -97.2022  -17.7903
   -0.5181   -0.3253    0.7910
    0.8193   -0.4542    0.3498
    0.2455    0.8294    0.5019
...   110 G-C ...
   19.2888  -94.8686  -15.9296
   -0.0423   -0.6266    0.7782
    0.9800   -0.1774   -0.0896
    0.1942    0.7589    0.6216
...   111 G-C ...
   19.8032  -92.6869  -13.4296
    0.4964   -0.6771    0.5433
    0.8477    0.2431   -0.4715
    0.1872    0.6946    0.6946
...   112 C-G ...
   20.2952  -90.9097  -10.6033
    0.8824   -0.4448    0.1532
    0.4240    0.6106   -0.6689
    0.2039    0.6552    0.7274
...   113 T-A ...
   21.0029  -88.8992   -8.0583
    0.9671   -0.0413   -0.2511
   -0.1251    0.7820   -0.6106
    0.2216    0.6219    0.7511
...   114 C-G ...
   21.8144  -86.6799   -5.7240
    0.6843    0.4552   -0.5696
   -0.6877    0.6627   -0.2965
    0.2425    0.5946    0.7666
...   115 G-C ...
   22.1794  -84.4823   -3.2521
    0.1105    0.7474   -0.6551
   -0.9631    0.2434    0.1152
    0.2456    0.6181    0.7467
...   116 T-A ...
   23.6398  -82.2295   -1.1475
   -0.4561    0.7338   -0.5035
   -0.8625   -0.2250    0.4533
    0.2193    0.6410    0.7356
...   117 A-T ...
   24.6215  -79.8874    1.1487
   -0.8978    0.4072   -0.1677
   -0.4082   -0.6263    0.6642
    0.1654    0.6648    0.7285
...   118 T-A ...
   25.2753  -77.2704    3.0106
   -0.9796    0.0182    0.2003
    0.1177   -0.7556    0.6444
    0.1631    0.6548    0.7380
...   119 A-T ...
   25.9308  -75.3070    5.7001
   -0.7004   -0.4889    0.5200
    0.7038   -0.5943    0.3892
    0.1188    0.6386    0.7603
...   120 A-T ...
   26.0454  -73.1737    8.1458
   -0.1754   -0.7824    0.5976
    0.9809   -0.1906    0.0384
    0.0839    0.5930    0.8008
...   121 T-A ...
   25.6843  -71.3021   10.8744
    0.3712   -0.7691    0.5203
    0.9258    0.2633   -0.2713
    0.0717    0.5824    0.8097
...   122 G-C ...
   25.9266  -69.4707   13.7872
    0.8568   -0.4820    0.1835
    0.5034    0.7044   -0.5004
    0.1120    0.5211    0.8461
...   123 T-A ...
   26.2557  -68.2566   16.8562
    0.9942   -0.0324   -0.1025
   -0.0241    0.8619   -0.5065
    0.1047    0.5061    0.8561
...   124 G-C ...
   26.6398  -66.6025   19.7847
    0.7650    0.4934   -0.4139
   -0.6278    0.7148   -0.3082
    0.1438    0.4956    0.8566
...   125 T-A ...
   27.4802  -65.3572   22.6643
    0.3044    0.7884   -0.5346
   -0.9405    0.3377   -0.0374
    0.1511    0.5142    0.8443
...   126 C-G ...
   28.0211  -63.7274   25.3707
   -0.3235    0.8365   -0.4422
   -0.9346   -0.2093    0.2877
    0.1481    0.5063    0.8495
...   127 G-C ...
   27.8924  -62.2793   28.4130
   -0.8009    0.5033   -0.3245
   -0.5978   -0.6392    0.4838
    0.0361    0.5815    0.8128
...   128 A-T ...
   28.1667  -60.4807   31.0153
   -0.9998    0.0167    0.0135
   -0.0062   -0.8280    0.5607
    0.0206    0.5605    0.8279
...   129 C-G ...
   28.0619  -58.0604   33.2519
   -0.8461   -0.4602    0.2691
    0.5323   -0.7015    0.4739
   -0.0293    0.5442    0.8385
...   130 C-G ...
   27.3329  -56.1830   36.0163
   -0.4209   -0.8238    0.3797
    0.8986   -0.3214    0.2988
   -0.1241    0.4670    0.8755
...   131 A-T ...
   27.5649  -54.9337   39.1919
    0.2062   -0.8966    0.3920
    0.9670    0.2479    0.0585
   -0.1496    0.3670    0.9181
...   132 A-T ...
   26.9779  -53.9448   42.2767
    0.7355   -0.5778    0.3537
    0.6573    0.7353   -0.1655
   -0.1644    0.3542    0.9206
...   133 A-T ...
   26.2170  -53.1186   45.3649
    0.9723   -0.0015    0.2338
    0.0861    0.9319   -0.3522
   -0.2174    0.3626    0.9062
...   134 T-A ...
   25.6309  -52.5796   48.6348
    0.8597    0.5096    0.0340
   -0.4497    0.7867   -0.4230
   -0.2423    0.3484    0.9055
...   135 G-C ...
   25.2859  -52.4981   52.0749
    0.3205    0.9427   -0.0927
   -0.8825    0.2616   -0.3908
   -0.3441    0.2071    0.9158
...   136 T-A ...
   25.5357  -52.9668   55.8001
   -0.2443    0.9563   -0.1608
   -0.8908   -0.2868   -0.3525
   -0.3832    0.0571    0.9219
...   137 G-C ...
   24.9038  -52.7259   58.9820
   -0.7529    0.5562   -0.3519
   -0.5214   -0.8303   -0.1968
   -0.4017    0.0354    0.9151
...   138 A-T ...
   24.0250  -51.6261   61.9210
   -0.9563    0.0400   -0.2896
   -0.0523   -0.9980    0.0347
   -0.2877    0.0483    0.9565
...   139 G-C ...
   22.3575  -51.2300   64.4908
   -0.8529   -0.5117   -0.1032
    0.4973   -0.8566    0.1372
   -0.1586    0.0657    0.9852
...   140 C-G ...
   22.1609  -50.1386   67.4617
   -0.4681   -0.8749    0.1247
    0.8495   -0.4066    0.3363
   -0.2435    0.2633    0.9335
...   141 G-C ...
   21.4367  -51.8164   72.7855
    0.1304   -0.7141   -0.6877
    0.8897   -0.2218    0.3990
   -0.4375   -0.6639    0.6065
...   142 C-G ...
   20.4356  -54.2994   74.5394
    0.5847   -0.7390   -0.3347
    0.7593    0.3532    0.5466
   -0.2857   -0.5737    0.7676
...   143 T-A ...
   18.4379  -55.5190   76.5272
    0.8548   -0.5006    0.1370
    0.3188    0.7147    0.6225
   -0.4096   -0.4884    0.7705
...   144 C-G ...
   16.8486  -57.7126   78.2647
    0.8529   -0.0846    0.5152
   -0.1509    0.9047    0.3983
   -0.4998   -0.4175    0.7589
...   145 A-T ...
   15.7934  -59.5518   80.7962
    0.5515    0.4995    0.6681
   -0.6739    0.7388    0.0040
   -0.4915   -0.4525    0.7441
...   146 C-G ...
   15.7412  -61.4839   83.9295
    0.0342    0.7400    0.6718
   -0.8637    0.3601   -0.3527
   -0.5029   -0.5681    0.6514
...   147 A-T ...
   14.7482  -63.4170   86.8164
   -0.5923    0.6746    0.4405
   -0.6886   -0.1400   -0.7115
   -0.4183   -0.7247    0.5475
