  147 base-pairs
...     1 T-A ...
    0.0000    0.0000    0.0000
    1.0000    0.0000    0.0000
    0.0000    1.0000    0.0000
    0.0000    0.0000    1.0000
...     2 G-C ...
   -0.5555   -1.1003    3.3981
    0.7749    0.6051    0.1828
   -0.5991    0.7953   -0.0929
   -0.2016   -0.0375    0.9787
...     3 T-A ...
   -0.6619   -3.0237    6.5348
    0.3046    0.9250    0.2271
   -0.8994    0.3578   -0.2510
   -0.3134   -0.1278    0.9410
...     4 G-C ...
   -1.1607   -3.8418    9.6940
   -0.3351    0.9421    0.0133
   -0.8752   -0.3061   -0.3746
   -0.3489   -0.1372    0.9271
...     5 A-T ...
   -1.3881   -3.6770   12.8999
   -0.7835    0.6162   -0.0801
   -0.5677   -0.7622   -0.3109
   -0.2527   -0.1981    0.9470
...     6 G-C ...
   -2.6236   -3.5448   15.7072
   -0.9923    0.0611   -0.1075
   -0.0294   -0.9610   -0.2748
   -0.1201   -0.2695    0.9555
...     7 C-G ...
   -2.3138   -3.7570   18.8866
   -0.8620   -0.4995   -0.0864
    0.5008   -0.8655    0.0073
   -0.0785   -0.0370    0.9962
...     8 G-C ...
   -3.9561   -6.8109   23.3205
   -0.2581   -0.3560   -0.8981
    0.6294   -0.7673    0.1233
   -0.7330   -0.5335    0.4221
...     9 C-G ...
   -6.1177   -8.9414   24.2385
    0.1143   -0.7320   -0.6716
    0.8123   -0.3203    0.4874
   -0.5720   -0.6013    0.5580
...    10 T-A ...
   -8.5041   -9.6771   26.0540
    0.4660   -0.8587   -0.2131
    0.6274    0.1508    0.7640
   -0.6239   -0.4897    0.6090
...    11 C-G ...
  -11.0625  -11.3174   27.2336
    0.6660   -0.6911    0.2808
    0.3382    0.6152    0.7121
   -0.6649   -0.3794    0.6435
...    12 A-T ...
  -13.0013  -13.1789   29.0658
    0.7188   -0.1490    0.6790
   -0.1787    0.9043    0.3876
   -0.6718   -0.4000    0.6235
...    13 C-G ...
  -14.1788  -15.9359   31.3399
    0.4052    0.2865    0.8682
   -0.5270    0.8492   -0.0343
   -0.7470   -0.4437    0.4951
...    14 A-T ...
  -15.9532  -18.1566   33.3080
   -0.1503    0.6873    0.7107
   -0.6106    0.5008   -0.6135
   -0.7776   -0.5261    0.3444
...    15 A-T ...
  -18.3821  -19.9287   34.5488
   -0.5020    0.8404    0.2043
   -0.3886   -0.0081   -0.9214
   -0.7727   -0.5419    0.3306
...    16 T-A ...
  -20.7201  -21.6412   36.3519
   -0.6720    0.6659   -0.3241
   -0.0267   -0.4592   -0.8879
   -0.7401   -0.5880    0.3264
...    17 T-A ...
  -23.1407  -23.3808   37.7397
   -0.5848    0.2301   -0.7778
    0.4034   -0.7494   -0.5250
   -0.7037   -0.6208    0.3454
...    18 T-A ...
  -25.5178  -25.2783   38.9421
   -0.2259   -0.2360   -0.9451
    0.6745   -0.7379    0.0231
   -0.7029   -0.6323    0.3259
...    19 A-T ...
  -27.6264  -27.6739   40.0842
    0.2829   -0.6056   -0.7438
    0.6663   -0.4337    0.6065
   -0.6899   -0.6672    0.2808
...    20 T-A ...
  -30.2406  -29.6627   40.4578
    0.6033   -0.7349   -0.3097
    0.4140   -0.0433    0.9093
   -0.6816   -0.6768    0.2781
...    21 T-A ...
  -32.4816  -31.9389   41.1096
    0.7306   -0.6184    0.2895
   -0.0418    0.3827    0.9229
   -0.6815   -0.6864    0.2537
...    22 C-G ...
  -34.6021  -34.2937   42.0173
    0.5725   -0.2444    0.7826
   -0.4958    0.6571    0.5678
   -0.6531   -0.7131    0.2550
...    23 G-C ...
  -36.8512  -36.3333   43.5554
    0.2683    0.2560    0.9287
   -0.7827    0.6199    0.0553
   -0.5615   -0.7418    0.3667
...    24 C-G ...
  -38.3556  -38.9635   44.8570
   -0.1643    0.5826    0.7960
   -0.8074    0.3842   -0.4478
   -0.5667   -0.7162    0.4072
...    25 A-T ...
  -40.6988  -41.2902   45.6575
   -0.6274    0.7038    0.3334
   -0.5190   -0.0587   -0.8528
   -0.5806   -0.7080    0.4021
...    26 A-T ...
  -42.5528  -43.5791   47.1368
   -0.8246    0.5148   -0.2347
   -0.0331   -0.4580   -0.8883
   -0.5648   -0.7247    0.3947
...    27 A-T ...
  -44.3580  -45.8302   48.6939
   -0.6907    0.1187   -0.7134
    0.4890   -0.6502   -0.5815
   -0.5328   -0.7505    0.3910
...    28 G-C ...
  -46.4932  -48.0714   50.0933
   -0.2675   -0.2151   -0.9392
    0.7844   -0.6147   -0.0827
   -0.5596   -0.7589    0.3332
...    29 G-C ...
  -48.6871  -50.5901   51.0480
    0.2986   -0.4637   -0.8341
    0.7842   -0.3789    0.4914
   -0.5439   -0.8009    0.2505
...    30 C-G ...
  -50.6334  -53.2243   51.4361
    0.7269   -0.5450   -0.4179
    0.4554   -0.0730    0.8873
   -0.5141   -0.8353    0.1952
...    31 C-G ...
  -52.3110  -56.0873   51.8588
    0.8925   -0.4237    0.1546
   -0.0695    0.2096    0.9753
   -0.4457   -0.8812    0.1576
...    32 G-C ...
  -53.4670  -58.8656   52.8140
    0.7472   -0.1617    0.6446
   -0.5685    0.3469    0.7460
   -0.3442   -0.9239    0.1673
...    33 G-C ...
  -54.1747  -62.0960   53.6270
    0.2982    0.1019    0.9490
   -0.9083    0.3358    0.2494
   -0.2933   -0.9364    0.1927
...    34 C-G ...
  -54.8167  -65.2496   54.4043
   -0.2813    0.3002    0.9114
   -0.9168    0.1965   -0.3477
   -0.2835   -0.9334    0.2200
...    35 C-G ...
  -55.7305  -68.3563   55.5388
   -0.7650    0.3745    0.5239
   -0.5746   -0.0293   -0.8179
   -0.2910   -0.9267    0.2376
...    36 C-G ...
  -56.6446  -71.4856   56.6622
   -0.9431    0.3240   -0.0753
   -0.0114   -0.2576   -0.9662
   -0.3324   -0.9103    0.2467
...    37 G-C ...
  -57.1585  -74.9988   56.5606
   -0.7385    0.1743   -0.6513
    0.5652   -0.3668   -0.7389
   -0.3677   -0.9138    0.1724
...    38 A-T ...
  -58.2418  -77.9131   57.2524
   -0.2457   -0.0652   -0.9672
    0.9040   -0.3756   -0.2043
   -0.3500   -0.9245    0.1512
...    39 C-G ...
  -59.7648  -80.7079   57.5025
    0.3009   -0.1962   -0.9333
    0.8881   -0.2989    0.3491
   -0.3474   -0.9339    0.0844
...    40 A-T ...
  -60.7987  -83.9569   57.5987
    0.8066   -0.2475   -0.5367
    0.5144   -0.1532    0.8438
   -0.2911   -0.9567    0.0037
...    41 C-G ...
  -61.6014  -87.1275   57.0261
    0.9702   -0.2421    0.0051
   -0.0116   -0.0254    0.9996
   -0.2419   -0.9699   -0.0274
...    42 G-C ...
  -62.2981  -90.3997   57.4216
    0.7606   -0.1645    0.6280
   -0.6279    0.0596    0.7760
   -0.1651   -0.9846   -0.0579
...    43 A-T ...
  -62.7636  -93.5790   57.2059
    0.2147   -0.1092    0.9706
   -0.9627    0.1436    0.2291
   -0.1644   -0.9836   -0.0743
...    44 C-G ...
  -62.6970  -96.9123   57.0143
   -0.3551    0.0058    0.9348
   -0.9217    0.1651   -0.3511
   -0.1564   -0.9863   -0.0533
...    45 T-A ...
  -62.7243 -100.5446   57.2671
   -0.8339    0.1154    0.5397
   -0.5247    0.1379   -0.8401
   -0.1713   -0.9837   -0.0544
...    46 T-A ...
  -63.1558 -103.7437   57.2363
   -0.9875    0.1497   -0.0498
    0.0642    0.0928   -0.9936
   -0.1442   -0.9844   -0.1012
...    47 A-T ...
  -63.3983 -107.0784   56.5056
   -0.6895    0.1778   -0.7021
    0.7115   -0.0152   -0.7025
   -0.1355   -0.9840   -0.1160
...    48 C-G ...
  -64.3857 -110.2424   56.5017
   -0.1803    0.1912   -0.9648
    0.9720   -0.1156   -0.2046
   -0.1507   -0.9747   -0.1650
...    49 T-A ...
  -65.2389 -113.4456   55.7683
    0.4049    0.1853   -0.8954
    0.9037   -0.2301    0.3610
   -0.1392   -0.9554   -0.2606
...    50 G-C ...
  -65.4555 -116.6739   54.6488
    0.8721    0.1579   -0.4631
    0.4879   -0.3508    0.7993
   -0.0363   -0.9230   -0.3830
...    51 T-A ...
  -65.5260 -119.3952   52.9319
    0.9979   -0.0255    0.0601
   -0.0652   -0.4094    0.9100
    0.0014   -0.9120   -0.4102
...    52 A-T ...
  -65.7904 -122.8111   52.2106
    0.6868   -0.3325    0.6463
   -0.7269   -0.3142    0.6107
   -0.0000   -0.8892   -0.4575
...    53 G-C ...
  -65.5648 -125.7234   50.7151
    0.1681   -0.4153    0.8940
   -0.9848   -0.1108    0.1337
    0.0436   -0.9029   -0.4276
...    54 G-C ...
  -64.6798 -129.0077   49.4665
   -0.4533   -0.3666    0.8125
   -0.8900    0.1353   -0.4354
    0.0497   -0.9205   -0.3876
...    55 T-A ...
  -64.1972 -132.1484   48.5038
   -0.8671   -0.2513    0.4300
   -0.4943    0.3275   -0.8053
    0.0615   -0.9108   -0.4082
...    56 A-T ...
  -63.8701 -135.3313   47.3099
   -0.9849    0.0332   -0.1699
    0.1675    0.4310   -0.8867
    0.0438   -0.9017   -0.4301
...    57 T-A ...
  -63.9741 -138.5039   46.4888
   -0.7322    0.2609   -0.6292
    0.6786    0.3581   -0.6413
    0.0580   -0.8965   -0.4392
...    58 C-G ...
  -64.0367 -141.5835   44.9549
   -0.1170    0.4692   -0.8753
    0.9920    0.0982   -0.0799
    0.0485   -0.8776   -0.4769
...    59 T-A ...
  -64.0648 -144.3578   43.1038
    0.4497    0.5198   -0.7263
    0.8910   -0.2048    0.4052
    0.0619   -0.8294   -0.5553
...    60 C-G ...
  -63.5456 -147.0300   41.2172
    0.8944    0.3248   -0.3074
    0.4420   -0.5372    0.7184
    0.0682   -0.7784   -0.6241
...    61 G-C ...
  -62.7961 -149.9261   39.5412
    0.9621    0.0832    0.2596
   -0.1265   -0.7070    0.6958
    0.2414   -0.7023   -0.6697
...    62 A-T ...
  -61.7297 -152.3389   37.3260
    0.6694   -0.3862    0.6347
   -0.6939   -0.6302    0.3483
    0.2655   -0.6735   -0.6898
...    63 G-C ...
  -60.7130 -154.5769   35.0499
    0.1589   -0.6714    0.7239
   -0.9463   -0.3126   -0.0822
    0.2815   -0.6720   -0.6850
...    64 C-G ...
  -59.3525 -156.9048   32.8288
   -0.4570   -0.7267    0.5129
   -0.8403    0.1638   -0.5168
    0.2916   -0.6672   -0.6855
...    65 T-A ...
  -58.1395 -159.4821   30.7935
   -0.8687   -0.4864    0.0935
   -0.3878    0.5505   -0.7393
    0.3081   -0.6785   -0.6668
...    66 T-A ...
  -57.1096 -161.8042   28.7970
   -0.9324   -0.0689   -0.3548
    0.1892    0.7434   -0.6416
    0.3080   -0.6653   -0.6801
...    67 C-G ...
  -55.6682 -163.8621   26.4774
   -0.6175    0.4420   -0.6507
    0.7249    0.6410   -0.2525
    0.3054   -0.6276   -0.7162
...    68 A-T ...
  -53.9761 -165.8639   24.2311
   -0.0946    0.8158   -0.5705
    0.9476    0.2494    0.1995
    0.3050   -0.5218   -0.7967
...    69 T-A ...
  -53.4066 -167.4770   21.4399
    0.3917    0.8628   -0.3196
    0.8621   -0.2228    0.4551
    0.3215   -0.4538   -0.8311
...    70 G-C ...
  -52.0929 -168.8753   18.4882
    0.7933    0.5901    0.1496
    0.4507   -0.7345    0.5072
    0.4092   -0.3349   -0.8487
...    71 T-A ...
  -50.7505 -169.3921   15.4118
    0.9046    0.0760    0.4193
   -0.0621   -0.9500    0.3060
    0.4216   -0.3029   -0.8547
...    72 T-A ...
  -49.3025 -170.1470   12.6291
    0.6978   -0.5145    0.4984
   -0.5781   -0.8153   -0.0323
    0.4230   -0.2656   -0.8663
...    73 A-T ...
  -48.1525 -171.2156    9.4460
    0.1033   -0.9718    0.2121
   -0.9121   -0.1776   -0.3695
    0.3967   -0.1553   -0.9047
...    74 T-A ...
  -46.2106 -171.7181    6.7974
   -0.3794   -0.9227   -0.0687
   -0.8282    0.3718   -0.4194
    0.4125   -0.1022   -0.9052
...    75 A-T ...
  -44.7863 -171.5019    3.5194
   -0.8046   -0.3380   -0.4882
   -0.3000    0.9409   -0.1570
    0.5124    0.0201   -0.8585
...    76 A-T ...
  -43.0158 -171.5595    0.7883
   -0.7955    0.3116   -0.5198
    0.2258    0.9483    0.2230
    0.5624    0.0600   -0.8247
...    77 C-G ...
  -41.2531 -171.9039   -2.1135
   -0.5282    0.7993   -0.2864
    0.6243    0.5942    0.5071
    0.5756    0.0891   -0.8129
...    78 G-C ...
  -39.1299 -171.2750   -4.5394
   -0.1584    0.9712    0.1781
    0.8087    0.0241    0.5877
    0.5664    0.2371   -0.7893
...    79 G-C ...
  -37.3572 -170.0399   -7.0182
    0.2310    0.7863    0.5730
    0.7969   -0.4908    0.3522
    0.5581    0.3753   -0.7400
...    80 A-T ...
  -35.4445 -168.5166   -9.1889
    0.6095    0.2976    0.7348
    0.5291   -0.8429   -0.0975
    0.5903    0.4482   -0.6713
...    81 C-G ...
  -33.5609 -166.4370  -10.9563
    0.7862   -0.1974    0.5855
    0.1588   -0.8512   -0.5002
    0.5972    0.4862   -0.6379
...    82 G-C ...
  -31.2818 -165.2045  -13.0190
    0.6941   -0.6938    0.1920
   -0.2831   -0.5083   -0.8133
    0.6619    0.5101   -0.5493
...    83 G-C ...
  -28.6846 -163.5221  -14.5772
    0.3705   -0.8746   -0.3127
   -0.6153    0.0211   -0.7880
    0.6958    0.4844   -0.5303
...    84 G-C ...
  -26.1319 -162.1505  -16.2957
   -0.0961   -0.7275   -0.6793
   -0.6828    0.5448   -0.4869
    0.7243    0.4171   -0.5490
...    85 A-T ...
  -23.4129 -160.8866  -17.9515
   -0.4787   -0.1926   -0.8566
   -0.4771    0.8761    0.0696
    0.7370    0.4420   -0.5113
...    86 T-A ...
  -20.7939 -159.9735  -19.7728
   -0.6630    0.3146   -0.6794
   -0.1479    0.8345    0.5308
    0.7339    0.4524   -0.5067
...    87 C-G ...
  -18.3255 -158.6174  -21.6389
   -0.6124    0.7659   -0.1958
    0.2798    0.4416    0.8524
    0.7394    0.4673   -0.4848
...    88 C-G ...
  -15.6898 -157.3345  -23.1980
   -0.4684    0.8012    0.3724
    0.5533   -0.0625    0.8306
    0.6888    0.5951   -0.4140
...    89 G-C ...
  -13.1454 -155.2938  -24.1133
   -0.1728    0.5184    0.8375
    0.7421   -0.4905    0.4568
    0.6476    0.7005   -0.3000
...    90 C-G ...
  -11.3285 -152.5247  -25.1311
    0.2705    0.1128    0.9561
    0.7127   -0.6911   -0.1201
    0.6472    0.7139   -0.2674
...    91 T-A ...
   -9.2169 -149.7378  -25.4789
    0.6192   -0.3349    0.7103
    0.4638   -0.5739   -0.6749
    0.6337    0.7473   -0.2000
...    92 T-A ...
   -7.2073 -147.1672  -25.8105
    0.7954   -0.5866    0.1528
    0.0106   -0.2386   -0.9710
    0.6061    0.7740   -0.1836
...    93 T-A ...
   -5.1757 -144.5932  -26.0972
    0.6738   -0.5758   -0.4632
   -0.4654    0.1563   -0.8712
    0.5740    0.8025   -0.1627
...    94 A-T ...
   -4.0298 -141.5576  -27.1320
    0.2918   -0.2067   -0.9339
   -0.8132    0.4604   -0.3560
    0.5036    0.8633   -0.0337
...    95 A-T ...
   -2.2347 -138.8322  -27.1101
   -0.2324    0.1839   -0.9551
   -0.8416    0.4542    0.2922
    0.4875    0.8717    0.0492
...    96 C-G ...
   -0.1444 -136.1127  -27.1739
   -0.6623    0.4367   -0.6088
   -0.5648    0.2429    0.7887
    0.4923    0.8662    0.0857
...    97 A-T ...
    1.4983 -133.2004  -26.7869
   -0.8969    0.4421   -0.0010
   -0.0533   -0.1059    0.9929
    0.4389    0.8907    0.1186
...    98 C-G ...
    2.7066 -130.0725  -26.9771
   -0.8009    0.2847    0.5268
    0.4317   -0.3351    0.8375
    0.4149    0.8982    0.1455
...    99 T-A ...
    3.7209 -126.6763  -26.6651
   -0.4339   -0.0742    0.8979
    0.8254   -0.4322    0.3631
    0.3612    0.8987    0.2488
...   100 T-A ...
    4.5683 -123.6612  -25.7785
    0.1202   -0.3331    0.9352
    0.9272   -0.2989   -0.2256
    0.3547    0.8942    0.2729
...   101 T-A ...
    5.6447 -120.7824  -24.7209
    0.6138   -0.4856    0.6225
    0.6980   -0.0346   -0.7153
    0.3688    0.8735    0.3177
...   102 A-T ...
    7.1021 -117.8171  -23.7836
    0.9221   -0.3870    0.0071
    0.1395    0.3154   -0.9387
    0.3610    0.8665    0.3448
...   103 T-A ...
    8.2925 -115.3638  -21.9739
    0.8661   -0.1972   -0.4594
   -0.3192    0.4890   -0.8118
    0.3847    0.8497    0.3606
...   104 G-C ...
    9.8215 -112.6963  -20.7379
    0.4539    0.0743   -0.8879
   -0.7679    0.5381   -0.3475
    0.4520    0.8396    0.3013
...   105 C-G ...
   11.6541 -110.0450  -19.8047
   -0.0724    0.3656   -0.9279
   -0.8944    0.3879    0.2226
    0.4413    0.8461    0.2989
...   106 T-A ...
   13.5232 -107.2337  -18.9935
   -0.5929    0.5093   -0.6237
   -0.6757    0.1068    0.7294
    0.4381    0.8539    0.2808
...   107 T-A ...
   15.0259 -104.4881  -18.2513
   -0.8859    0.4520   -0.1042
   -0.2201   -0.2121    0.9521
    0.4082    0.8665    0.2874
...   108 C-G ...
   16.3369 -101.5109  -17.4541
   -0.8649    0.1752    0.4703
    0.3558   -0.4469    0.8208
    0.3539    0.8773    0.3242
...   109 C-G ...
   17.6251  -98.6236  -16.5170
   -0.5868   -0.2236    0.7783
    0.7631   -0.4742    0.4391
    0.2708    0.8516    0.4489
...   110 G-C ...
   18.6608  -96.1994  -14.8015
   -0.1305   -0.5582    0.8194
    0.9689   -0.2471   -0.0140
    0.2103    0.7920    0.5731
...   111 G-C ...
   19.1990  -93.8586  -12.4634
    0.4171   -0.6647    0.6198
    0.8872    0.1497   -0.4364
    0.1973    0.7319    0.6522
...   112 C-G ...
   19.6740  -91.9187   -9.7435
    0.8405   -0.4885    0.2345
    0.4996    0.5310   -0.6844
    0.2098    0.6924    0.6904
...   113 T-A ...
   20.3979  -89.7760   -7.3126
    0.9735   -0.1200   -0.1947
   -0.0416    0.7442   -0.6666
    0.2249    0.6571    0.7195
...   114 C-G ...
   21.2522  -87.4443   -5.1093
    0.7389    0.3751   -0.5597
   -0.6279    0.6846   -0.3703
    0.2442    0.6250    0.7414
...   115 G-C ...
   21.6483  -85.1254   -2.7568
    0.1867    0.7018   -0.6875
   -0.9498    0.3077    0.0562
    0.2510    0.6424    0.7240
...   116 T-A ...
   23.1704  -82.8470   -0.7021
   -0.3895    0.7323   -0.5586
   -0.8927   -0.1508    0.4246
    0.2267    0.6641    0.7125
...   117 A-T ...
   24.1870  -80.4764    1.5458
   -0.8660    0.4501   -0.2177
   -0.4671   -0.5731    0.6733
    0.1783    0.6848    0.7066
...   118 T-A ...
   24.9314  -77.8246    3.3303
   -0.9829    0.0800    0.1656
    0.0542   -0.7345    0.6765
    0.1758    0.6739    0.7176
...   119 A-T ...
   25.6357  -75.8049    5.9775
   -0.7359   -0.4325    0.5209
    0.6634   -0.6145    0.4269
    0.1355    0.6598    0.7392
...   120 A-T ...
   25.8200  -73.5935    8.3498
   -0.2264   -0.7528    0.6181
    0.9693   -0.2367    0.0666
    0.0962    0.6142    0.7833
...   121 T-A ...
   25.5047  -71.6227   11.0106
    0.3237   -0.7695    0.5505
    0.9425    0.2111   -0.2591
    0.0832    0.6028    0.7936
...   122 G-C ...
   25.7980  -69.7125   13.8708
    0.8318   -0.5132    0.2116
    0.5420    0.6689   -0.5087
    0.1196    0.5378    0.8345
...   123 T-A ...
   26.1383  -68.4410   16.9179
    0.9937   -0.0733   -0.0847
    0.0178    0.8500   -0.5265
    0.1106    0.5217    0.8459
...   124 G-C ...
   26.5347  -66.7278   19.8156
    0.7869    0.4609   -0.4103
   -0.5996    0.7284   -0.3315
    0.1461    0.5069    0.8496
...   125 T-A ...
   27.3704  -65.4545   22.6872
    0.3350    0.7706   -0.5422
   -0.9297    0.3640   -0.0572
    0.1533    0.5232    0.8383
...   126 C-G ...
   27.9161  -63.8013   25.3832
   -0.2953    0.8383   -0.4584
   -0.9437   -0.1811    0.2768
    0.1490    0.5143    0.8446
...   127 G-C ...
   27.7744  -62.3344   28.4242
   -0.7880    0.5173   -0.3339
   -0.6143   -0.6245    0.4823
    0.0410    0.5851    0.8099
...   128 A-T ...
   28.0700  -60.5316   31.0238
   -0.9994    0.0347    0.0066
   -0.0249   -0.8255    0.5639
    0.0250    0.5634    0.8258
...   129 C-G ...
   27.9961  -58.1038   33.2530
   -0.8548   -0.4457    0.2660
    0.5184   -0.7085    0.4788
   -0.0249    0.5471    0.8367
...   130 C-G ...
   27.2958  -56.2097   36.0121
   -0.4329   -0.8173    0.3804
    0.8934   -0.3325    0.3023
   -0.1206    0.4707    0.8740
...   131 A-T ...
   27.5481  -54.9579   39.1939
    0.1981   -0.8973    0.3946
    0.9689    0.2401    0.0595
   -0.1482    0.3705    0.9169
...   132 A-T ...
   26.9723  -53.9576   42.2771
    0.7324   -0.5810    0.3550
    0.6611    0.7317   -0.1663
   -0.1631    0.3565    0.9199
...   133 A-T ...
   26.2151  -53.1222   45.3639
    0.9722   -0.0045    0.2340
    0.0892    0.9314   -0.3529
   -0.2164    0.3639    0.9059
...   134 T-A ...
   25.6309  -52.5797   48.6349
    0.8597    0.5096    0.0340
   -0.4497    0.7867   -0.4230
   -0.2423    0.3484    0.9055
...   135 G-C ...
   25.2859  -52.4981   52.0750
    0.3205    0.9427   -0.0927
   -0.8825    0.2616   -0.3908
   -0.3441    0.2071    0.9158
...   136 T-A ...
   25.5357  -52.9669   55.8002
   -0.2443    0.9563   -0.1608
   -0.8908   -0.2868   -0.3525
   -0.3832    0.0571    0.9219
...   137 G-C ...
   24.9038  -52.7260   58.9821
   -0.7529    0.5562   -0.3519
   -0.5214   -0.8303   -0.1968
   -0.4017    0.0354    0.9151
...   138 A-T ...
   24.0250  -51.6262   61.9210
   -0.9563    0.0400   -0.2896
   -0.0523   -0.9980    0.0347
   -0.2877    0.0483    0.9565
...   139 G-C ...
   22.3575  -51.2300   64.4909
   -0.8529   -0.5117   -0.1032
    0.4973   -0.8566    0.1372
   -0.1586    0.0657    0.9852
...   140 C-G ...
   22.1609  -50.1387   67.4618
   -0.4681   -0.8749    0.1247
    0.8495   -0.4066    0.3363
   -0.2435    0.2633    0.9335
...   141 G-C ...
   21.4367  -51.8165   72.7856
    0.1304   -0.7141   -0.6877
    0.8897   -0.2218    0.3990
   -0.4375   -0.6639    0.6065
...   142 C-G ...
   20.4356  -54.2995   74.5395
    0.5847   -0.7390   -0.3347
    0.7593    0.3532    0.5466
   -0.2857   -0.5737    0.7676
...   143 T-A ...
   18.4378  -55.5191   76.5272
    0.8548   -0.5006    0.1370
    0.3188    0.7147    0.6225
   -0.4096   -0.4884    0.7705
...   144 C-G ...
   16.8486  -57.7127   78.2648
    0.8529   -0.0846    0.5152
   -0.1509    0.9047    0.3983
   -0.4998   -0.4175    0.7589
...   145 A-T ...
   15.7934  -59.5519   80.7963
    0.5515    0.4995    0.6681
   -0.6739    0.7388    0.0040
   -0.4915   -0.4525    0.7441
...   146 C-G ...
   15.7411  -61.4840   83.9295
    0.0342    0.7400    0.6718
   -0.8637    0.3601   -0.3527
   -0.5029   -0.5681    0.6514
...   147 A-T ...
   14.7482  -63.4171   86.8165
   -0.5923    0.6746    0.4405
   -0.6886   -0.1400   -0.7115
   -0.4183   -0.7247    0.5475
