  147 base-pairs
...     1 T-A ...
    0.0000    0.0000    0.0000
    1.0000    0.0000    0.0000
    0.0000    1.0000    0.0000
    0.0000    0.0000    1.0000
...     2 G-C ...
   -0.5555   -1.1003    3.3981
    0.7749    0.6051    0.1828
   -0.5991    0.7953   -0.0929
   -0.2016   -0.0375    0.9787
...     3 T-A ...
   -0.6619   -3.0237    6.5348
    0.3046    0.9250    0.2271
   -0.8994    0.3578   -0.2510
   -0.3134   -0.1278    0.9410
...     4 G-C ...
   -1.1607   -3.8418    9.6940
   -0.3351    0.9421    0.0133
   -0.8752   -0.3061   -0.3746
   -0.3489   -0.1372    0.9271
...     5 A-T ...
   -1.3881   -3.6770   12.8999
   -0.7835    0.6162   -0.0801
   -0.5677   -0.7622   -0.3109
   -0.2527   -0.1981    0.9470
...     6 G-C ...
   -2.6236   -3.5448   15.7072
   -0.9923    0.0611   -0.1075
   -0.0294   -0.9610   -0.2748
   -0.1201   -0.2695    0.9555
...     7 C-G ...
   -2.3138   -3.7570   18.8866
   -0.8620   -0.4995   -0.0864
    0.5008   -0.8655    0.0073
   -0.0785   -0.0370    0.9962
...     8 G-C ...
   -3.9561   -6.8109   23.3205
   -0.2581   -0.3560   -0.8981
    0.6294   -0.7673    0.1233
   -0.7330   -0.5335    0.4221
...     9 C-G ...
   -6.1177   -8.9414   24.2385
    0.1143   -0.7320   -0.6716
    0.8123   -0.3203    0.4874
   -0.5720   -0.6013    0.5580
...    10 T-A ...
   -8.5041   -9.6771   26.0540
    0.4660   -0.8587   -0.2131
    0.6274    0.1508    0.7640
   -0.6239   -0.4897    0.6090
...    11 C-G ...
  -11.0625  -11.3174   27.2336
    0.6660   -0.6911    0.2808
    0.3382    0.6152    0.7121
   -0.6649   -0.3794    0.6435
...    12 A-T ...
  -13.0013  -13.1789   29.0658
    0.7188   -0.1490    0.6790
   -0.1787    0.9043    0.3876
   -0.6718   -0.4000    0.6235
...    13 C-G ...
  -14.1788  -15.9359   31.3399
    0.4052    0.2865    0.8682
   -0.5270    0.8492   -0.0343
   -0.7470   -0.4437    0.4951
...    14 A-T ...
  -15.9532  -18.1566   33.3080
   -0.1503    0.6873    0.7107
   -0.6106    0.5008   -0.6135
   -0.7776   -0.5261    0.3444
...    15 A-T ...
  -18.3205  -19.9983   34.6176
   -0.5244    0.8256    0.2081
   -0.3789   -0.0074   -0.9254
   -0.7625   -0.5641    0.3167
...    16 T-A ...
  -20.6200  -21.7172   36.2917
   -0.6589    0.6852   -0.3104
   -0.0318   -0.4377   -0.8986
   -0.7515   -0.5822    0.3102
...    17 T-A ...
  -23.0500  -23.5188   37.5113
   -0.5540    0.2797   -0.7841
    0.3840   -0.7499   -0.5387
   -0.7387   -0.5995    0.3080
...    18 T-A ...
  -25.5330  -25.3168   38.6007
   -0.2090   -0.2155   -0.9539
    0.6457   -0.7629    0.0309
   -0.7344   -0.6095    0.2987
...    19 A-T ...
  -27.7760  -27.6267   39.6770
    0.2943   -0.6167   -0.7301
    0.6195   -0.4586    0.6371
   -0.7277   -0.6398    0.2471
...    20 T-A ...
  -30.4507  -29.5270   39.9178
    0.5857   -0.7560   -0.2922
    0.3679   -0.0733    0.9270
   -0.7222   -0.6505    0.2352
...    21 T-A ...
  -32.8129  -31.6951   40.4645
    0.6902   -0.6504    0.3173
   -0.0631    0.3826    0.9218
   -0.7209   -0.6562    0.2230
...    22 C-G ...
  -35.0573  -34.0124   41.2176
    0.5113   -0.2683    0.8164
   -0.4961    0.6836    0.5354
   -0.7017   -0.6788    0.2164
...    23 G-C ...
  -37.6032  -36.0179   42.3008
    0.1478    0.2345    0.9608
   -0.7372    0.6738   -0.0511
   -0.6594   -0.7007    0.2724
...    24 C-G ...
  -39.5081  -38.5815   43.4045
   -0.2975    0.5916    0.7494
   -0.6909    0.4083   -0.5966
   -0.6589   -0.6952    0.2872
...    25 A-T ...
  -41.9127  -40.8459   44.0541
   -0.6256    0.7530    0.2042
   -0.3576   -0.0442   -0.9328
   -0.6934   -0.6566    0.2969
...    26 A-T ...
  -44.0911  -42.9691   45.2408
   -0.7281    0.5612   -0.3937
    0.1085   -0.4728   -0.8745
   -0.6769   -0.6794    0.2834
...    27 A-T ...
  -46.3348  -45.0678   46.3187
   -0.5153    0.1715   -0.8397
    0.5315   -0.7047   -0.4701
   -0.6723   -0.6885    0.2719
...    28 G-C ...
  -48.7661  -47.1769   47.2135
   -0.0726   -0.1913   -0.9788
    0.7260   -0.6831    0.0797
   -0.6839   -0.7049    0.1884
...    29 G-C ...
  -51.2311  -49.4619   47.6120
    0.4236   -0.4699   -0.7745
    0.6182   -0.4749    0.6263
   -0.6621   -0.7441    0.0893
...    30 C-G ...
  -53.5427  -51.8647   47.4176
    0.7339   -0.6163   -0.2857
    0.2480   -0.1485    0.9573
   -0.6324   -0.7734    0.0439
...    31 C-G ...
  -55.4094  -54.6957   47.2980
    0.7861   -0.5312    0.3161
   -0.2555    0.1864    0.9487
   -0.5629   -0.8265    0.0108
...    32 G-C ...
  -57.2640  -57.5249   47.8601
    0.5096   -0.2565    0.8213
   -0.7131    0.4081    0.5700
   -0.4814   -0.8761    0.0251
...    33 G-C ...
  -58.6099  -60.6556   48.0687
    0.0146    0.0688    0.9975
   -0.8922    0.4513   -0.0181
   -0.4514   -0.8897    0.0679
...    34 C-G ...
  -59.7920  -63.8036   48.4745
   -0.5048    0.3290    0.7981
   -0.7349    0.3213   -0.5972
   -0.4529   -0.8880    0.0796
...    35 C-G ...
  -61.2103  -66.8789   48.9510
   -0.8156    0.4995    0.2922
   -0.2992    0.0682   -0.9517
   -0.4953   -0.8636    0.0938
...    36 C-G ...
  -62.8230  -69.8415   49.5127
   -0.7994    0.5088   -0.3195
    0.2353   -0.2241   -0.9457
   -0.5528   -0.8312    0.0594
...    37 G-C ...
  -64.4407  -72.8563   49.3814
   -0.4334    0.3819   -0.8163
    0.6707   -0.4683   -0.5752
   -0.6019   -0.7968   -0.0532
...    38 A-T ...
  -66.4420  -75.4682   49.2372
    0.1008    0.0680   -0.9926
    0.7964   -0.6034    0.0395
   -0.5963   -0.7945   -0.1150
...    39 C-G ...
  -68.8269  -77.6684   48.6284
    0.5513   -0.2253   -0.8033
    0.6021   -0.5591    0.5700
   -0.5776   -0.7979   -0.1726
...    40 A-T ...
  -70.5311  -80.5371   48.0752
    0.8641   -0.4155   -0.2840
    0.1275   -0.3650    0.9222
   -0.4869   -0.8331   -0.2624
...    41 C-G ...
  -71.9419  -83.1502   46.5659
    0.8056   -0.5231    0.2783
   -0.3861   -0.1072    0.9162
   -0.4494   -0.8455   -0.2883
...    42 G-C ...
  -73.4125  -86.2178   46.1098
    0.4369   -0.4301    0.7900
   -0.8267    0.1542    0.5411
   -0.3546   -0.8895   -0.2882
...    43 A-T ...
  -74.4624  -89.2584   45.2019
   -0.1905   -0.2529    0.9486
   -0.9235    0.3738   -0.0858
   -0.3329   -0.8924   -0.3048
...    44 C-G ...
  -75.0282  -92.5198   44.4284
   -0.6848   -0.0127    0.7286
   -0.6545    0.4503   -0.6074
   -0.3204   -0.8928   -0.3167
...    45 T-A ...
  -76.0155  -95.6469   43.6126
   -0.9323    0.2621    0.2493
   -0.1368    0.3826   -0.9137
   -0.3348   -0.8860   -0.3208
...    46 T-A ...
  -77.0227  -98.6474   42.7830
   -0.8317    0.4127   -0.3714
    0.4722    0.1741   -0.8641
   -0.2919   -0.8941   -0.3397
...    47 A-T ...
  -77.5664 -101.7173   41.3617
   -0.3004    0.4461   -0.8431
    0.9136   -0.1194   -0.3887
   -0.2741   -0.8870   -0.3717
...    48 C-G ...
  -79.0417 -104.4686   40.2497
    0.2669    0.3547   -0.8961
    0.9275   -0.3471    0.1389
   -0.2617   -0.8682   -0.4216
...    49 T-A ...
  -80.0600 -107.1887   38.6135
    0.7626    0.1840   -0.6201
    0.6123   -0.5146    0.6003
   -0.2087   -0.8375   -0.5051
...    50 G-C ...
  -80.3667 -110.1298   36.9545
    0.9956   -0.0605   -0.0717
    0.0241   -0.5735    0.8189
   -0.0906   -0.8170   -0.5695
...    51 T-A ...
  -80.3254 -112.4794   34.6072
    0.8446   -0.3401    0.4135
   -0.5336   -0.4706    0.7027
   -0.0444   -0.8141   -0.5790
...    52 A-T ...
  -80.9569 -115.4917   32.9945
    0.2400   -0.6173    0.7493
   -0.9700   -0.1208    0.2112
   -0.0399   -0.7774   -0.6277
...    53 G-C ...
  -80.7597 -118.1649   30.9416
   -0.3644   -0.5703    0.7362
   -0.9311    0.2373   -0.2770
   -0.0168   -0.7864   -0.6175
...    54 G-C ...
  -80.6690 -120.9691   28.9835
   -0.8457   -0.3027    0.4395
   -0.5329    0.5226   -0.6655
   -0.0283   -0.7970   -0.6033
...    55 T-A ...
  -80.5432 -123.9974   27.4321
   -0.9991    0.0378   -0.0217
    0.0405    0.6204   -0.7832
   -0.0161   -0.7833   -0.6214
...    56 A-T ...
  -80.0173 -126.2684   24.8354
   -0.6809    0.4172   -0.6019
    0.7289    0.4662   -0.5014
    0.0715   -0.7801   -0.6215
...    57 T-A ...
  -80.3351 -129.0277   23.0468
   -0.1894    0.6090   -0.7702
    0.9781    0.1861   -0.0934
    0.0865   -0.7710   -0.6309
...    58 C-G ...
  -80.0585 -131.6004   20.9832
    0.4468    0.6451   -0.6199
    0.8863   -0.2248    0.4049
    0.1219   -0.7303   -0.6722
...    59 T-A ...
  -79.7386 -133.8184   18.5149
    0.8512    0.4789   -0.2149
    0.4886   -0.5731    0.6579
    0.1919   -0.6650   -0.7218
...    60 C-G ...
  -78.9200 -135.9026   16.0989
    0.9591    0.0645    0.2755
   -0.1265   -0.7732    0.6215
    0.2531   -0.6309   -0.7334
...    61 G-C ...
  -77.7396 -138.3631   13.9968
    0.6636   -0.3512    0.6606
   -0.6412   -0.7219    0.2603
    0.3855   -0.5962   -0.7042
...    62 A-T ...
  -76.2524 -140.3907   11.7917
    0.1099   -0.7321    0.6722
   -0.8993   -0.3612   -0.2465
    0.4233   -0.5775   -0.6981
...    63 G-C ...
  -74.5415 -142.3389    9.6156
   -0.4381   -0.8036    0.4028
   -0.7829    0.1209   -0.6103
    0.4417   -0.5827   -0.6821
...    64 C-G ...
  -72.8244 -144.4667    7.5831
   -0.8145   -0.5785   -0.0435
   -0.3683    0.5736   -0.7317
    0.4482   -0.5799   -0.6803
...    65 T-A ...
  -71.2825 -146.6213    5.4703
   -0.8798   -0.1271   -0.4580
    0.1726    0.8124   -0.5570
    0.4429   -0.5691   -0.6928
...    66 C-G ...
  -69.6712 -148.5679    3.2720
   -0.5756    0.4255   -0.6984
    0.6752    0.7291   -0.1123
    0.4614   -0.5361   -0.7069
...    67 G-C ...
  -67.6097 -150.1896    1.0356
   -0.1176    0.8399   -0.5298
    0.8686    0.3456    0.3550
    0.4813   -0.4185   -0.7702
...    68 G-C ...
  -66.1229 -151.6475   -1.6388
    0.3409    0.9305   -0.1343
    0.7763   -0.1980    0.5985
    0.5303   -0.3083   -0.7898
...    69 G-C ...
  -64.3892 -152.4284   -4.4296
    0.6487    0.6855    0.3305
    0.4609   -0.6995    0.5462
    0.6056   -0.2020   -0.7697
...    70 A-T ...
  -62.2454 -152.9340   -6.8825
    0.7540    0.1269    0.6445
   -0.0040   -0.9802    0.1977
    0.6569   -0.1517   -0.7386
...    71 T-A ...
  -59.9364 -152.7590   -9.2193
    0.6298   -0.4072    0.6615
   -0.3850   -0.9033   -0.1894
    0.6746   -0.1354   -0.7257
...    72 C-G ...
  -57.4980 -153.2812  -11.4125
    0.2522   -0.8815    0.3991
   -0.6601   -0.4583   -0.5952
    0.7076   -0.1133   -0.6975
...    73 T-A ...
  -54.8569 -153.7237  -13.4672
   -0.1778   -0.9839   -0.0197
   -0.6518    0.1327   -0.7467
    0.7373   -0.1199   -0.6649
...    74 C-G ...
  -52.3234 -154.1823  -15.6103
   -0.5254   -0.6753   -0.5175
   -0.3905    0.7318   -0.5585
    0.7559   -0.0914   -0.6482
...    75 A-T ...
  -49.8319 -153.9502  -17.8716
   -0.6665   -0.0495   -0.7439
    0.0179    0.9964   -0.0824
    0.7453   -0.0682   -0.6632
...    76 T-A ...
  -47.4739 -154.8277  -20.0541
   -0.5334    0.4952   -0.6858
    0.3544    0.8670    0.3504
    0.7681   -0.0561   -0.6379
...    77 G-C ...
  -44.6950 -154.7614  -21.9832
   -0.2824    0.9218   -0.2657
    0.5942    0.3855    0.7059
    0.7531    0.0415   -0.6566
...    78 T-A ...
  -42.6268 -154.6351  -24.5696
    0.0435    0.9778    0.2052
    0.6433   -0.1846    0.7430
    0.7644    0.0997   -0.6371
...    79 T-A ...
  -40.2117 -154.1871  -26.6750
    0.3667    0.6751    0.6401
    0.5024   -0.7228    0.4745
    0.7830    0.1476   -0.6043
...    80 A-T ...
  -37.3896 -153.6727  -28.4589
    0.5042    0.0638    0.8612
    0.2163   -0.9748   -0.0545
    0.8360    0.2137   -0.5053
...    81 T-A ...
  -34.7094 -152.3429  -29.8268
    0.5308   -0.4621    0.7104
   -0.0624   -0.8573   -0.5110
    0.8452    0.2269   -0.4839
...    82 A-T ...
  -31.9075 -151.9722  -31.8078
    0.3834   -0.9112    0.1509
   -0.3826   -0.3054   -0.8720
    0.8406    0.2766   -0.4657
...    83 A-T ...
  -29.0185 -151.0273  -33.0393
    0.1265   -0.8841   -0.4498
   -0.5386    0.3196   -0.7796
    0.8330    0.3408   -0.4357
...    84 C-G ...
  -25.8640 -150.2414  -34.0611
   -0.1778   -0.5392   -0.8232
   -0.5145    0.7640   -0.3893
    0.8389    0.3543   -0.4133
...    85 G-C ...
  -23.2472 -148.4906  -35.3926
   -0.4844    0.0305   -0.8743
   -0.3182    0.9248    0.2086
    0.8149    0.3792   -0.4383
...    86 G-C ...
  -20.3084 -147.3753  -36.7304
   -0.6285    0.5390   -0.5607
   -0.0074    0.7168    0.6973
    0.7778    0.4424   -0.4465
...    87 A-T ...
  -17.6369 -146.0392  -38.1390
   -0.5375    0.8433    0.0031
    0.3538    0.2222    0.9086
    0.7655    0.4894   -0.4178
...    88 C-G ...
  -15.4409 -144.4358  -40.0005
   -0.3066    0.7976    0.5195
    0.5861   -0.2719    0.7633
    0.7500    0.5385   -0.3840
...    89 G-C ...
  -12.7131 -142.6244  -40.9321
   -0.0482    0.3984    0.9160
    0.6831   -0.6559    0.3212
    0.7287    0.6412   -0.2405
...    90 C-G ...
  -10.6427 -140.0950  -41.5124
    0.2867   -0.0831    0.9544
    0.6227   -0.7409   -0.2516
    0.7281    0.6664   -0.1606
...    91 T-A ...
   -8.3196 -137.7114  -41.6327
    0.5266   -0.5289    0.6655
    0.4114   -0.5265   -0.7440
    0.7439    0.6656   -0.0596
...    92 T-A ...
   -5.9476 -135.4802  -41.5471
    0.6821   -0.7258    0.0899
    0.0348   -0.0906   -0.9953
    0.7305    0.6820   -0.0365
...    93 T-A ...
   -3.5455 -133.2684  -41.3306
    0.6066   -0.5911   -0.5316
   -0.3797    0.3722   -0.8470
    0.6985    0.7156    0.0014
...    94 A-T ...
   -1.7753 -130.2501  -41.6329
    0.2502   -0.0452   -0.9671
   -0.7291    0.6484   -0.2190
    0.6370    0.7600    0.1292
...    95 A-T ...
    0.5271 -127.9759  -41.0955
   -0.2012    0.4134   -0.8880
   -0.7540    0.5133    0.4098
    0.6253    0.7520    0.2084
...    96 C-G ...
    3.0277 -125.7589  -40.7192
   -0.5883    0.6238   -0.5146
   -0.5302    0.1831    0.8279
    0.6106    0.7599    0.2230
...    97 A-T ...
    4.9983 -123.2875  -39.5541
   -0.8431    0.5336    0.0667
   -0.0781   -0.2442    0.9666
    0.5320    0.8097    0.2475
...    98 C-G ...
    6.6301 -120.4329  -39.2792
   -0.7804    0.2741    0.5620
    0.3852   -0.4974    0.7773
    0.4926    0.8231    0.2826
...    99 T-A ...
    7.9698 -117.5375  -38.3693
   -0.4952   -0.1245    0.8598
    0.7568   -0.5477    0.3566
    0.4266    0.8273    0.3655
...   100 T-A ...
    9.1582 -114.8071  -37.1091
    0.0087   -0.4588    0.8885
    0.9125   -0.3598   -0.1947
    0.4090    0.8125    0.4155
...   101 T-A ...
   10.2990 -112.1838  -35.5843
    0.5262   -0.6025    0.6001
    0.7494   -0.0049   -0.6621
    0.4018    0.7981    0.4490
...   102 A-T ...
   11.9110 -109.5347  -34.2162
    0.8805   -0.4727    0.0353
    0.2570    0.4136   -0.8734
    0.3983    0.7781    0.4857
...   103 T-A ...
   13.1815 -107.3836  -32.0232
    0.8945   -0.1622   -0.4166
   -0.2426    0.6066   -0.7571
    0.3755    0.7783    0.5033
...   104 G-C ...
   14.3667 -104.5864  -30.6196
    0.5481    0.2238   -0.8059
   -0.7297    0.5989   -0.3299
    0.4088    0.7689    0.4915
...   105 C-G ...
   16.0431 -102.2270  -28.8913
    0.0264    0.5177   -0.8551
   -0.9153    0.3564    0.1876
    0.4019    0.7778    0.4833
...   106 T-A ...
   17.6260  -99.6741  -27.4031
   -0.5016    0.6011   -0.6222
   -0.7796   -0.0022    0.6263
    0.3751    0.7992    0.4697
...   107 T-A ...
   19.0269  -97.0912  -26.0009
   -0.8643    0.4856   -0.1309
   -0.3422   -0.3769    0.8607
    0.3686    0.7887    0.4919
...   108 C-G ...
   20.2648  -94.4854  -24.4083
   -0.9154    0.1155    0.3856
    0.2452   -0.5997    0.7617
    0.3192    0.7918    0.5207
...   109 C-G ...
   21.0882  -91.6653  -22.7473
   -0.6577   -0.3273    0.6785
    0.7178   -0.5455    0.4326
    0.2285    0.7716    0.5937
...   110 G-C ...
   21.9778  -89.3611  -20.4213
   -0.1625   -0.6850    0.7102
    0.9754   -0.2204    0.0106
    0.1493    0.6944    0.7040
...   111 G-C ...
   22.1556  -87.2937  -17.7368
    0.3951   -0.7533    0.5258
    0.9087    0.2366   -0.3439
    0.1347    0.6137    0.7780
...   112 C-G ...
   22.3737  -85.6472  -14.8296
    0.8333   -0.5105    0.2123
    0.5342    0.6443   -0.5474
    0.1426    0.5695    0.8095
...   113 T-A ...
   22.8888  -84.0917  -11.9062
    0.9845   -0.0831   -0.1547
   -0.0133    0.8431   -0.5375
    0.1751    0.5312    0.8289
...   114 C-G ...
   23.5768  -82.4275   -9.1162
    0.7675    0.4587   -0.4479
   -0.6164    0.7200   -0.3188
    0.1762    0.5208    0.8353
...   115 G-C ...
   23.8062  -80.3984   -6.3998
    0.2385    0.7653   -0.5979
   -0.9505    0.3102    0.0178
    0.1991    0.5640    0.8014
...   116 T-A ...
   25.0724  -78.6188   -3.8411
   -0.3242    0.8032   -0.4998
   -0.9283   -0.1685    0.3314
    0.1819    0.5714    0.8003
...   117 A-T ...
   25.3581  -76.9903   -0.8569
   -0.8531    0.4947   -0.1659
   -0.4947   -0.6657    0.5586
    0.1659    0.5586    0.8127
...   118 T-A ...
   26.0547  -74.6827    1.3868
   -0.9880    0.0693    0.1379
    0.0198   -0.8292    0.5585
    0.1530    0.5546    0.8179
...   119 A-T ...
   26.5443  -73.0386    4.2917
   -0.7722   -0.5015    0.3901
    0.6301   -0.6833    0.3688
    0.0816    0.5306    0.8437
...   120 A-T ...
   26.5899  -71.2688    7.0109
   -0.2605   -0.8180    0.5128
    0.9635   -0.2545    0.0834
    0.0623    0.5158    0.8544
...   121 T-A ...
   26.1072  -69.6289    9.8272
    0.2773   -0.8355    0.4744
    0.9593    0.2132   -0.1853
    0.0537    0.5065    0.8606
...   122 G-C ...
   26.6413  -68.0551   12.7536
    0.7919   -0.5757    0.2036
    0.6052    0.6955   -0.3874
    0.0814    0.4300    0.8992
...   123 T-A ...
   26.7411  -67.2141   16.0023
    0.9934   -0.1032   -0.0504
    0.0722    0.9023   -0.4250
    0.0894    0.4185    0.9038
...   124 G-C ...
   27.1167  -65.5246   18.8790
    0.8261    0.4470   -0.3432
   -0.5449    0.7889   -0.2840
    0.1438    0.4216    0.8953
...   125 T-A ...
   28.0658  -64.5403   21.9569
    0.3886    0.8039   -0.4502
   -0.9106    0.4096   -0.0546
    0.1405    0.4311    0.8913
...   126 C-G ...
   28.5981  -63.1651   24.9297
   -0.2563    0.8774   -0.4055
   -0.9586   -0.1768    0.2234
    0.1243    0.4460    0.8864
...   127 G-C ...
   28.6302  -61.8551   28.0717
   -0.7764    0.5555   -0.2976
   -0.6292   -0.6558    0.4171
    0.0365    0.5111    0.8587
...   128 A-T ...
   28.7778  -60.1380   30.8772
   -0.9994    0.0219   -0.0263
   -0.0323   -0.8579    0.5129
   -0.0114    0.5134    0.8581
...   129 C-G ...
   28.5363  -57.9576   33.3567
   -0.8576   -0.4666    0.2161
    0.5111   -0.7268    0.4588
   -0.0570    0.5040    0.8618
...   130 C-G ...
   27.9580  -56.2665   36.2283
   -0.4136   -0.8382    0.3556
    0.9005   -0.3189    0.2956
   -0.1343    0.4424    0.8867
...   131 A-T ...
   27.6927  -54.9767   39.3262
    0.2137   -0.9004    0.3790
    0.9632    0.2590    0.0722
   -0.1631    0.3496    0.9226
...   132 A-T ...
   26.9495  -54.0065   42.3485
    0.7411   -0.5634    0.3653
    0.6462    0.7462   -0.1600
   -0.1825    0.3546    0.9171
...   133 A-T ...
   26.2367  -53.1046   45.4066
    0.9731    0.0078    0.2302
    0.0750    0.9342   -0.3488
   -0.2178    0.3567    0.9085
...   134 T-A ...
   25.6308  -52.5796   48.6349
    0.8597    0.5096    0.0340
   -0.4497    0.7867   -0.4230
   -0.2423    0.3484    0.9055
...   135 G-C ...
   25.2859  -52.4980   52.0750
    0.3205    0.9427   -0.0927
   -0.8825    0.2616   -0.3908
   -0.3441    0.2071    0.9158
...   136 T-A ...
   25.5356  -52.9668   55.8002
   -0.2443    0.9563   -0.1608
   -0.8908   -0.2868   -0.3525
   -0.3832    0.0571    0.9219
...   137 G-C ...
   24.9038  -52.7259   58.9821
   -0.7529    0.5562   -0.3519
   -0.5214   -0.8303   -0.1968
   -0.4017    0.0354    0.9151
...   138 A-T ...
   24.0250  -51.6261   61.9210
   -0.9563    0.0400   -0.2896
   -0.0523   -0.9980    0.0347
   -0.2877    0.0483    0.9565
...   139 G-C ...
   22.3575  -51.2299   64.4909
   -0.8529   -0.5117   -0.1032
    0.4973   -0.8566    0.1372
   -0.1586    0.0657    0.9852
...   140 C-G ...
   22.1609  -50.1386   67.4618
   -0.4681   -0.8749    0.1247
    0.8495   -0.4066    0.3363
   -0.2435    0.2633    0.9335
...   141 G-C ...
   21.4367  -51.8164   72.7856
    0.1304   -0.7141   -0.6877
    0.8897   -0.2218    0.3990
   -0.4375   -0.6639    0.6065
...   142 C-G ...
   20.4355  -54.2994   74.5395
    0.5847   -0.7390   -0.3347
    0.7593    0.3532    0.5466
   -0.2857   -0.5737    0.7676
...   143 T-A ...
   18.4378  -55.5190   76.5273
    0.8548   -0.5006    0.1370
    0.3188    0.7147    0.6225
   -0.4096   -0.4884    0.7705
...   144 C-G ...
   16.8486  -57.7126   78.2648
    0.8529   -0.0846    0.5152
   -0.1509    0.9047    0.3983
   -0.4998   -0.4175    0.7589
...   145 A-T ...
   15.7934  -59.5518   80.7963
    0.5515    0.4995    0.6681
   -0.6739    0.7388    0.0040
   -0.4915   -0.4525    0.7441
...   146 C-G ...
   15.7411  -61.4839   83.9295
    0.0342    0.7400    0.6718
   -0.8637    0.3601   -0.3527
   -0.5029   -0.5681    0.6514
...   147 A-T ...
   14.7482  -63.4170   86.8165
   -0.5923    0.6746    0.4405
   -0.6886   -0.1400   -0.7115
   -0.4183   -0.7247    0.5475
