  147 base-pairs
...     1 T-A ...
    0.0000    0.0000    0.0000
    1.0000    0.0000    0.0000
    0.0000    1.0000    0.0000
    0.0000    0.0000    1.0000
...     2 G-C ...
   -0.5555   -1.1003    3.3981
    0.7749    0.6051    0.1828
   -0.5991    0.7953   -0.0929
   -0.2016   -0.0375    0.9787
...     3 T-A ...
   -0.6619   -3.0237    6.5348
    0.3046    0.9250    0.2271
   -0.8994    0.3578   -0.2510
   -0.3134   -0.1278    0.9410
...     4 G-C ...
   -1.1607   -3.8418    9.6940
   -0.3351    0.9421    0.0133
   -0.8752   -0.3061   -0.3746
   -0.3489   -0.1372    0.9271
...     5 A-T ...
   -1.3881   -3.6770   12.8999
   -0.7835    0.6162   -0.0801
   -0.5677   -0.7622   -0.3109
   -0.2527   -0.1981    0.9470
...     6 G-C ...
   -2.6236   -3.5448   15.7072
   -0.9923    0.0611   -0.1075
   -0.0294   -0.9610   -0.2748
   -0.1201   -0.2695    0.9555
...     7 C-G ...
   -2.3138   -3.7570   18.8866
   -0.8620   -0.4995   -0.0864
    0.5008   -0.8655    0.0073
   -0.0785   -0.0370    0.9962
...     8 G-C ...
   -3.9561   -6.8109   23.3205
   -0.2581   -0.3560   -0.8981
    0.6294   -0.7673    0.1233
   -0.7330   -0.5335    0.4221
...     9 C-G ...
   -6.1177   -8.9414   24.2385
    0.1143   -0.7320   -0.6716
    0.8123   -0.3203    0.4874
   -0.5720   -0.6013    0.5580
...    10 T-A ...
   -8.5041   -9.6771   26.0540
    0.4660   -0.8587   -0.2131
    0.6274    0.1508    0.7640
   -0.6239   -0.4897    0.6090
...    11 C-G ...
  -11.0625  -11.3174   27.2336
    0.6660   -0.6911    0.2808
    0.3382    0.6152    0.7121
   -0.6649   -0.3794    0.6435
...    12 A-T ...
  -13.0013  -13.1789   29.0658
    0.7188   -0.1490    0.6790
   -0.1787    0.9043    0.3876
   -0.6718   -0.4000    0.6235
...    13 C-G ...
  -14.1788  -15.9359   31.3399
    0.4052    0.2865    0.8682
   -0.5270    0.8492   -0.0343
   -0.7470   -0.4437    0.4951
...    14 A-T ...
  -15.9532  -18.1566   33.3080
   -0.1503    0.6873    0.7107
   -0.6106    0.5008   -0.6135
   -0.7776   -0.5261    0.3444
...    15 A-T ...
  -18.3825  -19.9127   34.5772
   -0.5012    0.8404    0.2062
   -0.3959   -0.0108   -0.9182
   -0.7694   -0.5419    0.3381
...    16 T-A ...
  -20.7041  -21.6193   36.4102
   -0.6770    0.6637   -0.3180
   -0.0361   -0.4616   -0.8863
   -0.7351   -0.5886    0.3365
...    17 T-A ...
  -23.0984  -23.3546   37.8429
   -0.5989    0.2241   -0.7689
    0.3980   -0.7498   -0.5286
   -0.6950   -0.6225    0.3599
...    18 T-A ...
  -25.4504  -25.2339   39.1285
   -0.2498   -0.2493   -0.9357
    0.6813   -0.7319    0.0132
   -0.6881   -0.6341    0.3527
...    19 A-T ...
  -27.5017  -27.6236   40.3794
    0.2626   -0.6141   -0.7443
    0.6923   -0.4174    0.5886
   -0.6721   -0.6699    0.3155
...    20 T-A ...
  -30.0797  -29.6286   40.8855
    0.5992   -0.7325   -0.3231
    0.4509   -0.0247    0.8922
   -0.6615   -0.6803    0.3155
...    21 T-A ...
  -32.2684  -31.9165   41.6650
    0.7561   -0.6016    0.2574
   -0.0000    0.3933    0.9194
   -0.6544   -0.6952    0.2974
...    22 C-G ...
  -34.2908  -34.2936   42.7132
    0.6250   -0.2229    0.7481
   -0.4733    0.6539    0.5902
   -0.6207   -0.7230    0.3032
...    23 G-C ...
  -36.3737  -36.3705   44.4449
    0.3251    0.2776    0.9040
   -0.7938    0.5997    0.1013
   -0.5140   -0.7505    0.4153
...    24 C-G ...
  -37.7041  -39.0097   45.9005
   -0.1234    0.5903    0.7977
   -0.8486    0.3540   -0.3932
   -0.5145   -0.7254    0.4572
...    25 A-T ...
  -39.9221  -41.3499   46.9690
   -0.6201    0.6906    0.3722
   -0.5852   -0.0911   -0.8058
   -0.5226   -0.7175    0.4606
...    26 A-T ...
  -41.5768  -43.6504   48.6566
   -0.8602    0.4806   -0.1703
   -0.0931   -0.4765   -0.8742
   -0.5013   -0.7362    0.4546
...    27 A-T ...
  -43.1482  -45.9304   50.4149
   -0.7578    0.0735   -0.6483
    0.4615   -0.6421   -0.6122
   -0.4613   -0.7631    0.4526
...    28 G-C ...
  -45.0370  -48.2290   52.0556
   -0.3459   -0.2523   -0.9037
    0.8015   -0.5802   -0.1448
   -0.4878   -0.7744    0.4029
...    29 G-C ...
  -46.9831  -50.8123   53.3180
    0.2365   -0.4732   -0.8486
    0.8491   -0.3239    0.4173
   -0.4723   -0.8192    0.3252
...    30 C-G ...
  -48.7632  -53.4937   54.0227
    0.7080   -0.5175   -0.4805
    0.5527   -0.0175    0.8332
   -0.4396   -0.8555    0.2736
...    31 C-G ...
  -50.2363  -56.4082   54.7224
    0.9298   -0.3631    0.0598
    0.0320    0.2417    0.9698
   -0.3666   -0.8998    0.2364
...    32 G-C ...
  -51.0937  -59.2110   55.8822
    0.8322   -0.0845    0.5481
   -0.4930    0.3397    0.8010
   -0.2538   -0.9367    0.2411
...    33 G-C ...
  -51.4398  -62.4337   56.8983
    0.4134    0.1664    0.8952
   -0.8901    0.2809    0.3588
   -0.1918   -0.9452    0.2643
...    34 C-G ...
  -51.6946  -65.5701   57.9218
   -0.1750    0.3222    0.9304
   -0.9696    0.1078   -0.2197
   -0.1710   -0.9405    0.2935
...    35 C-G ...
  -52.1805  -68.6635   59.3322
   -0.7114    0.3366    0.6170
   -0.6827   -0.1224   -0.7204
   -0.1669   -0.9337    0.3169
...    36 C-G ...
  -52.6600  -71.7755   60.7233
   -0.9706    0.2335    0.0584
   -0.1326   -0.3161   -0.9394
   -0.2009   -0.9196    0.3377
...    37 G-C ...
  -52.8534  -75.3250   60.8511
   -0.8441    0.0609   -0.5327
    0.4789   -0.3609   -0.8002
   -0.2410   -0.9306    0.2755
...    38 A-T ...
  -53.5004  -78.2719   61.8648
   -0.3860   -0.1540   -0.9096
    0.8954   -0.2995   -0.3293
   -0.2218   -0.9416    0.2535
...    39 C-G ...
  -54.6600  -81.1791   62.5205
    0.1672   -0.2309   -0.9585
    0.9600   -0.1832    0.2116
   -0.2244   -0.9556    0.1910
...    40 A-T ...
  -55.3169  -84.4819   62.9919
    0.7293   -0.1997   -0.6544
    0.6619   -0.0363    0.7487
   -0.1733   -0.9792    0.1056
...    41 C-G ...
  -55.8294  -87.7411   62.7448
    0.9791   -0.1305   -0.1557
    0.1632    0.0482    0.9854
   -0.1211   -0.9903    0.0685
...    42 G-C ...
  -56.0340  -91.0320   63.4454
    0.8760   -0.0186    0.4819
   -0.4807    0.0455    0.8757
   -0.0382   -0.9988    0.0310
...    43 A-T ...
  -56.0853  -94.2481   63.5131
    0.4015    0.0006    0.9159
   -0.9151    0.0402    0.4011
   -0.0366   -0.9992    0.0167
...    44 C-G ...
  -55.5792  -97.5452   63.5122
   -0.1718    0.0428    0.9842
   -0.9849    0.0134   -0.1725
   -0.0206   -0.9990    0.0398
...    45 T-A ...
  -55.0247 -101.1125   64.0131
   -0.7232    0.0487    0.6889
   -0.6900   -0.0113   -0.7237
   -0.0275   -0.9987    0.0418
...    46 T-A ...
  -54.9166 -104.3367   64.3000
   -0.9888   -0.0009    0.1491
   -0.1491    0.0090   -0.9888
   -0.0005   -1.0000   -0.0091
...    47 A-T ...
  -54.7158 -107.7272   63.8140
   -0.8290   -0.0094   -0.5591
    0.5587    0.0305   -0.8288
    0.0248   -0.9995   -0.0201
...    48 C-G ...
  -55.0859 -111.0024   64.2359
   -0.3896    0.0535   -0.9194
    0.9210    0.0305   -0.3884
    0.0073   -0.9981   -0.0612
...    49 T-A ...
  -55.4324 -114.3660   63.9243
    0.1876    0.1542   -0.9701
    0.9822   -0.0252    0.1860
    0.0043   -0.9877   -0.1562
...    50 G-C ...
  -55.2224 -117.6850   63.1210
    0.7182    0.2640   -0.6438
    0.6908   -0.1593    0.7053
    0.0837   -0.9513   -0.2967
...    51 T-A ...
  -55.0746 -120.5507   61.6718
    0.9711    0.1835   -0.1529
    0.2038   -0.3032    0.9309
    0.1244   -0.9351   -0.3319
...    52 A-T ...
  -54.5644 -123.9017   61.0806
    0.8659   -0.0500    0.4977
   -0.4748   -0.3953    0.7863
    0.1574   -0.9172   -0.3660
...    53 G-C ...
  -53.8312 -126.8308   59.8189
    0.4536   -0.2107    0.8659
   -0.8635   -0.3443    0.3685
    0.2205   -0.9149   -0.3381
...    54 G-C ...
  -52.2739 -129.9239   58.7445
   -0.1558   -0.3367    0.9286
   -0.9563   -0.1839   -0.2271
    0.2473   -0.9235   -0.2934
...    55 T-A ...
  -51.0580 -132.9404   58.0604
   -0.6484   -0.4051    0.6446
   -0.7157    0.0356   -0.6975
    0.2596   -0.9136   -0.3131
...    56 A-T ...
  -50.0044 -136.0589   57.1790
   -0.9567   -0.2854    0.0579
   -0.1466    0.3000   -0.9426
    0.2516   -0.9103   -0.3288
...    57 T-A ...
  -49.2076 -139.2257   56.7710
   -0.8761   -0.0900   -0.4736
    0.3959    0.4265   -0.8133
    0.2751   -0.9000   -0.3380
...    58 C-G ...
  -48.4980 -142.3938   55.6717
   -0.4189    0.2362   -0.8767
    0.8678    0.3884   -0.3100
    0.2673   -0.8907   -0.3677
...    59 T-A ...
  -47.8766 -145.3521   54.2402
    0.1097    0.4861   -0.8670
    0.9599    0.1746    0.2193
    0.2580   -0.8563   -0.4475
...    60 C-G ...
  -46.8397 -148.0978   52.6672
    0.6527    0.5353   -0.5362
    0.7144   -0.1991    0.6708
    0.2523   -0.8209   -0.5123
...    61 G-C ...
  -45.3482 -150.8472   51.2724
    0.8758    0.4813    0.0350
    0.2638   -0.5381    0.8005
    0.4041   -0.6919   -0.5983
...    62 A-T ...
  -43.7536 -153.1240   49.2737
    0.8458    0.0530    0.5309
   -0.3195   -0.7466    0.5835
    0.4273   -0.6631   -0.6146
...    63 G-C ...
  -42.1438 -155.2429   47.2387
    0.5136   -0.3591    0.7792
   -0.7248   -0.6676    0.1701
    0.4591   -0.6522   -0.6032
...    64 C-G ...
  -40.1605 -157.3196   45.2651
   -0.0369   -0.6964    0.7167
   -0.8791   -0.3184   -0.3546
    0.4752   -0.6431   -0.6005
...    65 T-A ...
  -38.5362 -159.4874   43.3135
   -0.5202   -0.7698    0.3699
   -0.6938    0.1284   -0.7086
    0.4979   -0.6253   -0.6009
...    66 C-G ...
  -36.7711 -161.4588   41.1479
   -0.8367   -0.5167   -0.1816
   -0.2149    0.6147   -0.7590
    0.5038   -0.5960   -0.6253
...    67 G-C ...
  -35.0600 -162.6193   38.2826
   -0.8187   -0.0217   -0.5737
    0.3224    0.8095   -0.4907
    0.4751   -0.5867   -0.6558
...    68 G-C ...
  -33.2943 -164.6350   36.1965
   -0.5072    0.5157   -0.6905
    0.7179    0.6961   -0.0074
    0.4769   -0.4994   -0.7233
...    69 G-C ...
  -31.8769 -166.4049   33.7019
   -0.0762    0.8739   -0.4801
    0.8871    0.2792    0.3676
    0.4553   -0.3979   -0.7965
...    70 A-T ...
  -30.5404 -167.6873   30.9281
    0.4498    0.8861   -0.1121
    0.7580   -0.3123    0.5727
    0.4725   -0.3425   -0.8121
...    71 T-A ...
  -29.3408 -168.3722   27.9402
    0.7644    0.5960    0.2459
    0.4108   -0.7442    0.5267
    0.4969   -0.3016   -0.8137
...    72 C-G ...
  -27.5690 -169.0512   25.1550
    0.8452    0.0159    0.5342
   -0.1291   -0.9639    0.2329
    0.5187   -0.2658   -0.8126
...    73 C-G ...
  -25.4147 -169.8079   22.7091
    0.5965   -0.5101    0.6196
   -0.5458   -0.8239   -0.1529
    0.5885   -0.2470   -0.7699
...    74 G-C ...
  -23.7041 -171.0121   20.0878
    0.1092   -0.9009    0.4200
   -0.7746   -0.3419   -0.5320
    0.6229   -0.2673   -0.7352
...    75 C-G ...
  -21.1911 -171.9701   17.8635
   -0.3721   -0.9280    0.0172
   -0.6875    0.2632   -0.6768
    0.6235   -0.2636   -0.7360
...    76 T-A ...
  -18.8233 -173.1401   15.5835
   -0.7126   -0.5831   -0.3902
   -0.3192    0.7647   -0.5598
    0.6248   -0.2743   -0.7310
...    77 T-A ...
  -16.7764 -174.1834   13.3192
   -0.7752   -0.0253   -0.6312
    0.1415    0.9668   -0.2125
    0.6157   -0.2541   -0.7459
...    78 C-G ...
  -14.3963 -174.7905   10.9731
   -0.5578    0.5966   -0.5770
    0.5763    0.7787    0.2480
    0.5972   -0.1943   -0.7782
...    79 A-T ...
  -11.9257 -175.3548    8.6508
   -0.1886    0.9610   -0.2023
    0.7987    0.2700    0.5378
    0.5715   -0.0601   -0.8184
...    80 T-A ...
  -10.4567 -175.4216    5.7334
    0.2070    0.9625    0.1752
    0.7930   -0.2699    0.5462
    0.5730    0.0258   -0.8191
...    81 G-C ...
   -8.3216 -175.0721    2.9719
    0.5749    0.5726    0.5845
    0.5341   -0.8038    0.2620
    0.6198    0.1616   -0.7679
...    82 T-A ...
   -6.3828 -173.8952    0.4337
    0.7742    0.0144    0.6328
    0.1363   -0.9801   -0.1444
    0.6181    0.1981   -0.7607
...    83 T-A ...
   -4.3757 -173.0134   -1.9523
    0.7282   -0.5705    0.3799
   -0.3422   -0.7829   -0.5196
    0.5938    0.2484   -0.7653
...    84 A-T ...
   -2.5972 -172.1842   -4.9354
    0.3142   -0.9176   -0.2436
   -0.7913   -0.1114   -0.6012
    0.5245    0.3817   -0.7611
...    85 T-A ...
   -0.3108 -170.9593   -7.0134
   -0.1279   -0.8109   -0.5710
   -0.8449    0.3906   -0.3655
    0.5194    0.4357   -0.7351
...    86 A-T ...
    1.3394 -168.8792   -9.4060
   -0.6439   -0.1859   -0.7422
   -0.5134    0.8242    0.2390
    0.5673    0.5349   -0.6261
...    87 A-T ...
    3.2865 -167.2502  -11.4243
   -0.8086    0.3660   -0.4607
   -0.0488    0.7386    0.6724
    0.5864    0.5662   -0.5793
...    88 C-G ...
    5.2450 -165.7560  -13.7541
   -0.7082    0.7057    0.0230
    0.4073    0.3816    0.8298
    0.5767    0.5970   -0.5576
...    89 G-C ...
    7.2136 -163.5260  -15.1471
   -0.4460    0.6868    0.5740
    0.7389   -0.0793    0.6691
    0.5050    0.7225   -0.4721
...    90 G-C ...
    8.6055 -160.7704  -16.2898
   -0.0391    0.4251    0.9043
    0.8979   -0.3821    0.2185
    0.4384    0.8205   -0.3668
...    91 A-T ...
    9.8699 -157.8948  -17.4018
    0.4920    0.0662    0.8681
    0.7503   -0.5380   -0.3842
    0.4416    0.8403   -0.3144
...    92 T-A ...
   10.9240 -154.7673  -17.8768
    0.8045   -0.2285    0.5482
    0.3967   -0.4801   -0.7824
    0.4420    0.8469   -0.2955
...    93 T-A ...
   12.4164 -151.9162  -18.4515
    0.8855   -0.4643   -0.0190
   -0.1375   -0.2228   -0.9651
    0.4439    0.8572   -0.2611
...    94 A-T ...
   13.4012 -149.1009  -20.1183
    0.6360   -0.3697   -0.6774
   -0.6928    0.1132   -0.7122
    0.3400    0.9222   -0.1841
...    95 A-T ...
   14.6428 -146.1018  -20.5270
    0.0944   -0.1386   -0.9858
   -0.9494    0.2853   -0.1310
    0.2994    0.9484   -0.1047
...    96 C-G ...
   16.1852 -143.0429  -20.8844
   -0.4670    0.0966   -0.8790
   -0.8314    0.2906    0.4737
    0.3011    0.9520   -0.0554
...    97 A-T ...
   17.1588 -139.8183  -20.9507
   -0.8956    0.2191   -0.3872
   -0.3680    0.1242    0.9215
    0.2500    0.9678   -0.0306
...    98 C-G ...
   17.9771 -136.6384  -21.7088
   -0.9594    0.2235    0.1723
    0.1695   -0.0317    0.9850
    0.2256    0.9742   -0.0074
...    99 T-A ...
   18.4183 -133.1311  -22.1054
   -0.6915    0.0452    0.7210
    0.7071   -0.1621    0.6883
    0.1480    0.9857    0.0802
...   100 T-A ...
   18.5625 -129.8906  -21.8795
   -0.1564   -0.0909    0.9835
    0.9781   -0.1529    0.1414
    0.1375    0.9841    0.1128
...   101 T-A ...
   18.9360 -126.7107  -21.3487
    0.4217   -0.2290    0.8773
    0.8951   -0.0491   -0.4431
    0.1446    0.9722    0.1843
...   102 A-T ...
   19.6985 -123.4369  -20.7485
    0.8928   -0.2320    0.3860
    0.4247    0.1482   -0.8931
    0.1500    0.9614    0.2308
...   103 T-A ...
   20.0008 -120.5461  -19.2707
    0.9823   -0.1533   -0.1076
   -0.0616    0.2783   -0.9585
    0.1769    0.9482    0.2639
...   104 G-C ...
   20.8323 -117.5059  -18.2430
    0.7200   -0.0285   -0.6934
   -0.6422    0.3513   -0.6813
    0.2630    0.9358    0.2346
...   105 C-G ...
   22.0564 -114.4824  -17.3710
    0.2145    0.1861   -0.9588
   -0.9417    0.3001   -0.1524
    0.2594    0.9356    0.2396
...   106 T-A ...
   23.3714 -111.3329  -16.6741
   -0.3881    0.3261   -0.8620
   -0.8796    0.1479    0.4520
    0.2749    0.9337    0.2295
...   107 T-A ...
   24.4124 -108.3462  -16.0492
   -0.8291    0.3380   -0.4453
   -0.4976   -0.0834    0.8634
    0.2547    0.9374    0.2374
...   108 C-G ...
   25.3125 -105.1584  -15.4189
   -0.9713    0.1687    0.1679
    0.1140   -0.2894    0.9504
    0.2090    0.9422    0.2618
...   109 C-G ...
   26.2430 -102.0818  -14.6370
   -0.7787   -0.1592    0.6068
    0.6195   -0.3476    0.7038
    0.0989    0.9240    0.3694
...   110 G-C ...
   26.7358  -99.3471  -13.1391
   -0.3388   -0.4547    0.8237
    0.9407   -0.1814    0.2868
    0.0190    0.8720    0.4892
...   111 G-C ...
   26.5745  -96.6692  -11.1517
    0.2481   -0.5590    0.7911
    0.9687    0.1449   -0.2014
   -0.0020    0.8164    0.5775
...   112 C-G ...
   26.2641  -94.3944   -8.6835
    0.7578   -0.4122    0.5058
    0.6525    0.4715   -0.5933
    0.0061    0.7796    0.6262
...   113 T-A ...
   26.2913  -91.9579   -6.4253
    0.9923   -0.1004    0.0723
    0.1209    0.6623   -0.7395
    0.0264    0.7425    0.6693
...   114 C-G ...
   26.6094  -89.3498   -4.4147
    0.8528    0.3385   -0.3977
   -0.5196    0.6265   -0.5809
    0.0525    0.7021    0.7102
...   115 G-C ...
   26.4552  -86.7824   -2.3027
    0.3439    0.6428   -0.6845
   -0.9358    0.2944   -0.1937
    0.0770    0.7072    0.7028
...   116 T-A ...
   27.4698  -84.3034   -0.1496
   -0.2502    0.6796   -0.6896
   -0.9662   -0.1297    0.2228
    0.0620    0.7220    0.6891
...   117 A-T ...
   27.9351  -81.7947    2.1169
   -0.8008    0.4297   -0.4173
   -0.5981   -0.5355    0.5963
    0.0327    0.7270    0.6858
...   118 T-A ...
   28.3248  -79.0355    3.8744
   -0.9959    0.0846   -0.0333
   -0.0830   -0.6964    0.7128
    0.0371    0.7127    0.7005
...   119 A-T ...
   28.6019  -76.8801    6.5390
   -0.8067   -0.4076    0.4278
    0.5904   -0.5870    0.5540
    0.0254    0.6995    0.7142
...   120 A-T ...
   28.4612  -74.5344    8.7886
   -0.3136   -0.7206    0.6183
    0.9495   -0.2291    0.2146
   -0.0129    0.6544    0.7561
...   121 T-A ...
   27.8065  -72.4308   11.2770
    0.2435   -0.7410    0.6258
    0.9696    0.2011   -0.1392
   -0.0227    0.6406    0.7675
...   122 G-C ...
   27.7607  -70.3691   14.0705
    0.7959   -0.5060    0.3326
    0.6052    0.6480   -0.4623
    0.0184    0.5692    0.8220
...   123 T-A ...
   27.7621  -68.9924   17.0860
    0.9963   -0.0794    0.0340
    0.0850    0.8308   -0.5500
    0.0154    0.5508    0.8345
...   124 G-C ...
   27.8645  -67.1676   19.9489
    0.8300    0.4442   -0.3375
   -0.5548    0.7200   -0.4169
    0.0578    0.5333    0.8440
...   125 T-A ...
   28.4054  -65.7983   22.8462
    0.3938    0.7528   -0.5274
   -0.9164    0.3663   -0.1615
    0.0716    0.5469    0.8341
...   126 C-G ...
   28.6974  -64.0469   25.5200
   -0.2441    0.8275   -0.5057
   -0.9670   -0.1685    0.1911
    0.0729    0.5356    0.8413
...   127 G-C ...
   28.2711  -62.5336   28.5256
   -0.7621    0.5183   -0.3881
   -0.6474   -0.6180    0.4460
   -0.0087    0.5911    0.8065
...   128 A-T ...
   28.4080  -60.7069   31.1313
   -0.9980    0.0376   -0.0499
   -0.0593   -0.8215    0.5671
   -0.0197    0.5689    0.8222
...   129 C-G ...
   28.2236  -58.2670   33.3507
   -0.8676   -0.4428    0.2265
    0.4932   -0.7075    0.5061
   -0.0638    0.5508    0.8322
...   130 C-G ...
   27.4558  -56.3525   36.0743
   -0.4461   -0.8156    0.3684
    0.8820   -0.3308    0.3357
   -0.1520    0.4747    0.8670
...   131 A-T ...
   27.6567  -55.0381   39.2459
    0.1906   -0.8935    0.4067
    0.9668    0.2428    0.0802
   -0.1704    0.3779    0.9100
...   132 A-T ...
   27.0263  -53.9911   42.3005
    0.7281   -0.5780    0.3684
    0.6618    0.7327   -0.1586
   -0.1783    0.3593    0.9160
...   133 A-T ...
   26.2320  -53.1424   45.3770
    0.9701   -0.0031    0.2426
    0.0912    0.9312   -0.3529
   -0.2248    0.3645    0.9037
...   134 T-A ...
   25.6308  -52.5797   48.6348
    0.8597    0.5096    0.0340
   -0.4497    0.7867   -0.4230
   -0.2423    0.3484    0.9055
...   135 G-C ...
   25.2859  -52.4981   52.0750
    0.3205    0.9427   -0.0927
   -0.8825    0.2616   -0.3908
   -0.3442    0.2071    0.9158
...   136 T-A ...
   25.5356  -52.9668   55.8001
   -0.2443    0.9563   -0.1608
   -0.8908   -0.2868   -0.3525
   -0.3832    0.0571    0.9219
...   137 G-C ...
   24.9038  -52.7260   58.9820
   -0.7529    0.5562   -0.3519
   -0.5214   -0.8303   -0.1968
   -0.4017    0.0354    0.9151
...   138 A-T ...
   24.0250  -51.6261   61.9210
   -0.9563    0.0400   -0.2896
   -0.0523   -0.9980    0.0347
   -0.2877    0.0483    0.9565
...   139 G-C ...
   22.3575  -51.2300   64.4908
   -0.8529   -0.5117   -0.1032
    0.4973   -0.8566    0.1372
   -0.1586    0.0657    0.9852
...   140 C-G ...
   22.1609  -50.1386   67.4617
   -0.4681   -0.8749    0.1247
    0.8495   -0.4066    0.3363
   -0.2435    0.2633    0.9335
...   141 G-C ...
   21.4367  -51.8164   72.7855
    0.1304   -0.7141   -0.6877
    0.8897   -0.2218    0.3990
   -0.4375   -0.6639    0.6065
...   142 C-G ...
   20.4355  -54.2994   74.5394
    0.5847   -0.7390   -0.3347
    0.7593    0.3532    0.5466
   -0.2857   -0.5737    0.7676
...   143 T-A ...
   18.4378  -55.5190   76.5272
    0.8548   -0.5006    0.1370
    0.3188    0.7147    0.6225
   -0.4096   -0.4884    0.7705
...   144 C-G ...
   16.8485  -57.7127   78.2647
    0.8529   -0.0846    0.5152
   -0.1509    0.9047    0.3983
   -0.4998   -0.4175    0.7589
...   145 A-T ...
   15.7934  -59.5518   80.7962
    0.5515    0.4995    0.6681
   -0.6739    0.7388    0.0040
   -0.4915   -0.4525    0.7441
...   146 C-G ...
   15.7411  -61.4839   83.9295
    0.0342    0.7400    0.6718
   -0.8637    0.3601   -0.3527
   -0.5029   -0.5681    0.6514
...   147 A-T ...
   14.7482  -63.4171   86.8164
   -0.5923    0.6746    0.4405
   -0.6886   -0.1400   -0.7115
   -0.4183   -0.7247    0.5475
