  147 base-pairs
...     1 T-A ...
    0.0000    0.0000    0.0000
    1.0000    0.0000    0.0000
    0.0000    1.0000    0.0000
    0.0000    0.0000    1.0000
...     2 G-C ...
   -0.5555   -1.1003    3.3981
    0.7749    0.6051    0.1828
   -0.5991    0.7953   -0.0929
   -0.2016   -0.0375    0.9787
...     3 T-A ...
   -0.6619   -3.0237    6.5348
    0.3046    0.9250    0.2271
   -0.8994    0.3578   -0.2510
   -0.3134   -0.1278    0.9410
...     4 G-C ...
   -1.1607   -3.8418    9.6940
   -0.3351    0.9421    0.0133
   -0.8752   -0.3061   -0.3746
   -0.3489   -0.1372    0.9271
...     5 A-T ...
   -1.3881   -3.6770   12.8999
   -0.7835    0.6162   -0.0801
   -0.5677   -0.7622   -0.3109
   -0.2527   -0.1981    0.9470
...     6 G-C ...
   -2.6236   -3.5448   15.7072
   -0.9923    0.0611   -0.1075
   -0.0294   -0.9610   -0.2748
   -0.1201   -0.2695    0.9555
...     7 C-G ...
   -2.3138   -3.7570   18.8866
   -0.8620   -0.4995   -0.0864
    0.5008   -0.8655    0.0073
   -0.0785   -0.0370    0.9962
...     8 G-C ...
   -3.9561   -6.8109   23.3205
   -0.2581   -0.3560   -0.8981
    0.6294   -0.7673    0.1233
   -0.7330   -0.5335    0.4221
...     9 C-G ...
   -6.1177   -8.9414   24.2385
    0.1143   -0.7320   -0.6716
    0.8123   -0.3203    0.4874
   -0.5720   -0.6013    0.5580
...    10 T-A ...
   -8.5041   -9.6771   26.0540
    0.4660   -0.8587   -0.2131
    0.6274    0.1508    0.7640
   -0.6239   -0.4897    0.6090
...    11 C-G ...
  -11.0625  -11.3174   27.2336
    0.6660   -0.6911    0.2808
    0.3382    0.6152    0.7121
   -0.6649   -0.3794    0.6435
...    12 A-T ...
  -13.0013  -13.1789   29.0658
    0.7188   -0.1490    0.6790
   -0.1787    0.9043    0.3876
   -0.6718   -0.4000    0.6235
...    13 C-G ...
  -14.1788  -15.9359   31.3399
    0.4052    0.2865    0.8682
   -0.5270    0.8492   -0.0343
   -0.7470   -0.4437    0.4951
...    14 A-T ...
  -15.9532  -18.1566   33.3080
   -0.1503    0.6873    0.7107
   -0.6106    0.5008   -0.6135
   -0.7776   -0.5261    0.3444
...    15 A-T ...
  -18.3762  -19.9276   34.5655
   -0.5023    0.8395    0.2070
   -0.3930   -0.0085   -0.9195
   -0.7702   -0.5433    0.3342
...    16 T-A ...
  -20.7007  -21.6452   36.3838
   -0.6761    0.6645   -0.3183
   -0.0322   -0.4583   -0.8882
   -0.7361   -0.5903    0.3313
...    17 T-A ...
  -23.1011  -23.3908   37.7955
   -0.5944    0.2279   -0.7712
    0.4011   -0.7471   -0.5300
   -0.6970   -0.6244    0.3527
...    18 T-A ...
  -25.4570  -25.2866   39.0427
   -0.2410   -0.2398   -0.9404
    0.6799   -0.7332    0.0128
   -0.6926   -0.6363    0.3397
...    19 A-T ...
  -27.5210  -27.6899   40.2289
    0.2698   -0.6003   -0.7529
    0.6848   -0.4301    0.5884
   -0.6770   -0.6743    0.2950
...    20 T-A ...
  -30.1053  -29.7033   40.6593
    0.6019   -0.7267   -0.3311
    0.4400   -0.0443    0.8969
   -0.6664   -0.6856    0.2931
...    21 T-A ...
  -32.3044  -32.0074   41.3599
    0.7509   -0.6092    0.2548
   -0.0119    0.3732    0.9277
   -0.6603   -0.6997    0.2730
...    22 C-G ...
  -34.3442  -34.4057   42.3239
    0.6126   -0.2420    0.7524
   -0.4803    0.6420    0.5976
   -0.6277   -0.7275    0.2771
...    23 G-C ...
  -36.4625  -36.5139   43.9656
    0.3108    0.2542    0.9159
   -0.7925    0.6012    0.1021
   -0.5247   -0.7576    0.3883
...    24 C-G ...
  -37.8324  -39.1838   45.3268
   -0.1342    0.5717    0.8094
   -0.8395    0.3684   -0.3994
   -0.5266   -0.7331    0.4305
...    25 A-T ...
  -40.0701  -41.5499   46.2810
   -0.6213    0.6864    0.3780
   -0.5703   -0.0653   -0.8188
   -0.5373   -0.7243    0.4320
...    26 A-T ...
  -41.7726  -43.8835   47.8704
   -0.8514    0.4947   -0.1744
   -0.0810   -0.4525   -0.8881
   -0.5182   -0.7420    0.4253
...    27 A-T ...
  -43.4056  -46.1887   49.5347
   -0.7431    0.1019   -0.6614
    0.4650   -0.6321   -0.6199
   -0.4812   -0.7682    0.4223
...    28 G-C ...
  -45.3616  -48.5016   51.0695
   -0.3307   -0.2207   -0.9176
    0.7949   -0.5893   -0.1447
   -0.5087   -0.7772    0.3703
...    29 G-C ...
  -47.3821  -51.0880   52.1983
    0.2462   -0.4526   -0.8571
    0.8334   -0.3525    0.4256
   -0.4947   -0.8191    0.2904
...    30 C-G ...
  -49.2167  -53.7657   52.7633
    0.7077   -0.5183   -0.4801
    0.5324   -0.0553    0.8447
   -0.4644   -0.8534    0.2369
...    31 C-G ...
  -50.7681  -56.6712   53.3300
    0.9190   -0.3878    0.0708
    0.0136    0.2108    0.9774
   -0.3940   -0.8973    0.1990
...    32 G-C ...
  -51.7235  -59.4840   54.3758
    0.8149   -0.1252    0.5659
   -0.5042    0.3282    0.7987
   -0.2857   -0.9363    0.2044
...    33 G-C ...
  -52.1895  -62.7311   55.2672
    0.3936    0.1254    0.9107
   -0.8906    0.2973    0.3440
   -0.2276   -0.9465    0.2287
...    34 C-G ...
  -52.5740  -65.8954   56.1527
   -0.1898    0.2992    0.9351
   -0.9588    0.1487   -0.2421
   -0.2115   -0.9425    0.2587
...    35 C-G ...
  -53.1929  -69.0174   57.4372
   -0.7141    0.3470    0.6081
   -0.6667   -0.0720   -0.7418
   -0.2136   -0.9351    0.2828
...    36 C-G ...
  -53.8274  -72.1497   58.7101
   -0.9605    0.2755    0.0406
   -0.1205   -0.2801   -0.9524
   -0.2510   -0.9196    0.3022
...    37 G-C ...
  -54.1918  -75.6760   58.7364
   -0.8258    0.1201   -0.5510
    0.4813   -0.3588   -0.7997
   -0.2938   -0.9257    0.2385
...    38 A-T ...
  -55.0205  -78.6173   59.6275
   -0.3693   -0.1048   -0.9234
    0.8871   -0.3358   -0.3167
   -0.2769   -0.9361    0.2170
...    39 C-G ...
  -56.3507  -81.4771   60.1512
    0.1798   -0.2097   -0.9611
    0.9427   -0.2423    0.2292
   -0.2810   -0.9473    0.1541
...    40 A-T ...
  -57.1946  -84.7561   60.4838
    0.7343   -0.2226   -0.6413
    0.6377   -0.0976    0.7641
   -0.2326   -0.9700    0.0703
...    41 C-G ...
  -57.8919  -87.9762   60.1186
    0.9730   -0.1881   -0.1339
    0.1381    0.0092    0.9904
   -0.1851   -0.9821    0.0349
...    42 G-C ...
  -58.3349  -91.2613   60.7086
    0.8582   -0.0935    0.5047
   -0.5017    0.0550    0.8633
   -0.1085   -0.9941    0.0003
...    43 A-T ...
  -58.6252  -94.4631   60.6699
    0.3741   -0.0533    0.9259
   -0.9209    0.0967    0.3777
   -0.1096   -0.9939   -0.0129
...    44 C-G ...
  -58.3610  -97.7870   60.5830
   -0.1957    0.0298    0.9802
   -0.9759    0.0926   -0.1976
   -0.0967   -0.9953    0.0110
...    45 T-A ...
  -58.1028 -101.3953   60.9928
   -0.7357    0.0918    0.6710
   -0.6683    0.0622   -0.7413
   -0.1098   -0.9938    0.0155
...    46 T-A ...
  -58.2886 -104.6165   61.1910
   -0.9884    0.0852    0.1258
   -0.1226    0.0419   -0.9916
   -0.0897   -0.9955   -0.0310
...    47 A-T ...
  -58.4330 -107.9911   60.6890
   -0.8196    0.0948   -0.5650
    0.5668   -0.0101   -0.8238
   -0.0838   -0.9954   -0.0455
...    48 C-G ...
  -59.1750 -111.2093   61.0132
   -0.3735    0.1212   -0.9197
    0.9216   -0.0644   -0.3827
   -0.1056   -0.9905   -0.0876
...    49 T-A ...
  -59.9163 -114.4965   60.6164
    0.2094    0.1565   -0.9652
    0.9713   -0.1470    0.1869
   -0.1126   -0.9767   -0.1828
...    50 G-C ...
  -60.1003 -117.7920   59.7232
    0.7484    0.1879   -0.6361
    0.6623   -0.2625    0.7017
   -0.0351   -0.9465   -0.3209
...    51 T-A ...
  -60.3000 -120.6164   58.1990
    0.9876    0.0562   -0.1464
    0.1568   -0.3502    0.9235
    0.0006   -0.9350   -0.3547
...    52 A-T ...
  -60.3173 -124.0277   57.6150
    0.8422   -0.2036    0.4993
   -0.5391   -0.3365    0.7721
    0.0108   -0.9194   -0.3931
...    53 G-C ...
  -60.0606 -127.0022   56.2692
    0.4071   -0.3112    0.8587
   -0.9110   -0.2057    0.3574
    0.0654   -0.9278   -0.3673
...    54 G-C ...
  -59.0396 -130.2703   55.0758
   -0.2122   -0.3353    0.9179
   -0.9735   -0.0090   -0.2283
    0.0848   -0.9421   -0.3245
...    55 T-A ...
  -58.3676 -133.4196   54.2720
   -0.7084   -0.3050    0.6365
   -0.6997    0.1846   -0.6902
    0.0930   -0.9343   -0.3442
...    56 A-T ...
  -57.8858 -136.6557   53.3010
   -0.9925   -0.1033    0.0659
   -0.0984    0.3506   -0.9314
    0.0731   -0.9308   -0.3581
...    57 T-A ...
  -57.7147 -139.8948   52.7839
   -0.8855    0.0966   -0.4546
    0.4562    0.3671   -0.8106
    0.0886   -0.9252   -0.3691
...    58 C-G ...
  -57.6682 -143.1072   51.5716
   -0.3834    0.3457   -0.8564
    0.9206    0.2174   -0.3243
    0.0741   -0.9128   -0.4017
...    59 T-A ...
  -57.6916 -146.0673   50.0311
    0.1829    0.4858   -0.8547
    0.9809   -0.0324    0.1915
    0.0654   -0.8735   -0.4825
...    60 C-G ...
  -57.2393 -148.8707   48.3177
    0.7329    0.4091   -0.5436
    0.6780   -0.3735    0.6331
    0.0560   -0.8326   -0.5511
...    61 G-C ...
  -56.4162 -151.8063   46.7673
    0.9627    0.2704    0.0077
    0.1678   -0.6193    0.7670
    0.2122   -0.7371   -0.6416
...    62 A-T ...
  -55.4594 -154.2889   44.6039
    0.8573   -0.1716    0.4853
   -0.4589   -0.6818    0.5697
    0.2331   -0.7111   -0.6633
...    63 G-C ...
  -54.5142 -156.6166   42.3916
    0.4506   -0.5149    0.7293
   -0.8548   -0.4843    0.1862
    0.2573   -0.7073   -0.6584
...    64 C-G ...
  -53.2077 -158.9813   40.1879
   -0.1676   -0.7079    0.6861
   -0.9481   -0.0749   -0.3089
    0.2701   -0.7023   -0.6587
...    65 T-A ...
  -52.2634 -161.3535   38.0335
   -0.6715   -0.6392    0.3749
   -0.6826    0.3366   -0.6487
    0.2885   -0.6914   -0.6624
...    66 C-G ...
  -51.1412 -163.5742   35.6703
   -0.9504   -0.2820   -0.1313
   -0.1082    0.6953   -0.7106
    0.2917   -0.6611   -0.6913
...    67 G-C ...
  -49.9377 -165.3047   33.0475
   -0.8322    0.2639   -0.4877
    0.4942    0.7518   -0.4365
    0.2514   -0.6042   -0.7561
...    68 T-A ...
  -49.3717 -167.7434   30.8571
   -0.4554    0.6417   -0.6172
    0.8500    0.5196   -0.0870
    0.2649   -0.5642   -0.7820
...    69 C-G ...
  -48.4773 -169.4509   28.2773
    0.0914    0.8636   -0.4958
    0.9619    0.0523    0.2684
    0.2577   -0.5014   -0.8259
...    70 A-T ...
  -47.5383 -171.2642   25.5449
    0.5863    0.7994   -0.1316
    0.7526   -0.4773    0.4536
    0.2998   -0.3650   -0.8814
...    71 T-A ...
  -46.7366 -172.0235   22.4662
    0.8697    0.4574    0.1854
    0.3466   -0.8335    0.4303
    0.3514   -0.3100   -0.8834
...    72 G-C ...
  -45.3047 -173.0072   19.4759
    0.8596   -0.1487    0.4888
   -0.2535   -0.9548    0.1554
    0.4436   -0.2575   -0.8584
...    73 T-A ...
  -43.4691 -173.3735   16.6001
    0.5632   -0.6824    0.4659
   -0.6965   -0.6954   -0.1766
    0.4445   -0.2250   -0.8671
...    74 T-A ...
  -41.8531 -173.8917   13.8074
    0.0478   -0.9827    0.1791
   -0.8941   -0.1220   -0.4309
    0.4452   -0.1396   -0.8845
...    75 A-T ...
  -40.5656 -174.0008   10.4633
   -0.5687   -0.7479   -0.3422
   -0.6593    0.6633   -0.3541
    0.4919    0.0242   -0.8703
...    76 T-A ...
  -38.5782 -174.4387    7.8386
   -0.8142   -0.2725   -0.5126
   -0.2652    0.9601   -0.0892
    0.5164    0.0633   -0.8540
...    77 A-T ...
  -36.5317 -173.7987    5.0460
   -0.7292    0.4981   -0.4692
    0.3614    0.8626    0.3541
    0.5811    0.0886   -0.8090
...    78 A-T ...
  -34.7407 -173.6111    2.3884
   -0.3878    0.9094   -0.1503
    0.7091    0.3985    0.5816
    0.5888    0.1190   -0.7995
...    79 C-G ...
  -33.2513 -173.2846   -0.6110
    0.0552    0.9678    0.2456
    0.8019   -0.1895    0.5666
    0.5949    0.1657   -0.7865
...    80 G-C ...
  -30.9156 -172.5770   -2.8261
    0.4077    0.6539    0.6374
    0.6618   -0.6925    0.2872
    0.6292    0.3047   -0.7151
...    81 G-C ...
  -28.5118 -171.1532   -4.6085
    0.6198    0.1201    0.7755
    0.3944   -0.9020   -0.1756
    0.6785    0.4147   -0.6064
...    82 A-T ...
  -25.9631 -169.9344   -6.3188
    0.7238   -0.4752    0.5003
   -0.0353   -0.7497   -0.6609
    0.6891    0.4607   -0.5594
...    83 G-C ...
  -23.5859 -168.2911   -7.9072
    0.5612   -0.8246    0.0711
   -0.4042   -0.3479   -0.8459
    0.7223    0.4460   -0.5286
...    84 G-C ...
  -20.7136 -166.8391   -9.3644
    0.2025   -0.8788   -0.4321
   -0.6297    0.2211   -0.7447
    0.7500    0.4229   -0.5086
...    85 A-T ...
  -17.9304 -165.4540  -10.8128
   -0.2142   -0.5099   -0.8331
   -0.6212    0.7294   -0.2867
    0.7539    0.4561   -0.4730
...    86 T-A ...
  -15.1364 -164.4549  -12.3051
   -0.5169   -0.0244   -0.8557
   -0.4087    0.8853    0.2217
    0.7522    0.4643   -0.4676
...    87 C-G ...
  -12.5102 -163.1035  -13.9872
   -0.6500    0.5484   -0.5261
   -0.0106    0.6857    0.7278
    0.7598    0.4787   -0.4399
...    88 C-G ...
   -9.7849 -161.7133  -15.2889
   -0.6493    0.7601    0.0266
    0.3335    0.2532    0.9081
    0.6835    0.5985   -0.4179
...    89 G-C ...
   -7.3487 -159.5416  -16.2059
   -0.4282    0.6699    0.6065
    0.6615   -0.2249    0.7154
    0.6157    0.7076   -0.3468
...    90 C-G ...
   -5.6330 -156.8811  -17.6143
    0.0173    0.3872    0.9218
    0.7884   -0.5723    0.2256
    0.6149    0.7229   -0.3152
...    91 T-A ...
   -3.7957 -153.9894  -18.3538
    0.4549   -0.0535    0.8889
    0.6633   -0.6457   -0.3783
    0.5942    0.7617   -0.2582
...    92 T-A ...
   -1.9803 -151.3241  -18.9369
    0.7759   -0.4149    0.4753
    0.2686   -0.4644   -0.8439
    0.5708    0.7824   -0.2488
...    93 T-A ...
   -0.1095 -148.6774  -19.4868
    0.8010   -0.5847   -0.1283
   -0.2431   -0.1219   -0.9623
    0.5470    0.8020   -0.2398
...    94 A-T ...
    1.1480 -145.9033  -21.0373
    0.5176   -0.4036   -0.7545
   -0.7216    0.2679   -0.6383
    0.4597    0.8748   -0.1526
...    95 A-T ...
    2.7902 -143.0945  -21.3639
   -0.0066   -0.0768   -0.9970
   -0.9031    0.4287   -0.0270
    0.4295    0.9002   -0.0722
...    96 C-G ...
    4.7415 -140.2746  -21.6710
   -0.5168    0.2249   -0.8260
   -0.7381    0.3717    0.5630
    0.4337    0.9007   -0.0261
...    97 A-T ...
    6.1719 -137.2216  -21.6458
   -0.8827    0.3682   -0.2920
   -0.2695    0.1125    0.9564
    0.3850    0.9229   -0.0001
...    98 C-G ...
    7.3719 -134.1427  -22.2981
   -0.8994    0.3429    0.2710
    0.2445   -0.1192    0.9623
    0.3623    0.9318    0.0234
...    99 T-A ...
    8.2797 -130.7121  -22.5509
   -0.6137    0.0938    0.7839
    0.7332   -0.3008    0.6099
    0.2930    0.9491    0.1158
...   100 T-A ...
    8.9051 -127.5410  -22.1792
   -0.0795   -0.1277    0.9886
    0.9554   -0.2926    0.0390
    0.2843    0.9477    0.1452
...   101 T-A ...
    9.7587 -124.4719  -21.5442
    0.4657   -0.3305    0.8209
    0.8347   -0.1440   -0.5315
    0.2939    0.9327    0.2088
...   102 A-T ...
   11.0196 -121.3479  -20.9182
    0.8920   -0.3566    0.2778
    0.3445    0.1384   -0.9285
    0.2926    0.9240    0.2463
...   103 T-A ...
   11.8379 -118.5850  -19.3852
    0.9395   -0.2624   -0.2201
   -0.1279    0.3273   -0.9362
    0.3177    0.9078    0.2739
...   104 G-C ...
   13.1320 -115.7126  -18.3570
    0.6339   -0.0802   -0.7692
   -0.6637    0.4541   -0.5943
    0.3970    0.8873    0.2346
...   105 C-G ...
   14.7917 -112.8955  -17.5314
    0.1324    0.2012   -0.9706
   -0.9107    0.4112   -0.0390
    0.3913    0.8890    0.2377
...   106 T-A ...
   16.5297 -109.9543  -16.8636
   -0.4374    0.4001   -0.8054
   -0.8053    0.2244    0.5488
    0.4003    0.8886    0.2240
...   107 T-A ...
   17.9525 -107.1242  -16.2734
   -0.8296    0.4385   -0.3457
   -0.4113   -0.0611    0.9095
    0.3777    0.8966    0.2311
...   108 C-G ...
   19.2401 -104.0734  -15.6685
   -0.9274    0.2584    0.2705
    0.1786   -0.3297    0.9271
    0.3287    0.9081    0.2596
...   109 C-G ...
   20.5381 -101.1275  -14.9169
   -0.7266   -0.1020    0.6794
    0.6488   -0.4271    0.6298
    0.2259    0.8984    0.3765
...   110 G-C ...
   21.4229  -98.5041  -13.3991
   -0.2979   -0.4447    0.8447
    0.9430   -0.2747    0.1879
    0.1485    0.8525    0.5012
...   111 G-C ...
   21.7047  -95.8892  -11.3379
    0.2715   -0.5986    0.7536
    0.9541    0.0647   -0.2924
    0.1263    0.7984    0.5887
...   112 C-G ...
   21.8425  -93.6646   -8.8065
    0.7638   -0.4871    0.4234
    0.6317    0.4293   -0.6455
    0.1326    0.7605    0.6357
...   113 T-A ...
   22.2987  -91.2868   -6.5320
    0.9836   -0.1788   -0.0227
    0.1043    0.6675   -0.7372
    0.1469    0.7228    0.6753
...   114 C-G ...
   22.9794  -88.7517   -4.5093
    0.8350    0.2856   -0.4703
   -0.5244    0.6722   -0.5227
    0.1668    0.6831    0.7110
...   115 G-C ...
   23.1801  -86.2292   -2.3490
    0.3234    0.6308   -0.7054
   -0.9283    0.3561   -0.1071
    0.1836    0.6894    0.7007
...   116 T-A ...
   24.5459  -83.8520   -0.2677
   -0.2673    0.7034   -0.6586
   -0.9494   -0.0754    0.3048
    0.1648    0.7068    0.6880
...   117 A-T ...
   25.3576  -81.4032    1.9712
   -0.8067    0.4774   -0.3484
   -0.5768   -0.5075    0.6401
    0.1288    0.7173    0.6847
...   118 T-A ...
   26.0363  -78.6871    3.7025
   -0.9896    0.1366    0.0450
   -0.0638   -0.6971    0.7142
    0.1289    0.7039    0.6985
...   119 A-T ...
   26.6049  -76.5746    6.3416
   -0.7977   -0.3709    0.4756
    0.5939   -0.6205    0.5121
    0.1052    0.6909    0.7152
...   120 A-T ...
   26.7185  -74.2518    8.6143
   -0.3103   -0.7119    0.6300
    0.9486   -0.2752    0.1563
    0.0621    0.6461    0.7607
...   121 T-A ...
   26.3044  -72.1499   11.1551
    0.2452   -0.7575    0.6051
    0.9682    0.1594   -0.1928
    0.0496    0.6331    0.7725
...   122 G-C ...
   26.5038  -70.1201   13.9546
    0.7923   -0.5384    0.2870
    0.6043    0.6276   -0.4908
    0.0841    0.5623    0.8226
...   123 T-A ...
   26.7097  -68.7653   16.9787
    0.9934   -0.1131   -0.0165
    0.0855    0.8312   -0.5494
    0.0759    0.5444    0.8354
...   124 G-C ...
   26.9943  -66.9642   19.8448
    0.8252    0.4245   -0.3726
   -0.5538    0.7378   -0.3860
    0.1110    0.5249    0.8439
...   125 T-A ...
   27.7008  -65.6361   22.7287
    0.3887    0.7475   -0.5387
   -0.9134    0.3893   -0.1189
    0.1209    0.5383    0.8341
...   126 C-G ...
   28.1434  -63.9298   25.4150
   -0.2468    0.8363   -0.4896
   -0.9619   -0.1500    0.2287
    0.1178    0.5274    0.8414
...   127 G-C ...
   27.8675  -62.4348   28.4479
   -0.7644    0.5321   -0.3641
   -0.6443   -0.6090    0.4626
    0.0245    0.5882    0.8084
...   128 A-T ...
   28.1141  -60.6267   31.0556
   -0.9983    0.0532   -0.0241
   -0.0575   -0.8229    0.5653
    0.0103    0.5657    0.8245
...   129 C-G ...
   28.0228  -58.1942   33.2830
   -0.8685   -0.4311    0.2445
    0.4942   -0.7162    0.4927
   -0.0373    0.5488    0.8351
...   130 C-G ...
   27.3220  -56.2849   36.0293
   -0.4500   -0.8112    0.3735
    0.8834   -0.3433    0.3189
   -0.1304    0.4735    0.8711
...   131 A-T ...
   27.5772  -55.0089   39.2149
    0.1875   -0.8967    0.4010
    0.9698    0.2338    0.0693
   -0.1559    0.3759    0.9135
...   132 A-T ...
   26.9891  -53.9817   42.2865
    0.7278   -0.5828    0.3615
    0.6649    0.7289   -0.1635
   -0.1682    0.3593    0.9179
...   133 A-T ...
   26.2201  -53.1337   45.3682
    0.9713   -0.0067    0.2378
    0.0929    0.9309   -0.3532
   -0.2189    0.3652    0.9048
...   134 T-A ...
   25.6308  -52.5797   48.6349
    0.8597    0.5096    0.0340
   -0.4497    0.7867   -0.4230
   -0.2423    0.3484    0.9055
...   135 G-C ...
   25.2858  -52.4981   52.0750
    0.3205    0.9427   -0.0927
   -0.8825    0.2616   -0.3908
   -0.3441    0.2071    0.9158
...   136 T-A ...
   25.5356  -52.9669   55.8002
   -0.2443    0.9563   -0.1608
   -0.8908   -0.2868   -0.3525
   -0.3832    0.0571    0.9219
...   137 G-C ...
   24.9037  -52.7260   58.9821
   -0.7529    0.5562   -0.3519
   -0.5214   -0.8303   -0.1968
   -0.4017    0.0354    0.9151
...   138 A-T ...
   24.0249  -51.6261   61.9210
   -0.9563    0.0400   -0.2896
   -0.0523   -0.9980    0.0347
   -0.2877    0.0483    0.9565
...   139 G-C ...
   22.3574  -51.2300   64.4909
   -0.8529   -0.5117   -0.1032
    0.4973   -0.8566    0.1372
   -0.1586    0.0657    0.9852
...   140 C-G ...
   22.1608  -50.1386   67.4618
   -0.4681   -0.8749    0.1247
    0.8495   -0.4066    0.3363
   -0.2435    0.2633    0.9335
...   141 G-C ...
   21.4366  -51.8164   72.7856
    0.1304   -0.7141   -0.6877
    0.8897   -0.2218    0.3990
   -0.4375   -0.6639    0.6065
...   142 C-G ...
   20.4355  -54.2995   74.5395
    0.5847   -0.7390   -0.3347
    0.7593    0.3532    0.5466
   -0.2857   -0.5737    0.7676
...   143 T-A ...
   18.4377  -55.5190   76.5273
    0.8548   -0.5006    0.1370
    0.3188    0.7147    0.6225
   -0.4096   -0.4884    0.7705
...   144 C-G ...
   16.8485  -57.7127   78.2648
    0.8529   -0.0846    0.5152
   -0.1509    0.9047    0.3983
   -0.4998   -0.4175    0.7589
...   145 A-T ...
   15.7933  -59.5518   80.7963
    0.5515    0.4995    0.6681
   -0.6739    0.7388    0.0040
   -0.4915   -0.4525    0.7441
...   146 C-G ...
   15.7410  -61.4839   83.9296
    0.0342    0.7400    0.6718
   -0.8637    0.3601   -0.3527
   -0.5029   -0.5681    0.6514
...   147 A-T ...
   14.7481  -63.4171   86.8165
   -0.5923    0.6746    0.4405
   -0.6886   -0.1400   -0.7115
   -0.4183   -0.7247    0.5475
