  147 base-pairs
...     1 T-A ...
    0.0000    0.0000    0.0000
    1.0000    0.0000    0.0000
    0.0000    1.0000    0.0000
    0.0000    0.0000    1.0000
...     2 G-C ...
   -0.5555   -1.1003    3.3981
    0.7749    0.6051    0.1828
   -0.5991    0.7953   -0.0929
   -0.2016   -0.0375    0.9787
...     3 T-A ...
   -0.6619   -3.0237    6.5348
    0.3046    0.9250    0.2271
   -0.8994    0.3578   -0.2510
   -0.3134   -0.1278    0.9410
...     4 G-C ...
   -1.1607   -3.8418    9.6940
   -0.3351    0.9421    0.0133
   -0.8752   -0.3061   -0.3746
   -0.3489   -0.1372    0.9271
...     5 A-T ...
   -1.3881   -3.6770   12.8999
   -0.7835    0.6162   -0.0801
   -0.5677   -0.7622   -0.3109
   -0.2527   -0.1981    0.9470
...     6 G-C ...
   -2.6236   -3.5448   15.7072
   -0.9923    0.0611   -0.1075
   -0.0294   -0.9610   -0.2748
   -0.1201   -0.2695    0.9555
...     7 C-G ...
   -2.3138   -3.7570   18.8866
   -0.8620   -0.4995   -0.0864
    0.5008   -0.8655    0.0073
   -0.0785   -0.0370    0.9962
...     8 G-C ...
   -3.9561   -6.8109   23.3205
   -0.2581   -0.3560   -0.8981
    0.6294   -0.7673    0.1233
   -0.7330   -0.5335    0.4221
...     9 C-G ...
   -6.1177   -8.9414   24.2385
    0.1143   -0.7320   -0.6716
    0.8123   -0.3203    0.4874
   -0.5720   -0.6013    0.5580
...    10 T-A ...
   -8.5041   -9.6771   26.0540
    0.4660   -0.8587   -0.2131
    0.6274    0.1508    0.7640
   -0.6239   -0.4897    0.6090
...    11 C-G ...
  -11.0625  -11.3174   27.2336
    0.6660   -0.6911    0.2808
    0.3382    0.6152    0.7121
   -0.6649   -0.3794    0.6435
...    12 A-T ...
  -13.0013  -13.1789   29.0658
    0.7188   -0.1490    0.6790
   -0.1787    0.9043    0.3876
   -0.6718   -0.4000    0.6235
...    13 C-G ...
  -14.1788  -15.9359   31.3399
    0.4052    0.2865    0.8682
   -0.5270    0.8492   -0.0343
   -0.7470   -0.4437    0.4951
...    14 A-T ...
  -15.9532  -18.1566   33.3080
   -0.1503    0.6873    0.7107
   -0.6106    0.5008   -0.6135
   -0.7776   -0.5261    0.3444
...    15 A-T ...
  -18.3790  -19.9172   34.5781
   -0.5011    0.8402    0.2073
   -0.3968   -0.0102   -0.9179
   -0.7691   -0.5422    0.3385
...    16 T-A ...
  -20.6972  -21.6269   36.4128
   -0.6776    0.6639   -0.3162
   -0.0375   -0.4606   -0.8868
   -0.7344   -0.5891    0.3370
...    17 T-A ...
  -23.0878  -23.3643   37.8486
   -0.6007    0.2249   -0.7672
    0.3970   -0.7491   -0.5304
   -0.6940   -0.6232    0.3607
...    18 T-A ...
  -25.4362  -25.2442   39.1390
   -0.2530   -0.2482   -0.9351
    0.6815   -0.7317    0.0099
   -0.6867   -0.6348    0.3543
...    19 A-T ...
  -27.4766  -27.6396   40.3919
    0.2588   -0.6115   -0.7477
    0.6954   -0.4193    0.5836
   -0.6704   -0.6710    0.3168
...    20 T-A ...
  -30.0510  -29.6481   40.9037
    0.5970   -0.7314   -0.3295
    0.4565   -0.0281    0.8893
   -0.6597   -0.6813    0.3171
...    21 T-A ...
  -32.2359  -31.9396   41.6865
    0.7583   -0.6028    0.2483
    0.0078    0.3892    0.9211
   -0.6519   -0.6965    0.2999
...    22 C-G ...
  -34.2491  -34.3221   42.7382
    0.6328   -0.2266    0.7405
   -0.4670    0.6511    0.5983
   -0.6177   -0.7244    0.3062
...    23 G-C ...
  -36.3175  -36.4091   44.4741
    0.3360    0.2740    0.9011
   -0.7918    0.6002    0.1128
   -0.5100   -0.7514    0.4187
...    24 C-G ...
  -37.6339  -39.0531   45.9322
   -0.1125    0.5878    0.8012
   -0.8527    0.3568   -0.3815
   -0.5101   -0.7261    0.4611
...    25 A-T ...
  -39.8302  -41.3916   47.0334
   -0.6102    0.6932    0.3836
   -0.5982   -0.0857   -0.7967
   -0.5194   -0.7156    0.4670
...    26 A-T ...
  -41.4718  -43.6853   48.7419
   -0.8591    0.4879   -0.1547
   -0.1117   -0.4737   -0.8736
   -0.4995   -0.7332    0.4614
...    27 A-T ...
  -43.0329  -45.9522   50.5240
   -0.7685    0.0824   -0.6345
    0.4440   -0.6453   -0.6216
   -0.4606   -0.7595    0.4593
...    28 G-C ...
  -44.9143  -48.2341   52.1934
   -0.3660   -0.2467   -0.8973
    0.7921   -0.5887   -0.1612
   -0.4885   -0.7698    0.4109
...    29 G-C ...
  -46.8633  -50.7972   53.4864
    0.2130   -0.4755   -0.8535
    0.8533   -0.3350    0.3996
   -0.4760   -0.8134    0.3344
...    30 C-G ...
  -48.6607  -53.4561   54.2268
    0.6900   -0.5274   -0.4957
    0.5703   -0.0255    0.8210
   -0.4456   -0.8492    0.2832
...    31 C-G ...
  -50.1732  -56.3444   54.9590
    0.9252   -0.3776    0.0388
    0.0585    0.2428    0.9683
   -0.3750   -0.8936    0.2467
...    32 G-C ...
  -51.0584  -59.1254   56.1376
    0.8443   -0.0974    0.5270
   -0.4663    0.3511    0.8120
   -0.2642   -0.9312    0.2510
...    33 G-C ...
  -51.4379  -62.3396   57.1647
    0.4404    0.1631    0.8829
   -0.8746    0.3001    0.3809
   -0.2028   -0.9399    0.2748
...    34 C-G ...
  -51.7225  -65.4684   58.1983
   -0.1409    0.3323    0.9326
   -0.9730    0.1277   -0.1925
   -0.1830   -0.9345    0.3053
...    35 C-G ...
  -52.2225  -68.5401   59.6477
   -0.6823    0.3615    0.6354
   -0.7082   -0.1110   -0.6972
   -0.1815   -0.9257    0.3318
...    36 C-G ...
  -52.7428  -71.6184   61.0858
   -0.9608    0.2628    0.0888
   -0.1742   -0.3223   -0.9305
   -0.2158   -0.9094    0.3554
...    37 G-C ...
  -53.0542  -75.1423   61.2828
   -0.8612    0.0827   -0.5015
    0.4361   -0.3869   -0.8125
   -0.2612   -0.9184    0.2971
...    38 A-T ...
  -53.7695  -78.0520   62.3555
   -0.4260   -0.1524   -0.8918
    0.8711   -0.3355   -0.3588
   -0.2445   -0.9296    0.2757
...    39 C-G ...
  -55.0097  -80.9064   63.0978
    0.1203   -0.2509   -0.9605
    0.9605   -0.2153    0.1765
   -0.2511   -0.9438    0.2151
...    40 A-T ...
  -55.7701  -84.1732   63.6448
    0.6934   -0.2386   -0.6798
    0.6904   -0.0497    0.7217
   -0.2060   -0.9698    0.1303
...    41 C-G ...
  -56.4215  -87.4155   63.4785
    0.9654   -0.1740   -0.1943
    0.2071    0.0588    0.9765
   -0.1585   -0.9830    0.0928
...    42 G-C ...
  -56.7438  -90.6768   64.2528
    0.8953   -0.0480    0.4428
   -0.4380    0.0853    0.8949
   -0.0807   -0.9952    0.0554
...    43 A-T ...
  -56.9449  -93.8813   64.3899
    0.4440    0.0024    0.8960
   -0.8923    0.0922    0.4419
   -0.0816   -0.9957    0.0431
...    44 C-G ...
  -56.5880  -97.1958   64.4446
   -0.1207    0.0748    0.9899
   -0.9905    0.0568   -0.1251
   -0.0655   -0.9956    0.0672
...    45 T-A ...
  -56.1861 -100.7699   65.0180
   -0.6831    0.1046    0.7228
   -0.7264    0.0050   -0.6873
   -0.0755   -0.9945    0.0725
...    46 T-A ...
  -56.2328 -103.9836   65.3991
   -0.9772    0.0598    0.2038
   -0.2049   -0.0127   -0.9787
   -0.0560   -0.9981    0.0247
...    47 A-T ...
  -56.2869 -107.3837   65.0721
   -0.8655    0.0339   -0.4998
    0.4988   -0.0321   -0.8661
   -0.0454   -0.9989    0.0108
...    48 C-G ...
  -56.8597 -110.6089   65.6205
   -0.4514    0.0562   -0.8906
    0.8897   -0.0476   -0.4540
   -0.0678   -0.9973   -0.0285
...    49 T-A ...
  -57.4799 -113.9406   65.4552
    0.1229    0.1126   -0.9860
    0.9891   -0.0946    0.1125
   -0.0806   -0.9891   -0.1230
...    50 G-C ...
  -57.5834 -117.2847   64.7506
    0.6826    0.1883   -0.7061
    0.7307   -0.1922    0.6551
   -0.0124   -0.9631   -0.2688
...    51 T-A ...
  -57.7720 -120.1935   63.3966
    0.9666    0.1010   -0.2357
    0.2552   -0.2906    0.9222
    0.0246   -0.9515   -0.3067
...    52 A-T ...
  -57.5915 -123.5927   62.9040
    0.8975   -0.1092    0.4273
   -0.4382   -0.3296    0.8362
    0.0495   -0.9378   -0.3437
...    53 G-C ...
  -57.2150 -126.6077   61.6923
    0.5086   -0.2233    0.8315
   -0.8537   -0.2562    0.4534
    0.1117   -0.9405   -0.3209
...    54 G-C ...
  -56.0215 -129.8525   60.5965
   -0.0971   -0.2929    0.9512
   -0.9854   -0.1057   -0.1332
    0.1396   -0.9503   -0.2783
...    55 T-A ...
  -55.1392 -132.9829   59.9240
   -0.6164   -0.3247    0.7174
   -0.7733    0.0772   -0.6294
    0.1489   -0.9427   -0.2986
...    56 A-T ...
  -54.4458 -136.2168   59.0964
   -0.9674   -0.1930    0.1638
   -0.2142    0.2793   -0.9360
    0.1349   -0.9406   -0.3115
...    57 T-A ...
  -53.9861 -139.4560   58.7517
   -0.9261   -0.0231   -0.3765
    0.3439    0.3582   -0.8680
    0.1549   -0.9333   -0.3238
...    58 C-G ...
  -53.6955 -142.7159   57.7307
   -0.4900    0.2446   -0.8367
    0.8600    0.2928   -0.4180
    0.1427   -0.9244   -0.3538
...    59 T-A ...
  -53.5129 -145.7660   56.3800
    0.0534    0.4439   -0.8945
    0.9905    0.0900    0.1038
    0.1266   -0.8916   -0.4349
...    60 C-G ...
  -52.9156 -148.6376   54.8150
    0.6298    0.4543   -0.6300
    0.7681   -0.2439    0.5920
    0.1153   -0.8568   -0.5026
...    61 G-C ...
  -51.8585 -151.5499   53.3692
    0.9124    0.3992   -0.0907
    0.3121   -0.5350    0.7851
    0.2649   -0.7446   -0.6127
...    62 A-T ...
  -50.7298 -154.0207   51.2880
    0.9072   -0.0079    0.4207
   -0.3069   -0.6963    0.6488
    0.2878   -0.7177   -0.6341
...    63 G-C ...
  -49.5810 -156.3350   49.1590
    0.5768   -0.3805    0.7228
   -0.7515   -0.5941    0.2869
    0.3203   -0.7087   -0.6286
...    64 C-G ...
  -48.0560 -158.6403   47.0395
   -0.0026   -0.6685    0.7437
   -0.9416   -0.2488   -0.2270
    0.3368   -0.7009   -0.6288
...    65 T-A ...
  -46.8889 -161.0047   44.9933
   -0.5291   -0.7095    0.4654
   -0.7685    0.1682   -0.6173
    0.3597   -0.6843   -0.6343
...    66 C-G ...
  -45.5878 -163.1915   42.7075
   -0.8933   -0.4470   -0.0468
   -0.2654    0.6087   -0.7477
    0.3627   -0.6555   -0.6624
...    67 G-C ...
  -44.3901 -164.5929   39.7153
   -0.8913    0.0315   -0.4523
    0.3127    0.7651   -0.5629
    0.3283   -0.6432   -0.6918
...    68 G-C ...
  -43.1071 -166.8080   37.4906
   -0.5617    0.5359   -0.6304
    0.7601    0.6351   -0.1374
    0.3267   -0.5563   -0.7640
...    69 G-C ...
  -42.5749 -168.7606   34.7267
   -0.0842    0.8713   -0.4835
    0.9473    0.2205    0.2324
    0.3091   -0.4385   -0.8439
...    70 T-A ...
  -42.2757 -169.9316   31.6730
    0.4198    0.8791   -0.2256
    0.8474   -0.2906    0.4444
    0.3251   -0.3777   -0.8670
...    71 C-G ...
  -41.0775 -170.8680   28.8460
    0.8001    0.5864    0.1262
    0.4801   -0.7522    0.4514
    0.3596   -0.3006   -0.8834
...    72 A-T ...
  -39.8881 -171.6457   25.7524
    0.8833    0.0973    0.4586
    0.0004   -0.9784    0.2069
    0.4688   -0.1826   -0.8642
...    73 T-A ...
  -38.1387 -171.7540   22.9654
    0.7352   -0.4297    0.5243
   -0.4544   -0.8863   -0.0892
    0.5030   -0.1726   -0.8469
...    74 G-C ...
  -36.3462 -172.2891   20.1276
    0.2640   -0.9015    0.3429
   -0.8073   -0.4011   -0.4330
    0.5278   -0.1625   -0.8337
...    75 T-A ...
  -34.0766 -172.6867   17.5506
   -0.2393   -0.9706   -0.0277
   -0.8148    0.2162   -0.5379
    0.5280   -0.1062   -0.8426
...    76 T-A ...
  -32.1060 -172.9627   14.9497
   -0.6538   -0.6235   -0.4288
   -0.5007    0.7813   -0.3726
    0.5674   -0.0289   -0.8230
...    77 A-T ...
  -30.0275 -172.5301   12.1221
   -0.7617    0.1352   -0.6336
    0.0811    0.9902    0.1138
    0.6428    0.0354   -0.7652
...    78 T-A ...
  -28.1052 -173.0411    9.4836
   -0.5998    0.6477   -0.4698
    0.4616    0.7597    0.4580
    0.6536    0.0579   -0.7546
...    79 A-T ...
  -25.6003 -172.6737    7.1609
   -0.1768    0.9841   -0.0178
    0.7368    0.1443    0.6605
    0.6526    0.1036   -0.7506
...    80 A-T ...
  -23.6722 -172.1941    4.6785
    0.2439    0.8765    0.4151
    0.7186   -0.4508    0.5296
    0.6512    0.1691   -0.7398
...    81 C-G ...
  -21.8618 -171.0739    2.0569
    0.5842    0.4547    0.6722
    0.4667   -0.8659    0.1801
    0.6639    0.2086   -0.7181
...    82 G-C ...
  -19.3181 -170.5761   -0.0136
    0.7067   -0.1774    0.6849
    0.0839   -0.9402   -0.3301
    0.7025    0.2908   -0.6496
...    83 G-C ...
  -16.5450 -169.8017   -1.6806
    0.5661   -0.6990    0.4370
   -0.2568   -0.6533   -0.7123
    0.7834    0.2910   -0.5493
...    84 A-T ...
  -13.7465 -168.6906   -3.3448
    0.2920   -0.9442   -0.1527
   -0.5548   -0.0371   -0.8312
    0.7791    0.3274   -0.5347
...    85 A-T ...
  -11.1212 -167.5149   -4.8631
   -0.0747   -0.7239   -0.6859
   -0.6517    0.5560   -0.5158
    0.7548    0.4085   -0.5133
...    86 T-A ...
   -8.1046 -166.6753   -6.2332
   -0.3753   -0.2781   -0.8842
   -0.5220    0.8517   -0.0463
    0.7659    0.4442   -0.4648
...    87 C-G ...
   -5.3810 -165.3989   -7.8379
   -0.6076    0.3390   -0.7182
   -0.1870    0.8178    0.5442
    0.7719    0.4650   -0.4335
...    88 C-G ...
   -2.6164 -163.9898   -9.0426
   -0.7096    0.6654   -0.2317
    0.1635    0.4754    0.8644
    0.6853    0.5755   -0.4462
...    89 G-C ...
   -0.2476 -161.7939  -10.0799
   -0.5707    0.7276    0.3807
    0.5572    0.0025    0.8304
    0.6032    0.6860   -0.4069
...    90 C-G ...
    1.4685 -159.3275  -11.8060
   -0.1593    0.5658    0.8090
    0.7840   -0.4256    0.4519
    0.6000    0.7063   -0.3758
...    91 T-A ...
    3.1819 -156.4836  -12.9203
    0.3079    0.1721    0.9357
    0.7598   -0.6364   -0.1329
    0.5726    0.7519   -0.3267
...    92 T-A ...
    4.8859 -153.8220  -13.7841
    0.7128   -0.2348    0.6609
    0.4345   -0.5919   -0.6789
    0.5506    0.7711   -0.3198
...    93 T-A ...
    6.6614 -151.1800  -14.5990
    0.8448   -0.5218    0.1182
   -0.0710   -0.3284   -0.9419
    0.5303    0.7873   -0.3145
...    94 A-T ...
    8.0162 -148.6682  -16.4977
    0.6576   -0.4919   -0.5706
   -0.6197    0.0773   -0.7810
    0.4283    0.8672   -0.2540
...    95 A-T ...
    9.5373 -145.8369  -17.1293
    0.1607   -0.2553   -0.9534
   -0.9093    0.3374   -0.2436
    0.3839    0.9061   -0.1779
...    96 C-G ...
   11.3511 -142.9523  -17.6738
   -0.3886    0.0369   -0.9207
   -0.8377    0.4020    0.3697
    0.3837    0.9149   -0.1253
...    97 A-T ...
   12.5966 -139.8320  -17.9733
   -0.8426    0.2500   -0.4771
   -0.4216    0.2452    0.8730
    0.3352    0.9367   -0.1012
...    98 C-G ...
   13.7543 -136.8208  -18.9571
   -0.9453    0.3173    0.0754
    0.0964    0.0510    0.9940
    0.3115    0.9470   -0.0788
...    99 T-A ...
   14.5462 -133.4205  -19.6302
   -0.7317    0.1692    0.6603
    0.6421   -0.1542    0.7510
    0.2288    0.9735    0.0042
...   100 T-A ...
   14.9655 -130.1965  -19.6736
   -0.2289    0.0120    0.9734
    0.9492   -0.2190    0.2260
    0.2159    0.9757    0.0387
...   101 T-A ...
   15.5978 -127.0265  -19.3812
    0.3405   -0.1872    0.9214
    0.9147   -0.1610   -0.3707
    0.2177    0.9690    0.1164
...   102 A-T ...
   16.6232 -123.7892  -18.9951
    0.8431   -0.2721    0.4638
    0.4912    0.0388   -0.8702
    0.2188    0.9615    0.1663
...   103 T-A ...
   17.0845 -120.8240  -17.7253
    0.9699   -0.2418   -0.0290
    0.0218    0.2050   -0.9785
    0.2425    0.9484    0.2041
...   104 G-C ...
   18.1132 -117.7909  -16.8734
    0.7556   -0.1419   -0.6395
   -0.5667    0.3479   -0.7468
    0.3284    0.9267    0.1825
...   105 C-G ...
   19.5361 -114.8100  -16.1371
    0.2859    0.0972   -0.9533
   -0.9018    0.3637   -0.2333
    0.3240    0.9264    0.1916
...   106 T-A ...
   21.0723 -111.7316  -15.5706
   -0.3092    0.2959   -0.9038
   -0.8880    0.2503    0.3858
    0.3404    0.9218    0.1853
...   107 T-A ...
   22.3299 -108.8032  -15.0712
   -0.7711    0.3759   -0.5139
   -0.5498    0.0142    0.8352
    0.3213    0.9265    0.1957
...   108 C-G ...
   23.4810 -105.6677  -14.5698
   -0.9604    0.2586    0.1038
    0.0402   -0.2402    0.9699
    0.2758    0.9356    0.2202
...   109 C-G ...
   24.6652 -102.6474  -13.9024
   -0.8186   -0.0614    0.5711
    0.5522   -0.3578    0.7530
    0.1581    0.9318    0.3268
...   110 G-C ...
   25.3286  -99.8794  -12.5198
   -0.4142   -0.3836    0.8254
    0.9076   -0.2419    0.3430
    0.0681    0.8912    0.4484
...   111 G-C ...
   25.3126  -97.1017  -10.6744
    0.1646   -0.5392    0.8260
    0.9856    0.0569   -0.1592
    0.0389    0.8403    0.5408
...   112 C-G ...
   25.0879  -94.7067   -8.3119
    0.6992   -0.4471    0.5579
    0.7138    0.3920   -0.5804
    0.0408    0.8040    0.5932
...   113 T-A ...
   25.2227  -92.1805   -6.1574
    0.9777   -0.1718    0.1209
    0.2027    0.6202   -0.7578
    0.0552    0.7654    0.6412
...   114 C-G ...
   25.6686  -89.5142   -4.2495
    0.8904    0.2621   -0.3721
   -0.4488    0.6410   -0.6227
    0.0753    0.7214    0.6884
...   115 G-C ...
   25.6191  -86.8715   -2.2276
    0.4130    0.5972   -0.6876
   -0.9053    0.3515   -0.2384
    0.0993    0.7210    0.6858
...   116 T-A ...
   26.7332  -84.3997   -0.0956
   -0.1808    0.6757   -0.7147
   -0.9799   -0.0611    0.1901
    0.0848    0.7347    0.6731
...   117 A-T ...
   27.2661  -81.8873    2.1501
   -0.7599    0.4700   -0.4490
   -0.6475   -0.4863    0.5868
    0.0574    0.7366    0.6738
...   118 T-A ...
   27.7753  -79.1245    3.8783
   -0.9878    0.1427   -0.0626
   -0.1436   -0.6780    0.7209
    0.0604    0.7211    0.6902
...   119 A-T ...
   28.1264  -76.9563    6.5352
   -0.8358   -0.3556    0.4184
    0.5467   -0.6106    0.5730
    0.0518    0.7076    0.7047
...   120 A-T ...
   28.0851  -74.5770    8.7549
   -0.3620   -0.6960    0.6202
    0.9322   -0.2762    0.2341
    0.0083    0.6628    0.7487
...   121 T-A ...
   27.5059  -72.4185   11.2130
    0.1954   -0.7461    0.6365
    0.9807    0.1506   -0.1246
   -0.0029    0.6486    0.7611
...   122 G-C ...
   27.5354  -70.3257   13.9865
    0.7672   -0.5390    0.3477
    0.6406    0.6163   -0.4580
    0.0326    0.5741    0.8181
...   123 T-A ...
   27.5626  -68.9326   16.9986
    0.9916   -0.1199    0.0478
    0.1262    0.8232   -0.5536
    0.0270    0.5550    0.8314
...   124 G-C ...
   27.6935  -67.0901   19.8552
    0.8487    0.4148   -0.3282
   -0.5249    0.7369   -0.4261
    0.0651    0.5338    0.8431
...   125 T-A ...
   28.2425  -65.7305   22.7582
    0.4230    0.7395   -0.5236
   -0.9027    0.3939   -0.1730
    0.0783    0.5458    0.8342
...   126 C-G ...
   28.5526  -63.9892   25.4413
   -0.2155    0.8337   -0.5085
   -0.9734   -0.1418    0.1799
    0.0778    0.5337    0.8421
...   127 G-C ...
   28.1223  -62.4855   28.4614
   -0.7482    0.5364   -0.3904
   -0.6635   -0.6064    0.4383
   -0.0016    0.5870    0.8096
...   128 A-T ...
   28.2834  -60.6782   31.0820
   -0.9968    0.0573   -0.0551
   -0.0783   -0.8235    0.5619
   -0.0132    0.5644    0.8254
...   129 C-G ...
   28.1351  -58.2506   33.3169
   -0.8761   -0.4289    0.2202
    0.4786   -0.7192    0.5037
   -0.0577    0.5467    0.8354
...   130 C-G ...
   27.4011  -56.3437   36.0550
   -0.4587   -0.8111    0.3630
    0.8764   -0.3454    0.3356
   -0.1468    0.4721    0.8693
...   131 A-T ...
   27.6365  -55.0435   39.2399
    0.1830   -0.8955    0.4056
    0.9688    0.2345    0.0806
   -0.1673    0.3782    0.9105
...   132 A-T ...
   27.0195  -53.9966   42.2984
    0.7254   -0.5816    0.3681
    0.6654    0.7294   -0.1587
   -0.1762    0.3600    0.9161
...   133 A-T ...
   26.2304  -53.1439   45.3752
    0.9702   -0.0062    0.2424
    0.0941    0.9310   -0.3528
   -0.2235    0.3650    0.9038
...   134 T-A ...
   25.6308  -52.5796   48.6348
    0.8597    0.5096    0.0340
   -0.4497    0.7867   -0.4230
   -0.2423    0.3484    0.9055
...   135 G-C ...
   25.2859  -52.4981   52.0749
    0.3205    0.9427   -0.0927
   -0.8825    0.2616   -0.3908
   -0.3442    0.2071    0.9158
...   136 T-A ...
   25.5356  -52.9668   55.8001
   -0.2443    0.9563   -0.1608
   -0.8908   -0.2868   -0.3525
   -0.3832    0.0571    0.9219
...   137 G-C ...
   24.9038  -52.7260   58.9820
   -0.7529    0.5562   -0.3519
   -0.5214   -0.8303   -0.1968
   -0.4017    0.0354    0.9151
...   138 A-T ...
   24.0250  -51.6261   61.9210
   -0.9563    0.0400   -0.2896
   -0.0523   -0.9980    0.0347
   -0.2877    0.0483    0.9565
...   139 G-C ...
   22.3574  -51.2300   64.4908
   -0.8529   -0.5117   -0.1032
    0.4973   -0.8566    0.1372
   -0.1586    0.0657    0.9852
...   140 C-G ...
   22.1609  -50.1386   67.4617
   -0.4681   -0.8749    0.1247
    0.8495   -0.4066    0.3363
   -0.2435    0.2633    0.9335
...   141 G-C ...
   21.4366  -51.8164   72.7855
    0.1304   -0.7141   -0.6877
    0.8897   -0.2218    0.3990
   -0.4375   -0.6639    0.6065
...   142 C-G ...
   20.4355  -54.2994   74.5394
    0.5847   -0.7390   -0.3347
    0.7593    0.3532    0.5466
   -0.2857   -0.5737    0.7676
...   143 T-A ...
   18.4378  -55.5190   76.5272
    0.8548   -0.5006    0.1370
    0.3188    0.7147    0.6225
   -0.4096   -0.4884    0.7705
...   144 C-G ...
   16.8485  -57.7126   78.2647
    0.8529   -0.0846    0.5152
   -0.1509    0.9047    0.3983
   -0.4998   -0.4175    0.7589
...   145 A-T ...
   15.7933  -59.5518   80.7962
    0.5515    0.4995    0.6681
   -0.6739    0.7388    0.0040
   -0.4915   -0.4525    0.7441
...   146 C-G ...
   15.7411  -61.4839   83.9295
    0.0342    0.7400    0.6718
   -0.8637    0.3601   -0.3527
   -0.5029   -0.5681    0.6514
...   147 A-T ...
   14.7481  -63.4170   86.8164
   -0.5923    0.6746    0.4405
   -0.6886   -0.1400   -0.7115
   -0.4183   -0.7247    0.5475
