  147 base-pairs
...     1 T-A ...
    0.0000    0.0000    0.0000
    1.0000    0.0000    0.0000
    0.0000    1.0000    0.0000
    0.0000    0.0000    1.0000
...     2 G-C ...
   -0.5555   -1.1003    3.3981
    0.7749    0.6051    0.1828
   -0.5991    0.7953   -0.0929
   -0.2016   -0.0375    0.9787
...     3 T-A ...
   -0.6619   -3.0237    6.5348
    0.3046    0.9250    0.2271
   -0.8994    0.3578   -0.2510
   -0.3134   -0.1278    0.9410
...     4 G-C ...
   -1.1607   -3.8418    9.6940
   -0.3351    0.9421    0.0133
   -0.8752   -0.3061   -0.3746
   -0.3489   -0.1372    0.9271
...     5 A-T ...
   -1.3881   -3.6770   12.8999
   -0.7835    0.6162   -0.0801
   -0.5677   -0.7622   -0.3109
   -0.2527   -0.1981    0.9470
...     6 G-C ...
   -2.6236   -3.5448   15.7072
   -0.9923    0.0611   -0.1075
   -0.0294   -0.9610   -0.2748
   -0.1201   -0.2695    0.9555
...     7 C-G ...
   -2.3138   -3.7570   18.8866
   -0.8620   -0.4995   -0.0864
    0.5008   -0.8655    0.0073
   -0.0785   -0.0370    0.9962
...     8 G-C ...
   -3.9561   -6.8109   23.3205
   -0.2581   -0.3560   -0.8981
    0.6294   -0.7673    0.1233
   -0.7330   -0.5335    0.4221
...     9 C-G ...
   -6.1177   -8.9414   24.2385
    0.1143   -0.7320   -0.6716
    0.8123   -0.3203    0.4874
   -0.5720   -0.6013    0.5580
...    10 T-A ...
   -8.5041   -9.6771   26.0540
    0.4660   -0.8587   -0.2131
    0.6274    0.1508    0.7640
   -0.6239   -0.4897    0.6090
...    11 C-G ...
  -11.0625  -11.3174   27.2336
    0.6660   -0.6911    0.2808
    0.3382    0.6152    0.7121
   -0.6649   -0.3794    0.6435
...    12 A-T ...
  -13.0013  -13.1789   29.0658
    0.7188   -0.1490    0.6790
   -0.1787    0.9043    0.3876
   -0.6718   -0.4000    0.6235
...    13 C-G ...
  -14.1788  -15.9359   31.3399
    0.4052    0.2865    0.8682
   -0.5270    0.8492   -0.0343
   -0.7470   -0.4437    0.4951
...    14 A-T ...
  -15.9532  -18.1566   33.3080
   -0.1503    0.6873    0.7107
   -0.6106    0.5008   -0.6135
   -0.7776   -0.5261    0.3444
...    15 A-T ...
  -18.2977  -20.0002   34.6546
   -0.5278    0.8206    0.2193
   -0.3894   -0.0043   -0.9210
   -0.7548   -0.5715    0.3219
...    16 T-A ...
  -20.5523  -21.7580   36.3624
   -0.6767    0.6765   -0.2906
   -0.0424   -0.4298   -0.9019
   -0.7350   -0.5980    0.3196
...    17 T-A ...
  -22.9050  -23.6092   37.6689
   -0.5917    0.2669   -0.7607
    0.3882   -0.7326   -0.5591
   -0.7065   -0.6261    0.3299
...    18 T-A ...
  -25.2796  -25.4797   38.8797
   -0.2508   -0.2199   -0.9427
    0.6777   -0.7353   -0.0088
   -0.6913   -0.6411    0.3335
...    19 A-T ...
  -27.3819  -27.8362   40.0717
    0.2715   -0.5869   -0.7627
    0.6854   -0.4384    0.5814
   -0.6756   -0.6806    0.2832
...    20 T-A ...
  -29.9221  -29.8744   40.4622
    0.6022   -0.7116   -0.3619
    0.4460   -0.0762    0.8918
   -0.6622   -0.6985    0.2715
...    21 T-A ...
  -32.0727  -32.2025   41.1390
    0.7679   -0.6032    0.2154
    0.0044    0.3413    0.9399
   -0.6405   -0.7208    0.2648
...    22 C-G ...
  -33.9983  -34.7227   42.0150
    0.6379   -0.2498    0.7285
   -0.4808    0.6097    0.6301
   -0.6016   -0.7522    0.2688
...    23 G-C ...
  -36.0540  -37.0650   43.3755
    0.2832    0.2152    0.9346
   -0.8034    0.5854    0.1087
   -0.5237   -0.7816    0.3387
...    24 C-G ...
  -37.4030  -39.8374   44.7193
   -0.2153    0.5255    0.8231
   -0.8345    0.3387   -0.4346
   -0.5071   -0.7805    0.3656
...    25 A-T ...
  -39.3382  -42.3670   45.7691
   -0.6548    0.6588    0.3704
   -0.5398   -0.0647   -0.8393
   -0.5290   -0.7495    0.3980
...    26 A-T ...
  -40.9164  -44.7837   47.3054
   -0.8680    0.4577   -0.1924
   -0.0268   -0.4302   -0.9023
   -0.4958   -0.7781    0.3857
...    27 A-T ...
  -42.5317  -47.2051   48.7801
   -0.7222    0.0944   -0.6852
    0.5073   -0.6012   -0.6175
   -0.4703   -0.7935    0.3863
...    28 G-C ...
  -44.2865  -49.6944   50.1519
   -0.2865   -0.1983   -0.9373
    0.8268   -0.5454   -0.1374
   -0.4840   -0.8144    0.3203
...    29 G-C ...
  -46.1215  -52.3506   51.1671
    0.2771   -0.3869   -0.8795
    0.8403   -0.3463    0.4171
   -0.4659   -0.8547    0.2291
...    30 C-G ...
  -47.9440  -55.1065   51.5617
    0.7273   -0.4614   -0.5081
    0.5343   -0.0840    0.8411
   -0.4307   -0.8832    0.1855
...    31 C-G ...
  -49.2537  -58.2094   51.8466
    0.9385   -0.3432    0.0371
    0.0155    0.1493    0.9887
   -0.3449   -0.9273    0.1454
...    32 G-C ...
  -50.1727  -61.3558   52.7714
    0.8019   -0.0956    0.5897
   -0.5530    0.2550    0.7932
   -0.2262   -0.9622    0.1516
...    33 G-C ...
  -50.5025  -64.6971   53.3250
    0.3560    0.1290    0.9255
   -0.9207    0.2181    0.3237
   -0.1601   -0.9674    0.1964
...    34 C-G ...
  -50.5837  -67.9716   54.1019
   -0.2326    0.2499    0.9399
   -0.9620    0.0829   -0.2601
   -0.1429   -0.9647    0.2211
...    35 C-G ...
  -50.8956  -71.2102   55.1253
   -0.7378    0.2977    0.6058
   -0.6547   -0.0974   -0.7496
   -0.1641   -0.9497    0.2668
...    36 C-G ...
  -51.3704  -74.3808   56.2918
   -0.9691    0.2418    0.0486
   -0.1121   -0.2559   -0.9602
   -0.2198   -0.9360    0.2751
...    37 G-C ...
  -51.9916  -77.6916   56.7980
   -0.8237    0.1350   -0.5508
    0.4833   -0.3410   -0.8063
   -0.2967   -0.9303    0.2157
...    38 A-T ...
  -52.9569  -80.7443   57.5954
   -0.3480   -0.0607   -0.9355
    0.8873   -0.3434   -0.3078
   -0.3026   -0.9372    0.1734
...    39 C-G ...
  -54.5289  -83.6009   58.1770
    0.2013   -0.1929   -0.9603
    0.9325   -0.2624    0.2482
   -0.2999   -0.9455    0.1271
...    40 A-T ...
  -55.2892  -86.8587   58.6030
    0.7424   -0.1938   -0.6414
    0.6270   -0.1365    0.7670
   -0.2361   -0.9715    0.0202
...    41 C-G ...
  -56.2393  -89.9817   58.0381
    0.9725   -0.1964   -0.1251
    0.1203   -0.0361    0.9921
   -0.1994   -0.9799   -0.0115
...    42 G-C ...
  -56.5962  -93.3522   58.4010
    0.8738   -0.0843    0.4788
   -0.4797    0.0105    0.8773
   -0.0790   -0.9964   -0.0312
...    43 A-T ...
  -56.6693  -96.6703   58.3144
    0.3925   -0.0523    0.9183
   -0.9184    0.0316    0.3943
   -0.0496   -0.9981   -0.0356
...    44 C-G ...
  -56.1580 -100.0010   58.1770
   -0.1808   -0.0279    0.9831
   -0.9829    0.0403   -0.1796
   -0.0346   -0.9988   -0.0348
...    45 T-A ...
  -56.0219 -103.3608   58.2962
   -0.7040    0.0187    0.7100
   -0.7092    0.0358   -0.7041
   -0.0386   -0.9992   -0.0120
...    46 T-A ...
  -55.9243 -106.6284   58.4454
   -0.9903   -0.0067    0.1389
   -0.1391    0.0420   -0.9894
    0.0008   -0.9991   -0.0425
...    47 A-T ...
  -55.6606 -109.9842   57.7957
   -0.8292    0.0057   -0.5589
    0.5579    0.0687   -0.8271
    0.0337   -0.9976   -0.0601
...    48 C-G ...
  -55.9991 -113.2907   58.0155
   -0.3900    0.0795   -0.9174
    0.9205    0.0588   -0.3863
    0.0232   -0.9951   -0.0961
...    49 T-A ...
  -56.2171 -116.5959   57.6216
    0.1815    0.1825   -0.9663
    0.9831   -0.0106    0.1827
    0.0231   -0.9832   -0.1813
...    50 G-C ...
  -55.8269 -119.8691   56.8931
    0.7178    0.2632   -0.6445
    0.6908   -0.1545    0.7063
    0.0863   -0.9523   -0.2927
...    51 T-A ...
  -55.7224 -122.7885   55.3448
    0.9728    0.1811   -0.1442
    0.1934   -0.2931    0.9363
    0.1273   -0.9388   -0.3201
...    52 A-T ...
  -55.2006 -126.0763   54.6373
    0.8645   -0.0325    0.5016
   -0.4758   -0.3747    0.7957
    0.1621   -0.9266   -0.3394
...    53 G-C ...
  -54.3417 -129.0658   53.3827
    0.4410   -0.2060    0.8736
   -0.8729   -0.3247    0.3641
    0.2086   -0.9231   -0.3230
...    54 G-C ...
  -53.3093 -132.1861   52.4681
   -0.1556   -0.3211    0.9342
   -0.9591   -0.1774   -0.2207
    0.2366   -0.9303   -0.2803
...    55 T-A ...
  -51.9637 -135.2333   51.8582
   -0.6627   -0.3730    0.6493
   -0.7099    0.0370   -0.7033
    0.2383   -0.9271   -0.2893
...    56 A-T ...
  -51.2806 -138.1684   50.1178
   -0.9472   -0.3162   -0.0527
   -0.0597    0.3354   -0.9402
    0.3149   -0.8874   -0.3366
...    57 T-A ...
  -50.3425 -141.3147   49.6291
   -0.8307   -0.0989   -0.5479
    0.4470    0.4681   -0.7623
    0.3319   -0.8781   -0.3446
...    58 C-G ...
  -49.2148 -144.2484   48.5677
   -0.3943    0.2492   -0.8846
    0.8581    0.4443   -0.2573
    0.3290   -0.8605   -0.3890
...    59 T-A ...
  -48.3932 -147.1687   47.1763
    0.1192    0.5290   -0.8402
    0.9372    0.2194    0.2711
    0.3278   -0.8198   -0.4696
...    60 C-G ...
  -47.3181 -149.8121   45.5385
    0.6407    0.6052   -0.4725
    0.6802   -0.1619    0.7149
    0.3561   -0.7794   -0.5154
...    61 G-C ...
  -45.6579 -152.3523   43.9706
    0.8639    0.4936    0.1008
    0.2125   -0.5385    0.8154
    0.4567   -0.6830   -0.5701
...    62 A-T ...
  -43.9544 -154.4728   42.0767
    0.7988    0.0748    0.5970
   -0.3443   -0.7569    0.5555
    0.4934   -0.6493   -0.5788
...    63 G-C ...
  -42.0363 -156.4104   40.1142
    0.4461   -0.3479    0.8246
   -0.7166   -0.6908    0.0962
    0.5362   -0.6338   -0.5575
...    64 C-G ...
  -39.8497 -158.3793   38.4432
   -0.0562   -0.6829    0.7283
   -0.8284   -0.3753   -0.4158
    0.5573   -0.6267   -0.5446
...    65 T-A ...
  -37.7511 -160.4945   36.8551
   -0.5260   -0.7710    0.3590
   -0.6394    0.0802   -0.7647
    0.5608   -0.6318   -0.5352
...    66 C-G ...
  -35.7805 -162.5664   35.1262
   -0.8072   -0.5526   -0.2077
   -0.1781    0.5634   -0.8068
    0.5628   -0.6142   -0.5532
...    67 G-C ...
  -33.7099 -164.2189   32.9580
   -0.8032   -0.0479   -0.5938
    0.3223    0.8033   -0.5008
    0.5010   -0.5937   -0.6298
...    68 G-C ...
  -32.0054 -166.4013   30.9774
   -0.5243    0.4771   -0.7053
    0.7128    0.6990   -0.0570
    0.4659   -0.5326   -0.7066
...    69 G-C ...
  -30.6068 -168.3229   28.5665
   -0.0889    0.8471   -0.5239
    0.8844    0.3091    0.3498
    0.4582   -0.4323   -0.7767
...    70 T-A ...
  -29.6476 -169.6493   25.7159
    0.3684    0.9081   -0.1991
    0.7992   -0.2000    0.5668
    0.4749   -0.3680   -0.7994
...    71 C-G ...
  -28.0172 -170.6463   23.0510
    0.7431    0.6273    0.2332
    0.4382   -0.7195    0.5388
    0.5057   -0.2982   -0.8095
...    72 A-T ...
  -26.0312 -171.6860   20.5274
    0.8052    0.1036    0.5839
   -0.0462   -0.9707    0.2359
    0.5912   -0.2169   -0.7768
...    73 T-A ...
  -23.9110 -171.7088   17.9822
    0.6684   -0.4305    0.6066
   -0.4562   -0.8814   -0.1228
    0.5875   -0.1947   -0.7855
...    74 G-C ...
  -22.0784 -172.7840   15.3710
    0.2267   -0.8849    0.4070
   -0.7459   -0.4264   -0.5117
    0.6263   -0.1876   -0.7567
...    75 T-A ...
  -19.4791 -173.3072   13.2416
   -0.2186   -0.9753    0.0306
   -0.7467    0.1469   -0.6488
    0.6283   -0.1647   -0.7604
...    76 T-A ...
  -17.1665 -173.8229   10.9681
   -0.5851   -0.6867   -0.4313
   -0.4774    0.7217   -0.5013
    0.6555   -0.0874   -0.7501
...    77 A-T ...
  -14.9319 -173.2809    8.3540
   -0.7104    0.0090   -0.7037
    0.0220    0.9997   -0.0094
    0.7034   -0.0222   -0.7104
...    78 T-A ...
  -12.7639 -173.9749    5.9600
   -0.5968    0.5374   -0.5958
    0.3821    0.8433    0.3780
    0.7056   -0.0021   -0.7086
...    79 A-T ...
  -10.2482 -173.7744    3.7006
   -0.2917    0.9441   -0.1533
    0.6762    0.3169    0.6651
    0.6765    0.0903   -0.7309
...    80 A-T ...
   -8.1734 -173.3937    1.2473
    0.1234    0.9439    0.3064
    0.7302   -0.2954    0.6161
    0.6720    0.1477   -0.7257
...    81 C-G ...
   -6.4045 -172.4645   -1.3804
    0.4644    0.6197    0.6327
    0.5689   -0.7562    0.3232
    0.6787    0.2099   -0.7038
...    82 G-C ...
   -3.6744 -171.8242   -3.3619
    0.6380    0.0274    0.7696
    0.2586   -0.9490   -0.1806
    0.7253    0.3142   -0.6125
...    83 G-C ...
   -0.9547 -170.5564   -5.0012
    0.6307   -0.5477    0.5497
   -0.1094   -0.7641   -0.6357
    0.7682    0.3408   -0.5419
...    84 A-T ...
    1.7208 -169.4217   -6.6672
    0.4358   -0.9000    0.0063
   -0.4676   -0.2324   -0.8528
    0.7690    0.3687   -0.5221
...    85 A-T ...
    4.3834 -168.1363   -8.1032
    0.1115   -0.8145   -0.5694
   -0.6564    0.3698   -0.6575
    0.7461    0.4471   -0.4934
...    86 T-A ...
    7.2892 -167.0068   -9.3254
   -0.2306   -0.4590   -0.8580
   -0.6271    0.7443   -0.2297
    0.7440    0.4850   -0.4595
...    87 C-G ...
    9.8655 -165.3822  -10.7153
   -0.5797    0.1155   -0.8066
   -0.3644    0.8486    0.3834
    0.7288    0.5162   -0.4498
...    88 C-G ...
   12.4949 -163.8272  -12.2462
   -0.7474    0.5364   -0.3920
    0.0226    0.6102    0.7920
    0.6640    0.5831   -0.4681
...    89 G-C ...
   14.8957 -161.6711  -13.4137
   -0.6864    0.6944    0.2163
    0.4486    0.1701    0.8774
    0.5724    0.6992   -0.4283
...    90 C-G ...
   16.4620 -159.3062  -15.1547
   -0.3574    0.6116    0.7058
    0.7629   -0.2448    0.5984
    0.5387    0.7523   -0.3791
...    91 T-A ...
   17.9585 -156.5772  -16.3306
    0.0745    0.2945    0.9527
    0.8589   -0.5043    0.0888
    0.5066    0.8117   -0.2905
...    92 T-A ...
   19.4667 -153.8201  -17.1349
    0.5569   -0.0817    0.8265
    0.6627   -0.5561   -0.5015
    0.5006    0.8271   -0.2556
...    93 T-A ...
   20.9991 -151.0082  -17.7385
    0.8535   -0.3833    0.3531
    0.2062   -0.3740   -0.9042
    0.4786    0.8445   -0.2402
...    94 A-T ...
   22.4869 -148.2411  -19.2711
    0.7989   -0.4383   -0.4119
   -0.4586   -0.0009   -0.8886
    0.3891    0.8988   -0.2018
...    95 A-T ...
   23.9162 -145.3038  -19.6227
    0.3778   -0.2666   -0.8867
   -0.8617    0.2491   -0.4420
    0.3387    0.9311   -0.1356
...    96 C-G ...
   25.6274 -142.3814  -19.8907
   -0.1653   -0.0625   -0.9843
   -0.9299    0.3423    0.1344
    0.3285    0.9375   -0.1147
...    97 A-T ...
   26.3793 -139.1003  -19.9074
   -0.7232    0.1170   -0.6806
   -0.6342    0.2776    0.7216
    0.2734    0.9535   -0.1266
...    98 C-G ...
   27.5737 -136.1180  -20.7930
   -0.9611    0.2186   -0.1688
   -0.1386    0.1469    0.9794
    0.2389    0.9647   -0.1108
...    99 T-A ...
   28.2371 -132.9078  -21.3790
   -0.8975    0.1706    0.4067
    0.4124   -0.0021    0.9110
    0.1563    0.9853   -0.0684
...   100 T-A ...
   28.5987 -129.7085  -21.6542
   -0.5027    0.0758    0.8612
    0.8561   -0.0945    0.5080
    0.1199    0.9926   -0.0174
...   101 T-A ...
   28.7940 -126.4831  -21.6352
    0.0779   -0.0496    0.9957
    0.9919   -0.0968   -0.0824
    0.1004    0.9941    0.0416
...   102 A-T ...
   29.3214 -123.1751  -21.2515
    0.6621   -0.1815    0.7271
    0.7415    0.0176   -0.6707
    0.1090    0.9832    0.1462
...   103 T-A ...
   29.3274 -120.0560  -20.1575
    0.9535   -0.1387    0.2674
    0.2852    0.1298   -0.9496
    0.0970    0.9818    0.1633
...   104 G-C ...
   29.9101 -116.7540  -19.9077
    0.9225   -0.0583   -0.3815
   -0.3577    0.2414   -0.9021
    0.1447    0.9687    0.2018
...   105 C-G ...
   30.7053 -113.6021  -18.9614
    0.5433    0.0951   -0.8341
   -0.8251    0.2441   -0.5095
    0.1551    0.9651    0.2111
...   106 T-A ...
   31.5186 -110.4232  -18.1854
   -0.0270    0.2114   -0.9770
   -0.9881    0.1425    0.0582
    0.1515    0.9670    0.2050
...   107 T-A ...
   32.2880 -107.3260  -17.4584
   -0.6163    0.2967   -0.7295
   -0.7730   -0.0506    0.6324
    0.1507    0.9536    0.2605
...   108 C-G ...
   32.9066 -104.1921  -16.5395
   -0.9670    0.1693   -0.1903
   -0.2289   -0.2503    0.9407
    0.1116    0.9533    0.2808
...   109 C-G ...
   33.3135 -100.9092  -15.7945
   -0.9334   -0.1078    0.3423
    0.3587   -0.3072    0.8814
    0.0101    0.9455    0.3254
...   110 G-C ...
   33.4541  -97.8468  -14.3063
   -0.5512   -0.4113    0.7260
    0.8286   -0.1670    0.5344
   -0.0986    0.8961    0.4329
...   111 G-C ...
   32.7469  -94.9610  -12.6964
    0.0215   -0.5348    0.8447
    0.9898    0.1306    0.0575
   -0.1410    0.8348    0.5322
...   112 C-G ...
   31.8760  -92.4866  -10.6341
    0.5824   -0.4142    0.6995
    0.8000    0.4445   -0.4029
   -0.1441    0.7943    0.5903
...   113 T-A ...
   31.3394  -90.1200   -8.3325
    0.9365   -0.1364    0.3229
    0.3312    0.6462   -0.6875
   -0.1149    0.7508    0.6504
...   114 C-G ...
   31.1342  -87.7189   -6.0503
    0.9404    0.2943   -0.1705
   -0.3230    0.6154   -0.7190
   -0.1067    0.7312    0.6738
...   115 G-C ...
   30.6762  -84.9536   -4.1057
    0.5570    0.5773   -0.5971
   -0.8290    0.3429   -0.4419
   -0.0503    0.7411    0.6695
...   116 T-A ...
   31.1078  -82.6192   -1.6882
   -0.0026    0.6754   -0.7374
   -0.9983   -0.0451   -0.0379
   -0.0589    0.7361    0.6743
...   117 A-T ...
   30.2468  -80.5203    0.9636
   -0.7036    0.5038   -0.5011
   -0.7092   -0.5413    0.4516
   -0.0438    0.6732    0.7382
...   118 T-A ...
   30.4656  -77.9199    3.0048
   -0.9732    0.1434   -0.1796
   -0.2261   -0.7365    0.6375
   -0.0408    0.6610    0.7492
...   119 A-T ...
   30.4244  -76.0612    5.8741
   -0.8808   -0.3960    0.2595
    0.4692   -0.6569    0.5902
   -0.0633    0.6416    0.7644
...   120 A-T ...
   30.0639  -73.9211    8.2900
   -0.4286   -0.7235    0.5411
    0.9003   -0.2916    0.3231
   -0.0760    0.6257    0.7764
...   121 T-A ...
   29.1578  -71.8887   10.7127
    0.1082   -0.7798    0.6166
    0.9907    0.1359   -0.0021
   -0.0822    0.6111    0.7872
...   122 G-C ...
   29.2328  -69.9743   13.5004
    0.6914   -0.5914    0.4151
    0.7202    0.6100   -0.3305
   -0.0577    0.5275    0.8476
...   123 T-A ...
   28.8259  -68.7903   16.6066
    0.9758   -0.1639    0.1450
    0.2147    0.8452   -0.4894
   -0.0423    0.5087    0.8599
...   124 G-C ...
   28.8735  -66.8058   19.3358
    0.9003    0.3673   -0.2336
   -0.4347    0.7861   -0.4394
    0.0223    0.4971    0.8674
...   125 T-A ...
   29.4045  -65.5679   22.4325
    0.5021    0.7430   -0.4426
   -0.8644    0.4464   -0.2313
    0.0257    0.4987    0.8664
...   126 C-G ...
   29.5664  -63.9423   25.3374
   -0.1515    0.8573   -0.4920
   -0.9883   -0.1217    0.0923
    0.0192    0.5003    0.8657
...   127 G-C ...
   29.1929  -62.4493   28.3971
   -0.7146    0.5673   -0.4094
   -0.6983   -0.6139    0.3682
   -0.0424    0.5490    0.8348
...   128 A-T ...
   29.1274  -60.6272   31.1633
   -0.9917    0.0490   -0.1189
   -0.1055   -0.8381    0.5352
   -0.0735    0.5433    0.8363
...   129 C-G ...
   28.7702  -58.3484   33.5647
   -0.8821   -0.4409    0.1657
    0.4586   -0.7235    0.5160
   -0.1077    0.5311    0.8404
...   130 C-G ...
   28.1270  -56.5205   36.3448
   -0.4471   -0.8224    0.3518
    0.8774   -0.3266    0.3515
   -0.1742    0.4659    0.8675
...   131 A-T ...
   27.7861  -55.1190   39.4025
    0.1903   -0.8944    0.4049
    0.9624    0.2514    0.1031
   -0.1940    0.3700    0.9086
...   132 A-T ...
   26.9849  -54.0725   42.3809
    0.7285   -0.5639    0.3890
    0.6542    0.7411   -0.1510
   -0.2031    0.3645    0.9088
...   133 A-T ...
   26.2428  -53.1181   45.4124
    0.9711    0.0050    0.2388
    0.0813    0.9332   -0.3500
   -0.2246    0.3593    0.9058
...   134 T-A ...
   25.6309  -52.5796   48.6348
    0.8597    0.5096    0.0340
   -0.4497    0.7867   -0.4230
   -0.2423    0.3484    0.9055
...   135 G-C ...
   25.2859  -52.4980   52.0749
    0.3205    0.9427   -0.0927
   -0.8825    0.2616   -0.3908
   -0.3441    0.2071    0.9158
...   136 T-A ...
   25.5357  -52.9668   55.8001
   -0.2443    0.9563   -0.1608
   -0.8908   -0.2868   -0.3525
   -0.3832    0.0571    0.9219
...   137 G-C ...
   24.9038  -52.7259   58.9820
   -0.7529    0.5562   -0.3519
   -0.5214   -0.8303   -0.1968
   -0.4017    0.0354    0.9151
...   138 A-T ...
   24.0250  -51.6261   61.9210
   -0.9563    0.0400   -0.2896
   -0.0523   -0.9980    0.0347
   -0.2877    0.0483    0.9565
...   139 G-C ...
   22.3575  -51.2299   64.4908
   -0.8529   -0.5117   -0.1032
    0.4973   -0.8566    0.1372
   -0.1586    0.0657    0.9852
...   140 C-G ...
   22.1609  -50.1386   67.4617
   -0.4681   -0.8749    0.1247
    0.8495   -0.4066    0.3363
   -0.2435    0.2633    0.9335
...   141 G-C ...
   21.4367  -51.8164   72.7855
    0.1304   -0.7141   -0.6877
    0.8897   -0.2218    0.3990
   -0.4375   -0.6639    0.6065
...   142 C-G ...
   20.4355  -54.2994   74.5394
    0.5847   -0.7390   -0.3347
    0.7593    0.3532    0.5466
   -0.2857   -0.5737    0.7676
...   143 T-A ...
   18.4378  -55.5190   76.5272
    0.8548   -0.5006    0.1370
    0.3188    0.7147    0.6225
   -0.4096   -0.4884    0.7705
...   144 C-G ...
   16.8486  -57.7126   78.2647
    0.8529   -0.0846    0.5152
   -0.1509    0.9047    0.3983
   -0.4998   -0.4175    0.7589
...   145 A-T ...
   15.7934  -59.5518   80.7962
    0.5515    0.4995    0.6681
   -0.6739    0.7388    0.0040
   -0.4915   -0.4525    0.7441
...   146 C-G ...
   15.7411  -61.4839   83.9295
    0.0342    0.7400    0.6718
   -0.8637    0.3601   -0.3527
   -0.5029   -0.5681    0.6514
...   147 A-T ...
   14.7482  -63.4170   86.8164
   -0.5923    0.6746    0.4405
   -0.6886   -0.1400   -0.7115
   -0.4183   -0.7247    0.5475
