  147 base-pairs
...     1 T-A ...
    0.0000    0.0000    0.0000
    1.0000    0.0000    0.0000
    0.0000    1.0000    0.0000
    0.0000    0.0000    1.0000
...     2 G-C ...
   -0.5555   -1.1003    3.3981
    0.7749    0.6051    0.1828
   -0.5991    0.7953   -0.0929
   -0.2016   -0.0375    0.9787
...     3 T-A ...
   -0.6619   -3.0237    6.5348
    0.3046    0.9250    0.2271
   -0.8994    0.3578   -0.2510
   -0.3134   -0.1278    0.9410
...     4 G-C ...
   -1.1607   -3.8418    9.6940
   -0.3351    0.9421    0.0133
   -0.8752   -0.3061   -0.3746
   -0.3489   -0.1372    0.9271
...     5 A-T ...
   -1.3881   -3.6770   12.8999
   -0.7835    0.6162   -0.0801
   -0.5677   -0.7622   -0.3109
   -0.2527   -0.1981    0.9470
...     6 G-C ...
   -2.6236   -3.5448   15.7072
   -0.9923    0.0611   -0.1075
   -0.0294   -0.9610   -0.2748
   -0.1201   -0.2695    0.9555
...     7 C-G ...
   -2.3138   -3.7570   18.8866
   -0.8620   -0.4995   -0.0864
    0.5008   -0.8655    0.0073
   -0.0785   -0.0370    0.9962
...     8 G-C ...
   -3.9561   -6.8109   23.3205
   -0.2581   -0.3560   -0.8981
    0.6294   -0.7673    0.1233
   -0.7330   -0.5335    0.4221
...     9 C-G ...
   -6.1177   -8.9414   24.2385
    0.1143   -0.7320   -0.6716
    0.8123   -0.3203    0.4874
   -0.5720   -0.6013    0.5580
...    10 T-A ...
   -8.5041   -9.6771   26.0540
    0.4660   -0.8587   -0.2131
    0.6274    0.1508    0.7640
   -0.6239   -0.4897    0.6090
...    11 C-G ...
  -11.0625  -11.3174   27.2336
    0.6660   -0.6911    0.2808
    0.3382    0.6152    0.7121
   -0.6649   -0.3794    0.6435
...    12 A-T ...
  -13.0013  -13.1789   29.0658
    0.7188   -0.1490    0.6790
   -0.1787    0.9043    0.3876
   -0.6718   -0.4000    0.6235
...    13 C-G ...
  -14.1788  -15.9359   31.3399
    0.4052    0.2865    0.8682
   -0.5270    0.8492   -0.0343
   -0.7470   -0.4437    0.4951
...    14 A-T ...
  -15.9532  -18.1566   33.3080
   -0.1503    0.6873    0.7107
   -0.6106    0.5008   -0.6135
   -0.7776   -0.5261    0.3444
...    15 A-T ...
  -18.4001  -19.9126   34.5353
   -0.4975    0.8442    0.1995
   -0.3869   -0.0101   -0.9221
   -0.7764   -0.5359    0.3316
...    16 T-A ...
  -20.7557  -21.5946   36.3396
   -0.6649    0.6692   -0.3318
   -0.0271   -0.4656   -0.8846
   -0.7465   -0.5791    0.3277
...    17 T-A ...
  -23.2035  -23.2999   37.7255
   -0.5766    0.2306   -0.7838
    0.3974   -0.7590   -0.5157
   -0.7139   -0.6088    0.3461
...    18 T-A ...
  -25.6170  -25.1625   38.9174
   -0.2194   -0.2438   -0.9447
    0.6634   -0.7473    0.0388
   -0.7154   -0.6182    0.3257
...    19 A-T ...
  -27.7820  -27.5222   40.1018
    0.2835   -0.6415   -0.7128
    0.6465   -0.4211    0.6361
   -0.7083   -0.6411    0.2954
...    20 T-A ...
  -30.4557  -29.4332   40.5221
    0.5893   -0.7654   -0.2586
    0.3930   -0.0081    0.9195
   -0.7059   -0.6435    0.2960
...    21 T-A ...
  -32.7777  -31.6045   41.2378
    0.6947   -0.6267    0.3530
   -0.0601    0.4385    0.8967
   -0.7168   -0.6442    0.2670
...    22 C-G ...
  -35.0439  -33.8064   42.1964
    0.5246   -0.2177    0.8230
   -0.4917    0.7117    0.5017
   -0.6950   -0.6679    0.2663
...    23 G-C ...
  -37.5010  -35.6249   43.6713
    0.2341    0.3024    0.9240
   -0.7476    0.6636   -0.0278
   -0.6215   -0.6843    0.3814
...    24 C-G ...
  -39.2261  -38.0870   45.0339
   -0.1716    0.6433    0.7461
   -0.7570    0.3986   -0.5178
   -0.6305   -0.6536    0.4186
...    25 A-T ...
  -41.7328  -40.2442   45.8110
   -0.5960    0.7645    0.2456
   -0.4692   -0.0833   -0.8792
   -0.6517   -0.6392    0.4084
...    26 A-T ...
  -43.8340  -42.3046   47.2913
   -0.7645    0.5564   -0.3253
   -0.0114   -0.5163   -0.8563
   -0.6445   -0.6510    0.4011
...    27 A-T ...
  -45.9205  -44.2928   48.8523
   -0.6256    0.1258   -0.7699
    0.4690   -0.7280   -0.5001
   -0.6234   -0.6740    0.3964
...    28 G-C ...
  -48.3515  -46.2346   50.2213
   -0.2154   -0.2532   -0.9431
    0.7274   -0.6860    0.0180
   -0.6515   -0.6821    0.3320
...    29 G-C ...
  -50.8557  -48.4801   51.1080
    0.3174   -0.5453   -0.7759
    0.7001   -0.4171    0.5795
   -0.6396   -0.7271    0.2494
...    30 C-G ...
  -53.0546  -50.9207   51.4512
    0.6990   -0.6425   -0.3142
    0.3644   -0.0580    0.9294
   -0.6153   -0.7641    0.1936
...    31 C-G ...
  -55.0476  -53.5829   51.8789
    0.8192   -0.5052    0.2715
   -0.1414    0.2810    0.9493
   -0.5558   -0.8160    0.1587
...    32 G-C ...
  -56.6205  -56.1431   52.8803
    0.6463   -0.2035    0.7355
   -0.6010    0.4581    0.6549
   -0.4702   -0.8653    0.1738
...    33 G-C ...
  -57.8342  -59.2104   53.7579
    0.1928    0.1256    0.9732
   -0.8812    0.4584    0.1154
   -0.4316   -0.8798    0.1991
...    34 C-G ...
  -58.9912  -62.2147   54.5426
   -0.3537    0.3889    0.8507
   -0.8300    0.2889   -0.4771
   -0.4313   -0.8748    0.2206
...    35 C-G ...
  -60.4492  -65.1167   55.6449
   -0.7696    0.5023    0.3942
   -0.4554    0.0010   -0.8903
   -0.4476   -0.8647    0.2280
...    36 C-G ...
  -61.9111  -68.0516   56.7458
   -0.8656    0.4465   -0.2267
    0.0926   -0.3023   -0.9487
   -0.4921   -0.8422    0.2204
...    37 G-C ...
  -62.8916  -71.4559   56.7026
   -0.5981    0.2493   -0.7617
    0.6097   -0.4755   -0.6342
   -0.5202   -0.8437    0.1324
...    38 A-T ...
  -64.4893  -74.1544   57.2741
   -0.1010   -0.0690   -0.9925
    0.8581   -0.5109   -0.0518
   -0.5035   -0.8569    0.1108
...    39 C-G ...
  -66.4259  -76.6834   57.3229
    0.4120   -0.2730   -0.8693
    0.7656   -0.4136    0.4927
   -0.4941   -0.8685    0.0386
...    40 A-T ...
  -67.9271  -79.7584   57.2693
    0.8366   -0.3834   -0.3913
    0.3374   -0.2020    0.9194
   -0.4316   -0.9012   -0.0396
...    41 C-G ...
  -69.1019  -82.7965   56.5827
    0.9039   -0.3901    0.1755
   -0.1879    0.0067    0.9822
   -0.3843   -0.9208   -0.0673
...    42 G-C ...
  -70.3509  -85.9163   56.8487
    0.5934   -0.2730    0.7572
   -0.7429    0.1765    0.6457
   -0.3099   -0.9457   -0.0980
...    43 A-T ...
  -71.2798  -88.9899   56.5199
    0.0027   -0.1270    0.9919
   -0.9521    0.3030    0.0414
   -0.3058   -0.9445   -0.1200
...    44 C-G ...
  -71.7472  -92.2972   56.3006
   -0.5297    0.0729    0.8450
   -0.7927    0.3120   -0.5238
   -0.3018   -0.9473   -0.1075
...    45 T-A ...
  -72.4086  -95.8784   56.4333
   -0.8977    0.2540    0.3601
   -0.3084    0.2215   -0.9251
   -0.3148   -0.9415   -0.1205
...    46 T-A ...
  -73.3533  -98.9494   56.1740
   -0.9136    0.3136   -0.2589
    0.2979    0.0828   -0.9510
   -0.2768   -0.9460   -0.1690
...    47 A-T ...
  -73.9807 -102.1929   55.2834
   -0.4750    0.3044   -0.8257
    0.8373   -0.1323   -0.5305
   -0.2707   -0.9433   -0.1920
...    48 C-G ...
  -75.4519 -105.1275   54.9187
    0.0787    0.2408   -0.9674
    0.9587   -0.2842    0.0072
   -0.2732   -0.9280   -0.2532
...    49 T-A ...
  -76.6425 -108.1101   53.8193
    0.6258    0.1319   -0.7687
    0.7431   -0.4005    0.5361
   -0.2372   -0.9067   -0.3487
...    50 G-C ...
  -77.1349 -111.2131   52.4297
    0.9708    0.0142   -0.2396
    0.2184   -0.4667    0.8570
   -0.0997   -0.8843   -0.4561
...    51 T-A ...
  -77.2352 -113.8073   50.5261
    0.9329   -0.2173    0.2872
   -0.3556   -0.4306    0.8295
   -0.0566   -0.8760   -0.4790
...    52 A-T ...
  -78.0775 -117.1227   49.5287
    0.4118   -0.5225    0.7466
   -0.9094   -0.1828    0.3736
   -0.0588   -0.8328   -0.5505
...    53 G-C ...
  -78.0513 -119.9275   47.8102
   -0.1684   -0.5163    0.8397
   -0.9854    0.1089   -0.1307
   -0.0240   -0.8495   -0.5271
...    54 G-C ...
  -77.5354 -123.2054   46.3515
   -0.7268   -0.3270    0.6040
   -0.6863    0.3805   -0.6198
   -0.0271   -0.8650   -0.5010
...    55 T-A ...
  -77.4127 -126.2570   45.0286
   -0.9861   -0.0858    0.1426
   -0.1664    0.5179   -0.8391
   -0.0019   -0.8511   -0.5250
...    56 A-T ...
  -77.3268 -129.2590   43.4007
   -0.8622    0.2825   -0.4204
    0.5065    0.4800   -0.7163
   -0.0005   -0.8306   -0.5569
...    57 T-A ...
  -77.7761 -132.1847   42.0073
   -0.4404    0.5024   -0.7440
    0.8976    0.2620   -0.3544
    0.0169   -0.8240   -0.5664
...    58 C-G ...
  -77.9459 -134.9457   39.9462
    0.2525    0.5948   -0.7632
    0.9673   -0.1369    0.2133
    0.0224   -0.7921   -0.6100
...    59 T-A ...
  -77.9110 -137.3429   37.6386
    0.7443    0.4922   -0.4514
    0.6639   -0.4721    0.5800
    0.0723   -0.7313   -0.6782
...    60 C-G ...
  -77.2756 -139.7344   35.4527
    0.9897    0.1408    0.0254
    0.0878   -0.7379    0.6692
    0.1129   -0.6601   -0.7427
...    61 G-C ...
  -76.5333 -142.4051   33.4152
    0.8274   -0.2027    0.5238
   -0.4660   -0.7683    0.4389
    0.3134   -0.6072   -0.7301
...    62 A-T ...
  -75.1482 -144.5604   31.0532
    0.3483   -0.6598    0.6659
   -0.8674   -0.4961   -0.0378
    0.3553   -0.5644   -0.7451
...    63 G-C ...
  -73.8675 -146.4542   28.5975
   -0.2053   -0.8299    0.5187
   -0.9050   -0.0407   -0.4234
    0.3725   -0.5564   -0.7428
...    64 C-G ...
  -72.2722 -148.4986   26.2365
   -0.7180   -0.6843    0.1274
   -0.5777    0.4837   -0.6574
    0.3883   -0.5456   -0.7426
...    65 T-A ...
  -70.9535 -150.3246   23.7576
   -0.9078   -0.2955   -0.2975
   -0.0595    0.7931   -0.6062
    0.4151   -0.5326   -0.7376
...    66 C-G ...
  -69.1952 -152.0794   21.3228
   -0.7252    0.2865   -0.6260
    0.5161    0.8281   -0.2188
    0.4557   -0.4818   -0.7485
...    67 G-C ...
  -66.8989 -152.8948   18.7942
   -0.2974    0.7509   -0.5896
    0.8386    0.5007    0.2147
    0.4565   -0.4306   -0.7786
...    68 G-C ...
  -65.2997 -154.4741   16.2586
    0.2167    0.9415   -0.2582
    0.8205   -0.0323    0.5707
    0.5290   -0.3356   -0.7795
...    69 G-C ...
  -63.6345 -155.3968   13.4718
    0.5705    0.7935    0.2116
    0.5725   -0.5690    0.5903
    0.5888   -0.2156   -0.7790
...    70 A-T ...
  -61.6965 -155.8830   10.7944
    0.7687    0.2903    0.5700
    0.1183   -0.9403    0.3192
    0.6286   -0.1779   -0.7571
...    71 T-A ...
  -59.4992 -155.7173    8.3015
    0.7077   -0.2367    0.6657
   -0.2862   -0.9575   -0.0362
    0.6460   -0.1649   -0.7453
...    72 T-A ...
  -57.2293 -156.0550    5.9889
    0.4056   -0.7890    0.4614
   -0.6383   -0.6058   -0.4749
    0.6543   -0.1019   -0.7494
...    73 C-G ...
  -55.1706 -156.7228    3.4024
   -0.0623   -0.9978    0.0237
   -0.7196    0.0285   -0.6938
    0.6916   -0.0603   -0.7198
...    74 A-T ...
  -53.0040 -156.5697    0.7821
   -0.5207   -0.7758   -0.3565
   -0.5196    0.6193   -0.5886
    0.6774   -0.1212   -0.7255
...    75 T-A ...
  -50.5670 -157.3604   -1.3365
   -0.7116   -0.3161   -0.6275
   -0.1598    0.9425   -0.2936
    0.6842   -0.1086   -0.7211
...    76 G-C ...
  -48.0439 -157.7294   -3.6939
   -0.6565    0.3750   -0.6545
    0.3038    0.9256    0.2256
    0.6904   -0.0508   -0.7217
...    77 T-A ...
  -45.9177 -158.4016   -6.2780
   -0.3532    0.8402   -0.4114
    0.5997    0.5409    0.5898
    0.7181   -0.0384   -0.6949
...    78 T-A ...
  -43.7235 -158.5750   -8.5918
    0.0304    0.9979    0.0575
    0.6781   -0.0628    0.7323
    0.7343    0.0167   -0.6786
...    79 A-T ...
  -40.9633 -158.5434  -10.5732
    0.3943    0.7286    0.5601
    0.5167   -0.6798    0.5205
    0.7600    0.0841   -0.6445
...    80 T-A ...
  -38.7754 -157.6137  -12.8371
    0.5900    0.2474    0.7685
    0.2383   -0.9628    0.1270
    0.7714    0.1082   -0.6271
...    81 A-T ...
  -36.0676 -157.5596  -14.9538
    0.5948   -0.4507    0.6656
   -0.1782   -0.8814   -0.4375
    0.7838    0.1416   -0.6046
...    82 A-T ...
  -33.3946 -156.9800  -16.6785
    0.3808   -0.8925    0.2417
   -0.4820   -0.4147   -0.7719
    0.7891    0.1774   -0.5881
...    83 C-G ...
  -30.2771 -156.2734  -18.0971
    0.0646   -0.9551   -0.2892
   -0.6095    0.1917   -0.7692
    0.7901    0.2260   -0.5698
...    84 G-C ...
  -27.7712 -155.4466  -20.0980
   -0.3070   -0.5552   -0.7729
   -0.4864    0.7896   -0.3740
    0.8180    0.2612   -0.5125
...    85 G-C ...
  -24.8790 -154.6356  -21.5978
   -0.5709   -0.0256   -0.8206
   -0.2396    0.9612    0.1367
    0.7853    0.2747   -0.5549
...    86 A-T ...
  -22.2944 -153.7875  -23.4039
   -0.6296    0.5591   -0.5394
    0.1455    0.7669    0.6250
    0.7631    0.3150   -0.5642
...    87 C-G ...
  -20.0203 -153.1948  -25.7283
   -0.4837    0.8714   -0.0815
    0.4531    0.3290    0.8285
    0.7488    0.3638   -0.5540
...    88 C-G ...
  -17.6098 -151.8591  -27.7769
   -0.2405    0.8400    0.4864
    0.6414   -0.2387    0.7292
    0.7286    0.4873   -0.4813
...    89 G-C ...
  -14.8862 -150.2052  -28.9354
    0.0357    0.4632    0.8855
    0.6973   -0.6463    0.3100
    0.7159    0.6064   -0.3460
...    90 C-G ...
  -12.7636 -147.6573  -29.9467
    0.4122   -0.0176    0.9109
    0.5664   -0.7782   -0.2713
    0.7137    0.6278   -0.3108
...    91 T-A ...
  -10.2485 -145.2051  -30.3124
    0.6546   -0.4808    0.5833
    0.2781   -0.5643   -0.7773
    0.7029    0.6711   -0.2357
...    92 T-A ...
   -7.9657 -142.8828  -30.7421
    0.7250   -0.6885   -0.0185
   -0.1590   -0.1412   -0.9771
    0.6702    0.7113   -0.2118
...    93 T-A ...
   -5.6892 -140.5151  -31.0664
    0.5329   -0.5838   -0.6125
   -0.5663    0.2918   -0.7708
    0.6287    0.7577   -0.1751
...    94 A-T ...
   -4.5099 -137.4328  -31.9295
    0.1469   -0.0995   -0.9841
   -0.8132    0.5543   -0.1775
    0.5632    0.8263    0.0006
...    95 A-T ...
   -2.5281 -134.8421  -31.7950
   -0.3393    0.3229   -0.8835
   -0.7626    0.4554    0.4594
    0.5507    0.8297    0.0918
...    96 C-G ...
   -0.2839 -132.2566  -31.7833
   -0.7056    0.5407   -0.4581
   -0.4466    0.1627    0.8798
    0.5502    0.8254    0.1267
...    97 A-T ...
    1.5610 -129.4967  -31.2578
   -0.8697    0.4669    0.1603
    0.0584   -0.2252    0.9726
    0.4902    0.8552    0.1686
...    98 C-G ...
    2.8424 -126.4055  -31.1969
   -0.7256    0.2382    0.6455
    0.5099   -0.4438    0.7369
    0.4620    0.8639    0.2006
...    99 T-A ...
    3.9941 -123.1011  -30.5840
   -0.3381   -0.1772    0.9243
    0.8467   -0.4861    0.2165
    0.4109    0.8558    0.3144
...   100 T-A ...
    5.0070 -120.2301  -29.4306
    0.2084   -0.4465    0.8702
    0.8913   -0.2796   -0.3569
    0.4027    0.8500    0.3397
...   101 T-A ...
    6.2320 -117.5089  -28.1414
    0.6663   -0.5581    0.4945
    0.6197    0.0457   -0.7835
    0.4147    0.8285    0.3763
...   102 A-T ...
    7.7991 -114.6616  -27.0018
    0.9179   -0.3733   -0.1345
    0.0390    0.4222   -0.9057
    0.3949    0.8261    0.4021
...   103 T-A ...
    9.1536 -112.4025  -25.0430
    0.8157   -0.1271   -0.5644
   -0.4047    0.5718   -0.7137
    0.4134    0.8105    0.4150
...   104 G-C ...
   10.7750 -109.8633  -23.6673
    0.3601    0.1843   -0.9145
   -0.8044    0.5578   -0.2044
    0.4725    0.8093    0.3491
...   105 C-G ...
   12.6556 -107.3017  -22.6180
   -0.1691    0.4634   -0.8699
   -0.8737    0.3380    0.3499
    0.4562    0.8192    0.3477
...   106 T-A ...
   14.5581 -104.5733  -21.6454
   -0.6600    0.5533   -0.5082
   -0.6070    0.0058    0.7946
    0.4426    0.8329    0.3321
...   107 T-A ...
   16.0512 -101.8759  -20.7411
   -0.9047    0.4256    0.0191
   -0.1290   -0.3164    0.9398
    0.4060    0.8478    0.3412
...   108 C-G ...
   17.3060  -98.9481  -19.7469
   -0.8323    0.0891    0.5472
    0.4342   -0.5089    0.7433
    0.3447    0.8562    0.3848
...   109 C-G ...
   18.5061  -96.1031  -18.6023
   -0.5194   -0.3232    0.7911
    0.8114   -0.4771    0.3378
    0.2682    0.8173    0.5100
...   110 G-C ...
   19.5211  -93.8263  -16.6960
   -0.0513   -0.6364    0.7697
    0.9759   -0.1956   -0.0966
    0.2120    0.7462    0.6311
...   111 G-C ...
   20.0841  -91.7033  -14.1524
    0.4848   -0.6938    0.5325
    0.8513    0.2347   -0.4693
    0.2006    0.6808    0.7044
...   112 C-G ...
   20.6143  -89.9846  -11.2941
    0.8750   -0.4617    0.1457
    0.4339    0.6141   -0.6593
    0.2149    0.6400    0.7377
...   113 T-A ...
   21.3480  -88.0237   -8.7182
    0.9668   -0.0502   -0.2504
   -0.1134    0.7940   -0.5973
    0.2288    0.6059    0.7619
...   114 C-G ...
   22.1706  -85.8548   -6.3372
    0.6903    0.4584   -0.5597
   -0.6804    0.6745   -0.2868
    0.2461    0.5788    0.7775
...   115 G-C ...
   22.5390  -83.7122   -3.8177
    0.1187    0.7586   -0.6406
   -0.9619    0.2480    0.1153
    0.2463    0.6025    0.7591
...   116 T-A ...
   24.0012  -81.5116   -1.6602
   -0.4491    0.7460   -0.4918
   -0.8662   -0.2285    0.4445
    0.2192    0.6256    0.7488
...   117 A-T ...
   24.9799  -79.2223    0.6904
   -0.8950    0.4144   -0.1652
   -0.4149   -0.6372    0.6495
    0.1639    0.6499    0.7422
...   118 T-A ...
   25.6283  -76.6446    2.6068
   -0.9808    0.0179    0.1941
    0.1107   -0.7683    0.6304
    0.1604    0.6398    0.7516
...   119 A-T ...
   26.2638  -74.7406    5.3417
   -0.7065   -0.4969    0.5039
    0.6985   -0.6041    0.3836
    0.1138    0.6230    0.7739
...   120 A-T ...
   26.3600  -72.6599    7.8328
   -0.1830   -0.7937    0.5801
    0.9800   -0.1939    0.0438
    0.0777    0.5765    0.8134
...   121 T-A ...
   25.9748  -70.8441   10.5967
    0.3645   -0.7801    0.5085
    0.9289    0.2665   -0.2571
    0.0650    0.5661    0.8217
...   122 G-C ...
   26.1841  -69.0730   13.5493
    0.8542   -0.4867    0.1828
    0.5093    0.7130   -0.4819
    0.1042    0.5048    0.8569
...   123 T-A ...
   26.4756  -67.9159   16.6459
    0.9951   -0.0314   -0.0932
   -0.0185    0.8710   -0.4909
    0.0966    0.4902    0.8662
...   124 G-C ...
   26.8242  -66.3183   19.6120
    0.7692    0.5001   -0.3977
   -0.6244    0.7205   -0.3017
    0.1357    0.4804    0.8665
...   125 T-A ...
   27.6322  -65.1278   22.5227
    0.3097    0.7971   -0.5184
   -0.9400    0.3389   -0.0405
    0.1434    0.4998    0.8542
...   126 C-G ...
   28.1474  -63.5437   25.2608
   -0.3190    0.8439   -0.4314
   -0.9373   -0.2134    0.2756
    0.1405    0.4923    0.8590
...   127 G-C ...
   27.9822  -62.1442   28.3272
   -0.7981    0.5083   -0.3235
   -0.6018   -0.6458    0.4698
    0.0299    0.5696    0.8213
...   128 A-T ...
   28.2300  -60.3796   30.9564
   -0.9998    0.0169    0.0069
   -0.0103   -0.8354    0.5496
    0.0150    0.5494    0.8354
...   129 C-G ...
   28.1056  -57.9892   33.2250
   -0.8478   -0.4633    0.2580
    0.5291   -0.7076    0.4683
   -0.0344    0.5336    0.8451
...   130 C-G ...
   27.3629  -56.1469   36.0105
   -0.4226   -0.8278    0.3689
    0.8972   -0.3245    0.2997
   -0.1284    0.4576    0.8798
...   131 A-T ...
   27.5942  -54.9141   39.1928
    0.2067   -0.8980    0.3884
    0.9665    0.2492    0.0618
   -0.1523    0.3626    0.9194
...   132 A-T ...
   26.9941  -53.9367   42.2795
    0.7358   -0.5774    0.3539
    0.6563    0.7368   -0.1624
   -0.1670    0.3518    0.9211
...   133 A-T ...
   26.2250  -53.1184   45.3678
    0.9719   -0.0007    0.2352
    0.0856    0.9325   -0.3509
   -0.2191    0.3612    0.9064
...   134 T-A ...
   25.6308  -52.5797   48.6348
    0.8597    0.5096    0.0340
   -0.4497    0.7867   -0.4230
   -0.2423    0.3484    0.9055
...   135 G-C ...
   25.2859  -52.4981   52.0749
    0.3205    0.9427   -0.0927
   -0.8825    0.2616   -0.3908
   -0.3441    0.2071    0.9158
...   136 T-A ...
   25.5356  -52.9668   55.8001
   -0.2443    0.9563   -0.1608
   -0.8908   -0.2868   -0.3525
   -0.3832    0.0571    0.9219
...   137 G-C ...
   24.9038  -52.7260   58.9820
   -0.7529    0.5562   -0.3519
   -0.5214   -0.8303   -0.1968
   -0.4017    0.0354    0.9151
...   138 A-T ...
   24.0250  -51.6261   61.9210
   -0.9563    0.0400   -0.2896
   -0.0523   -0.9980    0.0347
   -0.2877    0.0483    0.9565
...   139 G-C ...
   22.3574  -51.2300   64.4908
   -0.8529   -0.5117   -0.1032
    0.4973   -0.8566    0.1372
   -0.1586    0.0657    0.9852
...   140 C-G ...
   22.1609  -50.1386   67.4617
   -0.4681   -0.8749    0.1247
    0.8495   -0.4066    0.3363
   -0.2435    0.2633    0.9335
...   141 G-C ...
   21.4367  -51.8164   72.7855
    0.1304   -0.7141   -0.6877
    0.8897   -0.2218    0.3990
   -0.4375   -0.6639    0.6065
...   142 C-G ...
   20.4355  -54.2995   74.5394
    0.5847   -0.7390   -0.3347
    0.7593    0.3532    0.5466
   -0.2857   -0.5737    0.7676
...   143 T-A ...
   18.4378  -55.5190   76.5272
    0.8548   -0.5006    0.1370
    0.3188    0.7147    0.6225
   -0.4096   -0.4884    0.7705
...   144 C-G ...
   16.8486  -57.7127   78.2647
    0.8529   -0.0846    0.5152
   -0.1509    0.9047    0.3983
   -0.4998   -0.4175    0.7589
...   145 A-T ...
   15.7934  -59.5518   80.7962
    0.5515    0.4995    0.6681
   -0.6739    0.7388    0.0040
   -0.4915   -0.4525    0.7441
...   146 C-G ...
   15.7411  -61.4839   83.9295
    0.0342    0.7400    0.6718
   -0.8637    0.3601   -0.3527
   -0.5029   -0.5681    0.6514
...   147 A-T ...
   14.7482  -63.4171   86.8164
   -0.5923    0.6746    0.4405
   -0.6886   -0.1400   -0.7115
   -0.4183   -0.7247    0.5475
