  147 base-pairs
...     1 T-A ...
    0.0000    0.0000    0.0000
    1.0000    0.0000    0.0000
    0.0000    1.0000    0.0000
    0.0000    0.0000    1.0000
...     2 G-C ...
   -0.5555   -1.1003    3.3981
    0.7749    0.6051    0.1828
   -0.5991    0.7953   -0.0929
   -0.2016   -0.0375    0.9787
...     3 T-A ...
   -0.6619   -3.0237    6.5348
    0.3046    0.9250    0.2271
   -0.8994    0.3578   -0.2510
   -0.3134   -0.1278    0.9410
...     4 G-C ...
   -1.1607   -3.8418    9.6940
   -0.3351    0.9421    0.0133
   -0.8752   -0.3061   -0.3746
   -0.3489   -0.1372    0.9271
...     5 A-T ...
   -1.3881   -3.6770   12.8999
   -0.7835    0.6162   -0.0801
   -0.5677   -0.7622   -0.3109
   -0.2527   -0.1981    0.9470
...     6 G-C ...
   -2.6236   -3.5448   15.7072
   -0.9923    0.0611   -0.1075
   -0.0294   -0.9610   -0.2748
   -0.1201   -0.2695    0.9555
...     7 C-G ...
   -2.3138   -3.7570   18.8866
   -0.8620   -0.4995   -0.0864
    0.5008   -0.8655    0.0073
   -0.0785   -0.0370    0.9962
...     8 G-C ...
   -3.9561   -6.8109   23.3205
   -0.2581   -0.3560   -0.8981
    0.6294   -0.7673    0.1233
   -0.7330   -0.5335    0.4221
...     9 C-G ...
   -6.1177   -8.9414   24.2385
    0.1143   -0.7320   -0.6716
    0.8123   -0.3203    0.4874
   -0.5720   -0.6013    0.5580
...    10 T-A ...
   -8.5041   -9.6771   26.0540
    0.4660   -0.8587   -0.2131
    0.6274    0.1508    0.7640
   -0.6239   -0.4897    0.6090
...    11 C-G ...
  -11.0625  -11.3174   27.2336
    0.6660   -0.6911    0.2808
    0.3382    0.6152    0.7121
   -0.6649   -0.3794    0.6435
...    12 A-T ...
  -13.0013  -13.1789   29.0658
    0.7188   -0.1490    0.6790
   -0.1787    0.9043    0.3876
   -0.6718   -0.4000    0.6235
...    13 C-G ...
  -14.1788  -15.9359   31.3399
    0.4052    0.2865    0.8682
   -0.5270    0.8492   -0.0343
   -0.7470   -0.4437    0.4951
...    14 A-T ...
  -15.9532  -18.1566   33.3080
   -0.1503    0.6873    0.7107
   -0.6106    0.5008   -0.6135
   -0.7776   -0.5261    0.3444
...    15 A-T ...
  -18.3180  -20.0140   34.6075
   -0.5316    0.8219    0.2045
   -0.3728   -0.0102   -0.9278
   -0.7605   -0.5695    0.3119
...    16 T-A ...
  -20.6141  -21.7587   36.2648
   -0.6635    0.6775   -0.3174
   -0.0188   -0.4392   -0.8982
   -0.7479   -0.5900    0.3042
...    17 T-A ...
  -23.0308  -23.5968   37.4578
   -0.5479    0.2692   -0.7921
    0.4012   -0.7463   -0.5311
   -0.7341   -0.6088    0.3009
...    18 T-A ...
  -25.4962  -25.4377   38.5151
   -0.1897   -0.2232   -0.9561
    0.6571   -0.7525    0.0453
   -0.7296   -0.6197    0.2894
...    19 A-T ...
  -27.7025  -27.8033   39.5696
    0.3210   -0.6180   -0.7177
    0.6135   -0.4417    0.6547
   -0.7215   -0.6504    0.2374
...    20 T-A ...
  -30.3438  -29.7552   39.7673
    0.6065   -0.7479   -0.2699
    0.3466   -0.0568    0.9363
   -0.7156   -0.6614    0.2247
...    21 T-A ...
  -32.6752  -31.9661   40.2827
    0.6925   -0.6335    0.3452
   -0.0963    0.3930    0.9145
   -0.7150   -0.6665    0.2111
...    22 C-G ...
  -34.8988  -34.3208   41.0035
    0.4878   -0.2473    0.8372
   -0.5262    0.6819    0.5081
   -0.6965   -0.6883    0.2026
...    23 G-C ...
  -37.4551  -36.3585   42.0206
    0.1033    0.2517    0.9623
   -0.7465    0.6590   -0.0923
   -0.6573   -0.7088    0.2560
...    24 C-G ...
  -39.3633  -38.9501   43.0705
   -0.3431    0.5976    0.7246
   -0.6698    0.3852   -0.6348
   -0.6585   -0.7032    0.2681
...    25 A-T ...
  -41.7568  -41.2613   43.6157
   -0.6513    0.7424    0.1570
   -0.3066   -0.0683   -0.9494
   -0.6941   -0.6665    0.2721
...    26 A-T ...
  -43.9479  -43.4186   44.7151
   -0.7167    0.5366   -0.4455
    0.1679   -0.4872   -0.8570
   -0.6769   -0.6890    0.2591
...    27 A-T ...
  -46.1996  -45.5542   45.7005
   -0.4677    0.1413   -0.8725
    0.5737   -0.7024   -0.4213
   -0.6724   -0.6976    0.2474
...    28 G-C ...
  -48.6326  -47.7068   46.4892
   -0.0063   -0.2178   -0.9760
    0.7336   -0.6643    0.1435
   -0.6796   -0.7150    0.1639
...    29 G-C ...
  -51.0584  -50.0516   46.7778
    0.4830   -0.4838   -0.7298
    0.5833   -0.4437    0.6803
   -0.6530   -0.7543    0.0679
...    30 C-G ...
  -53.3023  -52.5186   46.4983
    0.7614   -0.6124   -0.2126
    0.1818   -0.1130    0.9768
   -0.6223   -0.7824    0.0253
...    31 C-G ...
  -55.1125  -55.3915   46.3486
    0.7655   -0.5092    0.3933
   -0.3285    0.2162    0.9194
   -0.5532   -0.8330   -0.0018
...    32 G-C ...
  -56.9948  -58.2188   46.8623
    0.4426   -0.2211    0.8690
   -0.7589    0.4239    0.4944
   -0.4777   -0.8783    0.0198
...    33 G-C ...
  -58.3542  -61.3489   47.0545
   -0.0704    0.1087    0.9916
   -0.8874    0.4472   -0.1120
   -0.4556   -0.8878    0.0650
...    34 C-G ...
  -59.5625  -64.4906   47.4627
   -0.5717    0.3617    0.7364
   -0.6783    0.2964   -0.6723
   -0.4615   -0.8839    0.0759
...    35 C-G ...
  -61.0170  -67.5536   47.9206
   -0.8344    0.5152    0.1956
   -0.2113    0.0288   -0.9770
   -0.5090   -0.8566    0.0848
...    36 C-G ...
  -62.6978  -70.4839   48.4463
   -0.7598    0.5008   -0.4147
    0.3192   -0.2683   -0.9089
   -0.5664   -0.8230    0.0440
...    37 G-C ...
  -64.3529  -73.4833   48.2763
   -0.3473    0.3477   -0.8709
    0.7128   -0.5057   -0.4861
   -0.6094   -0.7896   -0.0722
...    38 A-T ...
  -66.3847  -76.0696   48.0402
    0.1974    0.0128   -0.9802
    0.7738   -0.6160    0.1478
   -0.6019   -0.7877   -0.1315
...    39 C-G ...
  -68.7544  -78.2568   47.3011
    0.6202   -0.2854   -0.7307
    0.5260   -0.5397    0.6573
   -0.5819   -0.7920   -0.1846
...    40 A-T ...
  -70.4679  -81.1280   46.7695
    0.8693   -0.4654   -0.1665
    0.0176   -0.3075    0.9514
   -0.4940   -0.8299   -0.2591
...    41 C-G ...
  -71.8394  -83.7913   45.2824
    0.7433   -0.5394    0.3957
   -0.4842   -0.0257    0.8746
   -0.4616   -0.8417   -0.2803
...    42 G-C ...
  -73.4638  -86.7887   44.8485
    0.3199   -0.3983    0.8596
   -0.8672    0.2424    0.4351
   -0.3817   -0.8846   -0.2679
...    43 A-T ...
  -74.6272  -89.8055   43.9903
   -0.3107   -0.1705    0.9351
   -0.8775    0.4296   -0.2132
   -0.3653   -0.8868   -0.2831
...    44 C-G ...
  -75.3486  -93.0632   43.3465
   -0.7584    0.0924    0.6453
   -0.5452    0.4528   -0.7055
   -0.3573   -0.8868   -0.2930
...    45 T-A ...
  -76.4955  -96.1568   42.6145
   -0.9252    0.3582    0.1250
   -0.0025    0.3237   -0.9462
   -0.3794   -0.8758   -0.2986
...    46 T-A ...
  -77.6919  -99.1006   41.8498
   -0.7414    0.4637   -0.4851
    0.5741    0.0641   -0.8163
   -0.3474   -0.8837   -0.3137
...    47 A-T ...
  -78.4333 -102.1826   40.5458
   -0.1610    0.4195   -0.8934
    0.9276   -0.2450   -0.2822
   -0.3372   -0.8741   -0.3496
...    48 C-G ...
  -80.1070 -104.8136   39.4163
    0.3963    0.2592   -0.8808
    0.8590   -0.4434    0.2560
   -0.3241   -0.8580   -0.3984
...    49 T-A ...
  -81.2830 -107.4996   37.8190
    0.8379    0.0389   -0.5444
    0.4741   -0.5460    0.6907
   -0.2704   -0.8369   -0.4760
...    50 G-C ...
  -81.8225 -110.5106   36.3485
    0.9755   -0.2165    0.0399
   -0.1477   -0.5088    0.8481
   -0.1633   -0.8332   -0.5283
...    51 T-A ...
  -81.9401 -113.0153   34.1419
    0.7290   -0.4453    0.5199
   -0.6725   -0.3239    0.6655
   -0.1279   -0.8347   -0.5356
...    52 A-T ...
  -83.0656 -115.9663   32.6180
    0.0285   -0.6140    0.7888
   -0.9908    0.0869    0.1035
   -0.1321   -0.7845   -0.6059
...    53 G-C ...
  -83.2140 -118.7120   30.6501
   -0.5522   -0.4451    0.7050
   -0.8246    0.4163   -0.3830
   -0.1230   -0.7929   -0.5969
...    54 T-A ...
  -83.2057 -121.6967   29.0110
   -0.9251   -0.1415    0.3524
   -0.3626    0.6047   -0.7091
   -0.1128   -0.7838   -0.6107
...    55 C-G ...
  -83.4515 -124.3630   27.0011
   -0.9453    0.2713   -0.1813
    0.3109    0.5803   -0.7527
   -0.0990   -0.7679   -0.6329
...    56 A-T ...
  -83.4285 -126.7845   24.6375
   -0.5381    0.6320   -0.5576
    0.8337    0.3019   -0.4624
   -0.1239   -0.7137   -0.6894
...    57 T-A ...
  -84.4259 -129.1790   22.6058
   -0.0146    0.7089   -0.7052
    0.9937   -0.0682   -0.0891
   -0.1113   -0.7020   -0.7034
...    58 G-C ...
  -84.5089 -131.4930   20.1309
    0.5895    0.6211   -0.5165
    0.8063   -0.4913    0.3295
   -0.0491   -0.6107   -0.7904
...    59 T-A ...
  -84.9282 -132.9997   17.2306
    0.9355    0.2905   -0.2010
    0.3532   -0.7612    0.5439
    0.0050   -0.5799   -0.8147
...    60 T-A ...
  -84.8283 -134.7208   14.4853
    0.9622   -0.1987    0.1864
   -0.2690   -0.8013    0.5344
    0.0432   -0.5643   -0.8244
...    61 A-T ...
  -84.8095 -137.0174   11.9367
    0.5393   -0.6842    0.4910
   -0.8387   -0.4891    0.2396
    0.0762   -0.5410   -0.8376
...    62 T-A ...
  -83.8771 -138.5733    9.1471
    0.0071   -0.8566    0.5159
   -0.9962   -0.0510   -0.0710
    0.0871   -0.5134   -0.8537
...    63 A-T ...
  -84.3836 -139.8878    5.8854
   -0.7002   -0.6953    0.1623
   -0.6938    0.6089   -0.3845
    0.1686   -0.3818   -0.9087
...    64 A-T ...
  -83.5725 -141.3119    3.0361
   -0.9614   -0.1999   -0.1890
   -0.1195    0.9222   -0.3678
    0.2478   -0.3310   -0.9105
...    65 C-G ...
  -82.7529 -142.9893    0.2129
   -0.8612    0.3508   -0.3678
    0.4349    0.8831   -0.1761
    0.2630   -0.3117   -0.9131
...    66 G-C ...
  -81.3131 -143.7638   -2.7997
   -0.4603    0.8349   -0.3019
    0.8486    0.5136    0.1266
    0.2607   -0.1980   -0.9449
...    67 G-C ...
  -80.5366 -144.6189   -5.9907
    0.0700    0.9952   -0.0681
    0.9528   -0.0465    0.3001
    0.2955   -0.0859   -0.9515
...    68 A-T ...
  -79.5739 -144.8832   -9.1080
    0.5976    0.7752    0.2046
    0.7234   -0.6314    0.2793
    0.3457   -0.0189   -0.9381
...    69 G-C ...
  -78.4258 -144.5952  -12.2019
    0.8483    0.3068    0.4315
    0.2951   -0.9506    0.0957
    0.4396    0.0462   -0.8970
...    70 T-A ...
  -76.8518 -143.7908  -14.9721
    0.8462   -0.2559    0.4674
   -0.1907   -0.9645   -0.1828
    0.4976    0.0655   -0.8649
...    71 A-T ...
  -75.0904 -143.8881  -17.8658
    0.5143   -0.8128    0.2737
   -0.6534   -0.5780   -0.4888
    0.5555    0.0725   -0.8283
...    72 T-A ...
  -72.7303 -143.4192  -20.1541
    0.1042   -0.9934   -0.0486
   -0.8178   -0.0578   -0.5725
    0.5659    0.0994   -0.8184
...    73 C-G ...
  -70.7383 -143.2445  -22.8174
   -0.4108   -0.8082   -0.4219
   -0.6928    0.5776   -0.4318
    0.5926    0.1149   -0.7972
...    74 T-A ...
  -68.5838 -143.1320  -25.4092
   -0.7287   -0.3326   -0.5987
   -0.3321    0.9361   -0.1159
    0.5990    0.1144   -0.7926
...    75 C-G ...
  -66.4563 -142.8149  -27.9637
   -0.7686    0.3295   -0.5484
    0.1772    0.9333    0.3124
    0.6147    0.1429   -0.7757
...    76 G-C ...
  -63.9962 -142.0196  -30.1966
   -0.5750    0.7981   -0.1801
    0.5662    0.5470    0.6166
    0.5906    0.2526   -0.7664
...    77 A-T ...
  -62.0003 -141.3178  -32.7132
   -0.1546    0.9496    0.2728
    0.7824   -0.0509    0.6206
    0.6032    0.3094   -0.7351
...    78 G-C ...
  -60.1903 -140.1087  -35.2078
    0.2218    0.7302    0.6462
    0.7399   -0.5577    0.3762
    0.6351    0.3947   -0.6640
...    79 C-G ...
  -58.3747 -138.3643  -37.3490
    0.5370    0.2673    0.8001
    0.5120   -0.8571   -0.0574
    0.6704    0.4405   -0.5971
...    80 T-A ...
  -56.1242 -136.5902  -39.0129
    0.6609   -0.2824    0.6953
    0.1844   -0.8370   -0.5152
    0.7274    0.4687   -0.5011
...    81 C-G ...
  -53.5337 -135.1100  -40.3959
    0.6131   -0.7450    0.2628
   -0.2082   -0.4732   -0.8560
    0.7621    0.4701   -0.4452
...    82 G-C ...
  -50.8245 -133.9990  -42.1455
    0.3264   -0.9064   -0.2681
   -0.4512    0.0998   -0.8868
    0.8306    0.4104   -0.3764
...    83 G-C ...
  -47.7832 -132.9234  -43.2758
   -0.0187   -0.6919   -0.7217
   -0.5211    0.6228   -0.5835
    0.8533    0.3652   -0.3723
...    84 G-C ...
  -44.7529 -131.8870  -44.4620
   -0.3410   -0.2066   -0.9171
   -0.4060    0.9122   -0.0545
    0.8479    0.3537   -0.3950
...    85 A-T ...
  -41.8369 -130.7908  -45.6365
   -0.5117    0.4124   -0.7537
   -0.1275    0.8312    0.5412
    0.8497    0.3730   -0.3727
...    86 T-A ...
  -39.0457 -130.0710  -47.2826
   -0.4889    0.7962   -0.3564
    0.1443    0.4767    0.8671
    0.8603    0.3725   -0.3480
...    87 C-G ...
  -36.1545 -128.9342  -48.4376
   -0.3375    0.9027    0.2667
    0.3944   -0.1216    0.9108
    0.8547    0.4126   -0.3150
...    88 C-G ...
  -33.3839 -127.4355  -49.6732
   -0.1579    0.6243    0.7650
    0.5203   -0.6059    0.6019
    0.8393    0.4931   -0.2291
...    89 G-C ...
  -30.3624 -125.9247  -50.0923
    0.0336    0.0829    0.9960
    0.5524   -0.8320    0.0506
    0.8329    0.5485   -0.0738
...    90 C-G ...
  -27.8521 -123.7434  -49.9919
    0.2826   -0.4325    0.8562
    0.4705   -0.7154   -0.5167
    0.8359    0.5488    0.0013
...    91 T-A ...
  -25.1304 -121.8645  -49.5539
    0.4393   -0.7919    0.4241
    0.2869   -0.3237   -0.9016
    0.8513    0.5177    0.0850
...    92 T-A ...
  -22.3972 -120.1783  -48.9905
    0.5442   -0.8157   -0.1962
   -0.0174    0.2228   -0.9747
    0.8388    0.5338    0.1070
...    93 T-A ...
  -19.6384 -118.5453  -48.3343
    0.4690   -0.4849   -0.7382
   -0.3410    0.6716   -0.6578
    0.8147    0.5602    0.1496
...    94 A-T ...
  -17.3330 -115.9592  -47.8925
    0.1870    0.1948   -0.9628
   -0.6053    0.7948    0.0433
    0.7737    0.5747    0.2666
...    95 A-T ...
  -14.6330 -114.3282  -47.0077
   -0.1746    0.6696   -0.7220
   -0.6194    0.4953    0.6091
    0.7654    0.5535    0.3283
...    96 C-G ...
  -11.7545 -112.7290  -46.3583
   -0.4968    0.8247   -0.2704
   -0.4323    0.0350    0.9011
    0.7525    0.5645    0.3391
...    97 A-T ...
   -9.3032 -110.9656  -44.8623
   -0.7271    0.6217    0.2910
   -0.0520   -0.4726    0.8798
    0.6845    0.6246    0.3759
...    98 C-G ...
   -7.1784 -108.5556  -44.0890
   -0.6741    0.2364    0.6998
    0.3486   -0.7334    0.5836
    0.6512    0.6374    0.4120
...    99 T-A ...
   -5.2797 -106.2215  -42.6796
   -0.4343   -0.2616    0.8619
    0.6765   -0.7266    0.1204
    0.5948    0.6354    0.4925
...   100 T-A ...
   -3.5295 -104.0837  -40.9890
    0.0169   -0.6575    0.7533
    0.8137   -0.4288   -0.3926
    0.5811    0.6196    0.5277
...   101 T-A ...
   -1.8212 -102.0766  -39.0926
    0.4829   -0.7912    0.3752
    0.6628    0.0503   -0.7471
    0.5722    0.6095    0.5487
...   102 A-T ...
    0.3486  -99.9819  -37.5163
    0.8051   -0.5606   -0.1936
    0.2050    0.5694   -0.7961
    0.5565    0.6012    0.5734
...   103 T-A ...
    2.1524  -98.5209  -35.1343
    0.8074   -0.1583   -0.5683
   -0.2492    0.7816   -0.5718
    0.5347    0.6033    0.5917
...   104 G-C ...
    3.8557  -96.2455  -33.3637
    0.4682    0.3325   -0.8187
   -0.6797    0.7275   -0.0933
    0.5646    0.6002    0.5666
...   105 C-G ...
    6.0302  -94.5021  -31.4735
   -0.0150    0.6771   -0.7358
   -0.8308    0.4010    0.3859
    0.5563    0.6171    0.5565
...   106 T-A ...
    8.0996  -92.4733  -29.7943
   -0.4980    0.7576   -0.4220
   -0.6874   -0.0482    0.7247
    0.5287    0.6510    0.5448
...   107 T-A ...
    9.9600  -90.3522  -28.1758
   -0.8105    0.5800    0.0815
   -0.2731   -0.4973    0.8235
    0.5182    0.6452    0.5615
...   108 C-G ...
   11.6576  -88.1986  -26.3540
   -0.8402    0.1266    0.5274
    0.2694   -0.7466    0.6083
    0.4707    0.6531    0.5932
...   109 C-G ...
   12.9669  -85.8084  -24.3628
   -0.5961   -0.3813    0.7065
    0.7040   -0.6714    0.2317
    0.3860    0.6355    0.6687
...   110 G-C ...
   14.3955  -84.0354  -21.8434
   -0.1343   -0.7753    0.6171
    0.9410   -0.2951   -0.1659
    0.3107    0.5584    0.7692
...   111 G-C ...
   15.1480  -82.4333  -18.9458
    0.3908   -0.8512    0.3504
    0.8716    0.2198   -0.4382
    0.2959    0.4767    0.8278
...   112 C-G ...
   15.9131  -81.2388  -15.9067
    0.8069   -0.5905    0.0160
    0.5081    0.6799   -0.5286
    0.3013    0.4347    0.8487
...   113 T-A ...
   16.9498  -80.1438  -12.9096
    0.9443   -0.1208   -0.3060
   -0.0188    0.9087   -0.4170
    0.3284    0.3996    0.8558
...   114 C-G ...
   18.1125  -78.9210  -10.0471
    0.7321    0.4694   -0.4937
   -0.5979    0.7900   -0.1355
    0.3264    0.3944    0.8590
...   115 G-C ...
   18.8396  -77.3042   -7.1456
    0.2105    0.8181   -0.5352
   -0.9157    0.3567    0.1850
    0.3423    0.4511    0.8242
...   116 T-A ...
   20.5497  -75.9125   -4.6137
   -0.3313    0.8710   -0.3627
   -0.8866   -0.1558    0.4356
    0.3229    0.4659    0.8238
...   117 A-T ...
   21.3702  -74.5710   -1.6034
   -0.8326    0.5534   -0.0234
   -0.4710   -0.6851    0.5557
    0.2915    0.4737    0.8310
...   118 T-A ...
   22.4509  -72.5135    0.7227
   -0.9614    0.1096    0.2525
    0.0279   -0.8738    0.4854
    0.2738    0.4737    0.8370
...   119 A-T ...
   23.3109  -71.1244    3.6707
   -0.7597   -0.4907    0.4267
    0.6206   -0.7431    0.2504
    0.1942    0.4550    0.8690
...   120 A-T ...
   23.7164  -69.5836    6.4982
   -0.2567   -0.8410    0.4763
    0.9509   -0.3080   -0.0314
    0.1731    0.4448    0.8787
...   121 T-A ...
   23.5946  -68.1354    9.4593
    0.2757   -0.8793    0.3883
    0.9475    0.1804   -0.2641
    0.1622    0.4408    0.8828
...   122 G-C ...
   24.5052  -66.7736   12.3963
    0.7811   -0.6172    0.0949
    0.5975    0.6946   -0.4006
    0.1813    0.3696    0.9113
...   123 T-A ...
   24.9248  -66.1297   15.6724
    0.9806   -0.1337   -0.1436
    0.0702    0.9225   -0.3795
    0.1832    0.3620    0.9140
...   124 G-C ...
   25.5772  -64.6113   18.5921
    0.8103    0.4408   -0.3862
   -0.5395    0.8185   -0.1978
    0.2289    0.3686    0.9010
...   125 T-A ...
   26.7922  -63.8229   21.6336
    0.3779    0.8145   -0.4403
   -0.8989    0.4366    0.0362
    0.2217    0.3821    0.8971
...   126 C-G ...
   27.5835  -62.6296   24.6255
   -0.2584    0.9007   -0.3493
   -0.9451   -0.1609    0.2843
    0.1999    0.4036    0.8928
...   127 G-C ...
   27.8937  -61.4502   27.8023
   -0.7769    0.5850   -0.2326
   -0.6215   -0.6536    0.4320
    0.1007    0.4802    0.8714
...   128 A-T ...
   28.2319  -59.8295   30.6411
   -0.9986    0.0475    0.0234
   -0.0299   -0.8714    0.4896
    0.0437    0.4882    0.8716
...   129 C-G ...
   28.1551  -57.7181   33.1797
   -0.8594   -0.4518    0.2393
    0.5112   -0.7509    0.4182
   -0.0093    0.4817    0.8763
...   130 C-G ...
   27.6959  -56.1219   36.1239
   -0.4199   -0.8370    0.3508
    0.9025   -0.3443    0.2586
   -0.0957    0.4252    0.9000
...   131 A-T ...
   27.5570  -54.9180   39.2631
    0.2071   -0.9103    0.3585
    0.9692    0.2407    0.0513
   -0.1330    0.3369    0.9321
...   132 A-T ...
   26.8922  -53.9846   42.3189
    0.7404   -0.5757    0.3469
    0.6526    0.7392   -0.1663
   -0.1608    0.3495    0.9230
...   133 A-T ...
   26.2244  -53.1024   45.3977
    0.9748    0.0026    0.2232
    0.0773    0.9342   -0.3483
   -0.2094    0.3568    0.9104
...   134 T-A ...
   25.6308  -52.5797   48.6350
    0.8597    0.5096    0.0340
   -0.4497    0.7867   -0.4230
   -0.2423    0.3484    0.9055
...   135 G-C ...
   25.2859  -52.4982   52.0751
    0.3205    0.9427   -0.0927
   -0.8825    0.2616   -0.3908
   -0.3442    0.2071    0.9158
...   136 T-A ...
   25.5356  -52.9669   55.8003
   -0.2443    0.9563   -0.1608
   -0.8908   -0.2868   -0.3525
   -0.3832    0.0571    0.9219
...   137 G-C ...
   24.9038  -52.7261   58.9822
   -0.7529    0.5562   -0.3519
   -0.5214   -0.8303   -0.1968
   -0.4017    0.0354    0.9151
...   138 A-T ...
   24.0250  -51.6262   61.9211
   -0.9563    0.0400   -0.2896
   -0.0523   -0.9980    0.0347
   -0.2877    0.0483    0.9565
...   139 G-C ...
   22.3574  -51.2301   64.4910
   -0.8529   -0.5117   -0.1032
    0.4973   -0.8566    0.1372
   -0.1586    0.0657    0.9852
...   140 C-G ...
   22.1609  -50.1387   67.4619
   -0.4681   -0.8749    0.1247
    0.8495   -0.4066    0.3363
   -0.2435    0.2633    0.9335
...   141 G-C ...
   21.4367  -51.8165   72.7857
    0.1304   -0.7141   -0.6877
    0.8897   -0.2218    0.3990
   -0.4375   -0.6639    0.6065
...   142 C-G ...
   20.4355  -54.2996   74.5396
    0.5847   -0.7390   -0.3347
    0.7593    0.3532    0.5466
   -0.2857   -0.5737    0.7676
...   143 T-A ...
   18.4378  -55.5191   76.5274
    0.8548   -0.5006    0.1370
    0.3188    0.7147    0.6225
   -0.4096   -0.4884    0.7705
...   144 C-G ...
   16.8485  -57.7128   78.2649
    0.8529   -0.0846    0.5152
   -0.1509    0.9047    0.3983
   -0.4998   -0.4175    0.7589
...   145 A-T ...
   15.7933  -59.5519   80.7964
    0.5515    0.4995    0.6681
   -0.6739    0.7388    0.0040
   -0.4915   -0.4525    0.7441
...   146 C-G ...
   15.7411  -61.4840   83.9296
    0.0342    0.7400    0.6718
   -0.8637    0.3601   -0.3527
   -0.5029   -0.5681    0.6514
...   147 A-T ...
   14.7482  -63.4172   86.8166
   -0.5923    0.6746    0.4405
   -0.6886   -0.1400   -0.7115
   -0.4183   -0.7247    0.5475
