  147 base-pairs
...     1 T-A ...
    0.0000    0.0000    0.0000
    1.0000    0.0000    0.0000
    0.0000    1.0000    0.0000
    0.0000    0.0000    1.0000
...     2 G-C ...
   -0.5555   -1.1003    3.3981
    0.7749    0.6051    0.1828
   -0.5991    0.7953   -0.0929
   -0.2016   -0.0375    0.9787
...     3 T-A ...
   -0.6619   -3.0237    6.5348
    0.3046    0.9250    0.2271
   -0.8994    0.3578   -0.2510
   -0.3134   -0.1278    0.9410
...     4 G-C ...
   -1.1607   -3.8418    9.6940
   -0.3351    0.9421    0.0133
   -0.8752   -0.3061   -0.3746
   -0.3489   -0.1372    0.9271
...     5 A-T ...
   -1.3881   -3.6770   12.8999
   -0.7835    0.6162   -0.0801
   -0.5677   -0.7622   -0.3109
   -0.2527   -0.1981    0.9470
...     6 G-C ...
   -2.6236   -3.5448   15.7072
   -0.9923    0.0611   -0.1075
   -0.0294   -0.9610   -0.2748
   -0.1201   -0.2695    0.9555
...     7 C-G ...
   -2.3138   -3.7570   18.8866
   -0.8620   -0.4995   -0.0864
    0.5008   -0.8655    0.0073
   -0.0785   -0.0370    0.9962
...     8 G-C ...
   -3.9561   -6.8109   23.3205
   -0.2581   -0.3560   -0.8981
    0.6294   -0.7673    0.1233
   -0.7330   -0.5335    0.4221
...     9 C-G ...
   -6.1177   -8.9414   24.2385
    0.1143   -0.7320   -0.6716
    0.8123   -0.3203    0.4874
   -0.5720   -0.6013    0.5580
...    10 T-A ...
   -8.5041   -9.6771   26.0540
    0.4660   -0.8587   -0.2131
    0.6274    0.1508    0.7640
   -0.6239   -0.4897    0.6090
...    11 C-G ...
  -11.0625  -11.3174   27.2336
    0.6660   -0.6911    0.2808
    0.3382    0.6152    0.7121
   -0.6649   -0.3794    0.6435
...    12 A-T ...
  -13.0013  -13.1789   29.0658
    0.7188   -0.1490    0.6790
   -0.1787    0.9043    0.3876
   -0.6718   -0.4000    0.6235
...    13 C-G ...
  -14.1788  -15.9359   31.3399
    0.4052    0.2865    0.8682
   -0.5270    0.8492   -0.0343
   -0.7470   -0.4437    0.4951
...    14 A-T ...
  -15.9532  -18.1566   33.3080
   -0.1503    0.6873    0.7107
   -0.6106    0.5008   -0.6135
   -0.7776   -0.5261    0.3444
...    15 A-T ...
  -18.2878  -19.9793   34.6940
   -0.5267    0.8195    0.2258
   -0.4037   -0.0074   -0.9149
   -0.7480   -0.5731    0.3347
...    16 T-A ...
  -20.5015  -21.7428   36.4618
   -0.6926    0.6664   -0.2759
   -0.0594   -0.4339   -0.8990
   -0.7188   -0.6063    0.3401
...    17 T-A ...
  -22.7762  -23.6107   37.8972
   -0.6339    0.2355   -0.7367
    0.3875   -0.7276   -0.5660
   -0.6693   -0.6443    0.3700
...    18 T-A ...
  -25.0225  -25.5165   39.3042
   -0.3011   -0.2621   -0.9169
    0.7098   -0.7037   -0.0319
   -0.6368   -0.6604    0.3979
...    19 A-T ...
  -26.8372  -27.9314   40.8213
    0.2385   -0.6199   -0.7476
    0.7557   -0.3651    0.5438
   -0.6100   -0.6946    0.3813
...    20 T-A ...
  -29.2126  -30.0614   41.5698
    0.6082   -0.6993   -0.3756
    0.5311    0.0068    0.8473
   -0.5899   -0.7148    0.3755
...    21 T-A ...
  -31.1230  -32.4515   42.6120
    0.8318   -0.5325    0.1567
    0.0835    0.3991    0.9131
   -0.5488   -0.7464    0.3764
...    22 C-G ...
  -32.7249  -35.0236   43.8477
    0.7523   -0.1463    0.6423
   -0.4429    0.6094    0.6576
   -0.4876   -0.7793    0.3936
...    23 G-C ...
  -34.2344  -37.4662   45.6526
    0.4164    0.3165    0.8523
   -0.8303    0.5143    0.2146
   -0.3704   -0.7970    0.4770
...    24 C-G ...
  -34.9581  -40.1893   47.4640
   -0.1119    0.5744    0.8109
   -0.9360    0.2132   -0.2801
   -0.3338   -0.7903    0.5137
...    25 A-T ...
  -36.3115  -42.7388   49.1630
   -0.6354    0.6246    0.4541
   -0.6948   -0.2058   -0.6891
   -0.3369   -0.7534    0.5648
...    26 A-T ...
  -37.2043  -45.1118   51.2338
   -0.9426    0.3332   -0.0198
   -0.1691   -0.5278   -0.8324
   -0.2878   -0.7813    0.5538
...    27 A-T ...
  -38.0855  -47.5025   53.2857
   -0.8681   -0.0876   -0.4886
    0.4369   -0.6019   -0.6684
   -0.2355   -0.7938    0.5608
...    28 G-C ...
  -39.0198  -49.9984   55.3085
   -0.4681   -0.3680   -0.8034
    0.8496   -0.4375   -0.2946
   -0.2431   -0.8205    0.5174
...    29 G-C ...
  -40.0036  -52.6729   57.1436
    0.1133   -0.4751   -0.8726
    0.9683   -0.1441    0.2042
   -0.2228   -0.8681    0.4437
...    30 C-G ...
  -41.1188  -55.5318   58.4248
    0.6457   -0.4195   -0.6381
    0.7420    0.1470    0.6541
   -0.1806   -0.8958    0.4062
...    31 C-G ...
  -41.7439  -58.6700   59.4946
    0.9629   -0.1671   -0.2119
    0.2573    0.3311    0.9078
   -0.0816   -0.9287    0.3618
...    32 G-C ...
  -41.6945  -61.6951   61.0214
    0.9402    0.1766    0.2914
   -0.3342    0.3124    0.8892
    0.0660   -0.9334    0.3527
...    33 G-C ...
  -40.9787  -64.8277   62.1068
    0.5848    0.4023    0.7043
   -0.7949    0.1113    0.5965
    0.1616   -0.9087    0.3849
...    34 C-G ...
  -39.9172  -67.7347   63.3817
    0.0306    0.4257    0.9044
   -0.9796   -0.1672    0.1118
    0.1988   -0.8893    0.4119
...    35 C-G ...
  -38.9965  -70.5447   65.0715
   -0.5425    0.3008    0.7844
   -0.8142   -0.4182   -0.4027
    0.2069   -0.8571    0.4718
...    36 C-G ...
  -38.2185  -73.2710   66.9624
   -0.9195    0.0486    0.3901
   -0.3533   -0.5372   -0.7659
    0.1723   -0.8421    0.5111
...    37 G-C ...
  -37.6947  -76.3447   68.3044
   -0.9603   -0.2183   -0.1735
    0.2591   -0.4679   -0.8449
    0.1033   -0.8564    0.5059
...    38 A-T ...
  -37.3062  -79.1138   70.0716
   -0.6048   -0.4410   -0.6631
    0.7898   -0.2252   -0.5706
    0.1023   -0.8688    0.4845
...    39 C-G ...
  -37.5278  -81.8865   71.9000
   -0.0838   -0.4649   -0.8814
    0.9911    0.0525   -0.1220
    0.1030   -0.8838    0.4563
...    40 A-T ...
  -36.9084  -84.8226   73.4237
    0.5005   -0.2433   -0.8308
    0.8535    0.2990    0.4266
    0.1446   -0.9227    0.3574
...    41 C-G ...
  -36.8287  -88.0470   74.1455
    0.8725   -0.0022   -0.4886
    0.4547    0.3694    0.8104
    0.1787   -0.9293    0.3233
...    42 G-C ...
  -35.8661  -91.0185   75.4719
    0.9453    0.3252    0.0246
   -0.1117    0.2521    0.9612
    0.3064   -0.9114    0.2746
...    43 A-T ...
  -34.6774  -93.9774   76.3228
    0.6748    0.4409    0.5918
   -0.6505   -0.0236    0.7592
    0.3487   -0.8973    0.2709
...    44 C-G ...
  -32.9398  -96.7769   76.9022
    0.2079    0.3721    0.9046
   -0.9038   -0.2807    0.3231
    0.3741   -0.8848    0.2779
...    45 T-A ...
  -31.3677  -99.5451   77.9476
   -0.3409    0.1811    0.9225
   -0.8547   -0.4683   -0.2239
    0.3915   -0.8648    0.3144
...    46 T-A ...
  -29.8360 -102.2137   79.0537
   -0.7667   -0.1724    0.6185
   -0.4859   -0.4739   -0.7344
    0.4197   -0.8635    0.2796
...    47 A-T ...
  -28.4018 -105.3032   79.4439
   -0.8743   -0.4850   -0.0198
    0.1395   -0.2121   -0.9672
    0.4649   -0.8484    0.2531
...    48 C-G ...
  -27.0824 -108.0322   80.8632
   -0.6662   -0.5051   -0.5487
    0.5909    0.0912   -0.8015
    0.4549   -0.8582    0.2377
...    49 T-A ...
  -25.8238 -110.9878   81.7776
   -0.2610   -0.3143   -0.9127
    0.8618    0.3501   -0.3670
    0.4349   -0.8824    0.1795
...    50 G-C ...
  -24.1595 -113.8815   82.1929
    0.2392    0.0527   -0.9695
    0.8613    0.4495    0.2369
    0.4483   -0.8917    0.0621
...    51 T-A ...
  -23.1367 -117.0185   82.0129
    0.6401    0.3292   -0.6942
    0.6036    0.3435    0.7195
    0.4753   -0.8796    0.0212
...    52 A-T ...
  -21.3318 -119.8555   82.1850
    0.8393    0.5332   -0.1060
    0.1020    0.0370    0.9941
    0.5340   -0.8452   -0.0234
...    53 G-C ...
  -19.3970 -122.5452   81.8124
    0.7231    0.5170    0.4581
   -0.3554   -0.2902    0.8885
    0.5923   -0.8053   -0.0261
...    54 G-C ...
  -17.0365 -124.9889   81.6923
    0.3562    0.3106    0.8813
   -0.6720   -0.5702    0.4726
    0.6493   -0.7605    0.0056
...    55 T-A ...
  -14.3985 -127.0682   81.6498
   -0.0732   -0.0498    0.9961
   -0.7509   -0.6546   -0.0879
    0.6564   -0.7543    0.0105
...    56 A-T ...
  -12.5669 -129.9690   81.3050
   -0.5157   -0.5364    0.6681
   -0.5183   -0.4256   -0.7418
    0.6822   -0.7288   -0.0586
...    57 T-A ...
  -10.0704 -132.1294   81.7082
   -0.6959   -0.6968    0.1740
   -0.1770   -0.0684   -0.9818
    0.6960   -0.7140   -0.0757
...    58 C-G ...
   -7.7175 -134.4623   81.5424
   -0.6739   -0.5765   -0.4621
    0.2749    0.3849   -0.8811
    0.6858   -0.7208   -0.1009
...    59 T-A ...
   -5.6058 -137.0458   81.3662
   -0.4584   -0.2192   -0.8613
    0.6007    0.6379   -0.4820
    0.6551   -0.7383   -0.1607
...    60 C-G ...
   -3.4880 -139.5129   80.8424
   -0.0428    0.2507   -0.9671
    0.7563    0.6407    0.1326
    0.6529   -0.7257   -0.2170
...    61 G-C ...
   -0.9943 -141.6774   80.0596
    0.2977    0.6710   -0.6791
    0.6741    0.3559    0.6472
    0.6760   -0.6505   -0.3464
...    62 A-T ...
    1.2500 -143.7126   78.7817
    0.6079    0.7823   -0.1359
    0.3825   -0.1386    0.9135
    0.6958   -0.6073   -0.3835
...    63 G-C ...
    3.5949 -145.5033   77.2300
    0.6737    0.6132    0.4123
    0.0149   -0.5691    0.8221
    0.7388   -0.5478   -0.3926
...    64 C-G ...
    6.2755 -146.8802   75.7595
    0.5458    0.1948    0.8150
   -0.3405   -0.8371    0.4281
    0.7656   -0.5112   -0.3905
...    65 T-A ...
    9.0622 -148.2872   74.5310
    0.2462   -0.2985    0.9221
   -0.5615   -0.8194   -0.1153
    0.7900   -0.4894   -0.3694
...    66 C-G ...
   11.7641 -149.8494   73.3823
   -0.1446   -0.7490    0.6466
   -0.5940   -0.4569   -0.6621
    0.7914   -0.4798   -0.3788
...    67 G-C ...
   14.1820 -151.5349   71.6944
   -0.5192   -0.8414    0.1498
   -0.4000    0.0843   -0.9126
    0.7553   -0.5337   -0.3803
...    68 G-C ...
   16.8847 -153.3134   70.6196
   -0.7094   -0.6026   -0.3655
   -0.0496    0.5600   -0.8270
    0.7031   -0.5685   -0.4272
...    69 G-C ...
   19.3130 -155.3518   69.3948
   -0.6838   -0.1275   -0.7185
    0.3449    0.8112   -0.4722
    0.6430   -0.5707   -0.5107
...    70 A-T ...
   21.4126 -157.2604   67.7563
   -0.3902    0.4180   -0.8204
    0.6821    0.7297    0.0474
    0.6185   -0.5411   -0.5699
...    71 T-A ...
   22.8860 -159.3532   65.7255
   -0.0137    0.7519   -0.6592
    0.7916    0.4109    0.4523
    0.6109   -0.5156   -0.6008
...    72 C-G ...
   24.8579 -160.8796   63.6073
    0.4200    0.8795   -0.2238
    0.6705   -0.1346    0.7296
    0.6116   -0.4565   -0.6462
...    73 C-G ...
   26.9851 -161.9385   61.2013
    0.6728    0.6861    0.2767
    0.3668   -0.6342    0.6806
    0.6425   -0.3565   -0.6784
...    74 G-C ...
   29.5417 -163.1925   59.3275
    0.7179    0.2031    0.6658
   -0.0352   -0.9447    0.3262
    0.6952   -0.2576   -0.6711
...    75 C-G ...
   32.0999 -163.6426   57.1771
    0.5659   -0.3756    0.7340
   -0.4190   -0.8977   -0.1364
    0.7101   -0.2304   -0.6653
...    76 T-A ...
   34.7064 -164.2177   55.1248
    0.2284   -0.8180    0.5279
   -0.6569   -0.5297   -0.5366
    0.7186   -0.2242   -0.6583
...    77 T-A ...
   37.2537 -164.7338   53.1246
   -0.1716   -0.9840    0.0486
   -0.6850    0.0837   -0.7238
    0.7081   -0.1575   -0.6883
...    78 T-A ...
   39.7545 -165.2168   51.0745
   -0.5272   -0.7393   -0.4188
   -0.4699    0.6643   -0.5813
    0.7080   -0.1097   -0.6977
...    79 A-T ...
   42.1037 -165.2160   48.6239
   -0.7374   -0.1365   -0.6615
   -0.0402    0.9865   -0.1586
    0.6742   -0.0904   -0.7330
...    80 A-T ...
   44.2363 -165.6583   46.2266
   -0.6533    0.4673   -0.5956
    0.3944    0.8817    0.2591
    0.6462   -0.0656   -0.7603
...    81 C-G ...
   45.9455 -166.2904   43.4942
   -0.3825    0.8703   -0.3102
    0.6960    0.4922    0.5228
    0.6076   -0.0159   -0.7940
...    82 A-T ...
   48.0553 -166.0676   40.8637
    0.0117    0.9868    0.1616
    0.8276   -0.1002    0.5522
    0.5611    0.1273   -0.8179
...    83 C-G ...
   49.3643 -165.2816   37.9194
    0.4392    0.7678    0.4664
    0.7127   -0.6139    0.3395
    0.5470    0.1833   -0.8168
...    84 T-A ...
   51.1022 -164.2506   35.2546
    0.7450    0.2818    0.6046
    0.3788   -0.9248   -0.0357
    0.5491    0.2557   -0.7957
...    85 T-A ...
   52.8059 -163.1034   32.7037
    0.8572   -0.3225    0.4014
   -0.1522   -0.9034   -0.4009
    0.4919    0.2826   -0.8235
...    86 T-A ...
   54.4487 -161.8465   30.1517
    0.6236   -0.7817   -0.0054
   -0.6564   -0.5198   -0.5468
    0.4247    0.3445   -0.8372
...    87 A-T ...
   54.9345 -160.5471   26.8959
    0.0120   -0.8548   -0.5188
   -0.9362    0.1726   -0.3061
    0.3512    0.4894   -0.7982
...    88 T-A ...
   56.6984 -159.1501   24.4402
   -0.4825   -0.6172   -0.6215
   -0.8070    0.5891    0.0413
    0.3407    0.5215   -0.7823
...    89 G-C ...
   57.6499 -157.1560   21.8939
   -0.8998   -0.1955   -0.3900
   -0.3631    0.8310    0.4213
    0.2417    0.5207   -0.8188
...    90 C-G ...
   58.5751 -155.7949   18.9956
   -0.9652    0.2605   -0.0214
    0.1999    0.7887    0.5814
    0.1683    0.5569   -0.8133
...    91 T-A ...
   58.8552 -154.0685   16.1791
   -0.7150    0.5790    0.3919
    0.6959    0.5355    0.4785
    0.0671    0.6148   -0.7858
...    92 T-A ...
   58.8737 -152.0548   13.6568
   -0.1866    0.7397    0.6466
    0.9821    0.1223    0.1434
    0.0270    0.6617   -0.7492
...    93 C-G ...
   58.8837 -149.6545   11.4179
    0.4409    0.6303    0.6389
    0.8975   -0.3066   -0.3169
   -0.0039    0.7132   -0.7009
...    94 A-T ...
   59.2197 -147.1940    9.1403
    0.8909    0.2715    0.3641
    0.4538   -0.5649   -0.6892
    0.0185    0.7792   -0.6265
...    95 T-A ...
   59.1260 -144.2123    7.6545
    0.9953   -0.0420   -0.0870
   -0.0944   -0.6147   -0.7831
   -0.0206    0.7876   -0.6158
...    96 G-C ...
   58.9874 -141.8614    5.2636
    0.7113   -0.4162   -0.5664
   -0.7028   -0.4308   -0.5660
   -0.0084    0.8007   -0.5990
...    97 T-A ...
   59.4788 -138.9551    3.5523
    0.1914   -0.5680   -0.8004
   -0.9809   -0.1383   -0.1364
   -0.0332    0.8113   -0.5837
...    98 T-A ...
   59.6368 -136.2122    1.7654
   -0.4517   -0.4892   -0.7461
   -0.8908    0.2004    0.4079
   -0.0500    0.8488   -0.5263
...    99 A-T ...
   59.1911 -133.0471    0.5039
   -0.9322   -0.2326   -0.2773
   -0.3547    0.4346    0.8278
   -0.0720    0.8701   -0.4876
...   100 T-A ...
   59.0084 -130.5449   -1.6120
   -0.9775    0.0022    0.2109
    0.1857    0.4827    0.8559
   -0.0999    0.8758   -0.4723
...   101 A-T ...
   58.5392 -127.5327   -3.0398
   -0.6439    0.1615    0.7478
    0.7322    0.4134    0.5413
   -0.2217    0.8961   -0.3844
...   102 A-T ...
   57.6257 -124.6586   -4.2023
   -0.0821    0.3191    0.9442
    0.9629    0.2698   -0.0075
   -0.2571    0.9085   -0.3294
...   103 C-G ...
   56.1695 -121.7770   -4.9440
    0.4685    0.3730    0.8009
    0.8397    0.0937   -0.5349
   -0.2745    0.9231   -0.2694
...   104 G-C ...
   55.8038 -118.4523   -5.7271
    0.8955    0.2856    0.3413
    0.3675   -0.0422   -0.9291
   -0.2509    0.9574   -0.1428
...   105 G-C ...
   55.2619 -115.0708   -5.8477
    0.9482    0.1755   -0.2649
   -0.2414   -0.1441   -0.9597
   -0.2066    0.9739   -0.0943
...   106 A-T ...
   54.6479 -111.7824   -6.0540
    0.5680    0.0765   -0.8194
   -0.7926   -0.2173   -0.5697
   -0.2217    0.9731   -0.0628
...   107 T-A ...
   54.5271 -108.4350   -5.9423
    0.0308   -0.0052   -0.9995
   -0.9696   -0.2428   -0.0286
   -0.2426    0.9701   -0.0125
...   108 C-G ...
   53.8014 -105.1665   -5.8373
   -0.5945   -0.1539   -0.7892
   -0.7586   -0.2181    0.6140
   -0.2666    0.9637    0.0129
...   109 C-G ...
   53.1332 -101.8153   -5.8244
   -0.8998   -0.3304   -0.2850
   -0.2616   -0.1143    0.9584
   -0.3492    0.9369    0.0164
...   110 G-C ...
   52.0395  -98.6117   -5.2552
   -0.8222   -0.4660    0.3269
    0.3285    0.0806    0.9410
   -0.4649    0.8811    0.0868
...   111 G-C ...
   50.3105  -95.7165   -5.0736
   -0.4281   -0.4456    0.7862
    0.7320    0.3391    0.5909
   -0.5299    0.8285    0.1811
...   112 C-G ...
   48.1284  -93.2783   -4.4882
    0.0985   -0.2406    0.9656
    0.8314    0.5531    0.0530
   -0.5469    0.7976    0.2545
...   113 T-A ...
   46.1391  -90.8694   -3.3309
    0.5906    0.0398    0.8060
    0.6031    0.6418   -0.4736
   -0.5362    0.7658    0.3550
...   114 C-G ...
   44.5263  -88.3644   -1.8987
    0.8498    0.4063    0.3358
    0.0870    0.5201   -0.8496
   -0.5199    0.7512    0.4066
...   115 G-C ...
   43.0583  -85.4709   -0.7841
    0.7548    0.5993   -0.2668
   -0.4848    0.2356   -0.8423
   -0.4419    0.7651    0.4684
...   116 T-A ...
   42.0630  -82.9451    1.2482
    0.3424    0.6381   -0.6896
   -0.8308   -0.1371   -0.5394
   -0.4387    0.7576    0.4832
...   117 A-T ...
   39.6813  -80.9015    2.9240
   -0.4356    0.4375   -0.7867
   -0.7902   -0.6044    0.1014
   -0.4311    0.6658    0.6090
...   118 T-A ...
   38.7642  -78.2762    4.7716
   -0.8092    0.0637   -0.5841
   -0.4195   -0.7586    0.4985
   -0.4113    0.6484    0.6406
...   119 A-T ...
   37.5170  -76.6487    7.6087
   -0.8908   -0.4532   -0.0314
    0.2897   -0.6200    0.7292
   -0.3499    0.6405    0.6836
...   120 A-T ...
   36.3125  -74.4776    9.7166
   -0.5319   -0.7391    0.4132
    0.7761   -0.2303    0.5871
   -0.3388    0.6330    0.6961
...   121 T-A ...
   34.6382  -72.4433   11.6897
   -0.0341   -0.7607    0.6482
    0.9408    0.1945    0.2778
   -0.3374    0.6193    0.7090
...   122 G-C ...
   33.8245  -70.4285   14.2962
    0.5787   -0.5528    0.5996
    0.7561    0.6392   -0.1405
   -0.3056    0.5346    0.7879
...   123 T-A ...
   32.5940  -69.2383   17.1528
    0.9129   -0.1254    0.3884
    0.3015    0.8487   -0.4345
   -0.2751    0.5138    0.8126
...   124 G-C ...
   31.9682  -67.2451   19.8236
    0.9229    0.3842   -0.0261
   -0.3375    0.7741   -0.5356
   -0.1856    0.5031    0.8441
...   125 T-A ...
   31.8252  -65.9483   22.9270
    0.5746    0.7475   -0.3332
   -0.8015    0.4315   -0.4141
   -0.1658    0.5050    0.8471
...   126 C-G ...
   31.3945  -64.2259   25.7519
   -0.0623    0.8541   -0.5164
   -0.9861   -0.1325   -0.1002
   -0.1540    0.5030    0.8505
...   127 G-C ...
   30.4069  -62.6513   28.6419
   -0.6455    0.5636   -0.5155
   -0.7431   -0.6194    0.2532
   -0.1766    0.5465    0.8186
...   128 A-T ...
   29.9184  -60.8189   31.3844
   -0.9691    0.0423   -0.2431
   -0.1655   -0.8423    0.5130
   -0.1831    0.5374    0.8232
...   129 C-G ...
   29.2826  -58.5349   33.7651
   -0.8905   -0.4491    0.0735
    0.4101   -0.7220    0.5573
   -0.1972    0.5264    0.8271
...   130 C-G ...
   28.4661  -56.6647   36.4857
   -0.4650   -0.8268    0.3165
    0.8514   -0.3197    0.4157
   -0.2426    0.4628    0.8527
...   131 A-T ...
   28.0008  -55.1958   39.5067
    0.1799   -0.8892    0.4208
    0.9530    0.2635    0.1494
   -0.2437    0.3741    0.8948
...   132 A-T ...
   27.0750  -54.1116   42.4323
    0.7204   -0.5543    0.4169
    0.6509    0.7479   -0.1304
   -0.2395    0.3653    0.8995
...   133 A-T ...
   26.2592  -53.1245   45.4278
    0.9675    0.0097    0.2528
    0.0814    0.9342   -0.3474
   -0.2396    0.3567    0.9030
...   134 T-A ...
   25.6308  -52.5796   48.6349
    0.8597    0.5096    0.0340
   -0.4497    0.7867   -0.4230
   -0.2423    0.3484    0.9055
...   135 G-C ...
   25.2859  -52.4981   52.0750
    0.3205    0.9427   -0.0927
   -0.8825    0.2616   -0.3908
   -0.3442    0.2071    0.9158
...   136 T-A ...
   25.5356  -52.9668   55.8002
   -0.2443    0.9563   -0.1608
   -0.8908   -0.2868   -0.3525
   -0.3832    0.0571    0.9219
...   137 G-C ...
   24.9038  -52.7259   58.9820
   -0.7529    0.5562   -0.3519
   -0.5214   -0.8303   -0.1968
   -0.4017    0.0354    0.9151
...   138 A-T ...
   24.0250  -51.6261   61.9210
   -0.9563    0.0400   -0.2896
   -0.0523   -0.9980    0.0347
   -0.2877    0.0483    0.9565
...   139 G-C ...
   22.3575  -51.2299   64.4909
   -0.8529   -0.5117   -0.1032
    0.4973   -0.8566    0.1372
   -0.1586    0.0657    0.9852
...   140 C-G ...
   22.1609  -50.1386   67.4617
   -0.4681   -0.8749    0.1247
    0.8495   -0.4066    0.3363
   -0.2435    0.2633    0.9335
...   141 G-C ...
   21.4367  -51.8164   72.7855
    0.1304   -0.7141   -0.6877
    0.8897   -0.2218    0.3990
   -0.4375   -0.6639    0.6065
...   142 C-G ...
   20.4355  -54.2994   74.5394
    0.5847   -0.7390   -0.3347
    0.7593    0.3532    0.5466
   -0.2857   -0.5737    0.7676
...   143 T-A ...
   18.4378  -55.5190   76.5272
    0.8548   -0.5006    0.1370
    0.3188    0.7147    0.6225
   -0.4096   -0.4884    0.7705
...   144 C-G ...
   16.8485  -57.7126   78.2647
    0.8529   -0.0846    0.5152
   -0.1509    0.9047    0.3983
   -0.4998   -0.4175    0.7589
...   145 A-T ...
   15.7933  -59.5518   80.7962
    0.5515    0.4995    0.6681
   -0.6739    0.7388    0.0040
   -0.4915   -0.4525    0.7441
...   146 C-G ...
   15.7411  -61.4839   83.9295
    0.0342    0.7400    0.6718
   -0.8637    0.3601   -0.3527
   -0.5029   -0.5681    0.6514
...   147 A-T ...
   14.7482  -63.4170   86.8164
   -0.5923    0.6746    0.4405
   -0.6886   -0.1400   -0.7115
   -0.4183   -0.7247    0.5475
