  147 base-pairs
...     1 T-A ...
    0.0000    0.0000    0.0000
    1.0000    0.0000    0.0000
    0.0000    1.0000    0.0000
    0.0000    0.0000    1.0000
...     2 G-C ...
   -0.5555   -1.1003    3.3981
    0.7749    0.6051    0.1828
   -0.5991    0.7953   -0.0929
   -0.2016   -0.0375    0.9787
...     3 T-A ...
   -0.6619   -3.0237    6.5348
    0.3046    0.9250    0.2271
   -0.8994    0.3578   -0.2510
   -0.3134   -0.1278    0.9410
...     4 G-C ...
   -1.1607   -3.8418    9.6940
   -0.3351    0.9421    0.0133
   -0.8752   -0.3061   -0.3746
   -0.3489   -0.1372    0.9271
...     5 A-T ...
   -1.3881   -3.6770   12.8999
   -0.7835    0.6162   -0.0801
   -0.5677   -0.7622   -0.3109
   -0.2527   -0.1981    0.9470
...     6 G-C ...
   -2.6236   -3.5448   15.7072
   -0.9923    0.0611   -0.1075
   -0.0294   -0.9610   -0.2748
   -0.1201   -0.2695    0.9555
...     7 C-G ...
   -2.3138   -3.7570   18.8866
   -0.8620   -0.4995   -0.0864
    0.5008   -0.8655    0.0073
   -0.0785   -0.0370    0.9962
...     8 G-C ...
   -3.9561   -6.8109   23.3205
   -0.2581   -0.3560   -0.8981
    0.6294   -0.7673    0.1233
   -0.7330   -0.5335    0.4221
...     9 C-G ...
   -6.1177   -8.9414   24.2385
    0.1143   -0.7320   -0.6716
    0.8123   -0.3203    0.4874
   -0.5720   -0.6013    0.5580
...    10 T-A ...
   -8.5041   -9.6771   26.0540
    0.4660   -0.8587   -0.2131
    0.6274    0.1508    0.7640
   -0.6239   -0.4897    0.6090
...    11 C-G ...
  -11.0625  -11.3174   27.2336
    0.6660   -0.6911    0.2808
    0.3382    0.6152    0.7121
   -0.6649   -0.3794    0.6435
...    12 A-T ...
  -13.0013  -13.1789   29.0658
    0.7188   -0.1490    0.6790
   -0.1787    0.9043    0.3876
   -0.6718   -0.4000    0.6235
...    13 C-G ...
  -14.1788  -15.9359   31.3399
    0.4052    0.2865    0.8682
   -0.5270    0.8492   -0.0343
   -0.7470   -0.4437    0.4951
...    14 A-T ...
  -15.9532  -18.1566   33.3080
   -0.1503    0.6873    0.7107
   -0.6106    0.5008   -0.6135
   -0.7776   -0.5261    0.3444
...    15 A-T ...
  -18.3859  -19.8414   34.6954
   -0.5006    0.8399    0.2099
   -0.4254   -0.0275   -0.9046
   -0.7540   -0.5421    0.3711
...    16 T-A ...
  -20.6318  -21.5234   36.6545
   -0.6999    0.6491   -0.2981
   -0.0714   -0.4788   -0.8750
   -0.7107   -0.5911    0.3814
...    17 T-A ...
  -22.9001  -23.2389   38.2767
   -0.6553    0.1873   -0.7317
    0.3803   -0.7552   -0.5339
   -0.6526   -0.6281    0.4237
...    18 T-A ...
  -25.1178  -25.0367   39.9236
   -0.3410   -0.3269   -0.8814
    0.7143   -0.6996   -0.0169
   -0.6111   -0.6354    0.4720
...    19 A-T ...
  -26.8109  -27.4045   41.7104
    0.1973   -0.6888   -0.6976
    0.7935   -0.3056    0.5262
   -0.5757   -0.6574    0.4863
...    20 T-A ...
  -29.1463  -29.4418   42.8569
    0.5936   -0.7373   -0.3224
    0.5832    0.1180    0.8037
   -0.5546   -0.6652    0.5000
...    21 T-A ...
  -31.0272  -31.6950   44.2798
    0.8437   -0.5111    0.1642
    0.1442    0.5104    0.8478
   -0.5171   -0.6916    0.5043
...    22 C-G ...
  -32.5745  -34.0205   46.0014
    0.7984   -0.0721    0.5978
   -0.3906    0.6936    0.6053
   -0.4583   -0.7167    0.5256
...    23 G-C ...
  -33.9125  -36.0106   48.4825
    0.5081    0.4451    0.7374
   -0.8096    0.5390    0.2324
   -0.2940   -0.7151    0.6342
...    24 C-G ...
  -34.4604  -38.4521   50.6100
    0.0167    0.6994    0.7145
   -0.9607    0.2094   -0.1824
   -0.2772   -0.6834    0.6754
...    25 A-T ...
  -35.9507  -40.5862   52.8001
   -0.5676    0.6957    0.4403
   -0.7817   -0.2874   -0.5536
   -0.2586   -0.6583    0.7069
...    26 A-T ...
  -36.7029  -42.5895   55.3183
   -0.9314    0.3599    0.0547
   -0.2906   -0.6445   -0.7072
   -0.2193   -0.6746    0.7049
...    27 A-T ...
  -37.2539  -44.5884   57.8629
   -0.9296   -0.1430   -0.3398
    0.3368   -0.7040   -0.6253
   -0.1498   -0.6957    0.7026
...    28 G-C ...
  -38.0272  -46.6805   60.4259
   -0.5778   -0.4923   -0.6510
    0.7996   -0.5011   -0.3308
   -0.1634   -0.7117    0.6832
...    29 G-C ...
  -38.7433  -49.0444   62.8488
    0.0173   -0.6434   -0.7653
    0.9897   -0.0979    0.1046
   -0.1422   -0.7593    0.6351
...    30 C-G ...
  -39.5604  -51.4983   64.8882
    0.5807   -0.5337   -0.6147
    0.8085    0.2894    0.5125
   -0.0956   -0.7946    0.5996
...    31 C-G ...
  -40.0544  -54.1726   66.8223
    0.9380   -0.2020   -0.2816
    0.3465    0.5295    0.7743
   -0.0073   -0.8239    0.5667
...    32 G-C ...
  -39.7562  -56.5648   68.8217
    0.9723    0.2163    0.0889
   -0.1918    0.5198    0.8325
    0.1338   -0.8264    0.5469
...    33 G-C ...
  -38.7545  -59.2452   70.5843
    0.6868    0.5328    0.4944
   -0.6913    0.2688    0.6707
    0.2245   -0.8025    0.5529
...    34 C-G ...
  -37.4855  -61.7182   72.3704
    0.1647    0.6272    0.7613
   -0.9472   -0.1147    0.2994
    0.2751   -0.7704    0.5752
...    35 C-G ...
  -36.2415  -63.9610   74.6684
   -0.4181    0.4684    0.7783
   -0.8537   -0.4955   -0.1603
    0.3105   -0.7315    0.6070
...    36 C-G ...
  -35.1006  -66.1771   76.9973
   -0.8448    0.1113    0.5234
   -0.4338   -0.7151   -0.5481
    0.3132   -0.6901    0.6524
...    37 G-C ...
  -34.0789  -69.2827   78.3567
   -0.9506   -0.3019    0.0718
    0.1445   -0.6355   -0.7585
    0.2746   -0.7107    0.6478
...    38 A-T ...
  -33.0709  -71.4527   80.4558
   -0.6763   -0.6215   -0.3955
    0.6761   -0.3105   -0.6682
    0.2925   -0.7192    0.6302
...    39 C-G ...
  -32.6002  -73.7728   82.6474
   -0.2253   -0.6606   -0.7161
    0.9326    0.0665   -0.3548
    0.2820   -0.7478    0.6011
...    40 A-T ...
  -31.6205  -76.3476   84.5929
    0.3503   -0.4266   -0.8338
    0.8836    0.4459    0.1431
    0.3108   -0.7869    0.5332
...    41 C-G ...
  -30.8271  -79.2483   85.9375
    0.7409   -0.0780   -0.6671
    0.5720    0.5938    0.5659
    0.3519   -0.8008    0.4845
...    42 G-C ...
  -29.3277  -81.5863   87.8364
    0.9013    0.3622   -0.2376
    0.0332    0.4891    0.8716
    0.4319   -0.7935    0.4288
...    43 A-T ...
  -27.9452  -84.1452   89.1546
    0.7409    0.5866    0.3272
   -0.5107    0.1755    0.8417
    0.4363   -0.7907    0.4296
...    44 C-G ...
  -26.0621  -86.7124   90.0696
    0.3264    0.6235    0.7104
   -0.8166   -0.1926    0.5441
    0.4761   -0.7577    0.4463
...    45 T-A ...
  -23.7246  -89.0793   91.5251
   -0.2229    0.4132    0.8829
   -0.8452   -0.5332    0.0362
    0.4857   -0.7382    0.4681
...    46 T-A ...
  -21.8737  -91.2951   93.0116
   -0.6339    0.0357    0.7726
   -0.5965   -0.6584   -0.4590
    0.4923   -0.7518    0.4387
...    47 A-T ...
  -20.2952  -94.0932   94.1676
   -0.8546   -0.4354    0.2829
   -0.0287   -0.5044   -0.8630
    0.5184   -0.7457    0.4186
...    48 C-G ...
  -18.7013  -96.2701   96.1605
   -0.7421   -0.6265   -0.2384
    0.4396   -0.1864   -0.8786
    0.5060   -0.7568    0.4137
...    49 T-A ...
  -17.3148  -98.9003   97.8012
   -0.4181   -0.5631   -0.7128
    0.7810    0.1780   -0.5987
    0.4640   -0.8070    0.3654
...    50 G-C ...
  -15.7165 -101.7213   98.7945
    0.0449   -0.2441   -0.9687
    0.8868    0.4563   -0.0738
    0.4600   -0.8557    0.2370
...    51 T-A ...
  -14.6868 -104.7100   99.3689
    0.4660    0.0743   -0.8816
    0.7445    0.5054    0.4361
    0.4780   -0.8597    0.1802
...    52 A-T ...
  -12.8444 -107.4805   99.8311
    0.7643    0.4496   -0.4623
    0.3448    0.3208    0.8821
    0.5449   -0.8336    0.0902
...    53 G-C ...
  -11.1142 -110.2336   99.9145
    0.7773    0.6260    0.0627
   -0.0851    0.0059    0.9964
    0.6233   -0.7798    0.0578
...    54 G-C ...
   -8.5066 -112.7027   99.4668
    0.5432    0.5701    0.6163
   -0.4846   -0.3866    0.7847
    0.6856   -0.7249    0.0663
...    55 T-A ...
   -5.8866 -114.7126   99.4943
    0.2064    0.2726    0.9397
   -0.6876   -0.6429    0.3375
    0.6962   -0.7158    0.0547
...    56 A-T ...
   -3.2521 -116.8586   99.7272
   -0.2648   -0.1667    0.9498
   -0.6602   -0.6866   -0.3046
    0.7029   -0.7077    0.0717
...    57 T-A ...
   -0.5263 -118.6530  100.2836
   -0.5533   -0.5309    0.6419
   -0.4268   -0.4811   -0.7658
    0.7153   -0.6977    0.0396
...    58 C-G ...
    1.9074 -120.9917  100.6953
   -0.7011   -0.7130    0.0101
    0.0081   -0.0222   -0.9997
    0.7130   -0.7008    0.0213
...    59 T-A ...
    4.1169 -123.5097  101.0045
   -0.6279   -0.5649   -0.5353
    0.3905    0.3663   -0.8446
    0.6732   -0.7394   -0.0093
...    60 C-G ...
    6.4029 -125.9963  100.9827
   -0.3040   -0.2016   -0.9311
    0.6895    0.6279   -0.3610
    0.6574   -0.7518   -0.0519
...    61 G-C ...
    8.9714 -128.1254  100.4567
   -0.0377    0.3205   -0.9465
    0.7758    0.6063    0.1744
    0.6298   -0.7278   -0.2715
...    62 A-T ...
   11.1721 -130.4635   99.5894
    0.3819    0.6617   -0.6452
    0.6511    0.3029    0.6960
    0.6560   -0.6858   -0.3152
...    63 G-C ...
   13.3248 -132.6214   98.2337
    0.6265    0.7650   -0.1496
    0.3697   -0.1226    0.9210
    0.6862   -0.6323   -0.3596
...    64 C-G ...
   15.6908 -134.4724   96.5637
    0.7067    0.5593    0.4333
   -0.0489   -0.5723    0.8186
    0.7058   -0.5997   -0.3771
...    65 T-A ...
   18.1291 -136.3118   95.2791
    0.5634    0.1465    0.8131
   -0.4025   -0.8107    0.4250
    0.7214   -0.5668   -0.3978
...    66 C-G ...
   20.4766 -138.3694   94.1503
    0.2045   -0.3978    0.8944
   -0.6433   -0.7433   -0.1835
    0.7378   -0.5378   -0.4079
...    67 G-C ...
   22.1860 -140.9523   92.3789
   -0.2314   -0.7527    0.6164
   -0.6296   -0.3672   -0.6847
    0.7417   -0.5465   -0.3889
...    68 G-C ...
   24.8276 -142.6503   91.0595
   -0.5973   -0.7921    0.1253
   -0.4174    0.1736   -0.8920
    0.6848   -0.5851   -0.4344
...    69 G-C ...
   27.2276 -144.6320   89.7833
   -0.7993   -0.4974   -0.3371
   -0.0203    0.5831   -0.8122
    0.6005   -0.6424   -0.4762
...    70 A-T ...
   29.2094 -146.9135   88.3649
   -0.6830   -0.0164   -0.7302
    0.4569    0.7704   -0.4447
    0.5698   -0.6374   -0.5187
...    71 T-A ...
   30.6286 -149.4300   86.7927
   -0.3726    0.4208   -0.8271
    0.7513    0.6600   -0.0026
    0.5448   -0.6223   -0.5620
...    72 C-G ...
   32.2050 -151.5091   84.7523
    0.1105    0.7666   -0.6325
    0.8432    0.2646    0.4680
    0.5261   -0.5851   -0.6172
...    73 C-G ...
   33.8555 -153.2881   82.5375
    0.4798    0.8524   -0.2081
    0.6782   -0.2098    0.7043
    0.5567   -0.4790   -0.6787
...    74 G-C ...
   36.0888 -154.8265   80.5592
    0.7233    0.6187    0.3067
    0.3222   -0.6952    0.6426
    0.6108   -0.3660   -0.7021
...    75 C-G ...
   38.3765 -155.4867   78.0054
    0.7778    0.0897    0.6220
   -0.1396   -0.9404    0.3101
    0.6128   -0.3280   -0.7190
...    76 T-A ...
   41.0038 -156.2056   75.7595
    0.5664   -0.4959    0.6582
   -0.5322   -0.8299   -0.1672
    0.6292   -0.2556   -0.7340
...    77 T-A ...
   43.2705 -156.7384   73.4366
    0.1807   -0.9199    0.3480
   -0.7783   -0.3501   -0.5212
    0.6013   -0.1767   -0.7793
...    78 T-A ...
   45.5287 -157.1235   71.0379
   -0.2838   -0.9548   -0.0888
   -0.7540    0.2794   -0.5944
    0.5924   -0.1017   -0.7992
...    79 A-T ...
   47.1879 -156.8535   68.0879
   -0.6985   -0.5623   -0.4427
   -0.4279    0.8240   -0.3715
    0.5737   -0.0701   -0.8161
...    80 A-T ...
   49.0480 -157.2151   65.5177
   -0.8421    0.0160   -0.5391
    0.0402    0.9986   -0.0331
    0.5379   -0.0496   -0.8416
...    81 C-G ...
   50.6888 -157.9557   62.6718
   -0.7092    0.5602   -0.4280
    0.4881    0.8282    0.2753
    0.5087   -0.0136   -0.8608
...    82 A-T ...
   52.3120 -157.7810   59.5241
   -0.3390    0.9403   -0.0300
    0.8494    0.3196    0.4199
    0.4045    0.1168   -0.9071
...    83 T-A ...
   52.9859 -157.3613   56.3722
    0.1237    0.9708    0.2054
    0.9115   -0.1930    0.3632
    0.3923    0.1423   -0.9088
...    84 C-G ...
   54.1348 -156.6201   53.3562
    0.6618    0.6303    0.4059
    0.6514   -0.7515    0.1047
    0.3710    0.1951   -0.9079
...    85 A-T ...
   55.3179 -155.8546   50.2791
    0.8865    0.0715    0.4571
    0.1975   -0.9519   -0.2342
    0.4184    0.2979   -0.8580
...    86 T-A ...
   56.7537 -154.3815   47.6721
    0.8585   -0.4505    0.2449
   -0.3109   -0.8371   -0.4501
    0.4078    0.3103   -0.8587
...    87 G-C ...
   58.0394 -153.1310   44.7862
    0.4560   -0.8776   -0.1480
   -0.8144   -0.3444   -0.4670
    0.3589    0.3335   -0.8718
...    88 T-A ...
   59.7029 -151.7809   42.0784
   -0.1010   -0.8922   -0.4401
   -0.9435    0.2262   -0.2422
    0.3157    0.3908   -0.8647
...    89 T-A ...
   60.9249 -150.4734   39.3786
   -0.6588   -0.5589   -0.5036
   -0.6949    0.7087    0.1225
    0.2884    0.4306   -0.8552
...    90 A-T ...
   61.7721 -148.6389   36.6058
   -0.9636    0.0258   -0.2662
   -0.1013    0.8860    0.4525
    0.2476    0.4629   -0.8511
...    91 T-A ...
   62.4255 -147.7319   33.5242
   -0.8773    0.4772    0.0518
    0.4293    0.7320    0.5290
    0.2146    0.4864   -0.8470
...    92 A-T ...
   63.2554 -145.8150   30.8823
   -0.4487    0.7698    0.4540
    0.8845    0.3097    0.3490
    0.1280    0.5582   -0.8198
...    93 A-T ...
   63.3690 -143.9070   28.3474
    0.1463    0.7711    0.6196
    0.9863   -0.1619   -0.0313
    0.0761    0.6157   -0.7843
...    94 C-G ...
   63.0429 -141.4279   26.0000
    0.6905    0.5342    0.4877
    0.7216   -0.5547   -0.4141
    0.0493    0.6379   -0.7685
...    95 G-C ...
   63.5322 -139.3217   23.4671
    0.9959    0.0764    0.0493
    0.0890   -0.7066   -0.7020
   -0.0188    0.7034   -0.7105
...    96 G-C ...
   63.7409 -136.9164   21.1802
    0.8700   -0.3703   -0.3255
   -0.4912   -0.5936   -0.6375
    0.0429    0.7145   -0.6983
...    97 A-T ...
   63.9754 -134.5266   18.9477
    0.3747   -0.6643   -0.6468
   -0.9266   -0.2445   -0.2856
    0.0316    0.7064   -0.7071
...    98 C-G ...
   64.6442 -132.1599   16.6830
   -0.2126   -0.6940   -0.6879
   -0.9770    0.1635    0.1370
    0.0174    0.7012   -0.7128
...    99 T-A ...
   65.1801 -129.8654   13.9617
   -0.7607   -0.4983   -0.4159
   -0.6464    0.5229    0.5557
   -0.0594    0.6915   -0.7199
...   100 T-A ...
   65.0463 -127.8264   11.4252
   -0.9936   -0.1120    0.0107
   -0.0715    0.7016    0.7090
   -0.0869    0.7037   -0.7051
...   101 T-A ...
   64.6461 -125.5167    9.1708
   -0.8383    0.2396    0.4896
    0.5137    0.6478    0.5625
   -0.1824    0.7231   -0.6662
...   102 A-T ...
   64.1002 -122.8327    7.2366
   -0.3309    0.4875    0.8079
    0.9042    0.4088    0.1237
   -0.2700    0.7715   -0.5761
...   103 T-A ...
   62.5375 -120.6159    5.5518
    0.1771    0.5670    0.8045
    0.9355    0.1570   -0.3166
   -0.3058    0.8086   -0.5026
...   104 G-C ...
   61.3965 -117.8038    4.1760
    0.7397    0.4642    0.4872
    0.6172   -0.1793   -0.7661
   -0.2683    0.8674   -0.4191
...   105 C-G ...
   60.4904 -114.6691    3.1784
    0.9578    0.2800   -0.0646
    0.0499   -0.3836   -0.9221
   -0.2830    0.8800   -0.3814
...   106 T-A ...
   60.1037 -111.2693    2.1549
    0.7740    0.0348   -0.6322
   -0.5680   -0.4032   -0.7176
   -0.2798    0.9145   -0.2923
...   107 T-A ...
   59.4047 -108.1965    1.3511
    0.2601   -0.1725   -0.9501
   -0.9158   -0.3560   -0.1860
   -0.3061    0.9184   -0.2506
...   108 C-G ...
   58.5362 -104.9240    0.6054
   -0.4300   -0.3197   -0.8443
   -0.8420   -0.1954    0.5028
   -0.3257    0.9272   -0.1852
...   109 C-G ...
   57.6365 -101.7211    0.3215
   -0.7816   -0.4864   -0.3905
   -0.4380   -0.0177    0.8988
   -0.4441    0.8736   -0.1992
...   110 G-C ...
   56.3711  -98.7712    0.2464
   -0.8220   -0.5359    0.1925
    0.0858    0.2176    0.9722
   -0.5630    0.8157   -0.1329
...   111 G-C ...
   54.4300  -96.1149   -0.1872
   -0.5427   -0.4151    0.7302
    0.5540    0.4766    0.6826
   -0.6314    0.7749   -0.0287
...   112 C-G ...
   51.8656  -93.9766   -0.2584
   -0.0729   -0.1223    0.9898
    0.7548    0.6419    0.1349
   -0.6519    0.7569    0.0456
...   113 T-A ...
   49.5237  -91.6322    0.1022
    0.4243    0.1752    0.8884
    0.6277    0.6503   -0.4280
   -0.6527    0.7392    0.1660
...   114 C-G ...
   47.8769  -88.9126    0.8992
    0.7380    0.5106    0.4412
    0.1550    0.5081   -0.8473
   -0.6567    0.6937    0.2959
...   115 G-C ...
   45.9188  -86.2698    1.5567
    0.6890    0.6997   -0.1887
   -0.4033    0.1539   -0.9020
   -0.6021    0.6976    0.3883
...   116 T-A ...
   44.5310  -83.6864    3.3516
    0.3376    0.6603   -0.6709
   -0.7377   -0.2572   -0.6243
   -0.5847    0.7056    0.4003
...   117 A-T ...
   42.6932  -81.2889    4.8728
   -0.2621    0.3751   -0.8892
   -0.7740   -0.6321   -0.0385
   -0.5764    0.6781    0.4560
...   118 T-A ...
   41.3231  -78.6218    6.3367
   -0.6724    0.0067   -0.7401
   -0.4905   -0.7528    0.4389
   -0.5543    0.6582    0.5095
...   119 A-T ...
   39.5772  -76.6179    8.7571
   -0.8679   -0.4885   -0.0905
    0.2312   -0.5584    0.7967
   -0.4397    0.6705    0.5976
...   120 A-T ...
   38.0990  -74.2962   10.5265
   -0.5410   -0.7493    0.3818
    0.7150   -0.1708    0.6780
   -0.4428    0.6398    0.6281
...   121 T-A ...
   36.1946  -72.2507   12.3210
   -0.0536   -0.7351    0.6758
    0.8984    0.2599    0.3540
   -0.4359    0.6261    0.6465
...   122 G-C ...
   34.7808  -70.1309   14.7906
    0.5843   -0.4851    0.6506
    0.7152    0.6866   -0.1304
   -0.3835    0.5415    0.7481
...   123 T-A ...
   33.4647  -68.8477   17.5154
    0.8924   -0.0566    0.4477
    0.2780    0.8505   -0.4466
   -0.3555    0.5230    0.7747
...   124 G-C ...
   32.4464  -67.0643   20.2471
    0.8918    0.4520    0.0184
   -0.3590    0.7319   -0.5792
   -0.2753    0.5100    0.8150
...   125 T-A ...
   31.8813  -65.7235   23.1314
    0.5564    0.7619   -0.3315
   -0.7980    0.3789   -0.4686
   -0.2314    0.5253    0.8189
...   126 C-G ...
   31.2771  -63.9245   25.7131
   -0.0543    0.8461   -0.5303
   -0.9773   -0.1540   -0.1458
   -0.2050    0.5103    0.8352
...   127 G-C ...
   29.8936  -62.4929   28.4974
   -0.6454    0.5586   -0.5210
   -0.7389   -0.6295    0.2404
   -0.1937    0.5401    0.8190
...   128 A-T ...
   29.4021  -60.7833   31.1768
   -0.9668    0.0586   -0.2489
   -0.1787   -0.8509    0.4940
   -0.1829    0.5221    0.8331
...   129 C-G ...
   28.8347  -58.4583   33.4923
   -0.8960   -0.4418    0.0450
    0.3937   -0.7434    0.5407
   -0.2054    0.5022    0.8400
...   130 C-G ...
   27.8514  -56.6632   36.2210
   -0.4897   -0.8292    0.2697
    0.8316   -0.3512    0.4303
   -0.2621    0.4349    0.8615
...   131 A-T ...
   28.0088  -55.2081   39.4040
    0.1679   -0.8900    0.4240
    0.9559    0.2521    0.1507
   -0.2410    0.3799    0.8931
...   132 A-T ...
   27.2004  -54.0641   42.3773
    0.7154   -0.5694    0.4049
    0.6604    0.7404   -0.1255
   -0.2283    0.3572    0.9057
...   133 A-T ...
   26.2844  -53.2054   45.4229
    0.9626    0.0024    0.2708
    0.0955    0.9328   -0.3475
   -0.2534    0.3604    0.8977
...   134 T-A ...
   25.6308  -52.5796   48.6350
    0.8597    0.5096    0.0340
   -0.4497    0.7867   -0.4230
   -0.2423    0.3484    0.9055
...   135 G-C ...
   25.2859  -52.4980   52.0751
    0.3205    0.9427   -0.0927
   -0.8825    0.2616   -0.3908
   -0.3442    0.2071    0.9158
...   136 T-A ...
   25.5356  -52.9668   55.8002
   -0.2443    0.9563   -0.1608
   -0.8908   -0.2868   -0.3525
   -0.3832    0.0571    0.9219
...   137 G-C ...
   24.9037  -52.7259   58.9821
   -0.7529    0.5562   -0.3519
   -0.5214   -0.8303   -0.1968
   -0.4017    0.0354    0.9151
...   138 A-T ...
   24.0249  -51.6261   61.9211
   -0.9563    0.0400   -0.2896
   -0.0523   -0.9980    0.0347
   -0.2877    0.0483    0.9565
...   139 G-C ...
   22.3574  -51.2299   64.4909
   -0.8529   -0.5117   -0.1032
    0.4973   -0.8566    0.1372
   -0.1586    0.0657    0.9852
...   140 C-G ...
   22.1608  -50.1386   67.4618
   -0.4681   -0.8749    0.1247
    0.8495   -0.4066    0.3363
   -0.2435    0.2633    0.9335
...   141 G-C ...
   21.4366  -51.8164   72.7856
    0.1304   -0.7141   -0.6877
    0.8897   -0.2218    0.3990
   -0.4375   -0.6639    0.6065
...   142 C-G ...
   20.4355  -54.2994   74.5395
    0.5847   -0.7390   -0.3347
    0.7593    0.3532    0.5466
   -0.2857   -0.5737    0.7676
...   143 T-A ...
   18.4378  -55.5190   76.5273
    0.8548   -0.5006    0.1370
    0.3188    0.7147    0.6225
   -0.4096   -0.4884    0.7705
...   144 C-G ...
   16.8485  -57.7126   78.2648
    0.8529   -0.0846    0.5152
   -0.1509    0.9047    0.3983
   -0.4998   -0.4175    0.7589
...   145 A-T ...
   15.7933  -59.5518   80.7963
    0.5515    0.4995    0.6681
   -0.6739    0.7388    0.0040
   -0.4915   -0.4525    0.7441
...   146 C-G ...
   15.7411  -61.4839   83.9296
    0.0342    0.7400    0.6718
   -0.8637    0.3601   -0.3527
   -0.5029   -0.5681    0.6514
...   147 A-T ...
   14.7481  -63.4170   86.8165
   -0.5923    0.6746    0.4405
   -0.6886   -0.1400   -0.7115
   -0.4183   -0.7247    0.5475
