  147 base-pairs
...     1 T-A ...
    0.0000    0.0000    0.0000
    1.0000    0.0000    0.0000
    0.0000    1.0000    0.0000
    0.0000    0.0000    1.0000
...     2 G-C ...
   -0.5555   -1.1003    3.3981
    0.7749    0.6051    0.1828
   -0.5991    0.7953   -0.0929
   -0.2016   -0.0375    0.9787
...     3 T-A ...
   -0.6619   -3.0237    6.5348
    0.3046    0.9250    0.2271
   -0.8994    0.3578   -0.2510
   -0.3134   -0.1278    0.9410
...     4 G-C ...
   -1.1607   -3.8418    9.6940
   -0.3351    0.9421    0.0133
   -0.8752   -0.3061   -0.3746
   -0.3489   -0.1372    0.9271
...     5 A-T ...
   -1.3881   -3.6770   12.8999
   -0.7835    0.6162   -0.0801
   -0.5677   -0.7622   -0.3109
   -0.2527   -0.1981    0.9470
...     6 G-C ...
   -2.6236   -3.5448   15.7072
   -0.9923    0.0611   -0.1075
   -0.0294   -0.9610   -0.2748
   -0.1201   -0.2695    0.9555
...     7 C-G ...
   -2.3138   -3.7570   18.8866
   -0.8620   -0.4995   -0.0864
    0.5008   -0.8655    0.0073
   -0.0785   -0.0370    0.9962
...     8 G-C ...
   -3.9561   -6.8109   23.3205
   -0.2581   -0.3560   -0.8981
    0.6294   -0.7673    0.1233
   -0.7330   -0.5335    0.4221
...     9 C-G ...
   -6.1177   -8.9414   24.2385
    0.1143   -0.7320   -0.6716
    0.8123   -0.3203    0.4874
   -0.5720   -0.6013    0.5580
...    10 T-A ...
   -8.5041   -9.6771   26.0540
    0.4660   -0.8587   -0.2131
    0.6274    0.1508    0.7640
   -0.6239   -0.4897    0.6090
...    11 C-G ...
  -11.0625  -11.3174   27.2336
    0.6660   -0.6911    0.2808
    0.3382    0.6152    0.7121
   -0.6649   -0.3794    0.6435
...    12 A-T ...
  -13.0013  -13.1789   29.0658
    0.7188   -0.1490    0.6790
   -0.1787    0.9043    0.3876
   -0.6718   -0.4000    0.6235
...    13 C-G ...
  -14.1788  -15.9359   31.3399
    0.4052    0.2865    0.8682
   -0.5270    0.8492   -0.0343
   -0.7470   -0.4437    0.4951
...    14 A-T ...
  -15.9532  -18.1566   33.3080
   -0.1503    0.6873    0.7107
   -0.6106    0.5008   -0.6135
   -0.7776   -0.5261    0.3444
...    15 A-T ...
  -18.2884  -19.9775   34.6942
   -0.5265    0.8196    0.2262
   -0.4040   -0.0071   -0.9147
   -0.7481   -0.5729    0.3349
...    16 T-A ...
  -20.5029  -21.7391   36.4622
   -0.6926    0.6667   -0.2753
   -0.0600   -0.4336   -0.8991
   -0.7189   -0.6062    0.3403
...    17 T-A ...
  -22.7783  -23.6052   37.8982
   -0.6346    0.2361   -0.7359
    0.3868   -0.7273   -0.5669
   -0.6691   -0.6444    0.3702
...    18 T-A ...
  -25.0245  -25.5101   39.3063
   -0.3023   -0.2612   -0.9167
    0.7097   -0.7037   -0.0335
   -0.6364   -0.6607    0.3981
...    19 A-T ...
  -26.8466  -27.9191   40.8186
    0.2370   -0.6174   -0.7501
    0.7568   -0.3668    0.5410
   -0.6092   -0.6959    0.3803
...    20 T-A ...
  -29.2201  -30.0508   41.5652
    0.6076   -0.6975   -0.3799
    0.5332    0.0037    0.8460
   -0.5887   -0.7166    0.3742
...    21 T-A ...
  -31.1258  -32.4454   42.6030
    0.8332   -0.5320    0.1510
    0.0864    0.3949    0.9147
   -0.5462   -0.7490    0.3750
...    22 C-G ...
  -32.7177  -35.0246   43.8324
    0.7561   -0.1478    0.6376
   -0.4408    0.6050    0.6630
   -0.4837   -0.7824    0.3923
...    23 G-C ...
  -34.2054  -37.4798   45.6359
    0.4214    0.3135    0.8509
   -0.8305    0.5103    0.2233
   -0.3642   -0.8008    0.4755
...    24 C-G ...
  -34.9039  -40.2113   47.4426
   -0.1075    0.5696    0.8148
   -0.9391    0.2108   -0.2713
   -0.3263   -0.7944    0.5123
...    25 A-T ...
  -36.2347  -42.7714   49.1414
   -0.6344    0.6187    0.4634
   -0.7001   -0.2058   -0.6838
   -0.3277   -0.7582    0.5637
...    26 A-T ...
  -37.0938  -45.1596   51.2092
   -0.9451    0.3268   -0.0084
   -0.1738   -0.5240   -0.8338
   -0.2769   -0.7865    0.5520
...    27 A-T ...
  -37.9357  -47.5673   53.2584
   -0.8727   -0.0924   -0.4795
    0.4348   -0.5942   -0.6767
   -0.2223   -0.7990    0.5587
...    28 G-C ...
  -38.8232  -50.0821   55.2782
   -0.4741   -0.3681   -0.7999
    0.8503   -0.4273   -0.3074
   -0.2286   -0.8258    0.5155
...    29 G-C ...
  -39.7540  -52.7726   57.1176
    0.1070   -0.4685   -0.8769
    0.9725   -0.1343    0.1904
   -0.2070   -0.8732    0.4413
...    30 C-G ...
  -40.8209  -55.6477   58.4006
    0.6414   -0.4073   -0.6502
    0.7496    0.1522    0.6442
   -0.1634   -0.9005    0.4029
...    31 C-G ...
  -41.3960  -58.7980   59.4592
    0.9615   -0.1521   -0.2290
    0.2678    0.3289    0.9056
   -0.0624   -0.9320    0.3570
...    32 G-C ...
  -41.2734  -61.8327   60.9583
    0.9427    0.1902    0.2742
   -0.3219    0.3013    0.8976
    0.0881   -0.9343    0.3453
...    33 G-C ...
  -40.4748  -64.9560   62.0091
    0.5925    0.4088    0.6941
   -0.7837    0.0933    0.6141
    0.1863   -0.9078    0.3757
...    34 C-G ...
  -39.3282  -67.8448   63.2476
    0.0430    0.4214    0.9059
   -0.9733   -0.1868    0.1331
    0.2253   -0.8874    0.4021
...    35 C-G ...
  -38.3155  -70.6398   64.9087
   -0.5297    0.2854    0.7988
   -0.8147   -0.4333   -0.3854
    0.2361   -0.8549    0.4620
...    36 C-G ...
  -37.4396  -73.3564   66.7698
   -0.9104    0.0257    0.4130
   -0.3599   -0.5416   -0.7597
    0.2041   -0.8403    0.5023
...    37 G-C ...
  -36.8112  -76.4234   68.0784
   -0.9586   -0.2420   -0.1499
    0.2490   -0.4576   -0.8536
    0.1380   -0.8556    0.4989
...    38 A-T ...
  -36.3019  -79.1870   69.8239
   -0.6099   -0.4548   -0.6490
    0.7802   -0.2014   -0.5922
    0.1386   -0.8675    0.4777
...    39 C-G ...
  -36.3966  -81.9707   71.6467
   -0.0944   -0.4640   -0.8808
    0.9856    0.0810   -0.1484
    0.1402   -0.8821    0.4497
...    40 A-T ...
  -35.6531  -84.8898   73.1456
    0.4840   -0.2256   -0.8455
    0.8560    0.3229    0.4038
    0.1819   -0.9192    0.3494
...    41 C-G ...
  -35.4570  -88.1103   73.8526
    0.8574    0.0264   -0.5139
    0.4667    0.3807    0.7983
    0.2167   -0.9243    0.3141
...    42 G-C ...
  -34.3650  -91.0551   75.1329
    0.9343    0.3565   -0.0042
   -0.0895    0.2459    0.9651
    0.3451   -0.9014    0.2617
...    43 A-T ...
  -33.0479  -93.9706   75.9361
    0.6782    0.4636    0.5703
   -0.6237   -0.0474    0.7802
    0.3888   -0.8848    0.2569
...    44 C-G ...
  -31.1928  -96.7041   76.4514
    0.2249    0.3792    0.8976
   -0.8814   -0.3135    0.3533
    0.4153   -0.8706    0.2637
...    45 T-A ...
  -29.4841  -99.4099   77.4404
   -0.3151    0.1688    0.9339
   -0.8437   -0.5004   -0.1942
    0.4346   -0.8492    0.3001
...    46 T-A ...
  -27.8128 -102.0158   78.4922
   -0.7370   -0.2016    0.6452
   -0.4928   -0.4931   -0.7169
    0.4627   -0.8463    0.2641
...    47 A-T ...
  -26.2435 -105.0482   78.8176
   -0.8526   -0.5224    0.0106
    0.1141   -0.2059   -0.9719
    0.5099   -0.8274    0.2352
...    48 C-G ...
  -24.7550 -107.7168   80.1854
   -0.6621   -0.5347   -0.5251
    0.5573    0.1171   -0.8220
    0.5010   -0.8369    0.2205
...    49 T-A ...
  -23.3310 -110.6106   81.0523
   -0.2787   -0.3273   -0.9029
    0.8310    0.3891   -0.3976
    0.4815   -0.8611    0.1636
...    50 G-C ...
  -21.5190 -113.4205   81.4113
    0.2011    0.0620   -0.9776
    0.8469    0.4905    0.2053
    0.4923   -0.8692    0.0462
...    51 T-A ...
  -20.3544 -116.5043   81.1966
    0.5973    0.3581   -0.7176
    0.6122    0.3744    0.6964
    0.5181   -0.8553    0.0044
...    52 A-T ...
  -18.4121 -119.2493   81.2830
    0.8044    0.5771   -0.1411
    0.1403    0.0463    0.9890
    0.5773   -0.8154   -0.0438
...    53 G-C ...
  -16.3504 -121.8290   80.8357
    0.7113    0.5590    0.4261
   -0.3017   -0.3047    0.9034
    0.6348   -0.7711   -0.0481
...    54 G-C ...
  -13.8584 -124.1307   80.6256
    0.3739    0.3371    0.8641
   -0.6176   -0.6046    0.5031
    0.6919   -0.7217   -0.0179
...    55 T-A ...
  -11.1088 -126.0514   80.4852
   -0.0289   -0.0452    0.9986
   -0.7139   -0.6983   -0.0522
    0.6997   -0.7144   -0.0121
...    56 A-T ...
   -9.1184 -128.8352   80.0952
   -0.4550   -0.5574    0.6944
   -0.5221   -0.4647   -0.7151
    0.7214   -0.6880   -0.0796
...    57 T-A ...
   -6.4827 -130.8381   80.4165
   -0.6450   -0.7347    0.2103
   -0.2126   -0.0918   -0.9728
    0.7340   -0.6721   -0.0970
...    58 C-G ...
   -4.0041 -133.0295   80.1791
   -0.6553   -0.6229   -0.4273
    0.2150    0.3884   -0.8960
    0.7241   -0.6790   -0.1207
...    59 T-A ...
   -1.7458 -135.4805   79.9469
   -0.4773   -0.2603   -0.8393
    0.5399    0.6667   -0.5138
    0.6933   -0.6984   -0.1777
...    60 C-G ...
    0.5015 -137.8186   79.3729
   -0.0958    0.2318   -0.9680
    0.7184    0.6892    0.0939
    0.6890   -0.6865   -0.2326
...    61 G-C ...
    3.0970 -139.8338   78.5326
    0.2279    0.6768   -0.7000
    0.6729    0.4101    0.6156
    0.7037   -0.6113   -0.3620
...    62 A-T ...
    5.4179 -141.7452   77.2047
    0.5490    0.8180   -0.1715
    0.4240   -0.0958    0.9006
    0.7203   -0.5672   -0.3994
...    63 G-C ...
    7.8182 -143.4042   75.5957
    0.6445    0.6658    0.3760
    0.0830   -0.5498    0.8312
    0.7601   -0.5044   -0.4096
...    64 C-G ...
   10.5297 -144.6242   74.0506
    0.5586    0.2502    0.7908
   -0.2663   -0.8488    0.4567
    0.7855   -0.4658   -0.4075
...    65 T-A ...
   13.3636 -145.8593   72.7529
    0.2971   -0.2573    0.9195
   -0.5053   -0.8595   -0.0773
    0.8102   -0.4417   -0.3854
...    66 C-G ...
   16.1306 -147.2569   71.5543
   -0.0700   -0.7392    0.6698
   -0.5801   -0.5161   -0.6302
    0.8115   -0.4327   -0.3927
...    67 G-C ...
   18.6083 -148.8227   69.8423
   -0.4521   -0.8716    0.1895
   -0.4313    0.0276   -0.9018
    0.7807   -0.4895   -0.3885
...    68 G-C ...
   21.3941 -150.4443   68.7375
   -0.6731   -0.6637   -0.3262
   -0.1128    0.5281   -0.8417
    0.7309   -0.5298   -0.4303
...    69 G-C ...
   23.9252 -152.3439   67.5012
   -0.6902   -0.2008   -0.6951
    0.2727    0.8177   -0.5070
    0.6702   -0.5395   -0.5096
...    70 A-T ...
   26.1185 -154.1514   65.8689
   -0.4380    0.3597   -0.8239
    0.6277    0.7785    0.0062
    0.6436   -0.5144   -0.5667
...    71 T-A ...
   27.6968 -156.2042   63.8738
   -0.0818    0.7245   -0.6844
    0.7686    0.4830    0.4194
    0.6345   -0.4917   -0.5964
...    72 C-G ...
   29.7307 -157.6685   61.7694
    0.3509    0.8983   -0.2644
    0.6918   -0.0584    0.7197
    0.6311   -0.4355   -0.6419
...    73 C-G ...
   31.8762 -158.6757   59.3585
    0.6251    0.7436    0.2372
    0.4230   -0.5782    0.6977
    0.6559   -0.3358   -0.6760
...    74 G-C ...
   34.4771 -159.8189   57.4808
    0.7089    0.2840    0.6456
    0.0388   -0.9297    0.3664
    0.7043   -0.2347   -0.6700
...    75 C-G ...
   37.0312 -160.1692   55.3120
    0.5994   -0.2986    0.7427
   -0.3522   -0.9316   -0.0902
    0.7188   -0.2075   -0.6636
...    76 T-A ...
   39.6540 -160.6426   53.2585
    0.2927   -0.7718    0.5646
   -0.6189   -0.6029   -0.5034
    0.7289   -0.2021   -0.6541
...    77 T-A ...
   42.2185 -161.0720   51.2624
   -0.0979   -0.9900    0.1019
   -0.6927   -0.0057   -0.7212
    0.7145   -0.1412   -0.6852
...    78 T-A ...
   44.7383 -161.4829   49.2211
   -0.4726   -0.7984   -0.3733
   -0.5198    0.5945   -0.6135
    0.7117   -0.0959   -0.6959
...    79 A-T ...
   47.0685 -161.4443   46.7538
   -0.7250   -0.2275   -0.6501
   -0.1129    0.9704   -0.2137
    0.6794   -0.0815   -0.7292
...    80 A-T ...
   49.2312 -161.8696   44.3789
   -0.6830    0.3834   -0.6217
    0.3279    0.9215    0.2081
    0.6527   -0.0617   -0.7551
...    81 C-G ...
   50.9966 -162.5318   41.6861
   -0.4419    0.8207   -0.3622
    0.6552    0.5710    0.4945
    0.6127   -0.0188   -0.7901
...    82 A-T ...
   53.1103 -162.3217   39.0605
   -0.0585    0.9932    0.1006
    0.8272   -0.0081    0.5619
    0.5589    0.1161   -0.8211
...    83 C-G ...
   54.3922 -161.6332   36.0799
    0.3797    0.8243    0.4199
    0.7494   -0.5402    0.3829
    0.5424    0.1693   -0.8229
...    84 T-A ...
   56.0842 -160.6578   33.3665
    0.7148    0.3718    0.5923
    0.4421   -0.8965    0.0292
    0.5419    0.2410   -0.8052
...    85 T-A ...
   57.7453 -159.5676   30.7653
    0.8693   -0.2339    0.4355
   -0.0814   -0.9367   -0.3407
    0.4876    0.2607   -0.8332
...    86 T-A ...
   59.3527 -158.3811   28.1605
    0.6753   -0.7347    0.0642
   -0.6052   -0.6018   -0.5211
    0.4215    0.3130   -0.8511
...    87 A-T ...
   59.8855 -157.3007   24.8496
    0.0882   -0.8924   -0.4425
   -0.9348    0.0793   -0.3461
    0.3439    0.4442   -0.8273
...    88 T-A ...
   61.6330 -155.9993   22.3326
   -0.4166   -0.7015   -0.5782
   -0.8464    0.5314   -0.0349
    0.3317    0.4749   -0.8151
...    89 G-C ...
   62.5332 -154.1839   19.6412
   -0.8690   -0.2926   -0.3991
   -0.4344    0.8373    0.3319
    0.2371    0.4618   -0.8547
...    90 C-G ...
   63.4681 -153.0248   16.6597
   -0.9788    0.1893   -0.0784
    0.1234    0.8502    0.5118
    0.1635    0.4913   -0.8555
...    91 T-A ...
   63.7495 -151.5501   13.7030
   -0.7673    0.5623    0.3084
    0.6384    0.6241    0.4506
    0.0609    0.5426   -0.8378
...    92 C-G ...
   63.7820 -149.6631   11.0313
   -0.2388    0.7792    0.5795
    0.9711    0.1888    0.1463
    0.0046    0.5976   -0.8017
...    93 A-T ...
   63.9295 -147.4021    8.5299
    0.3736    0.6672    0.6444
    0.9272   -0.2489   -0.2798
   -0.0263    0.7021   -0.7116
...    94 T-A ...
   63.3113 -144.8137    6.5750
    0.8049    0.4411    0.3970
    0.5918   -0.5466   -0.5924
   -0.0443    0.7118   -0.7010
...    95 G-C ...
   63.5405 -142.5841    4.0647
    0.9991   -0.0104   -0.0411
   -0.0377   -0.6589   -0.7513
   -0.0193    0.7522   -0.6587
...    96 T-A ...
   63.7013 -139.6647    2.3372
    0.8047   -0.3600   -0.4720
   -0.5925   -0.5364   -0.6010
   -0.0369    0.7633   -0.6450
...    97 T-A ...
   63.7315 -136.9570    0.4759
    0.2623   -0.5475   -0.7946
   -0.9605   -0.2271   -0.1606
   -0.0926    0.8054   -0.5855
...    98 A-T ...
   62.5632 -134.0471   -1.0979
   -0.5068   -0.4669   -0.7247
   -0.8549    0.1640    0.4922
   -0.1109    0.8689   -0.4823
...    99 T-A ...
   62.6803 -131.3851   -3.0633
   -0.8839   -0.3068   -0.3529
   -0.4520    0.3673    0.8129
   -0.1198    0.8781   -0.4633
...   100 A-T ...
   62.2373 -128.2554   -4.3008
   -0.9566   -0.0715    0.2825
    0.2174    0.4707    0.8551
   -0.1941    0.8794   -0.4347
...   101 A-T ...
   61.4743 -125.4717   -5.7626
   -0.6357    0.1695    0.7531
    0.7347    0.4321    0.5230
   -0.2368    0.8858   -0.3992
...   102 C-G ...
   60.0947 -122.8201   -7.1468
   -0.1186    0.3221    0.9392
    0.9543    0.2984    0.0182
   -0.2744    0.8984   -0.3428
...   103 G-C ...
   59.5055 -119.5338   -7.9157
    0.4956    0.3245    0.8057
    0.8157    0.1450   -0.5601
   -0.2986    0.9347   -0.1928
...   104 G-C ...
   58.5874 -116.2445   -8.0080
    0.8939    0.2874    0.3439
    0.3589    0.0007   -0.9334
   -0.2685    0.9578   -0.1025
...   105 A-T ...
   57.8272 -112.9934   -8.1939
    0.9157    0.2372   -0.3243
   -0.2953   -0.1501   -0.9435
   -0.2725    0.9598   -0.0674
...   106 T-A ...
   57.2722 -109.7183   -7.7974
    0.5943    0.1628   -0.7876
   -0.7443   -0.2598   -0.6153
   -0.3047    0.9519   -0.0332
...   107 T-A ...
   56.4842 -106.5321   -7.6532
   -0.0219    0.0401   -0.9990
   -0.9432   -0.3321    0.0074
   -0.3315    0.9424    0.0451
...   108 C-G ...
   55.4667 -103.3557   -7.3821
   -0.6171   -0.1752   -0.7671
   -0.7046   -0.3111    0.6378
   -0.3504    0.9341    0.0685
...   109 C-G ...
   54.4901 -100.0881   -7.2079
   -0.8812   -0.3960   -0.2584
   -0.2046   -0.1733    0.9634
   -0.4262    0.9018    0.0717
...   110 G-C ...
   53.1535  -97.0209   -6.4554
   -0.7663   -0.5423    0.3444
    0.3647    0.0742    0.9282
   -0.5289    0.8369    0.1409
...   111 G-C ...
   51.2174  -94.2758   -6.0945
   -0.3568   -0.5026    0.7875
    0.7305    0.3753    0.5705
   -0.5823    0.7788    0.2332
...   112 C-G ...
   48.8931  -92.0205   -5.3418
    0.1589   -0.2618    0.9519
    0.7906    0.6113    0.0362
   -0.5914    0.7468    0.3042
...   113 T-A ...
   46.7875  -89.7970   -4.0304
    0.6205    0.0585    0.7820
    0.5362    0.6960   -0.4776
   -0.5722    0.7156    0.4005
...   114 C-G ...
   45.0589  -87.4552   -2.4680
    0.8345    0.4529    0.3138
    0.0173    0.5477   -0.8365
   -0.5507    0.7035    0.4492
...   115 G-C ...
   43.4476  -84.7050   -1.2102
    0.7071    0.6499   -0.2785
   -0.5300    0.2264   -0.8172
   -0.4681    0.7255    0.5046
...   116 T-A ...
   42.3898  -82.2922    0.9158
    0.2815    0.6717   -0.6853
   -0.8410   -0.1711   -0.5133
   -0.4620    0.7208    0.5167
...   117 A-T ...
   40.0119  -80.3769    2.7031
   -0.4731    0.4291   -0.7695
   -0.7597   -0.6409    0.1097
   -0.4461    0.6365    0.6292
...   118 T-A ...
   39.0202  -77.8216    4.6062
   -0.8233    0.0363   -0.5664
   -0.3757   -0.7829    0.4958
   -0.4255    0.6210    0.6583
...   119 A-T ...
   37.7526  -76.2701    7.4659
   -0.8722   -0.4886   -0.0241
    0.3260   -0.6173    0.7160
   -0.3647    0.6166    0.6976
...   120 A-T ...
   36.4915  -74.1714    9.6143
   -0.4973   -0.7635    0.4120
    0.7931   -0.2076    0.5727
   -0.3517    0.6116    0.7087
...   121 T-A ...
   34.7714  -72.2196   11.6328
    0.0028   -0.7679    0.6405
    0.9371    0.2256    0.2663
   -0.3490    0.5995    0.7203
...   122 G-C ...
   33.9218  -70.2552   14.2617
    0.6050   -0.5382    0.5867
    0.7324    0.6653   -0.1449
   -0.3124    0.5173    0.7967
...   123 T-A ...
   32.6865  -69.1266   17.1393
    0.9213   -0.1002    0.3758
    0.2695    0.8611   -0.4312
   -0.2804    0.4985    0.8203
...   124 G-C ...
   32.0318  -67.1799   19.8336
    0.9120    0.4086   -0.0346
   -0.3643    0.7685   -0.5261
   -0.1884    0.4924    0.8497
...   125 T-A ...
   31.8939  -65.9069   22.9423
    0.5533    0.7624   -0.3356
   -0.8159    0.4150   -0.4025
   -0.1676    0.4965    0.8517
...   126 C-G ...
   31.4606  -64.2054   25.7751
   -0.0841    0.8543   -0.5129
   -0.9843   -0.1512   -0.0905
   -0.1549    0.4973    0.8537
...   127 G-C ...
   30.4788  -62.6418   28.6672
   -0.6581    0.5536   -0.5103
   -0.7315   -0.6308    0.2591
   -0.1785    0.5438    0.8200
...   128 A-T ...
   29.9800  -60.8101   31.4053
   -0.9709    0.0293   -0.2377
   -0.1516   -0.8437    0.5150
   -0.1855    0.5360    0.8236
...   129 C-G ...
   29.3255  -58.5300   33.7829
   -0.8851   -0.4589    0.0778
    0.4204   -0.7164    0.5568
   -0.1998    0.5255    0.8270
...   130 C-G ...
   28.4929  -56.6598   36.4978
   -0.4567   -0.8305    0.3188
    0.8553   -0.3114    0.4141
   -0.2447    0.4618    0.8526
...   131 A-T ...
   28.0133  -55.1874   39.5112
    0.1862   -0.8876    0.4213
    0.9514    0.2699    0.1482
   -0.2453    0.3732    0.8947
...   132 A-T ...
   27.0794  -54.1071   42.4349
    0.7230   -0.5509    0.4169
    0.6475    0.7507   -0.1309
   -0.2409    0.3646    0.8995
...   133 A-T ...
   26.2591  -53.1237   45.4292
    0.9675    0.0116    0.2528
    0.0796    0.9343   -0.3474
   -0.2402    0.3563    0.9030
...   134 T-A ...
   25.6308  -52.5796   48.6348
    0.8597    0.5096    0.0340
   -0.4497    0.7867   -0.4230
   -0.2423    0.3484    0.9055
...   135 G-C ...
   25.2858  -52.4981   52.0749
    0.3205    0.9427   -0.0927
   -0.8825    0.2616   -0.3908
   -0.3441    0.2071    0.9158
...   136 T-A ...
   25.5356  -52.9668   55.8001
   -0.2443    0.9563   -0.1608
   -0.8908   -0.2868   -0.3525
   -0.3832    0.0571    0.9219
...   137 G-C ...
   24.9037  -52.7260   58.9820
   -0.7529    0.5562   -0.3519
   -0.5214   -0.8303   -0.1968
   -0.4017    0.0354    0.9151
...   138 A-T ...
   24.0249  -51.6261   61.9210
   -0.9563    0.0400   -0.2896
   -0.0523   -0.9980    0.0347
   -0.2877    0.0483    0.9565
...   139 G-C ...
   22.3574  -51.2300   64.4908
   -0.8529   -0.5117   -0.1032
    0.4973   -0.8566    0.1372
   -0.1586    0.0657    0.9852
...   140 C-G ...
   22.1608  -50.1386   67.4617
   -0.4681   -0.8749    0.1247
    0.8495   -0.4066    0.3363
   -0.2435    0.2633    0.9335
...   141 G-C ...
   21.4366  -51.8164   72.7855
    0.1304   -0.7141   -0.6877
    0.8897   -0.2218    0.3990
   -0.4375   -0.6639    0.6065
...   142 C-G ...
   20.4355  -54.2994   74.5394
    0.5847   -0.7390   -0.3347
    0.7593    0.3532    0.5466
   -0.2857   -0.5737    0.7676
...   143 T-A ...
   18.4378  -55.5190   76.5272
    0.8548   -0.5006    0.1370
    0.3188    0.7147    0.6225
   -0.4096   -0.4884    0.7705
...   144 C-G ...
   16.8485  -57.7126   78.2647
    0.8529   -0.0846    0.5152
   -0.1509    0.9047    0.3983
   -0.4998   -0.4175    0.7589
...   145 A-T ...
   15.7933  -59.5518   80.7962
    0.5515    0.4995    0.6681
   -0.6739    0.7388    0.0040
   -0.4915   -0.4525    0.7441
...   146 C-G ...
   15.7411  -61.4839   83.9295
    0.0342    0.7400    0.6718
   -0.8637    0.3601   -0.3527
   -0.5029   -0.5681    0.6514
...   147 A-T ...
   14.7482  -63.4171   86.8164
   -0.5923    0.6746    0.4405
   -0.6886   -0.1400   -0.7115
   -0.4183   -0.7247    0.5475
