  147 base-pairs
...     1 T-A ...
    0.0000    0.0000    0.0000
    1.0000    0.0000    0.0000
    0.0000    1.0000    0.0000
    0.0000    0.0000    1.0000
...     2 G-C ...
   -0.5555   -1.1003    3.3981
    0.7749    0.6051    0.1828
   -0.5991    0.7953   -0.0929
   -0.2016   -0.0375    0.9787
...     3 T-A ...
   -0.6619   -3.0237    6.5348
    0.3046    0.9250    0.2271
   -0.8994    0.3578   -0.2510
   -0.3134   -0.1278    0.9410
...     4 G-C ...
   -1.1607   -3.8418    9.6940
   -0.3351    0.9421    0.0133
   -0.8752   -0.3061   -0.3746
   -0.3489   -0.1372    0.9271
...     5 A-T ...
   -1.3881   -3.6770   12.8999
   -0.7835    0.6162   -0.0801
   -0.5677   -0.7622   -0.3109
   -0.2527   -0.1981    0.9470
...     6 G-C ...
   -2.6236   -3.5448   15.7072
   -0.9923    0.0611   -0.1075
   -0.0294   -0.9610   -0.2748
   -0.1201   -0.2695    0.9555
...     7 C-G ...
   -2.3138   -3.7570   18.8866
   -0.8620   -0.4995   -0.0864
    0.5008   -0.8655    0.0073
   -0.0785   -0.0370    0.9962
...     8 G-C ...
   -3.9561   -6.8109   23.3205
   -0.2581   -0.3560   -0.8981
    0.6294   -0.7673    0.1233
   -0.7330   -0.5335    0.4221
...     9 C-G ...
   -6.1177   -8.9414   24.2385
    0.1143   -0.7320   -0.6716
    0.8123   -0.3203    0.4874
   -0.5720   -0.6013    0.5580
...    10 T-A ...
   -8.5041   -9.6771   26.0540
    0.4660   -0.8587   -0.2131
    0.6274    0.1508    0.7640
   -0.6239   -0.4897    0.6090
...    11 C-G ...
  -11.0625  -11.3174   27.2336
    0.6660   -0.6911    0.2808
    0.3382    0.6152    0.7121
   -0.6649   -0.3794    0.6435
...    12 A-T ...
  -13.0013  -13.1789   29.0658
    0.7188   -0.1490    0.6790
   -0.1787    0.9043    0.3876
   -0.6718   -0.4000    0.6235
...    13 C-G ...
  -14.1788  -15.9359   31.3399
    0.4052    0.2865    0.8682
   -0.5270    0.8492   -0.0343
   -0.7470   -0.4437    0.4951
...    14 A-T ...
  -15.9532  -18.1566   33.3080
   -0.1503    0.6873    0.7107
   -0.6106    0.5008   -0.6135
   -0.7776   -0.5261    0.3444
...    15 A-T ...
  -18.3766  -19.9075   34.6000
   -0.5009    0.8397    0.2096
   -0.4025   -0.0116   -0.9154
   -0.7662   -0.5429    0.3438
...    16 T-A ...
  -20.6804  -21.6162   36.4558
   -0.6821    0.6622   -0.3102
   -0.0447   -0.4612   -0.8862
   -0.7299   -0.5906    0.3442
...    17 T-A ...
  -23.0477  -23.3543   37.9243
   -0.6122    0.2210   -0.7592
    0.3932   -0.7479   -0.5347
   -0.6860   -0.6259    0.3710
...    18 T-A ...
  -25.3714  -25.2242   39.2763
   -0.2718   -0.2563   -0.9276
    0.6874   -0.7262   -0.0008
   -0.6735   -0.6379    0.3736
...    19 A-T ...
  -27.3621  -27.6163   40.5966
    0.2424   -0.6111   -0.7536
    0.7169   -0.4105    0.5635
   -0.6537   -0.6768    0.3386
...    20 T-A ...
  -29.8976  -29.6467   41.1946
    0.5943   -0.7243   -0.3495
    0.4871   -0.0217    0.8731
   -0.6400   -0.6891    0.3400
...    21 T-A ...
  -32.0284  -31.9620   42.0556
    0.7802   -0.5891    0.2102
    0.0438    0.3867    0.9212
   -0.6239   -0.7095    0.3275
...    22 C-G ...
  -33.9389  -34.3838   43.1921
    0.6780   -0.2153    0.7028
   -0.4466    0.6388    0.6265
   -0.5839   -0.7386    0.3369
...    23 G-C ...
  -35.8318  -36.5325   45.0650
    0.3842    0.2820    0.8791
   -0.7999    0.5771    0.1645
   -0.4610   -0.7664    0.4473
...    24 C-G ...
  -36.9703  -39.2063   46.6082
   -0.0774    0.5827    0.8090
   -0.8864    0.3312   -0.3234
   -0.4564   -0.7421    0.4909
...    25 A-T ...
  -39.0218  -41.5775   47.9020
   -0.6029    0.6724    0.4293
   -0.6529   -0.1065   -0.7499
   -0.4585   -0.7324    0.5033
...    26 A-T ...
  -40.4517  -43.9113   49.7446
   -0.8870    0.4538   -0.0848
   -0.1621   -0.4781   -0.8632
   -0.4323   -0.7520    0.4977
...    27 A-T ...
  -41.7671  -46.2354   51.6487
   -0.8224    0.0454   -0.5671
    0.4193   -0.6254   -0.6581
   -0.3845   -0.7790    0.4953
...    28 G-C ...
  -43.3828  -48.6007   53.4719
   -0.4312   -0.2702   -0.8609
    0.8036   -0.5488   -0.2303
   -0.4102   -0.7911    0.4538
...    29 G-C ...
  -45.0503  -51.2444   54.9722
    0.1577   -0.4698   -0.8686
    0.9046   -0.2839    0.3179
   -0.3959   -0.8359    0.3802
...    30 C-G ...
  -46.6389  -53.9609   55.9363
    0.6674   -0.4892   -0.5615
    0.6514    0.0180    0.7585
   -0.3609   -0.8720    0.3307
...    31 C-G ...
  -47.9072  -56.9095   56.8452
    0.9472   -0.3146   -0.0624
    0.1489    0.2593    0.9543
   -0.2840   -0.9131    0.2924
...    32 G-C ...
  -48.4662  -59.7262   58.1156
    0.9066   -0.0260    0.4212
   -0.3900    0.3300    0.8597
   -0.1613   -0.9436    0.2890
...    33 G-C ...
  -48.4516  -62.9301   59.2125
    0.5355    0.2158    0.8165
   -0.8399    0.2375    0.4881
   -0.0886   -0.9471    0.3084
...    34 C-G ...
  -48.3044  -66.0306   60.3493
   -0.0415    0.3413    0.9390
   -0.9975    0.0398   -0.0586
   -0.0574   -0.9391    0.3388
...    35 C-G ...
  -48.3264  -69.0824   61.9264
   -0.6163    0.3150    0.7218
   -0.7863   -0.1961   -0.5858
   -0.0430   -0.9286    0.3685
...    36 C-G ...
  -48.3699  -72.1363   63.4861
   -0.9587    0.1705    0.2278
   -0.2766   -0.3704   -0.8867
   -0.0668   -0.9131    0.4022
...    37 G-C ...
  -48.3077  -75.6723   63.7844
   -0.9310   -0.0272   -0.3640
    0.3473   -0.3729   -0.8604
   -0.1123   -0.9275    0.3566
...    38 A-T ...
  -48.5235  -78.5897   65.0313
   -0.5386   -0.2344   -0.8093
    0.8373   -0.2560   -0.4831
   -0.0940   -0.9378    0.3342
...    39 C-G ...
  -49.3072  -81.5270   66.0458
   -0.0043   -0.2801   -0.9600
    0.9946   -0.1003    0.0248
   -0.1032   -0.9547    0.2790
...    40 A-T ...
  -49.5998  -84.8097   66.8289
    0.5966   -0.1909   -0.7795
    0.8001    0.0653    0.5963
   -0.0630   -0.9794    0.1917
...    41 C-G ...
  -49.8720  -88.0984   66.8757
    0.9327   -0.0658   -0.3546
    0.3604    0.1331    0.9232
   -0.0136   -0.9889    0.1478
...    42 G-C ...
  -49.6409  -91.3275   67.8019
    0.9579    0.0951    0.2710
   -0.2788    0.0803    0.9570
    0.0693   -0.9922    0.1034
...    43 A-T ...
  -49.3634  -94.5113   68.0856
    0.5953    0.1176    0.7948
   -0.8004    0.0002    0.5995
    0.0704   -0.9931    0.0943
...    44 C-G ...
  -48.5242  -97.7306   68.1828
    0.0567    0.1258    0.9904
   -0.9938   -0.0876    0.0680
    0.0953   -0.9882    0.1201
...    45 T-A ...
  -47.4907 -101.1615   68.8347
   -0.5398    0.0593    0.8397
   -0.8366   -0.1482   -0.5274
    0.0932   -0.9872    0.1296
...    46 T-A ...
  -46.9265 -104.3101   69.3767
   -0.9132   -0.0687    0.4016
   -0.3922   -0.1186   -0.9122
    0.1103   -0.9906    0.0814
...    47 A-T ...
  -46.4800 -107.6982   69.1900
   -0.9379   -0.1503   -0.3127
    0.3193   -0.0209   -0.9474
    0.1358   -0.9884    0.0676
...    48 C-G ...
  -46.3508 -110.9265   70.0009
   -0.6175   -0.1016   -0.7799
    0.7781    0.0658   -0.6247
    0.1148   -0.9926    0.0384
...    49 T-A ...
  -46.3547 -114.3172   70.1428
   -0.0945    0.0411   -0.9947
    0.9915    0.0938   -0.0903
    0.0896   -0.9947   -0.0496
...    50 G-C ...
  -45.9421 -117.6720   69.6765
    0.4791    0.2400   -0.8443
    0.8679    0.0141    0.4965
    0.1311   -0.9707   -0.2015
...    51 T-A ...
  -45.8169 -120.6896   68.5827
    0.8543    0.2646   -0.4474
    0.4925   -0.1370    0.8594
    0.1661   -0.9546   -0.2474
...    52 A-T ...
  -44.9691 -123.9276   68.0263
    0.9636    0.1702    0.2060
   -0.1428   -0.3238    0.9353
    0.2259   -0.9307   -0.2877
...    53 G-C ...
  -44.0865 -126.8686   66.9243
    0.7171    0.0310    0.6963
   -0.6275   -0.4062    0.6643
    0.3034   -0.9132   -0.2718
...    54 G-C ...
  -42.2679 -129.8030   65.8159
    0.1992   -0.1665    0.9657
   -0.9152   -0.3838    0.1226
    0.3502   -0.9083   -0.2289
...    55 T-A ...
  -40.6506 -132.6404   65.2329
   -0.3218   -0.3661    0.8732
   -0.8758   -0.2354   -0.4214
    0.3598   -0.9003   -0.2449
...    56 A-T ...
  -39.2000 -135.6504   64.5805
   -0.8005   -0.4289    0.4186
   -0.4842    0.0512   -0.8735
    0.3532   -0.9019   -0.2487
...    57 T-A ...
  -37.8082 -138.6389   64.4412
   -0.9260   -0.3549   -0.1288
    0.0203    0.2938   -0.9556
    0.3770   -0.8876   -0.2649
...    58 C-G ...
  -36.6874 -141.7802   63.7057
   -0.7040   -0.0648   -0.7072
    0.6061    0.4642   -0.6459
    0.3702   -0.8834   -0.2875
...    59 T-A ...
  -35.7621 -144.8320   62.6757
   -0.2831    0.2694   -0.9205
    0.8978    0.4120   -0.1556
    0.3373   -0.8704   -0.3586
...    60 C-G ...
  -34.5660 -147.6785   61.3862
    0.2928    0.5066   -0.8109
    0.9005    0.1390    0.4120
    0.3215   -0.8509   -0.4155
...    61 G-C ...
  -32.8373 -150.3130   60.0914
    0.6565    0.6656   -0.3550
    0.6279   -0.2215    0.7461
    0.4180   -0.7127   -0.5633
...    62 A-T ...
  -31.2745 -152.6370   58.1874
    0.8882    0.4187    0.1892
    0.1130   -0.5982    0.7933
    0.4454   -0.6832   -0.5786
...    63 G-C ...
  -29.6122 -154.7325   56.1789
    0.7860    0.0471    0.6164
   -0.3777   -0.7527    0.5393
    0.4893   -0.6567   -0.5738
...    64 C-G ...
  -27.5687 -156.6704   54.1561
    0.3943   -0.4151    0.8199
   -0.7639   -0.6440    0.0413
    0.5108   -0.6426   -0.5710
...    65 T-A ...
  -25.7821 -158.7992   52.3235
   -0.0962   -0.7197    0.6876
   -0.8403   -0.3115   -0.4436
    0.5335   -0.6204   -0.5749
...    66 C-G ...
  -24.0715 -160.8622   50.2638
   -0.5984   -0.7649    0.2384
   -0.5950    0.2250   -0.7716
    0.5366   -0.6035   -0.5898
...    67 G-C ...
  -22.7599 -162.4147   47.3613
   -0.8520   -0.4599   -0.2504
   -0.1236    0.6413   -0.7572
    0.5088   -0.6142   -0.6033
...    68 G-C ...
  -20.8514 -164.4484   45.4198
   -0.7994    0.0561   -0.5982
    0.3730    0.8269   -0.4209
    0.4711   -0.5596   -0.6819
...    69 G-C ...
  -19.3682 -166.4945   43.1923
   -0.5105    0.5713   -0.6427
    0.7583    0.6515   -0.0232
    0.4055   -0.4992   -0.7658
...    70 A-T ...
  -18.2100 -168.2358   40.5978
    0.0241    0.8766   -0.4806
    0.9151    0.1742    0.3636
    0.4024   -0.4486   -0.7980
...    71 T-A ...
  -17.4450 -169.5636   37.6871
    0.4852    0.8563   -0.1770
    0.7710   -0.3235    0.5485
    0.4125   -0.4026   -0.8172
...    72 C-G ...
  -16.1099 -170.6141   34.8039
    0.8378    0.4988    0.2219
    0.3350   -0.7907    0.5125
    0.4311   -0.3550   -0.8295
...    73 C-G ...
  -14.3671 -171.4720   32.1072
    0.8477    0.0076    0.5304
   -0.1532   -0.9538    0.2584
    0.5079   -0.3003   -0.8074
...    74 G-C ...
  -12.6877 -172.9008   29.5819
    0.5528   -0.5534    0.6231
   -0.6051   -0.7806   -0.1565
    0.5730   -0.2905   -0.7663
...    75 C-G ...
  -10.2788 -173.7298   27.1961
    0.0891   -0.9105    0.4038
   -0.8067   -0.3038   -0.5069
    0.5842   -0.2806   -0.7616
...    76 T-A ...
   -7.9129 -174.8604   24.8826
   -0.4032   -0.9150    0.0112
   -0.6826    0.2926   -0.6696
    0.6095   -0.2776   -0.7426
...    77 T-A ...
   -5.7080 -175.9027   22.6867
   -0.6985   -0.5648   -0.4394
   -0.3134    0.7935   -0.5217
    0.6433   -0.2267   -0.7312
...    78 T-A ...
   -3.4630 -176.6569   20.4239
   -0.7298    0.0382   -0.6826
    0.1622    0.9796   -0.1185
    0.6642   -0.1972   -0.7211
...    79 C-G ...
   -1.0209 -177.0598   18.1484
   -0.5255    0.6467   -0.5528
    0.5687    0.7503    0.3371
    0.6328   -0.1372   -0.7621
...    80 A-T ...
    1.4236 -177.5042   15.7914
   -0.1801    0.9739   -0.1380
    0.7866    0.2269    0.5743
    0.5907   -0.0051   -0.8069
...    81 T-A ...
    2.9552 -177.3686   12.9064
    0.2100    0.9466    0.2446
    0.7803   -0.3130    0.5415
    0.5891    0.0771   -0.8043
...    82 G-C ...
    5.1173 -176.8670   10.2153
    0.5843    0.5243    0.6194
    0.5193   -0.8281    0.2112
    0.6236    0.1983   -0.7561
...    83 T-A ...
    7.0768 -175.5890    7.7243
    0.7826   -0.0452    0.6208
    0.1084   -0.9722   -0.2075
    0.6130    0.2297   -0.7560
...    84 T-A ...
    9.0479 -174.5938    5.3333
    0.7252   -0.6146    0.3104
   -0.3837   -0.7351   -0.5590
    0.5717    0.2863   -0.7689
...    85 A-T ...
   10.6858 -173.5677    2.3123
    0.2728   -0.9009   -0.3375
   -0.8285   -0.0416   -0.5584
    0.4890    0.4320   -0.7578
...    86 T-A ...
   12.8694 -172.2220    0.1969
   -0.1893   -0.7584   -0.6237
   -0.8566    0.4380   -0.2726
    0.4799    0.4827   -0.7326
...    87 A-T ...
   14.3891 -170.0218   -2.1497
   -0.7071   -0.1364   -0.6939
   -0.4796    0.8136    0.3287
    0.5197    0.5652   -0.6407
...    88 A-T ...
   16.1460 -168.3036   -4.2465
   -0.8508    0.3828   -0.3599
    0.0195    0.7075    0.7065
    0.5251    0.5941   -0.6094
...    89 C-G ...
   17.8087 -166.6839   -6.6993
   -0.7081    0.6938    0.1316
    0.4929    0.3520    0.7957
    0.5057    0.6283   -0.5912
...    90 G-C ...
   19.5541 -164.3313   -8.1949
   -0.3849    0.6564    0.6489
    0.8180   -0.0830    0.5692
    0.4275    0.7498   -0.5050
...    91 G-C ...
   20.7229 -161.4609   -9.3300
    0.0699    0.3942    0.9164
    0.9299   -0.3582    0.0832
    0.3610    0.8463   -0.3916
...    92 A-T ...
   21.7257 -158.4949  -10.5052
    0.6126    0.0633    0.7878
    0.7032   -0.4986   -0.5068
    0.3607    0.8645   -0.3500
...    93 T-A ...
   22.5497 -155.3871  -11.0930
    0.8984   -0.2148    0.3830
    0.2630   -0.4354   -0.8610
    0.3517    0.8743   -0.3347
...    94 A-T ...
   23.6329 -152.3874  -12.5920
    0.8492   -0.3640   -0.3825
   -0.4598   -0.1537   -0.8746
    0.2595    0.9186   -0.2979
...    95 A-T ...
   24.5886 -149.3539  -13.3587
    0.3941   -0.3009   -0.8684
   -0.8959    0.0848   -0.4360
    0.2049    0.9499   -0.2362
...    96 C-G ...
   25.8176 -146.1921  -14.0017
   -0.2015   -0.1406   -0.9693
   -0.9591    0.2292    0.1661
    0.1988    0.9632   -0.1811
...    97 A-T ...
   26.4091 -142.9087  -14.5214
   -0.7689    0.0134   -0.6392
   -0.6211    0.2213    0.7518
    0.1515    0.9751   -0.1618
...    98 C-G ...
   27.1253 -139.8094  -15.6753
   -0.9861    0.1114   -0.1232
   -0.1052    0.1555    0.9822
    0.1286    0.9815   -0.1417
...    99 T-A ...
   27.3665 -136.3873  -16.6379
   -0.8621    0.0734    0.5015
    0.5052    0.0460    0.8618
    0.0402    0.9962   -0.0768
...   100 T-A ...
   27.1931 -133.1620  -17.0115
   -0.4075    0.0511    0.9118
    0.9128   -0.0052    0.4083
    0.0257    0.9987   -0.0446
...   101 T-A ...
   27.1945 -129.9169  -17.0073
    0.1871   -0.0407    0.9815
    0.9822   -0.0094   -0.1876
    0.0169    0.9991    0.0382
...   102 A-T ...
   27.5573 -126.5400  -16.8149
    0.7648   -0.0842    0.6387
    0.6438    0.0637   -0.7625
    0.0235    0.9944    0.1029
...   103 T-A ...
   27.2877 -123.4687  -15.7952
    0.9812   -0.0756    0.1777
    0.1868    0.1379   -0.9727
    0.0490    0.9876    0.1494
...   104 G-C ...
   27.6582 -120.2522  -15.0718
    0.8815   -0.0582   -0.4685
   -0.4500    0.1969   -0.8711
    0.1429    0.9787    0.1474
...   105 C-G ...
   28.4651 -117.0333  -14.3862
    0.4538    0.0781   -0.8877
   -0.8795    0.1992   -0.4321
    0.1431    0.9768    0.1591
...   106 T-A ...
   29.4338 -113.7087  -13.9066
   -0.1619    0.1913   -0.9681
   -0.9716    0.1405    0.1903
    0.1724    0.9714    0.1632
...   107 T-A ...
   30.1827 -110.6001  -13.4501
   -0.6992    0.2361   -0.6748
   -0.6972   -0.0161    0.7167
    0.1584    0.9716    0.1758
...   108 C-G ...
   30.8349 -107.3034  -12.9930
   -0.9863    0.1423   -0.0833
   -0.1090   -0.1838    0.9769
    0.1237    0.9726    0.1968
...   109 C-G ...
   31.5512 -104.1304  -12.3447
   -0.8950   -0.1292    0.4271
    0.4461   -0.2519    0.8588
   -0.0033    0.9591    0.2831
...   110 G-C ...
   31.7325 -101.2242  -11.0981
   -0.5084   -0.3868    0.7694
    0.8556   -0.1261    0.5020
   -0.0972    0.9135    0.3950
...   111 G-C ...
   31.1650  -98.3567   -9.5050
    0.0766   -0.4830    0.8722
    0.9890    0.1477   -0.0051
   -0.1264    0.8631    0.4890
...   112 C-G ...
   30.3410  -95.8810   -7.3791
    0.6374   -0.3543    0.6842
    0.7606    0.4315   -0.4851
   -0.1233    0.8296    0.5445
...   113 T-A ...
   29.9144  -93.2699   -5.3671
    0.9578   -0.0849    0.2747
    0.2688    0.6033   -0.7508
   -0.1020    0.7930    0.6007
...   114 C-G ...
   29.9126  -90.5030   -3.5658
    0.9171    0.3117   -0.2485
   -0.3914    0.5859   -0.7096
   -0.0756    0.7481    0.6593
...   115 G-C ...
   29.4333  -87.7831   -1.7049
    0.4727    0.6001   -0.6453
   -0.8804    0.2892   -0.3760
   -0.0390    0.7458    0.6650
...   116 T-A ...
   30.0979  -85.1853    0.4607
   -0.1141    0.6446   -0.7560
   -0.9924   -0.1097    0.0562
   -0.0467    0.7566    0.6522
...   117 A-T ...
   30.1820  -82.5968    2.6735
   -0.7172    0.4232   -0.5537
   -0.6940   -0.5060    0.5122
   -0.0634    0.7516    0.6566
...   118 T-A ...
   30.3483  -79.7780    4.3902
   -0.9780    0.0971   -0.1845
   -0.2012   -0.6712    0.7134
   -0.0545    0.7349    0.6760
...   119 A-T ...
   30.3373  -77.5434    7.0428
   -0.8561   -0.3815    0.3487
    0.5152   -0.5764    0.6342
   -0.0410    0.7226    0.6900
...   120 A-T ...
   30.0140  -75.1130    9.1867
   -0.3884   -0.6951    0.6049
    0.9182   -0.2362    0.3181
   -0.0783    0.6790    0.7300
...   121 T-A ...
   29.1667  -72.9191   11.5321
    0.1680   -0.7251    0.6679
    0.9820    0.1823   -0.0492
   -0.0861    0.6641    0.7426
...   122 G-C ...
   28.9244  -70.7560   14.2557
    0.7540   -0.5104    0.4135
    0.6554    0.6272   -0.4209
   -0.0445    0.5883    0.8074
...   123 T-A ...
   28.7092  -69.3140   17.2294
    0.9885   -0.0945    0.1179
    0.1447    0.8172   -0.5579
   -0.0437    0.5685    0.8215
...   124 G-C ...
   28.6318  -67.4175   20.0530
    0.8604    0.4249   -0.2812
   -0.5096    0.7202   -0.4709
    0.0024    0.5485    0.8362
...   125 T-A ...
   28.9827  -65.9931   22.9522
    0.4420    0.7378   -0.5102
   -0.8968    0.3767   -0.2322
    0.0209    0.5602    0.8281
...   126 C-G ...
   29.1192  -64.1845   25.6016
   -0.1975    0.8232   -0.5324
   -0.9800   -0.1516    0.1290
    0.0255    0.5472    0.8366
...   127 G-C ...
   28.5126  -62.6441   28.5729
   -0.7378    0.5263   -0.4226
   -0.6739   -0.6097    0.4172
   -0.0380    0.5926    0.8046
...   128 A-T ...
   28.5555  -60.8110   31.1847
   -0.9949    0.0474   -0.0886
   -0.0894   -0.8202    0.5650
   -0.0459    0.5701    0.8203
...   129 C-G ...
   28.3181  -58.3682   33.4020
   -0.8783   -0.4354    0.1977
    0.4703   -0.7119    0.5216
   -0.0864    0.5510    0.8300
...   130 C-G ...
   27.5242  -56.4444   36.1088
   -0.4596   -0.8129    0.3577
    0.8717   -0.3359    0.3567
   -0.1698    0.4757    0.8630
...   131 A-T ...
   27.7126  -55.0932   39.2782
    0.1826   -0.8918    0.4139
    0.9660    0.2411    0.0934
   -0.1830    0.3827    0.9055
...   132 A-T ...
   27.0551  -54.0156   42.3149
    0.7242   -0.5776    0.3767
    0.6638    0.7320   -0.1538
   -0.1869    0.3614    0.9135
...   133 A-T ...
   26.2404  -53.1563   45.3847
    0.9688   -0.0035    0.2479
    0.0937    0.9310   -0.3529
   -0.2295    0.3651    0.9022
...   134 T-A ...
   25.6308  -52.5797   48.6347
    0.8597    0.5096    0.0340
   -0.4497    0.7867   -0.4230
   -0.2423    0.3484    0.9055
...   135 G-C ...
   25.2859  -52.4981   52.0748
    0.3205    0.9427   -0.0927
   -0.8825    0.2616   -0.3908
   -0.3441    0.2071    0.9158
...   136 T-A ...
   25.5356  -52.9669   55.8000
   -0.2443    0.9563   -0.1608
   -0.8908   -0.2868   -0.3525
   -0.3832    0.0571    0.9219
...   137 G-C ...
   24.9038  -52.7260   58.9819
   -0.7529    0.5562   -0.3519
   -0.5214   -0.8303   -0.1968
   -0.4017    0.0354    0.9151
...   138 A-T ...
   24.0250  -51.6261   61.9209
   -0.9563    0.0400   -0.2896
   -0.0523   -0.9980    0.0347
   -0.2877    0.0483    0.9565
...   139 G-C ...
   22.3575  -51.2300   64.4907
   -0.8529   -0.5117   -0.1032
    0.4973   -0.8566    0.1372
   -0.1586    0.0657    0.9852
...   140 C-G ...
   22.1609  -50.1386   67.4616
   -0.4681   -0.8749    0.1247
    0.8495   -0.4066    0.3363
   -0.2435    0.2633    0.9335
...   141 G-C ...
   21.4367  -51.8164   72.7854
    0.1304   -0.7141   -0.6877
    0.8897   -0.2218    0.3990
   -0.4375   -0.6639    0.6065
...   142 C-G ...
   20.4355  -54.2995   74.5393
    0.5847   -0.7390   -0.3347
    0.7593    0.3532    0.5466
   -0.2857   -0.5737    0.7676
...   143 T-A ...
   18.4378  -55.5190   76.5271
    0.8548   -0.5006    0.1370
    0.3188    0.7147    0.6225
   -0.4096   -0.4884    0.7705
...   144 C-G ...
   16.8486  -57.7127   78.2646
    0.8529   -0.0846    0.5152
   -0.1509    0.9047    0.3983
   -0.4998   -0.4175    0.7589
...   145 A-T ...
   15.7934  -59.5518   80.7961
    0.5515    0.4995    0.6681
   -0.6739    0.7388    0.0040
   -0.4915   -0.4525    0.7441
...   146 C-G ...
   15.7411  -61.4839   83.9294
    0.0342    0.7400    0.6718
   -0.8637    0.3601   -0.3527
   -0.5029   -0.5681    0.6514
...   147 A-T ...
   14.7482  -63.4171   86.8163
   -0.5923    0.6746    0.4405
   -0.6886   -0.1400   -0.7115
   -0.4183   -0.7247    0.5475
