  147 base-pairs
...     1 T-A ...
    0.0000    0.0000    0.0000
    1.0000    0.0000    0.0000
    0.0000    1.0000    0.0000
    0.0000    0.0000    1.0000
...     2 G-C ...
   -0.5555   -1.1003    3.3981
    0.7749    0.6051    0.1828
   -0.5991    0.7953   -0.0929
   -0.2016   -0.0375    0.9787
...     3 T-A ...
   -0.6619   -3.0237    6.5348
    0.3046    0.9250    0.2271
   -0.8994    0.3578   -0.2510
   -0.3134   -0.1278    0.9410
...     4 G-C ...
   -1.1607   -3.8418    9.6940
   -0.3351    0.9421    0.0133
   -0.8752   -0.3061   -0.3746
   -0.3489   -0.1372    0.9271
...     5 A-T ...
   -1.3881   -3.6770   12.8999
   -0.7835    0.6162   -0.0801
   -0.5677   -0.7622   -0.3109
   -0.2527   -0.1981    0.9470
...     6 G-C ...
   -2.6236   -3.5448   15.7072
   -0.9923    0.0611   -0.1075
   -0.0294   -0.9610   -0.2748
   -0.1201   -0.2695    0.9555
...     7 C-G ...
   -2.3138   -3.7570   18.8866
   -0.8620   -0.4995   -0.0864
    0.5008   -0.8655    0.0073
   -0.0785   -0.0370    0.9962
...     8 G-C ...
   -3.9561   -6.8109   23.3205
   -0.2581   -0.3560   -0.8981
    0.6294   -0.7673    0.1233
   -0.7330   -0.5335    0.4221
...     9 C-G ...
   -6.1177   -8.9414   24.2385
    0.1143   -0.7320   -0.6716
    0.8123   -0.3203    0.4874
   -0.5720   -0.6013    0.5580
...    10 T-A ...
   -8.5041   -9.6771   26.0540
    0.4660   -0.8587   -0.2131
    0.6274    0.1508    0.7640
   -0.6239   -0.4897    0.6090
...    11 C-G ...
  -11.0625  -11.3174   27.2336
    0.6660   -0.6911    0.2808
    0.3382    0.6152    0.7121
   -0.6649   -0.3794    0.6435
...    12 A-T ...
  -13.0013  -13.1789   29.0658
    0.7188   -0.1490    0.6790
   -0.1787    0.9043    0.3876
   -0.6718   -0.4000    0.6235
...    13 C-G ...
  -14.1788  -15.9359   31.3399
    0.4052    0.2865    0.8682
   -0.5270    0.8492   -0.0343
   -0.7470   -0.4437    0.4951
...    14 A-T ...
  -15.9532  -18.1566   33.3080
   -0.1503    0.6873    0.7107
   -0.6106    0.5008   -0.6135
   -0.7776   -0.5261    0.3444
...    15 A-T ...
  -18.2989  -20.0082   34.6437
   -0.5294    0.8200    0.2176
   -0.3851   -0.0038   -0.9229
   -0.7559   -0.5723    0.3178
...    16 T-A ...
  -20.5617  -21.7700   36.3335
   -0.6739    0.6775   -0.2945
   -0.0363   -0.4285   -0.9028
   -0.7379   -0.5977    0.3134
...    17 T-A ...
  -22.9287  -23.6241   37.6042
   -0.5809    0.2731   -0.7668
    0.3912   -0.7324   -0.5572
   -0.7138   -0.6237    0.3186
...    18 T-A ...
  -25.3277  -25.4939   38.7606
   -0.2356   -0.2099   -0.9489
    0.6720   -0.7406   -0.0030
   -0.7021   -0.6383    0.3155
...    19 A-T ...
  -27.4905  -27.8390   39.8592
    0.2846   -0.5759   -0.7664
    0.6677   -0.4546    0.5895
   -0.6879   -0.6795    0.2552
...    20 T-A ...
  -30.0549  -29.8636   40.1481
    0.6051   -0.7105   -0.3593
    0.4219   -0.0966    0.9015
   -0.6752   -0.6971    0.2413
...    21 T-A ...
  -32.2448  -32.1853   40.7202
    0.7537   -0.6166    0.2275
   -0.0201    0.3245    0.9457
   -0.6569   -0.7173    0.2322
...    22 C-G ...
  -34.2265  -34.7021   41.4900
    0.6071   -0.2730    0.7462
   -0.4947    0.6051    0.6238
   -0.6219   -0.7479    0.2323
...    23 G-C ...
  -36.3857  -37.0278   42.7178
    0.2439    0.1901    0.9510
   -0.7974    0.5974    0.0851
   -0.5519   -0.7791    0.2973
...    24 C-G ...
  -37.8541  -39.8108   43.9160
   -0.2472    0.5106    0.8236
   -0.8051    0.3647   -0.4677
   -0.5392   -0.7787    0.3209
...    25 A-T ...
  -39.8897  -42.3353   44.7746
   -0.6626    0.6620    0.3503
   -0.4924   -0.0326   -0.8697
   -0.5643   -0.7488    0.3476
...    26 A-T ...
  -41.5974  -44.7624   46.1452
   -0.8454    0.4819   -0.2303
    0.0179   -0.4054   -0.9140
   -0.5338   -0.7768    0.3341
...    27 A-T ...
  -43.3485  -47.1887   47.4417
   -0.6752    0.1337   -0.7254
    0.5299   -0.5962   -0.6031
   -0.5132   -0.7916    0.3317
...    28 G-C ...
  -45.2511  -49.6702   48.6119
   -0.2292   -0.1593   -0.9603
    0.8190   -0.5646   -0.1018
   -0.5260   -0.8098    0.2599
...    29 G-C ...
  -47.2239  -52.3078   49.3828
    0.3258   -0.3642   -0.8725
    0.7987   -0.3878    0.4601
   -0.5059   -0.8468    0.1646
...    30 C-G ...
  -49.1423  -55.0241   49.5262
    0.7470   -0.4670   -0.4731
    0.4692   -0.1339    0.8729
   -0.4710   -0.8741    0.1190
...    31 C-G ...
  -50.5456  -58.1012   49.5863
    0.9204   -0.3798    0.0931
   -0.0555    0.1090    0.9925
   -0.3871   -0.9186    0.0792
...    32 G-C ...
  -51.6394  -61.2486   50.3095
    0.7456   -0.1551    0.6481
   -0.6070    0.2432    0.7566
   -0.2750   -0.9575    0.0872
...    33 G-C ...
  -52.1570  -64.5957   50.6685
    0.2776    0.0694    0.9582
   -0.9359    0.2445    0.2535
   -0.2167   -0.9672    0.1328
...    34 C-G ...
  -52.4515  -67.9028   51.2499
   -0.3076    0.2143    0.9271
   -0.9293    0.1415   -0.3410
   -0.2043   -0.9665    0.1556
...    35 C-G ...
  -52.9863  -71.1798   52.0355
   -0.7784    0.3026    0.5501
   -0.5833   -0.0247   -0.8119
   -0.2321   -0.9528    0.1958
...    36 C-G ...
  -53.6931  -74.3895   52.9532
   -0.9564    0.2904   -0.0301
   -0.0286   -0.1956   -0.9803
   -0.2906   -0.9367    0.1954
...    37 G-C ...
  -54.5110  -77.6906   53.1954
   -0.7556    0.2152   -0.6187
    0.5444   -0.3191   -0.7758
   -0.3644   -0.9230    0.1240
...    38 A-T ...
  -55.7096  -80.7243   53.6800
   -0.2526    0.0200   -0.9674
    0.8944   -0.3766   -0.2413
   -0.3691   -0.9262    0.0773
...    39 C-G ...
  -57.4860  -83.5081   53.8932
    0.2896   -0.1416   -0.9466
    0.8853   -0.3363    0.3211
   -0.3638   -0.9311    0.0280
...    40 A-T ...
  -58.4596  -86.7369   53.9863
    0.7940   -0.1982   -0.5747
    0.5325   -0.2294    0.8148
   -0.2933   -0.9530   -0.0766
...    41 C-G ...
  -59.5198  -89.7484   53.0877
    0.9665   -0.2537   -0.0374
    0.0089   -0.1127    0.9936
   -0.2563   -0.9607   -0.1067
...    42 G-C ...
  -60.1144  -93.1078   53.1583
    0.8062   -0.1840    0.5624
   -0.5747   -0.0176    0.8181
   -0.1406   -0.9828   -0.1199
...    43 A-T ...
  -60.4022  -96.3986   52.7862
    0.2771   -0.1528    0.9486
   -0.9540    0.0739    0.2906
   -0.1145   -0.9855   -0.1253
...    44 C-G ...
  -60.1146  -99.7429   52.4125
   -0.2995   -0.0905    0.9498
   -0.9486    0.1345   -0.2864
   -0.1018   -0.9868   -0.1261
...    45 T-A ...
  -60.2349 -103.1029   52.2350
   -0.7827    0.0204    0.6221
   -0.6124    0.1532   -0.7755
   -0.1111   -0.9880   -0.1074
...    46 T-A ...
  -60.4009 -106.3671   52.0853
   -0.9974    0.0695    0.0211
   -0.0115    0.1356   -0.9907
   -0.0717   -0.9883   -0.1345
...    47 A-T ...
  -60.3333 -109.6686   51.1697
   -0.7514    0.1346   -0.6460
    0.6583    0.0852   -0.7480
   -0.0457   -0.9872   -0.1526
...    48 C-G ...
  -60.9826 -112.9285   51.0226
   -0.2663    0.1991   -0.9431
    0.9624    0.0000   -0.2718
   -0.0541   -0.9800   -0.1916
...    49 T-A ...
  -61.4446 -116.1438   50.2671
    0.3154    0.2495   -0.9156
    0.9478   -0.1296    0.2912
   -0.0460   -0.9597   -0.2774
...    50 G-C ...
  -61.2558 -119.3584   49.2460
    0.8153    0.2408   -0.5266
    0.5783   -0.2937    0.7611
    0.0286   -0.9251   -0.3787
...    51 T-A ...
  -61.2376 -122.1179   47.4166
    0.9967    0.0811   -0.0102
    0.0419   -0.3990    0.9160
    0.0702   -0.9134   -0.4010
...    52 A-T ...
  -61.0102 -125.3927   46.4703
    0.7795   -0.1985    0.5941
   -0.6196   -0.3830    0.6851
    0.0915   -0.9022   -0.4215
...    53 G-C ...
  -60.3699 -128.3345   44.9816
    0.2896   -0.3543    0.8891
   -0.9482   -0.2331    0.2159
    0.1308   -0.9056   -0.4035
...    54 G-C ...
  -59.6413 -131.4494   43.7916
   -0.3217   -0.3914    0.8622
   -0.9355   -0.0092   -0.3532
    0.1462   -0.9202   -0.3631
...    55 T-A ...
  -58.6381 -134.5774   42.9596
   -0.7890   -0.3361    0.5144
   -0.5967    0.2195   -0.7719
    0.1465   -0.9159   -0.3737
...    56 A-T ...
  -58.1286 -137.3816   40.9700
   -0.9685   -0.1531   -0.1965
    0.1115    0.4392   -0.8915
    0.2228   -0.8853   -0.4083
...    57 T-A ...
  -57.6079 -140.5617   40.1923
   -0.7602    0.0988   -0.6421
    0.6048    0.4684   -0.6440
    0.2371   -0.8780   -0.4159
...    58 C-G ...
  -56.8146 -143.4995   38.8785
   -0.2389    0.4088   -0.8808
    0.9415    0.3195   -0.1071
    0.2376   -0.8549   -0.4612
...    59 T-A ...
  -56.2905 -146.3346   37.1992
    0.3033    0.5925   -0.7463
    0.9201    0.0215    0.3910
    0.2477   -0.8053   -0.5386
...    60 C-G ...
  -55.4477 -148.9049   35.3239
    0.7839    0.5312   -0.3213
    0.5531   -0.3623    0.7502
    0.2821   -0.7658   -0.5779
...    61 G-C ...
  -54.0309 -151.4979   33.6000
    0.9190    0.3056    0.2490
    0.0174   -0.6626    0.7488
    0.3938   -0.6838   -0.6143
...    62 A-T ...
  -52.5175 -153.6623   31.5863
    0.7244   -0.1586    0.6709
   -0.5390   -0.7369    0.4079
    0.4297   -0.6571   -0.6193
...    63 G-C ...
  -50.7810 -155.6819   29.5302
    0.2756   -0.5344    0.7990
   -0.8409   -0.5367   -0.0689
    0.4657   -0.6530   -0.5973
...    64 C-G ...
  -48.8407 -157.8078   27.7439
   -0.2686   -0.7456    0.6099
   -0.8347   -0.1359   -0.5337
    0.4808   -0.6524   -0.5858
...    65 T-A ...
  -47.0321 -160.0769   26.0146
   -0.7052   -0.6815    0.1955
   -0.5250    0.3166   -0.7901
    0.4765   -0.6598   -0.5810
...    66 T-A ...
  -45.2924 -162.2838   24.3291
   -0.8549   -0.3746   -0.3590
    0.0021    0.6895   -0.7243
    0.5188   -0.6200   -0.5886
...    67 C-G ...
  -43.4733 -164.3608   22.4610
   -0.6791    0.1546   -0.7176
    0.5223    0.7887   -0.3244
    0.5158   -0.5951   -0.6163
...    68 A-T ...
  -41.4820 -166.1406   20.3795
   -0.2805    0.6641   -0.6931
    0.8265    0.5342    0.1774
    0.4881   -0.5231   -0.6987
...    69 T-A ...
  -40.4707 -168.0216   17.8893
    0.1770    0.8611   -0.4767
    0.8514    0.1090    0.5131
    0.4937   -0.4967   -0.7138
...    70 G-C ...
  -38.5154 -169.4779   15.5385
    0.5780    0.8158    0.0176
    0.6058   -0.4435    0.6605
    0.5467   -0.3711   -0.7506
...    71 T-A ...
  -36.8908 -170.1520   12.7384
    0.7887    0.4559    0.4125
    0.2058   -0.8280    0.5216
    0.5794   -0.3265   -0.7468
...    72 T-A ...
  -34.9588 -170.9797   10.2544
    0.7582   -0.1337    0.6382
   -0.2942   -0.9436    0.1519
    0.5818   -0.3030   -0.7548
...    73 A-T ...
  -33.3512 -172.5905    7.6183
    0.3876   -0.7747    0.4996
   -0.7355   -0.5866   -0.3391
    0.5558   -0.2360   -0.7971
...    74 T-A ...
  -30.9617 -173.0696    5.3305
   -0.0438   -0.9789    0.1993
   -0.8302   -0.0753   -0.5524
    0.5558   -0.1897   -0.8094
...    75 A-T ...
  -29.7079 -173.1300    2.0130
   -0.5456   -0.7440   -0.3858
   -0.5792    0.6674   -0.4681
    0.6057   -0.0320   -0.7950
...    76 A-T ...
  -27.5389 -173.3863   -0.4311
   -0.7509   -0.1790   -0.6357
   -0.1498    0.9836   -0.1000
    0.6432    0.0201   -0.7654
...    77 C-G ...
  -25.3928 -173.9134   -2.9527
   -0.7217    0.3974   -0.5668
    0.2791    0.9163    0.2871
    0.6334    0.0490   -0.7722
...    78 G-C ...
  -22.9459 -173.4470   -5.3025
   -0.5098    0.8415   -0.1789
    0.6322    0.5074    0.5856
    0.5835    0.1854   -0.7906
...    79 G-C ...
  -21.1459 -172.8392   -8.0958
   -0.1389    0.9496    0.2808
    0.8126   -0.0527    0.5804
    0.5660    0.3089   -0.7644
...    80 A-T ...
  -19.3163 -171.6860  -10.5598
    0.3319    0.7011    0.6311
    0.7493   -0.6024    0.2752
    0.5731    0.3815   -0.7253
...    81 C-G ...
  -17.8173 -169.8679  -12.8689
    0.6528    0.2423    0.7177
    0.4742   -0.8696   -0.1377
    0.5907    0.4302   -0.6826
...    82 G-C ...
  -15.3451 -168.6680  -14.9110
    0.7462   -0.3568    0.5620
    0.0700   -0.7974   -0.5994
    0.6620    0.4866   -0.5701
...    83 G-C ...
  -12.7563 -167.0178  -16.4175
    0.6172   -0.7750    0.1362
   -0.3281   -0.4108   -0.8506
    0.7151    0.4803   -0.5079
...    84 G-C ...
  -10.0579 -165.5320  -17.9076
    0.2875   -0.8803   -0.3772
   -0.5993    0.1419   -0.7879
    0.7471    0.4526   -0.4868
...    85 A-T ...
   -7.4926 -164.0108  -19.4229
   -0.1377   -0.5762   -0.8056
   -0.6522    0.6649   -0.3641
    0.7454    0.4753   -0.4674
...    86 T-A ...
   -4.6255 -162.9637  -20.7840
   -0.4403   -0.1048   -0.8917
   -0.4903    0.8601    0.1410
    0.7522    0.4993   -0.4301
...    87 C-G ...
   -2.0160 -161.3488  -22.1020
   -0.6626    0.4518   -0.5975
   -0.1289    0.7170    0.6851
    0.7378    0.5309   -0.4168
...    88 C-G ...
    0.5666 -159.7342  -23.6306
   -0.6866    0.7250   -0.0531
    0.2631    0.3159    0.9116
    0.6777    0.6120   -0.4077
...    89 G-C ...
    3.0475 -157.5897  -24.6107
   -0.5055    0.6687    0.5453
    0.6142   -0.1651    0.7717
    0.6060    0.7250   -0.3272
...    90 C-G ...
    4.6605 -154.9741  -25.8820
   -0.1178    0.4029    0.9077
    0.8025   -0.4998    0.3260
    0.5849    0.7668   -0.2644
...    91 T-A ...
    6.3598 -152.1907  -26.5480
    0.2939   -0.0140    0.9557
    0.7643   -0.5970   -0.2438
    0.5740    0.8021   -0.1648
...    92 T-A ...
    8.1138 -149.4786  -26.8936
    0.6840   -0.3748    0.6258
    0.4561   -0.4498   -0.7679
    0.5693    0.8107   -0.1367
...    93 T-A ...
    9.9121 -146.7618  -27.0658
    0.8380   -0.5447    0.0326
   -0.0376   -0.1173   -0.9924
    0.5444    0.8304   -0.1188
...    94 A-T ...
   11.4233 -143.7978  -28.1386
    0.6262   -0.3686   -0.6870
   -0.6267    0.2862   -0.7248
    0.4638    0.8844   -0.0518
...    95 A-T ...
   13.1421 -141.0014  -28.0552
    0.1453   -0.0437   -0.9884
   -0.8908    0.4289   -0.1499
    0.4305    0.9023    0.0234
...    96 C-G ...
   15.1408 -138.2689  -27.9817
   -0.3729    0.2133   -0.9030
   -0.8266    0.3658    0.4277
    0.4215    0.9059    0.0399
...    97 A-T ...
   16.3180 -135.1639  -27.4257
   -0.8281    0.3344   -0.4499
   -0.4310    0.1333    0.8924
    0.3584    0.9330    0.0338
...    98 C-G ...
   17.6436 -132.1497  -27.8715
   -0.9425    0.3162    0.1085
    0.0854   -0.0859    0.9926
    0.3232    0.9448    0.0540
...    99 T-A ...
   18.5180 -128.9403  -27.8730
   -0.7690    0.1253    0.6268
    0.5893   -0.2408    0.7712
    0.2476    0.9625    0.1113
...   100 T-A ...
   19.1522 -125.7890  -27.5319
   -0.3006   -0.0920    0.9493
    0.9278   -0.2590    0.2686
    0.2212    0.9615    0.1632
...   101 T-A ...
   19.6777 -122.6610  -26.8946
    0.2826   -0.2683    0.9210
    0.9357   -0.1341   -0.3262
    0.2110    0.9540    0.2131
...   102 A-T ...
   20.6545 -119.5313  -26.0794
    0.7931   -0.3455    0.5016
    0.5663    0.1152   -0.8161
    0.2242    0.9313    0.2870
...   103 T-A ...
   21.1647 -116.6727  -24.4864
    0.9755   -0.2200    0.0013
    0.0676    0.2941   -0.9534
    0.2094    0.9301    0.3017
...   104 G-C ...
   22.0005 -113.4910  -23.8181
    0.8033   -0.0180   -0.5953
   -0.5376    0.4083   -0.7377
    0.2564    0.9127    0.3183
...   105 C-G ...
   23.1790 -110.5849  -22.5551
    0.3435    0.2193   -0.9132
   -0.9016    0.3491   -0.2553
    0.2628    0.9111    0.3176
...   106 T-A ...
   24.3456 -107.6076  -21.5054
   -0.2326    0.3633   -0.9022
   -0.9392    0.1569    0.3053
    0.2525    0.9184    0.3047
...   107 T-A ...
   25.4216 -104.6782  -20.5391
   -0.7443    0.4106   -0.5267
   -0.6176   -0.1232    0.7767
    0.2540    0.9034    0.3453
...   108 C-G ...
   26.3563 -101.7146  -19.3879
   -0.9766    0.2100    0.0456
   -0.0358   -0.3682    0.9291
    0.2119    0.9057    0.3671
...   109 C-G ...
   26.9950  -98.5585  -18.3465
   -0.8462   -0.1359    0.5153
    0.5205   -0.4181    0.7445
    0.1143    0.8982    0.4245
...   110 G-C ...
   27.4947  -95.7151  -16.5468
   -0.4067   -0.4851    0.7741
    0.9134   -0.2322    0.3343
    0.0176    0.8431    0.5375
...   111 G-C ...
   27.1872  -93.0359  -14.5038
    0.1738   -0.6195    0.7655
    0.9847    0.1197   -0.1268
   -0.0131    0.7758    0.6308
...   112 C-G ...
   26.8037  -90.7766  -12.0721
    0.6988   -0.4806    0.5298
    0.7152    0.4809   -0.5072
   -0.0110    0.7333    0.6798
...   113 T-A ...
   26.7531  -88.6335   -9.5010
    0.9789   -0.1614    0.1254
    0.2033    0.7059   -0.6785
    0.0210    0.6897    0.7238
...   114 C-G ...
   26.9778  -86.4417   -7.0167
    0.8947    0.3141   -0.3177
   -0.4459    0.6702   -0.5932
    0.0266    0.6724    0.7397
...   115 G-C ...
   26.8523  -83.8717   -4.7846
    0.4434    0.6239   -0.6436
   -0.8935    0.3650   -0.2617
    0.0716    0.6911    0.7192
...   116 T-A ...
   27.7047  -81.7161   -2.3234
   -0.1284    0.7218   -0.6801
   -0.9899   -0.0517    0.1320
    0.0601    0.6902    0.7211
...   117 A-T ...
   27.3847  -79.7339    0.4929
   -0.7674    0.5214   -0.3731
   -0.6376   -0.5593    0.5298
    0.0676    0.6444    0.7617
...   118 T-A ...
   27.8949  -77.2137    2.5692
   -0.9884    0.1469   -0.0389
   -0.1378   -0.7579    0.6377
    0.0642    0.6356    0.7693
...   119 A-T ...
   28.1691  -75.3798    5.4180
   -0.8482   -0.4070    0.3391
    0.5294   -0.6743    0.5148
    0.0192    0.6161    0.7874
...   120 A-T ...
   28.0521  -73.3248    7.9274
   -0.3726   -0.7418    0.5576
    0.9280   -0.2993    0.2219
    0.0023    0.6001    0.7999
...   121 T-A ...
   27.3864  -71.3731   10.4915
    0.1672   -0.7976    0.5796
    0.9859    0.1384   -0.0940
   -0.0053    0.5871    0.8095
...   122 G-C ...
   27.7305  -69.5448   13.3096
    0.7278   -0.5983    0.3352
    0.6856    0.6215   -0.3792
    0.0185    0.5058    0.8625
...   123 T-A ...
   27.5903  -68.4322   16.4698
    0.9852   -0.1614    0.0569
    0.1686    0.8571   -0.4868
    0.0298    0.4892    0.8717
...   124 G-C ...
   27.8366  -66.5063   19.2221
    0.8768    0.3784   -0.2967
   -0.4728    0.7910   -0.3883
    0.0878    0.4807    0.8725
...   125 T-A ...
   28.5881  -65.3292   22.2962
    0.4638    0.7537   -0.4657
   -0.8816    0.4445   -0.1587
    0.0873    0.4841    0.8706
...   126 C-G ...
   28.9477  -63.7690   25.2150
   -0.1884    0.8626   -0.4695
   -0.9792   -0.1281    0.1575
    0.0758    0.4894    0.8688
...   127 G-C ...
   28.7884  -62.3215   28.3077
   -0.7381    0.5672   -0.3653
   -0.6747   -0.6191    0.4018
    0.0017    0.5431    0.8397
...   128 A-T ...
   28.8570  -60.5177   31.0759
   -0.9961    0.0471   -0.0747
   -0.0799   -0.8405    0.5359
   -0.0375    0.5397    0.8410
...   129 C-G ...
   28.5881  -58.2542   33.4897
   -0.8752   -0.4424    0.1954
    0.4773   -0.7249    0.4966
   -0.0781    0.5280    0.8457
...   130 C-G ...
   28.0027  -56.4537   36.2954
   -0.4377   -0.8235    0.3609
    0.8864   -0.3278    0.3270
   -0.1510    0.4630    0.8734
...   131 A-T ...
   27.7108  -55.0829   39.3669
    0.1959   -0.8966    0.3971
    0.9646    0.2491    0.0866
   -0.1766    0.3661    0.9137
...   132 A-T ...
   26.9519  -54.0554   42.3637
    0.7321   -0.5664    0.3784
    0.6539    0.7399   -0.1578
   -0.1906    0.3630    0.9121
...   133 A-T ...
   26.2354  -53.1157   45.4078
    0.9723    0.0041    0.2338
    0.0804    0.9331   -0.3506
   -0.2196    0.3597    0.9069
...   134 T-A ...
   25.6308  -52.5797   48.6350
    0.8597    0.5096    0.0340
   -0.4497    0.7867   -0.4230
   -0.2423    0.3484    0.9055
...   135 G-C ...
   25.2858  -52.4981   52.0751
    0.3205    0.9427   -0.0927
   -0.8825    0.2616   -0.3908
   -0.3442    0.2071    0.9158
...   136 T-A ...
   25.5356  -52.9669   55.8002
   -0.2443    0.9563   -0.1608
   -0.8908   -0.2868   -0.3525
   -0.3832    0.0571    0.9219
...   137 G-C ...
   24.9037  -52.7260   58.9821
   -0.7529    0.5562   -0.3519
   -0.5214   -0.8303   -0.1968
   -0.4017    0.0354    0.9151
...   138 A-T ...
   24.0249  -51.6262   61.9211
   -0.9563    0.0400   -0.2896
   -0.0523   -0.9980    0.0347
   -0.2877    0.0483    0.9565
...   139 G-C ...
   22.3574  -51.2300   64.4910
   -0.8529   -0.5117   -0.1032
    0.4973   -0.8566    0.1372
   -0.1586    0.0657    0.9852
...   140 C-G ...
   22.1608  -50.1387   67.4618
   -0.4681   -0.8749    0.1247
    0.8495   -0.4066    0.3363
   -0.2435    0.2633    0.9335
...   141 G-C ...
   21.4366  -51.8165   72.7856
    0.1304   -0.7141   -0.6877
    0.8897   -0.2218    0.3990
   -0.4375   -0.6639    0.6065
...   142 C-G ...
   20.4354  -54.2995   74.5395
    0.5847   -0.7390   -0.3347
    0.7593    0.3532    0.5466
   -0.2857   -0.5737    0.7676
...   143 T-A ...
   18.4377  -55.5191   76.5273
    0.8548   -0.5006    0.1370
    0.3188    0.7147    0.6225
   -0.4096   -0.4884    0.7705
...   144 C-G ...
   16.8485  -57.7127   78.2648
    0.8529   -0.0846    0.5152
   -0.1509    0.9047    0.3983
   -0.4998   -0.4175    0.7589
...   145 A-T ...
   15.7933  -59.5519   80.7963
    0.5515    0.4995    0.6681
   -0.6739    0.7388    0.0040
   -0.4915   -0.4525    0.7441
...   146 C-G ...
   15.7410  -61.4840   83.9296
    0.0342    0.7400    0.6718
   -0.8637    0.3601   -0.3527
   -0.5029   -0.5681    0.6514
...   147 A-T ...
   14.7481  -63.4171   86.8165
   -0.5923    0.6746    0.4405
   -0.6886   -0.1400   -0.7115
   -0.4183   -0.7247    0.5475
