  147 base-pairs
...     1 T-A ...
    0.0000    0.0000    0.0000
    1.0000    0.0000    0.0000
    0.0000    1.0000    0.0000
    0.0000    0.0000    1.0000
...     2 G-C ...
   -0.5555   -1.1003    3.3981
    0.7749    0.6051    0.1828
   -0.5991    0.7953   -0.0929
   -0.2016   -0.0375    0.9787
...     3 T-A ...
   -0.6619   -3.0237    6.5348
    0.3046    0.9250    0.2271
   -0.8994    0.3578   -0.2510
   -0.3134   -0.1278    0.9410
...     4 G-C ...
   -1.1607   -3.8418    9.6940
   -0.3351    0.9421    0.0133
   -0.8752   -0.3061   -0.3746
   -0.3489   -0.1372    0.9271
...     5 A-T ...
   -1.3881   -3.6770   12.8999
   -0.7835    0.6162   -0.0801
   -0.5677   -0.7622   -0.3109
   -0.2527   -0.1981    0.9470
...     6 G-C ...
   -2.6236   -3.5448   15.7072
   -0.9923    0.0611   -0.1075
   -0.0294   -0.9610   -0.2748
   -0.1201   -0.2695    0.9555
...     7 C-G ...
   -2.3138   -3.7570   18.8866
   -0.8620   -0.4995   -0.0864
    0.5008   -0.8655    0.0073
   -0.0785   -0.0370    0.9962
...     8 G-C ...
   -3.9561   -6.8109   23.3205
   -0.2581   -0.3560   -0.8981
    0.6294   -0.7673    0.1233
   -0.7330   -0.5335    0.4221
...     9 C-G ...
   -6.1177   -8.9414   24.2385
    0.1143   -0.7320   -0.6716
    0.8123   -0.3203    0.4874
   -0.5720   -0.6013    0.5580
...    10 T-A ...
   -8.5041   -9.6771   26.0540
    0.4660   -0.8587   -0.2131
    0.6274    0.1508    0.7640
   -0.6239   -0.4897    0.6090
...    11 C-G ...
  -11.0625  -11.3174   27.2336
    0.6660   -0.6911    0.2808
    0.3382    0.6152    0.7121
   -0.6649   -0.3794    0.6435
...    12 A-T ...
  -13.0013  -13.1789   29.0658
    0.7188   -0.1490    0.6790
   -0.1787    0.9043    0.3876
   -0.6718   -0.4000    0.6235
...    13 C-G ...
  -14.1788  -15.9359   31.3399
    0.4052    0.2865    0.8682
   -0.5270    0.8492   -0.0343
   -0.7470   -0.4437    0.4951
...    14 A-T ...
  -15.9532  -18.1566   33.3080
   -0.1503    0.6873    0.7107
   -0.6106    0.5008   -0.6135
   -0.7776   -0.5261    0.3444
...    15 A-T ...
  -18.3818  -19.9224   34.5609
   -0.4980    0.8421    0.2070
   -0.3949   -0.0076   -0.9187
   -0.7721   -0.5393    0.3363
...    16 T-A ...
  -20.7114  -21.6219   36.3863
   -0.6724    0.6686   -0.3176
   -0.0376   -0.4594   -0.8875
   -0.7393   -0.5848    0.3340
...    17 T-A ...
  -23.1226  -23.3449   37.8078
   -0.5945    0.2321   -0.7699
    0.3926   -0.7518   -0.5298
   -0.7017   -0.6172    0.3558
...    18 T-A ...
  -25.4963  -25.2113   39.0644
   -0.2474   -0.2396   -0.9388
    0.6720   -0.7405    0.0119
   -0.6980   -0.6279    0.3442
...    19 A-T ...
  -27.5877  -27.5866   40.2718
    0.2579   -0.6111   -0.7484
    0.6816   -0.4339    0.5892
   -0.6848   -0.6620    0.3046
...    20 T-A ...
  -30.2045  -29.5547   40.7400
    0.5872   -0.7412   -0.3253
    0.4440   -0.0411    0.8951
   -0.6768   -0.6700    0.3050
...    21 T-A ...
  -32.4459  -31.8064   41.4786
    0.7387   -0.6217    0.2604
    0.0003    0.3866    0.9223
   -0.6740   -0.6812    0.2858
...    22 C-G ...
  -34.5441  -34.1390   42.4791
    0.6103   -0.2454    0.7532
   -0.4620    0.6621    0.5901
   -0.6435   -0.7081    0.2906
...    23 G-C ...
  -36.7340  -36.1612   44.1250
    0.3229    0.2611    0.9097
   -0.7735    0.6267    0.0947
   -0.5454   -0.7342    0.4043
...    24 C-G ...
  -38.1796  -38.7659   45.5310
   -0.1114    0.5905    0.7993
   -0.8293    0.3880   -0.4022
   -0.5477   -0.7076    0.4464
...    25 A-T ...
  -40.4686  -41.0401   46.5548
   -0.5891    0.7187    0.3694
   -0.5803   -0.0581   -0.8123
   -0.5623   -0.6929    0.4513
...    26 A-T ...
  -42.2552  -43.2647   48.2039
   -0.8291    0.5306   -0.1765
   -0.1117   -0.4663   -0.8775
   -0.5479   -0.7078    0.4458
...    27 A-T ...
  -43.9836  -45.4453   49.9344
   -0.7441    0.1276   -0.6558
    0.4242   -0.6681   -0.6113
   -0.5161   -0.7331    0.4430
...    28 G-C ...
  -46.0470  -47.6131   51.5366
   -0.3537   -0.2193   -0.9093
    0.7589   -0.6356   -0.1419
   -0.5468   -0.7402    0.3912
...    29 G-C ...
  -48.2041  -50.0555   52.7284
    0.2075   -0.4830   -0.8506
    0.8165   -0.3934    0.4226
   -0.5388   -0.7822    0.3127
...    30 C-G ...
  -50.1850  -52.6094   53.3641
    0.6674   -0.5709   -0.4781
    0.5394   -0.0720    0.8389
   -0.5134   -0.8178    0.2599
...    31 C-G ...
  -51.9230  -55.3943   54.0080
    0.8927   -0.4457    0.0672
    0.0415    0.2298    0.9723
   -0.4488   -0.8652    0.2237
...    32 G-C ...
  -53.0623  -58.1050   55.1234
    0.8130   -0.1691    0.5572
   -0.4679    0.3798    0.7980
   -0.3466   -0.9095    0.2297
...    33 G-C ...
  -53.7458  -61.2917   56.0861
    0.4160    0.1173    0.9018
   -0.8615    0.3685    0.3494
   -0.2913   -0.9222    0.2543
...    34 C-G ...
  -54.3472  -64.4015   57.0332
   -0.1507    0.3340    0.9304
   -0.9489    0.2150   -0.2309
   -0.2772   -0.9177    0.2846
...    35 C-G ...
  -55.1688  -67.4376   58.4015
   -0.6720    0.4180    0.6113
   -0.6845   -0.0357   -0.7281
   -0.2826   -0.9077    0.3101
...    36 C-G ...
  -56.0275  -70.4720   59.7648
   -0.9329    0.3563    0.0529
   -0.1645   -0.2907   -0.9426
   -0.3205   -0.8880    0.3298
...    37 G-C ...
  -56.7003  -73.9310   59.9120
   -0.8255    0.1816   -0.5343
    0.4271   -0.4179   -0.8019
   -0.3689   -0.8902    0.2674
...    38 A-T ...
  -57.7705  -76.7637   60.8894
   -0.4016   -0.0903   -0.9114
    0.8443   -0.4220   -0.3303
   -0.3548   -0.9021    0.2457
...    39 C-G ...
  -59.3444  -79.4760   61.5114
    0.1330   -0.2449   -0.9604
    0.9224   -0.3239    0.2103
   -0.3626   -0.9138    0.1828
...    40 A-T ...
  -60.4845  -82.6508   61.9336
    0.6906   -0.3021   -0.6571
    0.6486   -0.1432    0.7475
   -0.3199   -0.9425    0.0970
...    41 C-G ...
  -61.4937  -85.7967   61.6544
    0.9459   -0.2826   -0.1591
    0.1697    0.0133    0.9854
   -0.2764   -0.9591    0.0606
...    42 G-C ...
  -62.2321  -89.0104   62.3221
    0.8617   -0.1683    0.4788
   -0.4646    0.1180    0.8776
   -0.2042   -0.9787    0.0235
...    43 A-T ...
  -62.8356  -92.1661   62.3544
    0.3993   -0.0745    0.9138
   -0.8932    0.1930    0.4061
   -0.2066   -0.9784    0.0105
...    44 C-G ...
  -62.8991  -95.5009   62.3295
   -0.1560    0.0643    0.9857
   -0.9686    0.1858   -0.1654
   -0.1938   -0.9805    0.0333
...    45 T-A ...
  -62.9832  -99.1097   62.8037
   -0.6963    0.1739    0.6963
   -0.6871    0.1185   -0.7168
   -0.2072   -0.9776    0.0370
...    46 T-A ...
  -63.4763 -102.2934   63.0727
   -0.9686    0.1860    0.1647
   -0.1598    0.0410   -0.9863
   -0.1902   -0.9817   -0.0100
...    47 A-T ...
  -64.0055 -105.6328   62.6803
   -0.8331    0.1797   -0.5231
    0.5179   -0.0786   -0.8519
   -0.1942   -0.9806   -0.0276
...    48 C-G ...
  -65.0735 -108.7444   63.0885
   -0.4077    0.1568   -0.8996
    0.8866   -0.1678   -0.4311
   -0.2185   -0.9733   -0.0706
...    49 T-A ...
  -66.1999 -111.9264   62.7768
    0.1693    0.1291   -0.9771
    0.9582   -0.2535    0.1326
   -0.2306   -0.9587   -0.1666
...    50 G-C ...
  -66.8113 -115.1796   61.9129
    0.7249    0.1060   -0.6807
    0.6706   -0.3346    0.6620
   -0.1576   -0.9364   -0.3136
...    51 T-A ...
  -67.4160 -117.9594   60.4183
    0.9769   -0.0485   -0.2083
    0.1764   -0.3682    0.9129
   -0.1210   -0.9285   -0.3511
...    52 A-T ...
  -67.8171 -121.3331   59.8191
    0.8489   -0.2890    0.4426
   -0.5177   -0.2850    0.8067
   -0.1071   -0.9139   -0.3915
...    53 G-C ...
  -67.9368 -124.3076   58.4614
    0.4323   -0.3560    0.8285
   -0.9003   -0.1183    0.4190
   -0.0511   -0.9270   -0.3716
...    54 G-C ...
  -67.3170 -127.6505   57.1949
   -0.1782   -0.3226    0.9296
   -0.9835    0.0868   -0.1585
   -0.0296   -0.9426   -0.3327
...    55 T-A ...
  -67.0104 -130.8441   56.3371
   -0.6871   -0.2447    0.6841
   -0.7263    0.2578   -0.6372
   -0.0204   -0.9347   -0.3549
...    56 A-T ...
  -66.9030 -134.0963   55.3150
   -0.9906   -0.0143    0.1360
   -0.1316    0.3714   -0.9191
   -0.0374   -0.9284   -0.3698
...    57 T-A ...
  -67.0046 -137.3796   54.7066
   -0.9011    0.1708   -0.3985
    0.4335    0.3503   -0.8303
   -0.0022   -0.9209   -0.3897
...    58 T-A ...
  -67.1217 -140.4471   53.6222
   -0.4710    0.3557   -0.8073
    0.8821    0.1905   -0.4307
    0.0006   -0.9150   -0.4035
...    59 C-G ...
  -66.8176 -143.4317   52.2141
    0.1601    0.4748   -0.8654
    0.9871   -0.0746    0.1417
    0.0028   -0.8769   -0.4806
...    60 A-T ...
  -66.7805 -146.4863   50.6954
    0.6919    0.4612   -0.5555
    0.7200   -0.3838    0.5782
    0.0535   -0.8000   -0.5976
...    61 T-A ...
  -66.7486 -148.7897   48.3688
    0.9607    0.2433   -0.1334
    0.2556   -0.5891    0.7666
    0.1080   -0.7705   -0.6282
...    62 G-C ...
  -66.1693 -151.4115   46.1941
    0.8936   -0.1267    0.4305
   -0.4008   -0.6572    0.6383
    0.2021   -0.7430   -0.6381
...    63 T-A ...
  -65.0740 -153.5814   43.7732
    0.4995   -0.5048    0.7040
   -0.8421   -0.4737    0.2578
    0.2033   -0.7217   -0.6617
...    64 T-A ...
  -64.2074 -155.7903   41.5301
   -0.1123   -0.7466    0.6557
   -0.9703   -0.0599   -0.2344
    0.2143   -0.6625   -0.7177
...    65 A-T ...
  -63.7073 -157.8527   38.6524
   -0.7628   -0.6282    0.1532
   -0.5796    0.5594   -0.5926
    0.2866   -0.5408   -0.7908
...    66 T-A ...
  -62.4720 -160.0545   36.4966
   -0.9441   -0.2482   -0.2169
   -0.0881    0.8241   -0.5596
    0.3176   -0.5092   -0.7999
...    67 A-T ...
  -61.0465 -161.4952   33.6304
   -0.7134    0.3835   -0.5865
    0.5857    0.7858   -0.1986
    0.3847   -0.4852   -0.7852
...    68 A-T ...
  -59.9241 -163.1458   31.1184
   -0.2409    0.7852   -0.5705
    0.8859    0.4179    0.2012
    0.3964   -0.4570   -0.7963
...    69 C-G ...
  -59.1547 -164.7625   28.2667
    0.2851    0.9047   -0.3166
    0.8652   -0.1007    0.4912
    0.4125   -0.4140   -0.8115
...    70 G-C ...
  -57.3249 -165.9143   25.7788
    0.6587    0.7391    0.1406
    0.5756   -0.6154    0.5385
    0.4845   -0.2738   -0.8308
...    71 G-C ...
  -55.2096 -166.2888   23.2570
    0.7989    0.3068    0.5173
    0.1723   -0.9408    0.2918
    0.5762   -0.1440   -0.8045
...    72 A-T ...
  -52.9944 -166.6071   20.8484
    0.6998   -0.3196    0.6388
   -0.3143   -0.9409   -0.1264
    0.6415   -0.1123   -0.7589
...    73 C-G ...
  -50.5829 -166.4672   18.5597
    0.3840   -0.7885    0.4804
   -0.6287   -0.6044   -0.4893
    0.6762   -0.1142   -0.7279
...    74 T-A ...
  -47.8930 -166.5803   16.4667
   -0.0834   -0.9874    0.1348
   -0.7057   -0.0370   -0.7075
    0.7036   -0.1542   -0.6937
...    75 C-G ...
  -45.6442 -167.0165   13.9810
   -0.5006   -0.7774   -0.3808
   -0.4830    0.6159   -0.6224
    0.7184   -0.1276   -0.6838
...    76 G-C ...
  -43.4871 -166.7178   11.3677
   -0.7201   -0.2320   -0.6539
   -0.0971    0.9669   -0.2360
    0.6870   -0.1064   -0.7188
...    77 A-T ...
  -40.9468 -166.5611    9.2528
   -0.6481    0.4350   -0.6251
    0.3299    0.9002    0.2844
    0.6864   -0.0219   -0.7269
...    78 G-C ...
  -38.6876 -166.6165    6.8104
   -0.3906    0.8685   -0.3052
    0.6177    0.4931    0.6126
    0.6826    0.0507   -0.7291
...    79 C-G ...
  -36.7184 -166.5301    4.0016
    0.0148    0.9869    0.1608
    0.7287   -0.1208    0.6741
    0.6846    0.1072   -0.7210
...    80 T-A ...
  -34.5629 -166.0090    1.5006
    0.3524    0.7393    0.5738
    0.6236   -0.6427    0.4451
    0.6978    0.2009   -0.6875
...    81 C-G ...
  -31.9865 -165.3338   -0.4499
    0.6316    0.1867    0.7525
    0.3447   -0.9370   -0.0569
    0.6945    0.2953   -0.6561
...    82 G-C ...
  -29.0804 -165.2995   -2.5305
    0.6831   -0.4262    0.5930
   -0.0361   -0.8307   -0.5555
    0.7294    0.3581   -0.5829
...    83 G-C ...
  -26.3082 -163.9820   -4.1470
    0.4981   -0.8522    0.1603
   -0.4082   -0.3936   -0.8237
    0.7650    0.3448   -0.5439
...    84 G-C ...
  -23.4896 -163.0614   -5.7638
    0.1192   -0.9399   -0.3201
   -0.5781    0.1964   -0.7920
    0.8072    0.2794   -0.5199
...    85 A-T ...
  -20.5243 -162.1474   -7.2354
   -0.2423   -0.5769   -0.7801
   -0.5303    0.7520   -0.3914
    0.8124    0.3189   -0.4881
...    86 T-A ...
  -17.5960 -161.6164   -8.7099
   -0.4913   -0.0675   -0.8684
   -0.3183    0.9419    0.1068
    0.8107    0.3289   -0.4843
...    87 C-G ...
  -14.7932 -160.7364  -10.4182
   -0.5745    0.5489   -0.6072
    0.0411    0.7603    0.6483
    0.8175    0.3475   -0.4593
...    88 C-G ...
  -11.8905 -159.7901  -11.7416
   -0.5702    0.8177   -0.0782
    0.3326    0.3168    0.8883
    0.7512    0.4805   -0.4526
...    89 G-C ...
   -9.2275 -157.9674  -12.7947
   -0.3780    0.7674    0.5179
    0.6178   -0.2075    0.7584
    0.6895    0.6067   -0.3956
...    90 C-G ...
   -7.2360 -155.6302  -14.4001
    0.0302    0.4795    0.8770
    0.7258   -0.6138    0.3106
    0.6873    0.6271   -0.3665
...    91 T-A ...
   -5.1165 -152.9978  -15.3477
    0.4280    0.0002    0.9038
    0.6116   -0.7364   -0.2894
    0.6655    0.6766   -0.3153
...    92 T-A ...
   -3.0578 -150.5729  -16.1449
    0.7282   -0.4273    0.5359
    0.2444   -0.5686   -0.7855
    0.6403    0.7029   -0.3097
...    93 T-A ...
   -0.9636 -148.1478  -16.8962
    0.7547   -0.6540   -0.0520
   -0.2369   -0.1977   -0.9512
    0.6118    0.7302   -0.3041
...    94 A-T ...
    0.4722 -145.6236  -18.7173
    0.5027   -0.4958   -0.7081
   -0.6952    0.2550   -0.6720
    0.5138    0.8301   -0.2166
...    95 A-T ...
    2.2790 -142.9419  -19.2381
    0.0024   -0.1522   -0.9883
   -0.8777    0.4733   -0.0750
    0.4792    0.8676   -0.1324
...    96 C-G ...
    4.3815 -140.2539  -19.7146
   -0.4939    0.1903   -0.8484
   -0.7244    0.4496    0.5226
    0.4809    0.8727   -0.0842
...    97 A-T ...
    5.9746 -137.2880  -19.8702
   -0.8592    0.3898   -0.3312
   -0.2758    0.1922    0.9418
    0.4308    0.9006   -0.0576
...    98 C-G ...
    7.3295 -134.3253  -20.7091
   -0.8856    0.4025    0.2317
    0.2251   -0.0642    0.9722
    0.4062    0.9132   -0.0337
...    99 T-A ...
    8.4026 -130.9697  -21.1604
   -0.6209    0.1681    0.7656
    0.7107   -0.2914    0.6403
    0.3307    0.9417    0.0615
...   100 T-A ...
    9.1515 -127.8108  -20.9664
   -0.1020   -0.0660    0.9926
    0.9421   -0.3267    0.0751
    0.3193    0.9428    0.0955
...   101 T-A ...
   10.1223 -124.7505  -20.4838
    0.4359   -0.3028    0.8475
    0.8386   -0.2051   -0.5046
    0.3267    0.9307    0.1645
...   102 A-T ...
   11.4908 -121.6448  -19.9908
    0.8736   -0.3720    0.3137
    0.3660    0.0777   -0.9274
    0.3206    0.9250    0.2040
...   103 T-A ...
   12.3653 -118.8300  -18.5830
    0.9344   -0.3028   -0.1877
   -0.0996    0.2838   -0.9537
    0.3421    0.9098    0.2351
...   104 G-C ...
   13.7298 -115.9528  -17.6722
    0.6454   -0.1370   -0.7514
   -0.6379    0.4444   -0.6290
    0.4201    0.8853    0.1994
...   105 C-G ...
   15.4517 -113.1427  -16.9367
    0.1565    0.1536   -0.9757
   -0.8974    0.4347   -0.0756
    0.4125    0.8874    0.2058
...   106 T-A ...
   17.2573 -110.2279  -16.3417
   -0.4112    0.3761   -0.8304
   -0.8096    0.2679    0.5222
    0.4189    0.8870    0.1943
...   107 T-A ...
   18.7411 -107.4131  -15.8346
   -0.8111    0.4442   -0.3804
   -0.4311   -0.0145    0.9022
    0.3953    0.8958    0.2033
...   108 C-G ...
   20.0948 -104.3755  -15.3195
   -0.9272    0.2879    0.2394
    0.1510   -0.2977    0.9426
    0.3427    0.9102    0.2326
...   109 C-G ...
   21.4567 -101.4372  -14.6500
   -0.7445   -0.0647    0.6645
    0.6250   -0.4176    0.6596
    0.2348    0.9063    0.3514
...   110 G-C ...
   22.3455  -98.7807  -13.1895
   -0.3275   -0.4133    0.8497
    0.9328   -0.2847    0.2210
    0.1505    0.8650    0.4787
...   111 G-C ...
   22.6168  -96.1165  -11.1928
    0.2406   -0.5812    0.7774
    0.9628    0.0413   -0.2670
    0.1231    0.8127    0.5695
...   112 C-G ...
   22.7245  -93.8352   -8.7081
    0.7441   -0.4867    0.4577
    0.6561    0.4032   -0.6379
    0.1260    0.7749    0.6193
...   113 T-A ...
   23.1491  -91.4063   -6.4828
    0.9815   -0.1913    0.0101
    0.1341    0.6485   -0.7493
    0.1368    0.7368    0.6622
...   114 C-G ...
   23.8058  -88.8278   -4.5087
    0.8511    0.2674   -0.4519
   -0.5020    0.6665   -0.5511
    0.1538    0.6959    0.7015
...   115 G-C ...
   23.9669  -86.2688   -2.3901
    0.3487    0.6163   -0.7060
   -0.9218    0.3617   -0.1396
    0.1693    0.6995    0.6943
...   116 T-A ...
   25.2886  -83.8692   -0.3019
   -0.2434    0.6956   -0.6760
   -0.9582   -0.0643    0.2788
    0.1504    0.7156    0.6821
...   117 A-T ...
   26.0456  -81.4061    1.9387
   -0.7944    0.4785   -0.3740
   -0.5963   -0.4976    0.6299
    0.1153    0.7235    0.6807
...   118 T-A ...
   26.6934  -78.6773    3.6631
   -0.9897    0.1421    0.0186
   -0.0856   -0.6904    0.7183
    0.1149    0.7093    0.6955
...   119 A-T ...
   27.2080  -76.5516    6.3054
   -0.8102   -0.3642    0.4593
    0.5790   -0.6192    0.5304
    0.0913    0.6957    0.7125
...   120 A-T ...
   27.2789  -74.2170    8.5679
   -0.3277   -0.7078    0.6258
    0.9437   -0.2775    0.1803
    0.0460    0.6497    0.7588
...   121 T-A ...
   26.8135  -72.1047   11.0904
    0.2285   -0.7559    0.6135
    0.9730    0.1558   -0.1704
    0.0332    0.6359    0.7711
...   122 G-C ...
   26.9533  -70.0681   13.8917
    0.7839   -0.5404    0.3058
    0.6173    0.6250   -0.4778
    0.0671    0.5633    0.8235
...   123 T-A ...
   27.0954  -68.7125   16.9198
    0.9933   -0.1157    0.0054
    0.0997    0.8305   -0.5480
    0.0589    0.5448    0.8365
...   124 G-C ...
   27.3195  -66.9112   19.7934
    0.8336    0.4232   -0.3550
   -0.5443    0.7388   -0.3975
    0.0941    0.5246    0.8462
...   125 T-A ...
   27.9641  -65.5877   22.6938
    0.4005    0.7474   -0.5301
   -0.9103    0.3906   -0.1370
    0.1047    0.5375    0.8368
...   126 C-G ...
   28.3545  -63.8828   25.3893
   -0.2365    0.8372   -0.4932
   -0.9663   -0.1493    0.2099
    0.1021    0.5261    0.8442
...   127 G-C ...
   28.0120  -62.4017   28.4268
   -0.7591    0.5340   -0.3724
   -0.6509   -0.6109    0.4508
    0.0132    0.5846    0.8112
...   128 A-T ...
   28.2196  -60.6035   31.0465
   -0.9979    0.0533   -0.0362
   -0.0644   -0.8253    0.5610
    0.0000    0.5622    0.8270
...   129 C-G ...
   28.0967  -58.1825   33.2864
   -0.8710   -0.4324    0.2332
    0.4891   -0.7183    0.4947
   -0.0464    0.5450    0.8372
...   130 C-G ...
   27.3747  -56.2859   36.0363
   -0.4525   -0.8129    0.3667
    0.8810   -0.3439    0.3249
   -0.1380    0.4701    0.8718
...   131 A-T ...
   27.6147  -55.0101   39.2243
    0.1867   -0.8967    0.4012
    0.9691    0.2352    0.0746
   -0.1612    0.3749    0.9129
...   132 A-T ...
   27.0093  -53.9821   42.2922
    0.7272   -0.5819    0.3639
    0.6644    0.7299   -0.1605
   -0.1723    0.3585    0.9175
...   133 A-T ...
   26.2288  -53.1364   45.3722
    0.9707   -0.0060    0.2400
    0.0929    0.9312   -0.3525
   -0.2214    0.3644    0.9045
...   134 T-A ...
   25.6308  -52.5796   48.6349
    0.8597    0.5096    0.0340
   -0.4497    0.7867   -0.4230
   -0.2423    0.3484    0.9055
...   135 G-C ...
   25.2859  -52.4980   52.0750
    0.3205    0.9427   -0.0927
   -0.8825    0.2616   -0.3908
   -0.3442    0.2071    0.9158
...   136 T-A ...
   25.5356  -52.9668   55.8002
   -0.2443    0.9563   -0.1608
   -0.8908   -0.2868   -0.3525
   -0.3832    0.0571    0.9219
...   137 G-C ...
   24.9037  -52.7259   58.9821
   -0.7529    0.5562   -0.3519
   -0.5214   -0.8303   -0.1968
   -0.4017    0.0354    0.9151
...   138 A-T ...
   24.0249  -51.6261   61.9211
   -0.9563    0.0400   -0.2896
   -0.0523   -0.9980    0.0347
   -0.2877    0.0483    0.9565
...   139 G-C ...
   22.3574  -51.2300   64.4909
   -0.8529   -0.5117   -0.1032
    0.4973   -0.8566    0.1372
   -0.1586    0.0657    0.9852
...   140 C-G ...
   22.1608  -50.1386   67.4618
   -0.4681   -0.8749    0.1247
    0.8495   -0.4066    0.3363
   -0.2435    0.2633    0.9335
...   141 G-C ...
   21.4366  -51.8164   72.7856
    0.1304   -0.7141   -0.6877
    0.8897   -0.2218    0.3990
   -0.4375   -0.6639    0.6065
...   142 C-G ...
   20.4355  -54.2994   74.5395
    0.5847   -0.7390   -0.3347
    0.7593    0.3532    0.5466
   -0.2857   -0.5737    0.7676
...   143 T-A ...
   18.4378  -55.5190   76.5273
    0.8548   -0.5006    0.1370
    0.3188    0.7147    0.6225
   -0.4096   -0.4884    0.7705
...   144 C-G ...
   16.8485  -57.7126   78.2648
    0.8529   -0.0846    0.5152
   -0.1509    0.9047    0.3983
   -0.4998   -0.4175    0.7589
...   145 A-T ...
   15.7933  -59.5518   80.7963
    0.5515    0.4995    0.6681
   -0.6739    0.7388    0.0040
   -0.4915   -0.4525    0.7441
...   146 C-G ...
   15.7410  -61.4839   83.9296
    0.0342    0.7400    0.6718
   -0.8637    0.3601   -0.3527
   -0.5029   -0.5681    0.6514
...   147 A-T ...
   14.7481  -63.4171   86.8165
   -0.5923    0.6746    0.4405
   -0.6886   -0.1400   -0.7115
   -0.4183   -0.7247    0.5475
