  147 base-pairs
...     1 T-A ...
    0.0000    0.0000    0.0000
    1.0000    0.0000    0.0000
    0.0000    1.0000    0.0000
    0.0000    0.0000    1.0000
...     2 G-C ...
   -0.5555   -1.1003    3.3981
    0.7749    0.6051    0.1828
   -0.5991    0.7953   -0.0929
   -0.2016   -0.0375    0.9787
...     3 T-A ...
   -0.6619   -3.0237    6.5348
    0.3046    0.9250    0.2271
   -0.8994    0.3578   -0.2510
   -0.3134   -0.1278    0.9410
...     4 G-C ...
   -1.1607   -3.8418    9.6940
   -0.3351    0.9421    0.0133
   -0.8752   -0.3061   -0.3746
   -0.3489   -0.1372    0.9271
...     5 A-T ...
   -1.3881   -3.6770   12.8999
   -0.7835    0.6162   -0.0801
   -0.5677   -0.7622   -0.3109
   -0.2527   -0.1981    0.9470
...     6 G-C ...
   -2.6236   -3.5448   15.7072
   -0.9923    0.0611   -0.1075
   -0.0294   -0.9610   -0.2748
   -0.1201   -0.2695    0.9555
...     7 C-G ...
   -2.3138   -3.7570   18.8866
   -0.8620   -0.4995   -0.0864
    0.5008   -0.8655    0.0073
   -0.0785   -0.0370    0.9962
...     8 G-C ...
   -3.9561   -6.8109   23.3205
   -0.2581   -0.3560   -0.8981
    0.6294   -0.7673    0.1233
   -0.7330   -0.5335    0.4221
...     9 C-G ...
   -6.1177   -8.9414   24.2385
    0.1143   -0.7320   -0.6716
    0.8123   -0.3203    0.4874
   -0.5720   -0.6013    0.5580
...    10 T-A ...
   -8.5041   -9.6771   26.0540
    0.4660   -0.8587   -0.2131
    0.6274    0.1508    0.7640
   -0.6239   -0.4897    0.6090
...    11 C-G ...
  -11.0625  -11.3174   27.2336
    0.6660   -0.6911    0.2808
    0.3382    0.6152    0.7121
   -0.6649   -0.3794    0.6435
...    12 A-T ...
  -13.0013  -13.1789   29.0658
    0.7188   -0.1490    0.6790
   -0.1787    0.9043    0.3876
   -0.6718   -0.4000    0.6235
...    13 C-G ...
  -14.1788  -15.9359   31.3399
    0.4052    0.2865    0.8682
   -0.5270    0.8492   -0.0343
   -0.7470   -0.4437    0.4951
...    14 A-T ...
  -15.9532  -18.1566   33.3080
   -0.1503    0.6873    0.7107
   -0.6106    0.5008   -0.6135
   -0.7776   -0.5261    0.3444
...    15 A-T ...
  -18.2880  -19.9783   34.6939
   -0.5255    0.8201    0.2263
   -0.4042   -0.0066   -0.9146
   -0.7486   -0.5721    0.3350
...    16 T-A ...
  -20.5032  -21.7381   36.4619
   -0.6911    0.6683   -0.2751
   -0.0611   -0.4333   -0.8992
   -0.7201   -0.6047    0.3403
...    17 T-A ...
  -22.7829  -23.5997   37.8962
   -0.6334    0.2390   -0.7360
    0.3843   -0.7284   -0.5672
   -0.6717   -0.6421    0.3695
...    18 T-A ...
  -25.0373  -25.4974   39.3003
   -0.3028   -0.2587   -0.9173
    0.7063   -0.7072   -0.0337
   -0.6399   -0.6580    0.3968
...    19 A-T ...
  -26.8683  -27.9040   40.8078
    0.2343   -0.6187   -0.7499
    0.7538   -0.3715    0.5420
   -0.6139   -0.6923    0.3793
...    20 T-A ...
  -29.2567  -30.0219   41.5503
    0.6033   -0.7019   -0.3786
    0.5318    0.0004    0.8468
   -0.5943   -0.7123    0.3735
...    21 T-A ...
  -31.1837  -32.4027   42.5837
    0.8278   -0.5394    0.1541
    0.0873    0.3953    0.9144
   -0.5541   -0.7435    0.3743
...    22 C-G ...
  -32.8056  -34.9664   43.8103
    0.7517   -0.1549    0.6411
   -0.4372    0.6107    0.6602
   -0.4938   -0.7765    0.3913
...    23 G-C ...
  -34.3373  -37.4015   45.6038
    0.4204    0.3096    0.8529
   -0.8251    0.5216    0.2174
   -0.3776   -0.7951    0.4747
...    24 C-G ...
  -35.0863  -40.1244   47.4034
   -0.1046    0.5728    0.8130
   -0.9341    0.2241   -0.2780
   -0.3414   -0.7885    0.5115
...    25 A-T ...
  -36.4609  -42.6653   49.0969
   -0.6268    0.6308    0.4574
   -0.6987   -0.1952   -0.6882
   -0.3449   -0.7510    0.5632
...    26 A-T ...
  -37.3796  -45.0323   51.1623
   -0.9380    0.3463   -0.0165
   -0.1784   -0.5229   -0.8335
   -0.2973   -0.7788    0.5523
...    27 A-T ...
  -38.2912  -47.4156   53.2086
   -0.8706   -0.0725   -0.4867
    0.4258   -0.6065   -0.6715
   -0.2465   -0.7918    0.5588
...    28 G-C ...
  -39.2618  -49.9017   55.2249
   -0.4765   -0.3572   -0.8033
    0.8413   -0.4507   -0.2986
   -0.2554   -0.8181    0.5152
...    29 G-C ...
  -40.2900  -52.5663   57.0490
    0.1020   -0.4736   -0.8748
    0.9661   -0.1624    0.2005
   -0.2370   -0.8656    0.4410
...    30 C-G ...
  -41.4524  -55.4101   58.3203
    0.6355   -0.4289   -0.6420
    0.7468    0.1304    0.6522
   -0.1960   -0.8939    0.4031
...    31 C-G ...
  -42.1329  -58.5409   59.3774
    0.9587   -0.1851   -0.2161
    0.2670    0.3222    0.9083
   -0.0984   -0.9284    0.3583
...    32 G-C ...
  -42.1392  -61.5715   60.8915
    0.9447    0.1560    0.2885
   -0.3244    0.3154    0.8918
    0.0481   -0.9360    0.3486
...    33 G-C ...
  -41.4870  -64.7236   61.9591
    0.5961    0.3868    0.7036
   -0.7900    0.1257    0.6001
    0.1437   -0.9135    0.3805
...    34 C-G ...
  -40.4848  -67.6586   63.2156
    0.0438    0.4212    0.9059
   -0.9825   -0.1461    0.1154
    0.1810   -0.8951    0.4075
...    35 C-G ...
  -39.6179  -70.4957   64.8873
   -0.5318    0.3102    0.7880
   -0.8255   -0.3978   -0.4004
    0.1893   -0.8634    0.4676
...    36 C-G ...
  -38.8925  -73.2455   66.7639
   -0.9161    0.0694    0.3950
   -0.3701   -0.5257   -0.7660
    0.1544   -0.8479    0.5072
...    37 G-C ...
  -38.4384  -76.3338   68.0942
   -0.9666   -0.1928   -0.1689
    0.2422   -0.4714   -0.8480
    0.0839   -0.8606    0.5023
...    38 A-T ...
  -38.1144  -79.1179   69.8489
   -0.6206   -0.4219   -0.6610
    0.7799   -0.2442   -0.5763
    0.0817   -0.8731    0.4806
...    39 C-G ...
  -38.4011  -81.8903   71.6671
   -0.1026   -0.4587   -0.8826
    0.9914    0.0255   -0.1285
    0.0814   -0.8882    0.4522
...    40 A-T ...
  -37.8586  -84.8501   73.1721
    0.4870   -0.2537   -0.8358
    0.8650    0.2725    0.4213
    0.1209   -0.9281    0.3522
...    41 C-G ...
  -37.8663  -88.0786   73.8785
    0.8680   -0.0253   -0.4959
    0.4720    0.3523    0.8082
    0.1543   -0.9356    0.3177
...    42 G-C ...
  -36.9797  -91.0821   75.1821
    0.9548    0.2969    0.0175
   -0.0956    0.2507    0.9633
    0.2816   -0.9214    0.2677
...    43 A-T ...
  -35.8726  -94.0789   76.0078
    0.6933    0.4176    0.5873
   -0.6437   -0.0076    0.7652
    0.3240   -0.9086    0.2636
...    44 C-G ...
  -34.2154  -96.9321   76.5581
    0.2281    0.3614    0.9041
   -0.9087   -0.2545    0.3310
    0.3497   -0.8970    0.2703
...    45 T-A ...
  -32.7185  -99.7511   77.5754
   -0.3253    0.1875    0.9268
   -0.8712   -0.4406   -0.2166
    0.3677   -0.8779    0.3067
...    46 T-A ...
  -31.2586 -102.4702   78.6543
   -0.7648   -0.1506    0.6264
   -0.5088   -0.4553   -0.7306
    0.3953   -0.8775    0.2716
...    47 A-T ...
  -29.9204 -105.6015   79.0271
   -0.8905   -0.4548   -0.0100
    0.1201   -0.2138   -0.9695
    0.4388   -0.8645    0.2450
...    48 C-G ...
  -28.6784 -108.3777   80.4220
   -0.6906   -0.4800   -0.5410
    0.5831    0.0731   -0.8091
    0.4279   -0.8742    0.2294
...    49 T-A ...
  -27.5133 -111.3778   81.3121
   -0.2850   -0.3021   -0.9097
    0.8683    0.3206   -0.3785
    0.4059   -0.8978    0.1709
...    50 G-C ...
  -25.9524 -114.3323   81.6938
    0.2254    0.0475   -0.9731
    0.8805    0.4176    0.2244
    0.4170   -0.9074    0.0523
...    51 T-A ...
  -25.0463 -117.5025   81.4881
    0.6398    0.3086   -0.7039
    0.6275    0.3191    0.7102
    0.4438   -0.8961    0.0105
...    52 A-T ...
  -23.3434 -120.4025   81.6128
    0.8552    0.5041   -0.1203
    0.1219    0.0300    0.9921
    0.5037   -0.8631   -0.0358
...    53 G-C ...
  -21.5117 -123.1561   81.1952
    0.7495    0.4900    0.4452
   -0.3478   -0.2806    0.8946
    0.5633   -0.8253   -0.0399
...    54 G-C ...
  -19.2400 -125.6788   81.0221
    0.3847    0.2951    0.8746
   -0.6816   -0.5481    0.4847
    0.6224   -0.7826   -0.0097
...    55 T-A ...
  -16.6777 -127.8484   80.9196
   -0.0540   -0.0505    0.9973
   -0.7749   -0.6278   -0.0738
    0.6298   -0.7767   -0.0052
...    56 A-T ...
  -14.9560 -130.8089   80.5288
   -0.5193   -0.5204    0.6779
   -0.5488   -0.4049   -0.7313
    0.6551   -0.7518   -0.0753
...    57 T-A ...
  -12.5279 -133.0558   80.8717
   -0.7156   -0.6728    0.1879
   -0.2011   -0.0592   -0.9778
    0.6690   -0.7375   -0.0930
...    58 C-G ...
  -10.2611 -135.4671   80.6482
   -0.7041   -0.5513   -0.4475
    0.2676    0.3778   -0.8864
    0.6577   -0.7439   -0.1185
...    59 T-A ...
   -8.2464 -138.1217   80.4173
   -0.4866   -0.2005   -0.8503
    0.6106    0.6181   -0.4951
    0.6248   -0.7601   -0.1784
...    60 C-G ...
   -6.2305 -140.6590   79.8362
   -0.0590    0.2551   -0.9651
    0.7812    0.6138    0.1144
    0.6215   -0.7471   -0.2355
...    61 G-C ...
   -3.8377 -142.9061   78.9806
    0.3015    0.6629   -0.6853
    0.7033    0.3307    0.6293
    0.6438   -0.6717   -0.3665
...    62 A-T ...
   -1.6997 -145.0092   77.6344
    0.6293    0.7623   -0.1511
    0.4036   -0.1543    0.9018
    0.6642   -0.6285   -0.4048
...    63 G-C ...
    0.5391 -146.8691   76.0110
    0.7050    0.5898    0.3939
    0.0205   -0.5722    0.8199
    0.7089   -0.5699   -0.4155
...    64 C-G ...
    3.1310 -148.3245   74.4605
    0.5757    0.1745    0.7988
   -0.3540   -0.8275    0.4359
    0.7370   -0.5337   -0.4146
...    65 T-A ...
    5.8337 -149.8135   73.1457
    0.2649   -0.3095    0.9133
   -0.5901   -0.8011   -0.1003
    0.7626   -0.5123   -0.3948
...    66 C-G ...
    8.4495 -151.4540   71.9107
   -0.1473   -0.7468    0.6485
   -0.6281   -0.4359   -0.6446
    0.7641   -0.5022   -0.4049
...    67 G-C ...
   10.7596 -153.2027   70.1404
   -0.5391   -0.8262    0.1634
   -0.4263    0.1004   -0.8990
    0.7264   -0.5543   -0.4063
...    68 G-C ...
   13.3743 -155.0529   68.9732
   -0.7384   -0.5798   -0.3442
   -0.0602    0.5651   -0.8228
    0.6716   -0.5869   -0.4522
...    69 G-C ...
   15.7027 -157.1542   67.6642
   -0.7110   -0.1043   -0.6954
    0.3520    0.8033   -0.4804
    0.6087   -0.5863   -0.5345
...    70 A-T ...
   17.6903 -159.1135   65.9498
   -0.4069    0.4329   -0.8044
    0.7034    0.7103    0.0265
    0.5829   -0.5550   -0.5935
...    71 T-A ...
   19.0324 -161.2344   63.8597
   -0.0172    0.7556   -0.6548
    0.8181    0.3871    0.4252
    0.5748   -0.5284   -0.6248
...    72 C-G ...
   20.8838 -162.7988   61.6642
    0.4336    0.8700   -0.2348
    0.6933   -0.1557    0.7036
    0.5756   -0.4678   -0.6707
...    73 C-G ...
   22.8930 -163.8916   59.1746
    0.6988    0.6683    0.2549
    0.3768   -0.6469    0.6630
    0.6080   -0.3673   -0.7039
...    74 G-C ...
   25.3518 -165.1864   57.2017
    0.7468    0.1829    0.6393
   -0.0436   -0.9459    0.3215
    0.6636   -0.2680   -0.6985
...    75 C-G ...
   27.8191 -165.6763   54.9566
    0.5853   -0.3925    0.7095
   -0.4425   -0.8878   -0.1261
    0.6794   -0.2401   -0.6934
...    76 T-A ...
   30.3337 -166.2892   52.8037
    0.2321   -0.8265    0.5129
   -0.6873   -0.5125   -0.5147
    0.6882   -0.2331   -0.6870
...    77 T-A ...
   32.7936 -166.8366   50.7042
   -0.1881   -0.9810    0.0470
   -0.7106    0.1029   -0.6960
    0.6779   -0.1643   -0.7165
...    78 T-A ...
   35.2060 -167.3453   48.5564
   -0.5560   -0.7259   -0.4050
   -0.4799    0.6782   -0.5566
    0.6787   -0.1151   -0.7254
...    79 A-T ...
   37.4606 -167.3586   46.0194
   -0.7644   -0.1175   -0.6340
   -0.0298    0.9887   -0.1472
    0.6441   -0.0936   -0.7592
...    80 T-A ...
   39.4112 -168.2845   43.5529
   -0.6919    0.4127   -0.5924
    0.3655    0.9078    0.2055
    0.6226   -0.0744   -0.7790
...    81 C-G ...
   41.3814 -168.5028   40.9403
   -0.3847    0.8772   -0.2872
    0.7178    0.4799    0.5044
    0.5803   -0.0121   -0.8143
...    82 A-T ...
   43.3986 -168.2682   38.2390
    0.0243    0.9846    0.1734
    0.8451   -0.1129    0.5226
    0.5341    0.1338   -0.8347
...    83 T-A ...
   44.5742 -167.5233   35.2654
    0.4515    0.7799    0.4335
    0.7221   -0.6048    0.3359
    0.5241    0.1613   -0.8362
...    84 G-C ...
   46.7303 -167.0189   32.7178
    0.7702    0.2359    0.5926
    0.3350   -0.9402   -0.0611
    0.5428    0.2456   -0.8032
...    85 T-A ...
   48.5344 -165.5637   30.2644
    0.8335   -0.3265    0.4456
   -0.1419   -0.9061   -0.3985
    0.5339    0.2689   -0.8016
...    86 T-A ...
   50.3119 -164.3539   27.7800
    0.6138   -0.7888    0.0314
   -0.6356   -0.5174   -0.5730
    0.4682    0.3318   -0.8190
...    87 A-T ...
   50.9482 -163.0876   24.5258
    0.0231   -0.8564   -0.5158
   -0.9187    0.1853   -0.3488
    0.3943    0.4819   -0.7825
...    88 T-A ...
   52.8436 -161.7225   22.1492
   -0.4635   -0.6100   -0.6427
   -0.7984    0.6021    0.0044
    0.3842    0.5152   -0.7661
...    89 A-T ...
   53.9357 -159.4981   19.7847
   -0.8841   -0.0664   -0.4626
   -0.3041    0.8333    0.4616
    0.3549    0.5487   -0.7569
...    90 A-T ...
   55.0718 -157.8277   17.2500
   -0.9081    0.4133   -0.0678
    0.2733    0.7074    0.6518
    0.3174    0.5733   -0.7554
...    91 C-G ...
   55.7410 -156.2986   14.4190
   -0.6345    0.6893    0.3497
    0.7277    0.3801    0.5710
    0.2606    0.6168   -0.7428
...    92 G-C ...
   56.7065 -153.8460   12.2427
   -0.1325    0.6764    0.7245
    0.9775   -0.0320    0.2086
    0.1643    0.7358   -0.6569
...    93 G-C ...
   56.9858 -151.0007   10.4053
    0.4345    0.4656    0.7710
    0.8903   -0.3512   -0.2897
    0.1359    0.8123   -0.5672
...    94 A-T ...
   57.5090 -148.1481    8.7616
    0.8948    0.1388    0.4244
    0.4302   -0.5225   -0.7362
    0.1195    0.8413   -0.5272
...    95 A-T ...
   57.8415 -145.2340    7.2993
    0.9757   -0.1559   -0.1538
   -0.2118   -0.4936   -0.8435
    0.0556    0.8556   -0.5147
...    96 C-G ...
   58.3559 -142.0842    6.0973
    0.6850   -0.3834   -0.6195
   -0.7274   -0.3133   -0.6105
    0.0400    0.8688   -0.4935
...    97 A-T ...
   57.9809 -139.2355    4.3486
    0.0643   -0.5031   -0.8618
   -0.9977   -0.0143   -0.0661
    0.0210    0.8641   -0.5029
...    98 C-G ...
   58.6517 -136.3889    2.6570
   -0.5078   -0.4252   -0.7492
   -0.8615    0.2476    0.4434
   -0.0030    0.8706   -0.4921
...    99 T-A ...
   58.7802 -133.5563    0.8611
   -0.9037   -0.2660   -0.3356
   -0.4222    0.4219    0.8024
   -0.0718    0.8668   -0.4935
...   100 T-A ...
   58.5803 -130.8062   -0.8455
   -0.9746   -0.0027    0.2238
    0.1947    0.4826    0.8539
   -0.1103    0.8758   -0.4698
...   101 T-A ...
   58.1047 -128.0226   -2.4182
   -0.6689    0.2213    0.7097
    0.7260    0.3998    0.5596
   -0.1598    0.8895   -0.4281
...   102 A-T ...
   57.4628 -124.9294   -3.5807
   -0.0695    0.2880    0.9551
    0.9703    0.2421   -0.0024
   -0.2319    0.9265   -0.2962
...   103 T-A ...
   56.0848 -122.0344   -4.2756
    0.4527    0.3508    0.8198
    0.8579    0.0792   -0.5077
   -0.2430    0.9331   -0.2651
...   104 G-C ...
   55.7166 -118.7726   -5.0978
    0.8986    0.2652    0.3495
    0.3812   -0.0777   -0.9212
   -0.2171    0.9611   -0.1709
...   105 C-G ...
   55.1765 -115.4277   -5.1901
    0.9525    0.1684   -0.2538
   -0.2242   -0.1764   -0.9584
   -0.2061    0.9698   -0.1303
...   106 T-A ...
   54.7174 -112.0824   -5.3717
    0.6427    0.0411   -0.7650
   -0.7414   -0.2184   -0.6346
   -0.1932    0.9750   -0.1099
...   107 T-A ...
   54.2838 -108.8248   -5.4587
    0.0221   -0.0231   -0.9995
   -0.9732   -0.2292   -0.0162
   -0.2287    0.9731   -0.0276
...   108 C-G ...
   53.6055 -105.5451   -5.4004
   -0.6029   -0.1598   -0.7817
   -0.7564   -0.1973    0.6237
   -0.2539    0.9672   -0.0020
...   109 C-G ...
   52.9836 -102.1856   -5.4396
   -0.9055   -0.3249   -0.2729
   -0.2559   -0.0949    0.9620
   -0.3385    0.9410    0.0028
...   110 G-C ...
   51.9263  -98.9622   -4.9217
   -0.8243   -0.4530    0.3395
    0.3350    0.0930    0.9376
   -0.4563    0.8866    0.0751
...   111 G-C ...
   50.2173  -96.0541   -4.7763
   -0.4273   -0.4300    0.7953
    0.7377    0.3427    0.5817
   -0.5227    0.8352    0.1708
...   112 C-G ...
   48.0538  -93.5951   -4.2135
    0.1015   -0.2269    0.9686
    0.8352    0.5483    0.0409
   -0.5404    0.8049    0.2451
...   113 T-A ...
   46.0844  -91.1587   -3.0809
    0.5943    0.0478    0.8028
    0.6047    0.6316   -0.4852
   -0.5303    0.7738    0.3465
...   114 C-G ...
   44.4932  -88.6255   -1.6744
    0.8531    0.4067    0.3269
    0.0862    0.5081   -0.8570
   -0.5146    0.7593    0.3984
...   115 G-C ...
   43.0426  -85.7108   -0.5948
    0.7558    0.5932   -0.2773
   -0.4871    0.2264   -0.8435
   -0.4375    0.7726    0.4600
...   116 T-A ...
   42.0608  -83.1570    1.4103
    0.3417    0.6286   -0.6987
   -0.8331   -0.1415   -0.5347
   -0.4349    0.7648    0.4753
...   117 A-T ...
   39.6842  -81.0933    3.0722
   -0.4383    0.4294   -0.7896
   -0.7906   -0.6021    0.1114
   -0.4276    0.6731    0.6034
...   118 T-A ...
   38.7782  -78.4472    4.8950
   -0.8114    0.0583   -0.5815
   -0.4184   -0.7527    0.5083
   -0.4081    0.6557    0.6352
...   119 A-T ...
   37.5420  -76.7856    7.7148
   -0.8911   -0.4531   -0.0255
    0.2907   -0.6129    0.7347
   -0.3485    0.6473    0.6779
...   120 A-T ...
   36.3409  -74.5960    9.8045
   -0.5315   -0.7356    0.4200
    0.7765   -0.2251    0.5885
   -0.3383    0.6390    0.6908
...   121 T-A ...
   34.6676  -72.5469   11.7617
   -0.0336   -0.7556    0.6541
    0.9408    0.1969    0.2758
   -0.3373    0.6247    0.7043
...   122 G-C ...
   33.8511  -70.5174   14.3559
    0.5789   -0.5487    0.6031
    0.7559    0.6385   -0.1448
   -0.3057    0.5397    0.7844
...   123 T-A ...
   32.6213  -69.3105   17.2055
    0.9129   -0.1229    0.3892
    0.3013    0.8462   -0.4396
   -0.2753    0.5186    0.8095
...   124 G-C ...
   31.9962  -67.3029   19.8653
    0.9227    0.3846   -0.0280
   -0.3378    0.7711   -0.5398
   -0.1860    0.5075    0.8413
...   125 T-A ...
   31.8510  -65.9905   22.9626
    0.5741    0.7463   -0.3367
   -0.8017    0.4289   -0.4164
   -0.1664    0.5090    0.8445
...   126 C-G ...
   31.4179  -64.2559   25.7798
   -0.0630    0.8518   -0.5201
   -0.9859   -0.1340   -0.0999
   -0.1548    0.5065    0.8483
...   127 G-C ...
   30.4263  -62.6746   28.6646
   -0.6461    0.5609   -0.5176
   -0.7423   -0.6196    0.2551
   -0.1776    0.5490    0.8167
...   128 A-T ...
   29.9358  -60.8353   31.4020
   -0.9690    0.0402   -0.2436
   -0.1645   -0.8410    0.5154
   -0.1841    0.5395    0.8216
...   129 C-G ...
   29.2961  -58.5462   33.7761
   -0.8899   -0.4501    0.0743
    0.4109   -0.7200    0.5593
   -0.1982    0.5283    0.8256
...   130 C-G ...
   28.4763  -56.6703   36.4914
   -0.4641   -0.8268    0.3179
    0.8516   -0.3178    0.4168
   -0.2436    0.4642    0.8516
...   131 A-T ...
   28.0049  -55.1973   39.5092
    0.1804   -0.8885    0.4220
    0.9527    0.2646    0.1497
   -0.2447    0.3750    0.8942
...   132 A-T ...
   27.0767  -54.1117   42.4334
    0.7205   -0.5536    0.4176
    0.6505    0.7482   -0.1304
   -0.2402    0.3656    0.8992
...   133 A-T ...
   26.2596  -53.1242   45.4281
    0.9674    0.0100    0.2530
    0.0813    0.9342   -0.3475
   -0.2398    0.3567    0.9029
...   134 T-A ...
   25.6307  -52.5796   48.6349
    0.8597    0.5096    0.0340
   -0.4497    0.7867   -0.4230
   -0.2423    0.3484    0.9055
...   135 G-C ...
   25.2858  -52.4980   52.0750
    0.3205    0.9427   -0.0927
   -0.8825    0.2616   -0.3908
   -0.3441    0.2071    0.9158
...   136 T-A ...
   25.5355  -52.9667   55.8002
   -0.2443    0.9563   -0.1608
   -0.8908   -0.2868   -0.3525
   -0.3832    0.0571    0.9219
...   137 G-C ...
   24.9036  -52.7259   58.9821
   -0.7529    0.5562   -0.3519
   -0.5214   -0.8303   -0.1968
   -0.4017    0.0354    0.9151
...   138 A-T ...
   24.0248  -51.6260   61.9211
   -0.9563    0.0400   -0.2896
   -0.0523   -0.9980    0.0347
   -0.2877    0.0483    0.9565
...   139 G-C ...
   22.3573  -51.2299   64.4909
   -0.8529   -0.5117   -0.1032
    0.4973   -0.8566    0.1372
   -0.1586    0.0657    0.9852
...   140 C-G ...
   22.1607  -50.1385   67.4618
   -0.4681   -0.8749    0.1247
    0.8495   -0.4066    0.3363
   -0.2435    0.2633    0.9335
...   141 G-C ...
   21.4365  -51.8164   72.7856
    0.1304   -0.7141   -0.6877
    0.8897   -0.2218    0.3990
   -0.4375   -0.6639    0.6065
...   142 C-G ...
   20.4354  -54.2994   74.5395
    0.5847   -0.7390   -0.3347
    0.7593    0.3532    0.5466
   -0.2857   -0.5737    0.7676
...   143 T-A ...
   18.4377  -55.5190   76.5273
    0.8548   -0.5006    0.1370
    0.3188    0.7147    0.6225
   -0.4096   -0.4884    0.7705
...   144 C-G ...
   16.8484  -57.7126   78.2648
    0.8529   -0.0846    0.5152
   -0.1509    0.9047    0.3983
   -0.4998   -0.4175    0.7589
...   145 A-T ...
   15.7932  -59.5518   80.7963
    0.5515    0.4995    0.6681
   -0.6739    0.7388    0.0040
   -0.4915   -0.4525    0.7441
...   146 C-G ...
   15.7410  -61.4839   83.9296
    0.0342    0.7400    0.6718
   -0.8637    0.3601   -0.3527
   -0.5029   -0.5681    0.6514
...   147 A-T ...
   14.7481  -63.4170   86.8165
   -0.5923    0.6746    0.4405
   -0.6886   -0.1400   -0.7115
   -0.4183   -0.7247    0.5475
