  147 base-pairs
...     1 T-A ...
    0.0000    0.0000    0.0000
    1.0000    0.0000    0.0000
    0.0000    1.0000    0.0000
    0.0000    0.0000    1.0000
...     2 G-C ...
   -0.5555   -1.1003    3.3981
    0.7749    0.6051    0.1828
   -0.5991    0.7953   -0.0929
   -0.2016   -0.0375    0.9787
...     3 T-A ...
   -0.6619   -3.0237    6.5348
    0.3046    0.9250    0.2271
   -0.8994    0.3578   -0.2510
   -0.3134   -0.1278    0.9410
...     4 G-C ...
   -1.1607   -3.8418    9.6940
   -0.3351    0.9421    0.0133
   -0.8752   -0.3061   -0.3746
   -0.3489   -0.1372    0.9271
...     5 A-T ...
   -1.3881   -3.6770   12.8999
   -0.7835    0.6162   -0.0801
   -0.5677   -0.7622   -0.3109
   -0.2527   -0.1981    0.9470
...     6 G-C ...
   -2.6236   -3.5448   15.7072
   -0.9923    0.0611   -0.1075
   -0.0294   -0.9610   -0.2748
   -0.1201   -0.2695    0.9555
...     7 C-G ...
   -2.3138   -3.7570   18.8866
   -0.8620   -0.4995   -0.0864
    0.5008   -0.8655    0.0073
   -0.0785   -0.0370    0.9962
...     8 G-C ...
   -3.9561   -6.8109   23.3205
   -0.2581   -0.3560   -0.8981
    0.6294   -0.7673    0.1233
   -0.7330   -0.5335    0.4221
...     9 C-G ...
   -6.1177   -8.9414   24.2385
    0.1143   -0.7320   -0.6716
    0.8123   -0.3203    0.4874
   -0.5720   -0.6013    0.5580
...    10 T-A ...
   -8.5041   -9.6771   26.0540
    0.4660   -0.8587   -0.2131
    0.6274    0.1508    0.7640
   -0.6239   -0.4897    0.6090
...    11 C-G ...
  -11.0625  -11.3174   27.2336
    0.6660   -0.6911    0.2808
    0.3382    0.6152    0.7121
   -0.6649   -0.3794    0.6435
...    12 A-T ...
  -13.0013  -13.1789   29.0658
    0.7188   -0.1490    0.6790
   -0.1787    0.9043    0.3876
   -0.6718   -0.4000    0.6235
...    13 C-G ...
  -14.1788  -15.9359   31.3399
    0.4052    0.2865    0.8682
   -0.5270    0.8492   -0.0343
   -0.7470   -0.4437    0.4951
...    14 A-T ...
  -15.9532  -18.1566   33.3080
   -0.1503    0.6873    0.7107
   -0.6106    0.5008   -0.6135
   -0.7776   -0.5261    0.3444
...    15 A-T ...
  -18.3174  -19.9980   34.6241
   -0.5252    0.8248    0.2096
   -0.3806   -0.0073   -0.9247
   -0.7612   -0.5654    0.3177
...    16 T-A ...
  -20.6098  -21.7230   36.3048
   -0.6622    0.6832   -0.3077
   -0.0332   -0.4370   -0.8989
   -0.7486   -0.5850    0.3121
...    17 T-A ...
  -23.0264  -23.5335   37.5408
   -0.5606    0.2761   -0.7807
    0.3856   -0.7473   -0.5411
   -0.7328   -0.6044    0.3125
...    18 T-A ...
  -25.4901  -25.3449   38.6543
   -0.2158   -0.2184   -0.9517
    0.6523   -0.7575    0.0259
   -0.7266   -0.6152    0.3060
...    19 A-T ...
  -27.7035  -27.6662   39.7613
    0.2917   -0.6142   -0.7332
    0.6315   -0.4521    0.6299
   -0.7184   -0.6468    0.2560
...    20 T-A ...
  -30.3548  -29.5922   40.0367
    0.5902   -0.7492   -0.3005
    0.3811   -0.0695    0.9219
   -0.7116   -0.6586    0.2445
...    21 T-A ...
  -32.6802  -31.7883   40.6176
    0.7050   -0.6407    0.3041
   -0.0533    0.3798    0.9235
   -0.7072   -0.6673    0.2336
...    22 C-G ...
  -34.8708  -34.1404   41.4060
    0.5332   -0.2613    0.8046
   -0.4965    0.6734    0.5477
   -0.6850   -0.6916    0.2293
...    23 G-C ...
  -37.3399  -36.2031   42.5533
    0.1687    0.2355    0.9571
   -0.7521    0.6584   -0.0295
   -0.6371   -0.7149    0.2882
...    24 C-G ...
  -39.1545  -38.8025   43.7176
   -0.2881    0.5835    0.7593
   -0.7175    0.3937   -0.5747
   -0.6342   -0.7104    0.3052
...    25 A-T ...
  -41.4872  -41.1148   44.4475
   -0.6366    0.7373    0.2261
   -0.3871   -0.0519   -0.9206
   -0.6670   -0.6736    0.3185
...    26 A-T ...
  -43.5702  -43.2918   45.7092
   -0.7567    0.5408   -0.3674
    0.0910   -0.4693   -0.8784
   -0.6474   -0.6981    0.3058
...    27 A-T ...
  -45.7138  -45.4518   46.8714
   -0.5516    0.1537   -0.8199
    0.5355   -0.6884   -0.4893
   -0.6396   -0.7089    0.2974
...    28 G-C ...
  -48.0388  -47.6355   47.8668
   -0.1050   -0.1970   -0.9748
    0.7513   -0.6579    0.0520
   -0.6516   -0.7268    0.2171
...    29 G-C ...
  -50.4070  -49.9965   48.3924
    0.4073   -0.4580   -0.7902
    0.6611   -0.4491    0.6011
   -0.6301   -0.7672    0.1199
...    30 C-G ...
  -52.6424  -52.4744   48.3167
    0.7437   -0.5892   -0.3158
    0.2961   -0.1332    0.9458
   -0.5994   -0.7969    0.0755
...    31 C-G ...
  -54.4121  -55.3666   48.2920
    0.8219   -0.4960    0.2801
   -0.2168    0.1824    0.9590
   -0.5267   -0.8490    0.0424
...    32 G-C ...
  -56.1095  -58.2689   48.9545
    0.5641   -0.2255    0.7943
   -0.6995    0.3807    0.6048
   -0.4388   -0.8968    0.0570
...    33 G-C ...
  -57.2839  -61.4575   49.2705
    0.0685    0.0805    0.9944
   -0.9126    0.4077    0.0298
   -0.4030   -0.9096    0.1014
...    34 C-G ...
  -58.2825  -64.6496   49.7889
   -0.4719    0.3136    0.8240
   -0.7848    0.2765   -0.5547
   -0.4018   -0.9084    0.1156
...    35 C-G ...
  -59.5242  -67.7757   50.4007
   -0.8212    0.4604    0.3372
   -0.3614    0.0379   -0.9317
   -0.4417   -0.8869    0.1353
...    36 C-G ...
  -60.9526  -70.8013   51.1044
   -0.8455    0.4582   -0.2740
    0.1862   -0.2279   -0.9557
   -0.5004   -0.8591    0.1074
...    37 G-C ...
  -62.4008  -73.9022   51.1215
   -0.5082    0.3378   -0.7922
    0.6580   -0.4412   -0.6102
   -0.5557   -0.8314    0.0019
...    38 A-T ...
  -64.2472  -76.6311   51.1724
    0.0294    0.0488   -0.9984
    0.8330   -0.5532   -0.0025
   -0.5524   -0.8316   -0.0570
...    39 C-G ...
  -66.5284  -78.9882   50.7840
    0.5081   -0.2129   -0.8346
    0.6738   -0.5053    0.5391
   -0.5365   -0.8363   -0.1133
...    40 A-T ...
  -68.0905  -81.9663   50.4295
    0.8675   -0.3677   -0.3349
    0.2156   -0.3289    0.9194
   -0.4482   -0.8699   -0.2061
...    41 C-G ...
  -69.4314  -84.7039   49.0955
    0.8573   -0.4597    0.2316
   -0.3112   -0.1044    0.9446
   -0.4101   -0.8819   -0.2326
...    42 G-C ...
  -70.7131  -87.8739   48.8249
    0.5252   -0.3707    0.7660
   -0.7927    0.1142    0.5988
   -0.3095   -0.9217   -0.2339
...    43 A-T ...
  -71.5998  -91.0118   48.1026
   -0.0962   -0.2301    0.9684
   -0.9531    0.3018   -0.0230
   -0.2870   -0.9252   -0.2484
...    44 C-G ...
  -71.9752  -94.3321   47.4930
   -0.6214   -0.0344    0.7828
   -0.7339    0.3756   -0.5660
   -0.2745   -0.9262   -0.2586
...    45 T-A ...
  -72.7823  -97.5545   46.8794
   -0.9269    0.2004    0.3175
   -0.2408    0.3316   -0.9122
   -0.2880   -0.9219   -0.2591
...    46 T-A ...
  -73.6109 -100.6589   46.2559
   -0.8905    0.3280   -0.3154
    0.3846    0.1720   -0.9069
   -0.2433   -0.9289   -0.2793
...    47 A-T ...
  -73.9900 -103.8275   45.0001
   -0.4030    0.3736   -0.8355
    0.8878   -0.0623   -0.4560
   -0.2225   -0.9255   -0.3066
...    48 C-G ...
  -75.2974 -106.7543   44.1461
    0.1638    0.3255   -0.9312
    0.9629   -0.2579    0.0792
   -0.2144   -0.9097   -0.3557
...    49 T-A ...
  -76.1934 -109.6435   42.7434
    0.6920    0.2131   -0.6898
    0.7018   -0.4226    0.5735
   -0.1693   -0.8809   -0.4420
...    50 G-C ...
  -76.3693 -112.6931   41.2751
    0.9881    0.0260   -0.1513
    0.1429   -0.5172    0.8439
   -0.0563   -0.8555   -0.5147
...    51 T-A ...
  -76.2916 -115.1687   39.0675
    0.9039   -0.2323    0.3592
   -0.4277   -0.4724    0.7706
   -0.0093   -0.8502   -0.5264
...    52 A-T ...
  -76.7031 -118.3149   37.6792
    0.3662   -0.5305    0.7645
   -0.9305   -0.2054    0.3032
   -0.0038   -0.8224   -0.5689
...    53 G-C ...
  -76.3746 -121.1044   35.8103
   -0.2368   -0.5455    0.8040
   -0.9713    0.1135   -0.2091
    0.0228   -0.8304   -0.5567
...    54 G-C ...
  -76.1324 -124.0475   34.0836
   -0.7669   -0.3553    0.5345
   -0.6416    0.4031   -0.6526
    0.0164   -0.8434   -0.5371
...    55 T-A ...
  -75.7876 -127.1677   32.7648
   -0.9951   -0.0751    0.0640
   -0.0949    0.5508   -0.8292
    0.0271   -0.8312   -0.5553
...    56 A-T ...
  -75.1950 -129.5770   30.3041
   -0.7674    0.2796   -0.5770
    0.6296    0.4987   -0.5957
    0.1212   -0.8204   -0.5588
...    57 T-A ...
  -75.3012 -132.5128   28.7852
   -0.3146    0.5074   -0.8023
    0.9393    0.2880   -0.1863
    0.1365   -0.8122   -0.5672
...    58 C-G ...
  -74.8556 -135.2318   26.9466
    0.3225    0.6284   -0.7079
    0.9319   -0.0797    0.3537
    0.1658   -0.7738   -0.6113
...    59 T-A ...
  -74.4336 -137.6394   24.6780
    0.7699    0.5506   -0.3227
    0.5969   -0.4423    0.6693
    0.2258   -0.7079   -0.6692
...    60 C-G ...
  -73.5338 -139.8584   22.4172
    0.9588    0.2062    0.1957
    0.0104   -0.7134    0.7006
    0.2841   -0.6697   -0.6862
...    61 G-C ...
  -72.1961 -142.3679   20.4772
    0.7411   -0.1932    0.6429
   -0.5267   -0.7611    0.3785
    0.4162   -0.6192   -0.6659
...    62 A-T ...
  -70.5934 -144.4358   18.3987
    0.2425   -0.6310    0.7369
   -0.8572   -0.4951   -0.1419
    0.4544   -0.5973   -0.6609
...    63 G-C ...
  -68.7699 -146.4037   16.3383
   -0.3059   -0.7982    0.5189
   -0.8243   -0.0507   -0.5638
    0.4764   -0.6002   -0.6425
...    64 C-G ...
  -66.9117 -148.5477   14.4536
   -0.7319   -0.6769    0.0780
   -0.4788    0.4295   -0.7657
    0.4848   -0.5978   -0.6384
...    65 T-A ...
  -65.2157 -150.7423   12.5056
   -0.8765   -0.2929   -0.3820
    0.0355    0.7521   -0.6581
    0.4801   -0.5904   -0.6488
...    66 C-G ...
  -63.4739 -152.7354   10.4512
   -0.6579    0.2574   -0.7077
    0.5664    0.7885   -0.2397
    0.4963   -0.5586   -0.6646
...    67 G-C ...
  -61.3068 -154.3583    8.3182
   -0.2487    0.7427   -0.6217
    0.8285    0.4956    0.2607
    0.5017   -0.4503   -0.7386
...    68 G-C ...
  -59.7411 -155.9766    5.7807
    0.2097    0.9404   -0.2678
    0.8162   -0.0176    0.5775
    0.5383   -0.3397   -0.7713
...    69 G-C ...
  -58.0256 -156.9242    3.0306
    0.5621    0.8005    0.2080
    0.5661   -0.5557    0.6089
    0.6030   -0.2245   -0.7655
...    70 A-T ...
  -55.9183 -157.4886    0.5638
    0.7473    0.3096    0.5880
    0.1323   -0.9364    0.3249
    0.6512   -0.1650   -0.7407
...    71 T-A ...
  -53.7166 -157.3407   -1.8708
    0.6938   -0.2263    0.6837
   -0.2641   -0.9631   -0.0508
    0.6700   -0.1453   -0.7280
...    72 T-A ...
  -51.3888 -157.5983   -4.1399
    0.4108   -0.7667    0.4934
   -0.6128   -0.6329   -0.4732
    0.6751   -0.1079   -0.7298
...    73 C-G ...
  -48.9979 -158.0721   -6.4161
   -0.0476   -0.9968    0.0642
   -0.7135   -0.0110   -0.7005
    0.6990   -0.0792   -0.7107
...    74 A-T ...
  -46.9710 -158.2017   -9.0962
   -0.4889   -0.7757   -0.3990
   -0.5148    0.6258   -0.5860
    0.7042   -0.0811   -0.7053
...    75 T-A ...
  -44.3480 -158.9686  -11.0380
   -0.6530   -0.3122   -0.6900
   -0.1828    0.9491   -0.2565
    0.7350   -0.0413   -0.6768
...    76 G-C ...
  -41.8177 -158.6507  -13.2413
   -0.6592    0.3488   -0.6662
    0.2446    0.9372    0.2486
    0.7111    0.0009   -0.7031
...    77 T-A ...
  -39.6914 -159.1408  -15.7860
   -0.4393    0.8087   -0.3912
    0.5476    0.5862    0.5971
    0.7122    0.0481   -0.7004
...    78 T-A ...
  -37.4604 -159.0294  -18.1360
   -0.0629    0.9956    0.0692
    0.6906   -0.0066    0.7232
    0.7205    0.0933   -0.6872
...    79 A-T ...
  -34.9562 -158.5307  -20.3299
    0.2546    0.7661    0.5902
    0.6164   -0.5988    0.5114
    0.7452    0.2336   -0.6246
...    80 T-A ...
  -32.8792 -157.2175  -22.4808
    0.5045    0.3353    0.7956
    0.4102   -0.9039    0.1208
    0.7597    0.2655   -0.5936
...    81 A-T ...
  -30.1036 -156.4664  -24.2681
    0.5903   -0.3284    0.7373
    0.0542   -0.8953   -0.4422
    0.8054    0.3010   -0.5107
...    82 A-T ...
  -27.4087 -155.3227  -25.7030
    0.5212   -0.7948    0.3109
   -0.2898   -0.5075   -0.8115
    0.8027    0.3329   -0.4949
...    83 C-G ...
  -24.4136 -154.1008  -26.7208
    0.2809   -0.9376   -0.2050
   -0.5090    0.0355   -0.8601
    0.8137    0.3459   -0.4672
...    84 G-C ...
  -21.9199 -152.8937  -28.7226
   -0.1000   -0.7192   -0.6876
   -0.5484    0.6164   -0.5651
    0.8302    0.3205   -0.4560
...    85 G-C ...
  -18.9627 -151.8715  -30.1071
   -0.4265   -0.2219   -0.8768
   -0.3969    0.9170   -0.0390
    0.8127    0.3314   -0.4792
...    86 A-T ...
  -16.1346 -150.8129  -31.5109
   -0.5838    0.4013   -0.7058
   -0.0742    0.8393    0.5386
    0.8085    0.3668   -0.4602
...    87 C-G ...
  -13.4829 -150.0521  -33.3899
   -0.5534    0.7866   -0.2740
    0.2442    0.4677    0.8495
    0.7963    0.4032   -0.4509
...    88 C-G ...
  -10.8282 -148.8036  -35.0974
   -0.4117    0.8578    0.3078
    0.5062   -0.0656    0.8599
    0.7578    0.5098   -0.4072
...    89 G-C ...
   -8.0788 -147.0544  -36.1073
   -0.1771    0.5659    0.8052
    0.6690   -0.5308    0.5202
    0.7218    0.6308   -0.2846
...    90 C-G ...
   -6.0649 -144.5647  -36.9833
    0.1714    0.1223    0.9776
    0.6784   -0.7342   -0.0271
    0.7145    0.6678   -0.2088
...    91 T-A ...
   -3.8336 -142.1163  -37.3197
    0.4585   -0.3605    0.8123
    0.5186   -0.6337   -0.5740
    0.7217    0.6844   -0.1036
...    92 T-A ...
   -1.5542 -139.7943  -37.4040
    0.6845   -0.6603    0.3088
    0.1629   -0.2744   -0.9477
    0.7105    0.6991   -0.0802
...    93 T-A ...
    0.7540 -137.4778  -37.3415
    0.6811   -0.6525   -0.3320
   -0.2767    0.1904   -0.9419
    0.6778    0.7335   -0.0509
...    94 A-T ...
    2.4977 -134.4955  -38.0136
    0.3711   -0.2075   -0.9051
   -0.7074    0.5683   -0.4203
    0.6016    0.7962    0.0642
...    95 A-T ...
    4.6813 -132.0748  -37.6214
   -0.0934    0.2475   -0.9644
   -0.8081    0.5470    0.2186
    0.5816    0.7997    0.1489
...    96 C-G ...
    7.0888 -129.7313  -37.3291
   -0.5264    0.5103   -0.6801
   -0.6326    0.2993    0.7143
    0.5681    0.8062    0.1652
...    97 A-T ...
    8.8707 -127.0533  -36.3238
   -0.8482    0.5159   -0.1198
   -0.1942   -0.0924    0.9766
    0.4928    0.8517    0.1785
...    98 C-G ...
   10.4581 -124.1553  -36.3042
   -0.8430    0.3397    0.4171
    0.2905   -0.3650    0.8845
    0.4527    0.8668    0.2090
...    99 T-A ...
   11.6887 -121.1337  -35.6953
   -0.5937   -0.0047    0.8047
    0.7090   -0.4760    0.5204
    0.3806    0.8795    0.2859
...   100 T-A ...
   12.7320 -118.2349  -34.7187
   -0.0989   -0.3275    0.9397
    0.9284   -0.3702   -0.0313
    0.3581    0.8693    0.3407
...   101 T-A ...
   13.7031 -115.4155  -33.4543
    0.4455   -0.5102    0.7357
    0.8241   -0.0873   -0.5596
    0.3497    0.8556    0.3815
...   102 A-T ...
   15.1549 -112.6135  -32.2259
    0.8596   -0.4683    0.2045
    0.3711    0.2970   -0.8798
    0.3513    0.8322    0.4290
...   103 T-A ...
   16.1989 -110.2111  -30.1826
    0.9346   -0.2203   -0.2793
   -0.1344    0.5082   -0.8507
    0.3293    0.8326    0.4453
...   104 G-C ...
   17.2885 -107.2685  -29.0108
    0.6459    0.1205   -0.7538
   -0.6703    0.5622   -0.4844
    0.3654    0.8182    0.4439
...   105 C-G ...
   18.8135 -104.7287  -27.3916
    0.1398    0.4166   -0.8983
   -0.9217    0.3863    0.0357
    0.3619    0.8229    0.4380
...   106 T-A ...
   20.2795 -102.0425  -26.0102
   -0.4112    0.5384   -0.7356
   -0.8458    0.0755    0.5281
    0.3398    0.8393    0.4243
...   107 T-A ...
   21.5928  -99.3514  -24.7229
   -0.8302    0.4863   -0.2725
   -0.4450   -0.2836    0.8495
    0.3358    0.8265    0.4519
...   108 C-G ...
   22.7510  -96.6331  -23.2504
   -0.9467    0.1702    0.2734
    0.1456   -0.5311    0.8347
    0.2873    0.8300    0.4780
...   109 C-G ...
   23.5206  -93.6939  -21.7765
   -0.7333   -0.2508    0.6320
    0.6523   -0.5219    0.5497
    0.1920    0.8153    0.5463
...   110 G-C ...
   24.2684  -91.2076  -19.5867
   -0.2550   -0.6198    0.7421
    0.9614   -0.2448    0.1259
    0.1036    0.7456    0.6583
...   111 G-C ...
   24.2635  -88.9329  -17.0717
    0.3155   -0.7212    0.6167
    0.9454    0.1831   -0.2696
    0.0815    0.6681    0.7396
...   112 C-G ...
   24.2632  -87.0850  -14.2805
    0.7901   -0.5181    0.3277
    0.6069    0.5857   -0.5373
    0.0864    0.6234    0.7771
...   113 T-A ...
   24.5680  -85.3403  -11.4354
    0.9907   -0.1243   -0.0554
    0.0677    0.8037   -0.5912
    0.1180    0.5819    0.8046
...   114 C-G ...
   25.0799  -83.5087   -8.7118
    0.8212    0.4040   -0.4031
   -0.5580    0.7166   -0.4185
    0.1198    0.5686    0.8139
...   115 G-C ...
   25.1571  -81.3015   -6.1241
    0.3167    0.7216   -0.6156
   -0.9366    0.3405   -0.0827
    0.1499    0.6028    0.7837
...   116 T-A ...
   26.2666  -79.4179   -3.5584
   -0.2534    0.7852   -0.5650
   -0.9580   -0.1224    0.2595
    0.1346    0.6070    0.7832
...   117 A-T ...
   26.3223  -77.6982   -0.5925
   -0.8245    0.5124   -0.2400
   -0.5512   -0.6315    0.5454
    0.1279    0.5819    0.8031
...   118 T-A ...
   26.9444  -75.3348    1.6203
   -0.9922    0.1013    0.0726
   -0.0401   -0.8109    0.5839
    0.1180    0.5764    0.8086
...   119 A-T ...
   27.3431  -73.6489    4.5253
   -0.8034   -0.4694    0.3663
    0.5929   -0.6871    0.4200
    0.0545    0.5546    0.8304
...   120 A-T ...
   27.3134  -71.7985    7.1912
   -0.3043   -0.7960    0.5232
    0.9519   -0.2748    0.1356
    0.0358    0.5393    0.8413
...   121 T-A ...
   26.7467  -70.0674    9.9353
    0.2355   -0.8282    0.5086
    0.9715    0.1858   -0.1473
    0.0275    0.5288    0.8483
...   122 G-C ...
   27.1932  -68.4267   12.8448
    0.7690   -0.5880    0.2508
    0.6370    0.6719   -0.3778
    0.0536    0.4503    0.8913
...   123 T-A ...
   27.1852  -67.5127   16.0749
    0.9921   -0.1254   -0.0082
    0.1089    0.8906   -0.4416
    0.0627    0.4372    0.8972
...   124 G-C ...
   27.4928  -65.7592   18.9264
    0.8469    0.4245   -0.3203
   -0.5184    0.7933   -0.3193
    0.1186    0.4365    0.8919
...   125 T-A ...
   28.3516  -64.7296   22.0193
    0.4180    0.7894   -0.4495
   -0.9009    0.4237   -0.0937
    0.1165    0.4441    0.8884
...   126 C-G ...
   28.8037  -63.3082   24.9880
   -0.2303    0.8755   -0.4248
   -0.9677   -0.1602    0.1945
    0.1022    0.4559    0.8841
...   127 G-C ...
   28.7474  -61.9664   28.1227
   -0.7618    0.5620   -0.3222
   -0.6475   -0.6450    0.4058
    0.0202    0.5177    0.8553
...   128 A-T ...
   28.8507  -60.2327   30.9258
   -0.9984    0.0313   -0.0470
   -0.0511   -0.8545    0.5169
   -0.0240    0.5185    0.8547
...   129 C-G ...
   28.5868  -58.0344   33.3932
   -0.8646   -0.4590    0.2043
    0.4979   -0.7284    0.4707
   -0.0673    0.5087    0.8583
...   130 C-G ...
   27.9946  -56.3180   36.2492
   -0.4228   -0.8343    0.3538
    0.8950   -0.3230    0.3077
   -0.1425    0.4468    0.8832
...   131 A-T ...
   27.7140  -55.0074   39.3413
    0.2074   -0.8997    0.3840
    0.9635    0.2558    0.0792
   -0.1695    0.3536    0.9199
...   132 A-T ...
   26.9587  -54.0211   42.3551
    0.7378   -0.5643    0.3703
    0.6487    0.7446   -0.1577
   -0.1867    0.3566    0.9154
...   133 A-T ...
   26.2391  -53.1075   45.4077
    0.9727    0.0068    0.2321
    0.0767    0.9340   -0.3490
   -0.2192    0.3573    0.9079
...   134 T-A ...
   25.6309  -52.5797   48.6349
    0.8597    0.5096    0.0340
   -0.4497    0.7867   -0.4230
   -0.2423    0.3484    0.9055
...   135 G-C ...
   25.2860  -52.4981   52.0750
    0.3205    0.9427   -0.0927
   -0.8825    0.2616   -0.3908
   -0.3441    0.2071    0.9158
...   136 T-A ...
   25.5357  -52.9668   55.8002
   -0.2443    0.9563   -0.1608
   -0.8908   -0.2868   -0.3525
   -0.3832    0.0571    0.9219
...   137 G-C ...
   24.9039  -52.7260   58.9821
   -0.7529    0.5562   -0.3519
   -0.5214   -0.8303   -0.1968
   -0.4017    0.0354    0.9151
...   138 A-T ...
   24.0251  -51.6261   61.9210
   -0.9563    0.0400   -0.2896
   -0.0523   -0.9980    0.0347
   -0.2877    0.0483    0.9565
...   139 G-C ...
   22.3575  -51.2300   64.4909
   -0.8529   -0.5117   -0.1032
    0.4973   -0.8566    0.1372
   -0.1586    0.0657    0.9852
...   140 C-G ...
   22.1610  -50.1387   67.4618
   -0.4681   -0.8749    0.1247
    0.8495   -0.4066    0.3363
   -0.2435    0.2633    0.9335
...   141 G-C ...
   21.4368  -51.8165   72.7856
    0.1304   -0.7141   -0.6877
    0.8897   -0.2218    0.3990
   -0.4375   -0.6639    0.6065
...   142 C-G ...
   20.4356  -54.2995   74.5395
    0.5847   -0.7390   -0.3347
    0.7593    0.3532    0.5466
   -0.2857   -0.5737    0.7676
...   143 T-A ...
   18.4379  -55.5191   76.5273
    0.8548   -0.5006    0.1370
    0.3188    0.7147    0.6225
   -0.4096   -0.4884    0.7705
...   144 C-G ...
   16.8487  -57.7127   78.2648
    0.8529   -0.0846    0.5152
   -0.1509    0.9047    0.3983
   -0.4998   -0.4175    0.7589
...   145 A-T ...
   15.7935  -59.5519   80.7963
    0.5515    0.4995    0.6681
   -0.6739    0.7388    0.0040
   -0.4915   -0.4525    0.7441
...   146 C-G ...
   15.7412  -61.4840   83.9296
    0.0342    0.7400    0.6718
   -0.8637    0.3601   -0.3527
   -0.5029   -0.5681    0.6514
...   147 A-T ...
   14.7483  -63.4171   86.8165
   -0.5923    0.6746    0.4405
   -0.6886   -0.1400   -0.7115
   -0.4183   -0.7247    0.5475
