  147 base-pairs
...     1 T-A ...
    0.0000    0.0000    0.0000
    1.0000    0.0000    0.0000
    0.0000    1.0000    0.0000
    0.0000    0.0000    1.0000
...     2 G-C ...
   -0.5555   -1.1003    3.3981
    0.7749    0.6051    0.1828
   -0.5991    0.7953   -0.0929
   -0.2016   -0.0375    0.9787
...     3 T-A ...
   -0.6619   -3.0237    6.5348
    0.3046    0.9250    0.2271
   -0.8994    0.3578   -0.2510
   -0.3134   -0.1278    0.9410
...     4 G-C ...
   -1.1607   -3.8418    9.6940
   -0.3351    0.9421    0.0133
   -0.8752   -0.3061   -0.3746
   -0.3489   -0.1372    0.9271
...     5 A-T ...
   -1.3881   -3.6770   12.8999
   -0.7835    0.6162   -0.0801
   -0.5677   -0.7622   -0.3109
   -0.2527   -0.1981    0.9470
...     6 G-C ...
   -2.6236   -3.5448   15.7072
   -0.9923    0.0611   -0.1075
   -0.0294   -0.9610   -0.2748
   -0.1201   -0.2695    0.9555
...     7 C-G ...
   -2.3138   -3.7570   18.8866
   -0.8620   -0.4995   -0.0864
    0.5008   -0.8655    0.0073
   -0.0785   -0.0370    0.9962
...     8 G-C ...
   -3.9561   -6.8109   23.3205
   -0.2581   -0.3560   -0.8981
    0.6294   -0.7673    0.1233
   -0.7330   -0.5335    0.4221
...     9 C-G ...
   -6.1177   -8.9414   24.2385
    0.1143   -0.7320   -0.6716
    0.8123   -0.3203    0.4874
   -0.5720   -0.6013    0.5580
...    10 T-A ...
   -8.5041   -9.6771   26.0540
    0.4660   -0.8587   -0.2131
    0.6274    0.1508    0.7640
   -0.6239   -0.4897    0.6090
...    11 C-G ...
  -11.0625  -11.3174   27.2336
    0.6660   -0.6911    0.2808
    0.3382    0.6152    0.7121
   -0.6649   -0.3794    0.6435
...    12 A-T ...
  -13.0013  -13.1789   29.0658
    0.7188   -0.1490    0.6790
   -0.1787    0.9043    0.3876
   -0.6718   -0.4000    0.6235
...    13 C-G ...
  -14.1788  -15.9359   31.3399
    0.4052    0.2865    0.8682
   -0.5270    0.8492   -0.0343
   -0.7470   -0.4437    0.4951
...    14 A-T ...
  -15.9532  -18.1566   33.3080
   -0.1503    0.6873    0.7107
   -0.6106    0.5008   -0.6135
   -0.7776   -0.5261    0.3444
...    15 A-T ...
  -18.3915  -19.9304   34.5260
   -0.5049    0.8402    0.1977
   -0.3803   -0.0110   -0.9248
   -0.7748   -0.5422    0.3251
...    16 T-A ...
  -20.7461  -21.6443   36.3047
   -0.6684    0.6630   -0.3371
   -0.0137   -0.4641   -0.8857
   -0.7437   -0.5874    0.3193
...    17 T-A ...
  -23.1878  -23.3872   37.6549
   -0.5696    0.2250   -0.7905
    0.4139   -0.7525   -0.5124
   -0.7101   -0.6190    0.3355
...    18 T-A ...
  -25.5845  -25.3048   38.7967
   -0.1980   -0.2424   -0.9498
    0.6732   -0.7379    0.0480
   -0.7125   -0.6299    0.3093
...    19 A-T ...
  -27.7218  -27.7205   39.9226
    0.3123   -0.6319   -0.7093
    0.6382   -0.4136    0.6494
   -0.7037   -0.6554    0.2741
...    20 T-A ...
  -30.3591  -29.6944   40.2540
    0.6129   -0.7505   -0.2472
    0.3673   -0.0064    0.9301
   -0.6996   -0.6609    0.2717
...    21 T-A ...
  -32.6422  -31.9288   40.8922
    0.6969   -0.6127    0.3727
   -0.1005    0.4311    0.8967
   -0.7101   -0.6623    0.2389
...    22 C-G ...
  -34.8790  -34.1978   41.7686
    0.4975   -0.2096    0.8418
   -0.5284    0.6964    0.4856
   -0.6880   -0.6863    0.2357
...    23 G-C ...
  -37.3340  -36.0924   43.1495
    0.1865    0.3012    0.9351
   -0.7642    0.6427   -0.0546
   -0.6175   -0.7044    0.3500
...    24 C-G ...
  -39.0460  -38.6184   44.4178
   -0.2228    0.6322    0.7421
   -0.7450    0.3806   -0.5479
   -0.6288   -0.6749    0.3862
...    25 A-T ...
  -41.5298  -40.8768   45.0167
   -0.6362    0.7401    0.2181
   -0.4188   -0.0938   -0.9032
   -0.6480   -0.6659    0.3697
...    26 A-T ...
  -43.6217  -43.0382   46.3605
   -0.7671    0.5270   -0.3660
    0.0579   -0.5113   -0.8575
   -0.6390   -0.6789    0.3617
...    27 A-T ...
  -45.7044  -45.1316   47.7865
   -0.5839    0.1019   -0.8054
    0.5290   -0.7048   -0.4726
   -0.6159   -0.7020    0.3576
...    28 G-C ...
  -48.1193  -47.1941   49.0015
   -0.1450   -0.2610   -0.9544
    0.7555   -0.6521    0.0635
   -0.6389   -0.7118    0.2918
...    29 G-C ...
  -50.5580  -49.5661   49.7287
    0.3920   -0.5320   -0.7505
    0.6790   -0.3831    0.6262
   -0.6207   -0.7551    0.2111
...    30 C-G ...
  -52.6469  -52.1224   49.9347
    0.7469   -0.6121   -0.2595
    0.3007   -0.0372    0.9530
   -0.5930   -0.7899    0.1563
...    31 C-G ...
  -54.5380  -54.8785   50.2475
    0.8176   -0.4676    0.3360
   -0.2233    0.2804    0.9335
   -0.5308   -0.8383    0.1249
...    32 G-C ...
  -56.0820  -57.4970   51.1530
    0.5942   -0.1696    0.7862
   -0.6687    0.4389    0.6001
   -0.4468   -0.8824    0.1474
...    33 G-C ...
  -57.2542  -60.6037   51.9494
    0.1077    0.1453    0.9835
   -0.9040    0.4260    0.0360
   -0.4138   -0.8930    0.1772
...    34 C-G ...
  -58.3593  -63.6517   52.6538
   -0.4379    0.3892    0.8104
   -0.7953    0.2526   -0.5511
   -0.4192   -0.8858    0.1989
...    35 C-G ...
  -59.8032  -66.5922   53.6702
   -0.8154    0.4856    0.3151
   -0.3750   -0.0285   -0.9266
   -0.4410   -0.8737    0.2053
...    36 C-G ...
  -61.2755  -69.5536   54.6854
   -0.8526    0.4162   -0.3161
    0.1875   -0.3210   -0.9284
   -0.4878   -0.8507    0.1956
...    37 G-C ...
  -62.1601  -72.9968   54.6201
   -0.5294    0.2101   -0.8220
    0.6790   -0.4760   -0.5589
   -0.5087   -0.8540    0.1093
...    38 A-T ...
  -63.7514  -75.7240   55.1000
   -0.0022   -0.1051   -0.9945
    0.8695   -0.4913    0.0500
   -0.4938   -0.8646    0.0925
...    39 C-G ...
  -65.6341  -78.2985   55.0428
    0.5015   -0.2986   -0.8120
    0.7191   -0.3780    0.5831
   -0.4810   -0.8763    0.0252
...    40 A-T ...
  -67.0559  -81.4230   54.9739
    0.8757   -0.3946   -0.2785
    0.2378   -0.1496    0.9597
   -0.4203   -0.9066   -0.0372
...    41 C-G ...
  -68.1489  -84.5154   54.3294
    0.8772   -0.3777    0.2965
   -0.2958    0.0614    0.9533
   -0.3783   -0.9239   -0.0579
...    42 G-C ...
  -69.4702  -87.5992   54.6193
    0.4980   -0.2312    0.8358
   -0.8082    0.2255    0.5440
   -0.3142   -0.9464   -0.0745
...    43 A-T ...
  -70.4298  -90.6664   54.3428
   -0.1133   -0.0612    0.9917
   -0.9426    0.3221   -0.0879
   -0.3140   -0.9447   -0.0942
...    44 C-G ...
  -70.9433  -93.9680   54.2535
   -0.6196    0.1452    0.7713
   -0.7181    0.2918   -0.6318
   -0.3168   -0.9454   -0.0765
...    45 T-A ...
  -71.7483  -97.4992   54.5227
   -0.9195    0.3183    0.2306
   -0.1886    0.1575   -0.9693
   -0.3449   -0.9348   -0.0848
...    46 T-A ...
  -72.8406 -100.5120   54.3254
   -0.8548    0.3436   -0.3890
    0.4086   -0.0167   -0.9126
   -0.3200   -0.9390   -0.1262
...    47 A-T ...
  -73.6150 -103.7617   53.5922
   -0.3547    0.2681   -0.8957
    0.8772   -0.2361   -0.4180
   -0.3236   -0.9340   -0.1514
...    48 C-G ...
  -75.2889 -106.5918   53.2208
    0.2059    0.1477   -0.9673
    0.9225   -0.3592    0.1415
   -0.3266   -0.9215   -0.2102
...    49 T-A ...
  -76.6279 -109.5488   52.2126
    0.7161    0.0053   -0.6979
    0.6362   -0.4161    0.6497
   -0.2870   -0.9093   -0.3014
...    50 G-C ...
  -77.2864 -112.7112   51.0772
    0.9850   -0.1211   -0.1231
    0.0653   -0.3982    0.9150
   -0.1598   -0.9093   -0.3843
...    51 T-A ...
  -77.4953 -115.4726   49.4185
    0.8531   -0.3117    0.4185
   -0.5049   -0.2905    0.8128
   -0.1318   -0.9047   -0.4052
...    52 A-T ...
  -78.9687 -118.7160   48.6543
    0.2082   -0.5274    0.8237
   -0.9660    0.0214    0.2578
   -0.1536   -0.8494   -0.5050
...    53 G-C ...
  -79.4124 -121.6943   47.3782
   -0.4163   -0.4182    0.8073
   -0.9007    0.3107   -0.3036
   -0.1239   -0.8536   -0.5060
...    54 T-A ...
  -79.4411 -124.7679   46.0495
   -0.8503   -0.1580    0.5021
   -0.5079    0.4966   -0.7038
   -0.1381   -0.8535   -0.5025
...    55 C-G ...
  -79.9464 -127.6424   44.5257
   -0.9836    0.1775   -0.0314
    0.1171    0.4966   -0.8601
   -0.1371   -0.8497   -0.5092
...    56 A-T ...
  -79.6814 -130.2539   42.2346
   -0.6803    0.5353   -0.5006
    0.7103    0.3135   -0.6302
   -0.1804   -0.7843   -0.5936
...    57 T-A ...
  -80.6887 -132.8584   40.4961
   -0.1898    0.6631   -0.7240
    0.9626   -0.0193   -0.2701
   -0.1931   -0.7483   -0.6347
...    58 G-C ...
  -81.3046 -135.4190   38.1243
    0.4759    0.6034   -0.6399
    0.8675   -0.4418    0.2286
   -0.1447   -0.6639   -0.7337
...    59 T-A ...
  -82.1613 -137.1978   35.3852
    0.8816    0.2747   -0.3839
    0.4542   -0.7152    0.5312
   -0.1286   -0.6427   -0.7553
...    60 T-A ...
  -82.5219 -139.0778   32.8343
    0.9856   -0.1668    0.0265
   -0.1458   -0.7617    0.6313
   -0.0851   -0.6261   -0.7751
...    61 A-T ...
  -82.9047 -141.5005   30.3679
    0.6149   -0.6625    0.4278
   -0.7842   -0.4568    0.4199
   -0.0828   -0.5937   -0.8004
...    62 T-A ...
  -82.4897 -143.2196   27.5668
    0.0947   -0.8260    0.5557
   -0.9931   -0.0392    0.1109
   -0.0699   -0.5623   -0.8240
...    63 A-T ...
  -83.0489 -144.8706   24.4436
   -0.6843   -0.6580    0.3143
   -0.7292    0.6151   -0.2998
    0.0040   -0.4344   -0.9007
...    64 A-T ...
  -82.8403 -146.3696   21.5344
   -0.9864   -0.1626   -0.0241
   -0.1413    0.9136   -0.3813
    0.0840   -0.3727   -0.9241
...    65 C-G ...
  -82.4043 -148.2091   18.6220
   -0.8802    0.3880   -0.2732
    0.4556    0.8520   -0.2578
    0.1328   -0.3514   -0.9268
...    66 G-C ...
  -81.7162 -149.0805   15.5291
   -0.4297    0.8539   -0.2935
    0.8922    0.4516    0.0079
    0.1392   -0.2585   -0.9559
...    67 G-C ...
  -81.3905 -149.9116   12.3444
    0.1117    0.9853   -0.1289
    0.9830   -0.0905    0.1597
    0.1457   -0.1446   -0.9787
...    68 A-T ...
  -80.7637 -150.4864    9.1770
    0.6702    0.7390    0.0692
    0.7148   -0.6677    0.2079
    0.1998   -0.0899   -0.9757
...    69 G-C ...
  -80.0604 -150.0591    5.9007
    0.9190    0.2615    0.2950
    0.2422   -0.9650    0.1011
    0.3111   -0.0215   -0.9501
...    70 T-A ...
  -78.7322 -149.4409    2.9689
    0.8821   -0.2977    0.3652
   -0.2775   -0.9546   -0.1081
    0.3808   -0.0060   -0.9246
...    71 A-T ...
  -76.9590 -149.1803    0.0461
    0.5110   -0.8101    0.2874
   -0.7216   -0.5860   -0.3687
    0.4671   -0.0190   -0.8840
...    72 T-A ...
  -74.8466 -148.8795   -2.4809
    0.0470   -0.9988    0.0116
   -0.8764   -0.0468   -0.4792
    0.4792    0.0123   -0.8776
...    73 C-G ...
  -73.0235 -148.9600   -5.3509
   -0.5214   -0.7904   -0.3216
   -0.7003    0.6117   -0.3680
    0.4876    0.0333   -0.8724
...    74 T-A ...
  -71.2886 -149.2000   -8.2665
   -0.8320   -0.3004   -0.4664
   -0.2765    0.9534   -0.1208
    0.4809    0.0284   -0.8763
...    75 C-G ...
  -69.4174 -148.9956  -11.1366
   -0.8115    0.3762   -0.4471
    0.2912    0.9238    0.2487
    0.5066    0.0716   -0.8592
...    76 G-C ...
  -67.3072 -148.1455  -13.6333
   -0.5593    0.8202   -0.1204
    0.6779    0.5361    0.5031
    0.4771    0.1998   -0.8558
...    77 A-T ...
  -65.2029 -147.6681  -16.0850
   -0.0899    0.9559    0.2796
    0.8371   -0.0796    0.5413
    0.5397    0.2827   -0.7930
...    78 G-C ...
  -63.5316 -146.4701  -18.6896
    0.3220    0.7266    0.6070
    0.7499   -0.5870    0.3049
    0.5779    0.3571   -0.7339
...    79 C-G ...
  -61.8713 -144.7654  -21.1204
    0.6560    0.2267    0.7200
    0.4386   -0.8908   -0.1191
    0.6143    0.3939   -0.6837
...    80 T-A ...
  -59.8068 -143.2037  -23.2016
    0.7360   -0.3266    0.5930
    0.0492   -0.8478   -0.5281
    0.6752    0.4179   -0.6078
...    81 C-G ...
  -57.3007 -142.2845  -25.0922
    0.6016   -0.7796    0.1740
   -0.3212   -0.4355   -0.8410
    0.7314    0.4501   -0.5124
...    82 G-C ...
  -55.0557 -141.3798  -27.7359
    0.2751   -0.8950   -0.3511
   -0.5514    0.1523   -0.8202
    0.7876    0.4193   -0.4516
...    83 G-C ...
  -52.1243 -140.1735  -29.1043
   -0.1221   -0.6427   -0.7563
   -0.5951    0.6572   -0.4625
    0.7943    0.3936   -0.4627
...    84 G-C ...
  -49.3705 -139.0691  -30.6807
   -0.4910   -0.1748   -0.8535
   -0.3956    0.9176    0.0396
    0.7762    0.3571   -0.5196
...    85 A-T ...
  -46.5717 -138.1515  -32.3982
   -0.6100    0.4521   -0.6508
   -0.0157    0.8142    0.5804
    0.7923    0.3643   -0.4895
...    86 T-A ...
  -44.0682 -137.3681  -34.4189
   -0.5340    0.8138   -0.2293
    0.3064    0.4390    0.8446
    0.7880    0.3807   -0.4838
...    87 C-G ...
  -41.5418 -136.1043  -36.2225
   -0.2533    0.9023    0.3488
    0.5568   -0.1589    0.8153
    0.7911    0.4007   -0.4622
...    88 C-G ...
  -38.8966 -134.9938  -37.8658
   -0.0380    0.6028    0.7970
    0.5960   -0.6265    0.5023
    0.8021    0.4941   -0.3354
...    89 G-C ...
  -35.9267 -133.5580  -38.6054
    0.1739    0.0597    0.9830
    0.5509   -0.8333   -0.0468
    0.8163    0.5496   -0.1778
...    90 C-G ...
  -33.3375 -131.2608  -38.8421
    0.4405   -0.4501    0.7768
    0.3686   -0.6983   -0.6136
    0.8186    0.5566   -0.1417
...    91 T-A ...
  -30.3861 -129.3492  -38.6116
    0.5634   -0.7802    0.2720
    0.1056   -0.2585   -0.9602
    0.8194    0.5697   -0.0632
...    92 T-A ...
  -27.6840 -127.4912  -38.4524
    0.5554   -0.7472   -0.3652
   -0.2424    0.2746   -0.9305
    0.7955    0.6053   -0.0286
...    93 T-A ...
  -24.9779 -125.6209  -38.2160
    0.3510   -0.3983   -0.8474
   -0.5338    0.6584   -0.5306
    0.7693    0.6386    0.0185
...    94 A-T ...
  -23.1103 -122.7865  -38.1140
    0.0331    0.2150   -0.9760
   -0.6715    0.7281    0.1376
    0.7403    0.6508    0.1685
...    95 A-T ...
  -20.5818 -120.8272  -37.5354
   -0.3395    0.6456   -0.6840
   -0.5867    0.4231    0.6905
    0.7352    0.6358    0.2351
...    96 C-G ...
  -17.8148 -118.8579  -37.1789
   -0.6055    0.7779   -0.1677
   -0.3073   -0.0341    0.9510
    0.7341    0.6274    0.2597
...    97 A-T ...
  -15.3701 -116.7418  -36.2354
   -0.7229    0.5490    0.4195
    0.1092   -0.5087    0.8540
    0.6822    0.6632    0.3078
...    98 C-G ...
  -13.4436 -114.0827  -35.5611
   -0.5798    0.1661    0.7976
    0.4792   -0.7223    0.4987
    0.6589    0.6714    0.3392
...    99 T-A ...
  -11.5462 -111.3256  -34.3301
   -0.2528   -0.3637    0.8966
    0.7408   -0.6689   -0.0624
    0.6224    0.6484    0.4385
...   100 T-A ...
   -9.7983 -109.0913  -32.7210
    0.2262   -0.6906    0.6870
    0.7565   -0.3197   -0.5705
    0.6136    0.6488    0.4501
...   101 T-A ...
   -7.9022 -107.0162  -31.0696
    0.6106   -0.7600    0.2227
    0.4957    0.1475   -0.8559
    0.6176    0.6330    0.4668
...   102 A-T ...
   -5.6800 -104.7649  -29.6745
    0.8068   -0.4459   -0.3876
   -0.0309    0.6233   -0.7813
    0.5900    0.6424    0.4891
...   103 T-A ...
   -3.6425 -103.2508  -27.5940
    0.6818   -0.0911   -0.7259
   -0.4112    0.7729   -0.4832
    0.6051    0.6279    0.4895
...   104 G-C ...
   -1.4174 -101.3387  -26.0510
    0.2338    0.3483   -0.9078
   -0.7217    0.6878    0.0780
    0.6515    0.6370    0.4121
...   105 C-G ...
    1.0033  -99.3534  -24.9174
   -0.2306    0.6633   -0.7119
   -0.7390    0.3566    0.5716
    0.6330    0.6579    0.4079
...   106 T-A ...
    3.4514  -97.1607  -23.8219
   -0.6387    0.7250   -0.2579
   -0.4617   -0.0929    0.8821
    0.6155    0.6825    0.3941
...   107 T-A ...
    5.4595  -94.9064  -22.7317
   -0.8168    0.5119    0.2659
   -0.0198   -0.4856    0.8739
    0.5765    0.7086    0.4068
...   108 C-G ...
    7.2479  -92.3945  -21.4713
   -0.7122    0.0707    0.6984
    0.4709   -0.6897    0.5500
    0.5206    0.7206    0.4579
...   109 C-G ...
    8.9485  -89.9672  -20.0439
   -0.4206   -0.4074    0.8106
    0.7832   -0.6140    0.0979
    0.4578    0.6760    0.5774
...   110 G-C ...
   10.5607  -88.2129  -18.0029
   -0.0026   -0.7522    0.6590
    0.9126   -0.2712   -0.3060
    0.4089    0.6006    0.6871
...   111 G-C ...
   11.8128  -86.6248  -15.3065
    0.4807   -0.8138    0.3265
    0.7818    0.2291   -0.5800
    0.3972    0.5341    0.7463
...   112 C-G ...
   13.0108  -85.4241  -12.3878
    0.8269   -0.5559   -0.0851
    0.3847    0.6696   -0.6354
    0.4102    0.4926    0.7675
...   113 T-A ...
   14.3972  -83.9479   -9.7546
    0.9001   -0.0931   -0.4256
   -0.1239    0.8818   -0.4550
    0.4176    0.4623    0.7822
...   114 C-G ...
   15.8018  -82.2641   -7.2351
    0.6318    0.4779   -0.6103
   -0.6482    0.7575   -0.0780
    0.4250    0.4448    0.7884
...   115 G-C ...
   16.7647  -80.5267   -4.5594
    0.0838    0.8227   -0.5623
   -0.9054    0.2986    0.3019
    0.4163    0.4838    0.7698
...   116 T-A ...
   18.7548  -78.7102   -2.4679
   -0.4548    0.8273   -0.3297
   -0.8030   -0.2209    0.5535
    0.3851    0.5165    0.7648
...   117 A-T ...
   20.2824  -76.7332   -0.1139
   -0.8744    0.4851    0.0079
   -0.3668   -0.6715    0.6438
    0.3176    0.5601    0.7651
...   118 T-A ...
   21.3856  -74.4022    1.8995
   -0.9411    0.0590    0.3330
    0.1390   -0.8303    0.5398
    0.3083    0.5543    0.7731
...   119 A-T ...
   22.4888  -72.8004    4.6639
   -0.6756   -0.4957    0.5458
    0.6933   -0.6789    0.2417
    0.2507    0.5417    0.8023
...   120 A-T ...
   23.0217  -70.9595    7.2829
   -0.1683   -0.8272    0.5360
    0.9625   -0.2552   -0.0916
    0.2126    0.5006    0.8392
...   121 T-A ...
   23.0721  -69.3558   10.2052
    0.3690   -0.8368    0.4046
    0.9085    0.2328   -0.3471
    0.1962    0.4956    0.8461
...   122 G-C ...
   23.7108  -67.8174   13.2061
    0.8422   -0.5361    0.0575
    0.4910    0.7186   -0.4925
    0.2227    0.4430    0.8684
...   123 T-A ...
   24.3637  -66.8581   16.3246
    0.9777   -0.0656   -0.1994
   -0.0288    0.8989   -0.4371
    0.2079    0.4331    0.8770
...   124 G-C ...
   25.0532  -65.4533   19.3288
    0.7465    0.4950   -0.4446
   -0.6214    0.7576   -0.1998
    0.2379    0.4254    0.8732
...   125 T-A ...
   26.1805  -64.4571   22.2062
    0.2901    0.8132   -0.5045
   -0.9265    0.3706    0.0647
    0.2396    0.4487    0.8610
...   126 C-G ...
   26.9971  -63.0603   24.9772
   -0.3265    0.8735   -0.3612
   -0.9168   -0.1996    0.3460
    0.2301    0.4441    0.8659
...   127 G-C ...
   27.1515  -61.7708   28.0890
   -0.8013    0.5388   -0.2600
   -0.5907   -0.6436    0.4867
    0.0949    0.5436    0.8340
...   128 A-T ...
   27.6025  -60.0945   30.7440
   -0.9972    0.0429    0.0610
   -0.0043   -0.8500    0.5267
    0.0744    0.5250    0.8478
...   129 C-G ...
   27.6670  -57.7574   33.0614
   -0.8469   -0.4483    0.2859
    0.5314   -0.7319    0.4265
    0.0181    0.5132    0.8581
...   130 C-G ...
   27.0606  -55.9739   35.9205
   -0.4288   -0.8257    0.3665
    0.8994   -0.3519    0.2595
   -0.0853    0.4409    0.8935
...   131 A-T ...
   27.4307  -54.8310   39.1276
    0.2035   -0.9062    0.3706
    0.9715    0.2339    0.0385
   -0.1216    0.3522    0.9280
...   132 A-T ...
   26.9156  -53.9075   42.2507
    0.7365   -0.5865    0.3371
    0.6605    0.7311   -0.1712
   -0.1461    0.3487    0.9258
...   133 A-T ...
   26.1988  -53.0997   45.3504
    0.9744   -0.0069    0.2248
    0.0874    0.9325   -0.3503
   -0.2072    0.3610    0.9093
...   134 T-A ...
   25.6308  -52.5796   48.6348
    0.8597    0.5096    0.0340
   -0.4497    0.7867   -0.4230
   -0.2423    0.3484    0.9055
...   135 G-C ...
   25.2859  -52.4980   52.0749
    0.3205    0.9427   -0.0927
   -0.8825    0.2616   -0.3908
   -0.3441    0.2071    0.9158
...   136 T-A ...
   25.5356  -52.9667   55.8001
   -0.2443    0.9563   -0.1608
   -0.8908   -0.2868   -0.3525
   -0.3832    0.0571    0.9219
...   137 G-C ...
   24.9038  -52.7259   58.9820
   -0.7529    0.5562   -0.3519
   -0.5214   -0.8303   -0.1968
   -0.4017    0.0354    0.9151
...   138 A-T ...
   24.0250  -51.6260   61.9210
   -0.9563    0.0400   -0.2896
   -0.0523   -0.9980    0.0347
   -0.2877    0.0483    0.9565
...   139 G-C ...
   22.3575  -51.2299   64.4908
   -0.8529   -0.5117   -0.1032
    0.4973   -0.8566    0.1372
   -0.1586    0.0657    0.9852
...   140 C-G ...
   22.1609  -50.1385   67.4617
   -0.4681   -0.8749    0.1247
    0.8495   -0.4066    0.3363
   -0.2435    0.2633    0.9335
...   141 G-C ...
   21.4367  -51.8163   72.7855
    0.1304   -0.7141   -0.6877
    0.8897   -0.2218    0.3990
   -0.4375   -0.6639    0.6065
...   142 C-G ...
   20.4355  -54.2993   74.5394
    0.5847   -0.7390   -0.3347
    0.7593    0.3532    0.5466
   -0.2857   -0.5737    0.7676
...   143 T-A ...
   18.4378  -55.5189   76.5272
    0.8548   -0.5006    0.1370
    0.3188    0.7147    0.6225
   -0.4096   -0.4884    0.7705
...   144 C-G ...
   16.8486  -57.7125   78.2647
    0.8529   -0.0846    0.5152
   -0.1509    0.9047    0.3983
   -0.4998   -0.4175    0.7589
...   145 A-T ...
   15.7934  -59.5517   80.7962
    0.5515    0.4995    0.6681
   -0.6739    0.7388    0.0040
   -0.4915   -0.4525    0.7441
...   146 C-G ...
   15.7411  -61.4838   83.9295
    0.0342    0.7400    0.6718
   -0.8637    0.3601   -0.3527
   -0.5029   -0.5681    0.6514
...   147 A-T ...
   14.7482  -63.4170   86.8164
   -0.5923    0.6746    0.4405
   -0.6886   -0.1400   -0.7115
   -0.4183   -0.7247    0.5475
