  147 base-pairs
...     1 T-A ...
    0.0000    0.0000    0.0000
    1.0000    0.0000    0.0000
    0.0000    1.0000    0.0000
    0.0000    0.0000    1.0000
...     2 G-C ...
   -0.5555   -1.1003    3.3981
    0.7749    0.6051    0.1828
   -0.5991    0.7953   -0.0929
   -0.2016   -0.0375    0.9787
...     3 T-A ...
   -0.6619   -3.0237    6.5348
    0.3046    0.9250    0.2271
   -0.8994    0.3578   -0.2510
   -0.3134   -0.1278    0.9410
...     4 G-C ...
   -1.1607   -3.8418    9.6940
   -0.3351    0.9421    0.0133
   -0.8752   -0.3061   -0.3746
   -0.3489   -0.1372    0.9271
...     5 A-T ...
   -1.3881   -3.6770   12.8999
   -0.7835    0.6162   -0.0801
   -0.5677   -0.7622   -0.3109
   -0.2527   -0.1981    0.9470
...     6 G-C ...
   -2.6236   -3.5448   15.7072
   -0.9923    0.0611   -0.1075
   -0.0294   -0.9610   -0.2748
   -0.1201   -0.2695    0.9555
...     7 C-G ...
   -2.3138   -3.7570   18.8866
   -0.8620   -0.4995   -0.0864
    0.5008   -0.8655    0.0073
   -0.0785   -0.0370    0.9962
...     8 G-C ...
   -3.9561   -6.8109   23.3205
   -0.2581   -0.3560   -0.8981
    0.6294   -0.7673    0.1233
   -0.7330   -0.5335    0.4221
...     9 C-G ...
   -6.1177   -8.9414   24.2385
    0.1143   -0.7320   -0.6716
    0.8123   -0.3203    0.4874
   -0.5720   -0.6013    0.5580
...    10 T-A ...
   -8.5041   -9.6771   26.0540
    0.4660   -0.8587   -0.2131
    0.6274    0.1508    0.7640
   -0.6239   -0.4897    0.6090
...    11 C-G ...
  -11.0625  -11.3174   27.2336
    0.6660   -0.6911    0.2808
    0.3382    0.6152    0.7121
   -0.6649   -0.3794    0.6435
...    12 A-T ...
  -13.0013  -13.1789   29.0658
    0.7188   -0.1490    0.6790
   -0.1787    0.9043    0.3876
   -0.6718   -0.4000    0.6235
...    13 C-G ...
  -14.1788  -15.9359   31.3399
    0.4052    0.2865    0.8682
   -0.5270    0.8492   -0.0343
   -0.7470   -0.4437    0.4951
...    14 A-T ...
  -15.9532  -18.1566   33.3080
   -0.1503    0.6873    0.7107
   -0.6106    0.5008   -0.6135
   -0.7776   -0.5261    0.3444
...    15 A-T ...
  -18.2959  -19.9859   34.6711
   -0.5234    0.8224    0.2231
   -0.3971   -0.0038   -0.9177
   -0.7539   -0.5689    0.3286
...    16 T-A ...
  -20.5398  -21.7311   36.4066
   -0.6789    0.6777   -0.2825
   -0.0549   -0.4305   -0.9009
   -0.7322   -0.5961    0.3295
...    17 T-A ...
  -22.8763  -23.5673   37.7675
   -0.6082    0.2628   -0.7490
    0.3782   -0.7337   -0.5645
   -0.6979   -0.6266    0.3468
...    18 T-A ...
  -25.2222  -25.4255   39.0582
   -0.2777   -0.2299   -0.9327
    0.6811   -0.7318   -0.0225
   -0.6774   -0.6416    0.3598
...    19 A-T ...
  -27.2513  -27.7786   40.3741
    0.2446   -0.6003   -0.7615
    0.7106   -0.4234    0.5620
   -0.6597   -0.6785    0.3230
...    20 T-A ...
  -29.7636  -29.8176   40.9118
    0.5904   -0.7153   -0.3738
    0.4851   -0.0557    0.8727
   -0.6450   -0.6966    0.3142
...    21 T-A ...
  -31.8653  -32.1395   41.7342
    0.7845   -0.5915    0.1861
    0.0496    0.3590    0.9320
   -0.6181   -0.7219    0.3110
...    22 C-G ...
  -33.7166  -34.6507   42.7545
    0.6863   -0.2267    0.6911
   -0.4487    0.6159    0.6476
   -0.5724   -0.7545    0.3210
...    23 G-C ...
  -35.6115  -37.0058   44.2966
    0.3530    0.2429    0.9035
   -0.8024    0.5752    0.1589
   -0.4811   -0.7811    0.3980
...    24 C-G ...
  -36.7748  -39.7496   45.8369
   -0.1509    0.5447    0.8249
   -0.8763    0.3125   -0.3666
   -0.4575   -0.7782    0.4302
...    25 A-T ...
  -38.5432  -42.2603   47.1754
   -0.6257    0.6609    0.4143
   -0.6206   -0.1000   -0.7777
   -0.4726   -0.7437    0.4728
...    26 A-T ...
  -39.9131  -44.6382   48.9538
   -0.8926    0.4364   -0.1132
   -0.1141   -0.4616   -0.8797
   -0.4362   -0.7723    0.4618
...    27 A-T ...
  -41.3105  -47.0242   50.6910
   -0.7971    0.0519   -0.6016
    0.4500   -0.6133   -0.6492
   -0.4026   -0.7882    0.4655
...    28 G-C ...
  -42.8261  -49.4907   52.3590
   -0.3904   -0.2464   -0.8871
    0.8204   -0.5303   -0.2138
   -0.4177   -0.8112    0.4092
...    29 G-C ...
  -44.4362  -52.1304   53.7388
    0.1775   -0.4215   -0.8893
    0.8974   -0.3015    0.3221
   -0.4039   -0.8552    0.3247
...    30 C-G ...
  -46.1062  -54.8968   54.5227
    0.6712   -0.4643   -0.5778
    0.6431   -0.0228    0.7654
   -0.3686   -0.8854    0.2833
...    31 C-G ...
  -47.2891  -57.9980   55.1416
    0.9485   -0.3066   -0.0799
    0.1482    0.2064    0.9672
   -0.2801   -0.9292    0.2412
...    32 G-C ...
  -47.9427  -61.1090   56.3351
    0.8868   -0.0227    0.4616
   -0.4370    0.2835    0.8536
   -0.1502   -0.9587    0.2415
...    33 G-C ...
  -47.9882  -64.4113   57.1270
    0.4949    0.2123    0.8426
   -0.8661    0.1990    0.4585
   -0.0703   -0.9567    0.2823
...    34 C-G ...
  -47.7312  -67.6014   58.1370
   -0.0824    0.3121    0.9465
   -0.9956    0.0162   -0.0920
   -0.0441   -0.9499    0.3094
...    35 C-G ...
  -47.6680  -70.7333   59.4759
   -0.6350    0.3119    0.7068
   -0.7708   -0.1946   -0.6066
   -0.0516   -0.9300    0.3640
...    36 C-G ...
  -47.7552  -73.7870   60.9872
   -0.9578    0.1937    0.2123
   -0.2697   -0.3508   -0.8967
   -0.0992   -0.9162    0.3883
...    37 G-C ...
  -48.0686  -77.0511   61.8776
   -0.9211    0.0291   -0.3881
    0.3461   -0.3952   -0.8509
   -0.1781   -0.9182    0.3539
...    38 A-T ...
  -48.6262  -80.0498   63.1415
   -0.5157   -0.1860   -0.8363
    0.8365   -0.3203   -0.4446
   -0.1852   -0.9289    0.3207
...    39 C-G ...
  -49.8109  -82.9179   64.3152
    0.0250   -0.2910   -0.9564
    0.9821   -0.1713    0.0777
   -0.1864   -0.9413    0.2815
...    40 A-T ...
  -50.1954  -86.1297   65.2524
    0.6136   -0.2210   -0.7581
    0.7776    0.0021    0.6288
   -0.1373   -0.9753    0.1731
...    41 C-G ...
  -50.9562  -89.3478   65.2532
    0.9405   -0.1412   -0.3090
    0.3240    0.0991    0.9409
   -0.1022   -0.9850    0.1389
...    42 G-C ...
  -50.9323  -92.6531   66.0431
    0.9599    0.0524    0.2755
   -0.2794    0.0941    0.9556
    0.0242   -0.9942    0.1049
...    43 A-T ...
  -50.6572  -95.9345   66.3742
    0.5893    0.1180    0.7992
   -0.8056    0.0117    0.5923
    0.0605   -0.9929    0.1019
...    44 C-G ...
  -49.7968  -99.1769   66.5511
    0.0520    0.1108    0.9925
   -0.9954   -0.0746    0.0605
    0.0808   -0.9910    0.1064
...    45 T-A ...
  -49.2197 -102.4379   67.1011
   -0.5159    0.0726    0.8536
   -0.8521   -0.1460   -0.5026
    0.0881   -0.9866    0.1371
...    46 T-A ...
  -48.6700 -105.6080   67.6946
   -0.9196   -0.0751    0.3857
   -0.3731   -0.1411   -0.9170
    0.1233   -0.9871    0.1018
...    47 A-T ...
  -48.1241 -108.9842   67.4767
   -0.9285   -0.1830   -0.3230
    0.3323   -0.0218   -0.9429
    0.1655   -0.9829    0.0811
...    48 C-G ...
  -47.9102 -112.2203   68.2659
   -0.6019   -0.1362   -0.7868
    0.7838    0.0879   -0.6148
    0.1528   -0.9868    0.0538
...    49 T-A ...
  -47.7001 -115.5441   68.4676
   -0.0836    0.0117   -0.9964
    0.9869    0.1397   -0.0811
    0.1383   -0.9901   -0.0232
...    50 G-C ...
  -46.9917 -118.8290   68.2230
    0.4872    0.2153   -0.8463
    0.8555    0.0771    0.5121
    0.1755   -0.9735   -0.1467
...    51 T-A ...
  -46.7751 -121.9654   67.2177
    0.8606    0.2724   -0.4304
    0.4631   -0.0665    0.8838
    0.2121   -0.9599   -0.1834
...    52 A-T ...
  -45.8502 -125.1892   66.8192
    0.9479    0.2236    0.2271
   -0.1660   -0.2618    0.9507
    0.2720   -0.9389   -0.2111
...    53 G-C ...
  -44.6863 -128.1849   65.9017
    0.6822    0.0861    0.7261
   -0.6521   -0.3778    0.6573
    0.3309   -0.9219   -0.2016
...    54 G-C ...
  -43.1719 -131.1822   65.3364
    0.1685   -0.1018    0.9804
   -0.9090   -0.4008    0.1146
    0.3813   -0.9105   -0.1601
...    55 T-A ...
  -41.3148 -133.9746   64.9617
   -0.3611   -0.3114    0.8790
   -0.8489   -0.2804   -0.4480
    0.3860   -0.9080   -0.1631
...    56 A-T ...
  -40.3766 -137.0874   63.7409
   -0.8118   -0.4988    0.3036
   -0.3787    0.0541   -0.9239
    0.4444   -0.8650   -0.2329
...    57 T-A ...
  -38.7854 -140.0054   63.6369
   -0.8801   -0.4111   -0.2375
    0.1016    0.3256   -0.9400
    0.4638   -0.8514   -0.2448
...    58 C-G ...
  -37.1937 -142.8275   62.9171
   -0.6471   -0.0963   -0.7563
    0.6115    0.5270   -0.5902
    0.4555   -0.8444   -0.2821
...    59 T-A ...
  -35.9293 -145.7800   62.0043
   -0.2386    0.2786   -0.9303
    0.8686    0.4896   -0.0762
    0.4342   -0.8263   -0.3588
...    60 C-G ...
  -34.5417 -148.4984   60.7767
    0.3035    0.5705   -0.7632
    0.8411    0.2159    0.4959
    0.4477   -0.7924   -0.4143
...    61 G-C ...
  -32.6388 -150.9743   59.4280
    0.6595    0.6996   -0.2751
    0.5449   -0.1928    0.8160
    0.5178   -0.6881   -0.5084
...    62 A-T ...
  -30.8114 -153.0798   57.6667
    0.8315    0.4684    0.2986
    0.0554   -0.6047    0.7945
    0.5527   -0.6441   -0.5288
...    63 G-C ...
  -28.7925 -154.9407   55.7578
    0.6931    0.0823    0.7162
   -0.3916   -0.7912    0.4698
    0.6053   -0.6060   -0.5161
...    64 C-G ...
  -26.3919 -156.6333   54.1089
    0.3350   -0.3799    0.8622
   -0.6957   -0.7168   -0.0455
    0.6354   -0.5846   -0.5045
...    65 T-A ...
  -23.9892 -158.4593   52.6180
   -0.1252   -0.7158    0.6870
   -0.7468   -0.3879   -0.5402
    0.6531   -0.5807   -0.4860
...    66 C-G ...
  -21.7320 -160.3591   51.0628
   -0.5548   -0.8104    0.1884
   -0.5118    0.1539   -0.8452
    0.6559   -0.5653   -0.5002
...    67 G-C ...
  -19.6079 -161.9728   48.9410
   -0.7961   -0.5150   -0.3177
   -0.0950    0.6249   -0.7749
    0.5976   -0.5868   -0.5464
...    68 G-C ...
  -17.4641 -164.0533   47.2979
   -0.7574   -0.0163   -0.6528
    0.3605    0.8231   -0.4388
    0.5444   -0.5677   -0.6175
...    69 G-C ...
  -15.6777 -166.1632   45.3299
   -0.4842    0.5093   -0.7114
    0.7158    0.6982    0.0126
    0.5031   -0.5032   -0.7027
...    70 A-T ...
  -14.0672 -167.8150   43.0075
   -0.0034    0.8617   -0.5074
    0.8669    0.2555    0.4280
    0.4985   -0.4384   -0.7479
...    71 T-A ...
  -13.0081 -169.1706   40.2335
    0.4180    0.8892   -0.1862
    0.7551   -0.2261    0.6154
    0.5051   -0.3978   -0.7659
...    72 C-G ...
  -11.2608 -170.2238   37.6695
    0.7576    0.5984    0.2607
    0.3818   -0.7303    0.5665
    0.5294   -0.3296   -0.7817
...    73 C-G ...
   -9.1419 -170.8749   35.1002
    0.8036    0.0974    0.5872
   -0.0702   -0.9641    0.2561
    0.5911   -0.2470   -0.7679
...    74 G-C ...
   -6.9378 -172.1334   32.8127
    0.5768   -0.4874    0.6555
   -0.4804   -0.8514   -0.2104
    0.6607   -0.1936   -0.7253
...    75 C-G ...
   -4.3995 -172.6007   30.6238
    0.1942   -0.8921    0.4079
   -0.7113   -0.4144   -0.5677
    0.6755   -0.1799   -0.7151
...    76 T-A ...
   -1.8982 -173.2109   28.4429
   -0.2467   -0.9691    0.0084
   -0.6945    0.1707   -0.6989
    0.6759   -0.1782   -0.7151
...    77 T-A ...
    0.5368 -173.7744   26.3214
   -0.5802   -0.6712   -0.4614
   -0.4267    0.7330   -0.5297
    0.6938   -0.1105   -0.7117
...    78 T-A ...
    2.9256 -174.2679   24.1514
   -0.7094   -0.0949   -0.6984
   -0.0162    0.9928   -0.1184
    0.7046   -0.0727   -0.7058
...    79 A-T ...
    5.4024 -174.2017   21.8363
   -0.6087    0.5612   -0.5608
    0.4286    0.8275    0.3628
    0.6677   -0.0195   -0.7442
...    80 A-T ...
    7.4487 -174.3053   19.3324
   -0.2808    0.9383   -0.2020
    0.7071    0.3446    0.6175
    0.6490    0.0306   -0.7602
...    81 C-G ...
    9.0497 -174.1735   16.4655
    0.1026    0.9714    0.2143
    0.7650   -0.2148    0.6072
    0.6358    0.1017   -0.7651
...    82 A-T ...
   11.3920 -173.6521   14.0818
    0.4539    0.6387    0.6213
    0.6058   -0.7325    0.3104
    0.6534    0.2355   -0.7194
...    83 C-G ...
   13.2887 -172.2135   11.7423
    0.6969    0.1235    0.7065
    0.2845   -0.9518   -0.1143
    0.6583    0.2807   -0.6984
...    84 T-A ...
   15.5967 -170.9514    9.6543
    0.7219   -0.4477    0.5276
   -0.1245   -0.8341   -0.5374
    0.6807    0.3222   -0.6579
...    85 T-A ...
   17.8697 -169.6208    7.6962
    0.5447   -0.8381    0.0288
   -0.5484   -0.3820   -0.7439
    0.6345    0.3894   -0.6677
...    86 T-A ...
   20.1074 -168.1671    5.7760
    0.1427   -0.8556   -0.4976
   -0.7860    0.2076   -0.5824
    0.6016    0.4742   -0.6429
...    87 A-T ...
   21.4261 -165.7936    3.5026
   -0.3961   -0.3733   -0.8389
   -0.6953    0.7187    0.0085
    0.5997    0.5866   -0.5442
...    88 T-A ...
   23.7830 -164.3854    1.6328
   -0.6995    0.0782   -0.7104
   -0.3894    0.7917    0.4706
    0.5992    0.6058   -0.5233
...    89 G-C ...
   25.7181 -162.0887    0.0759
   -0.8556    0.4673   -0.2227
    0.1061    0.5793    0.8081
    0.5067    0.6678   -0.5453
...    90 C-G ...
   27.2553 -160.0750   -2.0908
   -0.6839    0.6581    0.3150
    0.5690    0.2110    0.7948
    0.4566    0.7227   -0.5188
...    91 T-A ...
   28.4558 -157.5528   -3.8932
   -0.3004    0.5833    0.7547
    0.8686   -0.1596    0.4691
    0.3940    0.7964   -0.4587
...    92 T-A ...
   29.5630 -154.8648   -5.3177
    0.2507    0.3429    0.9053
    0.8906   -0.4483   -0.0768
    0.3796    0.8255   -0.4178
...    93 C-G ...
   30.8624 -152.0312   -6.4065
    0.7334   -0.0280    0.6792
    0.5699   -0.5193   -0.6368
    0.3705    0.8541   -0.3650
...    94 C-G ...
   32.3990 -149.0763   -7.1803
    0.9135   -0.3595    0.1907
    0.0615   -0.3411   -0.9380
    0.4023    0.8686   -0.2895
...    95 G-C ...
   33.9037 -146.3378   -8.5941
    0.7495   -0.5104   -0.4217
   -0.4899    0.0008   -0.8718
    0.4453    0.8599   -0.2495
...    96 G-C ...
   35.5732 -143.4308   -9.2870
    0.3002   -0.4280   -0.8525
   -0.8390    0.3068   -0.4495
    0.4539    0.8501   -0.2670
...    97 T-A ...
   37.6390 -140.8227   -9.9936
   -0.2257   -0.1723   -0.9588
   -0.8719    0.4748    0.1199
    0.4346    0.8630   -0.2574
...    98 C-G ...
   39.1877 -137.9494  -10.7105
   -0.7326    0.1500   -0.6639
   -0.5492    0.4459    0.7068
    0.4020    0.8824   -0.2443
...    99 A-T ...
   40.4735 -134.8430  -11.1382
   -0.9537    0.2936   -0.0658
    0.0103    0.2504    0.9681
    0.3007    0.9226   -0.2418
...   100 T-A ...
   41.2451 -131.9660  -12.5085
   -0.8168    0.3505    0.4582
    0.5069    0.0569    0.8601
    0.2754    0.9348   -0.2241
...   101 G-C ...
   42.1398 -128.7193  -12.8991
   -0.3904    0.1813    0.9026
    0.9025   -0.1185    0.4141
    0.1821    0.9763   -0.1174
...   102 T-A ...
   42.0790 -125.4290  -13.1763
    0.1587    0.0333    0.9868
    0.9737   -0.1707   -0.1509
    0.1634    0.9848   -0.0595
...   103 T-A ...
   42.4357 -122.1971  -13.1985
    0.7093   -0.0788    0.7005
    0.6894   -0.1297   -0.7127
    0.1470    0.9884   -0.0377
...   104 A-T ...
   43.2035 -118.8828  -13.8504
    0.9966   -0.0814    0.0147
    0.0128   -0.0235   -0.9996
    0.0817    0.9964   -0.0224
...   105 T-A ...
   43.6126 -115.6277  -13.2155
    0.8486   -0.0357   -0.5278
   -0.5273    0.0243   -0.8493
    0.0432    0.9991    0.0018
...   106 A-T ...
   42.7627 -112.1898  -13.5324
    0.1947    0.1484   -0.9696
   -0.9795   -0.0234   -0.2003
   -0.0524    0.9887    0.1408
...   107 A-T ...
   42.8650 -108.9625  -12.9566
   -0.4530    0.1647   -0.8762
   -0.8894   -0.1504    0.4316
   -0.0606    0.9748    0.2147
...   108 C-G ...
   43.1491 -105.6382  -12.5691
   -0.8713    0.0380   -0.4892
   -0.4834   -0.2376    0.8426
   -0.0842    0.9706    0.2254
...   109 G-C ...
   42.8720 -102.4777  -11.2706
   -0.9697   -0.2340    0.0705
    0.1284   -0.2425    0.9616
   -0.2079    0.9415    0.2652
...   110 G-C ...
   42.0801  -99.2759  -10.5321
   -0.6965   -0.4396    0.5671
    0.6551   -0.0671    0.7525
   -0.2928    0.8957    0.3348
...   111 A-T ...
   41.0300  -96.3923   -9.3659
   -0.1388   -0.4559    0.8791
    0.9361    0.2293    0.2667
   -0.3232    0.8600    0.3950
...   112 C-G ...
   39.3778  -93.8935   -7.9733
    0.4077   -0.3050    0.8607
    0.8512    0.4682   -0.2372
   -0.3306    0.8293    0.4505
...   113 T-A ...
   38.1704  -91.3894   -6.1242
    0.8331   -0.0466    0.5511
    0.4604    0.6105   -0.6444
   -0.3065    0.7906    0.5301
...   114 C-G ...
   37.3420  -88.8344   -4.1827
    0.9417    0.3348    0.0330
   -0.1635    0.5412   -0.8249
   -0.2940    0.7714    0.5644
...   115 G-C ...
   36.4141  -85.9333   -2.6337
    0.6615    0.5634   -0.4949
   -0.7151    0.2752   -0.6426
   -0.2259    0.7790    0.5850
...   116 T-A ...
   36.2222  -83.4218   -0.3615
    0.1424    0.6303   -0.7632
   -0.9627   -0.0910   -0.2548
   -0.2300    0.7710    0.5939
...   117 A-T ...
   34.6456  -81.2654    1.9347
   -0.6116    0.4547   -0.6474
   -0.7621   -0.5583    0.3279
   -0.2123    0.6940    0.6880
...   118 T-A ...
   34.3803  -78.5886    3.8862
   -0.9285    0.0973   -0.3585
   -0.3121   -0.7278    0.6107
   -0.2015    0.6789    0.7061
...   119 A-T ...
   33.8332  -76.7330    6.7379
   -0.8961   -0.4194    0.1453
    0.4003   -0.6221    0.6729
   -0.1918    0.6611    0.7254
...   120 A-T ...
   33.0871  -74.5252    9.0035
   -0.4757   -0.7204    0.5047
    0.8574   -0.2514    0.4492
   -0.1967    0.6464    0.7372
...   121 T-A ...
   31.8177  -72.4474   11.2145
    0.0499   -0.7577    0.6506
    0.9785    0.1677    0.1203
   -0.2003    0.6306    0.7498
...   122 G-C ...
   31.4753  -70.4445   13.9245
    0.6495   -0.5633    0.5108
    0.7406    0.6207   -0.2573
   -0.1721    0.5454    0.8203
...   123 T-A ...
   30.6870  -69.2079   16.9263
    0.9559   -0.1396    0.2585
    0.2527    0.8396   -0.4808
   -0.1499    0.5249    0.8378
...   124 G-C ...
   30.4239  -67.1772   19.6168
    0.9150    0.3763   -0.1458
   -0.3966    0.7717   -0.4972
   -0.0746    0.5127    0.8553
...   125 T-A ...
   30.6385  -65.8681   22.7186
    0.5347    0.7419   -0.4046
   -0.8426    0.4315   -0.3223
   -0.0645    0.5132    0.8558
...   126 C-G ...
   30.5165  -64.1639   25.5823
   -0.1156    0.8490   -0.5155
   -0.9913   -0.1317    0.0054
   -0.0633    0.5117    0.8569
...   127 G-C ...
   29.8433  -62.6137   28.5666
   -0.6880    0.5570   -0.4652
   -0.7177   -0.6175    0.3219
   -0.1080    0.5553    0.8246
...   128 A-T ...
   29.5731  -60.7658   31.3143
   -0.9834    0.0387   -0.1775
   -0.1291   -0.8363    0.5329
   -0.1278    0.5470    0.8273
...   129 C-G ...
   29.0700  -58.4697   33.6907
   -0.8849   -0.4485    0.1257
    0.4400   -0.7163    0.5416
   -0.1529    0.5345    0.8312
...   130 C-G ...
   28.3298  -56.6053   36.4283
   -0.4523   -0.8246    0.3399
    0.8669   -0.3169    0.3848
   -0.2096    0.4687    0.8581
...   131 A-T ...
   27.9063  -55.1594   39.4591
    0.1880   -0.8898    0.4159
    0.9571    0.2610    0.1258
   -0.2205    0.3744    0.9007
...   132 A-T ...
   27.0368  -54.0910   42.4085
    0.7256   -0.5569    0.4042
    0.6512    0.7456   -0.1415
   -0.2226    0.3658    0.9037
...   133 A-T ...
   26.2537  -53.1204   45.4208
    0.9692    0.0082    0.2460
    0.0807    0.9336   -0.3491
   -0.2325    0.3582    0.9042
...   134 T-A ...
   25.6308  -52.5796   48.6348
    0.8597    0.5096    0.0340
   -0.4497    0.7867   -0.4230
   -0.2423    0.3484    0.9055
...   135 G-C ...
   25.2859  -52.4980   52.0749
    0.3205    0.9427   -0.0927
   -0.8825    0.2616   -0.3908
   -0.3441    0.2071    0.9158
...   136 T-A ...
   25.5356  -52.9668   55.8001
   -0.2443    0.9563   -0.1608
   -0.8908   -0.2868   -0.3525
   -0.3832    0.0571    0.9219
...   137 G-C ...
   24.9038  -52.7259   58.9820
   -0.7529    0.5562   -0.3519
   -0.5214   -0.8303   -0.1968
   -0.4017    0.0354    0.9151
...   138 A-T ...
   24.0250  -51.6261   61.9210
   -0.9563    0.0400   -0.2896
   -0.0523   -0.9980    0.0347
   -0.2877    0.0483    0.9565
...   139 G-C ...
   22.3575  -51.2299   64.4908
   -0.8529   -0.5117   -0.1032
    0.4973   -0.8566    0.1372
   -0.1586    0.0657    0.9852
...   140 C-G ...
   22.1609  -50.1386   67.4617
   -0.4681   -0.8749    0.1247
    0.8495   -0.4066    0.3363
   -0.2435    0.2633    0.9335
...   141 G-C ...
   21.4367  -51.8164   72.7855
    0.1304   -0.7141   -0.6877
    0.8897   -0.2218    0.3990
   -0.4375   -0.6639    0.6065
...   142 C-G ...
   20.4355  -54.2994   74.5394
    0.5847   -0.7390   -0.3347
    0.7593    0.3532    0.5466
   -0.2857   -0.5737    0.7676
...   143 T-A ...
   18.4378  -55.5190   76.5272
    0.8548   -0.5006    0.1370
    0.3188    0.7147    0.6225
   -0.4096   -0.4884    0.7705
...   144 C-G ...
   16.8486  -57.7126   78.2647
    0.8529   -0.0846    0.5152
   -0.1509    0.9047    0.3983
   -0.4998   -0.4175    0.7589
...   145 A-T ...
   15.7934  -59.5518   80.7962
    0.5515    0.4995    0.6681
   -0.6739    0.7388    0.0040
   -0.4915   -0.4525    0.7441
...   146 C-G ...
   15.7411  -61.4839   83.9295
    0.0342    0.7400    0.6718
   -0.8637    0.3601   -0.3527
   -0.5029   -0.5681    0.6514
...   147 A-T ...
   14.7482  -63.4170   86.8164
   -0.5923    0.6746    0.4405
   -0.6886   -0.1400   -0.7115
   -0.4183   -0.7247    0.5475
