  147 base-pairs
...     1 T-A ...
    0.0000    0.0000    0.0000
    1.0000    0.0000    0.0000
    0.0000    1.0000    0.0000
    0.0000    0.0000    1.0000
...     2 G-C ...
   -0.5555   -1.1003    3.3981
    0.7749    0.6051    0.1828
   -0.5991    0.7953   -0.0929
   -0.2016   -0.0375    0.9787
...     3 T-A ...
   -0.6619   -3.0237    6.5348
    0.3046    0.9250    0.2271
   -0.8994    0.3578   -0.2510
   -0.3134   -0.1278    0.9410
...     4 G-C ...
   -1.1607   -3.8418    9.6940
   -0.3351    0.9421    0.0133
   -0.8752   -0.3061   -0.3746
   -0.3489   -0.1372    0.9271
...     5 A-T ...
   -1.3881   -3.6770   12.8999
   -0.7835    0.6162   -0.0801
   -0.5677   -0.7622   -0.3109
   -0.2527   -0.1981    0.9470
...     6 G-C ...
   -2.6236   -3.5448   15.7072
   -0.9923    0.0611   -0.1075
   -0.0294   -0.9610   -0.2748
   -0.1201   -0.2695    0.9555
...     7 C-G ...
   -2.3138   -3.7570   18.8866
   -0.8620   -0.4995   -0.0864
    0.5008   -0.8655    0.0073
   -0.0785   -0.0370    0.9962
...     8 G-C ...
   -3.9561   -6.8109   23.3205
   -0.2581   -0.3560   -0.8981
    0.6294   -0.7673    0.1233
   -0.7330   -0.5335    0.4221
...     9 C-G ...
   -6.1177   -8.9414   24.2385
    0.1143   -0.7320   -0.6716
    0.8123   -0.3203    0.4874
   -0.5720   -0.6013    0.5580
...    10 T-A ...
   -8.5041   -9.6771   26.0540
    0.4660   -0.8587   -0.2131
    0.6274    0.1508    0.7640
   -0.6239   -0.4897    0.6090
...    11 C-G ...
  -11.0625  -11.3174   27.2336
    0.6660   -0.6911    0.2808
    0.3382    0.6152    0.7121
   -0.6649   -0.3794    0.6435
...    12 A-T ...
  -13.0013  -13.1789   29.0658
    0.7188   -0.1490    0.6790
   -0.1787    0.9043    0.3876
   -0.6718   -0.4000    0.6235
...    13 C-G ...
  -14.1788  -15.9359   31.3399
    0.4052    0.2865    0.8682
   -0.5270    0.8492   -0.0343
   -0.7470   -0.4437    0.4951
...    14 A-T ...
  -15.9532  -18.1566   33.3080
   -0.1503    0.6873    0.7107
   -0.6106    0.5008   -0.6135
   -0.7776   -0.5261    0.3444
...    15 A-T ...
  -18.2383  -20.0557   34.6517
   -0.5203    0.8113    0.2665
   -0.3887    0.0528   -0.9198
   -0.7604   -0.5822    0.2879
...    16 T-A ...
  -20.5099  -21.8653   36.2162
   -0.6560    0.7229   -0.2171
   -0.0593   -0.3361   -0.9400
   -0.7524   -0.6037    0.2633
...    17 T-A ...
  -22.9356  -23.7035   37.2988
   -0.5652    0.4437   -0.6955
    0.3307   -0.6505   -0.6837
   -0.7558   -0.6164    0.2209
...    18 T-A ...
  -25.4897  -25.4953   38.0626
   -0.2505    0.0847   -0.9644
    0.5904   -0.7761   -0.2215
   -0.7673   -0.6248    0.1444
...    19 A-T ...
  -28.6636  -26.7644   38.0368
    0.2550   -0.0427   -0.9660
    0.6069   -0.7706    0.1943
   -0.7527   -0.6358   -0.1706
...    20 T-A ...
  -31.3431  -28.2926   37.0810
    0.5584   -0.3472   -0.7534
    0.4065   -0.6772    0.6134
   -0.7231   -0.6488   -0.2370
...    21 T-A ...
  -33.6285  -30.2510   35.9731
    0.7423   -0.5919   -0.3141
    0.0366   -0.4323    0.9010
   -0.6691   -0.6803   -0.2992
...    22 C-G ...
  -35.4751  -32.5897   34.7457
    0.6818   -0.6908    0.2405
   -0.4121   -0.0911    0.9066
   -0.6044   -0.7172   -0.3468
...    23 G-C ...
  -37.2355  -35.2455   33.9384
    0.4161   -0.5698    0.7087
   -0.7676    0.1978    0.6097
   -0.4875   -0.7977   -0.3550
...    24 C-G ...
  -38.4000  -38.0793   32.7128
   -0.0474   -0.3700    0.9278
   -0.8900    0.4373    0.1288
   -0.4534   -0.8197   -0.3500
...    25 A-T ...
  -40.0667  -40.6313   31.5201
   -0.5242   -0.0379    0.8507
   -0.7219    0.5497   -0.4204
   -0.4517   -0.8345   -0.3155
...    26 A-T ...
  -41.2544  -43.5379   30.6455
   -0.8659    0.2265    0.4460
   -0.2882    0.5028   -0.8149
   -0.4088   -0.8342   -0.3701
...    27 A-T ...
  -42.4970  -46.3865   29.7013
   -0.8915    0.4433   -0.0938
    0.2567    0.3236   -0.9107
   -0.3733   -0.8360   -0.4022
...    28 G-C ...
  -43.8737  -49.1373   28.5959
   -0.6149    0.6098   -0.5001
    0.6793    0.0874   -0.7286
   -0.4006   -0.7878   -0.4679
...    29 G-C ...
  -45.4876  -51.6965   27.1851
   -0.1355    0.6640   -0.7354
    0.9001   -0.2278   -0.3714
   -0.4141   -0.7122   -0.5668
...    30 C-G ...
  -47.2466  -53.7082   25.3383
    0.3754    0.5195   -0.7675
    0.8414   -0.5383    0.0472
   -0.3887   -0.6635   -0.6393
...    31 C-G ...
  -48.7260  -55.4421   22.8681
    0.7891    0.2737   -0.5499
    0.5335   -0.7490    0.3929
   -0.3043   -0.6034   -0.7371
...    32 G-C ...
  -49.2688  -57.4011   20.2759
    0.9877   -0.0458   -0.1492
    0.0446   -0.8334    0.5508
   -0.1496   -0.5507   -0.8212
...    33 G-C ...
  -49.2489  -58.8348   17.1996
    0.8847   -0.4062    0.2288
   -0.4651   -0.7352    0.4932
   -0.0321   -0.5427   -0.8393
...    34 C-G ...
  -48.8639  -60.3864   14.3187
    0.5111   -0.7094    0.4854
   -0.8592   -0.4367    0.2665
    0.0230   -0.5532   -0.8327
...    35 C-G ...
  -48.3071  -62.2658   11.5708
   -0.0157   -0.7989    0.6013
   -0.9980   -0.0244   -0.0585
    0.0614   -0.6010   -0.7969
...    36 C-G ...
  -47.7660  -64.4009    9.0259
   -0.5420   -0.6572    0.5237
   -0.8389    0.3865   -0.3831
    0.0494   -0.6470   -0.7609
...    37 G-C ...
  -47.9239  -66.2753    6.3076
   -0.9118   -0.2904    0.2904
   -0.4103    0.6745   -0.6138
   -0.0176   -0.6788   -0.7342
...    38 A-T ...
  -47.8883  -68.5390    3.9677
   -0.9824    0.1624   -0.0923
    0.1824    0.7270   -0.6620
   -0.0404   -0.6672   -0.7438
...    39 C-G ...
  -48.3255  -71.0623    1.9127
   -0.7572    0.5244   -0.3895
    0.6503    0.5495   -0.5245
   -0.0610   -0.6504   -0.7571
...    40 A-T ...
  -48.4794  -73.0692   -0.7024
   -0.2790    0.8074   -0.5198
    0.9536    0.1690   -0.2492
   -0.1134   -0.5652   -0.8171
...    41 C-G ...
  -49.4726  -74.7357   -3.3430
    0.2342    0.8091   -0.5390
    0.9659   -0.2567    0.0343
   -0.1106   -0.5287   -0.8416
...    42 G-C ...
  -49.5058  -76.3698   -6.2049
    0.7115    0.6258   -0.3196
    0.7018   -0.6558    0.2782
   -0.0355   -0.4223   -0.9058
...    43 A-T ...
  -49.6299  -77.5488   -9.2285
    0.9820    0.1784   -0.0622
    0.1884   -0.8994    0.3945
    0.0144   -0.3991   -0.9168
...    44 C-G ...
  -49.4471  -78.2086  -12.4472
    0.9453   -0.2725    0.1791
   -0.3206   -0.8768    0.3584
    0.0593   -0.3962   -0.9162
...    45 T-A ...
  -48.9014  -79.2129  -15.5344
    0.6585   -0.6379    0.3993
   -0.7412   -0.6417    0.1972
    0.1304   -0.4258   -0.8954
...    46 T-A ...
  -48.1921  -80.4114  -18.4569
    0.1536   -0.8761    0.4570
   -0.9782   -0.2003   -0.0552
    0.1399   -0.4385   -0.8878
...    47 A-T ...
  -47.4935  -81.9751  -21.2835
   -0.3987   -0.7970    0.4536
   -0.9077    0.2725   -0.3191
    0.1307   -0.5390   -0.8321
...    48 C-G ...
  -46.5847  -84.0262  -23.6781
   -0.8020   -0.5367    0.2622
   -0.5861    0.6219   -0.5194
    0.1157   -0.5702   -0.8133
...    49 T-A ...
  -46.1967  -86.2013  -26.0992
   -0.9927   -0.1202    0.0132
   -0.1032    0.7858   -0.6098
    0.0629   -0.6067   -0.7924
...    50 G-C ...
  -46.2137  -88.0004  -28.8623
   -0.8881    0.3809   -0.2573
    0.4588    0.7003   -0.5469
   -0.0281   -0.6037   -0.7967
...    51 T-A ...
  -46.7731  -90.2781  -31.1869
   -0.5338    0.6909   -0.4876
    0.8446    0.4074   -0.3474
   -0.0414   -0.5972   -0.8010
...    52 A-T ...
  -46.7325  -92.1559  -33.9206
    0.0597    0.8003   -0.5967
    0.9974   -0.0719    0.0035
   -0.0401   -0.5953   -0.8025
...    53 G-C ...
  -47.1744  -93.9392  -36.6595
    0.5557    0.6836   -0.4732
    0.8314   -0.4598    0.3120
   -0.0043   -0.5668   -0.8239
...    54 G-C ...
  -47.4241  -95.5571  -39.6166
    0.9022    0.3958   -0.1713
    0.4244   -0.7449    0.5148
    0.0762   -0.5372   -0.8400
...    55 T-A ...
  -47.2598  -96.7560  -42.6823
    0.9894    0.0013    0.1453
   -0.0786   -0.8363    0.5426
    0.1222   -0.5483   -0.8273
...    56 A-T ...
  -46.4363  -98.0824  -45.6550
    0.7907   -0.2915    0.5384
   -0.5387   -0.7491    0.3856
    0.2909   -0.5949   -0.7493
...    57 T-A ...
  -44.9989  -99.5395  -48.1899
    0.4278   -0.5853    0.6888
   -0.8473   -0.5251    0.0800
    0.3149   -0.6178   -0.7205
...    58 C-G ...
  -43.8062 -101.5686  -50.3912
   -0.1283   -0.7231    0.6787
   -0.9337   -0.1426   -0.3284
    0.3342   -0.6759   -0.6569
...    59 T-A ...
  -42.4055 -103.8822  -52.2105
   -0.5955   -0.6342    0.4932
   -0.7358    0.1840   -0.6517
    0.3225   -0.7510   -0.5762
...    60 C-G ...
  -41.4677 -106.4978  -53.8616
   -0.9170   -0.3923    0.0726
   -0.2656    0.4645   -0.8448
    0.2977   -0.7940   -0.5301
...    61 G-C ...
  -40.9116 -109.0168  -55.9339
   -0.9349   -0.0229   -0.3543
    0.2901    0.5261   -0.7994
    0.2047   -0.8501   -0.4852
...    62 A-T ...
  -40.4093 -111.8711  -57.4620
   -0.5916    0.2746   -0.7580
    0.7822    0.4232   -0.4572
    0.1952   -0.8634   -0.4652
...    63 G-C ...
  -40.0916 -114.8147  -58.9284
   -0.1057    0.4579   -0.8827
    0.9750    0.2223   -0.0015
    0.1955   -0.8607   -0.4700
...    64 C-G ...
  -39.7942 -117.6902  -60.5449
    0.4303    0.5186   -0.7389
    0.8760   -0.0422    0.4805
    0.2180   -0.8540   -0.4725
...    65 T-A ...
  -39.2474 -120.3892  -62.3741
    0.8015    0.4647   -0.3763
    0.5331   -0.2700    0.8018
    0.2710   -0.8433   -0.4642
...    66 C-G ...
  -38.4828 -123.1201  -63.9818
    0.9440    0.2870    0.1627
   -0.0151   -0.4550    0.8904
    0.3296   -0.8430   -0.4252
...    67 G-C ...
  -37.4575 -125.9990  -65.2262
    0.7268    0.1967    0.6581
   -0.4937   -0.5164    0.6997
    0.4775   -0.8334   -0.2782
...    68 G-C ...
  -35.4415 -128.4593  -66.2995
    0.3112    0.0615    0.9483
   -0.7720   -0.5656    0.2901
    0.5542   -0.8224   -0.1285
...    69 G-C ...
  -33.0998 -130.8515  -66.4127
   -0.1908   -0.0857    0.9779
   -0.7916   -0.5756   -0.2049
    0.5804   -0.8132    0.0420
...    70 A-T ...
  -31.1964 -133.4007  -65.9348
   -0.6364   -0.3122    0.7053
   -0.5272   -0.4914   -0.6932
    0.5631   -0.8130    0.1482
...    71 T-A ...
  -29.1763 -135.7081  -64.8243
   -0.8213   -0.4944    0.2846
   -0.1390   -0.3105   -0.9403
    0.5533   -0.8119    0.1863
...    72 C-G ...
  -27.6624 -138.4608  -64.0014
   -0.7583   -0.5824   -0.2928
    0.3797   -0.0295   -0.9246
    0.5299   -0.8123    0.2435
...    73 C-G ...
  -26.3105 -141.3979  -63.0959
   -0.4467   -0.4985   -0.7429
    0.7530    0.2389   -0.6131
    0.4832   -0.8333    0.2687
...    74 G-C ...
  -24.2983 -143.9320  -62.4931
    0.0481   -0.2776   -0.9595
    0.8801    0.4661   -0.0907
    0.4724   -0.8401    0.2667
...    75 C-G ...
  -23.0269 -146.8482  -61.5668
    0.5117    0.0199   -0.8589
    0.7018    0.5670    0.4312
    0.4956   -0.8235    0.2762
...    76 T-A ...
  -21.5045 -149.6917  -60.8856
    0.7749    0.3327   -0.5374
    0.3259    0.5181    0.7908
    0.5415   -0.7879    0.2931
...    77 T-A ...
  -19.8302 -152.3593  -60.1625
    0.8123    0.5819   -0.0387
   -0.1633    0.2906    0.9428
    0.5599   -0.7596    0.3311
...    78 T-A ...
  -17.9156 -154.7840  -59.2943
    0.5582    0.7131    0.4241
   -0.5721   -0.0393    0.8192
    0.6009   -0.7000    0.3860
...    79 A-T ...
  -14.9419 -156.4528  -58.6139
    0.0598    0.8461    0.5296
   -0.7133   -0.3349    0.6157
    0.6983   -0.4146    0.5835
...    80 A-T ...
  -12.5574 -157.4366  -56.7358
   -0.3856    0.6113    0.6911
   -0.6195   -0.7266    0.2971
    0.6838   -0.3136    0.6589
...    81 C-G ...
  -10.1478 -157.7148  -54.6211
   -0.6881    0.2226    0.6906
   -0.3289   -0.9441   -0.0233
    0.6468   -0.2432    0.7228
...    82 A-T ...
   -8.2571 -158.1607  -51.9236
   -0.8443   -0.2467    0.4757
    0.1239   -0.9535   -0.2747
    0.5213   -0.1730    0.8356
...    83 T-A ...
   -6.8406 -158.0589  -48.9589
   -0.6731   -0.6803    0.2901
    0.5341   -0.7184   -0.4456
    0.5116   -0.1450    0.8469
...    84 C-G ...
   -5.4413 -158.5770  -46.0572
   -0.2376   -0.9714    0.0045
    0.8429   -0.2085   -0.4960
    0.4827   -0.1141    0.8683
...    85 A-T ...
   -3.6210 -158.8945  -43.3681
    0.2760   -0.9186   -0.2829
    0.8385    0.3740   -0.3963
    0.4699   -0.1278    0.8734
...    86 T-A ...
   -2.6652 -159.6394  -40.2737
    0.6820   -0.6122   -0.4001
    0.5760    0.7867   -0.2221
    0.4508   -0.0790    0.8891
...    87 G-C ...
   -1.1001 -159.5956  -37.3996
    0.8534   -0.0771   -0.5156
    0.0912    0.9958    0.0021
    0.5133   -0.0488    0.8568
...    88 T-A ...
    0.6251 -160.3089  -34.7005
    0.7655    0.4238   -0.4841
   -0.3584    0.9057    0.2262
    0.5343    0.0004    0.8453
...    89 T-A ...
    2.4931 -160.4611  -32.0874
    0.4306    0.8336   -0.3460
   -0.7173    0.5488    0.4294
    0.5478    0.0632    0.8342
...    90 A-T ...
    5.0925 -160.1306  -29.9499
   -0.0734    0.9301   -0.3599
   -0.8108    0.1545    0.5646
    0.5808    0.3332    0.7427
...    91 T-A ...
    7.4163 -158.8923  -28.0726
   -0.4750    0.8733   -0.1081
   -0.6775   -0.2845    0.6783
    0.5615    0.3955    0.7268
...    92 A-T ...
    9.4745 -156.6615  -26.4830
   -0.8439    0.5363   -0.0149
   -0.3798   -0.5775    0.7226
    0.3790    0.6155    0.6911
...    93 A-T ...
   10.5957 -154.3608  -24.5205
   -0.9321    0.1330    0.3369
    0.1301   -0.7450    0.6542
    0.3380    0.6536    0.6771
...    94 C-G ...
   11.3208 -151.7073  -22.7019
   -0.7579   -0.2643    0.5965
    0.5822   -0.6866    0.4355
    0.2944    0.6773    0.6742
...    95 G-C ...
   12.2631 -149.7590  -20.2373
   -0.3530   -0.6325    0.6895
    0.9134   -0.3926    0.1076
    0.2027    0.6677    0.7163
...    96 G-C ...
   12.5353 -147.4681  -17.7835
    0.1661   -0.7712    0.6145
    0.9688    0.0113   -0.2477
    0.1841    0.6365    0.7490
...    97 A-T ...
   12.9569 -145.3221  -15.3595
    0.6887   -0.6268    0.3643
    0.6988    0.4401   -0.5639
    0.1932    0.6429    0.7411
...    98 C-G ...
   13.2672 -143.5587  -12.5891
    0.9435   -0.3306    0.0242
    0.2579    0.6862   -0.6801
    0.2082    0.6479    0.7327
...    99 T-A ...
   14.0463 -141.6761  -10.0254
    0.9332    0.0100   -0.3591
   -0.2437    0.7520   -0.6124
    0.2639    0.6591    0.7042
...   100 T-A ...
   15.0309 -139.7460   -7.6338
    0.6510    0.3891   -0.6518
   -0.7076    0.6220   -0.3353
    0.2749    0.6795    0.6802
...   101 T-A ...
   16.1755 -137.6609   -5.4621
    0.1666    0.6238   -0.7636
   -0.9447    0.3229    0.0576
    0.2825    0.7118    0.6431
...   102 A-T ...
   17.6796 -135.1657   -3.8349
   -0.3495    0.5435   -0.7632
   -0.8999    0.0319    0.4349
    0.2607    0.8388    0.4779
...   103 T-A ...
   19.0121 -132.3686   -2.8067
   -0.7422    0.4664   -0.4812
   -0.6237   -0.2180    0.7506
    0.2452    0.8573    0.4527
...   104 G-C ...
   19.5323 -129.3139   -1.6056
   -0.9820    0.1687   -0.0853
   -0.1447   -0.3805    0.9134
    0.1216    0.9093    0.3980
...   105 C-G ...
   19.6897 -126.1420   -0.7675
   -0.9206   -0.0968    0.3784
    0.3855   -0.3815    0.8402
    0.0630    0.9193    0.3885
...   106 T-A ...
   19.5310 -123.0054    0.2244
   -0.6134   -0.3190    0.7225
    0.7898   -0.2515    0.5595
    0.0033    0.9138    0.4062
...   107 T-A ...
   19.2277 -119.9680    1.3353
   -0.0854   -0.3896    0.9170
    0.9963   -0.0381    0.0766
    0.0051    0.9202    0.3914
...   108 C-G ...
   19.1041 -116.9937    2.6511
    0.4884   -0.3700    0.7903
    0.8725    0.1918   -0.4494
    0.0147    0.9090    0.4165
...   109 C-G ...
   18.9384 -114.0772    4.2892
    0.8621   -0.2974    0.4103
    0.4997    0.3638   -0.7861
    0.0845    0.8827    0.4623
...   110 G-C ...
   19.4567 -111.0544    5.4874
    0.9789   -0.1674   -0.1169
   -0.0209    0.4873   -0.8730
    0.2031    0.8571    0.4735
...   111 G-C ...
   20.3994 -108.4016    7.2856
    0.8092    0.0283   -0.5869
   -0.5106    0.5281   -0.6785
    0.2908    0.8487    0.4418
...   112 C-G ...
   21.7591 -105.8518    8.8212
    0.4129    0.2575   -0.8737
   -0.8501    0.4533   -0.2681
    0.3270    0.8534    0.4060
...   113 T-A ...
   23.2254 -103.1377    9.9540
   -0.0775    0.3983   -0.9140
   -0.9353    0.2884    0.2050
    0.3452    0.8708    0.3502
...   114 C-G ...
   24.4640 -100.2789   10.8917
   -0.5966    0.4649   -0.6542
   -0.7289    0.0273    0.6841
    0.3359    0.8849    0.3226
...   115 G-C ...
   25.3004  -97.3289   12.0735
   -0.9222    0.3052   -0.2374
   -0.3063   -0.2017    0.9303
    0.2361    0.9307    0.2795
...   116 T-A ...
   26.0834  -94.1359   12.3445
   -0.9620    0.1316    0.2391
    0.1851   -0.3294    0.9259
    0.2006    0.9350    0.2925
...   117 A-T ...
   26.3788  -90.8734   12.9548
   -0.7643   -0.1838    0.6181
    0.6404   -0.3283    0.6943
    0.0753    0.9265    0.3686
...   118 T-A ...
   26.0577  -87.7216   13.7684
   -0.3690   -0.3425    0.8640
    0.9273   -0.1987    0.3173
    0.0630    0.9183    0.3909
...   119 A-T ...
   25.7165  -84.7421   15.1934
    0.1153   -0.5492    0.8277
    0.9926    0.0311   -0.1176
    0.0388    0.8351    0.5487
...   120 A-T ...
   25.5739  -82.1543   17.1120
    0.6218   -0.4772    0.6210
    0.7819    0.3344   -0.5261
    0.0434    0.8127    0.5811
...   121 T-A ...
   25.3028  -79.8753   19.4392
    0.9202   -0.2703    0.2833
    0.3881    0.5345   -0.7507
    0.0515    0.8008    0.5968
...   122 G-C ...
   25.8150  -77.2126   21.3048
    0.9755   -0.0136   -0.2196
   -0.1608    0.6372   -0.7538
    0.1501    0.7706    0.6194
...   123 T-A ...
   26.6241  -75.0996   23.7019
    0.7632    0.2993   -0.5726
   -0.6240    0.5712   -0.5332
    0.1675    0.7643    0.6227
...   124 G-C ...
   27.1647  -72.3967   25.4871
    0.2840    0.5210   -0.8049
   -0.9361    0.3322   -0.1153
    0.2073    0.7863    0.5820
...   125 T-A ...
   28.4626  -69.9241   27.2959
   -0.2260    0.6151   -0.7553
   -0.9539    0.0172    0.2995
    0.1972    0.7882    0.5829
...   126 C-G ...
   29.2522  -67.3314   29.1223
   -0.7292    0.5014   -0.4658
   -0.6630   -0.3489    0.6624
    0.1696    0.7918    0.5868
...   127 G-C ...
   29.7272  -64.8973   31.2845
   -0.9805    0.1368   -0.1412
   -0.1949   -0.5830    0.7888
    0.0256    0.8009    0.5983
...   128 A-T ...
   29.8845  -62.2294   33.0934
   -0.9301   -0.2644    0.2551
    0.3645   -0.5775    0.7305
   -0.0458    0.7724    0.6335
...   129 C-G ...
   29.3325  -59.4783   34.6986
   -0.6388   -0.5688    0.5180
    0.7621   -0.3758    0.5273
   -0.1053    0.7316    0.6736
...   130 C-G ...
   28.4451  -57.0379   36.8180
   -0.1692   -0.7846    0.5964
    0.9712   -0.0299    0.2363
   -0.1676    0.6192    0.7671
...   131 A-T ...
   27.6570  -55.2395   39.5020
    0.3637   -0.7908    0.4922
    0.9124    0.4088   -0.0174
   -0.1875    0.4555    0.8703
...   132 A-T ...
   26.8618  -54.0751   42.3975
    0.7977   -0.4670    0.3817
    0.5722    0.7860   -0.2342
   -0.1907    0.4052    0.8941
...   133 A-T ...
   26.1844  -53.1311   45.4207
    0.9763    0.0438    0.2121
    0.0400    0.9261   -0.3752
   -0.2129    0.3748    0.9023
...   134 T-A ...
   25.6307  -52.5796   48.6349
    0.8597    0.5096    0.0340
   -0.4497    0.7867   -0.4230
   -0.2423    0.3484    0.9055
...   135 G-C ...
   25.2858  -52.4980   52.0750
    0.3205    0.9427   -0.0927
   -0.8825    0.2616   -0.3908
   -0.3442    0.2071    0.9158
...   136 T-A ...
   25.5355  -52.9667   55.8001
   -0.2443    0.9563   -0.1608
   -0.8908   -0.2868   -0.3525
   -0.3832    0.0571    0.9219
...   137 G-C ...
   24.9036  -52.7259   58.9820
   -0.7529    0.5562   -0.3519
   -0.5214   -0.8303   -0.1968
   -0.4017    0.0354    0.9151
...   138 A-T ...
   24.0248  -51.6260   61.9210
   -0.9563    0.0400   -0.2896
   -0.0523   -0.9980    0.0347
   -0.2877    0.0483    0.9565
...   139 G-C ...
   22.3573  -51.2299   64.4908
   -0.8529   -0.5117   -0.1032
    0.4973   -0.8566    0.1372
   -0.1586    0.0657    0.9852
...   140 C-G ...
   22.1607  -50.1385   67.4617
   -0.4681   -0.8749    0.1247
    0.8495   -0.4066    0.3363
   -0.2435    0.2633    0.9335
...   141 G-C ...
   21.4365  -51.8163   72.7855
    0.1304   -0.7141   -0.6877
    0.8897   -0.2218    0.3990
   -0.4375   -0.6639    0.6065
...   142 C-G ...
   20.4354  -54.2994   74.5394
    0.5847   -0.7390   -0.3347
    0.7593    0.3532    0.5466
   -0.2857   -0.5737    0.7676
...   143 T-A ...
   18.4377  -55.5189   76.5272
    0.8548   -0.5006    0.1370
    0.3188    0.7147    0.6225
   -0.4096   -0.4884    0.7705
...   144 C-G ...
   16.8484  -57.7126   78.2647
    0.8529   -0.0846    0.5152
   -0.1509    0.9047    0.3983
   -0.4998   -0.4175    0.7589
...   145 A-T ...
   15.7932  -59.5517   80.7962
    0.5515    0.4995    0.6681
   -0.6739    0.7388    0.0040
   -0.4915   -0.4525    0.7441
...   146 C-G ...
   15.7410  -61.4838   83.9295
    0.0342    0.7400    0.6718
   -0.8637    0.3601   -0.3527
   -0.5029   -0.5681    0.6514
...   147 A-T ...
   14.7480  -63.4170   86.8164
   -0.5923    0.6746    0.4405
   -0.6886   -0.1400   -0.7115
   -0.4183   -0.7247    0.5475
