  147 base-pairs
...     1 T-A ...
    0.0000    0.0000    0.0000
    1.0000    0.0000    0.0000
    0.0000    1.0000    0.0000
    0.0000    0.0000    1.0000
...     2 G-C ...
   -0.5555   -1.1003    3.3981
    0.7749    0.6051    0.1828
   -0.5991    0.7953   -0.0929
   -0.2016   -0.0375    0.9787
...     3 T-A ...
   -0.6619   -3.0237    6.5348
    0.3046    0.9250    0.2271
   -0.8994    0.3578   -0.2510
   -0.3134   -0.1278    0.9410
...     4 G-C ...
   -1.1607   -3.8418    9.6940
   -0.3351    0.9421    0.0133
   -0.8752   -0.3061   -0.3746
   -0.3489   -0.1372    0.9271
...     5 A-T ...
   -1.3881   -3.6770   12.8999
   -0.7835    0.6162   -0.0801
   -0.5677   -0.7622   -0.3109
   -0.2527   -0.1981    0.9470
...     6 G-C ...
   -2.6236   -3.5448   15.7072
   -0.9923    0.0611   -0.1075
   -0.0294   -0.9610   -0.2748
   -0.1201   -0.2695    0.9555
...     7 C-G ...
   -2.3138   -3.7570   18.8866
   -0.8620   -0.4995   -0.0864
    0.5008   -0.8655    0.0073
   -0.0785   -0.0370    0.9962
...     8 G-C ...
   -3.9561   -6.8109   23.3205
   -0.2581   -0.3560   -0.8981
    0.6294   -0.7673    0.1233
   -0.7330   -0.5335    0.4221
...     9 C-G ...
   -6.1177   -8.9414   24.2385
    0.1143   -0.7320   -0.6716
    0.8123   -0.3203    0.4874
   -0.5720   -0.6013    0.5580
...    10 T-A ...
   -8.5041   -9.6771   26.0540
    0.4660   -0.8587   -0.2131
    0.6274    0.1508    0.7640
   -0.6239   -0.4897    0.6090
...    11 C-G ...
  -11.0625  -11.3174   27.2336
    0.6660   -0.6911    0.2808
    0.3382    0.6152    0.7121
   -0.6649   -0.3794    0.6435
...    12 A-T ...
  -13.0013  -13.1789   29.0658
    0.7188   -0.1490    0.6790
   -0.1787    0.9043    0.3876
   -0.6718   -0.4000    0.6235
...    13 C-G ...
  -14.1788  -15.9359   31.3399
    0.4052    0.2865    0.8682
   -0.5270    0.8492   -0.0343
   -0.7470   -0.4437    0.4951
...    14 A-T ...
  -15.9532  -18.1566   33.3080
   -0.1503    0.6873    0.7107
   -0.6106    0.5008   -0.6135
   -0.7776   -0.5261    0.3444
...    15 A-T ...
  -18.3753  -19.8765   34.6596
   -0.5038    0.8377    0.2111
   -0.4152   -0.0205   -0.9095
   -0.7575   -0.5458    0.3581
...    16 T-A ...
  -20.6399  -21.5861   36.5707
   -0.6957    0.6519   -0.3016
   -0.0575   -0.4691   -0.8813
   -0.7160   -0.5958    0.3639
...    17 T-A ...
  -22.9399  -23.3308   38.1232
   -0.6389    0.1996   -0.7430
    0.3910   -0.7474   -0.5370
   -0.6625   -0.6336    0.3995
...    18 T-A ...
  -25.1886  -25.1839   39.6424
   -0.3106   -0.2952   -0.9036
    0.7089   -0.7051   -0.0133
   -0.6332   -0.6447    0.4283
...    19 A-T ...
  -26.9932  -27.5902   41.2110
    0.2188   -0.6432   -0.7338
    0.7669   -0.3516    0.5369
   -0.6033   -0.6802    0.4163
...    20 T-A ...
  -29.3953  -29.6737   42.0963
    0.6002   -0.7189   -0.3507
    0.5473    0.0494    0.8355
   -0.5833   -0.6934    0.4231
...    21 T-A ...
  -31.3556  -32.0126   43.2491
    0.8280   -0.5354    0.1665
    0.1050    0.4398    0.8919
   -0.5508   -0.7210    0.4204
...    22 C-G ...
  -33.0065  -34.4550   44.6919
    0.7605   -0.1346    0.6352
   -0.4173    0.6483    0.6369
   -0.4975   -0.7494    0.4369
...    23 G-C ...
  -34.4986  -36.6134   46.9214
    0.4635    0.3660    0.8070
   -0.8164    0.5305    0.2283
   -0.3445   -0.7646    0.5447
...    24 C-G ...
  -35.2218  -39.2338   48.7687
   -0.0234    0.6293    0.7768
   -0.9432    0.2436   -0.2258
   -0.3313   -0.7380    0.5879
...    25 A-T ...
  -36.9015  -41.5798   50.5680
   -0.5944    0.6553    0.4662
   -0.7385   -0.2153   -0.6390
   -0.3183   -0.7241    0.6119
...    26 A-T ...
  -37.8533  -43.8401   52.7813
   -0.9299    0.3672    0.0201
   -0.2379   -0.5588   -0.7944
   -0.2805   -0.7435    0.6070
...    27 A-T ...
  -38.6256  -46.1035   55.0294
   -0.8990   -0.0858   -0.4294
    0.3813   -0.6355   -0.6714
   -0.2152   -0.7673    0.6041
...    28 G-C ...
  -39.6424  -48.4567   57.2574
   -0.5250   -0.3980   -0.7523
    0.8188   -0.4775   -0.3188
   -0.2324   -0.7833    0.5766
...    29 G-C ...
  -40.6358  -51.0856   59.2797
    0.0753   -0.5404   -0.8380
    0.9744   -0.1386    0.1770
   -0.2118   -0.8299    0.5162
...    30 C-G ...
  -41.6758  -53.7869   60.8473
    0.6249   -0.4646   -0.6275
    0.7626    0.1910    0.6180
   -0.1672   -0.8647    0.4736
...    31 C-G ...
  -42.3660  -56.7041   62.3037
    0.9567   -0.1922   -0.2187
    0.2798    0.4000    0.8727
   -0.0803   -0.8961    0.4365
...    32 G-C ...
  -42.2708  -59.3759   63.9387
    0.9628    0.1625    0.2161
   -0.2640    0.3931    0.8808
    0.0582   -0.9050    0.4213
...    33 G-C ...
  -41.4980  -62.3354   65.3537
    0.6441    0.4169    0.6413
   -0.7511    0.1856    0.6336
    0.1451   -0.8898    0.4327
...    34 C-G ...
  -40.5067  -65.1245   66.8251
    0.0967    0.4828    0.8704
   -0.9768   -0.1220    0.1762
    0.1912   -0.8672    0.4597
...    35 C-G ...
  -39.5961  -67.7968   68.7929
   -0.4910    0.3401    0.8020
   -0.8424   -0.4201   -0.3376
    0.2221   -0.8414    0.4927
...    36 C-G ...
  -38.7491  -70.4592   70.7624
   -0.8964    0.0526    0.4402
   -0.3868   -0.5779   -0.7186
    0.2166   -0.8144    0.5383
...    37 G-C ...
  -37.9399  -73.8223   71.5736
   -0.9605   -0.2614   -0.0952
    0.2151   -0.4812   -0.8498
    0.1763   -0.8368    0.5184
...    38 A-T ...
  -37.2324  -76.4050   73.2905
   -0.6428   -0.4938   -0.5856
    0.7407   -0.2057   -0.6396
    0.1953   -0.8449    0.4979
...    39 C-G ...
  -37.0878  -79.1397   74.9809
   -0.1595   -0.4864   -0.8590
    0.9697    0.0861   -0.2288
    0.1852   -0.8695    0.4579
...    40 A-T ...
  -36.4272  -82.1235   76.4166
    0.4310   -0.2602   -0.8640
    0.8757    0.3518    0.3309
    0.2179   -0.8992    0.3794
...    41 C-G ...
  -35.8943  -85.2873   77.1613
    0.8118    0.0233   -0.5834
    0.5212    0.4214    0.7421
    0.2632   -0.9066    0.3299
...    42 G-C ...
  -34.6945  -88.0743   78.6184
    0.9369    0.3465   -0.0467
   -0.0544    0.2763    0.9595
    0.3454   -0.8964    0.2777
...    43 A-T ...
  -33.5650  -90.9494   79.4491
    0.7170    0.4442    0.5371
   -0.6035    0.0101    0.7973
    0.3488   -0.8959    0.2753
...    44 C-G ...
  -31.9108  -93.7832   79.9407
    0.2597    0.4135    0.8727
   -0.8857   -0.2580    0.3858
    0.3847   -0.8732    0.2992
...    45 T-A ...
  -29.8665  -96.5922   81.0122
   -0.3144    0.2005    0.9279
   -0.8651   -0.4630   -0.1930
    0.3909   -0.8634    0.3190
...    46 T-A ...
  -28.3149  -99.2379   82.0806
   -0.7261   -0.1151    0.6779
   -0.5590   -0.4752   -0.6795
    0.4003   -0.8723    0.2807
...    47 A-T ...
  -27.0030 -102.3535   82.6036
   -0.9005   -0.4313    0.0556
    0.0649   -0.2598   -0.9635
    0.4300   -0.8640    0.2619
...    48 C-G ...
  -25.7553 -105.0697   84.1099
   -0.7301   -0.4834   -0.4830
    0.5433    0.0182   -0.8394
    0.4146   -0.8752    0.2493
...    49 T-A ...
  -24.7043 -108.1379   85.1149
   -0.3436   -0.3191   -0.8832
    0.8606    0.2695   -0.4322
    0.3759   -0.9086    0.1820
...    50 G-C ...
  -23.3827 -111.2490   85.4574
    0.1613    0.0257   -0.9866
    0.9099    0.3831    0.1588
    0.3821   -0.9233    0.0385
...    51 T-A ...
  -22.5784 -114.3534   85.2709
    0.5849    0.2727   -0.7639
    0.7029    0.2996    0.6451
    0.4048   -0.9143   -0.0165
...    52 A-T ...
  -20.9321 -117.2892   85.1943
    0.8507    0.4804   -0.2134
    0.2284    0.0280    0.9732
    0.4735   -0.8766   -0.0859
...    53 G-C ...
  -19.3801 -120.1064   84.6926
    0.7987    0.4953    0.3417
   -0.2353   -0.2656    0.9349
    0.5538   -0.8271   -0.0956
...    54 G-C ...
  -16.9042 -122.6186   83.8689
    0.4802    0.3042    0.8227
   -0.6266   -0.5374    0.5644
    0.6139   -0.7865   -0.0675
...    55 T-A ...
  -14.4750 -124.8478   83.6102
    0.0766   -0.0388    0.9963
   -0.7782   -0.6270    0.0354
    0.6233   -0.7780   -0.0782
...    56 A-T ...
  -12.0935 -127.2780   83.4751
   -0.4245   -0.4079    0.8083
   -0.6554   -0.4775   -0.5852
    0.6247   -0.7782   -0.0647
...    57 T-A ...
   -9.6466 -129.4822   83.7772
   -0.6909   -0.6240    0.3651
   -0.3350   -0.1712   -0.9265
    0.6407   -0.7624   -0.0907
...    58 C-G ...
   -7.5107 -132.1337   83.7307
   -0.7516   -0.5832   -0.3082
    0.1718    0.2781   -0.9451
    0.6368   -0.7633   -0.1089
...    59 T-A ...
   -5.6118 -134.8952   83.4960
   -0.5778   -0.2844   -0.7650
    0.5584    0.5459   -0.6247
    0.5953   -0.7881   -0.1567
...    60 C-G ...
   -3.5934 -137.5290   82.9342
   -0.1590    0.1346   -0.9781
    0.8009    0.5969   -0.0480
    0.5773   -0.7910   -0.2027
...    61 G-C ...
   -1.1875 -139.7521   82.0720
    0.1671    0.5916   -0.7887
    0.7957    0.3914    0.4622
    0.5821   -0.7049   -0.4053
...    62 A-T ...
    0.8624 -142.0352   80.7411
    0.5742    0.7459   -0.3376
    0.5465   -0.0421    0.8364
    0.6096   -0.6647   -0.4318
...    63 G-C ...
    2.9376 -144.0478   79.0707
    0.7427    0.6412    0.1932
    0.1712   -0.4607    0.8709
    0.6474   -0.6137   -0.4519
...    64 C-G ...
    5.2930 -145.7512   77.2173
    0.6863    0.2510    0.6827
   -0.2853   -0.7705    0.5700
    0.6691   -0.5860   -0.4572
...    65 T-A ...
    7.6248 -147.5825   75.7244
    0.4158   -0.2258    0.8810
   -0.5956   -0.7997    0.0761
    0.6873   -0.5563   -0.4670
...    66 C-G ...
    9.8166 -149.5991   74.2143
   -0.0364   -0.6849    0.7277
   -0.7144   -0.4914   -0.4982
    0.6988   -0.5380   -0.4714
...    67 G-C ...
   11.3732 -151.8045   71.9042
   -0.4708   -0.8297    0.2998
   -0.5481    0.0089   -0.8363
    0.6913   -0.5581   -0.4590
...    68 G-C ...
   13.8613 -153.5669   70.3941
   -0.7469   -0.6295   -0.2142
   -0.2072    0.5264   -0.8246
    0.6318   -0.5716   -0.5236
...    69 G-C ...
   16.0266 -155.5955   68.8053
   -0.8041   -0.1666   -0.5707
    0.2420    0.7851   -0.5701
    0.5430   -0.5965   -0.5910
...    70 A-T ...
   17.7454 -157.7554   66.9316
   -0.5270    0.3688   -0.7657
    0.6742    0.7300   -0.1123
    0.5175   -0.5754   -0.6333
...    71 T-A ...
   18.8960 -159.9587   64.7765
   -0.1198    0.7246   -0.6787
    0.8565    0.4211    0.2984
    0.5020   -0.5455   -0.6711
...    72 C-G ...
   20.3637 -161.6757   62.3355
    0.3899    0.8592   -0.3314
    0.7754   -0.1122    0.6215
    0.4968   -0.4992   -0.7099
...    73 C-G ...
   22.0212 -163.0421   59.8331
    0.6935    0.7086    0.1303
    0.4681   -0.5807    0.6661
    0.5476   -0.4010   -0.7344
...    74 G-C ...
   24.1433 -164.5406   57.7112
    0.7871    0.2636    0.5577
    0.0111   -0.9100    0.4145
    0.6167   -0.3201   -0.7192
...    75 C-G ...
   26.5728 -165.1343   55.2767
    0.6454   -0.3256    0.6910
   -0.4368   -0.8994   -0.0159
    0.6267   -0.2915   -0.7227
...    76 T-A ...
   29.2150 -165.9457   53.1078
    0.2764   -0.8032    0.5276
   -0.7020   -0.5437   -0.4600
    0.6563   -0.2432   -0.7142
...    77 T-A ...
   31.6211 -166.5670   50.9582
   -0.1566   -0.9842    0.0827
   -0.7385    0.0611   -0.6714
    0.6558   -0.1663   -0.7364
...    78 T-A ...
   34.0175 -167.0798   48.7384
   -0.5403   -0.7577   -0.3660
   -0.5193    0.6425   -0.5635
    0.6621   -0.1144   -0.7407
...    79 A-T ...
   36.1443 -166.8832   46.0896
   -0.7792   -0.1822   -0.5996
   -0.0779    0.9775   -0.1958
    0.6219   -0.1058   -0.7759
...    80 A-T ...
   38.0720 -167.3769   43.6035
   -0.7167    0.4142   -0.5610
    0.3785    0.9067    0.1860
    0.5857   -0.0791   -0.8066
...    81 C-G ...
   39.6685 -168.1052   40.7311
   -0.4175    0.8450   -0.3341
    0.7078    0.5330    0.4636
    0.5698   -0.0429   -0.8206
...    82 A-T ...
   41.5319 -167.9709   37.8781
    0.0187    0.9944    0.1037
    0.8471   -0.0709    0.5267
    0.5311    0.0779   -0.8437
...    83 C-G ...
   42.8371 -167.1795   34.8817
    0.4619    0.7902    0.4028
    0.7230   -0.5985    0.3451
    0.5138    0.1319   -0.8477
...    84 T-A ...
   44.3416 -166.0719   31.7813
    0.7896    0.2659    0.5530
    0.3249   -0.9457   -0.0091
    0.5206    0.1868   -0.8331
...    85 T-A ...
   45.9777 -165.1082   29.0876
    0.8668   -0.3561    0.3492
   -0.2276   -0.9054   -0.3584
    0.4438    0.2312   -0.8658
...    86 T-A ...
   47.5105 -163.9290   26.3790
    0.5923   -0.8049   -0.0375
   -0.7216   -0.5091   -0.4692
    0.3586    0.3050   -0.8823
...    87 A-T ...
   48.2718 -162.6311   23.1331
   -0.0981   -0.8585   -0.5033
   -0.9514    0.2293   -0.2056
    0.2919    0.4587   -0.8393
...    88 T-A ...
   49.7745 -161.5160   20.4388
   -0.5654   -0.6373   -0.5237
   -0.7833    0.6137    0.0989
    0.2584    0.4661   -0.8462
...    89 G-C ...
   50.6375 -160.1920   17.5087
   -0.9489   -0.1712   -0.2653
   -0.2659    0.8863    0.3792
    0.1702    0.4303   -0.8865
...    90 C-G ...
   50.8772 -159.1202   14.4627
   -0.9520    0.2987    0.0675
    0.2926    0.8220    0.4886
    0.0904    0.4849   -0.8699
...    91 T-A ...
   50.9175 -157.7209   11.2920
   -0.6116    0.6779    0.4079
    0.7908    0.5076    0.3421
    0.0249    0.5318   -0.8465
...    92 T-A ...
   50.7146 -155.9594    8.6359
   -0.0630    0.7884    0.6119
    0.9971    0.0762    0.0045
   -0.0431    0.6104   -0.7909
...    93 C-G ...
   50.9676 -153.6008    6.4136
    0.5447    0.6374    0.5449
    0.8347   -0.3492   -0.4258
   -0.0812    0.6868   -0.7223
...    94 A-T ...
   50.4634 -151.0248    4.2394
    0.9199    0.2689    0.2854
    0.3896   -0.5445   -0.7428
   -0.0444    0.7945   -0.6057
...    95 T-A ...
   50.3272 -148.1025    2.6993
    0.9859   -0.0662   -0.1534
   -0.1627   -0.5885   -0.7919
   -0.0379    0.8058   -0.5910
...    96 G-C ...
   50.1568 -145.2862    0.8437
    0.6369   -0.4055   -0.6557
   -0.7683   -0.4049   -0.4958
   -0.0645    0.8196   -0.5694
...    97 T-A ...
   50.3554 -142.2543   -0.8115
    0.0473   -0.5164   -0.8551
   -0.9932   -0.1157    0.0150
   -0.1067    0.8485   -0.5183
...    98 T-A ...
   50.2397 -139.3884   -2.3663
   -0.5908   -0.4268   -0.6847
   -0.7990    0.1917    0.5699
   -0.1119    0.8838   -0.4543
...    99 A-T ...
   49.7245 -136.1191   -3.4590
   -0.9817   -0.1538   -0.1122
   -0.1634    0.3776    0.9114
   -0.0978    0.9131   -0.3958
...   100 T-A ...
   49.3351 -133.4516   -5.3388
   -0.9136    0.0499    0.4036
    0.3906    0.3836    0.8368
   -0.1131    0.9222   -0.3699
...   101 A-T ...
   49.1262 -130.2029   -6.2743
   -0.4550    0.1939    0.8691
    0.8735    0.2871    0.3932
   -0.1733    0.9380   -0.3001
...   102 A-T ...
   48.3208 -127.2410   -7.0662
    0.1456    0.2572    0.9553
    0.9672    0.1662   -0.1921
   -0.2082    0.9520   -0.2246
...   103 C-G ...
   47.0820 -124.0845   -7.3005
    0.6781    0.2799    0.6796
    0.7031    0.0222   -0.7107
   -0.2140    0.9598   -0.1818
...   104 G-C ...
   46.8054 -120.8312   -7.9145
    0.9711    0.2224    0.0870
    0.1022   -0.0579   -0.9931
   -0.2158    0.9732   -0.0790
...   105 G-C ...
   46.5965 -117.5193   -8.1086
    0.8727    0.0827   -0.4812
   -0.4732   -0.0996   -0.8753
   -0.1203    0.9916   -0.0478
...   106 A-T ...
   46.3495 -114.0985   -7.9261
    0.3521    0.0559   -0.9343
   -0.9242   -0.1368   -0.3565
   -0.1477    0.9890    0.0035
...   107 T-A ...
   46.4484 -110.7761   -7.8267
   -0.2176   -0.0168   -0.9759
   -0.9638   -0.1540    0.2175
   -0.1540    0.9879    0.0173
...   108 C-G ...
   46.1754 -107.3744   -7.8543
   -0.7884   -0.0861   -0.6092
   -0.5952   -0.1440    0.7906
   -0.1558    0.9858    0.0623
...   109 C-G ...
   45.9545 -104.0773   -7.4386
   -0.9558   -0.2842   -0.0752
   -0.0477   -0.1023    0.9936
   -0.2901    0.9533    0.0842
...   110 G-C ...
   45.2547 -101.0455   -6.7223
   -0.7764   -0.4291    0.4616
    0.4876    0.0551    0.8713
   -0.3993    0.9016    0.1664
...   111 G-C ...
   43.7534  -98.1535   -6.0857
   -0.3053   -0.4237    0.8528
    0.8418    0.2985    0.4497
   -0.4451    0.8552    0.2656
...   112 C-G ...
   41.7584  -95.7012   -4.9775
    0.2670   -0.2286    0.9362
    0.8514    0.5110   -0.1180
   -0.4514    0.8286    0.3311
...   113 T-A ...
   40.1612  -93.0961   -3.6540
    0.7287    0.0345    0.6839
    0.5312    0.6019   -0.5963
   -0.4322    0.7978    0.4203
...   114 C-G ...
   39.2317  -90.2716   -2.2466
    0.9071    0.3866    0.1668
   -0.0752    0.5384   -0.8393
   -0.4143    0.7488    0.5174
...   115 G-C ...
   37.9002  -87.5071   -0.9184
    0.6676    0.6258   -0.4033
   -0.6538    0.2336   -0.7197
   -0.3562    0.7442    0.5651
...   116 T-A ...
   37.4790  -84.8557    1.2501
    0.1754    0.6399   -0.7481
   -0.9215   -0.1607   -0.3536
   -0.3465    0.7514    0.5615
...   117 A-T ...
   36.4963  -82.3073    3.2641
   -0.4740    0.4077   -0.7804
   -0.8111   -0.5470    0.2069
   -0.3426    0.7311    0.5900
...   118 T-A ...
   35.8851  -79.5240    4.9787
   -0.8502    0.0717   -0.5215
   -0.4155   -0.6996    0.5813
   -0.3232    0.7109    0.6246
...   119 A-T ...
   34.9768  -77.3626    7.6350
   -0.9056   -0.4109    0.1052
    0.3474   -0.5761    0.7398
   -0.2434    0.7065    0.6645
...   120 A-T ...
   34.0779  -74.9482    9.6428
   -0.5092   -0.7080    0.4893
    0.8192   -0.2244    0.5277
   -0.2638    0.6696    0.6943
...   121 T-A ...
   32.6879  -72.7806   11.7411
    0.0230   -0.7294    0.6837
    0.9643    0.1966    0.1772
   -0.2637    0.6553    0.7079
...   122 G-C ...
   31.8678  -70.5947   14.3764
    0.6576   -0.5117    0.5529
    0.7213    0.6395   -0.2661
   -0.2174    0.5738    0.7896
...   123 T-A ...
   31.0727  -69.1995   17.2606
    0.9482   -0.0948    0.3031
    0.2444    0.8271   -0.5062
   -0.2027    0.5541    0.8074
...   124 G-C ...
   30.5166  -67.3260   20.0593
    0.8986    0.4219   -0.1202
   -0.4158    0.7318   -0.5399
   -0.1399    0.5352    0.8331
...   125 T-A ...
   30.3924  -65.9254   22.9789
    0.5254    0.7401   -0.4199
   -0.8440    0.3907   -0.3675
   -0.1079    0.5474    0.8299
...   126 C-G ...
   30.1479  -64.1072   25.6118
   -0.1046    0.8350   -0.5402
   -0.9902   -0.1380   -0.0214
   -0.0924    0.5326    0.8413
...   127 G-C ...
   29.1280  -62.6066   28.5075
   -0.6826    0.5513   -0.4797
   -0.7217   -0.6117    0.3240
   -0.1149    0.5674    0.8154
...   128 A-T ...
   28.9084  -60.8341   31.1696
   -0.9823    0.0639   -0.1763
   -0.1494   -0.8349    0.5298
   -0.1133    0.5467    0.8296
...   129 C-G ...
   28.5256  -58.4466   33.4441
   -0.8953   -0.4300    0.1161
    0.4213   -0.7329    0.5342
   -0.1447    0.5272    0.8373
...   130 C-G ...
   27.6559  -56.5804   36.1647
   -0.4843   -0.8175    0.3117
    0.8481   -0.3512    0.3967
   -0.2149    0.4565    0.8634
...   131 A-T ...
   27.8493  -55.1718   39.3425
    0.1700   -0.8913    0.4204
    0.9625    0.2417    0.1233
   -0.2115    0.3836    0.8989
...   132 A-T ...
   27.1229  -54.0508   42.3465
    0.7179   -0.5755    0.3918
    0.6647    0.7339   -0.1400
   -0.2070    0.3609    0.9093
...   133 A-T ...
   26.2598  -53.1848   45.4033
    0.9657   -0.0025    0.2596
    0.0967    0.9315   -0.3506
   -0.2409    0.3636    0.8998
...   134 T-A ...
   25.6308  -52.5797   48.6349
    0.8597    0.5096    0.0340
   -0.4497    0.7867   -0.4230
   -0.2423    0.3484    0.9055
...   135 G-C ...
   25.2859  -52.4981   52.0750
    0.3205    0.9427   -0.0927
   -0.8825    0.2616   -0.3908
   -0.3442    0.2071    0.9158
...   136 T-A ...
   25.5356  -52.9668   55.8002
   -0.2443    0.9563   -0.1608
   -0.8908   -0.2868   -0.3525
   -0.3832    0.0571    0.9219
...   137 G-C ...
   24.9037  -52.7260   58.9821
   -0.7529    0.5562   -0.3519
   -0.5214   -0.8303   -0.1968
   -0.4017    0.0354    0.9151
...   138 A-T ...
   24.0249  -51.6261   61.9210
   -0.9563    0.0400   -0.2896
   -0.0523   -0.9980    0.0347
   -0.2877    0.0483    0.9565
...   139 G-C ...
   22.3574  -51.2300   64.4909
   -0.8529   -0.5117   -0.1032
    0.4973   -0.8566    0.1372
   -0.1586    0.0657    0.9852
...   140 C-G ...
   22.1609  -50.1386   67.4618
   -0.4681   -0.8749    0.1247
    0.8495   -0.4066    0.3363
   -0.2435    0.2633    0.9335
...   141 G-C ...
   21.4366  -51.8164   72.7856
    0.1304   -0.7141   -0.6877
    0.8897   -0.2218    0.3990
   -0.4375   -0.6639    0.6065
...   142 C-G ...
   20.4355  -54.2995   74.5395
    0.5847   -0.7390   -0.3347
    0.7593    0.3532    0.5466
   -0.2857   -0.5737    0.7676
...   143 T-A ...
   18.4378  -55.5190   76.5273
    0.8548   -0.5006    0.1370
    0.3188    0.7147    0.6225
   -0.4096   -0.4884    0.7705
...   144 C-G ...
   16.8485  -57.7127   78.2648
    0.8529   -0.0846    0.5152
   -0.1509    0.9047    0.3983
   -0.4998   -0.4175    0.7589
...   145 A-T ...
   15.7933  -59.5518   80.7963
    0.5515    0.4995    0.6681
   -0.6739    0.7388    0.0040
   -0.4915   -0.4525    0.7441
...   146 C-G ...
   15.7411  -61.4839   83.9296
    0.0342    0.7400    0.6718
   -0.8637    0.3601   -0.3527
   -0.5029   -0.5681    0.6514
...   147 A-T ...
   14.7481  -63.4171   86.8165
   -0.5923    0.6746    0.4405
   -0.6886   -0.1400   -0.7115
   -0.4183   -0.7247    0.5475
