  147 base-pairs
...     1 T-A ...
    0.0000    0.0000    0.0000
    1.0000    0.0000    0.0000
    0.0000    1.0000    0.0000
    0.0000    0.0000    1.0000
...     2 G-C ...
   -0.5555   -1.1003    3.3981
    0.7749    0.6051    0.1828
   -0.5991    0.7953   -0.0929
   -0.2016   -0.0375    0.9787
...     3 T-A ...
   -0.6619   -3.0237    6.5348
    0.3046    0.9250    0.2271
   -0.8994    0.3578   -0.2510
   -0.3134   -0.1278    0.9410
...     4 G-C ...
   -1.1607   -3.8418    9.6940
   -0.3351    0.9421    0.0133
   -0.8752   -0.3061   -0.3746
   -0.3489   -0.1372    0.9271
...     5 A-T ...
   -1.3881   -3.6770   12.8999
   -0.7835    0.6162   -0.0801
   -0.5677   -0.7622   -0.3109
   -0.2527   -0.1981    0.9470
...     6 G-C ...
   -2.6236   -3.5448   15.7072
   -0.9923    0.0611   -0.1075
   -0.0294   -0.9610   -0.2748
   -0.1201   -0.2695    0.9555
...     7 C-G ...
   -2.3138   -3.7570   18.8866
   -0.8620   -0.4995   -0.0864
    0.5008   -0.8655    0.0073
   -0.0785   -0.0370    0.9962
...     8 G-C ...
   -3.9561   -6.8109   23.3205
   -0.2581   -0.3560   -0.8981
    0.6294   -0.7673    0.1233
   -0.7330   -0.5335    0.4221
...     9 C-G ...
   -6.1177   -8.9414   24.2385
    0.1143   -0.7320   -0.6716
    0.8123   -0.3203    0.4874
   -0.5720   -0.6013    0.5580
...    10 T-A ...
   -8.5041   -9.6771   26.0540
    0.4660   -0.8587   -0.2131
    0.6274    0.1508    0.7640
   -0.6239   -0.4897    0.6090
...    11 C-G ...
  -11.0625  -11.3174   27.2336
    0.6660   -0.6911    0.2808
    0.3382    0.6152    0.7121
   -0.6649   -0.3794    0.6435
...    12 A-T ...
  -13.0013  -13.1789   29.0658
    0.7188   -0.1490    0.6790
   -0.1787    0.9043    0.3876
   -0.6718   -0.4000    0.6235
...    13 C-G ...
  -14.1788  -15.9359   31.3399
    0.4052    0.2865    0.8682
   -0.5270    0.8492   -0.0343
   -0.7470   -0.4437    0.4951
...    14 A-T ...
  -15.9532  -18.1566   33.3080
   -0.1503    0.6873    0.7107
   -0.6106    0.5008   -0.6135
   -0.7776   -0.5261    0.3444
...    15 A-T ...
  -18.3105  -19.9852   34.6426
   -0.5156    0.8285    0.2187
   -0.3910   -0.0004   -0.9204
   -0.7624   -0.5601    0.3241
...    16 T-A ...
  -20.5945  -21.6902   36.3473
   -0.6584    0.6941   -0.2911
   -0.0542   -0.4295   -0.9014
   -0.7507   -0.5777    0.3204
...    17 T-A ...
  -23.0134  -23.4632   37.6279
   -0.5754    0.2951   -0.7628
    0.3596   -0.7463   -0.5600
   -0.7346   -0.5966    0.3233
...    18 T-A ...
  -25.4845  -25.2296   38.7931
   -0.2518   -0.1980   -0.9473
    0.6384   -0.7696   -0.0088
   -0.7273   -0.6070    0.3202
...    19 A-T ...
  -27.7373  -27.4806   39.9105
    0.2453   -0.5960   -0.7646
    0.6489   -0.4850    0.5863
   -0.7202   -0.6400    0.2678
...    20 T-A ...
  -30.4156  -29.3550   40.2452
    0.5573   -0.7497   -0.3570
    0.4256   -0.1112    0.8980
   -0.7129   -0.6524    0.2571
...    21 T-A ...
  -32.7566  -31.5198   40.8572
    0.7095   -0.6656    0.2316
    0.0118    0.3399    0.9404
   -0.7047   -0.6644    0.2490
...    22 C-G ...
  -34.9331  -33.8586   41.6711
    0.5888   -0.3077    0.7475
   -0.4399    0.6538    0.6156
   -0.6781   -0.6913    0.2496
...    23 G-C ...
  -37.3022  -35.9538   42.9114
    0.2678    0.1859    0.9454
   -0.7378    0.6706    0.0771
   -0.6197   -0.7181    0.3167
...    24 C-G ...
  -39.0188  -38.5658   44.1481
   -0.1866    0.5498    0.8142
   -0.7684    0.4348   -0.4697
   -0.6122   -0.7133    0.3413
...    25 A-T ...
  -41.2761  -40.8570   45.0977
   -0.5771    0.7409    0.3435
   -0.5060    0.0058   -0.8625
   -0.6410   -0.6716    0.3715
...    26 A-T ...
  -43.2445  -43.0254   46.5394
   -0.7799    0.5827   -0.2283
   -0.0507   -0.4225   -0.9049
   -0.6238   -0.6942    0.3591
...    27 A-T ...
  -45.2873  -45.1640   47.9036
   -0.6618    0.2176   -0.7174
    0.4292   -0.6746   -0.6006
   -0.6147   -0.7054    0.3530
...    28 G-C ...
  -47.5184  -47.3144   49.1368
   -0.2682   -0.1334   -0.9541
    0.7225   -0.6830   -0.1076
   -0.6373   -0.7181    0.2796
...    29 G-C ...
  -49.8756  -49.6053   49.9337
    0.2472   -0.4180   -0.8742
    0.7352   -0.5067    0.4502
   -0.6311   -0.7540    0.1821
...    30 C-G ...
  -52.1952  -51.9841   50.1255
    0.6509   -0.5866   -0.4819
    0.4567   -0.2045    0.8658
   -0.6065   -0.7836    0.1348
...    31 C-G ...
  -54.0842  -54.7883   50.2349
    0.8428   -0.5322    0.0806
   -0.0185    0.1211    0.9925
   -0.5380   -0.8379    0.0922
...    32 G-C ...
  -55.7149  -57.6760   51.0107
    0.7147   -0.2866    0.6381
   -0.5413    0.3512    0.7640
   -0.4430   -0.8914    0.0958
...    33 G-C ...
  -56.8581  -60.8608   51.3724
    0.2992    0.0155    0.9541
   -0.8693    0.4167    0.2658
   -0.3934   -0.9089    0.1381
...    34 C-G ...
  -57.7758  -64.0512   51.9412
   -0.2468    0.2673    0.9315
   -0.8890    0.3200   -0.3274
   -0.3856   -0.9089    0.1586
...    35 C-G ...
  -58.9115  -67.1726   52.7137
   -0.6925    0.4494    0.5643
   -0.5894    0.0986   -0.8018
   -0.4160   -0.8879    0.1967
...    36 C-G ...
  -60.2187  -70.1849   53.6385
   -0.8748    0.4844   -0.0080
   -0.0871   -0.1735   -0.9810
   -0.4766   -0.8575    0.1940
...    37 G-C ...
  -61.7183  -73.2286   53.8936
   -0.7024    0.3891   -0.5960
    0.4445   -0.4143   -0.7943
   -0.5559   -0.8228    0.1180
...    38 A-T ...
  -63.5553  -75.9205   54.3495
   -0.2634    0.1057   -0.9589
    0.7805   -0.5609   -0.2762
   -0.5670   -0.8211    0.0652
...    39 C-G ...
  -65.9114  -78.2262   54.5392
    0.2266   -0.1680   -0.9594
    0.7924   -0.5409    0.2819
   -0.5663   -0.8241    0.0105
...    40 A-T ...
  -67.6148  -81.1344   54.5244
    0.7117   -0.3465   -0.6111
    0.4866   -0.3842    0.7846
   -0.5066   -0.8558   -0.1048
...    41 C-G ...
  -69.3625  -83.7724   53.5369
    0.8801   -0.4667   -0.0866
    0.0100   -0.1642    0.9864
   -0.4746   -0.8690   -0.1399
...    42 G-C ...
  -70.7007  -86.9071   53.4861
    0.7549   -0.4007    0.5192
   -0.5412    0.0665    0.8383
   -0.3705   -0.9138   -0.1667
...    43 A-T ...
  -71.7625  -90.0106   52.9441
    0.2567   -0.2772    0.9259
   -0.9016    0.2764    0.3327
   -0.3482   -0.9202   -0.1790
...    44 C-G ...
  -72.2920  -93.2976   52.3591
   -0.2889   -0.0865    0.9534
   -0.8960    0.3752   -0.2374
   -0.3372   -0.9229   -0.1859
...    45 T-A ...
  -73.2170  -96.5095   51.9621
   -0.7392    0.1548    0.6554
   -0.5772    0.3558   -0.7350
   -0.3470   -0.9216   -0.1736
...    46 T-A ...
  -74.1581  -99.6198   51.5834
   -0.9506    0.3017    0.0725
   -0.0050    0.2189   -0.9757
   -0.3102   -0.9279   -0.2066
...    47 A-T ...
  -74.9517 -102.7489   50.4866
   -0.7184    0.3808   -0.5822
    0.6283   -0.0040   -0.7779
   -0.2985   -0.9247   -0.2364
...    48 C-G ...
  -76.4006 -105.7070   50.0941
   -0.2474    0.3619   -0.8988
    0.9188   -0.2068   -0.3362
   -0.3076   -0.9090   -0.2814
...    49 T-A ...
  -77.6962 -108.5934   49.0625
    0.3254    0.2765   -0.9042
    0.8977   -0.3908    0.2035
   -0.2971   -0.8780   -0.3754
...    50 G-C ...
  -78.3853 -111.5768   47.6393
    0.8222    0.1145   -0.5576
    0.5273   -0.5222    0.6703
   -0.2144   -0.8451   -0.4898
...    51 T-A ...
  -79.1148 -113.9732   45.4909
    0.9857   -0.1467   -0.0828
   -0.0068   -0.5259    0.8505
   -0.1683   -0.8378   -0.5194
...    52 A-T ...
  -79.6806 -117.0335   44.0999
    0.7449   -0.4500    0.4925
   -0.6525   -0.3379    0.6782
   -0.1387   -0.8266   -0.5454
...    53 G-C ...
  -79.7997 -119.7812   42.1753
    0.2500   -0.5447    0.8005
   -0.9634   -0.0573    0.2619
   -0.0968   -0.8367   -0.5391
...    54 G-C ...
  -79.8527 -122.7552   40.5025
   -0.3558   -0.4550    0.8163
   -0.9313    0.2451   -0.2693
   -0.0776   -0.8561   -0.5110
...    55 T-A ...
  -79.5972 -125.8398   39.1048
   -0.8172   -0.2533    0.5176
   -0.5718    0.4683   -0.6736
   -0.0717   -0.8465   -0.5275
...    56 A-T ...
  -79.7645 -128.2553   36.5967
   -0.9855    0.0744   -0.1527
    0.1677    0.5672   -0.8063
    0.0267   -0.8202   -0.5714
...    57 T-A ...
  -79.9128 -131.2755   35.2371
   -0.7463    0.3598   -0.5599
    0.6641    0.4593   -0.5900
    0.0449   -0.8122   -0.5817
...    58 C-G ...
  -79.7369 -134.0184   33.3867
   -0.1859    0.6120   -0.7687
    0.9811    0.1578   -0.1116
    0.0530   -0.7749   -0.6298
...    59 T-A ...
  -79.8224 -136.5043   31.1727
    0.3794    0.6746   -0.6333
    0.9221   -0.2192    0.3189
    0.0763   -0.7049   -0.7052
...    60 C-G ...
  -79.5221 -138.7139   28.7654
    0.8505    0.4576   -0.2594
    0.5109   -0.6010    0.6147
    0.1254   -0.6553   -0.7449
...    61 G-C ...
  -78.5797 -141.0002   26.4061
    0.9635    0.1073    0.2451
   -0.0568   -0.8131    0.5793
    0.2615   -0.5721   -0.7774
...    62 A-T ...
  -77.4388 -142.8261   23.8790
    0.7168   -0.4062    0.5668
   -0.6247   -0.7351    0.2632
    0.3098   -0.5428   -0.7807
...    63 G-C ...
  -76.0638 -144.5077   21.3102
    0.2260   -0.7431    0.6299
   -0.9073   -0.3959   -0.1416
    0.3546   -0.5395   -0.7636
...    64 C-G ...
  -74.4857 -146.3813   18.9627
   -0.3454   -0.8385    0.4215
   -0.8588    0.1014   -0.5021
    0.3783   -0.5354   -0.7551
...    65 T-A ...
  -73.0165 -148.3292   16.6208
   -0.7770   -0.6277    0.0478
   -0.4992    0.5682   -0.6542
    0.3835   -0.5321   -0.7549
...    66 C-G ...
  -71.5879 -150.0966   14.1626
   -0.9130   -0.1314   -0.3862
    0.0922    0.8557   -0.5092
    0.3973   -0.5005   -0.7692
...    67 G-C ...
  -69.8438 -151.3427   11.4847
   -0.7145    0.4542   -0.5322
    0.6010    0.7879   -0.1343
    0.3583   -0.4157   -0.8359
...    68 G-C ...
  -68.6573 -152.9692    8.7417
   -0.2854    0.8631   -0.4166
    0.8905    0.3995    0.2176
    0.3543   -0.3089   -0.8827
...    69 G-C ...
  -67.6635 -154.0347    5.6932
    0.2110    0.9722   -0.1019
    0.8983   -0.1518    0.4124
    0.3855   -0.1785   -0.9053
...    70 A-T ...
  -66.3744 -154.4729    2.7196
    0.6682    0.7029    0.2438
    0.6077   -0.7047    0.3661
    0.4292   -0.0965   -0.8980
...    71 T-A ...
  -65.2030 -154.1557   -0.3108
    0.8677    0.2445    0.4327
    0.1898   -0.9677    0.1661
    0.4594   -0.0620   -0.8861
...    72 C-G ...
  -63.4022 -154.2451   -3.0642
    0.7896   -0.3898    0.4740
   -0.3440   -0.9207   -0.1843
    0.5082   -0.0175   -0.8610
...    73 C-G ...
  -61.1838 -154.3827   -5.6580
    0.4248   -0.8510    0.3088
   -0.6922   -0.5251   -0.4950
    0.5834   -0.0035   -0.8122
...    74 G-C ...
  -59.4874 -154.7962   -8.6010
   -0.0923   -0.9943   -0.0531
   -0.7679    0.1050   -0.6319
    0.6339   -0.0175   -0.7732
...    75 C-G ...
  -57.0840 -155.0076  -10.9958
   -0.5182   -0.7422   -0.4249
   -0.5671    0.6701   -0.4790
    0.6402   -0.0073   -0.7681
...    76 T-A ...
  -54.8123 -155.2556  -13.4857
   -0.7531   -0.2191   -0.6204
   -0.1785    0.9756   -0.1278
    0.6332    0.0145   -0.7738
...    77 T-A ...
  -52.6377 -155.4302  -15.9231
   -0.6848    0.4228   -0.5936
    0.2886    0.9053    0.3118
    0.6692    0.0422   -0.7419
...    78 T-A ...
  -50.4914 -155.4466  -18.3673
   -0.3887    0.8797   -0.2739
    0.6212    0.4697    0.6273
    0.6805    0.0737   -0.7290
...    79 A-T ...
  -48.0855 -155.0646  -20.7041
   -0.0127    0.9644    0.2642
    0.7375   -0.1694    0.6537
    0.6752    0.2031   -0.7091
...    80 A-T ...
  -45.9769 -154.2414  -23.0082
    0.3728    0.6691    0.6429
    0.6226   -0.6941    0.3613
    0.6880    0.2656   -0.6754
...    81 C-G ...
  -44.0171 -152.7517  -25.1981
    0.6091    0.1670    0.7754
    0.3495   -0.9340   -0.0734
    0.7120    0.3157   -0.6272
...    82 A-T ...
  -41.3664 -151.8754  -27.1111
    0.6264   -0.4561    0.6321
   -0.0227   -0.8212   -0.5702
    0.7792    0.3428   -0.5248
...    83 C-G ...
  -38.5867 -150.3560  -28.2646
    0.5050   -0.8383    0.2056
   -0.3374   -0.4110   -0.8469
    0.7944    0.3584   -0.4904
...    84 T-A ...
  -35.6996 -149.2130  -29.5900
    0.2180   -0.9200   -0.3256
   -0.5332    0.1672   -0.8293
    0.8174    0.3544   -0.4541
...    85 T-A ...
  -32.8481 -148.0649  -30.7620
   -0.0861   -0.5763   -0.8127
   -0.5727    0.6962   -0.4329
    0.8153    0.4281   -0.3900
...    86 T-A ...
  -29.9878 -146.8343  -31.8158
   -0.3587    0.0203   -0.9332
   -0.4272    0.8854    0.1835
    0.8300    0.4644   -0.3089
...    87 A-T ...
  -27.2650 -144.6000  -32.0875
   -0.4870    0.6875   -0.5386
   -0.1043    0.5665    0.8174
    0.8671    0.4543   -0.2042
...    88 T-A ...
  -24.4533 -143.3804  -33.3283
   -0.4713    0.8818   -0.0156
    0.1566    0.1011    0.9825
    0.8679    0.4606   -0.1858
...    89 G-C ...
  -21.4789 -141.7653  -33.5961
   -0.3856    0.6993    0.6019
    0.4199   -0.4479    0.7893
    0.8216    0.5572   -0.1209
...    90 C-G ...
  -19.0291 -139.5752  -34.1821
   -0.1370    0.2763    0.9513
    0.5772   -0.7582    0.3033
    0.8050    0.5906   -0.0556
...    91 T-A ...
  -16.5341 -137.3554  -34.1380
    0.1410   -0.2540    0.9569
    0.5951   -0.7507   -0.2869
    0.7912    0.6099    0.0453
...    92 T-A ...
  -14.0541 -135.2792  -33.8025
    0.4627   -0.6608    0.5910
    0.4110   -0.4308   -0.8034
    0.7855    0.6146    0.0722
...    93 C-G ...
  -11.3536 -133.3892  -33.3632
    0.6158   -0.7867   -0.0432
    0.0629    0.1037   -0.9926
    0.7854    0.6085    0.1133
...    94 C-G ...
   -8.4667 -131.6279  -32.8105
    0.5113   -0.5858   -0.6288
   -0.2758    0.5812   -0.7656
    0.8140    0.5649    0.1356
...    95 G-C ...
   -5.8810 -129.3685  -32.6717
    0.2072   -0.1111   -0.9720
   -0.5182    0.8302   -0.2054
    0.8298    0.5462    0.1144
...    96 G-C ...
   -2.9672 -127.6450  -32.1614
   -0.1763    0.3853   -0.9058
   -0.5526    0.7228    0.4150
    0.8146    0.5737    0.0854
...    97 C-G ...
   -0.0098 -126.0037  -31.9959
   -0.4910    0.7180   -0.4933
   -0.3650    0.3446    0.8649
    0.7910    0.6047    0.0928
...    98 T-A ...
    2.6567 -123.9628  -31.9077
   -0.6623    0.7444    0.0847
   -0.0251   -0.1350    0.9905
    0.7488    0.6539    0.1081
...    99 C-G ...
    5.1459 -121.8065  -31.5565
   -0.5780    0.4621    0.6726
    0.3869   -0.5706    0.7244
    0.7185    0.6789    0.1510
...   100 G-C ...
    7.6947 -119.6973  -30.6482
   -0.3401   -0.0638    0.9382
    0.6802   -0.7056    0.1986
    0.6494    0.7057    0.2834
...   101 T-A ...
    9.3021 -117.0327  -29.5028
    0.0609   -0.4783    0.8761
    0.7688   -0.5373   -0.3468
    0.6366    0.6946    0.3350
...   102 A-T ...
   11.7814 -114.9061  -28.4778
    0.5413   -0.7285    0.4199
    0.5599   -0.0603   -0.8264
    0.6273    0.6824    0.3752
...   103 T-A ...
   13.5506 -112.8030  -26.6159
    0.7675   -0.6357   -0.0827
    0.1891    0.3478   -0.9183
    0.6126    0.6891    0.3872
...   104 A-T ...
   15.4609 -109.9539  -25.8746
    0.7338   -0.1225   -0.6682
   -0.4260    0.6833   -0.5930
    0.5292    0.7198    0.4492
...   105 T-A ...
   17.5740 -108.0923  -24.0718
    0.4075    0.2992   -0.8628
   -0.7611    0.6334   -0.1398
    0.5047    0.7136    0.4859
...   106 C-G ...
   19.3052 -105.7873  -22.3766
   -0.1620    0.6414   -0.7499
   -0.8567    0.2857    0.4295
    0.4897    0.7120    0.5032
...   107 A-T ...
   20.6066 -103.4493  -20.3094
   -0.6902    0.6357   -0.3457
   -0.5748   -0.1915    0.7956
    0.4396    0.7478    0.4975
...   108 T-A ...
   22.2904 -100.8118  -19.2432
   -0.8911    0.4351    0.1290
   -0.1267   -0.5114    0.8499
    0.4357    0.7411    0.5108
...   109 G-C ...
   23.6682  -98.4825  -17.2113
   -0.8324   -0.0455    0.5523
    0.4402   -0.6597    0.6091
    0.3367    0.7501    0.5692
...   110 T-A ...
   24.2691  -95.6933  -15.5291
   -0.4725   -0.4399    0.7637
    0.8266   -0.5217    0.2109
    0.3056    0.7309    0.6102
...   111 T-A ...
   25.0710  -93.3004  -13.4884
    0.1007   -0.6838    0.7226
    0.9505   -0.1485   -0.2730
    0.2940    0.7144    0.6350
...   112 A-T ...
   26.4062  -90.9689  -11.3919
    0.6864   -0.6361    0.3525
    0.6671    0.3577   -0.6535
    0.2896    0.6837    0.6698
...   113 T-A ...
   27.0364  -89.1256   -8.7084
    0.9398   -0.3393   -0.0405
    0.2025    0.6485   -0.7338
    0.2752    0.6814    0.6782
...   114 A-T ...
   27.7849  -86.3090   -6.8146
    0.8350    0.2645   -0.4825
   -0.5123    0.6936   -0.5064
    0.2007    0.6701    0.7147
...   115 A-T ...
   28.5988  -84.3298   -4.3317
    0.3574    0.6729   -0.6477
   -0.9196    0.3747   -0.1182
    0.1631    0.6378    0.7527
...   116 C-G ...
   29.7561  -82.3651   -1.8379
   -0.2184    0.7689   -0.6010
   -0.9631   -0.0704    0.2599
    0.1575    0.6355    0.7559
...   117 G-C ...
   29.8667  -80.4498    0.9965
   -0.7629    0.5188   -0.3858
   -0.6410   -0.5296    0.5555
    0.0838    0.6711    0.7366
...   118 G-C ...
   30.2907  -78.1056    3.4156
   -0.9963    0.0620   -0.0598
   -0.0861   -0.7404    0.6667
   -0.0029    0.6693    0.7430
...   119 A-T ...
   30.2917  -75.8815    5.8476
   -0.8414   -0.4356    0.3197
    0.5385   -0.6272    0.5627
   -0.0446    0.6456    0.7624
...   120 A-T ...
   29.9638  -73.7511    8.2715
   -0.3626   -0.7404    0.5660
    0.9298   -0.2464    0.2734
   -0.0630    0.6254    0.7778
...   121 T-A ...
   29.0888  -71.7611   10.7375
    0.1756   -0.7722    0.6107
    0.9820    0.1816   -0.0527
   -0.0702    0.6089    0.7901
...   122 G-C ...
   29.1886  -69.8695   13.5329
    0.7342   -0.5612    0.3822
    0.6777    0.6403   -0.3617
   -0.0418    0.5245    0.8504
...   123 T-A ...
   28.8578  -68.7044   16.6556
    0.9868   -0.1239    0.1043
    0.1596    0.8534   -0.4961
   -0.0275    0.5063    0.8619
...   124 G-C ...
   28.9227  -66.7369   19.3876
    0.8765    0.4013   -0.2660
   -0.4802    0.7688   -0.4223
    0.0350    0.4979    0.8666
...   125 T-A ...
   29.5013  -65.4910   22.4702
    0.4605    0.7602   -0.4584
   -0.8869    0.4153   -0.2024
    0.0365    0.4997    0.8654
...   126 C-G ...
   29.6950  -63.8717   25.3717
   -0.1935    0.8509   -0.4884
   -0.9807   -0.1537    0.1208
    0.0277    0.5024    0.8642
...   127 G-C ...
   29.3569  -62.3953   28.4354
   -0.7398    0.5445   -0.3953
   -0.6716   -0.6328    0.3854
   -0.0403    0.5506    0.8338
...   128 A-T ...
   29.2894  -60.5668   31.1896
   -0.9944    0.0223   -0.1032
   -0.0748   -0.8381    0.5403
   -0.0745    0.5450    0.8351
...   129 C-G ...
   28.8947  -58.2939   33.5822
   -0.8697   -0.4605    0.1775
    0.4810   -0.7104    0.5137
   -0.1104    0.5322    0.8394
...   130 C-G ...
   28.2128  -56.4771   36.3574
   -0.4287   -0.8296    0.3577
    0.8858   -0.3082    0.3469
   -0.1775    0.4656    0.8670
...   131 A-T ...
   27.8274  -55.0819   39.4061
    0.2040   -0.8912    0.4052
    0.9589    0.2653    0.1008
   -0.1973    0.3679    0.9087
...   132 A-T ...
   27.0069  -54.0515   42.3841
    0.7342   -0.5567    0.3888
    0.6469    0.7474   -0.1514
   -0.2063    0.3627    0.9088
...   133 A-T ...
   26.2502  -53.1117   45.4154
    0.9710    0.0093    0.2390
    0.0772    0.9337   -0.3497
   -0.2264    0.3580    0.9059
...   134 T-A ...
   25.6308  -52.5796   48.6349
    0.8597    0.5096    0.0340
   -0.4497    0.7867   -0.4230
   -0.2423    0.3484    0.9055
...   135 G-C ...
   25.2859  -52.4980   52.0751
    0.3205    0.9427   -0.0927
   -0.8825    0.2616   -0.3908
   -0.3442    0.2071    0.9158
...   136 T-A ...
   25.5356  -52.9668   55.8002
   -0.2443    0.9563   -0.1608
   -0.8908   -0.2868   -0.3525
   -0.3832    0.0571    0.9219
...   137 G-C ...
   24.9038  -52.7259   58.9821
   -0.7529    0.5562   -0.3519
   -0.5214   -0.8303   -0.1968
   -0.4017    0.0354    0.9151
...   138 A-T ...
   24.0250  -51.6261   61.9211
   -0.9563    0.0400   -0.2896
   -0.0523   -0.9980    0.0347
   -0.2877    0.0483    0.9565
...   139 G-C ...
   22.3574  -51.2300   64.4909
   -0.8529   -0.5117   -0.1032
    0.4973   -0.8566    0.1372
   -0.1586    0.0657    0.9852
...   140 C-G ...
   22.1609  -50.1386   67.4618
   -0.4681   -0.8749    0.1247
    0.8495   -0.4066    0.3363
   -0.2435    0.2633    0.9335
...   141 G-C ...
   21.4367  -51.8164   72.7856
    0.1304   -0.7141   -0.6877
    0.8897   -0.2218    0.3990
   -0.4375   -0.6639    0.6065
...   142 C-G ...
   20.4355  -54.2994   74.5395
    0.5847   -0.7390   -0.3347
    0.7593    0.3532    0.5466
   -0.2857   -0.5737    0.7676
...   143 T-A ...
   18.4378  -55.5190   76.5273
    0.8548   -0.5006    0.1370
    0.3188    0.7147    0.6225
   -0.4096   -0.4884    0.7705
...   144 C-G ...
   16.8485  -57.7126   78.2648
    0.8529   -0.0846    0.5152
   -0.1509    0.9047    0.3983
   -0.4998   -0.4175    0.7589
...   145 A-T ...
   15.7933  -59.5518   80.7963
    0.5515    0.4995    0.6681
   -0.6739    0.7388    0.0040
   -0.4915   -0.4525    0.7441
...   146 C-G ...
   15.7411  -61.4839   83.9296
    0.0342    0.7400    0.6718
   -0.8637    0.3601   -0.3527
   -0.5029   -0.5681    0.6514
...   147 A-T ...
   14.7482  -63.4171   86.8165
   -0.5923    0.6746    0.4405
   -0.6886   -0.1400   -0.7115
   -0.4183   -0.7247    0.5475
