  147 base-pairs
...     1 T-A ...
    0.0000    0.0000    0.0000
    1.0000    0.0000    0.0000
    0.0000    1.0000    0.0000
    0.0000    0.0000    1.0000
...     2 G-C ...
   -0.5555   -1.1003    3.3981
    0.7749    0.6051    0.1828
   -0.5991    0.7953   -0.0929
   -0.2016   -0.0375    0.9787
...     3 T-A ...
   -0.6619   -3.0237    6.5348
    0.3046    0.9250    0.2271
   -0.8994    0.3578   -0.2510
   -0.3134   -0.1278    0.9410
...     4 G-C ...
   -1.1607   -3.8418    9.6940
   -0.3351    0.9421    0.0133
   -0.8752   -0.3061   -0.3746
   -0.3489   -0.1372    0.9271
...     5 A-T ...
   -1.3881   -3.6770   12.8999
   -0.7835    0.6162   -0.0801
   -0.5677   -0.7622   -0.3109
   -0.2527   -0.1981    0.9470
...     6 G-C ...
   -2.6236   -3.5448   15.7072
   -0.9923    0.0611   -0.1075
   -0.0294   -0.9610   -0.2748
   -0.1201   -0.2695    0.9555
...     7 C-G ...
   -2.3138   -3.7570   18.8866
   -0.8620   -0.4995   -0.0864
    0.5008   -0.8655    0.0073
   -0.0785   -0.0370    0.9962
...     8 G-C ...
   -3.9561   -6.8109   23.3205
   -0.2581   -0.3560   -0.8981
    0.6294   -0.7673    0.1233
   -0.7330   -0.5335    0.4221
...     9 C-G ...
   -6.1177   -8.9414   24.2385
    0.1143   -0.7320   -0.6716
    0.8123   -0.3203    0.4874
   -0.5720   -0.6013    0.5580
...    10 T-A ...
   -8.5041   -9.6771   26.0540
    0.4660   -0.8587   -0.2131
    0.6274    0.1508    0.7640
   -0.6239   -0.4897    0.6090
...    11 C-G ...
  -11.0625  -11.3174   27.2336
    0.6660   -0.6911    0.2808
    0.3382    0.6152    0.7121
   -0.6649   -0.3794    0.6435
...    12 A-T ...
  -13.0013  -13.1789   29.0658
    0.7188   -0.1490    0.6790
   -0.1787    0.9043    0.3876
   -0.6718   -0.4000    0.6235
...    13 C-G ...
  -14.1788  -15.9359   31.3399
    0.4052    0.2865    0.8682
   -0.5270    0.8492   -0.0343
   -0.7470   -0.4437    0.4951
...    14 A-T ...
  -15.9532  -18.1566   33.3080
   -0.1503    0.6873    0.7107
   -0.6106    0.5008   -0.6135
   -0.7776   -0.5261    0.3444
...    15 A-T ...
  -18.2972  -20.0013   34.6529
   -0.5263    0.8213    0.2201
   -0.3898   -0.0030   -0.9209
   -0.7557   -0.5705    0.3217
...    16 T-A ...
  -20.5538  -21.7559   36.3583
   -0.6745    0.6792   -0.2893
   -0.0442   -0.4284   -0.9025
   -0.7369   -0.5960    0.3190
...    17 T-A ...
  -22.9141  -23.5996   37.6590
   -0.5900    0.2728   -0.7599
    0.3839   -0.7332   -0.5613
   -0.7103   -0.6229    0.3278
...    18 T-A ...
  -25.3018  -25.4590   38.8587
   -0.2518   -0.2133   -0.9440
    0.6721   -0.7404   -0.0120
   -0.6964   -0.6374    0.3298
...    19 A-T ...
  -27.4314  -27.8012   40.0236
    0.2667   -0.5830   -0.7674
    0.6810   -0.4494    0.5781
   -0.6820   -0.6768    0.2772
...    20 T-A ...
  -29.9908  -29.8198   40.3933
    0.5953   -0.7144   -0.3677
    0.4447   -0.0882    0.8913
   -0.6692   -0.6941    0.2652
...    21 T-A ...
  -32.1673  -32.1317   41.0445
    0.7606   -0.6142    0.2105
    0.0080    0.3330    0.9429
   -0.6492   -0.7155    0.2581
...    22 C-G ...
  -34.1253  -34.6363   41.8934
    0.6342   -0.2649    0.7264
   -0.4730    0.6103    0.6355
   -0.6117   -0.7466    0.2617
...    23 G-C ...
  -36.2175  -36.9615   43.2210
    0.2867    0.2023    0.9364
   -0.7940    0.5971    0.1141
   -0.5360   -0.7763    0.3318
...    24 C-G ...
  -37.6110  -39.7261   44.5310
   -0.2054    0.5217    0.8280
   -0.8287    0.3574   -0.4308
   -0.5207   -0.7747    0.3589
...    25 A-T ...
  -39.5839  -42.2332   45.5617
   -0.6401    0.6690    0.3779
   -0.5429   -0.0458   -0.8385
   -0.5436   -0.7419    0.3925
...    26 A-T ...
  -41.2118  -44.6274   47.0785
   -0.8571    0.4806   -0.1854
   -0.0401   -0.4211   -0.9061
   -0.5135   -0.7693    0.3802
...    27 A-T ...
  -42.8854  -47.0196   48.5331
   -0.7216    0.1215   -0.6816
    0.4883   -0.6086   -0.6255
   -0.4908   -0.7842    0.3798
...    28 G-C ...
  -44.7078  -49.4704   49.8819
   -0.2962   -0.1792   -0.9382
    0.8095   -0.5684   -0.1470
   -0.5069   -0.8030    0.3134
...    29 G-C ...
  -46.6233  -52.0813   50.8624
    0.2603   -0.3854   -0.8853
    0.8306   -0.3781    0.4089
   -0.4923   -0.8417    0.2216
...    30 C-G ...
  -48.5301  -54.7831   51.2297
    0.7086   -0.4798   -0.5173
    0.5353   -0.1121    0.8372
   -0.4597   -0.8702    0.1774
...    31 C-G ...
  -49.9442  -57.8435   51.4817
    0.9257   -0.3772    0.0276
    0.0263    0.1369    0.9902
   -0.3773   -0.9160    0.1366
...    32 G-C ...
  -50.9799  -60.9606   52.3736
    0.8011   -0.1330    0.5835
   -0.5380    0.2671    0.7995
   -0.2622   -0.9544    0.1424
...    33 G-C ...
  -51.4443  -64.2926   52.8811
    0.3673    0.1044    0.9242
   -0.9088    0.2520    0.3327
   -0.1981   -0.9621    0.1874
...    34 C-G ...
  -51.6561  -67.5695   53.6142
   -0.2142    0.2499    0.9443
   -0.9596    0.1267   -0.2512
   -0.1824   -0.9600    0.2126
...    35 C-G ...
  -52.0922  -70.8036   54.6014
   -0.7176    0.3252    0.6159
   -0.6656   -0.0598   -0.7439
   -0.2051   -0.9438    0.2594
...    36 C-G ...
  -52.6997  -73.9584   55.7448
   -0.9555    0.2885    0.0621
   -0.1351   -0.2406   -0.9612
   -0.2624   -0.9267    0.2689
...    37 G-C ...
  -53.4903  -77.2332   56.2311
   -0.8224    0.1839   -0.5384
    0.4540   -0.3583   -0.8158
   -0.3429   -0.9153    0.2112
...    38 A-T ...
  -54.6146  -80.2345   57.0078
   -0.3640   -0.0318   -0.9308
    0.8624   -0.3889   -0.3240
   -0.3517   -0.9207    0.1690
...    39 C-G ...
  -56.3372  -83.0044   57.5805
    0.1753   -0.1942   -0.9652
    0.9197   -0.3176    0.2310
   -0.3514   -0.9281    0.1229
...    40 A-T ...
  -57.2771  -86.2161   57.9824
    0.7191   -0.2309   -0.6554
    0.6302   -0.1808    0.7551
   -0.2929   -0.9560    0.0155
...    41 C-G ...
  -58.4208  -89.2730   57.4048
    0.9564   -0.2540   -0.1438
    0.1348   -0.0528    0.9895
   -0.2590   -0.9658   -0.0162
...    42 G-C ...
  -58.9871  -92.6144   57.7470
    0.8752   -0.1437    0.4620
   -0.4623    0.0335    0.8861
   -0.1428   -0.9890   -0.0371
...    43 A-T ...
  -59.2805  -95.9182   57.6298
    0.4058   -0.0852    0.9100
   -0.9066    0.0884    0.4126
   -0.1156   -0.9924   -0.0414
...    44 C-G ...
  -58.9943  -99.2724   57.4565
   -0.1618   -0.0232    0.9866
   -0.9815    0.1072   -0.1584
   -0.1020   -0.9940   -0.0401
...    45 T-A ...
  -59.0813 -102.6326   57.5517
   -0.6844    0.0626    0.7265
   -0.7211    0.0893   -0.6870
   -0.1078   -0.9940   -0.0160
...    46 T-A ...
  -59.2119 -105.8984   57.6830
   -0.9842    0.0644    0.1648
   -0.1613    0.0572   -0.9853
   -0.0729   -0.9963   -0.0459
...    47 A-T ...
  -59.2368 -109.2589   57.0477
   -0.8444    0.0768   -0.5302
    0.5334    0.0291   -0.8454
   -0.0495   -0.9966   -0.0656
...    48 C-G ...
  -59.8405 -112.5255   57.2623
   -0.4146    0.1182   -0.9023
    0.9078   -0.0145   -0.4191
   -0.0626   -0.9929   -0.1013
...    49 T-A ...
  -60.3512 -115.7956   56.8589
    0.1595    0.1739   -0.9718
    0.9849   -0.0946    0.1448
   -0.0667   -0.9802   -0.1864
...    50 G-C ...
  -60.2692 -119.0813   56.0959
    0.7117    0.2056   -0.6717
    0.7024   -0.2182    0.6775
   -0.0073   -0.9540   -0.2997
...    51 T-A ...
  -60.4807 -121.9886   54.5334
    0.9782    0.0970   -0.1837
    0.2052   -0.3154    0.9265
    0.0319   -0.9440   -0.3284
...    52 A-T ...
  -60.2860 -125.3049   53.7970
    0.8785   -0.1142    0.4639
   -0.4736   -0.3360    0.8141
    0.0629   -0.9349   -0.3493
...    53 G-C ...
  -59.7600 -128.3488   52.4931
    0.4586   -0.2516    0.8523
   -0.8820   -0.2459    0.4020
    0.1085   -0.9361   -0.3346
...    54 G-C ...
  -59.0636 -131.5401   51.5133
   -0.1412   -0.3111    0.9398
   -0.9807   -0.0861   -0.1758
    0.1356   -0.9465   -0.2929
...    55 T-A ...
  -58.0388 -134.6930   50.8339
   -0.6625   -0.3127    0.6807
   -0.7367    0.1073   -0.6677
    0.1357   -0.9438   -0.3014
...    56 A-T ...
  -57.7204 -137.6790   49.0952
   -0.9753   -0.2207    0.0030
   -0.0800    0.3411   -0.9366
    0.2057   -0.9138   -0.3503
...    57 T-A ...
  -57.1318 -140.9007   48.5664
   -0.8677   -0.0143   -0.4969
    0.4452    0.4221   -0.7897
    0.2210   -0.9064   -0.3599
...    58 T-A ...
  -56.5037 -143.9267   47.5473
   -0.4357    0.2508   -0.8644
    0.8699    0.3638   -0.3329
    0.2310   -0.8971   -0.3767
...    59 C-G ...
  -55.7801 -146.8954   46.2995
    0.1695    0.4742   -0.8640
    0.9560    0.1340    0.2611
    0.2396   -0.8702   -0.4306
...    60 A-T ...
  -54.7216 -149.7593   44.8447
    0.6662    0.5692   -0.4819
    0.6833   -0.2069    0.7002
    0.2988   -0.7957   -0.5268
...    61 T-A ...
  -54.0432 -152.0574   42.5999
    0.9184    0.3941   -0.0353
    0.2407   -0.4856    0.8404
    0.3140   -0.7803   -0.5408
...    62 G-C ...
  -52.6804 -154.7595   41.0944
    0.8473    0.0795    0.5251
   -0.3420   -0.6749    0.6539
    0.4064   -0.7336   -0.5446
...    63 T-A ...
  -50.8834 -156.7448   39.0757
    0.5113   -0.3046    0.8036
   -0.7457   -0.6220    0.2387
    0.4272   -0.7213   -0.5452
...    64 T-A ...
  -49.2447 -158.9151   37.2494
   -0.0249   -0.6658    0.7457
   -0.9045   -0.3028   -0.3005
    0.4258   -0.6819   -0.5947
...    65 A-T ...
  -48.4679 -161.0952   34.5872
   -0.6075   -0.7635    0.2192
   -0.6357    0.3019   -0.7104
    0.4762   -0.5709   -0.6688
...    66 T-A ...
  -46.5544 -163.2555   32.9085
   -0.8369   -0.5007   -0.2210
   -0.2192    0.6767   -0.7029
    0.5015   -0.5398   -0.6761
...    67 A-T ...
  -44.6071 -164.4818   30.3292
   -0.7395    0.0801   -0.6684
    0.3878    0.8623   -0.3257
    0.5502   -0.5000   -0.6687
...    68 A-T ...
  -42.9004 -166.2580   28.2027
   -0.3671    0.5857   -0.7227
    0.7421    0.6528    0.1521
    0.5608   -0.4805   -0.6743
...    69 C-G ...
  -41.5717 -168.1084   25.8016
    0.0684    0.8730   -0.4829
    0.8246    0.2230    0.5199
    0.5616   -0.4338   -0.7046
...    70 G-C ...
  -39.3222 -169.3792   23.5639
    0.4438    0.8959    0.0194
    0.6591   -0.3410    0.6703
    0.6071   -0.2847   -0.7418
...    71 G-C ...
  -37.2315 -169.9110   20.9563
    0.6735    0.5674    0.4738
    0.3253   -0.8031    0.4993
    0.6638   -0.1821   -0.7254
...    72 A-T ...
  -34.8784 -170.3440   18.6594
    0.7110   -0.0458    0.7017
   -0.1293   -0.9894    0.0665
    0.6912   -0.1380   -0.7093
...    73 C-G ...
  -32.3078 -170.1846   16.4938
    0.5143   -0.5893    0.6230
   -0.4806   -0.7998   -0.3597
    0.7102   -0.1144   -0.6946
...    74 T-A ...
  -29.6645 -170.4700   14.4213
    0.1379   -0.9418    0.3067
   -0.6620   -0.3180   -0.6787
    0.7367   -0.1094   -0.6673
...    75 C-G ...
  -27.1278 -170.8477   12.2760
   -0.2937   -0.9320   -0.2124
   -0.6024    0.3530   -0.7159
    0.7422   -0.0823   -0.6651
...    76 G-C ...
  -24.8380 -170.7062    9.7363
   -0.6358   -0.5159   -0.5740
   -0.3119    0.8521   -0.4204
    0.7060   -0.0883   -0.7027
...    77 A-T ...
  -22.3581 -170.9867    7.5404
   -0.7035    0.1297   -0.6988
    0.1292    0.9902    0.0537
    0.6989   -0.0525   -0.7133
...    78 G-C ...
  -20.1018 -171.3579    5.0985
   -0.5648    0.6659   -0.4875
    0.4854    0.7458    0.4563
    0.6674    0.0211   -0.7444
...    79 C-G ...
  -18.1489 -171.5471    2.3995
   -0.2420    0.9663   -0.0878
    0.7153    0.2388    0.6567
    0.6555    0.0961   -0.7490
...    80 T-A ...
  -16.2002 -171.0436   -0.2467
    0.1248    0.9214    0.3680
    0.7522   -0.3297    0.5705
    0.6470    0.2056   -0.7342
...    81 C-G ...
  -14.0538 -170.1614   -2.5707
    0.5133    0.5189    0.6836
    0.5505   -0.8101    0.2015
    0.6583    0.2729   -0.7015
...    82 G-C ...
  -11.3837 -169.3673   -4.5705
    0.6678   -0.0890    0.7390
    0.2156   -0.9271   -0.3065
    0.7124    0.3640   -0.5999
...    83 G-C ...
   -8.6856 -167.9901   -6.1532
    0.6310   -0.6301    0.4525
   -0.1607   -0.6768   -0.7184
    0.7590    0.3805   -0.5284
...    84 G-C ...
   -5.8483 -166.7775   -7.6360
    0.3929   -0.9185   -0.0444
   -0.4666   -0.1575   -0.8703
    0.7924    0.3626   -0.4905
...    85 A-T ...
   -3.1371 -165.5489   -9.1728
    0.0283   -0.7958   -0.6049
   -0.6129    0.4642   -0.6395
    0.7897    0.3888   -0.4746
...    86 T-A ...
   -0.1301 -164.6751  -10.3529
   -0.2763   -0.3965   -0.8755
   -0.5463    0.8143   -0.1964
    0.7907    0.4240   -0.4416
...    87 C-G ...
    2.5976 -163.2709  -11.6889
   -0.5663    0.2060   -0.7980
   -0.2742    0.8660    0.4181
    0.7772    0.4556   -0.4340
...    88 C-G ...
    5.3613 -161.9350  -13.1874
   -0.6904    0.6241   -0.3659
    0.0887    0.5750    0.8133
    0.7180    0.5290   -0.4523
...    89 G-C ...
    7.9492 -159.9817  -14.3089
   -0.6105    0.7523    0.2474
    0.4710    0.0937    0.8772
    0.6367    0.6521   -0.4115
...    90 C-G ...
    9.7261 -157.7210  -15.9865
   -0.2862    0.6208    0.7299
    0.7407   -0.3399    0.5795
    0.6078    0.7065   -0.3626
...    91 T-A ...
   11.4767 -155.1181  -17.0992
    0.1171    0.2552    0.9598
    0.8050   -0.5903    0.0587
    0.5816    0.7658   -0.2746
...    92 T-A ...
   13.2387 -152.4985  -17.8521
    0.5614   -0.1608    0.8118
    0.5946   -0.6038   -0.5308
    0.5755    0.7807   -0.2433
...    93 T-A ...
   15.0255 -149.8301  -18.4145
    0.8202   -0.4734    0.3211
    0.1483   -0.3661   -0.9187
    0.5525    0.8012   -0.2300
...    94 A-T ...
   16.7168 -147.1694  -19.9432
    0.7436   -0.4953   -0.4492
   -0.4827    0.0673   -0.8732
    0.4627    0.8661   -0.1891
...    95 A-T ...
   18.3905 -144.3598  -20.2587
    0.3252   -0.2720   -0.9057
   -0.8493    0.3371   -0.4063
    0.4158    0.9013   -0.1214
...    96 C-G ...
   20.3421 -141.5918  -20.5028
   -0.2012   -0.0195   -0.9794
   -0.8917    0.4175    0.1748
    0.4055    0.9085   -0.1014
...    97 A-T ...
   21.3811 -138.3890  -20.4651
   -0.7324    0.1949   -0.6524
   -0.5847    0.3109    0.7493
    0.3489    0.9302   -0.1137
...    98 C-G ...
   22.7903 -135.4968  -21.3238
   -0.9449    0.3004   -0.1305
   -0.0938    0.1334    0.9866
    0.3138    0.9444   -0.0979
...    99 T-A ...
   23.6904 -132.3375  -21.8640
   -0.8670    0.2313    0.4414
    0.4411   -0.0560    0.8957
    0.2319    0.9713   -0.0535
...   100 T-A ...
   24.2924 -129.1705  -22.0829
   -0.4658    0.0944    0.8798
    0.8629   -0.1719    0.4753
    0.1961    0.9806   -0.0014
...   101 T-A ...
   24.7358 -125.9701  -22.0057
    0.1088   -0.0767    0.9911
    0.9781   -0.1698   -0.1205
    0.1775    0.9825    0.0565
...   102 A-T ...
   25.5497 -122.7201  -21.6018
    0.6770   -0.2388    0.6961
    0.7125   -0.0242   -0.7012
    0.1843    0.9708    0.1538
...   103 T-A ...
   25.8175 -119.6232  -20.4709
    0.9524   -0.2064    0.2244
    0.2529    0.1237   -0.9596
    0.1703    0.9706    0.1700
...   104 G-C ...
   26.6181 -116.3678  -20.2227
    0.8994   -0.1106   -0.4228
   -0.3810    0.2755   -0.8826
    0.2141    0.9549    0.2057
...   105 C-G ...
   27.6367 -113.2806  -19.2738
    0.5106    0.0733   -0.8567
   -0.8306    0.2993   -0.4695
    0.2220    0.9513    0.2137
...   106 T-A ...
   28.6666 -110.1646  -18.5005
   -0.0577    0.2243   -0.9728
   -0.9748    0.1978    0.1034
    0.2156    0.9542    0.2072
...   107 T-A ...
   29.6374 -107.1244  -17.7792
   -0.6299    0.3370   -0.6997
   -0.7466   -0.0145    0.6651
    0.2140    0.9414    0.2607
...   108 C-G ...
   30.4630 -104.0390  -16.8642
   -0.9640    0.2207   -0.1485
   -0.2023   -0.2459    0.9479
    0.1727    0.9438    0.2817
...   109 C-G ...
   31.0606 -100.7870  -16.1188
   -0.9231   -0.0646    0.3790
    0.3781   -0.3310    0.8646
    0.0696    0.9414    0.3300
...   110 G-C ...
   31.3882  -97.7467  -14.6160
   -0.5415   -0.3908    0.7443
    0.8397   -0.2078    0.5018
   -0.0415    0.8967    0.4407
...   111 G-C ...
   30.8617  -94.8513  -12.9532
    0.0294   -0.5404    0.8409
    0.9959    0.0882    0.0219
   -0.0860    0.8368    0.5407
...   112 C-G ...
   30.1729  -92.3592  -10.8413
    0.5898   -0.4410    0.6765
    0.8024    0.4145   -0.4294
   -0.0911    0.7960    0.5983
...   113 T-A ...
   29.8102  -89.9850   -8.5115
    0.9415   -0.1723    0.2895
    0.3307    0.6368   -0.6964
   -0.0644    0.7515    0.6566
...   114 C-G ...
   29.7664  -87.5875   -6.2141
    0.9434    0.2635   -0.2015
   -0.3264    0.6289   -0.7057
   -0.0592    0.7315    0.6793
...   115 G-C ...
   29.4452  -84.8196   -4.2456
    0.5541    0.5631   -0.6131
   -0.8324    0.3685   -0.4138
   -0.0071    0.7396    0.6730
...   116 T-A ...
   30.0180  -82.5105   -1.8318
   -0.0072    0.6781   -0.7349
   -0.9998   -0.0176   -0.0065
   -0.0173    0.7347    0.6781
...   117 A-T ...
   29.2976  -80.4019    0.8537
   -0.7048    0.5230   -0.4794
   -0.7094   -0.5240    0.4713
   -0.0047    0.6722    0.7403
...   118 T-A ...
   29.6395  -77.8145    2.8916
   -0.9740    0.1676   -0.1523
   -0.2264   -0.7319    0.6426
   -0.0037    0.6604    0.7509
...   119 A-T ...
   29.7079  -75.9504    5.7536
   -0.8838   -0.3768    0.2774
    0.4668   -0.6686    0.5789
   -0.0326    0.6411    0.7668
...   120 A-T ...
   29.4435  -73.8134    8.1834
   -0.4331   -0.7161    0.5473
    0.9001   -0.3115    0.3047
   -0.0477    0.6246    0.7795
...   121 T-A ...
   28.6259  -71.7726   10.6302
    0.1040   -0.7839    0.6122
    0.9931    0.1159   -0.0204
   -0.0550    0.6100    0.7905
...   122 G-C ...
   28.7946  -69.8725   13.4237
    0.6879   -0.6047    0.4015
    0.7250    0.5980   -0.3417
   -0.0334    0.5261    0.8497
...   123 T-A ...
   28.4613  -68.6890   16.5414
    0.9753   -0.1798    0.1285
    0.2201    0.8428   -0.4912
   -0.0199    0.5073    0.8615
...   124 G-C ...
   28.5762  -66.7069   19.2697
    0.9014    0.3564   -0.2460
   -0.4310    0.7927   -0.4312
    0.0413    0.4947    0.8681
...   125 T-A ...
   29.1628  -65.4855   22.3652
    0.5043    0.7386   -0.4474
   -0.8625    0.4567   -0.2182
    0.0431    0.4960    0.8673
...   126 C-G ...
   29.3769  -63.8773   25.2773
   -0.1494    0.8601   -0.4877
   -0.9882   -0.1125    0.1043
    0.0348    0.4975    0.8668
...   127 G-C ...
   29.0557  -62.3997   28.3514
   -0.7141    0.5742   -0.4004
   -0.6994   -0.6094    0.3735
   -0.0296    0.5467    0.8368
...   128 A-T ...
   29.0303  -60.5886   31.1242
   -0.9923    0.0564   -0.1104
   -0.1071   -0.8389    0.5337
   -0.0626    0.5414    0.8384
...   129 C-G ...
   28.7059  -58.3162   33.5336
   -0.8837   -0.4358    0.1706
    0.4575   -0.7279    0.5107
   -0.0984    0.5294    0.8426
...   130 C-G ...
   28.0848  -56.5003   36.3256
   -0.4496   -0.8209    0.3522
    0.8775   -0.3321    0.3460
   -0.1670    0.4646    0.8696
...   131 A-T ...
   27.7633  -55.1118   39.3915
    0.1881   -0.8961    0.4021
    0.9639    0.2470    0.0997
   -0.1887    0.3688    0.9101
...   132 A-T ...
   26.9764  -54.0696   42.3758
    0.7279   -0.5665    0.3862
    0.6561    0.7392   -0.1522
   -0.1993    0.3641    0.9098
...   133 A-T ...
   26.2420  -53.1175   45.4109
    0.9714    0.0037    0.2376
    0.0821    0.9331   -0.3500
   -0.2230    0.3595    0.9061
...   134 T-A ...
   25.6307  -52.5796   48.6349
    0.8597    0.5096    0.0340
   -0.4497    0.7867   -0.4230
   -0.2423    0.3484    0.9055
...   135 G-C ...
   25.2858  -52.4981   52.0750
    0.3205    0.9427   -0.0927
   -0.8825    0.2616   -0.3908
   -0.3442    0.2071    0.9158
...   136 T-A ...
   25.5355  -52.9668   55.8002
   -0.2443    0.9563   -0.1608
   -0.8908   -0.2868   -0.3525
   -0.3832    0.0571    0.9219
...   137 G-C ...
   24.9036  -52.7260   58.9821
   -0.7529    0.5562   -0.3519
   -0.5214   -0.8303   -0.1968
   -0.4017    0.0354    0.9151
...   138 A-T ...
   24.0248  -51.6261   61.9210
   -0.9563    0.0400   -0.2896
   -0.0523   -0.9980    0.0347
   -0.2877    0.0483    0.9565
...   139 G-C ...
   22.3573  -51.2300   64.4909
   -0.8529   -0.5117   -0.1032
    0.4973   -0.8566    0.1372
   -0.1586    0.0657    0.9852
...   140 C-G ...
   22.1607  -50.1386   67.4618
   -0.4681   -0.8749    0.1247
    0.8495   -0.4066    0.3363
   -0.2435    0.2633    0.9335
...   141 G-C ...
   21.4365  -51.8164   72.7856
    0.1304   -0.7141   -0.6877
    0.8897   -0.2218    0.3990
   -0.4375   -0.6639    0.6065
...   142 C-G ...
   20.4353  -54.2994   74.5395
    0.5847   -0.7390   -0.3347
    0.7593    0.3532    0.5466
   -0.2857   -0.5737    0.7676
...   143 T-A ...
   18.4376  -55.5190   76.5272
    0.8548   -0.5006    0.1370
    0.3188    0.7147    0.6225
   -0.4096   -0.4884    0.7705
...   144 C-G ...
   16.8484  -57.7126   78.2648
    0.8529   -0.0846    0.5152
   -0.1509    0.9047    0.3983
   -0.4998   -0.4175    0.7589
...   145 A-T ...
   15.7932  -59.5518   80.7963
    0.5515    0.4995    0.6681
   -0.6739    0.7388    0.0040
   -0.4915   -0.4525    0.7441
...   146 C-G ...
   15.7409  -61.4839   83.9295
    0.0342    0.7400    0.6718
   -0.8637    0.3601   -0.3527
   -0.5029   -0.5681    0.6514
...   147 A-T ...
   14.7480  -63.4171   86.8165
   -0.5923    0.6746    0.4405
   -0.6886   -0.1400   -0.7115
   -0.4183   -0.7247    0.5475
