  147 base-pairs
...     1 T-A ...
    0.0000    0.0000    0.0000
    1.0000    0.0000    0.0000
    0.0000    1.0000    0.0000
    0.0000    0.0000    1.0000
...     2 G-C ...
   -0.5555   -1.1003    3.3981
    0.7749    0.6051    0.1828
   -0.5991    0.7953   -0.0929
   -0.2016   -0.0375    0.9787
...     3 T-A ...
   -0.6619   -3.0237    6.5348
    0.3046    0.9250    0.2271
   -0.8994    0.3578   -0.2510
   -0.3134   -0.1278    0.9410
...     4 G-C ...
   -1.1607   -3.8418    9.6940
   -0.3351    0.9421    0.0133
   -0.8752   -0.3061   -0.3746
   -0.3489   -0.1372    0.9271
...     5 A-T ...
   -1.3881   -3.6770   12.8999
   -0.7835    0.6162   -0.0801
   -0.5677   -0.7622   -0.3109
   -0.2527   -0.1981    0.9470
...     6 G-C ...
   -2.6236   -3.5448   15.7072
   -0.9923    0.0611   -0.1075
   -0.0294   -0.9610   -0.2748
   -0.1201   -0.2695    0.9555
...     7 C-G ...
   -2.3138   -3.7570   18.8866
   -0.8620   -0.4995   -0.0864
    0.5008   -0.8655    0.0073
   -0.0785   -0.0370    0.9962
...     8 G-C ...
   -3.9561   -6.8109   23.3205
   -0.2581   -0.3560   -0.8981
    0.6294   -0.7673    0.1233
   -0.7330   -0.5335    0.4221
...     9 C-G ...
   -6.1177   -8.9414   24.2385
    0.1143   -0.7320   -0.6716
    0.8123   -0.3203    0.4874
   -0.5720   -0.6013    0.5580
...    10 T-A ...
   -8.5041   -9.6771   26.0540
    0.4660   -0.8587   -0.2131
    0.6274    0.1508    0.7640
   -0.6239   -0.4897    0.6090
...    11 C-G ...
  -11.0625  -11.3174   27.2336
    0.6660   -0.6911    0.2808
    0.3382    0.6152    0.7121
   -0.6649   -0.3794    0.6435
...    12 A-T ...
  -13.0013  -13.1789   29.0658
    0.7188   -0.1490    0.6790
   -0.1787    0.9043    0.3876
   -0.6718   -0.4000    0.6235
...    13 C-G ...
  -14.1788  -15.9359   31.3399
    0.4052    0.2865    0.8682
   -0.5270    0.8492   -0.0343
   -0.7470   -0.4437    0.4951
...    14 A-T ...
  -15.9532  -18.1566   33.3080
   -0.1503    0.6873    0.7107
   -0.6106    0.5008   -0.6135
   -0.7776   -0.5261    0.3444
...    15 A-T ...
  -18.2375  -20.0487   34.6596
   -0.5174    0.8123    0.2690
   -0.3925    0.0540   -0.9182
   -0.7604   -0.5807    0.2909
...    16 T-A ...
  -20.5061  -21.8509   36.2365
   -0.6557    0.7246   -0.2122
   -0.0661   -0.3350   -0.9399
   -0.7521   -0.6023    0.2676
...    17 T-A ...
  -22.9286  -23.6803   37.3433
   -0.5718    0.4448   -0.6893
    0.3233   -0.6501   -0.6877
   -0.7540   -0.6161    0.2279
...    18 T-A ...
  -25.4780  -25.4655   38.1418
   -0.2641    0.0846   -0.9608
    0.5878   -0.7756   -0.2299
   -0.7647   -0.6255    0.1551
...    19 A-T ...
  -28.6518  -26.7330   38.1738
    0.2367   -0.0431   -0.9706
    0.6122   -0.7691    0.1835
   -0.7544   -0.6377   -0.1557
...    20 T-A ...
  -31.3481  -28.2666   37.2744
    0.5435   -0.3460   -0.7648
    0.4214   -0.6755    0.6051
   -0.7260   -0.6511   -0.2213
...    21 T-A ...
  -33.6532  -30.2286   36.2175
    0.7379   -0.5876   -0.3320
    0.0603   -0.4325    0.8996
   -0.6722   -0.6838   -0.2837
...    22 C-G ...
  -35.5175  -32.5700   35.0342
    0.6947   -0.6845    0.2212
   -0.3865   -0.0958    0.9173
   -0.6067   -0.7227   -0.3311
...    23 G-C ...
  -37.2620  -35.2407   34.2665
    0.4475   -0.5630    0.6948
   -0.7504    0.1862    0.6342
   -0.4865   -0.8052   -0.3392
...    24 C-G ...
  -38.4113  -38.0937   33.0867
   -0.0073   -0.3697    0.9291
   -0.8929    0.4207    0.1604
   -0.4502   -0.8285   -0.3332
...    25 A-T ...
  -40.0546  -40.6921   31.9732
   -0.4877   -0.0473    0.8717
   -0.7510    0.5319   -0.3913
   -0.4451   -0.8455   -0.2950
...    26 A-T ...
  -41.2081  -43.6301   31.1625
   -0.8509    0.2063    0.4831
   -0.3361    0.4929   -0.8026
   -0.4036   -0.8453   -0.3501
...    27 A-T ...
  -42.4169  -46.5156   30.2882
   -0.9070    0.4177   -0.0545
    0.2063    0.3276   -0.9220
   -0.3673   -0.8475   -0.3833
...    28 G-C ...
  -43.7592  -49.3100   29.2580
   -0.6566    0.5881   -0.4723
    0.6414    0.1059   -0.7599
   -0.3969   -0.8018   -0.4467
...    29 G-C ...
  -45.3498  -51.9312   27.9403
   -0.1937    0.6557   -0.7298
    0.8887   -0.1978   -0.4136
   -0.4156   -0.7287   -0.5444
...    30 C-G ...
  -47.1194  -54.0175   26.1946
    0.3176    0.5302   -0.7861
    0.8626   -0.5058    0.0074
   -0.3937   -0.6804   -0.6181
...    31 C-G ...
  -48.6592  -55.8186   23.8138
    0.7486    0.3049   -0.5887
    0.5838   -0.7240    0.3675
   -0.3141   -0.6188   -0.7200
...    32 G-C ...
  -49.2494  -57.8017   21.2590
    0.9802    0.0021   -0.1978
    0.1127   -0.8278    0.5496
   -0.1626   -0.5610   -0.8117
...    33 G-C ...
  -49.3041  -59.2357   18.1854
    0.9158   -0.3562    0.1853
   -0.3992   -0.7571    0.5172
   -0.0439   -0.5477   -0.8355
...    34 C-G ...
  -48.9691  -60.7747   15.2973
    0.5757   -0.6752    0.4613
   -0.8176   -0.4849    0.3105
    0.0140   -0.5559   -0.8311
...    35 C-G ...
  -48.4233  -62.6362   12.5368
    0.0657   -0.7936    0.6049
   -0.9961   -0.0880   -0.0072
    0.0589   -0.6021   -0.7962
...    36 C-G ...
  -47.8662  -64.7596    9.9874
   -0.4685   -0.6871    0.5553
   -0.8818    0.3258   -0.3409
    0.0533   -0.6494   -0.7586
...    37 G-C ...
  -48.0363  -66.6722    7.3047
   -0.8721   -0.3508    0.3411
   -0.4892    0.6369   -0.5958
   -0.0082   -0.6865   -0.7271
...    38 A-T ...
  -47.9598  -68.9555    4.9882
   -0.9953    0.0888   -0.0394
    0.0920    0.7307   -0.6764
   -0.0313   -0.6768   -0.7355
...    39 C-G ...
  -48.3158  -71.5272    2.9809
   -0.8154    0.4608   -0.3503
    0.5764    0.5911   -0.5642
   -0.0530   -0.6620   -0.7476
...    40 A-T ...
  -48.4583  -73.5727    0.4006
   -0.3714    0.7768   -0.5085
    0.9214    0.2408   -0.3050
   -0.1144   -0.5818   -0.8052
...    41 C-G ...
  -49.4614  -75.3419   -2.1644
    0.1352    0.8193   -0.5571
    0.9841   -0.1766   -0.0208
   -0.1154   -0.5455   -0.8302
...    42 G-C ...
  -49.5251  -77.0035   -5.0028
    0.6350    0.6809   -0.3649
    0.7708   -0.5902    0.2399
   -0.0521   -0.4336   -0.8996
...    43 A-T ...
  -49.7234  -78.2176   -8.0045
    0.9566    0.2648   -0.1218
    0.2915   -0.8747    0.3873
   -0.0040   -0.4060   -0.9139
...    44 C-G ...
  -49.6659  -78.8911  -11.2217
    0.9756   -0.1817    0.1229
   -0.2155   -0.8987    0.3820
    0.0411   -0.3992   -0.9160
...    45 T-A ...
  -49.2074  -79.8704  -14.3278
    0.7406   -0.5663    0.3618
   -0.6618   -0.7079    0.2467
    0.1164   -0.4221   -0.8990
...    46 T-A ...
  -48.5579  -81.0275  -17.2798
    0.2691   -0.8499    0.4531
   -0.9546   -0.2979    0.0083
    0.1279   -0.4347   -0.8914
...    47 A-T ...
  -47.8259  -82.5559  -20.1174
   -0.2787   -0.8243    0.4928
   -0.9512    0.1661   -0.2601
    0.1326   -0.5412   -0.8304
...    48 C-G ...
  -46.8588  -84.5503  -22.5326
   -0.7175   -0.6145    0.3281
   -0.6859    0.5408   -0.4869
    0.1217   -0.5744   -0.8095
...    49 T-A ...
  -46.3930  -86.7299  -24.9310
   -0.9690   -0.2299    0.0900
   -0.2357    0.7529   -0.6145
    0.0735   -0.6167   -0.7838
...    50 G-C ...
  -46.4081  -88.6024  -27.6401
   -0.9434    0.2704   -0.1918
    0.3310    0.7330   -0.5943
   -0.0201   -0.6241   -0.7811
...    51 T-A ...
  -46.8747  -90.9895  -29.8669
   -0.6487    0.6113   -0.4533
    0.7602    0.4926   -0.4236
   -0.0356   -0.6194   -0.7843
...    52 A-T ...
  -46.8486  -92.9191  -32.5575
   -0.0888    0.7864   -0.6114
    0.9954    0.0472   -0.0838
   -0.0371   -0.6160   -0.7869
...    53 G-C ...
  -47.3076  -94.8082  -35.2169
    0.4236    0.7327   -0.5326
    0.9058   -0.3484    0.2410
   -0.0090   -0.5845   -0.8113
...    54 G-C ...
  -47.6160  -96.5128  -38.1150
    0.8272    0.4967   -0.2627
    0.5584   -0.6744    0.4832
    0.0629   -0.5463   -0.8352
...    55 T-A ...
  -47.5894  -97.7646  -41.1636
    0.9911    0.1247    0.0470
    0.0771   -0.8243    0.5609
    0.1088   -0.5522   -0.8266
...    56 A-T ...
  -46.8986  -99.0572  -44.1824
    0.8708   -0.1786    0.4580
   -0.4009   -0.7971    0.4516
    0.2844   -0.5769   -0.7657
...    57 T-A ...
  -45.5555 -100.4022  -46.8293
    0.5657   -0.5088    0.6490
   -0.7633   -0.6209    0.1785
    0.3121   -0.5963   -0.7396
...    58 C-G ...
  -44.3559 -102.3264  -49.1164
    0.0359   -0.7107    0.7025
   -0.9388   -0.2649   -0.2200
    0.3425   -0.6517   -0.6768
...    59 T-A ...
  -42.8788 -104.5063  -51.0326
   -0.4527   -0.6824    0.5739
   -0.8221    0.0703   -0.5649
    0.3452   -0.7275   -0.5929
...    60 C-G ...
  -41.8146 -107.0433  -52.7176
   -0.8469   -0.4940    0.1968
   -0.4203    0.3950   -0.8169
    0.3259   -0.7745   -0.5421
...    61 G-C ...
  -41.2172 -109.5747  -54.7498
   -0.9641   -0.1436   -0.2232
    0.1187    0.5192   -0.8464
    0.2374   -0.8425   -0.4836
...    62 A-T ...
  -40.6068 -112.4175  -56.2477
   -0.7188    0.1736   -0.6732
    0.6574    0.4846   -0.5770
    0.2261   -0.8573   -0.4625
...    63 G-C ...
  -40.1689 -115.3704  -57.6524
   -0.2833    0.4017   -0.8709
    0.9336    0.3234   -0.1545
    0.2196   -0.8568   -0.4666
...    64 C-G ...
  -39.7949 -118.2585  -59.2223
    0.2568    0.5223   -0.8132
    0.9375    0.0699    0.3409
    0.2349   -0.8499   -0.4717
...    65 T-A ...
  -39.2430 -120.9712  -61.0260
    0.6829    0.5183   -0.5149
    0.6745   -0.1765    0.7169
    0.2807   -0.8368   -0.4701
...    66 C-G ...
  -38.4625 -123.6961  -62.6374
    0.9266    0.3761   -0.0024
    0.1674   -0.4067    0.8981
    0.3368   -0.8326   -0.4398
...    67 G-C ...
  -37.4079 -126.5496  -63.9018
    0.8037    0.2869    0.5213
   -0.3304   -0.5135    0.7919
    0.4949   -0.8087   -0.3179
...    68 G-C ...
  -35.4150 -128.9157  -65.2102
    0.4559    0.1361    0.8795
   -0.6688   -0.5997    0.4395
    0.5873   -0.7886   -0.1824
...    69 G-C ...
  -32.9523 -131.1454  -65.6434
   -0.0194   -0.0381    0.9991
   -0.7729   -0.6333   -0.0392
    0.6342   -0.7729   -0.0172
...    70 A-T ...
  -30.8233 -133.5333  -65.3896
   -0.4875   -0.2971    0.8210
   -0.6059   -0.5619   -0.5631
    0.6286   -0.7720    0.0939
...    71 T-A ...
  -28.5165 -135.6567  -64.5160
   -0.7333   -0.5066    0.4535
   -0.2811   -0.3814   -0.8806
    0.6191   -0.7732    0.1373
...    72 C-G ...
  -26.7569 -138.2771  -63.7928
   -0.7739   -0.6231   -0.1134
    0.2127   -0.0871   -0.9732
    0.5965   -0.7773    0.2000
...    73 C-G ...
  -25.1875 -141.1150  -62.9349
   -0.5581   -0.5594   -0.6129
    0.6245    0.2033   -0.7541
    0.5464   -0.8036    0.2358
...    74 G-C ...
  -23.0781 -143.6089  -62.5609
   -0.1213   -0.3495   -0.9291
    0.8442    0.4560   -0.2817
    0.5221   -0.8185    0.2398
...    75 C-G ...
  -21.6313 -146.4584  -61.6951
    0.3513   -0.0511   -0.9349
    0.7659    0.5900    0.2556
    0.5385   -0.8058    0.2464
...    76 T-A ...
  -20.0120 -149.2630  -61.0784
    0.6733    0.2739   -0.6868
    0.4617    0.5698    0.6799
    0.5776   -0.7748    0.2571
...    77 T-A ...
  -18.2801 -151.9236  -60.4471
    0.8079    0.5487   -0.2151
   -0.0005    0.3656    0.9308
    0.5893   -0.7518    0.2957
...    78 T-A ...
  -16.3189 -154.3632  -59.7174
    0.6430    0.7136    0.2783
   -0.4376    0.0441    0.8981
    0.6285   -0.6992    0.3407
...    79 A-T ...
  -13.3910 -156.1608  -59.3328
    0.1815    0.8684    0.4614
   -0.6297   -0.2578    0.7328
    0.7553   -0.4235    0.5001
...    80 A-T ...
  -10.8082 -157.1918  -57.7688
   -0.2445    0.6720    0.6990
   -0.6105   -0.6668    0.4275
    0.7533   -0.3222    0.5733
...    81 C-G ...
   -8.1449 -157.5217  -56.0083
   -0.5680    0.3111    0.7620
   -0.3893   -0.9173    0.0843
    0.7251   -0.2487    0.6421
...    82 A-T ...
   -5.9157 -157.9019  -53.5629
   -0.7929   -0.1427    0.5924
    0.0126   -0.9758   -0.2182
    0.6092   -0.1656    0.7756
...    83 C-G ...
   -4.2211 -157.7945  -50.7459
   -0.6988   -0.5988    0.3912
    0.4336   -0.7896   -0.4342
    0.5689   -0.1338    0.8114
...    84 T-A ...
   -2.7293 -158.0106  -47.8268
   -0.3942   -0.9121    0.1124
    0.7608   -0.3925   -0.5168
    0.5155   -0.1182    0.8487
...    85 C-G ...
   -1.2268 -158.4459  -44.9525
    0.1350   -0.9751   -0.1761
    0.8566    0.2042   -0.4738
    0.4979   -0.0869    0.8629
...    86 A-T ...
    0.6413 -158.4495  -42.2731
    0.5896   -0.6857   -0.4269
    0.6243    0.7222   -0.2978
    0.5125   -0.0909    0.8538
...    87 T-A ...
    1.9374 -159.2935  -39.3468
    0.8374   -0.2383   -0.4918
    0.2339    0.9696   -0.0715
    0.4939   -0.0552    0.8678
...    88 G-C ...
    3.5938 -159.2571  -36.5131
    0.7760    0.3160   -0.5458
   -0.2660    0.9487    0.1710
    0.5719    0.0124    0.8202
...    89 T-A ...
    5.7297 -159.6657  -34.0914
    0.5125    0.7328   -0.4476
   -0.6233    0.6760    0.3930
    0.5906    0.0776    0.8032
...    90 T-A ...
    7.8286 -159.4356  -31.6777
    0.0684    0.9659   -0.2496
   -0.8006    0.2024    0.5640
    0.5953    0.1613    0.7872
...    91 A-T ...
   10.5259 -158.3585  -29.8670
   -0.4369    0.8689   -0.2326
   -0.7261   -0.1880    0.6614
    0.5310    0.4578    0.7131
...    92 T-A ...
   12.5455 -156.5252  -28.1178
   -0.7529    0.6556    0.0585
   -0.4297   -0.5569    0.7108
    0.4986    0.5100    0.7010
...    93 A-T ...
   13.9602 -153.9748  -26.3929
   -0.9541    0.2111    0.2126
   -0.0132   -0.7385    0.6741
    0.2993    0.6404    0.7073
...    94 A-T ...
   14.7263 -151.6007  -24.3300
   -0.8169   -0.2197    0.5333
    0.5073   -0.7137    0.4830
    0.2745    0.6651    0.6944
...    95 C-G ...
   15.0744 -149.0066  -22.2924
   -0.4594   -0.5506    0.6970
    0.8547   -0.4876    0.1781
    0.2418    0.6776    0.6946
...    96 G-C ...
   16.1339 -147.0089  -19.9119
    0.0599   -0.7618    0.6450
    0.9783   -0.0837   -0.1898
    0.1986    0.6424    0.7402
...    97 G-C ...
   16.4738 -144.8518  -17.3567
    0.5545   -0.7201    0.4171
    0.8032    0.3321   -0.4945
    0.2176    0.6093    0.7625
...    98 A-T ...
   17.0033 -142.8265  -14.8594
    0.9099   -0.4114    0.0538
    0.3415    0.6690   -0.6601
    0.2356    0.6190    0.7492
...    99 T-A ...
   17.6678 -141.3279  -12.0111
    0.9612   -0.0311   -0.2741
   -0.1502    0.7746   -0.6144
    0.2315    0.6317    0.7398
...   100 T-A ...
   18.5070 -139.4938   -9.4879
    0.7237    0.3756   -0.5789
   -0.6479    0.6585   -0.3827
    0.2375    0.6521    0.7200
...   101 T-A ...
   19.5119 -137.5065   -7.1590
    0.2582    0.6362   -0.7270
   -0.9345    0.3555   -0.0208
    0.2452    0.6847    0.6863
...   102 A-T ...
   20.8942 -135.1045   -5.3103
   -0.2633    0.5756   -0.7742
   -0.9348    0.0461    0.3522
    0.2384    0.8165    0.5259
...   103 T-A ...
   22.1925 -132.3770   -4.0795
   -0.6833    0.4991   -0.5329
   -0.6953   -0.2220    0.6835
    0.2228    0.8376    0.4987
...   104 G-C ...
   22.6607 -129.3620   -2.7508
   -0.9662    0.1917   -0.1724
   -0.2374   -0.4009    0.8848
    0.1005    0.8958    0.4329
...   105 C-G ...
   22.7762 -126.2136   -1.8205
   -0.9538   -0.0898    0.2868
    0.2979   -0.4090    0.8625
    0.0398    0.9081    0.4169
...   106 T-A ...
   22.5562 -123.1007   -0.7629
   -0.6829   -0.3281    0.6527
    0.7301   -0.2755    0.6253
   -0.0254    0.9036    0.4277
...   107 T-A ...
   22.1761 -120.0886    0.3945
   -0.1747   -0.4098    0.8953
    0.9843   -0.0505    0.1690
   -0.0240    0.9108    0.4122
...   108 C-G ...
   21.9486 -117.1445    1.7705
    0.4111   -0.3901    0.8239
    0.9114    0.1952   -0.3623
   -0.0195    0.8998    0.4358
...   109 C-G ...
   21.6420 -114.2569    3.4461
    0.8209   -0.3076    0.4812
    0.5695    0.3779   -0.7300
    0.0428    0.8733    0.4854
...   110 G-C ...
   22.0336 -111.2462    4.7310
    0.9862   -0.1624   -0.0318
    0.0548    0.5021   -0.8631
    0.1561    0.8494    0.5041
...   111 G-C ...
   22.7709 -108.6093    6.6450
    0.8571    0.0433   -0.5133
   -0.4538    0.5349   -0.7127
    0.2437    0.8438    0.4781
...   112 C-G ...
   23.9555 -106.0712    8.3388
    0.4839    0.2744   -0.8310
   -0.8287    0.4489   -0.3343
    0.2813    0.8504    0.4446
...   113 T-A ...
   25.2800 -103.3556    9.6314
   -0.0051    0.4099   -0.9121
   -0.9529    0.2746    0.1287
    0.3032    0.8698    0.3892
...   114 C-G ...
   26.3911 -100.4927   10.7061
   -0.5466    0.4654   -0.6961
   -0.7835    0.0092    0.6214
    0.2956    0.8851    0.3596
...   115 G-C ...
   27.0727  -97.5376   11.9802
   -0.9044    0.2953   -0.3082
   -0.3773   -0.2156    0.9007
    0.1995    0.9308    0.3064
...   116 T-A ...
   27.7749  -94.3336   12.3417
   -0.9796    0.1159    0.1641
    0.1168   -0.3358    0.9347
    0.1634    0.9348    0.3154
...   117 A-T ...
   27.9816  -91.0794   13.0245
   -0.8034   -0.1970    0.5620
    0.5943   -0.3256    0.7354
    0.0381    0.9248    0.3786
...   118 T-A ...
   27.5654  -87.9348   13.8330
   -0.4224   -0.3514    0.8355
    0.9060   -0.1897    0.3783
    0.0256    0.9168    0.3985
...   119 A-T ...
   27.1194  -84.9606   15.2415
    0.0724   -0.5468    0.8341
    0.9974    0.0443   -0.0575
   -0.0055    0.8361    0.5486
...   120 A-T ...
   26.8273  -82.3684   17.1391
    0.5913   -0.4669    0.6576
    0.8065    0.3440   -0.4809
   -0.0017    0.8147    0.5799
...   121 T-A ...
   26.3889  -80.0851   19.4370
    0.9063   -0.2566    0.3358
    0.4226    0.5378   -0.7295
    0.0066    0.8031    0.5958
...   122 G-C ...
   26.7522  -77.4059   21.3186
    0.9860   -0.0018   -0.1666
   -0.1280    0.6322   -0.7641
    0.1068    0.7748    0.6232
...   123 T-A ...
   27.4041  -75.2739   23.7446
    0.7882    0.3060   -0.5339
   -0.6024    0.5613   -0.5676
    0.1260    0.7690    0.6267
...   124 G-C ...
   27.8171  -72.5489   25.5363
    0.3169    0.5204   -0.7929
   -0.9331    0.3211   -0.1622
    0.1702    0.7912    0.5874
...   125 T-A ...
   28.9989  -70.0496   27.3877
   -0.1978    0.6093   -0.7679
   -0.9668    0.0082    0.2556
    0.1620    0.7929    0.5874
...   126 C-G ...
   29.6714  -67.4329   29.2300
   -0.7140    0.4925   -0.4976
   -0.6865   -0.3530    0.6357
    0.1375    0.7955    0.5902
...   127 G-C ...
   30.0223  -64.9871   31.4070
   -0.9761    0.1290   -0.1749
   -0.2173   -0.5818    0.7838
   -0.0006    0.8031    0.5959
...   128 A-T ...
   30.1039  -62.3092   33.2144
   -0.9352   -0.2692    0.2302
    0.3476   -0.5725    0.7426
   -0.0681    0.7744    0.6290
...   129 C-G ...
   29.4945  -59.5501   34.7965
   -0.6474   -0.5701    0.5059
    0.7519   -0.3689    0.5464
   -0.1249    0.7341    0.6675
...   130 C-G ...
   28.5594  -57.0881   36.8766
   -0.1762   -0.7826    0.5971
    0.9669   -0.0241    0.2538
   -0.1843    0.6221    0.7609
...   131 A-T ...
   27.7202  -55.2668   39.5332
    0.3605   -0.7869    0.5008
    0.9109    0.4127   -0.0073
   -0.2009    0.4588    0.8655
...   132 A-T ...
   26.8898  -54.0878   42.4117
    0.7955   -0.4636    0.3901
    0.5719    0.7873   -0.2306
   -0.2002    0.4066    0.8914
...   133 A-T ...
   26.1912  -53.1329   45.4247
    0.9754    0.0449    0.2156
    0.0403    0.9260   -0.3753
   -0.2165    0.3748    0.9015
...   134 T-A ...
   25.6308  -52.5796   48.6349
    0.8597    0.5096    0.0340
   -0.4497    0.7867   -0.4230
   -0.2423    0.3484    0.9055
...   135 G-C ...
   25.2858  -52.4980   52.0750
    0.3205    0.9427   -0.0927
   -0.8825    0.2616   -0.3908
   -0.3442    0.2071    0.9158
...   136 T-A ...
   25.5355  -52.9668   55.8002
   -0.2443    0.9563   -0.1608
   -0.8908   -0.2868   -0.3525
   -0.3832    0.0571    0.9219
...   137 G-C ...
   24.9037  -52.7259   58.9821
   -0.7529    0.5562   -0.3519
   -0.5214   -0.8303   -0.1968
   -0.4017    0.0354    0.9151
...   138 A-T ...
   24.0249  -51.6261   61.9211
   -0.9563    0.0400   -0.2896
   -0.0523   -0.9980    0.0347
   -0.2877    0.0483    0.9565
...   139 G-C ...
   22.3574  -51.2299   64.4909
   -0.8529   -0.5117   -0.1032
    0.4973   -0.8566    0.1372
   -0.1586    0.0657    0.9852
...   140 C-G ...
   22.1608  -50.1386   67.4618
   -0.4681   -0.8749    0.1247
    0.8495   -0.4066    0.3363
   -0.2435    0.2633    0.9335
...   141 G-C ...
   21.4366  -51.8164   72.7856
    0.1304   -0.7141   -0.6877
    0.8897   -0.2218    0.3990
   -0.4375   -0.6639    0.6065
...   142 C-G ...
   20.4354  -54.2994   74.5395
    0.5847   -0.7390   -0.3347
    0.7593    0.3532    0.5466
   -0.2857   -0.5737    0.7676
...   143 T-A ...
   18.4377  -55.5190   76.5273
    0.8548   -0.5006    0.1370
    0.3188    0.7147    0.6225
   -0.4096   -0.4884    0.7705
...   144 C-G ...
   16.8484  -57.7126   78.2648
    0.8529   -0.0846    0.5152
   -0.1509    0.9047    0.3983
   -0.4998   -0.4175    0.7589
...   145 A-T ...
   15.7933  -59.5518   80.7963
    0.5515    0.4995    0.6681
   -0.6739    0.7388    0.0040
   -0.4915   -0.4525    0.7441
...   146 C-G ...
   15.7410  -61.4839   83.9296
    0.0342    0.7400    0.6718
   -0.8637    0.3601   -0.3527
   -0.5029   -0.5681    0.6514
...   147 A-T ...
   14.7481  -63.4170   86.8165
   -0.5923    0.6746    0.4405
   -0.6886   -0.1400   -0.7115
   -0.4183   -0.7247    0.5475
