  147 base-pairs
...     1 T-A ...
    0.0000    0.0000    0.0000
    1.0000    0.0000    0.0000
    0.0000    1.0000    0.0000
    0.0000    0.0000    1.0000
...     2 G-C ...
   -0.5555   -1.1003    3.3981
    0.7749    0.6051    0.1828
   -0.5991    0.7953   -0.0929
   -0.2016   -0.0375    0.9787
...     3 T-A ...
   -0.6619   -3.0237    6.5348
    0.3046    0.9250    0.2271
   -0.8994    0.3578   -0.2510
   -0.3134   -0.1278    0.9410
...     4 G-C ...
   -1.1607   -3.8418    9.6940
   -0.3351    0.9421    0.0133
   -0.8752   -0.3061   -0.3746
   -0.3489   -0.1372    0.9271
...     5 A-T ...
   -1.3881   -3.6770   12.8999
   -0.7835    0.6162   -0.0801
   -0.5677   -0.7622   -0.3109
   -0.2527   -0.1981    0.9470
...     6 G-C ...
   -2.6236   -3.5448   15.7072
   -0.9923    0.0611   -0.1075
   -0.0294   -0.9610   -0.2748
   -0.1201   -0.2695    0.9555
...     7 C-G ...
   -2.3138   -3.7570   18.8866
   -0.8620   -0.4995   -0.0864
    0.5008   -0.8655    0.0073
   -0.0785   -0.0370    0.9962
...     8 G-C ...
   -3.9561   -6.8109   23.3205
   -0.2581   -0.3560   -0.8981
    0.6294   -0.7673    0.1233
   -0.7330   -0.5335    0.4221
...     9 C-G ...
   -6.1177   -8.9414   24.2385
    0.1143   -0.7320   -0.6716
    0.8123   -0.3203    0.4874
   -0.5720   -0.6013    0.5580
...    10 T-A ...
   -8.5041   -9.6771   26.0540
    0.4660   -0.8587   -0.2131
    0.6274    0.1508    0.7640
   -0.6239   -0.4897    0.6090
...    11 C-G ...
  -11.0625  -11.3174   27.2336
    0.6660   -0.6911    0.2808
    0.3382    0.6152    0.7121
   -0.6649   -0.3794    0.6435
...    12 A-T ...
  -13.0013  -13.1789   29.0658
    0.7188   -0.1490    0.6790
   -0.1787    0.9043    0.3876
   -0.6718   -0.4000    0.6235
...    13 C-G ...
  -14.1788  -15.9359   31.3399
    0.4052    0.2865    0.8682
   -0.5270    0.8492   -0.0343
   -0.7470   -0.4437    0.4951
...    14 A-T ...
  -15.9532  -18.1566   33.3080
   -0.1503    0.6873    0.7107
   -0.6106    0.5008   -0.6135
   -0.7776   -0.5261    0.3444
...    15 A-T ...
  -18.2905  -19.9861   34.6814
   -0.5271    0.8196    0.2246
   -0.3990   -0.0053   -0.9169
   -0.7503   -0.5729    0.3299
...    16 T-A ...
  -20.5187  -21.7481   36.4269
   -0.6873    0.6705   -0.2795
   -0.0540   -0.4309   -0.9008
   -0.7244   -0.6040    0.3324
...    17 T-A ...
  -22.8209  -23.6112   37.8162
   -0.6202    0.2489   -0.7439
    0.3870   -0.7278   -0.5662
   -0.6823   -0.6391    0.3550
...    18 T-A ...
  -25.1133  -25.5075   39.1517
   -0.2854   -0.2428   -0.9271
    0.6985   -0.7151   -0.0278
   -0.6562   -0.6556    0.3737
...    19 A-T ...
  -27.0529  -27.8958   40.5342
    0.2475   -0.5993   -0.7613
    0.7332   -0.3978    0.5515
   -0.6334   -0.6947    0.3409
...    20 T-A ...
  -29.4884  -30.0027   41.1390
    0.6053   -0.6981   -0.3823
    0.5053   -0.0341    0.8623
   -0.6150   -0.7152    0.3321
...    21 T-A ...
  -31.4812  -32.3889   42.0290
    0.8130   -0.5582    0.1654
    0.0609    0.3640    0.9294
   -0.5790   -0.7456    0.3299
...    22 C-G ...
  -33.1847  -34.9692   43.1117
    0.7206   -0.1917    0.6663
   -0.4538    0.5962    0.6623
   -0.5242   -0.7796    0.3426
...    23 G-C ...
  -34.8616  -37.4215   44.7490
    0.3804    0.2662    0.8857
   -0.8249    0.5306    0.1948
   -0.4181   -0.8047    0.4214
...    24 C-G ...
  -35.7783  -40.2050   46.3774
   -0.1409    0.5395    0.8301
   -0.9112    0.2571   -0.3218
   -0.3870   -0.8018    0.4554
...    25 A-T ...
  -37.3194  -42.7958   47.8347
   -0.6441    0.6212    0.4464
   -0.6550   -0.1465   -0.7413
   -0.3951   -0.7698    0.5013
...    26 A-T ...
  -38.4157  -45.2462   49.7065
   -0.9280    0.3674   -0.0620
   -0.1301   -0.4754   -0.8701
   -0.3491   -0.7994    0.4890
...    27 A-T ...
  -39.5125  -47.7157   51.5462
   -0.8344   -0.0231   -0.5507
    0.4599   -0.5798   -0.6725
   -0.3037   -0.8144    0.4944
...    28 G-C ...
  -40.6873  -50.2851   53.3331
   -0.4228   -0.2945   -0.8570
    0.8504   -0.4557   -0.2629
   -0.3131   -0.8400    0.4431
...    29 G-C ...
  -41.9258  -53.0297   54.8839
    0.1576   -0.4181   -0.8946
    0.9430   -0.2052    0.2620
   -0.2931   -0.8849    0.3619
...    30 C-G ...
  -43.2565  -55.9205   55.8416
    0.6730   -0.4035   -0.6199
    0.6954    0.0599    0.7161
   -0.2518   -0.9130    0.3209
...    31 C-G ...
  -44.0792  -59.1042   56.5955
    0.9677   -0.2015   -0.1512
    0.1991    0.2437    0.9492
   -0.1544   -0.9487    0.2760
...    32 G-C ...
  -44.2744  -62.2432   57.8643
    0.9196    0.0962    0.3809
   -0.3927    0.2528    0.8842
   -0.0112   -0.9627    0.2702
...    33 G-C ...
  -43.8139  -65.4959   58.7175
    0.5395    0.2997    0.7869
   -0.8382    0.1030    0.5355
    0.0794   -0.9485    0.3068
...    34 C-G ...
  -43.0345  -68.5773   59.7820
   -0.0313    0.3326    0.9426
   -0.9931   -0.1169    0.0083
    0.1129   -0.9358    0.3339
...    35 C-G ...
  -42.4267  -71.6053   61.2191
   -0.5985    0.2511    0.7608
   -0.7928   -0.3220   -0.5175
    0.1150   -0.9129    0.3917
...    36 C-G ...
  -41.9584  -74.5697   62.8338
   -0.9493    0.0649    0.3075
   -0.3051   -0.4256   -0.8519
    0.0756   -0.9026    0.4238
...    37 G-C ...
  -41.7053  -77.8028   63.8419
   -0.9492   -0.1305   -0.2865
    0.3148   -0.3815   -0.8691
    0.0042   -0.9151    0.4032
...    38 A-T ...
  -41.6440  -80.7805   65.2747
   -0.5610   -0.3120   -0.7668
    0.8278   -0.2089   -0.5206
    0.0022   -0.9268    0.3755
...    39 C-G ...
  -42.2108  -83.7307   66.6939
   -0.0241   -0.3410   -0.9398
    0.9997   -0.0052   -0.0237
    0.0032   -0.9401    0.3410
...    40 A-T ...
  -41.9396  -86.8862   67.8353
    0.5628   -0.1661   -0.8097
    0.8250    0.1733    0.5379
    0.0510   -0.9708    0.2346
...    41 C-G ...
  -42.1293  -90.1746   68.0866
    0.9141   -0.0010   -0.4056
    0.3961    0.2177    0.8921
    0.0874   -0.9760    0.1993
...    42 G-C ...
  -41.4589  -93.3657   69.0321
    0.9575    0.2421    0.1568
   -0.1892    0.1166    0.9750
    0.2177   -0.9632    0.1575
...    43 A-T ...
  -40.5451  -96.5035   69.5187
    0.6397    0.2892    0.7122
   -0.7238   -0.0855    0.6847
    0.2589   -0.9534    0.1546
...    44 C-G ...
  -39.0645  -99.4981   69.7935
    0.1389    0.2066    0.9685
   -0.9491   -0.2515    0.1897
    0.2828   -0.9456    0.1611
...    45 T-A ...
  -37.8010 -102.5246   70.4945
   -0.4216    0.0557    0.9051
   -0.8569   -0.3510   -0.3776
    0.2967   -0.9347    0.1957
...    46 T-A ...
  -36.5707 -105.4598   71.2502
   -0.8368   -0.2098    0.5057
   -0.4372   -0.3000   -0.8479
    0.3296   -0.9306    0.1593
...    47 A-T ...
  -35.3803 -108.6783   71.1918
   -0.8975   -0.3989   -0.1883
    0.2265   -0.0506   -0.9727
    0.3785   -0.9156    0.1358
...    48 C-G ...
  -34.3960 -111.7099   72.2007
   -0.6373   -0.3402   -0.6915
    0.6770    0.1816   -0.7133
    0.3682   -0.9227    0.1146
...    49 T-A ...
  -33.4420 -114.8768   72.6526
   -0.1854   -0.1179   -0.9756
    0.9178    0.3340   -0.2148
    0.3512   -0.9352    0.0463
...    50 G-C ...
  -32.0389 -117.9366   72.6363
    0.3405    0.2123   -0.9160
    0.8624    0.3176    0.3942
    0.3746   -0.9242   -0.0749
...    51 T-A ...
  -31.2240 -121.0554   71.9217
    0.7299    0.3963   -0.5569
    0.5500    0.1431    0.8228
    0.4058   -0.9069   -0.1135
...    52 A-T ...
  -29.6430 -124.0229   71.6899
    0.8843    0.4600    0.0794
   -0.0012   -0.1679    0.9858
    0.4668   -0.8719   -0.1479
...    53 G-C ...
  -27.8888 -126.7630   70.9446
    0.7091    0.3398    0.6179
   -0.4702   -0.4251    0.7734
    0.5255   -0.8389   -0.1417
...    54 G-C ...
  -25.7343 -129.3625   70.5210
    0.2842    0.0841    0.9551
   -0.7636   -0.5826    0.2785
    0.5798   -0.8084   -0.1014
...    55 T-A ...
  -23.2845 -131.6546   70.2496
   -0.1837   -0.2506    0.9505
   -0.7895   -0.5385   -0.2945
    0.5856   -0.8045   -0.0989
...    56 A-T ...
  -21.6906 -134.5977   69.3778
   -0.6271   -0.6155    0.4774
   -0.4681   -0.1921   -0.8625
    0.6226   -0.7644   -0.1677
...    57 T-A ...
  -19.4352 -137.0396   69.4745
   -0.7661   -0.6403   -0.0554
   -0.0746    0.1742   -0.9819
    0.6384   -0.7481   -0.1813
...    58 C-G ...
  -17.2701 -139.5011   68.9611
   -0.6673   -0.3788   -0.6413
    0.3999    0.5443   -0.7375
    0.6284   -0.7486   -0.2117
...    59 T-A ...
  -15.3798 -142.1846   68.3437
   -0.3816    0.0393   -0.9235
    0.7029    0.6612   -0.2623
    0.6003   -0.7492   -0.2799
...    60 C-G ...
  -13.4455 -144.6756   67.3994
    0.0827    0.4738   -0.8768
    0.7935    0.5009    0.3455
    0.6029   -0.7243   -0.3345
...    61 G-C ...
  -11.0833 -146.8478   66.2849
    0.4313    0.7722   -0.4665
    0.6344    0.1080    0.7654
    0.6415   -0.6261   -0.4433
...    62 A-T ...
   -8.9173 -148.7645   64.7107
    0.6962    0.7092    0.1114
    0.2685   -0.4011    0.8758
    0.6658   -0.5798   -0.4697
...    63 G-C ...
   -6.6167 -150.4104   62.9369
    0.6898    0.4000    0.6035
   -0.1332   -0.7492    0.6488
    0.7116   -0.5279   -0.4635
...    64 C-G ...
   -3.9655 -151.7383   61.3568
    0.4766   -0.0887    0.8747
   -0.4761   -0.8624    0.1720
    0.7391   -0.4984   -0.4532
...    65 T-A ...
   -1.2475 -153.1659   59.9929
    0.1129   -0.5516    0.8264
   -0.6399   -0.6767   -0.3643
    0.7601   -0.4877   -0.4294
...    66 C-G ...
    1.3538 -154.7405   58.6387
   -0.3007   -0.8590    0.4144
   -0.5753   -0.1832   -0.7971
    0.7606   -0.4781   -0.4391
...    67 G-C ...
    3.7164 -156.2524   56.7143
   -0.6361   -0.7636   -0.1111
   -0.2944    0.3733   -0.8798
    0.7132   -0.5269   -0.4622
...    68 G-C ...
    6.2583 -158.0740   55.3616
   -0.7457   -0.3719   -0.5528
    0.1055    0.7534   -0.6491
    0.6578   -0.5423   -0.5226
...    69 G-C ...
    8.4811 -160.0776   53.7593
   -0.6244    0.1710   -0.7622
    0.4977    0.8391   -0.2195
    0.6020   -0.5164   -0.6090
...    70 A-T ...
   10.4261 -161.8010   51.7632
   -0.2476    0.6720   -0.6979
    0.7734    0.5710    0.2753
    0.5835   -0.4716   -0.6611
...    71 T-A ...
   11.7600 -163.5138   49.3198
    0.1599    0.8864   -0.4345
    0.7982    0.1428    0.5852
    0.5807   -0.4404   -0.6847
...    72 C-G ...
   13.6761 -164.7453   46.9643
    0.5720    0.8194    0.0389
    0.5704   -0.4314    0.6989
    0.5895   -0.3776   -0.7141
...    73 C-G ...
   15.8332 -165.5160   44.4680
    0.7499    0.4570    0.4783
    0.1932   -0.8428    0.5024
    0.6327   -0.2843   -0.7203
...    74 G-C ...
   18.2759 -166.7254   42.4183
    0.6825   -0.1161    0.7217
   -0.2312   -0.9709    0.0625
    0.6934   -0.2095   -0.6894
...    75 C-G ...
   20.8666 -167.1010   40.2866
    0.4230   -0.6542    0.6270
   -0.5652   -0.7313   -0.3818
    0.7082   -0.1929   -0.6791
...    76 T-A ...
   23.4748 -167.6412   38.2241
    0.0238   -0.9530    0.3022
   -0.7008   -0.2315   -0.6748
    0.7130   -0.1957   -0.6733
...    77 T-A ...
   26.0145 -168.1568   36.2189
   -0.3675   -0.9065   -0.2078
   -0.5957    0.4010   -0.6959
    0.7142   -0.1320   -0.6874
...    78 T-A ...
   28.5032 -168.6451   34.1619
   -0.6375   -0.4857   -0.5981
   -0.2792    0.8691   -0.4082
    0.7181   -0.0933   -0.6897
...    79 A-T ...
   30.9447 -168.6110   31.8082
   -0.7105    0.1847   -0.6790
    0.1801    0.9805    0.0782
    0.6802   -0.0667   -0.7299
...    80 A-T ...
   33.0570 -168.9445   29.3763
   -0.5029    0.7245   -0.4714
    0.5623    0.6884    0.4581
    0.6564   -0.0347   -0.7536
...    81 C-G ...
   34.7230 -169.2940   26.5606
   -0.1610    0.9817   -0.1019
    0.7603    0.1892    0.6215
    0.6294    0.0226   -0.7768
...    82 A-T ...
   36.9840 -168.9751   24.0707
    0.2388    0.8950    0.3769
    0.7520   -0.4160    0.5113
    0.6144    0.1613   -0.7723
...    83 C-G ...
   38.5901 -167.9093   21.3537
    0.5948    0.5159    0.6165
    0.5234   -0.8306    0.1900
    0.6101    0.2096   -0.7641
...    84 T-A ...
   40.6358 -166.8131   18.9345
    0.7703   -0.0515    0.6356
    0.1303   -0.9630   -0.2359
    0.6242    0.2645   -0.7351
...    85 T-A ...
   42.6500 -165.6366   16.6319
    0.7315   -0.6102    0.3042
   -0.3710   -0.7306   -0.5732
    0.5720    0.3065   -0.7608
...    86 T-A ...
   44.6216 -164.3614   14.3359
    0.3932   -0.9024   -0.1762
   -0.7559   -0.2082   -0.6206
    0.5234    0.3772   -0.7640
...    87 A-T ...
   45.5846 -162.6610   11.4094
   -0.2070   -0.7276   -0.6540
   -0.8469    0.4680   -0.2525
    0.4898    0.5016   -0.7131
...    88 T-A ...
   47.7060 -161.4134    9.1769
   -0.6202   -0.3574   -0.6983
   -0.6170    0.7720    0.1529
    0.4845    0.5257   -0.6992
...    89 C-G ...
   49.4145 -159.6679    6.9272
   -0.8912    0.1694   -0.4207
   -0.1140    0.8141    0.5694
    0.4390    0.5554   -0.7063
...    90 A-T ...
   50.9032 -157.5745    4.7218
   -0.8372    0.5382    0.0973
    0.4427    0.5626    0.6982
    0.3210    0.6276   -0.7093
...    91 T-A ...
   51.4719 -155.7797    2.0498
   -0.5002    0.7253    0.4730
    0.8148    0.2093    0.5406
    0.2931    0.6558   -0.6957
...    92 G-C ...
   52.5410 -153.2909    0.0193
    0.0438    0.6177    0.7852
    0.9704   -0.2131    0.1135
    0.2375    0.7570   -0.6088
...    93 T-A ...
   52.7665 -150.4845   -1.7332
    0.5612    0.3716    0.7396
    0.7952   -0.4900   -0.3571
    0.2297    0.7885   -0.5705
...    94 T-A ...
   53.3601 -147.7526   -3.4148
    0.9344    0.0264    0.3553
    0.2994   -0.5990   -0.7427
    0.1932    0.8003   -0.5676
...    95 A-T ...
   53.8498 -145.4561   -6.0238
    0.8870   -0.3027   -0.3487
   -0.4561   -0.4570   -0.7636
    0.0718    0.8363   -0.5435
...    96 T-A ...
   54.5108 -142.4329   -7.3033
    0.5032   -0.4561   -0.7340
   -0.8635   -0.2321   -0.4477
    0.0338    0.8591   -0.5107
...    97 A-T ...
   53.6176 -139.3942   -8.8637
   -0.2697   -0.3681   -0.8898
   -0.9629    0.0967    0.2519
   -0.0066    0.9248   -0.3805
...    98 A-T ...
   53.8376 -136.3862  -10.1230
   -0.7993   -0.2044   -0.5651
   -0.6009    0.2626    0.7550
   -0.0059    0.9430   -0.3327
...    99 C-G ...
   54.0762 -133.4678  -11.7047
   -0.9971   -0.0633   -0.0422
   -0.0602    0.3169    0.9465
   -0.0465    0.9463   -0.3198
...   100 G-C ...
   53.9953 -130.1175  -12.3755
   -0.8296   -0.0202    0.5580
    0.5287    0.2931    0.7966
   -0.1796    0.9559   -0.2325
...   101 G-C ...
   53.0802 -126.9679  -13.1639
   -0.3622    0.0264    0.9317
    0.8971    0.2812    0.3407
   -0.2530    0.9593   -0.1256
...   102 A-T ...
   52.1551 -123.8177  -13.3688
    0.2703    0.1287    0.9541
    0.9231    0.2470   -0.2948
   -0.2737    0.9604   -0.0521
...   103 T-A ...
   50.7478 -120.8577  -13.1019
    0.7161    0.2252    0.6607
    0.6403    0.1647   -0.7502
   -0.2778    0.9603   -0.0263
...   104 G-C ...
   50.2266 -117.5278  -13.2703
    0.9727    0.2231    0.0634
    0.0512    0.0601   -0.9969
   -0.2262    0.9730    0.0471
...   105 C-G ...
   49.7521 -114.2250  -12.7096
    0.8226    0.2128   -0.5273
   -0.5303   -0.0479   -0.8465
   -0.2054    0.9759    0.0734
...   106 T-A ...
   49.3529 -110.9008  -12.2819
    0.3675    0.1450   -0.9187
   -0.9105   -0.1453   -0.3872
   -0.1896    0.9787    0.0787
...   107 T-A ...
   48.9947 -107.6695  -11.8391
   -0.2849    0.0897   -0.9543
   -0.9373   -0.2347    0.2577
   -0.2009    0.9679    0.1509
...   108 C-G ...
   48.4364 -104.4338  -11.2381
   -0.8089   -0.0861   -0.5817
   -0.5435   -0.2681    0.7955
   -0.2244    0.9595    0.1700
...   109 C-G ...
   47.8431 -101.1091  -10.7960
   -0.9500   -0.3104   -0.0339
    0.0260   -0.1868    0.9821
   -0.3112    0.9321    0.1855
...   110 G-C ...
   46.9280  -97.9953   -9.7198
   -0.7036   -0.4929    0.5119
    0.5772    0.0238    0.8163
   -0.4145    0.8698    0.2677
...   111 G-C ...
   45.2805  -95.1762   -8.8608
   -0.2032   -0.4944    0.8451
    0.8642    0.3152    0.3922
   -0.4603    0.8101    0.3632
...   112 C-G ...
   43.3375  -92.8119   -7.5548
    0.3482   -0.2865    0.8926
    0.8149    0.5632   -0.1371
   -0.4634    0.7751    0.4296
...   113 T-A ...
   41.6949  -90.4978   -5.8028
    0.7751    0.0177    0.6316
    0.4585    0.6720   -0.5816
   -0.4347    0.7404    0.5127
...   114 C-G ...
   40.4399  -88.0917   -3.9107
    0.9007    0.4138    0.1323
   -0.1317    0.5503   -0.8245
   -0.4140    0.7252    0.5501
...   115 G-C ...
   39.1726  -85.3110   -2.3778
    0.6600    0.6240   -0.4185
   -0.6725    0.2422   -0.6994
   -0.3350    0.7430    0.5794
...   116 T-A ...
   38.6137  -82.8727   -0.0957
    0.1661    0.6590   -0.7336
   -0.9282   -0.1468   -0.3420
   -0.3331    0.7376    0.5873
...   117 A-T ...
   36.7225  -80.8544    2.0765
   -0.5812    0.4342   -0.6882
   -0.7517   -0.6104    0.2497
   -0.3117    0.6625    0.6812
...   118 T-A ...
   36.1398  -78.2413    4.0536
   -0.9011    0.0546   -0.4302
   -0.3171   -0.7596    0.5679
   -0.2958    0.6481    0.7018
...   119 A-T ...
   35.3096  -76.5226    6.9389
   -0.8810   -0.4650    0.0870
    0.3924   -0.6156    0.6834
   -0.2642    0.6362    0.7248
...   120 A-T ...
   34.3434  -74.3790    9.1875
   -0.4672   -0.7477    0.4719
    0.8449   -0.2203    0.4874
   -0.2604    0.6264    0.7347
...   121 T-A ...
   32.8836  -72.3781   11.3548
    0.0520   -0.7625    0.6448
    0.9640    0.2070    0.1670
   -0.2608    0.6129    0.7459
...   122 G-C ...
   32.3415  -70.3976   14.0474
    0.6484   -0.5439    0.5327
    0.7269    0.6503   -0.2208
   -0.2263    0.5304    0.8170
...   123 T-A ...
   31.3902  -69.2179   17.0181
    0.9494   -0.1105    0.2941
    0.2428    0.8522   -0.4635
   -0.1994    0.5115    0.8358
...   124 G-C ...
   30.9766  -67.2282   19.7217
    0.9096    0.4001   -0.1121
   -0.3990    0.7657   -0.5045
   -0.1161    0.5036    0.8561
...   125 T-A ...
   31.0735  -65.9299   22.8267
    0.5312    0.7553   -0.3839
   -0.8412    0.4159   -0.3455
   -0.1013    0.5064    0.8563
...   126 C-G ...
   30.8442  -64.2241   25.6798
   -0.1154    0.8492   -0.5153
   -0.9887   -0.1480   -0.0224
   -0.0953    0.5069    0.8567
...   127 G-C ...
   30.0700  -62.6614   28.6298
   -0.6842    0.5494   -0.4796
   -0.7171   -0.6266    0.3052
   -0.1329    0.5527    0.8227
...   128 A-T ...
   29.7195  -60.8097   31.3685
   -0.9803    0.0288   -0.1953
   -0.1302   -0.8380    0.5300
   -0.1484    0.5450    0.8252
...   129 C-G ...
   29.1600  -58.5131   33.7390
   -0.8826   -0.4564    0.1127
    0.4384   -0.7123    0.5481
   -0.1699    0.5332    0.8288
...   130 C-G ...
   28.3860  -56.6363   36.4609
   -0.4500   -0.8276    0.3355
    0.8650   -0.3104    0.3943
   -0.2221    0.4676    0.8556
...   131 A-T ...
   27.9403  -55.1726   39.4794
    0.1903   -0.8878    0.4190
    0.9546    0.2670    0.1323
   -0.2293    0.3748    0.8983
...   132 A-T ...
   27.0478  -54.0979   42.4184
    0.7259   -0.5532    0.4086
    0.6485    0.7484   -0.1389
   -0.2290    0.3658    0.9021
...   133 A-T ...
   26.2531  -53.1225   45.4241
    0.9687    0.0101    0.2480
    0.0795    0.9338   -0.3489
   -0.2351    0.3577    0.9038
...   134 T-A ...
   25.6309  -52.5797   48.6349
    0.8597    0.5096    0.0340
   -0.4497    0.7867   -0.4230
   -0.2423    0.3484    0.9055
...   135 G-C ...
   25.2860  -52.4981   52.0750
    0.3205    0.9427   -0.0927
   -0.8825    0.2616   -0.3908
   -0.3441    0.2071    0.9158
...   136 T-A ...
   25.5357  -52.9668   55.8002
   -0.2443    0.9563   -0.1608
   -0.8908   -0.2868   -0.3525
   -0.3832    0.0571    0.9219
...   137 G-C ...
   24.9039  -52.7260   58.9821
   -0.7529    0.5562   -0.3519
   -0.5214   -0.8303   -0.1968
   -0.4017    0.0354    0.9151
...   138 A-T ...
   24.0251  -51.6261   61.9211
   -0.9563    0.0400   -0.2896
   -0.0523   -0.9980    0.0347
   -0.2877    0.0483    0.9565
...   139 G-C ...
   22.3575  -51.2300   64.4909
   -0.8529   -0.5117   -0.1032
    0.4973   -0.8566    0.1372
   -0.1586    0.0657    0.9852
...   140 C-G ...
   22.1610  -50.1386   67.4618
   -0.4681   -0.8749    0.1247
    0.8495   -0.4066    0.3363
   -0.2435    0.2633    0.9335
...   141 G-C ...
   21.4368  -51.8164   72.7856
    0.1304   -0.7141   -0.6877
    0.8897   -0.2218    0.3990
   -0.4375   -0.6639    0.6065
...   142 C-G ...
   20.4356  -54.2994   74.5395
    0.5847   -0.7390   -0.3347
    0.7593    0.3532    0.5466
   -0.2857   -0.5737    0.7676
...   143 T-A ...
   18.4379  -55.5190   76.5273
    0.8548   -0.5006    0.1370
    0.3188    0.7147    0.6225
   -0.4096   -0.4884    0.7705
...   144 C-G ...
   16.8486  -57.7126   78.2648
    0.8529   -0.0846    0.5152
   -0.1509    0.9047    0.3983
   -0.4998   -0.4175    0.7589
...   145 A-T ...
   15.7934  -59.5518   80.7963
    0.5515    0.4995    0.6681
   -0.6739    0.7388    0.0040
   -0.4915   -0.4525    0.7441
...   146 C-G ...
   15.7412  -61.4839   83.9296
    0.0342    0.7400    0.6718
   -0.8637    0.3601   -0.3527
   -0.5029   -0.5681    0.6514
...   147 A-T ...
   14.7483  -63.4171   86.8165
   -0.5923    0.6746    0.4405
   -0.6886   -0.1400   -0.7115
   -0.4183   -0.7247    0.5475
