  147 base-pairs
...     1 T-A ...
    0.0000    0.0000    0.0000
    1.0000    0.0000    0.0000
    0.0000    1.0000    0.0000
    0.0000    0.0000    1.0000
...     2 G-C ...
   -0.5555   -1.1003    3.3981
    0.7749    0.6051    0.1828
   -0.5991    0.7953   -0.0929
   -0.2016   -0.0375    0.9787
...     3 T-A ...
   -0.6619   -3.0237    6.5348
    0.3046    0.9250    0.2271
   -0.8994    0.3578   -0.2510
   -0.3134   -0.1278    0.9410
...     4 G-C ...
   -1.1607   -3.8418    9.6940
   -0.3351    0.9421    0.0133
   -0.8752   -0.3061   -0.3746
   -0.3489   -0.1372    0.9271
...     5 A-T ...
   -1.3881   -3.6770   12.8999
   -0.7835    0.6162   -0.0801
   -0.5677   -0.7622   -0.3109
   -0.2527   -0.1981    0.9470
...     6 G-C ...
   -2.6236   -3.5448   15.7072
   -0.9923    0.0611   -0.1075
   -0.0294   -0.9610   -0.2748
   -0.1201   -0.2695    0.9555
...     7 C-G ...
   -2.3138   -3.7570   18.8866
   -0.8620   -0.4995   -0.0864
    0.5008   -0.8655    0.0073
   -0.0785   -0.0370    0.9962
...     8 G-C ...
   -3.9561   -6.8109   23.3205
   -0.2581   -0.3560   -0.8981
    0.6294   -0.7673    0.1233
   -0.7330   -0.5335    0.4221
...     9 C-G ...
   -6.1177   -8.9414   24.2385
    0.1143   -0.7320   -0.6716
    0.8123   -0.3203    0.4874
   -0.5720   -0.6013    0.5580
...    10 T-A ...
   -8.5041   -9.6771   26.0540
    0.4660   -0.8587   -0.2131
    0.6274    0.1508    0.7640
   -0.6239   -0.4897    0.6090
...    11 C-G ...
  -11.0625  -11.3174   27.2336
    0.6660   -0.6911    0.2808
    0.3382    0.6152    0.7121
   -0.6649   -0.3794    0.6435
...    12 A-T ...
  -13.0013  -13.1789   29.0658
    0.7188   -0.1490    0.6790
   -0.1787    0.9043    0.3876
   -0.6718   -0.4000    0.6235
...    13 C-G ...
  -14.1788  -15.9359   31.3399
    0.4052    0.2865    0.8682
   -0.5270    0.8492   -0.0343
   -0.7470   -0.4437    0.4951
...    14 A-T ...
  -15.9532  -18.1566   33.3080
   -0.1503    0.6873    0.7107
   -0.6106    0.5008   -0.6135
   -0.7776   -0.5261    0.3444
...    15 A-T ...
  -18.2877  -19.9806   34.6920
   -0.5271    0.8192    0.2262
   -0.4029   -0.0065   -0.9152
   -0.7482   -0.5735    0.3335
...    16 T-A ...
  -20.5038  -21.7451   36.4543
   -0.6921    0.6671   -0.2756
   -0.0584   -0.4323   -0.8998
   -0.7194   -0.6067    0.3382
...    17 T-A ...
  -22.7823  -23.6141   37.8800
   -0.6321    0.2388   -0.7372
    0.3876   -0.7263   -0.5677
   -0.6710   -0.6446    0.3665
...    18 T-A ...
  -25.0352  -25.5218   39.2714
   -0.2989   -0.2562   -0.9193
    0.7083   -0.7051   -0.0338
   -0.6395   -0.6612    0.3922
...    19 A-T ...
  -26.8841  -27.9283   40.7487
    0.2396   -0.6101   -0.7553
    0.7529   -0.3744    0.5412
   -0.6130   -0.6983    0.3696
...    20 T-A ...
  -29.2662  -30.0624   41.4580
    0.6080   -0.6946   -0.3844
    0.5284   -0.0073    0.8490
   -0.5925   -0.7193    0.3626
...    21 T-A ...
  -31.1832  -32.4651   42.4551
    0.8308   -0.5361    0.1495
    0.0819    0.3835    0.9199
   -0.5505   -0.7520    0.3625
...    22 C-G ...
  -32.7872  -35.0569   43.6423
    0.7512   -0.1585    0.6408
   -0.4436    0.5977    0.6679
   -0.4888   -0.7859    0.3786
...    23 G-C ...
  -34.2972  -37.5294   45.4024
    0.4153    0.2997    0.8589
   -0.8306    0.5099    0.2237
   -0.3709   -0.8064    0.4606
...    24 C-G ...
  -35.0234  -40.2862   47.1598
   -0.1131    0.5574    0.8225
   -0.9359    0.2183   -0.2766
   -0.3338   -0.8010    0.4969
...    25 A-T ...
  -36.3811  -42.8701   48.7990
   -0.6371    0.6130    0.4672
   -0.6937   -0.1918   -0.6942
   -0.3360   -0.7664    0.5475
...    26 A-T ...
  -37.2684  -45.2910   50.8162
   -0.9438    0.3304   -0.0125
   -0.1669   -0.5087   -0.8446
   -0.2854   -0.7951    0.5352
...    27 A-T ...
  -38.1404  -47.7320   52.8119
   -0.8678   -0.0796   -0.4904
    0.4394   -0.5836   -0.6829
   -0.2319   -0.8081    0.5414
...    28 G-C ...
  -39.0619  -50.2799   54.7727
   -0.4671   -0.3496   -0.8121
    0.8515   -0.4255   -0.3065
   -0.2384   -0.8347    0.4965
...    29 G-C ...
  -40.0295  -53.0025   56.5432
    0.1140   -0.4504   -0.8855
    0.9695   -0.1441    0.1981
   -0.2168   -0.8811    0.4203
...    30 C-G ...
  -41.1270  -55.8993   57.7471
    0.6460   -0.3967   -0.6521
    0.7434    0.1330    0.6555
   -0.1733   -0.9082    0.3809
...    31 C-G ...
  -41.7282  -59.0710   58.7231
    0.9630   -0.1531   -0.2220
    0.2598    0.3057    0.9160
   -0.0724   -0.9397    0.3342
...    32 G-C ...
  -41.6360  -62.1418   60.1490
    0.9408    0.1766    0.2894
   -0.3300    0.2810    0.9012
    0.0778   -0.9433    0.3226
...    33 G-C ...
  -40.8690  -65.2962   61.1296
    0.5873    0.3860    0.7114
   -0.7901    0.0830    0.6073
    0.1754   -0.9187    0.3538
...    34 C-G ...
  -39.7592  -68.2267   62.3039
    0.0353    0.3962    0.9175
   -0.9762   -0.1830    0.1165
    0.2141   -0.8997    0.3803
...    35 C-G ...
  -38.7871  -71.0762   63.8951
   -0.5372    0.2667    0.8002
   -0.8131   -0.4158   -0.4073
    0.2241   -0.8695    0.4403
...    36 C-G ...
  -37.9507  -73.8536   65.6829
   -0.9152    0.0210    0.4025
   -0.3548   -0.5160   -0.7797
    0.1914   -0.8563    0.4797
...    37 G-C ...
  -37.3567  -76.9631   66.9044
   -0.9587   -0.2289   -0.1687
    0.2555   -0.4331   -0.8644
    0.1248   -0.8718    0.4737
...    38 A-T ...
  -36.8902  -79.7832   68.5681
   -0.6062   -0.4283   -0.6701
    0.7854   -0.1897   -0.5892
    0.1252   -0.8835    0.4514
...    39 C-G ...
  -37.0315  -82.6220   70.2984
   -0.0886   -0.4341   -0.8965
    0.9880    0.0762   -0.1345
    0.1267   -0.8976    0.4221
...    40 A-T ...
  -36.3359  -85.5981   71.7053
    0.4909   -0.2018   -0.8475
    0.8547    0.3003    0.4235
    0.1691   -0.9323    0.3199
...    41 C-G ...
  -36.1785  -88.8423   72.3023
    0.8630    0.0352   -0.5040
    0.4621    0.3481    0.8156
    0.2042   -0.9368    0.2842
...    42 G-C ...
  -35.1244  -91.8403   73.4868
    0.9379    0.3464    0.0177
   -0.0968    0.2123    0.9724
    0.3331   -0.9137    0.2327
...    43 A-T ...
  -33.8436  -94.7962   74.1972
    0.6772    0.4351    0.5934
   -0.6320   -0.0690    0.7719
    0.3768   -0.8977    0.2283
...    44 C-G ...
  -32.0226  -97.5676   74.6298
    0.2199    0.3431    0.9132
   -0.8883   -0.3165    0.3328
    0.4032   -0.8844    0.2352
...    45 T-A ...
  -30.3534 -100.3281   75.5320
   -0.3226    0.1368    0.9366
   -0.8472   -0.4830   -0.2212
    0.4221   -0.8648    0.2717
...    46 T-A ...
  -28.7204 -102.9910   76.4982
   -0.7455   -0.2180    0.6299
   -0.4910   -0.4594   -0.7401
    0.4507   -0.8610    0.2354
...    47 A-T ...
  -27.1862 -106.0510   76.7174
   -0.8585   -0.5126   -0.0179
    0.1213   -0.1689   -0.9781
    0.4983   -0.8419    0.2072
...    48 C-G ...
  -25.7406 -108.7875   77.9918
   -0.6632   -0.5056   -0.5518
    0.5664    0.1429   -0.8116
    0.4892   -0.8509    0.1916
...    49 T-A ...
  -24.3585 -111.7301   78.7543
   -0.2744   -0.2874   -0.9177
    0.8391    0.3945   -0.3744
    0.4697   -0.8728    0.1329
...    50 G-C ...
  -22.5848 -114.5754   79.0123
    0.2102    0.0992   -0.9726
    0.8511    0.4710    0.2319
    0.4812   -0.8765    0.0146
...    51 T-A ...
  -21.4559 -117.6614   78.6788
    0.6076    0.3797   -0.6976
    0.6110    0.3376    0.7160
    0.5074   -0.8613   -0.0268
...    52 A-T ...
  -19.5476 -120.4315   78.6651
    0.8129    0.5718   -0.1108
    0.1328    0.0033    0.9911
    0.5671   -0.8204   -0.0732
...    53 G-C ...
  -17.5152 -123.0172   78.1256
    0.7152    0.5309    0.4546
   -0.3130   -0.3383    0.8875
    0.6250   -0.7770   -0.0757
...    54 G-C ...
  -15.0525 -125.3423   77.8363
    0.3716    0.2948    0.8803
   -0.6298   -0.6167    0.4723
    0.6821   -0.7299   -0.0435
...    55 T-A ...
  -12.3282 -127.2942   77.6325
   -0.0373   -0.0875    0.9955
   -0.7231   -0.6852   -0.0873
    0.6897   -0.7231   -0.0377
...    56 A-T ...
  -10.3749 -130.0874   77.1326
   -0.4681   -0.5807    0.6661
   -0.5231   -0.4254   -0.7385
    0.7122   -0.6941   -0.1047
...    57 T-A ...
   -7.7701 -132.1399   77.3833
   -0.6570   -0.7337    0.1733
   -0.2065   -0.0459   -0.9774
    0.7250   -0.6779   -0.1214
...    58 C-G ...
   -5.3210 -134.3540   77.0658
   -0.6613   -0.5935   -0.4587
    0.2273    0.4243   -0.8766
    0.7149   -0.6839   -0.1457
...    59 T-A ...
   -3.0982 -136.8260   76.7394
   -0.4752   -0.2155   -0.8531
    0.5537    0.6802   -0.4803
    0.6838   -0.7006   -0.2039
...    60 C-G ...
   -0.8835 -139.1707   76.0743
   -0.0854    0.2760   -0.9574
    0.7285    0.6728    0.1289
    0.6797   -0.6864   -0.2585
...    61 G-C ...
    1.6859 -141.1862   75.1574
    0.2438    0.7033   -0.6678
    0.6754    0.3710    0.6373
    0.6959   -0.6064   -0.3846
...    62 A-T ...
    3.9843 -143.0746   73.7582
    0.5642    0.8151   -0.1315
    0.4162   -0.1432    0.8979
    0.7131   -0.5613   -0.4200
...    63 G-C ...
    6.3666 -144.7023   72.0903
    0.6538    0.6364    0.4093
    0.0676   -0.5878    0.8062
    0.7537   -0.4994   -0.4273
...    64 C-G ...
    9.0652 -145.9032   70.5069
    0.5579    0.2040    0.8045
   -0.2851   -0.8632    0.4166
    0.7794   -0.4618   -0.4234
...    65 T-A ...
   11.8836 -147.1325   69.1696
    0.2860   -0.3040    0.9087
   -0.5212   -0.8452   -0.1187
    0.8041   -0.4397   -0.4002
...    66 C-G ...
   14.6302 -148.5276   67.9222
   -0.0890   -0.7668    0.6356
   -0.5861   -0.4756   -0.6559
    0.8053   -0.4309   -0.4072
...    67 G-C ...
   17.0880 -150.0632   66.1544
   -0.4713   -0.8694    0.1483
   -0.4251    0.0766   -0.9019
    0.7728   -0.4881   -0.4057
...    68 G-C ...
   19.8451 -151.6929   64.9925
   -0.6852   -0.6340   -0.3585
   -0.0964    0.5668   -0.8182
    0.7219   -0.5260   -0.4495
...    69 G-C ...
   22.3388 -153.5923   63.6839
   -0.6904   -0.1549   -0.7066
    0.2937    0.8326   -0.4695
    0.6611   -0.5317   -0.5294
...    70 A-T ...
   24.4987 -155.3754   61.9819
   -0.4247    0.4050   -0.8097
    0.6452    0.7628    0.0430
    0.6350   -0.5042   -0.5853
...    71 T-A ...
   26.0411 -157.3761   59.9067
   -0.0607    0.7550   -0.6529
    0.7771    0.4463    0.4438
    0.6265   -0.4805   -0.6137
...    72 C-G ...
   28.0531 -158.7957   57.7502
    0.3745    0.8998   -0.2240
    0.6856   -0.1060    0.7202
    0.6243   -0.4233   -0.6566
...    73 C-G ...
   30.1886 -159.7535   55.3094
    0.6425    0.7165    0.2717
    0.4037   -0.6179    0.6747
    0.6513   -0.3238   -0.6862
...    74 G-C ...
   32.7667 -160.8887   53.3963
    0.7123    0.2375    0.6605
    0.0113   -0.9448    0.3276
    0.7018   -0.2259   -0.6756
...    75 C-G ...
   35.3200 -161.2196   51.2233
    0.5863   -0.3454    0.7328
   -0.3776   -0.9168   -0.1301
    0.7168   -0.2004   -0.6679
...    76 T-A ...
   37.9396 -161.6822   49.1635
    0.2669   -0.8019    0.5346
   -0.6329   -0.5642   -0.5302
    0.7267   -0.1968   -0.6581
...    77 T-A ...
   40.5011 -162.1075   47.1636
   -0.1279   -0.9898    0.0630
   -0.6881    0.0428   -0.7244
    0.7143   -0.1360   -0.6865
...    78 T-A ...
   43.0178 -162.5165   45.1191
   -0.4947   -0.7690   -0.4048
   -0.4978    0.6325   -0.5934
    0.7124   -0.0920   -0.6957
...    79 A-T ...
   45.3597 -162.4667   42.6643
   -0.7290   -0.1817   -0.6599
   -0.0815    0.9803   -0.1799
    0.6796   -0.0773   -0.7295
...    80 A-T ...
   47.5165 -162.8772   40.2815
   -0.6678    0.4262   -0.6102
    0.3562    0.9028    0.2408
    0.6535   -0.0566   -0.7548
...    81 C-G ...
   49.2697 -163.5019   37.5707
   -0.4132    0.8465   -0.3357
    0.6714    0.5322    0.5157
    0.6152   -0.0123   -0.7883
...    82 A-T ...
   51.4028 -163.2721   34.9631
   -0.0246    0.9908    0.1327
    0.8239   -0.0551    0.5640
    0.5662    0.1232   -0.8150
...    83 C-G ...
   52.7218 -162.5326   32.0089
    0.4071    0.7966    0.4469
    0.7281   -0.5785    0.3678
    0.5515    0.1757   -0.8154
...    84 T-A ...
   54.4580 -161.5354   29.3307
    0.7257    0.3271    0.6053
    0.4088   -0.9126    0.0031
    0.5534    0.2452   -0.7960
...    85 T-A ...
   56.1661 -160.4294   26.7666
    0.8584   -0.2789    0.4305
   -0.1150   -0.9225   -0.3685
    0.5000    0.2668   -0.8239
...    86 T-A ...
   57.8246 -159.2293   24.2009
    0.6468   -0.7613    0.0455
   -0.6253   -0.5636   -0.5398
    0.4366    0.3207   -0.8406
...    87 A-T ...
   58.4258 -158.0803   20.9295
    0.0567   -0.8848   -0.4626
   -0.9291    0.1228   -0.3488
    0.3654    0.4495   -0.8151
...    88 T-A ...
   60.2351 -156.7915   18.4514
   -0.4398   -0.6725   -0.5952
   -0.8253    0.5641   -0.0275
    0.3543    0.4791   -0.8031
...    89 G-C ...
   61.2166 -154.9601   15.7992
   -0.8774   -0.2510   -0.4089
   -0.4037    0.8468    0.3463
    0.2593    0.4690   -0.8443
...    90 T-A ...
   62.1137 -153.9599   12.7747
   -0.9707    0.2162   -0.1046
    0.1313    0.8423    0.5228
    0.2011    0.4937   -0.8460
...    91 C-G ...
   62.6958 -152.3335    9.9872
   -0.7131    0.6343    0.2985
    0.6883    0.5527    0.4698
    0.1330    0.5405   -0.8308
...    92 A-T ...
   63.1248 -150.2744    7.3421
   -0.1976    0.7501    0.6311
    0.9793    0.1229    0.1605
    0.0429    0.6498   -0.7589
...    93 T-A ...
   62.5854 -148.0773    4.9684
    0.3378    0.6908    0.6393
    0.9408   -0.2675   -0.2081
    0.0272    0.6718   -0.7402
...    94 G-C ...
   63.1140 -145.7220    2.6098
    0.8378    0.3406    0.4267
    0.5445   -0.5773   -0.6085
    0.0391    0.7421   -0.6691
...    95 T-A ...
   63.1479 -142.8184    0.9007
    0.9994   -0.0322    0.0087
   -0.0144   -0.6513   -0.7586
    0.0301    0.7581   -0.6514
...    96 T-A ...
   63.2386 -140.1107   -0.9543
    0.7783   -0.3596   -0.5148
   -0.6262   -0.5047   -0.5942
   -0.0462    0.7848   -0.6180
...    97 A-T ...
   62.0336 -137.6050   -3.1583
    0.0659   -0.4892   -0.8697
   -0.9887   -0.1498    0.0093
   -0.1348    0.8592   -0.4935
...    98 T-A ...
   62.2570 -134.7459   -4.8583
   -0.4794   -0.4670   -0.7430
   -0.8657    0.1130    0.4876
   -0.1437    0.8770   -0.4585
...    99 A-T ...
   61.5094 -131.5403   -5.8517
   -0.9368   -0.2695   -0.2229
   -0.3122    0.3568    0.8805
   -0.1578    0.8944   -0.4184
...   100 A-T ...
   60.9933 -128.7021   -7.3356
   -0.9339   -0.0368    0.3557
    0.3051    0.4367    0.8463
   -0.1865    0.8989   -0.3965
...   101 C-G ...
   60.0119 -126.0538   -9.0267
   -0.6040    0.1477    0.7832
    0.7610    0.3988    0.5117
   -0.2368    0.9050   -0.3533
...   102 G-C ...
   59.3478 -122.7940   -9.8019
   -0.0124    0.2093    0.9778
    0.9508    0.3051   -0.0533
   -0.3095    0.9290   -0.2028
...   103 G-C ...
   58.1038 -119.6363   -9.9604
    0.5604    0.2561    0.7877
    0.7672    0.1979   -0.6101
   -0.3121    0.9462   -0.0856
...   104 A-T ...
   57.1716 -116.4421   -9.9935
    0.9202    0.3104    0.2385
    0.2377    0.0409   -0.9705
   -0.3110    0.9497   -0.0361
...   105 C-G ...
   56.2401 -113.2419   -9.4134
    0.8932    0.2858   -0.3470
   -0.3280   -0.1137   -0.9378
   -0.3075    0.9515   -0.0078
...   106 T-A ...
   55.4704 -109.9601   -9.2092
    0.5392    0.1666   -0.8255
   -0.7917   -0.2340   -0.5643
   -0.2871    0.9579    0.0057
...   107 T-A ...
   54.7561 -106.7648   -8.9554
   -0.0902    0.0567   -0.9943
   -0.9468   -0.3145    0.0680
   -0.3089    0.9476    0.0821
...   108 C-G ...
   53.8206 -103.5774   -8.5695
   -0.6697   -0.1535   -0.7265
   -0.6663   -0.3077    0.6792
   -0.3279    0.9390    0.1038
...   109 C-G ...
   52.9100 -100.2996   -8.2982
   -0.9023   -0.3786   -0.2060
   -0.1457   -0.1819    0.9725
   -0.4056    0.9075    0.1090
...   110 G-C ...
   51.6554  -97.2296   -7.4354
   -0.7519   -0.5350    0.3852
    0.4212    0.0598    0.9050
   -0.5073    0.8427    0.1804
...   111 G-C ...
   49.7701  -94.4726   -6.9291
   -0.3168   -0.5047    0.8030
    0.7673    0.3613    0.5298
   -0.5576    0.7840    0.2728
...   112 C-G ...
   47.5212  -92.1979   -6.0189
    0.2098   -0.2704    0.9396
    0.7984    0.6021   -0.0050
   -0.5644    0.7513    0.3422
...   113 T-A ...
   45.5160  -89.9606   -4.5774
    0.6632    0.0482    0.7469
    0.5162    0.6930   -0.5032
   -0.5419    0.7193    0.4348
...   114 C-G ...
   43.8932  -87.6111   -2.9143
    0.8540    0.4447    0.2701
   -0.0227    0.5504   -0.8346
   -0.5198    0.7066    0.4801
...   115 G-C ...
   42.3578  -84.8602   -1.5715
    0.6964    0.6455   -0.3134
   -0.5692    0.2310   -0.7891
   -0.4370    0.7280    0.5283
...   116 T-A ...
   41.4210  -82.4463    0.6089
    0.2518    0.6703   -0.6981
   -0.8663   -0.1656   -0.4714
   -0.4315    0.7234    0.5390
...   117 A-T ...
   39.1610  -80.5076    2.5073
   -0.5020    0.4309   -0.7499
   -0.7596   -0.6342    0.1441
   -0.4135    0.6420    0.6457
...   118 T-A ...
   38.2698  -77.9403    4.4398
   -0.8451    0.0409   -0.5331
   -0.3617   -0.7781    0.5136
   -0.3937    0.6269    0.6723
...   119 A-T ...
   37.1125  -76.3500    7.3146
   -0.8756   -0.4830    0.0036
    0.3436   -0.6175    0.7075
   -0.3396    0.6207    0.7067
...   120 A-T ...
   35.9254  -74.2417    9.4943
   -0.4900   -0.7600    0.4271
    0.8075   -0.2111    0.5509
   -0.3285    0.6147    0.7171
...   121 T-A ...
   34.2709  -72.2782   11.5555
    0.0157   -0.7669    0.6416
    0.9451    0.2209    0.2409
   -0.3265    0.6026    0.7283
...   122 G-C ...
   33.5017  -70.3087   14.2038
    0.6169   -0.5396    0.5729
    0.7315    0.6616   -0.1646
   -0.2902    0.5206    0.8030
...   123 T-A ...
   32.3392  -69.1667   17.1081
    0.9293   -0.1026    0.3547
    0.2627    0.8588   -0.4398
   -0.2595    0.5019    0.8251
...   124 G-C ...
   31.7473  -67.2078   19.8062
    0.9120    0.4066   -0.0550
   -0.3736    0.7676   -0.5208
   -0.1695    0.4955    0.8519
...   125 T-A ...
   31.6716  -65.9271   22.9150
    0.5479    0.7605   -0.3486
   -0.8230    0.4152   -0.3878
   -0.1502    0.4993    0.8533
...   126 C-G ...
   31.2922  -64.2231   25.7535
   -0.0922    0.8528   -0.5140
   -0.9860   -0.1503   -0.0726
   -0.1392    0.5001    0.8547
...   127 G-C ...
   30.3655  -62.6573   28.6610
   -0.6650    0.5524   -0.5026
   -0.7281   -0.6294    0.2716
   -0.1663    0.5465    0.8208
...   128 A-T ...
   29.9065  -60.8185   31.3989
   -0.9736    0.0293   -0.2266
   -0.1462   -0.8419    0.5194
   -0.1755    0.5388    0.8239
...   129 C-G ...
   29.2782  -58.5323   33.7737
   -0.8846   -0.4580    0.0872
    0.4250   -0.7152    0.5549
   -0.1918    0.5279    0.8273
...   130 C-G ...
   28.4623  -56.6578   36.4893
   -0.4551   -0.8296    0.3236
    0.8579   -0.3111    0.4090
   -0.2386    0.4637    0.8533
...   131 A-T ...
   27.9924  -55.1859   39.5032
    0.1871   -0.8876    0.4209
    0.9523    0.2690    0.1439
   -0.2410    0.3739    0.8956
...   132 A-T ...
   27.0700  -54.1059   42.4307
    0.7237   -0.5516    0.4148
    0.6479    0.7500   -0.1332
   -0.2376    0.3651    0.9001
...   133 A-T ...
   26.2571  -53.1238   45.4278
    0.9678    0.0112    0.2515
    0.0796    0.9341   -0.3479
   -0.2388    0.3567    0.9032
...   134 T-A ...
   25.6308  -52.5797   48.6348
    0.8597    0.5096    0.0340
   -0.4497    0.7867   -0.4230
   -0.2423    0.3484    0.9055
...   135 G-C ...
   25.2859  -52.4981   52.0750
    0.3205    0.9427   -0.0927
   -0.8825    0.2616   -0.3908
   -0.3441    0.2071    0.9158
...   136 T-A ...
   25.5356  -52.9668   55.8001
   -0.2443    0.9563   -0.1608
   -0.8908   -0.2868   -0.3525
   -0.3832    0.0571    0.9219
...   137 G-C ...
   24.9038  -52.7260   58.9820
   -0.7529    0.5562   -0.3519
   -0.5214   -0.8303   -0.1968
   -0.4017    0.0354    0.9151
...   138 A-T ...
   24.0250  -51.6261   61.9210
   -0.9563    0.0400   -0.2896
   -0.0523   -0.9980    0.0347
   -0.2877    0.0483    0.9565
...   139 G-C ...
   22.3575  -51.2300   64.4909
   -0.8529   -0.5117   -0.1032
    0.4973   -0.8566    0.1372
   -0.1586    0.0657    0.9852
...   140 C-G ...
   22.1609  -50.1386   67.4617
   -0.4681   -0.8749    0.1247
    0.8495   -0.4066    0.3363
   -0.2435    0.2633    0.9335
...   141 G-C ...
   21.4367  -51.8164   72.7855
    0.1304   -0.7141   -0.6877
    0.8897   -0.2218    0.3990
   -0.4375   -0.6639    0.6065
...   142 C-G ...
   20.4355  -54.2995   74.5394
    0.5847   -0.7390   -0.3347
    0.7593    0.3532    0.5466
   -0.2857   -0.5737    0.7676
...   143 T-A ...
   18.4378  -55.5190   76.5272
    0.8548   -0.5006    0.1370
    0.3188    0.7147    0.6225
   -0.4096   -0.4884    0.7705
...   144 C-G ...
   16.8486  -57.7127   78.2647
    0.8529   -0.0846    0.5152
   -0.1509    0.9047    0.3983
   -0.4998   -0.4175    0.7589
...   145 A-T ...
   15.7934  -59.5518   80.7962
    0.5515    0.4995    0.6681
   -0.6739    0.7388    0.0040
   -0.4915   -0.4525    0.7441
...   146 C-G ...
   15.7412  -61.4839   83.9295
    0.0342    0.7400    0.6718
   -0.8637    0.3601   -0.3527
   -0.5029   -0.5681    0.6514
...   147 A-T ...
   14.7482  -63.4171   86.8164
   -0.5923    0.6746    0.4405
   -0.6886   -0.1400   -0.7115
   -0.4183   -0.7247    0.5475
