  147 base-pairs
...     1 T-A ...
    0.0000    0.0000    0.0000
    1.0000    0.0000    0.0000
    0.0000    1.0000    0.0000
    0.0000    0.0000    1.0000
...     2 G-C ...
   -0.5555   -1.1003    3.3981
    0.7749    0.6051    0.1828
   -0.5991    0.7953   -0.0929
   -0.2016   -0.0375    0.9787
...     3 T-A ...
   -0.6619   -3.0237    6.5348
    0.3046    0.9250    0.2271
   -0.8994    0.3578   -0.2510
   -0.3134   -0.1278    0.9410
...     4 G-C ...
   -1.1607   -3.8418    9.6940
   -0.3351    0.9421    0.0133
   -0.8752   -0.3061   -0.3746
   -0.3489   -0.1372    0.9271
...     5 A-T ...
   -1.3881   -3.6770   12.8999
   -0.7835    0.6162   -0.0801
   -0.5677   -0.7622   -0.3109
   -0.2527   -0.1981    0.9470
...     6 G-C ...
   -2.6236   -3.5448   15.7072
   -0.9923    0.0611   -0.1075
   -0.0294   -0.9610   -0.2748
   -0.1201   -0.2695    0.9555
...     7 C-G ...
   -2.3138   -3.7570   18.8866
   -0.8620   -0.4995   -0.0864
    0.5008   -0.8655    0.0073
   -0.0785   -0.0370    0.9962
...     8 G-C ...
   -3.9561   -6.8109   23.3205
   -0.2581   -0.3560   -0.8981
    0.6294   -0.7673    0.1233
   -0.7330   -0.5335    0.4221
...     9 C-G ...
   -6.1177   -8.9414   24.2385
    0.1143   -0.7320   -0.6716
    0.8123   -0.3203    0.4874
   -0.5720   -0.6013    0.5580
...    10 T-A ...
   -8.5041   -9.6771   26.0540
    0.4660   -0.8587   -0.2131
    0.6274    0.1508    0.7640
   -0.6239   -0.4897    0.6090
...    11 C-G ...
  -11.0625  -11.3174   27.2336
    0.6660   -0.6911    0.2808
    0.3382    0.6152    0.7121
   -0.6649   -0.3794    0.6435
...    12 A-T ...
  -13.0013  -13.1789   29.0658
    0.7188   -0.1490    0.6790
   -0.1787    0.9043    0.3876
   -0.6718   -0.4000    0.6235
...    13 C-G ...
  -14.1788  -15.9359   31.3399
    0.4052    0.2865    0.8682
   -0.5270    0.8492   -0.0343
   -0.7470   -0.4437    0.4951
...    14 A-T ...
  -15.9532  -18.1566   33.3080
   -0.1503    0.6873    0.7107
   -0.6106    0.5008   -0.6135
   -0.7776   -0.5261    0.3444
...    15 A-T ...
  -18.2945  -19.9972   34.6631
   -0.5278    0.8200    0.2213
   -0.3923   -0.0042   -0.9198
   -0.7534   -0.5723    0.3239
...    16 T-A ...
  -20.5405  -21.7583   36.3811
   -0.6801    0.6748   -0.2866
   -0.0458   -0.4293   -0.9020
   -0.7317   -0.6003    0.3229
...    17 T-A ...
  -22.8774  -23.6150   37.7112
   -0.6005    0.2626   -0.7553
    0.3879   -0.7303   -0.5623
   -0.6993   -0.6306    0.3366
...    18 T-A ...
  -25.2277  -25.4956   38.9565
   -0.2614   -0.2245   -0.9387
    0.6840   -0.7293   -0.0161
   -0.6810   -0.6463    0.3442
...    19 A-T ...
  -27.2892  -27.8609   40.1949
    0.2641   -0.5866   -0.7656
    0.7001   -0.4294    0.5705
   -0.6634   -0.6867    0.2973
...    20 T-A ...
  -29.7992  -29.9230   40.6392
    0.6033   -0.7053   -0.3723
    0.4645   -0.0688    0.8829
   -0.6483   -0.7056    0.2861
...    21 T-A ...
  -31.9027  -32.2752   41.3672
    0.7826   -0.5907    0.1964
    0.0221    0.3417    0.9395
   -0.6221   -0.7310    0.2805
...    22 C-G ...
  -33.7595  -34.8232   42.2919
    0.6649   -0.2372    0.7083
   -0.4728    0.6005    0.6449
   -0.5783   -0.7637    0.2871
...    23 G-C ...
  -35.6993  -37.2148   43.7269
    0.3148    0.2233    0.9225
   -0.8119    0.5669    0.1398
   -0.4917   -0.7930    0.3597
...    24 C-G ...
  -36.9169  -40.0071   45.1440
   -0.1920    0.5222    0.8309
   -0.8611    0.3165   -0.3979
   -0.4707   -0.7919    0.3890
...    25 A-T ...
  -38.7350  -42.5717   46.3051
   -0.6532    0.6428    0.4002
   -0.5785   -0.0827   -0.8115
   -0.4885   -0.7616    0.4259
...    26 A-T ...
  -40.1665  -45.0204   47.9337
   -0.8903    0.4304   -0.1487
   -0.0604   -0.4352   -0.8983
   -0.4513   -0.7908    0.4135
...    27 A-T ...
  -41.6249  -47.4794   49.5102
   -0.7617    0.0641   -0.6447
    0.4935   -0.5874   -0.6414
   -0.4198   -0.8067    0.4158
...    28 G-C ...
  -43.2056  -50.0178   50.9996
   -0.3329   -0.2181   -0.9174
    0.8378   -0.5149   -0.1816
   -0.4327   -0.8290    0.3541
...    29 G-C ...
  -44.8667  -52.7252   52.1691
    0.2384   -0.3854   -0.8914
    0.8783   -0.3062    0.3673
   -0.4145   -0.8705    0.2655
...    30 C-G ...
  -46.5490  -55.5403   52.7208
    0.7128   -0.4353   -0.5499
    0.5911   -0.0491    0.8051
   -0.3775   -0.8989    0.2223
...    31 C-G ...
  -47.7158  -58.6839   53.1266
    0.9546   -0.2969   -0.0255
    0.0776    0.1649    0.9833
   -0.2877   -0.9406    0.1805
...    32 G-C ...
  -48.4083  -61.8554   54.1400
    0.8492   -0.0411    0.5265
   -0.5031    0.2401    0.8302
   -0.1605   -0.9699    0.1832
...    33 G-C ...
  -48.4896  -65.1952   54.7714
    0.4233    0.1700    0.8899
   -0.9019    0.1722    0.3961
   -0.0859   -0.9703    0.2262
...    34 C-G ...
  -48.2995  -68.4407   55.6267
   -0.1649    0.2595    0.9516
   -0.9843    0.0186   -0.1757
   -0.0633   -0.9656    0.2523
...    35 C-G ...
  -48.3258  -71.6522   56.7700
   -0.6978    0.2684    0.6641
   -0.7122   -0.1603   -0.6835
   -0.0770   -0.9499    0.3030
...    36 C-G ...
  -48.5059  -74.8010   58.0667
   -0.9747    0.1787    0.1341
   -0.1831   -0.2945   -0.9380
   -0.1281   -0.9388    0.3198
...    37 G-C ...
  -48.8556  -78.1231   58.7149
   -0.8801    0.0549   -0.4717
    0.4284   -0.3369   -0.8385
   -0.2049   -0.9400    0.2729
...    38 A-T ...
  -49.5065  -81.2026   59.7099
   -0.4307   -0.1263   -0.8936
    0.8777   -0.2893   -0.3821
   -0.2103   -0.9489    0.2354
...    39 C-G ...
  -50.7835  -84.1434   60.5532
    0.1214   -0.2208   -0.9677
    0.9704   -0.1787    0.1625
   -0.2088   -0.9588    0.1926
...    40 A-T ...
  -51.2364  -87.4203   61.1980
    0.6884   -0.1656   -0.7062
    0.7095   -0.0482    0.7030
   -0.1504   -0.9850    0.0843
...    41 C-G ...
  -51.9751  -90.6292   60.8712
    0.9680   -0.1219   -0.2191
    0.2237    0.0248    0.9743
   -0.1134   -0.9922    0.0513
...    42 G-C ...
  -52.0082  -93.9906   61.4047
    0.9241    0.0209    0.3816
   -0.3820    0.0186    0.9240
    0.0122   -0.9996    0.0252
...    43 A-T ...
  -51.7716  -97.2956   61.4912
    0.4952    0.0421    0.8677
   -0.8676   -0.0288    0.4965
    0.0459   -0.9987    0.0223
...    44 C-G ...
  -50.9468 -100.5587   61.4772
   -0.0638    0.0216    0.9977
   -0.9959   -0.0653   -0.0623
    0.0638   -0.9976    0.0257
...    45 T-A ...
  -50.4520 -103.8690   61.7822
   -0.6145    0.0016    0.7890
   -0.7862   -0.0847   -0.6121
    0.0659   -0.9964    0.0534
...    46 T-A ...
  -49.9923 -107.0906   62.1264
   -0.9604   -0.0952    0.2619
   -0.2584   -0.0468   -0.9649
    0.1041   -0.9944    0.0204
...    47 A-T ...
  -49.4362 -110.4410   61.6432
   -0.8824   -0.1305   -0.4520
    0.4476    0.0629   -0.8920
    0.1448   -0.9895    0.0028
...    48 C-G ...
  -49.3510 -113.7404   62.1256
   -0.4989   -0.0426   -0.8656
    0.8563    0.1297   -0.4999
    0.1336   -0.9906   -0.0282
...    49 T-A ...
  -49.2039 -117.0716   62.0043
    0.0457    0.1156   -0.9922
    0.9909    0.1204    0.0597
    0.1263   -0.9860   -0.1090
...    50 G-C ...
  -48.4993 -120.3308   61.4984
    0.5984    0.2864   -0.7483
    0.7816   -0.0034    0.6238
    0.1761   -0.9581   -0.2259
...    51 T-A ...
  -48.1989 -123.3501   60.1915
    0.9162    0.2856   -0.2812
    0.3384   -0.1752    0.9246
    0.2148   -0.9422   -0.2571
...    52 A-T ...
  -47.3077 -126.5709   59.6265
    0.9131    0.1460    0.3806
   -0.3112   -0.3533    0.8822
    0.2633   -0.9241   -0.2772
...    53 G-C ...
  -46.1425 -129.5148   58.5375
    0.5714   -0.0372    0.8198
   -0.7573   -0.4087    0.5093
    0.3161   -0.9119   -0.2617
...    54 G-C ...
  -44.7106 -132.5218   57.8118
    0.0157   -0.2260    0.9740
   -0.9345   -0.3497   -0.0661
    0.3556   -0.9092   -0.2167
...    55 T-A ...
  -42.9542 -135.3715   57.3442
   -0.5045   -0.3879    0.7713
   -0.7855   -0.1646   -0.5965
    0.3584   -0.9069   -0.2217
...    56 A-T ...
  -41.9981 -138.3676   55.8625
   -0.8753   -0.4693    0.1162
   -0.2310    0.1947   -0.9533
    0.4248   -0.8613   -0.2788
...    57 T-A ...
  -40.5787 -141.3602   55.5986
   -0.8575   -0.3077   -0.4123
    0.2616    0.4293   -0.8644
    0.4430   -0.8491   -0.2876
...    58 C-G ...
  -39.0706 -144.1868   54.7328
   -0.5315    0.0536   -0.8454
    0.7258    0.5433   -0.4219
    0.4367   -0.8378   -0.3276
...    59 T-A ...
  -37.8800 -147.0946   53.6031
   -0.0766    0.4149   -0.9066
    0.9024    0.4155    0.1139
    0.4240   -0.8095   -0.4062
...    60 C-G ...
  -36.5132 -149.7358   52.1941
    0.4568    0.6322   -0.6258
    0.7711    0.0693    0.6329
    0.4435   -0.7717   -0.4559
...    61 G-C ...
  -34.5969 -152.1717   50.7752
    0.7515    0.6551   -0.0787
    0.3984   -0.3554    0.8456
    0.5260   -0.6668   -0.5280
...    62 A-T ...
  -32.7107 -154.2126   48.9844
    0.8190    0.3240    0.4735
   -0.1218   -0.7083    0.6953
    0.5606   -0.6272   -0.5407
...    63 G-C ...
  -30.6226 -156.0303   47.0950
    0.5848   -0.1055    0.8043
   -0.5373   -0.7932    0.2866
    0.6078   -0.5997   -0.5206
...    64 C-G ...
  -28.2094 -157.7710   45.5008
    0.1613   -0.5395    0.8264
   -0.7572   -0.6047   -0.2470
    0.6329   -0.5859   -0.5061
...    65 T-A ...
  -25.8366 -159.6646   44.0352
   -0.3059   -0.7839    0.5404
   -0.7020   -0.1977   -0.6842
    0.6432   -0.5886   -0.4897
...    66 C-G ...
  -23.6099 -161.5901   42.4620
   -0.6718   -0.7406   -0.0155
   -0.3650    0.3491   -0.8630
    0.6446   -0.5741   -0.5049
...    67 G-C ...
  -21.4115 -163.1610   40.3723
   -0.8077   -0.3357   -0.4848
    0.0919    0.7404   -0.6658
    0.5824   -0.5823   -0.5672
...    68 G-C ...
  -19.3751 -165.2716   38.6385
   -0.6627    0.2004   -0.7216
    0.5235    0.8130   -0.2550
    0.5355   -0.5468   -0.6436
...    69 G-C ...
  -17.6843 -167.2965   36.5100
   -0.3145    0.6823   -0.6600
    0.8022    0.5628    0.1996
    0.5076   -0.4667   -0.7243
...    70 A-T ...
  -16.0602 -168.7916   34.0884
    0.1881    0.9165   -0.3530
    0.8382    0.0375    0.5440
    0.5118   -0.3982   -0.7612
...    71 T-A ...
  -14.8968 -169.8698   31.2305
    0.5727    0.8197    0.0045
    0.6317   -0.4448    0.6348
    0.5224   -0.3607   -0.7726
...    72 C-G ...
  -13.0406 -170.8100   28.6882
    0.8142    0.4008    0.4201
    0.1862   -0.8655    0.4649
    0.5500   -0.3003   -0.7793
...    73 C-G ...
  -10.7922 -171.4634   26.2214
    0.7421   -0.1529    0.6526
   -0.2691   -0.9597    0.0811
    0.6139   -0.2358   -0.7533
...    74 G-C ...
   -8.6762 -172.7603   23.8693
    0.4088   -0.6928    0.5941
   -0.6137   -0.6905   -0.3828
    0.6754   -0.2081   -0.7075
...    75 C-G ...
   -6.0997 -173.3519   21.7497
   -0.0226   -0.9664    0.2562
   -0.7285   -0.1596   -0.6662
    0.6847   -0.2017   -0.7004
...    76 T-A ...
   -3.5977 -174.1029   19.6112
   -0.4398   -0.8821   -0.1688
   -0.5887    0.4251   -0.6876
    0.6782   -0.2031   -0.7062
...    77 T-A ...
   -1.1915 -174.8231   17.5101
   -0.6775   -0.4477   -0.5836
   -0.2256    0.8817   -0.4144
    0.7001   -0.1491   -0.6983
...    78 T-A ...
    1.1570 -175.4721   15.3441
   -0.6764    0.1721   -0.7161
    0.2049    0.9779    0.0415
    0.7074   -0.1186   -0.6968
...    79 C-G ...
    3.5298 -175.9074   13.0804
   -0.4549    0.7404   -0.4948
    0.5668    0.6693    0.4804
    0.6868   -0.0619   -0.7242
...    80 A-T ...
    5.9661 -175.9180   10.7264
   -0.1326    0.9911   -0.0087
    0.7479    0.1058    0.6553
    0.6504    0.0804   -0.7553
...    81 T-A ...
    7.5584 -175.4851    7.9037
    0.2494    0.8988    0.3605
    0.7194   -0.4212    0.5524
    0.6483    0.1215   -0.7516
...    82 G-C ...
   10.0512 -174.9305    5.6803
    0.5600    0.4481    0.6969
    0.4767   -0.8622    0.1713
    0.6776    0.2363   -0.6964
...    83 T-A ...
   12.1795 -173.4925    3.5496
    0.7184   -0.1100    0.6868
    0.1097   -0.9572   -0.2680
    0.6869    0.2679   -0.6756
...    84 T-A ...
   14.4295 -172.3347    1.4739
    0.6756   -0.6550    0.3383
   -0.3468   -0.6873   -0.6382
    0.6506    0.3138   -0.6915
...    85 A-T ...
   15.9666 -171.4358   -1.6039
    0.3086   -0.8864   -0.3450
   -0.7616   -0.0130   -0.6480
    0.5699    0.4627   -0.6790
...    86 T-A ...
   18.3943 -169.9991   -3.4114
   -0.1236   -0.7266   -0.6758
   -0.8195    0.4588   -0.3434
    0.5596    0.5114   -0.6522
...    87 A-T ...
   19.7759 -167.4713   -5.4184
   -0.6154   -0.1322   -0.7770
   -0.5325    0.7966    0.2862
    0.5811    0.5899   -0.5606
...    88 A-T ...
   21.7842 -165.7008   -7.2790
   -0.8089    0.3793   -0.4493
   -0.0722    0.6943    0.7160
    0.5835    0.6116   -0.5343
...    89 C-G ...
   23.6181 -164.0507   -9.4896
   -0.7456    0.6647    0.0475
    0.3810    0.3667    0.8487
    0.5467    0.6509   -0.5267
...    90 G-C ...
   25.6046 -161.6647  -10.9239
   -0.4718    0.6350    0.6116
    0.7546   -0.0680    0.6527
    0.4561    0.7695   -0.4471
...    91 G-C ...
   26.8141 -158.8336  -12.3155
   -0.0155    0.3876    0.9217
    0.9102   -0.3760    0.1734
    0.4138    0.8416   -0.3470
...    92 A-T ...
   28.1535 -155.9464  -13.2090
    0.5254    0.0349    0.8501
    0.7495   -0.4919   -0.4430
    0.4028    0.8699   -0.2846
...    93 T-A ...
   29.0808 -152.8033  -13.6307
    0.8442   -0.2274    0.4854
    0.3656   -0.4178   -0.8317
    0.3919    0.8796   -0.2696
...    94 A-T ...
   30.4188 -149.9986  -15.2076
    0.8927   -0.3682   -0.2597
   -0.3285   -0.1375   -0.9344
    0.3083    0.9195   -0.2437
...    95 A-T ...
   31.5511 -146.9535  -15.6886
    0.5241   -0.2964   -0.7984
   -0.8137    0.1024   -0.5722
    0.2513    0.9496   -0.1875
...    96 C-G ...
   32.9685 -143.8837  -16.0477
   -0.0192   -0.1666   -0.9858
   -0.9703    0.2409   -0.0218
    0.2412    0.9561   -0.1663
...    97 A-T ...
   33.3633 -140.5520  -16.3051
   -0.6305   -0.0197   -0.7759
   -0.7518    0.2639    0.6042
    0.1929    0.9643   -0.1812
...    98 C-G ...
   34.3777 -137.5323  -17.3112
   -0.9453    0.1027   -0.3097
   -0.2840    0.2086    0.9359
    0.1607    0.9726   -0.1680
...    99 T-A ...
   34.8299 -134.3240  -18.0980
   -0.9554    0.1128    0.2728
    0.2847    0.1083    0.9525
    0.0779    0.9877   -0.1357
...   100 T-A ...
   34.9601 -131.1353  -18.6154
   -0.6169    0.0951    0.7813
    0.7861    0.0247    0.6177
    0.0395    0.9952   -0.0900
...   101 T-A ...
   34.8981 -127.9141  -18.8600
   -0.0506    0.0324    0.9982
    0.9986   -0.0135    0.0510
    0.0151    0.9994   -0.0316
...   102 A-T ...
   35.0902 -124.5547  -18.6855
    0.5682   -0.0789    0.8191
    0.8227    0.0340   -0.5674
    0.0169    0.9963    0.0842
...   103 T-A ...
   34.7323 -121.3847  -17.8382
    0.9152   -0.0482    0.4000
    0.4028    0.0913   -0.9107
    0.0074    0.9947    0.1029
...   104 G-C ...
   35.0773 -118.0380  -17.7407
    0.9678   -0.0173   -0.2511
   -0.2451    0.1609   -0.9560
    0.0569    0.9868    0.1515
...   105 C-G ...
   35.5764 -114.7893  -16.9263
    0.6450    0.0815   -0.7598
   -0.7609    0.1602   -0.6287
    0.0705    0.9837    0.1654
...   106 T-A ...
   36.1089 -111.5237  -16.2677
    0.0918    0.1552   -0.9836
   -0.9932    0.0856   -0.0792
    0.0720    0.9842    0.1620
...   107 T-A ...
   36.6227 -108.3500  -15.6393
   -0.5310    0.2255   -0.8168
   -0.8446   -0.0626    0.5318
    0.0688    0.9722    0.2236
...   108 C-G ...
   36.9727 -105.1420  -14.8230
   -0.9426    0.1110   -0.3150
   -0.3323   -0.2183    0.9176
    0.0331    0.9695    0.2427
...   109 C-G ...
   37.1648 -101.8108  -14.1947
   -0.9624   -0.1358    0.2352
    0.2632   -0.2521    0.9312
   -0.0672    0.9581    0.2784
...   110 G-C ...
   37.0517  -98.6766  -12.8533
   -0.6154   -0.4035    0.6771
    0.7678   -0.1128    0.6307
   -0.1781    0.9080    0.3793
...   111 G-C ...
   36.0961  -95.7417  -11.4818
   -0.0548   -0.5014    0.8635
    0.9731    0.1671    0.1588
   -0.2239    0.8489    0.4788
...   112 C-G ...
   34.9293  -93.2181   -9.6421
    0.5150   -0.3703    0.7730
    0.8263    0.4545   -0.3327
   -0.2281    0.8101    0.5401
...   113 T-A ...
   34.0944  -90.7892   -7.5037
    0.9007   -0.1004    0.4228
    0.3860    0.6318   -0.6722
   -0.1996    0.7686    0.6078
...   114 C-G ...
   33.6153  -88.3201   -5.3416
    0.9471    0.3097   -0.0844
   -0.2599    0.5855   -0.7679
   -0.1884    0.7492    0.6350
...   115 G-C ...
   32.9521  -85.4935   -3.5457
    0.6038    0.5701   -0.5571
   -0.7872    0.3166   -0.5292
   -0.1253    0.7581    0.6400
...   116 T-A ...
   33.1236  -83.0809   -1.1711
    0.0576    0.6562   -0.7523
   -0.9896   -0.0617   -0.1296
   -0.1314    0.7520    0.6459
...   117 A-T ...
   31.9629  -80.9465    1.3507
   -0.6678    0.4846   -0.5650
   -0.7356   -0.5459    0.4012
   -0.1140    0.6835    0.7210
...   118 T-A ...
   31.9836  -78.3101    3.3645
   -0.9585    0.1266   -0.2555
   -0.2642   -0.7314    0.6287
   -0.1073    0.6701    0.7345
...   119 A-T ...
   31.7392  -76.4489    6.2358
   -0.8899   -0.4030    0.2134
    0.4413   -0.6428    0.6261
   -0.1151    0.6514    0.7499
...   120 A-T ...
   31.2242  -74.2736    8.5932
   -0.4496   -0.7201    0.5285
    0.8846   -0.2767    0.3755
   -0.1241    0.6363    0.7614
...   121 T-A ...
   30.1724  -72.2128   10.9317
    0.0839   -0.7696    0.6330
    0.9881    0.1466    0.0472
   -0.1291    0.6215    0.7727
...   122 G-C ...
   30.0852  -70.2511   13.6882
    0.6751   -0.5802    0.4557
    0.7305    0.6119   -0.3032
   -0.1030    0.5376    0.8369
...   123 T-A ...
   29.5271  -69.0346   16.7544
    0.9692   -0.1555    0.1911
    0.2314    0.8411   -0.4889
   -0.0847    0.5181    0.8511
...   124 G-C ...
   29.4550  -67.0208   19.4649
    0.9078    0.3687   -0.1999
   -0.4191    0.7797   -0.4652
   -0.0156    0.5061    0.8623
...   125 T-A ...
   29.8639  -65.7442   22.5629
    0.5165    0.7404   -0.4301
   -0.8562    0.4411   -0.2689
   -0.0094    0.5072    0.8618
...   126 C-G ...
   29.9161  -64.0773   25.4494
   -0.1365    0.8528   -0.5041
   -0.9906   -0.1240    0.0584
   -0.0128    0.5073    0.8617
...   127 G-C ...
   29.4270  -62.5512   28.4782
   -0.7039    0.5630   -0.4330
   -0.7071   -0.6134    0.3518
   -0.0676    0.5538    0.8299
...   128 A-T ...
   29.2849  -60.7112   31.2343
   -0.9888    0.0457   -0.1420
   -0.1157   -0.8360    0.5364
   -0.0942    0.5469    0.8319
...   129 C-G ...
   28.8750  -58.4187   33.6214
   -0.8839   -0.4427    0.1510
    0.4508   -0.7200    0.5277
   -0.1249    0.5345    0.8359
...   130 C-G ...
   28.1982  -56.5675   36.3804
   -0.4499   -0.8222    0.3486
    0.8732   -0.3229    0.3651
   -0.1876    0.4686    0.8632
...   131 A-T ...
   27.8272  -55.1424   39.4255
    0.1888   -0.8922    0.4102
    0.9606    0.2546    0.1117
   -0.2041    0.3729    0.9051
...   132 A-T ...
   27.0015  -54.0833   42.3917
    0.7271   -0.5614    0.3952
    0.6535    0.7424   -0.1478
   -0.2104    0.3657    0.9066
...   133 A-T ...
   26.2456  -53.1202   45.4155
    0.9704    0.0060    0.2414
    0.0813    0.9332   -0.3499
   -0.2274    0.3592    0.9051
...   134 T-A ...
   25.6309  -52.5797   48.6349
    0.8597    0.5096    0.0340
   -0.4497    0.7867   -0.4230
   -0.2423    0.3484    0.9055
...   135 G-C ...
   25.2859  -52.4981   52.0750
    0.3205    0.9427   -0.0927
   -0.8825    0.2616   -0.3908
   -0.3441    0.2071    0.9158
...   136 T-A ...
   25.5357  -52.9669   55.8002
   -0.2443    0.9563   -0.1608
   -0.8908   -0.2868   -0.3525
   -0.3832    0.0571    0.9219
...   137 G-C ...
   24.9038  -52.7260   58.9821
   -0.7529    0.5562   -0.3519
   -0.5214   -0.8303   -0.1968
   -0.4017    0.0354    0.9151
...   138 A-T ...
   24.0250  -51.6262   61.9211
   -0.9563    0.0400   -0.2896
   -0.0523   -0.9980    0.0347
   -0.2877    0.0483    0.9565
...   139 G-C ...
   22.3575  -51.2300   64.4909
   -0.8529   -0.5117   -0.1032
    0.4973   -0.8566    0.1372
   -0.1586    0.0657    0.9852
...   140 C-G ...
   22.1609  -50.1387   67.4618
   -0.4681   -0.8749    0.1247
    0.8495   -0.4066    0.3363
   -0.2435    0.2633    0.9335
...   141 G-C ...
   21.4367  -51.8165   72.7856
    0.1304   -0.7141   -0.6877
    0.8897   -0.2218    0.3990
   -0.4375   -0.6639    0.6065
...   142 C-G ...
   20.4356  -54.2995   74.5395
    0.5847   -0.7390   -0.3347
    0.7593    0.3532    0.5466
   -0.2857   -0.5737    0.7676
...   143 T-A ...
   18.4379  -55.5191   76.5273
    0.8548   -0.5006    0.1370
    0.3188    0.7147    0.6225
   -0.4096   -0.4884    0.7705
...   144 C-G ...
   16.8486  -57.7127   78.2648
    0.8529   -0.0846    0.5152
   -0.1509    0.9047    0.3983
   -0.4998   -0.4175    0.7589
...   145 A-T ...
   15.7934  -59.5518   80.7963
    0.5515    0.4995    0.6681
   -0.6739    0.7388    0.0040
   -0.4915   -0.4525    0.7441
...   146 C-G ...
   15.7411  -61.4839   83.9296
    0.0342    0.7400    0.6718
   -0.8637    0.3601   -0.3527
   -0.5029   -0.5681    0.6514
...   147 A-T ...
   14.7482  -63.4171   86.8165
   -0.5923    0.6746    0.4405
   -0.6886   -0.1400   -0.7115
   -0.4183   -0.7247    0.5475
