  147 base-pairs
...     1 T-A ...
    0.0000    0.0000    0.0000
    1.0000    0.0000    0.0000
    0.0000    1.0000    0.0000
    0.0000    0.0000    1.0000
...     2 G-C ...
   -0.5555   -1.1003    3.3981
    0.7749    0.6051    0.1828
   -0.5991    0.7953   -0.0929
   -0.2016   -0.0375    0.9787
...     3 T-A ...
   -0.6619   -3.0237    6.5348
    0.3046    0.9250    0.2271
   -0.8994    0.3578   -0.2510
   -0.3134   -0.1278    0.9410
...     4 G-C ...
   -1.1607   -3.8418    9.6940
   -0.3351    0.9421    0.0133
   -0.8752   -0.3061   -0.3746
   -0.3489   -0.1372    0.9271
...     5 A-T ...
   -1.3881   -3.6770   12.8999
   -0.7835    0.6162   -0.0801
   -0.5677   -0.7622   -0.3109
   -0.2527   -0.1981    0.9470
...     6 G-C ...
   -2.6236   -3.5448   15.7072
   -0.9923    0.0611   -0.1075
   -0.0294   -0.9610   -0.2748
   -0.1201   -0.2695    0.9555
...     7 C-G ...
   -2.3138   -3.7570   18.8866
   -0.8620   -0.4995   -0.0864
    0.5008   -0.8655    0.0073
   -0.0785   -0.0370    0.9962
...     8 G-C ...
   -3.9561   -6.8109   23.3205
   -0.2581   -0.3560   -0.8981
    0.6294   -0.7673    0.1233
   -0.7330   -0.5335    0.4221
...     9 C-G ...
   -6.1177   -8.9414   24.2385
    0.1143   -0.7320   -0.6716
    0.8123   -0.3203    0.4874
   -0.5720   -0.6013    0.5580
...    10 T-A ...
   -8.5041   -9.6771   26.0540
    0.4660   -0.8587   -0.2131
    0.6274    0.1508    0.7640
   -0.6239   -0.4897    0.6090
...    11 C-G ...
  -11.0625  -11.3174   27.2336
    0.6660   -0.6911    0.2808
    0.3382    0.6152    0.7121
   -0.6649   -0.3794    0.6435
...    12 A-T ...
  -13.0013  -13.1789   29.0658
    0.7188   -0.1490    0.6790
   -0.1787    0.9043    0.3876
   -0.6718   -0.4000    0.6235
...    13 C-G ...
  -14.1788  -15.9359   31.3399
    0.4052    0.2865    0.8682
   -0.5270    0.8492   -0.0343
   -0.7470   -0.4437    0.4951
...    14 A-T ...
  -15.9532  -18.1566   33.3080
   -0.1503    0.6873    0.7107
   -0.6106    0.5008   -0.6135
   -0.7776   -0.5261    0.3444
...    15 A-T ...
  -18.3874  -19.8858   34.6132
   -0.4974    0.8422    0.2081
   -0.4073   -0.0149   -0.9132
   -0.7660   -0.5390    0.3504
...    16 T-A ...
  -20.6885  -21.5708   36.4933
   -0.6817    0.6627   -0.3100
   -0.0526   -0.4670   -0.8827
   -0.7297   -0.5854    0.3532
...    17 T-A ...
  -23.0509  -23.2832   37.9964
   -0.6184    0.2168   -0.7554
    0.3849   -0.7545   -0.5317
   -0.6852   -0.6195    0.3831
...    18 T-A ...
  -25.3758  -25.1147   39.4082
   -0.2871   -0.2716   -0.9186
    0.6859   -0.7277    0.0008
   -0.6686   -0.6298    0.3953
...    19 A-T ...
  -27.3474  -27.4780   40.8425
    0.2277   -0.6409   -0.7331
    0.7259   -0.3900    0.5665
   -0.6490   -0.6612    0.3764
...    20 T-A ...
  -29.8830  -29.4686   41.5797
    0.5841   -0.7427   -0.3275
    0.5033    0.0149    0.8640
   -0.6368   -0.6694    0.3825
...    21 T-A ...
  -32.0145  -31.7221   42.5883
    0.7804   -0.5840    0.2235
    0.0643    0.4305    0.9003
   -0.6220   -0.6882    0.3735
...    22 C-G ...
  -33.9307  -34.0611   43.8796
    0.6912   -0.1849    0.6986
   -0.4288    0.6733    0.6024
   -0.5817   -0.7159    0.3861
...    23 G-C ...
  -35.8234  -36.0929   45.8804
    0.4076    0.3267    0.8527
   -0.7902    0.5942    0.1500
   -0.4577   -0.7350    0.5003
...    24 C-G ...
  -36.9509  -38.6623   47.5972
   -0.0517    0.6287    0.7759
   -0.8905    0.3226   -0.3208
   -0.4520   -0.7075    0.5432
...    25 A-T ...
  -38.9899  -40.9126   49.1055
   -0.5809    0.7071    0.4033
   -0.6757   -0.1425   -0.7233
   -0.4539   -0.6927    0.5605
...    26 A-T ...
  -40.4069  -43.0952   51.1341
   -0.8819    0.4630   -0.0885
   -0.1953   -0.5297   -0.8254
   -0.4290   -0.7107    0.5576
...    27 A-T ...
  -41.7039  -45.2624   53.2264
   -0.8387    0.0229   -0.5440
    0.3883   -0.6752   -0.6272
   -0.3817   -0.7373    0.5574
...    28 G-C ...
  -43.3013  -47.4693   55.2553
   -0.4629   -0.3207   -0.8263
    0.7870   -0.5776   -0.2168
   -0.4078   -0.7507    0.5198
...    29 G-C ...
  -44.9535  -49.9694   56.9986
    0.1217   -0.5347   -0.8363
    0.9101   -0.2761    0.3089
   -0.3961   -0.7987    0.4530
...    30 C-G ...
  -46.5539  -52.5672   58.2341
    0.6406   -0.5420   -0.5439
    0.6771    0.0646    0.7331
   -0.3622   -0.8379    0.4084
...    31 C-G ...
  -47.8523  -55.4029   59.4243
    0.9395   -0.3353   -0.0694
    0.1869    0.3323    0.9245
   -0.2869   -0.8816    0.3749
...    32 G-C ...
  -48.4326  -58.0900   60.9420
    0.9211   -0.0067    0.3893
   -0.3528    0.4081    0.8420
   -0.1645   -0.9129    0.3735
...    33 G-C ...
  -48.4371  -61.1852   62.3049
    0.5691    0.2766    0.7743
   -0.8172    0.2942    0.4956
   -0.0908   -0.9148    0.3935
...    34 C-G ...
  -48.2878  -64.1732   63.7083
    0.0002    0.4245    0.9054
   -0.9983    0.0523   -0.0243
   -0.0576   -0.9039    0.4238
...    35 C-G ...
  -48.2911  -67.0624   65.5682
   -0.5817    0.3915    0.7130
   -0.8124   -0.2353   -0.5336
   -0.0411   -0.8896    0.4549
...    36 C-G ...
  -48.3290  -69.9486   67.4155
   -0.9458    0.2080    0.2493
   -0.3187   -0.4486   -0.8350
   -0.0618   -0.8692    0.4905
...    37 G-C ...
  -48.3157  -73.4341   68.0582
   -0.9462   -0.0466   -0.3201
    0.3046   -0.4616   -0.8332
   -0.1089   -0.8859    0.4510
...    38 A-T ...
  -48.5191  -76.2107   69.5963
   -0.5764   -0.3043   -0.7584
    0.8120   -0.3171   -0.4899
   -0.0914   -0.8982    0.4299
...    39 C-G ...
  -49.2965  -79.0178   70.9398
   -0.0501   -0.3753   -0.9255
    0.9935   -0.1137   -0.0077
   -0.1023   -0.9199    0.3786
...    40 A-T ...
  -49.5971  -82.1933   72.0752
    0.5589   -0.2791   -0.7809
    0.8267    0.1137    0.5510
   -0.0650   -0.9535    0.2943
...    41 C-G ...
  -49.9060  -85.4524   72.4779
    0.9148   -0.1156   -0.3870
    0.4036    0.2224    0.8875
   -0.0165   -0.9681    0.2501
...    42 G-C ...
  -49.6695  -88.5698   73.7302
    0.9703    0.1110    0.2148
   -0.2325    0.1841    0.9550
    0.0665   -0.9766    0.2044
...    43 A-T ...
  -49.4034  -91.7078   74.3368
    0.6338    0.1940    0.7488
   -0.7705    0.0733    0.6332
    0.0680   -0.9783    0.1960
...    44 C-G ...
  -48.5811  -94.9064   74.7381
    0.1058    0.2303    0.9674
   -0.9898   -0.0688    0.1246
    0.0953   -0.9707    0.2207
...    45 T-A ...
  -47.5348  -98.2570   75.7098
   -0.4969    0.1539    0.8540
   -0.8625   -0.1959   -0.4665
    0.0955   -0.9685    0.2301
...    46 T-A ...
  -46.9472 -101.3339   76.5638
   -0.8914   -0.0186    0.4528
   -0.4390   -0.2124   -0.8730
    0.1124   -0.9770    0.1812
...    47 A-T ...
  -46.5128 -104.7281   76.7110
   -0.9515   -0.1816   -0.2485
    0.2725   -0.1221   -0.9544
    0.1430   -0.9758    0.1656
...    48 C-G ...
  -46.3268 -107.8534   77.8569
   -0.6544   -0.1854   -0.7331
    0.7461   -0.0004   -0.6659
    0.1231   -0.9827    0.1385
...    49 T-A ...
  -46.2979 -111.2101   78.3608
   -0.1435   -0.0658   -0.9875
    0.9850    0.0873   -0.1489
    0.0960   -0.9940    0.0523
...    50 G-C ...
  -45.8822 -114.5945   78.2388
    0.4330    0.1523   -0.8884
    0.8915    0.0729    0.4470
    0.1328   -0.9856   -0.1042
...    51 T-A ...
  -45.7829 -117.7113   77.4716
    0.8248    0.2258   -0.5183
    0.5395   -0.0403    0.8410
    0.1690   -0.9733   -0.1551
...    52 A-T ...
  -44.9013 -120.9606   77.1335
    0.9674    0.2190    0.1273
   -0.0762   -0.2278    0.9707
    0.2416   -0.9488   -0.2036
...    53 G-C ...
  -43.9856 -123.9715   76.2848
    0.7545    0.1290    0.6435
   -0.5707   -0.3550    0.7404
    0.3240   -0.9259   -0.1942
...    54 G-C ...
  -42.1122 -126.9417   75.3866
    0.2613   -0.0557    0.9636
   -0.8889   -0.4030    0.2177
    0.3762   -0.9135   -0.1548
...    55 T-A ...
  -40.3990 -129.7603   75.0137
   -0.2538   -0.2852    0.9243
   -0.8862   -0.3144   -0.3404
    0.3876   -0.9055   -0.1729
...    56 A-T ...
  -38.8514 -132.7579   74.5836
   -0.7519   -0.4221    0.5064
   -0.5339   -0.0608   -0.8434
    0.3867   -0.9045   -0.1796
...    57 T-A ...
  -37.3012 -135.6749   74.6587
   -0.9090   -0.4150   -0.0392
   -0.0483    0.1983   -0.9790
    0.4140   -0.8880   -0.2003
...    58 C-G ...
  -36.0317 -138.8018   74.1688
   -0.7343   -0.1765   -0.6555
    0.5399    0.4335   -0.7215
    0.4115   -0.8837   -0.2231
...    59 T-A ...
  -34.9589 -141.8845   73.3895
   -0.3482    0.1586   -0.9239
    0.8579    0.4511   -0.2459
    0.3778   -0.8783   -0.2931
...    60 C-G ...
  -33.6516 -144.7943   72.3414
    0.2122    0.4441   -0.8705
    0.9062    0.2439    0.3454
    0.3657   -0.8621   -0.3507
...    61 G-C ...
  -31.7942 -147.4103   71.1987
    0.5738    0.6843   -0.4500
    0.6819   -0.0949    0.7252
    0.4535   -0.7230   -0.5211
...    62 A-T ...
  -30.1244 -149.7562   69.4300
    0.8487    0.5193    0.0997
    0.2111   -0.5057    0.8365
    0.4848   -0.6889   -0.5388
...    63 G-C ...
  -28.3366 -151.8413   67.5200
    0.8024    0.1890    0.5660
   -0.2674   -0.7341    0.6242
    0.5335   -0.6522   -0.5385
...    64 C-G ...
  -26.1651 -153.7219   65.5846
    0.4743   -0.2891    0.8315
   -0.6815   -0.7185    0.1390
    0.5572   -0.6326   -0.5378
...    65 T-A ...
  -24.2236 -155.8053   63.8673
    0.0189   -0.6608    0.7503
   -0.8133   -0.4466   -0.3729
    0.5815   -0.6032   -0.5459
...    66 C-G ...
  -22.3924 -157.8548   61.9184
   -0.4892   -0.8085    0.3272
   -0.6436    0.0815   -0.7610
    0.5886   -0.5828   -0.5602
...    67 G-C ...
  -20.9944 -159.4639   59.0587
   -0.7916   -0.5834   -0.1817
   -0.2256    0.5554   -0.8004
    0.5679   -0.5926   -0.5713
...    68 G-C ...
  -18.8661 -161.3763   57.2178
   -0.8132   -0.0971   -0.5738
    0.2490    0.8331   -0.4939
    0.5260   -0.5445   -0.6533
...    69 G-C ...
  -17.1378 -163.3705   55.1241
   -0.5976    0.4456   -0.6665
    0.6597    0.7458   -0.0929
    0.4557   -0.4952   -0.7397
...    70 A-T ...
  -15.7920 -165.1276   52.6344
   -0.1109    0.8340   -0.5405
    0.8872    0.3281    0.3244
    0.4479   -0.4435   -0.7763
...    71 T-A ...
  -14.8982 -166.5400   49.8040
    0.3504    0.9035   -0.2468
    0.8196   -0.1682    0.5476
    0.4533   -0.3942   -0.7995
...    72 C-G ...
  -13.4663 -167.5772   46.9747
    0.7518    0.6370    0.1703
    0.4619   -0.6932    0.5533
    0.4705   -0.3373   -0.8154
...    73 C-G ...
  -11.6559 -168.3327   44.3002
    0.8388    0.1794    0.5140
    0.0057   -0.9470    0.3213
    0.5444   -0.2666   -0.7953
...    74 G-C ...
   -9.7584 -169.6219   41.8526
    0.6379   -0.4095    0.6522
   -0.4630   -0.8807   -0.1001
    0.6154   -0.2382   -0.7514
...    75 C-G ...
   -7.2079 -170.2041   39.5381
    0.2437   -0.8544    0.4589
   -0.7372   -0.4707   -0.4848
    0.6302   -0.2201   -0.7446
...    76 T-A ...
   -4.6470 -171.0960   37.3171
   -0.2317   -0.9709    0.0607
   -0.7122    0.1268   -0.6904
    0.6626   -0.2032   -0.7209
...    77 T-A ...
   -2.2398 -171.8274   35.2041
   -0.5703   -0.7041   -0.4230
   -0.4398    0.6967   -0.5667
    0.6938   -0.1371   -0.7070
...    78 T-A ...
    0.1871 -172.4197   33.0435
   -0.7046   -0.1484   -0.6939
   -0.0307    0.9834   -0.1791
    0.7089   -0.1048   -0.6974
...    79 A-T ...
    2.7370 -172.2432   30.7641
   -0.6320    0.5094   -0.5840
    0.4171    0.8587    0.2977
    0.6531   -0.0554   -0.7552
...    80 A-T ...
    4.6715 -172.4765   28.2547
   -0.3209    0.9113   -0.2578
    0.7093    0.4117    0.5722
    0.6276    0.0008   -0.7785
...    81 C-G ...
    6.2663 -172.5396   25.2899
    0.0995    0.9867    0.1286
    0.7724   -0.1581    0.6151
    0.6272    0.0382   -0.7779
...    82 A-T ...
    8.5069 -172.0812   22.7367
    0.4786    0.6823    0.5526
    0.5949   -0.7149    0.3675
    0.6458    0.1528   -0.7480
...    83 C-G ...
   10.5616 -170.8363   20.3566
    0.7135    0.1678    0.6802
    0.2599   -0.9650   -0.0346
    0.6506    0.2015   -0.7322
...    84 T-A ...
   12.9080 -169.4065   17.9740
    0.7204   -0.4522    0.5258
   -0.1974   -0.8605   -0.4697
    0.6649    0.2346   -0.7092
...    85 T-A ...
   15.1824 -168.3397   15.8338
    0.5071   -0.8607    0.0456
   -0.6010   -0.3910   -0.6970
    0.6177    0.3261   -0.7156
...    86 T-A ...
   17.4546 -167.0283   13.7750
    0.0961   -0.8783   -0.4683
   -0.8087    0.2054   -0.5512
    0.5803    0.4317   -0.6905
...    87 A-T ...
   19.1747 -164.9982   11.3828
   -0.4653   -0.3629   -0.8074
   -0.6607    0.7494    0.0439
    0.5891    0.5539   -0.5884
...    88 T-A ...
   21.3452 -163.7760    9.2753
   -0.7514    0.0467   -0.6582
   -0.3516    0.8157    0.4593
    0.5584    0.5766   -0.5965
...    89 G-C ...
   23.0952 -161.9721    7.0866
   -0.8617    0.4770   -0.1730
    0.1982    0.6303    0.7506
    0.4670    0.6126   -0.6377
...    90 C-G ...
   24.1901 -159.9787    4.7565
   -0.6468    0.6895    0.3258
    0.6345    0.2496    0.7315
    0.4231    0.6799   -0.5989
...    91 T-A ...
   25.2197 -157.5202    2.5130
   -0.1768    0.6596    0.7305
    0.9086   -0.1759    0.3787
    0.3783    0.7308   -0.5682
...    92 T-A ...
   26.2068 -154.9890    0.8141
    0.3440    0.3809    0.8583
    0.8698   -0.4736   -0.1384
    0.3538    0.7941   -0.4942
...    93 C-G ...
   27.3914 -152.1502   -0.5461
    0.7930   -0.0147    0.6090
    0.4934   -0.5710   -0.6562
    0.3574    0.8208   -0.4455
...    94 C-G ...
   28.9413 -149.3682   -1.6090
    0.9130   -0.3768    0.1564
   -0.0138   -0.4116   -0.9113
    0.4078    0.8298   -0.3810
...    95 G-C ...
   30.3919 -147.0380   -3.1622
    0.7312   -0.5766   -0.3647
   -0.4980   -0.0857   -0.8629
    0.4663    0.8125   -0.3498
...    96 G-C ...
   32.0050 -144.2667   -4.2774
    0.2660   -0.5115   -0.8171
   -0.8284    0.3122   -0.4651
    0.4930    0.8006   -0.3407
...    97 T-A ...
   34.3070 -142.1055   -5.3739
   -0.2525   -0.2700   -0.9292
   -0.8377    0.5415    0.0704
    0.4841    0.7962   -0.3629
...    98 C-G ...
   35.8994 -139.5024   -6.5675
   -0.7169    0.0951   -0.6907
   -0.5227    0.5822    0.6227
    0.4614    0.8074   -0.3677
...    99 A-T ...
   37.5137 -136.4286   -6.9084
   -0.9370    0.3312   -0.1111
    0.0186    0.3650    0.9308
    0.3488    0.8701   -0.3482
...   100 T-A ...
   38.4428 -133.6875   -8.4476
   -0.8098    0.4094    0.4204
    0.5126    0.1448    0.8464
    0.2856    0.9008   -0.3270
...   101 G-C ...
   39.3295 -130.3948   -9.3964
   -0.3502    0.2720    0.8963
    0.9160   -0.1007    0.3884
    0.1959    0.9570   -0.2139
...   102 T-A ...
   39.3383 -127.0723  -10.0435
    0.2178    0.1470    0.9649
    0.9609   -0.2057   -0.1856
    0.1712    0.9675   -0.1860
...   103 T-A ...
   39.7197 -123.9149  -10.4698
    0.7416   -0.0091    0.6708
    0.6531   -0.2188   -0.7250
    0.1534    0.9757   -0.1563
...   104 A-T ...
   40.3451 -120.5536  -11.3033
    0.9950   -0.0804   -0.0589
   -0.0699   -0.1420   -0.9874
    0.0711    0.9866   -0.1469
...   105 T-A ...
   40.7700 -117.2671  -11.0793
    0.8045   -0.0943   -0.5865
   -0.5931   -0.0722   -0.8019
    0.0333    0.9929   -0.1140
...   106 A-T ...
   40.3190 -113.7218  -11.3952
    0.0805    0.0437   -0.9958
   -0.9955   -0.0459   -0.0825
   -0.0494    0.9980    0.0398
...   107 A-T ...
   40.3265 -110.4624  -11.1541
   -0.5587    0.0730   -0.8262
   -0.8272   -0.1213    0.5487
   -0.0601    0.9899    0.1281
...   108 C-G ...
   40.6352 -107.0416  -11.0064
   -0.9353   -0.0023   -0.3538
   -0.3478   -0.1777    0.9206
   -0.0650    0.9841    0.1654
...   109 G-C ...
   40.2750 -103.9120  -10.0688
   -0.9452   -0.2237    0.2380
    0.2778   -0.1674    0.9459
   -0.1718    0.9602    0.2204
...   110 G-C ...
   39.3983 -100.8361   -9.2945
   -0.6115   -0.3976    0.6841
    0.7407    0.0164    0.6717
   -0.2783    0.9174    0.2845
...   111 A-T ...
   38.2998  -97.9928   -8.1272
   -0.0179   -0.3910    0.9202
    0.9474    0.2874    0.1406
   -0.3194    0.8744    0.3653
...   112 C-G ...
   36.6447  -95.4236   -6.9208
    0.5256   -0.2404    0.8160
    0.7914    0.4900   -0.3655
   -0.3120    0.8379    0.4478
...   113 T-A ...
   35.1864  -93.0776   -4.9396
    0.9029   -0.0018    0.4299
    0.3433    0.6050   -0.7184
   -0.2587    0.7963    0.5468
...   114 C-G ...
   34.7363  -90.2792   -3.2601
    0.9224    0.3714   -0.1064
   -0.3100    0.5473   -0.7774
   -0.2305    0.7501    0.6199
...   115 G-C ...
   33.8223  -87.5572   -1.5693
    0.5301    0.6233   -0.5749
   -0.8276    0.2325   -0.5110
   -0.1849    0.7466    0.6391
...   116 T-A ...
   33.9849  -84.9128    0.6303
   -0.0345    0.6347   -0.7720
   -0.9819   -0.1655   -0.0922
   -0.1863    0.7548    0.6289
...   117 A-T ...
   33.5815  -82.3350    2.8122
   -0.6547    0.3887   -0.6483
   -0.7307   -0.5452    0.4110
   -0.1936    0.7428    0.6409
...   118 T-A ...
   33.3666  -79.5229    4.5456
   -0.9486    0.0514   -0.3124
   -0.2606   -0.6871    0.6783
   -0.1798    0.7248    0.6651
...   119 A-T ...
   32.9441  -77.3175    7.2179
   -0.8692   -0.4221    0.2576
    0.4728   -0.5570    0.6827
   -0.1447    0.7152    0.6837
...   120 A-T ...
   32.3036  -74.9095    9.3194
   -0.4158   -0.7132    0.5644
    0.8923   -0.2000    0.4047
   -0.1757    0.6719    0.7195
...   121 T-A ...
   31.1570  -72.7600   11.5772
    0.1339   -0.7215    0.6794
    0.9745    0.2204    0.0421
   -0.1801    0.6564    0.7326
...   122 G-C ...
   30.5931  -70.6124   14.2828
    0.7325   -0.4895    0.4731
    0.6676    0.6524   -0.3587
   -0.1331    0.5786    0.8047
...   123 T-A ...
   30.0914  -69.2072   17.2335
    0.9782   -0.0680    0.1962
    0.1653    0.8266   -0.5379
   -0.1256    0.5587    0.8198
...   124 G-C ...
   29.7621  -67.3399   20.0617
    0.8698    0.4447   -0.2139
   -0.4884    0.7139   -0.5019
   -0.0705    0.5410    0.8381
...   125 T-A ...
   29.8743  -65.9299   22.9823
    0.4630    0.7494   -0.4733
   -0.8851    0.3632   -0.2909
   -0.0461    0.5536    0.8315
...   126 C-G ...
   29.8081  -64.1195   25.6297
   -0.1746    0.8249   -0.5376
   -0.9840   -0.1661    0.0647
   -0.0359    0.5403    0.8407
...   127 G-C ...
   28.9886  -62.6105   28.5712
   -0.7231    0.5244   -0.4496
   -0.6859   -0.6220    0.3777
   -0.0816    0.5815    0.8094
...   128 A-T ...
   28.8822  -60.8001   31.2032
   -0.9910    0.0388   -0.1282
   -0.1038   -0.8275    0.5518
   -0.0847    0.5601    0.8241
...   129 C-G ...
   28.5340  -58.3839   33.4431
   -0.8805   -0.4456    0.1617
    0.4584   -0.7137    0.5296
   -0.1206    0.5404    0.8327
...   130 C-G ...
   27.6672  -56.4917   36.1490
   -0.4616   -0.8202    0.3380
    0.8649   -0.3315    0.3769
   -0.1971    0.4663    0.8624
...   131 A-T ...
   27.8160  -55.1135   39.3141
    0.1830   -0.8904    0.4168
    0.9624    0.2489    0.1091
   -0.2009    0.3811    0.9024
...   132 A-T ...
   27.1057  -54.0224   42.3332
    0.7235   -0.5733    0.3846
    0.6608    0.7363   -0.1455
   -0.1998    0.3595    0.9115
...   133 A-T ...
   26.2579  -53.1675   45.3967
    0.9671   -0.0001    0.2545
    0.0925    0.9317   -0.3512
   -0.2371    0.3632    0.9010
...   134 T-A ...
   25.6308  -52.5797   48.6349
    0.8597    0.5096    0.0340
   -0.4497    0.7867   -0.4230
   -0.2423    0.3484    0.9055
...   135 G-C ...
   25.2859  -52.4981   52.0750
    0.3205    0.9427   -0.0927
   -0.8825    0.2616   -0.3908
   -0.3441    0.2071    0.9158
...   136 T-A ...
   25.5356  -52.9668   55.8002
   -0.2443    0.9563   -0.1608
   -0.8908   -0.2868   -0.3525
   -0.3832    0.0571    0.9219
...   137 G-C ...
   24.9038  -52.7260   58.9821
   -0.7529    0.5562   -0.3519
   -0.5214   -0.8303   -0.1968
   -0.4017    0.0354    0.9151
...   138 A-T ...
   24.0250  -51.6261   61.9210
   -0.9563    0.0400   -0.2896
   -0.0523   -0.9980    0.0347
   -0.2877    0.0483    0.9565
...   139 G-C ...
   22.3574  -51.2300   64.4909
   -0.8529   -0.5117   -0.1032
    0.4973   -0.8566    0.1372
   -0.1586    0.0657    0.9852
...   140 C-G ...
   22.1609  -50.1386   67.4618
   -0.4681   -0.8749    0.1247
    0.8495   -0.4066    0.3363
   -0.2435    0.2633    0.9335
...   141 G-C ...
   21.4367  -51.8164   72.7856
    0.1304   -0.7141   -0.6877
    0.8897   -0.2218    0.3990
   -0.4375   -0.6639    0.6065
...   142 C-G ...
   20.4355  -54.2995   74.5395
    0.5847   -0.7390   -0.3347
    0.7593    0.3532    0.5466
   -0.2857   -0.5737    0.7676
...   143 T-A ...
   18.4378  -55.5190   76.5273
    0.8548   -0.5006    0.1370
    0.3188    0.7147    0.6225
   -0.4096   -0.4884    0.7705
...   144 C-G ...
   16.8485  -57.7127   78.2648
    0.8529   -0.0846    0.5152
   -0.1509    0.9047    0.3983
   -0.4998   -0.4175    0.7589
...   145 A-T ...
   15.7933  -59.5518   80.7963
    0.5515    0.4995    0.6681
   -0.6739    0.7388    0.0040
   -0.4915   -0.4525    0.7441
...   146 C-G ...
   15.7411  -61.4839   83.9295
    0.0342    0.7400    0.6718
   -0.8637    0.3601   -0.3527
   -0.5029   -0.5681    0.6514
...   147 A-T ...
   14.7482  -63.4171   86.8165
   -0.5923    0.6746    0.4405
   -0.6886   -0.1400   -0.7115
   -0.4183   -0.7247    0.5475
