  147 base-pairs
...     1 T-A ...
    0.0000    0.0000    0.0000
    1.0000    0.0000    0.0000
    0.0000    1.0000    0.0000
    0.0000    0.0000    1.0000
...     2 G-C ...
   -0.5555   -1.1003    3.3981
    0.7749    0.6051    0.1828
   -0.5991    0.7953   -0.0929
   -0.2016   -0.0375    0.9787
...     3 T-A ...
   -0.6619   -3.0237    6.5348
    0.3046    0.9250    0.2271
   -0.8994    0.3578   -0.2510
   -0.3134   -0.1278    0.9410
...     4 G-C ...
   -1.1607   -3.8418    9.6940
   -0.3351    0.9421    0.0133
   -0.8752   -0.3061   -0.3746
   -0.3489   -0.1372    0.9271
...     5 A-T ...
   -1.3881   -3.6770   12.8999
   -0.7835    0.6162   -0.0801
   -0.5677   -0.7622   -0.3109
   -0.2527   -0.1981    0.9470
...     6 G-C ...
   -2.6236   -3.5448   15.7072
   -0.9923    0.0611   -0.1075
   -0.0294   -0.9610   -0.2748
   -0.1201   -0.2695    0.9555
...     7 C-G ...
   -2.3138   -3.7570   18.8866
   -0.8620   -0.4995   -0.0864
    0.5008   -0.8655    0.0073
   -0.0785   -0.0370    0.9962
...     8 G-C ...
   -3.9561   -6.8109   23.3205
   -0.2581   -0.3560   -0.8981
    0.6294   -0.7673    0.1233
   -0.7330   -0.5335    0.4221
...     9 C-G ...
   -6.1177   -8.9414   24.2385
    0.1143   -0.7320   -0.6716
    0.8123   -0.3203    0.4874
   -0.5720   -0.6013    0.5580
...    10 T-A ...
   -8.5041   -9.6771   26.0540
    0.4660   -0.8587   -0.2131
    0.6274    0.1508    0.7640
   -0.6239   -0.4897    0.6090
...    11 C-G ...
  -11.0625  -11.3174   27.2336
    0.6660   -0.6911    0.2808
    0.3382    0.6152    0.7121
   -0.6649   -0.3794    0.6435
...    12 A-T ...
  -13.0013  -13.1789   29.0658
    0.7188   -0.1490    0.6790
   -0.1787    0.9043    0.3876
   -0.6718   -0.4000    0.6235
...    13 C-G ...
  -14.1788  -15.9359   31.3399
    0.4052    0.2865    0.8682
   -0.5270    0.8492   -0.0343
   -0.7470   -0.4437    0.4951
...    14 A-T ...
  -15.9532  -18.1566   33.3080
   -0.1503    0.6873    0.7107
   -0.6106    0.5008   -0.6135
   -0.7776   -0.5261    0.3444
...    15 A-T ...
  -18.3838  -19.9333   34.5351
   -0.4938    0.8445    0.2073
   -0.3915   -0.0030   -0.9202
   -0.7764   -0.5356    0.3321
...    16 T-A ...
  -20.7301  -21.6219   36.3438
   -0.6647    0.6756   -0.3189
   -0.0368   -0.4560   -0.8892
   -0.7462   -0.5793    0.3280
...    17 T-A ...
  -23.1718  -23.3280   37.7391
   -0.5847    0.2440   -0.7737
    0.3871   -0.7542   -0.5304
   -0.7129   -0.6096    0.3465
...    18 T-A ...
  -25.5809  -25.1798   38.9361
   -0.2367   -0.2228   -0.9457
    0.6578   -0.7531    0.0128
   -0.7150   -0.6190    0.3249
...    19 A-T ...
  -27.7508  -27.5243   40.0492
    0.2588   -0.6012   -0.7561
    0.6596   -0.4619    0.5930
   -0.7057   -0.6521    0.2770
...    20 T-A ...
  -30.4259  -29.4379   40.4205
    0.5743   -0.7498   -0.3287
    0.4232   -0.0717    0.9032
   -0.7007   -0.6578    0.2761
...    21 T-A ...
  -32.7444  -31.6440   41.0557
    0.7101   -0.6509    0.2684
   -0.0135    0.3685    0.9295
   -0.7040   -0.6637    0.2529
...    22 C-G ...
  -34.9541  -33.9225   41.9400
    0.5755   -0.2828    0.7674
   -0.4571    0.6669    0.5885
   -0.6782   -0.6894    0.2546
...    23 G-C ...
  -37.2978  -35.8767   43.4278
    0.2991    0.2274    0.9267
   -0.7479    0.6590    0.0797
   -0.5927   -0.7169    0.3672
...    24 C-G ...
  -38.9163  -38.4469   44.7043
   -0.1149    0.5784    0.8076
   -0.7934    0.4357   -0.4250
   -0.5977   -0.6896    0.4089
...    25 A-T ...
  -41.3260  -40.6543   45.5577
   -0.5634    0.7420    0.3633
   -0.5478   -0.0064   -0.8366
   -0.6184   -0.6703    0.4101
...    26 A-T ...
  -43.3012  -42.8176   47.0628
   -0.7855    0.5867   -0.1966
   -0.1026   -0.4367   -0.8937
   -0.6102   -0.6819    0.4033
...    27 A-T ...
  -45.2468  -44.9151   48.6553
   -0.7020    0.1991   -0.6838
    0.4030   -0.6806   -0.6119
   -0.5872   -0.7051    0.3976
...    28 G-C ...
  -47.5432  -46.9573   50.0938
   -0.3252   -0.1618   -0.9317
    0.7133   -0.6889   -0.1294
   -0.6209   -0.7066    0.3395
...    29 G-C ...
  -49.9646  -49.2496   51.0595
    0.2098   -0.4671   -0.8590
    0.7585   -0.4766    0.4444
   -0.6170   -0.7448    0.2543
...    30 C-G ...
  -52.1675  -51.6684   51.4503
    0.6397   -0.6087   -0.4694
    0.4848   -0.1544    0.8609
   -0.5965   -0.7782    0.1963
...    31 C-G ...
  -54.1687  -54.3221   51.8596
    0.8426   -0.5303    0.0939
    0.0052    0.1823    0.9832
   -0.5385   -0.8280    0.1564
...    32 G-C ...
  -55.6113  -56.9593   52.7796
    0.7559   -0.2758    0.5938
   -0.4785    0.3863    0.7885
   -0.4469   -0.8802    0.1601
...    33 G-C ...
  -56.6645  -60.1104   53.5229
    0.3638    0.0272    0.9311
   -0.8417    0.4378    0.3161
   -0.3990   -0.8987    0.1821
...    34 C-G ...
  -57.6584  -63.1857   54.2144
   -0.1803    0.2977    0.9375
   -0.9025    0.3288   -0.2780
   -0.3910   -0.8962    0.2094
...    35 C-G ...
  -58.8838  -66.1920   55.3119
   -0.6654    0.4559    0.5911
   -0.6285    0.0851   -0.7732
   -0.4028   -0.8860    0.2299
...    36 C-G ...
  -60.1459  -69.1972   56.4051
   -0.8873    0.4610    0.0151
   -0.1243   -0.2075   -0.9703
   -0.4442   -0.8628    0.2414
...    37 G-C ...
  -61.2092  -72.5422   56.2803
   -0.7544    0.3212   -0.5725
    0.4342   -0.4099   -0.8021
   -0.4923   -0.8537    0.1698
...    38 A-T ...
  -62.6810  -75.2797   56.9528
   -0.3383    0.0298   -0.9406
    0.8098   -0.5000   -0.3071
   -0.4794   -0.8655    0.1450
...    39 C-G ...
  -64.6125  -77.8055   57.2274
    0.1763   -0.1827   -0.9672
    0.8563   -0.4562    0.2423
   -0.4855   -0.8709    0.0760
...    40 A-T ...
  -66.1676  -80.8303   57.2620
    0.6970   -0.3304   -0.6364
    0.5654   -0.2926    0.7712
   -0.4410   -0.8974   -0.0171
...    41 C-G ...
  -67.5313  -83.7814   56.6020
    0.9125   -0.3901   -0.1233
    0.0914   -0.0995    0.9908
   -0.3987   -0.9154   -0.0551
...    42 G-C ...
  -68.7038  -86.9222   56.8769
    0.7901   -0.3304    0.5163
   -0.5173    0.0925    0.8508
   -0.3289   -0.9393   -0.0978
...    43 A-T ...
  -69.7011  -89.9588   56.5247
    0.3068   -0.2212    0.9257
   -0.8926    0.2708    0.3605
   -0.3305   -0.9369   -0.1144
...    44 C-G ...
  -70.1953  -93.2387   56.1310
   -0.2328   -0.0210    0.9723
   -0.9181    0.3346   -0.2126
   -0.3209   -0.9421   -0.0971
...    45 T-A ...
  -70.7778  -96.8370   56.1623
   -0.7278    0.1870    0.6598
   -0.5995    0.2938   -0.7445
   -0.3331   -0.9374   -0.1017
...    46 T-A ...
  -71.6921  -99.9339   55.9901
   -0.9485    0.2960    0.1132
   -0.0610    0.1802   -0.9817
   -0.3110   -0.9380   -0.1529
...    47 A-T ...
  -72.6153 -103.0950   55.1576
   -0.7530    0.3640   -0.5482
    0.5744   -0.0430   -0.8175
   -0.3211   -0.9304   -0.1767
...    48 C-G ...
  -74.1081 -106.0436   55.0660
   -0.3029    0.3349   -0.8922
    0.8896   -0.2365   -0.3908
   -0.3419   -0.9121   -0.2263
...    49 T-A ...
  -75.6259 -108.9505   54.2210
    0.2689    0.2379   -0.9333
    0.8995   -0.4084    0.1551
   -0.3443   -0.8813   -0.3239
...    50 G-C ...
  -76.6110 -111.9127   52.8011
    0.7891    0.1020   -0.6057
    0.5594   -0.5264    0.6403
   -0.2535   -0.8441   -0.4725
...    51 T-A ...
  -77.4472 -114.3088   50.8333
    0.9765   -0.1548   -0.1497
    0.0460   -0.5293    0.8472
   -0.2104   -0.8342   -0.5098
...    52 A-T ...
  -78.2313 -117.4553   49.6519
    0.7597   -0.4789    0.4398
   -0.6215   -0.3361    0.7077
   -0.1911   -0.8110   -0.5530
...    53 G-C ...
  -78.5909 -120.1225   47.7913
    0.3030   -0.5542    0.7753
   -0.9430   -0.0568    0.3280
   -0.1377   -0.8304   -0.5398
...    54 G-C ...
  -78.2899 -123.2486   45.9645
   -0.3063   -0.4573    0.8349
   -0.9443    0.2565   -0.2059
   -0.1200   -0.8515   -0.5104
...    55 T-A ...
  -78.3183 -126.2433   44.5127
   -0.7770   -0.2681    0.5696
   -0.6208    0.4761   -0.6228
   -0.1042   -0.8376   -0.5363
...    56 A-T ...
  -78.5080 -129.2036   42.8354
   -0.9938    0.0987    0.0502
    0.0138    0.5603   -0.8282
   -0.1099   -0.8224   -0.5582
...    57 T-A ...
  -79.0020 -132.2081   41.5989
   -0.8282    0.3785   -0.4133
    0.5536    0.4370   -0.7089
   -0.0877   -0.8159   -0.5715
...    58 C-G ...
  -79.5685 -135.0010   39.6872
   -0.2727    0.6043   -0.7486
    0.9574    0.0937   -0.2732
   -0.0950   -0.7912   -0.6041
...    59 T-A ...
  -80.1190 -137.4536   37.5013
    0.3045    0.6310   -0.7136
    0.9484   -0.2703    0.1656
   -0.0884   -0.7272   -0.6807
...    60 C-G ...
  -80.1772 -139.7641   35.1297
    0.8119    0.3917   -0.4329
    0.5784   -0.6406    0.5050
   -0.0796   -0.6604   -0.7467
...    61 G-C ...
  -79.8066 -142.2513   32.8124
    0.9914    0.1057    0.0767
    0.0442   -0.8243    0.5644
    0.1229   -0.5562   -0.8219
...    62 A-T ...
  -79.0609 -144.1113   30.0032
    0.8066   -0.4239    0.4120
   -0.5697   -0.7435    0.3503
    0.1578   -0.5172   -0.8412
...    63 G-C ...
  -78.3309 -145.8080   27.2086
    0.3512   -0.7608    0.5457
   -0.9162   -0.3995    0.0327
    0.1931   -0.5114   -0.8373
...    64 C-G ...
  -77.2446 -147.5997   24.4158
   -0.2844   -0.8529    0.4378
   -0.9345    0.1445   -0.3254
    0.2143   -0.5017   -0.8381
...    65 T-A ...
  -76.5205 -149.3073   21.6414
   -0.7580   -0.6376    0.1373
   -0.6023    0.6034   -0.5226
    0.2504   -0.4789   -0.8414
...    66 C-G ...
  -75.4608 -150.7656   18.7090
   -0.9625   -0.1075   -0.2492
    0.0136    0.8980   -0.4399
    0.2711   -0.4268   -0.8628
...    67 G-C ...
  -74.1898 -151.1915   15.4664
   -0.7785    0.4655   -0.4211
    0.5749    0.7981   -0.1805
    0.2520   -0.3826   -0.8889
...    68 G-C ...
  -73.1347 -152.6098   12.5794
   -0.3129    0.8813   -0.3541
    0.9040    0.3907    0.1735
    0.2912   -0.2658   -0.9190
...    69 G-C ...
  -72.3655 -153.5187    9.4245
    0.2002    0.9772   -0.0702
    0.9299   -0.1669    0.3278
    0.3087   -0.1309   -0.9421
...    70 A-T ...
  -71.4732 -153.7908    6.2416
    0.6914    0.6909    0.2110
    0.6316   -0.7199    0.2877
    0.3507   -0.0656   -0.9342
...    71 T-A ...
  -70.5211 -153.3779    3.1229
    0.9026    0.2059    0.3779
    0.1781   -0.9781    0.1074
    0.3918   -0.0296   -0.9196
...    72 C-G ...
  -68.9881 -153.1869    0.1352
    0.8124   -0.4360    0.3873
   -0.3924   -0.9000   -0.1901
    0.4314    0.0024   -0.9022
...    73 C-G ...
  -67.0127 -153.3251   -2.5835
    0.4335   -0.8638    0.2565
   -0.7445   -0.5037   -0.4381
    0.5077   -0.0011   -0.8615
...    74 G-C ...
  -65.6636 -153.5559   -5.6346
   -0.1337   -0.9895   -0.0544
   -0.8312    0.1418   -0.5376
    0.5396   -0.0267   -0.8415
...    75 C-G ...
  -63.4672 -153.9096   -8.3266
   -0.5986   -0.7089   -0.3729
   -0.5875    0.7050   -0.3972
    0.5445   -0.0187   -0.8386
...    76 T-A ...
  -61.4265 -154.3407  -11.1178
   -0.8301   -0.1433   -0.5389
   -0.1079    0.9894   -0.0968
    0.5471   -0.0222   -0.8368
...    77 T-A ...
  -59.6468 -154.7346  -13.8393
   -0.7048    0.4818   -0.5206
    0.3966    0.8762    0.2739
    0.5881   -0.0134   -0.8086
...    78 T-A ...
  -57.7605 -154.8942  -16.5217
   -0.3521    0.9066   -0.2325
    0.7266    0.4214    0.5427
    0.5900    0.0222   -0.8071
...    79 A-T ...
  -55.5177 -154.6067  -19.1221
    0.0453    0.9500    0.3089
    0.8139   -0.2144    0.5400
    0.5792    0.2270   -0.7829
...    80 A-T ...
  -53.8092 -153.6515  -21.5922
    0.4370    0.6402    0.6318
    0.6707   -0.7000    0.2453
    0.5994    0.3165   -0.7353
...    81 C-G ...
  -52.1433 -152.0079  -23.9994
    0.7120    0.1436    0.6874
    0.3373   -0.9285   -0.1555
    0.6159    0.3426   -0.7095
...    82 A-T ...
  -49.7016 -150.8394  -26.1265
    0.7140   -0.4780    0.5115
   -0.1134   -0.7999   -0.5893
    0.6909    0.3628   -0.6254
...    83 C-G ...
  -46.9828 -149.4097  -27.6014
    0.5249   -0.8454    0.0985
   -0.4602   -0.3793   -0.8027
    0.7160    0.3760   -0.5882
...    84 T-A ...
  -43.9324 -147.9890  -29.0583
    0.1649   -0.8915   -0.4220
   -0.6625    0.2169   -0.7170
    0.7307    0.3977   -0.5548
...    85 T-A ...
  -41.2843 -146.7532  -30.5989
   -0.1971   -0.5090   -0.8379
   -0.6278    0.7220   -0.2909
    0.7530    0.4687   -0.4618
...    86 T-A ...
  -38.4892 -145.4631  -31.8965
   -0.4589    0.0969   -0.8832
   -0.4103    0.8586    0.3073
    0.7881    0.5034   -0.3543
...    87 A-T ...
  -35.6704 -143.3932  -32.5632
   -0.5332    0.7463   -0.3985
   -0.0121    0.4642    0.8856
    0.8459    0.4771   -0.2385
...    88 T-A ...
  -33.1328 -141.9381  -33.9508
   -0.5079    0.8541    0.1118
    0.2385    0.0147    0.9710
    0.8277    0.5199   -0.2112
...    89 G-C ...
  -30.5286 -140.0143  -34.7725
   -0.3425    0.6218    0.7044
    0.5247   -0.4953    0.6924
    0.7794    0.6067   -0.1566
...    90 C-G ...
  -28.3305 -137.6283  -35.1459
   -0.0627    0.1869    0.9804
    0.6253   -0.7582    0.1846
    0.7778    0.6246   -0.0693
...    91 T-A ...
  -25.9021 -135.1001  -34.9847
    0.2838   -0.3274    0.9013
    0.5893   -0.6819   -0.4333
    0.7564    0.6541   -0.0006
...    92 T-A ...
  -23.5362 -132.9514  -34.6389
    0.5274   -0.6996    0.4820
    0.3668   -0.3242   -0.8720
    0.7663    0.6367    0.0857
...    93 C-G ...
  -20.8479 -130.9497  -34.0804
    0.6456   -0.7441   -0.1717
   -0.0170    0.2108   -0.9774
    0.7635    0.6339    0.1234
...    94 C-G ...
  -17.9782 -129.2473  -33.6333
    0.4920   -0.5151   -0.7019
   -0.3381    0.6299   -0.6992
    0.8023    0.5813    0.1358
...    95 G-C ...
  -15.6251 -127.1569  -33.5105
    0.1867   -0.0895   -0.9783
   -0.5357    0.8255   -0.1778
    0.8235    0.5573    0.1062
...    96 G-C ...
  -12.7198 -125.3689  -33.3161
   -0.1898    0.4040   -0.8949
   -0.5521    0.7098    0.4375
    0.8119    0.5771    0.0884
...    97 C-G ...
   -9.7659 -123.7560  -33.2936
   -0.5080    0.7197   -0.4732
   -0.3565    0.3245    0.8761
    0.7841    0.6138    0.0917
...    98 T-A ...
   -7.1090 -121.7129  -33.0665
   -0.6621    0.7434    0.0944
   -0.0215   -0.1448    0.9892
    0.7491    0.6530    0.1118
...    99 C-G ...
   -4.4608 -119.5810  -32.6636
   -0.5669    0.4643    0.6805
    0.3838   -0.5820    0.7169
    0.7289    0.6676    0.1518
...   100 G-C ...
   -1.7547 -117.7360  -31.7397
   -0.2994   -0.0802    0.9508
    0.6641   -0.7330    0.1473
    0.6851    0.6755    0.2727
...   101 T-A ...
   -0.1905 -115.0580  -30.3175
    0.0809   -0.5275    0.8457
    0.7270   -0.5491   -0.4121
    0.6818    0.6482    0.3391
...   102 A-T ...
    1.8955 -112.8642  -28.6842
    0.4535   -0.8042    0.3842
    0.5665   -0.0727   -0.8209
    0.6881    0.5899    0.4226
...   103 T-A ...
    3.8262 -111.0146  -26.6796
    0.7122   -0.6912   -0.1226
    0.2222    0.3875   -0.8947
    0.6659    0.6099    0.4296
...   104 T-A ...
    5.9878 -109.2004  -25.0528
    0.7420   -0.2386   -0.6265
   -0.2668    0.7522   -0.6025
    0.6150    0.6142    0.4945
...   105 C-G ...
    7.9028 -106.8884  -23.4075
    0.4239    0.3323   -0.8425
   -0.6812    0.7300   -0.0549
    0.5968    0.5973    0.5358
...   106 A-T ...
    9.2592 -104.6677  -21.1334
   -0.1294    0.6661   -0.7346
   -0.8103    0.3559    0.4655
    0.5715    0.6555    0.4937
...   107 T-A ...
   11.5020 -102.6224  -19.8155
   -0.5538    0.7420   -0.3777
   -0.6187   -0.0631    0.7831
    0.5572    0.6674    0.4941
...   108 G-C ...
   13.4656 -100.3293  -18.0173
   -0.8620    0.4785    0.1675
   -0.1390   -0.5408    0.8296
    0.4876    0.6918    0.5327
...   109 T-A ...
   15.0263  -97.6379  -16.6778
   -0.7965    0.0818    0.5991
    0.3647   -0.7253    0.5839
    0.4823    0.6835    0.5479
...   110 T-A ...
   16.4054  -95.3539  -14.9426
   -0.4643   -0.3963    0.7921
    0.7625   -0.6339    0.1298
    0.4506    0.6642    0.5965
...   111 A-T ...
   18.1841  -93.3404  -12.8281
    0.1184   -0.7413    0.6606
    0.8947   -0.2090   -0.3948
    0.4308    0.6378    0.6385
...   112 T-A ...
   18.9694  -91.3335  -10.3319
    0.5797   -0.7376    0.3464
    0.7006    0.2341   -0.6740
    0.4160    0.6334    0.6524
...   113 A-T ...
   20.4991  -88.9511   -8.2839
    0.9302   -0.3222   -0.1759
    0.1023    0.6877   -0.7187
    0.3526    0.6506    0.6727
...   114 A-T ...
   21.6675  -87.0180   -5.9378
    0.8130    0.2118   -0.5424
   -0.4983    0.7350   -0.4598
    0.3013    0.6441    0.7031
...   115 C-G ...
   23.0940  -85.3004   -3.2507
    0.3810    0.6338   -0.6732
   -0.8851    0.4606   -0.0673
    0.2674    0.6214    0.7364
...   116 G-C ...
   23.7156  -83.2020   -0.7811
   -0.2840    0.7841   -0.5518
   -0.9255   -0.0737    0.3716
    0.2507    0.6162    0.7466
...   117 G-C ...
   24.7275  -81.2101    1.6978
   -0.7686    0.5593   -0.3104
   -0.6124   -0.5031    0.6098
    0.1849    0.6589    0.7292
...   118 A-T ...
   25.4829  -78.9449    4.0676
   -0.9895    0.1081    0.0956
   -0.0177   -0.7481    0.6633
    0.1432    0.6547    0.7422
...   119 A-T ...
   25.7874  -76.7195    6.4394
   -0.8096   -0.3798    0.4476
    0.5763   -0.6594    0.4827
    0.1118    0.6488    0.7527
...   120 A-T ...
   25.8767  -74.4020    8.7789
   -0.3021   -0.6865    0.6614
    0.9455   -0.3041    0.1163
    0.1214    0.6605    0.7409
...   121 T-A ...
   25.6510  -72.2420   11.2924
    0.2486   -0.7529    0.6094
    0.9630    0.1243   -0.2393
    0.1044    0.6463    0.7559
...   122 G-C ...
   26.0170  -70.1875   14.0461
    0.7884   -0.5544    0.2664
    0.6010    0.6021   -0.5257
    0.1310    0.5746    0.8079
...   123 T-A ...
   26.3625  -68.7931   17.0468
    0.9897   -0.1351   -0.0482
    0.0844    0.8202   -0.5658
    0.1160    0.5559    0.8231
...   124 G-C ...
   26.7473  -66.9608   19.8821
    0.8196    0.4091   -0.4011
   -0.5551    0.7403   -0.3793
    0.1418    0.5335    0.8338
...   125 T-A ...
   27.5396  -65.6215   22.7432
    0.3823    0.7382   -0.5558
   -0.9123    0.3972   -0.0999
    0.1470    0.5452    0.8253
...   126 C-G ...
   28.0562  -63.9133   25.4192
   -0.2523    0.8335   -0.4915
   -0.9575   -0.1418    0.2511
    0.1396    0.5340    0.8339
...   127 G-C ...
   27.8325  -62.4152   28.4599
   -0.7688    0.5311   -0.3562
   -0.6384   -0.6047    0.4763
    0.0376    0.5936    0.8039
...   128 A-T ...
   28.1223  -60.5975   31.0533
   -0.9984    0.0545   -0.0119
   -0.0515   -0.8196    0.5706
    0.0213    0.5703    0.8211
...   129 C-G ...
   28.0440  -58.1599   33.2710
   -0.8662   -0.4291    0.2559
    0.4988   -0.7141    0.4911
   -0.0280    0.5531    0.8327
...   130 C-G ...
   27.3470  -56.2429   36.0158
   -0.4480   -0.8094    0.3798
    0.8854   -0.3427    0.3140
   -0.1239    0.4770    0.8701
...   131 A-T ...
   27.5805  -54.9894   39.2075
    0.1876   -0.8973    0.3996
    0.9703    0.2326    0.0669
   -0.1529    0.3752    0.9142
...   132 A-T ...
   26.9949  -53.9736   42.2844
    0.7279   -0.5835    0.3602
    0.6652    0.7284   -0.1641
   -0.1666    0.3590    0.9183
...   133 A-T ...
   26.2269  -53.1284   45.3673
    0.9715   -0.0072    0.2371
    0.0930    0.9310   -0.3531
   -0.2182    0.3650    0.9051
...   134 T-A ...
   25.6308  -52.5796   48.6348
    0.8597    0.5096    0.0340
   -0.4497    0.7867   -0.4230
   -0.2423    0.3484    0.9055
...   135 G-C ...
   25.2859  -52.4980   52.0749
    0.3205    0.9427   -0.0927
   -0.8825    0.2616   -0.3908
   -0.3442    0.2071    0.9158
...   136 T-A ...
   25.5356  -52.9668   55.8001
   -0.2443    0.9563   -0.1608
   -0.8908   -0.2868   -0.3525
   -0.3832    0.0571    0.9219
...   137 G-C ...
   24.9038  -52.7259   58.9820
   -0.7529    0.5562   -0.3519
   -0.5214   -0.8303   -0.1968
   -0.4017    0.0354    0.9151
...   138 A-T ...
   24.0250  -51.6261   61.9210
   -0.9563    0.0400   -0.2896
   -0.0523   -0.9980    0.0347
   -0.2877    0.0483    0.9565
...   139 G-C ...
   22.3575  -51.2299   64.4908
   -0.8529   -0.5117   -0.1032
    0.4973   -0.8566    0.1372
   -0.1586    0.0657    0.9852
...   140 C-G ...
   22.1609  -50.1386   67.4617
   -0.4681   -0.8749    0.1247
    0.8495   -0.4066    0.3363
   -0.2435    0.2633    0.9335
...   141 G-C ...
   21.4367  -51.8164   72.7855
    0.1304   -0.7141   -0.6877
    0.8897   -0.2218    0.3990
   -0.4375   -0.6639    0.6065
...   142 C-G ...
   20.4355  -54.2994   74.5394
    0.5847   -0.7390   -0.3347
    0.7593    0.3532    0.5466
   -0.2857   -0.5737    0.7676
...   143 T-A ...
   18.4378  -55.5190   76.5272
    0.8548   -0.5006    0.1370
    0.3188    0.7147    0.6225
   -0.4096   -0.4884    0.7705
...   144 C-G ...
   16.8486  -57.7126   78.2647
    0.8529   -0.0846    0.5152
   -0.1509    0.9047    0.3983
   -0.4998   -0.4175    0.7589
...   145 A-T ...
   15.7934  -59.5518   80.7962
    0.5515    0.4995    0.6681
   -0.6739    0.7388    0.0040
   -0.4915   -0.4525    0.7441
...   146 C-G ...
   15.7411  -61.4839   83.9295
    0.0342    0.7400    0.6718
   -0.8637    0.3601   -0.3527
   -0.5029   -0.5681    0.6514
...   147 A-T ...
   14.7482  -63.4171   86.8164
   -0.5923    0.6746    0.4405
   -0.6886   -0.1400   -0.7115
   -0.4183   -0.7247    0.5475
