  147 base-pairs
...     1 T-A ...
    0.0000    0.0000    0.0000
    1.0000    0.0000    0.0000
    0.0000    1.0000    0.0000
    0.0000    0.0000    1.0000
...     2 G-C ...
   -0.5555   -1.1003    3.3981
    0.7749    0.6051    0.1828
   -0.5991    0.7953   -0.0929
   -0.2016   -0.0375    0.9787
...     3 T-A ...
   -0.6619   -3.0237    6.5348
    0.3046    0.9250    0.2271
   -0.8994    0.3578   -0.2510
   -0.3134   -0.1278    0.9410
...     4 G-C ...
   -1.1607   -3.8418    9.6940
   -0.3351    0.9421    0.0133
   -0.8752   -0.3061   -0.3746
   -0.3489   -0.1372    0.9271
...     5 A-T ...
   -1.3881   -3.6770   12.8999
   -0.7835    0.6162   -0.0801
   -0.5677   -0.7622   -0.3109
   -0.2527   -0.1981    0.9470
...     6 G-C ...
   -2.6236   -3.5448   15.7072
   -0.9923    0.0611   -0.1075
   -0.0294   -0.9610   -0.2748
   -0.1201   -0.2695    0.9555
...     7 C-G ...
   -2.3138   -3.7570   18.8866
   -0.8620   -0.4995   -0.0864
    0.5008   -0.8655    0.0073
   -0.0785   -0.0370    0.9962
...     8 G-C ...
   -3.9561   -6.8109   23.3205
   -0.2581   -0.3560   -0.8981
    0.6294   -0.7673    0.1233
   -0.7330   -0.5335    0.4221
...     9 C-G ...
   -6.1177   -8.9414   24.2385
    0.1143   -0.7320   -0.6716
    0.8123   -0.3203    0.4874
   -0.5720   -0.6013    0.5580
...    10 T-A ...
   -8.5041   -9.6771   26.0540
    0.4660   -0.8587   -0.2131
    0.6274    0.1508    0.7640
   -0.6239   -0.4897    0.6090
...    11 C-G ...
  -11.0625  -11.3174   27.2336
    0.6660   -0.6911    0.2808
    0.3382    0.6152    0.7121
   -0.6649   -0.3794    0.6435
...    12 A-T ...
  -13.0013  -13.1789   29.0658
    0.7188   -0.1490    0.6790
   -0.1787    0.9043    0.3876
   -0.6718   -0.4000    0.6235
...    13 C-G ...
  -14.1788  -15.9359   31.3399
    0.4052    0.2865    0.8682
   -0.5270    0.8492   -0.0343
   -0.7470   -0.4437    0.4951
...    14 A-T ...
  -15.9532  -18.1566   33.3080
   -0.1503    0.6873    0.7107
   -0.6106    0.5008   -0.6135
   -0.7776   -0.5261    0.3444
...    15 A-T ...
  -18.3756  -19.8742   34.6622
   -0.5046    0.8371    0.2112
   -0.4153   -0.0209   -0.9095
   -0.7569   -0.5466    0.3581
...    16 T-A ...
  -20.6388  -21.5859   36.5731
   -0.6969    0.6509   -0.3012
   -0.0570   -0.4690   -0.8814
   -0.7149   -0.5970    0.3640
...    17 T-A ...
  -22.9347  -23.3343   38.1262
   -0.6400    0.1981   -0.7424
    0.3926   -0.7463   -0.5375
   -0.6605   -0.6355    0.3998
...    18 T-A ...
  -25.1776  -25.1913   39.6496
   -0.3111   -0.2963   -0.9030
    0.7114   -0.7027   -0.0145
   -0.6302   -0.6469    0.4294
...    19 A-T ...
  -26.9777  -27.5970   41.2168
    0.2195   -0.6398   -0.7366
    0.7701   -0.3500    0.5334
   -0.5990   -0.6843    0.4159
...    20 T-A ...
  -29.3663  -29.6940   42.1007
    0.6033   -0.7135   -0.3564
    0.5501    0.0487    0.8337
   -0.5774   -0.6990    0.4218
...    21 T-A ...
  -31.3073  -32.0501   43.2502
    0.8337   -0.5293    0.1575
    0.1073    0.4350    0.8940
   -0.5418   -0.7284    0.4194
...    22 C-G ...
  -32.9233  -34.5159   44.6901
    0.7672   -0.1313    0.6278
   -0.4181    0.6399    0.6448
   -0.4864   -0.7572    0.4360
...    23 G-C ...
  -34.3554  -36.7051   46.9346
    0.4669    0.3657    0.8051
   -0.8210    0.5176    0.2410
   -0.3286   -0.7736    0.5419
...    24 C-G ...
  -35.0206  -39.3453   48.7746
   -0.0241    0.6223    0.7824
   -0.9491    0.2316   -0.2134
   -0.3140   -0.7477    0.5851
...    25 A-T ...
  -36.6597  -41.7223   50.5804
   -0.6016    0.6389    0.4795
   -0.7416   -0.2235   -0.6326
   -0.2970   -0.7361    0.6082
...    26 A-T ...
  -37.5389  -44.0196   52.7872
   -0.9380    0.3449    0.0359
   -0.2348   -0.5555   -0.7977
   -0.2552   -0.7567    0.6020
...    27 A-T ...
  -38.2227  -46.3287   55.0188
   -0.9023   -0.1061   -0.4178
    0.3893   -0.6167   -0.6842
   -0.1850   -0.7800    0.5978
...    28 G-C ...
  -39.1356  -48.7375   57.2325
   -0.5237   -0.4058   -0.7490
    0.8283   -0.4483   -0.3362
   -0.1994   -0.7965    0.5709
...    29 G-C ...
  -40.0038  -51.4144   59.2498
    0.0797   -0.5277   -0.8457
    0.9813   -0.1074    0.1595
   -0.1750   -0.8426    0.5093
...    30 C-G ...
  -40.9318  -54.1575   60.8165
    0.6296   -0.4334   -0.6448
    0.7666    0.2116    0.6063
   -0.1263   -0.8760    0.4655
...    31 C-G ...
  -41.4817  -57.1116   62.2493
    0.9586   -0.1511   -0.2413
    0.2825    0.3996    0.8721
   -0.0353   -0.9042    0.4257
...    32 G-C ...
  -41.2342  -59.8010   63.8382
    0.9598    0.2013    0.1954
   -0.2591    0.3693    0.8925
    0.1076   -0.9073    0.4066
...    33 G-C ...
  -40.2872  -62.7350   65.1935
    0.6415    0.4374    0.6302
   -0.7412    0.1417    0.6561
    0.1976   -0.8880    0.4151
...    34 C-G ...
  -39.1110  -65.4810   66.6124
    0.0983    0.4743    0.8749
   -0.9640   -0.1729    0.2020
    0.2471   -0.8632    0.4402
...    35 C-G ...
  -38.0139  -68.1283   68.5207
   -0.4832    0.3001    0.8225
   -0.8287   -0.4597   -0.3192
    0.2823   -0.8358    0.4708
...    36 C-G ...
  -36.9692  -70.7710   70.4215
   -0.8833   -0.0063    0.4688
   -0.3759   -0.5880   -0.7162
    0.2801   -0.8089    0.5170
...    37 G-C ...
  -35.9394  -74.1084   71.1310
   -0.9451   -0.3191   -0.0700
    0.2169   -0.4528   -0.8648
    0.2443   -0.8326    0.4971
...    38 A-T ...
  -35.0107  -76.6661   72.7770
   -0.6292   -0.5238   -0.5741
    0.7307   -0.1470   -0.6667
    0.2648   -0.8390    0.4753
...    39 C-G ...
  -34.6324  -79.4129   74.4118
   -0.1562   -0.4813   -0.8625
    0.9537    0.1536   -0.2584
    0.2569   -0.8630    0.4350
...    40 A-T ...
  -33.7264  -82.3629   75.7760
    0.4174   -0.2157   -0.8827
    0.8608    0.4050    0.3081
    0.2911   -0.8885    0.3547
...    41 C-G ...
  -32.9536  -85.4906   76.4409
    0.7865    0.0908   -0.6109
    0.5171    0.4440    0.7317
    0.3377   -0.8914    0.3023
...    42 G-C ...
  -31.5039  -88.2090   77.7994
    0.9065    0.4157   -0.0745
   -0.0374    0.2549    0.9662
    0.4206   -0.8731    0.2466
...    43 A-T ...
  -30.1301  -91.0037   78.5295
    0.7025    0.4876    0.5184
   -0.5707   -0.0493    0.8197
    0.4253   -0.8717    0.2437
...    44 C-G ...
  -28.2505  -93.7116   78.8971
    0.2619    0.4178    0.8699
   -0.8474   -0.3319    0.4145
    0.4619   -0.8458    0.2671
...    45 T-A ...
  -25.9535  -96.3693   79.8340
   -0.2914    0.1596    0.9432
   -0.8332   -0.5268   -0.1682
    0.4700   -0.8349    0.2865
...    46 T-A ...
  -24.1485  -98.8981   80.7865
   -0.6857   -0.1851    0.7039
   -0.5469   -0.5072   -0.6661
    0.4803   -0.8417    0.2466
...    47 A-T ...
  -22.5624 -101.9123   81.1623
   -0.8557   -0.5114    0.0788
    0.0494   -0.2324   -0.9714
    0.5151   -0.8273    0.2241
...    48 C-G ...
  -21.0142 -104.5367   82.5533
   -0.7014   -0.5384   -0.4671
    0.5056    0.0860   -0.8585
    0.5024   -0.8383    0.2119
...    49 T-A ...
  -19.6440 -107.5155   83.4373
   -0.3468   -0.3309   -0.8776
    0.8139    0.3588   -0.4569
    0.4661   -0.8728    0.1449
...    50 G-C ...
  -18.0161 -110.4872   83.6538
    0.1198    0.0614   -0.9909
    0.8743    0.4663    0.1346
    0.4703   -0.8825    0.0021
...    51 T-A ...
  -16.9241 -113.4938   83.3625
    0.5249    0.3444   -0.7784
    0.6952    0.3542    0.6255
    0.4911   -0.8695   -0.0535
...    52 A-T ...
  -15.0094 -116.2490   83.1151
    0.7855    0.5717   -0.2370
    0.2668    0.0327    0.9632
    0.5584   -0.8198   -0.1268
...    53 G-C ...
  -13.1970 -118.8760   82.4780
    0.7552    0.5724    0.3195
   -0.1640   -0.3069    0.9375
    0.6347   -0.7604   -0.1378
...    54 G-C ...
  -10.5018 -121.0866   81.4929
    0.4795    0.3411    0.8086
   -0.5388   -0.6128    0.5780
    0.6927   -0.7128   -0.1101
...    55 T-A ...
   -7.8552 -123.0249   81.0877
    0.1231   -0.0456    0.9913
   -0.7016   -0.7105    0.0545
    0.7018   -0.7023   -0.1195
...    56 A-T ...
   -5.2212 -125.1658   80.8129
   -0.3418   -0.4635    0.8175
   -0.6219   -0.5406   -0.5665
    0.7045   -0.7021   -0.1034
...    57 T-A ...
   -2.5300 -127.0809   80.9762
   -0.6006   -0.7024    0.3819
   -0.3518   -0.1968   -0.9152
    0.7180   -0.6840   -0.1289
...    58 C-G ...
   -0.1126 -129.4713   80.7999
   -0.6928   -0.6613   -0.2878
    0.1003    0.3069   -0.9465
    0.7142   -0.6845   -0.1463
...    59 T-A ...
    2.0776 -131.9938   80.4471
   -0.5715   -0.3403   -0.7468
    0.4672    0.6132   -0.6369
    0.6747   -0.7128   -0.1915
...    60 C-G ...
    4.3653 -134.3642   79.7658
   -0.2096    0.1255   -0.9697
    0.7246    0.6858   -0.0679
    0.6565   -0.7169   -0.2347
...    61 G-C ...
    6.9831 -136.2794   78.7972
    0.0727    0.6125   -0.7872
    0.7599    0.4771    0.4414
    0.6459   -0.6303   -0.4307
...    62 A-T ...
    9.2420 -138.3025   77.3938
    0.4737    0.8094   -0.3471
    0.5725    0.0164    0.8197
    0.6692   -0.5870   -0.4556
...    63 G-C ...
   11.4867 -140.0476   75.6459
    0.6687    0.7220    0.1776
    0.2479   -0.4417    0.8622
    0.7010   -0.5326   -0.4743
...    64 C-G ...
   13.9656 -141.4590   73.7125
    0.6706    0.3274    0.6657
   -0.1783   -0.8000    0.5730
    0.7201   -0.5029   -0.4781
...    65 T-A ...
   16.4548 -142.9929   72.1404
    0.4604   -0.1744    0.8704
   -0.4958   -0.8638    0.0892
    0.7363   -0.4726   -0.4842
...    66 C-G ...
   18.8378 -144.7349   70.5815
    0.0608   -0.6803    0.7304
   -0.6621   -0.5751   -0.4805
    0.7470   -0.4544   -0.4853
...    67 G-C ...
   20.6020 -146.7591   68.2681
   -0.3635   -0.8765    0.3157
   -0.5620   -0.0640   -0.8247
    0.7430   -0.4772   -0.4693
...    68 G-C ...
   23.2456 -148.2453   66.7298
   -0.6710   -0.7158   -0.1931
   -0.2819    0.4873   -0.8265
    0.6857   -0.5002   -0.5288
...    69 G-C ...
   25.5954 -150.0376   65.1211
   -0.7874   -0.2681   -0.5551
    0.1402    0.7990   -0.5847
    0.6003   -0.5382   -0.5915
...    70 A-T ...
   27.5280 -152.0160   63.2519
   -0.5743    0.2917   -0.7649
    0.5837    0.8010   -0.1328
    0.5740   -0.5227   -0.6303
...    71 T-A ...
   28.9056 -154.1100   61.1189
   -0.2081    0.6926   -0.6907
    0.8049    0.5224    0.2814
    0.5557   -0.4974   -0.6662
...    72 C-G ...
   30.5412 -155.7022   58.6950
    0.2896    0.8895   -0.3534
    0.7861   -0.0104    0.6180
    0.5460   -0.4568   -0.7023
...    73 C-G ...
   32.3252 -156.9450   56.2143
    0.6109    0.7842    0.1086
    0.5316   -0.5081    0.6777
    0.5866   -0.3563   -0.7273
...    74 G-C ...
   34.5904 -158.2597   54.1213
    0.7536    0.3647    0.5468
    0.1114   -0.8908    0.4405
    0.6478   -0.2710   -0.7120
...    75 C-G ...
   37.0502 -158.6587   51.6814
    0.6764   -0.2308    0.6994
   -0.3367   -0.9415    0.0150
    0.6550   -0.2456   -0.7146
...    76 T-A ...
   39.7501 -159.2425   49.5190
    0.3587   -0.7483    0.5580
   -0.6397   -0.6324   -0.4369
    0.6798   -0.2003   -0.7055
...    77 T-A ...
   42.2135 -159.6985   47.3962
   -0.0545   -0.9902    0.1285
   -0.7385   -0.0467   -0.6726
    0.6720   -0.1316   -0.7287
...    78 T-A ...
   44.6450 -160.0747   45.1947
   -0.4607   -0.8267   -0.3230
   -0.5798    0.5559   -0.5957
    0.6720   -0.0872   -0.7354
...    79 A-T ...
   46.7369 -159.8367   42.5258
   -0.7559   -0.2942   -0.5849
   -0.1744    0.9515   -0.2533
    0.6311   -0.0895   -0.7705
...    80 A-T ...
   48.7092 -160.2891   40.0656
   -0.7507    0.3065   -0.5853
    0.2872    0.9492    0.1287
    0.5950   -0.0715   -0.8006
...    81 C-G ...
   50.3812 -161.0356   37.2392
   -0.4927    0.7779   -0.3900
    0.6509    0.6269    0.4281
    0.5776   -0.0429   -0.8152
...    82 A-T ...
   52.2467 -160.9211   34.3897
   -0.0711    0.9970    0.0322
    0.8441    0.0430    0.5345
    0.5315    0.0652   -0.8446
...    83 C-G ...
   53.5034 -160.2456   31.3401
    0.3857    0.8559    0.3446
    0.7679   -0.5048    0.3943
    0.5114    0.1125   -0.8520
...    84 T-A ...
   54.9440 -159.2468   28.1710
    0.7554    0.3786    0.5348
    0.4060   -0.9111    0.0715
    0.5144    0.1631   -0.8419
...    85 T-A ...
   56.5303 -158.3660   25.4230
    0.8873   -0.2467    0.3897
   -0.1410   -0.9496   -0.2801
    0.4391    0.1936   -0.8773
...    86 T-A ...
   58.0094 -157.3178   22.6384
    0.6589   -0.7504    0.0522
   -0.6623   -0.6117   -0.4327
    0.3566    0.2505   -0.9000
...    87 A-T ...
   58.7813 -156.3072   19.3146
    0.0001   -0.9172   -0.3983
   -0.9590    0.1128   -0.2599
    0.2834    0.3820   -0.8796
...    88 T-A ...
   60.2912 -155.3836   16.5580
   -0.4832   -0.7476   -0.4557
   -0.8386    0.5447   -0.0043
    0.2514    0.3801   -0.8901
...    89 G-C ...
   61.2201 -154.0420   13.4392
   -0.9184   -0.2811   -0.2783
   -0.3631    0.8783    0.3110
    0.1571    0.3867   -0.9087
...    90 T-A ...
   61.8228 -153.2108   10.4266
   -0.9798    0.1999    0.0020
    0.1826    0.8909    0.4159
    0.0813    0.4078   -0.9094
...    91 C-G ...
   61.9754 -151.7763    7.5703
   -0.7142    0.6246    0.3158
    0.6999    0.6383    0.3205
   -0.0014    0.4499   -0.8931
...    92 A-T ...
   61.8315 -150.3248    4.4894
   -0.1980    0.8001    0.5663
    0.9731    0.2300    0.0152
   -0.1181    0.5540   -0.8241
...    93 T-A ...
   60.9688 -148.4102    1.9894
    0.3410    0.7644    0.5472
    0.9315   -0.1965   -0.3061
   -0.1264    0.6141   -0.7790
...    94 G-C ...
   60.5949 -146.1120   -0.5293
    0.8590    0.4274    0.2818
    0.5006   -0.5856   -0.6376
   -0.1075    0.6888   -0.7170
...    95 T-A ...
   60.1135 -143.3648   -2.5371
    0.9853    0.0314   -0.1679
   -0.0956   -0.7129   -0.6947
   -0.1415    0.7006   -0.6994
...    96 T-A ...
   59.5984 -140.8757   -4.6037
    0.6923   -0.3451   -0.6338
   -0.6879   -0.5810   -0.4350
   -0.2181    0.7371   -0.6396
...    97 A-T ...
   58.2806 -138.2860   -6.6953
   -0.0958   -0.5443   -0.8334
   -0.9523   -0.1936    0.2359
   -0.2897    0.8163   -0.4998
...    98 T-A ...
   57.9600 -135.5568   -8.5453
   -0.5993   -0.5378   -0.5930
   -0.7430    0.0979    0.6621
   -0.2980    0.8374   -0.4583
...    99 A-T ...
   56.8785 -132.4466   -9.6884
   -0.9514   -0.3073    0.0204
   -0.1096    0.3995    0.9102
   -0.2879    0.8637   -0.4137
...   100 A-T ...
   55.8971 -129.7677  -11.1162
   -0.8246   -0.0608    0.5625
    0.4649    0.4938    0.7349
   -0.3225    0.8674   -0.3789
...   101 C-G ...
   54.3742 -127.2032  -12.6415
   -0.4000    0.1749    0.8997
    0.8461    0.4477    0.2892
   -0.3522    0.8769   -0.3270
...   102 G-C ...
   53.5049 -124.0826  -13.2484
    0.1993    0.2555    0.9460
    0.8980    0.3388   -0.2807
   -0.3922    0.9055   -0.1620
...   103 G-C ...
   52.5084 -120.9219  -12.9757
    0.7063    0.2828    0.6490
    0.6006    0.2458   -0.7608
   -0.3747    0.9271    0.0038
...   104 A-T ...
   51.5682 -117.7867  -12.6471
    0.9462    0.3193    0.0521
    0.0288    0.0772   -0.9966
   -0.3222    0.9445    0.0638
...   105 C-G ...
   50.6641 -114.6819  -11.8252
    0.8067    0.2863   -0.5170
   -0.5165   -0.0838   -0.8522
   -0.2873    0.9545    0.0803
...   106 T-A ...
   50.1924 -111.1420  -11.0341
    0.3254    0.1887   -0.9266
   -0.9034   -0.2276   -0.3635
   -0.2795    0.9553    0.0964
...   107 T-A ...
   49.5329 -107.9865  -10.7019
   -0.2804    0.0368   -0.9592
   -0.9175   -0.3038    0.2566
   -0.2819    0.9520    0.1190
...   108 C-G ...
   48.7643 -104.6626  -10.3304
   -0.8117   -0.1520   -0.5639
   -0.5102   -0.2854    0.8113
   -0.2843    0.9463    0.1541
...   109 C-G ...
   48.0813 -101.4767   -9.6753
   -0.9145   -0.4026   -0.0387
    0.0361   -0.1764    0.9837
   -0.4029    0.8982    0.1758
...   110 G-C ...
   47.0506  -98.6303   -8.6909
   -0.6860   -0.5516    0.4744
    0.5353    0.0589    0.8426
   -0.4927    0.8320    0.2549
...   111 G-C ...
   45.2503  -95.9899   -7.7691
   -0.1974   -0.5077    0.8386
    0.8296    0.3693    0.4188
   -0.5223    0.7784    0.3482
...   112 C-G ...
   43.0650  -93.8426   -6.4178
    0.3499   -0.2513    0.9024
    0.7806    0.6108   -0.1325
   -0.5179    0.7508    0.4099
...   113 T-A ...
   41.2720  -91.5161   -4.8474
    0.7613    0.0740    0.6441
    0.4285    0.6881   -0.5856
   -0.4866    0.7218    0.4922
...   114 C-G ...
   40.1052  -88.9105   -3.2113
    0.8735    0.4654    0.1424
   -0.1732    0.5706   -0.8027
   -0.4549    0.6766    0.5791
...   115 G-C ...
   38.5895  -86.3563   -1.6715
    0.5891    0.7006   -0.4026
   -0.7076    0.2067   -0.6757
   -0.3902    0.6829    0.6176
...   116 T-A ...
   38.0567  -83.8562    0.6272
    0.0870    0.6840   -0.7243
   -0.9212   -0.2215   -0.3198
   -0.3792    0.6950    0.6109
...   117 A-T ...
   36.9994  -81.4468    2.7736
   -0.5314    0.3988   -0.7474
   -0.7611   -0.6121    0.2145
   -0.3719    0.6828    0.6288
...   118 T-A ...
   36.2564  -78.7744    4.6004
   -0.8707    0.0293   -0.4909
   -0.3462   -0.7457    0.5694
   -0.3494    0.6657    0.6594
...   119 A-T ...
   35.2823  -76.7511    7.3284
   -0.8746   -0.4714    0.1132
    0.4024   -0.5756    0.7118
   -0.2704    0.6681    0.6932
...   120 A-T ...
   34.2788  -74.4547    9.4212
   -0.4547   -0.7487    0.4823
    0.8444   -0.1903    0.5007
   -0.2831    0.6350    0.7188
...   121 T-A ...
   32.8140  -72.4171   11.6019
    0.0799   -0.7426    0.6650
    0.9565    0.2449    0.1585
   -0.2806    0.6234    0.7299
...   122 G-C ...
   31.9275  -70.3374   14.2935
    0.6942   -0.4887    0.5284
    0.6830    0.6789   -0.2694
   -0.2271    0.5479    0.8051
...   123 T-A ...
   31.1182  -69.0226   17.2071
    0.9578   -0.0577    0.2817
    0.1971    0.8452   -0.4968
   -0.2094    0.5313    0.8209
...   124 G-C ...
   30.5469  -67.2223   20.0435
    0.8806    0.4551   -0.1322
   -0.4524    0.7239   -0.5208
   -0.1414    0.5184    0.8434
...   125 T-A ...
   30.4365  -65.8633   22.9786
    0.4937    0.7609   -0.4211
   -0.8629    0.3682   -0.3463
   -0.1085    0.5343    0.8383
...   126 C-G ...
   30.1924  -64.0776   25.6283
   -0.1377    0.8371   -0.5295
   -0.9863   -0.1650   -0.0044
   -0.0911    0.5216    0.8483
...   127 G-C ...
   29.2042  -62.5965   28.5321
   -0.6982    0.5385   -0.4716
   -0.7063   -0.6256    0.3313
   -0.1166    0.5644    0.8172
...   128 A-T ...
   28.9744  -60.8249   31.1912
   -0.9848    0.0472   -0.1672
   -0.1304   -0.8370    0.5314
   -0.1149    0.5451    0.8305
...   129 C-G ...
   28.5738  -58.4372   33.4626
   -0.8879   -0.4433    0.1232
    0.4361   -0.7257    0.5322
   -0.1465    0.5262    0.8376
...   130 C-G ...
   27.6824  -56.5757   36.1791
   -0.4729   -0.8229    0.3149
    0.8541   -0.3403    0.3934
   -0.2166    0.4550    0.8638
...   131 A-T ...
   27.8577  -55.1595   39.3444
    0.1775   -0.8903    0.4194
    0.9610    0.2487    0.1211
   -0.2121    0.3816    0.8997
...   132 A-T ...
   27.1238  -54.0430   42.3470
    0.7208   -0.5726    0.3906
    0.6614    0.7368   -0.1404
   -0.2074    0.3595    0.9098
...   133 A-T ...
   26.2595  -53.1825   45.4045
    0.9659    0.0001    0.2590
    0.0939    0.9318   -0.3506
   -0.2414    0.3629    0.9000
...   134 T-A ...
   25.6308  -52.5796   48.6348
    0.8597    0.5096    0.0340
   -0.4497    0.7867   -0.4230
   -0.2423    0.3484    0.9055
...   135 G-C ...
   25.2859  -52.4980   52.0749
    0.3205    0.9427   -0.0927
   -0.8825    0.2616   -0.3908
   -0.3442    0.2071    0.9158
...   136 T-A ...
   25.5356  -52.9668   55.8001
   -0.2443    0.9563   -0.1608
   -0.8908   -0.2868   -0.3525
   -0.3832    0.0571    0.9219
...   137 G-C ...
   24.9038  -52.7259   58.9820
   -0.7529    0.5562   -0.3519
   -0.5214   -0.8303   -0.1968
   -0.4017    0.0354    0.9151
...   138 A-T ...
   24.0250  -51.6261   61.9210
   -0.9563    0.0400   -0.2896
   -0.0523   -0.9980    0.0347
   -0.2877    0.0483    0.9565
...   139 G-C ...
   22.3575  -51.2299   64.4908
   -0.8529   -0.5117   -0.1032
    0.4973   -0.8566    0.1372
   -0.1586    0.0657    0.9852
...   140 C-G ...
   22.1609  -50.1386   67.4617
   -0.4681   -0.8749    0.1247
    0.8495   -0.4066    0.3363
   -0.2435    0.2633    0.9335
...   141 G-C ...
   21.4367  -51.8164   72.7855
    0.1304   -0.7141   -0.6877
    0.8897   -0.2218    0.3990
   -0.4375   -0.6639    0.6065
...   142 C-G ...
   20.4355  -54.2994   74.5394
    0.5847   -0.7390   -0.3347
    0.7593    0.3532    0.5466
   -0.2857   -0.5737    0.7676
...   143 T-A ...
   18.4378  -55.5190   76.5272
    0.8548   -0.5006    0.1370
    0.3188    0.7147    0.6225
   -0.4096   -0.4884    0.7705
...   144 C-G ...
   16.8485  -57.7126   78.2647
    0.8529   -0.0846    0.5152
   -0.1509    0.9047    0.3983
   -0.4998   -0.4175    0.7589
...   145 A-T ...
   15.7934  -59.5518   80.7962
    0.5515    0.4995    0.6681
   -0.6739    0.7388    0.0040
   -0.4915   -0.4525    0.7441
...   146 C-G ...
   15.7411  -61.4839   83.9295
    0.0342    0.7400    0.6718
   -0.8637    0.3601   -0.3527
   -0.5029   -0.5681    0.6514
...   147 A-T ...
   14.7482  -63.4170   86.8164
   -0.5923    0.6746    0.4405
   -0.6886   -0.1400   -0.7115
   -0.4183   -0.7247    0.5475
