  147 base-pairs
...     1 T-A ...
    0.0000    0.0000    0.0000
    1.0000    0.0000    0.0000
    0.0000    1.0000    0.0000
    0.0000    0.0000    1.0000
...     2 G-C ...
   -0.5555   -1.1003    3.3981
    0.7749    0.6051    0.1828
   -0.5991    0.7953   -0.0929
   -0.2016   -0.0375    0.9787
...     3 T-A ...
   -0.6619   -3.0237    6.5348
    0.3046    0.9250    0.2271
   -0.8994    0.3578   -0.2510
   -0.3134   -0.1278    0.9410
...     4 G-C ...
   -1.1607   -3.8418    9.6940
   -0.3351    0.9421    0.0133
   -0.8752   -0.3061   -0.3746
   -0.3489   -0.1372    0.9271
...     5 A-T ...
   -1.3881   -3.6770   12.8999
   -0.7835    0.6162   -0.0801
   -0.5677   -0.7622   -0.3109
   -0.2527   -0.1981    0.9470
...     6 G-C ...
   -2.6236   -3.5448   15.7072
   -0.9923    0.0611   -0.1075
   -0.0294   -0.9610   -0.2748
   -0.1201   -0.2695    0.9555
...     7 C-G ...
   -2.3138   -3.7570   18.8866
   -0.8620   -0.4995   -0.0864
    0.5008   -0.8655    0.0073
   -0.0785   -0.0370    0.9962
...     8 G-C ...
   -3.9561   -6.8109   23.3205
   -0.2581   -0.3560   -0.8981
    0.6294   -0.7673    0.1233
   -0.7330   -0.5335    0.4221
...     9 C-G ...
   -6.1177   -8.9414   24.2385
    0.1143   -0.7320   -0.6716
    0.8123   -0.3203    0.4874
   -0.5720   -0.6013    0.5580
...    10 T-A ...
   -8.5041   -9.6771   26.0540
    0.4660   -0.8587   -0.2131
    0.6274    0.1508    0.7640
   -0.6239   -0.4897    0.6090
...    11 C-G ...
  -11.0625  -11.3174   27.2336
    0.6660   -0.6911    0.2808
    0.3382    0.6152    0.7121
   -0.6649   -0.3794    0.6435
...    12 A-T ...
  -13.0013  -13.1789   29.0658
    0.7188   -0.1490    0.6790
   -0.1787    0.9043    0.3876
   -0.6718   -0.4000    0.6235
...    13 C-G ...
  -14.1788  -15.9359   31.3399
    0.4052    0.2865    0.8682
   -0.5270    0.8492   -0.0343
   -0.7470   -0.4437    0.4951
...    14 A-T ...
  -15.9532  -18.1566   33.3080
   -0.1503    0.6873    0.7107
   -0.6106    0.5008   -0.6135
   -0.7776   -0.5261    0.3444
...    15 A-T ...
  -18.3888  -19.9085   34.5689
   -0.4954    0.8438    0.2065
   -0.3978   -0.0091   -0.9174
   -0.7722   -0.5367    0.3402
...    16 T-A ...
  -20.7181  -21.5923   36.4088
   -0.6716    0.6696   -0.3171
   -0.0427   -0.4623   -0.8857
   -0.7397   -0.5813    0.3391
...    17 T-A ...
  -23.1286  -23.2986   37.8506
   -0.5980    0.2309   -0.7675
    0.3868   -0.7556   -0.5287
   -0.7020   -0.6130    0.3626
...    18 T-A ...
  -25.5058  -25.1407   39.1405
   -0.2567   -0.2466   -0.9345
    0.6699   -0.7423    0.0118
   -0.6966   -0.6230    0.3558
...    19 A-T ...
  -27.5979  -27.4938   40.4052
    0.2476   -0.6250   -0.7403
    0.6863   -0.4262    0.5894
   -0.6839   -0.6540    0.3234
...    20 T-A ...
  -30.2218  -29.4372   40.9445
    0.5794   -0.7507   -0.3173
    0.4542   -0.0258    0.8905
   -0.6767   -0.6601    0.3261
...    21 T-A ...
  -32.4704  -31.6562   41.7559
    0.7382   -0.6207    0.2641
    0.0143    0.4058    0.9138
   -0.6744   -0.6708    0.3085
...    22 C-G ...
  -34.5757  -33.9479   42.8326
    0.6192   -0.2329    0.7499
   -0.4497    0.6777    0.5818
   -0.6438   -0.6974    0.3149
...    23 G-C ...
  -36.7629  -35.9156   44.5489
    0.3386    0.2801    0.8983
   -0.7675    0.6345    0.0914
   -0.5444   -0.7204    0.4298
...    24 C-G ...
  -38.2044  -38.4732   46.0410
   -0.0946    0.6102    0.7866
   -0.8327    0.3846   -0.3984
   -0.5456   -0.6927    0.4717
...    25 A-T ...
  -40.4952  -40.6930   47.1731
   -0.5766    0.7326    0.3616
   -0.5954   -0.0738   -0.8000
   -0.5595   -0.6766    0.4787
...    26 A-T ...
  -42.2729  -42.8541   48.9147
   -0.8280    0.5328   -0.1745
   -0.1320   -0.4877   -0.8630
   -0.5449   -0.6915    0.4742
...    27 A-T ...
  -43.9863  -44.9725   50.7359
   -0.7560    0.1165   -0.6442
    0.4070   -0.6872   -0.6018
   -0.5127   -0.7171    0.4721
...    28 G-C ...
  -46.0352  -47.0791   52.4379
   -0.3738   -0.2408   -0.8957
    0.7514   -0.6448   -0.1402
   -0.5438   -0.7254    0.4219
...    29 G-C ...
  -48.1839  -49.4690   53.7484
    0.1864   -0.5072   -0.8414
    0.8229   -0.3874    0.4157
   -0.5368   -0.7699    0.3452
...    30 C-G ...
  -50.1734  -51.9815   54.5085
    0.6537   -0.5875   -0.4771
    0.5579   -0.0518    0.8283
   -0.5113   -0.8076    0.2939
...    31 C-G ...
  -51.9140  -54.7328   55.2734
    0.8923   -0.4476    0.0584
    0.0657    0.2567    0.9643
   -0.4466   -0.8566    0.2584
...    32 G-C ...
  -53.0391  -57.4054   56.4940
    0.8263   -0.1558    0.5413
   -0.4470    0.4034    0.7984
   -0.3428   -0.9016    0.2637
...    33 G-C ...
  -53.7024  -60.5578   57.5702
    0.4391    0.1416    0.8872
   -0.8519    0.3791    0.3612
   -0.2852   -0.9144    0.2871
...    34 C-G ...
  -54.2773  -63.6333   58.6370
   -0.1266    0.3589    0.9247
   -0.9551    0.2077   -0.2114
   -0.2680   -0.9100    0.3165
...    35 C-G ...
  -55.0656  -66.6264   60.1177
   -0.6578    0.4307    0.6179
   -0.7035   -0.0582   -0.7084
   -0.2692   -0.9006    0.3412
...    36 C-G ...
  -55.8771  -69.6248   61.5880
   -0.9338    0.3510    0.0690
   -0.1876   -0.3166   -0.9298
   -0.3045   -0.8812    0.3615
...    37 G-C ...
  -56.5148  -73.0892   61.8358
   -0.8414    0.1598   -0.5163
    0.4097   -0.4345   -0.8021
   -0.3525   -0.8864    0.3001
...    38 A-T ...
  -57.5206  -75.9055   62.9204
   -0.4252   -0.1173   -0.8975
    0.8399   -0.4206   -0.3430
   -0.3372   -0.8996    0.2774
...    39 C-G ...
  -59.0413  -78.6195   63.6577
    0.1095   -0.2660   -0.9577
    0.9322   -0.3069    0.1918
   -0.3449   -0.9138    0.2144
...    40 A-T ...
  -60.1322  -81.7917   64.1954
    0.6757   -0.3046   -0.6713
    0.6728   -0.1174    0.7304
   -0.3013   -0.9452    0.1257
...    41 C-G ...
  -61.0940  -84.9532   64.0114
    0.9463   -0.2666   -0.1830
    0.1995    0.0358    0.9792
   -0.2545   -0.9631    0.0870
...    42 G-C ...
  -61.7337  -88.1730   64.7623
    0.8806   -0.1379    0.4534
   -0.4394    0.1208    0.8901
   -0.1776   -0.9830    0.0458
...    43 A-T ...
  -62.2395  -91.3457   64.8731
    0.4299   -0.0489    0.9016
   -0.8852    0.1738    0.4315
   -0.1778   -0.9836    0.0314
...    44 C-G ...
  -62.2061  -94.6816   64.9065
   -0.1271    0.0735    0.9892
   -0.9785    0.1538   -0.1372
   -0.1622   -0.9854    0.0524
...    45 T-A ...
  -62.1503  -98.2881   65.4356
   -0.6800    0.1553    0.7166
   -0.7133    0.0863   -0.6955
   -0.1698   -0.9841    0.0521
...    46 T-A ...
  -62.4919 -101.4933   65.7580
   -0.9706    0.1438    0.1928
   -0.1907    0.0283   -0.9812
   -0.1465   -0.9892   -0.0000
...    47 A-T ...
  -62.8449 -104.8661   65.3561
   -0.8520    0.1244   -0.5086
    0.5059   -0.0547   -0.8609
   -0.1349   -0.9907   -0.0163
...    48 C-G ...
  -63.6989 -108.0382   65.8200
   -0.4327    0.1223   -0.8932
    0.8879   -0.1136   -0.4457
   -0.1559   -0.9860   -0.0594
...    49 T-A ...
  -64.6069 -111.2944   65.5474
    0.1449    0.1327   -0.9805
    0.9756   -0.1845    0.1192
   -0.1651   -0.9738   -0.1562
...    50 G-C ...
  -65.0067 -114.5904   64.7086
    0.7038    0.1593   -0.6923
    0.7047   -0.2793    0.6522
   -0.0894   -0.9469   -0.3089
...    51 T-A ...
  -65.4275 -117.4124   63.2338
    0.9736    0.0360   -0.2253
    0.2235   -0.3506    0.9095
   -0.0463   -0.9358   -0.3494
...    52 A-T ...
  -65.4656 -120.7658   62.5308
    0.8864   -0.1848    0.4243
   -0.4628   -0.3414    0.8181
   -0.0063   -0.9216   -0.3882
...    53 G-C ...
  -65.2500 -123.7324   61.1758
    0.4890   -0.2953    0.8208
   -0.8702   -0.2296    0.4359
    0.0597   -0.9274   -0.3692
...    54 G-C ...
  -64.2306 -126.9819   59.9226
   -0.1212   -0.3401    0.9325
   -0.9885   -0.0438   -0.1444
    0.0900   -0.9394   -0.3309
...    55 T-A ...
  -63.5096 -130.1190   59.0806
   -0.6397   -0.3359    0.6914
   -0.7615    0.1548   -0.6293
    0.1043   -0.9291   -0.3548
...    56 A-T ...
  -62.9674 -133.3125   58.0332
   -0.9773   -0.1627    0.1356
   -0.1858    0.3518   -0.9175
    0.1015   -0.9219   -0.3740
...    57 T-A ...
  -62.6290 -136.5402   57.4727
   -0.9180    0.0375   -0.3947
    0.3749    0.4060   -0.8334
    0.1290   -0.9131   -0.3868
...    58 C-G ...
  -62.4256 -139.7251   56.2320
   -0.4628    0.3194   -0.8269
    0.8779    0.2946   -0.3775
    0.1230   -0.9007   -0.4167
...    59 T-A ...
  -62.2991 -142.6769   54.6688
    0.0858    0.5078   -0.8572
    0.9899    0.0544    0.1312
    0.1132   -0.8598   -0.4979
...    60 C-G ...
  -61.7726 -145.4525   52.9050
    0.6522    0.4895   -0.5789
    0.7499   -0.3043    0.5875
    0.1114   -0.8172   -0.5655
...    61 G-C ...
  -60.7207 -148.2421   51.2282
    0.9133    0.4062   -0.0310
    0.2929   -0.6019    0.7429
    0.2831   -0.6876   -0.6686
...    62 A-T ...
  -59.5034 -150.4948   48.9501
    0.8955   -0.0373    0.4435
   -0.3161   -0.7547    0.5749
    0.3132   -0.6550   -0.6876
...    63 G-C ...
  -58.2422 -152.5850   46.6559
    0.5616   -0.4347    0.7040
   -0.7477   -0.6310    0.2068
    0.3544   -0.6425   -0.6794
...    64 C-G ...
  -56.5923 -154.6698   44.4047
   -0.0117   -0.7355    0.6775
   -0.9266   -0.2466   -0.2838
    0.3758   -0.6311   -0.6786
...    65 T-A ...
  -55.3116 -156.8071   42.1883
   -0.5253   -0.7674    0.3675
   -0.7471    0.2092   -0.6310
    0.4073   -0.6060   -0.6832
...    66 C-G ...
  -53.8614 -158.6966   39.7388
   -0.8735   -0.4656   -0.1423
   -0.2488    0.6780   -0.6916
    0.4185   -0.5687   -0.7081
...    67 G-C ...
  -52.4195 -159.6765   36.6568
   -0.8632    0.0537   -0.5020
    0.3151    0.8341   -0.4527
    0.3944   -0.5490   -0.7369
...    68 G-C ...
  -50.8656 -161.5680   34.3050
   -0.5423    0.5862   -0.6019
    0.7377    0.6751   -0.0070
    0.4023   -0.4478   -0.7985
...    69 G-C ...
  -49.6805 -163.1854   31.5948
   -0.0912    0.9142   -0.3948
    0.9183    0.2305    0.3217
    0.3852   -0.3332   -0.8606
...    70 A-T ...
  -48.5745 -164.2289   28.6381
    0.4504    0.8907   -0.0610
    0.7938   -0.3683    0.4840
    0.4087   -0.2665   -0.8729
...    71 T-A ...
  -47.6023 -164.6254   25.5232
    0.7817    0.5716    0.2494
    0.4432   -0.7905    0.4227
    0.4388   -0.2199   -0.8713
...    72 C-G ...
  -46.0154 -165.0210   22.5921
    0.8752   -0.0235    0.4832
   -0.1057   -0.9840    0.1436
    0.4721   -0.1768   -0.8637
...    73 C-G ...
  -43.9636 -165.4933   19.9899
    0.6383   -0.5564    0.5320
   -0.5393   -0.8163   -0.2069
    0.5494   -0.1548   -0.8211
...    74 G-C ...
  -42.3583 -166.3923   17.1898
    0.1508   -0.9358    0.3188
   -0.7905   -0.3077   -0.5296
    0.5936   -0.1721   -0.7861
...    75 C-G ...
  -39.9269 -167.0928   14.7821
   -0.3454   -0.9360   -0.0676
   -0.7202    0.3106   -0.6204
    0.6017   -0.1655   -0.7814
...    76 T-A ...
  -37.6308 -167.9793   12.3058
   -0.7035   -0.5626   -0.4342
   -0.3584    0.8084   -0.4669
    0.6137   -0.1728   -0.7704
...    77 T-A ...
  -35.5371 -168.8275    9.9276
   -0.7449    0.0352   -0.6663
    0.1237    0.9886   -0.0860
    0.6557   -0.1465   -0.7407
...    78 T-A ...
  -33.3840 -169.4757    7.5245
   -0.5328    0.6189   -0.5771
    0.5292    0.7759    0.3435
    0.6604   -0.1224   -0.7409
...    79 A-T ...
  -30.8809 -169.5945    5.1668
   -0.1931    0.9742   -0.1168
    0.7620    0.2239    0.6076
    0.6181    0.0284   -0.7856
...    80 A-T ...
  -29.0771 -169.3540    2.5785
    0.2240    0.9228    0.3135
    0.7536   -0.3680    0.5447
    0.6180    0.1142   -0.7778
...    81 C-G ...
  -27.4419 -168.5353   -0.2464
    0.5826    0.5635    0.5856
    0.5160   -0.8132    0.2692
    0.6279    0.1453   -0.7646
...    82 A-T ...
  -25.0152 -167.8787   -2.5967
    0.7181   -0.0627    0.6931
    0.0997   -0.9764   -0.1916
    0.6888    0.2067   -0.6949
...    83 C-G ...
  -22.4247 -166.6678   -4.4395
    0.6443   -0.6000    0.4743
   -0.2875   -0.7647   -0.5768
    0.7087    0.2353   -0.6651
...    84 T-A ...
  -19.5116 -165.4182   -6.2630
    0.3519   -0.9359    0.0176
   -0.5961   -0.2386   -0.7666
    0.7216    0.2593   -0.6419
...    85 T-A ...
  -16.9219 -164.4791   -8.0850
   -0.0168   -0.8453   -0.5340
   -0.6901    0.3962   -0.6055
    0.7235    0.3584   -0.5901
...    86 T-A ...
  -14.2273 -163.3793   -9.7203
   -0.3623   -0.3801   -0.8510
   -0.5657    0.8154   -0.1234
    0.7408    0.4367   -0.5105
...    87 A-T ...
  -11.6699 -161.3364  -11.1373
   -0.5815    0.3983   -0.7093
   -0.1774    0.7888    0.5884
    0.7939    0.4680   -0.3881
...    88 T-A ...
   -9.1965 -160.2131  -12.9111
   -0.6254    0.7205   -0.2996
    0.1230    0.4702    0.8740
    0.7706    0.5097   -0.3826
...    89 G-C ...
   -6.7904 -158.4269  -14.3803
   -0.4967    0.7981    0.3412
    0.5033   -0.0554    0.8623
    0.7071    0.6000   -0.3742
...    90 C-G ...
   -4.8701 -156.1239  -15.6833
   -0.1911    0.5788    0.7927
    0.6913   -0.4940    0.5274
    0.6969    0.6488   -0.3057
...    91 T-A ...
   -2.7967 -153.4498  -16.5939
    0.2225    0.1415    0.9646
    0.7084   -0.7032   -0.0603
    0.6698    0.6967   -0.2567
...    92 T-A ...
   -0.7468 -151.0364  -17.1426
    0.5500   -0.3342    0.7654
    0.4914   -0.6115   -0.6202
    0.6753    0.7172   -0.1721
...    93 C-G ...
    1.6208 -148.6217  -17.4172
    0.7351   -0.6451    0.2082
    0.0632   -0.2406   -0.9686
    0.6750    0.7252   -0.1361
...    94 C-G ...
    4.2182 -146.2390  -17.4776
    0.6214   -0.6724   -0.4022
   -0.3562    0.2148   -0.9094
    0.6978    0.7084   -0.1061
...    95 T-A ...
    6.6661 -144.0118  -17.7480
    0.3095   -0.4261   -0.8501
   -0.6287    0.5790   -0.5191
    0.7134    0.6951   -0.0888
...    96 C-G ...
    8.9544 -141.6408  -18.1649
   -0.1235    0.0141   -0.9922
   -0.7010    0.7065    0.0973
    0.7024    0.7075   -0.0774
...    97 A-T ...
   10.8367 -138.7419  -17.6184
   -0.5958    0.3891   -0.7026
   -0.5018    0.5027    0.7039
    0.6271    0.7720   -0.1042
...    98 T-A ...
   13.0310 -136.3964  -18.3660
   -0.7954    0.5669   -0.2143
   -0.1099    0.2129    0.9709
    0.5960    0.7958   -0.1071
...    99 G-C ...
   15.0906 -133.5314  -18.6579
   -0.7546    0.4753    0.4525
    0.4105   -0.1961    0.8905
    0.5120    0.8577   -0.0471
...   100 T-A ...
   16.3658 -130.4579  -19.2120
   -0.4137    0.2620    0.8719
    0.7633   -0.4222    0.4890
    0.4963    0.8678   -0.0253
...   101 T-A ...
   17.7527 -127.5993  -19.2151
    0.0705   -0.0839    0.9940
    0.8733   -0.4764   -0.1022
    0.4821    0.8752    0.0397
...   102 A-T ...
   19.6803 -124.7589  -19.0513
    0.6189   -0.3938    0.6796
    0.6288   -0.2700   -0.7291
    0.4707    0.8786    0.0805
...   103 T-A ...
   20.8860 -121.8277  -18.1126
    0.8683   -0.4607    0.1838
    0.2091    0.0039   -0.9779
    0.4498    0.8876    0.0997
...   104 A-T ...
   22.2622 -118.5681  -18.0531
    0.7987   -0.2033   -0.5663
   -0.4919    0.3214   -0.8091
    0.3466    0.9248    0.1567
...   105 A-T ...
   23.4801 -115.6162  -17.3355
    0.3417    0.1204   -0.9321
   -0.8939    0.3478   -0.2828
    0.2901    0.9298    0.2265
...   106 C-G ...
   25.0558 -112.6626  -16.3473
   -0.2325    0.3470   -0.9086
   -0.9339    0.1813    0.3082
    0.2717    0.9202    0.2819
...   107 G-C ...
   25.6936 -109.6366  -15.2159
   -0.7806    0.3521   -0.5165
   -0.5843   -0.1175    0.8030
    0.2220    0.9286    0.2975
...   108 G-C ...
   26.5450 -106.5522  -14.3146
   -0.9902    0.1384   -0.0165
   -0.0576   -0.2983    0.9527
    0.1269    0.9444    0.3033
...   109 A-T ...
   27.1373 -103.5144  -13.1609
   -0.8254   -0.1313    0.5491
    0.5577   -0.3412    0.7567
    0.0880    0.9308    0.3548
...   110 G-C ...
   27.2299 -100.4331  -12.0792
   -0.4099   -0.3806    0.8289
    0.9112   -0.2116    0.3534
    0.0409    0.9002    0.4335
...   111 G-C ...
   26.9122  -97.4369  -10.3333
    0.1967   -0.5227    0.8295
    0.9802    0.0843   -0.1793
    0.0238    0.8483    0.5289
...   112 C-G ...
   26.6569  -95.0284   -7.9829
    0.7220   -0.4180    0.5513
    0.6914    0.4070   -0.5969
    0.0251    0.8122    0.5829
...   113 T-A ...
   26.7332  -92.4754   -5.8601
    0.9845   -0.1374    0.1093
    0.1714    0.6177   -0.7675
    0.0380    0.7743    0.6317
...   114 C-G ...
   27.1056  -89.7739   -3.9880
    0.8761    0.2889   -0.3859
   -0.4786    0.6173   -0.6244
    0.0579    0.7318    0.6791
...   115 G-C ...
   26.9743  -87.1190   -1.9895
    0.3844    0.6046   -0.6977
   -0.9198    0.3150   -0.2339
    0.0784    0.7316    0.6772
...   116 T-A ...
   27.9962  -84.5902    0.1117
   -0.2104    0.6612   -0.7201
   -0.9756   -0.0950    0.1979
    0.0625    0.7442    0.6651
...   117 A-T ...
   28.4505  -82.0385    2.3298
   -0.7788    0.4371   -0.4500
   -0.6264   -0.5037    0.5949
    0.0334    0.7451    0.6661
...   118 T-A ...
   28.8600  -79.2425    4.0255
   -0.9925    0.1059   -0.0610
   -0.1169   -0.6756    0.7280
    0.0359    0.7296    0.6829
...   119 A-T ...
   29.1182  -77.0383    6.6536
   -0.8253   -0.3817    0.4161
    0.5642   -0.5858    0.5818
    0.0217    0.7150    0.6988
...   120 A-T ...
   28.9701  -74.6486    8.8561
   -0.3428   -0.7042    0.6218
    0.9391   -0.2416    0.2442
   -0.0217    0.6677    0.7441
...   121 T-A ...
   28.2900  -72.4979   11.2948
    0.2142   -0.7354    0.6429
    0.9762    0.1833   -0.1157
   -0.0327    0.6524    0.7572
...   122 G-C ...
   28.2057  -70.4011   14.0651
    0.7791   -0.5142    0.3585
    0.6269    0.6339   -0.4531
    0.0057    0.5777    0.8162
...   123 T-A ...
   28.1530  -68.9998   17.0711
    0.9939   -0.0921    0.0601
    0.1099    0.8247   -0.5548
    0.0015    0.5580    0.8298
...   124 G-C ...
   28.2000  -67.1530   19.9252
    0.8423    0.4342   -0.3195
   -0.5374    0.7224   -0.4351
    0.0419    0.5382    0.8418
...   125 T-A ...
   28.6772  -65.7754   22.8313
    0.4124    0.7471   -0.5214
   -0.9093    0.3728   -0.1851
    0.0560    0.5504    0.8330
...   126 C-G ...
   28.9173  -64.0153   25.5064
   -0.2268    0.8272   -0.5141
   -0.9723   -0.1614    0.1693
    0.0571    0.5382    0.8409
...   127 G-C ...
   28.4157  -62.5104   28.5129
   -0.7537    0.5222   -0.3991
   -0.6569   -0.6166    0.4339
   -0.0195    0.5892    0.8077
...   128 A-T ...
   28.5160  -60.6907   31.1272
   -0.9971    0.0408   -0.0640
   -0.0699   -0.8228    0.5640
   -0.0297    0.5668    0.8233
...   129 C-G ...
   28.3010  -58.2606   33.3556
   -0.8713   -0.4414    0.2144
    0.4853   -0.7104    0.5097
   -0.0727    0.5482    0.8332
...   130 C-G ...
   27.5140  -56.3550   36.0805
   -0.4507   -0.8160    0.3619
    0.8783   -0.3329    0.3430
   -0.1594    0.4725    0.8668
...   131 A-T ...
   27.6971  -55.0422   39.2564
    0.1882   -0.8936    0.4075
    0.9662    0.2429    0.0863
   -0.1761    0.3775    0.9091
...   132 A-T ...
   27.0490  -53.9932   42.3069
    0.7269   -0.5776    0.3715
    0.6620    0.7333   -0.1553
   -0.1827    0.3588    0.9154
...   133 A-T ...
   26.2422  -53.1456   45.3813
    0.9695   -0.0028    0.2452
    0.0918    0.9314   -0.3522
   -0.2274    0.3639    0.9032
...   134 T-A ...
   25.6308  -52.5797   48.6349
    0.8597    0.5096    0.0340
   -0.4497    0.7867   -0.4230
   -0.2423    0.3484    0.9055
...   135 G-C ...
   25.2859  -52.4981   52.0750
    0.3205    0.9427   -0.0927
   -0.8825    0.2616   -0.3908
   -0.3442    0.2071    0.9158
...   136 T-A ...
   25.5356  -52.9669   55.8002
   -0.2443    0.9563   -0.1608
   -0.8908   -0.2868   -0.3525
   -0.3832    0.0571    0.9219
...   137 G-C ...
   24.9038  -52.7260   58.9821
   -0.7529    0.5562   -0.3519
   -0.5214   -0.8303   -0.1968
   -0.4017    0.0354    0.9151
...   138 A-T ...
   24.0249  -51.6262   61.9211
   -0.9563    0.0400   -0.2896
   -0.0523   -0.9980    0.0347
   -0.2877    0.0483    0.9565
...   139 G-C ...
   22.3574  -51.2300   64.4909
   -0.8529   -0.5117   -0.1032
    0.4973   -0.8566    0.1372
   -0.1586    0.0657    0.9852
...   140 C-G ...
   22.1609  -50.1387   67.4618
   -0.4681   -0.8749    0.1247
    0.8495   -0.4066    0.3363
   -0.2435    0.2633    0.9335
...   141 G-C ...
   21.4366  -51.8165   72.7856
    0.1304   -0.7141   -0.6877
    0.8897   -0.2218    0.3990
   -0.4375   -0.6639    0.6065
...   142 C-G ...
   20.4355  -54.2995   74.5395
    0.5847   -0.7390   -0.3347
    0.7593    0.3532    0.5466
   -0.2857   -0.5737    0.7676
...   143 T-A ...
   18.4378  -55.5191   76.5273
    0.8548   -0.5006    0.1370
    0.3188    0.7147    0.6225
   -0.4096   -0.4884    0.7705
...   144 C-G ...
   16.8485  -57.7127   78.2648
    0.8529   -0.0846    0.5152
   -0.1509    0.9047    0.3983
   -0.4998   -0.4175    0.7589
...   145 A-T ...
   15.7933  -59.5519   80.7963
    0.5515    0.4995    0.6681
   -0.6739    0.7388    0.0040
   -0.4915   -0.4525    0.7441
...   146 C-G ...
   15.7411  -61.4840   83.9296
    0.0342    0.7400    0.6718
   -0.8637    0.3601   -0.3527
   -0.5029   -0.5681    0.6514
...   147 A-T ...
   14.7481  -63.4171   86.8165
   -0.5923    0.6746    0.4405
   -0.6886   -0.1400   -0.7115
   -0.4183   -0.7247    0.5475
