  147 base-pairs
...     1 T-A ...
    0.0000    0.0000    0.0000
    1.0000    0.0000    0.0000
    0.0000    1.0000    0.0000
    0.0000    0.0000    1.0000
...     2 G-C ...
   -0.5555   -1.1003    3.3981
    0.7749    0.6051    0.1828
   -0.5991    0.7953   -0.0929
   -0.2016   -0.0375    0.9787
...     3 T-A ...
   -0.6619   -3.0237    6.5348
    0.3046    0.9250    0.2271
   -0.8994    0.3578   -0.2510
   -0.3134   -0.1278    0.9410
...     4 G-C ...
   -1.1607   -3.8418    9.6940
   -0.3351    0.9421    0.0133
   -0.8752   -0.3061   -0.3746
   -0.3489   -0.1372    0.9271
...     5 A-T ...
   -1.3881   -3.6770   12.8999
   -0.7835    0.6162   -0.0801
   -0.5677   -0.7622   -0.3109
   -0.2527   -0.1981    0.9470
...     6 G-C ...
   -2.6236   -3.5448   15.7072
   -0.9923    0.0611   -0.1075
   -0.0294   -0.9610   -0.2748
   -0.1201   -0.2695    0.9555
...     7 C-G ...
   -2.3138   -3.7570   18.8866
   -0.8620   -0.4995   -0.0864
    0.5008   -0.8655    0.0073
   -0.0785   -0.0370    0.9962
...     8 G-C ...
   -3.9561   -6.8109   23.3205
   -0.2581   -0.3560   -0.8981
    0.6294   -0.7673    0.1233
   -0.7330   -0.5335    0.4221
...     9 C-G ...
   -6.1177   -8.9414   24.2385
    0.1143   -0.7320   -0.6716
    0.8123   -0.3203    0.4874
   -0.5720   -0.6013    0.5580
...    10 T-A ...
   -8.5041   -9.6771   26.0540
    0.4660   -0.8587   -0.2131
    0.6274    0.1508    0.7640
   -0.6239   -0.4897    0.6090
...    11 C-G ...
  -11.0625  -11.3174   27.2336
    0.6660   -0.6911    0.2808
    0.3382    0.6152    0.7121
   -0.6649   -0.3794    0.6435
...    12 A-T ...
  -13.0013  -13.1789   29.0658
    0.7188   -0.1490    0.6790
   -0.1787    0.9043    0.3876
   -0.6718   -0.4000    0.6235
...    13 C-G ...
  -14.1788  -15.9359   31.3399
    0.4052    0.2865    0.8682
   -0.5270    0.8492   -0.0343
   -0.7470   -0.4437    0.4951
...    14 A-T ...
  -15.9532  -18.1566   33.3080
   -0.1503    0.6873    0.7107
   -0.6106    0.5008   -0.6135
   -0.7776   -0.5261    0.3444
...    15 A-T ...
  -18.3764  -19.8808   34.6474
   -0.5023    0.8384    0.2115
   -0.4134   -0.0180   -0.9104
   -0.7595   -0.5447    0.3556
...    16 T-A ...
  -20.6496  -21.5868   36.5484
   -0.6926    0.6551   -0.3019
   -0.0567   -0.4667   -0.8826
   -0.7191   -0.5942    0.3604
...    17 T-A ...
  -22.9638  -23.3268   38.0863
   -0.6348    0.2055   -0.7448
    0.3894   -0.7475   -0.5382
   -0.6674   -0.6317    0.3944
...    18 T-A ...
  -25.2292  -25.1777   39.5756
   -0.3063   -0.2854   -0.9081
    0.7036   -0.7105   -0.0140
   -0.6412   -0.6432    0.4184
...    19 A-T ...
  -27.0836  -27.5714   41.0866
    0.2180   -0.6319   -0.7438
    0.7594   -0.3689    0.5359
   -0.6130   -0.6816    0.3995
...    20 T-A ...
  -29.5145  -29.6448   41.9126
    0.5955   -0.7179   -0.3607
    0.5415    0.0270    0.8403
   -0.5935   -0.6957    0.4048
...    21 T-A ...
  -31.5093  -31.9860   43.0004
    0.8209   -0.5478    0.1614
    0.1028    0.4197    0.9018
   -0.5618   -0.7237    0.4009
...    22 C-G ...
  -33.1988  -34.4403   44.3751
    0.7538   -0.1573    0.6380
   -0.4149    0.6390    0.6477
   -0.5096   -0.7529    0.4164
...    23 G-C ...
  -34.7345  -36.6256   46.5434
    0.4606    0.3412    0.8194
   -0.8120    0.5349    0.2337
   -0.3585   -0.7730    0.5234
...    24 C-G ...
  -35.5063  -39.2786   48.3217
   -0.0228    0.6108    0.7914
   -0.9381    0.2606   -0.2281
   -0.3455   -0.7477    0.5671
...    25 A-T ...
  -37.2348  -41.6477   50.0404
   -0.5910    0.6500    0.4777
   -0.7349   -0.1897   -0.6511
   -0.3326   -0.7359    0.5898
...    26 A-T ...
  -38.2325  -43.9533   52.1851
   -0.9258    0.3774    0.0221
   -0.2371   -0.5341   -0.8115
   -0.2944   -0.7565    0.5840
...    27 A-T ...
  -39.0512  -46.2680   54.3628
   -0.8962   -0.0632   -0.4391
    0.3799   -0.6207   -0.6859
   -0.2292   -0.7815    0.5802
...    28 G-C ...
  -40.1168  -48.6698   56.5132
   -0.5234   -0.3691   -0.7680
    0.8156   -0.4780   -0.3260
   -0.2468   -0.7970    0.5512
...    29 G-C ...
  -41.1664  -51.3442   58.4452
    0.0747   -0.5138   -0.8547
    0.9712   -0.1568    0.1792
   -0.2261   -0.8435    0.4873
...    30 C-G ...
  -42.2583  -54.0811   59.9112
    0.6228   -0.4503   -0.6398
    0.7612    0.1598    0.6285
   -0.1808   -0.8785    0.4423
...    31 C-G ...
  -42.9887  -57.0398   61.2530
    0.9554   -0.1952   -0.2216
    0.2804    0.3642    0.8881
   -0.0927   -0.9106    0.4027
...    32 G-C ...
  -42.9205  -59.7732   62.7786
    0.9638    0.1435    0.2245
   -0.2622    0.3611    0.8949
    0.0474   -0.9214    0.3856
...    33 G-C ...
  -42.1712  -62.7901   64.0790
    0.6475    0.3837    0.6584
   -0.7498    0.1667    0.6403
    0.1360   -0.9083    0.3957
...    34 C-G ...
  -41.2035  -65.6412   65.4429
    0.1012    0.4442    0.8902
   -0.9778   -0.1209    0.1714
    0.1838   -0.8878    0.4220
...    35 C-G ...
  -40.3198  -68.4037   67.2930
   -0.4876    0.3063    0.8176
   -0.8456   -0.3986   -0.3550
    0.2171   -0.8645    0.4534
...    36 C-G ...
  -39.4869  -71.1595   69.1346
   -0.8949    0.0372    0.4447
   -0.3921   -0.5410   -0.7440
    0.2129   -0.8402    0.4987
...    37 G-C ...
  -38.6901  -74.5667   69.7735
   -0.9621   -0.2516   -0.1047
    0.2101   -0.4399   -0.8731
    0.1736   -0.8621    0.4761
...    38 A-T ...
  -37.9822  -77.2297   71.3582
   -0.6478   -0.4607   -0.6068
    0.7369   -0.1766   -0.6526
    0.1935   -0.8698    0.4538
...    39 C-G ...
  -37.8410  -80.0465   72.9045
   -0.1665   -0.4407   -0.8821
    0.9688    0.0937   -0.2296
    0.1838   -0.8928    0.4113
...    40 A-T ...
  -37.1894  -83.1002   74.1807
    0.4223   -0.2150   -0.8806
    0.8801    0.3297    0.3416
    0.2168   -0.9193    0.3285
...    41 C-G ...
  -36.6631  -86.2979   74.7447
    0.8056    0.0534   -0.5901
    0.5306    0.3782    0.7586
    0.2636   -0.9242    0.2763
...    42 G-C ...
  -35.4495  -89.1642   76.0248
    0.9368    0.3477   -0.0395
   -0.0409    0.2209    0.9744
    0.3475   -0.9112    0.2212
...    43 A-T ...
  -34.3072  -92.0804   76.6732
    0.7252    0.4121    0.5516
   -0.5918   -0.0362    0.8052
    0.3518   -0.9104    0.2177
...    44 C-G ...
  -32.6482  -94.9378   76.9733
    0.2733    0.3619    0.8913
   -0.8799   -0.2804    0.3836
    0.3888   -0.8890    0.2418
...    45 T-A ...
  -30.5836  -97.8014   77.8450
   -0.2983    0.1439    0.9436
   -0.8682   -0.4517   -0.2056
    0.3966   -0.8805    0.2597
...    46 T-A ...
  -29.0013 -100.5011   78.7218
   -0.7128   -0.1588    0.6831
   -0.5713   -0.4336   -0.6969
    0.4069   -0.8870    0.2184
...    47 A-T ...
  -27.6685 -103.6413   79.0051
   -0.8966   -0.4406    0.0443
    0.0482   -0.1965   -0.9793
    0.4401   -0.8760    0.1974
...    48 C-G ...
  -26.3699 -106.4370   80.3077
   -0.7361   -0.4569   -0.4994
    0.5264    0.0774   -0.8467
    0.4255   -0.8861    0.1836
...    49 T-A ...
  -25.2756 -109.5547   81.0853
   -0.3590   -0.2634   -0.8954
    0.8494    0.3055   -0.4304
    0.3869   -0.9150    0.1140
...    50 G-C ...
  -23.9228 -112.6686   81.1904
    0.1392    0.0932   -0.9859
    0.9097    0.3812    0.1645
    0.3912   -0.9198   -0.0317
...    51 T-A ...
  -23.0955 -115.7439   80.7775
    0.5631    0.3305   -0.7574
    0.7153    0.2639    0.6470
    0.4137   -0.9062   -0.0878
...    52 A-T ...
  -21.4323 -118.6417   80.4075
    0.8345    0.5112   -0.2057
    0.2587   -0.0338    0.9654
    0.4866   -0.8588   -0.1604
...    53 G-C ...
  -19.8468 -121.3818   79.6567
    0.7994    0.4889    0.3493
   -0.1986   -0.3336    0.9216
    0.5671   -0.8060   -0.1696
...    54 G-C ...
  -17.3462 -123.7724   78.5797
    0.5012    0.2599    0.8254
   -0.5952   -0.5888    0.5468
    0.6281   -0.7653   -0.1405
...    55 T-A ...
  -14.8779 -125.9172   78.0925
    0.1115   -0.1027    0.9884
   -0.7621   -0.6472    0.0187
    0.6378   -0.7553   -0.1504
...    56 A-T ...
  -12.4446 -128.2681   77.7186
   -0.3866   -0.4704    0.7933
   -0.6638   -0.4552   -0.5934
    0.6403   -0.7560   -0.1363
...    57 T-A ...
   -9.9347 -130.4201   77.7924
   -0.6625   -0.6643    0.3462
   -0.3628   -0.1198   -0.9241
    0.6554   -0.7378   -0.1616
...    58 C-G ...
   -7.7377 -133.0031   77.5016
   -0.7471   -0.5824   -0.3204
    0.1316    0.3429   -0.9301
    0.6516   -0.7371   -0.1795
...    59 T-A ...
   -5.7787 -135.6888   77.0244
   -0.5966   -0.2510   -0.7623
    0.5221    0.5999   -0.6062
    0.6094   -0.7597   -0.2268
...    60 C-G ...
   -3.7123 -138.2182   76.2229
   -0.1956    0.1913   -0.9618
    0.7830    0.6209   -0.0357
    0.5904   -0.7601   -0.2713
...    61 G-C ...
   -1.2801 -140.3094   75.1463
    0.1260    0.6427   -0.7557
    0.7997    0.3850    0.4607
    0.5871   -0.6623   -0.4654
...    62 A-T ...
    0.7855 -142.4489   73.6209
    0.5427    0.7810   -0.3089
    0.5736   -0.0760    0.8156
    0.6135   -0.6198   -0.4893
...    63 G-C ...
    2.8619 -144.2909   71.7677
    0.7302    0.6505    0.2088
    0.2109   -0.5054    0.8368
    0.6498   -0.5670   -0.5062
...    64 C-G ...
    5.2011 -145.8122   69.7460
    0.6991    0.2327    0.6761
   -0.2458   -0.8097    0.5328
    0.6714   -0.5387   -0.5089
...    65 T-A ...
    7.5379 -147.4743   68.0753
    0.4470   -0.2590    0.8562
   -0.5694   -0.8206    0.0490
    0.6899   -0.5094   -0.5143
...    66 C-G ...
    9.7499 -149.3344   66.4056
    0.0041   -0.7203    0.6937
   -0.7123   -0.4890   -0.5035
    0.7019   -0.4920   -0.5151
...    67 G-C ...
   11.3173 -151.3787   63.9706
   -0.4374   -0.8568    0.2732
   -0.5697    0.0290   -0.8213
    0.6958   -0.5149   -0.5008
...    68 G-C ...
   13.8109 -153.0031   62.3282
   -0.7323   -0.6434   -0.2233
   -0.2429    0.5530   -0.7970
    0.6362   -0.5294   -0.5612
...    69 G-C ...
   15.9853 -154.9050   60.6039
   -0.8111   -0.1689   -0.5600
    0.2060    0.8136   -0.5437
    0.5475   -0.5564   -0.6251
...    70 A-T ...
   17.7252 -156.9415   58.6131
   -0.5516    0.3804   -0.7423
    0.6505    0.7533   -0.0973
    0.5222   -0.5365   -0.6629
...    71 T-A ...
   18.9006 -159.0307   56.3581
   -0.1515    0.7435   -0.6513
    0.8491    0.4352    0.2993
    0.5060   -0.5077   -0.6973
...    72 C-G ...
   20.3752 -160.6270   53.8367
    0.3631    0.8787   -0.3099
    0.7864   -0.1107    0.6077
    0.4997   -0.4643   -0.7312
...    73 C-G ...
   22.0258 -161.8866   51.2740
    0.6767    0.7223    0.1425
    0.4905   -0.5866    0.6445
    0.5491   -0.3662   -0.7512
...    74 G-C ...
   24.1555 -163.2760   49.0906
    0.7852    0.2707    0.5570
    0.0382   -0.9189    0.3927
    0.6181   -0.2871   -0.7318
...    75 C-G ...
   26.5561 -163.7519   46.6065
    0.6586   -0.3230    0.6796
   -0.4150   -0.9093   -0.0299
    0.6277   -0.2623   -0.7329
...    76 T-A ...
   29.1833 -164.4462   44.3891
    0.2975   -0.8035    0.5156
   -0.6932   -0.5531   -0.4621
    0.6565   -0.2200   -0.7215
...    77 T-A ...
   31.5874 -164.9971   42.2217
   -0.1370   -0.9874    0.0789
   -0.7435    0.0499   -0.6669
    0.6546   -0.1500   -0.7410
...    78 T-A ...
   33.9661 -165.4626   39.9810
   -0.5302   -0.7677   -0.3597
   -0.5342    0.6320   -0.5615
    0.6584   -0.1056   -0.7452
...    79 A-T ...
   36.0528 -165.2571   37.3058
   -0.7794   -0.2000   -0.5938
   -0.0952    0.9745   -0.2032
    0.6193   -0.1018   -0.7785
...    80 A-T ...
   37.9731 -165.7440   34.8107
   -0.7233    0.3976   -0.5646
    0.3656    0.9141    0.1754
    0.5858   -0.0795   -0.8065
...    81 C-G ...
   39.5723 -166.4792   31.9391
   -0.4259    0.8353   -0.3476
    0.7015    0.5475    0.4562
    0.5714   -0.0496   -0.8192
...    82 A-T ...
   41.4376 -166.3780   29.0901
    0.0134    0.9965    0.0823
    0.8445   -0.0553    0.5327
    0.5354    0.0624   -0.8423
...    83 C-G ...
   42.7468 -165.6604   26.0721
    0.4563    0.8021    0.3853
    0.7220   -0.5868    0.3665
    0.5201    0.1109   -0.8469
...    84 T-A ...
   44.2715 -164.6322   22.9529
    0.7832    0.2869    0.5516
    0.3274   -0.9445    0.0264
    0.5285    0.1599   -0.8337
...    85 T-A ...
   45.9349 -163.7553   20.2506
    0.8614   -0.3389    0.3782
   -0.2191   -0.9199   -0.3253
    0.4582    0.1974   -0.8667
...    86 T-A ...
   47.5103 -162.7114   17.5202
    0.5925   -0.8053    0.0205
   -0.7083   -0.5330   -0.4629
    0.3837    0.2597   -0.8862
...    87 A-T ...
   48.3940 -161.6306   14.2514
   -0.0721   -0.8975   -0.4351
   -0.9434    0.2030   -0.2624
    0.3238    0.3915   -0.8613
...    88 T-A ...
   50.0667 -160.4961   11.5787
   -0.5684   -0.6197   -0.5412
   -0.7602    0.6472    0.0574
    0.3147    0.4440   -0.8389
...    89 T-A ...
   51.2691 -159.1945    8.8497
   -0.9098   -0.1148   -0.3988
   -0.2794    0.8800    0.3840
    0.3069    0.4608   -0.8328
...    90 C-G ...
   52.3673 -157.3878    6.2699
   -0.9155    0.4022   -0.0083
    0.3313    0.7654    0.5517
    0.2282    0.5024   -0.8340
...    91 A-T ...
   53.3657 -155.6305    3.5185
   -0.5812    0.6908    0.4301
    0.8062    0.4171    0.4195
    0.1105    0.5906   -0.7994
...    92 T-A ...
   53.2248 -153.7154    0.8768
   -0.0860    0.7591    0.6452
    0.9934    0.0157    0.1140
    0.0764    0.6508   -0.7554
...    93 G-C ...
   53.5062 -151.2507   -1.5541
    0.5474    0.5290    0.6484
    0.8337   -0.4116   -0.3681
    0.0722    0.7421   -0.6664
...    94 T-A ...
   53.4143 -148.3836   -3.4174
    0.9284    0.2072    0.3083
    0.3685   -0.6193   -0.6933
    0.0473    0.7573   -0.6513
...    95 T-A ...
   53.4609 -145.7594   -5.3495
    0.9597   -0.1579   -0.2324
   -0.2800   -0.6055   -0.7450
   -0.0231    0.7800   -0.6253
...    96 A-T ...
   52.9114 -143.1093   -7.6942
    0.4120   -0.4322   -0.8022
   -0.8995   -0.3335   -0.2823
   -0.1455    0.8378   -0.5261
...    97 T-A ...
   53.0867 -140.1997   -9.2840
   -0.1409   -0.5036   -0.8524
   -0.9762   -0.0727    0.2043
   -0.1648    0.8609   -0.4814
...    98 A-T ...
   52.2622 -136.9870  -10.5111
   -0.8149   -0.3299   -0.4766
   -0.5626    0.2520    0.7874
   -0.1397    0.9097   -0.3910
...    99 A-T ...
   51.8821 -134.0951  -11.8730
   -0.9884   -0.1237    0.0880
    0.0367    0.3675    0.9293
   -0.1473    0.9217   -0.3587
...   100 C-G ...
   51.2431 -131.2551  -13.5706
   -0.7855    0.0658    0.6154
    0.5934    0.3627    0.7186
   -0.1759    0.9296   -0.3239
...   101 G-C ...
   50.7761 -128.0450  -14.1172
   -0.2807    0.1047    0.9541
    0.9240    0.2986    0.2391
   -0.2598    0.9486   -0.1805
...   102 G-C ...
   49.8015 -124.8893  -13.9733
    0.3067    0.1228    0.9439
    0.9013    0.2814   -0.3295
   -0.3061    0.9517   -0.0244
...   103 A-T ...
   49.0920 -121.6858  -13.7562
    0.8060    0.2483    0.5374
    0.4981    0.2059   -0.8423
   -0.3198    0.9465    0.0422
...   104 G-C ...
   48.1348 -118.4954  -13.3481
    0.9581    0.2855   -0.0222
   -0.0444    0.0716   -0.9964
   -0.2829    0.9557    0.0813
...   105 C-G ...
   47.4319 -115.1558  -12.6681
    0.7308    0.2704   -0.6268
   -0.6282   -0.0928   -0.7725
   -0.2670    0.9583    0.1021
...   106 T-A ...
   47.0874 -111.6681  -12.2991
    0.1996    0.1840   -0.9625
   -0.9548   -0.1843   -0.2332
   -0.2203    0.9655    0.1389
...   107 T-A ...
   46.6136 -108.4956  -11.8571
   -0.4068    0.0548   -0.9119
   -0.8858   -0.2678    0.3791
   -0.2235    0.9619    0.1575
...   108 C-G ...
   46.0338 -105.1562  -11.3883
   -0.8813   -0.1237   -0.4561
   -0.4127   -0.2687    0.8703
   -0.2302    0.9553    0.1858
...   109 C-G ...
   45.5474 -101.9514  -10.6654
   -0.9239   -0.3753    0.0744
    0.1507   -0.1782    0.9724
   -0.3517    0.9096    0.2212
...   110 G-C ...
   44.6799  -99.0981   -9.5713
   -0.6395   -0.5340    0.5531
    0.6305    0.0473    0.7747
   -0.4399    0.8442    0.3065
...   111 G-C ...
   43.0309  -96.4399   -8.4410
   -0.1143   -0.5006    0.8581
    0.8775    0.3542    0.3235
   -0.4658    0.7899    0.3988
...   112 C-G ...
   41.0434  -94.2577   -6.8526
    0.4393   -0.2536    0.8618
    0.7721    0.5969   -0.2179
   -0.4592    0.7612    0.4581
...   113 T-A ...
   39.4624  -91.8950   -5.1213
    0.8232    0.0691    0.5635
    0.3753    0.6785   -0.6315
   -0.4260    0.7313    0.5327
...   114 C-G ...
   38.4748  -89.2671   -3.4023
    0.8869    0.4592    0.0510
   -0.2459    0.5626   -0.7893
   -0.3911    0.6875    0.6119
...   115 G-C ...
   37.1126  -86.6991   -1.7545
    0.5522    0.6920   -0.4650
   -0.7655    0.2000   -0.6115
   -0.3302    0.6936    0.6402
...   116 T-A ...
   36.7882  -84.1681    0.5467
    0.0239    0.6724   -0.7398
   -0.9462   -0.2237   -0.2339
   -0.3228    0.7056    0.6309
...   117 A-T ...
   35.9315  -81.7187    2.7402
   -0.5897    0.3857   -0.7095
   -0.7417   -0.6062    0.2870
   -0.3194    0.6955    0.6436
...   118 T-A ...
   35.3354  -79.0126    4.5625
   -0.9055    0.0203   -0.4239
   -0.3014   -0.7339    0.6087
   -0.2987    0.6790    0.6706
...   119 A-T ...
   34.5345  -76.9412    7.2890
   -0.8665   -0.4703    0.1674
    0.4410   -0.5640    0.6982
   -0.2340    0.6788    0.6961
...   120 A-T ...
   33.6297  -74.6235    9.4000
   -0.4279   -0.7441    0.5130
    0.8683   -0.1809    0.4619
   -0.2509    0.6431    0.7235
...   121 T-A ...
   32.2559  -72.5680   11.6216
    0.1132   -0.7344    0.6692
    0.9616    0.2506    0.1123
   -0.2502    0.6308    0.7345
...   122 G-C ...
   31.4662  -70.4762   14.3251
    0.7174   -0.4795    0.5055
    0.6683    0.6787   -0.3047
   -0.1970    0.5564    0.8073
...   123 T-A ...
   30.7616  -69.1352   17.2555
    0.9678   -0.0498    0.2467
    0.1740    0.8407   -0.5129
   -0.1819    0.5393    0.8222
...   124 G-C ...
   30.2735  -67.3148   20.0908
    0.8725    0.4596   -0.1660
   -0.4745    0.7154   -0.5128
   -0.1169    0.5262    0.8423
...   125 T-A ...
   30.2459  -65.9329   23.0192
    0.4749    0.7603   -0.4433
   -0.8758    0.3586   -0.3232
   -0.0868    0.5417    0.8361
...   126 C-G ...
   30.0643  -64.1337   25.6646
   -0.1592    0.8307   -0.5334
   -0.9847   -0.1727    0.0250
   -0.0713    0.5292    0.8455
...   127 G-C ...
   29.1450  -62.6354   28.5772
   -0.7113    0.5282   -0.4637
   -0.6950   -0.6268    0.3521
   -0.1046    0.5728    0.8130
...   128 A-T ...
   28.9577  -60.8415   31.2205
   -0.9877    0.0390   -0.1511
   -0.1158   -0.8324    0.5420
   -0.1046    0.5528    0.8267
...   129 C-G ...
   28.5722  -58.4360   33.4721
   -0.8833   -0.4474    0.1402
    0.4481   -0.7177    0.5331
   -0.1378    0.5337    0.8344
...   130 C-G ...
   27.6844  -56.5561   36.1774
   -0.4658   -0.8226    0.3262
    0.8596   -0.3330    0.3875
   -0.2101    0.4609    0.8622
...   131 A-T ...
   27.8429  -55.1459   39.3363
    0.1813   -0.8895    0.4194
    0.9611    0.2506    0.1161
   -0.2084    0.3820    0.9003
...   132 A-T ...
   27.1162  -54.0360   42.3428
    0.7224   -0.5720    0.3885
    0.6605    0.7372   -0.1427
   -0.2047    0.3597    0.9103
...   133 A-T ...
   26.2579  -53.1771   45.4021
    0.9664    0.0007    0.2572
    0.0927    0.9317   -0.3511
   -0.2399    0.3631    0.9003
...   134 T-A ...
   25.6308  -52.5796   48.6349
    0.8597    0.5096    0.0340
   -0.4497    0.7867   -0.4230
   -0.2423    0.3484    0.9055
...   135 G-C ...
   25.2859  -52.4980   52.0750
    0.3205    0.9427   -0.0927
   -0.8825    0.2616   -0.3908
   -0.3442    0.2071    0.9158
...   136 T-A ...
   25.5356  -52.9668   55.8002
   -0.2443    0.9563   -0.1608
   -0.8908   -0.2868   -0.3525
   -0.3832    0.0571    0.9219
...   137 G-C ...
   24.9037  -52.7259   58.9820
   -0.7529    0.5562   -0.3519
   -0.5214   -0.8303   -0.1968
   -0.4017    0.0354    0.9151
...   138 A-T ...
   24.0249  -51.6261   61.9210
   -0.9563    0.0400   -0.2896
   -0.0523   -0.9980    0.0347
   -0.2877    0.0483    0.9565
...   139 G-C ...
   22.3574  -51.2299   64.4909
   -0.8529   -0.5117   -0.1032
    0.4973   -0.8566    0.1372
   -0.1586    0.0657    0.9852
...   140 C-G ...
   22.1609  -50.1386   67.4617
   -0.4681   -0.8749    0.1247
    0.8495   -0.4066    0.3363
   -0.2435    0.2633    0.9335
...   141 G-C ...
   21.4366  -51.8164   72.7855
    0.1304   -0.7141   -0.6877
    0.8897   -0.2218    0.3990
   -0.4375   -0.6639    0.6065
...   142 C-G ...
   20.4355  -54.2994   74.5394
    0.5847   -0.7390   -0.3347
    0.7593    0.3532    0.5466
   -0.2857   -0.5737    0.7676
...   143 T-A ...
   18.4378  -55.5190   76.5272
    0.8548   -0.5006    0.1370
    0.3188    0.7147    0.6225
   -0.4096   -0.4884    0.7705
...   144 C-G ...
   16.8485  -57.7126   78.2648
    0.8529   -0.0846    0.5152
   -0.1509    0.9047    0.3983
   -0.4998   -0.4175    0.7589
...   145 A-T ...
   15.7933  -59.5518   80.7963
    0.5515    0.4995    0.6681
   -0.6739    0.7388    0.0040
   -0.4915   -0.4525    0.7441
...   146 C-G ...
   15.7411  -61.4838   83.9295
    0.0342    0.7400    0.6718
   -0.8637    0.3601   -0.3527
   -0.5029   -0.5681    0.6514
...   147 A-T ...
   14.7481  -63.4170   86.8164
   -0.5923    0.6746    0.4405
   -0.6886   -0.1400   -0.7115
   -0.4183   -0.7247    0.5475
