  147 base-pairs
...     1 T-A ...
    0.0000    0.0000    0.0000
    1.0000    0.0000    0.0000
    0.0000    1.0000    0.0000
    0.0000    0.0000    1.0000
...     2 G-C ...
   -0.5555   -1.1003    3.3981
    0.7749    0.6051    0.1828
   -0.5991    0.7953   -0.0929
   -0.2016   -0.0375    0.9787
...     3 T-A ...
   -0.6619   -3.0237    6.5348
    0.3046    0.9250    0.2271
   -0.8994    0.3578   -0.2510
   -0.3134   -0.1278    0.9410
...     4 G-C ...
   -1.1607   -3.8418    9.6940
   -0.3351    0.9421    0.0133
   -0.8752   -0.3061   -0.3746
   -0.3489   -0.1372    0.9271
...     5 A-T ...
   -1.3881   -3.6770   12.8999
   -0.7835    0.6162   -0.0801
   -0.5677   -0.7622   -0.3109
   -0.2527   -0.1981    0.9470
...     6 G-C ...
   -2.6236   -3.5448   15.7072
   -0.9923    0.0611   -0.1075
   -0.0294   -0.9610   -0.2748
   -0.1201   -0.2695    0.9555
...     7 C-G ...
   -2.3138   -3.7570   18.8866
   -0.8620   -0.4995   -0.0864
    0.5008   -0.8655    0.0073
   -0.0785   -0.0370    0.9962
...     8 G-C ...
   -3.9561   -6.8109   23.3205
   -0.2581   -0.3560   -0.8981
    0.6294   -0.7673    0.1233
   -0.7330   -0.5335    0.4221
...     9 C-G ...
   -6.1177   -8.9414   24.2385
    0.1143   -0.7320   -0.6716
    0.8123   -0.3203    0.4874
   -0.5720   -0.6013    0.5580
...    10 T-A ...
   -8.5041   -9.6771   26.0540
    0.4660   -0.8587   -0.2131
    0.6274    0.1508    0.7640
   -0.6239   -0.4897    0.6090
...    11 C-G ...
  -11.0625  -11.3174   27.2336
    0.6660   -0.6911    0.2808
    0.3382    0.6152    0.7121
   -0.6649   -0.3794    0.6435
...    12 A-T ...
  -13.0013  -13.1789   29.0658
    0.7188   -0.1490    0.6790
   -0.1787    0.9043    0.3876
   -0.6718   -0.4000    0.6235
...    13 C-G ...
  -14.1788  -15.9359   31.3399
    0.4052    0.2865    0.8682
   -0.5270    0.8492   -0.0343
   -0.7470   -0.4437    0.4951
...    14 A-T ...
  -15.9532  -18.1566   33.3080
   -0.1503    0.6873    0.7107
   -0.6106    0.5008   -0.6135
   -0.7776   -0.5261    0.3444
...    15 A-T ...
  -18.3890  -19.8192   34.7258
   -0.5017    0.8392    0.2099
   -0.4324   -0.0331   -0.9011
   -0.7493   -0.5428    0.3795
...    16 T-A ...
  -20.6148  -21.4954   36.7152
   -0.7068    0.6434   -0.2941
   -0.0785   -0.4846   -0.8712
   -0.7031   -0.5927    0.3930
...    17 T-A ...
  -22.8459  -23.2078   38.3839
   -0.6694    0.1743   -0.7221
    0.3786   -0.7563   -0.5335
   -0.6392   -0.6306    0.4403
...    18 T-A ...
  -25.0194  -24.9850   40.1249
   -0.3608   -0.3517   -0.8638
    0.7257   -0.6876   -0.0232
   -0.5858   -0.6352    0.5034
...    19 A-T ...
  -26.5957  -27.3352   42.0544
    0.1891   -0.7107   -0.6776
    0.8187   -0.2669    0.5084
   -0.5421   -0.6509    0.5314
...    20 T-A ...
  -28.8343  -29.3768   43.3697
    0.6005   -0.7344   -0.3165
    0.6106    0.1655    0.7745
   -0.5164   -0.6583    0.5478
...    21 T-A ...
  -30.5957  -31.6113   44.9632
    0.8673   -0.4779    0.1392
    0.1704    0.5479    0.8190
   -0.4677   -0.6866    0.5566
...    22 C-G ...
  -31.9706  -33.9066   46.8578
    0.8347   -0.0201    0.5503
   -0.3786    0.7047    0.6000
   -0.3998   -0.7092    0.5806
...    23 G-C ...
  -33.0492  -35.8404   49.5213
    0.5375    0.4989    0.6798
   -0.8146    0.5155    0.2658
   -0.2179   -0.6967    0.6835
...    24 C-G ...
  -33.3301  -38.1893   51.7968
    0.0354    0.7318    0.6806
   -0.9800    0.1590   -0.1200
   -0.1961   -0.6627    0.7228
...    25 A-T ...
  -34.5611  -40.2267   54.2423
   -0.5662    0.6895    0.4518
   -0.8074   -0.3533   -0.4725
   -0.1662   -0.6323    0.7567
...    26 A-T ...
  -35.0030  -42.1112   56.9240
   -0.9430    0.3109    0.1185
   -0.3108   -0.6961   -0.6472
   -0.1187   -0.6472    0.7530
...    27 A-T ...
  -35.2026  -43.9971   59.6053
   -0.9446   -0.2202   -0.2434
    0.3261   -0.7145   -0.6190
   -0.0376   -0.6641    0.7467
...    28 G-C ...
  -35.5752  -45.9926   62.3304
   -0.5975   -0.5706   -0.5634
    0.8008   -0.4619   -0.3814
   -0.0426   -0.6790    0.7329
...    29 G-C ...
  -35.8179  -48.2249   64.9601
   -0.0037   -0.6900   -0.7238
    0.9999   -0.0122    0.0065
   -0.0133   -0.7237    0.6900
...    30 C-G ...
  -36.2158  -50.5421   67.2718
    0.5599   -0.5254   -0.6407
    0.8275    0.3937    0.4003
    0.0419   -0.7543    0.6552
...    31 C-G ...
  -36.2700  -53.0733   69.4427
    0.9157   -0.1388   -0.3772
    0.3777    0.6180    0.6895
    0.1374   -0.7738    0.6183
...    32 G-C ...
  -35.5305  -55.2658   71.5506
    0.9476    0.3151   -0.0526
   -0.1442    0.5688    0.8097
    0.2851   -0.7597    0.5844
...    33 G-C ...
  -34.0439  -57.6651   73.3561
    0.6799    0.6425    0.3535
   -0.6268    0.2590    0.7349
    0.3806   -0.7212    0.5788
...    34 C-G ...
  -32.2489  -59.7873   75.1455
    0.1892    0.7126    0.6756
   -0.8795   -0.1830    0.4393
    0.4367   -0.6773    0.5921
...    35 C-G ...
  -30.4391  -61.6159   77.4408
   -0.3620    0.4999    0.7868
   -0.7998   -0.6001    0.0133
    0.4788   -0.6244    0.6171
...    36 C-G ...
  -28.7509  -63.4162   79.7894
   -0.7701    0.0715    0.6339
   -0.4086   -0.8184   -0.4040
    0.4899   -0.5701    0.6595
...    37 G-C ...
  -27.1708  -66.2183   81.2805
   -0.8793   -0.4053    0.2501
    0.1224   -0.6998   -0.7038
    0.4602   -0.5883    0.6649
...    38 A-T ...
  -25.5847  -67.9796   83.4065
   -0.6298   -0.7457   -0.2176
    0.6115   -0.3032   -0.7309
    0.4790   -0.5933    0.6469
...    39 C-G ...
  -24.4728  -69.9240   85.7385
   -0.2250   -0.7708   -0.5960
    0.8519    0.1413   -0.5043
    0.4730   -0.6212    0.6248
...    40 A-T ...
  -22.8433  -72.0477   87.7806
    0.2909   -0.4835   -0.8256
    0.8142    0.5783   -0.0518
    0.5025   -0.6572    0.5618
...    41 C-G ...
  -21.4240  -74.5947   89.3074
    0.6401   -0.0658   -0.7655
    0.5454    0.7406    0.3924
    0.5411   -0.6687    0.5100
...    42 G-C ...
  -19.3222  -76.3989   91.2166
    0.7831    0.4502   -0.4291
    0.0783    0.6131    0.7861
    0.6170   -0.6492    0.4449
...    43 A-T ...
  -17.3640  -78.5043   92.5937
    0.6703    0.7327    0.1178
   -0.4029    0.2261    0.8869
    0.6232   -0.6419    0.4468
...    44 C-G ...
  -14.9606  -80.5950   93.4818
    0.3141    0.7717    0.5529
   -0.6797   -0.2238    0.6985
    0.6628   -0.5953    0.4543
...    45 T-A ...
  -12.0588  -82.3033   94.8261
   -0.1618    0.5163    0.8410
   -0.7200   -0.6445    0.2572
    0.6748   -0.5639    0.4760
...    46 T-A ...
   -9.6366  -83.9117   96.2705
   -0.5088    0.0741    0.8577
   -0.5266   -0.8149   -0.2420
    0.6810   -0.5748    0.4537
...    47 A-T ...
   -7.4216  -86.1704   97.5497
   -0.7065   -0.5072    0.4936
   -0.0606   -0.6515   -0.7563
    0.7051   -0.5642    0.4295
...    48 C-G ...
   -5.1766  -87.6742   99.5515
   -0.6334   -0.7738   -0.0010
    0.3332   -0.2716   -0.9029
    0.6984   -0.5722    0.4298
...    49 T-A ...
   -3.0815  -89.6822  101.3170
   -0.3989   -0.7501   -0.5275
    0.6342    0.1898   -0.7495
    0.6623   -0.6335    0.4000
...    50 G-C ...
   -0.8124  -91.9205  102.4457
   -0.0433   -0.4188   -0.9070
    0.7535    0.5825   -0.3049
    0.6560   -0.6966    0.2904
...    51 T-A ...
    0.8849  -94.5043  103.3235
    0.3113   -0.0226   -0.9500
    0.6756    0.7083    0.2045
    0.6683   -0.7055    0.2358
...    52 A-T ...
    3.2943  -96.7663  103.8968
    0.5718    0.4776   -0.6670
    0.3908    0.5562    0.7334
    0.7213   -0.6800    0.1314
...    53 G-C ...
    5.5642  -99.0804  104.1528
    0.6162    0.7622   -0.1983
    0.0612    0.2046    0.9769
    0.7852   -0.6141    0.0795
...    54 G-C ...
    8.5658 -101.0407  103.6737
    0.4789    0.7893    0.3842
   -0.2628   -0.2887    0.9206
    0.8376   -0.5419    0.0692
...    55 T-A ...
   11.5556 -102.4202  103.5835
    0.2664    0.5186    0.8124
   -0.4593   -0.6727    0.5801
    0.8474   -0.5277    0.0590
...    56 A-T ...
   14.6576 -103.8286  103.7404
   -0.0847    0.0212    0.9962
   -0.5069   -0.8617   -0.0247
    0.8578   -0.5071    0.0838
...    57 T-A ...
   17.7904 -104.8213  104.1364
   -0.3148   -0.4545    0.8333
   -0.3932   -0.7366   -0.5503
    0.8639   -0.5009    0.0532
...    58 C-G ...
   20.7584 -106.4177  104.5810
   -0.4937   -0.8170    0.2979
   -0.1195   -0.2756   -0.9538
    0.8614   -0.5065    0.0385
...    59 T-A ...
   23.5493 -108.2442  105.0186
   -0.5285   -0.8052   -0.2689
    0.1710    0.2093   -0.9628
    0.8315   -0.5548    0.0271
...    60 C-G ...
   26.3726 -110.0925  105.1142
   -0.3567   -0.4997   -0.7894
    0.4515    0.6476   -0.6139
    0.8179   -0.5753   -0.0054
...    61 G-C ...
   29.3245 -111.6386  104.6360
   -0.2298    0.0356   -0.9726
    0.5990    0.7928   -0.1125
    0.7671   -0.6084   -0.2035
...    62 A-T ...
   31.9747 -113.5230  104.0122
    0.1094    0.5321   -0.8396
    0.6138    0.6282    0.4781
    0.7818   -0.5677   -0.2579
...    63 G-C ...
   34.4744 -115.3869  102.8392
    0.3646    0.8228   -0.4360
    0.4853    0.2316    0.8431
    0.7947   -0.5190   -0.3149
...    64 C-G ...
   37.0612 -116.9932  101.2623
    0.5551    0.8177    0.1526
    0.2040   -0.3117    0.9280
    0.8064   -0.4840   -0.3398
...    65 T-A ...
   39.7763 -118.4286  100.0235
    0.5683    0.5174    0.6398
   -0.0995   -0.7286    0.6777
    0.8168   -0.4488   -0.3626
...    66 C-G ...
   42.5303 -120.0082   99.0963
    0.3953   -0.0408    0.9177
   -0.3929   -0.9105    0.1288
    0.8303   -0.4115   -0.3759
...    67 G-C ...
   44.8337 -122.4028   97.8463
    0.0695   -0.5615    0.8245
   -0.5320   -0.7201   -0.4455
    0.8439   -0.4077   -0.3487
...    68 G-C ...
   47.7827 -123.6229   96.6615
   -0.2968   -0.8507    0.4339
   -0.5125   -0.2415   -0.8241
    0.8058   -0.4669   -0.3643
...    69 G-C ...
   50.5920 -125.1462   95.6188
   -0.6114   -0.7895   -0.0530
   -0.2624    0.2655   -0.9277
    0.7466   -0.5533   -0.3695
...    70 A-T ...
   53.1310 -127.0689   94.6031
   -0.6776   -0.4494   -0.5821
    0.1493    0.6910   -0.7073
    0.7201   -0.5662   -0.4011
...    71 T-A ...
   55.2286 -129.4015   93.6033
   -0.5330    0.0035   -0.8461
    0.4853    0.8205   -0.3022
    0.6932   -0.5717   -0.4390
...    72 C-G ...
   57.3170 -131.4400   92.0357
   -0.1825    0.5198   -0.8346
    0.7234    0.6459    0.2441
    0.6659   -0.5592   -0.4939
...    73 C-G ...
   59.3898 -133.2734   90.2702
    0.1462    0.8476   -0.5101
    0.7338    0.2529    0.6305
    0.6634   -0.4665   -0.5850
...    74 G-C ...
   61.9475 -134.5623   88.5236
    0.4611    0.8873    0.0097
    0.5692   -0.3041    0.7639
    0.6807   -0.3468   -0.6453
...    75 C-G ...
   64.2302 -135.2160   85.9707
    0.7074    0.5412    0.4546
    0.2185   -0.7791    0.5875
    0.6721   -0.3163   -0.6695
...    76 T-A ...
   66.8931 -135.6800   83.7035
    0.7210   -0.0298    0.6923
   -0.1930   -0.9682    0.1593
    0.6655   -0.2485   -0.7038
...    77 T-A ...
   69.1639 -136.1265   81.3700
    0.5122   -0.6319    0.5816
   -0.5997   -0.7479   -0.2845
    0.6148   -0.2030   -0.7621
...    78 T-A ...
   71.3868 -136.4730   78.9384
    0.0931   -0.9658    0.2418
   -0.8087   -0.2151   -0.5476
    0.5809   -0.1445   -0.8011
...    79 A-T ...
   72.7847 -136.6199   75.8651
   -0.4250   -0.8885   -0.1732
   -0.7119    0.4462   -0.5423
    0.5591   -0.1072   -0.8221
...    80 A-T ...
   74.6637 -137.0517   73.3127
   -0.7746   -0.4680   -0.4254
   -0.3527    0.8780   -0.3237
    0.5250   -0.1007   -0.8451
...    81 C-G ...
   76.5058 -137.9597   70.6417
   -0.8650    0.0891   -0.4939
    0.1188    0.9925   -0.0289
    0.4876   -0.0837   -0.8691
...    82 A-T ...
   77.9795 -138.1887   67.5970
   -0.6911    0.6580   -0.2990
    0.6179    0.7526    0.2277
    0.3749   -0.0274   -0.9267
...    83 C-G ...
   78.5583 -138.3547   64.3136
   -0.2671    0.9599   -0.0851
    0.9075    0.2802    0.3128
    0.3241    0.0063   -0.9460
...    84 T-A ...
   78.8790 -138.2692   60.9369
    0.2551    0.9487    0.1868
    0.9295   -0.2939    0.2229
    0.2663    0.1168   -0.9568
...    85 C-G ...
   80.1251 -137.3386   57.9858
    0.7537    0.5826    0.3040
    0.6169   -0.7867   -0.0217
    0.2265    0.2039   -0.9524
...    86 A-T ...
   80.8319 -136.7643   54.7311
    0.9561    0.0019    0.2930
    0.0810   -0.9627   -0.2581
    0.2816    0.2705   -0.9206
...    87 T-A ...
   81.8679 -135.3884   51.8905
    0.8529   -0.5139    0.0914
   -0.4490   -0.8116   -0.3737
    0.2662    0.2777   -0.9231
...    88 G-C ...
   82.6903 -134.2295   48.7688
    0.3586   -0.9138   -0.1908
   -0.9090   -0.2953   -0.2942
    0.2125    0.2789   -0.9365
...    89 T-A ...
   83.9266 -133.1180   45.7659
   -0.2331   -0.9054   -0.3548
   -0.9572    0.2780   -0.0807
    0.1718    0.3208   -0.9314
...    90 T-A ...
   84.6557 -132.1040   42.8067
   -0.7658   -0.5675   -0.3026
   -0.6310    0.7538    0.1833
    0.1241    0.3313   -0.9353
...    91 A-T ...
   84.9000 -130.6960   39.7372
   -0.9991   -0.0016   -0.0428
   -0.0160    0.9405    0.3395
    0.0397    0.3399   -0.9396
...    92 T-A ...
   84.8041 -130.2445   36.5007
   -0.8558    0.4835    0.1838
    0.5173    0.8001    0.3038
   -0.0002    0.3550   -0.9349
...    93 A-T ...
   84.9235 -128.7393   33.4921
   -0.3587    0.8351    0.4170
    0.9293    0.3614    0.0757
   -0.0874    0.4147   -0.9058
...    94 A-T ...
   84.3579 -127.2905   30.7090
    0.2625    0.8730    0.4111
    0.9552   -0.1747   -0.2391
   -0.1369    0.4554   -0.8797
...    95 C-G ...
   83.3465 -125.3132   28.0552
    0.7656    0.6194    0.1738
    0.6190   -0.6357   -0.4611
   -0.1752    0.4606   -0.8701
...    96 G-C ...
   82.9810 -123.8191   25.1083
    0.9632    0.0733   -0.2587
   -0.0726   -0.8554   -0.5128
   -0.2589    0.5127   -0.8186
...    97 G-C ...
   82.1786 -121.9815   22.4452
    0.7620   -0.4425   -0.4727
   -0.6081   -0.7399   -0.2877
   -0.2225    0.5067   -0.8329
...    98 A-T ...
   81.5681 -119.9216   19.7516
    0.1761   -0.7877   -0.5904
   -0.9476   -0.2981    0.1152
   -0.2667    0.5392   -0.7988
...    99 T-A ...
   81.4027 -117.9394   16.9983
   -0.3729   -0.8051   -0.4613
   -0.8817    0.1526    0.4464
   -0.2890    0.5732   -0.7668
...   100 T-A ...
   80.7177 -116.1175   14.3373
   -0.8394   -0.5314   -0.1142
   -0.4615    0.5858    0.6662
   -0.2871    0.6119   -0.7370
...   101 T-A ...
   79.7322 -114.1548   11.9202
   -0.9250   -0.1363    0.3545
    0.1162    0.7871    0.6057
   -0.3617    0.6015   -0.7123
...   102 A-T ...
   78.4981 -111.8461    9.8061
   -0.6123    0.3017    0.7308
    0.6453    0.7248    0.2414
   -0.4569    0.6194   -0.6385
...   103 T-A ...
   76.4837 -110.3477    7.8483
   -0.1761    0.5666    0.8050
    0.8424    0.5098   -0.1745
   -0.5092    0.6474   -0.5671
...   104 G-C ...
   74.5858 -108.1286    6.2303
    0.4269    0.6904    0.5841
    0.7486    0.0926   -0.6565
   -0.5073    0.7175   -0.4773
...   105 C-G ...
   72.7703 -105.5069    5.0702
    0.7864    0.6110    0.0907
    0.3336   -0.2966   -0.8949
   -0.5199    0.7340   -0.4371
...   106 T-A ...
   71.4178 -102.3773    3.9458
    0.8001    0.3415   -0.4932
   -0.2650   -0.5364   -0.8013
   -0.5382    0.7718   -0.3387
...   107 T-A ...
   69.8456  -99.6870    3.0124
    0.4521   -0.0170   -0.8918
   -0.6949   -0.6336   -0.3402
   -0.5593    0.7735   -0.2982
...   108 C-G ...
   68.0502  -96.8549    2.1003
   -0.1675   -0.3806   -0.9095
   -0.7956   -0.4926    0.3527
   -0.5822    0.7826   -0.2203
...   109 C-G ...
   66.1902  -94.1361    1.6083
   -0.5267   -0.6677   -0.5261
   -0.5408   -0.2142    0.8134
   -0.6558    0.7130   -0.2482
...   110 G-C ...
   64.1576  -91.6631    1.4317
   -0.6527   -0.7566    0.0393
   -0.1218    0.1560    0.9802
   -0.7478    0.6350   -0.1940
...   111 G-C ...
   61.6643  -89.5565    0.7583
   -0.5052   -0.5992    0.6211
    0.3053    0.5491    0.7780
   -0.8072    0.5827   -0.0945
...   112 C-G ...
   58.7015  -88.0949    0.3004
   -0.1708   -0.2183    0.9608
    0.5392    0.7955    0.2766
   -0.8247    0.5653   -0.0182
...   113 T-A ...
   55.8016  -86.4435    0.3926
    0.2521    0.1863    0.9496
    0.5016    0.8140   -0.2929
   -0.8276    0.5501    0.1117
...   114 C-G ...
   53.4336  -84.2963    1.1031
    0.5422    0.6088    0.5791
    0.1443    0.6115   -0.7780
   -0.8278    0.5054    0.2436
...   115 G-C ...
   50.8963  -82.1560    1.6593
    0.5537    0.8320   -0.0346
   -0.3116    0.1684   -0.9352
   -0.7722    0.5286    0.3525
...   116 T-A ...
   48.8470  -80.0692    3.4179
    0.2889    0.7766   -0.5599
   -0.5945   -0.3129   -0.7407
   -0.7504    0.5468    0.3713
...   117 A-T ...
   46.4735  -78.1277    4.8398
   -0.2079    0.4224   -0.8822
   -0.6471   -0.7357   -0.1998
   -0.7335    0.5294    0.4263
...   118 T-A ...
   44.5183  -75.8611    6.3146
   -0.5715   -0.0116   -0.8205
   -0.4158   -0.8579    0.3018
   -0.7075    0.5136    0.4855
...   119 A-T ...
   42.2369  -74.3510    8.6755
   -0.7800   -0.5874   -0.2158
    0.2359   -0.5953    0.7681
   -0.5796    0.5482    0.6029
...   120 A-T ...
   40.3166  -72.3770   10.4458
   -0.4769   -0.8329    0.2806
    0.6764   -0.1439    0.7223
   -0.5612    0.5343    0.6321
...   121 T-A ...
   38.0550  -70.6811   12.2003
   -0.0217   -0.7849    0.6192
    0.8370    0.3245    0.4406
   -0.5468    0.5279    0.6499
...   122 G-C ...
   36.2474  -68.8705   14.6680
    0.5834   -0.4739    0.6596
    0.6536    0.7560   -0.0350
   -0.4821    0.4516    0.7508
...   123 T-A ...
   34.6366  -67.8694   17.3381
    0.8657   -0.0157    0.5004
    0.2330    0.8973   -0.3749
   -0.4431    0.4411    0.7804
...   124 G-C ...
   33.3527  -66.3421   20.1075
    0.8610    0.4997    0.0942
   -0.3718    0.7450   -0.5538
   -0.3469    0.4418    0.8273
...   125 T-A ...
   32.5777  -65.1962   23.0112
    0.5328    0.8048   -0.2615
   -0.7932    0.3674   -0.4857
   -0.2948    0.4662    0.8341
...   126 C-G ...
   31.7940  -63.5371   25.6285
   -0.0660    0.8714   -0.4861
   -0.9634   -0.1826   -0.1965
   -0.2599    0.4553    0.8516
...   127 G-C ...
   30.2758  -62.2304   28.3916
   -0.6395    0.5660   -0.5203
   -0.7324   -0.6543    0.1883
   -0.2339    0.5015    0.8329
...   128 A-T ...
   29.6320  -60.6155   31.1030
   -0.9599    0.0503   -0.2759
   -0.1773   -0.8711    0.4580
   -0.2173    0.4886    0.8450
...   129 C-G ...
   28.9699  -58.3676   33.4776
   -0.8896   -0.4567    0.0062
    0.3910   -0.7546    0.5269
   -0.2359    0.4712    0.8499
...   130 C-G ...
   27.9211  -56.6628   36.2396
   -0.4839   -0.8423    0.2374
    0.8273   -0.3519    0.4379
   -0.2853    0.4083    0.8671
...   131 A-T ...
   28.0847  -55.1953   39.4290
    0.1735   -0.8912    0.4190
    0.9517    0.2612    0.1616
   -0.2535    0.3707    0.8935
...   132 A-T ...
   27.2339  -54.0570   42.3918
    0.7170   -0.5654    0.4077
    0.6553    0.7461   -0.1178
   -0.2377    0.3516    0.9055
...   133 A-T ...
   26.2944  -53.2132   45.4334
    0.9614    0.0065    0.2752
    0.0924    0.9341   -0.3448
   -0.2593    0.3569    0.8974
...   134 T-A ...
   25.6309  -52.5796   48.6349
    0.8597    0.5096    0.0340
   -0.4497    0.7867   -0.4230
   -0.2423    0.3484    0.9055
...   135 G-C ...
   25.2860  -52.4980   52.0750
    0.3205    0.9427   -0.0927
   -0.8825    0.2616   -0.3908
   -0.3442    0.2071    0.9158
...   136 T-A ...
   25.5357  -52.9667   55.8002
   -0.2443    0.9563   -0.1608
   -0.8908   -0.2868   -0.3525
   -0.3832    0.0571    0.9219
...   137 G-C ...
   24.9039  -52.7259   58.9821
   -0.7529    0.5562   -0.3519
   -0.5214   -0.8303   -0.1968
   -0.4017    0.0354    0.9151
...   138 A-T ...
   24.0250  -51.6260   61.9210
   -0.9563    0.0400   -0.2896
   -0.0523   -0.9980    0.0347
   -0.2877    0.0483    0.9565
...   139 G-C ...
   22.3575  -51.2299   64.4909
   -0.8529   -0.5117   -0.1032
    0.4973   -0.8566    0.1372
   -0.1586    0.0657    0.9852
...   140 C-G ...
   22.1610  -50.1385   67.4618
   -0.4681   -0.8749    0.1247
    0.8495   -0.4066    0.3363
   -0.2435    0.2633    0.9335
...   141 G-C ...
   21.4367  -51.8163   72.7856
    0.1304   -0.7141   -0.6877
    0.8897   -0.2218    0.3990
   -0.4375   -0.6639    0.6065
...   142 C-G ...
   20.4356  -54.2994   74.5395
    0.5847   -0.7390   -0.3347
    0.7593    0.3532    0.5466
   -0.2857   -0.5737    0.7676
...   143 T-A ...
   18.4379  -55.5189   76.5273
    0.8548   -0.5006    0.1370
    0.3188    0.7147    0.6225
   -0.4096   -0.4884    0.7705
...   144 C-G ...
   16.8486  -57.7126   78.2648
    0.8529   -0.0846    0.5152
   -0.1509    0.9047    0.3983
   -0.4998   -0.4175    0.7589
...   145 A-T ...
   15.7934  -59.5517   80.7963
    0.5515    0.4995    0.6681
   -0.6739    0.7388    0.0040
   -0.4915   -0.4525    0.7441
...   146 C-G ...
   15.7412  -61.4838   83.9296
    0.0342    0.7400    0.6718
   -0.8637    0.3601   -0.3527
   -0.5029   -0.5681    0.6514
...   147 A-T ...
   14.7483  -63.4170   86.8165
   -0.5923    0.6746    0.4405
   -0.6886   -0.1400   -0.7115
   -0.4183   -0.7247    0.5475
