  147 base-pairs
...     1 A-T ...
    0.0000    0.0000    0.0000
    1.0000    0.0000    0.0000
    0.0000    1.0000    0.0000
    0.0000    0.0000    1.0000
...     2 G-C ...
   -0.1394   -1.2357    3.2268
    0.7529    0.6366    0.1670
   -0.6386    0.7680   -0.0486
   -0.1592   -0.0700    0.9848
...     3 T-A ...
   -0.0365   -3.2932    6.3751
    0.2722    0.9301    0.2466
   -0.9238    0.3243   -0.2033
   -0.2691   -0.1725    0.9475
...     4 G-C ...
   -0.3505   -4.1660    9.4928
   -0.3756    0.9250    0.0579
   -0.8781   -0.3352   -0.3415
   -0.2965   -0.1791    0.9381
...     5 A-T ...
   -0.4462   -4.1476   12.7498
   -0.8116    0.5840   -0.0165
   -0.5523   -0.7762   -0.3042
   -0.1905   -0.2378    0.9524
...     6 G-C ...
   -1.5908   -4.1730   15.6201
   -0.9976    0.0246   -0.0651
   -0.0043   -0.9555   -0.2950
   -0.0695   -0.2940    0.9533
...     7 C-G ...
   -1.1030   -4.4824   18.7362
   -0.8441   -0.5304   -0.0787
    0.5345   -0.8441   -0.0432
   -0.0435   -0.0785    0.9960
...     8 G-C ...
   -2.4028   -7.7290   23.1475
   -0.2754   -0.3293   -0.9032
    0.6650   -0.7437    0.0684
   -0.6942   -0.5818    0.4238
...     9 C-G ...
   -4.4690   -9.9728   24.1132
    0.1145   -0.7025   -0.7024
    0.8512   -0.2952    0.4340
   -0.5122   -0.6476    0.5642
...    10 T-A ...
   -6.7405  -10.8752   25.9697
    0.4841   -0.8363   -0.2574
    0.6595    0.1553    0.7355
   -0.5751   -0.5258    0.6267
...    11 C-G ...
   -9.1656  -12.6208   27.1640
    0.7073   -0.6682    0.2307
    0.3448    0.6110    0.7126
   -0.6171   -0.4245    0.6626
...    12 A-T ...
  -10.9234  -14.6633   29.0693
    0.7515   -0.1377    0.6452
   -0.2029    0.8824    0.4246
   -0.6277   -0.4500    0.6352
...    13 C-G ...
  -11.8476  -17.4863   31.2451
    0.4295    0.2823    0.8578
   -0.5708    0.8209    0.0156
   -0.6998   -0.4963    0.5137
...    14 A-T ...
  -13.5897  -19.7827   33.4259
   -0.1504    0.6104    0.7777
   -0.6874    0.5008   -0.5260
   -0.7106   -0.6136    0.3443
...    15 A-T ...
  -15.7119  -21.8014   34.8035
   -0.4887    0.7975    0.3538
   -0.5000    0.0763   -0.8627
   -0.7150   -0.5984    0.3615
...    16 T-A ...
  -17.7654  -23.6134   36.6161
   -0.6629    0.7387   -0.1223
   -0.1995   -0.3317   -0.9220
   -0.7217   -0.5868    0.3673
...    17 T-A ...
  -20.0816  -25.3456   38.0804
   -0.6592    0.4343   -0.6138
    0.1951   -0.6895   -0.6975
   -0.7262   -0.5796    0.3698
...    18 T-A ...
  -22.5256  -26.9728   39.4588
   -0.4411   -0.0228   -0.8972
    0.5251   -0.8173   -0.2373
   -0.7278   -0.5758    0.3725
...    19 A-T ...
  -24.9232  -28.9412   40.6346
   -0.0231   -0.4588   -0.8882
    0.6683   -0.6678    0.3276
   -0.7435   -0.5861    0.3221
...    20 T-A ...
  -27.7677  -30.4556   41.3021
    0.3119   -0.7308   -0.6071
    0.5906   -0.3514    0.7265
   -0.7443   -0.5852    0.3220
...    21 T-A ...
  -30.3310  -32.2796   42.0937
    0.5840   -0.8060   -0.0963
    0.3179    0.1180    0.9408
   -0.7469   -0.5800    0.3251
...    22 C-G ...
  -32.7267  -34.2778   43.0542
    0.6842   -0.5725    0.4518
   -0.0823    0.5549    0.8279
   -0.7247   -0.6036    0.3325
...    23 G-C ...
  -35.0916  -36.0993   44.5070
    0.6077   -0.1111    0.7864
   -0.4573    0.7606    0.4609
   -0.6493   -0.6397    0.4114
...    24 C-G ...
  -36.8945  -38.5233   45.8283
    0.3031    0.3422    0.8894
   -0.7169    0.6967   -0.0238
   -0.6278   -0.6304    0.4566
...    25 A-T ...
  -38.9898  -40.5305   47.4380
   -0.0694    0.7328    0.6769
   -0.7853    0.3783   -0.4901
   -0.6152   -0.5655    0.5492
...    26 A-T ...
  -40.7584  -42.3710   49.4355
   -0.4840    0.8261    0.2885
   -0.6172   -0.0886   -0.7818
   -0.6203   -0.5565    0.5528
...    27 A-T ...
  -42.6431  -44.0394   51.4746
   -0.7342    0.6495   -0.1978
   -0.2505   -0.5299   -0.8102
   -0.6311   -0.5453    0.5517
...    28 G-C ...
  -44.7447  -45.5433   53.5215
   -0.7085    0.3335   -0.6220
    0.1461   -0.7929   -0.5915
   -0.6904   -0.5100    0.5131
...    29 G-C ...
  -47.2853  -46.8795   55.2802
   -0.4576   -0.0816   -0.8854
    0.4713   -0.8667   -0.1636
   -0.7540   -0.4921    0.4351
...    30 C-G ...
  -50.0462  -48.1321   56.5581
   -0.0983   -0.5034   -0.8584
    0.6239   -0.7032    0.3410
   -0.7753   -0.5021    0.3832
...    31 C-G ...
  -52.8413  -49.7588   57.4676
    0.3096   -0.7565   -0.5761
    0.5512   -0.3509    0.7570
   -0.7748   -0.5519    0.3084
...    32 G-C ...
  -55.1203  -51.8388   58.7085
    0.6305   -0.7705   -0.0943
    0.2541    0.0901    0.9630
   -0.7335   -0.6311    0.2526
...    33 G-C ...
  -57.4771  -54.1820   59.2503
    0.7146   -0.5601    0.4192
   -0.1437    0.4689    0.8715
   -0.6846   -0.6830    0.2545
...    34 C-G ...
  -59.5293  -56.7141   59.8349
    0.5443   -0.1971    0.8154
   -0.5131    0.6907    0.5095
   -0.6636   -0.6957    0.2748
...    35 C-G ...
  -61.4858  -59.3036   60.7669
    0.2325    0.2508    0.9397
   -0.7301    0.6833   -0.0017
   -0.6425   -0.6857    0.3419
...    36 C-G ...
  -63.3546  -61.8016   62.0699
   -0.1346    0.6297    0.7651
   -0.7437    0.4460   -0.4980
   -0.6548   -0.6360    0.4083
...    37 G-C ...
  -65.7558  -63.7688   63.2466
   -0.4225    0.8475    0.3214
   -0.5577    0.0365   -0.8293
   -0.7145   -0.5296    0.4572
...    38 A-T ...
  -68.0190  -65.4710   64.8434
   -0.6187    0.7511   -0.2303
   -0.2225   -0.4487   -0.8656
   -0.7535   -0.4843    0.4447
...    39 C-G ...
  -70.4335  -66.5867   66.7515
   -0.6042    0.4509   -0.6570
    0.1068   -0.7713   -0.6275
   -0.7896   -0.4493    0.4179
...    40 A-T ...
  -73.1619  -67.9980   68.0355
   -0.3385    0.0310   -0.9405
    0.3691   -0.9150   -0.1631
   -0.8655   -0.4024    0.2983
...    41 C-G ...
  -76.2543  -68.7101   68.8595
   -0.0675   -0.4162   -0.9068
    0.4634   -0.8179    0.3410
   -0.8836   -0.3972    0.2481
...    42 G-C ...
  -79.0121  -70.4344   69.5458
    0.2878   -0.7469   -0.5994
    0.3585   -0.4964    0.7906
   -0.8881   -0.4424    0.1249
...    43 A-T ...
  -81.9141  -71.9359   69.7664
    0.4552   -0.8899   -0.0306
    0.1002    0.0170    0.9948
   -0.8848   -0.4559    0.0969
...    44 C-G ...
  -84.7515  -73.6527   69.4663
    0.4432   -0.7517    0.4884
   -0.1625    0.4685    0.8684
   -0.8816   -0.4642    0.0855
...    45 T-A ...
  -87.5102  -75.4869   69.5862
    0.3149   -0.3852    0.8674
   -0.3794    0.7867    0.4871
   -0.8700   -0.4825    0.1016
...    46 T-A ...
  -90.1982  -77.3190   69.7588
    0.0148    0.1134    0.9934
   -0.4708    0.8773   -0.0931
   -0.8821   -0.4664    0.0663
...    47 A-T ...
  -93.1696  -78.7965   69.9507
   -0.2197    0.6229    0.7508
   -0.3769    0.6556   -0.6543
   -0.8998   -0.4268    0.0907
...    48 C-G ...
  -95.8954  -80.4428   70.7680
   -0.3370    0.8888    0.3106
   -0.2058    0.2523   -0.9455
   -0.9187   -0.3826    0.0979
...    49 T-A ...
  -98.9112  -81.5662   71.4495
   -0.2985    0.9300   -0.2143
   -0.0170   -0.2297   -0.9731
   -0.9543   -0.2868    0.0844
...    50 G-C ...
 -102.1823  -82.2063   71.6671
   -0.0969    0.7088   -0.6988
    0.1080   -0.6904   -0.7153
   -0.9894   -0.1448   -0.0097
...    51 T-A ...
 -105.4252  -82.0592   71.8738
    0.0368    0.2786   -0.9597
    0.1178   -0.9549   -0.2727
   -0.9924   -0.1031   -0.0679
...    52 A-T ...
 -108.6979  -82.0581   71.3382
    0.2350   -0.2545   -0.9381
    0.0098   -0.9644    0.2641
   -0.9719   -0.0713   -0.2241
...    53 G-C ...
 -111.8322  -82.0082   70.3091
    0.2606   -0.7101   -0.6541
   -0.1633   -0.7002    0.6951
   -0.9515   -0.0743   -0.2984
...    54 G-C ...
 -114.8461  -82.3495   68.8259
    0.1771   -0.9712   -0.1594
   -0.3360   -0.2119    0.9177
   -0.9250   -0.1090   -0.3639
...    55 T-A ...
 -117.6391  -82.7620   67.0359
   -0.0368   -0.9385    0.3434
   -0.3879    0.3301    0.8606
   -0.9210   -0.1015   -0.3762
...    56 A-T ...
 -120.9123  -82.5623   66.1209
   -0.3700   -0.4992    0.7835
   -0.2310    0.8663    0.4429
   -0.8999   -0.0171   -0.4358
...    57 T-A ...
 -123.7275  -83.2635   64.5113
   -0.4591    0.0137    0.8883
    0.0115    0.9999   -0.0096
   -0.8883    0.0058   -0.4592
...    58 C-G ...
 -126.6099  -83.3529   62.9348
   -0.3322    0.5958    0.7312
    0.3069    0.8013   -0.5136
   -0.8919    0.0537   -0.4491
...    59 T-A ...
 -129.6826  -83.2686   61.7341
   -0.0432    0.9125    0.4067
    0.4461    0.3819   -0.8094
   -0.8940    0.1465   -0.4236
...    60 C-G ...
 -132.6200  -82.7575   60.4494
    0.2981    0.9511   -0.0812
    0.3907   -0.1992   -0.8987
   -0.8709    0.2361   -0.4310
...    61 G-C ...
 -135.3287  -81.7678   58.7916
    0.6211    0.6448   -0.4454
    0.1347   -0.6477   -0.7499
   -0.7720    0.4058   -0.4892
...    62 A-T ...
 -137.6688  -80.2254   57.1591
    0.6486    0.1327   -0.7494
   -0.2755   -0.8769   -0.3938
   -0.7095    0.4619   -0.5322
...    63 G-C ...
 -139.7112  -78.3692   55.3578
    0.4684   -0.3711   -0.8018
   -0.6105   -0.7920    0.0100
   -0.6387    0.4848   -0.5975
...    64 C-G ...
 -141.3449  -76.6133   53.0688
    0.0794   -0.7544   -0.6516
   -0.8027   -0.4360    0.4070
   -0.5911    0.4907   -0.6401
...    65 T-A ...
 -142.9803  -75.0183   50.6615
   -0.3545   -0.8757   -0.3277
   -0.7497    0.0568    0.6593
   -0.5588    0.4794   -0.6767
...    66 C-G ...
 -144.7571  -73.5293   48.3132
   -0.7494   -0.6521    0.1148
   -0.3889    0.5739    0.7207
   -0.5359    0.4954   -0.6837
...    67 G-C ...
 -146.5446  -71.4579   46.3967
   -0.8141   -0.2238    0.5358
    0.1233    0.8351    0.5361
   -0.5675    0.5025   -0.6523
...    68 G-C ...
 -148.3865  -69.9422   44.0011
   -0.5769    0.2367    0.7818
    0.5687    0.8034    0.1765
   -0.5863    0.5464   -0.5981
...    69 G-C ...
 -150.4577  -68.3379   41.8748
   -0.1250    0.5722    0.8105
    0.8084    0.5323   -0.2511
   -0.5751    0.6239   -0.5292
...    70 A-T ...
 -152.3765  -66.3820   40.1400
    0.3985    0.7198    0.5684
    0.7471    0.1047   -0.6564
   -0.5320    0.6862   -0.4960
...    71 T-A ...
 -154.4293  -64.0868   39.1038
    0.7389    0.6414    0.2063
    0.4586   -0.2545   -0.8514
   -0.4936    0.7238   -0.4822
...    72 C-G ...
 -155.8768  -61.5851   37.6618
    0.9119    0.3197   -0.2572
   -0.0467   -0.5421   -0.8390
   -0.4077    0.7772   -0.4794
...    73 C-G ...
 -156.7410  -58.6626   36.2432
    0.7975   -0.1051   -0.5941
   -0.5368   -0.5733   -0.6191
   -0.2755    0.8126   -0.5136
...    74 G-C ...
 -157.4055  -56.2013   34.0834
    0.4050   -0.4926   -0.7703
   -0.9055   -0.3330   -0.2632
   -0.1268    0.8040   -0.5809
...    75 C-G ...
 -157.2849  -53.6242   31.9906
   -0.1510   -0.6123   -0.7761
   -0.9855    0.0317    0.1668
   -0.0775    0.7900   -0.6082
...    76 T-A ...
 -157.2108  -51.1590   29.7631
   -0.6537   -0.5071   -0.5617
   -0.7550    0.3865    0.5298
   -0.0515    0.7704   -0.6355
...    77 T-A ...
 -157.0562  -48.7895   27.5134
   -0.9734   -0.1248   -0.1919
   -0.2282    0.5957    0.7701
    0.0182    0.7934   -0.6084
...    78 T-A ...
 -156.8549  -46.4138   25.2793
   -0.9202    0.2939    0.2584
    0.3818    0.5295    0.7575
    0.0858    0.7957   -0.5995
...    79 A-T ...
 -156.1380  -43.6361   23.5143
   -0.4758    0.5666    0.6727
    0.8702    0.1921    0.4536
    0.1278    0.8013   -0.5845
...    80 A-T ...
 -155.9303  -41.0499   21.5768
    0.0965    0.5580    0.8242
    0.9835   -0.1810    0.0074
    0.1533    0.8099   -0.5662
...    81 C-G ...
 -155.9661  -38.2234   19.9388
    0.5767    0.3306    0.7471
    0.7939   -0.4426   -0.4169
    0.1928    0.8335   -0.5177
...    82 A-T ...
 -155.1742  -35.3818   18.3480
    0.8706   -0.1040    0.4808
    0.3667   -0.5144   -0.7752
    0.3279    0.8512   -0.4097
...    83 C-G ...
 -154.0731  -32.3825   17.6689
    0.9113   -0.4092    0.0452
   -0.1163   -0.3614   -0.9251
    0.3949    0.8378   -0.3770
...    84 T-A ...
 -152.4291  -29.6634   16.7828
    0.6819   -0.6071   -0.4079
   -0.5419   -0.0448   -0.8393
    0.4913    0.7934   -0.3595
...    85 T-A ...
 -150.5900  -27.1682   15.8273
    0.2567   -0.5247   -0.8117
   -0.8189    0.3280   -0.4710
    0.5134    0.7856   -0.3454
...    86 T-A ...
 -148.6209  -24.7758   14.8258
   -0.2410   -0.2122   -0.9470
   -0.8108    0.5804    0.0763
    0.5334    0.7862   -0.3120
...    87 A-T ...
 -147.1078  -21.8420   14.0702
   -0.6680    0.2655   -0.6952
   -0.4707    0.5728    0.6711
    0.5764    0.7755   -0.2576
...    88 T-A ...
 -144.9851  -19.6919   12.6922
   -0.7959    0.5471   -0.2592
   -0.0675    0.3453    0.9361
    0.6016    0.7625   -0.2379
...    89 G-C ...
 -142.9821  -17.0922   12.2171
   -0.7269    0.5949    0.3431
    0.4005   -0.0387    0.9155
    0.5578    0.8029   -0.2101
...    90 C-G ...
 -141.3245  -14.4159   11.1890
   -0.4195    0.4394    0.7943
    0.7209   -0.3705    0.5857
    0.5517    0.8183   -0.1613
...    91 T-A ...
 -139.7789  -11.5428   10.6886
   -0.0312    0.1179    0.9925
    0.8328   -0.5460    0.0910
    0.5526    0.8295   -0.0811
...    92 T-A ...
 -138.1746   -8.7450   10.5170
    0.4092   -0.2401    0.8803
    0.7106   -0.5213   -0.4725
    0.5723    0.8189   -0.0427
...    93 C-G ...
 -136.2933   -6.0945   10.5804
    0.6986   -0.5514    0.4559
    0.3646   -0.2739   -0.8900
    0.6156    0.7880    0.0097
...    94 C-G ...
 -134.0793   -3.6046   11.1075
    0.7127   -0.6964   -0.0839
   -0.0257    0.0936   -0.9953
    0.7009    0.7115    0.0488
...    95 T-A ...
 -131.5595   -1.5252   11.5991
    0.5443   -0.5978   -0.5885
   -0.3514    0.4745   -0.8071
    0.7617    0.6461    0.0482
...    96 C-G ...
 -128.9075    0.3879   11.7168
    0.2186   -0.2272   -0.9490
   -0.5751    0.7557   -0.3134
    0.7883    0.6143    0.0345
...    97 A-T ...
 -126.3559    2.5134   11.7172
   -0.2031    0.1997   -0.9586
   -0.5622    0.7778    0.2811
    0.8017    0.5960   -0.0457
...    98 T-A ...
 -123.4005    3.9293   11.2423
   -0.4449    0.5806   -0.6819
   -0.3812    0.5662    0.7308
    0.8104    0.5850   -0.0306
...    99 G-C ...
 -120.8471    6.0448   11.3359
   -0.6337    0.7621   -0.1329
   -0.0437    0.1362    0.9897
    0.7723    0.6330   -0.0531
...   100 T-A ...
 -118.3905    8.1475   10.5581
   -0.5769    0.7091    0.4054
    0.2875   -0.2883    0.9134
    0.7646    0.6435   -0.0375
...   101 T-A ...
 -116.0078   10.3253   10.2070
   -0.3089    0.4215    0.8526
    0.5529   -0.6498    0.5216
    0.7739    0.6325   -0.0324
...   102 A-T ...
 -113.3907   12.3816   10.2264
    0.0100   -0.0828    0.9965
    0.6350   -0.7693   -0.0702
    0.7724    0.6335    0.0449
...   103 T-A ...
 -111.3138   14.8866   10.6338
    0.3096   -0.4683    0.8275
    0.5451   -0.6257   -0.5580
    0.7791    0.6238    0.0615
...   104 A-T ...
 -108.6997   16.8892   11.1209
    0.4641   -0.8064    0.3667
    0.3087   -0.2408   -0.9202
    0.8303    0.5402    0.1372
...   105 A-T ...
 -106.0259   18.5625   11.8525
    0.5376   -0.8162   -0.2118
    0.0082    0.2562   -0.9666
    0.8431    0.5179    0.1445
...   106 C-G ...
 -103.1653   19.8621   12.8760
    0.4328   -0.5861   -0.6850
   -0.2505    0.6517   -0.7159
    0.8660    0.4815    0.1352
...   107 G-C ...
 -100.2882   21.5568   12.9598
    0.1262   -0.1801   -0.9755
   -0.3971    0.8920   -0.2160
    0.9091    0.4147    0.0410
...   108 G-C ...
  -97.0744   22.6052   12.9062
   -0.1763    0.2992   -0.9377
   -0.3694    0.8629    0.3448
    0.9124    0.4072   -0.0416
...   109 A-T ...
  -94.0470   23.8519   12.6749
   -0.3782    0.7417   -0.5540
   -0.1839    0.5263    0.8301
    0.9073    0.4158   -0.0626
...   110 G-C ...
  -91.0368   25.1434   12.1590
   -0.4606    0.8872   -0.0283
    0.0519    0.0588    0.9969
    0.8861    0.4577   -0.0732
...   111 G-C ...
  -88.1453   26.7980   11.6563
   -0.4196    0.7414    0.5236
    0.3076   -0.4266    0.8505
    0.8540    0.5180   -0.0490
...   112 C-G ...
  -85.5236   28.7839   11.2519
   -0.2178    0.3677    0.9041
    0.4905   -0.7596    0.4271
    0.8438    0.5365   -0.0149
...   113 T-A ...
  -82.9298   30.8435   11.2977
    0.0233   -0.1169    0.9929
    0.5423   -0.8328   -0.1108
    0.8398    0.5411    0.0440
...   114 C-G ...
  -80.2275   32.6749   11.5557
    0.3031   -0.6012    0.7393
    0.4308   -0.6056   -0.6691
    0.8500    0.5214    0.0755
...   115 G-C ...
  -77.2274   34.1416   11.6360
    0.3800   -0.8939    0.2379
    0.2154   -0.1646   -0.9626
    0.8995    0.4170    0.1300
...   116 T-A ...
  -74.3493   35.3714   12.6954
    0.3985   -0.8672   -0.2985
   -0.0076    0.3223   -0.9466
    0.9171    0.3795    0.1219
...   117 A-T ...
  -71.2217   36.4379   13.1227
    0.2336   -0.5668   -0.7901
   -0.2034    0.7661   -0.6097
    0.9508    0.3031    0.0636
...   118 T-A ...
  -67.9880   36.7936   13.5834
    0.0874   -0.1119   -0.9899
   -0.2873    0.9486   -0.1326
    0.9539    0.2959    0.0508
...   119 A-T ...
  -64.8051   37.7705   13.6261
   -0.1672    0.4314   -0.8865
   -0.2544    0.8499    0.4616
    0.9526    0.3027   -0.0323
...   120 A-T ...
  -61.6763   38.5636   13.2998
   -0.2828    0.8359   -0.4705
   -0.1070    0.4599    0.8815
    0.9532    0.2996   -0.0406
...   121 T-A ...
  -58.5845   39.3657   12.4951
   -0.2963    0.9543    0.0388
    0.0552   -0.0234    0.9982
    0.9535    0.2979   -0.0457
...   122 G-C ...
  -55.4594   40.4881   12.6318
   -0.2853    0.7433    0.6050
    0.2459   -0.5534    0.7958
    0.9264    0.3758   -0.0249
...   123 T-A ...
  -52.6443   42.2007   12.2097
   -0.1298    0.3374    0.9324
    0.3624   -0.8591    0.3613
    0.9229    0.3848   -0.0107
...   124 G-C ...
  -49.5103   43.2874   12.3943
    0.0299   -0.2439    0.9693
    0.3896   -0.8902   -0.2360
    0.9205    0.3847    0.0684
...   125 T-A ...
  -46.7299   45.0186   12.9668
    0.2077   -0.6814    0.7018
    0.3120   -0.6338   -0.7078
    0.9271    0.3660    0.0809
...   126 C-G ...
  -43.7102   46.2380   13.3559
    0.3182   -0.9356    0.1531
    0.1293   -0.1171   -0.9847
    0.9391    0.3332    0.0837
...   127 G-C ...
  -40.5426   47.2944   13.3094
    0.2109   -0.8834   -0.4184
   -0.0554    0.4166   -0.9074
    0.9759    0.2145    0.0389
...   128 A-T ...
  -37.3450   47.9055   13.5183
    0.0843   -0.4948   -0.8649
   -0.1611    0.8498   -0.5019
    0.9833    0.1816   -0.0081
...   129 C-G ...
  -34.0597   47.8571   13.6146
   -0.0597    0.0013   -0.9982
   -0.1653    0.9862    0.0111
    0.9844    0.1657   -0.0587
...   130 C-G ...
  -30.7365   48.0884   13.1195
   -0.2406    0.5058   -0.8284
   -0.0702    0.8422    0.5346
    0.9681    0.1868   -0.1672
...   131 A-T ...
  -27.5601   48.8785   12.4978
   -0.3443    0.8634   -0.3689
    0.1288    0.4326    0.8923
    0.9300    0.2597   -0.2601
...   132 A-T ...
  -24.6353   49.7081   11.3635
   -0.2052    0.9580    0.2004
    0.3152   -0.1292    0.9402
    0.9266    0.2561   -0.2754
...   133 A-T ...
  -21.7521   50.6781   10.2128
    0.0360    0.7184    0.6947
    0.3806   -0.6526    0.6552
    0.9240    0.2408   -0.2969
...   134 T-A ...
  -19.0160   52.0244    8.9250
    0.2452    0.2905    0.9249
    0.3073   -0.9281    0.2101
    0.9195    0.2328   -0.3169
...   135 G-C ...
  -16.4638   53.8824    7.5153
    0.5339   -0.3333    0.7771
    0.0346   -0.9097   -0.4139
    0.8449    0.2479   -0.4741
...   136 T-A ...
  -14.1750   56.5546    6.1808
    0.5795   -0.7269    0.3685
   -0.3141   -0.6164   -0.7221
    0.7521    0.3026   -0.5855
...   137 G-C ...
  -11.6539   57.9992    4.7204
    0.2452   -0.9542   -0.1714
   -0.6323   -0.0234   -0.7744
    0.7349    0.2983   -0.6091
...   138 A-T ...
   -8.6759   58.7133    3.6025
   -0.0345   -0.7815   -0.6229
   -0.6536    0.4891   -0.5775
    0.7560    0.3872   -0.5277
...   139 G-C ...
   -6.3275   59.0727    1.6296
   -0.2969   -0.3279   -0.8968
   -0.5657    0.8171   -0.1114
    0.7693    0.4742   -0.4281
...   140 C-G ...
   -3.4369   60.2278    1.0287
   -0.4426    0.2287   -0.8671
   -0.1681    0.9286    0.3308
    0.8808    0.2922   -0.3725
...   141 G-C ...
   -0.6977   63.8911   -2.2509
   -0.9992    0.0157   -0.0376
   -0.0024    0.8991    0.4378
    0.0407    0.4375   -0.8983
...   142 C-G ...
   -1.0065   65.5988   -4.9401
   -0.8337    0.5216    0.1813
    0.5170    0.6219    0.5881
    0.1940    0.5840   -0.7882
...   143 T-A ...
   -0.1333   66.2084   -7.8196
   -0.3753    0.8566    0.3540
    0.8856    0.2187    0.4098
    0.2736    0.4673   -0.8407
...   144 C-G ...
   -0.1666   67.4020  -10.8067
    0.1797    0.8793    0.4411
    0.9277   -0.3007    0.2214
    0.3273    0.3694   -0.8697
...   145 A-T ...
    0.5266   69.2312  -13.4659
    0.7352    0.4964    0.4616
    0.6118   -0.7791   -0.1367
    0.2918    0.3829   -0.8765
...   146 C-G ...
    1.4338   72.0892  -15.6019
    0.9809    0.0621    0.1844
    0.1264   -0.9240   -0.3608
    0.1480    0.3772   -0.9142
...   147 A-T ...
    2.3047   74.2222  -18.3863
    0.8657   -0.4292   -0.2575
   -0.4984   -0.7868   -0.3642
   -0.0463    0.4436   -0.8950
