  147 base-pairs
...     1 A-T ...
    0.0000    0.0000    0.0000
    1.0000    0.0000    0.0000
    0.0000    1.0000    0.0000
    0.0000    0.0000    1.0000
...     2 G-C ...
   -0.1394   -1.2357    3.2268
    0.7529    0.6366    0.1670
   -0.6386    0.7680   -0.0486
   -0.1592   -0.0700    0.9848
...     3 T-A ...
   -0.0365   -3.2932    6.3751
    0.2722    0.9301    0.2466
   -0.9238    0.3243   -0.2033
   -0.2691   -0.1725    0.9475
...     4 G-C ...
   -0.3505   -4.1660    9.4928
   -0.3756    0.9250    0.0579
   -0.8781   -0.3352   -0.3415
   -0.2965   -0.1791    0.9381
...     5 A-T ...
   -0.4462   -4.1476   12.7498
   -0.8116    0.5840   -0.0165
   -0.5523   -0.7762   -0.3042
   -0.1905   -0.2378    0.9524
...     6 G-C ...
   -1.5908   -4.1730   15.6201
   -0.9976    0.0246   -0.0651
   -0.0043   -0.9555   -0.2950
   -0.0695   -0.2940    0.9533
...     7 C-G ...
   -1.1030   -4.4824   18.7362
   -0.8441   -0.5304   -0.0787
    0.5345   -0.8441   -0.0432
   -0.0435   -0.0785    0.9960
...     8 G-C ...
   -2.4028   -7.7290   23.1475
   -0.2754   -0.3293   -0.9032
    0.6650   -0.7437    0.0684
   -0.6942   -0.5818    0.4238
...     9 C-G ...
   -4.4690   -9.9728   24.1132
    0.1145   -0.7025   -0.7024
    0.8512   -0.2952    0.4340
   -0.5122   -0.6476    0.5642
...    10 T-A ...
   -6.7405  -10.8752   25.9697
    0.4841   -0.8363   -0.2574
    0.6595    0.1553    0.7355
   -0.5751   -0.5258    0.6267
...    11 C-G ...
   -9.1656  -12.6208   27.1640
    0.7073   -0.6682    0.2307
    0.3448    0.6110    0.7126
   -0.6171   -0.4245    0.6626
...    12 A-T ...
  -10.9234  -14.6633   29.0693
    0.7515   -0.1377    0.6452
   -0.2029    0.8824    0.4246
   -0.6277   -0.4500    0.6352
...    13 C-G ...
  -11.8476  -17.4863   31.2451
    0.4295    0.2823    0.8578
   -0.5708    0.8209    0.0156
   -0.6998   -0.4963    0.5137
...    14 A-T ...
  -13.5897  -19.7827   33.4259
   -0.1504    0.6104    0.7777
   -0.6874    0.5008   -0.5260
   -0.7106   -0.6136    0.3443
...    15 A-T ...
  -15.8040  -21.8114   34.6469
   -0.4887    0.8063    0.3331
   -0.4884    0.0635   -0.8703
   -0.7229   -0.5880    0.3628
...    16 T-A ...
  -17.8910  -23.6751   36.5612
   -0.7000    0.6942   -0.1676
   -0.1476   -0.3702   -0.9172
   -0.6988   -0.6173    0.3616
...    17 T-A ...
  -20.1430  -25.4856   38.1277
   -0.6827    0.3234   -0.6553
    0.2920   -0.7013   -0.6503
   -0.6698   -0.6353    0.3844
...    18 T-A ...
  -22.4155  -27.3230   39.5164
   -0.4013   -0.1116   -0.9091
    0.6189   -0.7647   -0.1793
   -0.6752   -0.6346    0.3760
...    19 A-T ...
  -24.5453  -29.5922   40.6660
    0.0534   -0.4725   -0.8797
    0.7282   -0.5843    0.3581
   -0.6832   -0.6598    0.3129
...    20 T-A ...
  -27.2633  -31.3702   41.3449
    0.4037   -0.7138   -0.5724
    0.6066   -0.2596    0.7515
   -0.6850   -0.6505    0.3282
...    21 T-A ...
  -29.6593  -33.4570   42.1379
    0.6729   -0.7375   -0.0577
    0.2763    0.1782    0.9444
   -0.6862   -0.6514    0.3237
...    22 C-G ...
  -31.8739  -35.6475   43.1460
    0.7349   -0.4802    0.4788
   -0.1656    0.5576    0.8134
   -0.6576   -0.6771    0.3303
...    23 G-C ...
  -34.0584  -37.5871   44.8215
    0.6119    0.0047    0.7909
   -0.5658    0.7013    0.4336
   -0.5526   -0.7129    0.4318
...    24 C-G ...
  -35.5842  -40.1565   46.1306
    0.2632    0.4091    0.8737
   -0.7992    0.5997   -0.0400
   -0.5403   -0.6877    0.4848
...    25 A-T ...
  -37.5863  -42.2463   47.6617
   -0.1657    0.7283    0.6649
   -0.8186    0.2744   -0.5046
   -0.5499   -0.6279    0.5507
...    26 A-T ...
  -39.2312  -44.2557   49.6625
   -0.5834    0.7659    0.2703
   -0.5948   -0.1762   -0.7843
   -0.5531   -0.6183    0.5584
...    27 A-T ...
  -40.8020  -46.1279   51.8047
   -0.8204    0.5300   -0.2146
   -0.1595   -0.5725   -0.8042
   -0.5491   -0.6256    0.5542
...    28 G-C ...
  -42.7482  -47.7905   53.9870
   -0.7465    0.1994   -0.6348
    0.2696   -0.7816   -0.5625
   -0.6083   -0.5911    0.5297
...    29 G-C ...
  -45.1424  -49.4576   55.8151
   -0.4221   -0.2067   -0.8827
    0.6193   -0.7768   -0.1142
   -0.6621   -0.5948    0.4559
...    30 C-G ...
  -47.6520  -51.1135   57.0799
    0.0129   -0.5535   -0.8327
    0.7299   -0.5640    0.3862
   -0.6834   -0.6128    0.3967
...    31 C-G ...
  -50.1714  -52.9639   58.2653
    0.4574   -0.7225   -0.5185
    0.5891   -0.1906    0.7853
   -0.6662   -0.6646    0.3384
...    32 G-C ...
  -51.9113  -55.1875   59.4112
    0.7480   -0.6574   -0.0917
    0.2552    0.1573    0.9540
   -0.6127   -0.7370    0.2854
...    33 G-C ...
  -53.5565  -58.0612   60.0984
    0.7935   -0.4330    0.4276
   -0.2185    0.4530    0.8643
   -0.5680   -0.7793    0.2649
...    34 C-G ...
  -55.1505  -60.8365   60.7462
    0.5666   -0.0918    0.8189
   -0.6217    0.6047    0.4979
   -0.5408   -0.7912    0.2855
...    35 C-G ...
  -56.5633  -63.7163   61.8738
    0.1569    0.2896    0.9442
   -0.8367    0.5469   -0.0287
   -0.5246   -0.7855    0.3282
...    36 C-G ...
  -58.0241  -66.4699   63.1251
   -0.2854    0.5770    0.7653
   -0.7973    0.3002   -0.5236
   -0.5319   -0.7596    0.3744
...    37 G-C ...
  -60.1708  -68.9501   63.7018
   -0.6098    0.7200    0.3313
   -0.5134   -0.0404   -0.8572
   -0.6038   -0.6928    0.3943
...    38 A-T ...
  -61.9243  -71.2399   64.9358
   -0.7791    0.5856   -0.2236
   -0.0567   -0.4211   -0.9052
   -0.6243   -0.6926    0.3613
...    39 C-G ...
  -64.1257  -73.0385   66.3745
   -0.6565    0.3451   -0.6707
    0.3310   -0.6672   -0.6673
   -0.6778   -0.6601    0.3238
...    40 A-T ...
  -66.5617  -75.0570   67.3755
   -0.2874    0.0224   -0.9575
    0.5992   -0.7757   -0.1980
   -0.7472   -0.6307    0.2096
...    41 C-G ...
  -69.3539  -76.7299   67.7059
    0.0942   -0.3246   -0.9412
    0.6412   -0.7034    0.3068
   -0.7616   -0.6324    0.1419
...    42 G-C ...
  -71.5703  -79.1569   68.1774
    0.4892   -0.6242   -0.6092
    0.4154   -0.4475    0.7920
   -0.7669   -0.6405    0.0404
...    43 A-T ...
  -74.0147  -81.1758   68.2311
    0.6334   -0.7731   -0.0344
    0.0502   -0.0033    0.9987
   -0.7722   -0.6343    0.0367
...    44 C-G ...
  -76.4011  -83.4279   67.6904
    0.5815   -0.6490    0.4906
   -0.3015    0.3882    0.8708
   -0.7557   -0.6543    0.0301
...    45 T-A ...
  -78.6592  -86.2766   67.3151
    0.3124   -0.3456    0.8848
   -0.5601    0.6853    0.4654
   -0.7673   -0.6410    0.0205
...    46 T-A ...
  -80.8652  -88.6822   67.0805
   -0.0425    0.0198    0.9989
   -0.6146    0.7877   -0.0418
   -0.7877   -0.6157   -0.0213
...    47 A-T ...
  -83.4224  -90.7850   67.1155
   -0.3040    0.5022    0.8096
   -0.4886    0.6473   -0.5850
   -0.8178   -0.5734    0.0486
...    48 C-G ...
  -85.7631  -93.0046   67.7356
   -0.4685    0.7914    0.3926
   -0.2580    0.3025   -0.9176
   -0.8450   -0.5311    0.0625
...    49 T-A ...
  -88.5392  -94.7234   68.4505
   -0.4470    0.8844   -0.1347
   -0.0080   -0.1545   -0.9880
   -0.8945   -0.4405    0.0761
...    50 G-C ...
  -91.7826  -95.7793   68.7093
   -0.2013    0.7416   -0.6399
    0.1843   -0.6130   -0.7683
   -0.9620   -0.2726   -0.0133
...    51 T-A ...
  -94.9350  -96.1499   68.9707
   -0.0028    0.4026   -0.9154
    0.2304   -0.8905   -0.3924
   -0.9731   -0.2120   -0.0903
...    52 A-T ...
  -98.1998  -96.0119   68.2901
    0.3073   -0.0539   -0.9501
    0.1112   -0.9895    0.0921
   -0.9451   -0.1339   -0.2981
...    53 G-C ...
 -101.2101  -95.9925   67.1652
    0.3939   -0.5154   -0.7610
   -0.1114   -0.8486    0.5171
   -0.9124   -0.1189   -0.3917
...    54 G-C ...
 -104.1742  -95.8732   65.0043
    0.3120   -0.8831   -0.3504
   -0.3477   -0.4494    0.8229
   -0.8842   -0.1349   -0.4473
...    55 T-A ...
 -106.8033  -96.3396   63.0447
    0.0595   -0.9919    0.1120
   -0.4734    0.0708    0.8780
   -0.8788   -0.1053   -0.4654
...    56 A-T ...
 -109.5583  -96.8081   61.1588
   -0.2554   -0.7587    0.5993
   -0.4149    0.6459    0.6409
   -0.8733   -0.0850   -0.4797
...    57 T-A ...
 -112.0930  -97.6286   59.1780
   -0.4715   -0.3269    0.8190
   -0.1995    0.9442    0.2620
   -0.8590   -0.0399   -0.5105
...    58 C-G ...
 -114.9877  -98.0715   57.5255
   -0.4971    0.3155    0.8083
    0.1634    0.9489   -0.2700
   -0.8522   -0.0022   -0.5233
...    59 T-A ...
 -117.9815  -98.2185   56.0579
   -0.2702    0.7521    0.6011
    0.4027    0.6554   -0.6390
   -0.8745    0.0694   -0.4800
...    60 C-G ...
 -121.0032  -98.0081   54.5887
    0.0718    0.9782    0.1947
    0.4845    0.1364   -0.8641
   -0.8718    0.1564   -0.4642
...    61 G-C ...
 -123.6161  -97.0504   52.8109
    0.5409    0.8383   -0.0683
    0.3530   -0.2999   -0.8863
   -0.7634    0.4553   -0.4581
...    62 A-T ...
 -126.0824  -95.3791   51.3501
    0.7187    0.4956   -0.4877
   -0.0119   -0.6926   -0.7212
   -0.6952    0.5242   -0.4919
...    63 G-C ...
 -128.0476  -93.1693   49.8098
    0.6749    0.0342   -0.7371
   -0.4131   -0.8102   -0.4158
   -0.6114    0.5852   -0.5327
...    64 C-G ...
 -129.6357  -90.8048   47.9395
    0.3357   -0.4552   -0.8247
   -0.7553   -0.6532    0.0531
   -0.5629    0.6051   -0.5631
...    65 T-A ...
 -131.2701  -88.7059   46.0302
   -0.1271   -0.7235   -0.6785
   -0.8465   -0.2774    0.4544
   -0.5170    0.6321   -0.5772
...    66 C-G ...
 -133.2176  -86.8297   44.1892
   -0.6216   -0.7305   -0.2828
   -0.6206    0.2389    0.7469
   -0.4780    0.6398   -0.6018
...    67 G-C ...
 -135.3437  -84.2034   43.1017
   -0.8619   -0.4630    0.2067
   -0.1479    0.6195    0.7709
   -0.4850    0.6339   -0.6024
...    68 G-C ...
 -136.7430  -82.0170   40.9793
   -0.7733   -0.0739    0.6297
    0.3915    0.7255    0.5660
   -0.4986    0.6842   -0.5322
...    69 G-C ...
 -138.4262  -79.8763   39.0353
   -0.3899    0.2452    0.8876
    0.7507    0.6429    0.1522
   -0.5333    0.7257   -0.4347
...    70 A-T ...
 -140.3499  -77.6013   37.6114
    0.1463    0.5259    0.8379
    0.8451    0.3738   -0.3822
   -0.5141    0.7640   -0.3898
...    71 T-A ...
 -142.4710  -75.2335   36.7868
    0.5814    0.5980    0.5517
    0.6535    0.0607   -0.7544
   -0.4846    0.7992   -0.3555
...    72 C-G ...
 -144.0071  -72.5015   35.8876
    0.8859    0.4599    0.0596
    0.2002   -0.2634   -0.9437
   -0.4183    0.8480   -0.3254
...    73 C-G ...
 -145.2981  -69.6201   35.0363
    0.9175    0.1373   -0.3733
   -0.2842   -0.4301   -0.8569
   -0.2782    0.8923   -0.3556
...    74 G-C ...
 -146.0088  -66.8124   33.5879
    0.6737   -0.2544   -0.6938
   -0.7354   -0.3238   -0.5953
   -0.0733    0.9113   -0.4052
...    75 T-A ...
 -145.6480  -63.7062   32.4966
    0.2009   -0.4009   -0.8938
   -0.9777   -0.1391   -0.1573
   -0.0613    0.9055   -0.4199
...    76 C-G ...
 -145.5237  -60.9372   30.8001
   -0.3916   -0.4100   -0.8237
   -0.9200    0.1585    0.3585
   -0.0164    0.8982   -0.4393
...    77 A-T ...
 -145.3720  -57.8623   29.4385
   -0.8297   -0.3118   -0.4629
   -0.5568    0.4053    0.7251
   -0.0385    0.8594   -0.5099
...    78 T-A ...
 -145.2997  -55.3185   27.3707
   -0.9979   -0.0568   -0.0326
   -0.0568    0.5023    0.8629
   -0.0327    0.8628   -0.5044
...    79 G-C ...
 -145.3247  -52.4560   25.4885
   -0.8315    0.2343    0.5037
    0.5550    0.3908    0.7344
   -0.0247    0.8902   -0.4550
...    80 T-A ...
 -145.8078  -49.7304   23.5902
   -0.4059    0.4043    0.8196
    0.9139    0.1719    0.3678
    0.0078    0.8983   -0.4392
...    81 T-A ...
 -145.9650  -46.8699   22.2705
    0.1539    0.3681    0.9169
    0.9875   -0.0901   -0.1296
    0.0349    0.9254   -0.3774
...    82 A-T ...
 -145.6105  -43.7992   21.2054
    0.6327    0.1189    0.7652
    0.7641   -0.2562   -0.5920
    0.1256    0.9593   -0.2530
...    83 T-A ...
 -145.5828  -40.5800   21.0212
    0.9228   -0.0555    0.3812
    0.3530   -0.2743   -0.8945
    0.1542    0.9600   -0.2335
...    84 A-T ...
 -144.8011  -37.4847   20.3130
    0.9388   -0.3279   -0.1060
   -0.1596   -0.1413   -0.9770
    0.3054    0.9341   -0.1850
...    85 A-T ...
 -143.6086  -34.5873   19.9488
    0.6848   -0.4036   -0.6068
   -0.6245    0.1039   -0.7740
    0.3754    0.9090   -0.1809
...    86 C-G ...
 -141.6327  -31.7738   19.7113
    0.2333   -0.2804   -0.9311
   -0.8876    0.3296   -0.3217
    0.3971    0.9015   -0.1720
...    87 G-C ...
 -140.5081  -28.8173   18.8355
   -0.3509   -0.0482   -0.9352
   -0.8196    0.4987    0.2818
    0.4528    0.8654   -0.2145
...    88 G-C ...
 -138.9587  -26.0652   17.8687
   -0.7605    0.1689   -0.6270
   -0.4933    0.4777    0.7270
    0.4223    0.8621   -0.2799
...    89 A-T ...
 -137.5782  -23.3293   16.7902
   -0.9162    0.3947   -0.0694
    0.0501    0.2846    0.9573
    0.3977    0.8736   -0.2805
...    90 C-G ...
 -136.4782  -20.5936   15.2730
   -0.7603    0.4604    0.4582
    0.5294    0.0305    0.8478
    0.3763    0.8872   -0.2670
...    91 T-A ...
 -135.6893  -17.3283   13.9833
   -0.3498    0.3514    0.8684
    0.8558   -0.2573    0.4488
    0.3812    0.9002   -0.2107
...    92 T-A ...
 -134.8008  -14.2846   13.2994
    0.1937    0.1307    0.9723
    0.8967   -0.4256   -0.1214
    0.3980    0.8954   -0.1997
...    93 T-A ...
 -133.5886  -11.3342   12.7844
    0.6326   -0.1864    0.7517
    0.6408   -0.4192   -0.6432
    0.4350    0.8886   -0.1457
...    94 A-T ...
 -131.8486   -8.4622   12.4789
    0.7940   -0.5411    0.2770
    0.2032   -0.1931   -0.9599
    0.5729    0.8185   -0.0433
...    95 A-T ...
 -129.9299   -5.9625   12.6051
    0.7400   -0.6107   -0.2817
   -0.2341    0.1587   -0.9592
    0.6305    0.7758   -0.0256
...    96 C-G ...
 -127.5112   -3.6949   13.0981
    0.4999   -0.4433   -0.7440
   -0.5732    0.4747   -0.6679
    0.6493    0.7604   -0.0168
...    97 A-T ...
 -125.1567   -1.3033   12.8745
    0.0324   -0.1407   -0.9895
   -0.7297    0.6732   -0.1197
    0.6830    0.7259   -0.0809
...    98 C-G ...
 -122.3987    0.6162   12.3870
   -0.3639    0.2308   -0.9024
   -0.6249    0.6580    0.4203
    0.6907    0.7168   -0.0952
...    99 T-A ...
 -119.5968    2.7591   11.4757
   -0.6521    0.5641   -0.5065
   -0.3075    0.4139    0.8568
    0.6930    0.7145   -0.0965
...   100 T-A ...
 -117.2716    4.9556   10.8037
   -0.6685    0.7383    0.0900
    0.1267   -0.0062    0.9919
    0.7329    0.6745   -0.0894
...   101 T-A ...
 -114.9095    7.1461   10.2192
   -0.4534    0.6159    0.6442
    0.4753   -0.4444    0.7594
    0.7540    0.6505   -0.0912
...   102 A-T ...
 -112.1572    9.1176   10.1309
   -0.0879    0.1958    0.9767
    0.6375   -0.7423    0.2062
    0.7654    0.6408   -0.0596
...   103 T-A ...
 -110.1807   11.6809   10.1185
    0.1830   -0.2131    0.9597
    0.6018   -0.7477   -0.2808
    0.7774    0.6289   -0.0086
...   104 G-C ...
 -107.6613   13.8528   10.4012
    0.4252   -0.6854    0.5911
    0.3993   -0.4440   -0.8021
    0.8122    0.5771    0.0849
...   105 C-G ...
 -104.9660   15.5147   11.2059
    0.5136   -0.8561    0.0578
    0.1084   -0.0021   -0.9941
    0.8511    0.5169    0.0917
...   106 T-A ...
 -101.8634   16.8832   11.9611
    0.4583   -0.7216   -0.5188
   -0.1535    0.5107   -0.8460
    0.8754    0.4674    0.1232
...   107 T-A ...
  -98.9545   18.1322   12.4741
    0.2520   -0.3345   -0.9081
   -0.3514    0.8427   -0.4080
    0.9017    0.4219    0.0948
...   108 C-G ...
  -95.8272   19.2874   12.6678
   -0.0235    0.2121   -0.9770
   -0.4109    0.8888    0.2028
    0.9114    0.4062    0.0663
...   109 C-G ...
  -92.7661   20.5078   12.7110
   -0.3171    0.6128   -0.7238
   -0.3140    0.6523    0.6898
    0.8949    0.4461   -0.0144
...   110 G-C ...
  -90.1400   22.1174   12.8857
   -0.5056    0.8235   -0.2573
   -0.0790    0.2528    0.9643
    0.8591    0.5079   -0.0627
...   111 G-C ...
  -87.4600   24.1072   12.4261
   -0.5062    0.7965    0.3307
    0.2364   -0.2407    0.9414
    0.8294    0.5547   -0.0664
...   112 C-G ...
  -84.9868   26.2928   11.8442
   -0.3207    0.5080    0.7994
    0.4785   -0.6415    0.5996
    0.8175    0.5748   -0.0374
...   113 T-A ...
  -82.4006   28.3645   11.6900
   -0.0500    0.0680    0.9964
    0.5803   -0.8100    0.0844
    0.8129    0.5824    0.0011
...   114 C-G ...
  -79.6551   30.2497   11.7870
    0.2704   -0.4395    0.8566
    0.5110   -0.6886   -0.5146
    0.8160    0.5768    0.0384
...   115 G-C ...
  -76.7099   31.8029   11.6070
    0.4422   -0.8076    0.3901
    0.2625   -0.2994   -0.9173
    0.8576    0.5081    0.0796
...   116 T-A ...
  -73.8526   33.1917   12.6153
    0.4637   -0.8703   -0.1662
   -0.0098    0.1825   -0.9832
    0.8859    0.4576    0.0761
...   117 A-T ...
  -70.6818   34.3241   13.3346
    0.2861   -0.6528   -0.7014
   -0.2361    0.6614   -0.7119
    0.9287    0.3692    0.0351
...   118 T-A ...
  -67.5136   34.9038   13.8258
    0.1285   -0.2292   -0.9649
   -0.3434    0.9025   -0.2601
    0.9304    0.3647    0.0373
...   119 A-T ...
  -64.4406   36.2848   13.9230
   -0.1346    0.3461   -0.9285
   -0.3243    0.8700    0.3713
    0.9363    0.3511   -0.0049
...   120 A-T ...
  -61.3281   37.1644   13.6751
   -0.3107    0.7726   -0.5537
   -0.1770    0.5253    0.8323
    0.9339    0.3566   -0.0265
...   121 T-A ...
  -58.2112   38.1119   12.9293
   -0.3475    0.9370   -0.0365
    0.0175    0.0454    0.9988
    0.9375    0.3465   -0.0321
...   122 G-C ...
  -55.0451   39.3923   12.6787
   -0.3175    0.7564    0.5719
    0.2328   -0.5225    0.8202
    0.9193    0.3935   -0.0102
...   123 T-A ...
  -52.2131   41.0401   12.3465
   -0.1553    0.3831    0.9106
    0.3625   -0.8353    0.4133
    0.9189    0.3943   -0.0091
...   124 G-C ...
  -49.1599   42.4215   12.3705
    0.0358   -0.2022    0.9787
    0.4066   -0.8917   -0.1991
    0.9129    0.4051    0.0503
...   125 T-A ...
  -46.4512   44.1324   12.7348
    0.2064   -0.6536    0.7282
    0.3285   -0.6547   -0.6808
    0.9217    0.3797    0.0796
...   126 C-G ...
  -43.5251   45.3287   13.0758
    0.3604   -0.9138    0.1874
    0.1472   -0.1427   -0.9788
    0.9211    0.3803    0.0830
...   127 G-C ...
  -40.3950   46.3906   12.8363
    0.2154   -0.9112   -0.3512
   -0.0365    0.3519   -0.9353
    0.9758    0.2143    0.0425
...   128 A-T ...
  -37.3323   47.1443   13.0705
    0.1377   -0.5388   -0.8311
   -0.1737    0.8129   -0.5558
    0.9751    0.2209    0.0183
...   129 C-G ...
  -34.0532   47.1172   13.4296
   -0.0256   -0.0404   -0.9989
   -0.2045    0.9783   -0.0343
    0.9785    0.2033   -0.0333
...   130 C-G ...
  -30.6957   47.3211   12.8046
   -0.2436    0.4476   -0.8604
   -0.1114    0.8683    0.4833
    0.9634    0.2136   -0.1617
...   131 A-T ...
  -27.6045   48.6391   12.5010
   -0.3683    0.8331   -0.4127
    0.0878    0.4731    0.8766
    0.9256    0.2866   -0.2474
...   132 A-T ...
  -24.6520   49.6394   11.4685
   -0.2492    0.9542    0.1658
    0.3000   -0.0867    0.9500
    0.9208    0.2865   -0.2647
...   133 A-T ...
  -21.7870   50.6546   10.2276
    0.0279    0.7302    0.6826
    0.3793   -0.6396    0.6686
    0.9248    0.2403   -0.2948
...   134 T-A ...
  -19.0159   52.0245    8.9252
    0.2452    0.2905    0.9249
    0.3073   -0.9281    0.2101
    0.9195    0.2328   -0.3169
...   135 G-C ...
  -16.4637   53.8826    7.5155
    0.5339   -0.3333    0.7771
    0.0346   -0.9097   -0.4139
    0.8449    0.2479   -0.4741
...   136 T-A ...
  -14.1749   56.5548    6.1810
    0.5795   -0.7269    0.3685
   -0.3141   -0.6164   -0.7221
    0.7521    0.3026   -0.5855
...   137 G-C ...
  -11.6538   57.9994    4.7206
    0.2452   -0.9542   -0.1714
   -0.6323   -0.0234   -0.7744
    0.7349    0.2983   -0.6091
...   138 A-T ...
   -8.6758   58.7135    3.6026
   -0.0345   -0.7815   -0.6229
   -0.6536    0.4891   -0.5775
    0.7560    0.3872   -0.5277
...   139 G-C ...
   -6.3275   59.0729    1.6298
   -0.2969   -0.3279   -0.8968
   -0.5657    0.8171   -0.1114
    0.7693    0.4742   -0.4281
...   140 C-G ...
   -3.4369   60.2280    1.0289
   -0.4426    0.2287   -0.8671
   -0.1681    0.9286    0.3308
    0.8808    0.2922   -0.3725
...   141 G-C ...
   -0.6976   63.8913   -2.2508
   -0.9992    0.0157   -0.0376
   -0.0024    0.8991    0.4378
    0.0407    0.4375   -0.8983
...   142 C-G ...
   -1.0064   65.5990   -4.9399
   -0.8337    0.5216    0.1813
    0.5170    0.6219    0.5881
    0.1940    0.5841   -0.7882
...   143 T-A ...
   -0.1332   66.2086   -7.8194
   -0.3753    0.8566    0.3540
    0.8856    0.2187    0.4098
    0.2736    0.4673   -0.8407
...   144 C-G ...
   -0.1666   67.4022  -10.8065
    0.1797    0.8793    0.4411
    0.9277   -0.3007    0.2214
    0.3273    0.3694   -0.8697
...   145 A-T ...
    0.5267   69.2314  -13.4657
    0.7352    0.4964    0.4616
    0.6118   -0.7791   -0.1367
    0.2918    0.3829   -0.8765
...   146 C-G ...
    1.4338   72.0894  -15.6017
    0.9809    0.0621    0.1844
    0.1264   -0.9240   -0.3608
    0.1480    0.3772   -0.9142
...   147 A-T ...
    2.3047   74.2224  -18.3861
    0.8657   -0.4292   -0.2575
   -0.4984   -0.7868   -0.3642
   -0.0463    0.4436   -0.8950
