  147 base-pairs
...     1 A-T ...
    0.0000    0.0000    0.0000
    1.0000    0.0000    0.0000
    0.0000    1.0000    0.0000
    0.0000    0.0000    1.0000
...     2 G-C ...
   -0.1394   -1.2357    3.2268
    0.7529    0.6366    0.1670
   -0.6386    0.7680   -0.0486
   -0.1592   -0.0700    0.9848
...     3 T-A ...
   -0.0365   -3.2932    6.3751
    0.2722    0.9301    0.2466
   -0.9238    0.3243   -0.2033
   -0.2691   -0.1725    0.9475
...     4 G-C ...
   -0.3505   -4.1660    9.4928
   -0.3756    0.9250    0.0579
   -0.8781   -0.3352   -0.3415
   -0.2965   -0.1791    0.9381
...     5 A-T ...
   -0.4462   -4.1476   12.7498
   -0.8116    0.5840   -0.0165
   -0.5523   -0.7762   -0.3042
   -0.1905   -0.2378    0.9524
...     6 G-C ...
   -1.5908   -4.1730   15.6201
   -0.9976    0.0246   -0.0651
   -0.0043   -0.9555   -0.2950
   -0.0695   -0.2940    0.9533
...     7 C-G ...
   -1.1030   -4.4824   18.7362
   -0.8441   -0.5304   -0.0787
    0.5345   -0.8441   -0.0432
   -0.0435   -0.0785    0.9960
...     8 G-C ...
   -2.4028   -7.7290   23.1475
   -0.2754   -0.3293   -0.9032
    0.6650   -0.7437    0.0684
   -0.6942   -0.5818    0.4238
...     9 C-G ...
   -4.4690   -9.9728   24.1132
    0.1145   -0.7025   -0.7024
    0.8512   -0.2952    0.4340
   -0.5122   -0.6476    0.5642
...    10 T-A ...
   -6.7405  -10.8752   25.9697
    0.4841   -0.8363   -0.2574
    0.6595    0.1553    0.7355
   -0.5751   -0.5258    0.6267
...    11 C-G ...
   -9.1656  -12.6208   27.1640
    0.7073   -0.6682    0.2307
    0.3448    0.6110    0.7126
   -0.6171   -0.4245    0.6626
...    12 A-T ...
  -10.9234  -14.6633   29.0693
    0.7515   -0.1377    0.6452
   -0.2029    0.8824    0.4246
   -0.6277   -0.4500    0.6352
...    13 C-G ...
  -11.8476  -17.4863   31.2451
    0.4295    0.2823    0.8578
   -0.5708    0.8209    0.0156
   -0.6998   -0.4963    0.5137
...    14 A-T ...
  -13.5897  -19.7827   33.4259
   -0.1504    0.6104    0.7777
   -0.6874    0.5008   -0.5260
   -0.7106   -0.6136    0.3443
...    15 A-T ...
  -15.7136  -21.7965   34.8048
   -0.4859    0.7992    0.3538
   -0.5014    0.0767   -0.8618
   -0.7159   -0.5961    0.3635
...    16 T-A ...
  -17.7689  -23.5978   36.6232
   -0.6598    0.7415   -0.1217
   -0.2033   -0.3321   -0.9211
   -0.7234   -0.5830    0.3699
...    17 T-A ...
  -20.0910  -25.3141   38.0952
   -0.6582    0.4375   -0.6126
    0.1887   -0.6919   -0.6969
   -0.7288   -0.5744    0.3728
...    18 T-A ...
  -22.5423  -26.9210   39.4838
   -0.4444   -0.0216   -0.8956
    0.5183   -0.8216   -0.2374
   -0.7306   -0.5697    0.3764
...    19 A-T ...
  -24.9420  -28.8762   40.6766
   -0.0315   -0.4639   -0.8853
    0.6648   -0.6712    0.3281
   -0.7464   -0.5782    0.3295
...    20 T-A ...
  -27.7965  -30.3622   41.3700
    0.3018   -0.7380   -0.6036
    0.5917   -0.3514    0.7255
   -0.7475   -0.5761    0.3306
...    21 T-A ...
  -30.3746  -32.1534   42.1902
    0.5747   -0.8131   -0.0926
    0.3250    0.1229    0.9377
   -0.7511   -0.5690    0.3349
...    22 C-G ...
  -32.7900  -34.1115   43.1837
    0.6802   -0.5763    0.4530
   -0.0701    0.5641    0.8227
   -0.7297   -0.5914    0.3433
...    23 G-C ...
  -35.1736  -35.8819   44.6658
    0.6124   -0.1106    0.7828
   -0.4429    0.7721    0.4556
   -0.6548   -0.6257    0.4238
...    24 C-G ...
  -37.0006  -38.2642   46.0256
    0.3165    0.3483    0.8823
   -0.7064    0.7073   -0.0259
   -0.6331   -0.6151    0.4699
...    25 A-T ...
  -39.1042  -40.2234   47.6832
   -0.0488    0.7427    0.6678
   -0.7842    0.3856   -0.4861
   -0.6186   -0.5474    0.5637
...    26 A-T ...
  -40.8820  -42.0016   49.7263
   -0.4636    0.8397    0.2827
   -0.6290   -0.0872   -0.7725
   -0.6241   -0.5359    0.5686
...    27 A-T ...
  -42.7744  -43.5982   51.8136
   -0.7219    0.6631   -0.1977
   -0.2735   -0.5359   -0.7987
   -0.6356   -0.5226    0.5683
...    28 G-C ...
  -44.8816  -45.0192   53.9118
   -0.7091    0.3412   -0.6171
    0.1182   -0.8052   -0.5811
   -0.6952   -0.4850    0.5306
...    29 G-C ...
  -47.4334  -46.2601   55.7224
   -0.4728   -0.0837   -0.8772
    0.4461   -0.8812   -0.1564
   -0.7599   -0.4653    0.4540
...    30 C-G ...
  -50.2068  -47.4204   57.0586
   -0.1251   -0.5147   -0.8482
    0.6099   -0.7142    0.3434
   -0.7825   -0.4744    0.4033
...    31 C-G ...
  -53.0291  -48.9558   58.0385
    0.2788   -0.7750   -0.5671
    0.5532   -0.3531    0.7545
   -0.7850   -0.5241    0.3303
...    32 G-C ...
  -55.3447  -50.9420   59.3594
    0.6054   -0.7909   -0.0893
    0.2728    0.1008    0.9568
   -0.7477   -0.6036    0.2768
...    33 G-C ...
  -57.7665  -53.1943   59.9876
    0.7039   -0.5739    0.4186
   -0.1137    0.4906    0.8639
   -0.7011   -0.6557    0.2801
...    34 C-G ...
  -59.8907  -55.6436   60.6568
    0.5525   -0.1980    0.8097
   -0.4811    0.7175    0.5037
   -0.6807   -0.6678    0.3012
...    35 C-G ...
  -61.9145  -58.1481   61.6717
    0.2593    0.2625    0.9294
   -0.7064    0.7078   -0.0028
   -0.6586   -0.6558    0.3690
...    36 C-G ...
  -63.8385  -60.5545   63.0623
   -0.0956    0.6506    0.7534
   -0.7376    0.4619   -0.4925
   -0.6684   -0.6028    0.4357
...    37 G-C ...
  -66.2789  -62.4045   64.3391
   -0.3818    0.8703    0.3111
   -0.5748    0.0400   -0.8173
   -0.7237   -0.4909    0.4850
...    38 A-T ...
  -68.5695  -63.9745   66.0261
   -0.5929    0.7708   -0.2333
   -0.2614   -0.4581   -0.8496
   -0.7617   -0.4427    0.4731
...    39 C-G ...
  -70.9808  -64.9432   68.0146
   -0.6006    0.4618   -0.6527
    0.0587   -0.7887   -0.6119
   -0.7974   -0.4058    0.4466
...    40 A-T ...
  -73.7367  -66.2005   69.3937
   -0.3604    0.0255   -0.9324
    0.3244   -0.9338   -0.1509
   -0.8746   -0.3569    0.3283
...    41 C-G ...
  -76.8363  -66.7549   70.3084
   -0.1094   -0.4326   -0.8949
    0.4350   -0.8304    0.3482
   -0.8938   -0.3512    0.2790
...    42 G-C ...
  -79.6476  -68.3371   71.1044
    0.2366   -0.7731   -0.5885
    0.3561   -0.4946    0.7928
   -0.9040   -0.3972    0.1583
...    43 A-T ...
  -82.6110  -69.6906   71.4370
    0.4112   -0.9113   -0.0208
    0.1283    0.0353    0.9911
   -0.9025   -0.4102    0.1314
...    44 C-G ...
  -85.5357  -71.2721   71.2554
    0.4196   -0.7611    0.4947
   -0.1150    0.4960    0.8607
   -0.9004   -0.4180    0.1206
...    45 T-A ...
  -88.3766  -72.9619   71.4948
    0.3205   -0.3804    0.8675
   -0.3254    0.8159    0.4780
   -0.8896   -0.4355    0.1377
...    46 T-A ...
  -91.1464  -74.6498   71.7883
    0.0510    0.1353    0.9895
   -0.4286    0.8979   -0.1006
   -0.9020   -0.4190    0.1038
...    47 A-T ...
  -94.1723  -75.9804   72.1186
   -0.1588    0.6498    0.7433
   -0.3650    0.6609   -0.6557
   -0.9173   -0.3755    0.1322
...    48 C-G ...
  -96.9488  -77.4560   73.0707
   -0.2763    0.9123    0.3023
   -0.2271    0.2436   -0.9429
   -0.9339   -0.3292    0.1399
...    49 T-A ...
  -99.9926  -78.3928   73.8890
   -0.2542    0.9410   -0.2235
   -0.0674   -0.2477   -0.9665
   -0.9648   -0.2306    0.1263
...    50 G-C ...
 -103.2839  -78.8331   74.2456
   -0.0836    0.6998   -0.7094
    0.0403   -0.7090   -0.7041
   -0.9957   -0.0874    0.0311
...    51 T-A ...
 -106.5019  -78.4927   74.5722
    0.0145    0.2582   -0.9660
    0.0517   -0.9650   -0.2572
   -0.9986   -0.0462   -0.0273
...    52 A-T ...
 -109.7874  -78.3092   74.1652
    0.1805   -0.2851   -0.9414
   -0.0353   -0.9583    0.2835
   -0.9829   -0.0179   -0.1831
...    53 G-C ...
 -112.9538  -78.0906   73.2648
    0.1903   -0.7359   -0.6498
   -0.1743   -0.6767    0.7154
   -0.9661   -0.0229   -0.2571
...    54 G-C ...
 -116.0443  -78.2719   71.9186
    0.1123   -0.9827   -0.1473
   -0.3075   -0.1754    0.9352
   -0.9449   -0.0598   -0.3219
...    55 T-A ...
 -118.9327  -78.5434   70.2582
   -0.0770   -0.9286    0.3629
   -0.3291    0.3672    0.8699
   -0.9411   -0.0525   -0.3339
...    56 A-T ...
 -122.2224  -78.1672   69.4782
   -0.3613   -0.4646    0.8085
   -0.1599    0.8851    0.4371
   -0.9186    0.0286   -0.3941
...    57 T-A ...
 -125.1443  -78.7271   68.0123
   -0.4149    0.0536    0.9083
    0.0682    0.9973   -0.0277
   -0.9073    0.0504   -0.4175
...    58 C-G ...
 -128.0984  -78.6711   66.5761
   -0.2618    0.6241    0.7362
    0.3267    0.7751   -0.5408
   -0.9081    0.0990   -0.4068
...    59 T-A ...
 -131.2155  -78.4236   65.5256
    0.0290    0.9186    0.3940
    0.4264    0.3452   -0.8361
   -0.9041    0.1923   -0.3817
...    60 C-G ...
 -134.1778  -77.7548   64.3809
    0.3470    0.9314   -0.1100
    0.3330   -0.2320   -0.9139
   -0.8768    0.2805   -0.3907
...    61 G-C ...
 -136.9025  -76.6251   62.8456
    0.6325    0.6034   -0.4857
    0.0590   -0.6627   -0.7466
   -0.7723    0.4436   -0.4547
...    62 A-T ...
 -139.2336  -74.9682   61.3147
    0.6145    0.0878   -0.7840
   -0.3445   -0.8642   -0.3667
   -0.7098    0.4954   -0.5008
...    63 G-C ...
 -141.2623  -73.0176   59.5993
    0.4034   -0.4049   -0.8205
   -0.6517   -0.7566    0.0530
   -0.6423    0.5134   -0.5691
...    64 C-G ...
 -142.9203  -71.1938   57.3825
    0.0027   -0.7642   -0.6449
   -0.8017   -0.3871    0.4554
   -0.5977    0.5158   -0.6137
...    65 T-A ...
 -144.5951  -69.5331   55.0484
   -0.4180   -0.8586   -0.2967
   -0.7081    0.1033    0.6985
   -0.5691    0.5021   -0.6512
...    66 C-G ...
 -146.4152  -67.9712   52.7837
   -0.7743   -0.6112    0.1642
   -0.3181    0.6002    0.7339
   -0.5471    0.5160   -0.6591
...    67 G-C ...
 -148.1995  -65.8310   50.9428
   -0.7922   -0.1785    0.5836
    0.1944    0.8327    0.5185
   -0.5785    0.5242   -0.6250
...    68 G-C ...
 -150.1042  -64.2491   48.6434
   -0.5189    0.2705    0.8109
    0.6151    0.7769    0.1345
   -0.5936    0.5686   -0.5696
...    69 G-C ...
 -152.2222  -62.5634   46.6321
   -0.0513    0.5841    0.8101
    0.8155    0.4927   -0.3036
   -0.5764    0.6451   -0.5016
...    70 A-T ...
 -154.1497  -60.5325   44.9963
    0.4627    0.7063    0.5358
    0.7106    0.0658   -0.7005
   -0.5300    0.7049   -0.4715
...    71 T-A ...
 -156.1593  -58.1568   44.0581
    0.7766    0.6108    0.1542
    0.3953   -0.2820   -0.8742
   -0.4905    0.7399   -0.4605
...    72 C-G ...
 -157.5847  -55.6075   42.6767
    0.9067    0.2789   -0.3163
   -0.1202   -0.5479   -0.8279
   -0.4042    0.7887   -0.4633
...    73 C-G ...
 -158.4206  -52.6652   41.2804
    0.7541   -0.1430   -0.6410
   -0.5964   -0.5578   -0.5772
   -0.2750    0.8176   -0.5059
...    74 G-C ...
 -159.1321  -50.1990   39.1442
    0.3370   -0.5161   -0.7875
   -0.9319   -0.3020   -0.2009
   -0.1341    0.8016   -0.5827
...    75 C-G ...
 -159.0530  -47.6472   37.0207
   -0.2215   -0.6159   -0.7560
   -0.9711    0.0685    0.2287
   -0.0890    0.7848   -0.6133
...    76 T-A ...
 -159.0368  -45.2132   34.7598
   -0.7044   -0.4927   -0.5110
   -0.7066    0.4181    0.5709
   -0.0676    0.7632   -0.6426
...    77 T-A ...
 -158.9566  -42.8806   32.4700
   -0.9870   -0.0990   -0.1266
   -0.1607    0.6135    0.7731
    0.0011    0.7834   -0.6215
...    78 T-A ...
 -158.8391  -40.5445   30.1906
   -0.8937    0.3216    0.3129
    0.4439    0.5310    0.7218
    0.0660    0.7840   -0.6173
...    79 A-T ...
 -158.1907  -37.8143   28.3334
   -0.4194    0.5863    0.6931
    0.9017    0.1805    0.3929
    0.1052    0.7898   -0.6043
...    80 A-T ...
 -158.0631  -35.2607   26.3462
    0.1609    0.5690    0.8065
    0.9783   -0.2002   -0.0539
    0.1308    0.7976   -0.5888
...    81 C-G ...
 -158.1543  -32.4578   24.6673
    0.6307    0.3327    0.7011
    0.7566   -0.4643   -0.4604
    0.1724    0.8208   -0.5445
...    82 A-T ...
 -157.4218  -29.6633   22.9726
    0.8998   -0.1093    0.4223
    0.3048   -0.5349   -0.7880
    0.3120    0.8378   -0.4480
...    83 C-G ...
 -156.3262  -26.6938   22.1582
    0.9067   -0.4217   -0.0094
   -0.1852   -0.3779   -0.9071
    0.3790    0.8242   -0.4207
...    84 T-A ...
 -154.7154  -24.0150   21.1037
    0.6445   -0.6245   -0.4411
   -0.6000   -0.0556   -0.7981
    0.4739    0.7790   -0.4105
...    85 T-A ...
 -152.9215  -21.5633   19.9677
    0.1934   -0.5463   -0.8150
   -0.8466    0.3269   -0.4200
    0.4959    0.7712   -0.3993
...    86 T-A ...
 -151.0065  -19.2181   18.7721
   -0.3097   -0.2345   -0.9215
   -0.7981    0.5909    0.1178
    0.5169    0.7719   -0.3702
...    87 A-T ...
 -149.5119  -16.3465   17.8041
   -0.7159    0.2429   -0.6545
   -0.4199    0.5991    0.6817
    0.5577    0.7629   -0.3269
...    88 T-A ...
 -147.4946  -14.2579   16.1974
   -0.8129    0.5386   -0.2215
    0.0007    0.3812    0.9245
    0.5824    0.7514   -0.3103
...    89 G-C ...
 -145.5442  -11.6769   15.4707
   -0.7016    0.6083    0.3712
    0.4668   -0.0013    0.8844
    0.5384    0.7937   -0.2830
...    90 C-G ...
 -143.9842   -9.0378   14.2206
   -0.3611    0.4722    0.8041
    0.7643   -0.3442    0.5454
    0.5343    0.8115   -0.2366
...    91 T-A ...
 -142.4966   -6.1845   13.4845
    0.0440    0.1619    0.9858
    0.8406   -0.5393    0.0511
    0.5399    0.8264   -0.1598
...    92 T-A ...
 -140.9319   -3.3892   13.0627
    0.4797   -0.1966    0.8551
    0.6747   -0.5404   -0.5027
    0.5609    0.8181   -0.1265
...    93 C-G ...
 -139.0755   -0.7273   12.8469
    0.7387   -0.5247    0.4232
    0.2932   -0.3152   -0.9026
    0.6069    0.7908   -0.0790
...    94 C-G ...
 -136.8599    1.8075   13.0637
    0.7108   -0.6950   -0.1084
   -0.1099    0.0424   -0.9930
    0.6947    0.7178   -0.0462
...    95 G-C ...
 -134.3636    3.9738   12.5909
    0.4444   -0.6438   -0.6229
   -0.4227    0.4623   -0.7795
    0.7898    0.6097   -0.0667
...    96 G-C ...
 -131.3939    5.5943   12.4059
    0.0859   -0.3401   -0.9364
   -0.5526    0.7658   -0.3288
    0.8290    0.5457   -0.1222
...    97 C-G ...
 -128.4172    6.9861   11.9125
   -0.2547    0.1175   -0.9599
   -0.4872    0.8418    0.2323
    0.8354    0.5268   -0.1571
...    98 T-A ...
 -125.5435    8.4632   11.1454
   -0.5020    0.5291   -0.6841
   -0.2565    0.6644    0.7020
    0.8260    0.5279   -0.1978
...    99 C-G ...
 -122.8262   10.1545   10.3900
   -0.5642    0.8150   -0.1323
    0.0919    0.2213    0.9709
    0.8205    0.5356   -0.1997
...   100 T-A ...
 -120.2371   11.9980    9.4422
   -0.4656    0.7838    0.4109
    0.3812   -0.2414    0.8924
    0.7987    0.5721   -0.1864
...   101 C-G ...
 -117.6636   13.9193    8.7755
   -0.1778    0.4736    0.8626
    0.5777   -0.6594    0.4811
    0.7966    0.5839   -0.1564
...   102 A-T ...
 -114.9006   15.7339    8.3799
    0.0922   -0.0449    0.9947
    0.5913   -0.8013   -0.0910
    0.8011    0.5966   -0.0473
...   103 T-A ...
 -112.6855   18.1525    8.5017
    0.3613   -0.4501    0.8166
    0.4653   -0.6719   -0.5762
    0.8080    0.5882   -0.0333
...   104 G-C ...
 -109.8381   19.8941    8.5461
    0.4525   -0.8151    0.3617
    0.2151   -0.2939   -0.9313
    0.8654    0.4992    0.0423
...   105 T-A ...
 -107.0471   21.4587    9.3427
    0.4591   -0.8716   -0.1718
   -0.0385    0.1737   -0.9841
    0.8875    0.4584    0.0462
...   106 T-A ...
 -104.1248   22.8017    9.7490
    0.3464   -0.6307   -0.6944
   -0.2802    0.6369   -0.7183
    0.8953    0.4434    0.0439
...   107 A-T ...
 -101.0943   24.1879    9.8031
    0.0596   -0.1743   -0.9829
   -0.3994    0.8982   -0.1835
    0.9148    0.4035   -0.0161
...   108 T-A ...
  -97.8666   24.8467    9.7085
   -0.1498    0.3024   -0.9413
   -0.3699    0.8658    0.3370
    0.9169    0.3987   -0.0178
...   109 A-T ...
  -94.8726   26.3316    9.7442
   -0.3643    0.7528   -0.5482
   -0.1912    0.5156    0.8352
    0.9114    0.4091   -0.0439
...   110 A-T ...
  -91.8961   27.5678    9.3227
   -0.3944    0.9186    0.0254
    0.0480   -0.0070    0.9988
    0.9177    0.3951   -0.0414
...   111 C-G ...
  -89.0168   29.0460    8.5967
   -0.3294    0.7717    0.5440
    0.2539   -0.4825    0.8383
    0.9094    0.4143   -0.0369
...   112 G-C ...
  -85.8976   30.2243    8.8527
   -0.2205    0.3284    0.9184
    0.4140   -0.8211    0.3930
    0.8832    0.4668    0.0451
...   113 G-C ...
  -83.0917   32.0795    9.0820
   -0.0327   -0.2048    0.9782
    0.4810   -0.8612   -0.1642
    0.8761    0.4652    0.1267
...   114 A-T ...
  -80.2763   33.6778    9.5653
    0.2215   -0.6849    0.6942
    0.4125   -0.5793   -0.7031
    0.8836    0.4421    0.1542
...   115 G-C ...
  -77.4514   35.1790   10.4170
    0.3398   -0.9155    0.2154
    0.2410   -0.1366   -0.9609
    0.9091    0.3785    0.1742
...   116 T-A ...
  -74.5685   36.2716   11.6126
    0.3786   -0.8692   -0.3180
    0.0337    0.3563   -0.9338
    0.9250    0.3428    0.1641
...   117 A-T ...
  -71.4264   37.2232   12.1775
    0.2404   -0.5464   -0.8023
   -0.1602    0.7928   -0.5880
    0.9574    0.2699    0.1031
...   118 T-A ...
  -68.2002   37.4599   12.7473
    0.1139   -0.0818   -0.9901
   -0.2539    0.9611   -0.1086
    0.9605    0.2638    0.0887
...   119 A-T ...
  -64.9850   38.3054   12.8991
   -0.1337    0.4574   -0.8792
   -0.2415    0.8454    0.4765
    0.9611    0.2760   -0.0026
...   120 A-T ...
  -61.8316   39.0226   12.6620
   -0.2517    0.8525   -0.4582
   -0.1145    0.4439    0.8887
    0.9610    0.2762   -0.0141
...   121 T-A ...
  -58.7076   39.7671   11.9385
   -0.2755    0.9599    0.0515
    0.0338   -0.0439    0.9985
    0.9607    0.2768   -0.0204
...   122 G-C ...
  -55.5669   40.8318   12.1537
   -0.2829    0.7385    0.6120
    0.2188   -0.5716    0.7908
    0.9338    0.3577    0.0001
...   123 T-A ...
  -52.7130   42.4983   11.8179
   -0.1416    0.3250    0.9350
    0.3395   -0.8713    0.3543
    0.9299    0.3676    0.0131
...   124 G-C ...
  -49.5652   43.5240   12.0817
    0.0092   -0.2587    0.9659
    0.3786   -0.8931   -0.2429
    0.9255    0.3679    0.0897
...   125 T-A ...
  -46.7651   45.2035   12.7232
    0.1864   -0.6943    0.6952
    0.3132   -0.6287   -0.7118
    0.9312    0.3504    0.1002
...   126 C-G ...
  -43.7348   46.3779   13.1730
    0.3036   -0.9417    0.1448
    0.1412   -0.1058   -0.9843
    0.9423    0.3193    0.1009
...   127 G-C ...
  -40.5591   47.4094   13.1784
    0.2055   -0.8807   -0.4268
   -0.0407    0.4280   -0.9029
    0.9778    0.2029    0.0521
...   128 A-T ...
  -37.3602   47.9905   13.4336
    0.0874   -0.4867   -0.8692
   -0.1478    0.8565   -0.4945
    0.9852    0.1716    0.0029
...   129 C-G ...
  -34.0792   47.9099   13.5601
   -0.0519    0.0104   -0.9986
   -0.1562    0.9876    0.0184
    0.9864    0.1569   -0.0496
...   130 C-G ...
  -30.7510   48.1107   13.0931
   -0.2321    0.5128   -0.8266
   -0.0670    0.8393    0.5395
    0.9704    0.1806   -0.1604
...   131 A-T ...
  -27.5672   48.8782   12.4786
   -0.3393    0.8661   -0.3672
    0.1279    0.4291    0.8941
    0.9320    0.2564   -0.2563
...   132 A-T ...
  -24.6384   49.7041   11.3545
   -0.2040    0.9580    0.2017
    0.3131   -0.1314    0.9406
    0.9276    0.2550   -0.2731
...   133 A-T ...
  -21.7534   50.6761   10.2100
    0.0354    0.7179    0.6952
    0.3796   -0.6532    0.6552
    0.9245    0.2407   -0.2957
...   134 T-A ...
  -19.0160   52.0244    8.9251
    0.2452    0.2905    0.9249
    0.3073   -0.9281    0.2101
    0.9195    0.2328   -0.3169
...   135 G-C ...
  -16.4637   53.8824    7.5154
    0.5339   -0.3333    0.7771
    0.0346   -0.9097   -0.4139
    0.8449    0.2479   -0.4741
...   136 T-A ...
  -14.1749   56.5546    6.1809
    0.5795   -0.7269    0.3685
   -0.3141   -0.6164   -0.7221
    0.7521    0.3026   -0.5855
...   137 G-C ...
  -11.6538   57.9992    4.7205
    0.2452   -0.9542   -0.1714
   -0.6323   -0.0234   -0.7744
    0.7349    0.2983   -0.6091
...   138 A-T ...
   -8.6758   58.7133    3.6025
   -0.0345   -0.7815   -0.6229
   -0.6536    0.4891   -0.5775
    0.7560    0.3872   -0.5277
...   139 G-C ...
   -6.3275   59.0727    1.6297
   -0.2969   -0.3279   -0.8968
   -0.5657    0.8171   -0.1114
    0.7693    0.4742   -0.4281
...   140 C-G ...
   -3.4369   60.2278    1.0288
   -0.4426    0.2287   -0.8671
   -0.1681    0.9286    0.3308
    0.8808    0.2922   -0.3725
...   141 G-C ...
   -0.6976   63.8911   -2.2509
   -0.9992    0.0157   -0.0376
   -0.0024    0.8991    0.4378
    0.0407    0.4375   -0.8983
...   142 C-G ...
   -1.0064   65.5988   -4.9400
   -0.8337    0.5216    0.1813
    0.5170    0.6219    0.5881
    0.1940    0.5841   -0.7882
...   143 T-A ...
   -0.1332   66.2084   -7.8195
   -0.3753    0.8566    0.3540
    0.8856    0.2187    0.4098
    0.2736    0.4673   -0.8407
...   144 C-G ...
   -0.1666   67.4020  -10.8067
    0.1798    0.8793    0.4411
    0.9277   -0.3007    0.2214
    0.3273    0.3694   -0.8697
...   145 A-T ...
    0.5267   69.2312  -13.4658
    0.7352    0.4964    0.4616
    0.6118   -0.7791   -0.1367
    0.2918    0.3829   -0.8765
...   146 C-G ...
    1.4338   72.0892  -15.6018
    0.9809    0.0621    0.1844
    0.1264   -0.9240   -0.3608
    0.1480    0.3772   -0.9142
...   147 A-T ...
    2.3047   74.2222  -18.3862
    0.8657   -0.4292   -0.2575
   -0.4984   -0.7868   -0.3642
   -0.0463    0.4436   -0.8950
