  147 base-pairs
...     1 A-T ...
    0.0000    0.0000    0.0000
    1.0000    0.0000    0.0000
    0.0000    1.0000    0.0000
    0.0000    0.0000    1.0000
...     2 G-C ...
   -0.1394   -1.2357    3.2268
    0.7529    0.6366    0.1670
   -0.6386    0.7680   -0.0486
   -0.1592   -0.0700    0.9848
...     3 T-A ...
   -0.0365   -3.2932    6.3751
    0.2722    0.9301    0.2466
   -0.9238    0.3243   -0.2033
   -0.2691   -0.1725    0.9475
...     4 G-C ...
   -0.3505   -4.1660    9.4928
   -0.3756    0.9250    0.0579
   -0.8781   -0.3352   -0.3415
   -0.2965   -0.1791    0.9381
...     5 A-T ...
   -0.4462   -4.1476   12.7498
   -0.8116    0.5840   -0.0165
   -0.5523   -0.7762   -0.3042
   -0.1905   -0.2378    0.9524
...     6 G-C ...
   -1.5908   -4.1730   15.6201
   -0.9976    0.0246   -0.0651
   -0.0043   -0.9555   -0.2950
   -0.0695   -0.2940    0.9533
...     7 C-G ...
   -1.1030   -4.4824   18.7362
   -0.8441   -0.5304   -0.0787
    0.5345   -0.8441   -0.0432
   -0.0435   -0.0785    0.9960
...     8 G-C ...
   -2.4028   -7.7290   23.1475
   -0.2754   -0.3293   -0.9032
    0.6650   -0.7437    0.0684
   -0.6942   -0.5818    0.4238
...     9 C-G ...
   -4.4690   -9.9728   24.1132
    0.1145   -0.7025   -0.7024
    0.8512   -0.2952    0.4340
   -0.5122   -0.6476    0.5642
...    10 T-A ...
   -6.7405  -10.8752   25.9697
    0.4841   -0.8363   -0.2574
    0.6595    0.1553    0.7355
   -0.5751   -0.5258    0.6267
...    11 C-G ...
   -9.1656  -12.6208   27.1640
    0.7073   -0.6682    0.2307
    0.3448    0.6110    0.7126
   -0.6171   -0.4245    0.6626
...    12 A-T ...
  -10.9234  -14.6633   29.0693
    0.7515   -0.1377    0.6452
   -0.2029    0.8824    0.4246
   -0.6277   -0.4500    0.6352
...    13 C-G ...
  -11.8476  -17.4863   31.2451
    0.4295    0.2823    0.8578
   -0.5708    0.8209    0.0156
   -0.6998   -0.4963    0.5137
...    14 A-T ...
  -13.5897  -19.7827   33.4259
   -0.1504    0.6104    0.7777
   -0.6874    0.5008   -0.5260
   -0.7106   -0.6136    0.3443
...    15 A-T ...
  -15.8161  -21.8010   34.6392
   -0.4849    0.8096    0.3309
   -0.4882    0.0633   -0.8704
   -0.7256   -0.5836    0.3646
...    16 T-A ...
  -17.9144  -23.6422   36.5583
   -0.6950    0.6984   -0.1709
   -0.1498   -0.3731   -0.9156
   -0.7032   -0.6108    0.3640
...    17 T-A ...
  -20.1842  -25.4261   38.1303
   -0.6786    0.3267   -0.6578
    0.2857   -0.7077   -0.6462
   -0.6766   -0.6265    0.3869
...    18 T-A ...
  -22.4817  -27.2321   39.5187
   -0.4004   -0.1129   -0.9093
    0.6103   -0.7731   -0.1728
   -0.6835   -0.6242    0.3785
...    19 A-T ...
  -24.6491  -29.4685   40.6911
    0.0507   -0.4915   -0.8694
    0.7193   -0.5860    0.3732
   -0.6928   -0.6443    0.3239
...    20 T-A ...
  -27.3975  -31.1920   41.4058
    0.3945   -0.7349   -0.5517
    0.5995   -0.2492    0.7606
   -0.6964   -0.6308    0.3422
...    21 T-A ...
  -29.8327  -33.2124   42.2455
    0.6578   -0.7527   -0.0282
    0.2727    0.2032    0.9404
   -0.7021   -0.6262    0.3389
...    22 C-G ...
  -32.1128  -35.3112   43.3087
    0.7189   -0.4795    0.5033
   -0.1607    0.5897    0.7915
   -0.6763   -0.6498    0.3469
...    23 G-C ...
  -34.3990  -37.1117   45.0022
    0.6045    0.0195    0.7963
   -0.5492    0.7343    0.3989
   -0.5770   -0.6785    0.4546
...    24 C-G ...
  -36.0170  -39.5817   46.3904
    0.2675    0.4373    0.8586
   -0.7801    0.6213   -0.0734
   -0.5656   -0.6502    0.5074
...    25 A-T ...
  -38.0937  -41.5475   47.9811
   -0.1453    0.7632    0.6296
   -0.8047    0.2791   -0.5240
   -0.5756   -0.5828    0.5736
...    26 A-T ...
  -39.8302  -43.3987   50.0531
   -0.5553    0.8000    0.2273
   -0.5958   -0.1919   -0.7799
   -0.5802   -0.5685    0.5832
...    27 A-T ...
  -41.4902  -45.0936   52.2726
   -0.7958    0.5522   -0.2487
   -0.1784   -0.6062   -0.7751
   -0.5788   -0.5724    0.5809
...    28 G-C ...
  -43.5226  -46.5511   54.5228
   -0.7327    0.1982   -0.6511
    0.2383   -0.8213   -0.5183
   -0.6375   -0.5349    0.5545
...    29 G-C ...
  -46.0106  -48.0045   56.4082
   -0.4257   -0.2365   -0.8734
    0.5836   -0.8094   -0.0652
   -0.6916   -0.5375    0.4826
...    30 C-G ...
  -48.6037  -49.4761   57.7346
   -0.0081   -0.6019   -0.7985
    0.6999   -0.5738    0.4254
   -0.7142   -0.5554    0.4259
...    31 C-G ...
  -51.2204  -51.1275   59.0113
    0.4245   -0.7748   -0.4685
    0.5745   -0.1694    0.8008
   -0.6999   -0.6090    0.3732
...    32 G-C ...
  -53.0837  -53.1700   60.2923
    0.7142   -0.6987   -0.0415
    0.2579    0.2075    0.9436
   -0.6507   -0.6847    0.3284
...    33 G-C ...
  -54.8918  -55.8906   61.1599
    0.7682   -0.4418    0.4633
   -0.1988    0.5233    0.8286
   -0.6086   -0.7287    0.3142
...    34 C-G ...
  -56.6478  -58.5188   61.9782
    0.5578   -0.0613    0.8277
   -0.5907    0.6713    0.4477
   -0.5831   -0.7386    0.3382
...    35 C-G ...
  -58.2170  -61.2280   63.3001
    0.1710    0.3519    0.9203
   -0.8055    0.5878   -0.0750
   -0.5673   -0.7285    0.3840
...    36 C-G ...
  -59.8309  -63.7880   64.7515
   -0.2537    0.6499    0.7164
   -0.7793    0.3014   -0.5494
   -0.5730   -0.6977    0.4300
...    37 G-C ...
  -62.1058  -66.0874   65.5240
   -0.5685    0.7768    0.2708
   -0.5160   -0.0803   -0.8528
   -0.6408   -0.6246    0.4465
...    38 A-T ...
  -63.9899  -68.1627   66.9354
   -0.7461    0.6075   -0.2726
   -0.0819   -0.4900   -0.8678
   -0.6608   -0.6252    0.4154
...    39 C-G ...
  -66.2868  -69.7094   68.5129
   -0.6386    0.3234   -0.6983
    0.2920   -0.7378   -0.6086
   -0.7120   -0.5925    0.3767
...    40 A-T ...
  -68.8304  -71.5002   69.6724
   -0.2896   -0.0457   -0.9561
    0.5562   -0.8210   -0.1292
   -0.7790   -0.5691    0.2632
...    41 C-G ...
  -71.7093  -72.9870   70.1502
    0.0719   -0.4121   -0.9083
    0.6043   -0.7065    0.3684
   -0.7935   -0.5754    0.1983
...    42 G-C ...
  -74.0497  -75.2335   70.8498
    0.4513   -0.7030   -0.5496
    0.3970   -0.3934    0.8292
   -0.7992   -0.5924    0.1016
...    43 A-T ...
  -76.6006  -77.0980   71.1028
    0.5920   -0.8051    0.0364
    0.0584    0.0880    0.9944
   -0.8038   -0.5866    0.0991
...    44 C-G ...
  -79.1088  -79.2559   70.7850
    0.5521   -0.6286    0.5478
   -0.2733    0.4843    0.8312
   -0.7877   -0.6086    0.0956
...    45 T-A ...
  -81.5143  -82.0004   70.7004
    0.3051   -0.2721    0.9126
   -0.5208    0.7547    0.3991
   -0.7973   -0.5970    0.0885
...    46 T-A ...
  -83.8421  -84.2931   70.7318
   -0.0275    0.1227    0.9921
   -0.5773    0.8082   -0.1160
   -0.8160   -0.5759    0.0487
...    47 A-T ...
  -86.4957  -86.2511   71.0155
   -0.2665    0.5966    0.7570
   -0.4677    0.6067   -0.6428
   -0.8427   -0.5254    0.1173
...    48 C-G ...
  -88.9317  -88.2712   71.8998
   -0.4252    0.8490    0.3138
   -0.2604    0.2173   -0.9407
   -0.8668   -0.4817    0.1287
...    49 T-A ...
  -91.7702  -89.7730   72.8301
   -0.4101    0.8848   -0.2211
   -0.0334   -0.2569   -0.9659
   -0.9114   -0.3887    0.1349
...    50 G-C ...
  -95.0468  -90.6546   73.2415
   -0.1849    0.6758   -0.7135
    0.1443   -0.6995   -0.6999
   -0.9721   -0.2324    0.0318
...    51 T-A ...
  -98.2070  -90.8637   73.5887
   -0.0085    0.2975   -0.9547
    0.1881   -0.9372   -0.2938
   -0.9821   -0.1821   -0.0480
...    52 A-T ...
 -101.4774  -90.7245   72.9755
    0.2757   -0.1790   -0.9444
    0.0796   -0.9749    0.2080
   -0.9579   -0.1326   -0.2546
...    53 G-C ...
 -104.5241  -90.7312   71.9485
    0.3524   -0.6177   -0.7030
   -0.1214   -0.7751    0.6201
   -0.9279   -0.1332   -0.3481
...    54 G-C ...
 -107.5542  -90.7685   69.8821
    0.2746   -0.9291   -0.2478
   -0.3328   -0.3336    0.8820
   -0.9021   -0.1597   -0.4008
...    55 T-A ...
 -110.2592  -91.3828   68.0797
    0.0382   -0.9718    0.2327
   -0.4409    0.1926    0.8766
   -0.8967   -0.1361   -0.4211
...    56 A-T ...
 -113.0859  -92.0159   66.3487
   -0.2464   -0.6719    0.6984
   -0.3790    0.7301    0.5687
   -0.8920   -0.1246   -0.4345
...    57 T-A ...
 -115.7075  -93.0212   64.5821
   -0.4431   -0.2119    0.8711
   -0.1752    0.9734    0.1476
   -0.8792   -0.0872   -0.4684
...    58 C-G ...
 -118.6763  -93.6129   63.1128
   -0.4588    0.4246    0.7805
    0.1636    0.9038   -0.3955
   -0.8734   -0.0538   -0.4841
...    59 T-A ...
 -121.7315  -93.8933   61.8015
   -0.2369    0.8277    0.5087
    0.3820    0.5608   -0.7346
   -0.8933    0.0203   -0.4490
...    60 C-G ...
 -124.8007  -93.8131   60.4358
    0.0873    0.9944    0.0590
    0.4471    0.0138   -0.8944
   -0.8902    0.1045   -0.4434
...    61 G-C ...
 -127.4801  -93.0881   58.6516
    0.5350    0.8179   -0.2119
    0.3119   -0.4243   -0.8501
   -0.7852    0.3887   -0.4821
...    62 A-T ...
 -130.0226  -91.6543   57.0803
    0.6915    0.4178   -0.5893
   -0.0432   -0.7904   -0.6111
   -0.7211    0.4480   -0.5285
...    63 G-C ...
 -132.0854  -89.7045   55.3352
    0.6360   -0.0745   -0.7681
   -0.4260   -0.8638   -0.2690
   -0.6434    0.4983   -0.5811
...    64 C-G ...
 -133.7986  -87.6462   53.2296
    0.2986   -0.5725   -0.7636
   -0.7434   -0.6412    0.1900
   -0.5985    0.5110   -0.6171
...    65 T-A ...
 -135.5508  -85.8608   51.1140
   -0.1480   -0.8204   -0.5523
   -0.8177   -0.2127    0.5350
   -0.5564    0.5308   -0.6393
...    66 C-G ...
 -137.6149  -84.3139   49.1030
   -0.6174   -0.7751   -0.1343
   -0.5894    0.3427    0.7316
   -0.5210    0.5308   -0.6684
...    67 G-C ...
 -139.8576  -81.9580   47.7150
   -0.8376   -0.4425    0.3203
   -0.1294    0.7304    0.6706
   -0.5307    0.5203   -0.6691
...    68 G-C ...
 -141.4430  -80.1869   45.3517
   -0.7409    0.0095    0.6715
    0.3926    0.8174    0.4215
   -0.5449    0.5759   -0.6094
...    69 G-C ...
 -143.3039  -78.4362   43.1928
   -0.3573    0.3775    0.8543
    0.7331    0.6801    0.0061
   -0.5787    0.6284   -0.5197
...    70 A-T ...
 -145.3791  -76.4871   41.5141
    0.1642    0.6649    0.7287
    0.8118    0.3286   -0.4828
   -0.5604    0.6708   -0.4857
...    71 T-A ...
 -147.6272  -74.3606   40.4092
    0.5816    0.7025    0.4102
    0.6152   -0.0499   -0.7868
   -0.5322    0.7100   -0.4612
...    72 C-G ...
 -149.3221  -71.8778   39.1351
    0.8668    0.4937   -0.0703
    0.1665   -0.4194   -0.8924
   -0.4701    0.7618   -0.4457
...    73 C-G ...
 -150.7978  -69.2512   37.8612
    0.8916    0.1008   -0.4415
   -0.3047   -0.5875   -0.7496
   -0.3350    0.8029   -0.4931
...    74 G-C ...
 -151.7945  -66.8310   35.8372
    0.6365   -0.3476   -0.6885
   -0.7504   -0.4856   -0.4485
   -0.1784    0.8021   -0.5699
...    75 C-G ...
 -151.7369  -64.0149   33.8022
    0.0933   -0.5687   -0.8173
   -0.9871   -0.1599   -0.0014
   -0.1299    0.8069   -0.5763
...    76 T-A ...
 -151.7025  -61.5493   31.3093
   -0.4886   -0.5364   -0.6882
   -0.8713    0.2579    0.4175
   -0.0465    0.8036   -0.5933
...    77 T-A ...
 -151.5016  -59.0641   29.1839
   -0.9110   -0.2068   -0.3567
   -0.4112    0.5197    0.7489
    0.0305    0.8289   -0.5585
...    78 T-A ...
 -151.1592  -56.5635   27.0693
   -0.9746    0.1979    0.1049
    0.1945    0.5154    0.8346
    0.1111    0.8338   -0.5408
...    79 A-T ...
 -150.1435  -53.6300   25.8194
   -0.6437    0.5272    0.5548
    0.7396    0.2422    0.6279
    0.1966    0.8145   -0.5458
...    80 A-T ...
 -149.6273  -51.0462   24.0261
   -0.1324    0.5528    0.8227
    0.9647   -0.1188    0.2351
    0.2277    0.8248   -0.5175
...    81 C-G ...
 -149.4671  -48.1553   22.3503
    0.3799    0.3699    0.8478
    0.8876   -0.4040   -0.2215
    0.2606    0.8366   -0.4818
...    82 A-T ...
 -148.5635  -45.2605   20.9443
    0.7649   -0.0318    0.6433
    0.5379   -0.5179   -0.6652
    0.3543    0.8548   -0.3791
...    83 C-G ...
 -147.3425  -42.2145   20.3761
    0.9118   -0.3404    0.2295
    0.0787   -0.4037   -0.9115
    0.4029    0.8492   -0.3413
...    84 T-A ...
 -145.5885  -39.1448   19.7973
    0.7576   -0.5784   -0.3024
   -0.4358   -0.1033   -0.8941
    0.4859    0.8092   -0.3304
...    85 T-A ...
 -143.7333  -36.5723   19.0194
    0.3749   -0.5092   -0.7747
   -0.7857    0.2691   -0.5571
    0.4921    0.8175   -0.2991
...    86 T-A ...
 -141.8481  -34.0356   18.2060
   -0.1255   -0.2345   -0.9640
   -0.8577    0.5140   -0.0134
    0.4986    0.8251   -0.2657
...    87 A-T ...
 -140.3296  -31.0334   17.4626
   -0.6249    0.2088   -0.7523
   -0.5741    0.5300    0.6240
    0.5290    0.8219   -0.2113
...    88 T-A ...
 -138.3125  -28.7504   16.2271
   -0.8266    0.4313   -0.3616
   -0.2066    0.3652    0.9077
    0.5236    0.8250   -0.2127
...    89 G-C ...
 -136.7291  -25.9947   15.2835
   -0.8246    0.4890    0.2845
    0.3533    0.0524    0.9340
    0.4419    0.8707   -0.2160
...    90 C-G ...
 -135.6763  -23.0221   14.4360
   -0.5230    0.3927    0.7565
    0.7320   -0.2478    0.6347
    0.4367    0.8857   -0.1578
...    91 T-A ...
 -134.5639  -19.8448   13.7590
   -0.0447    0.1394    0.9892
    0.9022   -0.4195    0.0999
    0.4289    0.8970   -0.1070
...    92 T-A ...
 -133.3680  -16.8933   13.5208
    0.4227   -0.1779    0.8886
    0.7865   -0.4152   -0.4573
    0.4503    0.8922   -0.0356
...    93 C-G ...
 -131.9193  -13.9540   13.7293
    0.7424   -0.4619    0.4852
    0.4308   -0.2254   -0.8739
    0.5130    0.8578    0.0317
...    94 C-G ...
 -130.2496  -11.1471   14.0521
    0.7821   -0.6222   -0.0356
    0.0030    0.0609   -0.9981
    0.6232    0.7805    0.0495
...    95 G-C ...
 -128.1010   -8.9577   13.9295
    0.5967   -0.5975   -0.5356
   -0.3440    0.4126   -0.8435
    0.7250    0.6876    0.0406
...    96 G-C ...
 -125.2977   -7.0134   14.2332
    0.2606   -0.3387   -0.9041
   -0.5496    0.7178   -0.4274
    0.7937    0.6083    0.0009
...    97 T-A ...
 -122.2546   -5.6999   14.2577
   -0.0928    0.0762   -0.9928
   -0.5821    0.8048    0.1162
    0.8078    0.5886   -0.0303
...    98 C-G ...
 -119.5911   -3.9044   13.8674
   -0.4215    0.5119   -0.7485
   -0.4006    0.6354    0.6601
    0.8135    0.5781   -0.0628
...    99 A-T ...
 -116.7450   -2.0881   13.8539
   -0.6407    0.7263   -0.2489
   -0.0717    0.2662    0.9613
    0.7644    0.6337   -0.1184
...   100 T-A ...
 -114.3367   -0.0633   12.9750
   -0.6062    0.7473    0.2722
    0.2616   -0.1358    0.9556
    0.7510    0.6505   -0.1132
...   101 G-C ...
 -111.8242    2.2465   12.4760
   -0.3833    0.4774    0.7907
    0.5569   -0.5635    0.6102
    0.7368    0.6742   -0.0499
...   102 T-A ...
 -109.7991    4.8898   12.0749
   -0.0373    0.0975    0.9945
    0.6654   -0.7401    0.0975
    0.7455    0.6654   -0.0373
...   103 T-A ...
 -107.5589    7.1289   12.0935
    0.2964   -0.3542    0.8870
    0.5787   -0.6722   -0.4618
    0.7598    0.6502    0.0057
...   104 A-T ...
 -104.8849    9.1044   12.1491
    0.4976   -0.7292    0.4698
    0.3232   -0.3468   -0.8805
    0.8050    0.5899    0.0631
...   105 T-A ...
 -102.4585   11.0545   13.0725
    0.5856   -0.8099   -0.0335
    0.0353    0.0668   -0.9971
    0.8098    0.5827    0.0677
...   106 A-T ...
  -99.6955   12.9205   13.1963
    0.4431   -0.6651   -0.6010
   -0.2707    0.5399   -0.7970
    0.8546    0.5159    0.0592
...   107 A-T ...
  -96.8774   14.3594   13.4995
    0.1978   -0.2695   -0.9425
   -0.4533    0.8274   -0.3317
    0.8692    0.4928    0.0415
...   108 C-G ...
  -93.5876   15.3458   13.6445
   -0.0830    0.2272   -0.9703
   -0.4818    0.8431    0.2386
    0.8723    0.4873    0.0395
...   109 G-C ...
  -90.9246   17.2504   13.6406
   -0.4068    0.6378   -0.6540
   -0.3011    0.5823    0.7552
    0.8625    0.5041   -0.0449
...   110 G-C ...
  -88.1873   19.0254   13.1930
   -0.5757    0.8034   -0.1519
   -0.0076    0.1805    0.9835
    0.8176    0.5674   -0.0978
...   111 A-T ...
  -85.6418   20.9867   12.7234
   -0.5075    0.7300    0.4578
    0.3429   -0.3163    0.8845
    0.7905    0.6059   -0.0898
...   112 C-G ...
  -83.3953   23.2915   11.9569
   -0.2799    0.4271    0.8598
    0.5689   -0.6477    0.5069
    0.7733    0.6310   -0.0617
...   113 T-A ...
  -81.1415   25.7804   11.6309
    0.0036   -0.0439    0.9990
    0.6382   -0.7691   -0.0361
    0.7699    0.6377    0.0252
...   114 C-G ...
  -78.5474   27.8563   11.8194
    0.3424   -0.5057    0.7918
    0.5294   -0.5924   -0.6073
    0.7762    0.6271    0.0649
...   115 G-C ...
  -75.7316   29.6288   11.6898
    0.5115   -0.8095    0.2881
    0.2397   -0.1876   -0.9526
    0.8251    0.5563    0.0981
...   116 T-A ...
  -72.9429   31.1111   12.7016
    0.5118   -0.8168   -0.2662
   -0.0616    0.2742   -0.9597
    0.8569    0.5076    0.0900
...   117 A-T ...
  -69.8212   32.3648   13.4416
    0.2981   -0.5692   -0.7663
   -0.3019    0.7053   -0.6414
    0.9055    0.4225    0.0384
...   118 T-A ...
  -66.6843   33.0948   13.8862
    0.1077   -0.1394   -0.9844
   -0.4050    0.8981   -0.1715
    0.9080    0.4171    0.0403
...   119 A-T ...
  -63.7079   34.6451   13.9923
   -0.1880    0.3999   -0.8971
   -0.3602    0.8216    0.4418
    0.9137    0.4062   -0.0105
...   120 A-T ...
  -60.6653   35.7224   13.6951
   -0.3714    0.7879   -0.4912
   -0.1778    0.4589    0.8705
    0.9113    0.4107   -0.0303
...   121 T-A ...
  -57.6330   36.8923   12.9137
   -0.3987    0.9165    0.0335
    0.0467   -0.0162    0.9988
    0.9159    0.3998   -0.0364
...   122 G-C ...
  -54.5601   38.3652   12.6328
   -0.3399    0.7051    0.6224
    0.2821   -0.5549    0.7827
    0.8972    0.4416   -0.0103
...   123 T-A ...
  -51.8281   40.1723   12.3229
   -0.1522    0.3271    0.9327
    0.4142   -0.8357    0.3606
    0.8974    0.4412   -0.0083
...   124 G-C ...
  -48.8638   41.7209   12.3564
    0.0619   -0.2446    0.9677
    0.4454   -0.8609   -0.2461
    0.8932    0.4462    0.0556
...   125 T-A ...
  -46.2387   43.5466   12.7553
    0.2459   -0.6735    0.6971
    0.3483   -0.6098   -0.7120
    0.9046    0.4178    0.0846
...   126 C-G ...
  -43.3703   44.8610   13.1120
    0.4013   -0.9039    0.1479
    0.1416   -0.0983   -0.9850
    0.9049    0.4163    0.0885
...   127 G-C ...
  -40.2898   46.0383   12.9173
    0.2376   -0.8955   -0.3765
   -0.0534    0.3749   -0.9255
    0.9699    0.2400    0.0413
...   128 A-T ...
  -37.2495   46.8620   13.1474
    0.1452   -0.5167   -0.8438
   -0.1979    0.8204   -0.5364
    0.9694    0.2449    0.0168
...   129 C-G ...
  -33.9713   46.9027   13.4894
   -0.0314   -0.0225   -0.9993
   -0.2262    0.9740   -0.0149
    0.9736    0.2255   -0.0357
...   130 C-G ...
  -30.6247   47.1798   12.8300
   -0.2573    0.4546   -0.8527
   -0.1246    0.8595    0.4957
    0.9583    0.2338   -0.1645
...   131 A-T ...
  -27.5660   48.5538   12.5250
   -0.3805    0.8325   -0.4028
    0.0847    0.4651    0.8812
    0.9209    0.3012   -0.2475
...   132 A-T ...
  -24.6334   49.6009   11.4755
   -0.2555    0.9513    0.1725
    0.3022   -0.0910    0.9489
    0.9184    0.2946   -0.2642
...   133 A-T ...
  -21.7804   50.6401   10.2315
    0.0262    0.7276    0.6856
    0.3819   -0.6410    0.6658
    0.9238    0.2444   -0.2946
...   134 T-A ...
  -19.0161   52.0246    8.9251
    0.2452    0.2905    0.9249
    0.3073   -0.9281    0.2101
    0.9195    0.2328   -0.3169
...   135 G-C ...
  -16.4639   53.8826    7.5154
    0.5339   -0.3333    0.7771
    0.0346   -0.9097   -0.4139
    0.8449    0.2479   -0.4741
...   136 T-A ...
  -14.1750   56.5548    6.1809
    0.5795   -0.7269    0.3685
   -0.3141   -0.6164   -0.7221
    0.7521    0.3026   -0.5855
...   137 G-C ...
  -11.6539   57.9994    4.7205
    0.2452   -0.9542   -0.1714
   -0.6323   -0.0234   -0.7744
    0.7349    0.2983   -0.6091
...   138 A-T ...
   -8.6760   58.7135    3.6026
   -0.0345   -0.7815   -0.6229
   -0.6536    0.4891   -0.5775
    0.7560    0.3872   -0.5277
...   139 G-C ...
   -6.3276   59.0729    1.6298
   -0.2969   -0.3279   -0.8968
   -0.5657    0.8171   -0.1114
    0.7693    0.4742   -0.4281
...   140 C-G ...
   -3.4370   60.2280    1.0288
   -0.4426    0.2287   -0.8671
   -0.1681    0.9286    0.3308
    0.8808    0.2922   -0.3725
...   141 G-C ...
   -0.6978   63.8913   -2.2508
   -0.9992    0.0157   -0.0376
   -0.0024    0.8991    0.4378
    0.0407    0.4375   -0.8983
...   142 C-G ...
   -1.0066   65.5990   -4.9399
   -0.8337    0.5216    0.1813
    0.5170    0.6219    0.5881
    0.1940    0.5841   -0.7882
...   143 T-A ...
   -0.1334   66.2086   -7.8195
   -0.3753    0.8566    0.3540
    0.8856    0.2187    0.4098
    0.2736    0.4673   -0.8407
...   144 C-G ...
   -0.1667   67.4022  -10.8066
    0.1797    0.8793    0.4411
    0.9277   -0.3007    0.2214
    0.3273    0.3694   -0.8697
...   145 A-T ...
    0.5265   69.2314  -13.4658
    0.7352    0.4964    0.4616
    0.6118   -0.7791   -0.1367
    0.2918    0.3829   -0.8765
...   146 C-G ...
    1.4337   72.0894  -15.6017
    0.9809    0.0621    0.1844
    0.1264   -0.9240   -0.3608
    0.1480    0.3772   -0.9142
...   147 A-T ...
    2.3046   74.2224  -18.3861
    0.8657   -0.4292   -0.2575
   -0.4984   -0.7868   -0.3642
   -0.0463    0.4436   -0.8950
