  147 base-pairs
...     1 A-T ...
    0.0000    0.0000    0.0000
    1.0000    0.0000    0.0000
    0.0000    1.0000    0.0000
    0.0000    0.0000    1.0000
...     2 G-C ...
   -0.1394   -1.2357    3.2268
    0.7529    0.6366    0.1670
   -0.6386    0.7680   -0.0486
   -0.1592   -0.0700    0.9848
...     3 T-A ...
   -0.0365   -3.2932    6.3751
    0.2722    0.9301    0.2466
   -0.9238    0.3243   -0.2033
   -0.2691   -0.1725    0.9475
...     4 G-C ...
   -0.3505   -4.1660    9.4928
   -0.3756    0.9250    0.0579
   -0.8781   -0.3352   -0.3415
   -0.2965   -0.1791    0.9381
...     5 A-T ...
   -0.4462   -4.1476   12.7498
   -0.8116    0.5840   -0.0165
   -0.5523   -0.7762   -0.3042
   -0.1905   -0.2378    0.9524
...     6 G-C ...
   -1.5908   -4.1730   15.6201
   -0.9976    0.0246   -0.0651
   -0.0043   -0.9555   -0.2950
   -0.0695   -0.2940    0.9533
...     7 C-G ...
   -1.1030   -4.4824   18.7362
   -0.8441   -0.5304   -0.0787
    0.5345   -0.8441   -0.0432
   -0.0435   -0.0785    0.9960
...     8 G-C ...
   -2.4028   -7.7290   23.1475
   -0.2754   -0.3293   -0.9032
    0.6650   -0.7437    0.0684
   -0.6942   -0.5818    0.4238
...     9 C-G ...
   -4.4690   -9.9728   24.1132
    0.1145   -0.7025   -0.7024
    0.8512   -0.2952    0.4340
   -0.5122   -0.6476    0.5642
...    10 T-A ...
   -6.7405  -10.8752   25.9697
    0.4841   -0.8363   -0.2574
    0.6595    0.1553    0.7355
   -0.5751   -0.5258    0.6267
...    11 C-G ...
   -9.1656  -12.6208   27.1640
    0.7073   -0.6682    0.2307
    0.3448    0.6110    0.7126
   -0.6171   -0.4245    0.6626
...    12 A-T ...
  -10.9234  -14.6633   29.0693
    0.7515   -0.1377    0.6452
   -0.2029    0.8824    0.4246
   -0.6277   -0.4500    0.6352
...    13 C-G ...
  -11.8476  -17.4863   31.2451
    0.4295    0.2823    0.8578
   -0.5708    0.8209    0.0156
   -0.6998   -0.4963    0.5137
...    14 A-T ...
  -13.5897  -19.7827   33.4259
   -0.1504    0.6104    0.7777
   -0.6874    0.5008   -0.5260
   -0.7106   -0.6136    0.3443
...    15 A-T ...
  -15.7090  -21.8039   34.8059
   -0.4900    0.7963    0.3547
   -0.5000    0.0766   -0.8626
   -0.7140   -0.6001    0.3606
...    16 T-A ...
  -17.7587  -23.6234   36.6171
   -0.6652    0.7369   -0.1207
   -0.1986   -0.3304   -0.9227
   -0.7198   -0.5898    0.3662
...    17 T-A ...
  -20.0666  -25.3670   38.0822
   -0.6618    0.4329   -0.6120
    0.1977   -0.6867   -0.6996
   -0.7231   -0.5840    0.3689
...    18 T-A ...
  -22.5001  -27.0098   39.4609
   -0.4422   -0.0218   -0.8967
    0.5292   -0.8135   -0.2412
   -0.7241   -0.5812    0.3712
...    19 A-T ...
  -24.8967  -28.9806   40.6294
   -0.0212   -0.4501   -0.8927
    0.6725   -0.6672    0.3204
   -0.7398   -0.5936    0.3168
...    20 T-A ...
  -27.7299  -30.5185   41.2831
    0.3164   -0.7213   -0.6161
    0.5935   -0.3561    0.7217
   -0.7400   -0.5940    0.3155
...    21 T-A ...
  -30.2763  -32.3722   42.0541
    0.5913   -0.7990   -0.1093
    0.3183    0.1067    0.9420
   -0.7410   -0.5917    0.3174
...    22 C-G ...
  -32.6454  -34.4111   42.9871
    0.6915   -0.5728    0.4401
   -0.0862    0.5395    0.8376
   -0.7172   -0.6171    0.3237
...    23 G-C ...
  -34.9735  -36.2930   44.4193
    0.6115   -0.1187    0.7823
   -0.4660    0.7450    0.4774
   -0.6394   -0.6564    0.4003
...    24 C-G ...
  -36.7339  -38.7668   45.7039
    0.3008    0.3274    0.8957
   -0.7272    0.6864   -0.0067
   -0.6170   -0.6494    0.4446
...    25 A-T ...
  -38.7956  -40.8348   47.2762
   -0.0803    0.7153    0.6941
   -0.7927    0.3764   -0.4796
   -0.6043   -0.5887    0.5368
...    26 A-T ...
  -40.5244  -42.7564   49.2337
   -0.4999    0.8086    0.3102
   -0.6163   -0.0805   -0.7834
   -0.6085   -0.5828    0.5386
...    27 A-T ...
  -42.3690  -44.5178   51.2326
   -0.7490    0.6380   -0.1791
   -0.2396   -0.5127   -0.8244
   -0.6178   -0.5746    0.5368
...    28 G-C ...
  -44.4302  -46.1286   53.2391
   -0.7171    0.3345   -0.6115
    0.1646   -0.7713   -0.6149
   -0.6773   -0.5415    0.4980
...    29 G-C ...
  -46.9260  -47.5814   54.9692
   -0.4559   -0.0648   -0.8877
    0.4934   -0.8485   -0.1915
   -0.7407   -0.5253    0.4188
...    30 C-G ...
  -49.6495  -48.9420   56.2112
   -0.0849   -0.4755   -0.8756
    0.6429   -0.6975    0.3164
   -0.7612   -0.5361    0.3649
...    31 C-G ...
  -52.4013  -50.6695   57.0606
    0.3314   -0.7242   -0.6048
    0.5615   -0.3637    0.7432
   -0.7582   -0.5859    0.2861
...    32 G-C ...
  -54.6161  -52.8698   58.2026
    0.6549   -0.7450   -0.1269
    0.2512    0.0563    0.9663
   -0.7127   -0.6647    0.2239
...    33 G-C ...
  -56.8823  -55.3217   58.6331
    0.7333   -0.5542    0.3939
   -0.1600    0.4224    0.8922
   -0.6608   -0.7173    0.2211
...    34 C-G ...
  -58.8350  -57.9538   59.1001
    0.5503   -0.2171    0.8063
   -0.5383    0.6459    0.5413
   -0.6383   -0.7319    0.2386
...    35 C-G ...
  -60.6911  -60.6542   59.9127
    0.2199    0.2108    0.9525
   -0.7561    0.6538    0.0299
   -0.6165   -0.7267    0.3032
...    36 C-G ...
  -62.4676  -63.2820   61.0821
   -0.1644    0.5815    0.7967
   -0.7592    0.4410   -0.4786
   -0.6297   -0.6836    0.3690
...    37 G-C ...
  -64.7931  -65.4111   62.1195
   -0.4633    0.8079    0.3642
   -0.5522    0.0582   -0.8317
   -0.6931   -0.5864    0.4192
...    38 A-T ...
  -66.9820  -67.3134   63.5914
   -0.6521    0.7330   -0.1937
   -0.1925   -0.4072   -0.8928
   -0.7333   -0.5450    0.4066
...    39 C-G ...
  -69.3551  -68.6586   65.4014
   -0.6192    0.4595   -0.6368
    0.1515   -0.7258   -0.6710
   -0.7705   -0.5120    0.3798
...    40 A-T ...
  -72.0204  -70.2761   66.5720
   -0.3279    0.0742   -0.9418
    0.4174   -0.8830   -0.2149
   -0.8475   -0.4635    0.2586
...    41 C-G ...
  -75.0780  -71.1933   67.3011
   -0.0327   -0.3572   -0.9334
    0.5007   -0.8142    0.2940
   -0.8650   -0.4577    0.2055
...    42 G-C ...
  -77.7560  -73.0929   67.8086
    0.3393   -0.6842   -0.6456
    0.3725   -0.5325    0.7601
   -0.8638   -0.4983    0.0742
...    43 A-T ...
  -80.5645  -74.7720   67.8516
    0.5076   -0.8571   -0.0875
    0.0808   -0.0537    0.9953
   -0.8578   -0.5123    0.0420
...    44 C-G ...
  -83.2832  -76.6254   67.3547
    0.4791   -0.7601    0.4391
   -0.2078    0.3878    0.8980
   -0.8528   -0.5215    0.0278
...    45 T-A ...
  -85.9204  -78.6302   67.2634
    0.3199   -0.4341    0.8421
   -0.4395    0.7194    0.5379
   -0.8393   -0.5422    0.0393
...    46 T-A ...
  -88.4858  -80.6393   67.2116
   -0.0189    0.0311    0.9993
   -0.5245    0.8506   -0.0363
   -0.8512   -0.5249    0.0003
...    47 A-T ...
  -91.3788  -82.2790   67.1535
   -0.2946    0.5414    0.7875
   -0.3962    0.6807   -0.6162
   -0.8696   -0.4935    0.0140
...    48 C-G ...
  -94.0128  -84.1744   67.7031
   -0.4158    0.8333    0.3644
   -0.1824    0.3161   -0.9310
   -0.8910   -0.4536    0.0206
...    49 T-A ...
  -96.9628  -85.5676   68.1338
   -0.3592    0.9206   -0.1531
    0.0468   -0.1461   -0.9882
   -0.9321   -0.3621    0.0094
...    50 G-C ...
 -100.1784  -86.4718   68.1289
   -0.1173    0.7584   -0.6412
    0.1984   -0.6147   -0.7634
   -0.9731   -0.2168   -0.0784
...    51 T-A ...
 -103.4266  -86.5876   68.1613
    0.0656    0.3660   -0.9283
    0.2086   -0.9148   -0.3460
   -0.9758   -0.1710   -0.1364
...    52 A-T ...
 -106.6590  -86.7220   67.4194
    0.3182   -0.1382   -0.9379
    0.0734   -0.9828    0.1697
   -0.9452   -0.1228   -0.3026
...    53 G-C ...
 -109.7035  -86.8098   66.1583
    0.3685   -0.6145   -0.6976
   -0.1508   -0.7800    0.6074
   -0.9173   -0.1186   -0.3801
...    54 G-C ...
 -112.5458  -87.2449   64.3886
    0.2770   -0.9305   -0.2396
   -0.3849   -0.3359    0.8596
   -0.8804   -0.1459   -0.4512
...    55 T-A ...
 -115.1368  -87.7002   62.3311
    0.0241   -0.9697    0.2433
   -0.4846    0.2015    0.8512
   -0.8744   -0.1384   -0.4650
...    56 A-T ...
 -118.3346  -87.6823   61.1576
   -0.3872   -0.6096    0.6917
   -0.3478    0.7913    0.5028
   -0.8539   -0.0459   -0.5185
...    57 T-A ...
 -120.9225  -88.4429   59.2217
   -0.5358   -0.1197    0.8358
   -0.0813    0.9926    0.0900
   -0.8404   -0.0197   -0.5415
...    58 C-G ...
 -123.6306  -88.6075   57.3641
   -0.4547    0.4855    0.7467
    0.2765    0.8739   -0.3998
   -0.8466    0.0247   -0.5316
...    59 T-A ...
 -126.5674  -88.6601   55.8577
   -0.1713    0.8586    0.4832
    0.4851    0.5004   -0.7171
   -0.8575    0.1116   -0.5022
...    60 C-G ...
 -129.3979  -88.2902   54.3078
    0.2100    0.9769    0.0398
    0.4987   -0.0720   -0.8638
   -0.8409    0.2012   -0.5023
...    61 G-C ...
 -132.0113  -87.4068   52.4523
    0.5984    0.7390   -0.3095
    0.2803   -0.5550   -0.7832
   -0.7505    0.3820   -0.5393
...    62 A-T ...
 -134.3037  -85.9329   50.7008
    0.7136    0.2649   -0.6486
   -0.1379   -0.8545   -0.5007
   -0.6869    0.4467   -0.5732
...    63 G-C ...
 -136.2947  -84.0984   48.8273
    0.5980   -0.2454   -0.7630
   -0.5217   -0.8419   -0.1381
   -0.6085    0.4806   -0.6315
...    64 C-G ...
 -137.7979  -82.2827   46.5022
    0.2404   -0.6763   -0.6963
   -0.7967   -0.5472    0.2564
   -0.5544    0.4931   -0.6704
...    65 T-A ...
 -139.2664  -80.6265   44.0336
   -0.2109   -0.8707   -0.4443
   -0.8314   -0.0792    0.5500
   -0.5141    0.4854   -0.7072
...    66 C-G ...
 -140.8731  -79.1191   41.5804
   -0.6808   -0.7311   -0.0458
   -0.5441    0.4628    0.6999
   -0.4905    0.5013   -0.7128
...    67 G-C ...
 -142.6215  -77.0855   39.5930
   -0.8511   -0.3507    0.3908
   -0.0475    0.7927    0.6078
   -0.5229    0.4987   -0.6913
...    68 G-C ...
 -144.2719  -75.5591   37.0692
   -0.7063    0.1109    0.6992
    0.4440    0.8387    0.3155
   -0.5514    0.5333   -0.6416
...    69 G-C ...
 -146.1719  -73.9950   34.7610
   -0.3058    0.4905    0.8160
    0.7725    0.6289   -0.0885
   -0.5566    0.6033   -0.5712
...    70 A-T ...
 -148.0167  -72.1171   32.8636
    0.2266    0.7117    0.6650
    0.8208    0.2280   -0.5237
   -0.5244    0.6644   -0.5325
...    71 T-A ...
 -150.1342  -69.9702   31.6493
    0.6232    0.6967    0.3553
    0.6072   -0.1447   -0.7813
   -0.4929    0.7026   -0.5132
...    72 C-G ...
 -151.6280  -67.5419   30.1307
    0.8992    0.4280   -0.0914
    0.1432   -0.4850   -0.8627
   -0.4135    0.7626   -0.4974
...    73 C-G ...
 -152.6007  -64.6360   28.7516
    0.8877    0.0161   -0.4601
   -0.3652   -0.5840   -0.7250
   -0.2804    0.8116   -0.5125
...    74 G-C ...
 -153.1803  -62.1156   26.6404
    0.5780   -0.4019   -0.7102
   -0.8072   -0.4091   -0.4255
   -0.1195    0.8193   -0.5608
...    75 C-G ...
 -152.9967  -59.4281   24.7029
    0.0504   -0.5813   -0.8121
   -0.9967   -0.0809   -0.0039
   -0.0635    0.8096   -0.5835
...    76 T-A ...
 -152.8232  -56.8593   22.6057
   -0.4871   -0.5452   -0.6822
   -0.8728    0.2772    0.4017
   -0.0299    0.7911   -0.6109
...    77 T-A ...
 -152.5612  -54.3843   20.4849
   -0.9053   -0.2210   -0.3627
   -0.4237    0.5314    0.7336
    0.0306    0.8178   -0.5747
...    78 T-A ...
 -152.2551  -51.9059   18.3778
   -0.9786    0.1806    0.0989
    0.1821    0.5348    0.8251
    0.0962    0.8254   -0.5562
...    79 A-T ...
 -151.5472  -48.9890   16.8440
   -0.6435    0.4901    0.5879
    0.7525    0.2644    0.6032
    0.1402    0.8306   -0.5389
...    80 A-T ...
 -151.2886  -46.3322   15.0080
   -0.1072    0.5398    0.8349
    0.9807   -0.0804    0.1780
    0.1632    0.8380   -0.5208
...    81 C-G ...
 -151.3334  -43.4765   13.4166
    0.4007    0.3675    0.8393
    0.8960   -0.3486   -0.2751
    0.1915    0.8622   -0.4689
...    82 A-T ...
 -150.5757  -40.5404   11.9960
    0.7809   -0.0257    0.6241
    0.5460   -0.4572   -0.7020
    0.3034    0.8890   -0.3430
...    83 C-G ...
 -149.6915  -37.4326   11.5259
    0.9273   -0.3151    0.2023
    0.0832   -0.3533   -0.9318
    0.3651    0.8808   -0.3014
...    84 T-A ...
 -148.2091  -34.5464   10.9402
    0.8012   -0.5284   -0.2810
   -0.3802   -0.0869   -0.9208
    0.4621    0.8446   -0.2705
...    85 T-A ...
 -146.4963  -31.8678   10.3074
    0.4464   -0.4887   -0.7496
   -0.7524    0.2486   -0.6100
    0.4845    0.8363   -0.2567
...    86 T-A ...
 -144.6332  -29.2854    9.6371
   -0.0487   -0.2333   -0.9712
   -0.8652    0.4957   -0.0757
    0.4991    0.8366   -0.2259
...    87 A-T ...
 -143.2685  -26.2524    9.0672
   -0.5586    0.1822   -0.8092
   -0.6386    0.5281    0.5598
    0.5293    0.8294   -0.1786
...    88 T-A ...
 -141.1718  -23.9079    8.0067
   -0.7904    0.4526   -0.4128
   -0.2673    0.3515    0.8972
    0.5512    0.8195   -0.1568
...    89 G-C ...
 -139.4067  -21.1116    7.7836
   -0.8339    0.5185    0.1890
    0.2351    0.0240    0.9717
    0.4993    0.8547   -0.1419
...    90 C-G ...
 -137.8867  -18.2889    6.9547
   -0.5952    0.4091    0.6916
    0.6420   -0.2756    0.7155
    0.4833    0.8699   -0.0986
...    91 T-A ...
 -136.5829  -15.2773    6.6005
   -0.2144    0.1403    0.9666
    0.8564   -0.4490    0.2551
    0.4698    0.8825   -0.0238
...    92 T-A ...
 -135.2742  -12.3233    6.5669
    0.2762   -0.1663    0.9466
    0.8306   -0.4542   -0.3221
    0.4835    0.8752    0.0126
...    93 C-G ...
 -133.7181   -9.4776    6.8006
    0.6654   -0.4549    0.5919
    0.5355   -0.2616   -0.8030
    0.5202    0.8512    0.0695
...    94 C-G ...
 -131.9041   -6.7337    7.5432
    0.7849   -0.6155    0.0710
    0.1312    0.0532   -0.9899
    0.6055    0.7863    0.1225
...    95 G-C ...
 -129.6061   -4.3171    7.6886
    0.6472   -0.5823   -0.4921
   -0.2653    0.4331   -0.8614
    0.7147    0.6880    0.1258
...    96 G-C ...
 -126.8583   -2.4085    8.2263
    0.3465   -0.3115   -0.8848
   -0.5308    0.7126   -0.4588
    0.7734    0.6286    0.0816
...    97 C-G ...
 -124.0076   -0.7189    8.4648
   -0.0227    0.1090   -0.9938
   -0.6121    0.7844    0.1000
    0.7904    0.6106    0.0489
...    98 T-A ...
 -121.1969    1.0491    8.4132
   -0.3700    0.4879   -0.7906
   -0.4867    0.6231    0.6123
    0.7914    0.6113    0.0068
...    99 C-G ...
 -118.5621    3.0147    8.3322
   -0.5941    0.7562   -0.2741
   -0.1721    0.2134    0.9617
    0.7858    0.6185    0.0034
...   100 G-C ...
 -115.9769    5.0860    8.8087
   -0.6568    0.6866    0.3118
    0.1943   -0.2455    0.9497
    0.7286    0.6844    0.0279
...   101 T-A ...
 -113.8344    7.5822    8.4066
   -0.4805    0.4383    0.7596
    0.5021   -0.5727    0.6481
    0.7191    0.6928    0.0551
...   102 A-T ...
 -111.3983    9.8291    8.7260
   -0.1469   -0.0267    0.9888
    0.6929   -0.7162    0.0836
    0.7059    0.6974    0.1237
...   103 T-A ...
 -109.6057   12.5206    9.2830
    0.2064   -0.3931    0.8960
    0.6731   -0.6076   -0.4216
    0.7102    0.6901    0.1391
...   104 T-A ...
 -107.4558   14.8517    9.9344
    0.5289   -0.6826    0.5043
    0.4461   -0.2820   -0.8494
    0.7220    0.6742    0.1553
...   105 C-G ...
 -105.0494   16.9503   10.6156
    0.6525   -0.7529   -0.0862
    0.0754    0.1776   -0.9812
    0.7540    0.6337    0.1727
...   106 A-T ...
 -102.4282   18.9474   11.1296
    0.4956   -0.5948   -0.6329
   -0.2610    0.5930   -0.7617
    0.8284    0.5427    0.1387
...   107 T-A ...
  -99.4936   20.1789   11.9713
    0.2927   -0.2196   -0.9306
   -0.4685    0.8155   -0.3398
    0.8336    0.5354    0.1359
...   108 G-C ...
  -96.7552   22.0558   12.1847
   -0.1007    0.2308   -0.9678
   -0.5199    0.8171    0.2489
    0.8483    0.5282    0.0377
...   109 T-A ...
  -93.6922   23.3154   11.9781
   -0.3759    0.6114   -0.6963
   -0.3840    0.5811    0.7175
    0.8434    0.5371    0.0163
...   110 T-A ...
  -90.8593   24.8988   11.7951
   -0.5145    0.8420   -0.1620
   -0.1030    0.1268    0.9866
    0.8513    0.5243    0.0214
...   111 A-T ...
  -88.0042   26.6103   12.1683
   -0.4829    0.7369    0.4731
    0.2346   -0.4116    0.8807
    0.8437    0.5362    0.0259
...   112 T-A ...
  -85.5230   28.7413   11.7573
   -0.2952    0.4286    0.8539
    0.4437   -0.7300    0.5198
    0.8462    0.5323    0.0253
...   113 A-T ...
  -82.6093   30.3608   11.9612
   -0.0036   -0.1142    0.9935
    0.5368   -0.8384   -0.0944
    0.8437    0.5329    0.0643
...   114 A-T ...
  -80.0178   32.2841   12.3061
    0.2987   -0.5700    0.7654
    0.4404   -0.6292   -0.6404
    0.8466    0.5284    0.0631
...   115 C-G ...
  -77.4627   34.2351   13.0850
    0.4536   -0.8318    0.3199
    0.2285   -0.2384   -0.9439
    0.8614    0.5013    0.0819
...   116 G-C ...
  -74.4776   35.7348   13.0814
    0.3912   -0.8828   -0.2601
   -0.0311    0.2698   -0.9624
    0.9198    0.3846    0.0781
...   117 G-C ...
  -71.2800   36.7016   13.6098
    0.2235   -0.6356   -0.7390
   -0.2101    0.7089   -0.6733
    0.9518    0.3058    0.0249
...   118 A-T ...
  -68.1267   37.5605   13.7060
    0.0167   -0.1203   -0.9926
   -0.2858    0.9507   -0.1200
    0.9581    0.2857   -0.0185
...   119 A-T ...
  -64.9546   38.2160   13.5664
   -0.1565    0.4328   -0.8878
   -0.2371    0.8561    0.4592
    0.9588    0.2824   -0.0314
...   120 A-T ...
  -61.8102   38.9445   13.2455
   -0.2656    0.8400   -0.4731
   -0.0992    0.4643    0.8801
    0.9590    0.2807   -0.0400
...   121 T-A ...
  -58.7036   39.6859   12.4441
   -0.2789    0.9596    0.0356
    0.0533   -0.0215    0.9983
    0.9588    0.2804   -0.0452
...   122 G-C ...
  -55.5605   40.7593   12.5798
   -0.2746    0.7498    0.6020
    0.2354   -0.5546    0.7982
    0.9323    0.3609   -0.0242
...   123 T-A ...
  -52.7201   42.4282   12.1611
   -0.1270    0.3424    0.9309
    0.3488   -0.8632    0.3650
    0.9286    0.3710   -0.0098
...   124 G-C ...
  -49.5716   43.4719   12.3555
    0.0244   -0.2413    0.9701
    0.3781   -0.8961   -0.2324
    0.9254    0.3725    0.0694
...   125 T-A ...
  -46.7693   45.1685   12.9310
    0.1979   -0.6820    0.7041
    0.3056   -0.6396   -0.7054
    0.9314    0.3547    0.0818
...   126 C-G ...
  -43.7352   46.3527   13.3243
    0.3079   -0.9386    0.1557
    0.1296   -0.1207   -0.9842
    0.9425    0.3233    0.0845
...   127 G-C ...
  -40.5580   47.3817   13.2774
    0.2039   -0.8858   -0.4169
   -0.0507    0.4157   -0.9081
    0.9777    0.2063    0.0399
...   128 A-T ...
  -37.3561   47.9718   13.4927
    0.0819   -0.4961   -0.8644
   -0.1544    0.8505   -0.5028
    0.9846    0.1746   -0.0070
...   129 C-G ...
  -34.0712   47.9028   13.5957
   -0.0585    0.0012   -0.9983
   -0.1591    0.9872    0.0105
    0.9855    0.1595   -0.0576
...   130 C-G ...
  -30.7455   48.1140   13.1111
   -0.2373    0.5067   -0.8288
   -0.0665    0.8427    0.5343
    0.9691    0.1820   -0.1663
...   131 A-T ...
  -27.5643   48.8889   12.4919
   -0.3411    0.8644   -0.3694
    0.1299    0.4325    0.8922
    0.9310    0.2563   -0.2598
...   132 A-T ...
  -24.6371   49.7112   11.3602
   -0.2035    0.9584    0.2000
    0.3149   -0.1294    0.9403
    0.9271    0.2544   -0.2754
...   133 A-T ...
  -21.7525   50.6782   10.2117
    0.0362    0.7185    0.6945
    0.3802   -0.6527    0.6554
    0.9242    0.2403   -0.2968
...   134 T-A ...
  -19.0159   52.0244    8.9250
    0.2452    0.2905    0.9249
    0.3073   -0.9281    0.2101
    0.9195    0.2328   -0.3169
...   135 G-C ...
  -16.4637   53.8825    7.5153
    0.5339   -0.3333    0.7771
    0.0346   -0.9097   -0.4139
    0.8449    0.2479   -0.4741
...   136 T-A ...
  -14.1748   56.5547    6.1808
    0.5795   -0.7269    0.3685
   -0.3141   -0.6164   -0.7221
    0.7521    0.3026   -0.5855
...   137 G-C ...
  -11.6538   57.9992    4.7204
    0.2452   -0.9542   -0.1714
   -0.6323   -0.0234   -0.7744
    0.7349    0.2983   -0.6091
...   138 A-T ...
   -8.6758   58.7133    3.6025
   -0.0345   -0.7815   -0.6229
   -0.6536    0.4891   -0.5775
    0.7560    0.3872   -0.5277
...   139 G-C ...
   -6.3274   59.0727    1.6297
   -0.2969   -0.3279   -0.8968
   -0.5657    0.8171   -0.1114
    0.7693    0.4742   -0.4281
...   140 C-G ...
   -3.4368   60.2279    1.0287
   -0.4426    0.2287   -0.8671
   -0.1681    0.9286    0.3308
    0.8808    0.2922   -0.3725
...   141 G-C ...
   -0.6976   63.8911   -2.2509
   -0.9992    0.0157   -0.0376
   -0.0024    0.8991    0.4378
    0.0407    0.4375   -0.8983
...   142 C-G ...
   -1.0064   65.5988   -4.9401
   -0.8337    0.5216    0.1813
    0.5170    0.6219    0.5881
    0.1940    0.5841   -0.7882
...   143 T-A ...
   -0.1332   66.2084   -7.8196
   -0.3753    0.8566    0.3540
    0.8856    0.2187    0.4098
    0.2736    0.4673   -0.8407
...   144 C-G ...
   -0.1665   67.4020  -10.8067
    0.1797    0.8793    0.4411
    0.9277   -0.3007    0.2214
    0.3273    0.3694   -0.8697
...   145 A-T ...
    0.5267   69.2312  -13.4659
    0.7352    0.4964    0.4616
    0.6118   -0.7791   -0.1367
    0.2918    0.3829   -0.8765
...   146 C-G ...
    1.4339   72.0892  -15.6018
    0.9809    0.0621    0.1844
    0.1264   -0.9240   -0.3608
    0.1480    0.3772   -0.9142
...   147 A-T ...
    2.3048   74.2222  -18.3863
    0.8657   -0.4292   -0.2575
   -0.4984   -0.7868   -0.3642
   -0.0463    0.4436   -0.8950
