  147 base-pairs
...     1 A-T ...
    0.0000    0.0000    0.0000
    1.0000    0.0000    0.0000
    0.0000    1.0000    0.0000
    0.0000    0.0000    1.0000
...     2 G-C ...
   -0.1394   -1.2357    3.2268
    0.7529    0.6366    0.1670
   -0.6386    0.7680   -0.0486
   -0.1592   -0.0700    0.9848
...     3 T-A ...
   -0.0365   -3.2932    6.3751
    0.2722    0.9301    0.2466
   -0.9238    0.3243   -0.2033
   -0.2691   -0.1725    0.9475
...     4 G-C ...
   -0.3505   -4.1660    9.4928
   -0.3756    0.9250    0.0579
   -0.8781   -0.3352   -0.3415
   -0.2965   -0.1791    0.9381
...     5 A-T ...
   -0.4462   -4.1476   12.7498
   -0.8116    0.5840   -0.0165
   -0.5523   -0.7762   -0.3042
   -0.1905   -0.2378    0.9524
...     6 G-C ...
   -1.5908   -4.1730   15.6201
   -0.9976    0.0246   -0.0651
   -0.0043   -0.9555   -0.2950
   -0.0695   -0.2940    0.9533
...     7 C-G ...
   -1.1030   -4.4824   18.7362
   -0.8441   -0.5304   -0.0787
    0.5345   -0.8441   -0.0432
   -0.0435   -0.0785    0.9960
...     8 G-C ...
   -2.4028   -7.7290   23.1475
   -0.2754   -0.3293   -0.9032
    0.6650   -0.7437    0.0684
   -0.6942   -0.5818    0.4238
...     9 C-G ...
   -4.4690   -9.9728   24.1132
    0.1145   -0.7025   -0.7024
    0.8512   -0.2952    0.4340
   -0.5122   -0.6476    0.5642
...    10 T-A ...
   -6.7405  -10.8752   25.9697
    0.4841   -0.8363   -0.2574
    0.6595    0.1553    0.7355
   -0.5751   -0.5258    0.6267
...    11 C-G ...
   -9.1656  -12.6208   27.1640
    0.7073   -0.6682    0.2307
    0.3448    0.6110    0.7126
   -0.6171   -0.4245    0.6626
...    12 A-T ...
  -10.9234  -14.6633   29.0693
    0.7515   -0.1377    0.6452
   -0.2029    0.8824    0.4246
   -0.6277   -0.4500    0.6352
...    13 C-G ...
  -11.8476  -17.4863   31.2451
    0.4295    0.2823    0.8578
   -0.5708    0.8209    0.0156
   -0.6998   -0.4963    0.5137
...    14 A-T ...
  -13.5897  -19.7827   33.4259
   -0.1504    0.6104    0.7777
   -0.6874    0.5008   -0.5260
   -0.7106   -0.6136    0.3443
...    15 A-T ...
  -15.7157  -21.7958   34.8025
   -0.4857    0.7996    0.3532
   -0.5007    0.0767   -0.8622
   -0.7165   -0.5956    0.3631
...    16 T-A ...
  -17.7748  -23.5938   36.6189
   -0.6587    0.7423   -0.1229
   -0.2026   -0.3323   -0.9211
   -0.7246   -0.5819    0.3693
...    17 T-A ...
  -20.1033  -25.3054   38.0854
   -0.6558    0.4389   -0.6143
    0.1884   -0.6927   -0.6962
   -0.7311   -0.5723    0.3716
...    18 T-A ...
  -22.5633  -26.9054   39.4660
   -0.4416   -0.0204   -0.8970
    0.5163   -0.8234   -0.2354
   -0.7338   -0.5671    0.3742
...    19 A-T ...
  -24.9778  -28.8502   40.6478
   -0.0295   -0.4640   -0.8853
    0.6607   -0.6737    0.3311
   -0.7501   -0.5751    0.3264
...    20 T-A ...
  -27.8420  -30.3243   41.3290
    0.3015   -0.7397   -0.6016
    0.5868   -0.3534    0.7286
   -0.7515   -0.5727    0.3275
...    21 T-A ...
  -30.4332  -32.1028   42.1380
    0.5710   -0.8162   -0.0880
    0.3204    0.1229    0.9393
   -0.7558   -0.5645    0.3317
...    22 C-G ...
  -32.8663  -34.0458   43.1217
    0.6738   -0.5791    0.4590
   -0.0722    0.5666    0.8208
   -0.7354   -0.5863    0.3399
...    23 G-C ...
  -35.2758  -35.7929   44.5922
    0.6052   -0.1121    0.7881
   -0.4414    0.7766    0.4495
   -0.6625   -0.6199    0.4205
...    24 C-G ...
  -37.1342  -38.1576   45.9421
    0.3109    0.3494    0.8839
   -0.7011    0.7122   -0.0349
   -0.6417   -0.6089    0.4664
...    25 A-T ...
  -39.2724  -40.0934   47.5835
   -0.0503    0.7458    0.6642
   -0.7764    0.3891   -0.4958
   -0.6282   -0.5407    0.5595
...    26 A-T ...
  -41.0858  -41.8497   49.6141
   -0.4604    0.8444    0.2738
   -0.6213   -0.0862   -0.7788
   -0.6340   -0.5287    0.5643
...    27 A-T ...
  -43.0141  -43.4219   51.6867
   -0.7145    0.6677   -0.2091
   -0.2687   -0.5379   -0.7990
   -0.6460   -0.5147    0.5637
...    28 G-C ...
  -45.1580  -44.8145   53.7671
   -0.6991    0.3434   -0.6272
    0.1185   -0.8093   -0.5753
   -0.7052   -0.4765    0.5251
...    29 G-C ...
  -47.7440  -46.0235   55.5517
   -0.4630   -0.0851   -0.8823
    0.4407   -0.8858   -0.1458
   -0.7691   -0.4563    0.4476
...    30 C-G ...
  -50.5445  -47.1530   56.8594
   -0.1190   -0.5192   -0.8463
    0.5996   -0.7170    0.3555
   -0.7914   -0.4652    0.3967
...    31 C-G ...
  -53.3922  -48.6589   57.8135
    0.2793   -0.7815   -0.5580
    0.5406   -0.3523    0.7640
   -0.7936   -0.5150    0.3240
...    32 G-C ...
  -55.7428  -50.6149   59.1203
    0.5995   -0.7969   -0.0751
    0.2612    0.1061    0.9594
   -0.7566   -0.5947    0.2718
...    33 G-C ...
  -58.1950  -52.8383   59.7358
    0.6930   -0.5765    0.4329
   -0.1208    0.4991    0.8581
   -0.7107   -0.6469    0.2763
...    34 C-G ...
  -60.3523  -55.2616   60.3968
    0.5395   -0.1955    0.8190
   -0.4814    0.7264    0.4905
   -0.6908   -0.6588    0.2978
...    35 C-G ...
  -62.4151  -57.7366   61.4055
    0.2486    0.2691    0.9305
   -0.6998    0.7141   -0.0196
   -0.6697   -0.6463    0.3658
...    36 C-G ...
  -64.3824  -60.1105   62.7910
   -0.1007    0.6590    0.7454
   -0.7263    0.4633   -0.5078
   -0.6800   -0.5925    0.4320
...    37 G-C ...
  -66.8595  -61.9250   64.0506
   -0.3790    0.8767    0.2963
   -0.5625    0.0360   -0.8260
   -0.7348   -0.4797    0.4795
...    38 A-T ...
  -69.1893  -63.4571   65.7198
   -0.5832    0.7727   -0.2505
   -0.2525   -0.4655   -0.8482
   -0.7721   -0.4315    0.4666
...    39 C-G ...
  -71.6384  -64.3842   67.6829
   -0.5874    0.4585   -0.6668
    0.0617   -0.7962   -0.6018
   -0.8069   -0.3947    0.4395
...    40 A-T ...
  -74.4237  -65.6074   69.0345
   -0.3467    0.0162   -0.9378
    0.3200   -0.9378   -0.1346
   -0.8817   -0.3468    0.3200
...    41 C-G ...
  -77.5409  -66.1294   69.9112
   -0.0995   -0.4437   -0.8907
    0.4244   -0.8285    0.3653
   -0.9000   -0.3417    0.2707
...    42 G-C ...
  -80.3746  -67.6818   70.6903
    0.2400   -0.7827   -0.5743
    0.3419   -0.4856    0.8046
   -0.9086   -0.3894    0.1511
...    43 A-T ...
  -83.3516  -69.0113   71.0011
    0.4059   -0.9139   -0.0019
    0.1147    0.0489    0.9922
   -0.9067   -0.4029    0.1246
...    44 C-G ...
  -86.2837  -70.5771   70.8013
    0.4083   -0.7559    0.5117
   -0.1240    0.5094    0.8515
   -0.9044   -0.4112    0.1143
...    45 T-A ...
  -89.1380  -72.2468   71.0264
    0.3065   -0.3686    0.8776
   -0.3276    0.8248    0.4608
   -0.8937   -0.4287    0.1320
...    46 T-A ...
  -91.9209  -73.9148   71.3086
    0.0383    0.1508    0.9878
   -0.4227    0.8982   -0.1207
   -0.9054   -0.4130    0.0982
...    47 A-T ...
  -94.9607  -75.2209   71.6166
   -0.1667    0.6629    0.7299
   -0.3529    0.6512   -0.6719
   -0.9207   -0.3696    0.1254
...    48 C-G ...
  -97.7574  -76.6691   72.5544
   -0.2773    0.9184    0.2823
   -0.2127    0.2279   -0.9502
   -0.9369   -0.3235    0.1322
...    49 T-A ...
 -100.8169  -77.5812   73.3447
   -0.2483    0.9374   -0.2442
   -0.0543   -0.2652   -0.9627
   -0.9671   -0.2258    0.1168
...    50 G-C ...
 -104.1140  -78.0109   73.6585
   -0.0729    0.6858   -0.7241
    0.0487   -0.7227   -0.6894
   -0.9962   -0.0855    0.0193
...    51 T-A ...
 -107.3371  -77.6606   73.9352
    0.0274    0.2384   -0.9708
    0.0540   -0.9701   -0.2367
   -0.9982   -0.0459   -0.0394
...    52 A-T ...
 -110.6182  -77.4936   73.4863
    0.1906   -0.3064   -0.9326
   -0.0392   -0.9517    0.3047
   -0.9809   -0.0215   -0.1933
...    53 G-C ...
 -113.7755  -77.2945   72.5480
    0.1968   -0.7509   -0.6304
   -0.1820   -0.6598    0.7291
   -0.9634   -0.0287   -0.2666
...    54 G-C ...
 -116.8533  -77.5046   71.1770
    0.1140   -0.9859   -0.1228
   -0.3167   -0.1532    0.9361
   -0.9416   -0.0679   -0.3297
...    55 T-A ...
 -119.7248  -77.8178   69.4954
   -0.0798   -0.9197    0.3845
   -0.3378    0.3878    0.8576
   -0.9378   -0.0615   -0.3416
...    56 A-T ...
 -123.0069  -77.4712   68.6739
   -0.3668   -0.4459    0.8165
   -0.1659    0.8949    0.4142
   -0.9154    0.0165   -0.4023
...    57 T-A ...
 -125.9153  -78.0752   67.1990
   -0.4224    0.0744    0.9034
    0.0654    0.9965   -0.0515
   -0.9041    0.0374   -0.4258
...    58 C-G ...
 -128.8596  -78.0634   65.7414
   -0.2697    0.6413    0.7183
    0.3282    0.7625   -0.5575
   -0.9053    0.0854   -0.4162
...    59 T-A ...
 -131.9701  -77.8544   64.6612
    0.0222    0.9287    0.3703
    0.4313    0.3252   -0.8415
   -0.9019    0.1784   -0.3933
...    60 C-G ...
 -134.9275  -77.2290   63.4771
    0.3433    0.9298   -0.1325
    0.3408   -0.2548   -0.9049
   -0.8752    0.2655   -0.4044
...    61 G-C ...
 -137.6483  -76.1599   61.8906
    0.6322    0.5932   -0.4984
    0.0677   -0.6831   -0.7272
   -0.7718    0.4260   -0.4720
...    62 A-T ...
 -139.9820  -74.5630   60.3001
    0.6186    0.0691   -0.7827
   -0.3369   -0.8766   -0.3436
   -0.7098    0.4762   -0.5190
...    63 G-C ...
 -142.0149  -72.6769   58.5181
    0.4106   -0.4262   -0.8061
   -0.6470   -0.7591    0.0718
   -0.6425    0.4921   -0.5874
...    64 C-G ...
 -143.6740  -70.9295   56.2414
    0.0113   -0.7831   -0.6218
   -0.8014   -0.3790    0.4627
   -0.5981    0.4931   -0.6318
...    65 T-A ...
 -145.3495  -69.3522   53.8506
   -0.4102   -0.8703   -0.2725
   -0.7124    0.1192    0.6916
   -0.5695    0.4778   -0.6689
...    66 C-G ...
 -147.1712  -67.8750   51.5311
   -0.7703   -0.6119    0.1794
   -0.3263    0.6199    0.7136
   -0.5479    0.4912   -0.6772
...    67 G-C ...
 -148.9675  -65.8098   49.6168
   -0.7935   -0.1666    0.5854
    0.1851    0.8502    0.4928
   -0.5798    0.4994   -0.6438
...    68 G-C ...
 -150.8780  -64.3183   47.2620
   -0.5250    0.2920    0.7995
    0.6079    0.7860    0.1121
   -0.5957    0.5449   -0.5901
...    69 G-C ...
 -153.0026  -62.7165   45.1890
   -0.0599    0.6098    0.7903
    0.8127    0.4895   -0.3162
   -0.5797    0.6233   -0.5249
...    70 A-T ...
 -154.9412  -60.7577   43.4783
    0.4543    0.7278    0.5136
    0.7130    0.0485   -0.6994
   -0.5340    0.6840   -0.4970
...    71 T-A ...
 -156.9682  -58.4331   42.4523
    0.7707    0.6225    0.1362
    0.4013   -0.3080   -0.8626
   -0.4950    0.7195   -0.4872
...    72 C-G ...
 -158.4126  -55.9463   40.9786
    0.9055    0.2758   -0.3226
   -0.1123   -0.5772   -0.8089
   -0.4093    0.7686   -0.4916
...    73 C-G ...
 -159.2722  -53.0627   39.4785
    0.7576   -0.1587   -0.6332
   -0.5895   -0.5828   -0.5593
   -0.2802    0.7970   -0.5351
...    74 G-C ...
 -159.9997  -50.6795   37.2544
    0.3439   -0.5406   -0.7678
   -0.9287   -0.3168   -0.1929
   -0.1389    0.7793   -0.6110
...    75 C-G ...
 -159.9351  -48.2046   35.0412
   -0.2140   -0.6441   -0.7344
   -0.9724    0.0685    0.2232
   -0.0934    0.7618   -0.6410
...    76 T-A ...
 -159.9329  -45.8529   32.6944
   -0.6990   -0.5160   -0.4951
   -0.7116    0.4327    0.5536
   -0.0715    0.7393   -0.6696
...    77 T-A ...
 -159.8642  -43.6030   30.3227
   -0.9859   -0.1105   -0.1258
   -0.1674    0.6396    0.7503
   -0.0025    0.7608   -0.6490
...    78 T-A ...
 -159.7562  -41.3492   27.9610
   -0.8966    0.3270    0.2986
    0.4383    0.5593    0.7036
    0.0631    0.7617   -0.6448
...    79 T-A ...
 -159.6428  -39.0485   25.6613
   -0.4780    0.6058    0.6360
    0.8722    0.2421    0.4250
    0.1035    0.7579   -0.6441
...    80 C-G ...
 -159.3377  -36.6124   23.4875
    0.1167    0.5905    0.7986
    0.9842   -0.1766   -0.0132
    0.1332    0.7875   -0.6017
...    81 A-T ...
 -158.7625  -33.9676   21.5280
    0.6122    0.2706    0.7430
    0.7603   -0.4595   -0.4591
    0.2172    0.8460   -0.4870
...    82 T-A ...
 -158.3824  -30.9194   20.4495
    0.8952   -0.0311    0.4447
    0.3635   -0.5266   -0.7685
    0.2581    0.8496   -0.4600
...    83 G-C ...
 -157.1179  -28.1338   19.0781
    0.8955   -0.4442    0.0295
   -0.1579   -0.3789   -0.9119
    0.4162    0.8119   -0.4094
...    84 T-A ...
 -155.3867  -25.4521   18.3299
    0.6642   -0.6175   -0.4214
   -0.5806   -0.0709   -0.8111
    0.4709    0.7834   -0.4056
...    85 T-A ...
 -153.6049  -22.9826   17.2156
    0.2210   -0.5504   -0.8051
   -0.8412    0.3101   -0.4430
    0.4935    0.7752   -0.3945
...    86 A-T ...
 -152.1319  -20.3177   15.8174
   -0.3361   -0.2338   -0.9123
   -0.7854    0.6042    0.1345
    0.5198    0.7617   -0.3867
...    87 T-A ...
 -149.9367  -18.3087   14.3486
   -0.6749    0.1326   -0.7259
   -0.5019    0.6386    0.5834
    0.5409    0.7581   -0.3644
...    88 A-T ...
 -148.1308  -15.5184   13.6653
   -0.8013    0.5638   -0.2002
    0.0362    0.3797    0.9244
    0.5971    0.7335   -0.3247
...    89 A-T ...
 -146.2147  -13.2421   12.3395
   -0.6135    0.7033    0.3592
    0.4745   -0.0353    0.8795
    0.6312    0.7101   -0.3120
...    90 C-G ...
 -144.5256  -10.7971   10.8843
   -0.2932    0.5609    0.7742
    0.7175   -0.4061    0.5660
    0.6318    0.7214   -0.2834
...    91 G-C ...
 -142.1134   -8.6112   10.1164
    0.0566    0.1432    0.9881
    0.7564   -0.6521    0.0512
    0.6516    0.7445   -0.1452
...    92 G-C ...
 -140.1422   -5.9006    9.8435
    0.3689   -0.3100    0.8762
    0.6221   -0.6181   -0.4806
    0.6906    0.7224   -0.0351
...    93 A-T ...
 -137.8950   -3.5490    9.9000
    0.6080   -0.6566    0.4463
    0.3153   -0.3163   -0.8948
    0.7286    0.6847    0.0147
...    94 A-T ...
 -135.5105   -1.3943   10.2473
    0.6547   -0.7458   -0.1231
   -0.0568    0.1139   -0.9919
    0.7538    0.6563    0.0322
...    95 A-T ...
 -132.9537    0.5628   10.6041
    0.4999   -0.5661   -0.6554
   -0.3954    0.5241   -0.7543
    0.7705    0.6363    0.0382
...    96 C-G ...
 -130.0714    2.1423   11.0519
    0.2046   -0.2286   -0.9518
   -0.5753    0.7586   -0.3059
    0.7919    0.6102    0.0236
...    97 A-T ...
 -127.5052    4.2489   11.0183
   -0.2159    0.1964   -0.9565
   -0.5552    0.7811    0.2857
    0.8032    0.5927   -0.0597
...    98 C-G ...
 -124.5696    5.7288   10.4696
   -0.4811    0.5717   -0.6646
   -0.3509    0.5691    0.7436
    0.8034    0.5910   -0.0733
...    99 T-A ...
 -121.8903    7.5977    9.8925
   -0.6224    0.7644   -0.1681
   -0.0334    0.1887    0.9815
    0.7820    0.6165   -0.0919
...   100 T-A ...
 -119.3508    9.5431    9.3040
   -0.5138    0.7472    0.4216
    0.3165   -0.2916    0.9027
    0.7974    0.5972   -0.0866
...   101 T-A ...
 -116.8698   11.5759    8.7984
   -0.2407    0.4509    0.8595
    0.5411   -0.6728    0.5045
    0.8058    0.5865   -0.0820
...   102 A-T ...
 -114.1444   13.4813    8.6525
    0.0571   -0.0683    0.9960
    0.5865   -0.8050   -0.0888
    0.8079    0.5893   -0.0059
...   103 T-A ...
 -111.9128   15.8722    8.9077
    0.3265   -0.4723    0.8187
    0.4794   -0.6638   -0.5741
    0.8146    0.5799    0.0097
...   104 G-C ...
 -109.0530   17.5826    9.1082
    0.4282   -0.8285    0.3609
    0.2482   -0.2761   -0.9285
    0.8689    0.4872    0.0874
...   105 C-G ...
 -106.2080   19.0615    9.9012
    0.4418   -0.8747   -0.1991
    0.0007    0.2223   -0.9750
    0.8971    0.4306    0.0988
...   106 T-A ...
 -103.1468   20.1622   10.5078
    0.3144   -0.6603   -0.6820
   -0.1935    0.6588   -0.7270
    0.9294    0.3605    0.0794
...   107 T-A ...
 -100.0613   21.0774   10.9273
    0.1497   -0.1747   -0.9732
   -0.3283    0.9196   -0.2156
    0.9326    0.3518    0.0803
...   108 C-G ...
  -96.9531   22.1011   11.0736
   -0.0945    0.3862   -0.9175
   -0.3350    0.8556    0.3947
    0.9375    0.3447    0.0485
...   109 C-G ...
  -93.7352   23.1020   10.9040
   -0.3267    0.7625   -0.5584
   -0.2034    0.5203    0.8294
    0.9230    0.3845   -0.0149
...   110 G-C ...
  -90.7703   24.6209   11.1949
   -0.4656    0.8850    0.0034
    0.0415    0.0180    0.9990
    0.8840    0.4652   -0.0451
...   111 G-C ...
  -87.8917   26.3226   10.7861
   -0.4304    0.7173    0.5479
    0.3023   -0.4574    0.8363
    0.8505    0.5256   -0.0200
...   112 C-G ...
  -85.2860   28.3467   10.4897
   -0.2299    0.3314    0.9151
    0.4928   -0.7712    0.4031
    0.8392    0.5436    0.0140
...   113 T-A ...
  -82.7135   30.4277   10.6395
    0.0146   -0.1528    0.9882
    0.5510   -0.8234   -0.1355
    0.8343    0.5465    0.0721
...   114 C-G ...
  -80.0328   32.2750   10.9916
    0.3018   -0.6240    0.7207
    0.4431   -0.5776   -0.6856
    0.8441    0.5263    0.1022
...   115 G-C ...
  -77.0520   33.7709   11.1488
    0.3868   -0.8977    0.2112
    0.2256   -0.1300   -0.9655
    0.8942    0.4211    0.1522
...   116 T-A ...
  -74.1982   34.9972   12.2750
    0.4099   -0.8531   -0.3227
   -0.0025    0.3527   -0.9357
    0.9121    0.3843    0.1425
...   117 A-T ...
  -71.0858   36.0736   12.7737
    0.2446   -0.5419   -0.8040
   -0.2049    0.7816   -0.5891
    0.9477    0.3088    0.0802
...   118 T-A ...
  -67.8600   36.4421   13.2704
    0.0957   -0.0840   -0.9919
   -0.2939    0.9496   -0.1088
    0.9510    0.3019    0.0662
...   119 A-T ...
  -64.6824   37.4273   13.3530
   -0.1667    0.4494   -0.8777
   -0.2639    0.8373    0.4788
    0.9500    0.3114   -0.0210
...   120 A-T ...
  -61.5605   38.2557   13.0562
   -0.2887    0.8425   -0.4548
   -0.1149    0.4411    0.8901
    0.9505    0.3092   -0.0305
...   121 T-A ...
  -58.4743   39.1039   12.2797
   -0.3056    0.9505    0.0557
    0.0515   -0.0420    0.9978
    0.9508    0.3078   -0.0361
...   122 G-C ...
  -55.3640   40.2596   12.4464
   -0.2950    0.7298    0.6168
    0.2482   -0.5648    0.7870
    0.9227    0.3853   -0.0145
...   123 T-A ...
  -52.5647   42.0076   12.0647
   -0.1366    0.3207    0.9373
    0.3694   -0.8614    0.3486
    0.9192    0.3938   -0.0008
...   124 G-C ...
  -49.4452   43.1263   12.2777
    0.0284   -0.2582    0.9657
    0.3987   -0.8830   -0.2478
    0.9167    0.3920    0.0779
...   125 T-A ...
  -46.6838   44.8764   12.8840
    0.2110   -0.6892    0.6932
    0.3203   -0.6212   -0.7152
    0.9235    0.3729    0.0897
...   126 C-G ...
  -43.6786   46.1200   13.3008
    0.3250   -0.9349    0.1427
    0.1341   -0.1038   -0.9855
    0.9362    0.3394    0.0916
...   127 G-C ...
  -40.5218   47.2041   13.2826
    0.2178   -0.8777   -0.4268
   -0.0551    0.4255   -0.9033
    0.9744    0.2202    0.0443
...   128 A-T ...
  -37.3304   47.8320   13.5076
    0.0891   -0.4872   -0.8688
   -0.1643    0.8531   -0.4952
    0.9824    0.1868   -0.0041
...   129 C-G ...
  -34.0472   47.7991   13.6102
   -0.0578    0.0076   -0.9983
   -0.1699    0.9853    0.0174
    0.9838    0.1706   -0.0556
...   130 C-G ...
  -30.7266   48.0486   13.1150
   -0.2414    0.5090   -0.8262
   -0.0741    0.8392    0.5387
    0.9676    0.1913   -0.1649
...   131 A-T ...
  -27.5551   48.8548   12.4954
   -0.3467    0.8635   -0.3663
    0.1266    0.4301    0.8939
    0.9294    0.2635   -0.2585
...   132 A-T ...
  -24.6329   49.6969   11.3625
   -0.2073    0.9571    0.2023
    0.3147   -0.1306    0.9402
    0.9263    0.2586   -0.2741
...   133 A-T ...
  -21.7517   50.6753   10.2121
    0.0353    0.7178    0.6953
    0.3808   -0.6529    0.6547
    0.9240    0.2416   -0.2964
...   134 T-A ...
  -19.0159   52.0244    8.9249
    0.2452    0.2905    0.9249
    0.3073   -0.9281    0.2101
    0.9195    0.2328   -0.3169
...   135 G-C ...
  -16.4637   53.8824    7.5152
    0.5339   -0.3333    0.7771
    0.0346   -0.9097   -0.4139
    0.8449    0.2479   -0.4741
...   136 T-A ...
  -14.1749   56.5546    6.1807
    0.5795   -0.7269    0.3685
   -0.3141   -0.6164   -0.7221
    0.7521    0.3026   -0.5855
...   137 G-C ...
  -11.6538   57.9992    4.7204
    0.2452   -0.9542   -0.1714
   -0.6323   -0.0234   -0.7744
    0.7349    0.2983   -0.6091
...   138 A-T ...
   -8.6758   58.7133    3.6024
   -0.0345   -0.7815   -0.6229
   -0.6536    0.4891   -0.5775
    0.7560    0.3872   -0.5277
...   139 G-C ...
   -6.3275   59.0727    1.6296
   -0.2969   -0.3279   -0.8968
   -0.5657    0.8171   -0.1114
    0.7693    0.4742   -0.4281
...   140 C-G ...
   -3.4369   60.2278    1.0286
   -0.4426    0.2287   -0.8671
   -0.1681    0.9286    0.3308
    0.8808    0.2922   -0.3725
...   141 G-C ...
   -0.6976   63.8911   -2.2510
   -0.9992    0.0157   -0.0376
   -0.0024    0.8991    0.4378
    0.0407    0.4375   -0.8983
...   142 C-G ...
   -1.0064   65.5988   -4.9401
   -0.8337    0.5216    0.1813
    0.5170    0.6219    0.5881
    0.1940    0.5841   -0.7882
...   143 T-A ...
   -0.1332   66.2084   -7.8197
   -0.3753    0.8566    0.3540
    0.8856    0.2187    0.4098
    0.2736    0.4673   -0.8407
...   144 C-G ...
   -0.1666   67.4020  -10.8068
    0.1797    0.8793    0.4411
    0.9277   -0.3007    0.2214
    0.3273    0.3694   -0.8697
...   145 A-T ...
    0.5267   69.2312  -13.4660
    0.7352    0.4964    0.4616
    0.6118   -0.7791   -0.1367
    0.2918    0.3829   -0.8765
...   146 C-G ...
    1.4338   72.0891  -15.6019
    0.9809    0.0621    0.1844
    0.1264   -0.9240   -0.3608
    0.1480    0.3772   -0.9142
...   147 A-T ...
    2.3047   74.2222  -18.3864
    0.8657   -0.4292   -0.2575
   -0.4984   -0.7868   -0.3642
   -0.0463    0.4436   -0.8950
