  147 base-pairs
...     1 A-T ...
    0.0000    0.0000    0.0000
    1.0000    0.0000    0.0000
    0.0000    1.0000    0.0000
    0.0000    0.0000    1.0000
...     2 G-C ...
   -0.1394   -1.2357    3.2268
    0.7529    0.6366    0.1670
   -0.6386    0.7680   -0.0486
   -0.1592   -0.0700    0.9848
...     3 T-A ...
   -0.0365   -3.2932    6.3751
    0.2722    0.9301    0.2466
   -0.9238    0.3243   -0.2033
   -0.2691   -0.1725    0.9475
...     4 G-C ...
   -0.3505   -4.1660    9.4928
   -0.3756    0.9250    0.0579
   -0.8781   -0.3352   -0.3415
   -0.2965   -0.1791    0.9381
...     5 A-T ...
   -0.4462   -4.1476   12.7498
   -0.8116    0.5840   -0.0165
   -0.5523   -0.7762   -0.3042
   -0.1905   -0.2378    0.9524
...     6 G-C ...
   -1.5908   -4.1730   15.6201
   -0.9976    0.0246   -0.0651
   -0.0043   -0.9555   -0.2950
   -0.0695   -0.2940    0.9533
...     7 C-G ...
   -1.1030   -4.4824   18.7362
   -0.8441   -0.5304   -0.0787
    0.5345   -0.8441   -0.0432
   -0.0435   -0.0785    0.9960
...     8 G-C ...
   -2.4028   -7.7290   23.1475
   -0.2754   -0.3293   -0.9032
    0.6650   -0.7437    0.0684
   -0.6942   -0.5818    0.4238
...     9 C-G ...
   -4.4690   -9.9728   24.1132
    0.1145   -0.7025   -0.7024
    0.8512   -0.2952    0.4340
   -0.5122   -0.6476    0.5642
...    10 T-A ...
   -6.7405  -10.8752   25.9697
    0.4841   -0.8363   -0.2574
    0.6595    0.1553    0.7355
   -0.5751   -0.5258    0.6267
...    11 C-G ...
   -9.1656  -12.6208   27.1640
    0.7073   -0.6682    0.2307
    0.3448    0.6110    0.7126
   -0.6171   -0.4245    0.6626
...    12 A-T ...
  -10.9234  -14.6633   29.0693
    0.7515   -0.1377    0.6452
   -0.2029    0.8824    0.4246
   -0.6277   -0.4500    0.6352
...    13 C-G ...
  -11.8476  -17.4863   31.2451
    0.4295    0.2823    0.8578
   -0.5708    0.8209    0.0156
   -0.6998   -0.4963    0.5137
...    14 A-T ...
  -13.5897  -19.7827   33.4259
   -0.1504    0.6104    0.7777
   -0.6874    0.5008   -0.5260
   -0.7106   -0.6136    0.3443
...    15 A-T ...
  -15.7171  -21.7995   34.7989
   -0.4893    0.7982    0.3513
   -0.4987    0.0744   -0.8636
   -0.7155   -0.5977    0.3616
...    16 T-A ...
  -17.7757  -23.6063   36.6110
   -0.6626    0.7382   -0.1267
   -0.1971   -0.3350   -0.9214
   -0.7226   -0.5855    0.3675
...    17 T-A ...
  -20.0988  -25.3342   38.0704
   -0.6569    0.4305   -0.6190
    0.1982   -0.6935   -0.6927
   -0.7274   -0.5777    0.3703
...    18 T-A ...
  -22.5487  -26.9567   39.4457
   -0.4366   -0.0311   -0.8991
    0.5272   -0.8187   -0.2277
   -0.7290   -0.5734    0.3739
...    19 A-T ...
  -24.9299  -28.9442   40.6368
   -0.0177   -0.4757   -0.8795
    0.6686   -0.6596    0.3433
   -0.7434   -0.5819    0.3297
...    20 T-A ...
  -27.7754  -30.4539   41.3215
    0.3168   -0.7432   -0.5893
    0.5876   -0.3339    0.7370
   -0.7445   -0.5798    0.3309
...    21 T-A ...
  -30.3408  -32.2645   42.1432
    0.5856   -0.8074   -0.0716
    0.3114    0.1426    0.9395
   -0.7484   -0.5725    0.3349
...    22 C-G ...
  -32.7481  -34.2355   43.1419
    0.6806   -0.5587    0.4740
   -0.0896    0.5786    0.8107
   -0.7272   -0.5942    0.3438
...    23 G-C ...
  -35.1378  -36.0083   44.6250
    0.5996   -0.0856    0.7957
   -0.4616    0.7752    0.4312
   -0.6537   -0.6259    0.4253
...    24 C-G ...
  -36.9607  -38.3892   46.0019
    0.2932    0.3727    0.8804
   -0.7162    0.6956   -0.0560
   -0.6333   -0.6142    0.4709
...    25 A-T ...
  -39.0837  -40.3372   47.6539
   -0.0778    0.7574    0.6483
   -0.7789    0.3597   -0.5137
   -0.6223   -0.5449    0.5620
...    26 A-T ...
  -40.8834  -42.0999   49.6929
   -0.4876    0.8368    0.2491
   -0.6069   -0.1197   -0.7857
   -0.6277   -0.5343    0.5662
...    27 A-T ...
  -42.7994  -43.6859   51.7684
   -0.7315    0.6401   -0.2351
   -0.2392   -0.5637   -0.7906
   -0.6385   -0.5221    0.5654
...    28 G-C ...
  -44.9335  -45.1046   53.8464
   -0.7001    0.3034   -0.6464
    0.1556   -0.8187   -0.5528
   -0.6969   -0.4876    0.5260
...    29 G-C ...
  -47.5017  -46.3691   55.6209
   -0.4450   -0.1267   -0.8865
    0.4755   -0.8723   -0.1140
   -0.7588   -0.4723    0.4484
...    30 C-G ...
  -50.2797  -47.5705   56.9220
   -0.0851   -0.5488   -0.8316
    0.6211   -0.6818    0.3865
   -0.7791   -0.4836    0.3989
...    31 C-G ...
  -53.0810  -49.1589   57.8876
    0.3195   -0.7875   -0.5270
    0.5416   -0.3046    0.7835
   -0.7775   -0.5358    0.3292
...    32 G-C ...
  -55.3779  -51.1607   59.2316
    0.6332   -0.7731   -0.0369
    0.2410    0.1516    0.9586
   -0.7355   -0.6159    0.2823
...    33 G-C ...
  -57.7493  -53.4598   59.8954
    0.7099   -0.5289    0.4652
   -0.1560    0.5260    0.8361
   -0.6868   -0.6661    0.2909
...    34 C-G ...
  -59.8121  -55.9496   60.6176
    0.5340   -0.1385    0.8340
   -0.5206    0.7234    0.4535
   -0.6661   -0.6764    0.3142
...    35 C-G ...
  -61.7815  -58.4721   61.6986
    0.2209    0.3190    0.9217
   -0.7309    0.6798   -0.0601
   -0.6457   -0.6604    0.3833
...    36 C-G ...
  -63.6642  -60.8706   63.1602
   -0.1440    0.6855    0.7137
   -0.7388    0.4054   -0.5384
   -0.6584   -0.6048    0.4481
...    37 G-C ...
  -66.0803  -62.7409   64.4683
   -0.4272    0.8691    0.2493
   -0.5500   -0.0310   -0.8346
   -0.7176   -0.4937    0.4912
...    38 A-T ...
  -68.3628  -64.3091   66.1752
   -0.6191    0.7271   -0.2966
   -0.2137   -0.5194   -0.8274
   -0.7556   -0.4489    0.4769
...    39 C-G ...
  -70.7936  -65.2714   68.1509
   -0.6012    0.3897   -0.6976
    0.1152   -0.8216   -0.5583
   -0.7907   -0.4161    0.4491
...    40 A-T ...
  -73.5204  -66.6014   69.5228
   -0.3338   -0.0583   -0.9408
    0.3768   -0.9231   -0.0765
   -0.8641   -0.3800    0.3301
...    41 C-G ...
  -76.6166  -67.2614   70.3982
   -0.0610   -0.5024   -0.8625
    0.4687   -0.7773    0.4196
   -0.8813   -0.3786    0.2829
...    42 G-C ...
  -79.3607  -68.9344   71.2650
    0.2936   -0.8027   -0.5191
    0.3619   -0.4092    0.8376
   -0.8848   -0.4338    0.1704
...    43 A-T ...
  -82.2582  -70.4173   71.6505
    0.4609   -0.8851    0.0646
    0.1011    0.1247    0.9870
   -0.8817   -0.4484    0.1469
...    44 C-G ...
  -85.0889  -72.1709   71.5441
    0.4488   -0.6904    0.5674
   -0.1637    0.5606    0.8117
   -0.8785   -0.4572    0.1386
...    45 T-A ...
  -87.8398  -73.9942   71.8760
    0.3208   -0.2821    0.9042
   -0.3824    0.8348    0.3961
   -0.8665   -0.4729    0.1599
...    46 T-A ...
  -90.5182  -75.8031   72.2760
    0.0219    0.2286    0.9733
   -0.4774    0.8577   -0.1907
   -0.8784   -0.4605    0.1279
...    47 A-T ...
  -93.4721  -77.2747   72.6873
   -0.2107    0.7076    0.6745
   -0.3901    0.5718   -0.7217
   -0.8963   -0.4152    0.1555
...    48 C-G ...
  -96.1766  -78.8176   73.7437
   -0.3356    0.9192    0.2060
   -0.2234    0.1347   -0.9654
   -0.9151   -0.3700    0.1602
...    49 T-A ...
  -99.1770  -79.8548   74.6131
   -0.3075    0.8949   -0.3233
   -0.0352   -0.3502   -0.9360
   -0.9509   -0.2764    0.1392
...    50 G-C ...
 -102.4394  -80.4827   74.9588
   -0.1191    0.6100   -0.7834
    0.0962   -0.7782   -0.6205
   -0.9882   -0.1493    0.0340
...    51 T-A ...
 -105.6832  -80.3262   75.2269
    0.0080    0.1456   -0.9893
    0.1185   -0.9825   -0.1437
   -0.9929   -0.1161   -0.0251
...    52 A-T ...
 -108.9701  -80.4953   74.8273
    0.1946   -0.3941   -0.8982
    0.0285   -0.9131    0.4068
   -0.9805   -0.1047   -0.1664
...    53 G-C ...
 -112.1544  -80.6047   73.9559
    0.2318   -0.8040   -0.5477
   -0.1244   -0.5829    0.8030
   -0.9648   -0.1179   -0.2351
...    54 G-C ...
 -115.2488  -81.1498   72.7192
    0.1725   -0.9849   -0.0124
   -0.2841   -0.0618    0.9568
   -0.9431   -0.1615   -0.2905
...    55 T-A ...
 -118.1377  -81.8287   71.1758
   -0.0132   -0.8709    0.4912
   -0.3389    0.4661    0.8173
   -0.9407   -0.1557   -0.3013
...    56 A-T ...
 -121.4554  -81.7821   70.4255
   -0.3138   -0.3658    0.8762
   -0.2091    0.9268    0.3120
   -0.9262   -0.0853   -0.3673
...    57 T-A ...
 -124.3644  -82.7264   69.1449
   -0.3968    0.1578    0.9042
    0.0015    0.9852   -0.1713
   -0.9179   -0.0666   -0.3912
...    58 C-G ...
 -127.3517  -83.0595   67.8165
   -0.2831    0.7069    0.6482
    0.2611    0.7071   -0.6571
   -0.9228   -0.0168   -0.3848
...    59 T-A ...
 -130.5079  -83.1611   66.8541
   -0.0193    0.9665    0.2558
    0.3786    0.2438   -0.8929
   -0.9253    0.0796   -0.3707
...    60 C-G ...
 -133.5413  -82.8416   65.7385
    0.2823    0.9236   -0.2592
    0.3182   -0.3450   -0.8830
   -0.9050    0.1668   -0.3913
...    61 A-T ...
 -136.5158  -82.0347   64.4190
    0.5621    0.5588   -0.6097
    0.0708   -0.7670   -0.6377
   -0.8240    0.3153   -0.4707
...    62 T-A ...
 -139.0397  -80.3949   63.1820
    0.5607    0.0978   -0.8222
   -0.2332   -0.9341   -0.2702
   -0.7945    0.3432   -0.5010
...    63 G-C ...
 -141.4647  -79.3475   61.1465
    0.4257   -0.4768   -0.7690
   -0.5658   -0.8035    0.1850
   -0.7061    0.3563   -0.6119
...    64 T-A ...
 -143.2806  -77.8268   58.8378
    0.0777   -0.8313   -0.5504
   -0.7301   -0.4234    0.5364
   -0.6789    0.3602   -0.6398
...    65 T-A ...
 -145.1999  -76.5343   56.5387
   -0.4006   -0.8991   -0.1765
   -0.6450    0.1399    0.7513
   -0.6507    0.4148   -0.6360
...    66 A-T ...
 -147.5906  -74.6840   54.9309
   -0.7997   -0.5245    0.2922
   -0.1928    0.6852    0.7024
   -0.5686    0.5054   -0.6491
...    67 T-A ...
 -149.3965  -73.5672   52.3709
   -0.8057   -0.0766    0.5874
    0.2591    0.8461    0.4658
   -0.5326    0.5275   -0.6618
...    68 A-T ...
 -150.8369  -71.4704   50.1734
   -0.4727    0.4756    0.7419
    0.7306    0.6822    0.0282
   -0.4928    0.5553   -0.6699
...    69 A-T ...
 -152.6116  -69.7956   48.0443
    0.0310    0.7651    0.6432
    0.8832    0.2804   -0.3761
   -0.4680    0.5797   -0.6670
...    70 C-G ...
 -154.6035  -67.9380   46.2477
    0.5096    0.7581    0.4069
    0.7452   -0.1524   -0.6492
   -0.4301    0.6341   -0.6426
...    71 G-C ...
 -155.7394  -65.7374   44.0110
    0.8958    0.4257    0.1276
    0.3528   -0.5064   -0.7868
   -0.2704    0.7499   -0.6038
...    72 G-C ...
 -156.3216  -62.8667   42.3551
    0.9761   -0.0064   -0.2172
   -0.1762   -0.6078   -0.7743
   -0.1271    0.7940   -0.5944
...    73 A-T ...
 -156.4190  -60.2319   40.4362
    0.7043   -0.4037   -0.5839
   -0.7086   -0.4500   -0.5435
   -0.0433    0.7966   -0.6030
...    74 T-A ...
 -155.9118  -57.4586   38.7482
    0.2538   -0.5791   -0.7748
   -0.9671   -0.1668   -0.1921
   -0.0180    0.7980   -0.6024
...    75 C-G ...
 -155.7854  -54.9832   36.5961
   -0.3649   -0.5642   -0.7406
   -0.9308    0.2404    0.2755
    0.0226    0.7898   -0.6129
...    76 G-C ...
 -156.1613  -52.3014   34.6341
   -0.8339   -0.3474   -0.4289
   -0.5514    0.5582    0.6200
    0.0240    0.7535   -0.6570
...    77 A-T ...
 -155.9454  -49.8760   32.4049
   -0.9972    0.0730    0.0183
    0.0612    0.6443    0.7623
    0.0439    0.7612   -0.6470
...    78 G-C ...
 -155.8363  -47.5311   30.0536
   -0.8103    0.3838    0.4428
    0.5848    0.4826    0.6519
    0.0365    0.7873   -0.6155
...    79 C-G ...
 -155.9159  -45.1254   27.7672
   -0.3614    0.5478    0.7545
    0.9312    0.1708    0.3221
    0.0476    0.8190   -0.5718
...    80 T-A ...
 -156.0455  -42.3670   25.9577
    0.1677    0.4846    0.8585
    0.9829   -0.1489   -0.1080
    0.0755    0.8620   -0.5013
...    81 C-G ...
 -155.8479  -39.5201   24.3966
    0.6897    0.2411    0.6828
    0.7119   -0.3984   -0.5784
    0.1326    0.8850   -0.4464
...    82 G-C ...
 -155.0453  -36.6385   22.9276
    0.9216   -0.1702    0.3488
    0.2508   -0.4247   -0.8699
    0.2962    0.8892   -0.3488
...    83 G-C ...
 -153.6872  -33.6217   22.2695
    0.8723   -0.4753   -0.1145
   -0.2439   -0.2200   -0.9445
    0.4237    0.8519   -0.3078
...    84 G-C ...
 -151.7035  -30.9753   21.5411
    0.5645   -0.6022   -0.5646
   -0.6319    0.1248   -0.7649
    0.5311    0.7885   -0.3101
...    85 A-T ...
 -149.7439  -28.5530   20.5007
    0.0757   -0.4319   -0.8987
   -0.8184    0.4880   -0.3034
    0.5696    0.7585   -0.3165
...    86 T-A ...
 -147.3108  -26.5169   19.5505
   -0.3390   -0.1048   -0.9349
   -0.7375    0.6466    0.1950
    0.5841    0.7556   -0.2965
...    87 C-G ...
 -145.3273  -24.1260   18.4582
   -0.7053    0.3088   -0.6380
   -0.3848    0.5891    0.7106
    0.5953    0.7467   -0.2966
...    88 C-G ...
 -143.2908  -21.7362   17.2114
   -0.8272    0.5471   -0.1278
    0.0686    0.3242    0.9435
    0.5577    0.7717   -0.3057
...    89 G-C ...
 -141.2396  -19.1490   16.6772
   -0.6895    0.5681    0.4492
    0.5127   -0.0552    0.8568
    0.5116    0.8211   -0.2532
...    90 C-G ...
 -139.7864  -16.4046   15.5366
   -0.3279    0.4061    0.8529
    0.7955   -0.3683    0.4812
    0.5096    0.8363   -0.2023
...    91 T-A ...
 -138.3858  -13.4774   14.9448
    0.0857    0.0888    0.9924
    0.8506   -0.5252   -0.0264
    0.5188    0.8464   -0.1206
...    92 T-A ...
 -136.8852  -10.6313   14.6752
    0.5158   -0.2534    0.8184
    0.6627   -0.4873   -0.5686
    0.5429    0.8357   -0.0834
...    93 T-A ...
 -135.2096   -7.8736   14.6518
    0.7670   -0.5199    0.3760
    0.2781   -0.2587   -0.9250
    0.5782    0.8141   -0.0539
...    94 A-T ...
 -133.0611   -5.3344   14.8741
    0.7012   -0.6928   -0.1688
   -0.1366    0.1017   -0.9854
    0.6998    0.7140   -0.0233
...    95 A-T ...
 -130.6465   -3.1832   15.0409
    0.4941   -0.5317   -0.6879
   -0.4869    0.4863   -0.7256
    0.7203    0.6934   -0.0186
...    96 C-G ...
 -127.8685   -1.3886   15.2765
    0.1539   -0.2207   -0.9631
   -0.6508    0.7108   -0.2668
    0.7435    0.6678   -0.0342
...    97 A-T ...
 -125.4783    0.9022   15.0503
   -0.2952    0.1728   -0.9397
   -0.5898    0.7408    0.3215
    0.7517    0.6491   -0.1168
...    98 C-G ...
 -122.7031    2.5882   14.2940
   -0.5650    0.5313   -0.6312
   -0.3391    0.5479    0.7647
    0.7522    0.6462   -0.1294
...    99 T-A ...
 -120.2087    4.6379   13.5320
   -0.6837    0.7187   -0.1268
    0.0198    0.1919    0.9812
    0.7295    0.6683   -0.1454
...   100 T-A ...
 -117.8520    6.7462   12.7674
   -0.5328    0.7139    0.4543
    0.3950   -0.2650    0.8796
    0.7484    0.6481   -0.1408
...   101 T-A ...
 -115.5491    8.9328   12.0912
   -0.2116    0.4391    0.8732
    0.6159   -0.6338    0.4680
    0.7589    0.6368   -0.1363
...   102 A-T ...
 -112.9774   11.0172   11.7591
    0.1229   -0.0595    0.9906
    0.6298   -0.7667   -0.1242
    0.7669    0.6392   -0.0567
...   103 T-A ...
 -110.8904   13.5428   11.8738
    0.4037   -0.4473    0.7981
    0.4844   -0.6355   -0.6012
    0.7761    0.6293   -0.0398
...   104 G-C ...
 -108.1364   15.4294   11.9138
    0.4956   -0.8003    0.3374
    0.2108   -0.2660   -0.9406
    0.8426    0.5373    0.0368
...   105 C-G ...
 -105.3413   17.0667   12.5459
    0.4785   -0.8498   -0.2212
   -0.0656    0.2166   -0.9740
    0.8756    0.4806    0.0479
...   106 T-A ...
 -102.3170   18.3329   12.9802
    0.3119   -0.6465   -0.6962
   -0.2673    0.6434   -0.7173
    0.9117    0.4099    0.0278
...   107 T-A ...
  -99.2657   19.4091   13.2284
    0.1066   -0.1722   -0.9793
   -0.3867    0.9002   -0.2004
    0.9160    0.4000    0.0294
...   108 C-G ...
  -96.2107   20.5902   13.1996
   -0.1612    0.3766   -0.9123
   -0.3565    0.8397    0.4096
    0.9203    0.3912   -0.0012
...   109 C-G ...
  -93.0610   21.7509   12.8600
   -0.3906    0.7440   -0.5421
   -0.1855    0.5132    0.8380
    0.9017    0.4279   -0.0625
...   110 G-C ...
  -90.1585   23.4017   13.0081
   -0.5036    0.8635    0.0263
    0.0898    0.0220    0.9957
    0.8593    0.5038   -0.0887
...   111 G-C ...
  -87.3733   25.2145   12.4587
   -0.4333    0.6994    0.5684
    0.3610   -0.4432    0.8205
    0.8258    0.5608   -0.0604
...   112 C-G ...
  -84.8670   27.3372   12.0333
   -0.2002    0.3227    0.9251
    0.5416   -0.7504    0.3790
    0.8165    0.5769   -0.0245
...   113 T-A ...
  -82.3756   29.5171   12.0647
    0.0643   -0.1513    0.9864
    0.5756   -0.8018   -0.1605
    0.8152    0.5781    0.0355
...   114 C-G ...
  -79.7559   31.4639   12.2981
    0.3539   -0.6122    0.7071
    0.4345   -0.5618   -0.7040
    0.8282    0.5564    0.0672
...   115 G-C ...
  -76.8270   33.0615   12.3445
    0.4233   -0.8845    0.1960
    0.1922   -0.1237   -0.9735
    0.8854    0.4498    0.1176
...   116 T-A ...
  -73.9735   34.3728   13.3601
    0.4228   -0.8410   -0.3375
   -0.0480    0.3511   -0.9351
    0.9049    0.4116    0.1081
...   117 A-T ...
  -70.8725   35.5217   13.7494
    0.2286   -0.5388   -0.8109
   -0.2464    0.7738   -0.5836
    0.9418    0.3332    0.0442
...   118 T-A ...
  -67.6408   35.9720   14.1259
    0.0621   -0.0854   -0.9944
   -0.3211    0.9417   -0.1009
    0.9450    0.3255    0.0310
...   119 A-T ...
  -64.4917   37.0460   14.0985
   -0.2046    0.4454   -0.8716
   -0.2672    0.8312    0.4875
    0.9417    0.3326   -0.0510
...   120 A-T ...
  -61.3974   37.9377   13.7035
   -0.3186    0.8372   -0.4445
   -0.0971    0.4376    0.8939
    0.9429    0.3280   -0.0581
...   121 T-A ...
  -58.3505   38.8444   12.8379
   -0.3209    0.9448    0.0666
    0.0809   -0.0427    0.9958
    0.9436    0.3250   -0.0627
...   122 G-C ...
  -55.2557   40.0450   12.9173
   -0.2899    0.7237    0.6262
    0.2785   -0.5622    0.7787
    0.9156    0.4002   -0.0385
...   123 T-A ...
  -52.4955   41.8349   12.4628
   -0.1176    0.3170    0.9411
    0.3912   -0.8563    0.3373
    0.9128    0.4078   -0.0233
...   124 G-C ...
  -49.3923   43.0070   12.5987
    0.0527   -0.2587    0.9645
    0.4051   -0.8773   -0.2574
    0.9127    0.4043    0.0586
...   125 T-A ...
  -46.6449   44.7897   13.1501
    0.2324   -0.6870    0.6885
    0.3139   -0.6170   -0.7217
    0.9206    0.3838    0.0722
...   126 C-G ...
  -43.6476   46.0610   13.5146
    0.3364   -0.9317    0.1373
    0.1186   -0.1028   -0.9876
    0.9342    0.3485    0.0759
...   127 G-C ...
  -40.4978   47.1563   13.4503
    0.2182   -0.8765   -0.4292
   -0.0703    0.4245   -0.9027
    0.9734    0.2271    0.0310
...   128 A-T ...
  -37.3065   47.7968   13.6288
    0.0816   -0.4873   -0.8694
   -0.1750    0.8518   -0.4938
    0.9812    0.1925   -0.0158
...   129 C-G ...
  -34.0210   47.7799   13.6912
   -0.0679    0.0067   -0.9977
   -0.1746    0.9845    0.0185
    0.9823    0.1755   -0.0657
...   130 C-G ...
  -30.7068   48.0453   13.1611
   -0.2498    0.5080   -0.8243
   -0.0728    0.8390    0.5392
    0.9655    0.1947   -0.1726
...   131 A-T ...
  -27.5428   48.8603   12.5255
   -0.3501    0.8632   -0.3638
    0.1308    0.4297    0.8935
    0.9275    0.2652   -0.2633
...   132 A-T ...
  -24.6266   49.7024   11.3766
   -0.2065    0.9570    0.2037
    0.3183   -0.1312    0.9389
    0.9252    0.2587   -0.2775
...   133 A-T ...
  -21.7492   50.6778   10.2158
    0.0370    0.7176    0.6954
    0.3819   -0.6532    0.6538
    0.9234    0.2414   -0.2983
...   134 T-A ...
  -19.0160   52.0245    8.9249
    0.2452    0.2905    0.9249
    0.3073   -0.9281    0.2101
    0.9195    0.2328   -0.3169
...   135 G-C ...
  -16.4638   53.8825    7.5152
    0.5339   -0.3333    0.7771
    0.0346   -0.9097   -0.4139
    0.8449    0.2479   -0.4741
...   136 T-A ...
  -14.1750   56.5547    6.1807
    0.5795   -0.7269    0.3685
   -0.3141   -0.6164   -0.7221
    0.7521    0.3026   -0.5855
...   137 G-C ...
  -11.6539   57.9993    4.7203
    0.2452   -0.9542   -0.1714
   -0.6323   -0.0234   -0.7744
    0.7349    0.2983   -0.6091
...   138 A-T ...
   -8.6759   58.7134    3.6023
   -0.0345   -0.7815   -0.6229
   -0.6536    0.4891   -0.5775
    0.7560    0.3872   -0.5277
...   139 G-C ...
   -6.3276   59.0728    1.6295
   -0.2969   -0.3279   -0.8968
   -0.5657    0.8171   -0.1114
    0.7693    0.4742   -0.4281
...   140 C-G ...
   -3.4370   60.2279    1.0286
   -0.4426    0.2287   -0.8671
   -0.1681    0.9286    0.3308
    0.8808    0.2922   -0.3725
...   141 G-C ...
   -0.6977   63.8912   -2.2511
   -0.9992    0.0157   -0.0376
   -0.0024    0.8991    0.4378
    0.0407    0.4375   -0.8983
...   142 C-G ...
   -1.0065   65.5989   -4.9402
   -0.8337    0.5216    0.1813
    0.5170    0.6219    0.5881
    0.1940    0.5841   -0.7882
...   143 T-A ...
   -0.1333   66.2085   -7.8197
   -0.3753    0.8566    0.3540
    0.8856    0.2187    0.4098
    0.2736    0.4673   -0.8407
...   144 C-G ...
   -0.1667   67.4021  -10.8068
    0.1797    0.8793    0.4411
    0.9277   -0.3007    0.2214
    0.3273    0.3694   -0.8697
...   145 A-T ...
    0.5266   69.2313  -13.4660
    0.7352    0.4964    0.4616
    0.6118   -0.7791   -0.1367
    0.2918    0.3829   -0.8765
...   146 C-G ...
    1.4337   72.0893  -15.6020
    0.9809    0.0621    0.1844
    0.1264   -0.9240   -0.3608
    0.1480    0.3772   -0.9142
...   147 A-T ...
    2.3046   74.2223  -18.3864
    0.8657   -0.4292   -0.2575
   -0.4984   -0.7868   -0.3642
   -0.0463    0.4436   -0.8950
