  147 base-pairs
...     1 A-T ...
    0.0000    0.0000    0.0000
    1.0000    0.0000    0.0000
    0.0000    1.0000    0.0000
    0.0000    0.0000    1.0000
...     2 G-C ...
   -0.1394   -1.2357    3.2268
    0.7529    0.6366    0.1670
   -0.6386    0.7680   -0.0486
   -0.1592   -0.0700    0.9848
...     3 T-A ...
   -0.0365   -3.2932    6.3751
    0.2722    0.9301    0.2466
   -0.9238    0.3243   -0.2033
   -0.2691   -0.1725    0.9475
...     4 G-C ...
   -0.3505   -4.1660    9.4928
   -0.3756    0.9250    0.0579
   -0.8781   -0.3352   -0.3415
   -0.2965   -0.1791    0.9381
...     5 A-T ...
   -0.4462   -4.1476   12.7498
   -0.8116    0.5840   -0.0165
   -0.5523   -0.7762   -0.3042
   -0.1905   -0.2378    0.9524
...     6 G-C ...
   -1.5908   -4.1730   15.6201
   -0.9976    0.0246   -0.0651
   -0.0043   -0.9555   -0.2950
   -0.0695   -0.2940    0.9533
...     7 C-G ...
   -1.1030   -4.4824   18.7362
   -0.8441   -0.5304   -0.0787
    0.5345   -0.8441   -0.0432
   -0.0435   -0.0785    0.9960
...     8 G-C ...
   -2.4028   -7.7290   23.1475
   -0.2754   -0.3293   -0.9032
    0.6650   -0.7437    0.0684
   -0.6942   -0.5818    0.4238
...     9 C-G ...
   -4.4690   -9.9728   24.1132
    0.1145   -0.7025   -0.7024
    0.8512   -0.2952    0.4340
   -0.5122   -0.6476    0.5642
...    10 T-A ...
   -6.7405  -10.8752   25.9697
    0.4841   -0.8363   -0.2574
    0.6595    0.1553    0.7355
   -0.5751   -0.5258    0.6267
...    11 C-G ...
   -9.1656  -12.6208   27.1640
    0.7073   -0.6682    0.2307
    0.3448    0.6110    0.7126
   -0.6171   -0.4245    0.6626
...    12 A-T ...
  -10.9234  -14.6633   29.0693
    0.7515   -0.1377    0.6452
   -0.2029    0.8824    0.4246
   -0.6277   -0.4500    0.6352
...    13 C-G ...
  -11.8476  -17.4863   31.2451
    0.4295    0.2823    0.8578
   -0.5708    0.8209    0.0156
   -0.6998   -0.4963    0.5137
...    14 A-T ...
  -13.5897  -19.7827   33.4259
   -0.1504    0.6104    0.7777
   -0.6874    0.5008   -0.5260
   -0.7106   -0.6136    0.3443
...    15 A-T ...
  -15.7071  -21.8097   34.8033
   -0.4927    0.7950    0.3538
   -0.4987    0.0752   -0.8635
   -0.7131   -0.6019    0.3594
...    16 T-A ...
  -17.7530  -23.6402   36.6108
   -0.6682    0.7338   -0.1227
   -0.1949   -0.3318   -0.9230
   -0.7180   -0.5928    0.3647
...    17 T-A ...
  -20.0536  -25.3992   38.0710
   -0.6630    0.4273   -0.6147
    0.2044   -0.6865   -0.6978
   -0.7202   -0.5883    0.3678
...    18 T-A ...
  -22.4773  -27.0608   39.4456
   -0.4391   -0.0283   -0.8980
    0.5367   -0.8098   -0.2369
   -0.7205   -0.5860    0.3708
...    19 A-T ...
  -24.8410  -29.0721   40.6190
   -0.0138   -0.4582   -0.8887
    0.6781   -0.6575    0.3285
   -0.7348   -0.5981    0.3197
...    20 T-A ...
  -27.6599  -30.6356   41.2762
    0.3260   -0.7241   -0.6078
    0.5946   -0.3427    0.7273
   -0.7350   -0.5985    0.3188
...    21 T-A ...
  -30.1880  -32.5111   42.0576
    0.5999   -0.7941   -0.0976
    0.3130    0.1207    0.9420
   -0.7363   -0.5957    0.3210
...    22 C-G ...
  -32.5403  -34.5662   43.0042
    0.6949   -0.5601    0.4510
   -0.0962    0.5491    0.8302
   -0.7126   -0.6203    0.3277
...    23 G-C ...
  -34.8593  -36.4572   44.4447
    0.6079   -0.1016    0.7875
   -0.4762    0.7470    0.4639
   -0.6354   -0.6570    0.4057
...    24 C-G ...
  -36.6056  -38.9331   45.7501
    0.2917    0.3440    0.8925
   -0.7337    0.6791   -0.0220
   -0.6137   -0.6484    0.4505
...    25 A-T ...
  -38.6554  -41.0047   47.3386
   -0.0913    0.7263    0.6813
   -0.7926    0.3612   -0.4912
   -0.6028   -0.5849    0.5427
...    26 A-T ...
  -40.3831  -42.9082   49.3142
   -0.5081    0.8105    0.2916
   -0.6104   -0.0999   -0.7858
   -0.6077   -0.5772    0.5454
...    27 A-T ...
  -42.2299  -44.6466   51.3304
   -0.7515    0.6294   -0.1976
   -0.2304   -0.5311   -0.8154
   -0.6182   -0.5672    0.5441
...    28 G-C ...
  -44.2961  -46.2309   53.3535
   -0.7143    0.3164   -0.6243
    0.1734   -0.7842   -0.5958
   -0.6781   -0.5338    0.5052
...    29 G-C ...
  -46.8017  -47.6618   55.0862
   -0.4490   -0.0900   -0.8890
    0.4988   -0.8507   -0.1657
   -0.7414   -0.5178    0.4269
...    30 C-G ...
  -49.5311  -49.0091   56.3360
   -0.0767   -0.5013   -0.8619
    0.6429   -0.6856    0.3415
   -0.7621   -0.5279    0.3749
...    31 C-G ...
  -52.2771  -50.7338   57.2139
    0.3369   -0.7439   -0.5772
    0.5559   -0.3376    0.7596
   -0.7599   -0.5768    0.2997
...    32 G-C ...
  -54.4987  -52.8934   58.4279
    0.6539   -0.7510   -0.0916
    0.2429    0.0938    0.9655
   -0.7165   -0.6536    0.2438
...    33 G-C ...
  -56.7879  -55.3115   58.9403
    0.7266   -0.5404    0.4243
   -0.1657    0.4616    0.8715
   -0.6668   -0.7035    0.2459
...    34 C-G ...
  -58.7725  -57.9054   59.4972
    0.5414   -0.1836    0.8204
   -0.5379    0.6743    0.5059
   -0.6461   -0.7152    0.2664
...    35 C-G ...
  -60.6648  -60.5566   60.3964
    0.2156    0.2554    0.9425
   -0.7488    0.6628   -0.0083
   -0.6268   -0.7039    0.3341
...    36 C-G ...
  -62.4758  -63.1152   61.6685
   -0.1593    0.6251    0.7641
   -0.7498    0.4268   -0.5056
   -0.6422   -0.6535    0.4007
...    37 G-C ...
  -64.8339  -65.1525   62.8177
   -0.4463    0.8370    0.3166
   -0.5492    0.0232   -0.8354
   -0.7065   -0.5467    0.4494
...    38 A-T ...
  -67.0736  -66.9085   64.3883
   -0.6328    0.7369   -0.2378
   -0.2027   -0.4540   -0.8677
   -0.7474   -0.5008    0.4366
...    39 C-G ...
  -69.4820  -68.0770   66.2702
   -0.6061    0.4372   -0.6645
    0.1303   -0.7696   -0.6251
   -0.7847   -0.4654    0.4095
...    40 A-T ...
  -72.1961  -69.5481   67.5175
   -0.3283    0.0218   -0.9443
    0.3890   -0.9079   -0.1562
   -0.8608   -0.4186    0.2896
...    41 C-G ...
  -75.2850  -70.3199   68.3052
   -0.0496   -0.4213   -0.9056
    0.4746   -0.8077    0.3498
   -0.8788   -0.4125    0.2400
...    42 G-C ...
  -78.0141  -72.1034   68.9680
    0.3054   -0.7472   -0.5903
    0.3569   -0.4849    0.7984
   -0.8828   -0.4545    0.1186
...    43 A-T ...
  -80.8991  -73.6459   69.1695
    0.4656   -0.8848   -0.0161
    0.0886    0.0285    0.9957
   -0.8805   -0.4650    0.0916
...    44 C-G ...
  -83.7168  -75.4002   68.8569
    0.4439   -0.7418    0.5027
   -0.1769    0.4775    0.8607
   -0.8785   -0.4709    0.0807
...    45 T-A ...
  -86.4651  -77.2550   68.9667
    0.3066   -0.3714    0.8764
   -0.3896    0.7911    0.4716
   -0.8685   -0.4860    0.0979
...    46 T-A ...
  -89.1472  -79.0972   69.1312
    0.0033    0.1281    0.9918
   -0.4729    0.8741   -0.1113
   -0.8811   -0.4686    0.0634
...    47 A-T ...
  -92.1022  -80.6068   69.3291
   -0.2208    0.6343    0.7409
   -0.3733    0.6468   -0.6650
   -0.9010   -0.4234    0.0940
...    48 C-G ...
  -94.8303  -82.2361   70.1595
   -0.3327    0.8952    0.2966
   -0.2028    0.2393   -0.9495
   -0.9210   -0.3761    0.1019
...    49 T-A ...
  -97.8521  -83.3310   70.8541
   -0.2892    0.9296   -0.2285
   -0.0190   -0.2443   -0.9695
   -0.9571   -0.2761    0.0883
...    50 G-C ...
 -101.1331  -83.9240   71.0775
   -0.0872    0.6993   -0.7095
    0.0978   -0.7027   -0.7047
   -0.9914   -0.1308   -0.0071
...    51 T-A ...
 -104.3723  -83.7239   71.2792
    0.0399    0.2626   -0.9641
    0.1013   -0.9610   -0.2575
   -0.9941   -0.0873   -0.0650
...    52 A-T ...
 -107.6443  -83.7186   70.7510
    0.2200   -0.2811   -0.9341
   -0.0082   -0.9581    0.2864
   -0.9755   -0.0553   -0.2131
...    53 G-C ...
 -110.7904  -83.6243   69.7526
    0.2328   -0.7328   -0.6393
   -0.1728   -0.6781    0.7143
   -0.9570   -0.0558   -0.2846
...    54 G-C ...
 -113.8385  -83.9202   68.3264
    0.1424   -0.9804   -0.1362
   -0.3283   -0.1766    0.9279
   -0.9338   -0.0875   -0.3470
...    55 T-A ...
 -116.6787  -84.2800   66.5884
   -0.0667   -0.9269    0.3693
   -0.3603    0.3675    0.8574
   -0.9305   -0.0759   -0.3584
...    56 A-T ...
 -119.9625  -83.9396   65.7267
   -0.3818   -0.4579    0.8028
   -0.1817    0.8889    0.4206
   -0.9062    0.0147   -0.4225
...    57 T-A ...
 -122.8335  -84.5430   64.1780
   -0.4424    0.0622    0.8946
    0.0622    0.9973   -0.0386
   -0.8947    0.0385   -0.4451
...    58 C-G ...
 -125.7384  -84.5266   62.6389
   -0.2835    0.6319    0.7213
    0.3401    0.7696   -0.5405
   -0.8966    0.0921   -0.4331
...    59 T-A ...
 -128.8249  -84.2986   61.4972
    0.0220    0.9222    0.3860
    0.4486    0.3359   -0.8282
   -0.8934    0.1914   -0.4063
...    60 C-G ...
 -131.7509  -83.6236   60.2702
    0.3576    0.9277   -0.1074
    0.3530   -0.2407   -0.9041
   -0.8646    0.2854   -0.4135
...    61 G-C ...
 -134.4181  -82.4473   58.6616
    0.6520    0.5924   -0.4733
    0.0645   -0.6653   -0.7438
   -0.7555    0.4544   -0.4720
...    62 A-T ...
 -136.6752  -80.7468   57.0625
    0.6304    0.0743   -0.7727
   -0.3554   -0.8573   -0.3725
   -0.6901    0.5095   -0.5140
...    63 G-C ...
 -138.6322  -78.7545   55.3054
    0.4036   -0.4147   -0.8156
   -0.6726   -0.7388    0.0428
   -0.6203    0.5313   -0.5771
...    64 C-G ...
 -140.2167  -76.8903   53.0571
   -0.0167   -0.7614   -0.6480
   -0.8189   -0.3614    0.4457
   -0.5736    0.5381   -0.6176
...    65 T-A ...
 -141.8181  -75.1571   50.7156
   -0.4526   -0.8376   -0.3058
   -0.7071    0.1282    0.6954
   -0.5433    0.5310   -0.6503
...    66 C-G ...
 -143.5471  -73.4767   48.4548
   -0.8055   -0.5719    0.1552
   -0.2888    0.6076    0.7399
   -0.5175    0.5512   -0.6545
...    67 G-C ...
 -145.1676  -71.1884   46.6297
   -0.8017   -0.1400    0.5810
    0.2455    0.8093    0.5337
   -0.5449    0.5705   -0.6145
...    68 G-C ...
 -146.9376  -69.4384   44.3379
   -0.4979    0.2851    0.8190
    0.6669    0.7296    0.1515
   -0.5544    0.6216   -0.5534
...    69 G-C ...
 -148.9305  -67.5674   42.3595
   -0.0061    0.5600    0.8285
    0.8486    0.4411   -0.2919
   -0.5289    0.7013   -0.4779
...    70 A-T ...
 -150.7001  -65.3433   40.8060
    0.5177    0.6459    0.5610
    0.7116    0.0388   -0.7015
   -0.4749    0.7624   -0.4396
...    71 T-A ...
 -152.5106  -62.7806   39.9814
    0.8246    0.5369    0.1781
    0.3694   -0.2727   -0.8884
   -0.4284    0.7984   -0.4232
...    72 C-G ...
 -153.6930  -60.0493   38.7303
    0.9272    0.2154   -0.3064
   -0.1684   -0.4909   -0.8548
   -0.3345    0.8442   -0.4189
...    73 C-G ...
 -154.2277  -56.9749   37.4738
    0.7353   -0.1724   -0.6555
   -0.6475   -0.4643   -0.6042
   -0.2002    0.8687   -0.4531
...    74 T-A ...
 -154.3827  -54.0241   36.0152
    0.3059   -0.4418   -0.8434
   -0.9459   -0.2418   -0.2165
   -0.1083    0.8639   -0.4918
...    75 C-G ...
 -154.5295  -51.3036   34.1903
   -0.3070   -0.4985   -0.8107
   -0.9497    0.1045    0.2953
   -0.0625    0.8606   -0.5054
...    76 A-T ...
 -154.9796  -48.4427   32.5959
   -0.8024   -0.3635   -0.4734
   -0.5939    0.4072    0.6939
   -0.0595    0.8379   -0.5426
...    77 T-A ...
 -154.8332  -46.0411   30.2906
   -0.9957   -0.0594   -0.0713
   -0.0919    0.5249    0.8462
   -0.0129    0.8491   -0.5281
...    78 G-C ...
 -154.7914  -43.0609   28.8555
   -0.8607    0.2215    0.4584
    0.5075    0.4461    0.7372
   -0.0412    0.8671   -0.4964
...    79 T-A ...
 -155.3141  -40.4515   26.8546
   -0.4682    0.4020    0.7869
    0.8832    0.2387    0.4036
   -0.0256    0.8840   -0.4668
...    80 T-A ...
 -155.6010  -37.6373   25.2814
    0.1075    0.4426    0.8903
    0.9942   -0.0504   -0.0950
    0.0028    0.8953   -0.4454
...    81 A-T ...
 -155.7764  -34.5288   24.1119
    0.6036    0.1799    0.7767
    0.7911   -0.2565   -0.5553
    0.0993    0.9496   -0.2971
...    82 T-A ...
 -155.7892  -31.3038   23.7111
    0.9054   -0.0186    0.4242
    0.3991   -0.3038   -0.8651
    0.1450    0.9526   -0.2676
...    83 A-T ...
 -154.9785  -28.0595   23.4794
    0.9282   -0.3720   -0.0108
   -0.0868   -0.1880   -0.9783
    0.3619    0.9090   -0.2068
...    84 A-T ...
 -153.5846  -25.1801   23.0534
    0.7120   -0.4527   -0.5368
   -0.5668    0.0809   -0.8199
    0.4146    0.8880   -0.1990
...    85 C-G ...
 -151.6534  -22.5091   22.7892
    0.3066   -0.3736   -0.8755
   -0.8331    0.3395   -0.4366
    0.4603    0.8632   -0.2072
...    86 G-C ...
 -150.3319  -19.6450   21.6866
   -0.2430   -0.1764   -0.9538
   -0.8204    0.5620    0.1051
    0.5175    0.8081   -0.2813
...    87 G-C ...
 -148.3932  -17.1472   20.4746
   -0.6729    0.1318   -0.7279
   -0.5335    0.5952    0.6010
    0.5125    0.7927   -0.3302
...    88 A-T ...
 -146.5951  -14.6296   19.3326
   -0.8519    0.4720   -0.2270
   -0.0285    0.3911    0.9199
    0.5230    0.7901   -0.3198
...    89 G-C ...
 -144.8766  -12.1141   18.0102
   -0.7517    0.5827    0.3089
    0.4201    0.0620    0.9054
    0.5084    0.8104   -0.2914
...    90 C-G ...
 -143.3610   -9.4632   16.7123
   -0.4221    0.4870    0.7646
    0.7508   -0.2848    0.5959
    0.5080    0.8256   -0.2454
...    91 T-A ...
 -141.9487   -6.5858   15.9145
   -0.0103    0.2036    0.9790
    0.8564   -0.5036    0.1137
    0.5162    0.8396   -0.1692
...    92 T-A ...
 -140.4570   -3.7606   15.4432
    0.4417   -0.1474    0.8850
    0.7159   -0.5366   -0.4467
    0.5407    0.8308   -0.1315
...    93 T-A ...
 -138.7961   -1.0037   15.2378
    0.7311   -0.4640    0.5003
    0.3606   -0.3598   -0.8605
    0.5793    0.8095   -0.0958
...    94 A-T ...
 -136.6625    1.5583   15.3971
    0.7023   -0.7117   -0.0180
   -0.0417   -0.0159   -0.9990
    0.7107    0.7023   -0.0409
...    95 A-T ...
 -134.2285    3.6858   15.5187
    0.5408   -0.6198   -0.5688
   -0.4051    0.4007   -0.8218
    0.7372    0.6748   -0.0343
...    96 C-G ...
 -131.4276    5.4355   15.7869
    0.2321   -0.3419   -0.9106
   -0.6013    0.6855   -0.4106
    0.7646    0.6429   -0.0465
...    97 A-T ...
 -128.9319    7.6077   15.4807
   -0.2061    0.0611   -0.9766
   -0.5867    0.7910    0.1733
    0.7831    0.6087   -0.1272
...    98 C-G ...
 -126.0310    9.1037   14.7699
   -0.4869    0.4665   -0.7384
   -0.3787    0.6490    0.6598
    0.7871    0.6009   -0.1393
...    99 T-A ...
 -123.3845   10.9552   13.9899
   -0.6353    0.7240   -0.2689
   -0.0500    0.3089    0.9498
    0.7707    0.6168   -0.1601
...   100 T-A ...
 -120.8604   12.8487   13.1825
   -0.5236    0.7882    0.3236
    0.3110   -0.1768    0.9338
    0.7932    0.5895   -0.1525
...   101 T-A ...
 -118.3786   14.8121   12.4417
   -0.2429    0.5505    0.7987
    0.5397   -0.6074    0.5829
    0.8061    0.5726   -0.1495
...   102 A-T ...
 -115.5985   16.6147   12.0641
    0.0687    0.0471    0.9965
    0.5788   -0.8154   -0.0014
    0.8125    0.5769   -0.0833
...   103 T-A ...
 -113.3399   18.9913   12.0142
    0.3318   -0.3797    0.8635
    0.4648   -0.7307   -0.5000
    0.8209    0.5673   -0.0660
...   104 G-C ...
 -110.4504   20.6701   11.9790
    0.4195   -0.7902    0.4467
    0.2317   -0.3826   -0.8944
    0.8777    0.4787    0.0226
...   105 C-G ...
 -107.5668   22.1650   12.5771
    0.4219   -0.9004   -0.1060
   -0.0077    0.1133   -0.9935
    0.9066    0.4200    0.0409
...   106 T-A ...
 -104.4695   23.2455   13.0197
    0.2888   -0.7378   -0.6101
   -0.1875    0.5813   -0.7917
    0.9389    0.3431    0.0295
...   107 T-A ...
 -101.3546   24.1151   13.2938
    0.1304   -0.2806   -0.9509
   -0.3066    0.9007   -0.3078
    0.9429    0.3317    0.0314
...   108 C-G ...
  -98.2132   25.0544   13.2817
   -0.0963    0.2935   -0.9511
   -0.3033    0.9014    0.3089
    0.9480    0.3182    0.0022
...   109 C-G ...
  -94.9658   25.9319   12.9709
   -0.3087    0.7155   -0.6267
   -0.1731    0.6056    0.7767
    0.9353    0.3483   -0.0631
...   110 G-C ...
  -91.9364   27.3537   13.0946
   -0.4298    0.8999   -0.0733
    0.0569    0.1080    0.9925
    0.9011    0.4224   -0.0977
...   111 G-C ...
  -88.9804   28.8632   12.5096
   -0.3901    0.7812    0.4874
    0.2945   -0.3957    0.8699
    0.8724    0.4829   -0.0757
...   112 C-G ...
  -86.2806   30.7189   11.9995
   -0.1997    0.4182    0.8861
    0.4625   -0.7570    0.4615
    0.8638    0.5020   -0.0423
...   113 T-A ...
  -83.6034   32.6695   11.9400
    0.0237   -0.0726    0.9971
    0.5083   -0.8580   -0.0745
    0.8609    0.5086    0.0165
...   114 C-G ...
  -80.8255   34.3971   12.1024
    0.2829   -0.5800    0.7639
    0.4024   -0.6512   -0.6434
    0.8707    0.4894    0.0491
...   115 G-C ...
  -77.7624   35.7367   12.1058
    0.3454   -0.8977    0.2737
    0.2030   -0.2133   -0.9557
    0.9162    0.3857    0.1086
...   116 T-A ...
  -74.8272   36.8851   13.1007
    0.3619   -0.8938   -0.2649
   -0.0004    0.2840   -0.9588
    0.9322    0.3472    0.1024
...   117 A-T ...
  -71.6554   37.8483   13.4579
    0.2083   -0.6029   -0.7701
   -0.1780    0.7509   -0.6360
    0.9617    0.2696    0.0491
...   118 T-A ...
  -68.4068   38.0988   13.8927
    0.0786   -0.1487   -0.9858
   -0.2529    0.9535   -0.1640
    0.9643    0.2622    0.0374
...   119 A-T ...
  -65.1894   38.9671   13.8994
   -0.1535    0.4112   -0.8985
   -0.2218    0.8717    0.4369
    0.9629    0.2664   -0.0426
...   120 A-T ...
  -62.0331   39.6335   13.5494
   -0.2530    0.8325   -0.4929
   -0.0881    0.4876    0.8686
    0.9634    0.2632   -0.0500
...   121 T-A ...
  -58.9146   40.2969   12.7210
   -0.2615    0.9651    0.0139
    0.0566    0.0009    0.9984
    0.9635    0.2619   -0.0548
...   122 G-C ...
  -55.7466   41.3026   12.8274
   -0.2576    0.7676    0.5868
    0.2279   -0.5419    0.8089
    0.9390    0.3421   -0.0354
...   123 T-A ...
  -52.8737   42.9025   12.3604
   -0.1162    0.3633    0.9244
    0.3335   -0.8624    0.3808
    0.9356    0.3525   -0.0209
...   124 G-C ...
  -49.6981   43.8727   12.5195
    0.0250   -0.2243    0.9742
    0.3596   -0.9073   -0.2181
    0.9328    0.3557    0.0579
...   125 T-A ...
  -46.8590   45.5209   13.0528
    0.1891   -0.6738    0.7143
    0.2895   -0.6568   -0.6963
    0.9383    0.3385    0.0708
...   126 C-G ...
  -43.7978   46.6485   13.4106
    0.2925   -0.9414    0.1679
    0.1218   -0.1375   -0.9830
    0.9485    0.3080    0.0744
...   127 G-C ...
  -40.5996   47.6157   13.3253
    0.1885   -0.8937   -0.4072
   -0.0489    0.4056   -0.9128
    0.9808    0.1920    0.0328
...   128 A-T ...
  -37.3856   48.1604   13.5186
    0.0718   -0.5054   -0.8599
   -0.1450    0.8477   -0.5103
    0.9868    0.1613   -0.0124
...   129 C-G ...
  -34.0981   48.0482   13.6105
   -0.0617   -0.0055   -0.9981
   -0.1469    0.9891    0.0036
    0.9872    0.1469   -0.0618
...   130 C-G ...
  -30.7665   48.2103   13.1266
   -0.2341    0.5045   -0.8311
   -0.0565    0.8463    0.5296
    0.9706    0.1709   -0.1696
...   131 A-T ...
  -27.5739   48.9405   12.4988
   -0.3347    0.8657   -0.3722
    0.1352    0.4350    0.8902
    0.9326    0.2476   -0.2627
...   132 A-T ...
  -24.6413   49.7349   11.3636
   -0.1983    0.9600    0.1977
    0.3161   -0.1283    0.9400
    0.9278    0.2489   -0.2780
...   133 A-T ...
  -21.7528   50.6841   10.2134
    0.0380    0.7193    0.6936
    0.3797   -0.6525    0.6558
    0.9243    0.2385   -0.2979
...   134 T-A ...
  -19.0159   52.0243    8.9250
    0.2452    0.2905    0.9249
    0.3073   -0.9281    0.2101
    0.9195    0.2328   -0.3169
...   135 G-C ...
  -16.4636   53.8824    7.5153
    0.5339   -0.3333    0.7771
    0.0346   -0.9097   -0.4139
    0.8449    0.2479   -0.4741
...   136 T-A ...
  -14.1748   56.5546    6.1808
    0.5795   -0.7269    0.3685
   -0.3141   -0.6164   -0.7221
    0.7521    0.3026   -0.5855
...   137 G-C ...
  -11.6537   57.9991    4.7204
    0.2452   -0.9542   -0.1714
   -0.6323   -0.0234   -0.7744
    0.7349    0.2983   -0.6091
...   138 A-T ...
   -8.6757   58.7132    3.6025
   -0.0345   -0.7815   -0.6229
   -0.6536    0.4891   -0.5775
    0.7560    0.3872   -0.5277
...   139 G-C ...
   -6.3274   59.0726    1.6297
   -0.2969   -0.3279   -0.8968
   -0.5657    0.8171   -0.1114
    0.7693    0.4742   -0.4281
...   140 C-G ...
   -3.4368   60.2277    1.0287
   -0.4426    0.2287   -0.8671
   -0.1681    0.9286    0.3308
    0.8808    0.2922   -0.3725
...   141 G-C ...
   -0.6975   63.8910   -2.2509
   -0.9992    0.0157   -0.0376
   -0.0024    0.8991    0.4378
    0.0407    0.4375   -0.8983
...   142 C-G ...
   -1.0063   65.5987   -4.9400
   -0.8337    0.5216    0.1813
    0.5170    0.6219    0.5881
    0.1940    0.5841   -0.7882
...   143 T-A ...
   -0.1332   66.2083   -7.8196
   -0.3753    0.8566    0.3540
    0.8856    0.2187    0.4098
    0.2736    0.4673   -0.8407
...   144 C-G ...
   -0.1665   67.4019  -10.8067
    0.1798    0.8793    0.4411
    0.9277   -0.3007    0.2214
    0.3273    0.3694   -0.8697
...   145 A-T ...
    0.5268   69.2311  -13.4659
    0.7352    0.4964    0.4616
    0.6118   -0.7791   -0.1367
    0.2918    0.3829   -0.8765
...   146 C-G ...
    1.4339   72.0891  -15.6018
    0.9809    0.0621    0.1844
    0.1264   -0.9240   -0.3608
    0.1480    0.3772   -0.9142
...   147 A-T ...
    2.3048   74.2221  -18.3863
    0.8657   -0.4292   -0.2575
   -0.4984   -0.7868   -0.3642
   -0.0463    0.4436   -0.8950
