  147 base-pairs
...     1 A-T ...
    0.0000    0.0000    0.0000
    1.0000    0.0000    0.0000
    0.0000    1.0000    0.0000
    0.0000    0.0000    1.0000
...     2 G-C ...
   -0.1394   -1.2357    3.2268
    0.7529    0.6366    0.1670
   -0.6386    0.7680   -0.0486
   -0.1592   -0.0700    0.9848
...     3 T-A ...
   -0.0365   -3.2932    6.3751
    0.2722    0.9301    0.2466
   -0.9238    0.3243   -0.2033
   -0.2691   -0.1725    0.9475
...     4 G-C ...
   -0.3505   -4.1660    9.4928
   -0.3756    0.9250    0.0579
   -0.8781   -0.3352   -0.3415
   -0.2965   -0.1791    0.9381
...     5 A-T ...
   -0.4462   -4.1476   12.7498
   -0.8116    0.5840   -0.0165
   -0.5523   -0.7762   -0.3042
   -0.1905   -0.2378    0.9524
...     6 G-C ...
   -1.5908   -4.1730   15.6201
   -0.9976    0.0246   -0.0651
   -0.0043   -0.9555   -0.2950
   -0.0695   -0.2940    0.9533
...     7 C-G ...
   -1.1030   -4.4824   18.7362
   -0.8441   -0.5304   -0.0787
    0.5345   -0.8441   -0.0432
   -0.0435   -0.0785    0.9960
...     8 G-C ...
   -2.4028   -7.7290   23.1475
   -0.2754   -0.3293   -0.9032
    0.6650   -0.7437    0.0684
   -0.6942   -0.5818    0.4238
...     9 C-G ...
   -4.4690   -9.9728   24.1132
    0.1145   -0.7025   -0.7024
    0.8512   -0.2952    0.4340
   -0.5122   -0.6476    0.5642
...    10 T-A ...
   -6.7405  -10.8752   25.9697
    0.4841   -0.8363   -0.2574
    0.6595    0.1553    0.7355
   -0.5751   -0.5258    0.6267
...    11 C-G ...
   -9.1656  -12.6208   27.1640
    0.7073   -0.6682    0.2307
    0.3448    0.6110    0.7126
   -0.6171   -0.4245    0.6626
...    12 A-T ...
  -10.9234  -14.6633   29.0693
    0.7515   -0.1377    0.6452
   -0.2029    0.8824    0.4246
   -0.6277   -0.4500    0.6352
...    13 C-G ...
  -11.8476  -17.4863   31.2451
    0.4295    0.2823    0.8578
   -0.5708    0.8209    0.0156
   -0.6998   -0.4963    0.5137
...    14 A-T ...
  -13.5897  -19.7827   33.4259
   -0.1504    0.6104    0.7777
   -0.6874    0.5008   -0.5260
   -0.7106   -0.6136    0.3443
...    15 A-T ...
  -15.7143  -21.8050   34.7976
   -0.4915    0.7969    0.3511
   -0.4976    0.0739   -0.8642
   -0.7147   -0.5995    0.3603
...    16 T-A ...
  -17.7692  -23.6222   36.6054
   -0.6650    0.7359   -0.1274
   -0.1941   -0.3351   -0.9220
   -0.7211   -0.5884    0.3657
...    17 T-A ...
  -20.0857  -25.3640   38.0593
   -0.6577    0.4276   -0.6202
    0.2032   -0.6921   -0.6926
   -0.7254   -0.5815    0.3683
...    18 T-A ...
  -22.5283  -27.0030   39.4276
   -0.4338   -0.0330   -0.9004
    0.5324   -0.8156   -0.2266
   -0.7269   -0.5777    0.3714
...    19 A-T ...
  -24.8954  -29.0129   40.6101
   -0.0113   -0.4752   -0.8798
    0.6714   -0.6557    0.3455
   -0.7410   -0.5867    0.3265
...    20 T-A ...
  -27.7326  -30.5430   41.2809
    0.3243   -0.7406   -0.5886
    0.5866   -0.3307    0.7393
   -0.7422   -0.5850    0.3272
...    21 T-A ...
  -30.2873  -32.3744   42.0894
    0.5914   -0.8034   -0.0693
    0.3057    0.1439    0.9412
   -0.7461   -0.5778    0.3307
...    22 C-G ...
  -32.6830  -34.3671   43.0742
    0.6815   -0.5545    0.4776
   -0.0983    0.5773    0.8106
   -0.7252   -0.5993    0.3389
...    23 G-C ...
  -35.0680  -36.1602   44.5415
    0.5941   -0.0823    0.8002
   -0.4700    0.7718    0.4283
   -0.6528   -0.6305    0.4198
...    24 C-G ...
  -36.8876  -38.5557   45.9011
    0.2833    0.3740    0.8831
   -0.7201    0.6911   -0.0617
   -0.6334   -0.6185    0.4651
...    25 A-T ...
  -39.0111  -40.5237   47.5299
   -0.0885    0.7567    0.6478
   -0.7760    0.3553   -0.5211
   -0.6244   -0.5488    0.5558
...    26 A-T ...
  -40.8203  -42.2996   49.5488
   -0.4943    0.8343    0.2440
   -0.5983   -0.1229   -0.7918
   -0.6306   -0.5374    0.5599
...    27 A-T ...
  -42.7497  -43.8968   51.6022
   -0.7311    0.6373   -0.2435
   -0.2285   -0.5650   -0.7928
   -0.6428   -0.5240    0.5587
...    28 G-C ...
  -44.9005  -45.3234   53.6561
   -0.6930    0.3011   -0.6550
    0.1641   -0.8189   -0.5500
   -0.7020   -0.4887    0.5181
...    29 G-C ...
  -47.4894  -46.5935   55.3936
   -0.4334   -0.1286   -0.8920
    0.4779   -0.8720   -0.1064
   -0.7641   -0.4724    0.4394
...    30 C-G ...
  -50.2853  -47.7982   56.6523
   -0.0738   -0.5509   -0.8313
    0.6155   -0.6810    0.3967
   -0.7847   -0.4824    0.3894
...    31 C-G ...
  -53.0952  -49.3956   57.5764
    0.3256   -0.7905   -0.5187
    0.5289   -0.3025    0.7930
   -0.7838   -0.5325    0.3196
...    32 G-C ...
  -55.4129  -51.3909   58.8982
    0.6294   -0.7768   -0.0207
    0.2250    0.1566    0.9617
   -0.7438   -0.6099    0.2733
...    33 G-C ...
  -57.8116  -53.6705   59.5380
    0.6965   -0.5305    0.4832
   -0.1679    0.5342    0.8285
   -0.6976   -0.6582    0.2830
...    34 C-G ...
  -59.9162  -56.1348   60.2383
    0.5153   -0.1355    0.8462
   -0.5227    0.7328    0.4357
   -0.6791   -0.6668    0.3068
...    35 C-G ...
  -61.9397  -58.6310   61.2865
    0.2052    0.3264    0.9227
   -0.7207    0.6882   -0.0832
   -0.6622   -0.6479    0.3765
...    36 C-G ...
  -63.8835  -61.0013   62.7185
   -0.1482    0.6966    0.7020
   -0.7200    0.4106   -0.5594
   -0.6780   -0.5883    0.4407
...    37 G-C ...
  -66.3523  -62.8237   63.9973
   -0.4132    0.8816    0.2280
   -0.5318   -0.0303   -0.8463
   -0.7392   -0.4710    0.4814
...    38 A-T ...
  -68.7080  -64.3129   65.6706
   -0.5927    0.7388   -0.3208
   -0.2086   -0.5255   -0.8248
   -0.7779   -0.4219    0.4656
...    39 C-G ...
  -71.2058  -65.1784   67.6011
   -0.5728    0.3967   -0.7173
    0.1038   -0.8330   -0.5435
   -0.8131   -0.3858    0.4360
...    40 A-T ...
  -74.0100  -66.4015   68.9158
   -0.3129   -0.0623   -0.9477
    0.3473   -0.9363   -0.0531
   -0.8840   -0.3457    0.3146
...    41 C-G ...
  -77.1496  -66.9434   69.7191
   -0.0582   -0.5153   -0.8550
    0.4301   -0.7859    0.4443
   -0.9009   -0.3419    0.2674
...    42 G-C ...
  -79.9682  -68.5163   70.5423
    0.2718   -0.8258   -0.4941
    0.3233   -0.4053    0.8551
   -0.9064   -0.3922    0.1568
...    43 A-T ...
  -82.9399  -69.8645   70.8852
    0.4163   -0.9038    0.0988
    0.0817    0.1454    0.9860
   -0.9055   -0.4024    0.1344
...    44 C-G ...
  -85.8543  -71.4835   70.7483
    0.3972   -0.6961    0.5981
   -0.1558    0.5911    0.7914
   -0.9044   -0.4075    0.1264
...    45 T-A ...
  -88.7111  -73.1465   71.0504
    0.2797   -0.2718    0.9208
   -0.3449    0.8666    0.3606
   -0.8960   -0.4184    0.1487
...    46 T-A ...
  -91.5011  -74.7844   71.4222
    0.0102    0.2579    0.9661
   -0.4199    0.8780   -0.2299
   -0.9075   -0.4033    0.1172
...    47 A-T ...
  -94.5325  -76.0912   71.8214
   -0.1715    0.7410    0.6492
   -0.3377    0.5748   -0.7453
   -0.9255   -0.3471    0.1516
...    48 C-G ...
  -97.3492  -77.4083   72.8716
   -0.2687    0.9476    0.1728
   -0.1990    0.1209   -0.9725
   -0.9424   -0.2957    0.1561
...    49 T-A ...
 -100.4289  -78.1851   73.7233
   -0.2295    0.9065   -0.3545
   -0.0516   -0.3751   -0.9256
   -0.9720   -0.1941    0.1328
...    50 G-C ...
 -103.7401  -78.5137   74.0324
   -0.0553    0.5937   -0.8028
    0.0351   -0.8023   -0.5958
   -0.9979   -0.0612    0.0235
...    51 T-A ...
 -106.9585  -78.0595   74.2385
    0.0327    0.1132   -0.9930
    0.0296   -0.9932   -0.1122
   -0.9990   -0.0258   -0.0358
...    52 A-T ...
 -110.2441  -77.9828   73.8058
    0.1560   -0.4460   -0.8813
   -0.0621   -0.8949    0.4419
   -0.9858   -0.0142   -0.1673
...    53 G-C ...
 -113.4260  -77.8083   72.9242
    0.1446   -0.8455   -0.5140
   -0.1837   -0.5334    0.8257
   -0.9723   -0.0250   -0.2325
...    54 G-C ...
 -116.5708  -78.0635   71.7155
    0.0600   -0.9978    0.0296
   -0.2847    0.0113    0.9586
   -0.9567   -0.0659   -0.2834
...    55 T-A ...
 -119.5330  -78.4641   70.1989
   -0.1137   -0.8412    0.5286
   -0.2760    0.5379    0.7966
   -0.9544   -0.0553   -0.2934
...    56 A-T ...
 -122.8255  -78.0136   69.4448
   -0.3541   -0.2824    0.8916
   -0.0865    0.9591    0.2694
   -0.9312    0.0182   -0.3640
...    57 T-A ...
 -125.8373  -78.6260   68.2049
   -0.3659    0.2486    0.8969
    0.1296    0.9679   -0.2154
   -0.9216    0.0374   -0.3863
...    58 C-G ...
 -128.8469  -78.6191   66.8866
   -0.1764    0.7651    0.6193
    0.3479    0.6370   -0.6879
   -0.9208    0.0941   -0.3785
...    59 T-A ...
 -131.9954  -78.3190   65.9500
    0.1230    0.9682    0.2179
    0.3959    0.1535   -0.9054
   -0.9100    0.1976   -0.3644
...    60 C-G ...
 -134.9593  -77.5876   64.8521
    0.4118    0.8621   -0.2954
    0.2476   -0.4178   -0.8741
   -0.8770    0.2868   -0.3855
...    61 G-C ...
 -137.6651  -76.4532   63.2695
    0.6395    0.4450   -0.6270
   -0.0619   -0.7830   -0.6189
   -0.7663    0.4346   -0.4732
...    62 A-T ...
 -139.9545  -74.8458   61.6081
    0.5421   -0.1129   -0.8327
   -0.4562   -0.8718   -0.1787
   -0.7057    0.4767   -0.5241
...    63 T-A ...
 -141.7761  -72.7520   59.8626
    0.2496   -0.5386   -0.8047
   -0.6850   -0.6856    0.2464
   -0.6844    0.4897   -0.5401
...    64 C-G ...
 -143.8601  -71.2414   57.8325
   -0.1999   -0.8387   -0.5066
   -0.7341   -0.2142    0.6444
   -0.6490    0.5007   -0.5728
...    65 A-T ...
 -146.2125  -69.6733   56.1142
   -0.5780   -0.8158   -0.0202
   -0.5032    0.3368    0.7958
   -0.6425    0.4701   -0.6052
...    66 T-A ...
 -148.0137  -68.4730   53.5784
   -0.7867   -0.4976    0.3653
   -0.1214    0.7049    0.6988
   -0.6052    0.5054   -0.6150
...    67 G-C ...
 -149.9625  -66.5165   51.7581
   -0.6852   -0.0087    0.7283
    0.3742    0.8537    0.3621
   -0.6249    0.5206   -0.5817
...    68 T-A ...
 -152.3091  -65.3049   49.7185
   -0.3749    0.4292    0.8217
    0.6977    0.7143   -0.0548
   -0.6105    0.5528   -0.5672
...    69 T-A ...
 -154.4433  -63.6698   47.9131
    0.0973    0.7414    0.6640
    0.8052    0.3335   -0.4903
   -0.5850    0.5824   -0.5645
...    70 A-T ...
 -156.5642  -61.6009   46.3863
    0.6070    0.6786    0.4135
    0.6274   -0.0899   -0.7735
   -0.4877    0.7290   -0.4804
...    71 T-A ...
 -158.3427  -59.0572   45.4387
    0.8628    0.5054    0.0152
    0.2508   -0.4016   -0.8808
   -0.4390    0.7637   -0.4733
...    72 A-T ...
 -159.3841  -56.0488   44.3644
    0.9534    0.0496   -0.2976
   -0.2258   -0.5369   -0.8129
   -0.2001    0.8422   -0.5006
...    73 A-T ...
 -159.7465  -53.2144   42.8753
    0.6837   -0.2966   -0.6668
   -0.7175   -0.4398   -0.5401
   -0.1330    0.8477   -0.5135
...    74 C-G ...
 -159.4808  -50.2912   41.3661
    0.2217   -0.5082   -0.8322
   -0.9720   -0.1837   -0.1467
   -0.0783    0.8415   -0.5346
...    75 G-C ...
 -160.0201  -47.7588   39.2429
   -0.3586   -0.5721   -0.7376
   -0.9335    0.2138    0.2879
   -0.0070    0.7918   -0.6107
...    76 G-C ...
 -159.8658  -45.3228   36.8931
   -0.8152   -0.3787   -0.4381
   -0.5791    0.5271    0.6219
   -0.0046    0.7607   -0.6490
...    77 A-T ...
 -159.7506  -42.8731   34.6771
   -0.9993    0.0360    0.0107
    0.0313    0.6408    0.7671
    0.0207    0.7669   -0.6414
...    78 G-C ...
 -159.6964  -40.5107   32.3350
   -0.8254    0.3585    0.4362
    0.5643    0.4982    0.6583
    0.0187    0.7894   -0.6135
...    79 C-G ...
 -159.8051  -38.1027   30.0432
   -0.3813    0.5401    0.7503
    0.9239    0.1934    0.3303
    0.0333    0.8191   -0.5727
...    80 T-A ...
 -159.9701  -35.3556   28.2136
    0.1514    0.4930    0.8568
    0.9864   -0.1318   -0.0984
    0.0644    0.8600   -0.5063
...    81 C-G ...
 -159.8105  -32.5268   26.6094
    0.6806    0.2571    0.6861
    0.7220   -0.3946   -0.5683
    0.1246    0.8822   -0.4542
...    82 G-C ...
 -159.0488  -29.6569   25.0925
    0.9191   -0.1586    0.3606
    0.2624   -0.4362   -0.8607
    0.2938    0.8858   -0.3593
...    83 G-C ...
 -157.7061  -26.6445   24.3968
    0.8744   -0.4756   -0.0957
   -0.2325   -0.2379   -0.9431
    0.4258    0.8469   -0.3186
...    84 G-C ...
 -155.7022  -24.0211   23.6429
    0.5699   -0.6162   -0.5436
   -0.6211    0.1101   -0.7760
    0.5380    0.7799   -0.3200
...    85 A-T ...
 -153.7099  -21.6450   22.5620
    0.0850   -0.4555   -0.8862
   -0.8100    0.4863   -0.3276
    0.5802    0.7457   -0.3276
...    86 T-A ...
 -151.2466  -19.6584   21.5895
   -0.3271   -0.1276   -0.9363
   -0.7335    0.6590    0.1664
    0.5958    0.7413   -0.3092
...    87 C-G ...
 -149.2277  -17.3231   20.4411
   -0.6921    0.2995   -0.6567
   -0.3861    0.6150    0.6875
    0.6098    0.7294   -0.3101
...    88 C-G ...
 -147.1467  -14.9960   19.1455
   -0.8147    0.5587   -0.1552
    0.0632    0.3517    0.9340
    0.5764    0.7511   -0.3219
...    89 G-C ...
 -145.0254  -12.4734   18.5680
   -0.6785    0.6004    0.4233
    0.5022   -0.0415    0.8637
    0.5361    0.7986   -0.2734
...    90 C-G ...
 -143.4692   -9.8154   17.3513
   -0.3226    0.4436    0.8362
    0.7793   -0.3769    0.5006
    0.5372    0.8131   -0.2241
...    91 T-A ...
 -141.9625   -6.9595   16.6715
    0.0819    0.1191    0.9895
    0.8318   -0.5550   -0.0020
    0.5490    0.8233   -0.1445
...    92 T-A ...
 -140.3567   -4.1814   16.3138
    0.5011   -0.2444    0.8302
    0.6476   -0.5305   -0.5470
    0.5741    0.8117   -0.1075
...    93 T-A ...
 -138.5734   -1.4955   16.2060
    0.7428   -0.5374    0.3994
    0.2735   -0.3009   -0.9136
    0.6111    0.7878   -0.0765
...    94 A-T ...
 -136.3145    0.9522   16.3845
    0.6678   -0.7319   -0.1354
   -0.1218    0.0720   -0.9899
    0.7343    0.6776   -0.0410
...    95 A-T ...
 -133.7943    2.9804   16.4937
    0.4714   -0.5832   -0.6615
   -0.4534    0.4831   -0.7490
    0.7564    0.6530   -0.0367
...    96 C-G ...
 -130.9227    4.6251   16.6875
    0.1498   -0.2665   -0.9521
   -0.6079    0.7346   -0.3013
    0.7797    0.6240   -0.0519
...    97 A-T ...
 -128.3968    6.7584   16.3879
   -0.2771    0.1515   -0.9488
   -0.5484    0.7859    0.2857
    0.7889    0.5995   -0.1347
...    98 C-G ...
 -125.5188    8.2471   15.5914
   -0.5275    0.5384   -0.6572
   -0.3116    0.5970    0.7392
    0.7903    0.5948   -0.1472
...    99 T-A ...
 -122.8951   10.1086   14.7738
   -0.6368    0.7541   -0.1607
    0.0250    0.2285    0.9732
    0.7706    0.6158   -0.1644
...   100 T-A ...
 -120.4018   12.0302   13.9472
   -0.4875    0.7641    0.4225
    0.3720   -0.2560    0.8922
    0.7899    0.5922   -0.1594
...   101 T-A ...
 -117.9532   14.0300   13.2028
   -0.1847    0.4854    0.8546
    0.5700   -0.6555    0.4955
    0.8006    0.5786   -0.1556
...   102 A-T ...
 -115.2259   15.8962   12.8024
    0.1202   -0.0310    0.9923
    0.5747   -0.8129   -0.0950
    0.8095    0.5816   -0.0799
...   103 T-A ...
 -112.9662   18.2711   12.8241
    0.3731   -0.4449    0.8142
    0.4373   -0.6896   -0.5772
    0.8183    0.5714   -0.0627
...   104 G-C ...
 -110.0823   19.9546   12.7896
    0.4389   -0.8207    0.3659
    0.1887   -0.3140   -0.9305
    0.8785    0.4774    0.0171
...   105 C-G ...
 -107.1739   21.4076   13.3618
    0.4163   -0.8889   -0.1911
   -0.0531    0.1861   -0.9811
    0.9077    0.4186    0.0303
...   106 T-A ...
 -104.0631   22.4662   13.7465
    0.2626   -0.6909   -0.6736
   -0.2232    0.6357   -0.7390
    0.9387    0.3444    0.0127
...   107 T-A ...
 -100.9409   23.3285   13.9524
    0.0906   -0.2125   -0.9730
   -0.3221    0.9182   -0.2305
    0.9424    0.3343    0.0148
...   108 C-G ...
  -97.8077   24.2850   13.8797
   -0.1371    0.3568   -0.9241
   -0.2941    0.8762    0.3819
    0.9459    0.3241   -0.0152
...   109 C-G ...
  -94.5808   25.2012   13.4996
   -0.3384    0.7522   -0.5654
   -0.1454    0.5519    0.8212
    0.9297    0.3601   -0.0773
...   110 G-C ...
  -91.5630   26.6390   13.5915
   -0.4408    0.8976   -0.0003
    0.0944    0.0466    0.9944
    0.8926    0.4383   -0.1053
...   111 G-C ...
  -88.6537   28.2250   12.9834
   -0.3809    0.7453    0.5473
    0.3312   -0.4426    0.8333
    0.8633    0.4986   -0.0783
...   112 C-G ...
  -86.0035   30.1494   12.4900
   -0.1740    0.3634    0.9152
    0.4885   -0.7752    0.4007
    0.8551    0.5167   -0.0427
...   113 T-A ...
  -83.3627   32.1458   12.4538
    0.0571   -0.1270    0.9903
    0.5177   -0.8444   -0.1381
    0.8537    0.5205    0.0175
...   114 C-G ...
  -80.6102   33.9078   12.6296
    0.3140   -0.6151    0.7233
    0.3922   -0.6098   -0.6888
    0.8647    0.4999    0.0498
...   115 G-C ...
  -77.5731   35.2942   12.6230
    0.3650   -0.9050    0.2183
    0.1795   -0.1617   -0.9704
    0.9135    0.3934    0.1034
...   116 T-A ...
  -74.6316   36.4392   13.5965
    0.3667   -0.8746   -0.3172
   -0.0295    0.3299   -0.9436
    0.9299    0.3553    0.0951
...   117 A-T ...
  -71.4651   37.4171   13.9326
    0.1950   -0.5669   -0.8004
   -0.2024    0.7753   -0.5983
    0.9597    0.2787    0.0364
...   118 T-A ...
  -68.2102   37.6870   14.2970
    0.0553   -0.1071   -0.9927
   -0.2671    0.9564   -0.1181
    0.9621    0.2717    0.0243
...   119 A-T ...
  -65.0033   38.5795   14.2538
   -0.1807    0.4414   -0.8789
   -0.2202    0.8528    0.4736
    0.9586    0.2791   -0.0569
...   120 A-T ...
  -61.8649   39.2934   13.8462
   -0.2742    0.8455   -0.4582
   -0.0723    0.4569    0.8866
    0.9590    0.2762   -0.0642
...   121 T-A ...
  -58.7762   40.0222   12.9651
   -0.2719    0.9610    0.0512
    0.0802   -0.0304    0.9963
    0.9590    0.2750   -0.0688
...   122 G-C ...
  -55.6232   41.0687   13.0190
   -0.2544    0.7469    0.6143
    0.2517   -0.5621    0.7878
    0.9338    0.3551   -0.0450
...   123 T-A ...
  -52.7830   42.7178   12.5380
   -0.1026    0.3369    0.9359
    0.3514   -0.8680    0.3509
    0.9306    0.3649   -0.0293
...   124 G-C ...
  -49.6256   43.7418   12.6648
    0.0425   -0.2469    0.9681
    0.3666   -0.8975   -0.2450
    0.9294    0.3653    0.0523
...   125 T-A ...
  -46.8015   45.4113   13.1929
    0.2056   -0.6868    0.6972
    0.2872   -0.6387   -0.7139
    0.9356    0.3470    0.0660
...   126 C-G ...
  -43.7510   46.5618   13.5394
    0.3024   -0.9418    0.1471
    0.1122   -0.1180   -0.9866
    0.9465    0.3149    0.0700
...   127 G-C ...
  -40.5638   47.5487   13.4448
    0.1903   -0.8861   -0.4226
   -0.0594    0.4193   -0.9059
    0.9799    0.1975    0.0271
...   128 A-T ...
  -37.3530   48.1036   13.6176
    0.0672   -0.4940   -0.8669
   -0.1530    0.8535   -0.4982
    0.9859    0.1661   -0.0183
...   129 C-G ...
  -34.0662   48.0041   13.6794
   -0.0688    0.0047   -0.9976
   -0.1508    0.9885    0.0151
    0.9862    0.1515   -0.0673
...   130 C-G ...
  -30.7413   48.1830   13.1666
   -0.2405    0.5107   -0.8254
   -0.0557    0.8417    0.5370
    0.9691    0.1751   -0.1740
...   131 A-T ...
  -27.5579   48.9251   12.5244
   -0.3380    0.8673   -0.3654
    0.1386    0.4299    0.8922
    0.9309    0.2509   -0.2655
...   132 A-T ...
  -24.6328   49.7284   11.3754
   -0.1980    0.9591    0.2021
    0.3191   -0.1319    0.9385
    0.9268    0.2504   -0.2799
...   133 A-T ...
  -21.7500   50.6830   10.2156
    0.0393    0.7182    0.6948
    0.3808   -0.6536    0.6541
    0.9238    0.2389   -0.2991
...   134 T-A ...
  -19.0159   52.0244    8.9251
    0.2452    0.2905    0.9249
    0.3073   -0.9281    0.2101
    0.9195    0.2328   -0.3169
...   135 G-C ...
  -16.4637   53.8824    7.5154
    0.5339   -0.3333    0.7771
    0.0346   -0.9097   -0.4139
    0.8449    0.2479   -0.4741
...   136 T-A ...
  -14.1748   56.5546    6.1809
    0.5795   -0.7269    0.3685
   -0.3141   -0.6164   -0.7221
    0.7521    0.3026   -0.5855
...   137 G-C ...
  -11.6537   57.9992    4.7205
    0.2452   -0.9542   -0.1714
   -0.6323   -0.0234   -0.7744
    0.7349    0.2983   -0.6091
...   138 A-T ...
   -8.6758   58.7133    3.6026
   -0.0345   -0.7815   -0.6229
   -0.6536    0.4891   -0.5775
    0.7560    0.3872   -0.5277
...   139 G-C ...
   -6.3274   59.0727    1.6298
   -0.2969   -0.3279   -0.8968
   -0.5657    0.8171   -0.1114
    0.7693    0.4742   -0.4281
...   140 C-G ...
   -3.4368   60.2278    1.0288
   -0.4426    0.2287   -0.8671
   -0.1681    0.9286    0.3308
    0.8808    0.2922   -0.3725
...   141 G-C ...
   -0.6976   63.8911   -2.2508
   -0.9992    0.0157   -0.0376
   -0.0024    0.8991    0.4378
    0.0407    0.4375   -0.8983
...   142 C-G ...
   -1.0064   65.5988   -4.9400
   -0.8337    0.5216    0.1813
    0.5170    0.6219    0.5881
    0.1940    0.5841   -0.7882
...   143 T-A ...
   -0.1332   66.2084   -7.8195
   -0.3753    0.8566    0.3540
    0.8856    0.2187    0.4098
    0.2736    0.4673   -0.8407
...   144 C-G ...
   -0.1665   67.4020  -10.8066
    0.1798    0.8793    0.4411
    0.9277   -0.3007    0.2214
    0.3273    0.3694   -0.8697
...   145 A-T ...
    0.5267   69.2312  -13.4658
    0.7352    0.4964    0.4616
    0.6118   -0.7791   -0.1367
    0.2918    0.3829   -0.8765
...   146 C-G ...
    1.4339   72.0892  -15.6017
    0.9809    0.0621    0.1844
    0.1264   -0.9240   -0.3608
    0.1480    0.3772   -0.9142
...   147 A-T ...
    2.3048   74.2222  -18.3862
    0.8657   -0.4292   -0.2575
   -0.4984   -0.7868   -0.3642
   -0.0463    0.4436   -0.8950
