  147 base-pairs
...     1 A-T ...
    0.0000    0.0000    0.0000
    1.0000    0.0000    0.0000
    0.0000    1.0000    0.0000
    0.0000    0.0000    1.0000
...     2 G-C ...
   -0.1394   -1.2357    3.2268
    0.7529    0.6366    0.1670
   -0.6386    0.7680   -0.0486
   -0.1592   -0.0700    0.9848
...     3 T-A ...
   -0.0365   -3.2932    6.3751
    0.2722    0.9301    0.2466
   -0.9238    0.3243   -0.2033
   -0.2691   -0.1725    0.9475
...     4 G-C ...
   -0.3505   -4.1660    9.4928
   -0.3756    0.9250    0.0579
   -0.8781   -0.3352   -0.3415
   -0.2965   -0.1791    0.9381
...     5 A-T ...
   -0.4462   -4.1476   12.7498
   -0.8116    0.5840   -0.0165
   -0.5523   -0.7762   -0.3042
   -0.1905   -0.2378    0.9524
...     6 G-C ...
   -1.5908   -4.1730   15.6201
   -0.9976    0.0246   -0.0651
   -0.0043   -0.9555   -0.2950
   -0.0695   -0.2940    0.9533
...     7 C-G ...
   -1.1030   -4.4824   18.7362
   -0.8441   -0.5304   -0.0787
    0.5345   -0.8441   -0.0432
   -0.0435   -0.0785    0.9960
...     8 G-C ...
   -2.4028   -7.7290   23.1475
   -0.2754   -0.3293   -0.9032
    0.6650   -0.7437    0.0684
   -0.6942   -0.5818    0.4238
...     9 C-G ...
   -4.4690   -9.9728   24.1132
    0.1145   -0.7025   -0.7024
    0.8512   -0.2952    0.4340
   -0.5122   -0.6476    0.5642
...    10 T-A ...
   -6.7405  -10.8752   25.9697
    0.4841   -0.8363   -0.2574
    0.6595    0.1553    0.7355
   -0.5751   -0.5258    0.6267
...    11 C-G ...
   -9.1656  -12.6208   27.1640
    0.7073   -0.6682    0.2307
    0.3448    0.6110    0.7126
   -0.6171   -0.4245    0.6626
...    12 A-T ...
  -10.9234  -14.6633   29.0693
    0.7515   -0.1377    0.6452
   -0.2029    0.8824    0.4246
   -0.6277   -0.4500    0.6352
...    13 C-G ...
  -11.8476  -17.4863   31.2451
    0.4295    0.2823    0.8578
   -0.5708    0.8209    0.0156
   -0.6998   -0.4963    0.5137
...    14 A-T ...
  -13.5897  -19.7827   33.4259
   -0.1504    0.6104    0.7777
   -0.6874    0.5008   -0.5260
   -0.7106   -0.6136    0.3443
...    15 A-T ...
  -15.8063  -21.8096   34.6438
   -0.4869    0.8073    0.3333
   -0.4886    0.0645   -0.8701
   -0.7240   -0.5866    0.3631
...    16 T-A ...
  -17.8970  -23.6666   36.5588
   -0.6980    0.6964   -0.1671
   -0.1492   -0.3696   -0.9171
   -0.7004   -0.6152    0.3619
...    17 T-A ...
  -20.1551  -25.4687   38.1264
   -0.6817    0.3264   -0.6548
    0.2887   -0.7023   -0.6507
   -0.6723   -0.6326    0.3845
...    18 T-A ...
  -22.4361  -27.2951   39.5125
   -0.4021   -0.1081   -0.9092
    0.6147   -0.7679   -0.1806
   -0.6786   -0.6314    0.3752
...    19 A-T ...
  -24.5876  -29.5447   40.6542
    0.0498   -0.4694   -0.8816
    0.7243   -0.5908    0.3555
   -0.6877   -0.6562    0.3105
...    20 T-A ...
  -27.3196  -31.3036   41.3284
    0.3977   -0.7146   -0.5755
    0.6050   -0.2673    0.7500
   -0.6898   -0.6464    0.3260
...    21 T-A ...
  -29.7334  -33.3728   42.1140
    0.6665   -0.7430   -0.0612
    0.2786    0.1721    0.9449
   -0.6915   -0.6468    0.3217
...    22 C-G ...
  -31.9687  -35.5457   43.1139
    0.7310   -0.4889    0.4761
   -0.1597    0.5558    0.8159
   -0.6634   -0.6724    0.3282
...    23 G-C ...
  -34.1747  -37.4663   44.7806
    0.6127   -0.0045    0.7903
   -0.5582    0.7054    0.4369
   -0.5594   -0.7088    0.4297
...    24 C-G ...
  -35.7255  -40.0242   46.0810
    0.2685    0.4029    0.8750
   -0.7929    0.6082   -0.0367
   -0.5469   -0.6839    0.4828
...    25 A-T ...
  -37.7461  -42.0972   47.6075
   -0.1563    0.7273    0.6683
   -0.8165    0.2856   -0.5018
   -0.5558   -0.6240    0.5492
...    26 A-T ...
  -39.4093  -44.0944   49.6049
   -0.5738    0.7714    0.2751
   -0.5987   -0.1658   -0.7837
   -0.5589   -0.6143    0.5569
...    27 A-T ...
  -40.9966  -45.9560   51.7439
   -0.8146    0.5408   -0.2097
   -0.1686   -0.5666   -0.8065
   -0.5550   -0.6216    0.5528
...    28 G-C ...
  -42.9575  -47.6031   53.9245
   -0.7459    0.2120   -0.6314
    0.2581   -0.7819   -0.5675
   -0.6140   -0.5862    0.5285
...    29 G-C ...
  -45.3685  -49.2461   55.7523
   -0.4276   -0.1955   -0.8826
    0.6088   -0.7840   -0.1213
   -0.6682   -0.5892    0.4543
...    30 C-G ...
  -47.8965  -50.8725   57.0182
    0.0027   -0.5472   -0.8370
    0.7241   -0.5762    0.3791
   -0.6897   -0.6071    0.3946
...    31 C-G ...
  -50.4375  -52.6957   58.1994
    0.4462   -0.7233   -0.5270
    0.5902   -0.2048    0.7808
   -0.6727   -0.6594    0.3355
...    32 G-C ...
  -52.2019  -54.9049   59.3295
    0.7399   -0.6649   -0.1025
    0.2620    0.1444    0.9542
   -0.6196   -0.7329    0.2811
...    33 G-C ...
  -53.8726  -57.7671   59.9944
    0.7913   -0.4464    0.4178
   -0.2087    0.4452    0.8708
   -0.5748   -0.7762    0.2591
...    34 C-G ...
  -55.4866  -60.5341   60.6220
    0.5706   -0.1079    0.8141
   -0.6125    0.6044    0.5094
   -0.5470   -0.7893    0.2788
...    35 C-G ...
  -56.9202  -63.4119   61.7252
    0.1649    0.2746    0.9473
   -0.8321    0.5544   -0.0158
   -0.5295   -0.7856    0.3200
...    36 C-G ...
  -58.4001  -66.1644   62.9497
   -0.2762    0.5672    0.7759
   -0.7983    0.3141   -0.5138
   -0.5351   -0.7613    0.3661
...    37 G-C ...
  -60.5692  -68.6345   63.4988
   -0.6035    0.7180    0.3467
   -0.5189   -0.0235   -0.8545
   -0.6054   -0.6956    0.3868
...    38 A-T ...
  -62.3268  -70.9347   64.7051
   -0.7773    0.5935   -0.2087
   -0.0646   -0.4053   -0.9119
   -0.6258   -0.6954    0.3533
...    39 C-G ...
  -64.5303  -72.7457   66.1266
   -0.6592    0.3600   -0.6601
    0.3238   -0.6565   -0.6813
   -0.6787   -0.6629    0.3162
...    40 A-T ...
  -66.9666  -74.7679   67.1128
   -0.2938    0.0424   -0.9549
    0.5950   -0.7737   -0.2174
   -0.7481   -0.6321    0.2021
...    41 C-G ...
  -69.7601  -76.4360   67.4287
    0.0873   -0.3041   -0.9486
    0.6414   -0.7115    0.2871
   -0.7622   -0.6335    0.1329
...    42 G-C ...
  -71.9790  -78.8670   67.8628
    0.4852   -0.6086   -0.6278
    0.4208   -0.4668    0.7778
   -0.7664   -0.6416    0.0296
...    43 A-T ...
  -74.4215  -80.8866   67.8824
    0.6343   -0.7708   -0.0589
    0.0573   -0.0291    0.9979
   -0.7709   -0.6364    0.0257
...    44 C-G ...
  -76.8103  -83.1216   67.2955
    0.5876   -0.6596    0.4686
   -0.2963    0.3634    0.8832
   -0.7529   -0.6579    0.0181
...    45 T-A ...
  -79.0567  -85.9701   66.8607
    0.3210   -0.3685    0.8725
   -0.5606    0.6685    0.4886
   -0.7633   -0.6460    0.0080
...    46 T-A ...
  -81.2469  -88.3859   66.5677
   -0.0346   -0.0108    0.9993
   -0.6211    0.7836   -0.0130
   -0.7830   -0.6211   -0.0338
...    47 A-T ...
  -83.8016  -90.4918   66.5462
   -0.3089    0.4737    0.8247
   -0.4965    0.6593   -0.5647
   -0.8112   -0.5839    0.0316
...    48 C-G ...
  -86.1220  -92.7539   67.1047
   -0.4800    0.7720    0.4167
   -0.2618    0.3273   -0.9079
   -0.8373   -0.5449    0.0450
...    49 T-A ...
  -88.8765  -94.5317   67.7608
   -0.4609    0.8809   -0.1078
   -0.0033   -0.1232   -0.9924
   -0.8874   -0.4570    0.0597
...    50 G-C ...
  -92.0973  -95.6542   67.9726
   -0.2147    0.7574   -0.6166
    0.1999   -0.5839   -0.7868
   -0.9560   -0.2922   -0.0260
...    51 T-A ...
  -95.2424  -96.1002   68.2114
   -0.0080    0.4332   -0.9013
    0.2524   -0.8712   -0.4210
   -0.9676   -0.2308   -0.1024
...    52 A-T ...
  -98.5156  -95.9545   67.5169
    0.3208   -0.0050   -0.9471
    0.1363   -0.9893    0.0514
   -0.9373   -0.1456   -0.3167
...    53 G-C ...
 -101.5143  -95.9584   66.3629
    0.4217   -0.4686   -0.7763
   -0.0932   -0.8740    0.4770
   -0.9020   -0.1288   -0.4122
...    54 G-C ...
 -104.4452  -95.8284   64.1569
    0.3493   -0.8547   -0.3841
   -0.3463   -0.4986    0.7947
   -0.8707   -0.1446   -0.4701
...    55 T-A ...
 -107.0133  -96.2985   62.1249
    0.0965   -0.9930    0.0679
   -0.4930    0.0116    0.8700
   -0.8647   -0.1174   -0.4884
...    56 A-T ...
 -109.7002  -96.8028   60.1503
   -0.2321   -0.7969    0.5578
   -0.4573    0.5955    0.6605
   -0.8585   -0.1018   -0.5027
...    57 T-A ...
 -112.1497  -97.6435   58.0722
   -0.4723   -0.3875    0.7917
   -0.2508    0.9201    0.3007
   -0.8450   -0.0565   -0.5317
...    58 C-G ...
 -114.9803  -98.1466   56.3319
   -0.5312    0.2516    0.8090
    0.1216    0.9676   -0.2211
   -0.8385   -0.0190   -0.5446
...    59 T-A ...
 -117.9275  -98.3756   54.7805
   -0.3251    0.7084    0.6265
    0.3842    0.7043   -0.5969
   -0.8641    0.0467   -0.5011
...    60 C-G ...
 -120.9123  -98.2574   53.2274
    0.0122    0.9712    0.2379
    0.5021    0.1998   -0.8414
   -0.8647    0.1297   -0.4852
...    61 G-C ...
 -123.5133  -97.3859   51.3992
    0.4895    0.8718   -0.0185
    0.4009   -0.2438   -0.8831
   -0.7744    0.4249   -0.4688
...    62 A-T ...
 -126.0306  -95.8495   49.9006
    0.7037    0.5572   -0.4408
    0.0611   -0.6656   -0.7438
   -0.7079    0.4965   -0.5024
...    63 G-C ...
 -128.0688  -93.7131   48.3557
    0.7015    0.1040   -0.7051
   -0.3398   -0.8209   -0.4591
   -0.6265    0.5616   -0.5405
...    64 C-G ...
 -129.7293  -91.3932   46.5005
    0.4044   -0.4035   -0.8208
   -0.7092   -0.7050   -0.0028
   -0.5775    0.5833   -0.5713
...    65 T-A ...
 -131.4011  -89.3378   44.5764
   -0.0369   -0.7108   -0.7024
   -0.8452   -0.3528    0.4015
   -0.5332    0.6085   -0.5877
...    66 C-G ...
 -133.3843  -87.5834   42.6655
   -0.5424   -0.7704   -0.3351
   -0.6807    0.1692    0.7128
   -0.4925    0.6147   -0.6161
...    67 G-C ...
 -135.6563  -85.1436   41.4810
   -0.8299   -0.5391    0.1433
   -0.2485    0.5874    0.7702
   -0.4994    0.6036   -0.6215
...    68 G-C ...
 -137.1258  -83.0637   39.3025
   -0.8037   -0.1540    0.5748
    0.2858    0.7474    0.5998
   -0.5220    0.6463   -0.5567
...    69 G-C ...
 -138.8758  -81.0527   37.2835
   -0.4705    0.1957    0.8604
    0.6760    0.7067    0.2089
   -0.5672    0.6799   -0.4648
...    70 A-T ...
 -140.9044  -78.9493   35.7394
    0.0372    0.5300    0.8472
    0.8312    0.4542   -0.3207
   -0.5548    0.7161   -0.4236
...    71 T-A ...
 -143.1759  -76.7840   34.7649
    0.4809    0.6474    0.5913
    0.6971    0.1267   -0.7057
   -0.5318    0.7515   -0.3904
...    72 C-G ...
 -145.0124  -74.0351   33.8166
    0.8393    0.5380    0.0782
    0.2555   -0.2635   -0.9302
   -0.4798    0.8007   -0.3586
...    73 T-A ...
 -146.3341  -71.2005   32.9113
    0.9001    0.2458   -0.3598
   -0.2195   -0.4577   -0.8616
   -0.3765    0.8544   -0.3580
...    74 C-G ...
 -146.9366  -68.2743   31.5889
    0.6562   -0.1030   -0.7475
   -0.7051   -0.4367   -0.5587
   -0.2689    0.8937   -0.3592
...    75 A-T ...
 -147.0859  -64.9378   30.6842
    0.2385   -0.3987   -0.8855
   -0.9650   -0.1994   -0.1701
   -0.1088    0.8952   -0.4323
...    76 T-A ...
 -146.8987  -62.0229   29.2293
   -0.2739   -0.4551   -0.8473
   -0.9570    0.0415    0.2871
   -0.0954    0.8895   -0.4469
...    77 G-C ...
 -146.9616  -59.0661   27.6241
   -0.7935   -0.3363   -0.5072
   -0.6012    0.3044    0.7388
   -0.0940    0.8912   -0.4438
...    78 T-A ...
 -146.9379  -56.2884   25.6831
   -0.9958   -0.0861   -0.0326
   -0.0656    0.4148    0.9076
   -0.0646    0.9058   -0.4186
...    79 T-A ...
 -147.1082  -53.4705   24.1572
   -0.8565    0.1867    0.4811
    0.5151    0.3671    0.7745
   -0.0320    0.9112   -0.4106
...    80 A-T ...
 -146.9533  -50.3193   23.0047
   -0.3857    0.3289    0.8620
    0.9225    0.1534    0.3542
   -0.0158    0.9318   -0.3625
...    81 T-A ...
 -147.6857  -47.4123   21.7923
    0.1219    0.3474    0.9298
    0.9925   -0.0495   -0.1117
    0.0072    0.9364   -0.3508
...    82 A-T ...
 -147.4942  -44.2982   20.8029
    0.6153    0.1262    0.7781
    0.7846   -0.1935   -0.5890
    0.0762    0.9729   -0.2181
...    83 A-T ...
 -147.2645  -41.2038   20.3995
    0.9211   -0.0857    0.3799
    0.3575   -0.2011   -0.9120
    0.1546    0.9758   -0.1546
...    84 C-G ...
 -146.6251  -37.8961   20.7095
    0.9614   -0.2300   -0.1509
   -0.1779   -0.1013   -0.9788
    0.2099    0.9679   -0.1383
...    85 G-C ...
 -145.5744  -34.9288   19.8226
    0.6806   -0.3796   -0.6267
   -0.6304    0.1325   -0.7649
    0.3734    0.9156   -0.1491
...    86 G-C ...
 -143.8354  -32.2531   18.9659
    0.2126   -0.3445   -0.9144
   -0.8531    0.3909   -0.3456
    0.4765    0.8535   -0.2107
...    87 A-T ...
 -142.0821  -29.6527   18.0862
   -0.3429   -0.0819   -0.9358
   -0.7998    0.5480    0.2451
    0.4927    0.8325   -0.2534
...    88 C-G ...
 -140.0581  -27.3300   16.8048
   -0.7054    0.2139   -0.6758
   -0.4928    0.5373    0.6844
    0.5095    0.8158   -0.2736
...    89 G-C ...
 -138.1199  -24.5203   15.8756
   -0.8981    0.4188   -0.1342
   -0.0058    0.2938    0.9559
    0.4398    0.8592   -0.2614
...    90 C-G ...
 -136.6235  -21.6947   14.5368
   -0.7451    0.4950    0.4469
    0.5024   -0.0240    0.8643
    0.4385    0.8686   -0.2309
...    91 T-A ...
 -135.4152  -18.6617   13.4564
   -0.3472    0.3558    0.8677
    0.8376   -0.2985    0.4576
    0.4218    0.8856   -0.1944
...    92 T-A ...
 -134.3908  -15.6490   12.8231
    0.1857    0.1116    0.9762
    0.8804   -0.4601   -0.1149
    0.4363    0.8808   -0.1837
...    93 T-A ...
 -133.0618  -12.7391   12.3603
    0.6167   -0.2174    0.7566
    0.6317   -0.4369   -0.6404
    0.4698    0.8728   -0.1321
...    94 A-T ...
 -131.2152   -9.9397   12.0655
    0.7789   -0.5629    0.2766
    0.2021   -0.1922   -0.9603
    0.5937    0.8038   -0.0360
...    95 A-T ...
 -129.2410   -7.4790   12.2125
    0.7286   -0.6224   -0.2859
   -0.2304    0.1703   -0.9581
    0.6450    0.7640   -0.0193
...    96 C-G ...
 -126.7847   -5.2515   12.7218
    0.4924   -0.4443   -0.7485
   -0.5659    0.4900   -0.6631
    0.6613    0.7500   -0.0101
...    97 A-T ...
 -124.4043   -2.8856   12.5281
    0.0296   -0.1302   -0.9910
   -0.7215    0.6834   -0.1114
    0.6918    0.7183   -0.0737
...    98 C-G ...
 -121.6249   -0.9937   12.0624
   -0.3623    0.2444   -0.8994
   -0.6176    0.6598    0.4281
    0.6980    0.7106   -0.0881
...    99 T-A ...
 -118.8105    1.1368   11.1742
   -0.6498    0.5732   -0.4993
   -0.3029    0.4072    0.8617
    0.6972    0.7111   -0.0909
...   100 T-A ...
 -116.4797    3.3305   10.5185
   -0.6668    0.7387    0.0981
    0.1284   -0.0158    0.9916
    0.7341    0.6738   -0.0844
...   101 T-A ...
 -114.1202    5.5274    9.9606
   -0.4549    0.6085    0.6502
    0.4765   -0.4504    0.7550
    0.7523    0.6533   -0.0851
...   102 A-T ...
 -111.3874    7.5215    9.8923
   -0.0921    0.1866    0.9781
    0.6415   -0.7401    0.2016
    0.7615    0.6461   -0.0515
...   103 T-A ...
 -109.4299   10.1006    9.9028
    0.1819   -0.2199    0.9584
    0.6085   -0.7405   -0.2854
    0.7724    0.6351   -0.0009
...   104 G-C ...
 -106.9298   12.2904   10.2119
    0.4295   -0.6867    0.5865
    0.4053   -0.4338   -0.8047
    0.8070    0.5833    0.0920
...   105 C-G ...
 -104.2524   13.9779   11.0337
    0.5228   -0.8509    0.0514
    0.1106    0.0079   -0.9938
    0.8452    0.5253    0.0982
...   106 T-A ...
 -101.1712   15.3814   11.8081
    0.4681   -0.7114   -0.5243
   -0.1584    0.5161   -0.8417
    0.8694    0.4770    0.1289
...   107 T-A ...
  -98.2813   16.6669   12.3394
    0.2585   -0.3229   -0.9104
   -0.3626    0.8411   -0.4013
    0.8954    0.4339    0.1003
...   108 C-G ...
  -95.1726   17.8669   12.5533
   -0.0253    0.2199   -0.9752
   -0.4249    0.8807    0.2096
    0.9049    0.4196    0.0712
...   109 C-G ...
  -92.1323   19.1343   12.6226
   -0.3268    0.6128   -0.7195
   -0.3262    0.6414    0.6944
    0.8870    0.4616   -0.0098
...   110 G-C ...
  -89.5371   20.7930   12.8099
   -0.5209    0.8155   -0.2520
   -0.0847    0.2445    0.9660
    0.8494    0.5245   -0.0583
...   111 G-C ...
  -86.8997   22.8417   12.3650
   -0.5224    0.7840    0.3352
    0.2405   -0.2417    0.9401
    0.8181    0.5717   -0.0623
...   112 C-G ...
  -84.4765   25.0882   11.8016
   -0.3316    0.4966    0.8022
    0.4916   -0.6348    0.5962
    0.8052    0.5920   -0.0336
...   113 T-A ...
  -81.9371   27.2179   11.6603
   -0.0519    0.0615    0.9968
    0.5977   -0.7977    0.0803
    0.8000    0.5999    0.0046
...   114 C-G ...
  -79.2353   29.1642   11.7713
    0.2797   -0.4378    0.8544
    0.5264   -0.6743   -0.5179
    0.8029    0.5946    0.0419
...   115 G-C ...
  -76.3278   30.7864   11.6003
    0.4605   -0.7992    0.3864
    0.2694   -0.2889   -0.9187
    0.8458    0.5271    0.0822
...   116 T-A ...
  -73.5046   32.2386   12.6133
    0.4838   -0.8585   -0.1700
   -0.0139    0.1867   -0.9823
    0.8751    0.4776    0.0784
...   117 A-T ...
  -70.3627   33.4444   13.3388
    0.3012   -0.6429   -0.7043
   -0.2515    0.6588   -0.7090
    0.9198    0.3907    0.0368
...   118 T-A ...
  -67.2098   34.0969   13.8334
    0.1337   -0.2221   -0.9658
   -0.3644    0.8953   -0.2564
    0.9216    0.3862    0.0387
...   119 A-T ...
  -64.1744   35.5561   13.9346
   -0.1432    0.3458   -0.9273
   -0.3443    0.8611    0.3742
    0.9279    0.3728   -0.0043
...   120 A-T ...
  -61.0845   36.5102   13.6860
   -0.3289    0.7668   -0.5513
   -0.1884    0.5187    0.8339
    0.9254    0.3781   -0.0261
...   121 T-A ...
  -57.9915   37.5331   12.9394
   -0.3688    0.9289   -0.0336
    0.0172    0.0430    0.9989
    0.9294    0.3678   -0.0318
...   122 G-C ...
  -54.8569   38.8861   12.6873
   -0.3333    0.7479    0.5741
    0.2448   -0.5194    0.8187
    0.9105    0.4134   -0.0100
...   123 T-A ...
  -52.0610   40.5963   12.3550
   -0.1624    0.3776    0.9116
    0.3806   -0.8284    0.4110
    0.9104    0.4137   -0.0092
...   124 G-C ...
  -49.0389   42.0454   12.3756
    0.0407   -0.2032    0.9783
    0.4246   -0.8828   -0.2011
    0.9045    0.4236    0.0504
...   125 T-A ...
  -46.3661   43.8121   12.7384
    0.2198   -0.6506    0.7269
    0.3409   -0.6470   -0.6821
    0.9141    0.3977    0.0796
...   126 C-G ...
  -43.4647   45.0680   13.0773
    0.3778   -0.9070    0.1859
    0.1489   -0.1386   -0.9791
    0.9138    0.3976    0.0827
...   127 G-C ...
  -40.3539   46.1863   12.8407
    0.2285   -0.9081   -0.3511
   -0.0426    0.3509   -0.9354
    0.9726    0.2287    0.0415
...   128 A-T ...
  -37.3023   46.9835   13.0708
    0.1444   -0.5375   -0.8308
   -0.1855    0.8100   -0.5563
    0.9720    0.2345    0.0172
...   129 C-G ...
  -34.0238   47.0008   13.4291
   -0.0261   -0.0418   -0.9988
   -0.2170    0.9755   -0.0352
    0.9758    0.2159   -0.0345
...   130 C-G ...
  -30.6702   47.2478   12.7977
   -0.2494    0.4439   -0.8607
   -0.1207    0.8676    0.4825
    0.9608    0.2242   -0.1628
...   131 A-T ...
  -27.5927   48.6027   12.5030
   -0.3736    0.8310   -0.4121
    0.0844    0.4728    0.8771
    0.9237    0.2929   -0.2468
...   132 A-T ...
  -24.6469   49.6241   11.4678
   -0.2525    0.9531    0.1666
    0.2998   -0.0866    0.9501
    0.9200    0.2899   -0.2639
...   133 A-T ...
  -21.7855   50.6486   10.2280
    0.0263    0.7299    0.6830
    0.3801   -0.6392    0.6685
    0.9246    0.2421   -0.2943
...   134 T-A ...
  -19.0158   52.0243    8.9251
    0.2452    0.2905    0.9249
    0.3073   -0.9281    0.2101
    0.9195    0.2328   -0.3169
...   135 G-C ...
  -16.4636   53.8824    7.5154
    0.5339   -0.3333    0.7771
    0.0346   -0.9097   -0.4139
    0.8449    0.2479   -0.4741
...   136 T-A ...
  -14.1747   56.5546    6.1809
    0.5795   -0.7269    0.3685
   -0.3141   -0.6164   -0.7221
    0.7521    0.3026   -0.5855
...   137 G-C ...
  -11.6537   57.9991    4.7205
    0.2452   -0.9542   -0.1714
   -0.6323   -0.0234   -0.7744
    0.7349    0.2983   -0.6091
...   138 A-T ...
   -8.6757   58.7132    3.6026
   -0.0345   -0.7815   -0.6229
   -0.6536    0.4891   -0.5775
    0.7560    0.3872   -0.5277
...   139 G-C ...
   -6.3273   59.0726    1.6298
   -0.2969   -0.3279   -0.8968
   -0.5657    0.8171   -0.1114
    0.7693    0.4742   -0.4281
...   140 C-G ...
   -3.4367   60.2278    1.0288
   -0.4426    0.2287   -0.8671
   -0.1681    0.9286    0.3308
    0.8808    0.2922   -0.3725
...   141 G-C ...
   -0.6975   63.8910   -2.2508
   -0.9992    0.0157   -0.0376
   -0.0024    0.8991    0.4378
    0.0407    0.4375   -0.8983
...   142 C-G ...
   -1.0063   65.5987   -4.9399
   -0.8337    0.5216    0.1813
    0.5170    0.6219    0.5881
    0.1940    0.5841   -0.7882
...   143 T-A ...
   -0.1331   66.2083   -7.8195
   -0.3753    0.8566    0.3540
    0.8856    0.2187    0.4098
    0.2736    0.4673   -0.8407
...   144 C-G ...
   -0.1664   67.4019  -10.8066
    0.1798    0.8793    0.4411
    0.9277   -0.3007    0.2214
    0.3273    0.3694   -0.8697
...   145 A-T ...
    0.5268   69.2311  -13.4658
    0.7352    0.4964    0.4616
    0.6118   -0.7791   -0.1367
    0.2918    0.3829   -0.8765
...   146 C-G ...
    1.4340   72.0891  -15.6017
    0.9809    0.0621    0.1844
    0.1264   -0.9240   -0.3608
    0.1480    0.3772   -0.9142
...   147 A-T ...
    2.3049   74.2221  -18.3862
    0.8657   -0.4292   -0.2575
   -0.4984   -0.7868   -0.3642
   -0.0463    0.4436   -0.8950
