  147 base-pairs
...     1 A-T ...
    0.0000    0.0000    0.0000
    1.0000    0.0000    0.0000
    0.0000    1.0000    0.0000
    0.0000    0.0000    1.0000
...     2 G-C ...
   -0.1394   -1.2357    3.2268
    0.7529    0.6366    0.1670
   -0.6386    0.7680   -0.0486
   -0.1592   -0.0700    0.9848
...     3 T-A ...
   -0.0365   -3.2932    6.3751
    0.2722    0.9301    0.2466
   -0.9238    0.3243   -0.2033
   -0.2691   -0.1725    0.9475
...     4 G-C ...
   -0.3505   -4.1660    9.4928
   -0.3756    0.9250    0.0579
   -0.8781   -0.3352   -0.3415
   -0.2965   -0.1791    0.9381
...     5 A-T ...
   -0.4462   -4.1476   12.7498
   -0.8116    0.5840   -0.0165
   -0.5523   -0.7762   -0.3042
   -0.1905   -0.2378    0.9524
...     6 G-C ...
   -1.5908   -4.1730   15.6201
   -0.9976    0.0246   -0.0651
   -0.0043   -0.9555   -0.2950
   -0.0695   -0.2940    0.9533
...     7 C-G ...
   -1.1030   -4.4824   18.7362
   -0.8441   -0.5304   -0.0787
    0.5345   -0.8441   -0.0432
   -0.0435   -0.0785    0.9960
...     8 G-C ...
   -2.4028   -7.7290   23.1475
   -0.2754   -0.3293   -0.9032
    0.6650   -0.7437    0.0684
   -0.6942   -0.5818    0.4238
...     9 C-G ...
   -4.4690   -9.9728   24.1132
    0.1145   -0.7025   -0.7024
    0.8512   -0.2952    0.4340
   -0.5122   -0.6476    0.5642
...    10 T-A ...
   -6.7405  -10.8752   25.9697
    0.4841   -0.8363   -0.2574
    0.6595    0.1553    0.7355
   -0.5751   -0.5258    0.6267
...    11 C-G ...
   -9.1656  -12.6208   27.1640
    0.7073   -0.6682    0.2307
    0.3448    0.6110    0.7126
   -0.6171   -0.4245    0.6626
...    12 A-T ...
  -10.9234  -14.6633   29.0693
    0.7515   -0.1377    0.6452
   -0.2029    0.8824    0.4246
   -0.6277   -0.4500    0.6352
...    13 C-G ...
  -11.8476  -17.4863   31.2451
    0.4295    0.2823    0.8578
   -0.5708    0.8209    0.0156
   -0.6998   -0.4963    0.5137
...    14 A-T ...
  -13.5897  -19.7827   33.4259
   -0.1504    0.6104    0.7777
   -0.6874    0.5008   -0.5260
   -0.7106   -0.6136    0.3443
...    15 A-T ...
  -15.8127  -21.8035   34.6459
   -0.4897    0.8072    0.3295
   -0.4869    0.0603   -0.8714
   -0.7233   -0.5871    0.3635
...    16 T-A ...
  -17.9045  -23.6604   36.5614
   -0.6999    0.6928   -0.1738
   -0.1444   -0.3755   -0.9155
   -0.6995   -0.6157    0.3628
...    17 T-A ...
  -20.1614  -25.4645   38.1280
   -0.6799    0.3183   -0.6606
    0.2952   -0.7058   -0.6439
   -0.6712   -0.6329    0.3859
...    18 T-A ...
  -22.4412  -27.2984   39.5185
   -0.3960   -0.1231   -0.9100
    0.6216   -0.7654   -0.1669
   -0.6759   -0.6317    0.3796
...    19 A-T ...
  -24.5591  -29.5825   40.7123
    0.0635   -0.5030   -0.8619
    0.7280   -0.5674    0.3848
   -0.6826   -0.6519    0.3302
...    20 T-A ...
  -27.2750  -31.3515   41.4375
    0.4125   -0.7352   -0.5378
    0.5998   -0.2252    0.7678
   -0.6856   -0.6393    0.3481
...    21 T-A ...
  -29.6681  -33.4119   42.2980
    0.6741   -0.7385   -0.0106
    0.2611    0.2248    0.9388
   -0.6909   -0.6356    0.3443
...    22 C-G ...
  -31.9045  -35.5471   43.3852
    0.7249   -0.4537    0.5183
   -0.1817    0.5998    0.7792
   -0.6644   -0.6591    0.3524
...    23 G-C ...
  -34.1535  -37.3815   45.0981
    0.5959    0.0489    0.8015
   -0.5716    0.7268    0.3807
   -0.5640   -0.6851    0.4611
...    24 C-G ...
  -35.7216  -39.8702   46.5157
    0.2468    0.4593    0.8533
   -0.7953    0.5991   -0.0925
   -0.5537   -0.6558    0.5132
...    25 A-T ...
  -37.7752  -41.8642   48.1127
   -0.1768    0.7702    0.6128
   -0.8049    0.2452   -0.5404
   -0.5664   -0.5888    0.5766
...    26 A-T ...
  -39.4883  -43.7323   50.1901
   -0.5838    0.7863    0.2022
   -0.5766   -0.2263   -0.7850
   -0.5716   -0.5749    0.5855
...    27 A-T ...
  -41.1319  -45.4408   52.4130
   -0.8090    0.5200   -0.2742
   -0.1444   -0.6280   -0.7647
   -0.5698   -0.5790    0.5831
...    28 G-C ...
  -43.1535  -46.9251   54.6574
   -0.7265    0.1575   -0.6688
    0.2767   -0.8239   -0.4946
   -0.6289   -0.5444    0.5550
...    29 G-C ...
  -45.6202  -48.4337   56.5283
   -0.3989   -0.2751   -0.8747
    0.6141   -0.7886   -0.0320
   -0.6810   -0.5499    0.4835
...    30 C-G ...
  -48.1805  -49.9797   57.8375
    0.0315   -0.6256   -0.7795
    0.7109   -0.5342    0.4574
   -0.7026   -0.5686    0.4279
...    31 C-G ...
  -50.7547  -51.7011   59.1102
    0.4630   -0.7742   -0.4315
    0.5603   -0.1215    0.8193
   -0.6868   -0.6211    0.3775
...    32 G-C ...
  -52.5702  -53.7724   60.4306
    0.7385   -0.6742    0.0043
    0.2247    0.2521    0.9412
   -0.6357   -0.6942    0.3377
...    33 G-C ...
  -54.3194  -56.5154   61.3616
    0.7684   -0.3959    0.5028
   -0.2397    0.5505    0.7997
   -0.5934   -0.7350    0.3281
...    34 C-G ...
  -56.0274  -59.1617   62.2357
    0.5337   -0.0056    0.8457
   -0.6248    0.6713    0.3987
   -0.5699   -0.7412    0.3548
...    35 C-G ...
  -57.5562  -61.8624   63.6281
    0.1320    0.4018    0.9062
   -0.8191    0.5590   -0.1285
   -0.5582   -0.7253    0.4029
...    36 C-G ...
  -59.1381  -64.4105   65.1507
   -0.2949    0.6795    0.6718
   -0.7679    0.2499   -0.5898
   -0.5686   -0.6899    0.4481
...    37 G-C ...
  -61.3652  -66.7373   65.9742
   -0.5961    0.7756    0.2075
   -0.4837   -0.1406   -0.8638
   -0.6408   -0.6153    0.4590
...    38 A-T ...
  -63.2532  -68.7767   67.4389
   -0.7500    0.5715   -0.3331
   -0.0397   -0.5415   -0.8397
   -0.6603   -0.6165    0.4288
...    39 C-G ...
  -65.5648  -70.2880   69.0259
   -0.6197    0.2646   -0.7389
    0.3299   -0.7664   -0.5511
   -0.7122   -0.5853    0.3876
...    40 A-T ...
  -68.1143  -72.0799   70.1896
   -0.2524   -0.1174   -0.9605
    0.5777   -0.8146   -0.0523
   -0.7762   -0.5681    0.2734
...    41 C-G ...
  -70.9838  -73.6018   70.6657
    0.1134   -0.4766   -0.8718
    0.6030   -0.6643    0.4417
   -0.7896   -0.5758    0.2120
...    42 G-C ...
  -73.3081  -75.8415   71.4461
    0.4805   -0.7392   -0.4719
    0.3693   -0.3176    0.8734
   -0.7954   -0.5940    0.1204
...    43 A-T ...
  -75.8480  -77.7186   71.7593
    0.5974   -0.7915    0.1291
    0.0178    0.1740    0.9846
   -0.8018   -0.5859    0.1180
...    44 C-G ...
  -78.3200  -79.9372   71.5464
    0.5314   -0.5727    0.6242
   -0.3098    0.5544    0.7724
   -0.7884   -0.6039    0.1172
...    45 T-A ...
  -80.7187  -82.6888   71.6083
    0.2669   -0.1835    0.9461
   -0.5371    0.7868    0.3041
   -0.8002   -0.5893    0.1114
...    46 T-A ...
  -83.0572  -84.9561   71.7772
   -0.0699    0.2230    0.9723
   -0.5684    0.7921   -0.2225
   -0.8198   -0.5682    0.0713
...    47 A-T ...
  -85.7055  -86.9045   72.1761
   -0.2812    0.6741    0.6830
   -0.4403    0.5417   -0.7160
   -0.8526   -0.5021    0.1445
...    48 C-G ...
  -88.1808  -88.8054   73.1787
   -0.4163    0.8846    0.2102
   -0.2307    0.1209   -0.9655
   -0.8795   -0.4504    0.1537
...    49 T-A ...
  -91.0687  -90.1549   74.1833
   -0.3831    0.8645   -0.3255
   -0.0169   -0.3589   -0.9332
   -0.9236   -0.3520    0.1521
...    50 G-C ...
  -94.3845  -90.9026   74.6032
   -0.1460    0.5978   -0.7882
    0.1343   -0.7774   -0.6145
   -0.9801   -0.1956    0.0332
...    51 T-A ...
  -97.5567  -90.9682   74.8814
    0.0199    0.1828   -0.9830
    0.1567   -0.9716   -0.1775
   -0.9874   -0.1505   -0.0480
...    52 A-T ...
 -100.8002  -90.9602   74.2429
    0.2567   -0.3274   -0.9094
    0.0328   -0.9374    0.3467
   -0.9659   -0.1189   -0.2299
...    53 G-C ...
 -103.8503  -90.9909   73.2173
    0.3014   -0.7370   -0.6050
   -0.1571   -0.6642    0.7309
   -0.9405   -0.1252   -0.3159
...    54 G-C ...
 -106.9182  -91.1534   71.2169
    0.2020   -0.9738   -0.1042
   -0.3351   -0.1687    0.9270
   -0.9203   -0.1523   -0.3604
...    55 T-A ...
 -109.7180  -91.8191   69.5696
   -0.0341   -0.9237    0.3815
   -0.3996    0.3625    0.8420
   -0.9160   -0.1238   -0.3815
...    56 A-T ...
 -112.6484  -92.4247   68.0102
   -0.2876   -0.5259    0.8005
   -0.2909    0.8442    0.4502
   -0.9125   -0.1034   -0.3958
...    57 T-A ...
 -115.4127  -93.4268   66.4812
   -0.4322   -0.0236    0.9015
   -0.0729    0.9973   -0.0088
   -0.8988   -0.0695   -0.4328
...    58 C-G ...
 -118.4843  -93.9275   65.1838
   -0.3799    0.5916    0.7111
    0.2393    0.8055   -0.5422
   -0.8935   -0.0358   -0.4476
...    59 T-A ...
 -121.6000  -94.0670   64.0111
   -0.1203    0.9193    0.3748
    0.4049    0.3901   -0.8270
   -0.9064    0.0523   -0.4191
...    60 C-G ...
 -124.6984  -93.8146   62.7542
    0.2047    0.9736   -0.1011
    0.3920   -0.1762   -0.9029
   -0.8969    0.1452   -0.4177
...    61 G-C ...
 -127.3773  -92.9916   60.9850
    0.6228    0.6963   -0.3569
    0.1938   -0.5792   -0.7918
   -0.7580    0.4240   -0.4956
...    62 A-T ...
 -129.7843  -91.3622   59.3340
    0.6911    0.2264   -0.6864
   -0.2044   -0.8497   -0.4860
   -0.6933    0.4762   -0.5409
...    63 G-C ...
 -131.7156  -89.3889   57.4627
    0.5436   -0.2729   -0.7938
   -0.5707   -0.8136   -0.1112
   -0.6154    0.5135   -0.5980
...    64 C-G ...
 -133.3215  -87.3857   55.2041
    0.1260   -0.7054   -0.6975
   -0.8096   -0.4794    0.3386
   -0.5733    0.5221   -0.6315
...    65 T-A ...
 -135.0337  -85.6281   53.0296
   -0.3468   -0.8372   -0.4228
   -0.7756    0.0026    0.6312
   -0.5274    0.5468   -0.6503
...    66 C-G ...
 -136.8076  -83.9541   50.7988
   -0.7388   -0.6736   -0.0236
   -0.4543    0.4718    0.7557
   -0.4979    0.5690   -0.6545
...    67 A-T ...
 -138.2721  -81.6577   48.8161
   -0.8321   -0.3214    0.4520
    0.0494    0.7688    0.6376
   -0.5524    0.5529   -0.6238
...    68 T-A ...
 -140.1794  -80.2789   46.5474
   -0.6885    0.1038    0.7178
    0.4690    0.8187    0.3314
   -0.5532    0.5648   -0.6123
...    69 G-C ...
 -142.1912  -78.4506   44.3775
   -0.2442    0.5110    0.8241
    0.8098    0.5749   -0.1165
   -0.5334    0.6390   -0.5543
...    70 T-A ...
 -144.4849  -76.6455   42.7890
    0.2238    0.7094    0.6684
    0.8331    0.2166   -0.5089
   -0.5058    0.6707   -0.5425
...    71 T-A ...
 -146.1119  -74.4208   41.3308
    0.6779    0.6335    0.3729
    0.5971   -0.1786   -0.7821
   -0.4289    0.7528   -0.4993
...    72 A-T ...
 -147.1916  -71.7936   39.7995
    0.9519    0.3017    0.0531
    0.1843   -0.4255   -0.8860
   -0.2447    0.8532   -0.4606
...    73 T-A ...
 -147.8388  -68.7395   39.0174
    0.9271    0.0268   -0.3738
   -0.3121   -0.4970   -0.8097
   -0.2075    0.8674   -0.4524
...    74 A-T ...
 -148.3040  -65.9229   37.3944
    0.6366   -0.3359   -0.6942
   -0.7675   -0.3641   -0.5276
   -0.0756    0.8686   -0.4896
...    75 A-T ...
 -148.2372  -63.1285   35.8841
    0.1040   -0.4931   -0.8637
   -0.9942   -0.0767   -0.0760
   -0.0287    0.8666   -0.4982
...    76 C-G ...
 -147.5379  -60.2700   34.0223
   -0.4642   -0.4201   -0.7798
   -0.8857    0.2207    0.4084
    0.0005    0.8802   -0.4745
...    77 G-C ...
 -147.7681  -57.3915   32.4716
   -0.9134   -0.1732   -0.3684
   -0.4055    0.4663    0.7862
    0.0356    0.8675   -0.4962
...    78 G-C ...
 -147.5158  -54.6152   30.6717
   -0.9898    0.0550    0.1312
    0.1414    0.4826    0.8643
   -0.0158    0.8741   -0.4855
...    79 A-T ...
 -147.5473  -51.8350   28.7805
   -0.7035    0.3430    0.6225
    0.7106    0.3287    0.6221
    0.0087    0.8800   -0.4750
...    80 T-A ...
 -148.0450  -49.1099   26.9826
   -0.2345    0.4419    0.8659
    0.9720    0.0924    0.2161
    0.0155    0.8923   -0.4512
...    81 C-G ...
 -148.0007  -46.1332   25.5353
    0.3679    0.3504    0.8613
    0.9278   -0.2002   -0.3148
    0.0622    0.9150   -0.3987
...    82 G-C ...
 -147.2337  -43.2513   24.3292
    0.7817    0.0771    0.6189
    0.6059   -0.3289   -0.7244
    0.1477    0.9412   -0.3038
...    83 G-C ...
 -146.6574  -40.0581   23.6334
    0.9632   -0.2120    0.1655
    0.0948   -0.3081   -0.9466
    0.2516    0.9274   -0.2766
...    84 G-C ...
 -145.3692  -36.9838   23.1004
    0.8272   -0.4552   -0.3294
   -0.4081   -0.0839   -0.9091
    0.3862    0.8864   -0.2552
...    85 A-T ...
 -143.8637  -34.1149   22.4570
    0.4225   -0.4384   -0.7933
   -0.7999    0.2313   -0.5538
    0.4263    0.8685   -0.2529
...    86 T-A ...
 -141.8916  -31.5409   21.8091
   -0.0579   -0.2636   -0.9629
   -0.8945    0.4420   -0.0672
    0.4433    0.8574   -0.2614
...    87 C-G ...
 -140.1540  -28.8445   20.7957
   -0.5769    0.0764   -0.8132
   -0.6741    0.5177    0.5269
    0.4612    0.8522   -0.2471
...    88 C-G ...
 -138.6114  -26.1164   19.7613
   -0.8728    0.2857   -0.3958
   -0.2595    0.4152    0.8719
    0.4134    0.8637   -0.2883
...    89 G-C ...
 -137.3381  -23.1259   19.2938
   -0.8919    0.4105    0.1897
    0.2831    0.1796    0.9421
    0.3527    0.8940   -0.2764
...    90 C-G ...
 -136.2497  -20.1430   17.9096
   -0.5758    0.4188    0.7022
    0.7330   -0.1160    0.6702
    0.3622    0.9006   -0.2402
...    91 T-A ...
 -135.3686  -16.9875   16.8923
   -0.0832    0.2346    0.9685
    0.9294   -0.3325    0.1604
    0.3597    0.9135   -0.1904
...    92 T-A ...
 -134.5396  -13.8947   16.4066
    0.4448   -0.0145    0.8955
    0.8105   -0.4189   -0.4094
    0.3810    0.9079   -0.1746
...    93 T-A ...
 -133.3369  -10.9323   16.0122
    0.7872   -0.3083    0.5340
    0.4378   -0.3304   -0.8362
    0.4343    0.8921   -0.1251
...    94 A-T ...
 -131.5617   -8.0846   15.7579
    0.8062   -0.5916   -0.0005
   -0.0387   -0.0520   -0.9979
    0.5904    0.8045   -0.0648
...    95 A-T ...
 -129.5423   -5.6643   15.7826
    0.6233   -0.5747   -0.5303
   -0.4393    0.3037   -0.8454
    0.6469    0.7599   -0.0632
...    96 C-G ...
 -126.9627   -3.5410   16.0187
    0.2980   -0.3342   -0.8941
   -0.6837    0.5790   -0.4443
    0.6661    0.7437   -0.0559
...    97 A-T ...
 -124.6106   -1.1849   15.6324
   -0.1900    0.0110   -0.9817
   -0.7069    0.6924    0.1445
    0.6813    0.7214   -0.1238
...    98 C-G ...
 -121.9257    0.7453   14.8547
   -0.5370    0.3686   -0.7588
   -0.4933    0.5924    0.6369
    0.6843    0.7163   -0.1363
...    99 T-A ...
 -119.2960    2.9753   13.6777
   -0.7184    0.6398   -0.2731
   -0.1106    0.2826    0.9529
    0.6868    0.7147   -0.1322
...   100 T-A ...
 -117.0791    5.2279   12.8643
   -0.6130    0.7188    0.3280
    0.3190   -0.1547    0.9350
    0.7228    0.6778   -0.1345
...   101 T-A ...
 -114.8140    7.4746   12.1659
   -0.3093    0.5109    0.8020
    0.5996   -0.5498    0.5815
    0.7381    0.6608   -0.1363
...   102 A-T ...
 -112.1402    9.4843   11.8856
    0.0640    0.0531    0.9965
    0.6558   -0.7549   -0.0019
    0.7522    0.6537   -0.0832
...   103 T-A ...
 -110.1772   12.0521   11.9476
    0.3194   -0.3445    0.8828
    0.5499   -0.6913   -0.4687
    0.7717    0.6352   -0.0314
...   104 G-C ...
 -107.6303   14.2006   12.1802
    0.5009   -0.7560    0.4214
    0.2783   -0.3203   -0.9055
    0.8195    0.5709    0.0500
...   105 C-G ...
 -104.8379   15.7616   12.8335
    0.5112   -0.8489   -0.1343
   -0.0293    0.1389   -0.9899
    0.8590    0.5099    0.0461
...   106 T-A ...
 -101.6421   17.0223   13.3440
    0.3827   -0.6363   -0.6699
   -0.2597    0.6218   -0.7389
    0.8866    0.4567    0.0727
...   107 T-A ...
  -98.6857   18.2246   13.6559
    0.1339   -0.2016   -0.9703
   -0.3974    0.8860   -0.2389
    0.9078    0.4176    0.0385
...   108 C-G ...
  -95.5552   19.3788   13.6204
   -0.1403    0.3433   -0.9287
   -0.3805    0.8472    0.3707
    0.9141    0.4054    0.0118
...   109 C-G ...
  -92.5045   20.6100   13.4798
   -0.3981    0.6995   -0.5935
   -0.2305    0.5500    0.8027
    0.8879    0.4564   -0.0577
...   110 G-C ...
  -89.8722   22.1949   13.5688
   -0.5308    0.8427   -0.0906
    0.0273    0.1238    0.9919
    0.8471    0.5240   -0.0887
...   111 G-C ...
  -87.2635   24.2635   13.0744
   -0.4698    0.7397    0.4818
    0.3350   -0.3556    0.8725
    0.8167    0.5714   -0.0807
...   112 C-G ...
  -84.8721   26.5423   12.5183
   -0.2396    0.3996    0.8848
    0.5377   -0.7042    0.4636
    0.8083    0.5869   -0.0461
...   113 T-A ...
  -82.3386   28.6736   12.3647
    0.0411   -0.0543    0.9977
    0.5873   -0.8065   -0.0681
    0.8083    0.5888   -0.0012
...   114 C-G ...
  -79.6157   30.5751   12.4770
    0.3387   -0.5335    0.7751
    0.4701   -0.6176   -0.6305
    0.8150    0.5779    0.0417
...   115 G-C ...
  -76.6970   32.1629   12.2711
    0.4696   -0.8422    0.2650
    0.1976   -0.1923   -0.9612
    0.8605    0.5038    0.0761
...   116 T-A ...
  -73.7932   33.4565   13.2015
    0.4526   -0.8441   -0.2876
   -0.0726    0.2865   -0.9553
    0.8888    0.4533    0.0683
...   117 A-T ...
  -70.5790   34.5018   13.8620
    0.2426   -0.5789   -0.7784
   -0.2754    0.7283   -0.6275
    0.9302    0.3666    0.0173
...   118 T-A ...
  -67.3928   35.0361   14.2295
    0.0749   -0.1365   -0.9878
   -0.3544    0.9223   -0.1544
    0.9321    0.3616    0.0207
...   119 A-T ...
  -64.3197   36.3899   14.2781
   -0.1837    0.4194   -0.8890
   -0.3008    0.8370    0.4570
    0.9358    0.3514   -0.0276
...   120 A-T ...
  -61.2237   37.2836   13.9243
   -0.3343    0.8132   -0.4764
   -0.1328    0.4598    0.8780
    0.9331    0.3568   -0.0457
...   121 T-A ...
  -58.1434   38.2779   13.0946
   -0.3448    0.9374    0.0488
    0.0648   -0.0281    0.9975
    0.9365    0.3471   -0.0510
...   122 G-C ...
  -54.9958   39.5812   12.7687
   -0.2921    0.7171    0.6328
    0.2646   -0.5752    0.7740
    0.9190    0.3936   -0.0217
...   123 T-A ...
  -52.1826   41.2443   12.4369
   -0.1230    0.3281    0.9366
    0.3758   -0.8581    0.3499
    0.9185    0.3950   -0.0178
...   124 G-C ...
  -49.1464   42.6384   12.4562
    0.0596   -0.2528    0.9657
    0.4001   -0.8803   -0.2551
    0.9145    0.4016    0.0486
...   125 T-A ...
  -46.4309   44.3284   12.8436
    0.2199   -0.6881    0.6915
    0.3127   -0.6217   -0.7181
    0.9241    0.3741    0.0785
...   126 C-G ...
  -43.4999   45.4935   13.1889
    0.3608   -0.9220    0.1405
    0.1302   -0.0993   -0.9865
    0.9235    0.3742    0.0842
...   127 G-C ...
  -40.3766   46.5346   12.9770
    0.2036   -0.9006   -0.3839
   -0.0436    0.3834   -0.9225
    0.9781    0.2046    0.0388
...   128 A-T ...
  -37.3087   47.2493   13.2019
    0.1245   -0.5150   -0.8481
   -0.1717    0.8306   -0.5297
    0.9772    0.2116    0.0150
...   129 C-G ...
  -34.0273   47.1800   13.5280
   -0.0347   -0.0140   -0.9993
   -0.1954    0.9807   -0.0069
    0.9801    0.1950   -0.0368
...   130 C-G ...
  -30.6750   47.3535   12.8679
   -0.2466    0.4671   -0.8491
   -0.0999    0.8593    0.5017
    0.9640    0.2085   -0.1652
...   131 A-T ...
  -27.5862   48.6364   12.5338
   -0.3688    0.8385   -0.4011
    0.0954    0.4634    0.8810
    0.9246    0.2867   -0.2509
...   132 A-T ...
  -24.6406   49.6342   11.4829
   -0.2470    0.9535    0.1726
    0.3046   -0.0927    0.9480
    0.9199    0.2867   -0.2675
...   133 A-T ...
  -21.7817   50.6533   10.2318
    0.0309    0.7276    0.6853
    0.3806   -0.6425    0.6651
    0.9242    0.2403   -0.2967
...   134 T-A ...
  -19.0158   52.0243    8.9251
    0.2452    0.2905    0.9249
    0.3073   -0.9281    0.2101
    0.9195    0.2328   -0.3169
...   135 G-C ...
  -16.4636   53.8824    7.5154
    0.5339   -0.3333    0.7771
    0.0346   -0.9097   -0.4139
    0.8449    0.2479   -0.4741
...   136 T-A ...
  -14.1748   56.5546    6.1809
    0.5795   -0.7269    0.3685
   -0.3141   -0.6164   -0.7221
    0.7521    0.3026   -0.5855
...   137 G-C ...
  -11.6537   57.9991    4.7205
    0.2452   -0.9542   -0.1714
   -0.6323   -0.0234   -0.7744
    0.7349    0.2983   -0.6091
...   138 A-T ...
   -8.6757   58.7132    3.6025
   -0.0345   -0.7815   -0.6229
   -0.6536    0.4891   -0.5775
    0.7560    0.3872   -0.5277
...   139 G-C ...
   -6.3273   59.0726    1.6297
   -0.2969   -0.3279   -0.8968
   -0.5657    0.8171   -0.1114
    0.7693    0.4742   -0.4281
...   140 C-G ...
   -3.4367   60.2278    1.0288
   -0.4426    0.2287   -0.8671
   -0.1681    0.9286    0.3308
    0.8808    0.2922   -0.3725
...   141 G-C ...
   -0.6975   63.8910   -2.2509
   -0.9992    0.0157   -0.0376
   -0.0024    0.8991    0.4378
    0.0407    0.4375   -0.8983
...   142 C-G ...
   -1.0063   65.5987   -4.9400
   -0.8337    0.5216    0.1813
    0.5170    0.6219    0.5881
    0.1940    0.5841   -0.7882
...   143 T-A ...
   -0.1331   66.2083   -7.8195
   -0.3753    0.8566    0.3540
    0.8856    0.2187    0.4098
    0.2736    0.4673   -0.8407
...   144 C-G ...
   -0.1664   67.4019  -10.8066
    0.1798    0.8793    0.4411
    0.9277   -0.3007    0.2214
    0.3273    0.3694   -0.8697
...   145 A-T ...
    0.5268   69.2311  -13.4658
    0.7352    0.4964    0.4616
    0.6118   -0.7791   -0.1367
    0.2918    0.3829   -0.8765
...   146 C-G ...
    1.4340   72.0891  -15.6018
    0.9809    0.0621    0.1844
    0.1264   -0.9240   -0.3608
    0.1480    0.3772   -0.9142
...   147 A-T ...
    2.3049   74.2221  -18.3862
    0.8657   -0.4292   -0.2575
   -0.4984   -0.7868   -0.3642
   -0.0463    0.4436   -0.8950
