  147 base-pairs
...     1 A-T ...
    0.0000    0.0000    0.0000
    1.0000    0.0000    0.0000
    0.0000    1.0000    0.0000
    0.0000    0.0000    1.0000
...     2 G-C ...
   -0.1394   -1.2357    3.2268
    0.7529    0.6366    0.1670
   -0.6386    0.7680   -0.0486
   -0.1592   -0.0700    0.9848
...     3 T-A ...
   -0.0365   -3.2932    6.3751
    0.2722    0.9301    0.2466
   -0.9238    0.3243   -0.2033
   -0.2691   -0.1725    0.9475
...     4 G-C ...
   -0.3505   -4.1660    9.4928
   -0.3756    0.9250    0.0579
   -0.8781   -0.3352   -0.3415
   -0.2965   -0.1791    0.9381
...     5 A-T ...
   -0.4462   -4.1476   12.7498
   -0.8116    0.5840   -0.0165
   -0.5523   -0.7762   -0.3042
   -0.1905   -0.2378    0.9524
...     6 G-C ...
   -1.5908   -4.1730   15.6201
   -0.9976    0.0246   -0.0651
   -0.0043   -0.9555   -0.2950
   -0.0695   -0.2940    0.9533
...     7 C-G ...
   -1.1030   -4.4824   18.7362
   -0.8441   -0.5304   -0.0787
    0.5345   -0.8441   -0.0432
   -0.0435   -0.0785    0.9960
...     8 G-C ...
   -2.4028   -7.7290   23.1475
   -0.2754   -0.3293   -0.9032
    0.6650   -0.7437    0.0684
   -0.6942   -0.5818    0.4238
...     9 C-G ...
   -4.4690   -9.9728   24.1132
    0.1145   -0.7025   -0.7024
    0.8512   -0.2952    0.4340
   -0.5122   -0.6476    0.5642
...    10 T-A ...
   -6.7405  -10.8752   25.9697
    0.4841   -0.8363   -0.2574
    0.6595    0.1553    0.7355
   -0.5751   -0.5258    0.6267
...    11 C-G ...
   -9.1656  -12.6208   27.1640
    0.7073   -0.6682    0.2307
    0.3448    0.6110    0.7126
   -0.6171   -0.4245    0.6626
...    12 A-T ...
  -10.9234  -14.6633   29.0693
    0.7515   -0.1377    0.6452
   -0.2029    0.8824    0.4246
   -0.6277   -0.4500    0.6352
...    13 C-G ...
  -11.8476  -17.4863   31.2451
    0.4295    0.2823    0.8578
   -0.5708    0.8209    0.0156
   -0.6998   -0.4963    0.5137
...    14 A-T ...
  -13.5897  -19.7827   33.4259
   -0.1504    0.6104    0.7777
   -0.6874    0.5008   -0.5260
   -0.7106   -0.6136    0.3443
...    15 A-T ...
  -15.8173  -21.7953   34.6463
   -0.4837    0.8103    0.3308
   -0.4902    0.0623   -0.8694
   -0.7251   -0.5827    0.3670
...    16 T-A ...
  -17.9118  -23.6305   36.5746
   -0.6951    0.6986   -0.1701
   -0.1529   -0.3747   -0.9144
   -0.7025   -0.6096    0.3673
...    17 T-A ...
  -20.1762  -25.4080   38.1598
   -0.6812    0.3255   -0.6558
    0.2826   -0.7094   -0.6456
   -0.6754   -0.6251    0.3913
...    18 T-A ...
  -22.4680  -27.2044   39.5710
   -0.4063   -0.1170   -0.9062
    0.6096   -0.7735   -0.1734
   -0.6807   -0.6229    0.3856
...    19 A-T ...
  -24.6195  -29.4402   40.7772
    0.0441   -0.4985   -0.8658
    0.7230   -0.5822    0.3720
   -0.6894   -0.6423    0.3347
...    20 T-A ...
  -27.3598  -31.1587   41.5333
    0.3899   -0.7396   -0.5486
    0.6066   -0.2419    0.7573
   -0.6928   -0.6280    0.3543
...    21 T-A ...
  -29.7865  -33.1708   42.4156
    0.6581   -0.7524   -0.0281
    0.2825    0.2121    0.9355
   -0.6980   -0.6236    0.3521
...    22 C-G ...
  -32.0544  -35.2588   43.5232
    0.7252   -0.4742    0.4991
   -0.1519    0.5968    0.7878
   -0.6715   -0.6472    0.3608
...    23 G-C ...
  -34.3198  -37.0437   45.2606
    0.6148    0.0280    0.7882
   -0.5447    0.7378    0.3987
   -0.5704   -0.6745    0.4688
...    24 C-G ...
  -35.9156  -39.4995   46.6960
    0.2786    0.4460    0.8505
   -0.7816    0.6200   -0.0691
   -0.5582   -0.6455    0.5213
...    25 A-T ...
  -37.9574  -41.4500   48.3457
   -0.1349    0.7699    0.6238
   -0.8129    0.2740   -0.5139
   -0.5666   -0.5764    0.5889
...    26 A-T ...
  -39.6590  -43.2755   50.4680
   -0.5505    0.8030    0.2282
   -0.6091   -0.1994   -0.7676
   -0.5709   -0.5616    0.5989
...    27 A-T ...
  -41.2812  -44.9427   52.7353
   -0.7991    0.5510   -0.2405
   -0.1930   -0.6140   -0.7654
   -0.5694   -0.5651    0.5970
...    28 G-C ...
  -43.2740  -46.3709   55.0382
   -0.7439    0.1932   -0.6398
    0.2272   -0.8272   -0.5139
   -0.6286   -0.5276    0.5715
...    29 G-C ...
  -45.7281  -47.7974   56.9860
   -0.4422   -0.2441   -0.8630
    0.5803   -0.8116   -0.0678
   -0.6839   -0.5308    0.5005
...    30 C-G ...
  -48.2976  -49.2469   58.3785
   -0.0246   -0.6094   -0.7925
    0.7063   -0.5716    0.4176
   -0.7074   -0.5495    0.4445
...    31 C-G ...
  -50.8915  -50.8785   59.7213
    0.4137   -0.7801   -0.4694
    0.5892   -0.1636    0.7913
   -0.6941   -0.6039    0.3919
...    32 G-C ...
  -52.7325  -52.9059   61.0549
    0.7114   -0.7010   -0.0492
    0.2764    0.2148    0.9368
   -0.6461   -0.6800    0.3465
...    33 G-C ...
  -54.5270  -55.6156   61.9807
    0.7755   -0.4406    0.4522
   -0.1817    0.5302    0.8282
   -0.6047   -0.7244    0.3311
...    34 C-G ...
  -56.2710  -58.2325   62.8555
    0.5729   -0.0574    0.8176
   -0.5802    0.6762    0.4540
   -0.5789   -0.7345    0.3541
...    35 C-G ...
  -57.8230  -60.9263   64.2262
    0.1888    0.3569    0.9149
   -0.8048    0.5901   -0.0642
   -0.5628   -0.7241    0.3986
...    36 C-G ...
  -59.4163  -63.4736   65.7215
   -0.2380    0.6549    0.7173
   -0.7876    0.3021   -0.5371
   -0.5684   -0.6928    0.4439
...    37 G-C ...
  -61.6799  -65.7600   66.5489
   -0.5588    0.7816    0.2772
   -0.5316   -0.0811   -0.8431
   -0.6365   -0.6185    0.4608
...    38 A-T ...
  -63.5469  -67.8198   68.0017
   -0.7466    0.6116   -0.2618
   -0.1004   -0.4926   -0.8645
   -0.6577   -0.6191    0.4292
...    39 C-G ...
  -65.8249  -69.3452   69.6233
   -0.6478    0.3266   -0.6883
    0.2758   -0.7416   -0.6115
   -0.7102   -0.5859    0.3903
...    40 A-T ...
  -68.3618  -71.1082   70.8328
   -0.3054   -0.0427   -0.9513
    0.5458   -0.8264   -0.1381
   -0.7802   -0.5614    0.2757
...    41 C-G ...
  -71.2452  -72.5649   71.3545
    0.0538   -0.4113   -0.9099
    0.6026   -0.7132    0.3580
   -0.7962   -0.5676    0.2095
...    42 G-C ...
  -73.5982  -74.7898   72.0782
    0.4356   -0.7062   -0.5582
    0.4037   -0.4010    0.8224
   -0.8045   -0.5835    0.1104
...    43 A-T ...
  -76.1642  -76.6300   72.3562
    0.5827   -0.8123    0.0256
    0.0721    0.0830    0.9939
   -0.8095   -0.5773    0.1069
...    44 C-G ...
  -78.7010  -78.7584   72.0625
    0.5504   -0.6383    0.5382
   -0.2569    0.4838    0.8366
   -0.7944   -0.5987    0.1022
...    45 T-A ...
  -81.1421  -81.4734   71.9889
    0.3103   -0.2829    0.9076
   -0.5054    0.7595    0.4095
   -0.8052   -0.5858    0.0927
...    46 T-A ...
  -83.5011  -83.7365   72.0210
   -0.0178    0.1149    0.9932
   -0.5652    0.8183   -0.1048
   -0.8248   -0.5632    0.0504
...    47 A-T ...
  -86.1869  -85.6503   72.2999
   -0.2531    0.5939    0.7637
   -0.4611    0.6199   -0.6349
   -0.8505   -0.5128    0.1169
...    48 C-G ...
  -88.6483  -87.6413   73.1728
   -0.4092    0.8530    0.3240
   -0.2606    0.2310   -0.9374
   -0.8744   -0.4680    0.1278
...    49 T-A ...
  -91.5088  -89.1014   74.0977
   -0.3949    0.8943   -0.2103
   -0.0411   -0.2459   -0.9684
   -0.9178   -0.3738    0.1338
...    50 G-C ...
  -94.8036  -89.9170   74.5148
   -0.1718    0.6887   -0.7044
    0.1286   -0.6932   -0.7092
   -0.9767   -0.2124    0.0305
...    51 T-A ...
  -97.9660  -90.0630   74.8661
   -0.0013    0.3128   -0.9498
    0.1676   -0.9363   -0.3086
   -0.9859   -0.1596   -0.0512
...    52 A-T ...
 -101.2337  -89.7767   74.2356
    0.2813   -0.1618   -0.9459
    0.0559   -0.9812    0.1845
   -0.9580   -0.1048   -0.2670
...    53 G-C ...
 -104.2656  -89.6792   73.1729
    0.3470   -0.6071   -0.7149
   -0.1467   -0.7880    0.5979
   -0.9263   -0.1026   -0.3625
...    54 G-C ...
 -107.2676  -89.5900   71.0642
    0.2564   -0.9283   -0.2692
   -0.3527   -0.3491    0.8682
   -0.8999   -0.1277   -0.4169
...    55 T-A ...
 -109.9591  -90.0916   69.2066
    0.0115   -0.9784    0.2065
   -0.4494    0.1795    0.8751
   -0.8933   -0.1029   -0.4376
...    56 A-T ...
 -112.7726  -90.6012   67.4186
   -0.2755   -0.6841    0.6754
   -0.3696    0.7239    0.5825
   -0.8874   -0.0892   -0.4523
...    57 T-A ...
 -115.3865  -91.4861   65.5766
   -0.4648   -0.2235    0.8568
   -0.1519    0.9734    0.1715
   -0.8723   -0.0504   -0.4864
...    58 C-G ...
 -118.3388  -91.9543   64.0360
   -0.4627    0.4157    0.7830
    0.1960    0.9094   -0.3669
   -0.8645   -0.0163   -0.5023
...    59 T-A ...
 -121.3719  -92.1116   62.6560
   -0.2247    0.8199    0.5265
    0.4125    0.5696   -0.7109
   -0.8828    0.0574   -0.4662
...    60 C-G ...
 -124.4055  -91.9075   61.2268
    0.1130    0.9897    0.0879
    0.4666    0.0252   -0.8841
   -0.8772    0.1409   -0.4589
...    61 G-C ...
 -127.0200  -91.0579   59.4043
    0.5616    0.8080   -0.1781
    0.3194   -0.4103   -0.8542
   -0.7633    0.4228   -0.4885
...    62 A-T ...
 -129.4834  -89.5111   57.8155
    0.7161    0.4138   -0.5621
   -0.0503   -0.7726   -0.6328
   -0.6962    0.4815   -0.5325
...    63 G-C ...
 -131.4417  -87.4533   56.0731
    0.6523   -0.0720   -0.7546
   -0.4423   -0.8446   -0.3018
   -0.6156    0.5306   -0.5827
...    64 C-G ...
 -133.0450  -85.2927   53.9840
    0.3026   -0.5607   -0.7708
   -0.7644   -0.6258    0.1551
   -0.5693    0.5423   -0.6179
...    65 T-A ...
 -134.6890  -83.3990   51.8746
   -0.1533   -0.8029   -0.5760
   -0.8361   -0.2053    0.5087
   -0.5267    0.5596   -0.6398
...    66 C-G ...
 -136.6542  -81.7509   49.8453
   -0.6304   -0.7578   -0.1687
   -0.6008    0.3385    0.7242
   -0.4917    0.5579   -0.6686
...    67 G-C ...
 -138.8058  -79.3236   48.4501
   -0.8542   -0.4328    0.2882
   -0.1328    0.7174    0.6839
   -0.5027    0.5459   -0.6703
...    68 G-C ...
 -140.2961  -77.4710   46.0902
   -0.7581    0.0086    0.6521
    0.3955    0.8011    0.4493
   -0.5185    0.5985   -0.6107
...    69 G-C ...
 -142.0733  -75.6404   43.9282
   -0.3732    0.3665    0.8523
    0.7435    0.6676    0.0385
   -0.5549    0.6480   -0.5217
...    70 A-T ...
 -144.0744  -73.6253   42.2360
    0.1553    0.6498    0.7441
    0.8286    0.3244   -0.4563
   -0.5379    0.6874   -0.4880
...    71 T-A ...
 -146.2617  -71.4450   41.1111
    0.5805    0.6881    0.4354
    0.6340   -0.0464   -0.7720
   -0.5110    0.7242   -0.4632
...    72 C-G ...
 -147.8943  -68.9184   39.8334
    0.8733    0.4851   -0.0444
    0.1824   -0.4103   -0.8935
   -0.4516    0.7722   -0.4468
...    73 C-G ...
 -149.3102  -66.2573   38.5589
    0.9016    0.0980   -0.4212
   -0.2937   -0.5763   -0.7626
   -0.3175    0.8113   -0.4909
...    74 G-C ...
 -150.2489  -63.8098   36.5434
    0.6479   -0.3447   -0.6793
   -0.7441   -0.4769   -0.4677
   -0.1628    0.8085   -0.5655
...    75 C-G ...
 -150.1485  -60.9655   34.5529
    0.1070   -0.5626   -0.8197
   -0.9873   -0.1576   -0.0207
   -0.1175    0.8115   -0.5723
...    76 T-A ...
 -150.0631  -58.4665   32.1047
   -0.4754   -0.5347   -0.6986
   -0.8789    0.2529    0.4045
   -0.0396    0.8063   -0.5901
...    77 T-A ...
 -149.8418  -55.9756   29.9909
   -0.9034   -0.2155   -0.3706
   -0.4276    0.5146    0.7432
    0.0305    0.8299   -0.5571
...    78 T-A ...
 -149.5081  -53.4652   27.8950
   -0.9794    0.1794    0.0926
    0.1742    0.5197    0.8364
    0.1020    0.8353   -0.5402
...    79 A-T ...
 -148.5737  -50.5098   26.6415
   -0.6648    0.5076    0.5481
    0.7255    0.2639    0.6356
    0.1780    0.8202   -0.5437
...    80 A-T ...
 -148.1235  -47.9113   24.8537
   -0.1586    0.5493    0.8205
    0.9659   -0.0861    0.2443
    0.2048    0.8312   -0.5169
...    81 C-G ...
 -148.0485  -45.0162   23.1788
    0.3604    0.3878    0.8484
    0.9032   -0.3723   -0.2135
    0.2330    0.8432   -0.4844
...    82 A-T ...
 -147.2408  -42.0992   21.7651
    0.7642    0.0051    0.6449
    0.5595   -0.5025   -0.6591
    0.3208    0.8645   -0.3869
...    83 C-G ...
 -146.1527  -39.0026   21.1676
    0.9255   -0.2981    0.2334
    0.0959   -0.4117   -0.9063
    0.3663    0.8612   -0.3524
...    84 T-A ...
 -144.5338  -35.8603   20.5563
    0.7858   -0.5442   -0.2940
   -0.4305   -0.1399   -0.8917
    0.4441    0.8272   -0.3442
...    85 T-A ...
 -142.8123  -33.2108   19.7372
    0.4009   -0.5045   -0.7647
   -0.7992    0.2154   -0.5612
    0.4478    0.8361   -0.3168
...    86 T-A ...
 -141.0750  -30.5944   18.8620
   -0.1144   -0.2685   -0.9565
   -0.8842    0.4664   -0.0252
    0.4529    0.8428   -0.2908
...    87 A-T ...
 -139.7198  -27.5688   17.9945
   -0.6358    0.1264   -0.7614
   -0.6099    0.5224    0.5959
    0.4731    0.8433   -0.2551
...    88 T-A ...
 -137.8594  -25.2319   16.6373
   -0.8552    0.3491   -0.3831
   -0.2330    0.4015    0.8857
    0.4630    0.8467   -0.2620
...    89 G-C ...
 -136.4826  -22.4261   15.5238
   -0.8587    0.4428    0.2579
    0.3478    0.1340    0.9279
    0.3763    0.8866   -0.2691
...    90 C-G ...
 -135.6570  -19.4354   14.4893
   -0.5498    0.3991    0.7337
    0.7505   -0.1497    0.6438
    0.3668    0.9046   -0.2172
...    91 T-A ...
 -134.8229  -16.2107   13.6409
   -0.0492    0.2053    0.9775
    0.9349   -0.3349    0.1174
    0.3515    0.9196   -0.1755
...    92 T-A ...
 -133.8871  -13.1896   13.1771
    0.4481   -0.0714    0.8911
    0.8136   -0.3804   -0.4397
    0.3704    0.9221   -0.1124
...    93 C-G ...
 -132.7028  -10.1164   13.1216
    0.7944   -0.3469    0.4986
    0.4312   -0.2561   -0.8651
    0.4278    0.9023   -0.0538
...    94 C-G ...
 -131.3128   -7.1410   13.1570
    0.8404   -0.5419   -0.0095
   -0.0279   -0.0257   -0.9993
    0.5412    0.8401   -0.0367
...    95 G-C ...
 -129.4488   -4.7371   12.7795
    0.6426   -0.5780   -0.5031
   -0.4115    0.2936   -0.8629
    0.6464    0.7614   -0.0492
...    96 G-C ...
 -126.8319   -2.6264   12.5033
    0.2728   -0.3710   -0.8877
   -0.6573    0.6019   -0.4535
    0.7025    0.7072   -0.0796
...    97 C-G ...
 -124.0502   -0.7724   12.1243
   -0.1558   -0.0026   -0.9878
   -0.6824    0.7233    0.1057
    0.7142    0.6905   -0.1145
...    98 T-A ...
 -121.5325    1.3181   11.6865
   -0.5053    0.3682   -0.7804
   -0.4795    0.6321    0.6087
    0.7175    0.6818   -0.1428
...    99 C-G ...
 -119.2742    3.6913   11.2535
   -0.7010    0.6605   -0.2691
   -0.0725    0.3093    0.9482
    0.7095    0.6842   -0.1689
...   100 G-C ...
 -116.9023    6.0094   11.2110
   -0.6504    0.6768    0.3450
    0.3503   -0.1358    0.9267
    0.6740    0.7236   -0.1488
...   101 T-A ...
 -115.0048    8.6540   10.1231
   -0.3528    0.4915    0.7962
    0.6465   -0.4871    0.5872
    0.6764    0.7219   -0.1459
...   102 T-A ...
 -112.9394   11.0951    9.6190
    0.0705    0.1159    0.9907
    0.7237   -0.6895    0.0292
    0.6865    0.7150   -0.1325
...   103 C-G ...
 -110.4827   13.2392    9.2654
    0.4364   -0.3466    0.8303
    0.5618   -0.6159   -0.5524
    0.7028    0.7075   -0.0740
...   104 A-T ...
 -108.2581   15.7969    9.1581
    0.5783   -0.7046    0.4113
    0.2879   -0.2954   -0.9110
    0.7633    0.6452    0.0320
...   105 T-A ...
 -105.8084   17.8413    9.7741
    0.6028   -0.7923   -0.0940
   -0.0234    0.1001   -0.9947
    0.7976    0.6018    0.0418
...   106 G-C ...
 -102.9060   19.6945   10.1137
    0.3964   -0.6449   -0.6535
   -0.3451    0.5549   -0.7569
    0.8508    0.5255   -0.0026
...   107 T-A ...
  -99.8032   20.9361   10.4743
    0.1432   -0.2615   -0.9545
   -0.4934    0.8172   -0.2979
    0.8579    0.5136   -0.0119
...   108 T-A ...
  -96.9549   22.3669   10.4385
   -0.1619    0.2284   -0.9600
   -0.4759    0.8342    0.2787
    0.8644    0.5020   -0.0264
...   109 A-T ...
  -94.1558   24.2596   10.4530
   -0.4349    0.6762   -0.5947
   -0.2759    0.5286    0.8028
    0.8572    0.5132   -0.0433
...   110 T-A ...
  -91.3034   25.6153    9.6635
   -0.4991    0.8591   -0.1130
   -0.0223    0.1176    0.9928
    0.8662    0.4980   -0.0396
...   111 A-T ...
  -88.3300   27.2354    9.8239
   -0.4122    0.7486    0.5193
    0.2974   -0.4282    0.8534
    0.8612    0.5061   -0.0461
...   112 A-T ...
  -85.6639   28.9765    9.5656
   -0.1788    0.3803    0.9074
    0.4687   -0.7780    0.4184
    0.8651    0.5001   -0.0391
...   113 C-G ...
  -83.1230   31.2656    9.3363
    0.1021   -0.1076    0.9889
    0.4831   -0.8637   -0.1439
    0.8696    0.4925   -0.0362
...   114 G-C ...
  -80.1057   32.5028    9.3899
    0.2494   -0.6238    0.7407
    0.3677   -0.6466   -0.6684
    0.8959    0.4390    0.0681
...   115 G-C ...
  -77.1380   33.7844    9.9969
    0.3086   -0.9101    0.2766
    0.2230   -0.2135   -0.9512
    0.9247    0.3553    0.1370
...   116 A-T ...
  -74.1039   34.9269   10.6963
    0.3300   -0.8871   -0.3227
    0.0178    0.3476   -0.9375
    0.9438    0.3036    0.1305
...   117 A-T ...
  -70.9899   35.7073   11.3279
    0.2689   -0.5423   -0.7960
   -0.1713    0.7863   -0.5936
    0.9478    0.2960    0.1185
...   118 T-A ...
  -67.7461   36.0045   11.9541
    0.1472   -0.0590   -0.9873
   -0.2791    0.9552   -0.0987
    0.9489    0.2901    0.1242
...   119 A-T ...
  -64.6219   37.1282   12.3277
   -0.0960    0.4833   -0.8702
   -0.2810    0.8255    0.4895
    0.9549    0.2915    0.0565
...   120 A-T ...
  -61.4695   37.8679   12.2276
   -0.2644    0.8541   -0.4479
   -0.1627    0.4183    0.8936
    0.9506    0.3092    0.0284
...   121 T-A ...
  -58.3084   38.7564   11.6365
   -0.3059    0.9488    0.0787
    0.0058   -0.0809    0.9967
    0.9521    0.3053    0.0193
...   122 G-C ...
  -55.1092   39.9665   11.5454
   -0.3023    0.6988    0.6483
    0.2012   -0.6180    0.7600
    0.9317    0.3602    0.0462
...   123 T-A ...
  -52.2439   41.5685   11.4580
   -0.1618    0.2944    0.9419
    0.3317   -0.8827    0.3328
    0.9294    0.3663    0.0452
...   124 G-C ...
  -49.1834   42.8819   11.6866
    0.0091   -0.2902    0.9569
    0.3887   -0.8807   -0.2708
    0.9213    0.3745    0.1048
...   125 T-A ...
  -46.4465   44.5001   12.2545
    0.1755   -0.7170    0.6746
    0.3281   -0.6035   -0.7267
    0.9282    0.3489    0.1294
...   126 C-G ...
  -43.5099   45.6021   12.7490
    0.3354   -0.9342    0.1218
    0.1654   -0.0689   -0.9838
    0.9274    0.3501    0.1314
...   127 G-C ...
  -40.3739   46.6138   12.6791
    0.2007   -0.8925   -0.4041
   -0.0097    0.4106   -0.9118
    0.9796    0.1869    0.0738
...   128 A-T ...
  -37.3138   47.2924   13.0245
    0.1396   -0.4952   -0.8575
   -0.1461    0.8462   -0.5124
    0.9794    0.1968    0.0458
...   129 C-G ...
  -34.0463   47.1740   13.4266
   -0.0107    0.0093   -0.9999
   -0.1824    0.9832    0.0111
    0.9832    0.1825   -0.0088
...   130 C-G ...
  -30.6804   47.3079   12.8287
   -0.2246    0.4845   -0.8454
   -0.1003    0.8515    0.5147
    0.9693    0.2004   -0.1426
...   131 A-T ...
  -27.5909   48.5835   12.4881
   -0.3650    0.8409   -0.3995
    0.0874    0.4582    0.8845
    0.9269    0.2880   -0.2408
...   132 A-T ...
  -24.6441   49.6038   11.4606
   -0.2498    0.9525    0.1742
    0.2985   -0.0954    0.9496
    0.9211    0.2892   -0.2605
...   133 A-T ...
  -21.7807   50.6338   10.2273
    0.0271    0.7261    0.6870
    0.3786   -0.6435    0.6652
    0.9252    0.2420   -0.2924
...   134 T-A ...
  -19.0159   52.0244    8.9251
    0.2452    0.2905    0.9249
    0.3073   -0.9281    0.2101
    0.9195    0.2328   -0.3169
...   135 G-C ...
  -16.4636   53.8824    7.5154
    0.5339   -0.3333    0.7771
    0.0346   -0.9097   -0.4139
    0.8449    0.2479   -0.4741
...   136 T-A ...
  -14.1748   56.5546    6.1809
    0.5795   -0.7269    0.3685
   -0.3141   -0.6164   -0.7221
    0.7521    0.3026   -0.5855
...   137 G-C ...
  -11.6537   57.9992    4.7205
    0.2452   -0.9542   -0.1714
   -0.6323   -0.0234   -0.7744
    0.7349    0.2983   -0.6091
...   138 A-T ...
   -8.6757   58.7133    3.6025
   -0.0345   -0.7815   -0.6229
   -0.6536    0.4891   -0.5775
    0.7560    0.3872   -0.5277
...   139 G-C ...
   -6.3274   59.0727    1.6297
   -0.2969   -0.3279   -0.8968
   -0.5657    0.8171   -0.1114
    0.7693    0.4742   -0.4281
...   140 C-G ...
   -3.4368   60.2278    1.0288
   -0.4426    0.2287   -0.8671
   -0.1681    0.9286    0.3308
    0.8808    0.2922   -0.3725
...   141 G-C ...
   -0.6975   63.8911   -2.2508
   -0.9992    0.0157   -0.0376
   -0.0024    0.8991    0.4378
    0.0407    0.4375   -0.8983
...   142 C-G ...
   -1.0063   65.5988   -4.9400
   -0.8337    0.5216    0.1813
    0.5170    0.6219    0.5881
    0.1940    0.5841   -0.7882
...   143 T-A ...
   -0.1331   66.2084   -7.8195
   -0.3753    0.8566    0.3540
    0.8856    0.2187    0.4098
    0.2736    0.4673   -0.8407
...   144 C-G ...
   -0.1665   67.4020  -10.8066
    0.1797    0.8793    0.4411
    0.9277   -0.3007    0.2214
    0.3273    0.3694   -0.8697
...   145 A-T ...
    0.5268   69.2312  -13.4658
    0.7352    0.4964    0.4616
    0.6118   -0.7791   -0.1367
    0.2918    0.3829   -0.8765
...   146 C-G ...
    1.4339   72.0892  -15.6018
    0.9809    0.0621    0.1844
    0.1264   -0.9240   -0.3608
    0.1480    0.3772   -0.9142
...   147 A-T ...
    2.3048   74.2222  -18.3862
    0.8657   -0.4292   -0.2575
   -0.4984   -0.7868   -0.3642
   -0.0463    0.4436   -0.8950
