  147 base-pairs
...     1 A-T ...
    0.0000    0.0000    0.0000
    1.0000    0.0000    0.0000
    0.0000    1.0000    0.0000
    0.0000    0.0000    1.0000
...     2 G-C ...
   -0.1394   -1.2357    3.2268
    0.7529    0.6366    0.1670
   -0.6386    0.7680   -0.0486
   -0.1592   -0.0700    0.9848
...     3 T-A ...
   -0.0365   -3.2932    6.3751
    0.2722    0.9301    0.2466
   -0.9238    0.3243   -0.2033
   -0.2691   -0.1725    0.9475
...     4 G-C ...
   -0.3505   -4.1660    9.4928
   -0.3756    0.9250    0.0579
   -0.8781   -0.3352   -0.3415
   -0.2965   -0.1791    0.9381
...     5 A-T ...
   -0.4462   -4.1476   12.7498
   -0.8116    0.5840   -0.0165
   -0.5523   -0.7762   -0.3042
   -0.1905   -0.2378    0.9524
...     6 G-C ...
   -1.5908   -4.1730   15.6201
   -0.9976    0.0246   -0.0651
   -0.0043   -0.9555   -0.2950
   -0.0695   -0.2940    0.9533
...     7 C-G ...
   -1.1030   -4.4824   18.7362
   -0.8441   -0.5304   -0.0787
    0.5345   -0.8441   -0.0432
   -0.0435   -0.0785    0.9960
...     8 G-C ...
   -2.4028   -7.7290   23.1475
   -0.2754   -0.3293   -0.9032
    0.6650   -0.7437    0.0684
   -0.6942   -0.5818    0.4238
...     9 C-G ...
   -4.4690   -9.9728   24.1132
    0.1145   -0.7025   -0.7024
    0.8512   -0.2952    0.4340
   -0.5122   -0.6476    0.5642
...    10 T-A ...
   -6.7405  -10.8752   25.9697
    0.4841   -0.8363   -0.2574
    0.6595    0.1553    0.7355
   -0.5751   -0.5258    0.6267
...    11 C-G ...
   -9.1656  -12.6208   27.1640
    0.7073   -0.6682    0.2307
    0.3448    0.6110    0.7126
   -0.6171   -0.4245    0.6626
...    12 A-T ...
  -10.9234  -14.6633   29.0693
    0.7515   -0.1377    0.6452
   -0.2029    0.8824    0.4246
   -0.6277   -0.4500    0.6352
...    13 C-G ...
  -11.8476  -17.4863   31.2451
    0.4295    0.2823    0.8578
   -0.5708    0.8209    0.0156
   -0.6998   -0.4963    0.5137
...    14 A-T ...
  -13.5897  -19.7827   33.4259
   -0.1504    0.6104    0.7777
   -0.6874    0.5008   -0.5260
   -0.7106   -0.6136    0.3443
...    15 A-T ...
  -15.8262  -21.7916   34.6431
   -0.4924    0.8082    0.3231
   -0.4835    0.0547   -0.8737
   -0.7237   -0.5864    0.3638
...    16 T-A ...
  -17.9262  -23.6409   36.5568
   -0.7003    0.6894   -0.1852
   -0.1369   -0.3843   -0.9130
   -0.7006   -0.6141    0.3635
...    17 T-A ...
  -20.1918  -25.4387   38.1180
   -0.6742    0.3086   -0.6710
    0.3033   -0.7127   -0.6325
   -0.6735   -0.6299    0.3869
...    18 T-A ...
  -22.4828  -27.2743   39.5033
   -0.3834   -0.1425   -0.9125
    0.6276   -0.7651   -0.1442
   -0.6776   -0.6280    0.3827
...    19 A-T ...
  -24.5778  -29.5889   40.7661
    0.0855   -0.5528   -0.8289
    0.7256   -0.5355    0.4320
   -0.6827   -0.6384    0.3554
...    20 T-A ...
  -27.2915  -31.3439   41.5541
    0.4309   -0.7673   -0.4749
    0.5833   -0.1647    0.7954
   -0.6885   -0.6198    0.3766
...    21 T-A ...
  -29.6823  -33.3579   42.5117
    0.6751   -0.7340    0.0746
    0.2276    0.3035    0.9252
   -0.7017   -0.6076    0.3720
...    22 C-G ...
  -31.9633  -35.3946   43.7085
    0.7015   -0.4025    0.5881
   -0.2152    0.6671    0.7132
   -0.6794   -0.6269    0.3814
...    23 G-C ...
  -34.3332  -37.0521   45.4455
    0.5596    0.1256    0.8192
   -0.5829    0.7623    0.2813
   -0.5891   -0.6350    0.4998
...    24 C-G ...
  -35.9921  -39.3931   47.0152
    0.2103    0.5419    0.8137
   -0.7849    0.5898   -0.1900
   -0.5829   -0.5987    0.5494
...    25 A-T ...
  -38.1557  -41.2263   48.6724
   -0.2009    0.8330    0.5156
   -0.7721    0.1893   -0.6066
   -0.6029   -0.5200    0.6051
...    26 A-T ...
  -40.0139  -42.8518   50.8245
   -0.5827    0.8092    0.0753
   -0.5345   -0.3118   -0.7855
   -0.6122   -0.4980    0.6142
...    27 A-T ...
  -41.8164  -44.2747   53.1237
   -0.7804    0.4923   -0.3856
   -0.1106   -0.7155   -0.6898
   -0.6155   -0.4957    0.6128
...    28 G-C ...
  -44.0027  -45.4474   55.4023
   -0.6786    0.0807   -0.7301
    0.2902   -0.8837   -0.3673
   -0.6748   -0.4611    0.5762
...    29 G-C ...
  -46.6296  -46.6796   57.2619
   -0.3458   -0.3886   -0.8541
    0.5966   -0.7936    0.1195
   -0.7242   -0.4682    0.5062
...    30 C-G ...
  -49.3065  -48.0381   58.5619
    0.0701   -0.7363   -0.6730
    0.6613   -0.4708    0.5839
   -0.7468   -0.4860    0.4539
...    31 C-G ...
  -52.0047  -49.5276   59.8879
    0.4685   -0.8436   -0.2624
    0.4904    0.0013    0.8715
   -0.7348   -0.5370    0.4143
...    32 G-C ...
  -53.9938  -51.2999   61.4101
    0.7066   -0.6821    0.1881
    0.1549    0.4086    0.8995
   -0.6904   -0.6064    0.3944
...    33 G-C ...
  -55.9782  -53.7530   62.6504
    0.7008   -0.3172    0.6389
   -0.2818    0.6997    0.6565
   -0.6553   -0.6402    0.4009
...    34 C-G ...
  -57.9461  -56.1099   63.7937
    0.4527    0.1448    0.8798
   -0.6201    0.7602    0.1940
   -0.6407   -0.6334    0.4339
...    35 C-G ...
  -59.7628  -58.4237   65.5044
    0.0754    0.5792    0.8117
   -0.7644    0.5563   -0.3260
   -0.6404   -0.5958    0.4847
...    36 C-G ...
  -61.6439  -60.5410   67.3392
   -0.3066    0.8265    0.4722
   -0.6869    0.1513   -0.7109
   -0.6590   -0.5423    0.5213
...    37 G-C ...
  -64.0766  -62.5135   68.4248
   -0.5467    0.8365   -0.0386
   -0.4080   -0.3063   -0.8601
   -0.7312   -0.4544    0.5087
...    38 A-T ...
  -66.2823  -64.0272   70.0854
   -0.6625    0.5209   -0.5383
   -0.0054   -0.7220   -0.6919
   -0.7491   -0.4554    0.4811
...    39 C-G ...
  -68.8565  -64.9691   71.6982
   -0.5180    0.1144   -0.8477
    0.3109   -0.8980   -0.3112
   -0.7968   -0.4248    0.4296
...    40 A-T ...
  -71.6783  -66.2842   72.9146
   -0.1673   -0.3487   -0.9222
    0.5005   -0.8359    0.2253
   -0.8494   -0.4238    0.3144
...    41 C-G ...
  -74.7302  -67.4397   73.4225
    0.1468   -0.7068   -0.6921
    0.4871   -0.5573    0.6724
   -0.8609   -0.4358    0.2624
...    42 G-C ...
  -77.3395  -69.1915   74.4946
    0.4322   -0.8844   -0.1760
    0.2448   -0.0727    0.9668
   -0.8679   -0.4610    0.1851
...    43 A-T ...
  -80.1153  -70.6528   75.0183
    0.4790   -0.7642    0.4320
   -0.0545    0.4653    0.8835
   -0.8761   -0.4468    0.1812
...    44 C-G ...
  -82.8210  -72.5962   75.1799
    0.3863   -0.3959    0.8331
   -0.3067    0.7966    0.5208
   -0.8699   -0.4567    0.1863
...    45 T-A ...
  -85.5832  -74.9080   75.7365
    0.1491    0.1108    0.9826
   -0.4462    0.8943   -0.0332
   -0.8824   -0.4335    0.1828
...    46 T-A ...
  -88.2531  -76.6515   76.3174
   -0.1229    0.5529    0.8242
   -0.4200    0.7235   -0.5479
   -0.8992   -0.4135    0.1433
...    47 A-T ...
  -91.1626  -78.0512   77.0676
   -0.2011    0.9021    0.3818
   -0.2967    0.3154   -0.9014
   -0.9336   -0.2945    0.2042
...    48 C-G ...
  -93.9666  -79.1141   78.3489
   -0.2539    0.9555   -0.1503
   -0.1536   -0.1933   -0.9690
   -0.9550   -0.2229    0.1959
...    49 T-A ...
  -97.0985  -79.5476   79.4247
   -0.1921    0.7422   -0.6421
   -0.0462   -0.6604   -0.7495
   -0.9803   -0.1143    0.1612
...    50 G-C ...
 -100.5226  -79.5043   79.6965
    0.0122    0.2842   -0.9587
   -0.0129   -0.9586   -0.2843
   -0.9998    0.0158   -0.0080
...    51 T-A ...
 -103.6443  -78.8813   79.5970
    0.0795   -0.2132   -0.9738
   -0.0566   -0.9762    0.2092
   -0.9952    0.0385   -0.0897
...    52 A-T ...
 -106.8704  -78.7834   78.9742
    0.1142   -0.7330   -0.6706
   -0.1789   -0.6791    0.7119
   -0.9772    0.0386   -0.2087
...    53 G-C ...
 -109.9046  -78.5486   77.8962
    0.0469   -0.9760   -0.2124
   -0.2692   -0.2172    0.9383
   -0.9620    0.0132   -0.2729
...    54 G-C ...
 -113.0619  -78.6858   76.0442
   -0.0894   -0.9356    0.3415
   -0.2822    0.3526    0.8922
   -0.9552   -0.0166   -0.2955
...    55 T-A ...
 -115.9772  -79.3447   74.5686
   -0.2157   -0.6009    0.7697
   -0.2016    0.7987    0.5670
   -0.9554   -0.0329   -0.2934
...    56 C-G ...
 -119.0829  -79.6413   73.6460
   -0.2923   -0.0208    0.9561
   -0.0333    0.9994    0.0115
   -0.9557   -0.0285   -0.2928
...    57 A-T ...
 -122.1412  -79.3276   72.2171
   -0.1615    0.5563    0.8151
    0.1790    0.8288   -0.5302
   -0.9705    0.0603   -0.2334
...    58 T-A ...
 -125.3646  -79.4029   71.8426
    0.0029    0.8875    0.4608
    0.2409    0.4466   -0.8617
   -0.9706    0.1135   -0.2125
...    59 G-C ...
 -128.8175  -78.8464   71.3499
    0.2937    0.9541   -0.0587
    0.2058   -0.1231   -0.9708
   -0.9335    0.2731   -0.2325
...    60 T-A ...
 -131.8755  -77.6095   71.2548
    0.4191    0.7494   -0.5127
    0.0220   -0.5729   -0.8193
   -0.9077    0.3321   -0.2566
...    61 T-A ...
 -134.5742  -76.2843   70.4583
    0.4803    0.3138   -0.8191
   -0.2253   -0.8584   -0.4609
   -0.8477    0.4059   -0.3416
...    62 A-T ...
 -137.1884  -74.9469   69.0320
    0.4213   -0.2388   -0.8749
   -0.4982   -0.8670   -0.0033
   -0.7578    0.4373   -0.4843
...    63 T-A ...
 -139.1038  -72.9741   67.3238
    0.1141   -0.6359   -0.7633
   -0.6689   -0.6173    0.4142
   -0.7346    0.4633   -0.4958
...    64 A-T ...
 -141.7371  -71.5045   65.7671
   -0.3484   -0.8642   -0.3631
   -0.6309   -0.0703    0.7727
   -0.6933    0.4983   -0.5207
...    65 A-T ...
 -143.8144  -69.8824   63.8984
   -0.6960   -0.7080    0.1195
   -0.3037    0.4411    0.8445
   -0.6506    0.5515   -0.5220
...    66 C-G ...
 -145.8581  -68.3632   61.4943
   -0.7867   -0.3050    0.5368
    0.1526    0.7464    0.6478
   -0.5982    0.5915   -0.5406
...    67 G-C ...
 -147.7274  -66.2300   59.8932
   -0.5152    0.1868    0.8365
    0.6184    0.7567    0.2119
   -0.5934    0.6265   -0.5054
...    68 G-C ...
 -149.7754  -64.3713   58.0531
   -0.0709    0.4988    0.8638
    0.8130    0.5306   -0.2397
   -0.5779    0.6853   -0.4432
...    69 A-T ...
 -151.8491  -62.2054   56.6592
    0.4442    0.6727    0.5918
    0.7155    0.1311   -0.6862
   -0.5391    0.7282   -0.4231
...    70 T-A ...
 -153.8423  -59.7487   55.9096
    0.7686    0.5998    0.2226
    0.4192   -0.2094   -0.8834
   -0.4832    0.7723   -0.4124
...    71 A-T ...
 -155.3105  -56.8805   54.9382
    0.9325    0.2577   -0.2529
   -0.1045   -0.4778   -0.8722
   -0.3456    0.8398   -0.4186
...    72 T-A ...
 -156.0887  -53.8436   54.1177
    0.7957   -0.0620   -0.6025
   -0.5428   -0.5144   -0.6639
   -0.2687    0.8553   -0.4429
...    73 C-G ...
 -156.5938  -50.7979   52.5849
    0.3225   -0.4094   -0.8535
   -0.9246   -0.3292   -0.1914
   -0.2026    0.8509   -0.4847
...    74 T-A ...
 -156.8768  -48.0637   50.8185
   -0.1912   -0.5716   -0.7980
   -0.9686   -0.0219    0.2478
   -0.1591    0.8203   -0.5494
...    75 C-G ...
 -157.8068  -45.6613   48.8651
   -0.7213   -0.4720   -0.5069
   -0.6868    0.3925    0.6118
   -0.0898    0.7894   -0.6073
...    76 G-C ...
 -158.4092  -42.8524   47.3525
   -0.9797   -0.1735   -0.1006
   -0.1874    0.6129    0.7676
   -0.0715    0.7709   -0.6329
...    77 A-T ...
 -158.3670  -40.1391   45.5113
   -0.8958    0.2338    0.3779
    0.4415    0.5659    0.6963
   -0.0511    0.7906   -0.6102
...    78 G-C ...
 -158.5183  -37.5947   43.4583
   -0.5222    0.4985    0.6920
    0.8528    0.3112    0.4194
   -0.0062    0.8091   -0.5876
...    79 C-G ...
 -158.9245  -34.9650   41.3233
    0.0625    0.5470    0.8348
    0.9978   -0.0533   -0.0397
    0.0228    0.8355   -0.5491
...    80 T-A ...
 -159.1409  -32.1178   39.6122
    0.5471    0.3622    0.7547
    0.8318   -0.3367   -0.4414
    0.0942    0.8692   -0.4854
...    81 C-G ...
 -158.7899  -29.1327   38.1814
    0.8972    0.0412    0.4396
    0.4074   -0.4610   -0.7884
    0.1701    0.8865   -0.4304
...    82 G-C ...
 -157.6929  -26.5234   36.7149
    0.9471   -0.3185    0.0398
   -0.0858   -0.3707   -0.9248
    0.3093    0.8724   -0.3785
...    83 G-C ...
 -156.2598  -23.6694   35.7663
    0.7276   -0.5468   -0.4143
   -0.5542   -0.1127   -0.8247
    0.4042    0.8297   -0.3851
...    84 G-C ...
 -154.3325  -21.1822   34.5370
    0.2748   -0.6090   -0.7440
   -0.8178    0.2589   -0.5140
    0.5056    0.7497   -0.4269
...    85 A-T ...
 -152.3792  -18.8557   33.2108
   -0.2566   -0.3367   -0.9060
   -0.8053    0.5928    0.0078
    0.5344    0.7316   -0.4233
...    86 T-A ...
 -150.1864  -16.9081   31.6681
   -0.6343    0.0212   -0.7728
   -0.5499    0.6903    0.4702
    0.5434    0.7232   -0.4261
...    87 C-G ...
 -148.2798  -14.6859   30.0197
   -0.8201    0.4557   -0.3460
   -0.0622    0.5301    0.8456
    0.5688    0.7151   -0.4064
...    88 C-G ...
 -146.3772  -12.4322   28.5622
   -0.7759    0.6060    0.1754
    0.3710    0.2134    0.9038
    0.5103    0.7663   -0.3904
...    89 G-C ...
 -144.4994   -9.8706   27.7662
   -0.4938    0.5459    0.6769
    0.7321   -0.1590    0.6624
    0.4692    0.8226   -0.3212
...    90 C-G ...
 -143.2317   -6.9871   26.3439
   -0.0081    0.3322    0.9432
    0.8675   -0.4667    0.1718
    0.4973    0.8196   -0.2844
...    91 T-A ...
 -141.9013   -3.9645   25.4543
    0.4379   -0.0328    0.8984
    0.7313   -0.5682   -0.3772
    0.5229    0.8222   -0.2248
...    92 T-A ...
 -140.3843   -1.1367   25.0653
    0.7486   -0.3719    0.5489
    0.3653   -0.4596   -0.8095
    0.5534    0.8065   -0.2082
...    93 T-A ...
 -138.5339    1.4414   24.5903
    0.7824   -0.6215    0.0393
   -0.0851   -0.1693   -0.9819
    0.6169    0.7649   -0.1854
...    94 A-T ...
 -136.1824    3.7328   23.9707
    0.5094   -0.7194   -0.4723
   -0.4542    0.2414   -0.8576
    0.7309    0.6513   -0.2038
...    95 A-T ...
 -133.6898    5.6092   23.4735
    0.1583   -0.5048   -0.8486
   -0.6282    0.6116   -0.4810
    0.7618    0.6092   -0.2203
...    96 C-G ...
 -130.7266    7.0568   22.8800
   -0.1869   -0.1062   -0.9766
   -0.5994    0.8000    0.0277
    0.7783    0.5906   -0.2132
...    97 A-T ...
 -128.1306    8.9385   21.9885
   -0.5344    0.3372   -0.7750
   -0.3704    0.7308    0.5734
    0.7598    0.5935   -0.2657
...    98 C-G ...
 -125.4738   10.4793   20.5373
   -0.6528    0.6638   -0.3650
   -0.0393    0.4515    0.8914
    0.7565    0.5963   -0.2686
...    99 T-A ...
 -122.9671   12.4919   18.8386
   -0.5702    0.8004    0.1848
    0.3140    0.0045    0.9494
    0.7591    0.5994   -0.2539
...   100 T-A ...
 -120.6934   14.5056   17.6754
   -0.2658    0.6757    0.6876
    0.5697   -0.4653    0.6774
    0.7776    0.5718   -0.2613
...   101 T-A ...
 -118.3162   16.4888   16.6987
    0.0878    0.2916    0.9525
    0.6131   -0.7694    0.1790
    0.7851    0.5683   -0.2464
...   102 A-T ...
 -115.5682   18.1955   16.0453
    0.3222   -0.2305    0.9182
    0.4693   -0.8035   -0.3663
    0.8222    0.5489   -0.1507
...   103 T-A ...
 -113.2006   20.3887   16.1139
    0.4481   -0.6083    0.6551
    0.2766   -0.6025   -0.7487
    0.8501    0.5166   -0.1017
...   104 G-C ...
 -110.3016   22.0510   16.1234
    0.4304   -0.8987    0.0839
   -0.0091   -0.0972   -0.9952
    0.9026    0.4275   -0.0500
...   105 C-G ...
 -107.1846   23.0189   16.3296
    0.2988   -0.8379   -0.4568
   -0.2268    0.4026   -0.8868
    0.9270    0.3686   -0.0697
...   106 T-A ...
 -103.7732   23.6548   16.2365
    0.1063   -0.4763   -0.8728
   -0.2942    0.8235   -0.4852
    0.9498    0.3083   -0.0525
...   107 T-A ...
 -100.6485   24.3648   16.0848
   -0.1059    0.0501   -0.9931
   -0.2780    0.9574    0.0779
    0.9547    0.2844   -0.0875
...   108 C-G ...
  -97.4374   25.1005   15.5815
   -0.2601    0.5880   -0.7659
   -0.1509    0.7587    0.6337
    0.9537    0.2804   -0.1086
...   109 C-G ...
  -94.2928   25.9144   15.0824
   -0.3884    0.8655   -0.3162
    0.0161    0.3495    0.9368
    0.9213    0.3588   -0.1496
...   110 G-C ...
  -91.4777   27.0949   14.9317
   -0.4089    0.8878    0.2109
    0.2222   -0.1273    0.9666
    0.8851    0.4422   -0.1453
...   111 G-C ...
  -88.7482   28.9609   14.3605
   -0.2745    0.6429    0.7150
    0.4275   -0.5844    0.6897
    0.8613    0.4950   -0.1144
...   112 C-G ...
  -86.2163   31.0931   13.8622
   -0.0365    0.2033    0.9784
    0.5085   -0.8390    0.1934
    0.8603    0.5046   -0.0727
...   113 T-A ...
  -83.5215   33.0055   13.6982
    0.1809   -0.2812    0.9424
    0.4629   -0.8211   -0.3339
    0.8678    0.4966   -0.0184
...   114 C-G ...
  -80.6039   34.5375   13.8147
    0.3666   -0.7175    0.5922
    0.3086   -0.5068   -0.8050
    0.8777    0.4778    0.0357
...   115 G-C ...
  -77.5639   35.8338   13.5431
    0.3965   -0.9175    0.0315
    0.0663   -0.0056   -0.9978
    0.9156    0.3977    0.0586
...   116 T-A ...
  -74.4766   36.6695   14.2663
    0.3247   -0.8076   -0.4923
   -0.1357    0.4753   -0.8693
    0.9360    0.3490    0.0447
...   117 A-T ...
  -71.1209   37.2500   14.7564
    0.1079   -0.4410   -0.8910
   -0.2518    0.8549   -0.4536
    0.9618    0.2733   -0.0188
...   118 T-A ...
  -67.8866   37.4239   14.8825
   -0.0222    0.0372   -0.9991
   -0.2693    0.9622    0.0418
    0.9628    0.2699   -0.0114
...   119 A-T ...
  -64.7124   38.4536   14.8383
   -0.2181    0.5646   -0.7960
   -0.1784    0.7788    0.6013
    0.9595    0.2731   -0.0691
...   120 A-T ...
  -61.5925   39.1356   14.3009
   -0.2958    0.8977   -0.3265
   -0.0183    0.3364    0.9416
    0.9551    0.2845   -0.0830
...   121 T-A ...
  -58.5154   39.9910   13.3347
   -0.2581    0.9449    0.2013
    0.1388   -0.1699    0.9756
    0.9561    0.2798   -0.0873
...   122 G-C ...
  -55.3194   41.1387   12.8839
   -0.1989    0.6524    0.7313
    0.2717   -0.6802    0.6808
    0.9416    0.3341   -0.0419
...   123 T-A ...
  -52.4453   42.6581   12.5801
   -0.0510    0.2316    0.9715
    0.3382   -0.9113    0.2350
    0.9397    0.3405   -0.0318
...   124 G-C ...
  -49.3613   43.8929   12.6170
    0.0797   -0.3450    0.9352
    0.3357   -0.8741   -0.3511
    0.9386    0.3419    0.0461
...   125 T-A ...
  -46.5420   45.3885   13.0487
    0.2002   -0.7564    0.6227
    0.2530   -0.5741   -0.7787
    0.9465    0.3134    0.0765
...   126 C-G ...
  -43.5462   46.3340   13.4024
    0.3108   -0.9487    0.0573
    0.1005   -0.0272   -0.9946
    0.9451    0.3149    0.0869
...   127 G-C ...
  -40.3962   47.2007   13.2255
    0.1510   -0.8831   -0.4443
   -0.0372    0.4440   -0.8952
    0.9878    0.1517    0.0342
...   128 A-T ...
  -37.3018   47.7461   13.4460
    0.0874   -0.4703   -0.8782
   -0.1374    0.8674   -0.4782
    0.9867    0.1625    0.0111
...   129 C-G ...
  -34.0232   47.5038   13.7095
   -0.0469    0.0401   -0.9981
   -0.1493    0.9877    0.0467
    0.9877    0.1513   -0.0403
...   130 C-G ...
  -30.6781   47.5332   13.0004
   -0.2363    0.5118   -0.8260
   -0.0590    0.8409    0.5379
    0.9699    0.1759   -0.1685
...   131 A-T ...
  -27.5729   48.6861   12.5871
   -0.3585    0.8525   -0.3805
    0.1153    0.4449    0.8881
    0.9264    0.2745   -0.2578
...   132 A-T ...
  -24.6287   49.6453   11.5086
   -0.2366    0.9540    0.1842
    0.3130   -0.1046    0.9440
    0.9198    0.2810   -0.2739
...   133 A-T ...
  -21.7745   50.6568   10.2377
    0.0390    0.7230    0.6897
    0.3812   -0.6488    0.6586
    0.9237    0.2372   -0.3009
...   134 T-A ...
  -19.0160   52.0243    8.9250
    0.2452    0.2905    0.9249
    0.3073   -0.9281    0.2101
    0.9195    0.2328   -0.3169
...   135 G-C ...
  -16.4637   53.8824    7.5153
    0.5339   -0.3333    0.7771
    0.0346   -0.9097   -0.4139
    0.8449    0.2479   -0.4741
...   136 T-A ...
  -14.1749   56.5546    6.1808
    0.5795   -0.7269    0.3685
   -0.3141   -0.6164   -0.7221
    0.7521    0.3026   -0.5855
...   137 G-C ...
  -11.6538   57.9992    4.7204
    0.2452   -0.9542   -0.1714
   -0.6323   -0.0234   -0.7744
    0.7349    0.2983   -0.6091
...   138 A-T ...
   -8.6758   58.7133    3.6024
   -0.0345   -0.7815   -0.6229
   -0.6536    0.4891   -0.5775
    0.7560    0.3872   -0.5277
...   139 G-C ...
   -6.3275   59.0726    1.6296
   -0.2969   -0.3279   -0.8968
   -0.5657    0.8171   -0.1114
    0.7693    0.4742   -0.4281
...   140 C-G ...
   -3.4369   60.2278    1.0287
   -0.4426    0.2287   -0.8671
   -0.1681    0.9286    0.3308
    0.8808    0.2922   -0.3725
...   141 G-C ...
   -0.6976   63.8911   -2.2510
   -0.9992    0.0157   -0.0376
   -0.0024    0.8991    0.4378
    0.0407    0.4375   -0.8983
...   142 C-G ...
   -1.0065   65.5987   -4.9401
   -0.8337    0.5216    0.1813
    0.5170    0.6219    0.5881
    0.1940    0.5840   -0.7882
...   143 T-A ...
   -0.1333   66.2084   -7.8196
   -0.3753    0.8566    0.3540
    0.8856    0.2187    0.4098
    0.2736    0.4673   -0.8407
...   144 C-G ...
   -0.1666   67.4019  -10.8067
    0.1797    0.8793    0.4411
    0.9277   -0.3007    0.2214
    0.3273    0.3694   -0.8697
...   145 A-T ...
    0.5267   69.2312  -13.4659
    0.7352    0.4964    0.4616
    0.6118   -0.7791   -0.1367
    0.2918    0.3829   -0.8765
...   146 C-G ...
    1.4338   72.0891  -15.6019
    0.9809    0.0621    0.1844
    0.1264   -0.9240   -0.3608
    0.1480    0.3772   -0.9142
...   147 A-T ...
    2.3047   74.2222  -18.3863
    0.8657   -0.4292   -0.2575
   -0.4984   -0.7868   -0.3642
   -0.0463    0.4436   -0.8950
