  147 base-pairs
...     1 A-T ...
    0.0000    0.0000    0.0000
    1.0000    0.0000    0.0000
    0.0000    1.0000    0.0000
    0.0000    0.0000    1.0000
...     2 G-C ...
   -0.1394   -1.2357    3.2268
    0.7529    0.6366    0.1670
   -0.6386    0.7680   -0.0486
   -0.1592   -0.0700    0.9848
...     3 T-A ...
   -0.0365   -3.2932    6.3751
    0.2722    0.9301    0.2466
   -0.9238    0.3243   -0.2033
   -0.2691   -0.1725    0.9475
...     4 G-C ...
   -0.3505   -4.1660    9.4928
   -0.3756    0.9250    0.0579
   -0.8781   -0.3352   -0.3415
   -0.2965   -0.1791    0.9381
...     5 A-T ...
   -0.4462   -4.1476   12.7498
   -0.8116    0.5840   -0.0165
   -0.5523   -0.7762   -0.3042
   -0.1905   -0.2378    0.9524
...     6 G-C ...
   -1.5908   -4.1730   15.6201
   -0.9976    0.0246   -0.0651
   -0.0043   -0.9555   -0.2950
   -0.0695   -0.2940    0.9533
...     7 C-G ...
   -1.1030   -4.4824   18.7362
   -0.8441   -0.5304   -0.0787
    0.5345   -0.8441   -0.0432
   -0.0435   -0.0785    0.9960
...     8 G-C ...
   -2.4028   -7.7290   23.1475
   -0.2754   -0.3293   -0.9032
    0.6650   -0.7437    0.0684
   -0.6942   -0.5818    0.4238
...     9 C-G ...
   -4.4690   -9.9728   24.1132
    0.1145   -0.7025   -0.7024
    0.8512   -0.2952    0.4340
   -0.5122   -0.6476    0.5642
...    10 T-A ...
   -6.7405  -10.8752   25.9697
    0.4841   -0.8363   -0.2574
    0.6595    0.1553    0.7355
   -0.5751   -0.5258    0.6267
...    11 C-G ...
   -9.1656  -12.6208   27.1640
    0.7073   -0.6682    0.2307
    0.3448    0.6110    0.7126
   -0.6171   -0.4245    0.6626
...    12 A-T ...
  -10.9234  -14.6633   29.0693
    0.7515   -0.1377    0.6452
   -0.2029    0.8824    0.4246
   -0.6277   -0.4500    0.6352
...    13 C-G ...
  -11.8476  -17.4863   31.2451
    0.4295    0.2823    0.8578
   -0.5708    0.8209    0.0156
   -0.6998   -0.4963    0.5137
...    14 A-T ...
  -13.5897  -19.7827   33.4259
   -0.1504    0.6104    0.7777
   -0.6874    0.5008   -0.5260
   -0.7106   -0.6136    0.3443
...    15 A-T ...
  -15.7214  -21.8007   34.7934
   -0.4920    0.7980    0.3479
   -0.4963    0.0712   -0.8652
   -0.7153   -0.5984    0.3610
...    16 T-A ...
  -17.7825  -23.6096   36.6030
   -0.6648    0.7351   -0.1331
   -0.1915   -0.3399   -0.9208
   -0.7220   -0.5866    0.3668
...    17 T-A ...
  -20.1062  -25.3449   38.0550
   -0.6555    0.4216   -0.6265
    0.2069   -0.6976   -0.6859
   -0.7263   -0.5793    0.3701
...    18 T-A ...
  -22.5535  -26.9778   39.4256
   -0.4293   -0.0454   -0.9020
    0.5356   -0.8170   -0.2138
   -0.7272   -0.5749    0.3750
...    19 A-T ...
  -24.8923  -29.0135   40.6408
   -0.0053   -0.4988   -0.8667
    0.6731   -0.6427    0.3658
   -0.7395   -0.5815    0.3392
...    20 T-A ...
  -27.7274  -30.5387   41.3448
    0.3305   -0.7568   -0.5639
    0.5845   -0.3050    0.7519
   -0.7410   -0.5781    0.3415
...    21 T-A ...
  -30.2800  -32.3536   42.2031
    0.5947   -0.8031   -0.0366
    0.2988    0.1785    0.9375
   -0.7464   -0.5684    0.3462
...    22 C-G ...
  -32.6847  -34.3117   43.2472
    0.6788   -0.5329    0.5053
   -0.1073    0.6087    0.7861
   -0.7265   -0.5878    0.3560
...    23 G-C ...
  -35.0930  -36.0435   44.7637
    0.5851   -0.0454    0.8097
   -0.4766    0.7885    0.3887
   -0.6561   -0.6133    0.4397
...    24 C-G ...
  -36.9279  -38.3834   46.2047
    0.2706    0.4155    0.8684
   -0.7211    0.6851   -0.1031
   -0.6378   -0.5983    0.4850
...    25 A-T ...
  -39.0792  -40.2757   47.8932
   -0.1013    0.7873    0.6083
   -0.7693    0.3257   -0.5497
   -0.6308   -0.5236    0.5726
...    26 A-T ...
  -40.9188  -41.9557   49.9663
   -0.5021    0.8432    0.1921
   -0.5846   -0.1672   -0.7939
   -0.6373   -0.5110    0.5769
...    27 A-T ...
  -42.8788  -43.4547   52.0653
   -0.7306    0.6178   -0.2907
   -0.2111   -0.6093   -0.7643
   -0.6493   -0.4970    0.5756
...    28 G-C ...
  -45.0614  -44.7832   54.1569
   -0.6834    0.2557   -0.6838
    0.1807   -0.8483   -0.4978
   -0.7073   -0.4638    0.5335
...    29 G-C ...
  -47.6739  -45.9793   55.9161
   -0.4157   -0.1896   -0.8895
    0.4883   -0.8717   -0.0424
   -0.7673   -0.4519    0.4549
...    30 C-G ...
  -50.4830  -47.1369   57.2031
   -0.0525   -0.6066   -0.7932
    0.6153   -0.6453    0.4527
   -0.7865   -0.4643    0.4072
...    31 C-G ...
  -53.2905  -48.7031   58.1953
    0.3441   -0.8219   -0.4539
    0.5170   -0.2377    0.8223
   -0.7838   -0.5176    0.3431
...    32 G-C ...
  -55.6180  -50.6154   59.6324
    0.6380   -0.7683    0.0518
    0.2046    0.2340    0.9505
   -0.7424   -0.5958    0.3065
...    33 G-C ...
  -58.0144  -52.8560   60.4119
    0.6923   -0.4803    0.5385
   -0.1903    0.5984    0.7783
   -0.6960   -0.6413    0.3229
...    34 C-G ...
  -60.1117  -55.2799   61.2702
    0.4991   -0.0566    0.8647
   -0.5396    0.7605    0.3613
   -0.6780   -0.6469    0.3490
...    35 C-G ...
  -62.1344  -57.7009   62.4871
    0.1817    0.4091    0.8942
   -0.7267    0.6685   -0.1581
   -0.6624   -0.6211    0.4187
...    36 C-G ...
  -64.0847  -59.9575   64.0862
   -0.1723    0.7552    0.6324
   -0.7130    0.3474   -0.6091
   -0.6797   -0.5558    0.4786
...    37 G-C ...
  -66.5643  -61.6865   65.4827
   -0.4310    0.8921    0.1352
   -0.5132   -0.1191   -0.8500
   -0.7422   -0.4358    0.5092
...    38 A-T ...
  -68.9402  -63.0458   67.2422
   -0.5983    0.6924   -0.4033
   -0.1821   -0.6077   -0.7730
   -0.7803   -0.3890    0.4896
...    39 C-G ...
  -71.4668  -63.7655   69.2020
   -0.5651    0.3098   -0.7647
    0.1309   -0.8814   -0.4538
   -0.8146   -0.3566    0.4576
...    40 A-T ...
  -74.2688  -64.9294   70.5780
   -0.2934   -0.1716   -0.9405
    0.3687   -0.9279    0.0543
   -0.8820   -0.3309    0.3355
...    41 C-G ...
  -77.4148  -65.4583   71.3875
   -0.0310   -0.6094   -0.7922
    0.4398   -0.7201    0.5367
   -0.8976   -0.3318    0.2904
...    42 G-C ...
  -80.2119  -66.9959   72.3611
    0.2984   -0.8718   -0.3885
    0.3185   -0.2928    0.9016
   -0.8998   -0.3927    0.1903
...    43 A-T ...
  -83.1629  -68.3591   72.8301
    0.4344   -0.8747    0.2150
    0.0628    0.2675    0.9615
   -0.8985   -0.4042    0.1712
...    44 C-G ...
  -86.0423  -70.0489   72.8570
    0.4028   -0.6053    0.6865
   -0.1813    0.6824    0.7081
   -0.8971   -0.4097    0.1652
...    45 T-A ...
  -88.8707  -71.7253   73.3328
    0.2715   -0.1430    0.9518
   -0.3696    0.8976    0.2403
   -0.8886   -0.4170    0.1908
...    46 T-A ...
  -91.6322  -73.3605   73.8844
   -0.0090    0.3843    0.9232
   -0.4364    0.8291   -0.3494
   -0.8997   -0.4060    0.1602
...    47 A-T ...
  -94.6452  -74.6696   74.4219
   -0.1970    0.8188    0.5392
   -0.3409    0.4584   -0.8207
   -0.9192   -0.3455    0.1889
...    48 C-G ...
  -97.4456  -75.8990   75.6187
   -0.2931    0.9554    0.0350
   -0.1894   -0.0221   -0.9816
   -0.9371   -0.2944    0.1875
...    49 T-A ...
 -100.5201  -76.6264   76.5424
   -0.2478    0.8391   -0.4843
   -0.0318   -0.5067   -0.8616
   -0.9683   -0.1981    0.1522
...    50 G-C ...
 -103.8257  -77.0127   76.8565
   -0.0652    0.4633   -0.8838
    0.0616   -0.8821   -0.4669
   -0.9960   -0.0849    0.0290
...    51 T-A ...
 -107.0624  -76.6246   76.9808
    0.0345   -0.0423   -0.9985
    0.0577   -0.9974    0.0443
   -0.9977   -0.0591   -0.0320
...    52 A-T ...
 -110.3535  -76.7736   76.5855
    0.1585   -0.5859   -0.7947
   -0.0365   -0.8078    0.5883
   -0.9867   -0.0643   -0.1494
...    53 G-C ...
 -113.5529  -76.8238   75.7371
    0.1571   -0.9191   -0.3613
   -0.1611   -0.3848    0.9088
   -0.9744   -0.0846   -0.2085
...    54 G-C ...
 -116.7152  -77.3335   74.6586
    0.0812   -0.9754    0.2048
   -0.2691    0.1764    0.9468
   -0.9597   -0.1320   -0.2481
...    55 T-A ...
 -119.6961  -78.0502   73.2978
   -0.0871   -0.7342    0.6734
   -0.2721    0.6678    0.6928
   -0.9583   -0.1228   -0.2580
...    56 A-T ...
 -123.0124  -77.8051   72.5473
   -0.3272   -0.1214    0.9371
   -0.1006    0.9906    0.0932
   -0.9396   -0.0637   -0.3363
...    57 T-A ...
 -126.0394  -78.6807   71.5239
   -0.3477    0.4024    0.8469
    0.1037    0.9142   -0.3918
   -0.9318   -0.0484   -0.3596
...    58 C-G ...
 -129.0847  -78.9577   70.3190
   -0.1741    0.8633    0.4737
    0.3152    0.5046   -0.8038
   -0.9329    0.0093   -0.3600
...    59 A-T ...
 -132.1866  -78.8755   69.0651
    0.1723    0.9850    0.0103
    0.3520   -0.0518   -0.9346
   -0.9200    0.1646   -0.3556
...    60 T-A ...
 -135.2931  -78.0901   68.5117
    0.3722    0.8234   -0.4283
    0.2176   -0.5260   -0.8222
   -0.9023    0.2128   -0.3750
...    61 G-C ...
 -138.1370  -77.0564   67.0664
    0.5830    0.3672   -0.7248
   -0.0624   -0.8692   -0.4906
   -0.8101    0.3312   -0.4838
...    62 T-A ...
 -140.4881  -75.3610   65.5785
    0.5193   -0.1490   -0.8415
   -0.3806   -0.9220   -0.0716
   -0.7652    0.3574   -0.5355
...    63 T-A ...
 -142.7664  -73.9736   63.7480
    0.2248   -0.6446   -0.7307
   -0.6337   -0.6664    0.3929
   -0.7402    0.3748   -0.5583
...    64 A-T ...
 -145.4219  -72.9160   61.9905
   -0.2329   -0.9095   -0.3443
   -0.6647   -0.1096    0.7390
   -0.7099    0.4010   -0.5791
...    65 T-A ...
 -147.2831  -71.6704   59.5344
   -0.5715   -0.8183    0.0609
   -0.4516    0.3756    0.8093
   -0.6851    0.4350   -0.5842
...    66 A-T ...
 -149.5851  -69.6069   58.0504
   -0.8038   -0.3013    0.5130
    0.0757    0.8035    0.5905
   -0.5901    0.5135   -0.6230
...    67 A-T ...
 -151.5152  -68.1937   55.8281
   -0.6401    0.2505    0.7263
    0.5529    0.8065    0.2091
   -0.5334    0.5355   -0.6548
...    68 C-G ...
 -153.6491  -66.8652   53.6664
   -0.2425    0.6216    0.7448
    0.8197    0.5419   -0.1853
   -0.5189    0.5656   -0.6410
...    69 G-C ...
 -155.0144  -64.9110   51.3177
    0.3183    0.7151    0.6223
    0.8379    0.0948   -0.5375
   -0.4434    0.6925   -0.5690
...    70 G-C ...
 -156.7070  -62.5150   49.6826
    0.7638    0.5552    0.3293
    0.5485   -0.2894   -0.7844
   -0.3402    0.7797   -0.5256
...    71 A-T ...
 -157.7197  -59.8892   48.0947
    0.9690    0.2195   -0.1133
    0.0212   -0.5308   -0.8472
   -0.2462    0.8186   -0.5190
...    72 T-A ...
 -158.2539  -56.8913   46.9594
    0.8683   -0.1074   -0.4842
   -0.4573   -0.5511   -0.6979
   -0.1919    0.8275   -0.5277
...    73 C-G ...
 -158.5257  -54.2082   45.1526
    0.4650   -0.4475   -0.7639
   -0.8780   -0.3437   -0.3331
   -0.1135    0.8256   -0.5528
...    74 T-A ...
 -158.4122  -51.5174   43.2445
   -0.0537   -0.6009   -0.7975
   -0.9975   -0.0039    0.0702
   -0.0453    0.7993   -0.5992
...    75 C-G ...
 -158.4449  -49.0465   41.0827
   -0.6314   -0.4807   -0.6086
   -0.7754    0.3805    0.5039
   -0.0107    0.7901   -0.6129
...    76 G-C ...
 -158.8520  -46.2666   39.2828
   -0.9610   -0.1987   -0.1925
   -0.2752    0.6152    0.7388
   -0.0284    0.7629   -0.6458
...    77 A-T ...
 -158.8145  -43.8259   37.0681
   -0.9350    0.2201    0.2780
    0.3545    0.5966    0.7200
   -0.0074    0.7718   -0.6358
...    78 G-C ...
 -158.9604  -41.4301   34.7817
   -0.6046    0.4728    0.6410
    0.7965    0.3636    0.4830
   -0.0047    0.8026   -0.5965
...    79 C-G ...
 -159.2719  -38.9378   32.6256
   -0.0784    0.5500    0.8314
    0.9967    0.0260    0.0768
    0.0206    0.8347   -0.5503
...    80 T-A ...
 -159.4604  -36.0900   30.9809
    0.4376    0.4051    0.8027
    0.8964   -0.2668   -0.3540
    0.0708    0.8745   -0.4799
...    81 C-G ...
 -159.2427  -33.1941   29.5344
    0.8577    0.1065    0.5030
    0.4938   -0.4431   -0.7482
    0.1432    0.8901   -0.4326
...    82 G-C ...
 -158.3874  -30.3338   28.0693
    0.9456   -0.3051    0.1126
   -0.0138   -0.3836   -0.9234
    0.3249    0.8717   -0.3669
...    83 G-C ...
 -156.7954  -27.4662   27.2721
    0.7546   -0.5620   -0.3386
   -0.4753   -0.1126   -0.8726
    0.4523    0.8194   -0.3521
...    84 G-C ...
 -154.6862  -25.0194   26.2518
    0.3448   -0.6107   -0.7129
   -0.7629    0.2601   -0.5918
    0.5468    0.7479   -0.3762
...    85 A-T ...
 -152.7057  -22.7428   24.9521
   -0.1752   -0.3538   -0.9188
   -0.7969    0.5990   -0.0787
    0.5781    0.7184   -0.3869
...    86 T-A ...
 -150.2938  -20.8985   23.6218
   -0.5406    0.0212   -0.8410
   -0.5928    0.6998    0.3987
    0.5969    0.7141   -0.3658
...    87 C-G ...
 -148.2912  -18.6406   22.3067
   -0.7804    0.4407   -0.4436
   -0.1533    0.5530    0.8190
    0.6062    0.7071   -0.3640
...    88 C-G ...
 -146.2622  -16.3794   20.8346
   -0.7668    0.6349    0.0945
    0.2964    0.2196    0.9295
    0.5693    0.7407   -0.3566
...    89 G-C ...
 -144.0789  -13.9712   20.0718
   -0.5230    0.5777    0.6266
    0.6611   -0.1890    0.7261
    0.5379    0.7941   -0.2831
...    90 C-G ...
 -142.6040  -11.2629   18.8973
   -0.1171    0.3409    0.9328
    0.8297   -0.4826    0.2806
    0.5458    0.8067   -0.2263
...    91 T-A ...
 -141.0583   -8.4155   18.3113
    0.2719   -0.0243    0.9620
    0.7755   -0.5863   -0.2340
    0.5697    0.8097   -0.1405
...    92 T-A ...
 -139.3575   -5.6882   18.0340
    0.6218   -0.3808    0.6844
    0.5037   -0.4747   -0.7218
    0.5997    0.7935   -0.1034
...    93 T-A ...
 -137.4501   -3.0876   17.9745
    0.7650   -0.6168    0.1855
    0.0932   -0.1789   -0.9794
    0.6373    0.7665   -0.0794
...    94 A-T ...
 -135.0578   -0.7705   18.0740
    0.5963   -0.7231   -0.3487
   -0.2836    0.2165   -0.9342
    0.7510    0.6560   -0.0759
...    95 A-T ...
 -132.4543    1.1567   18.0413
    0.3296   -0.4894   -0.8074
   -0.5494    0.5961   -0.5855
    0.7678    0.6365   -0.0724
...    96 C-G ...
 -129.5244    2.7113   17.9881
   -0.0163   -0.1257   -0.9919
   -0.6191    0.7803   -0.0887
    0.7851    0.6127   -0.0905
...    97 A-T ...
 -127.0127    4.8398   17.6172
   -0.4167    0.2943   -0.8601
   -0.4696    0.7404    0.4809
    0.7784    0.6043   -0.1703
...    98 C-G ...
 -124.2489    6.4024   16.6088
   -0.6050    0.6335   -0.4823
   -0.1769    0.4837    0.8572
    0.7763    0.6039   -0.1806
...    99 T-A ...
 -121.7340    8.3478   15.6781
   -0.6354    0.7708    0.0458
    0.1735    0.0847    0.9812
    0.7524    0.6314   -0.1876
...   100 T-A ...
 -119.3540   10.3720   14.7818
   -0.4118    0.6929    0.5918
    0.4908   -0.3785    0.7848
    0.7678    0.6136   -0.1842
...   101 T-A ...
 -117.0152   12.4808   14.0039
   -0.0666    0.3572    0.9316
    0.6263   -0.7119    0.3177
    0.7767    0.6047   -0.1763
...   102 A-T ...
 -114.4302   14.5164   13.5627
    0.2223   -0.1656    0.9608
    0.5644   -0.7817   -0.2653
    0.7950    0.6013   -0.0803
...   103 T-A ...
 -112.1925   16.9047   13.6915
    0.4532   -0.5451    0.7053
    0.3815   -0.5965   -0.7062
    0.8057    0.5891   -0.0624
...   104 G-C ...
 -109.3384   18.6310   13.6491
    0.4746   -0.8544    0.2118
    0.1044   -0.1842   -0.9773
    0.8740    0.4859    0.0018
...   105 C-G ...
 -106.3997   20.0396   14.1510
    0.4034   -0.8488   -0.3417
   -0.1399    0.3118   -0.9398
    0.9042    0.4270    0.0070
...   106 T-A ...
 -103.2791   21.0950   14.4149
    0.2111   -0.5942   -0.7761
   -0.2895    0.7204   -0.6303
    0.9336    0.3578   -0.0199
...   107 T-A ...
 -100.1570   21.9789   14.4881
    0.0151   -0.0866   -0.9961
   -0.3490    0.9331   -0.0864
    0.9370    0.3489   -0.0161
...   108 C-G ...
  -97.0517   22.9981   14.3046
   -0.2120    0.4645   -0.8598
   -0.2746    0.8161    0.5086
    0.9379    0.3439   -0.0455
...   109 C-G ...
  -93.8753   24.0149   13.8110
   -0.3903    0.8059   -0.4451
   -0.0931    0.4465    0.8899
    0.9160    0.3888   -0.0993
...   110 G-C ...
  -90.8876   25.4968   13.8618
   -0.4571    0.8793    0.1335
    0.1619   -0.0653    0.9846
    0.8746    0.4717   -0.1125
...   111 G-C ...
  -88.0688   27.2279   13.2440
   -0.3614    0.6685    0.6501
    0.3945   -0.5221    0.7562
    0.8448    0.5297   -0.0751
...   112 C-G ...
  -85.5113   29.2768   12.8105
   -0.1273    0.2574    0.9579
    0.5309   -0.7981    0.2850
    0.8378    0.5448   -0.0350
...   113 T-A ...
  -82.9393   31.3530   12.8478
    0.1143   -0.2267    0.9672
    0.5310   -0.8089   -0.2523
    0.8396    0.5425    0.0279
...   114 C-G ...
  -80.2357   33.1736   13.0776
    0.3646   -0.6743    0.6422
    0.3733   -0.5259   -0.7642
    0.8531    0.5184    0.0600
...   115 G-C ...
  -77.2471   34.6407   13.0921
    0.3952   -0.9114    0.1149
    0.1408   -0.0636   -0.9880
    0.9077    0.4066    0.1032
...   116 T-A ...
  -74.3009   35.7721   14.0524
    0.3727   -0.8323   -0.4104
   -0.0754    0.4136   -0.9073
    0.9249    0.3691    0.0914
...   117 A-T ...
  -71.1428   36.7621   14.3839
    0.1725   -0.4969   -0.8505
   -0.2390    0.8166   -0.5255
    0.9556    0.2939    0.0221
...   118 T-A ...
  -67.8826   37.0649   14.6475
    0.0187   -0.0291   -0.9994
   -0.2871    0.9573   -0.0333
    0.9577    0.2876    0.0096
...   119 A-T ...
  -64.6949   37.9965   14.5446
   -0.2216    0.4967   -0.8392
   -0.2163    0.8141    0.5389
    0.9508    0.3009   -0.0730
...   120 A-T ...
  -61.5876   38.7928   14.0656
   -0.3049    0.8678   -0.3925
   -0.0477    0.3977    0.9163
    0.9512    0.2981   -0.0799
...   121 T-A ...
  -58.5475   39.6360   13.1247
   -0.2864    0.9506    0.1197
    0.1155   -0.0898    0.9892
    0.9511    0.2972   -0.0841
...   122 G-C ...
  -55.4222   40.7471   13.1222
   -0.2493    0.7061    0.6628
    0.2862   -0.6001    0.7469
    0.9252    0.3759   -0.0525
...   123 T-A ...
  -52.6333   42.4762   12.6512
   -0.0831    0.2855    0.9548
    0.3771   -0.8778    0.2954
    0.9224    0.3846   -0.0347
...   124 G-C ...
  -49.5085   43.5832   12.7557
    0.0665   -0.2908    0.9545
    0.3769   -0.8784   -0.2939
    0.9239    0.3793    0.0512
...   125 T-A ...
  -46.7097   45.2771   13.3052
    0.2278   -0.7122    0.6639
    0.2850   -0.6032   -0.7449
    0.9311    0.3589    0.0656
...   126 C-G ...
  -43.6777   46.4569   13.6595
    0.3157   -0.9427    0.1079
    0.1007   -0.0798   -0.9917
    0.9435    0.3240    0.0698
...   127 G-C ...
  -40.5080   47.4700   13.5765
    0.1925   -0.8711   -0.4518
   -0.0718    0.4467   -0.8918
    0.9787    0.2041    0.0235
...   128 A-T ...
  -37.3031   48.0332   13.7352
    0.0615   -0.4713   -0.8798
   -0.1620    0.8651   -0.4747
    0.9849    0.1717   -0.0231
...   129 C-G ...
  -34.0194   47.9464   13.7621
   -0.0773    0.0253   -0.9967
   -0.1545    0.9873    0.0371
    0.9850    0.1569   -0.0724
...   130 C-G ...
  -30.7045   48.1439   13.2155
   -0.2479    0.5234   -0.8152
   -0.0540    0.8327    0.5511
    0.9673    0.1806   -0.1781
...   131 A-T ...
  -27.5342   48.8987   12.5553
   -0.3418    0.8708   -0.3535
    0.1431    0.4200    0.8962
    0.9288    0.2557   -0.2682
...   132 A-T ...
  -24.6200   49.7161   11.3892
   -0.1976    0.9575    0.2100
    0.3230   -0.1386    0.9362
    0.9255    0.2528   -0.2819
...   133 A-T ...
  -21.7460   50.6806   10.2174
    0.0410    0.7160    0.6969
    0.3821   -0.6557    0.6512
    0.9232    0.2396   -0.3005
...   134 T-A ...
  -19.0160   52.0244    8.9251
    0.2452    0.2905    0.9249
    0.3073   -0.9281    0.2101
    0.9195    0.2328   -0.3169
...   135 G-C ...
  -16.4638   53.8825    7.5154
    0.5339   -0.3333    0.7771
    0.0346   -0.9097   -0.4139
    0.8449    0.2479   -0.4741
...   136 T-A ...
  -14.1749   56.5547    6.1809
    0.5795   -0.7269    0.3685
   -0.3141   -0.6164   -0.7221
    0.7521    0.3026   -0.5855
...   137 G-C ...
  -11.6539   57.9993    4.7205
    0.2452   -0.9542   -0.1714
   -0.6323   -0.0234   -0.7744
    0.7349    0.2983   -0.6091
...   138 A-T ...
   -8.6759   58.7134    3.6026
   -0.0345   -0.7815   -0.6229
   -0.6536    0.4891   -0.5775
    0.7560    0.3872   -0.5277
...   139 G-C ...
   -6.3275   59.0727    1.6298
   -0.2969   -0.3279   -0.8968
   -0.5657    0.8171   -0.1114
    0.7693    0.4742   -0.4281
...   140 C-G ...
   -3.4369   60.2279    1.0288
   -0.4426    0.2287   -0.8671
   -0.1681    0.9286    0.3308
    0.8808    0.2922   -0.3725
...   141 G-C ...
   -0.6977   63.8912   -2.2508
   -0.9992    0.0157   -0.0376
   -0.0024    0.8991    0.4378
    0.0407    0.4375   -0.8983
...   142 C-G ...
   -1.0065   65.5989   -4.9400
   -0.8337    0.5216    0.1813
    0.5170    0.6219    0.5881
    0.1940    0.5841   -0.7882
...   143 T-A ...
   -0.1333   66.2085   -7.8195
   -0.3753    0.8566    0.3540
    0.8856    0.2187    0.4098
    0.2736    0.4673   -0.8407
...   144 C-G ...
   -0.1666   67.4021  -10.8066
    0.1797    0.8793    0.4411
    0.9277   -0.3007    0.2214
    0.3273    0.3694   -0.8697
...   145 A-T ...
    0.5266   69.2313  -13.4658
    0.7352    0.4964    0.4616
    0.6118   -0.7791   -0.1367
    0.2918    0.3829   -0.8765
...   146 C-G ...
    1.4338   72.0893  -15.6017
    0.9809    0.0621    0.1844
    0.1264   -0.9240   -0.3608
    0.1480    0.3772   -0.9142
...   147 A-T ...
    2.3047   74.2223  -18.3862
    0.8657   -0.4292   -0.2575
   -0.4984   -0.7868   -0.3642
   -0.0463    0.4436   -0.8950
