  147 base-pairs
...     1 A-T ...
    0.0000    0.0000    0.0000
    1.0000    0.0000    0.0000
    0.0000    1.0000    0.0000
    0.0000    0.0000    1.0000
...     2 G-C ...
   -0.1394   -1.2357    3.2268
    0.7529    0.6366    0.1670
   -0.6386    0.7680   -0.0486
   -0.1592   -0.0700    0.9848
...     3 T-A ...
   -0.0365   -3.2932    6.3751
    0.2722    0.9301    0.2466
   -0.9238    0.3243   -0.2033
   -0.2691   -0.1725    0.9475
...     4 G-C ...
   -0.3505   -4.1660    9.4928
   -0.3756    0.9250    0.0579
   -0.8781   -0.3352   -0.3415
   -0.2965   -0.1791    0.9381
...     5 A-T ...
   -0.4462   -4.1476   12.7498
   -0.8116    0.5840   -0.0165
   -0.5523   -0.7762   -0.3042
   -0.1905   -0.2378    0.9524
...     6 G-C ...
   -1.5908   -4.1730   15.6201
   -0.9976    0.0246   -0.0651
   -0.0043   -0.9555   -0.2950
   -0.0695   -0.2940    0.9533
...     7 C-G ...
   -1.1030   -4.4824   18.7362
   -0.8441   -0.5304   -0.0787
    0.5345   -0.8441   -0.0432
   -0.0435   -0.0785    0.9960
...     8 G-C ...
   -2.4028   -7.7290   23.1475
   -0.2754   -0.3293   -0.9032
    0.6650   -0.7437    0.0684
   -0.6942   -0.5818    0.4238
...     9 C-G ...
   -4.4690   -9.9728   24.1132
    0.1145   -0.7025   -0.7024
    0.8512   -0.2952    0.4340
   -0.5122   -0.6476    0.5642
...    10 T-A ...
   -6.7405  -10.8752   25.9697
    0.4841   -0.8363   -0.2574
    0.6595    0.1553    0.7355
   -0.5751   -0.5258    0.6267
...    11 C-G ...
   -9.1656  -12.6208   27.1640
    0.7073   -0.6682    0.2307
    0.3448    0.6110    0.7126
   -0.6171   -0.4245    0.6626
...    12 A-T ...
  -10.9234  -14.6633   29.0693
    0.7515   -0.1377    0.6452
   -0.2029    0.8824    0.4246
   -0.6277   -0.4500    0.6352
...    13 C-G ...
  -11.8476  -17.4863   31.2451
    0.4295    0.2823    0.8578
   -0.5708    0.8209    0.0156
   -0.6998   -0.4963    0.5137
...    14 A-T ...
  -13.5897  -19.7827   33.4259
   -0.1504    0.6104    0.7777
   -0.6874    0.5008   -0.5260
   -0.7106   -0.6136    0.3443
...    15 A-T ...
  -15.7078  -21.8005   34.8077
   -0.4857    0.7979    0.3571
   -0.5020    0.0798   -0.8612
   -0.7156   -0.5975    0.3618
...    16 T-A ...
  -17.7604  -23.6092   36.6208
   -0.6598    0.7424   -0.1161
   -0.2048   -0.3264   -0.9228
   -0.7230   -0.5850    0.3674
...    17 T-A ...
  -20.0792  -25.3316   38.0885
   -0.6587    0.4451   -0.6066
    0.1856   -0.6852   -0.7043
   -0.7291   -0.5766    0.3687
...    18 T-A ...
  -22.5316  -26.9440   39.4648
   -0.4464   -0.0058   -0.8948
    0.5143   -0.8200   -0.2512
   -0.7323   -0.5724    0.3690
...    19 A-T ...
  -24.9849  -28.8507   40.6070
   -0.0342   -0.4318   -0.9013
    0.6592   -0.6876    0.3044
   -0.7512   -0.5837    0.3081
...    20 T-A ...
  -27.8489  -30.3375   41.2404
    0.2970   -0.7150   -0.6329
    0.5885   -0.3849    0.7110
   -0.7520   -0.5836    0.3065
...    21 T-A ...
  -30.4382  -32.1442   41.9784
    0.5702   -0.8110   -0.1311
    0.3262    0.0771    0.9422
   -0.7540   -0.5800    0.3085
...    22 C-G ...
  -32.8534  -34.1415   42.8747
    0.6787   -0.6020    0.4208
   -0.0657    0.5209    0.8511
   -0.7315   -0.6053    0.3140
...    23 G-C ...
  -35.2241  -35.9854   44.2713
    0.6146   -0.1572    0.7730
   -0.4391    0.7460    0.5008
   -0.6553   -0.6472    0.3895
...    24 C-G ...
  -37.0489  -38.4342   45.5026
    0.3209    0.2933    0.9006
   -0.7047    0.7093    0.0201
   -0.6328   -0.6410    0.4343
...    25 A-T ...
  -39.1494  -40.4814   47.0432
   -0.0448    0.6978    0.7149
   -0.7854    0.4176   -0.4569
   -0.6174   -0.5819    0.5293
...    26 A-T ...
  -40.9156  -42.3915   48.9754
   -0.4623    0.8182    0.3420
   -0.6318   -0.0333   -0.7744
   -0.6222   -0.5740    0.5323
...    27 A-T ...
  -42.7954  -44.1310   50.9576
   -0.7232    0.6752   -0.1455
   -0.2766   -0.4762   -0.8347
   -0.6328   -0.5634    0.5311
...    28 G-C ...
  -44.8890  -45.7031   52.9545
   -0.7117    0.3884   -0.5853
    0.1156   -0.7571   -0.6429
   -0.6929   -0.5253    0.4940
...    29 G-C ...
  -47.4252  -47.0786   54.6857
   -0.4762   -0.0092   -0.8793
    0.4451   -0.8649   -0.2321
   -0.7583   -0.5019    0.4160
...    30 C-G ...
  -50.1899  -48.3390   55.9318
   -0.1281   -0.4357   -0.8909
    0.6110   -0.7423    0.2751
   -0.7812   -0.5091    0.3613
...    31 C-G ...
  -53.0164  -49.9447   56.7683
    0.2778   -0.7149   -0.6417
    0.5566   -0.4246    0.7141
   -0.7830   -0.5555    0.2799
...    32 G-C ...
  -55.3215  -52.0649   57.8631
    0.6088   -0.7735   -0.1762
    0.2761   -0.0016    0.9611
   -0.7437   -0.6338    0.2126
...    33 G-C ...
  -57.7126  -54.4020   58.2360
    0.7098   -0.6127    0.3475
   -0.1134    0.3875    0.9149
   -0.6952   -0.6888    0.2056
...    34 C-G ...
  -59.8015  -56.9348   58.6321
    0.5579   -0.2877    0.7784
   -0.4852    0.6479    0.5872
   -0.6733   -0.7053    0.2219
...    35 C-G ...
  -61.7877  -59.5614   59.3632
    0.2595    0.1484    0.9543
   -0.7144    0.6944    0.0863
   -0.6499   -0.7041    0.2862
...    36 C-G ...
  -63.6797  -62.1378   60.4548
   -0.1034    0.5471    0.8307
   -0.7450    0.5107   -0.4291
   -0.6590   -0.6633    0.3548
...    37 G-C ...
  -66.0935  -64.1709   61.4622
   -0.3980    0.8138    0.4235
   -0.5748    0.1386   -0.8065
   -0.7150   -0.5644    0.4126
...    38 A-T ...
  -68.3467  -66.0079   62.9121
   -0.6082    0.7835   -0.1274
   -0.2502   -0.3416   -0.9059
   -0.7533   -0.5191    0.4038
...    39 C-G ...
  -70.7397  -67.2947   64.7328
   -0.6089    0.5371   -0.5838
    0.0773   -0.6923   -0.7175
   -0.7895   -0.4820    0.3800
...    40 A-T ...
  -73.4694  -68.7811   65.9216
   -0.3561    0.1575   -0.9211
    0.3454   -0.8937   -0.2863
   -0.8683   -0.4201    0.2638
...    41 C-G ...
  -76.5538  -69.5290   66.7152
   -0.0930   -0.2896   -0.9526
    0.4516   -0.8650    0.2188
   -0.8874   -0.4098    0.2112
...    42 G-C ...
  -79.3407  -71.2576   67.2022
    0.2652   -0.6567   -0.7060
    0.3622   -0.6107    0.7041
   -0.8936   -0.4424    0.0759
...    43 A-T ...
  -82.2561  -72.7348   67.2439
    0.4427   -0.8798   -0.1730
    0.1158   -0.1352    0.9840
   -0.8892   -0.4556    0.0421
...    44 C-G ...
  -85.1125  -74.3550   66.7319
    0.4431   -0.8224    0.3569
   -0.1437    0.3278    0.9338
   -0.8849   -0.4651    0.0270
...    45 T-A ...
  -87.8784  -76.1680   66.6048
    0.3257   -0.5222    0.7882
   -0.3662    0.6989    0.6143
   -0.8717   -0.4887    0.0364
...    46 T-A ...
  -90.5706  -77.9996   66.5159
    0.0286   -0.0534    0.9982
   -0.4674    0.8820    0.0606
   -0.8836   -0.4682    0.0003
...    47 A-T ...
  -93.5561  -79.4527   66.4818
   -0.2174    0.4857    0.8467
   -0.3800    0.7569   -0.5318
   -0.8991   -0.4373    0.0200
...    48 C-G ...
  -96.2805  -81.2163   67.0151
   -0.3399    0.8200    0.4605
   -0.2086    0.4117   -0.8871
   -0.9170   -0.3976    0.0311
...    49 T-A ...
  -99.2889  -82.4541   67.4919
   -0.3055    0.9511   -0.0460
   -0.0148   -0.0531   -0.9985
   -0.9521   -0.3043    0.0303
...    50 G-C ...
 -102.5507  -83.1506   67.6019
   -0.1015    0.8243   -0.5570
    0.1176   -0.5461   -0.8294
   -0.9879   -0.1498   -0.0415
...    51 T-A ...
 -105.7919  -83.0762   67.8162
    0.0396    0.4553   -0.8895
    0.1315   -0.8848   -0.4470
   -0.9905   -0.0993   -0.0949
...    52 A-T ...
 -109.0610  -82.8930   67.2628
    0.2648   -0.0487   -0.9631
    0.0214   -0.9982    0.0564
   -0.9641   -0.0355   -0.2633
...    53 G-C ...
 -112.1571  -82.6631   66.1653
    0.3004   -0.5470   -0.7814
   -0.1670   -0.8367    0.5215
   -0.9391   -0.0262   -0.3427
...    54 G-C ...
 -115.0926  -82.7287   64.5030
    0.2170   -0.9070   -0.3610
   -0.3626   -0.4183    0.8328
   -0.9063   -0.0498   -0.4196
...    55 T-A ...
 -117.7887  -82.8098   62.5438
   -0.0110   -0.9923    0.1237
   -0.4354    0.1161    0.8927
   -0.9002   -0.0440   -0.4333
...    56 A-T ...
 -121.0090  -82.5600   61.5127
   -0.3709   -0.6824    0.6299
   -0.2958    0.7298    0.6164
   -0.8803    0.0423   -0.4726
...    57 T-A ...
 -123.7133  -83.0039   59.6424
   -0.4951   -0.2140    0.8421
   -0.0472    0.9744    0.2198
   -0.8675    0.0691   -0.4926
...    58 C-G ...
 -126.5208  -82.8713   57.9443
   -0.4031    0.3926    0.8266
    0.2775    0.9132   -0.2984
   -0.8720    0.1091   -0.4771
...    59 T-A ...
 -129.5316  -82.6749   56.6124
   -0.1288    0.7902    0.5992
    0.4586    0.5832   -0.6705
   -0.8792    0.1885   -0.4375
...    60 C-G ...
 -132.4295  -82.0661   55.2813
    0.2279    0.9611    0.1562
    0.4539    0.0371   -0.8903
   -0.8614    0.2738   -0.4278
...    61 G-C ...
 -135.1151  -80.9356   53.6942
    0.5913    0.7701   -0.2394
    0.2362   -0.4492   -0.8616
   -0.7711    0.4529   -0.4475
...    62 A-T ...
 -137.4801  -79.2423   52.2744
    0.6851    0.3470   -0.6405
   -0.1665   -0.7814   -0.6014
   -0.7091    0.5187   -0.4776
...    63 G-C ...
 -139.5403  -77.1758   50.7575
    0.5652   -0.1406   -0.8129
   -0.5282   -0.8186   -0.2257
   -0.6337    0.5569   -0.5369
...    64 C-G ...
 -141.1365  -75.0732   48.7706
    0.2164   -0.5775   -0.7872
   -0.7838   -0.5835    0.2126
   -0.5821    0.5710   -0.5789
...    65 T-A ...
 -142.6981  -73.1254   46.5973
   -0.2152   -0.8097   -0.5460
   -0.8109   -0.1633    0.5619
   -0.5441    0.5637   -0.6214
...    66 C-G ...
 -144.4053  -71.3565   44.4098
   -0.6663   -0.7361   -0.1190
   -0.5313    0.3568    0.7684
   -0.5232    0.5752   -0.6288
...    67 G-C ...
 -146.2774  -69.1678   42.7376
   -0.8281   -0.4252    0.3653
   -0.0547    0.7098    0.7023
   -0.5579    0.5616   -0.6110
...    68 G-C ...
 -148.0736  -67.4236   40.4742
   -0.6911   -0.0032    0.7227
    0.4199    0.8121    0.4051
   -0.5882    0.5835   -0.5600
...    69 G-C ...
 -150.1110  -65.6789   38.4334
   -0.3069    0.3768    0.8740
    0.7417    0.6701   -0.0285
   -0.5964    0.6395   -0.4851
...    70 A-T ...
 -152.0890  -63.6833   36.8093
    0.2072    0.6426    0.7377
    0.7968    0.3266   -0.5083
   -0.5676    0.6931   -0.4443
...    71 T-A ...
 -154.3411  -61.5253   35.8802
    0.5939    0.6864    0.4197
    0.5967   -0.0259   -0.8020
   -0.5396    0.7268   -0.4250
...    72 C-G ...
 -156.0067  -59.0406   34.6589
    0.8717    0.4865   -0.0583
    0.1526   -0.3827   -0.9112
   -0.4656    0.7854   -0.4078
...    73 C-G ...
 -157.2005  -56.0767   33.6207
    0.8775    0.1171   -0.4650
   -0.3407   -0.5299   -0.7766
   -0.3373    0.8399   -0.4251
...    74 G-C ...
 -157.9865  -53.3994   31.8043
    0.5961   -0.2948   -0.7468
   -0.7825   -0.4216   -0.4581
   -0.1798    0.8575   -0.4820
...    75 C-G ...
 -158.0016  -50.5402   30.1370
    0.0868   -0.5035   -0.8596
   -0.9884   -0.1516   -0.0110
   -0.1248    0.8506   -0.5108
...    76 T-A ...
 -158.0197  -47.8040   28.2673
   -0.4440   -0.5252   -0.7260
   -0.8913    0.1758    0.4179
   -0.0919    0.8326   -0.5462
...    77 T-A ...
 -157.9635  -45.1655   26.3436
   -0.8821   -0.2714   -0.3849
   -0.4693    0.4385    0.7664
   -0.0392    0.8567   -0.5142
...    78 T-A ...
 -157.8802  -42.5322   24.4156
   -0.9916    0.0816    0.1005
    0.1278    0.4920    0.8611
    0.0208    0.8667   -0.4983
...    79 A-T ...
 -157.4811  -39.4810   23.0659
   -0.6959    0.3829    0.6075
    0.7157    0.3004    0.6305
    0.0589    0.8736   -0.4830
...    80 A-T ...
 -157.4939  -36.7035   21.3961
   -0.1726    0.4760    0.8623
    0.9816    0.0108    0.1905
    0.0814    0.8794   -0.4691
...    81 T-A ...
 -157.8737  -33.7924   19.9580
    0.3337    0.3900    0.8582
    0.9374   -0.2333   -0.2585
    0.0994    0.8908   -0.4435
...    82 C-G ...
 -157.5629  -30.8345   18.6518
    0.7970    0.1136    0.5933
    0.5829   -0.4021   -0.7060
    0.1583    0.9085   -0.3867
...    83 A-T ...
 -156.8269  -27.7666   17.5337
    0.9481   -0.2640    0.1773
    0.0782   -0.3469   -0.9347
    0.3082    0.9000   -0.3082
...    84 T-A ...
 -155.6542  -24.7332   17.2087
    0.8530   -0.4284   -0.2980
   -0.3935   -0.1530   -0.9065
    0.3428    0.8905   -0.2991
...    85 G-C ...
 -154.2432  -21.9620   16.0028
    0.4464   -0.5322   -0.7193
   -0.7757    0.1706   -0.6076
    0.4461    0.8292   -0.3367
...    86 T-A ...
 -152.1929  -19.5038   15.1204
   -0.0319   -0.3766   -0.9258
   -0.8831    0.4445   -0.1503
    0.4682    0.8128   -0.3467
...    87 T-A ...
 -150.3558  -17.0408   14.0297
   -0.5135   -0.0135   -0.8580
   -0.7020    0.5815    0.4110
    0.4934    0.8134   -0.3081
...    88 A-T ...
 -148.8557  -14.0598   13.4503
   -0.8128    0.4133   -0.4105
   -0.2189    0.4364    0.8727
    0.5398    0.7992   -0.2642
...    89 T-A ...
 -147.0580  -11.7131   11.9558
   -0.7986    0.5953    0.0884
    0.2200    0.1520    0.9636
    0.5602    0.7890   -0.2523
...    90 A-T ...
 -144.9711   -9.1429   11.4209
   -0.5032    0.5519    0.6650
    0.6512   -0.2637    0.7116
    0.5681    0.7911   -0.2267
...    91 A-T ...
 -143.3200   -6.4820   10.5884
   -0.0562    0.2946    0.9540
    0.8132   -0.5409    0.2149
    0.5793    0.7878   -0.2091
...    92 C-G ...
 -141.9303   -3.5631   10.0210
    0.3396   -0.0679    0.9381
    0.7284   -0.6120   -0.3080
    0.5951    0.7879   -0.1584
...    93 G-C ...
 -139.6552   -1.1583    9.5649
    0.5790   -0.5076    0.6380
    0.4539   -0.4493   -0.7695
    0.6773    0.7352   -0.0297
...    94 G-C ...
 -137.3124    1.2366    9.9931
    0.6526   -0.7459    0.1336
    0.1114   -0.0799   -0.9906
    0.7495    0.6613    0.0309
...    95 A-T ...
 -134.7490    3.2556   10.2346
    0.5606   -0.6840   -0.4669
   -0.2615    0.3887   -0.8835
    0.7857    0.6173    0.0391
...    96 C-G ...
 -131.8846    4.8276   10.8114
    0.3215   -0.3981   -0.8592
   -0.4924    0.7047   -0.5108
    0.8088    0.5873    0.0306
...    97 A-T ...
 -129.2339    6.8373   10.7686
   -0.0785    0.0304   -0.9964
   -0.5504    0.8321    0.0688
    0.8312    0.5538   -0.0486
...    98 C-G ...
 -126.1808    8.1258   10.3798
   -0.3641    0.4599   -0.8099
   -0.4154    0.6981    0.5831
    0.8336    0.5488   -0.0631
...    99 T-A ...
 -123.3578    9.7989    9.8596
   -0.5584    0.7417   -0.3715
   -0.1446    0.3539    0.9240
    0.8169    0.5697   -0.0904
...   100 T-A ...
 -120.6680   11.5424    9.2939
   -0.5204    0.8232    0.2270
    0.1916   -0.1465    0.9705
    0.8321    0.5486   -0.0815
...   101 T-A ...
 -118.0352   13.3766    8.7792
   -0.3103    0.5947    0.7417
    0.4433   -0.5996    0.6663
    0.8410    0.5355   -0.0776
...   102 A-T ...
 -115.1498   15.0545    8.6649
   -0.0352    0.0888    0.9954
    0.5438   -0.8340    0.0936
    0.8385    0.5446   -0.0189
...   103 T-A ...
 -112.8089   17.3560    8.7563
    0.2295   -0.3516    0.9076
    0.4865   -0.7662   -0.4199
    0.8430    0.5379   -0.0048
...   104 G-C ...
 -109.8684   18.9350    8.9155
    0.3552   -0.7808    0.5140
    0.3029   -0.4240   -0.8535
    0.8844    0.4588    0.0859
...   105 C-G ...
 -107.0122   20.4076    9.7051
    0.4102   -0.9114   -0.0346
    0.0821    0.0747   -0.9938
    0.9083    0.4048    0.1055
...   106 T-A ...
 -103.9448   21.4690   10.3741
    0.3281   -0.7631   -0.5569
   -0.1110    0.5543   -0.8249
    0.9381    0.3325    0.0971
...   107 T-A ...
 -100.8539   22.3231   10.8810
    0.2052   -0.3147   -0.9267
   -0.2695    0.8921   -0.3627
    0.9409    0.3242    0.0983
...   108 C-G ...
  -97.7150   23.2457   11.1094
   -0.0177    0.2610   -0.9652
   -0.3198    0.9132    0.2528
    0.9473    0.3131    0.0673
...   109 C-G ...
  -94.4481   24.1007   11.0311
   -0.2567    0.6937   -0.6730
   -0.2299    0.6325    0.7396
    0.9388    0.3445   -0.0029
...   110 G-C ...
  -91.4334   25.5396   11.3176
   -0.4242    0.8951   -0.1370
   -0.0156    0.1441    0.9894
    0.9054    0.4219   -0.0471
...   111 G-C ...
  -88.4588   27.0690   10.8887
   -0.4266    0.7957    0.4301
    0.2352   -0.3615    0.9022
    0.8733    0.4860   -0.0329
...   112 C-G ...
  -85.7470   28.9433   10.5059
   -0.2609    0.4480    0.8551
    0.4364   -0.7354    0.5184
    0.8611    0.5084   -0.0037
...   113 T-A ...
  -83.0858   30.9233   10.5500
   -0.0373   -0.0375    0.9986
    0.5203   -0.8539   -0.0127
    0.8531    0.5191    0.0513
...   114 C-G ...
  -80.3381   32.6944   10.8190
    0.2465   -0.5498    0.7981
    0.4466   -0.6664   -0.5970
    0.8601    0.5036    0.0813
...   115 G-C ...
  -77.2963   34.0897   10.9250
    0.3468   -0.8817    0.3199
    0.2550   -0.2396   -0.9368
    0.9026    0.4065    0.1418
...   116 T-A ...
  -74.4355   35.3398   12.0253
    0.3926   -0.8931   -0.2196
    0.0400    0.2551   -0.9661
    0.9188    0.3705    0.1359
...   117 A-T ...
  -71.3127   36.4237   12.4761
    0.2605   -0.6147   -0.7445
   -0.1685    0.7304   -0.6620
    0.9507    0.2979    0.0867
...   118 T-A ...
  -68.0967   36.7807   13.0522
    0.1272   -0.1687   -0.9774
   -0.2718    0.9418   -0.1979
    0.9539    0.2908    0.0739
...   119 A-T ...
  -64.9107   37.7570   13.1768
   -0.1281    0.3869   -0.9132
   -0.2651    0.8739    0.4074
    0.9557    0.2942   -0.0094
...   120 A-T ...
  -61.7663   38.5205   12.9391
   -0.2591    0.8136   -0.5205
   -0.1364    0.5027    0.8536
    0.9562    0.2922   -0.0192
...   121 T-A ...
  -58.6417   39.2700   12.2129
   -0.2915    0.9564   -0.0162
    0.0193    0.0228    0.9996
    0.9564    0.2910   -0.0251
...   122 G-C ...
  -55.5130   40.3867   12.4192
   -0.2999    0.7699    0.5634
    0.2169   -0.5200    0.8261
    0.9290    0.3699   -0.0111
...   123 T-A ...
  -52.6731   42.0710   12.0164
   -0.1547    0.3747    0.9141
    0.3469   -0.8458    0.4054
    0.9251    0.3798    0.0009
...   124 G-C ...
  -49.5289   43.1328   12.2447
    0.0071   -0.2095    0.9778
    0.3911   -0.8993   -0.1955
    0.9203    0.3838    0.0756
...   125 T-A ...
  -46.7497   44.8776   12.8162
    0.1927   -0.6589    0.7272
    0.3238   -0.6569   -0.6810
    0.9263    0.3667    0.0868
...   126 C-G ...
  -43.7313   46.1112   13.2138
    0.3160   -0.9307    0.1844
    0.1444   -0.1449   -0.9788
    0.9377    0.3360    0.0886
...   127 G-C ...
  -40.5620   47.1877   13.1725
    0.2190   -0.8924   -0.3946
   -0.0460    0.3945   -0.9177
    0.9746    0.2192    0.0454
...   128 A-T ...
  -37.3677   47.8270   13.4025
    0.0960   -0.5116   -0.8538
   -0.1601    0.8387   -0.5205
    0.9824    0.1867   -0.0014
...   129 C-G ...
  -34.0814   47.8014   13.5350
   -0.0503   -0.0157   -0.9986
   -0.1709    0.9853   -0.0068
    0.9840    0.1704   -0.0523
...   130 C-G ...
  -30.7544   48.0542   13.0673
   -0.2367    0.4937   -0.8368
   -0.0790    0.8486    0.5230
    0.9684    0.1899   -0.1619
...   131 A-T ...
  -27.5749   48.8672   12.4666
   -0.3455    0.8586   -0.3787
    0.1208    0.4409    0.8894
    0.9306    0.2616   -0.2561
...   132 A-T ...
  -24.6442   49.7036   11.3496
   -0.2094    0.9584    0.1941
    0.3108   -0.1230    0.9425
    0.9271    0.2577   -0.2722
...   133 A-T ...
  -21.7555   50.6765   10.2106
    0.0332    0.7201    0.6931
    0.3798   -0.6506    0.6577
    0.9245    0.2414   -0.2951
...   134 T-A ...
  -19.0159   52.0244    8.9250
    0.2452    0.2905    0.9249
    0.3073   -0.9281    0.2101
    0.9195    0.2328   -0.3169
...   135 G-C ...
  -16.4637   53.8825    7.5154
    0.5339   -0.3333    0.7771
    0.0346   -0.9097   -0.4139
    0.8449    0.2479   -0.4741
...   136 T-A ...
  -14.1749   56.5547    6.1809
    0.5795   -0.7269    0.3685
   -0.3141   -0.6164   -0.7221
    0.7521    0.3026   -0.5855
...   137 G-C ...
  -11.6538   57.9992    4.7205
    0.2452   -0.9542   -0.1714
   -0.6323   -0.0234   -0.7744
    0.7349    0.2983   -0.6091
...   138 A-T ...
   -8.6758   58.7133    3.6025
   -0.0345   -0.7815   -0.6229
   -0.6536    0.4891   -0.5775
    0.7560    0.3872   -0.5277
...   139 G-C ...
   -6.3274   59.0727    1.6297
   -0.2969   -0.3279   -0.8968
   -0.5657    0.8171   -0.1114
    0.7693    0.4742   -0.4281
...   140 C-G ...
   -3.4368   60.2279    1.0288
   -0.4426    0.2287   -0.8671
   -0.1681    0.9286    0.3308
    0.8808    0.2922   -0.3725
...   141 G-C ...
   -0.6976   63.8912   -2.2509
   -0.9992    0.0157   -0.0376
   -0.0024    0.8991    0.4378
    0.0407    0.4375   -0.8983
...   142 C-G ...
   -1.0064   65.5988   -4.9400
   -0.8337    0.5216    0.1813
    0.5170    0.6219    0.5881
    0.1940    0.5841   -0.7882
...   143 T-A ...
   -0.1332   66.2084   -7.8195
   -0.3753    0.8566    0.3540
    0.8856    0.2187    0.4098
    0.2736    0.4673   -0.8407
...   144 C-G ...
   -0.1665   67.4020  -10.8067
    0.1797    0.8793    0.4411
    0.9277   -0.3007    0.2214
    0.3273    0.3694   -0.8697
...   145 A-T ...
    0.5267   69.2313  -13.4658
    0.7352    0.4964    0.4616
    0.6118   -0.7791   -0.1367
    0.2918    0.3829   -0.8765
...   146 C-G ...
    1.4339   72.0892  -15.6018
    0.9809    0.0621    0.1844
    0.1264   -0.9240   -0.3608
    0.1480    0.3772   -0.9142
...   147 A-T ...
    2.3048   74.2222  -18.3862
    0.8657   -0.4292   -0.2575
   -0.4984   -0.7868   -0.3642
   -0.0463    0.4436   -0.8950
