  147 base-pairs
...     1 A-T ...
    0.0000    0.0000    0.0000
    1.0000    0.0000    0.0000
    0.0000    1.0000    0.0000
    0.0000    0.0000    1.0000
...     2 G-C ...
   -0.1394   -1.2357    3.2268
    0.7529    0.6366    0.1670
   -0.6386    0.7680   -0.0486
   -0.1592   -0.0700    0.9848
...     3 T-A ...
   -0.0365   -3.2932    6.3751
    0.2722    0.9301    0.2466
   -0.9238    0.3243   -0.2033
   -0.2691   -0.1725    0.9475
...     4 G-C ...
   -0.3505   -4.1660    9.4928
   -0.3756    0.9250    0.0579
   -0.8781   -0.3352   -0.3415
   -0.2965   -0.1791    0.9381
...     5 A-T ...
   -0.4462   -4.1476   12.7498
   -0.8116    0.5840   -0.0165
   -0.5523   -0.7762   -0.3042
   -0.1905   -0.2378    0.9524
...     6 G-C ...
   -1.5908   -4.1730   15.6201
   -0.9976    0.0246   -0.0651
   -0.0043   -0.9555   -0.2950
   -0.0695   -0.2940    0.9533
...     7 C-G ...
   -1.1030   -4.4824   18.7362
   -0.8441   -0.5304   -0.0787
    0.5345   -0.8441   -0.0432
   -0.0435   -0.0785    0.9960
...     8 G-C ...
   -2.4028   -7.7290   23.1475
   -0.2754   -0.3293   -0.9032
    0.6650   -0.7437    0.0684
   -0.6942   -0.5818    0.4238
...     9 C-G ...
   -4.4690   -9.9728   24.1132
    0.1145   -0.7025   -0.7024
    0.8512   -0.2952    0.4340
   -0.5122   -0.6476    0.5642
...    10 T-A ...
   -6.7405  -10.8752   25.9697
    0.4841   -0.8363   -0.2574
    0.6595    0.1553    0.7355
   -0.5751   -0.5258    0.6267
...    11 C-G ...
   -9.1656  -12.6208   27.1640
    0.7073   -0.6682    0.2307
    0.3448    0.6110    0.7126
   -0.6171   -0.4245    0.6626
...    12 A-T ...
  -10.9234  -14.6633   29.0693
    0.7515   -0.1377    0.6452
   -0.2029    0.8824    0.4246
   -0.6277   -0.4500    0.6352
...    13 C-G ...
  -11.8476  -17.4863   31.2451
    0.4295    0.2823    0.8578
   -0.5708    0.8209    0.0156
   -0.6998   -0.4963    0.5137
...    14 A-T ...
  -13.5897  -19.7827   33.4259
   -0.1504    0.6104    0.7777
   -0.6874    0.5008   -0.5260
   -0.7106   -0.6136    0.3443
...    15 A-T ...
  -15.8125  -21.8040   34.6409
   -0.4858    0.8086    0.3319
   -0.4881    0.0640   -0.8704
   -0.7251   -0.5849    0.3636
...    16 T-A ...
  -17.9085  -23.6517   36.5572
   -0.6962    0.6976   -0.1695
   -0.1491   -0.3714   -0.9164
   -0.7022   -0.6127    0.3626
...    17 T-A ...
  -20.1747  -25.4435   38.1255
   -0.6794    0.3268   -0.6569
    0.2874   -0.7052   -0.6481
   -0.6751   -0.6292    0.3852
...    18 T-A ...
  -22.4664  -27.2587   39.5096
   -0.4001   -0.1100   -0.9099
    0.6121   -0.7709   -0.1760
   -0.6821   -0.6274    0.3757
...    19 A-T ...
  -24.6330  -29.4968   40.6621
    0.0515   -0.4798   -0.8758
    0.7205   -0.5894    0.3653
   -0.6915   -0.6499    0.3154
...    20 T-A ...
  -27.3764  -31.2354   41.3500
    0.3969   -0.7246   -0.5634
    0.6002   -0.2595    0.7566
   -0.6944   -0.6384    0.3320
...    21 T-A ...
  -29.8043  -33.2789   42.1557
    0.6617   -0.7485   -0.0434
    0.2730    0.1866    0.9437
   -0.6983   -0.6363    0.3279
...    22 C-G ...
  -32.0664  -35.4141   43.1803
    0.7229   -0.4853    0.4918
   -0.1626    0.5724    0.8037
   -0.6715   -0.6610    0.3349
...    23 G-C ...
  -34.3169  -37.2747   44.8552
    0.6054    0.0061    0.7959
   -0.5552    0.7198    0.4168
   -0.5703   -0.6942    0.4391
...    24 C-G ...
  -35.9071  -39.7901   46.1921
    0.2643    0.4189    0.8687
   -0.7862    0.6153   -0.0574
   -0.5585   -0.6678    0.4920
...    25 A-T ...
  -37.9698  -41.8082   47.7374
   -0.1556    0.7440    0.6498
   -0.8079    0.2826   -0.5171
   -0.5684   -0.6055    0.5571
...    26 A-T ...
  -39.6797  -43.7396   49.7594
   -0.5681    0.7842    0.2497
   -0.5916   -0.1782   -0.7863
   -0.5721   -0.5944    0.5652
...    27 A-T ...
  -41.3146  -45.5293   51.9238
   -0.8054    0.5450   -0.2331
   -0.1660   -0.5849   -0.7940
   -0.5691   -0.6007    0.5615
...    28 G-C ...
  -43.3231  -47.0953   54.1223
   -0.7352    0.2046   -0.6462
    0.2554   -0.7995   -0.5437
   -0.6279   -0.5648    0.5355
...    29 G-C ...
  -45.7815  -48.6587   55.9591
   -0.4183   -0.2143   -0.8826
    0.6003   -0.7945   -0.0916
   -0.6816   -0.5682    0.4610
...    30 C-G ...
  -48.3477  -50.2209   57.2320
    0.0075   -0.5710   -0.8209
    0.7112   -0.5740    0.4057
   -0.7029   -0.5869    0.4018
...    31 C-G ...
  -50.9279  -51.9796   58.4289
    0.4443   -0.7445   -0.4983
    0.5757   -0.1889    0.7955
   -0.6864   -0.6404    0.3447
...    32 G-C ...
  -52.7410  -54.1277   59.6045
    0.7323   -0.6775   -0.0694
    0.2487    0.1712    0.9533
   -0.6340   -0.7154    0.2939
...    33 G-C ...
  -54.4667  -56.9393   60.3375
    0.7779   -0.4429    0.4458
   -0.2169    0.4766    0.8519
   -0.5898   -0.7594    0.2747
...    34 C-G ...
  -56.1351  -59.6588   61.0294
    0.5545   -0.0877    0.8275
   -0.6128    0.6297    0.4774
   -0.5630   -0.7718    0.2955
...    35 C-G ...
  -57.6329  -62.4737   62.2060
    0.1509    0.3053    0.9402
   -0.8237    0.5648   -0.0512
   -0.5466   -0.7667    0.3367
...    36 C-G ...
  -59.1777  -65.1600   63.4980
   -0.2840    0.5983    0.7492
   -0.7834    0.3057   -0.5411
   -0.5528   -0.7406    0.3819
...    37 G-C ...
  -61.3961  -67.5813   64.0857
   -0.6014    0.7376    0.3071
   -0.5007   -0.0484   -0.8643
   -0.6226   -0.6735    0.3984
...    38 A-T ...
  -63.2110  -69.8134   65.3368
   -0.7650    0.5944   -0.2480
   -0.0497   -0.4384   -0.8974
   -0.6421   -0.6742    0.3649
...    39 C-G ...
  -65.4686  -71.5437   66.7742
   -0.6398    0.3420   -0.6883
    0.3308   -0.6858   -0.6483
   -0.6937   -0.6425    0.3256
...    40 A-T ...
  -67.9523  -73.5011   67.7791
   -0.2710    0.0073   -0.9626
    0.5910   -0.7880   -0.1723
   -0.7598   -0.6156    0.2093
...    41 C-G ...
  -70.7714  -75.1268   68.0958
    0.1067   -0.3435   -0.9331
    0.6263   -0.7057    0.3314
   -0.7723   -0.6197    0.1399
...    42 G-C ...
  -73.0274  -77.5155   68.5762
    0.4941   -0.6394   -0.5891
    0.3961   -0.4376    0.8072
   -0.7739   -0.6322    0.0370
...    43 A-T ...
  -75.4926  -79.5084   68.6190
    0.6272   -0.7788   -0.0095
    0.0314    0.0131    0.9994
   -0.7782   -0.6271    0.0327
...    44 C-G ...
  -77.8924  -81.7399   68.0671
    0.5681   -0.6440    0.5123
   -0.3156    0.4044    0.8584
   -0.7600   -0.6494    0.0265
...    45 T-A ...
  -80.1588  -84.5803   67.6971
    0.2934   -0.3313    0.8967
   -0.5673    0.6947    0.4423
   -0.7695   -0.6385    0.0159
...    46 T-A ...
  -82.3678  -86.9825   67.4572
   -0.0636    0.0366    0.9973
   -0.6127    0.7874   -0.0680
   -0.7878   -0.6154   -0.0276
...    47 A-T ...
  -84.9579  -89.0479   67.4448
   -0.3348    0.5157    0.7886
   -0.4704    0.6337   -0.6141
   -0.8165   -0.5766    0.0304
...    48 C-G ...
  -87.3177  -91.2642   68.0298
   -0.4896    0.7945    0.3593
   -0.2254    0.2827   -0.9323
   -0.8423   -0.5374    0.0407
...    49 T-A ...
  -90.1121  -92.9895   68.6648
   -0.4504    0.8763   -0.1708
    0.0345   -0.1740   -0.9841
   -0.8922   -0.4491    0.0482
...    50 G-C ...
  -93.3447  -94.0883   68.8029
   -0.1860    0.7243   -0.6639
    0.2279   -0.6255   -0.7462
   -0.9558   -0.2901   -0.0487
...    51 T-A ...
  -96.5003  -94.5106   68.9364
    0.0301    0.3828   -0.9233
    0.2647   -0.8938   -0.3620
   -0.9639   -0.2335   -0.1283
...    52 A-T ...
  -99.7430  -94.4066   68.1021
    0.3583   -0.0605   -0.9316
    0.1298   -0.9850    0.1138
   -0.9245   -0.1617   -0.3451
...    53 G-C ...
 -102.6962  -94.4760   66.8352
    0.4513   -0.5147   -0.7290
   -0.1160   -0.8438    0.5239
   -0.8848   -0.1518   -0.4405
...    54 G-C ...
 -105.5334  -94.4796   64.5094
    0.3621   -0.8771   -0.3156
   -0.3811   -0.4483    0.8085
   -0.8507   -0.1724   -0.4966
...    55 T-A ...
 -108.0145  -95.0713   62.4041
    0.0908   -0.9868    0.1341
   -0.5295    0.0662    0.8457
   -0.8435   -0.1477   -0.5165
...    56 A-T ...
 -110.6174  -95.7008   60.3532
   -0.2570   -0.7595    0.5976
   -0.4841    0.6363    0.6006
   -0.8364   -0.1349   -0.5312
...    57 T-A ...
 -112.9766  -96.6756   58.2307
   -0.5064   -0.3349    0.7946
   -0.2620    0.9377    0.2282
   -0.8216   -0.0926   -0.5626
...    58 C-G ...
 -115.7319  -97.2936   56.4070
   -0.5650    0.3053    0.7665
    0.1326    0.9506   -0.2808
   -0.8143   -0.0570   -0.5776
...    59 T-A ...
 -118.6111  -97.6303   54.7489
   -0.3512    0.7502    0.5603
    0.4110    0.6612   -0.6276
   -0.8413    0.0099   -0.5405
...    60 C-G ...
 -121.5192  -97.6237   53.0535
    0.0025    0.9862    0.1654
    0.5392    0.1380   -0.8308
   -0.8422    0.0913   -0.5314
...    61 G-C ...
 -124.0304  -96.9079   51.0393
    0.4881    0.8702   -0.0677
    0.4398   -0.3122   -0.8421
   -0.7539    0.3812   -0.5351
...    62 A-T ...
 -126.4824  -95.5267   49.3037
    0.7207    0.5225   -0.4555
    0.0952   -0.7255   -0.6816
   -0.6866    0.4479   -0.5727
...    63 G-C ...
 -128.4599  -93.5483   47.4932
    0.7306    0.0475   -0.6812
   -0.3169   -0.8601   -0.3998
   -0.6048    0.5080   -0.6133
...    64 C-G ...
 -130.0513  -91.4097   45.3775
    0.4408   -0.4710   -0.7641
   -0.7054   -0.7082    0.0296
   -0.5551    0.5260   -0.6444
...    65 T-A ...
 -131.6470  -89.5430   43.2089
   -0.0022   -0.7720   -0.6356
   -0.8597   -0.3232    0.3955
   -0.5107    0.5474   -0.6630
...    66 C-G ...
 -133.5528  -87.9901   41.0590
   -0.5216   -0.8041   -0.2853
   -0.7127    0.2268    0.6637
   -0.4690    0.5495   -0.6914
...    67 G-C ...
 -135.7919  -85.7083   39.5475
   -0.8311   -0.5333    0.1576
   -0.2876    0.6547    0.6990
   -0.4760    0.5357   -0.6975
...    68 G-C ...
 -137.1901  -83.8730   37.1152
   -0.8272   -0.1076    0.5514
    0.2518    0.8063    0.5351
   -0.5022    0.5816   -0.6399
...    69 G-C ...
 -138.8747  -82.0936   34.8395
   -0.5101    0.2748    0.8151
    0.6593    0.7335    0.1653
   -0.5524    0.6216   -0.5553
...    70 A-T ...
 -140.8559  -80.1866   33.0003
   -0.0054    0.6162    0.7876
    0.8402    0.4299   -0.3306
   -0.5423    0.6599   -0.5200
...    71 T-A ...
 -143.1029  -78.1677   31.7043
    0.4480    0.7139    0.5382
    0.7259    0.0609   -0.6851
   -0.5218    0.6976   -0.4910
...    72 C-G ...
 -144.8160  -75.7437   30.3419
    0.8179    0.5678    0.0931
    0.3343   -0.3373   -0.8800
   -0.4683    0.7509   -0.4657
...    73 C-G ...
 -146.3440  -73.1745   29.0128
    0.9343    0.2055   -0.2912
   -0.1332   -0.5565   -0.8201
   -0.3305    0.8050   -0.4926
...    74 G-C ...
 -147.2444  -70.7106   26.9970
    0.7642   -0.2459   -0.5963
   -0.6241   -0.5155   -0.5872
   -0.1630    0.8208   -0.5474
...    75 C-G ...
 -147.1415  -67.7668   25.1564
    0.2715   -0.5039   -0.8200
   -0.9555   -0.2432   -0.1669
   -0.1153    0.8288   -0.5475
...    76 T-A ...
 -146.9546  -65.1503   22.8326
   -0.3219   -0.5331   -0.7825
   -0.9463    0.1538    0.2845
   -0.0313    0.8320   -0.5539
...    77 T-A ...
 -146.6689  -62.5336   20.8835
   -0.8195   -0.2674   -0.5069
   -0.5721    0.4347    0.6955
    0.0343    0.8600   -0.5092
...    78 T-A ...
 -146.2579  -59.8937   18.9638
   -0.9941    0.0986   -0.0446
    0.0086    0.4825    0.8758
    0.1079    0.8703   -0.4805
...    79 A-T ...
 -145.3726  -56.8120   18.0175
   -0.7732    0.4339    0.4626
    0.6029    0.2764    0.7484
    0.1969    0.8575   -0.4753
...    80 A-T ...
 -144.8417  -54.1013   16.4252
   -0.3155    0.4961    0.8089
    0.9224   -0.0398    0.3842
    0.2228    0.8674   -0.4450
...    81 C-G ...
 -144.7086  -51.1277   14.8972
    0.2027    0.3636    0.9092
    0.9475   -0.3074   -0.0883
    0.2474    0.8794   -0.4068
...    82 A-T ...
 -143.8937  -48.1034   13.7400
    0.6545    0.0137    0.7559
    0.6846   -0.4351   -0.5848
    0.3209    0.9003   -0.2941
...    83 C-G ...
 -142.9215  -44.9292   13.4540
    0.8946   -0.2598    0.3635
    0.2606   -0.3572   -0.8969
    0.3629    0.8972   -0.2518
...    84 T-A ...
 -141.4177  -41.6842   13.2385
    0.8514   -0.4892   -0.1890
   -0.2768   -0.1131   -0.9542
    0.4455    0.8648   -0.2317
...    85 T-A ...
 -139.7367  -38.9181   12.8207
    0.5430   -0.4447   -0.7123
   -0.7111    0.2077   -0.6718
    0.4467    0.8713   -0.2035
...    86 T-A ...
 -138.0225  -36.1857   12.3494
    0.0530   -0.2220   -0.9736
   -0.8923    0.4272   -0.1460
    0.4483    0.8765   -0.1755
...    87 A-T ...
 -136.7052  -33.0551   11.8548
   -0.5128    0.1470   -0.8459
   -0.7209    0.4614    0.5172
    0.4663    0.8749   -0.1306
...    88 T-A ...
 -134.7635  -30.5680   10.9409
   -0.7982    0.3410   -0.4965
   -0.3891    0.3373    0.8572
    0.4598    0.8775   -0.1365
...    89 G-C ...
 -133.3541  -27.6531   10.2236
   -0.9076    0.3958    0.1399
    0.1891    0.0879    0.9780
    0.3748    0.9141   -0.1547
...    90 C-G ...
 -132.5006  -24.5799    9.5075
   -0.6771    0.3336    0.6559
    0.6427   -0.1661    0.7479
    0.3584    0.9280   -0.1019
...    91 T-A ...
 -131.6569  -21.2941    8.9723
   -0.2166    0.1380    0.9665
    0.9153   -0.3156    0.2502
    0.3395    0.9388   -0.0580
...    92 T-A ...
 -130.9175  -18.1386    8.8763
    0.3321   -0.0795    0.9399
    0.8749   -0.3464   -0.3384
    0.3525    0.9347   -0.0455
...    93 T-A ...
 -129.9356  -15.0358    8.8444
    0.7561   -0.3041    0.5795
    0.5322   -0.2296   -0.8149
    0.3809    0.9246   -0.0118
...    94 C-G ...
 -128.3405  -12.2300    8.7396
    0.8915   -0.4528    0.0170
    0.0328    0.0271   -0.9991
    0.4519    0.8912    0.0390
...    95 A-T ...
 -126.6897   -9.3145    9.5128
    0.7196   -0.4801   -0.5017
   -0.3696    0.3469   -0.8620
    0.5879    0.8057    0.0722
...    96 T-A ...
 -124.4727   -6.9967   10.0569
    0.4172   -0.2789   -0.8650
   -0.6650    0.5550   -0.4997
    0.6194    0.7837    0.0461
...    97 G-C ...
 -122.1265   -4.5175   10.1825
   -0.0898    0.0569   -0.9943
   -0.7660    0.6341    0.1054
    0.6365    0.7711   -0.0133
...    98 T-A ...
 -119.5417   -2.3522    9.9525
   -0.4826    0.3992   -0.7796
   -0.5959    0.5027    0.6263
    0.6419    0.7668   -0.0047
...    99 T-A ...
 -117.3481   -0.0145    9.7965
   -0.7193    0.6328   -0.2866
   -0.2165    0.1878    0.9580
    0.6601    0.7512    0.0020
...   100 A-T ...
 -115.0850    2.4988   10.1736
   -0.6944    0.6158    0.3722
    0.2633   -0.2640    0.9279
    0.6697    0.7423    0.0212
...   101 T-A ...
 -113.2431    5.1331    9.6723
   -0.4608    0.4094    0.7874
    0.5652   -0.5487    0.6160
    0.6843    0.7289    0.0215
...   102 A-T ...
 -110.7949    7.4221    9.8791
   -0.0726   -0.0303    0.9969
    0.7338   -0.6786    0.0328
    0.6755    0.7339    0.0715
...   103 A-T ...
 -108.7855    9.8492   10.2312
    0.3084   -0.4246    0.8513
    0.6555   -0.5537   -0.5136
    0.6894    0.7164    0.1076
...   104 C-G ...
 -106.8611   12.4824   11.1904
    0.5892   -0.6789    0.4381
    0.3892   -0.2367   -0.8902
    0.7081    0.6950    0.1247
...   105 G-C ...
 -104.2233   14.3923   11.3787
    0.5919   -0.7960   -0.1264
    0.0558    0.1969   -0.9788
    0.8040    0.5723    0.1610
...   106 G-C ...
 -101.2814   15.7620   11.9356
    0.4411   -0.6377   -0.6315
   -0.1995    0.6163   -0.7618
    0.8750    0.4620    0.1446
...   107 A-T ...
  -98.2920   16.9793   12.3186
    0.1912   -0.1885   -0.9633
   -0.3850    0.8883   -0.2503
    0.9029    0.4187    0.0973
...   108 C-G ...
  -95.0555   17.5671   12.7009
   -0.0765    0.2940   -0.9528
   -0.4110    0.8613    0.2987
    0.9084    0.4144    0.0550
...   109 C-G ...
  -91.8626   18.8120   12.5522
   -0.3620    0.6772   -0.6405
   -0.2764    0.5783    0.7676
    0.8903    0.4549   -0.0222
...   110 G-C ...
  -89.2437   20.4236   12.7275
   -0.5282    0.8357   -0.1503
   -0.0279    0.1599    0.9867
    0.8487    0.5254   -0.0612
...   111 G-C ...
  -86.6311   22.5032   12.3034
   -0.5002    0.7527    0.4280
    0.2907   -0.3197    0.9018
    0.8157    0.5755   -0.0589
...   112 C-G ...
  -84.2449   24.8030   11.8018
   -0.2881    0.4290    0.8561
    0.5208   -0.6800    0.5161
    0.8036    0.5946   -0.0275
...   113 T-A ...
  -81.7276   26.9580   11.6983
   -0.0047   -0.0175    0.9998
    0.6006   -0.7994   -0.0112
    0.7995    0.6005    0.0142
...   114 C-G ...
  -79.0340   28.8995   11.8617
    0.3148   -0.5004    0.8065
    0.5062   -0.6303   -0.5886
    0.8029    0.5936    0.0549
...   115 G-C ...
  -76.1428   30.5432   11.7111
    0.4769   -0.8224    0.3102
    0.2373   -0.2193   -0.9464
    0.8463    0.5249    0.0905
...   116 T-A ...
  -73.3001   31.9411   12.7067
    0.4816   -0.8414   -0.2452
   -0.0463    0.2549   -0.9659
    0.8751    0.4765    0.0838
...   117 A-T ...
  -70.1440   33.1088   13.4293
    0.2833   -0.5930   -0.7538
   -0.2750    0.7027   -0.6562
    0.9188    0.3932    0.0360
...   118 T-A ...
  -66.9862   33.7478   13.8801
    0.1087   -0.1599   -0.9811
   -0.3757    0.9072   -0.1895
    0.9204    0.3892    0.0385
...   119 A-T ...
  -63.9647   35.2155   13.9849
   -0.1707    0.3930   -0.9036
   -0.3385    0.8378    0.4283
    0.9254    0.3790   -0.0100
...   120 A-T ...
  -60.8907   36.2037   13.6962
   -0.3477    0.7908   -0.5036
   -0.1697    0.4752    0.8634
    0.9221    0.3857   -0.0310
...   121 T-A ...
  -57.8262   37.2856   12.9199
   -0.3758    0.9265    0.0195
    0.0416   -0.0041    0.9991
    0.9257    0.3763   -0.0370
...   122 G-C ...
  -54.7161   38.6863   12.6419
   -0.3279    0.7198    0.6118
    0.2665   -0.5508    0.7909
    0.9063    0.4224   -0.0112
...   123 T-A ...
  -51.9499   40.4390   12.3306
   -0.1500    0.3410    0.9280
    0.3962   -0.8392    0.3724
    0.9058    0.4236   -0.0093
...   124 G-C ...
  -48.9558   41.9320   12.3638
    0.0545   -0.2352    0.9704
    0.4308   -0.8712   -0.2354
    0.9008    0.4309    0.0539
...   125 T-A ...
  -46.2997   43.7168   12.7530
    0.2330   -0.6704    0.7044
    0.3401   -0.6224   -0.7049
    0.9111    0.4038    0.0830
...   126 C-G ...
  -43.4103   44.9880   13.1051
    0.3872   -0.9085    0.1571
    0.1423   -0.1094   -0.9838
    0.9109    0.4033    0.0869
...   127 G-C ...
  -40.3153   46.1300   12.8968
    0.2301   -0.8996   -0.3711
   -0.0485    0.3703   -0.9277
    0.9720    0.2314    0.0415
...   128 A-T ...
  -37.2686   46.9323   13.1291
    0.1422   -0.5217   -0.8412
   -0.1907    0.8194   -0.5405
    0.9713    0.2373    0.0170
...   129 C-G ...
  -33.9901   46.9524   13.4742
   -0.0301   -0.0261   -0.9992
   -0.2195    0.9754   -0.0188
    0.9751    0.2188   -0.0351
...   130 C-G ...
  -30.6409   47.2095   12.8243
   -0.2536    0.4539   -0.8542
   -0.1205    0.8614    0.4934
    0.9598    0.2280   -0.1637
...   131 A-T ...
  -27.5742   48.5703   12.5191
   -0.3773    0.8329   -0.4048
    0.0858    0.4667    0.8803
    0.9221    0.2974   -0.2475
...   132 A-T ...
  -24.6373   49.6076   11.4734
   -0.2539    0.9520    0.1712
    0.3018   -0.0902    0.9491
    0.9189    0.2926   -0.2644
...   133 A-T ...
  -21.7815   50.6419   10.2301
    0.0266    0.7281    0.6850
    0.3813   -0.6408    0.6663
    0.9241    0.2434   -0.2947
...   134 T-A ...
  -19.0159   52.0244    8.9250
    0.2452    0.2905    0.9249
    0.3073   -0.9281    0.2101
    0.9195    0.2328   -0.3169
...   135 G-C ...
  -16.4637   53.8824    7.5153
    0.5339   -0.3333    0.7771
    0.0346   -0.9097   -0.4139
    0.8449    0.2479   -0.4741
...   136 T-A ...
  -14.1748   56.5547    6.1808
    0.5795   -0.7269    0.3685
   -0.3141   -0.6164   -0.7221
    0.7521    0.3026   -0.5855
...   137 G-C ...
  -11.6537   57.9992    4.7204
    0.2452   -0.9542   -0.1714
   -0.6323   -0.0234   -0.7744
    0.7349    0.2983   -0.6091
...   138 A-T ...
   -8.6758   58.7133    3.6025
   -0.0345   -0.7815   -0.6229
   -0.6536    0.4891   -0.5775
    0.7560    0.3872   -0.5277
...   139 G-C ...
   -6.3274   59.0727    1.6297
   -0.2969   -0.3279   -0.8968
   -0.5657    0.8171   -0.1114
    0.7693    0.4742   -0.4281
...   140 C-G ...
   -3.4368   60.2278    1.0287
   -0.4426    0.2287   -0.8671
   -0.1681    0.9286    0.3308
    0.8808    0.2922   -0.3725
...   141 G-C ...
   -0.6976   63.8911   -2.2509
   -0.9992    0.0157   -0.0376
   -0.0024    0.8991    0.4378
    0.0407    0.4375   -0.8983
...   142 C-G ...
   -1.0064   65.5988   -4.9401
   -0.8337    0.5216    0.1813
    0.5170    0.6219    0.5881
    0.1940    0.5840   -0.7882
...   143 T-A ...
   -0.1332   66.2084   -7.8196
   -0.3753    0.8566    0.3540
    0.8856    0.2187    0.4098
    0.2736    0.4673   -0.8407
...   144 C-G ...
   -0.1665   67.4020  -10.8067
    0.1798    0.8793    0.4411
    0.9277   -0.3007    0.2214
    0.3273    0.3694   -0.8697
...   145 A-T ...
    0.5267   69.2312  -13.4659
    0.7352    0.4964    0.4616
    0.6118   -0.7791   -0.1367
    0.2918    0.3829   -0.8765
...   146 C-G ...
    1.4339   72.0892  -15.6019
    0.9809    0.0621    0.1844
    0.1264   -0.9240   -0.3608
    0.1480    0.3772   -0.9142
...   147 A-T ...
    2.3048   74.2222  -18.3863
    0.8657   -0.4292   -0.2575
   -0.4984   -0.7868   -0.3642
   -0.0463    0.4436   -0.8950
