  147 base-pairs
...     1 A-T ...
    0.0000    0.0000    0.0000
    1.0000    0.0000    0.0000
    0.0000    1.0000    0.0000
    0.0000    0.0000    1.0000
...     2 G-C ...
   -0.1394   -1.2357    3.2268
    0.7529    0.6366    0.1670
   -0.6386    0.7680   -0.0486
   -0.1592   -0.0700    0.9848
...     3 T-A ...
   -0.0365   -3.2932    6.3751
    0.2722    0.9301    0.2466
   -0.9238    0.3243   -0.2033
   -0.2691   -0.1725    0.9475
...     4 G-C ...
   -0.3505   -4.1660    9.4928
   -0.3756    0.9250    0.0579
   -0.8781   -0.3352   -0.3415
   -0.2965   -0.1791    0.9381
...     5 A-T ...
   -0.4462   -4.1476   12.7498
   -0.8116    0.5840   -0.0165
   -0.5523   -0.7762   -0.3042
   -0.1905   -0.2378    0.9524
...     6 G-C ...
   -1.5908   -4.1730   15.6201
   -0.9976    0.0246   -0.0651
   -0.0043   -0.9555   -0.2950
   -0.0695   -0.2940    0.9533
...     7 C-G ...
   -1.1030   -4.4824   18.7362
   -0.8441   -0.5304   -0.0787
    0.5345   -0.8441   -0.0432
   -0.0435   -0.0785    0.9960
...     8 G-C ...
   -2.4028   -7.7290   23.1475
   -0.2754   -0.3293   -0.9032
    0.6650   -0.7437    0.0684
   -0.6942   -0.5818    0.4238
...     9 C-G ...
   -4.4690   -9.9728   24.1132
    0.1145   -0.7025   -0.7024
    0.8512   -0.2952    0.4340
   -0.5122   -0.6476    0.5642
...    10 T-A ...
   -6.7405  -10.8752   25.9697
    0.4841   -0.8363   -0.2574
    0.6595    0.1553    0.7355
   -0.5751   -0.5258    0.6267
...    11 C-G ...
   -9.1656  -12.6208   27.1640
    0.7073   -0.6682    0.2307
    0.3448    0.6110    0.7126
   -0.6171   -0.4245    0.6626
...    12 A-T ...
  -10.9234  -14.6633   29.0693
    0.7515   -0.1377    0.6452
   -0.2029    0.8824    0.4246
   -0.6277   -0.4500    0.6352
...    13 C-G ...
  -11.8476  -17.4863   31.2451
    0.4295    0.2823    0.8578
   -0.5708    0.8209    0.0156
   -0.6998   -0.4963    0.5137
...    14 A-T ...
  -13.5897  -19.7827   33.4259
   -0.1504    0.6104    0.7777
   -0.6874    0.5008   -0.5260
   -0.7106   -0.6136    0.3443
...    15 A-T ...
  -15.8068  -21.8077   34.6486
   -0.4883    0.8069    0.3323
   -0.4889    0.0625   -0.8701
   -0.7229   -0.5873    0.3640
...    16 T-A ...
  -17.8940  -23.6670   36.5669
   -0.6998    0.6942   -0.1685
   -0.1483   -0.3719   -0.9164
   -0.6988   -0.6162    0.3632
...    17 T-A ...
  -20.1457  -25.4728   38.1389
   -0.6830    0.3221   -0.6555
    0.2911   -0.7031   -0.6488
   -0.6699   -0.6339    0.3865
...    18 T-A ...
  -22.4191  -27.3043   39.5370
   -0.4029   -0.1157   -0.9079
    0.6188   -0.7653   -0.1771
   -0.6744   -0.6332    0.3799
...    19 A-T ...
  -24.5430  -29.5744   40.7101
    0.0523   -0.4824   -0.8744
    0.7296   -0.5794    0.3633
   -0.6819   -0.6569    0.3216
...    20 T-A ...
  -27.2586  -31.3471   41.4180
    0.4029   -0.7211   -0.5636
    0.6083   -0.2492    0.7536
   -0.6838   -0.6465    0.3383
...    21 T-A ...
  -29.6520  -33.4229   42.2458
    0.6727   -0.7383   -0.0478
    0.2780    0.1924    0.9411
   -0.6857   -0.6464    0.3347
...    22 C-G ...
  -31.8681  -35.5949   43.2924
    0.7356   -0.4727    0.4852
   -0.1642    0.5705    0.8047
   -0.6572   -0.6716    0.3421
...    23 G-C ...
  -34.0612  -37.5021   44.9960
    0.6140    0.0181    0.7891
   -0.5640    0.7095    0.4225
   -0.5523   -0.7044    0.4458
...    24 C-G ...
  -35.5878  -40.0467   46.3525
    0.2661    0.4245    0.8654
   -0.7985    0.6000   -0.0488
   -0.5400   -0.6781    0.4987
...    25 A-T ...
  -37.5852  -42.1059   47.9307
   -0.1614    0.7417    0.6510
   -0.8200    0.2663   -0.5066
   -0.5491   -0.6156    0.5652
...    26 A-T ...
  -39.2287  -44.0692   49.9775
   -0.5799    0.7733    0.2565
   -0.5987   -0.1909   -0.7778
   -0.5525   -0.6047    0.5737
...    27 A-T ...
  -40.7961  -45.8891   52.1665
   -0.8195    0.5282   -0.2224
   -0.1654   -0.5895   -0.7907
   -0.5487   -0.6112    0.5704
...    28 G-C ...
  -42.7379  -47.4960   54.3946
   -0.7490    0.1876   -0.6354
    0.2640   -0.7951   -0.5460
   -0.6077   -0.5767    0.5460
...    29 G-C ...
  -45.1275  -49.1140   56.2715
   -0.4278   -0.2272   -0.8749
    0.6162   -0.7814   -0.0984
   -0.6613   -0.5812    0.4743
...    30 C-G ...
  -47.6324  -50.7333   57.5927
    0.0061   -0.5755   -0.8178
    0.7305   -0.5559    0.3967
   -0.6829   -0.5998    0.4170
...    31 C-G ...
  -50.1516  -52.5405   58.8490
    0.4514   -0.7385   -0.5008
    0.5938   -0.1703    0.7864
   -0.6660   -0.6524    0.3617
...    32 G-C ...
  -51.8954  -54.7171   60.0778
    0.7449   -0.6627   -0.0772
    0.2630    0.1854    0.9468
   -0.6131   -0.7256    0.3124
...    33 G-C ...
  -53.5533  -57.5565   60.8667
    0.7955   -0.4220    0.4349
   -0.2096    0.4817    0.8509
   -0.5685   -0.7680    0.2947
...    34 C-G ...
  -55.1584  -60.3010   61.6122
    0.5737   -0.0663    0.8164
   -0.6147    0.6239    0.4827
   -0.5413   -0.7787    0.3171
...    35 C-G ...
  -56.5695  -63.1368   62.8492
    0.1688    0.3226    0.9314
   -0.8345    0.5496   -0.0391
   -0.5245   -0.7706    0.3620
...    36 C-G ...
  -58.0284  -65.8346   64.2173
   -0.2736    0.6064    0.7466
   -0.8022    0.2844   -0.5249
   -0.5306   -0.7426    0.4087
...    37 G-C ...
  -60.1744  -68.2774   64.9215
   -0.6019    0.7352    0.3117
   -0.5252   -0.0705   -0.8481
   -0.6015   -0.6741    0.4286
...    38 A-T ...
  -61.9261  -70.5055   66.2686
   -0.7797    0.5802   -0.2356
   -0.0714   -0.4562   -0.8870
   -0.6221   -0.6747    0.3971
...    39 C-G ...
  -64.1146  -72.2346   67.8107
   -0.6650    0.3206   -0.6745
    0.3184   -0.6952   -0.6444
   -0.6755   -0.6434    0.3602
...    40 A-T ...
  -66.5438  -74.2021   68.9267
   -0.3022   -0.0178   -0.9531
    0.5937   -0.7857   -0.1736
   -0.7457   -0.6184    0.2480
...    41 C-G ...
  -69.3375  -75.8503   69.3752
    0.0775   -0.3668   -0.9271
    0.6440   -0.6914    0.3274
   -0.7611   -0.6224    0.1826
...    42 G-C ...
  -71.5528  -78.2430   69.9989
    0.4762   -0.6541   -0.5877
    0.4283   -0.4112    0.8047
   -0.7680   -0.6349    0.0843
...    43 A-T ...
  -74.0042  -80.2438   70.1954
    0.6304   -0.7762   -0.0090
    0.0690    0.0445    0.9966
   -0.7732   -0.6289    0.0816
...    44 C-G ...
  -76.4067  -82.5103   69.8096
    0.5890   -0.6266    0.5104
   -0.2834    0.4313    0.8566
   -0.7568   -0.6491    0.0764
...    45 T-A ...
  -78.6809  -85.3629   69.6217
    0.3300   -0.3017    0.8945
   -0.5487    0.7097    0.4418
   -0.7681   -0.6366    0.0687
...    46 T-A ...
  -80.8987  -87.7654   69.5626
   -0.0196    0.0718    0.9972
   -0.6140    0.7863   -0.0687
   -0.7890   -0.6137    0.0286
...    47 A-T ...
  -83.4475  -89.8665   69.7812
   -0.2791    0.5450    0.7906
   -0.5032    0.6183   -0.6038
   -0.8179   -0.5663    0.1017
...    48 C-G ...
  -85.7765  -92.0379   70.5865
   -0.4540    0.8133    0.3641
   -0.2843    0.2550   -0.9242
   -0.8444   -0.5231    0.1155
...    49 T-A ...
  -88.5332  -93.7049   71.4774
   -0.4481    0.8782   -0.1675
   -0.0395   -0.2067   -0.9776
   -0.8931   -0.4314    0.1273
...    50 G-C ...
  -91.7690  -94.7323   71.8936
   -0.2201    0.7066   -0.6725
    0.1575   -0.6546   -0.7394
   -0.9627   -0.2686    0.0328
...    51 T-A ...
  -94.9124  -95.0747   72.2763
   -0.0330    0.3506   -0.9359
    0.2149   -0.9120   -0.3492
   -0.9761   -0.2127   -0.0453
...    52 A-T ...
  -98.1933  -95.0071   71.7119
    0.2681   -0.1147   -0.9565
    0.1127   -0.9823    0.1494
   -0.9568   -0.1479   -0.2504
...    53 G-C ...
 -101.2481  -95.0503   70.7135
    0.3597   -0.5648   -0.7427
   -0.0911   -0.8135    0.5744
   -0.9286   -0.1389   -0.3441
...    54 G-C ...
 -104.3032  -95.0545   68.6821
    0.2940   -0.9053   -0.3065
   -0.3122   -0.3940    0.8645
   -0.9034   -0.1585   -0.3985
...    55 T-A ...
 -107.0197  -95.6298   66.8770
    0.0618   -0.9830    0.1728
   -0.4330    0.1296    0.8920
   -0.8993   -0.1299   -0.4176
...    56 A-T ...
 -109.8599  -96.2039   65.1519
   -0.2289   -0.7172    0.6582
   -0.3831    0.6880    0.6164
   -0.8949   -0.1111   -0.4323
...    57 T-A ...
 -112.4876  -97.1381   63.3523
   -0.4324   -0.2712    0.8599
   -0.1851    0.9601    0.2097
   -0.8825   -0.0685   -0.4654
...    58 C-G ...
 -115.4611  -97.6734   61.8736
   -0.4563    0.3692    0.8096
    0.1514    0.9288   -0.3383
   -0.8769   -0.0318   -0.4797
...    59 T-A ...
 -118.5241  -97.9002   60.5692
   -0.2385    0.7903    0.5645
    0.3712    0.6113   -0.6990
   -0.8974    0.0428   -0.4391
...    60 C-G ...
 -121.6165  -97.7664   59.2472
    0.0836    0.9882    0.1287
    0.4396    0.0793   -0.8947
   -0.8943    0.1313   -0.4278
...    61 G-C ...
 -124.3184  -96.9067   57.5532
    0.5387    0.8293   -0.1485
    0.3049   -0.3562   -0.8833
   -0.7854    0.4305   -0.4447
...    62 A-T ...
 -126.8549  -95.3089   56.1262
    0.6926    0.4604   -0.5553
   -0.0529   -0.7354   -0.6756
   -0.7194    0.4973   -0.4850
...    63 G-C ...
 -128.8348  -93.0729   54.5947
    0.6348   -0.0433   -0.7715
   -0.4548   -0.8281   -0.3278
   -0.6246    0.5590   -0.5453
...    64 T-A ...
 -130.2962  -90.7499   52.7796
    0.3340   -0.4945   -0.8025
   -0.7400   -0.6649    0.1017
   -0.5839    0.5598   -0.5880
...    65 C-G ...
 -131.8354  -89.0307   50.4960
   -0.1424   -0.7862   -0.6013
   -0.8303   -0.2358    0.5049
   -0.5388    0.5712   -0.6193
...    66 A-T ...
 -133.4593  -86.9618   48.4019
   -0.5393   -0.8201   -0.1913
   -0.6551    0.2658    0.7072
   -0.5291    0.5067   -0.6806
...    67 T-A ...
 -134.8983  -85.5498   45.8114
   -0.8054   -0.5624    0.1872
   -0.2848    0.6442    0.7099
   -0.5198    0.5184   -0.6790
...    68 G-C ...
 -136.5227  -83.8633   43.3278
   -0.8103   -0.0632    0.5826
    0.2894    0.8214    0.4916
   -0.5095    0.5669   -0.6473
...    69 T-A ...
 -138.4278  -82.4807   40.9255
   -0.5290    0.3909    0.7532
    0.7021    0.7002    0.1298
   -0.4767    0.5975   -0.6449
...    70 T-A ...
 -140.0900  -80.6500   38.9641
   -0.0273    0.6653    0.7460
    0.8884    0.3583   -0.2870
   -0.4582    0.6550   -0.6009
...    71 A-T ...
 -141.4126  -78.3180   37.1125
    0.5027    0.6323    0.5896
    0.7748   -0.0270   -0.6316
   -0.3834    0.7743   -0.5034
...    72 T-A ...
 -143.0194  -75.7118   36.1245
    0.8346    0.5033    0.2239
    0.4252   -0.3303   -0.8426
   -0.3502    0.7985   -0.4897
...    73 A-T ...
 -143.8529  -72.9873   34.5793
    0.9834    0.1218   -0.1345
   -0.0615   -0.4738   -0.8785
   -0.1707    0.8722   -0.4585
...    74 A-T ...
 -144.1341  -70.1214   33.3322
    0.8094   -0.2164   -0.5459
   -0.5827   -0.4116   -0.7008
   -0.0730    0.8853   -0.4592
...    75 C-G ...
 -143.5972  -66.9550   32.1078
    0.3626   -0.4112   -0.8363
   -0.9311   -0.1973   -0.3066
   -0.0389    0.8899   -0.4544
...    76 G-C ...
 -143.8478  -64.2217   30.2974
   -0.2668   -0.4566   -0.8487
   -0.9624    0.1721    0.2100
    0.0502    0.8729   -0.4853
...    77 G-C ...
 -143.6074  -61.5058   28.4335
   -0.7411   -0.3431   -0.5771
   -0.6704    0.4246    0.6085
    0.0363    0.8379   -0.5447
...    78 A-T ...
 -143.4277  -58.8852   26.5169
   -0.9947   -0.0383   -0.0951
   -0.1007    0.5412    0.8348
    0.0195    0.8400   -0.5423
...    79 C-G ...
 -143.4938  -56.4752   24.2258
   -0.8946    0.2426    0.3752
    0.4467    0.4722    0.7599
    0.0072    0.8475   -0.5308
...    80 T-A ...
 -143.6458  -53.7860   22.2001
   -0.5076    0.3873    0.7696
    0.8615    0.2358    0.4496
   -0.0074    0.8913   -0.4534
...    81 C-G ...
 -143.7082  -50.8076   20.5596
    0.0793    0.4000    0.9131
    0.9964   -0.0585   -0.0610
    0.0290    0.9146   -0.4032
...    82 G-C ...
 -143.0344  -47.8619   19.4004
    0.5834    0.1965    0.7880
    0.8074   -0.2455   -0.5366
    0.0880    0.9493   -0.3019
...    83 G-C ...
 -142.7513  -44.6437   18.6484
    0.9122   -0.0727    0.4032
    0.3630   -0.3132   -0.8776
    0.1901    0.9469   -0.2593
...    84 G-C ...
 -141.8027  -41.4304   18.2492
    0.9326   -0.3480   -0.0955
   -0.1612   -0.1650   -0.9730
    0.3229    0.9229   -0.2100
...    85 A-T ...
 -140.5484  -38.4122   17.7911
    0.6510   -0.4087   -0.6397
   -0.6631    0.1039   -0.7412
    0.3694    0.9068   -0.2034
...    86 T-A ...
 -138.7890  -35.6371   17.4450
    0.2061   -0.3094   -0.9283
   -0.8965    0.3206   -0.3059
    0.3922    0.8953   -0.2113
...    87 C-G ...
 -137.1760  -32.7918   16.6569
   -0.3714   -0.0369   -0.9277
   -0.8329    0.4547    0.3153
    0.4102    0.8899   -0.1996
...    88 C-G ...
 -135.7607  -29.9492   15.7358
   -0.7797    0.1596   -0.6055
   -0.4979    0.4285    0.7540
    0.3797    0.8894   -0.2546
...    89 G-C ...
 -134.7142  -26.8585   15.3266
   -0.9454    0.3228   -0.0455
    0.0434    0.2628    0.9639
    0.3231    0.9092   -0.2625
...    90 C-G ...
 -133.6266  -23.8531   13.9847
   -0.7532    0.3982    0.5236
    0.5717    0.0025    0.8205
    0.3254    0.9173   -0.2295
...    91 T-A ...
 -132.8141  -20.6890   12.9217
   -0.3116    0.2879    0.9055
    0.8970   -0.2253    0.3803
    0.3135    0.9308   -0.1880
...    92 T-A ...
 -132.1549  -17.5677   12.3446
    0.2461    0.0942    0.9647
    0.9106   -0.3635   -0.1968
    0.3321    0.9268   -0.1752
...    93 T-A ...
 -131.1477  -14.5305   11.9209
    0.6850   -0.1867    0.7042
    0.6250   -0.3462   -0.6997
    0.3744    0.9194   -0.1204
...    94 A-T ...
 -129.5979  -11.5427   11.7177
    0.8344   -0.5107    0.2072
    0.1631   -0.1303   -0.9780
    0.5264    0.8498   -0.0254
...    95 A-T ...
 -127.8097   -8.9541   11.8942
    0.7551   -0.5554   -0.3484
   -0.2880    0.1964   -0.9373
    0.5890    0.8081   -0.0117
...    96 C-G ...
 -125.4862   -6.5962   12.4043
    0.4862   -0.3776   -0.7880
   -0.6261    0.4786   -0.6156
    0.6096    0.7927   -0.0037
...    97 A-T ...
 -123.2647   -4.0824   12.2118
   -0.0044   -0.0880   -0.9961
   -0.7662    0.6403   -0.0532
    0.6425    0.7630   -0.0702
...    98 C-G ...
 -120.6251   -2.0035   11.7193
   -0.4129    0.2577   -0.8736
   -0.6377    0.6030    0.4793
    0.6502    0.7550   -0.0846
...    99 T-A ...
 -117.9695    0.3202   10.8078
   -0.6975    0.5564   -0.4516
   -0.2928    0.3540    0.8882
    0.6541    0.7517   -0.0840
...   100 T-A ...
 -115.7786    2.6580   10.1661
   -0.6985    0.6992    0.1524
    0.1643   -0.0505    0.9851
    0.6965    0.7131   -0.0796
...   101 T-A ...
 -113.5464    4.9869    9.6131
   -0.4580    0.5599    0.6905
    0.5231   -0.4584    0.7185
    0.7188    0.6903   -0.0829
...   102 A-T ...
 -110.9064    7.0961    9.5385
   -0.0695    0.1430    0.9873
    0.6786   -0.7187    0.1519
    0.7313    0.6805   -0.0471
...   103 T-A ...
 -109.0588    9.7515    9.6099
    0.2184   -0.2505    0.9432
    0.6293   -0.7025   -0.3323
    0.7458    0.6661    0.0042
...   104 G-C ...
 -106.6399   12.0291    9.9430
    0.4723   -0.6918    0.5462
    0.3994   -0.3844   -0.8323
    0.7858    0.6112    0.0948
...   105 C-G ...
 -104.0073   13.7716   10.7725
    0.5533   -0.8330    0.0048
    0.0846    0.0504   -0.9951
    0.8287    0.5510    0.0984
...   106 T-A ...
 -100.9505   15.2371   11.5284
    0.4784   -0.6748   -0.5619
   -0.1948    0.5424   -0.8172
    0.8563    0.5004    0.1280
...   107 T-A ...
  -98.0892   16.5892   12.0438
    0.2466   -0.2807   -0.9276
   -0.3962    0.8443   -0.3608
    0.8844    0.4565    0.0969
...   108 C-G ...
  -95.0116   17.8677   12.2281
   -0.0520    0.2546   -0.9656
   -0.4437    0.8604    0.2507
    0.8947    0.4415    0.0683
...   109 C-G ...
  -92.0038   19.2135   12.2644
   -0.3552    0.6307   -0.6900
   -0.3269    0.6077    0.7238
    0.8758    0.4826   -0.0096
...   110 G-C ...
  -89.4436   20.9165   12.4661
   -0.5415    0.8134   -0.2127
   -0.0719    0.2073    0.9756
    0.8376    0.5436   -0.0538
...   111 G-C ...
  -86.8510   23.0284   12.0494
   -0.5300    0.7617    0.3727
    0.2610   -0.2716    0.9263
    0.8068    0.5883   -0.0548
...   112 C-G ...
  -84.4686   25.3253   11.5228
   -0.3265    0.4617    0.8247
    0.5108   -0.6480    0.5650
    0.7953    0.6058   -0.0243
...   113 T-A ...
  -81.9652   27.4984   11.4193
   -0.0389    0.0254    0.9989
    0.6094   -0.7917    0.0438
    0.7919    0.6104    0.0153
...   114 C-G ...
  -79.2924   29.4838   11.5606
    0.2942   -0.4635    0.8358
    0.5274   -0.6506   -0.5465
    0.7970    0.6016    0.0531
...   115 G-C ...
  -76.4016   31.1376   11.4153
    0.4698   -0.8079    0.3558
    0.2628   -0.2568   -0.9300
    0.8428    0.5304    0.0917
...   116 T-A ...
  -73.5818   32.5700   12.4481
    0.4869   -0.8501   -0.2005
   -0.0226    0.2172   -0.9759
    0.8732    0.4796    0.0866
...   117 A-T ...
  -70.4339   33.7513   13.1977
    0.2969   -0.6227   -0.7239
   -0.2569    0.6781   -0.6886
    0.9197    0.3904    0.0414
...   118 T-A ...
  -67.2795   34.3888   13.6891
    0.1276   -0.1966   -0.9721
   -0.3657    0.9018   -0.2304
    0.9220    0.3849    0.0432
...   119 A-T ...
  -64.2392   35.8280   13.8039
   -0.1487    0.3660   -0.9187
   -0.3404    0.8533    0.3951
    0.9285    0.3714   -0.0023
...   120 A-T ...
  -61.1483   36.7771   13.5541
   -0.3292    0.7793   -0.5332
   -0.1824    0.5015    0.8457
    0.9265    0.3757   -0.0229
...   121 T-A ...
  -58.0542   37.8008   12.8109
   -0.3651    0.9309   -0.0129
    0.0220    0.0225    0.9995
    0.9307    0.3646   -0.0287
...   122 G-C ...
  -54.9162   39.1417   12.5673
   -0.3270    0.7387    0.5894
    0.2450   -0.5361    0.8078
    0.9127    0.4086   -0.0056
...   123 T-A ...
  -52.1111   40.8374   12.2554
   -0.1577    0.3624    0.9186
    0.3768   -0.8378    0.3952
    0.9128    0.4084   -0.0044
...   124 G-C ...
  -49.0827   42.2657   12.2964
    0.0403   -0.2192    0.9749
    0.4187   -0.8822   -0.2156
    0.9072    0.4169    0.0562
...   125 T-A ...
  -46.3984   44.0071   12.6869
    0.2155   -0.6630    0.7170
    0.3362   -0.6389   -0.6919
    0.9168    0.3902    0.0852
...   126 C-G ...
  -43.4891   45.2352   13.0453
    0.3713   -0.9122    0.1731
    0.1484   -0.1257   -0.9809
    0.9166    0.3899    0.0887
...   127 G-C ...
  -40.3712   46.3259   12.8348
    0.2210   -0.9060   -0.3609
   -0.0383    0.3617   -0.9315
    0.9745    0.2197    0.0452
...   128 A-T ...
  -37.3142   47.0928   13.0776
    0.1407   -0.5304   -0.8360
   -0.1778    0.8171   -0.5483
    0.9740    0.2258    0.0207
...   129 C-G ...
  -34.0361   47.0764   13.4392
   -0.0252   -0.0326   -0.9992
   -0.2085    0.9777   -0.0267
    0.9777    0.2077   -0.0314
...   130 C-G ...
  -30.6798   47.2922   12.8092
   -0.2452    0.4517   -0.8578
   -0.1143    0.8652    0.4883
    0.9627    0.2178   -0.1605
...   131 A-T ...
  -27.5958   48.6184   12.5037
   -0.3709    0.8334   -0.4097
    0.0867    0.4703    0.8782
    0.9246    0.2902   -0.2466
...   132 A-T ...
  -24.6477   49.6296   11.4687
   -0.2508    0.9534    0.1678
    0.3001   -0.0882    0.9498
    0.9203    0.2885   -0.2640
...   133 A-T ...
  -21.7852   50.6508   10.2283
    0.0273    0.7294    0.6836
    0.3797   -0.6401    0.6678
    0.9247    0.2413   -0.2945
...   134 T-A ...
  -19.0160   52.0245    8.9250
    0.2452    0.2905    0.9249
    0.3073   -0.9281    0.2101
    0.9195    0.2328   -0.3169
...   135 G-C ...
  -16.4638   53.8825    7.5153
    0.5339   -0.3333    0.7771
    0.0346   -0.9097   -0.4139
    0.8449    0.2479   -0.4741
...   136 T-A ...
  -14.1749   56.5548    6.1808
    0.5795   -0.7269    0.3685
   -0.3141   -0.6164   -0.7221
    0.7521    0.3026   -0.5855
...   137 G-C ...
  -11.6538   57.9993    4.7204
    0.2452   -0.9542   -0.1714
   -0.6323   -0.0234   -0.7744
    0.7349    0.2983   -0.6091
...   138 A-T ...
   -8.6759   58.7134    3.6024
   -0.0345   -0.7815   -0.6229
   -0.6536    0.4891   -0.5775
    0.7560    0.3872   -0.5277
...   139 G-C ...
   -6.3275   59.0728    1.6296
   -0.2969   -0.3279   -0.8968
   -0.5657    0.8171   -0.1114
    0.7693    0.4742   -0.4281
...   140 C-G ...
   -3.4369   60.2280    1.0287
   -0.4426    0.2287   -0.8671
   -0.1681    0.9286    0.3308
    0.8808    0.2922   -0.3725
...   141 G-C ...
   -0.6977   63.8912   -2.2510
   -0.9992    0.0157   -0.0376
   -0.0024    0.8991    0.4378
    0.0407    0.4375   -0.8983
...   142 C-G ...
   -1.0065   65.5989   -4.9401
   -0.8337    0.5216    0.1813
    0.5170    0.6219    0.5881
    0.1940    0.5841   -0.7882
...   143 T-A ...
   -0.1333   66.2085   -7.8196
   -0.3753    0.8566    0.3540
    0.8856    0.2187    0.4098
    0.2736    0.4673   -0.8407
...   144 C-G ...
   -0.1666   67.4021  -10.8067
    0.1797    0.8793    0.4411
    0.9277   -0.3007    0.2214
    0.3273    0.3694   -0.8697
...   145 A-T ...
    0.5266   69.2313  -13.4659
    0.7352    0.4964    0.4616
    0.6118   -0.7791   -0.1367
    0.2918    0.3829   -0.8765
...   146 C-G ...
    1.4338   72.0893  -15.6019
    0.9809    0.0621    0.1844
    0.1264   -0.9240   -0.3608
    0.1480    0.3772   -0.9142
...   147 A-T ...
    2.3047   74.2223  -18.3863
    0.8657   -0.4292   -0.2575
   -0.4984   -0.7868   -0.3642
   -0.0463    0.4436   -0.8950
