  147 base-pairs
...     1 A-T ...
    0.0000    0.0000    0.0000
    1.0000    0.0000    0.0000
    0.0000    1.0000    0.0000
    0.0000    0.0000    1.0000
...     2 G-C ...
   -0.1394   -1.2357    3.2268
    0.7529    0.6366    0.1670
   -0.6386    0.7680   -0.0486
   -0.1592   -0.0700    0.9848
...     3 T-A ...
   -0.0365   -3.2932    6.3751
    0.2722    0.9301    0.2466
   -0.9238    0.3243   -0.2033
   -0.2691   -0.1725    0.9475
...     4 G-C ...
   -0.3505   -4.1660    9.4928
   -0.3756    0.9250    0.0579
   -0.8781   -0.3352   -0.3415
   -0.2965   -0.1791    0.9381
...     5 A-T ...
   -0.4462   -4.1476   12.7498
   -0.8116    0.5840   -0.0165
   -0.5523   -0.7762   -0.3042
   -0.1905   -0.2378    0.9524
...     6 G-C ...
   -1.5908   -4.1730   15.6201
   -0.9976    0.0246   -0.0651
   -0.0043   -0.9555   -0.2950
   -0.0695   -0.2940    0.9533
...     7 C-G ...
   -1.1030   -4.4824   18.7362
   -0.8441   -0.5304   -0.0787
    0.5345   -0.8441   -0.0432
   -0.0435   -0.0785    0.9960
...     8 G-C ...
   -2.4028   -7.7290   23.1475
   -0.2754   -0.3293   -0.9032
    0.6650   -0.7437    0.0684
   -0.6942   -0.5818    0.4238
...     9 C-G ...
   -4.4690   -9.9728   24.1132
    0.1145   -0.7025   -0.7024
    0.8512   -0.2952    0.4340
   -0.5122   -0.6476    0.5642
...    10 T-A ...
   -6.7405  -10.8752   25.9697
    0.4841   -0.8363   -0.2574
    0.6595    0.1553    0.7355
   -0.5751   -0.5258    0.6267
...    11 C-G ...
   -9.1656  -12.6208   27.1640
    0.7073   -0.6682    0.2307
    0.3448    0.6110    0.7126
   -0.6171   -0.4245    0.6626
...    12 A-T ...
  -10.9234  -14.6633   29.0693
    0.7515   -0.1377    0.6452
   -0.2029    0.8824    0.4246
   -0.6277   -0.4500    0.6352
...    13 C-G ...
  -11.8476  -17.4863   31.2451
    0.4295    0.2823    0.8578
   -0.5708    0.8209    0.0156
   -0.6998   -0.4963    0.5137
...    14 A-T ...
  -13.5897  -19.7827   33.4259
   -0.1504    0.6104    0.7777
   -0.6874    0.5008   -0.5260
   -0.7106   -0.6136    0.3443
...    15 A-T ...
  -15.8165  -21.8037   34.6280
   -0.4814    0.8111    0.3322
   -0.4879    0.0669   -0.8703
   -0.7282   -0.5811    0.3635
...    16 T-A ...
  -17.9225  -23.6358   36.5427
   -0.6904    0.7034   -0.1691
   -0.1522   -0.3698   -0.9166
   -0.7072   -0.6071    0.3624
...    17 T-A ...
  -20.2078  -25.4062   38.1087
   -0.6750    0.3354   -0.6572
    0.2796   -0.7080   -0.6485
   -0.6827   -0.6215    0.3841
...    18 T-A ...
  -22.5242  -27.1950   39.4755
   -0.3987   -0.0997   -0.9117
    0.6002   -0.7800   -0.1772
   -0.6934   -0.6178    0.3708
...    19 A-T ...
  -24.7420  -29.3930   40.5990
    0.0457   -0.4748   -0.8789
    0.7067   -0.6065    0.3644
   -0.7061   -0.6377    0.3078
...    20 T-A ...
  -27.5271  -31.0750   41.2649
    0.3822   -0.7306   -0.5659
    0.5906   -0.2778    0.7576
   -0.7107   -0.6237    0.3253
...    21 T-A ...
  -30.0099  -33.0614   42.0452
    0.6406   -0.7668   -0.0412
    0.2718    0.1762    0.9461
   -0.7182   -0.6172    0.3213
...    22 C-G ...
  -32.3465  -35.1279   43.0443
    0.7035   -0.5086    0.4964
   -0.1511    0.5755    0.8037
   -0.6945   -0.6404    0.3280
...    23 G-C ...
  -34.6947  -36.8955   44.6752
    0.5983   -0.0161    0.8011
   -0.5315    0.7402    0.4118
   -0.5996   -0.6722    0.4343
...    24 C-G ...
  -36.3952  -39.3477   45.9905
    0.2732    0.4092    0.8706
   -0.7609    0.6457   -0.0646
   -0.5886   -0.6448    0.4877
...    25 A-T ...
  -38.5352  -41.2945   47.5071
   -0.1246    0.7520    0.6473
   -0.7908    0.3187   -0.5225
   -0.5992   -0.5770    0.5549
...    26 A-T ...
  -40.3468  -43.1366   49.5193
   -0.5275    0.8136    0.2444
   -0.5967   -0.1501   -0.7883
   -0.6047   -0.5617    0.5647
...    27 A-T ...
  -42.0833  -44.8201   51.6859
   -0.7713    0.5900   -0.2389
   -0.1969   -0.5781   -0.7919
   -0.6053   -0.5637    0.5620
...    28 G-C ...
  -44.1896  -46.2440   53.8859
   -0.7182    0.2483   -0.6500
    0.2061   -0.8164   -0.5395
   -0.6646   -0.5215    0.5352
...    29 G-C ...
  -46.7665  -47.6209   55.7084
   -0.4284   -0.1880   -0.8838
    0.5449   -0.8340   -0.0867
   -0.7208   -0.5187    0.4598
...    30 C-G ...
  -49.4479  -49.0002   56.9526
   -0.0302   -0.5725   -0.8193
    0.6660   -0.6228    0.4106
   -0.7453   -0.5333    0.4001
...    31 C-G ...
  -52.1597  -50.5611   58.1343
    0.3896   -0.7776   -0.4936
    0.5560   -0.2287    0.7991
   -0.7342   -0.5857    0.3432
...    32 G-C ...
  -54.1351  -52.5562   59.3036
    0.6767   -0.7336   -0.0632
    0.2570    0.1548    0.9539
   -0.6900   -0.6617    0.2933
...    33 G-C ...
  -56.0866  -55.2174   60.0349
    0.7367   -0.5031    0.4519
   -0.1814    0.4967    0.8488
   -0.6514   -0.7073    0.2746
...    34 C-G ...
  -57.9932  -57.7751   60.7185
    0.5414   -0.1303    0.8306
   -0.5590    0.6821    0.4714
   -0.6280   -0.7195    0.2965
...    35 C-G ...
  -59.7349  -60.4442   61.8880
    0.1751    0.2967    0.9388
   -0.7697    0.6358   -0.0574
   -0.6139   -0.7125    0.3397
...    36 C-G ...
  -61.5149  -62.9751   63.1805
   -0.2273    0.6267    0.7454
   -0.7504    0.3751   -0.5442
   -0.6206   -0.6831    0.3850
...    37 G-C ...
  -63.9290  -65.1729   63.7969
   -0.5244    0.7954    0.3038
   -0.5045   -0.0028   -0.8634
   -0.6859   -0.6061    0.4028
...    38 A-T ...
  -65.9554  -67.2023   65.0614
   -0.7011    0.6681   -0.2492
   -0.0964   -0.4350   -0.8952
   -0.7065   -0.6037    0.3694
...    39 C-G ...
  -68.3770  -68.6792   66.5075
   -0.6025    0.4045   -0.6880
    0.2554   -0.7190   -0.6464
   -0.7561   -0.5652    0.3299
...    40 A-T ...
  -71.0560  -70.3477   67.5225
   -0.2721    0.0356   -0.9616
    0.5013   -0.8477   -0.1733
   -0.8214   -0.5292    0.2128
...    41 C-G ...
  -74.0357  -71.6541   67.8482
    0.0635   -0.3537   -0.9332
    0.5463   -0.7702    0.3292
   -0.8352   -0.5307    0.1443
...    42 G-C ...
  -76.5410  -73.7714   68.3363
    0.4147   -0.6914   -0.5916
    0.3489   -0.4796    0.8052
   -0.8404   -0.5403    0.0424
...    43 A-T ...
  -79.2166  -75.4673   68.3976
    0.5341   -0.8453   -0.0133
    0.0400    0.0095    0.9992
   -0.8445   -0.5341    0.0389
...    44 C-G ...
  -81.8609  -77.4081   67.8636
    0.4940   -0.7057    0.5079
   -0.2597    0.4377    0.8608
   -0.8298   -0.5571    0.0330
...    45 T-A ...
  -84.4433  -79.9652   67.5134
    0.2615   -0.3647    0.8936
   -0.4773    0.7559    0.4482
   -0.8389   -0.5437    0.0236
...    46 T-A ...
  -86.9205  -82.0885   67.2967
   -0.0458    0.0418    0.9981
   -0.5165    0.8542   -0.0595
   -0.8550   -0.5183   -0.0175
...    47 A-T ...
  -89.7181  -83.8525   67.3411
   -0.2490    0.5481    0.7985
   -0.4052    0.6899   -0.5999
   -0.8797   -0.4729    0.0503
...    48 C-G ...
  -92.3134  -85.7606   67.9855
   -0.3773    0.8465    0.3757
   -0.2150    0.3145   -0.9246
   -0.9008   -0.4296    0.0633
...    49 T-A ...
  -95.2752  -87.1306   68.7046
   -0.3429    0.9269   -0.1526
   -0.0184   -0.1691   -0.9854
   -0.9392   -0.3351    0.0751
...    50 G-C ...
  -98.6151  -87.8072   68.9467
   -0.1160    0.7479   -0.6536
    0.1224   -0.6423   -0.7567
   -0.9857   -0.1678   -0.0170
...    51 T-A ...
 -101.7916  -87.8280   69.1839
    0.0449    0.3851   -0.9218
    0.1379   -0.9163   -0.3760
   -0.9894   -0.1102   -0.0943
...    52 A-T ...
 -105.0203  -87.3090   68.4756
    0.3103   -0.0951   -0.9459
    0.0107   -0.9946    0.1035
   -0.9506   -0.0422   -0.3076
...    53 G-C ...
 -108.0049  -86.9869   67.3266
    0.3525   -0.5572   -0.7518
   -0.1964   -0.8296    0.5227
   -0.9150   -0.0366   -0.4019
...    54 G-C ...
 -110.9206  -86.5930   65.1280
    0.2382   -0.9095   -0.3407
   -0.3952   -0.4113    0.8214
   -0.8871   -0.0610   -0.4574
...    55 T-A ...
 -113.5502  -86.8424   63.1431
   -0.0209   -0.9926    0.1198
   -0.4768    0.1152    0.8714
   -0.8788   -0.0389   -0.4757
...    56 A-T ...
 -116.2979  -87.1352   61.2051
   -0.3091   -0.7358    0.6026
   -0.3778    0.6765    0.6322
   -0.8728   -0.0322   -0.4871
...    57 T-A ...
 -118.8587  -87.8053   59.2071
   -0.4943   -0.2923    0.8187
   -0.1460    0.9563    0.2533
   -0.8569    0.0057   -0.5154
...    58 C-G ...
 -121.7666  -88.0950   57.5423
   -0.4829    0.3489    0.8031
    0.2150    0.9363   -0.2775
   -0.8488    0.0387   -0.5272
...    59 T-A ...
 -124.7551  -88.0971   56.0653
   -0.2363    0.7716    0.5906
    0.4374    0.6273   -0.6444
   -0.8677    0.1060   -0.4857
...    60 C-G ...
 -127.7281  -87.7242   54.5649
    0.1121    0.9778    0.1768
    0.4925    0.0999   -0.8645
   -0.8630    0.1840   -0.4704
...    61 G-C ...
 -130.2805  -86.7295   52.7404
    0.5582    0.8239   -0.0979
    0.3461   -0.3385   -0.8750
   -0.7540    0.4545   -0.4742
...    62 A-T ...
 -132.7207  -85.1060   51.2061
    0.7251    0.4640   -0.5090
   -0.0233   -0.7221   -0.6914
   -0.6883    0.5131   -0.5128
...    63 G-C ...
 -134.6653  -82.9505   49.5758
    0.6718   -0.0038   -0.7407
   -0.4188   -0.8267   -0.3756
   -0.6109    0.5626   -0.5570
...    64 C-G ...
 -136.2642  -80.6645   47.6253
    0.3350   -0.4956   -0.8013
   -0.7535   -0.6516    0.0880
   -0.5657    0.5743   -0.5917
...    65 T-A ...
 -137.8833  -78.6429   45.6147
   -0.1117   -0.7644   -0.6350
   -0.8428   -0.2656    0.4681
   -0.5265    0.5874   -0.6146
...    66 C-G ...
 -139.8260  -76.9209   43.6293
   -0.5927   -0.7687   -0.2403
   -0.6360    0.2636    0.7252
   -0.4942    0.5827   -0.6452
...    67 G-C ...
 -142.0295  -74.5456   42.2956
   -0.8389   -0.4936    0.2293
   -0.1915    0.6621    0.7246
   -0.5095    0.5639   -0.6499
...    68 G-C ...
 -143.5686  -72.6465   40.0118
   -0.7784   -0.0774    0.6230
    0.3312    0.7923    0.5124
   -0.5333    0.6051   -0.5911
...    69 G-C ...
 -145.4077  -70.7965   37.9210
   -0.4242    0.2892    0.8581
    0.6964    0.7099    0.1051
   -0.5788    0.6422   -0.5026
...    70 A-T ...
 -147.4861  -68.8187   36.2770
    0.0848    0.6156    0.7835
    0.8188    0.4050   -0.4068
   -0.5677    0.6761   -0.4697
...    71 T-A ...
 -149.7835  -66.7326   35.1868
    0.5141    0.7030    0.4914
    0.6613    0.0401   -0.7491
   -0.5463    0.7100   -0.4443
...    72 C-G ...
 -151.5623  -64.2663   33.9773
    0.8339    0.5519    0.0088
    0.2421   -0.3515   -0.9043
   -0.4960    0.7562   -0.4268
...    73 C-G ...
 -153.1571  -61.6719   32.7753
    0.9036    0.1892   -0.3844
   -0.2212   -0.5624   -0.7967
   -0.3669    0.8050   -0.4663
...    74 G-C ...
 -154.2397  -59.2276   30.8364
    0.6970   -0.2587   -0.6687
   -0.6844   -0.5184   -0.5128
   -0.2140    0.8151   -0.5384
...    75 C-G ...
 -154.3430  -56.2937   28.9873
    0.1842   -0.5177   -0.8355
   -0.9675   -0.2455   -0.0612
   -0.1734    0.8196   -0.5461
...    76 T-A ...
 -154.4123  -53.6919   26.6621
   -0.3977   -0.5538   -0.7315
   -0.9119    0.1506    0.3818
   -0.1013    0.8189   -0.5649
...    77 T-A ...
 -154.3813  -51.1287   24.6304
   -0.8625   -0.3004   -0.4072
   -0.5042    0.4425    0.7416
   -0.0426    0.8450   -0.5331
...    78 T-A ...
 -154.2800  -48.5364   22.6239
   -0.9962    0.0584    0.0642
    0.0852    0.5136    0.8538
    0.0169    0.8560   -0.5166
...    79 A-T ...
 -153.7350  -45.4717   21.4369
   -0.7438    0.3979    0.5371
    0.6634    0.3408    0.6662
    0.0820    0.8517   -0.5175
...    80 A-T ...
 -153.7389  -42.7719   19.6388
   -0.2479    0.4894    0.8361
    0.9647    0.0454    0.2595
    0.0890    0.8709   -0.4834
...    81 T-A ...
 -154.1798  -39.9039   18.0524
    0.2552    0.4248    0.8686
    0.9620   -0.2021   -0.1837
    0.0975    0.8824   -0.4602
...    82 C-G ...
 -153.9565  -37.0280   16.5702
    0.7702    0.1472    0.6206
    0.6168   -0.4199   -0.6658
    0.1626    0.8955   -0.4142
...    83 A-T ...
 -153.6065  -33.7644   15.6020
    0.9466   -0.2163    0.2393
    0.1531   -0.3516   -0.9235
    0.2839    0.9108   -0.2997
...    84 T-A ...
 -152.5242  -30.7462   15.1286
    0.8801   -0.4180   -0.2250
   -0.3225   -0.1785   -0.9296
    0.3484    0.8907   -0.2919
...    85 G-C ...
 -150.9958  -27.7876   14.2829
    0.4945   -0.5232   -0.6940
   -0.7533    0.1403   -0.6426
    0.4336    0.8406   -0.3247
...    86 T-A ...
 -148.9806  -25.1970   13.4960
    0.0144   -0.3654   -0.9307
   -0.8936    0.4130   -0.1760
    0.4487    0.8342   -0.3206
...    87 T-A ...
 -147.3158  -22.6336   12.5065
   -0.4792   -0.0395   -0.8768
   -0.7381    0.5588    0.3782
    0.4750    0.8284   -0.2969
...    88 A-T ...
 -145.8247  -19.6399   11.7612
   -0.8230    0.3570   -0.4419
   -0.2712    0.4365    0.8579
    0.4991    0.8258   -0.2624
...    89 T-A ...
 -144.1445  -17.2670   10.2844
   -0.8343    0.5497    0.0422
    0.1705    0.1844    0.9679
    0.5243    0.8147   -0.2476
...    90 A-T ...
 -142.1982  -14.5440    9.7300
   -0.5588    0.5370    0.6319
    0.6435   -0.1998    0.7389
    0.5230    0.8196   -0.2340
...    91 A-T ...
 -140.6743  -11.8696    8.9285
   -0.1291    0.3163    0.9398
    0.8366   -0.4741    0.2745
    0.5324    0.8217   -0.2034
...    92 C-G ...
 -139.4925   -8.7533    8.2981
    0.3235   -0.0165    0.9461
    0.7715   -0.5742   -0.2738
    0.5478    0.8185   -0.1730
...    93 G-C ...
 -137.2863   -6.3829    7.9363
    0.5803   -0.4517    0.6777
    0.5106   -0.4464   -0.7348
    0.6345    0.7724   -0.0283
...    94 G-C ...
 -134.9169   -4.1363    8.3351
    0.6787   -0.7065    0.2005
    0.1876   -0.0972   -0.9774
    0.7100    0.7010    0.0666
...    95 A-T ...
 -132.4155   -2.1020    8.7430
    0.6133   -0.6780   -0.4053
   -0.2069    0.3573   -0.9108
    0.7623    0.6424    0.0788
...    96 C-G ...
 -129.6970   -0.4696    9.2880
    0.3859   -0.4212   -0.8208
   -0.4743    0.6725   -0.5681
    0.7913    0.6085    0.0597
...    97 A-T ...
 -126.9451    1.4447    9.3453
   -0.0120    0.0034   -0.9999
   -0.5904    0.8071    0.0098
    0.8070    0.5905   -0.0076
...    98 C-G ...
 -123.8894    2.8728    9.0266
   -0.3311    0.4186   -0.8457
   -0.4886    0.6907    0.5331
    0.8073    0.5897   -0.0242
...    99 T-A ...
 -120.7987    4.6336    8.3132
   -0.5645    0.7233   -0.3976
   -0.2168    0.3349    0.9170
    0.7964    0.6039   -0.0322
...   100 T-A ...
 -118.1937    6.5370    7.8305
   -0.5562    0.8041    0.2097
    0.1452   -0.1544    0.9773
    0.8182    0.5740   -0.0308
...   101 T-A ...
 -115.5854    8.4657    7.4857
   -0.3688    0.5752    0.7301
    0.4287   -0.5917    0.6827
    0.8248    0.5648   -0.0284
...   102 A-T ...
 -112.6831   10.1744    7.5898
   -0.0729    0.0829    0.9939
    0.5590   -0.8219    0.1096
    0.8260    0.5635    0.0135
...   103 T-A ...
 -110.4715   12.5334    7.8445
    0.1585   -0.3415    0.9264
    0.5318   -0.7610   -0.3716
    0.8319    0.5515    0.0610
...   104 G-C ...
 -107.7704   14.4191    8.3681
    0.3608   -0.7852    0.5033
    0.3611   -0.3800   -0.8516
    0.8599    0.4890    0.1464
...   105 C-G ...
 -104.9436   15.7751    9.3270
    0.4459   -0.8938   -0.0482
    0.1089    0.1077   -0.9882
    0.8884    0.4354    0.1453
...   106 T-A ...
 -101.7659   16.8410   10.2182
    0.4057   -0.6867   -0.6033
   -0.1182    0.6151   -0.7796
    0.9063    0.3875    0.1684
...   107 T-A ...
  -98.7864   17.8417   10.8594
    0.2312   -0.2430   -0.9421
   -0.2999    0.9034   -0.3066
    0.9255    0.3534    0.1359
...   108 C-G ...
  -95.6028   18.7820   11.1778
   -0.0151    0.3177   -0.9481
   -0.3612    0.8824    0.3015
    0.9324    0.3470    0.1015
...   109 C-G ...
  -92.4842   19.8114   11.3840
   -0.2940    0.6964   -0.6547
   -0.2828    0.5909    0.7556
    0.9130    0.4073    0.0232
...   110 G-C ...
  -89.8009   21.3017   11.6760
   -0.4803    0.8599   -0.1731
   -0.0651    0.1619    0.9847
    0.8747    0.4842   -0.0218
...   111 G-C ...
  -87.0888   23.2724   11.3691
   -0.4845    0.7755    0.4048
    0.2369   -0.3292    0.9141
    0.8421    0.5388   -0.0243
...   112 C-G ...
  -84.5965   25.4826   10.9762
   -0.3049    0.4441    0.8425
    0.4707   -0.6988    0.5387
    0.8280    0.5608    0.0040
...   113 T-A ...
  -81.9899   27.5314   10.9690
   -0.0421   -0.0125    0.9990
    0.5696   -0.8218    0.0137
    0.8208    0.5697    0.0417
...   114 C-G ...
  -79.2264   29.3597   11.2230
    0.2707   -0.5080    0.8177
    0.5030   -0.6496   -0.5701
    0.8208    0.5656    0.0797
...   115 G-C ...
  -76.2827   30.9122   11.1538
    0.4431   -0.8351    0.3261
    0.2576   -0.2298   -0.9385
    0.8587    0.4999    0.1133
...   116 T-A ...
  -73.4266   32.2396   12.2226
    0.4650   -0.8548   -0.2303
   -0.0137    0.2532   -0.9673
    0.8852    0.4530    0.1060
...   117 A-T ...
  -70.2669   33.3459   13.0165
    0.2887   -0.5998   -0.7463
   -0.2430    0.7080   -0.6631
    0.9261    0.3727    0.0587
...   118 T-A ...
  -67.1072   33.9191   13.5432
    0.1284   -0.1629   -0.9783
   -0.3524    0.9146   -0.1985
    0.9270    0.3702    0.0600
...   119 A-T ...
  -64.0643   35.3324   13.7127
   -0.1450    0.3927   -0.9082
   -0.3318    0.8454    0.4185
    0.9321    0.3621    0.0077
...   120 A-T ...
  -60.9708   36.2740   13.4819
   -0.3278    0.7931   -0.5134
   -0.1776    0.4820    0.8580
    0.9279    0.3725   -0.0171
...   121 T-A ...
  -57.8816   37.3151   12.7541
   -0.3647    0.9311    0.0084
    0.0257    0.0010    0.9997
    0.9308    0.3648   -0.0243
...   122 G-C ...
  -54.7533   38.6884   12.5171
   -0.3304    0.7263    0.6028
    0.2501   -0.5485    0.7979
    0.9101    0.4144   -0.0004
...   123 T-A ...
  -51.9716   40.4255   12.2383
   -0.1593    0.3475    0.9240
    0.3852   -0.8399    0.3823
    0.9090    0.4169   -0.0001
...   124 G-C ...
  -48.9669   41.9018   12.2962
    0.0437   -0.2306    0.9721
    0.4279   -0.8749   -0.2268
    0.9028    0.4259    0.0604
...   125 T-A ...
  -46.3041   43.6790   12.6982
    0.2242   -0.6681    0.7095
    0.3429   -0.6274   -0.6991
    0.9122    0.4000    0.0884
...   126 C-G ...
  -43.4117   44.9447   13.0634
    0.3824   -0.9094    0.1636
    0.1484   -0.1143   -0.9823
    0.9120    0.4000    0.0913
...   127 G-C ...
  -40.3132   46.0893   12.8570
    0.2314   -0.9006   -0.3678
   -0.0443    0.3679   -0.9288
    0.9718    0.2313    0.0452
...   128 A-T ...
  -37.2685   46.8970   13.1020
    0.1455   -0.5236   -0.8394
   -0.1890    0.8181   -0.5431
    0.9711    0.2377    0.0201
...   129 C-G ...
  -33.9913   46.9222   13.4556
   -0.0268   -0.0280   -0.9992
   -0.2203    0.9752   -0.0214
    0.9751    0.2196   -0.0323
...   130 C-G ...
  -30.6405   47.1849   12.8154
   -0.2516    0.4524   -0.8556
   -0.1228    0.8619    0.4919
    0.9600    0.2288   -0.1613
...   131 A-T ...
  -27.5754   48.5569   12.5125
   -0.3775    0.8321   -0.4062
    0.0838    0.4675    0.8800
    0.9222    0.2982   -0.2462
...   132 A-T ...
  -24.6387   49.6013   11.4701
   -0.2548    0.9519    0.1705
    0.3007   -0.0896    0.9495
    0.9190    0.2932   -0.2634
...   133 A-T ...
  -21.7822   50.6381   10.2294
    0.0257    0.7283    0.6848
    0.3811   -0.6404    0.6668
    0.9242    0.2439   -0.2940
...   134 T-A ...
  -19.0160   52.0245    8.9251
    0.2452    0.2905    0.9249
    0.3073   -0.9281    0.2101
    0.9195    0.2328   -0.3169
...   135 G-C ...
  -16.4638   53.8825    7.5154
    0.5339   -0.3333    0.7771
    0.0346   -0.9097   -0.4139
    0.8449    0.2479   -0.4741
...   136 T-A ...
  -14.1749   56.5547    6.1809
    0.5795   -0.7269    0.3685
   -0.3141   -0.6164   -0.7221
    0.7521    0.3026   -0.5855
...   137 G-C ...
  -11.6539   57.9993    4.7206
    0.2452   -0.9542   -0.1714
   -0.6323   -0.0234   -0.7744
    0.7349    0.2983   -0.6091
...   138 A-T ...
   -8.6759   58.7134    3.6026
   -0.0345   -0.7815   -0.6229
   -0.6536    0.4891   -0.5775
    0.7560    0.3872   -0.5277
...   139 G-C ...
   -6.3275   59.0728    1.6298
   -0.2969   -0.3279   -0.8968
   -0.5657    0.8171   -0.1114
    0.7693    0.4742   -0.4281
...   140 C-G ...
   -3.4369   60.2279    1.0288
   -0.4426    0.2287   -0.8671
   -0.1681    0.9286    0.3308
    0.8808    0.2922   -0.3725
...   141 G-C ...
   -0.6977   63.8912   -2.2508
   -0.9992    0.0157   -0.0376
   -0.0024    0.8991    0.4378
    0.0407    0.4375   -0.8983
...   142 C-G ...
   -1.0065   65.5989   -4.9399
   -0.8337    0.5216    0.1813
    0.5170    0.6219    0.5881
    0.1940    0.5841   -0.7882
...   143 T-A ...
   -0.1333   66.2085   -7.8195
   -0.3753    0.8566    0.3540
    0.8856    0.2187    0.4098
    0.2736    0.4673   -0.8407
...   144 C-G ...
   -0.1666   67.4021  -10.8066
    0.1797    0.8793    0.4411
    0.9277   -0.3007    0.2214
    0.3273    0.3694   -0.8697
...   145 A-T ...
    0.5266   69.2313  -13.4658
    0.7352    0.4964    0.4616
    0.6118   -0.7791   -0.1367
    0.2918    0.3829   -0.8765
...   146 C-G ...
    1.4338   72.0893  -15.6017
    0.9809    0.0621    0.1844
    0.1264   -0.9240   -0.3608
    0.1480    0.3772   -0.9142
...   147 A-T ...
    2.3047   74.2223  -18.3861
    0.8657   -0.4292   -0.2575
   -0.4984   -0.7868   -0.3642
   -0.0463    0.4436   -0.8950
