  147 base-pairs
...     1 A-T ...
    0.0000    0.0000    0.0000
    1.0000    0.0000    0.0000
    0.0000    1.0000    0.0000
    0.0000    0.0000    1.0000
...     2 G-C ...
   -0.1394   -1.2357    3.2268
    0.7529    0.6366    0.1670
   -0.6386    0.7680   -0.0486
   -0.1592   -0.0700    0.9848
...     3 T-A ...
   -0.0365   -3.2932    6.3751
    0.2722    0.9301    0.2466
   -0.9238    0.3243   -0.2033
   -0.2691   -0.1725    0.9475
...     4 G-C ...
   -0.3505   -4.1660    9.4928
   -0.3756    0.9250    0.0579
   -0.8781   -0.3352   -0.3415
   -0.2965   -0.1791    0.9381
...     5 A-T ...
   -0.4462   -4.1476   12.7498
   -0.8116    0.5840   -0.0165
   -0.5523   -0.7762   -0.3042
   -0.1905   -0.2378    0.9524
...     6 G-C ...
   -1.5908   -4.1730   15.6201
   -0.9976    0.0246   -0.0651
   -0.0043   -0.9555   -0.2950
   -0.0695   -0.2940    0.9533
...     7 C-G ...
   -1.1030   -4.4824   18.7362
   -0.8441   -0.5304   -0.0787
    0.5345   -0.8441   -0.0432
   -0.0435   -0.0785    0.9960
...     8 G-C ...
   -2.4028   -7.7290   23.1475
   -0.2754   -0.3293   -0.9032
    0.6650   -0.7437    0.0684
   -0.6942   -0.5818    0.4238
...     9 C-G ...
   -4.4690   -9.9728   24.1132
    0.1145   -0.7025   -0.7024
    0.8512   -0.2952    0.4340
   -0.5122   -0.6476    0.5642
...    10 T-A ...
   -6.7405  -10.8752   25.9697
    0.4841   -0.8363   -0.2574
    0.6595    0.1553    0.7355
   -0.5751   -0.5258    0.6267
...    11 C-G ...
   -9.1656  -12.6208   27.1640
    0.7073   -0.6682    0.2307
    0.3448    0.6110    0.7126
   -0.6171   -0.4245    0.6626
...    12 A-T ...
  -10.9234  -14.6633   29.0693
    0.7515   -0.1377    0.6452
   -0.2029    0.8824    0.4246
   -0.6277   -0.4500    0.6352
...    13 C-G ...
  -11.8476  -17.4863   31.2451
    0.4295    0.2823    0.8578
   -0.5708    0.8209    0.0156
   -0.6998   -0.4963    0.5137
...    14 A-T ...
  -13.5897  -19.7827   33.4259
   -0.1504    0.6104    0.7777
   -0.6874    0.5008   -0.5260
   -0.7106   -0.6136    0.3443
...    15 A-T ...
  -15.8080  -21.8095   34.6385
   -0.4852    0.8082    0.3337
   -0.4885    0.0660   -0.8701
   -0.7252   -0.5852    0.3627
...    16 T-A ...
  -17.9032  -23.6607   36.5520
   -0.6957    0.6988   -0.1665
   -0.1504   -0.3684   -0.9174
   -0.7024   -0.6132    0.3614
...    17 T-A ...
  -20.1694  -25.4553   38.1174
   -0.6800    0.3303   -0.6546
    0.2857   -0.7028   -0.6514
   -0.6753   -0.6300    0.3835
...    18 T-A ...
  -22.4607  -27.2719   39.4947
   -0.4016   -0.1027   -0.9101
    0.6099   -0.7712   -0.1821
   -0.6832   -0.6282    0.3723
...    19 A-T ...
  -24.6393  -29.5000   40.6174
    0.0473   -0.4631   -0.8850
    0.7187   -0.5996    0.3521
   -0.6937   -0.6527    0.3045
...    20 T-A ...
  -27.3887  -31.2384   41.2739
    0.3920   -0.7136   -0.5807
    0.6013   -0.2789    0.7487
   -0.6962   -0.6427    0.3198
...    21 T-A ...
  -29.8246  -33.2901   42.0377
    0.6590   -0.7492   -0.0662
    0.2786    0.1615    0.9467
   -0.6986   -0.6423    0.3152
...    22 C-G ...
  -32.0859  -35.4463   43.0142
    0.7248   -0.5008    0.4731
   -0.1550    0.5506    0.8203
   -0.6713   -0.6679    0.3214
...    23 G-C ...
  -34.3203  -37.3509   44.6576
    0.6110   -0.0186    0.7914
   -0.5506    0.7084    0.4417
   -0.5689   -0.7056    0.4225
...    24 C-G ...
  -35.9054  -39.8999   45.9322
    0.2718    0.3921    0.8789
   -0.7852    0.6183   -0.0330
   -0.5564   -0.6812    0.4759
...    25 A-T ...
  -37.9547  -41.9596   47.4345
   -0.1477    0.7232    0.6746
   -0.8117    0.3011   -0.5005
   -0.5651   -0.6216    0.5426
...    26 A-T ...
  -39.6477  -43.9515   49.4115
   -0.5634    0.7766    0.2818
   -0.5998   -0.1499   -0.7860
   -0.5682   -0.6118    0.5503
...    27 A-T ...
  -41.2639  -45.8095   51.5314
   -0.8064    0.5547   -0.2051
   -0.1758   -0.5560   -0.8123
   -0.5646   -0.6190    0.5459
...    28 G-C ...
  -43.2524  -47.4467   53.6937
   -0.7419    0.2300   -0.6298
    0.2467   -0.7797   -0.5755
   -0.6234   -0.5823    0.5218
...    29 G-C ...
  -45.6939  -49.0668   55.5018
   -0.4297   -0.1779   -0.8853
    0.5962   -0.7922   -0.1302
   -0.6781   -0.5837    0.4465
...    30 C-G ...
  -48.2518  -50.6624   56.7461
   -0.0054   -0.5358   -0.8443
    0.7143   -0.5930    0.3717
   -0.6998   -0.6011    0.3859
...    31 C-G ...
  -50.8257  -52.4565   57.8990
    0.4349   -0.7224   -0.5376
    0.5865   -0.2258    0.7778
   -0.6832   -0.6536    0.3255
...    32 G-C ...
  -52.6274  -54.6518   58.9900
    0.7296   -0.6744   -0.1139
    0.2644    0.1245    0.9563
   -0.6308   -0.7278    0.2691
...    33 G-C ...
  -54.3378  -57.4997   59.6058
    0.7847   -0.4655    0.4092
   -0.2017    0.4325    0.8788
   -0.5861   -0.7722    0.2455
...    34 C-G ...
  -55.9875  -60.2545   60.1869
    0.5695   -0.1317    0.8113
   -0.6035    0.6032    0.5215
   -0.5581   -0.7866    0.2641
...    35 C-G ...
  -57.4614  -63.1299   61.2382
    0.1688    0.2527    0.9527
   -0.8247    0.5656   -0.0039
   -0.5398   -0.7850    0.3039
...    36 C-G ...
  -58.9798  -65.8819   62.4087
   -0.2687    0.5534    0.7884
   -0.7947    0.3351   -0.5061
   -0.5443   -0.7625    0.3498
...    37 G-C ...
  -61.1857  -68.3339   62.9020
   -0.5954    0.7166    0.3633
   -0.5195    0.0016   -0.8545
   -0.6129   -0.6975    0.3713
...    38 A-T ...
  -62.9664  -70.6421   64.0553
   -0.7710    0.6065   -0.1942
   -0.0693   -0.3829   -0.9212
   -0.6331   -0.6968    0.3373
...    39 C-G ...
  -65.1905  -72.4618   65.4344
   -0.6560    0.3827   -0.6506
    0.3168   -0.6428   -0.6975
   -0.6851   -0.6636    0.3004
...    40 A-T ...
  -67.6448  -74.4793   66.3776
   -0.2942    0.0704   -0.9531
    0.5875   -0.7733   -0.2385
   -0.7538   -0.6302    0.1861
...    41 C-G ...
  -70.4514  -76.1277   66.6517
    0.0840   -0.2777   -0.9570
    0.6355   -0.7248    0.2661
   -0.7675   -0.6306    0.1156
...    42 G-C ...
  -72.6901  -78.5503   67.0194
    0.4811   -0.5916   -0.6470
    0.4188   -0.4933    0.7624
   -0.7702   -0.6377    0.0105
...    43 A-T ...
  -75.1439  -80.5536   66.9786
    0.6306   -0.7715   -0.0847
    0.0586   -0.0615    0.9964
   -0.7739   -0.6333    0.0064
...    44 C-G ...
  -77.5462  -82.7507   66.3188
    0.5868   -0.6763    0.4452
   -0.2937    0.3346    0.8954
   -0.7546   -0.6562   -0.0023
...    45 T-A ...
  -79.7975  -85.5790   65.7944
    0.3224   -0.3983    0.8587
   -0.5593    0.6517    0.5123
   -0.7637   -0.6454   -0.0127
...    46 T-A ...
  -81.9865  -87.9857   65.4170
   -0.0317   -0.0470    0.9984
   -0.6222    0.7827    0.0171
   -0.7822   -0.6206   -0.0540
...    47 A-T ...
  -84.5503  -90.0776   65.3164
   -0.3132    0.4420    0.8406
   -0.4978    0.6774   -0.5417
   -0.8088   -0.5880    0.0079
...    48 C-G ...
  -86.8680  -92.3661   65.7904
   -0.4871    0.7527    0.4430
   -0.2604    0.3590   -0.8963
   -0.8336   -0.5519    0.0211
...    49 T-A ...
  -89.6147  -94.1839   66.3673
   -0.4680    0.8804   -0.0773
    0.0029   -0.0859   -0.9963
   -0.8837   -0.4665    0.0376
...    50 G-C ...
  -92.8209  -95.3470   66.5133
   -0.2212    0.7772   -0.5891
    0.2127   -0.5510   -0.8069
   -0.9518   -0.3038   -0.0435
...    51 T-A ...
  -95.9615  -95.8441   66.7153
   -0.0085    0.4679   -0.8837
    0.2686   -0.8502   -0.4527
   -0.9632   -0.2413   -0.1184
...    52 A-T ...
  -99.2401  -95.6723   66.0039
    0.3334    0.0450   -0.9417
    0.1543   -0.9880    0.0074
   -0.9301   -0.1478   -0.3364
...    53 G-C ...
 -102.2262  -95.6708   64.8182
    0.4444   -0.4209   -0.7908
   -0.0803   -0.8979    0.4328
   -0.8922   -0.1289   -0.4328
...    54 G-C ...
 -105.1247  -95.4936   62.5714
    0.3791   -0.8249   -0.4193
   -0.3459   -0.5466    0.7626
   -0.8583   -0.1440   -0.4925
...    55 T-A ...
 -107.6373  -95.9328   60.4707
    0.1267   -0.9917    0.0205
   -0.5090   -0.0472    0.8595
   -0.8514   -0.1194   -0.5108
...    56 A-T ...
 -110.2585  -96.4376   58.4072
   -0.2108   -0.8324    0.5125
   -0.4927    0.5433    0.6798
   -0.8443   -0.1092   -0.5246
...    57 T-A ...
 -112.6308  -97.2657   56.2367
   -0.4700   -0.4465    0.7614
   -0.2952    0.8924    0.3412
   -0.8319   -0.0644   -0.5512
...    58 C-G ...
 -115.4025  -97.7985   54.4144
   -0.5577    0.1865    0.8088
    0.0828    0.9821   -0.1693
   -0.8259   -0.0275   -0.5632
...    59 T-A ...
 -118.3037  -98.0801   52.7874
   -0.3716    0.6603    0.6526
    0.3638    0.7503   -0.5520
   -0.8541    0.0323   -0.5190
...    60 C-G ...
 -121.2490  -98.0169   51.1633
   -0.0415    0.9582    0.2830
    0.5121    0.2637   -0.8175
   -0.8579    0.1110   -0.5016
...    61 G-C ...
 -123.8363  -97.2053   49.2995
    0.4387    0.8981    0.0308
    0.4383   -0.1839   -0.8798
   -0.7845    0.3995   -0.4743
...    62 A-T ...
 -126.3959  -95.7839   47.7780
    0.6823    0.6146   -0.3959
    0.1241   -0.6311   -0.7657
   -0.7204    0.4733   -0.5069
...    63 G-C ...
 -128.5082  -93.7134   46.2476
    0.7163    0.1739   -0.6758
   -0.2717   -0.8225   -0.4997
   -0.6427    0.5416   -0.5419
...    64 C-G ...
 -130.2512  -91.4318   44.4276
    0.4597   -0.3461   -0.8178
   -0.6603   -0.7491   -0.0541
   -0.5939    0.5649   -0.5729
...    65 T-A ...
 -131.9711  -89.4077   42.5114
    0.0436   -0.6881   -0.7243
   -0.8331   -0.4251    0.3538
   -0.5514    0.5880   -0.5918
...    66 C-G ...
 -133.9848  -87.7521   40.5532
   -0.4635   -0.7996   -0.3820
   -0.7249    0.0942    0.6824
   -0.5096    0.5932   -0.6233
...    67 G-C ...
 -136.3793  -85.4992   39.2919
   -0.7872   -0.6106    0.0864
   -0.3367    0.5429    0.7693
   -0.5167    0.5765   -0.6330
...    68 G-C ...
 -137.9270  -83.5192   37.0788
   -0.8170   -0.2384    0.5250
    0.1837    0.7554    0.6290
   -0.5466    0.6103   -0.5734
...    69 G-C ...
 -139.7542  -81.6328   35.0109
   -0.5346    0.1340    0.8344
    0.5945    0.7613    0.2587
   -0.6006    0.6344   -0.4867
...    70 A-T ...
 -141.8821  -79.6991   33.3768
   -0.0630    0.5180    0.8530
    0.8020    0.5350   -0.2656
   -0.5940    0.6674   -0.4492
...    71 T-A ...
 -144.2877  -77.7427   32.2830
    0.3799    0.6830    0.6238
    0.7229    0.2016   -0.6609
   -0.5772    0.7020   -0.4172
...    72 C-G ...
 -146.1976  -75.3389   31.1740
    0.7630    0.6230    0.1724
    0.3713   -0.2042   -0.9058
   -0.5291    0.7551   -0.3871
...    73 C-G ...
 -147.9526  -72.7907   30.1128
    0.9157    0.3187   -0.2449
   -0.0717   -0.4699   -0.8798
   -0.3955    0.8232   -0.4074
...    74 G-C ...
 -149.0426  -70.2077   28.3639
    0.7946   -0.1088   -0.5973
   -0.5630   -0.5003   -0.6578
   -0.2273    0.8590   -0.4588
...    75 C-G ...
 -149.1788  -67.0788   26.8669
    0.3341   -0.3838   -0.8608
   -0.9250   -0.3087   -0.2214
   -0.1808    0.8703   -0.4582
...    76 T-A ...
 -149.1855  -64.2193   24.8475
   -0.2513   -0.4726   -0.8447
   -0.9629    0.0338    0.2676
   -0.0979    0.8806   -0.4635
...    77 T-A ...
 -149.1046  -61.3966   23.1917
   -0.7761   -0.2894   -0.5603
   -0.6295    0.3014    0.7162
   -0.0383    0.9085   -0.4161
...    78 T-A ...
 -148.9129  -58.5456   21.5686
   -0.9974    0.0037   -0.0714
   -0.0644    0.3866    0.9200
    0.0309    0.9222   -0.3854
...    79 A-T ...
 -148.3394  -55.3198   20.9549
   -0.8289    0.3024    0.4707
    0.5465    0.2577    0.7968
    0.1197    0.9177   -0.3788
...    80 A-T ...
 -148.0494  -52.4224   19.6617
   -0.3956    0.3744    0.8387
    0.9072    0.0171    0.4203
    0.1430    0.9271   -0.3464
...    81 C-G ...
 -148.1919  -49.3130   18.4444
    0.1262    0.2874    0.9495
    0.9783   -0.1946   -0.0711
    0.1643    0.9378   -0.3057
...    82 A-T ...
 -147.6846  -46.1214   17.6295
    0.6153    0.0060    0.7883
    0.7537   -0.2976   -0.5860
    0.2311    0.9547   -0.1876
...    83 C-G ...
 -147.0691  -42.8490   17.7020
    0.9000   -0.1983    0.3882
    0.3407   -0.2355   -0.9102
    0.2719    0.9514   -0.1444
...    84 T-A ...
 -145.9226  -39.4596   17.8880
    0.9098   -0.3738   -0.1803
   -0.2132   -0.0483   -0.9758
    0.3561    0.9262   -0.1237
...    85 T-A ...
 -144.5497  -36.5705   17.7104
    0.6181   -0.3852   -0.6852
   -0.6630    0.2129   -0.7177
    0.4223    0.8979   -0.1238
...    86 C-G ...
 -143.1968  -33.6791   16.9317
    0.1095   -0.1949   -0.9747
   -0.8747    0.4469   -0.1876
    0.4722    0.8731   -0.1215
...    87 A-T ...
 -141.3388  -30.8602   16.6644
   -0.4167    0.0066   -0.9090
   -0.7593    0.5474    0.3520
    0.4999    0.8368   -0.2231
...    88 T-A ...
 -139.3914  -28.4297   15.6494
   -0.7476    0.2782   -0.6031
   -0.4412    0.4708    0.7640
    0.4965    0.8372   -0.2292
...    89 G-C ...
 -137.6014  -25.6647   14.7384
   -0.8753    0.4833   -0.0148
    0.0860    0.1857    0.9788
    0.4758    0.8555   -0.2041
...    90 T-A ...
 -136.1474  -22.8964   13.4777
   -0.6852    0.5131    0.5170
    0.5339   -0.1291    0.8357
    0.4955    0.8486   -0.1854
...    91 T-A ...
 -134.7174  -20.1394   12.7939
   -0.2864    0.3274    0.9004
    0.8185   -0.4049    0.4076
    0.4981    0.8537   -0.1520
...    92 A-T ...
 -132.8519  -17.4021   12.4688
    0.1841   -0.0380    0.9822
    0.8355   -0.5202   -0.1767
    0.5177    0.8532   -0.0641
...    93 T-A ...
 -131.7451  -14.3591   12.6137
    0.5679   -0.3082    0.7632
    0.6306   -0.4331   -0.6440
    0.5291    0.8470   -0.0517
...    94 A-T ...
 -129.8240  -11.6669   12.4930
    0.7605   -0.5843    0.2834
    0.2388   -0.1543   -0.9587
    0.6039    0.7968    0.0221
...    95 A-T ...
 -127.8370   -9.2281   12.8207
    0.7362   -0.6139   -0.2850
   -0.1936    0.2126   -0.9578
    0.6485    0.7603    0.0377
...    96 C-G ...
 -125.2907   -7.0517   13.5514
    0.5037   -0.4087   -0.7611
   -0.5522    0.5252   -0.6475
    0.6644    0.7464    0.0389
...    97 G-C ...
 -123.1657   -4.5728   13.2626
    0.0461   -0.0822   -0.9955
   -0.6924    0.7157   -0.0912
    0.7200    0.6936   -0.0239
...    98 G-C ...
 -120.6972   -2.4296   12.8286
   -0.3862    0.2517   -0.8874
   -0.5759    0.6858    0.4451
    0.7206    0.6829   -0.1199
...    99 A-T ...
 -118.1059   -0.3613   12.2903
   -0.6458    0.6263   -0.4366
   -0.2232    0.3920    0.8925
    0.7301    0.6738   -0.1133
...   100 T-A ...
 -115.6395    1.6395   11.1878
   -0.6530    0.7530    0.0810
    0.1299    0.0060    0.9915
    0.7462    0.6579   -0.1017
...   101 T-A ...
 -113.3306    3.8253   10.5516
   -0.4648    0.6200    0.6321
    0.4694   -0.4328    0.7697
    0.7508    0.6544   -0.0899
...   102 A-T ...
 -110.6112    5.8388   10.4714
   -0.1033    0.2059    0.9731
    0.6436   -0.7320    0.2232
    0.7583    0.6494   -0.0569
...   103 T-A ...
 -108.6704    8.4322   10.4418
    0.1745   -0.1989    0.9644
    0.6164   -0.7416   -0.2645
    0.7678    0.6406   -0.0069
...   104 G-C ...
 -106.1900   10.6463   10.7275
    0.4297   -0.6711    0.6042
    0.4157   -0.4470   -0.7921
    0.8016    0.5915    0.0869
...   105 C-G ...
 -103.5345   12.3824   11.5312
    0.5312   -0.8441    0.0722
    0.1181   -0.0106   -0.9929
    0.8390    0.5360    0.0941
...   106 T-A ...
 -100.4790   13.8436   12.2992
    0.4798   -0.7158   -0.5073
   -0.1590    0.4977   -0.8526
    0.8629    0.4897    0.1250
...   107 T-A ...
  -97.6098   15.1783   12.8238
    0.2686   -0.3367   -0.9025
   -0.3714    0.8283   -0.4195
    0.8888    0.4479    0.0974
...   108 C-G ...
  -94.5201   16.4281   13.0366
   -0.0233    0.2013   -0.9793
   -0.4390    0.8780    0.1909
    0.8982    0.4343    0.0679
...   109 C-G ...
  -91.5009   17.7441   13.1059
   -0.3335    0.5938   -0.7323
   -0.3400    0.6487    0.6809
    0.8793    0.4761   -0.0145
...   110 G-C ...
  -88.9363   19.4557   13.2708
   -0.5346    0.8012   -0.2690
   -0.0927    0.2608    0.9609
    0.8400    0.5386   -0.0652
...   111 G-C ...
  -86.3377   21.5472   12.7967
   -0.5383    0.7801    0.3188
    0.2420   -0.2193    0.9452
    0.8072    0.5860   -0.0707
...   112 C-G ...
  -83.9609   23.8357   12.2011
   -0.3434    0.5048    0.7920
    0.5026   -0.6136    0.6090
    0.7934    0.6072   -0.0429
...   113 T-A ...
  -81.4642   26.0139   12.0258
   -0.0549    0.0787    0.9954
    0.6139   -0.7835    0.0958
    0.7874    0.6164   -0.0053
...   114 C-G ...
  -78.8032   28.0182   12.1046
    0.2884   -0.4165    0.8622
    0.5411   -0.6720   -0.5056
    0.7900    0.6123    0.0316
...   115 G-C ...
  -75.9325   29.7021   11.9034
    0.4783   -0.7819    0.3997
    0.2755   -0.2986   -0.9138
    0.8338    0.5472    0.0726
...   116 T-A ...
  -73.1421   31.2378   12.8897
    0.5031   -0.8500   -0.1564
   -0.0191    0.1700   -0.9853
    0.8640    0.4987    0.0693
...   117 A-T ...
  -70.0307   32.5340   13.5861
    0.3155   -0.6462   -0.6949
   -0.2683    0.6416   -0.7186
    0.9102    0.4132    0.0291
...   118 T-A ...
  -66.8934   33.2711   14.0647
    0.1373   -0.2330   -0.9627
   -0.3864    0.8823   -0.2687
    0.9121    0.4089    0.0311
...   119 A-T ...
  -63.8977   34.8162   14.1399
   -0.1529    0.3310   -0.9312
   -0.3644    0.8569    0.3645
    0.9186    0.3951   -0.0104
...   120 A-T ...
  -60.8326   35.8432   13.8744
   -0.3480    0.7524   -0.5593
   -0.1994    0.5235    0.8283
    0.9160    0.3998   -0.0321
...   121 T-A ...
  -57.7667   36.9333   13.1095
   -0.3905    0.9196   -0.0429
    0.0179    0.0542    0.9984
    0.9204    0.3891   -0.0377
...   122 G-C ...
  -54.6643   38.3554   12.8368
   -0.3485    0.7459    0.5675
    0.2583   -0.5056    0.8232
    0.9010    0.4335   -0.0164
...   123 T-A ...
  -51.9061   40.1240   12.4780
   -0.1680    0.3823    0.9086
    0.3996   -0.8162    0.4173
    0.9012    0.4332   -0.0156
...   124 G-C ...
  -48.9149   41.6402   12.4717
    0.0479   -0.1940    0.9798
    0.4424   -0.8754   -0.1950
    0.8955    0.4428    0.0439
...   125 T-A ...
  -46.2789   43.4660   12.8083
    0.2351   -0.6401    0.7314
    0.3519   -0.6454   -0.6779
    0.9060    0.4168    0.0735
...   126 C-G ...
  -43.4025   44.7853   13.1261
    0.3962   -0.8979    0.1916
    0.1484   -0.1433   -0.9785
    0.9061    0.4161    0.0764
...   127 G-C ...
  -40.3120   45.9615   12.8697
    0.2424   -0.9067   -0.3451
   -0.0514    0.3432   -0.9379
    0.9688    0.2451    0.0366
...   128 A-T ...
  -37.2717   46.8081   13.0823
    0.1504   -0.5409   -0.8276
   -0.2000    0.8031   -0.5612
    0.9682    0.2499    0.0126
...   129 C-G ...
  -33.9934   46.8784   13.4325
   -0.0283   -0.0487   -0.9984
   -0.2316    0.9719   -0.0409
    0.9724    0.2301   -0.0388
...   130 C-G ...
  -30.6457   47.1754   12.7905
   -0.2572    0.4361   -0.8624
   -0.1309    0.8684    0.4782
    0.9575    0.2359   -0.1662
...   131 A-T ...
  -27.5822   48.5720   12.5076
   -0.3792    0.8282   -0.4127
    0.0812    0.4741    0.8767
    0.9217    0.2989   -0.2471
...   132 A-T ...
  -24.6429   49.6126   11.4683
   -0.2557    0.9523    0.1665
    0.2999   -0.0856    0.9501
    0.9191    0.2929   -0.2637
...   133 A-T ...
  -21.7849   50.6448   10.2284
    0.0249    0.7300    0.6830
    0.3811   -0.6385    0.6686
    0.9242    0.2436   -0.2941
...   134 T-A ...
  -19.0160   52.0244    8.9250
    0.2452    0.2905    0.9249
    0.3073   -0.9281    0.2101
    0.9195    0.2328   -0.3169
...   135 G-C ...
  -16.4638   53.8824    7.5153
    0.5339   -0.3333    0.7771
    0.0346   -0.9097   -0.4139
    0.8449    0.2479   -0.4741
...   136 T-A ...
  -14.1749   56.5546    6.1808
    0.5795   -0.7269    0.3685
   -0.3141   -0.6164   -0.7221
    0.7521    0.3026   -0.5855
...   137 G-C ...
  -11.6538   57.9992    4.7204
    0.2452   -0.9542   -0.1714
   -0.6323   -0.0234   -0.7744
    0.7349    0.2983   -0.6091
...   138 A-T ...
   -8.6759   58.7133    3.6024
   -0.0345   -0.7815   -0.6229
   -0.6536    0.4891   -0.5775
    0.7560    0.3872   -0.5277
...   139 G-C ...
   -6.3275   59.0726    1.6296
   -0.2969   -0.3279   -0.8968
   -0.5657    0.8171   -0.1114
    0.7693    0.4742   -0.4281
...   140 C-G ...
   -3.4369   60.2278    1.0287
   -0.4426    0.2287   -0.8671
   -0.1681    0.9286    0.3308
    0.8808    0.2922   -0.3725
...   141 G-C ...
   -0.6977   63.8911   -2.2510
   -0.9992    0.0157   -0.0376
   -0.0024    0.8991    0.4378
    0.0407    0.4375   -0.8983
...   142 C-G ...
   -1.0065   65.5987   -4.9401
   -0.8337    0.5216    0.1813
    0.5170    0.6219    0.5881
    0.1940    0.5840   -0.7882
...   143 T-A ...
   -0.1333   66.2084   -7.8196
   -0.3753    0.8566    0.3540
    0.8856    0.2187    0.4098
    0.2736    0.4673   -0.8407
...   144 C-G ...
   -0.1666   67.4019  -10.8067
    0.1797    0.8793    0.4411
    0.9277   -0.3007    0.2214
    0.3273    0.3694   -0.8697
...   145 A-T ...
    0.5267   69.2312  -13.4659
    0.7352    0.4964    0.4616
    0.6118   -0.7791   -0.1367
    0.2918    0.3829   -0.8765
...   146 C-G ...
    1.4338   72.0891  -15.6019
    0.9809    0.0621    0.1844
    0.1264   -0.9240   -0.3608
    0.1480    0.3772   -0.9142
...   147 A-T ...
    2.3047   74.2222  -18.3863
    0.8657   -0.4292   -0.2575
   -0.4984   -0.7868   -0.3642
   -0.0463    0.4436   -0.8950
