  147 base-pairs
...     1 A-T ...
    0.0000    0.0000    0.0000
    1.0000    0.0000    0.0000
    0.0000    1.0000    0.0000
    0.0000    0.0000    1.0000
...     2 G-C ...
   -0.1394   -1.2357    3.2268
    0.7529    0.6366    0.1670
   -0.6386    0.7680   -0.0486
   -0.1592   -0.0700    0.9848
...     3 T-A ...
   -0.0365   -3.2932    6.3751
    0.2722    0.9301    0.2466
   -0.9238    0.3243   -0.2033
   -0.2691   -0.1725    0.9475
...     4 G-C ...
   -0.3505   -4.1660    9.4928
   -0.3756    0.9250    0.0579
   -0.8781   -0.3352   -0.3415
   -0.2965   -0.1791    0.9381
...     5 A-T ...
   -0.4462   -4.1476   12.7498
   -0.8116    0.5840   -0.0165
   -0.5523   -0.7762   -0.3042
   -0.1905   -0.2378    0.9524
...     6 G-C ...
   -1.5908   -4.1730   15.6201
   -0.9976    0.0246   -0.0651
   -0.0043   -0.9555   -0.2950
   -0.0695   -0.2940    0.9533
...     7 C-G ...
   -1.1030   -4.4824   18.7362
   -0.8441   -0.5304   -0.0787
    0.5345   -0.8441   -0.0432
   -0.0435   -0.0785    0.9960
...     8 G-C ...
   -2.4028   -7.7290   23.1475
   -0.2754   -0.3293   -0.9032
    0.6650   -0.7437    0.0684
   -0.6942   -0.5818    0.4238
...     9 C-G ...
   -4.4690   -9.9728   24.1132
    0.1145   -0.7025   -0.7024
    0.8512   -0.2952    0.4340
   -0.5122   -0.6476    0.5642
...    10 T-A ...
   -6.7405  -10.8752   25.9697
    0.4841   -0.8363   -0.2574
    0.6595    0.1553    0.7355
   -0.5751   -0.5258    0.6267
...    11 C-G ...
   -9.1656  -12.6208   27.1640
    0.7073   -0.6682    0.2307
    0.3448    0.6110    0.7126
   -0.6171   -0.4245    0.6626
...    12 A-T ...
  -10.9234  -14.6633   29.0693
    0.7515   -0.1377    0.6452
   -0.2029    0.8824    0.4246
   -0.6277   -0.4500    0.6352
...    13 C-G ...
  -11.8476  -17.4863   31.2451
    0.4295    0.2823    0.8578
   -0.5708    0.8209    0.0156
   -0.6998   -0.4963    0.5137
...    14 A-T ...
  -13.5897  -19.7827   33.4259
   -0.1504    0.6104    0.7777
   -0.6874    0.5008   -0.5260
   -0.7106   -0.6136    0.3443
...    15 A-T ...
  -15.7123  -21.8060   34.7994
   -0.4916    0.7965    0.3521
   -0.4981    0.0745   -0.8639
   -0.7143   -0.6001    0.3601
...    16 T-A ...
  -17.7649  -23.6262   36.6073
   -0.6657    0.7356   -0.1257
   -0.1947   -0.3339   -0.9223
   -0.7204   -0.5895    0.3655
...    17 T-A ...
  -20.0774  -25.3717   38.0634
   -0.6592    0.4281   -0.6182
    0.2029   -0.6904   -0.6944
   -0.7241   -0.5832    0.3682
...    18 T-A ...
  -22.5155  -27.0157   39.4338
   -0.4358   -0.0308   -0.8995
    0.5329   -0.8142   -0.2303
   -0.7253   -0.5797    0.3712
...    19 A-T ...
  -24.8849  -29.0221   40.6125
   -0.0129   -0.4692   -0.8830
    0.6729   -0.6573    0.3394
   -0.7396   -0.5898    0.3243
...    20 T-A ...
  -27.7180  -30.5599   41.2792
    0.3237   -0.7354   -0.5953
    0.5890   -0.3358    0.7351
   -0.7404   -0.5886    0.3245
...    21 T-A ...
  -30.2665  -32.4026   42.0788
    0.5932   -0.8012   -0.0792
    0.3087    0.1354    0.9415
   -0.7436   -0.5829    0.3277
...    22 C-G ...
  -32.6508  -34.4125   43.0513
    0.6854   -0.5576    0.4682
   -0.0964    0.5679    0.8175
   -0.7217   -0.6054    0.3355
...    23 G-C ...
  -35.0164  -36.2349   44.5104
    0.5992   -0.0899    0.7955
   -0.4707    0.7643    0.4409
   -0.6476   -0.6386    0.4156
...    24 C-G ...
  -36.8142  -38.6550   45.8530
    0.2875    0.3634    0.8862
   -0.7237    0.6884   -0.0475
   -0.6274   -0.6277    0.4609
...    25 A-T ...
  -38.9149  -40.6545   47.4709
   -0.0875    0.7467    0.6594
   -0.7817    0.3588   -0.5101
   -0.6175   -0.5601    0.5523
...    26 A-T ...
  -40.6975  -42.4706   49.4782
   -0.4974    0.8274    0.2609
   -0.6035   -0.1140   -0.7891
   -0.6232   -0.5500    0.5560
...    27 A-T ...
  -42.5995  -44.1123   51.5227
   -0.7375    0.6361   -0.2269
   -0.2310   -0.5533   -0.8003
   -0.6346   -0.5378    0.5550
...    28 G-C ...
  -44.7218  -45.5890   53.5704
   -0.7009    0.3075   -0.6436
    0.1654   -0.8077   -0.5660
   -0.6939   -0.5031    0.5152
...    29 G-C ...
  -47.2821  -46.9097   55.3121
   -0.4404   -0.1150   -0.8904
    0.4838   -0.8659   -0.1274
   -0.7563   -0.4869    0.4369
...    30 C-G ...
  -50.0549  -48.1591   56.5750
   -0.0769   -0.5343   -0.8418
    0.6249   -0.6837    0.3769
   -0.7769   -0.4970    0.3865
...    31 C-G ...
  -52.8443  -49.7951   57.4915
    0.3277   -0.7755   -0.5396
    0.5395   -0.3152    0.7807
   -0.7756   -0.5470    0.3151
...    32 G-C ...
  -55.1296  -51.8436   58.7837
    0.6374   -0.7691   -0.0468
    0.2337    0.1351    0.9629
   -0.7342   -0.6247    0.2658
...    33 G-C ...
  -57.4914  -54.1700   59.3878
    0.7082   -0.5347    0.4609
   -0.1646    0.5098    0.8444
   -0.6865   -0.6739    0.2730
...    34 C-G ...
  -59.5532  -56.6797   60.0470
    0.5272   -0.1524    0.8360
   -0.5266    0.7136    0.4621
   -0.6669   -0.6838    0.2959
...    35 C-G ...
  -61.5277  -59.2304   61.0547
    0.2121    0.3023    0.9293
   -0.7310    0.6802   -0.0544
   -0.6486   -0.6678    0.3652
...    36 C-G ...
  -63.4200  -61.6660   62.4440
   -0.1497    0.6727    0.7246
   -0.7329    0.4164   -0.5380
   -0.6636   -0.6116    0.4307
...    37 G-C ...
  -65.8459  -63.5631   63.6928
   -0.4249    0.8669    0.2608
   -0.5416   -0.0125   -0.8405
   -0.7254   -0.4984    0.4748
...    38 A-T ...
  -68.1532  -65.1481   65.3460
   -0.6095    0.7381   -0.2894
   -0.2095   -0.5020   -0.8391
   -0.7646   -0.4509    0.4606
...    39 C-G ...
  -70.6108  -66.1232   67.2763
   -0.5889    0.4098   -0.6966
    0.1122   -0.8121   -0.5726
   -0.8004   -0.4154    0.4323
...    40 A-T ...
  -73.3735  -67.4406   68.5868
   -0.3232   -0.0348   -0.9457
    0.3643   -0.9269   -0.0904
   -0.8734   -0.3737    0.3122
...    41 C-G ...
  -76.4902  -68.0714   69.4070
   -0.0584   -0.4843   -0.8729
    0.4507   -0.7930    0.4099
   -0.8908   -0.3695    0.2646
...    42 G-C ...
  -79.2687  -69.7260   70.1986
    0.2839   -0.7992   -0.5298
    0.3419   -0.4318    0.8346
   -0.8958   -0.4181    0.1507
...    43 A-T ...
  -82.2033  -71.1550   70.5166
    0.4385   -0.8970    0.0561
    0.0899    0.1058    0.9903
   -0.8942   -0.4292    0.1270
...    44 C-G ...
  -85.0772  -72.8377   70.3420
    0.4213   -0.7112    0.5628
   -0.1608    0.5521    0.8181
   -0.8925   -0.4352    0.1183
...    45 T-A ...
  -87.8850  -74.5868   70.6022
    0.2977   -0.3053    0.9045
   -0.3630    0.8401    0.4030
   -0.8830   -0.4483    0.1392
...    46 T-A ...
  -90.6251  -76.3165   70.9290
    0.0140    0.2134    0.9769
   -0.4459    0.8758   -0.1849
   -0.8950   -0.4330    0.1074
...    47 A-T ...
  -93.6190  -77.7167   71.2887
   -0.1886    0.7044    0.6843
   -0.3604    0.5986   -0.7154
   -0.9135   -0.3816    0.1410
...    48 C-G ...
  -96.3882  -79.1670   72.2934
   -0.2969    0.9294    0.2192
   -0.2095    0.1606   -0.9645
   -0.9317   -0.3323    0.1470
...    49 T-A ...
  -99.4357  -80.0827   73.1238
   -0.2612    0.9145   -0.3089
   -0.0450   -0.3312   -0.9425
   -0.9642   -0.2323    0.1277
...    50 G-C ...
 -102.7308  -80.5383   73.4372
   -0.0796    0.6309   -0.7718
    0.0592   -0.7699   -0.6354
   -0.9951   -0.0963    0.0239
...    51 T-A ...
 -105.9607  -80.2071   73.6791
    0.0245    0.1650   -0.9860
    0.0637   -0.9845   -0.1631
   -0.9977   -0.0588   -0.0347
...    52 A-T ...
 -109.2471  -80.1955   73.2493
    0.1744   -0.3891   -0.9045
   -0.0294   -0.9203    0.3902
   -0.9842   -0.0415   -0.1719
...    53 G-C ...
 -112.4290  -80.0913   72.3633
    0.1801   -0.8078   -0.5613
   -0.1655   -0.5873    0.7922
   -0.9696   -0.0498   -0.2394
...    54 G-C ...
 -115.5519  -80.4068   71.1145
    0.1016   -0.9944   -0.0290
   -0.2902   -0.0576    0.9552
   -0.9515   -0.0887   -0.2945
...    55 T-A ...
 -118.4835  -80.8431   69.5533
   -0.0804   -0.8756    0.4763
   -0.3043    0.4766    0.8248
   -0.9492   -0.0787   -0.3048
...    56 A-T ...
 -121.7876  -80.4965   68.7996
   -0.3481   -0.3515    0.8690
   -0.1318    0.9362    0.3259
   -0.9281   -0.0011   -0.3722
...    57 T-A ...
 -124.7587  -81.1678   67.4914
   -0.3854    0.1769    0.9056
    0.0873    0.9840   -0.1550
   -0.9186    0.0193   -0.3947
...    58 C-G ...
 -127.7531  -81.2188   66.1391
   -0.2192    0.7174    0.6613
    0.3254    0.6928   -0.6436
   -0.9198    0.0741   -0.3853
...    59 T-A ...
 -130.9013  -81.0114   65.1756
    0.0729    0.9581    0.2770
    0.4000    0.2263   -0.8881
   -0.9136    0.1756   -0.3668
...    60 C-G ...
 -133.8842  -80.3658   64.0748
    0.3728    0.8973   -0.2365
    0.2812   -0.3521   -0.8927
   -0.8843    0.2663   -0.3836
...    61 G-C ...
 -136.6243  -79.2832   62.5194
    0.6273    0.5131   -0.5858
   -0.0101   -0.7469   -0.6649
   -0.7787    0.4230   -0.4633
...    62 A-T ...
 -138.9630  -77.6998   60.9096
    0.5652   -0.0350   -0.8242
   -0.4056   -0.8818   -0.2407
   -0.7184    0.4703   -0.5126
...    63 G-C ...
 -141.0218  -75.8562   59.1017
    0.3195   -0.5179   -0.7935
   -0.6834   -0.7061    0.1857
   -0.6565    0.4829   -0.5795
...    64 T-A ...
 -142.6393  -73.9846   56.8936
   -0.0814   -0.8145   -0.5745
   -0.7720   -0.3131    0.5532
   -0.6304    0.4885   -0.6033
...    65 C-G ...
 -144.6312  -72.5017   54.7293
   -0.5411   -0.8284   -0.1447
   -0.5867    0.2487    0.7706
   -0.6024    0.5019   -0.6206
...    66 A-T ...
 -146.7514  -70.6659   52.9775
   -0.7756   -0.5250    0.3505
   -0.1540    0.6958    0.7015
   -0.6122    0.4901   -0.6205
...    67 T-A ...
 -148.7216  -69.6019   50.5147
   -0.7669   -0.0689    0.6380
    0.2841    0.8550    0.4339
   -0.5754    0.5141   -0.6361
...    68 G-C ...
 -150.4826  -67.6622   48.4818
   -0.4201    0.3912    0.8188
    0.6885    0.7253    0.0067
   -0.5912    0.5665   -0.5740
...    69 T-A ...
 -152.8627  -66.1690   46.7419
    0.0239    0.6806    0.7323
    0.8226    0.4029   -0.4012
   -0.5681    0.6120   -0.5502
...    70 T-A ...
 -154.8340  -64.2113   45.1069
    0.5072    0.7491    0.4261
    0.6804   -0.0446   -0.7315
   -0.5290    0.6609   -0.5323
...    71 A-T ...
 -156.6280  -61.6376   43.9184
    0.8830    0.4499    0.1337
    0.3213   -0.3718   -0.8709
   -0.3421    0.8120   -0.4729
...    72 T-A ...
 -157.6744  -58.7062   43.0011
    0.9462    0.1658   -0.2779
   -0.1533   -0.5267   -0.8361
   -0.2850    0.8337   -0.4729
...    73 A-T ...
 -158.0254  -55.6827   41.6229
    0.7678   -0.2867   -0.5730
   -0.6345   -0.4649   -0.6175
   -0.0893    0.8377   -0.5388
...    74 A-T ...
 -157.9774  -52.9144   39.9461
    0.2822   -0.5086   -0.8135
   -0.9582   -0.1914   -0.2127
   -0.0476    0.8395   -0.5413
...    75 C-G ...
 -157.4145  -50.1972   38.0989
   -0.2605   -0.5384   -0.8014
   -0.9654    0.1361    0.2224
   -0.0106    0.8316   -0.5552
...    76 G-C ...
 -157.9128  -47.4608   36.2399
   -0.7665   -0.3877   -0.5120
   -0.6422    0.4705    0.6052
    0.0062    0.7927   -0.6096
...    77 G-C ...
 -157.7830  -44.9427   33.9835
   -0.9943   -0.0786   -0.0723
   -0.1054    0.6132    0.7829
   -0.0172    0.7860   -0.6179
...    78 A-T ...
 -157.6839  -42.4254   31.8563
   -0.8587    0.3114    0.4071
    0.5125    0.5142    0.6877
    0.0049    0.7991   -0.6011
...    79 C-G ...
 -158.0585  -40.0620   29.5493
   -0.4597    0.5219    0.7186
    0.8879    0.2535    0.3839
    0.0182    0.8145   -0.5799
...    80 T-A ...
 -158.2741  -37.3479   27.6716
    0.0697    0.5115    0.8564
    0.9966   -0.0736   -0.0372
    0.0440    0.8561   -0.5149
...    81 C-G ...
 -158.1856  -34.5385   26.0226
    0.6232    0.3065    0.7195
    0.7756   -0.3603   -0.5183
    0.1003    0.8810   -0.4623
...    82 G-C ...
 -157.5098  -31.6585   24.4797
    0.9043   -0.1001    0.4150
    0.3349   -0.4367   -0.8350
    0.2648    0.8940   -0.3613
...    83 G-C ...
 -156.3064  -28.5891   23.7847
    0.9025   -0.4292   -0.0362
   -0.1662   -0.2697   -0.9485
    0.3973    0.8620   -0.3147
...    84 G-C ...
 -154.4083  -25.8771   23.0766
    0.6302   -0.5975   -0.4959
   -0.5820    0.0594   -0.8110
    0.5140    0.7997   -0.3103
...    85 A-T ...
 -152.4826  -23.4290   22.0387
    0.1561   -0.4725   -0.8674
   -0.8139    0.4360   -0.3839
    0.5596    0.7659   -0.3165
...    86 T-A ...
 -150.0722  -21.3467   21.1411
   -0.2693   -0.1688   -0.9481
   -0.7727    0.6255    0.1082
    0.5748    0.7618   -0.2989
...    87 C-G ...
 -148.1139  -18.9460   20.0228
   -0.6696    0.2470   -0.7005
   -0.4507    0.6145    0.6475
    0.5904    0.7493   -0.3001
...    88 C-G ...
 -146.0872  -16.5534   18.7590
   -0.8297    0.5157   -0.2135
   -0.0009    0.3813    0.9244
    0.5581    0.7672   -0.3159
...    89 G-C ...
 -144.0536  -13.9513   18.2119
   -0.7226    0.5836    0.3705
    0.4603    0.0064    0.8877
    0.5157    0.8120   -0.2732
...    90 C-G ...
 -142.5434  -11.2685   16.9842
   -0.3790    0.4559    0.8053
    0.7688   -0.3292    0.5482
    0.5150    0.8269   -0.2258
...    91 T-A ...
 -141.1132   -8.3784   16.2759
    0.0327    0.1538    0.9876
    0.8511   -0.5224    0.0531
    0.5240    0.8387   -0.1480
...    92 T-A ...
 -139.5954   -5.5542   15.8904
    0.4735   -0.1982    0.8582
    0.6892   -0.5234   -0.5011
    0.5485    0.8287   -0.1113
...    93 T-A ...
 -137.9055   -2.8095   15.7608
    0.7439   -0.4966    0.4472
    0.3217   -0.3205   -0.8909
    0.5858    0.8067   -0.0786
...    94 A-T ...
 -135.7410   -0.2775   15.9458
    0.6961   -0.7131   -0.0833
   -0.0833    0.0349   -0.9959
    0.7130    0.7002   -0.0351
...    95 A-T ...
 -133.2934    1.8352   16.0797
    0.5150   -0.5902   -0.6217
   -0.4374    0.4428   -0.7827
    0.7372    0.6750   -0.0301
...    96 C-G ...
 -130.4819    3.5723   16.3249
    0.1946   -0.2943   -0.9357
   -0.6168    0.7050   -0.3501
    0.7627    0.6452   -0.0443
...    97 A-T ...
 -128.0050    5.7663   16.0387
   -0.2450    0.1102   -0.9632
   -0.5804    0.7791    0.2368
    0.7766    0.6171   -0.1269
...    98 C-G ...
 -125.1402    7.3082   15.2928
   -0.5170    0.5004   -0.6945
   -0.3545    0.6133    0.7058
    0.7791    0.6112   -0.1397
...    99 T-A ...
 -122.5370    9.2125   14.5032
   -0.6494    0.7312   -0.2089
   -0.0153    0.2621    0.9649
    0.7603    0.6298   -0.1590
...   100 T-A ...
 -120.0620   11.1671   13.6954
   -0.5187    0.7660    0.3797
    0.3471   -0.2172    0.9123
    0.7813    0.6050   -0.1532
...   101 T-A ...
 -117.6325   13.1958   12.9618
   -0.2216    0.5094    0.8315
    0.5672   -0.6263    0.5348
    0.7932    0.5902   -0.1501
...   102 A-T ...
 -114.9129   15.0815   12.5784
    0.0961    0.0034    0.9954
    0.5913   -0.8046   -0.0543
    0.8007    0.5938   -0.0794
...   103 T-A ...
 -112.6962   17.4974   12.5749
    0.3616   -0.4117    0.8365
    0.4629   -0.6996   -0.5443
    0.8093    0.5840   -0.0624
...   104 G-C ...
 -109.8406   19.2304   12.5442
    0.4447   -0.8009    0.4011
    0.2146   -0.3395   -0.9158
    0.8696    0.4933    0.0209
...   105 C-G ...
 -106.9705   20.7531   13.1320
    0.4350   -0.8871   -0.1547
   -0.0353    0.1549   -0.9873
    0.8998    0.4349    0.0360
...   106 T-A ...
 -103.8852   21.8752   13.5452
    0.2871   -0.7064   -0.6469
   -0.2182    0.6094   -0.7622
    0.9327    0.3600    0.0208
...   107 T-A ...
 -100.7817   22.7944   13.7824
    0.1125   -0.2398   -0.9643
   -0.3313    0.9058   -0.2639
    0.9368    0.3492    0.0224
...   108 C-G ...
  -97.6618   23.7970   13.7359
   -0.1250    0.3278   -0.9364
   -0.3136    0.8824    0.3508
    0.9413    0.3375   -0.0075
...   109 C-G ...
  -94.4422   24.7525   13.3840
   -0.3382    0.7314   -0.5922
   -0.1672    0.5725    0.8026
    0.9261    0.3705   -0.0714
...   110 G-C ...
  -91.4445   26.2353   13.4883
   -0.4511    0.8919   -0.0315
    0.0774    0.0743    0.9942
    0.8891    0.4461   -0.1026
...   111 G-C ...
  -88.5412   27.8368   12.8878
   -0.3970    0.7549    0.5221
    0.3229   -0.4176    0.8493
    0.8592    0.5057   -0.0779
...   112 C-G ...
  -85.9001   29.7741   12.3842
   -0.1905    0.3842    0.9034
    0.4900   -0.7602    0.4266
    0.8507    0.5239   -0.0434
...   113 T-A ...
  -83.2749   31.7927   12.3342
    0.0454   -0.1030    0.9936
    0.5269   -0.8426   -0.1114
    0.8487    0.5286    0.0160
...   114 C-G ...
  -80.5389   33.5832   12.4990
    0.3107   -0.5957    0.7407
    0.4054   -0.6218   -0.6701
    0.8597    0.5085    0.0483
...   115 G-C ...
  -77.5123   34.9972   12.4915
    0.3702   -0.8969    0.2419
    0.1910   -0.1813   -0.9647
    0.9091    0.4033    0.1042
...   116 T-A ...
  -74.5895   36.1861   13.4697
    0.3768   -0.8780   -0.2952
   -0.0227    0.3098   -0.9505
    0.9260    0.3649    0.0968
...   117 A-T ...
  -71.4334   37.1989   13.8113
    0.2069   -0.5806   -0.7875
   -0.2030    0.7619   -0.6151
    0.9571    0.2871    0.0398
...   118 T-A ...
  -68.1841   37.5022   14.1992
    0.0651   -0.1251   -0.9900
   -0.2735    0.9519   -0.1383
    0.9597    0.2798    0.0277
...   119 A-T ...
  -64.9846   38.4266   14.1693
   -0.1758    0.4259   -0.8875
   -0.2307    0.8586    0.4578
    0.9570    0.2852   -0.0527
...   120 A-T ...
  -61.8474   39.1573   13.7796
   -0.2757    0.8368   -0.4731
   -0.0832    0.4695    0.8790
    0.9576    0.2817   -0.0599
...   121 T-A ...
  -58.7549   39.8932   12.9151
   -0.2781    0.9599    0.0354
    0.0718   -0.0160    0.9973
    0.9579    0.2799   -0.0645
...   122 G-C ...
  -55.6063   40.9547   12.9867
   -0.2625    0.7533    0.6031
    0.2486   -0.5511    0.7965
    0.9324    0.3590   -0.0426
...   123 T-A ...
  -52.7688   42.6111   12.5053
   -0.1101    0.3471    0.9314
    0.3529   -0.8624    0.3631
    0.9292    0.3686   -0.0275
...   124 G-C ...
  -49.6132   43.6432   12.6375
    0.0388   -0.2369    0.9708
    0.3714   -0.8985   -0.2341
    0.9277    0.3697    0.0531
...   125 T-A ...
  -46.7972   45.3292   13.1621
    0.2054   -0.6796    0.7043
    0.2927   -0.6440   -0.7068
    0.9339    0.3513    0.0666
...   126 C-G ...
  -43.7518   46.4959   13.5080
    0.3057   -0.9393    0.1558
    0.1160   -0.1257   -0.9853
    0.9450    0.3193    0.0706
...   127 G-C ...
  -40.5668   47.4962   13.4146
    0.1949   -0.8883   -0.4158
   -0.0586    0.4126   -0.9090
    0.9791    0.2016    0.0284
...   128 A-T ...
  -37.3578   48.0652   13.5907
    0.0712   -0.4990   -0.8637
   -0.1550    0.8498   -0.5038
    0.9853    0.1698   -0.0168
...   129 C-G ...
  -34.0702   47.9784   13.6611
   -0.0666   -0.0007   -0.9978
   -0.1544    0.9880    0.0096
    0.9858    0.1547   -0.0659
...   130 C-G ...
  -30.7447   48.1688   13.1534
   -0.2405    0.5066   -0.8280
   -0.0593    0.8437    0.5335
    0.9688    0.1774   -0.1728
...   131 A-T ...
  -27.5614   48.9211   12.5168
   -0.3393    0.8656   -0.3683
    0.1360    0.4326    0.8913
    0.9308    0.2523   -0.2645
...   132 A-T ...
  -24.6351   49.7276   11.3722
   -0.1997    0.9592    0.2003
    0.3180   -0.1299    0.9392
    0.9268    0.2512   -0.2790
...   133 A-T ...
  -21.7510   50.6830   10.2153
    0.0384    0.7186    0.6943
    0.3807   -0.6530    0.6548
    0.9239    0.2391   -0.2987
...   134 T-A ...
  -19.0160   52.0245    8.9250
    0.2452    0.2905    0.9249
    0.3073   -0.9281    0.2101
    0.9195    0.2328   -0.3169
...   135 G-C ...
  -16.4638   53.8825    7.5153
    0.5339   -0.3333    0.7771
    0.0346   -0.9097   -0.4139
    0.8449    0.2479   -0.4741
...   136 T-A ...
  -14.1749   56.5548    6.1808
    0.5795   -0.7269    0.3685
   -0.3141   -0.6164   -0.7221
    0.7521    0.3026   -0.5855
...   137 G-C ...
  -11.6539   57.9993    4.7205
    0.2452   -0.9542   -0.1714
   -0.6323   -0.0234   -0.7744
    0.7349    0.2983   -0.6091
...   138 A-T ...
   -8.6759   58.7134    3.6025
   -0.0345   -0.7815   -0.6229
   -0.6536    0.4891   -0.5775
    0.7560    0.3872   -0.5277
...   139 G-C ...
   -6.3275   59.0728    1.6297
   -0.2969   -0.3279   -0.8968
   -0.5657    0.8171   -0.1114
    0.7693    0.4742   -0.4281
...   140 C-G ...
   -3.4369   60.2280    1.0287
   -0.4426    0.2287   -0.8671
   -0.1681    0.9286    0.3308
    0.8808    0.2922   -0.3725
...   141 G-C ...
   -0.6977   63.8912   -2.2509
   -0.9992    0.0157   -0.0376
   -0.0024    0.8991    0.4378
    0.0407    0.4375   -0.8983
...   142 C-G ...
   -1.0065   65.5989   -4.9400
   -0.8337    0.5216    0.1813
    0.5170    0.6219    0.5881
    0.1940    0.5841   -0.7882
...   143 T-A ...
   -0.1333   66.2085   -7.8196
   -0.3753    0.8566    0.3540
    0.8856    0.2187    0.4098
    0.2736    0.4673   -0.8407
...   144 C-G ...
   -0.1666   67.4021  -10.8067
    0.1797    0.8793    0.4411
    0.9277   -0.3007    0.2214
    0.3273    0.3694   -0.8697
...   145 A-T ...
    0.5266   69.2314  -13.4659
    0.7352    0.4964    0.4616
    0.6118   -0.7791   -0.1367
    0.2918    0.3829   -0.8765
...   146 C-G ...
    1.4338   72.0893  -15.6018
    0.9809    0.0621    0.1844
    0.1264   -0.9240   -0.3608
    0.1480    0.3772   -0.9142
...   147 A-T ...
    2.3047   74.2223  -18.3862
    0.8657   -0.4292   -0.2575
   -0.4984   -0.7868   -0.3642
   -0.0463    0.4436   -0.8950
