  147 base-pairs
...     1 A-T ...
    0.0000    0.0000    0.0000
    1.0000    0.0000    0.0000
    0.0000    1.0000    0.0000
    0.0000    0.0000    1.0000
...     2 G-C ...
   -0.1394   -1.2357    3.2268
    0.7529    0.6366    0.1670
   -0.6386    0.7680   -0.0486
   -0.1592   -0.0700    0.9848
...     3 T-A ...
   -0.0365   -3.2932    6.3751
    0.2722    0.9301    0.2466
   -0.9238    0.3243   -0.2033
   -0.2691   -0.1725    0.9475
...     4 G-C ...
   -0.3505   -4.1660    9.4928
   -0.3756    0.9250    0.0579
   -0.8781   -0.3352   -0.3415
   -0.2965   -0.1791    0.9381
...     5 A-T ...
   -0.4462   -4.1476   12.7498
   -0.8116    0.5840   -0.0165
   -0.5523   -0.7762   -0.3042
   -0.1905   -0.2378    0.9524
...     6 G-C ...
   -1.5908   -4.1730   15.6201
   -0.9976    0.0246   -0.0651
   -0.0043   -0.9555   -0.2950
   -0.0695   -0.2940    0.9533
...     7 C-G ...
   -1.1030   -4.4824   18.7362
   -0.8441   -0.5304   -0.0787
    0.5345   -0.8441   -0.0432
   -0.0435   -0.0785    0.9960
...     8 G-C ...
   -2.4028   -7.7290   23.1475
   -0.2754   -0.3293   -0.9032
    0.6650   -0.7437    0.0684
   -0.6942   -0.5818    0.4238
...     9 C-G ...
   -4.4690   -9.9728   24.1132
    0.1145   -0.7025   -0.7024
    0.8512   -0.2952    0.4340
   -0.5122   -0.6476    0.5642
...    10 T-A ...
   -6.7405  -10.8752   25.9697
    0.4841   -0.8363   -0.2574
    0.6595    0.1553    0.7355
   -0.5751   -0.5258    0.6267
...    11 C-G ...
   -9.1656  -12.6208   27.1640
    0.7073   -0.6682    0.2307
    0.3448    0.6110    0.7126
   -0.6171   -0.4245    0.6626
...    12 A-T ...
  -10.9234  -14.6633   29.0693
    0.7515   -0.1377    0.6452
   -0.2029    0.8824    0.4246
   -0.6277   -0.4500    0.6352
...    13 C-G ...
  -11.8476  -17.4863   31.2451
    0.4295    0.2823    0.8578
   -0.5708    0.8209    0.0156
   -0.6998   -0.4963    0.5137
...    14 A-T ...
  -13.5897  -19.7827   33.4259
   -0.1504    0.6104    0.7777
   -0.6874    0.5008   -0.5260
   -0.7106   -0.6136    0.3443
...    15 A-T ...
  -15.7238  -21.8032   34.7890
   -0.4950    0.7974    0.3450
   -0.4941    0.0682   -0.8667
   -0.7147   -0.5995    0.3602
...    16 T-A ...
  -17.7851  -23.6175   36.5961
   -0.6676    0.7315   -0.1385
   -0.1862   -0.3441   -0.9203
   -0.7208   -0.5886    0.3659
...    17 T-A ...
  -20.1058  -25.3639   38.0422
   -0.6552    0.4125   -0.6329
    0.2159   -0.7006   -0.6801
   -0.7240   -0.5822    0.3700
...    18 T-A ...
  -22.5461  -27.0118   39.4101
   -0.4230   -0.0589   -0.9042
    0.5448   -0.8139   -0.2018
   -0.7241   -0.5780    0.3763
...    19 A-T ...
  -24.8385  -29.0972   40.6507
    0.0066   -0.5190   -0.8547
    0.6787   -0.6254    0.3850
   -0.7344   -0.5827    0.3481
...    20 T-A ...
  -27.6593  -30.6435   41.3739
    0.3443   -0.7671   -0.5413
    0.5826   -0.2775    0.7639
   -0.7362   -0.5784    0.3514
...    21 T-A ...
  -30.1945  -32.4688   42.2665
    0.6047   -0.7964   -0.0065
    0.2876    0.2107    0.9343
   -0.7427   -0.5669    0.3564
...    22 C-G ...
  -32.5896  -34.4227   43.3514
    0.6787   -0.5071    0.5312
   -0.1242    0.6336    0.7636
   -0.7238   -0.5842    0.3671
...    23 G-C ...
  -35.0063  -36.1287   44.8966
    0.5728   -0.0082    0.8196
   -0.4916    0.7967    0.3516
   -0.6558   -0.6043    0.4524
...    24 C-G ...
  -36.8422  -38.4384   46.3935
    0.2503    0.4528    0.8558
   -0.7271    0.6716   -0.1427
   -0.6393   -0.5865    0.4973
...    25 A-T ...
  -39.0084  -40.2915   48.1141
   -0.1233    0.8109    0.5720
   -0.7618    0.2921   -0.5783
   -0.6360   -0.5070    0.5817
...    26 A-T ...
  -40.8749  -41.9060   50.2151
   -0.5163    0.8444    0.1428
   -0.5651   -0.2107   -0.7977
   -0.6435   -0.4926    0.5860
...    27 A-T ...
  -42.8656  -43.3361   52.3329
   -0.7309    0.5936   -0.3369
   -0.1860   -0.6482   -0.7384
   -0.6567   -0.4770    0.5841
...    28 G-C ...
  -45.0836  -44.5939   54.4346
   -0.6694    0.2103   -0.7126
    0.2035   -0.8705   -0.4481
   -0.7145   -0.4450    0.5399
...    29 G-C ...
  -47.7281  -45.7414   56.1796
   -0.3903   -0.2456   -0.8873
    0.5000   -0.8658    0.0197
   -0.7731   -0.4360    0.4607
...    30 C-G ...
  -50.5588  -46.8709   57.4559
   -0.0243   -0.6550   -0.7552
    0.6106   -0.6079    0.5075
   -0.7915   -0.4488    0.4147
...    31 C-G ...
  -53.3660  -48.4241   58.4762
    0.3649   -0.8467   -0.3872
    0.4955   -0.1754    0.8507
   -0.7882   -0.5023    0.3556
...    32 G-C ...
  -55.7179  -50.2543   59.9937
    0.6408   -0.7568    0.1290
    0.1734    0.3064    0.9360
   -0.7479   -0.5774    0.3276
...    33 G-C ...
  -58.1374  -52.4372   60.8729
    0.6756   -0.4310    0.5981
   -0.2185    0.6578    0.7208
   -0.7041   -0.6177    0.3503
...    34 C-G ...
  -60.2670  -54.7944   61.8473
    0.4686    0.0188    0.8832
   -0.5533    0.7856    0.2768
   -0.6887   -0.6184    0.3785
...    35 C-G ...
  -62.3377  -57.1195   63.1753
    0.1497    0.4868    0.8606
   -0.7199    0.6503   -0.2426
   -0.6777   -0.5832    0.4479
...    36 C-G ...
  -64.3483  -59.2414   64.8860
   -0.1922    0.8105    0.5534
   -0.6887    0.2903   -0.6644
   -0.6991   -0.5088    0.5024
...    37 G-C ...
  -66.8851  -60.8326   66.3544
   -0.4278    0.9033    0.0324
   -0.4827   -0.1980   -0.8531
   -0.7642   -0.3806    0.5208
...    38 A-T ...
  -69.3443  -61.9930   68.1422
   -0.5748    0.6531   -0.4930
   -0.1606   -0.6808   -0.7147
   -0.8024   -0.3316    0.4962
...    39 C-G ...
  -71.9514  -62.4875   70.0660
   -0.5319    0.2338   -0.8139
    0.1359   -0.9251   -0.3546
   -0.8358   -0.2992    0.4603
...    40 A-T ...
  -74.8205  -63.4931   71.4323
   -0.2620   -0.2718   -0.9260
    0.3524   -0.9202    0.1704
   -0.8984   -0.2817    0.3369
...    41 C-G ...
  -78.0082  -63.8959   72.1747
   -0.0141   -0.6976   -0.7164
    0.4081   -0.6581    0.6328
   -0.9128   -0.2834    0.2940
...    42 G-C ...
  -80.8604  -65.2812   73.2387
    0.2892   -0.9203   -0.2636
    0.2801   -0.1819    0.9426
   -0.9154   -0.3464    0.2052
...    43 A-T ...
  -83.8701  -66.4998   73.7726
    0.3989   -0.8489    0.3467
    0.0379    0.3931    0.9187
   -0.9162   -0.3533    0.1890
...    44 C-G ...
  -86.8113  -68.0878   73.9154
    0.3561   -0.5153    0.7795
   -0.1817    0.7801    0.5987
   -0.9166   -0.3548    0.1842
...    45 T-A ...
  -89.7243  -69.5836   74.5016
    0.2315   -0.0128    0.9728
   -0.3407    0.9355    0.0933
   -0.9112   -0.3530    0.2122
...    46 T-A ...
  -92.5742  -71.0096   75.1674
   -0.0213    0.5178    0.8552
   -0.3873    0.7844   -0.4845
   -0.9217   -0.3415    0.1838
...    47 A-T ...
  -95.6466  -72.1195   75.8200
   -0.1596    0.9003    0.4049
   -0.2973    0.3473   -0.8894
   -0.9414   -0.2623    0.2123
...    48 C-G ...
  -98.5317  -72.9976   77.1075
   -0.2322    0.9654   -0.1186
   -0.1731   -0.1610   -0.9717
   -0.9571   -0.2051    0.2045
...    49 T-A ...
 -101.6624  -73.3797   78.0458
   -0.1810    0.7674   -0.6151
   -0.0542   -0.6323   -0.7728
   -0.9820   -0.1065    0.1560
...    50 G-C ...
 -104.9958  -73.4879   78.3062
   -0.0204    0.3173   -0.9481
    0.0000   -0.9483   -0.3174
   -0.9998   -0.0065    0.0193
...    51 T-A ...
 -108.1981  -72.8478   78.2819
    0.0383   -0.2106   -0.9768
   -0.0221   -0.9775    0.2098
   -0.9990    0.0135   -0.0421
...    52 A-T ...
 -111.5039  -72.8956   77.9308
    0.0880   -0.7358   -0.6714
   -0.1021   -0.6771    0.7287
   -0.9909    0.0044   -0.1348
...    53 G-C ...
 -114.7172  -72.7867   77.1146
    0.0515   -0.9825   -0.1787
   -0.1782   -0.1852    0.9664
   -0.9827   -0.0179   -0.1846
...    54 G-C ...
 -117.9532  -73.1103   76.1846
   -0.0247   -0.9197    0.3919
   -0.2181    0.3876    0.8957
   -0.9756   -0.0634   -0.2101
...    55 T-A ...
 -121.0455  -73.7072   75.0065
   -0.1530   -0.5709    0.8066
   -0.1658    0.8195    0.5485
   -0.9742   -0.0499   -0.2200
...    56 T-A ...
 -124.1481  -74.1319   74.0677
   -0.2784    0.0158    0.9603
   -0.0112    0.9997   -0.0197
   -0.9604   -0.0163   -0.2781
...    57 C-G ...
 -127.2878  -74.2983   73.0664
   -0.2075    0.6080    0.7663
    0.1899    0.7935   -0.5781
   -0.9596    0.0256   -0.2801
...    58 A-T ...
 -130.4402  -74.1439   71.9796
    0.0588    0.9378    0.3423
    0.2845    0.3129   -0.9062
   -0.9569    0.1506   -0.2484
...    59 T-A ...
 -133.6611  -73.6586   71.8143
    0.2349    0.9622   -0.1374
    0.2237   -0.1911   -0.9557
   -0.9459    0.1938   -0.2602
...    60 G-C ...
 -136.7351  -72.6829   70.8858
    0.4873    0.6636   -0.5676
    0.0333   -0.6636   -0.7473
   -0.8726    0.3453   -0.3455
...    61 T-A ...
 -139.3697  -70.9836   70.0440
    0.5045    0.2082   -0.8379
   -0.2418   -0.8976   -0.3686
   -0.8289    0.3886   -0.4025
...    62 T-A ...
 -141.8835  -69.4901   68.6872
    0.3248   -0.3397   -0.8827
   -0.5121   -0.8478    0.1378
   -0.7952    0.4073   -0.4493
...    63 A-T ...
 -144.4788  -68.2704   66.9949
    0.0068   -0.7925   -0.6099
   -0.6583   -0.4626    0.5938
   -0.7527    0.3975   -0.5248
...    64 T-A ...
 -146.4406  -66.8021   64.7694
   -0.3515   -0.9064   -0.2344
   -0.5806    0.0147    0.8141
   -0.7344    0.4222   -0.5314
...    65 A-T ...
 -149.1150  -65.0423   63.5504
   -0.7324   -0.6105    0.3016
   -0.1839    0.6038    0.7757
   -0.6556    0.5126   -0.5545
...    66 A-T ...
 -151.1736  -63.5906   61.4611
   -0.7495   -0.0990    0.6546
    0.3028    0.8280    0.4719
   -0.5887    0.5519   -0.5906
...    67 C-G ...
 -153.3751  -62.2636   59.3260
   -0.4756    0.3530    0.8058
    0.6679    0.7410    0.0696
   -0.5725    0.5712   -0.5881
...    68 G-C ...
 -154.8263  -60.1716   57.1529
    0.0410    0.6279    0.7772
    0.8489    0.3883   -0.3585
   -0.5269    0.6745   -0.5171
...    69 G-C ...
 -156.8382  -58.0232   55.5190
    0.5429    0.6478    0.5345
    0.7112   -0.0162   -0.7028
   -0.4466    0.7617   -0.4695
...    70 A-T ...
 -158.3008  -55.5296   54.0774
    0.8873    0.4507    0.0977
    0.2868   -0.3733   -0.8823
   -0.3612    0.8108   -0.4605
...    71 A-T ...
 -159.3060  -52.7673   52.7858
    0.9304    0.1111   -0.3493
   -0.2409   -0.5330   -0.8111
   -0.2763    0.8388   -0.4692
...    72 T-A ...
 -159.7766  -49.7310   51.7276
    0.7098   -0.2022   -0.6748
   -0.6677   -0.4983   -0.5530
   -0.2245    0.8431   -0.4887
...    73 C-G ...
 -160.1769  -47.0366   49.9626
    0.2178   -0.4920   -0.8429
   -0.9638   -0.2444   -0.1064
   -0.1537    0.8356   -0.5274
...    74 T-A ...
 -160.2336  -44.3610   48.0321
   -0.3069   -0.5827   -0.7525
   -0.9464    0.1035    0.3058
   -0.1003    0.8061   -0.5833
...    75 C-G ...
 -160.5051  -41.8688   45.9114
   -0.8065   -0.3988   -0.4366
   -0.5872    0.4540    0.6701
   -0.0690    0.7968   -0.6003
...    76 G-C ...
 -160.9921  -39.0160   44.2621
   -0.9952   -0.0889    0.0404
   -0.0238    0.6223    0.7824
   -0.0947    0.7777   -0.6214
...    77 A-T ...
 -161.1849  -36.5392   42.1015
   -0.8149    0.3088    0.4904
    0.5753    0.5338    0.6198
   -0.0703    0.7872   -0.6127
...    78 G-C ...
 -161.5959  -34.0736   39.9324
   -0.3878    0.5083    0.7689
    0.9201    0.2628    0.2903
   -0.0546    0.8201   -0.5696
...    79 C-G ...
 -162.1274  -31.4921   37.9411
    0.1685    0.5200    0.8374
    0.9856   -0.0762   -0.1510
   -0.0147    0.8508   -0.5253
...    80 T-A ...
 -162.3791  -28.5723   36.4504
    0.6416    0.3219    0.6962
    0.7650   -0.3350   -0.5500
    0.0562    0.8855   -0.4612
...    81 C-G ...
 -162.1657  -25.6432   35.0876
    0.9506   -0.0030    0.3105
    0.2763   -0.4482   -0.8502
    0.1417    0.8939   -0.4252
...    82 G-C ...
 -161.3073  -22.8038   33.5960
    0.9113   -0.4000   -0.0975
   -0.2406   -0.3253   -0.9145
    0.3340    0.8569   -0.3927
...    83 G-C ...
 -159.5882  -20.0703   32.6082
    0.6098   -0.6087   -0.5076
   -0.6469   -0.0123   -0.7625
    0.4579    0.7933   -0.4013
...    84 G-C ...
 -157.4638  -17.7837   31.2884
    0.1351   -0.5920   -0.7946
   -0.8310    0.3691   -0.4162
    0.5396    0.7165   -0.4421
...    85 A-T ...
 -155.5369  -15.6201   29.7379
   -0.3817   -0.2709   -0.8837
   -0.7305    0.6742    0.1088
    0.5663    0.6871   -0.4552
...    86 T-A ...
 -153.2337  -13.9166   28.0647
   -0.6822    0.1325   -0.7191
   -0.4318    0.7206    0.5424
    0.5901    0.6805   -0.4344
...    87 C-G ...
 -151.2700  -11.7684   26.5272
   -0.7979    0.5426   -0.2625
    0.0567    0.5011    0.8635
    0.6001    0.6741   -0.4306
...    88 C-G ...
 -149.2984   -9.6144   24.8354
   -0.6696    0.6911    0.2719
    0.4767    0.1191    0.8710
    0.5696    0.7128   -0.4092
...    89 G-C ...
 -147.0500   -7.3677   23.8275
   -0.3508    0.5672    0.7451
    0.7525   -0.3028    0.5848
    0.5573    0.7659   -0.3206
...    90 C-G ...
 -145.5463   -4.7089   22.5961
    0.0695    0.2714    0.9600
    0.8145   -0.5711    0.1025
    0.5760    0.7747   -0.2607
...    91 T-A ...
 -143.8592   -1.9592   21.9640
    0.4146   -0.1267    0.9011
    0.6715   -0.6256   -0.3970
    0.6141    0.7697   -0.1743
...    92 T-A ...
 -141.9728    0.6318   21.6181
    0.6776   -0.4872    0.5509
    0.3443   -0.4518   -0.8230
    0.6499    0.7474   -0.1384
...    93 T-A ...
 -139.8571    3.0598   21.4599
    0.7219   -0.6915    0.0243
   -0.0652   -0.1030   -0.9925
    0.6889    0.7150   -0.1194
...    94 A-T ...
 -137.2594    5.1438   21.3896
    0.4719   -0.7392   -0.4806
   -0.3875    0.3157   -0.8661
    0.7919    0.5950   -0.1375
...    95 A-T ...
 -134.5111    6.8403   21.1277
    0.1721   -0.4456   -0.8785
   -0.5656    0.6855   -0.4585
    0.8065    0.5758   -0.1340
...    96 C-G ...
 -131.4829    8.1528   20.7797
   -0.1569   -0.0405   -0.9868
   -0.5519    0.8322    0.0536
    0.8190    0.5530   -0.1529
...    97 A-T ...
 -128.8607   10.0970   20.2389
   -0.4938    0.3984   -0.7729
   -0.3365    0.7320    0.5924
    0.8018    0.5526   -0.2274
...    98 C-G ...
 -126.1155   11.5139   18.9970
   -0.6012    0.7175   -0.3518
   -0.0262    0.4222    0.9061
    0.7987    0.5540   -0.2351
...    99 T-A ...
 -123.5722   13.3242   17.8972
   -0.5563    0.8110    0.1813
    0.2957   -0.0107    0.9552
    0.7766    0.5850   -0.2338
...   100 T-A ...
 -121.1519   15.2283   16.8638
   -0.2829    0.6704    0.6859
    0.5444   -0.4765    0.6903
    0.7897    0.5687   -0.2302
...   101 T-A ...
 -118.7539   17.2187   15.9738
    0.0627    0.2840    0.9568
    0.5988   -0.7777    0.1916
    0.7985    0.5609   -0.2188
...   102 A-T ...
 -116.1187   19.1558   15.4288
    0.2923   -0.2555    0.9216
    0.4782   -0.7955   -0.3722
    0.8282    0.5494   -0.1104
...   103 T-A ...
 -113.7054   21.3641   15.5262
    0.4677   -0.6282    0.6218
    0.2748   -0.5652   -0.7778
    0.8401    0.5347   -0.0918
...   104 G-C ...
 -110.7400   22.8808   15.3794
    0.4230   -0.8992    0.1120
    0.0131   -0.1176   -0.9930
    0.9060    0.4215   -0.0380
...   105 C-G ...
 -107.6707   24.0268   15.7319
    0.3109   -0.8478   -0.4297
   -0.1861    0.3891   -0.9022
    0.9320    0.3605   -0.0369
...   106 T-A ...
 -104.4690   24.8343   15.8219
    0.1097   -0.5503   -0.8277
   -0.2794    0.7821   -0.5570
    0.9539    0.2924   -0.0680
...   107 T-A ...
 -101.2901   25.4857   15.7230
   -0.0594   -0.0165   -0.9981
   -0.2846    0.9587    0.0010
    0.9568    0.2841   -0.0616
...   108 C-G ...
  -98.1374   26.2956   15.3893
   -0.2340    0.5364   -0.8109
   -0.1809    0.7954    0.5784
    0.9553    0.2820   -0.0891
...   109 C-G ...
  -94.9313   27.1134   14.7496
   -0.3604    0.8578   -0.3664
   -0.0059    0.3907    0.9205
    0.9328    0.3338   -0.1358
...   110 G-C ...
  -91.8514   28.3783   14.6937
   -0.3896    0.8956    0.2149
    0.2142   -0.1389    0.9669
    0.8957    0.4227   -0.1377
...   111 G-C ...
  -88.9699   29.9678   14.0029
   -0.2827    0.6472    0.7080
    0.4013   -0.5906    0.7001
    0.8712    0.4820   -0.0927
...   112 C-G ...
  -86.3241   31.8863   13.5459
   -0.0628    0.2066    0.9764
    0.4948   -0.8432    0.2102
    0.8667    0.4964   -0.0492
...   113 T-A ...
  -83.6390   33.8071   13.5694
    0.1448   -0.2877    0.9467
    0.4698   -0.8221   -0.3217
    0.8708    0.4914    0.0161
...   114 C-G ...
  -80.8274   35.4514   13.7790
    0.3510   -0.7279    0.5890
    0.3095   -0.5035   -0.8067
    0.8838    0.4654    0.0486
...   115 G-C ...
  -77.7605   36.7327   13.7507
    0.3462   -0.9367    0.0527
    0.0997   -0.0191   -0.9948
    0.9328    0.3497    0.0868
...   116 T-A ...
  -74.7222   37.6489   14.6493
    0.3103   -0.8295   -0.4643
   -0.0842    0.4625   -0.8826
    0.9469    0.3130    0.0736
...   117 A-T ...
  -71.5061   38.4437   14.9173
    0.1174   -0.4641   -0.8780
   -0.2113    0.8521   -0.4787
    0.9703    0.2417    0.0020
...   118 T-A ...
  -68.2270   38.5612   15.0840
   -0.0138    0.0163   -0.9998
   -0.2366    0.9714    0.0191
    0.9715    0.2368   -0.0095
...   119 A-T ...
  -64.9975   39.3088   14.9140
   -0.2216    0.5404   -0.8117
   -0.1582    0.8015    0.5767
    0.9622    0.2562   -0.0921
...   120 A-T ...
  -61.8707   39.9669   14.3647
   -0.2742    0.8951   -0.3517
   -0.0014    0.3654    0.9309
    0.9617    0.2557   -0.0989
...   121 T-A ...
  -58.8251   40.7009   13.3609
   -0.2394    0.9577    0.1597
    0.1393   -0.1289    0.9818
    0.9609    0.2572   -0.1026
...   122 G-C ...
  -55.6614   41.6868   13.2873
   -0.2046    0.6952    0.6891
    0.2793   -0.6332    0.7218
    0.9381    0.3402   -0.0646
...   123 T-A ...
  -52.8227   43.3175   12.8006
   -0.0523    0.2623    0.9636
    0.3493   -0.8991    0.2637
    0.9355    0.3504   -0.0446
...   124 G-C ...
  -49.6642   44.3185   12.8823
    0.0713   -0.3159    0.9461
    0.3401   -0.8840   -0.3208
    0.9377    0.3446    0.0444
...   125 T-A ...
  -46.8005   45.8964   13.4275
    0.2121   -0.7340    0.6452
    0.2533   -0.5964   -0.7617
    0.9439    0.3250    0.0594
...   126 C-G ...
  -43.7256   46.9569   13.7716
    0.2858   -0.9544    0.0857
    0.0861   -0.0635   -0.9943
    0.9544    0.2916    0.0641
...   127 G-C ...
  -40.5301   47.8652   13.6678
    0.1621   -0.8681   -0.4691
   -0.0671    0.4646   -0.8830
    0.9845    0.1746    0.0170
...   128 A-T ...
  -37.3102   48.3341   13.8123
    0.0412   -0.4585   -0.8878
   -0.1423    0.8768   -0.4594
    0.9890    0.1452   -0.0291
...   129 C-G ...
  -34.0303   48.1604   13.8123
   -0.0838    0.0414   -0.9956
   -0.1292    0.9903    0.0520
    0.9881    0.1330   -0.0777
...   130 C-G ...
  -30.7127   48.2710   13.2597
   -0.2419    0.5376   -0.8077
   -0.0328    0.8275    0.5606
    0.9698    0.1621   -0.1825
...   131 A-T ...
  -27.5320   48.9507   12.5771
   -0.3303    0.8784   -0.3453
    0.1555    0.4115    0.8980
    0.9310    0.2429   -0.2725
...   132 A-T ...
  -24.6168   49.7351   11.3978
   -0.1875    0.9585    0.2148
    0.3269   -0.1454    0.9338
    0.9263    0.2453   -0.2860
...   133 A-T ...
  -21.7439   50.6844   10.2180
    0.0449    0.7148    0.6979
    0.3818   -0.6579    0.6492
    0.9232    0.2373   -0.3024
...   134 T-A ...
  -19.0160   52.0245    8.9251
    0.2452    0.2905    0.9249
    0.3073   -0.9281    0.2101
    0.9195    0.2328   -0.3169
...   135 G-C ...
  -16.4638   53.8825    7.5154
    0.5339   -0.3333    0.7771
    0.0346   -0.9097   -0.4139
    0.8449    0.2479   -0.4741
...   136 T-A ...
  -14.1750   56.5547    6.1809
    0.5795   -0.7269    0.3685
   -0.3141   -0.6164   -0.7221
    0.7521    0.3026   -0.5855
...   137 G-C ...
  -11.6539   57.9993    4.7205
    0.2452   -0.9542   -0.1714
   -0.6323   -0.0234   -0.7744
    0.7349    0.2983   -0.6091
...   138 A-T ...
   -8.6759   58.7134    3.6025
   -0.0345   -0.7815   -0.6229
   -0.6536    0.4891   -0.5775
    0.7560    0.3872   -0.5277
...   139 G-C ...
   -6.3275   59.0728    1.6297
   -0.2969   -0.3279   -0.8968
   -0.5657    0.8171   -0.1114
    0.7693    0.4742   -0.4281
...   140 C-G ...
   -3.4369   60.2279    1.0288
   -0.4426    0.2287   -0.8671
   -0.1681    0.9286    0.3308
    0.8808    0.2922   -0.3725
...   141 G-C ...
   -0.6977   63.8912   -2.2509
   -0.9992    0.0157   -0.0376
   -0.0024    0.8991    0.4378
    0.0407    0.4375   -0.8983
...   142 C-G ...
   -1.0065   65.5989   -4.9400
   -0.8337    0.5216    0.1813
    0.5170    0.6219    0.5881
    0.1940    0.5841   -0.7882
...   143 T-A ...
   -0.1333   66.2085   -7.8195
   -0.3753    0.8566    0.3540
    0.8856    0.2187    0.4098
    0.2736    0.4673   -0.8407
...   144 C-G ...
   -0.1666   67.4021  -10.8066
    0.1797    0.8793    0.4411
    0.9277   -0.3007    0.2214
    0.3273    0.3694   -0.8697
...   145 A-T ...
    0.5266   69.2313  -13.4658
    0.7352    0.4964    0.4616
    0.6118   -0.7791   -0.1367
    0.2918    0.3829   -0.8765
...   146 C-G ...
    1.4338   72.0893  -15.6018
    0.9809    0.0621    0.1844
    0.1264   -0.9240   -0.3608
    0.1480    0.3772   -0.9142
...   147 A-T ...
    2.3047   74.2223  -18.3862
    0.8657   -0.4292   -0.2575
   -0.4984   -0.7868   -0.3642
   -0.0463    0.4436   -0.8950
