  147 base-pairs
...     1 A-T ...
    0.0000    0.0000    0.0000
    1.0000    0.0000    0.0000
    0.0000    1.0000    0.0000
    0.0000    0.0000    1.0000
...     2 G-C ...
   -0.1394   -1.2357    3.2268
    0.7529    0.6366    0.1670
   -0.6386    0.7680   -0.0486
   -0.1592   -0.0700    0.9848
...     3 T-A ...
   -0.0365   -3.2932    6.3751
    0.2722    0.9301    0.2466
   -0.9238    0.3243   -0.2033
   -0.2691   -0.1725    0.9475
...     4 G-C ...
   -0.3505   -4.1660    9.4928
   -0.3756    0.9250    0.0579
   -0.8781   -0.3352   -0.3415
   -0.2965   -0.1791    0.9381
...     5 A-T ...
   -0.4462   -4.1476   12.7498
   -0.8116    0.5840   -0.0165
   -0.5523   -0.7762   -0.3042
   -0.1905   -0.2378    0.9524
...     6 G-C ...
   -1.5908   -4.1730   15.6201
   -0.9976    0.0246   -0.0651
   -0.0043   -0.9555   -0.2950
   -0.0695   -0.2940    0.9533
...     7 C-G ...
   -1.1030   -4.4824   18.7362
   -0.8441   -0.5304   -0.0787
    0.5345   -0.8441   -0.0432
   -0.0435   -0.0785    0.9960
...     8 G-C ...
   -2.4028   -7.7290   23.1475
   -0.2754   -0.3293   -0.9032
    0.6650   -0.7437    0.0684
   -0.6942   -0.5818    0.4238
...     9 C-G ...
   -4.4690   -9.9728   24.1132
    0.1145   -0.7025   -0.7024
    0.8512   -0.2952    0.4340
   -0.5122   -0.6476    0.5642
...    10 T-A ...
   -6.7405  -10.8752   25.9697
    0.4841   -0.8363   -0.2574
    0.6595    0.1553    0.7355
   -0.5751   -0.5258    0.6267
...    11 C-G ...
   -9.1656  -12.6208   27.1640
    0.7073   -0.6682    0.2307
    0.3448    0.6110    0.7126
   -0.6171   -0.4245    0.6626
...    12 A-T ...
  -10.9234  -14.6633   29.0693
    0.7515   -0.1377    0.6452
   -0.2029    0.8824    0.4246
   -0.6277   -0.4500    0.6352
...    13 C-G ...
  -11.8476  -17.4863   31.2451
    0.4295    0.2823    0.8578
   -0.5708    0.8209    0.0156
   -0.6998   -0.4963    0.5137
...    14 A-T ...
  -13.5897  -19.7827   33.4259
   -0.1504    0.6104    0.7777
   -0.6874    0.5008   -0.5260
   -0.7106   -0.6136    0.3443
...    15 A-T ...
  -15.7175  -21.7996   34.7983
   -0.4895    0.7984    0.3507
   -0.4984    0.0739   -0.8638
   -0.7155   -0.5976    0.3617
...    16 T-A ...
  -17.7762  -23.6064   36.6106
   -0.6627    0.7379   -0.1277
   -0.1965   -0.3359   -0.9212
   -0.7226   -0.5854    0.3676
...    17 T-A ...
  -20.0994  -25.3344   38.0697
   -0.6566    0.4294   -0.6201
    0.1990   -0.6944   -0.6915
   -0.7275   -0.5774    0.3705
...    18 T-A ...
  -22.5493  -26.9569   39.4452
   -0.4356   -0.0333   -0.8995
    0.5278   -0.8189   -0.2253
   -0.7291   -0.5729    0.3743
...    19 A-T ...
  -24.9222  -28.9530   40.6419
   -0.0164   -0.4802   -0.8770
    0.6688   -0.6573    0.3474
   -0.7432   -0.5809    0.3320
...    20 T-A ...
  -27.7673  -30.4619   41.3320
    0.3180   -0.7465   -0.5845
    0.5870   -0.3291    0.7397
   -0.7445   -0.5783    0.3335
...    21 T-A ...
  -30.3329  -32.2692   42.1623
    0.5857   -0.8079   -0.0647
    0.3097    0.1494    0.9390
   -0.7490   -0.5701    0.3377
...    22 C-G ...
  -32.7429  -34.2326   43.1718
    0.6791   -0.5552    0.4802
   -0.0914    0.5852    0.8057
   -0.7284   -0.5910    0.3467
...    23 G-C ...
  -35.1409  -35.9895   44.6626
    0.5966   -0.0791    0.7986
   -0.4622    0.7796    0.4225
   -0.6560   -0.6212    0.4286
...    24 C-G ...
  -36.9740  -38.3561   46.0528
    0.2901    0.3807    0.8780
   -0.7148    0.6962   -0.0657
   -0.6363   -0.6085    0.4742
...    25 A-T ...
  -39.1070  -40.2870   47.7137
   -0.0790    0.7643    0.6400
   -0.7757    0.3561   -0.5210
   -0.6261   -0.5377    0.5647
...    26 A-T ...
  -40.9214  -42.0238   49.7615
   -0.4860    0.8411    0.2374
   -0.6035   -0.1266   -0.7872
   -0.6321   -0.5259    0.5691
...    27 A-T ...
  -42.8538  -43.5800   51.8437
   -0.7273    0.6404   -0.2466
   -0.2376   -0.5720   -0.7851
   -0.6438   -0.5124    0.5682
...    28 G-C ...
  -45.0056  -44.9639   53.9267
   -0.6947    0.2988   -0.6543
    0.1544   -0.8264   -0.5414
   -0.7025   -0.4772    0.5280
...    29 G-C ...
  -47.5938  -46.1920   55.6972
   -0.4402   -0.1360   -0.8875
    0.4708   -0.8766   -0.0992
   -0.7646   -0.4615    0.4499
...    30 C-G ...
  -50.3892  -47.3603   56.9926
   -0.0833   -0.5603   -0.8241
    0.6137   -0.6804    0.4006
   -0.7852   -0.4724    0.4005
...    31 C-G ...
  -53.2051  -48.9216   57.9601
    0.3170   -0.7986   -0.5117
    0.5331   -0.2962    0.7925
   -0.7845   -0.5240    0.3318
...    32 G-C ...
  -55.5269  -50.8831   59.3243
    0.6254   -0.7801   -0.0170
    0.2339    0.1667    0.9579
   -0.7444   -0.6031    0.2868
...    33 G-C ...
  -57.9313  -53.1416   60.0119
    0.6988   -0.5277    0.4829
   -0.1582    0.5443    0.8238
   -0.6976   -0.6521    0.2969
...    34 C-G ...
  -60.0364  -55.5900   60.7606
    0.5230   -0.1278    0.8427
   -0.5161    0.7394    0.4324
   -0.6783   -0.6611    0.3207
...    35 C-G ...
  -62.0555  -58.0648   61.8634
    0.2148    0.3360    0.9170
   -0.7201    0.6888   -0.0837
   -0.6597   -0.6424    0.3899
...    36 C-G ...
  -63.9904  -60.4091   63.3470
   -0.1411    0.7040    0.6961
   -0.7254    0.4050   -0.5566
   -0.6737   -0.5834    0.4536
...    37 G-C ...
  -66.4500  -62.2129   64.6696
   -0.4129    0.8830    0.2231
   -0.5402   -0.0402   -0.8406
   -0.7333   -0.4676    0.4936
...    38 A-T ...
  -68.7852  -63.6918   66.3829
   -0.5991    0.7330   -0.3223
   -0.2147   -0.5348   -0.8172
   -0.7714   -0.4204    0.4778
...    39 C-G ...
  -71.2605  -64.5495   68.3486
   -0.5825    0.3861   -0.7152
    0.1029   -0.8378   -0.5361
   -0.8063   -0.3859    0.4484
...    40 A-T ...
  -74.0407  -65.7769   69.7103
   -0.3224   -0.0741   -0.9437
    0.3537   -0.9341   -0.0475
   -0.8780   -0.3491    0.3274
...    41 C-G ...
  -77.1662  -66.3340   70.5556
   -0.0627   -0.5238   -0.8495
    0.4416   -0.7779    0.4470
   -0.8950   -0.3471    0.2801
...    42 G-C ...
  -79.9644  -67.9168   71.4256
    0.2761   -0.8264   -0.4907
    0.3371   -0.3948    0.8547
   -0.9001   -0.4014    0.1696
...    43 A-T ...
  -82.9142  -69.2979   71.8110
    0.4299   -0.8973    0.0999
    0.0904    0.1529    0.9841
   -0.8984   -0.4140    0.1468
...    44 C-G ...
  -85.8044  -70.9584   71.7157
    0.4147   -0.6864    0.5974
   -0.1563    0.5931    0.7898
   -0.8964   -0.4209    0.1387
...    45 T-A ...
  -88.6283  -72.6670   72.0605
    0.2947   -0.2622    0.9189
   -0.3564    0.8621    0.3602
   -0.8867   -0.4337    0.1606
...    46 T-A ...
  -91.3829  -74.3548   72.4724
    0.0149    0.2625    0.9648
   -0.4392    0.8686   -0.2295
   -0.8982   -0.4204    0.1282
...    47 A-T ...
  -94.3942  -75.7029   72.8920
   -0.1872    0.7402    0.6458
   -0.3549    0.5621   -0.7471
   -0.9160   -0.3691    0.1575
...    48 C-G ...
  -97.1759  -77.0843   73.9626
   -0.2939    0.9409    0.1682
   -0.2052    0.1097   -0.9726
   -0.9335   -0.3204    0.1608
...    49 T-A ...
 -100.2320  -77.9433   74.8277
   -0.2577    0.8968   -0.3595
   -0.0421   -0.3822   -0.9231
   -0.9653   -0.2228    0.1363
...    50 G-C ...
 -103.5290  -78.3810   75.1497
   -0.0765    0.5863   -0.8065
    0.0609   -0.8046   -0.5907
   -0.9952   -0.0943    0.0258
...    51 T-A ...
 -106.7613  -78.0363   75.3629
    0.0276    0.1079   -0.9938
    0.0645   -0.9923   -0.1060
   -0.9975   -0.0611   -0.0344
...    52 A-T ...
 -110.0480  -78.0570   74.9286
    0.1769   -0.4420   -0.8794
   -0.0294   -0.8955    0.4442
   -0.9838   -0.0528   -0.1714
...    53 G-C ...
 -113.2289  -78.0104   74.0323
    0.1831   -0.8398   -0.5111
   -0.1661   -0.5389    0.8259
   -0.9689   -0.0663   -0.2382
...    54 G-C ...
 -116.3487  -78.4070   72.7996
    0.1051   -0.9940    0.0319
   -0.2923   -0.0002    0.9563
   -0.9505   -0.1098   -0.2905
...    55 T-A ...
 -119.2743  -78.9503   71.2629
   -0.0776   -0.8449    0.5293
   -0.3084    0.5252    0.7932
   -0.9481   -0.1017   -0.3013
...    56 A-T ...
 -122.5797  -78.6710   70.4854
   -0.3475   -0.2986    0.8889
   -0.1382    0.9539    0.2665
   -0.9275   -0.0302   -0.3727
...    57 T-A ...
 -125.5448  -79.4423   69.2184
   -0.3884    0.2312    0.8920
    0.0811    0.9728   -0.2168
   -0.9179   -0.0119   -0.3966
...    58 C-G ...
 -128.5381  -79.5982   67.8704
   -0.2266    0.7570    0.6129
    0.3217    0.6521   -0.6865
   -0.9194    0.0416   -0.3912
...    59 T-A ...
 -131.6865  -79.4795   66.8877
    0.0633    0.9751    0.2124
    0.4006    0.1701   -0.9003
   -0.9140    0.1421   -0.3799
...    60 C-G ...
 -134.6743  -78.9409   65.7381
    0.3640    0.8828   -0.2970
    0.2876   -0.4098   -0.8656
   -0.8859    0.2297   -0.4030
...    61 G-C ...
 -137.4266  -78.0105   64.1057
    0.6226    0.4778   -0.6198
    0.0012   -0.7925   -0.6098
   -0.7826    0.3789   -0.4940
...    62 A-T ...
 -139.7858  -76.5799   62.3862
    0.5680   -0.0871   -0.8184
   -0.3929   -0.9024   -0.1766
   -0.7232    0.4219   -0.5468
...    63 G-C ...
 -141.8662  -74.9031   60.4456
    0.3295   -0.5706   -0.7523
   -0.6736   -0.7003    0.2362
   -0.6616    0.4289   -0.6151
...    64 C-G ...
 -143.6277  -73.4452   58.0329
   -0.0800   -0.8693   -0.4878
   -0.7795   -0.2504    0.5741
   -0.6212    0.4261   -0.6576
...    65 T-A ...
 -145.4217  -72.1434   55.5538
   -0.4844   -0.8692   -0.0994
   -0.6398    0.2745    0.7179
   -0.5967    0.4113   -0.6890
...    66 C-G ...
 -147.3393  -70.8753   53.1792
   -0.7900   -0.5138    0.3345
   -0.2151    0.7432    0.6335
   -0.5741    0.4285   -0.6977
...    67 G-C ...
 -149.1258  -68.9482   51.1050
   -0.7414   -0.0115    0.6709
    0.2972    0.8909    0.3436
   -0.6016    0.4541   -0.6571
...    68 G-C ...
 -151.1261  -67.6327   48.7142
   -0.4138    0.4443    0.7946
    0.6777    0.7332   -0.0571
   -0.6079    0.5148   -0.6045
...    69 G-C ...
 -153.3211  -66.1297   46.6375
    0.0772    0.7076    0.7024
    0.8125    0.3636   -0.4556
   -0.5778    0.6059   -0.5469
...    70 T-A ...
 -155.6181  -64.2260   45.2978
    0.5181    0.7483    0.4143
    0.6689   -0.0526   -0.7415
   -0.5330    0.6613   -0.5278
...    71 C-G ...
 -157.3110  -61.9774   43.6990
    0.8529    0.5216   -0.0209
    0.2555   -0.4520   -0.8547
   -0.4553    0.7236   -0.5188
...    72 A-T ...
 -158.5796  -59.3593   42.0340
    0.9254    0.0718   -0.3720
   -0.2560   -0.6054   -0.7536
   -0.2794    0.7926   -0.5419
...    73 T-A ...
 -159.0591  -56.4203   40.7095
    0.6911   -0.2639   -0.6728
   -0.6835   -0.5411   -0.4899
   -0.2348    0.7985   -0.5544
...    74 G-C ...
 -159.6420  -53.9637   38.5366
    0.2115   -0.6001   -0.7714
   -0.9679   -0.2382   -0.0801
   -0.1357    0.7636   -0.6313
...    75 T-A ...
 -159.4152  -51.4788   36.3441
   -0.3262   -0.6397   -0.6960
   -0.9392    0.1356    0.3155
   -0.1075    0.7566   -0.6450
...    76 T-A ...
 -159.3945  -49.0857   34.1213
   -0.8169   -0.3884   -0.4265
   -0.5745    0.4815    0.6618
   -0.0517    0.7856   -0.6165
...    77 A-T ...
 -159.5228  -46.0029   32.6446
   -0.9919    0.1156    0.0531
    0.1110    0.5820    0.8056
    0.0622    0.8049   -0.5901
...    78 T-A ...
 -159.5018  -43.7676   30.1914
   -0.7918    0.4215    0.4420
    0.6027    0.4214    0.6777
    0.0994    0.8030   -0.5877
...    79 A-T ...
 -158.8116  -41.0519   28.3588
   -0.2611    0.5739    0.7762
    0.9566    0.0460    0.2878
    0.1294    0.8177   -0.5610
...    80 A-T ...
 -158.6026  -38.3743   26.5582
    0.3137    0.4744    0.8225
    0.9363   -0.2985   -0.1850
    0.1578    0.8282   -0.5378
...    81 C-G ...
 -158.5499  -35.4406   25.1383
    0.7338    0.1966    0.6503
    0.6466   -0.4956   -0.5799
    0.2083    0.8460   -0.4908
...    82 G-C ...
 -157.4931  -32.7204   23.5209
    0.9097   -0.2537    0.3287
    0.1750   -0.4838   -0.8575
    0.3766    0.8376   -0.3957
...    83 G-C ...
 -155.8309  -29.9016   22.6949
    0.8119   -0.5712   -0.1209
   -0.2981   -0.2274   -0.9270
    0.5020    0.7887   -0.3549
...    84 A-T ...
 -153.9307  -27.4699   21.6122
    0.4646   -0.6357   -0.6164
   -0.6847    0.1835   -0.7053
    0.5615    0.7498   -0.3500
...    85 A-T ...
 -151.8296  -25.2040   20.6104
    0.0016   -0.4101   -0.9120
   -0.8133    0.5302   -0.2398
    0.5819    0.7421   -0.3326
...    86 T-A ...
 -149.3698  -23.2464   19.5643
   -0.3987   -0.0635   -0.9149
   -0.6954    0.6713    0.2565
    0.5978    0.7385   -0.3118
...    87 C-G ...
 -147.3480  -20.9113   18.4219
   -0.7273    0.3572   -0.5860
   -0.3165    0.5831    0.7482
    0.6090    0.7297   -0.3110
...    88 C-G ...
 -145.2761  -18.5779   17.1283
   -0.8089    0.5845   -0.0639
    0.1358    0.2914    0.9469
    0.5721    0.7573   -0.3151
...    89 G-C ...
 -143.1431  -16.0687   16.5522
   -0.6400    0.5803    0.5037
    0.5553   -0.1037    0.8251
    0.5310    0.8078   -0.2559
...    90 C-G ...
 -141.6412  -13.3512   15.4171
   -0.2665    0.3900    0.8814
    0.8035   -0.4152    0.4266
    0.5323    0.8219   -0.2027
...    91 T-A ...
 -140.1571  -10.4631   14.8483
    0.1376    0.0516    0.9891
    0.8265   -0.5564   -0.0859
    0.5459    0.8293   -0.1192
...    92 T-A ...
 -138.5577   -7.6705   14.6008
    0.5421   -0.3017    0.7843
    0.6158   -0.4924   -0.6151
    0.5718    0.8164   -0.0812
...    93 T-A ...
 -136.7743   -4.9820   14.5945
    0.7608   -0.5625    0.3237
    0.2268   -0.2368   -0.9447
    0.6080    0.7922   -0.0526
...    94 A-T ...
 -134.5136   -2.5423   14.8216
    0.6642   -0.7144   -0.2204
   -0.1720    0.1409   -0.9750
    0.7275    0.6855   -0.0293
...    95 A-T ...
 -132.0053   -0.4986   14.9615
    0.4445   -0.5269   -0.7244
   -0.4945    0.5299   -0.6889
    0.7469    0.6645   -0.0250
...    96 C-G ...
 -129.1484    1.1755   15.1451
    0.1082   -0.1931   -0.9752
   -0.6310    0.7447   -0.2174
    0.7682    0.6389   -0.0413
...    97 A-T ...
 -126.6785    3.3765   14.9064
   -0.3221    0.2169   -0.9215
   -0.5474    0.7515    0.3682
    0.7724    0.6231   -0.1233
...    98 C-G ...
 -123.8664    4.9784   14.1061
   -0.5653    0.5744   -0.5920
   -0.2899    0.5336    0.7945
    0.7723    0.6208   -0.1351
...    99 T-A ...
 -121.3204    6.9542   13.3244
   -0.6590    0.7480   -0.0789
    0.0602    0.1570    0.9858
    0.7497    0.6448   -0.1485
...   100 T-A ...
 -118.9111    8.9971   12.5495
   -0.4908    0.7170    0.4950
    0.4128   -0.3090    0.8568
    0.7673    0.6248   -0.1443
...   101 T-A ...
 -116.5517   11.1209   11.8719
   -0.1695    0.4164    0.8932
    0.6063   -0.6705    0.4276
    0.7770    0.6140   -0.1388
...   102 A-T ...
 -113.9349   13.1439   11.5366
    0.1431   -0.0966    0.9850
    0.6001   -0.7829   -0.1640
    0.7870    0.6146   -0.0541
...   103 T-A ...
 -111.7608   15.5919   11.6862
    0.4048   -0.4867    0.7741
    0.4495   -0.6313   -0.6320
    0.7963    0.6038   -0.0367
...   104 G-C ...
 -108.9438   17.3817   11.7363
    0.4741   -0.8271    0.3019
    0.1835   -0.2426   -0.9526
    0.8611    0.5070    0.0367
...   105 C-G ...
 -106.0817   18.8986   12.3649
    0.4450   -0.8580   -0.2566
   -0.0756    0.2495   -0.9654
    0.8923    0.4490    0.0462
...   106 T-A ...
 -103.0089   20.0467   12.7837
    0.2782   -0.6347   -0.7210
   -0.2574    0.6739   -0.6925
    0.9254    0.3782    0.0241
...   107 T-A ...
  -99.9187   21.0110   13.0142
    0.0856   -0.1455   -0.9856
   -0.3596    0.9181   -0.1668
    0.9292    0.3688    0.0263
...   108 C-G ...
  -96.8270   22.0905   12.9742
   -0.1622    0.4087   -0.8981
   -0.3228    0.8381    0.4398
    0.9325    0.3613   -0.0040
...   109 C-G ...
  -93.6447   23.1538   12.6239
   -0.3743    0.7713   -0.5149
   -0.1577    0.4942    0.8549
    0.9138    0.4012   -0.0633
...   110 G-C ...
  -90.6900   24.7045   12.7770
   -0.4771    0.8770    0.0567
    0.1026   -0.0085    0.9947
    0.8729    0.4804   -0.0859
...   111 G-C ...
  -87.8603   26.4489   12.2397
   -0.4068    0.6959    0.5918
    0.3570   -0.4752    0.8042
    0.8409    0.5384   -0.0551
...   112 C-G ...
  -85.3020   28.5112   11.8429
   -0.1822    0.3039    0.9351
    0.5240   -0.7747    0.3539
    0.8320    0.5545   -0.0181
...   113 T-A ...
  -82.7534   30.6209   11.9071
    0.0682   -0.1776    0.9817
    0.5522   -0.8128   -0.1854
    0.8309    0.5548    0.0427
...   114 C-G ...
  -80.0812   32.4889   12.1709
    0.3423   -0.6383    0.6895
    0.4145   -0.5559   -0.7205
    0.8432    0.5324    0.0743
...   115 G-C ...
  -77.1110   34.0033   12.2381
    0.4013   -0.8995    0.1727
    0.1834   -0.1058   -0.9773
    0.8974    0.4239    0.1225
...   116 T-A ...
  -74.2193   35.2177   13.2668
    0.3997   -0.8436   -0.3586
   -0.0438    0.3732   -0.9267
    0.9156    0.3861    0.1122
...   117 A-T ...
  -71.0893   36.2774   13.6696
    0.2119   -0.5268   -0.8231
   -0.2297    0.7918   -0.5659
    0.9499    0.3090    0.0468
...   118 T-A ...
  -67.8459   36.6405   14.0418
    0.0562   -0.0664   -0.9962
   -0.2986    0.9510   -0.0803
    0.9527    0.3020    0.0337
...   119 A-T ...
  -64.6696   37.6264   14.0205
   -0.1981    0.4649   -0.8629
   -0.2459    0.8286    0.5029
    0.9488    0.3118   -0.0499
...   120 A-T ...
  -61.5580   38.4537   13.6253
   -0.3024    0.8507   -0.4300
   -0.0837    0.4257    0.9010
    0.9495    0.3084   -0.0575
...   121 T-A ...
  -58.4973   39.3083   12.7598
   -0.3013    0.9500    0.0816
    0.0841   -0.0588    0.9947
    0.9498    0.3066   -0.0622
...   122 G-C ...
  -55.3814   40.4510   12.8374
   -0.2749    0.7208    0.6363
    0.2703   -0.5771    0.7706
    0.9227    0.3838   -0.0362
...   123 T-A ...
  -52.5925   42.1962   12.3988
   -0.1103    0.3079    0.9450
    0.3769   -0.8668    0.3264
    0.9197    0.3922   -0.0204
...   124 G-C ...
  -49.4719   43.3170   12.5475
    0.0493   -0.2698    0.9617
    0.3905   -0.8810   -0.2671
    0.9193    0.3887    0.0619
...   125 T-A ...
  -46.6959   45.0488   13.1158
    0.2221   -0.6972    0.6816
    0.3038   -0.6147   -0.7279
    0.9265    0.3687    0.0753
...   126 C-G ...
  -43.6794   46.2691   13.4935
    0.3229   -0.9376    0.1288
    0.1168   -0.0956   -0.9885
    0.9392    0.3343    0.0786
...   127 G-C ...
  -40.5167   47.3219   13.4371
    0.2067   -0.8757   -0.4364
   -0.0649    0.4328   -0.8991
    0.9762    0.2142    0.0326
...   128 A-T ...
  -37.3186   47.9227   13.6241
    0.0757   -0.4818   -0.8730
   -0.1650    0.8574   -0.4875
    0.9834    0.1809   -0.0145
...   129 C-G ...
  -34.0341   47.8679   13.6876
   -0.0679    0.0138   -0.9976
   -0.1638    0.9862    0.0248
    0.9841    0.1651   -0.0647
...   130 C-G ...
  -30.7162   48.0954   13.1651
   -0.2455    0.5143   -0.8217
   -0.0650    0.8370    0.5433
    0.9672    0.1868   -0.1721
...   131 A-T ...
  -27.5454   48.8787   12.5257
   -0.3449    0.8664   -0.3610
    0.1345    0.4263    0.8945
    0.9289    0.2600   -0.2636
...   132 A-T ...
  -24.6270   49.7082   11.3761
   -0.2028    0.9574    0.2054
    0.3188   -0.1338    0.9383
    0.9259    0.2558   -0.2781
...   133 A-T ...
  -21.7490   50.6786   10.2150
    0.0381    0.7171    0.6959
    0.3815   -0.6541    0.6532
    0.9236    0.2406   -0.2985
...   134 T-A ...
  -19.0160   52.0245    8.9250
    0.2452    0.2905    0.9249
    0.3073   -0.9281    0.2101
    0.9195    0.2328   -0.3169
...   135 G-C ...
  -16.4638   53.8825    7.5153
    0.5339   -0.3333    0.7771
    0.0346   -0.9097   -0.4139
    0.8449    0.2479   -0.4741
...   136 T-A ...
  -14.1749   56.5547    6.1808
    0.5795   -0.7269    0.3685
   -0.3141   -0.6164   -0.7221
    0.7521    0.3026   -0.5855
...   137 G-C ...
  -11.6538   57.9993    4.7204
    0.2452   -0.9542   -0.1714
   -0.6323   -0.0234   -0.7744
    0.7349    0.2983   -0.6091
...   138 A-T ...
   -8.6759   58.7134    3.6024
   -0.0345   -0.7815   -0.6229
   -0.6536    0.4891   -0.5775
    0.7560    0.3872   -0.5277
...   139 G-C ...
   -6.3275   59.0728    1.6296
   -0.2969   -0.3279   -0.8968
   -0.5657    0.8171   -0.1114
    0.7693    0.4742   -0.4281
...   140 C-G ...
   -3.4369   60.2279    1.0287
   -0.4426    0.2287   -0.8671
   -0.1681    0.9286    0.3308
    0.8808    0.2922   -0.3725
...   141 G-C ...
   -0.6977   63.8912   -2.2510
   -0.9992    0.0157   -0.0376
   -0.0024    0.8991    0.4378
    0.0407    0.4375   -0.8983
...   142 C-G ...
   -1.0065   65.5989   -4.9401
   -0.8337    0.5216    0.1813
    0.5170    0.6219    0.5881
    0.1940    0.5841   -0.7882
...   143 T-A ...
   -0.1333   66.2085   -7.8196
   -0.3753    0.8566    0.3540
    0.8856    0.2187    0.4098
    0.2736    0.4673   -0.8407
...   144 C-G ...
   -0.1666   67.4021  -10.8068
    0.1797    0.8793    0.4411
    0.9277   -0.3007    0.2214
    0.3273    0.3694   -0.8697
...   145 A-T ...
    0.5266   69.2313  -13.4659
    0.7352    0.4964    0.4616
    0.6118   -0.7791   -0.1367
    0.2918    0.3829   -0.8765
...   146 C-G ...
    1.4338   72.0892  -15.6019
    0.9809    0.0621    0.1844
    0.1264   -0.9240   -0.3608
    0.1480    0.3772   -0.9142
...   147 A-T ...
    2.3047   74.2223  -18.3863
    0.8657   -0.4292   -0.2575
   -0.4984   -0.7868   -0.3642
   -0.0463    0.4436   -0.8950
