  147 base-pairs
...     1 A-T ...
    0.0000    0.0000    0.0000
    1.0000    0.0000    0.0000
    0.0000    1.0000    0.0000
    0.0000    0.0000    1.0000
...     2 G-C ...
   -0.1394   -1.2357    3.2268
    0.7529    0.6366    0.1670
   -0.6386    0.7680   -0.0486
   -0.1592   -0.0700    0.9848
...     3 T-A ...
   -0.0365   -3.2932    6.3751
    0.2722    0.9301    0.2466
   -0.9238    0.3243   -0.2033
   -0.2691   -0.1725    0.9475
...     4 G-C ...
   -0.3505   -4.1660    9.4928
   -0.3756    0.9250    0.0579
   -0.8781   -0.3352   -0.3415
   -0.2965   -0.1791    0.9381
...     5 A-T ...
   -0.4462   -4.1476   12.7498
   -0.8116    0.5840   -0.0165
   -0.5523   -0.7762   -0.3042
   -0.1905   -0.2378    0.9524
...     6 G-C ...
   -1.5908   -4.1730   15.6201
   -0.9976    0.0246   -0.0651
   -0.0043   -0.9555   -0.2950
   -0.0695   -0.2940    0.9533
...     7 C-G ...
   -1.1030   -4.4824   18.7362
   -0.8441   -0.5304   -0.0787
    0.5345   -0.8441   -0.0432
   -0.0435   -0.0785    0.9960
...     8 G-C ...
   -2.4028   -7.7290   23.1475
   -0.2754   -0.3293   -0.9032
    0.6650   -0.7437    0.0684
   -0.6942   -0.5818    0.4238
...     9 C-G ...
   -4.4690   -9.9728   24.1132
    0.1145   -0.7025   -0.7024
    0.8512   -0.2952    0.4340
   -0.5122   -0.6476    0.5642
...    10 T-A ...
   -6.7405  -10.8752   25.9697
    0.4841   -0.8363   -0.2574
    0.6595    0.1553    0.7355
   -0.5751   -0.5258    0.6267
...    11 C-G ...
   -9.1656  -12.6208   27.1640
    0.7073   -0.6682    0.2307
    0.3448    0.6110    0.7126
   -0.6171   -0.4245    0.6626
...    12 A-T ...
  -10.9234  -14.6633   29.0693
    0.7515   -0.1377    0.6452
   -0.2029    0.8824    0.4246
   -0.6277   -0.4500    0.6352
...    13 C-G ...
  -11.8476  -17.4863   31.2451
    0.4295    0.2823    0.8578
   -0.5708    0.8209    0.0156
   -0.6998   -0.4963    0.5137
...    14 A-T ...
  -13.5897  -19.7827   33.4259
   -0.1504    0.6104    0.7777
   -0.6874    0.5008   -0.5260
   -0.7106   -0.6136    0.3443
...    15 A-T ...
  -15.7076  -21.8049   34.8060
   -0.4893    0.7964    0.3555
   -0.5005    0.0774   -0.8623
   -0.7142   -0.5998    0.3607
...    16 T-A ...
  -17.7565  -23.6247   36.6169
   -0.6643    0.7379   -0.1193
   -0.1999   -0.3292   -0.9228
   -0.7202   -0.5892    0.3662
...    17 T-A ...
  -20.0651  -25.3663   38.0822
   -0.6616    0.4356   -0.6104
    0.1953   -0.6858   -0.7011
   -0.7240   -0.5830    0.3687
...    18 T-A ...
  -22.5012  -27.0050   39.4601
   -0.4435   -0.0180   -0.8961
    0.5264   -0.8144   -0.2442
   -0.7254   -0.5800    0.3707
...    19 A-T ...
  -24.9061  -28.9674   40.6217
   -0.0245   -0.4458   -0.8948
    0.6703   -0.6714    0.3162
   -0.7417   -0.5920    0.3153
...    20 T-A ...
  -27.7446  -30.4969   41.2720
    0.3119   -0.7197   -0.6203
    0.5934   -0.3623    0.7187
   -0.7420   -0.5923    0.3141
...    21 T-A ...
  -30.2989  -32.3425   42.0368
    0.5868   -0.8015   -0.1150
    0.3212    0.1001    0.9417
   -0.7433   -0.5895    0.3162
...    22 C-G ...
  -32.6768  -34.3738   42.9630
    0.6895   -0.5793    0.4347
   -0.0804    0.5353    0.8408
   -0.7198   -0.6147    0.3225
...    23 G-C ...
  -35.0124  -36.2494   44.3871
    0.6142   -0.1273    0.7788
   -0.4588    0.7454    0.4836
   -0.6421   -0.6543    0.3994
...    24 C-G ...
  -36.7846  -38.7185   45.6618
    0.3082    0.3200    0.8959
   -0.7219    0.6920    0.0012
   -0.6195   -0.6471    0.4443
...    25 A-T ...
  -38.8472  -40.7848   47.2345
   -0.0684    0.7122    0.6986
   -0.7927    0.3864   -0.4716
   -0.6058   -0.5861    0.5381
...    26 A-T ...
  -40.5790  -42.6994   49.1948
   -0.4880    0.8125    0.3188
   -0.6240   -0.0694   -0.7784
   -0.6103   -0.5788    0.5409
...    27 A-T ...
  -42.4264  -44.4484   51.2009
   -0.7421    0.6487   -0.1688
   -0.2540   -0.5052   -0.8248
   -0.6203   -0.5692    0.5397
...    28 G-C ...
  -44.4896  -46.0401   53.2184
   -0.7183    0.3482   -0.6023
    0.1469   -0.7702   -0.6206
   -0.6800   -0.5343    0.5021
...    29 G-C ...
  -46.9927  -47.4618   54.9621
   -0.4668   -0.0528   -0.8828
    0.4776   -0.8552   -0.2013
   -0.7443   -0.5156    0.4244
...    30 C-G ...
  -49.7242  -48.7863   56.2240
   -0.1033   -0.4696   -0.8768
    0.6347   -0.7099    0.3054
   -0.7658   -0.5249    0.3714
...    31 C-G ...
  -52.4949  -50.4719   57.0957
    0.3104   -0.7273   -0.6120
    0.5642   -0.3772    0.7344
   -0.7651   -0.5733    0.2933
...    32 G-C ...
  -54.7349  -52.6324   58.2596
    0.6384   -0.7571   -0.1386
    0.2656    0.0478    0.9629
   -0.7224   -0.6516    0.2316
...    33 G-C ...
  -57.0481  -55.0361   58.7117
    0.7277   -0.5704    0.3810
   -0.1377    0.4226    0.8958
   -0.6720   -0.7043    0.2290
...    34 C-G ...
  -59.0514  -57.6252   59.1971
    0.5589   -0.2312    0.7964
   -0.5152    0.6557    0.5519
   -0.6498   -0.7187    0.2473
...    35 C-G ...
  -60.9516  -60.2899   60.0252
    0.2428    0.2033    0.9485
   -0.7401    0.6710    0.0456
   -0.6271   -0.7131    0.3134
...    36 C-G ...
  -62.7615  -62.8824   61.2204
   -0.1329    0.5838    0.8010
   -0.7580    0.4608   -0.4616
   -0.6386   -0.6685    0.3813
...    37 G-C ...
  -65.1129  -64.9516   62.3131
   -0.4319    0.8198    0.3759
   -0.5704    0.0746   -0.8180
   -0.6987   -0.5677    0.4354
...    38 A-T ...
  -67.3188  -66.7882   63.8384
   -0.6350    0.7521   -0.1763
   -0.2274   -0.4001   -0.8878
   -0.7383   -0.5237    0.4251
...    39 C-G ...
  -69.6837  -68.0618   65.7081
   -0.6218    0.4792   -0.6194
    0.1110   -0.7291   -0.6754
   -0.7752   -0.4887    0.4002
...    40 A-T ...
  -72.3663  -69.5950   66.9461
   -0.3525    0.0855   -0.9319
    0.3826   -0.8956   -0.2269
   -0.8540   -0.4366    0.2830
...    41 C-G ...
  -75.4309  -70.4150   67.7623
   -0.0728   -0.3555   -0.9318
    0.4826   -0.8302    0.2790
   -0.8728   -0.4293    0.2320
...    42 G-C ...
  -78.1494  -72.2270   68.3583
    0.2943   -0.6961   -0.6549
    0.3787   -0.5442    0.7486
   -0.8775   -0.4683    0.1035
...    43 A-T ...
  -81.0142  -73.8022   68.5001
    0.4736   -0.8748   -0.1024
    0.1131   -0.0549    0.9921
   -0.8735   -0.4814    0.0730
...    44 C-G ...
  -83.8143  -75.5562   68.1043
    0.4666   -0.7763    0.4238
   -0.1610    0.3966    0.9038
   -0.8697   -0.4900    0.0600
...    45 T-A ...
  -86.5247  -77.4616   68.1137
    0.3358   -0.4446    0.8304
   -0.3913    0.7361    0.5523
   -0.8568   -0.5104    0.0733
...    46 T-A ...
  -89.1632  -79.3717   68.1699
    0.0249    0.0331    0.9991
   -0.4932    0.8697   -0.0165
   -0.8695   -0.4924    0.0380
...    47 A-T ...
  -92.0960  -80.9302   68.2678
   -0.2285    0.5524    0.8016
   -0.4007    0.6971   -0.5946
   -0.8873   -0.4571    0.0620
...    48 C-G ...
  -94.7698  -82.7124   68.9658
   -0.3583    0.8496    0.3869
   -0.2215    0.3252   -0.9193
   -0.9069   -0.4151    0.0717
...    49 T-A ...
  -97.7459  -83.9753   69.5705
   -0.3266    0.9360   -0.1312
   -0.0188   -0.1453   -0.9892
   -0.9450   -0.3207    0.0650
...    50 G-C ...
 -100.9937  -84.7279   69.7593
   -0.1224    0.7651   -0.6322
    0.1228   -0.6204   -0.7746
   -0.9849   -0.1724   -0.0181
...    51 T-A ...
 -104.2360  -84.6969   69.9946
    0.0228    0.3661   -0.9303
    0.1443   -0.9220   -0.3593
   -0.9893   -0.1261   -0.0738
...    52 A-T ...
 -107.5108  -84.7021   69.4671
    0.2446   -0.1519   -0.9576
    0.0398   -0.9852    0.1665
   -0.9688   -0.0789   -0.2350
...    53 G-C ...
 -110.6394  -84.6459   68.4292
    0.2870   -0.6303   -0.7214
   -0.1424   -0.7728    0.6185
   -0.9473   -0.0748   -0.3115
...    54 G-C ...
 -113.6266  -84.9362   66.8842
    0.2131   -0.9423   -0.2581
   -0.3339   -0.3185    0.8871
   -0.9182   -0.1029   -0.3826
...    55 T-A ...
 -116.3878  -85.2592   65.0326
   -0.0038   -0.9703    0.2418
   -0.4065    0.2224    0.8862
   -0.9136   -0.0950   -0.3953
...    56 A-T ...
 -119.6554  -85.0954   64.1030
   -0.3560   -0.5951    0.7205
   -0.2696    0.8036    0.5306
   -0.8947   -0.0053   -0.4465
...    57 T-A ...
 -122.4253  -85.7303   62.3895
   -0.4681   -0.1011    0.8779
   -0.0295    0.9947    0.0988
   -0.8832    0.0203   -0.4686
...    58 C-G ...
 -125.2853  -85.7652   60.7715
   -0.3658    0.4985    0.7859
    0.2787    0.8644   -0.4185
   -0.8880    0.0659   -0.4552
...    59 T-A ...
 -128.3430  -85.6777   59.5353
   -0.0889    0.8598    0.5029
    0.4403    0.4868   -0.7544
   -0.8934    0.1544   -0.4218
...    60 C-G ...
 -131.2817  -85.1595   58.2576
    0.2563    0.9661    0.0298
    0.4137   -0.0817   -0.9067
   -0.8736    0.2447   -0.4206
...    61 G-C ...
 -134.0079  -84.1212   56.6656
    0.5996    0.7169   -0.3557
    0.1796   -0.5537   -0.8131
   -0.7799    0.4236   -0.4607
...    62 A-T ...
 -136.3836  -82.5135   55.1588
    0.6593    0.2448   -0.7109
   -0.2242   -0.8385   -0.4967
   -0.7177    0.4868   -0.4979
...    63 G-C ...
 -138.4629  -80.5585   53.5168
    0.5083   -0.2563   -0.8222
   -0.5707   -0.8152   -0.0987
   -0.6449    0.5194   -0.5606
...    64 C-G ...
 -140.1083  -78.6330   51.3833
    0.1381   -0.6713   -0.7282
   -0.7915   -0.5167    0.3263
   -0.5953    0.5313   -0.6028
...    65 T-A ...
 -141.7411  -76.8588   49.1069
   -0.2955   -0.8497   -0.4366
   -0.7739   -0.0550    0.6309
   -0.5601    0.5243   -0.6414
...    66 C-G ...
 -143.5141  -75.2162   46.8639
   -0.7156   -0.6985    0.0102
   -0.4468    0.4688    0.7620
   -0.5370    0.5407   -0.6475
...    67 G-C ...
 -145.3504  -73.0490   45.1127
   -0.8209   -0.3240    0.4702
    0.0535    0.7762    0.6282
   -0.5685    0.5409   -0.6198
...    68 G-C ...
 -147.1806  -71.3807   42.8128
   -0.6226    0.1189    0.7735
    0.5130    0.8084    0.2886
   -0.5910    0.5765   -0.5643
...    69 G-C ...
 -149.2459  -69.6683   40.7672
   -0.1948    0.4739    0.8587
    0.7863    0.5988   -0.1521
   -0.5863    0.6456   -0.4893
...    70 A-T ...
 -151.1961  -67.6483   39.1451
    0.3278    0.6755    0.6605
    0.7699    0.2142   -0.6012
   -0.5476    0.7056   -0.4498
...    71 T-A ...
 -153.3306  -65.3706   38.2432
    0.6884    0.6551    0.3114
    0.5139   -0.1374   -0.8468
   -0.5120    0.7429   -0.4312
...    72 C-G ...
 -154.8586  -62.8179   36.9892
    0.9032    0.3941   -0.1703
    0.0293   -0.4524   -0.8914
   -0.4283    0.8000   -0.4201
...    73 C-G ...
 -155.8286  -59.8140   35.8376
    0.8342    0.0007   -0.5515
   -0.4658   -0.5344   -0.7053
   -0.2952    0.8452   -0.4454
...    74 G-C ...
 -156.5086  -57.1798   33.9038
    0.4805   -0.3898   -0.7856
   -0.8657   -0.3539   -0.3539
   -0.1401    0.8502   -0.5075
...    75 C-G ...
 -156.4103  -54.4088   32.0803
   -0.0630   -0.5404   -0.8391
   -0.9942   -0.0394    0.1001
   -0.0871    0.8405   -0.5347
...    76 T-A ...
 -156.3416  -51.7424   30.1023
   -0.5816   -0.4869   -0.6517
   -0.8115    0.2909    0.5069
   -0.0572    0.8236   -0.5642
...    77 T-A ...
 -156.1853  -49.1675   28.0920
   -0.9480   -0.1618   -0.2741
   -0.3182    0.5065    0.8014
    0.0092    0.8469   -0.5316
...    78 T-A ...
 -155.9821  -46.5884   26.0962
   -0.9530    0.2157    0.2125
    0.2929    0.4779    0.8282
    0.0771    0.8515   -0.5186
...    79 A-T ...
 -155.3140  -43.6251   24.6440
   -0.5576    0.4771    0.6794
    0.8214    0.1983    0.5348
    0.1204    0.8562   -0.5024
...    80 A-T ...
 -155.1284  -40.8708   22.9504
    0.0008    0.4886    0.8725
    0.9894   -0.1271    0.0702
    0.1452    0.8632   -0.4835
...    81 C-G ...
 -155.2132  -37.9206   21.5508
    0.4972    0.2964    0.8154
    0.8487   -0.3615   -0.3861
    0.1803    0.8840   -0.4313
...    82 A-T ...
 -154.4840  -34.9159   20.2621
    0.8350   -0.0969    0.5416
    0.4567   -0.4270   -0.7805
    0.3069    0.8990   -0.3123
...    83 C-G ...
 -153.5165  -31.8185   19.9158
    0.9276   -0.3623    0.0907
   -0.0196   -0.2897   -0.9569
    0.3730    0.8859   -0.2758
...    84 T-A ...
 -151.9708  -28.9558   19.3882
    0.7482   -0.5363   -0.3907
   -0.4664   -0.0063   -0.8845
    0.4719    0.8440   -0.2549
...    85 T-A ...
 -150.2058  -26.3043   18.7837
    0.3548   -0.4484   -0.8204
   -0.7930    0.3204   -0.5181
    0.4952    0.8344   -0.2419
...    86 C-G ...
 -148.4013  -23.7220   17.8625
   -0.1820   -0.1775   -0.9672
   -0.8309    0.5537    0.0547
    0.5258    0.8136   -0.2482
...    87 A-T ...
 -146.8520  -20.9033   17.0635
   -0.6526    0.1454   -0.7437
   -0.5527    0.5800    0.5984
    0.5183    0.8016   -0.2981
...    88 T-A ...
 -144.8561  -18.6885   15.5958
   -0.8256    0.4515   -0.3384
   -0.1427    0.4132    0.8994
    0.5459    0.7908   -0.2767
...    89 G-C ...
 -143.0511  -15.9703   15.0012
   -0.7850    0.5609    0.2630
    0.3611    0.0692    0.9300
    0.5034    0.8250   -0.2568
...    90 T-A ...
 -141.7224  -13.2338   13.6625
   -0.4929    0.4930    0.7169
    0.7084   -0.2509    0.6597
    0.5051    0.8330   -0.2256
...    91 T-A ...
 -140.2693  -10.4649   12.8155
   -0.0175    0.2493    0.9683
    0.8540   -0.5000    0.1442
    0.5201    0.8294   -0.2042
...    92 A-T ...
 -138.6102   -7.6210   12.3613
    0.3801   -0.1829    0.9067
    0.7336   -0.5375   -0.4159
    0.5634    0.8232   -0.0701
...    93 T-A ...
 -137.1767   -4.6988   12.6222
    0.6713   -0.4547    0.5853
    0.4541   -0.3718   -0.8097
    0.5858    0.8093   -0.0432
...    94 A-T ...
 -135.0762   -2.1249   12.9259
    0.7082   -0.7032    0.0632
    0.0605   -0.0288   -0.9978
    0.7034    0.7104    0.0222
...    95 A-T ...
 -132.6952    0.0405   13.2657
    0.6038   -0.6177   -0.5038
   -0.3264    0.3850   -0.8633
    0.7272    0.6857    0.0309
...    96 C-G ...
 -129.9638    1.8424   13.7905
    0.3264   -0.3480   -0.8788
   -0.5687    0.6704   -0.4767
    0.7550    0.6553    0.0209
...    97 G-C ...
 -127.5943    4.1851   13.5122
   -0.1099    0.0342   -0.9934
   -0.6040    0.7914    0.0941
    0.7894    0.6103   -0.0663
...    98 G-C ...
 -124.7780    6.0015   13.0479
   -0.4653    0.4287   -0.7744
   -0.4217    0.6619    0.6197
    0.7782    0.6149   -0.1272
...    99 A-T ...
 -122.1599    7.9344   12.5610
   -0.6290    0.7351   -0.2529
   -0.0633    0.2759    0.9591
    0.7748    0.6193   -0.1270
...   100 T-A ...
 -119.6959    9.8553   11.4746
   -0.5608    0.7822    0.2714
    0.2591   -0.1456    0.9548
    0.7863    0.6058   -0.1210
...   101 T-A ...
 -117.2248   11.8664   10.8313
   -0.3027    0.5633    0.7688
    0.5200   -0.5784    0.6285
    0.7987    0.5901   -0.1179
...   102 A-T ...
 -114.4639   13.7238   10.5692
    0.0158    0.0729    0.9972
    0.5984   -0.7997    0.0490
    0.8011    0.5959   -0.0563
...   103 T-A ...
 -112.2661   16.1600   10.5716
    0.2985   -0.3498    0.8880
    0.5078   -0.7296   -0.4581
    0.8081    0.5877   -0.0402
...   104 G-C ...
 -109.4220   17.9146   10.6199
    0.4212   -0.7670    0.4841
    0.2832   -0.3958   -0.8736
    0.8616    0.5051    0.0505
...   105 C-G ...
 -106.6140   19.5177   11.3042
    0.4532   -0.8889   -0.0666
    0.0323    0.0910   -0.9953
    0.8908    0.4489    0.0699
...   106 T-A ...
 -103.5741   20.7116   11.8509
    0.3375   -0.7407   -0.5809
   -0.1726    0.5580   -0.8117
    0.9254    0.3742    0.0604
...   107 T-A ...
 -100.5039   21.6934   12.2312
    0.1779   -0.2957   -0.9386
   -0.3230    0.8834   -0.3396
    0.9295    0.3636    0.0616
...   108 C-G ...
  -97.3981   22.7410   12.3252
   -0.0687    0.2706   -0.9602
   -0.3450    0.8967    0.2773
    0.9361    0.3504    0.0317
...   109 C-G ...
  -94.1741   23.7275   12.1175
   -0.3089    0.6917   -0.6528
   -0.2226    0.6147    0.7567
    0.9247    0.3791   -0.0359
...   110 G-C ...
  -91.2032   25.2648   12.3155
   -0.4576    0.8827   -0.1073
    0.0180    0.1299    0.9914
    0.8890    0.4517   -0.0753
...   111 G-C ...
  -88.2868   26.8760   11.8012
   -0.4331    0.7764    0.4579
    0.2787   -0.3678    0.8872
    0.8572    0.5118   -0.0571
...   112 C-G ...
  -85.6381   28.8208   11.3439
   -0.2422    0.4278    0.8708
    0.4737   -0.7311    0.4909
    0.8467    0.5314   -0.0256
...   113 T-A ...
  -83.0282   30.8651   11.3262
   -0.0031   -0.0533    0.9986
    0.5399   -0.8406   -0.0432
    0.8417    0.5390    0.0314
...   114 C-G ...
  -80.3170   32.6955   11.5300
    0.2824   -0.5559    0.7818
    0.4424   -0.6477   -0.6203
    0.8512    0.5210    0.0630
...   115 G-C ...
  -77.3050   34.1510   11.5784
    0.3704   -0.8798    0.2978
    0.2337   -0.2221   -0.9466
    0.8990    0.4203    0.1234
...   116 T-A ...
  -74.4380   35.4256   12.6207
    0.3998   -0.8843   -0.2414
    0.0116    0.2682   -0.9633
    0.9165    0.3823    0.1175
...   117 A-T ...
  -71.3131   36.5174   13.0262
    0.2465   -0.6063   -0.7561
   -0.1910    0.7345   -0.6512
    0.9501    0.3050    0.0652
...   118 T-A ...
  -68.0863   36.8929   13.5239
    0.1043   -0.1600   -0.9816
   -0.2832    0.9413   -0.1835
    0.9534    0.2972    0.0528
...   119 A-T ...
  -64.9047   37.8865   13.5797
   -0.1503    0.3940   -0.9068
   -0.2607    0.8689    0.4207
    0.9536    0.2996   -0.0279
...   120 A-T ...
  -61.7681   38.6625   13.2797
   -0.2724    0.8173   -0.5078
   -0.1209    0.4945    0.8608
    0.9546    0.2958   -0.0359
...   121 T-A ...
  -58.6592   39.4253   12.4985
   -0.2937    0.9559   -0.0018
    0.0386    0.0137    0.9992
    0.9551    0.2934   -0.0410
...   122 G-C ...
  -55.5276   40.5360   12.6555
   -0.2903    0.7646    0.5754
    0.2321   -0.5271    0.8175
    0.9284    0.3709   -0.0244
...   123 T-A ...
  -52.6960   42.2216   12.2156
   -0.1396    0.3672    0.9196
    0.3537   -0.8490    0.3927
    0.9249    0.3801   -0.0113
...   124 G-C ...
  -49.5503   43.2833   12.4012
    0.0204   -0.2166    0.9760
    0.3876   -0.8982   -0.2074
    0.9216    0.3826    0.0656
...   125 T-A ...
  -46.7640   45.0178   12.9500
    0.2003   -0.6638    0.7205
    0.3145   -0.6530   -0.6890
    0.9279    0.3646    0.0780
...   126 C-G ...
  -43.7393   46.2369   13.3242
    0.3152   -0.9325    0.1761
    0.1341   -0.1400   -0.9810
    0.9395    0.3329    0.0809
...   127 G-C ...
  -40.5655   47.2902   13.2627
    0.2122   -0.8914   -0.4004
   -0.0516    0.3989   -0.9155
    0.9759    0.2149    0.0387
...   128 A-T ...
  -37.3662   47.9082   13.4704
    0.0878   -0.5087   -0.8565
   -0.1597    0.8415   -0.5162
    0.9832    0.1821   -0.0074
...   129 C-G ...
  -34.0787   47.8646   13.5803
   -0.0563   -0.0121   -0.9983
   -0.1663    0.9861   -0.0026
    0.9845    0.1659   -0.0575
...   130 C-G ...
  -30.7519   48.0972   13.0975
   -0.2386    0.4970   -0.8343
   -0.0728    0.8476    0.5257
    0.9684    0.1862   -0.1661
...   131 A-T ...
  -27.5710   48.8894   12.4845
   -0.3438    0.8606   -0.3758
    0.1259    0.4388    0.8897
    0.9306    0.2586   -0.2592
...   132 A-T ...
  -24.6416   49.7144   11.3578
   -0.2062    0.9587    0.1958
    0.3133   -0.1249    0.9414
    0.9270    0.2555   -0.2746
...   133 A-T ...
  -21.7541   50.6797   10.2126
    0.0350    0.7197    0.6934
    0.3801   -0.6513    0.6568
    0.9243    0.2406   -0.2964
...   134 T-A ...
  -19.0161   52.0244    8.9251
    0.2452    0.2905    0.9249
    0.3073   -0.9281    0.2101
    0.9195    0.2328   -0.3169
...   135 G-C ...
  -16.4639   53.8825    7.5154
    0.5339   -0.3333    0.7771
    0.0346   -0.9097   -0.4139
    0.8449    0.2479   -0.4741
...   136 T-A ...
  -14.1750   56.5547    6.1809
    0.5795   -0.7269    0.3685
   -0.3141   -0.6164   -0.7221
    0.7521    0.3026   -0.5855
...   137 G-C ...
  -11.6539   57.9993    4.7205
    0.2452   -0.9542   -0.1714
   -0.6323   -0.0234   -0.7744
    0.7349    0.2983   -0.6091
...   138 A-T ...
   -8.6760   58.7134    3.6025
   -0.0345   -0.7815   -0.6229
   -0.6536    0.4891   -0.5775
    0.7560    0.3872   -0.5277
...   139 G-C ...
   -6.3276   59.0728    1.6297
   -0.2969   -0.3279   -0.8968
   -0.5657    0.8171   -0.1114
    0.7693    0.4742   -0.4281
...   140 C-G ...
   -3.4370   60.2279    1.0288
   -0.4426    0.2287   -0.8671
   -0.1681    0.9286    0.3308
    0.8808    0.2922   -0.3725
...   141 G-C ...
   -0.6978   63.8912   -2.2509
   -0.9992    0.0157   -0.0376
   -0.0024    0.8991    0.4378
    0.0407    0.4375   -0.8983
...   142 C-G ...
   -1.0066   65.5989   -4.9400
   -0.8337    0.5216    0.1813
    0.5170    0.6219    0.5881
    0.1940    0.5841   -0.7882
...   143 T-A ...
   -0.1334   66.2085   -7.8195
   -0.3753    0.8566    0.3540
    0.8856    0.2187    0.4098
    0.2736    0.4673   -0.8407
...   144 C-G ...
   -0.1667   67.4021  -10.8066
    0.1797    0.8793    0.4411
    0.9277   -0.3007    0.2214
    0.3273    0.3694   -0.8697
...   145 A-T ...
    0.5265   69.2313  -13.4658
    0.7352    0.4964    0.4616
    0.6118   -0.7791   -0.1367
    0.2918    0.3829   -0.8765
...   146 C-G ...
    1.4337   72.0893  -15.6018
    0.9809    0.0621    0.1844
    0.1264   -0.9240   -0.3608
    0.1480    0.3772   -0.9142
...   147 A-T ...
    2.3046   74.2223  -18.3862
    0.8657   -0.4292   -0.2575
   -0.4984   -0.7868   -0.3642
   -0.0463    0.4436   -0.8950
