  147 base-pairs
...     1 A-T ...
    0.0000    0.0000    0.0000
    1.0000    0.0000    0.0000
    0.0000    1.0000    0.0000
    0.0000    0.0000    1.0000
...     2 G-C ...
   -0.1394   -1.2357    3.2268
    0.7529    0.6366    0.1670
   -0.6386    0.7680   -0.0486
   -0.1592   -0.0700    0.9848
...     3 T-A ...
   -0.0365   -3.2932    6.3751
    0.2722    0.9301    0.2466
   -0.9238    0.3243   -0.2033
   -0.2691   -0.1725    0.9475
...     4 G-C ...
   -0.3505   -4.1660    9.4928
   -0.3756    0.9250    0.0579
   -0.8781   -0.3352   -0.3415
   -0.2965   -0.1791    0.9381
...     5 A-T ...
   -0.4462   -4.1476   12.7498
   -0.8116    0.5840   -0.0165
   -0.5523   -0.7762   -0.3042
   -0.1905   -0.2378    0.9524
...     6 G-C ...
   -1.5908   -4.1730   15.6201
   -0.9976    0.0246   -0.0651
   -0.0043   -0.9555   -0.2950
   -0.0695   -0.2940    0.9533
...     7 C-G ...
   -1.1030   -4.4824   18.7362
   -0.8441   -0.5304   -0.0787
    0.5345   -0.8441   -0.0432
   -0.0435   -0.0785    0.9960
...     8 G-C ...
   -2.4028   -7.7290   23.1475
   -0.2754   -0.3293   -0.9032
    0.6650   -0.7437    0.0684
   -0.6942   -0.5818    0.4238
...     9 C-G ...
   -4.4690   -9.9728   24.1132
    0.1145   -0.7025   -0.7024
    0.8512   -0.2952    0.4340
   -0.5122   -0.6476    0.5642
...    10 T-A ...
   -6.7405  -10.8752   25.9697
    0.4841   -0.8363   -0.2574
    0.6595    0.1553    0.7355
   -0.5751   -0.5258    0.6267
...    11 C-G ...
   -9.1656  -12.6208   27.1640
    0.7073   -0.6682    0.2307
    0.3448    0.6110    0.7126
   -0.6171   -0.4245    0.6626
...    12 A-T ...
  -10.9234  -14.6633   29.0693
    0.7515   -0.1377    0.6452
   -0.2029    0.8824    0.4246
   -0.6277   -0.4500    0.6352
...    13 C-G ...
  -11.8476  -17.4863   31.2451
    0.4295    0.2823    0.8578
   -0.5708    0.8209    0.0156
   -0.6998   -0.4963    0.5137
...    14 A-T ...
  -13.5897  -19.7827   33.4259
   -0.1504    0.6104    0.7777
   -0.6874    0.5008   -0.5260
   -0.7106   -0.6136    0.3443
...    15 A-T ...
  -15.7112  -21.8011   34.8046
   -0.4882    0.7976    0.3543
   -0.5004    0.0768   -0.8624
   -0.7150   -0.5983    0.3616
...    16 T-A ...
  -17.7643  -23.6125   36.6179
   -0.6625    0.7392   -0.1213
   -0.2005   -0.3309   -0.9221
   -0.7217   -0.5866    0.3674
...    17 T-A ...
  -20.0802  -25.3435   38.0838
   -0.6595    0.4357   -0.6125
    0.1936   -0.6889   -0.6986
   -0.7263   -0.5793    0.3700
...    18 T-A ...
  -22.5242  -26.9691   39.4635
   -0.4424   -0.0206   -0.8966
    0.5237   -0.8175   -0.2396
   -0.7280   -0.5756    0.3724
...    19 A-T ...
  -24.9284  -28.9291   40.6365
   -0.0252   -0.4549   -0.8902
    0.6676   -0.6704    0.3237
   -0.7441   -0.5862    0.3206
...    20 T-A ...
  -27.7745  -30.4410   41.3013
    0.3097   -0.7284   -0.6112
    0.5911   -0.3560    0.7238
   -0.7448   -0.5854    0.3203
...    21 T-A ...
  -30.3397  -32.2642   42.0872
    0.5826   -0.8063   -0.1021
    0.3199    0.1120    0.9408
   -0.7472   -0.5808    0.3232
...    22 C-G ...
  -32.7354  -34.2646   43.0402
    0.6845   -0.5764    0.4464
   -0.0795    0.5496    0.8317
   -0.7247   -0.6047    0.3303
...    23 G-C ...
  -35.0966  -36.0933   44.4873
    0.6099   -0.1176    0.7837
   -0.4550    0.7578    0.4678
   -0.6489   -0.6419    0.4087
...    24 C-G ...
  -36.8972  -38.5241   45.7973
    0.3065    0.3350    0.8910
   -0.7162    0.6978   -0.0159
   -0.6270   -0.6332    0.4538
...    25 A-T ...
  -38.9880  -40.5408   47.3993
   -0.0660    0.7272    0.6832
   -0.7867    0.3833   -0.4839
   -0.6138   -0.5694    0.5468
...    26 A-T ...
  -40.7501  -42.3963   49.3887
   -0.4820    0.8240    0.2978
   -0.6203   -0.0809   -0.7802
   -0.6188   -0.5608    0.5501
...    27 A-T ...
  -42.6276  -44.0809   51.4212
   -0.7343    0.6521   -0.1884
   -0.2544   -0.5218   -0.8143
   -0.6293   -0.5500    0.5491
...    28 G-C ...
  -44.7214  -45.6021   53.4626
   -0.7108    0.3407   -0.6153
    0.1426   -0.7868   -0.6004
   -0.6888   -0.5146    0.5107
...    29 G-C ...
  -47.2545  -46.9527   55.2208
   -0.4616   -0.0709   -0.8843
    0.4695   -0.8653   -0.1757
   -0.7527   -0.4962    0.4327
...    30 C-G ...
  -50.0103  -48.2153   56.4974
   -0.1026   -0.4926   -0.8642
    0.6246   -0.7081    0.3294
   -0.7741   -0.5060    0.3803
...    31 C-G ...
  -52.8042  -49.8478   57.3980
    0.3063   -0.7487   -0.5879
    0.5545   -0.3617    0.7495
   -0.7738   -0.5556    0.3043
...    32 G-C ...
  -55.0785  -51.9445   58.6161
    0.6298   -0.7690   -0.1091
    0.2587    0.0752    0.9630
   -0.7324   -0.6348    0.2464
...    33 G-C ...
  -57.4300  -54.2982   59.1310
    0.7168   -0.5667    0.4063
   -0.1395    0.4543    0.8798
   -0.6832   -0.6873    0.2466
...    34 C-G ...
  -59.4758  -56.8413   59.6851
    0.5486   -0.2109    0.8091
   -0.5109    0.6814    0.5240
   -0.6618   -0.7008    0.2661
...    35 C-G ...
  -61.4240  -59.4476   60.5852
    0.2369    0.2339    0.9430
   -0.7308    0.6824    0.0144
   -0.6401   -0.6926    0.3326
...    36 C-G ...
  -63.2835  -61.9697   61.8535
   -0.1319    0.6148    0.7776
   -0.7468    0.4542   -0.4858
   -0.6519   -0.6447    0.3992
...    37 G-C ...
  -65.6761  -63.9631   63.0006
   -0.4230    0.8399    0.3401
   -0.5613    0.0518   -0.8260
   -0.7113   -0.5403    0.4495
...    38 A-T ...
  -67.9264  -65.7048   64.5723
   -0.6216    0.7541   -0.2120
   -0.2249   -0.4311   -0.8738
   -0.7503   -0.4955    0.4376
...    39 C-G ...
  -70.3295  -66.8676   66.4663
   -0.6082    0.4633   -0.6446
    0.1064   -0.7572   -0.6445
   -0.7866   -0.4606    0.4112
...    40 A-T ...
  -73.0485  -68.3112   67.7339
   -0.3419    0.0519   -0.9383
    0.3711   -0.9099   -0.1856
   -0.8634   -0.4117    0.2918
...    41 C-G ...
  -76.1346  -69.0506   68.5518
   -0.0690   -0.3941   -0.9165
    0.4669   -0.8246    0.3194
   -0.8816   -0.4059    0.2409
...    42 G-C ...
  -78.8862  -70.7968   69.1994
    0.2894   -0.7294   -0.6199
    0.3625   -0.5158    0.7762
   -0.8859   -0.4494    0.1151
...    43 A-T ...
  -81.7792  -72.3179   69.3839
    0.4597   -0.8863   -0.0567
    0.1023   -0.0106    0.9947
   -0.8822   -0.4630    0.0858
...    44 C-G ...
  -84.6065  -74.0410   69.0403
    0.4486   -0.7630    0.4653
   -0.1634    0.4419    0.8821
   -0.8787   -0.4717    0.0735
...    45 T-A ...
  -87.3520  -75.8958   69.1111
    0.3189   -0.4092    0.8549
   -0.3838    0.7690    0.5113
   -0.8666   -0.4912    0.0882
...    46 T-A ...
  -90.0263  -77.7524   69.2306
    0.0146    0.0825    0.9965
   -0.4771    0.8764   -0.0655
   -0.8787   -0.4745    0.0522
...    47 A-T ...
  -92.9911  -79.2485   69.3697
   -0.2273    0.5968    0.7695
   -0.3810    0.6727   -0.6343
   -0.8962   -0.4374    0.0745
...    48 C-G ...
  -95.7052  -80.9442   70.1256
   -0.3467    0.8750    0.3378
   -0.2050    0.2807   -0.9376
   -0.9153   -0.3944    0.0820
...    49 T-A ...
  -98.7122  -82.1191   70.7581
   -0.3074    0.9335   -0.1849
   -0.0104   -0.1976   -0.9802
   -0.9515   -0.2994    0.0704
...    50 G-C ...
 -101.9763  -82.8016   70.9431
   -0.1010    0.7312   -0.6746
    0.1195   -0.6643   -0.7379
   -0.9877   -0.1552   -0.0203
...    51 T-A ...
 -105.2208  -82.6978   71.1367
    0.0396    0.3128   -0.9490
    0.1306   -0.9432   -0.3054
   -0.9906   -0.1118   -0.0782
...    52 A-T ...
 -108.4900  -82.6890   70.5749
    0.2491   -0.2137   -0.9446
    0.0193   -0.9741    0.2254
   -0.9683   -0.0744   -0.2385
...    53 G-C ...
 -111.6104  -82.6366   69.5087
    0.2794   -0.6788   -0.6791
   -0.1623   -0.7305    0.6634
   -0.9464   -0.0751   -0.3142
...    54 G-C ...
 -114.5948  -82.9610   67.9641
    0.1950   -0.9607   -0.1973
   -0.3461   -0.2557    0.9027
   -0.9177   -0.1077   -0.3824
...    55 T-A ...
 -117.3517  -83.3419   66.1153
   -0.0260   -0.9528    0.3025
   -0.4069    0.2865    0.8674
   -0.9131   -0.1005   -0.3952
...    56 A-T ...
 -120.6124  -83.1618   65.1562
   -0.3738   -0.5391    0.7547
   -0.2543    0.8421    0.4756
   -0.8920   -0.0141   -0.4519
...    57 T-A ...
 -123.3862  -83.8432   63.4672
   -0.4752   -0.0330    0.8793
   -0.0071    0.9994    0.0336
   -0.8799    0.0097   -0.4751
...    58 C-G ...
 -126.2378  -83.9173   61.8348
   -0.3581    0.5576    0.7489
    0.3011    0.8282   -0.4727
   -0.8838    0.0562   -0.4644
...    59 T-A ...
 -129.2868  -83.8399   60.5747
   -0.0707    0.8934    0.4437
    0.4551    0.4247   -0.7826
   -0.8876    0.1466   -0.4366
...    60 C-G ...
 -132.2068  -83.3381   59.2465
    0.2791    0.9596   -0.0346
    0.4151   -0.1530   -0.8968
   -0.8659    0.2360   -0.4410
...    61 G-C ...
 -134.9010  -82.3458   57.5695
    0.6172    0.6762   -0.4023
    0.1682   -0.6128   -0.7721
   -0.7686    0.4089   -0.4920
...    62 A-T ...
 -137.2357  -80.7912   55.9444
    0.6654    0.1785   -0.7248
   -0.2438   -0.8658   -0.4370
   -0.7055    0.4676   -0.5326
...    63 G-C ...
 -139.2688  -78.9082   54.1635
    0.5012   -0.3264   -0.8014
   -0.5904   -0.8060   -0.0410
   -0.6326    0.4938   -0.5967
...    64 C-G ...
 -140.8720  -77.0984   51.8983
    0.1200   -0.7249   -0.6783
   -0.8034   -0.4723    0.3627
   -0.5833    0.5014   -0.6390
...    65 T-A ...
 -142.4678  -75.4504   49.5025
   -0.3183   -0.8712   -0.3738
   -0.7729    0.0102    0.6344
   -0.5489    0.4909   -0.6766
...    66 C-G ...
 -144.2068  -73.9256   47.1511
   -0.7331   -0.6772    0.0625
   -0.4312    0.5340    0.7273
   -0.5259    0.5062   -0.6835
...    67 G-C ...
 -145.9949  -71.8420   45.2514
   -0.8263   -0.2676    0.4956
    0.0770    0.8180    0.5700
   -0.5579    0.5092   -0.6553
...    68 G-C ...
 -147.7958  -70.2963   42.8449
   -0.6142    0.1912    0.7657
    0.5356    0.8136    0.2264
   -0.5796    0.5491   -0.6021
...    69 G-C ...
 -149.8307  -68.6814   40.6922
   -0.1759    0.5406    0.8227
    0.8004    0.5651   -0.2002
   -0.5731    0.6232   -0.5321
...    70 A-T ...
 -151.7404  -66.7323   38.9386
    0.3509    0.7137    0.6062
    0.7698    0.1487   -0.6207
   -0.5331    0.6845   -0.4972
...    71 T-A ...
 -153.8237  -64.4717   37.8845
    0.7079    0.6582    0.2561
    0.5020   -0.2138   -0.8381
   -0.4969    0.7218   -0.4817
...    72 C-G ...
 -155.2980  -61.9797   36.4533
    0.9108    0.3564   -0.2081
    0.0077   -0.5188   -0.8548
   -0.4127    0.7770   -0.4753
...    73 C-G ...
 -156.2065  -59.0479   35.0838
    0.8265   -0.0626   -0.5594
   -0.4884   -0.5738   -0.6574
   -0.2798    0.8166   -0.5048
...    74 G-C ...
 -156.8539  -56.5501   32.9640
    0.4584   -0.4600   -0.7604
   -0.8796   -0.3572   -0.3142
   -0.1271    0.8129   -0.5683
...    75 C-G ...
 -156.7189  -53.9245   30.9370
   -0.0904   -0.6000   -0.7949
   -0.9930   -0.0063    0.1177
   -0.0756    0.8000   -0.5953
...    76 T-A ...
 -156.6206  -51.4147   28.7635
   -0.6051   -0.5192   -0.6035
   -0.7947    0.3488    0.4968
   -0.0474    0.7802   -0.6237
...    77 T-A ...
 -156.4408  -49.0012   26.5640
   -0.9568   -0.1576   -0.2445
   -0.2903    0.5732    0.7663
    0.0194    0.8041   -0.5942
...    78 T-A ...
 -156.2160  -46.5835   24.3778
   -0.9431    0.2550    0.2134
    0.3210    0.5312    0.7841
    0.0866    0.8080   -0.5828
...    79 A-T ...
 -155.5073  -43.7522   22.6959
   -0.5310    0.5407    0.6525
    0.8374    0.2170    0.5016
    0.1297    0.8127   -0.5680
...    80 A-T ...
 -155.2931  -41.1377   20.7962
    0.0327    0.5526    0.8328
    0.9874   -0.1467    0.0585
    0.1545    0.8204   -0.5505
...    81 C-G ...
 -155.3405  -38.2983   19.1792
    0.5240    0.3442    0.7791
    0.8301   -0.4111   -0.3767
    0.1906    0.8441   -0.5012
...    82 A-T ...
 -154.5678  -35.4222   17.6452
    0.8469   -0.0766    0.5262
    0.4254   -0.4963   -0.7568
    0.3191    0.8648   -0.3877
...    83 C-G ...
 -153.5392  -32.3833   17.0374
    0.9214   -0.3773    0.0932
   -0.0535   -0.3607   -0.9312
    0.3849    0.8530   -0.3525
...    84 T-A ...
 -151.9467  -29.6056   16.2492
    0.7240   -0.5820   -0.3702
   -0.4931   -0.0614   -0.8678
    0.4823    0.8109   -0.3315
...    85 T-A ...
 -150.1454  -27.0484   15.3949
    0.3191   -0.5163   -0.7947
   -0.8020    0.2997   -0.5167
    0.5050    0.8023   -0.3184
...    86 T-A ...
 -148.2065  -24.5940   14.4935
   -0.1805   -0.2247   -0.9576
   -0.8328    0.5529    0.0272
    0.5233    0.8024   -0.2869
...    87 A-T ...
 -146.7371  -21.6355   13.7787
   -0.6372    0.2312   -0.7352
   -0.5284    0.5634    0.6351
    0.5611    0.7932   -0.2368
...    88 T-A ...
 -144.6216  -19.4267   12.4869
   -0.7998    0.5127   -0.3121
   -0.1328    0.3560    0.9250
    0.5853    0.7813   -0.2167
...    89 G-C ...
 -142.6976  -16.7590   12.0766
   -0.7665    0.5724    0.2913
    0.3497   -0.0085    0.9368
    0.5387    0.8199   -0.1937
...    90 C-G ...
 -141.0865  -14.0381   11.0938
   -0.4789    0.4374    0.7611
    0.7003   -0.3325    0.6317
    0.5294    0.8355   -0.1471
...    91 T-A ...
 -139.6218  -11.1188   10.6186
   -0.0899    0.1363    0.9866
    0.8458   -0.5126    0.1479
    0.5259    0.8478   -0.0692
...    92 T-A ...
 -138.1156   -8.2652   10.4684
    0.3698   -0.2053    0.9062
    0.7534   -0.5045   -0.4217
    0.5437    0.8387   -0.0319
...    93 T-A ...
 -136.4767   -5.4871   10.5857
    0.6958   -0.4889    0.5262
    0.4319   -0.3006   -0.8504
    0.5740    0.8189    0.0020
...    94 C-G ...
 -134.4881   -2.9220   10.7952
    0.7802   -0.6233   -0.0526
   -0.0212    0.0577   -0.9981
    0.6251    0.7799    0.0318
...    95 A-T ...
 -132.2188   -0.4782   10.8854
    0.5613   -0.5779   -0.5925
   -0.4014    0.4359   -0.8055
    0.7237    0.6899    0.0127
...    96 T-A ...
 -129.5057    1.3259   11.3635
    0.2829   -0.2825   -0.9166
   -0.6194    0.6759   -0.3994
    0.7324    0.6807    0.0162
...    97 G-C ...
 -127.1474    3.6543   11.1628
   -0.1750    0.1029   -0.9792
   -0.6378    0.7458    0.1924
    0.7501    0.6582   -0.0649
...    98 T-A ...
 -124.3246    5.3563   10.6740
   -0.4896    0.4728   -0.7327
   -0.4467    0.5856    0.6764
    0.7488    0.6584   -0.0755
...    99 T-A ...
 -121.7500    7.2969   10.2103
   -0.6318    0.7452   -0.2133
   -0.0932    0.2001    0.9753
    0.7695    0.6361   -0.0570
...   100 A-T ...
 -119.0997    9.3492   10.3978
   -0.5529    0.7109    0.4346
    0.3054   -0.3124    0.8995
    0.7753    0.6300   -0.0444
...   101 T-A ...
 -116.8904   11.7039    9.7459
   -0.3236    0.4551    0.8295
    0.5356   -0.6346    0.5572
    0.7800    0.6246   -0.0384
...   102 A-T ...
 -114.2508   13.7316    9.7465
   -0.0104   -0.0456    0.9989
    0.6291   -0.7768   -0.0289
    0.7773    0.6281    0.0368
...   103 A-T ...
 -111.8860   15.9266   10.0083
    0.3242   -0.4871    0.8109
    0.5277   -0.6184   -0.5824
    0.7852    0.6167    0.0566
...   104 C-G ...
 -109.5822   18.1535   10.7614
    0.5116   -0.7640    0.3931
    0.2981   -0.2713   -0.9152
    0.8059    0.5854    0.0889
...   105 G-C ...
 -106.7036   19.8434   10.8641
    0.4775   -0.8598   -0.1810
    0.0154    0.2141   -0.9767
    0.8785    0.4636    0.1154
...   106 G-C ...
 -103.5975   21.0084   11.5348
    0.3285   -0.6521   -0.6833
   -0.2029    0.6578   -0.7253
    0.9224    0.3769    0.0838
...   107 A-T ...
 -100.5117   22.0752   11.8184
    0.1178   -0.1579   -0.9804
   -0.3353    0.9230   -0.1889
    0.9347    0.3510    0.0558
...   108 C-G ...
  -97.2336   22.5966   11.9154
   -0.0947    0.3391   -0.9360
   -0.3303    0.8762    0.3509
    0.9391    0.3424    0.0290
...   109 C-G ...
  -94.0104   23.5740   11.6917
   -0.3234    0.7362   -0.5945
   -0.1987    0.5615    0.8033
    0.9252    0.3779   -0.0353
...   110 G-C ...
  -91.0315   25.0827   11.9118
   -0.4588    0.8878   -0.0368
    0.0434    0.0638    0.9970
    0.8875    0.4558   -0.0678
...   111 G-C ...
  -88.1336   26.7316   11.4261
   -0.4229    0.7446    0.5164
    0.2998   -0.4228    0.8552
    0.8552    0.5165   -0.0445
...   112 C-G ...
  -85.5061   28.7129   11.0346
   -0.2246    0.3724    0.9005
    0.4861   -0.7581    0.4348
    0.8446    0.5353   -0.0107
...   113 T-A ...
  -82.9098   30.7697   11.0915
    0.0156   -0.1123    0.9935
    0.5423   -0.8339   -0.1028
    0.8401    0.5404    0.0479
...   114 C-G ...
  -80.2071   32.5997   11.3616
    0.2973   -0.5982    0.7442
    0.4351   -0.6089   -0.6633
    0.8499    0.5210    0.0793
...   115 G-C ...
  -77.2062   34.0652   11.4553
    0.3781   -0.8930    0.2442
    0.2218   -0.1687   -0.9604
    0.8988    0.4173    0.1342
...   116 T-A ...
  -74.3346   35.2995   12.5287
    0.4004   -0.8684   -0.2925
   -0.0015    0.3186   -0.9479
    0.9163    0.3800    0.1263
...   117 A-T ...
  -71.2104   36.3716   12.9696
    0.2389   -0.5692   -0.7867
   -0.2001    0.7640   -0.6135
    0.9502    0.3040    0.0687
...   118 T-A ...
  -67.9800   36.7314   13.4494
    0.0936   -0.1149   -0.9890
   -0.2871    0.9480   -0.1373
    0.9533    0.2968    0.0557
...   119 A-T ...
  -64.7983   37.7123   13.5089
   -0.1624    0.4288   -0.8887
   -0.2578    0.8509    0.4577
    0.9525    0.3034   -0.0277
...   120 A-T ...
  -61.6686   38.5082   13.1986
   -0.2811    0.8343   -0.4743
   -0.1124    0.4622    0.8796
    0.9531    0.3005   -0.0362
...   121 T-A ...
  -58.5734   39.3119   12.4088
   -0.2976    0.9541    0.0347
    0.0499   -0.0208    0.9985
    0.9534    0.2989   -0.0414
...   122 G-C ...
  -55.4503   40.4389   12.5605
   -0.2891    0.7444    0.6019
    0.2426   -0.5513    0.7983
    0.9261    0.3768   -0.0212
...   123 T-A ...
  -52.6348   42.1541   12.1484
   -0.1344    0.3392    0.9311
    0.3617   -0.8580    0.3648
    0.9226    0.3858   -0.0074
...   124 G-C ...
  -49.5020   43.2432   12.3443
    0.0265   -0.2421    0.9699
    0.3915   -0.8902   -0.2329
    0.9198    0.3859    0.0712
...   125 T-A ...
  -46.7252   44.9792   12.9239
    0.2062   -0.6800    0.7036
    0.3152   -0.6346   -0.7057
    0.9264    0.3672    0.0835
...   126 C-G ...
  -43.7084   46.2043   13.3202
    0.3191   -0.9349    0.1553
    0.1324   -0.1183   -0.9841
    0.9384    0.3346    0.0860
...   127 G-C ...
  -40.5423   47.2675   13.2811
    0.2132   -0.8836   -0.4169
   -0.0538    0.4154   -0.9080
    0.9755    0.2160    0.0410
...   128 A-T ...
  -37.3462   47.8847   13.4968
    0.0868   -0.4956   -0.8642
   -0.1613    0.8490   -0.5031
    0.9831    0.1830   -0.0062
...   129 C-G ...
  -34.0612   47.8414   13.6003
   -0.0579    0.0003   -0.9983
   -0.1667    0.9860    0.0099
    0.9843    0.1670   -0.0570
...   130 C-G ...
  -30.7378   48.0778   13.1101
   -0.2400    0.5048   -0.8292
   -0.0720    0.8425    0.5338
    0.9681    0.1879   -0.1659
...   131 A-T ...
  -27.5616   48.8732   12.4923
   -0.3447    0.8628   -0.3698
    0.1273    0.4332    0.8922
    0.9300    0.2605   -0.2591
...   132 A-T ...
  -24.6363   49.7057   11.3610
   -0.2061    0.9579    0.1999
    0.3144   -0.1286    0.9405
    0.9266    0.2567   -0.2747
...   133 A-T ...
  -21.7525   50.6774   10.2123
    0.0355    0.7185    0.6946
    0.3805   -0.6524    0.6555
    0.9241    0.2410   -0.2965
...   134 T-A ...
  -19.0160   52.0244    8.9251
    0.2452    0.2905    0.9249
    0.3073   -0.9281    0.2101
    0.9195    0.2328   -0.3169
...   135 G-C ...
  -16.4638   53.8825    7.5154
    0.5339   -0.3333    0.7771
    0.0346   -0.9097   -0.4139
    0.8449    0.2479   -0.4741
...   136 T-A ...
  -14.1749   56.5547    6.1809
    0.5795   -0.7269    0.3685
   -0.3141   -0.6164   -0.7221
    0.7521    0.3026   -0.5855
...   137 G-C ...
  -11.6538   57.9993    4.7205
    0.2452   -0.9542   -0.1714
   -0.6323   -0.0234   -0.7744
    0.7349    0.2983   -0.6091
...   138 A-T ...
   -8.6759   58.7134    3.6026
   -0.0345   -0.7815   -0.6229
   -0.6536    0.4891   -0.5775
    0.7560    0.3872   -0.5277
...   139 G-C ...
   -6.3275   59.0727    1.6298
   -0.2969   -0.3279   -0.8968
   -0.5657    0.8171   -0.1114
    0.7693    0.4742   -0.4281
...   140 C-G ...
   -3.4369   60.2279    1.0288
   -0.4426    0.2287   -0.8671
   -0.1681    0.9286    0.3308
    0.8808    0.2922   -0.3725
...   141 G-C ...
   -0.6977   63.8912   -2.2508
   -0.9992    0.0157   -0.0376
   -0.0024    0.8991    0.4378
    0.0407    0.4375   -0.8983
...   142 C-G ...
   -1.0065   65.5988   -4.9399
   -0.8337    0.5216    0.1813
    0.5170    0.6219    0.5881
    0.1940    0.5841   -0.7882
...   143 T-A ...
   -0.1333   66.2085   -7.8195
   -0.3753    0.8566    0.3540
    0.8856    0.2187    0.4098
    0.2736    0.4673   -0.8407
...   144 C-G ...
   -0.1666   67.4020  -10.8066
    0.1798    0.8793    0.4411
    0.9277   -0.3007    0.2214
    0.3273    0.3694   -0.8697
...   145 A-T ...
    0.5266   69.2313  -13.4658
    0.7352    0.4964    0.4616
    0.6118   -0.7791   -0.1367
    0.2918    0.3829   -0.8765
...   146 C-G ...
    1.4338   72.0892  -15.6017
    0.9809    0.0621    0.1844
    0.1264   -0.9240   -0.3608
    0.1480    0.3772   -0.9142
...   147 A-T ...
    2.3047   74.2223  -18.3862
    0.8657   -0.4292   -0.2575
   -0.4984   -0.7868   -0.3642
   -0.0463    0.4436   -0.8950
