  147 base-pairs
...     1 A-T ...
    0.0000    0.0000    0.0000
    1.0000    0.0000    0.0000
    0.0000    1.0000    0.0000
    0.0000    0.0000    1.0000
...     2 G-C ...
   -0.1394   -1.2357    3.2268
    0.7529    0.6366    0.1670
   -0.6386    0.7680   -0.0486
   -0.1592   -0.0700    0.9848
...     3 T-A ...
   -0.0365   -3.2932    6.3751
    0.2722    0.9301    0.2466
   -0.9238    0.3243   -0.2033
   -0.2691   -0.1725    0.9475
...     4 G-C ...
   -0.3505   -4.1660    9.4928
   -0.3756    0.9250    0.0579
   -0.8781   -0.3352   -0.3415
   -0.2965   -0.1791    0.9381
...     5 A-T ...
   -0.4462   -4.1476   12.7498
   -0.8116    0.5840   -0.0165
   -0.5523   -0.7762   -0.3042
   -0.1905   -0.2378    0.9524
...     6 G-C ...
   -1.5908   -4.1730   15.6201
   -0.9976    0.0246   -0.0651
   -0.0043   -0.9555   -0.2950
   -0.0695   -0.2940    0.9533
...     7 C-G ...
   -1.1030   -4.4824   18.7362
   -0.8441   -0.5304   -0.0787
    0.5345   -0.8441   -0.0432
   -0.0435   -0.0785    0.9960
...     8 G-C ...
   -2.4028   -7.7290   23.1475
   -0.2754   -0.3293   -0.9032
    0.6650   -0.7437    0.0684
   -0.6942   -0.5818    0.4238
...     9 C-G ...
   -4.4690   -9.9728   24.1132
    0.1145   -0.7025   -0.7024
    0.8512   -0.2952    0.4340
   -0.5122   -0.6476    0.5642
...    10 T-A ...
   -6.7405  -10.8752   25.9697
    0.4841   -0.8363   -0.2574
    0.6595    0.1553    0.7355
   -0.5751   -0.5258    0.6267
...    11 C-G ...
   -9.1656  -12.6208   27.1640
    0.7073   -0.6682    0.2307
    0.3448    0.6110    0.7126
   -0.6171   -0.4245    0.6626
...    12 A-T ...
  -10.9234  -14.6633   29.0693
    0.7515   -0.1377    0.6452
   -0.2029    0.8824    0.4246
   -0.6277   -0.4500    0.6352
...    13 C-G ...
  -11.8476  -17.4863   31.2451
    0.4295    0.2823    0.8578
   -0.5708    0.8209    0.0156
   -0.6998   -0.4963    0.5137
...    14 A-T ...
  -13.5897  -19.7827   33.4259
   -0.1504    0.6104    0.7777
   -0.6874    0.5008   -0.5260
   -0.7106   -0.6136    0.3443
...    15 A-T ...
  -15.7115  -21.8058   34.8011
   -0.4915    0.7963    0.3524
   -0.4986    0.0745   -0.8636
   -0.7140   -0.6002    0.3604
...    16 T-A ...
  -17.7624  -23.6269   36.6107
   -0.6662    0.7352   -0.1250
   -0.1954   -0.3338   -0.9222
   -0.7198   -0.5899    0.3660
...    17 T-A ...
  -20.0717  -25.3740   38.0707
   -0.6606    0.4275   -0.6171
    0.2026   -0.6900   -0.6949
   -0.7229   -0.5841    0.3692
...    18 T-A ...
  -22.5052  -27.0207   39.4467
   -0.4377   -0.0314   -0.8986
    0.5337   -0.8133   -0.2316
   -0.7236   -0.5810    0.3728
...    19 A-T ...
  -24.8678  -29.0304   40.6327
   -0.0146   -0.4690   -0.8831
    0.6752   -0.6560    0.3373
   -0.7375   -0.5913    0.3262
...    20 T-A ...
  -27.6956  -30.5738   41.3076
    0.3234   -0.7343   -0.5968
    0.5921   -0.3350    0.7330
   -0.7381   -0.5904    0.3264
...    21 T-A ...
  -30.2368  -32.4229   42.1145
    0.5951   -0.7994   -0.0825
    0.3118    0.1351    0.9405
   -0.7407   -0.5854    0.3296
...    22 C-G ...
  -32.6107  -34.4411   43.0933
    0.6894   -0.5562    0.4641
   -0.0946    0.5660    0.8189
   -0.7182   -0.6085    0.3376
...    23 G-C ...
  -34.9600  -36.2772   44.5605
    0.6039   -0.0894    0.7920
   -0.4713    0.7613    0.4453
   -0.6428   -0.6422    0.4177
...    24 C-G ...
  -36.7377  -38.7079   45.9094
    0.2913    0.3622    0.8854
   -0.7270    0.6854   -0.0413
   -0.6218   -0.6317    0.4630
...    25 A-T ...
  -38.8174  -40.7209   47.5373
   -0.0866    0.7443    0.6622
   -0.7868    0.3567   -0.5037
   -0.6111   -0.5647    0.5547
...    26 A-T ...
  -40.5766  -42.5522   49.5520
   -0.4999    0.8238    0.2672
   -0.6084   -0.1144   -0.7854
   -0.6164   -0.5552    0.5584
...    27 A-T ...
  -42.4545  -44.2115   51.6052
   -0.7429    0.6326   -0.2190
   -0.2335   -0.5515   -0.8008
   -0.6273   -0.5438    0.5575
...    28 G-C ...
  -44.5516  -45.7097   53.6634
   -0.7078    0.3057   -0.6369
    0.1662   -0.8042   -0.5707
   -0.6866   -0.5098    0.5184
...    29 G-C ...
  -47.0871  -47.0554   55.4225
   -0.4467   -0.1139   -0.8874
    0.4888   -0.8618   -0.1354
   -0.7494   -0.4942    0.4406
...    30 C-G ...
  -49.8395  -48.3295   56.7044
   -0.0799   -0.5305   -0.8439
    0.6330   -0.6810    0.3681
   -0.7700   -0.5048    0.3903
...    31 C-G ...
  -52.6096  -49.9885   57.6368
    0.3292   -0.7696   -0.5471
    0.5488   -0.3155    0.7741
   -0.7684   -0.5551    0.3185
...    32 G-C ...
  -54.8672  -52.0634   58.9345
    0.6437   -0.7631   -0.0580
    0.2414    0.1305    0.9616
   -0.7262   -0.6330    0.2682
...    33 G-C ...
  -57.2002  -54.4171   59.5428
    0.7176   -0.5315    0.4500
   -0.1613    0.5017    0.8499
   -0.6775   -0.6825    0.2743
...    34 C-G ...
  -59.2287  -56.9528   60.2034
    0.5369   -0.1540    0.8295
   -0.5290    0.7045    0.4732
   -0.6572   -0.6928    0.2968
...    35 C-G ...
  -61.1650  -59.5314   61.2133
    0.2182    0.2963    0.9298
   -0.7386    0.6729   -0.0411
   -0.6379   -0.6778    0.3657
...    36 C-G ...
  -63.0168  -61.9979   62.6028
   -0.1499    0.6641    0.7324
   -0.7429    0.4131   -0.5267
   -0.6524   -0.6231    0.4315
...    37 G-C ...
  -65.4088  -63.9339   63.8566
   -0.4328    0.8589    0.2737
   -0.5498   -0.0108   -0.8352
   -0.7145   -0.5120    0.4769
...    38 A-T ...
  -67.6785  -65.5658   65.5168
   -0.6218    0.7331   -0.2756
   -0.2113   -0.4959   -0.8423
   -0.7541   -0.4655    0.4632
...    39 C-G ...
  -70.1034  -66.5943   67.4612
   -0.6012    0.4094   -0.6862
    0.1173   -0.8043   -0.5826
   -0.7904   -0.4308    0.4355
...    40 A-T ...
  -72.8338  -67.9628   68.7870
   -0.3319   -0.0282   -0.9429
    0.3760   -0.9207   -0.1049
   -0.8651   -0.3893    0.3162
...    41 C-G ...
  -75.9323  -68.6463   69.6305
   -0.0600   -0.4742   -0.8784
    0.4657   -0.7916    0.3956
   -0.8829   -0.3853    0.2683
...    42 G-C ...
  -78.6801  -70.3484   70.4258
    0.2909   -0.7874   -0.5434
    0.3561   -0.4381    0.8254
   -0.8880   -0.4336    0.1530
...    43 A-T ...
  -81.5881  -71.8281   70.7495
    0.4531   -0.8906    0.0388
    0.0973    0.0926    0.9909
   -0.8861   -0.4452    0.1286
...    44 C-G ...
  -84.4349  -73.5551   70.5753
    0.4380   -0.7127    0.5479
   -0.1623    0.5367    0.8280
   -0.8842   -0.4516    0.1194
...    45 T-A ...
  -87.2096  -75.3560   70.8337
    0.3108   -0.3147    0.8969
   -0.3736    0.8272    0.4197
   -0.8740   -0.4655    0.1395
...    46 T-A ...
  -89.9161  -77.1393   71.1553
    0.0182    0.1973    0.9802
   -0.4625    0.8708   -0.1667
   -0.8864   -0.4503    0.1071
...    47 A-T ...
  -92.8847  -78.5940   71.5095
   -0.1979    0.6890    0.6973
   -0.3757    0.6037   -0.7031
   -0.9054   -0.4011    0.1394
...    48 C-G ...
  -95.6209  -80.1144   72.5038
   -0.3138    0.9195    0.2368
   -0.2175    0.1731   -0.9606
   -0.9242   -0.3529    0.1457
...    49 T-A ...
  -98.6455  -81.1057   73.3326
   -0.2809    0.9144   -0.2914
   -0.0426   -0.3152   -0.9481
   -0.9588   -0.2538    0.1275
...    50 G-C ...
 -101.9288  -81.6345   73.6553
   -0.0951    0.6435   -0.7595
    0.0726   -0.7565   -0.6500
   -0.9928   -0.1169    0.0252
...    51 T-A ...
 -105.1630  -81.3747   73.9148
    0.0184    0.1846   -0.9826
    0.0834   -0.9797   -0.1825
   -0.9963   -0.0786   -0.0334
...    52 A-T ...
 -108.4495  -81.4073   73.4874
    0.1838   -0.3647   -0.9128
   -0.0099   -0.9292    0.3693
   -0.9829   -0.0589   -0.1744
...    53 G-C ...
 -111.6306  -81.3526   72.5971
    0.1995   -0.7903   -0.5793
   -0.1542   -0.6092    0.7779
   -0.9677   -0.0658   -0.2434
...    54 G-C ...
 -114.7397  -81.7147   71.3274
    0.1247   -0.9908   -0.0522
   -0.2925   -0.0870    0.9523
   -0.9481   -0.1035   -0.3006
...    55 T-A ...
 -117.6536  -82.1832   69.7436
   -0.0621   -0.8884    0.4548
   -0.3192    0.4494    0.8343
   -0.9456   -0.0934   -0.3115
...    56 A-T ...
 -120.9633  -81.8907   68.9849
   -0.3464   -0.3795    0.8579
   -0.1550    0.9251    0.3467
   -0.9252   -0.0128   -0.3793
...    57 T-A ...
 -123.9096  -82.5973   67.6372
   -0.3968    0.1471    0.9060
    0.0667    0.9891   -0.1314
   -0.9155    0.0083   -0.4023
...    58 C-G ...
 -126.8901  -82.6846   66.2550
   -0.2417    0.6969    0.6752
    0.3161    0.7144   -0.6242
   -0.9174    0.0625   -0.3930
...    59 T-A ...
 -130.0324  -82.5266   65.2620
    0.0481    0.9529    0.2994
    0.4047    0.2555   -0.8780
   -0.9132    0.1634   -0.3734
...    60 C-G ...
 -133.0174  -81.9284   64.1400
    0.3553    0.9106   -0.2112
    0.3003   -0.3252   -0.8967
   -0.8852    0.2552   -0.3890
...    61 G-C ...
 -135.7646  -80.8762   62.5775
    0.6243    0.5404   -0.5641
    0.0170   -0.7313   -0.6818
   -0.7810    0.4161   -0.4658
...    62 A-T ...
 -138.1127  -79.3098   60.9679
    0.5801   -0.0031   -0.8145
   -0.3811   -0.8848   -0.2681
   -0.7199    0.4659   -0.5145
...    63 G-C ...
 -140.1783  -77.4718   59.1645
    0.3468   -0.4921   -0.7985
   -0.6704   -0.7254    0.1558
   -0.6559    0.4813   -0.5815
...    64 C-G ...
 -141.9116  -75.8052   56.8696
   -0.0639   -0.8178   -0.5719
   -0.7871   -0.3110    0.5327
   -0.6135    0.4841   -0.6239
...    65 T-A ...
 -143.6714  -74.2794   54.4963
   -0.4758   -0.8578   -0.1942
   -0.6551    0.1983    0.7291
   -0.5869    0.4741   -0.6563
...    66 C-G ...
 -145.5522  -72.7924   52.2207
   -0.7934   -0.5479    0.2653
   -0.2322    0.6753    0.7000
   -0.5627    0.4938   -0.6630
...    67 A-T ...
 -147.3101  -70.8016   50.2422
   -0.7579   -0.0538    0.6501
    0.2973    0.8586    0.4177
   -0.5807    0.5098   -0.6347
...    68 T-A ...
 -149.4815  -69.7138   47.9922
   -0.5073    0.4012    0.7627
    0.6592    0.7507    0.0436
   -0.5551    0.5248   -0.6453
...    69 G-C ...
 -151.2197  -67.8210   45.8734
    0.0140    0.6777    0.7352
    0.8419    0.3887   -0.3743
   -0.5394    0.6242   -0.5652
...    70 T-A ...
 -153.4223  -65.8777   44.4337
    0.4785    0.7327    0.4839
    0.7252   -0.0190   -0.6883
   -0.4951    0.6803   -0.5405
...    71 T-A ...
 -155.0504  -63.5802   42.8849
    0.8350    0.5444    0.0802
    0.3457   -0.4057   -0.8461
   -0.4281    0.7342   -0.5270
...    72 A-T ...
 -156.1196  -60.6500   41.6367
    0.9725    0.0841   -0.2170
   -0.1335   -0.5623   -0.8161
   -0.1906    0.8226   -0.5357
...    73 T-A ...
 -156.3775  -57.6447   40.4073
    0.7882   -0.2371   -0.5678
   -0.5989   -0.5076   -0.6194
   -0.1414    0.8283   -0.5421
...    74 A-T ...
 -156.5158  -54.9387   38.4735
    0.3194   -0.5556   -0.7676
   -0.9468   -0.2218   -0.2334
   -0.0406    0.8013   -0.5969
...    75 A-T ...
 -156.2824  -52.3475   36.5178
   -0.2835   -0.5539   -0.7828
   -0.9589    0.1562    0.2367
   -0.0088    0.8178   -0.5754
...    76 C-G ...
 -155.7440  -49.8787   34.3034
   -0.7495   -0.3730   -0.5469
   -0.6618    0.4433    0.6045
    0.0169    0.8150   -0.5792
...    77 G-C ...
 -155.9326  -46.9254   32.7474
   -0.9944   -0.0681   -0.0813
   -0.1058    0.5872    0.8025
   -0.0069    0.8066   -0.5911
...    78 G-C ...
 -155.8410  -44.3384   30.5714
   -0.8848    0.2354    0.4021
    0.4648    0.5078    0.7253
   -0.0335    0.8287   -0.5587
...    79 A-T ...
 -155.8459  -41.7164   28.5999
   -0.4405    0.4693    0.7653
    0.8977    0.2402    0.3693
   -0.0105    0.8497   -0.5271
...    80 T-A ...
 -156.5131  -39.0496   26.8059
    0.0692    0.5116    0.8564
    0.9976   -0.0433   -0.0547
    0.0091    0.8581   -0.5133
...    81 C-G ...
 -156.5385  -36.2356   25.1643
    0.6255    0.3229    0.7103
    0.7774   -0.3352   -0.5322
    0.0662    0.8851   -0.4607
...    82 G-C ...
 -155.9750  -33.3292   23.6274
    0.9129   -0.0752    0.4011
    0.3351   -0.4230   -0.8419
    0.2330    0.9030   -0.3610
...    83 G-C ...
 -154.8686  -30.2233   22.9341
    0.9140   -0.4026   -0.0508
   -0.1714   -0.2697   -0.9476
    0.3678    0.8747   -0.3155
...    84 G-C ...
 -153.0543  -27.4568   22.2165
    0.6404   -0.5765   -0.5074
   -0.5938    0.0473   -0.8032
    0.4871    0.8157   -0.3120
...    85 A-T ...
 -151.2103  -24.9509   21.1679
    0.1585   -0.4626   -0.8723
   -0.8305    0.4153   -0.3712
    0.5340    0.7833   -0.3184
...    86 T-A ...
 -148.8695  -22.7961   20.2557
   -0.2758   -0.1698   -0.9461
   -0.7885    0.6029    0.1216
    0.5498    0.7795   -0.3002
...    87 C-G ...
 -146.9913  -20.3341   19.1325
   -0.6840    0.2339   -0.6910
   -0.4599    0.5971    0.6573
    0.5663    0.7674   -0.3008
...    88 C-G ...
 -145.0429  -17.8780   17.8684
   -0.8455    0.4951   -0.2003
   -0.0010    0.3736    0.9276
    0.5340    0.7845   -0.3153
...    89 G-C ...
 -143.0804  -15.2214   17.3252
   -0.7337    0.5612    0.3830
    0.4689    0.0103    0.8832
    0.4917    0.8276   -0.2707
...    90 C-G ...
 -141.6502  -12.4914   16.1073
   -0.3830    0.4384    0.8131
    0.7821   -0.3145    0.5380
    0.4916    0.8419   -0.2224
...    91 T-A ...
 -140.3011   -9.5594   15.4153
    0.0370    0.1448    0.9888
    0.8644   -0.5011    0.0411
    0.5015    0.8532   -0.1437
...    92 T-A ...
 -138.8574   -6.6948   15.0481
    0.4842   -0.1953    0.8529
    0.6985   -0.5008   -0.5112
    0.5270    0.8432   -0.1060
...    93 T-A ...
 -137.2354   -3.9093   14.9382
    0.7579   -0.4835    0.4379
    0.3243   -0.3031   -0.8961
    0.5660    0.8212   -0.0729
...    94 A-T ...
 -135.1288   -1.3306   15.1560
    0.7106   -0.6975   -0.0923
   -0.0869    0.0431   -0.9953
    0.6982    0.7153   -0.0300
...    95 A-T ...
 -132.7244    0.8296   15.3049
    0.5253   -0.5736   -0.6285
   -0.4480    0.4415   -0.7774
    0.7234    0.6899   -0.0251
...    96 C-G ...
 -129.9472    2.6192   15.5615
    0.1985   -0.2813   -0.9389
   -0.6312    0.6962   -0.3420
    0.7498    0.6605   -0.0393
...    97 A-T ...
 -127.5146    4.8634   15.2923
   -0.2484    0.1153   -0.9618
   -0.5948    0.7655    0.2454
    0.7645    0.6330   -0.1216
...    98 C-G ...
 -124.6799    6.4670   14.5595
   -0.5269    0.4979   -0.6888
   -0.3652    0.5992    0.7124
    0.7675    0.6269   -0.1339
...    99 T-A ...
 -122.1124    8.4267   13.7890
   -0.6624    0.7217   -0.2009
   -0.0195    0.2515    0.9677
    0.7489    0.6450   -0.1525
...   100 T-A ...
 -119.6720   10.4325   13.0009
   -0.5316    0.7529    0.3880
    0.3510   -0.2211    0.9099
    0.7709    0.6199   -0.1467
...   101 T-A ...
 -117.2771   12.5093   12.2887
   -0.2301    0.4966    0.8369
    0.5775   -0.6225    0.5282
    0.7833    0.6049   -0.1436
...   102 A-T ...
 -114.5918   14.4465   11.9266
    0.0945   -0.0057    0.9955
    0.6046   -0.7941   -0.0620
    0.7909    0.6077   -0.0716
...   103 T-A ...
 -112.4150   16.8975   11.9538
    0.3663   -0.4148    0.8329
    0.4753   -0.6862   -0.5507
    0.8000    0.5976   -0.0542
...   104 G-C ...
 -109.5880   18.6774   11.9537
    0.4554   -0.7983    0.3942
    0.2226   -0.3266   -0.9186
    0.8620    0.5061    0.0290
...   105 C-G ...
 -106.7430   20.2345   12.5688
    0.4483   -0.8791   -0.1621
   -0.0339    0.1645   -0.9858
    0.8932    0.4474    0.0439
...   106 T-A ...
 -103.6757   21.3948   13.0062
    0.2993   -0.6960   -0.6527
   -0.2234    0.6139   -0.7571
    0.9276    0.3724    0.0282
...   107 T-A ...
 -100.5859   22.3526   13.2655
    0.1196   -0.2290   -0.9661
   -0.3422    0.9039   -0.2566
    0.9320    0.3613    0.0297
...   108 C-G ...
  -97.4792   23.3958   13.2406
   -0.1251    0.3352   -0.9338
   -0.3264    0.8749    0.3578
    0.9369    0.3495   -0.0001
...   109 C-G ...
  -94.2709   24.3957   12.9121
   -0.3444    0.7329   -0.5867
   -0.1778    0.5627    0.8073
    0.9218    0.3824   -0.0635
...   110 G-C ...
  -91.2920   25.9128   13.0472
   -0.4611    0.8870   -0.0251
    0.0718    0.0655    0.9953
    0.8845    0.4571   -0.0939
...   111 G-C ...
  -88.4029   27.5502   12.4775
   -0.4076    0.7454    0.5274
    0.3232   -0.4224    0.8468
    0.8540    0.5156   -0.0687
...   112 C-G ...
  -85.7794   29.5188   12.0056
   -0.1990    0.3734    0.9061
    0.4957   -0.7592    0.4217
    0.8454    0.5331   -0.0340
...   113 T-A ...
  -83.1748   31.5638   11.9887
    0.0413   -0.1120    0.9928
    0.5358   -0.8363   -0.1166
    0.8434    0.5367    0.0255
...   114 C-G ...
  -80.4577   33.3794   12.1842
    0.3122   -0.5996    0.7369
    0.4149   -0.6117   -0.6736
    0.8546    0.5160    0.0578
...   115 G-C ...
  -77.4454   34.8219   12.2083
    0.3763   -0.8959    0.2361
    0.1981   -0.1711   -0.9651
    0.9051    0.4100    0.1131
...   116 T-A ...
  -74.5387   36.0252   13.2141
    0.3854   -0.8725   -0.3004
   -0.0196    0.3177   -0.9480
    0.9225    0.3713    0.1053
...   117 A-T ...
  -71.3907   37.0507   13.5898
    0.2145   -0.5740   -0.7902
   -0.2042    0.7648   -0.6110
    0.9551    0.2924    0.0469
...   118 T-A ...
  -68.1456   37.3698   13.9969
    0.0709   -0.1184   -0.9904
   -0.2781    0.9512   -0.1337
    0.9579    0.2849    0.0345
...   119 A-T ...
  -64.9504   38.3076   13.9874
   -0.1739    0.4298   -0.8860
   -0.2373    0.8549    0.4613
    0.9557    0.2905   -0.0467
...   120 A-T ...
  -61.8152   39.0562   13.6158
   -0.2777    0.8378   -0.4700
   -0.0896    0.4646    0.8810
    0.9565    0.2867   -0.0539
...   121 T-A ...
  -58.7223   39.8112   12.7694
   -0.2828    0.9584    0.0390
    0.0673   -0.0207    0.9975
    0.9568    0.2847   -0.0587
...   122 G-C ...
  -55.5789   40.8851   12.8628
   -0.2681    0.7492    0.6057
    0.2475   -0.5541    0.7948
    0.9311    0.3630   -0.0368
...   123 T-A ...
  -52.7456   42.5547   12.4017
   -0.1152    0.3421    0.9326
    0.3546   -0.8628    0.3603
    0.9279    0.3722   -0.0219
...   124 G-C ...
  -49.5945   43.5966   12.5508
    0.0360   -0.2412    0.9698
    0.3754   -0.8961   -0.2368
    0.9262    0.3725    0.0583
...   125 T-A ...
  -46.7862   45.2894   13.0936
    0.2050   -0.6819    0.7021
    0.2973   -0.6401   -0.7085
    0.9325    0.3539    0.0715
...   126 C-G ...
  -43.7462   46.4648   13.4553
    0.3076   -0.9391    0.1532
    0.1199   -0.1215   -0.9853
    0.9439    0.3215    0.0752
...   127 G-C ...
  -40.5643   47.4740   13.3793
    0.1979   -0.8866   -0.4180
   -0.0565    0.4154   -0.9079
    0.9786    0.2033    0.0321
...   128 A-T ...
  -37.3575   48.0476   13.5671
    0.0742   -0.4968   -0.8647
   -0.1549    0.8508   -0.5021
    0.9851    0.1712   -0.0138
...   129 C-G ...
  -34.0707   47.9646   13.6460
   -0.0644    0.0012   -0.9979
   -0.1556    0.9878    0.0112
    0.9857    0.1560   -0.0635
...   130 C-G ...
  -30.7449   48.1586   13.1438
   -0.2396    0.5075   -0.8277
   -0.0611    0.8430    0.5345
    0.9690    0.1786   -0.1710
...   131 A-T ...
  -27.5621   48.9143   12.5110
   -0.3397    0.8655   -0.3681
    0.1345    0.4321    0.8918
    0.9309    0.2534   -0.2632
...   132 A-T ...
  -24.6355   49.7243   11.3695
   -0.2006    0.9589    0.2005
    0.3172   -0.1301    0.9394
    0.9269    0.2521   -0.2781
...   133 A-T ...
  -21.7513   50.6822   10.2146
    0.0379    0.7185    0.6945
    0.3805   -0.6530    0.6548
    0.9240    0.2394   -0.2982
...   134 T-A ...
  -19.0160   52.0245    8.9251
    0.2452    0.2905    0.9249
    0.3073   -0.9281    0.2101
    0.9195    0.2328   -0.3169
...   135 G-C ...
  -16.4638   53.8825    7.5154
    0.5339   -0.3333    0.7771
    0.0346   -0.9097   -0.4139
    0.8449    0.2479   -0.4741
...   136 T-A ...
  -14.1749   56.5547    6.1809
    0.5795   -0.7269    0.3685
   -0.3141   -0.6164   -0.7221
    0.7521    0.3026   -0.5855
...   137 G-C ...
  -11.6539   57.9993    4.7205
    0.2452   -0.9542   -0.1714
   -0.6323   -0.0234   -0.7744
    0.7349    0.2983   -0.6091
...   138 A-T ...
   -8.6759   58.7134    3.6026
   -0.0345   -0.7815   -0.6229
   -0.6536    0.4891   -0.5775
    0.7560    0.3872   -0.5277
...   139 G-C ...
   -6.3275   59.0728    1.6298
   -0.2969   -0.3279   -0.8968
   -0.5657    0.8171   -0.1114
    0.7693    0.4742   -0.4281
...   140 C-G ...
   -3.4369   60.2279    1.0288
   -0.4426    0.2287   -0.8671
   -0.1681    0.9286    0.3308
    0.8808    0.2922   -0.3725
...   141 G-C ...
   -0.6977   63.8912   -2.2508
   -0.9992    0.0157   -0.0376
   -0.0024    0.8991    0.4378
    0.0407    0.4375   -0.8983
...   142 C-G ...
   -1.0065   65.5989   -4.9400
   -0.8337    0.5216    0.1813
    0.5170    0.6219    0.5881
    0.1940    0.5841   -0.7882
...   143 T-A ...
   -0.1333   66.2085   -7.8195
   -0.3753    0.8566    0.3540
    0.8856    0.2187    0.4098
    0.2736    0.4673   -0.8407
...   144 C-G ...
   -0.1666   67.4021  -10.8066
    0.1797    0.8793    0.4411
    0.9277   -0.3007    0.2214
    0.3273    0.3694   -0.8697
...   145 A-T ...
    0.5266   69.2313  -13.4658
    0.7352    0.4964    0.4616
    0.6118   -0.7791   -0.1367
    0.2918    0.3829   -0.8765
...   146 C-G ...
    1.4338   72.0893  -15.6017
    0.9809    0.0621    0.1844
    0.1264   -0.9240   -0.3608
    0.1480    0.3772   -0.9142
...   147 A-T ...
    2.3047   74.2223  -18.3862
    0.8657   -0.4292   -0.2575
   -0.4984   -0.7868   -0.3642
   -0.0463    0.4436   -0.8950
