  147 base-pairs
...     1 A-T ...
    0.0000    0.0000    0.0000
    1.0000    0.0000    0.0000
    0.0000    1.0000    0.0000
    0.0000    0.0000    1.0000
...     2 G-C ...
   -0.1394   -1.2357    3.2268
    0.7529    0.6366    0.1670
   -0.6386    0.7680   -0.0486
   -0.1592   -0.0700    0.9848
...     3 T-A ...
   -0.0365   -3.2932    6.3751
    0.2722    0.9301    0.2466
   -0.9238    0.3243   -0.2033
   -0.2691   -0.1725    0.9475
...     4 G-C ...
   -0.3505   -4.1660    9.4928
   -0.3756    0.9250    0.0579
   -0.8781   -0.3352   -0.3415
   -0.2965   -0.1791    0.9381
...     5 A-T ...
   -0.4462   -4.1476   12.7498
   -0.8116    0.5840   -0.0165
   -0.5523   -0.7762   -0.3042
   -0.1905   -0.2378    0.9524
...     6 G-C ...
   -1.5908   -4.1730   15.6201
   -0.9976    0.0246   -0.0651
   -0.0043   -0.9555   -0.2950
   -0.0695   -0.2940    0.9533
...     7 C-G ...
   -1.1030   -4.4824   18.7362
   -0.8441   -0.5304   -0.0787
    0.5345   -0.8441   -0.0432
   -0.0435   -0.0785    0.9960
...     8 G-C ...
   -2.4028   -7.7290   23.1475
   -0.2754   -0.3293   -0.9032
    0.6650   -0.7437    0.0684
   -0.6942   -0.5818    0.4238
...     9 C-G ...
   -4.4690   -9.9728   24.1132
    0.1145   -0.7025   -0.7024
    0.8512   -0.2952    0.4340
   -0.5122   -0.6476    0.5642
...    10 T-A ...
   -6.7405  -10.8752   25.9697
    0.4841   -0.8363   -0.2574
    0.6595    0.1553    0.7355
   -0.5751   -0.5258    0.6267
...    11 C-G ...
   -9.1656  -12.6208   27.1640
    0.7073   -0.6682    0.2307
    0.3448    0.6110    0.7126
   -0.6171   -0.4245    0.6626
...    12 A-T ...
  -10.9234  -14.6633   29.0693
    0.7515   -0.1377    0.6452
   -0.2029    0.8824    0.4246
   -0.6277   -0.4500    0.6352
...    13 C-G ...
  -11.8476  -17.4863   31.2451
    0.4295    0.2823    0.8578
   -0.5708    0.8209    0.0156
   -0.6998   -0.4963    0.5137
...    14 A-T ...
  -13.5897  -19.7827   33.4259
   -0.1504    0.6104    0.7777
   -0.6874    0.5008   -0.5260
   -0.7106   -0.6136    0.3443
...    15 A-T ...
  -15.8333  -21.7877   34.6327
   -0.4885    0.8105    0.3230
   -0.4835    0.0567   -0.8735
   -0.7263   -0.5829    0.3642
...    16 T-A ...
  -17.9432  -23.6208   36.5464
   -0.6956    0.6941   -0.1851
   -0.1398   -0.3836   -0.9128
   -0.7046   -0.6091    0.3639
...    17 T-A ...
  -20.2251  -25.3986   38.1076
   -0.6712    0.3150   -0.6711
    0.2965   -0.7156   -0.6325
   -0.6794   -0.6234    0.3869
...    18 T-A ...
  -22.5385  -27.2089   39.4836
   -0.3841   -0.1363   -0.9132
    0.6183   -0.7724   -0.1448
   -0.6856   -0.6203    0.3810
...    19 A-T ...
  -24.6855  -29.4816   40.7303
    0.0781   -0.5515   -0.8305
    0.7171   -0.5476    0.4311
   -0.6925   -0.6293    0.3527
...    20 T-A ...
  -27.4308  -31.1926   41.5131
    0.4182   -0.7734   -0.4764
    0.5800   -0.1763    0.7953
   -0.6991   -0.6089    0.3749
...    21 T-A ...
  -29.8609  -33.1629   42.4633
    0.6610   -0.7467    0.0742
    0.2326    0.2979    0.9258
   -0.7134   -0.5947    0.3706
...    22 C-G ...
  -32.1892  -35.1502   43.6525
    0.6931   -0.4171    0.5880
   -0.2020    0.6706    0.7138
   -0.6920   -0.6135    0.3805
...    23 G-C ...
  -34.6125  -36.7474   45.3712
    0.5625    0.1135    0.8190
   -0.5652    0.7757    0.2807
   -0.6034   -0.6208    0.5005
...    24 C-G ...
  -36.3259  -39.0477   46.9399
    0.2235    0.5376    0.8130
   -0.7708    0.6081   -0.1901
   -0.5966   -0.5842    0.5503
...    25 A-T ...
  -38.5300  -40.8204   48.6051
   -0.1782    0.8385    0.5149
   -0.7687    0.2080   -0.6048
   -0.6143   -0.5036    0.6075
...    26 A-T ...
  -40.4254  -42.3880   50.7669
   -0.5607    0.8245    0.0762
   -0.5456   -0.2987   -0.7831
   -0.6228   -0.4807    0.6173
...    27 A-T ...
  -42.2566  -43.7541   53.0773
   -0.7686    0.5128   -0.3825
   -0.1332   -0.7131   -0.6883
   -0.6257   -0.4781    0.6164
...    28 G-C ...
  -44.4654  -44.8598   55.3678
   -0.6805    0.0984   -0.7261
    0.2638   -0.8916   -0.3681
   -0.6836   -0.4421    0.5808
...    29 G-C ...
  -47.1151  -46.0131   57.2458
   -0.3625   -0.3792   -0.8513
    0.5756   -0.8095    0.1155
   -0.7330   -0.4482    0.5117
...    30 C-G ...
  -49.8188  -47.2849   58.5771
    0.0445   -0.7371   -0.6743
    0.6541   -0.4887    0.5773
   -0.7551   -0.4668    0.4604
...    31 C-G ...
  -52.5508  -48.6875   59.9325
    0.4439   -0.8544   -0.2702
    0.5013   -0.0132    0.8652
   -0.7427   -0.5195    0.4225
...    32 G-C ...
  -54.5766  -50.3963   61.4699
    0.6938   -0.6989    0.1738
    0.1793    0.4013    0.8982
   -0.6975   -0.5920    0.4037
...    33 G-C ...
  -56.5943  -52.8026   62.7316
    0.7065   -0.3350    0.6234
   -0.2541    0.7021    0.6652
   -0.6605   -0.6284    0.4109
...    34 C-G ...
  -58.5767  -55.1269   63.9081
    0.4751    0.1304    0.8702
   -0.6008    0.7706    0.2125
   -0.6429   -0.6238    0.4445
...    35 C-G ...
  -60.3919  -57.4102   65.6573
    0.1050    0.5713    0.8140
   -0.7635    0.5707   -0.3021
   -0.6372   -0.5898    0.4962
...    36 C-G ...
  -62.2658  -59.4863   67.5318
   -0.2830    0.8255    0.4883
   -0.7056    0.1656   -0.6889
   -0.6496   -0.5395    0.5357
...    37 G-C ...
  -64.7093  -61.4267   68.6646
   -0.5423    0.8401   -0.0132
   -0.4376   -0.2958   -0.8491
   -0.7172   -0.4547    0.5281
...    38 A-T ...
  -66.8716  -62.9394   70.3822
   -0.6781    0.5286   -0.5107
   -0.0321   -0.7154   -0.6980
   -0.7343   -0.4569    0.5020
...    39 C-G ...
  -69.3977  -63.8845   72.0770
   -0.5487    0.1234   -0.8269
    0.2982   -0.8951   -0.3315
   -0.7811   -0.4284    0.4543
...    40 A-T ...
  -72.1670  -65.2015   73.3974
   -0.2034   -0.3393   -0.9184
    0.5118   -0.8365    0.1957
   -0.8347   -0.4302    0.3438
...    41 C-G ...
  -75.1876  -66.3707   74.0214
    0.1219   -0.6962   -0.7074
    0.5186   -0.5630    0.6435
   -0.8463   -0.4453    0.2924
...    42 G-C ...
  -77.7361  -68.1452   75.1940
    0.4359   -0.8745   -0.2130
    0.2925   -0.0861    0.9524
   -0.8512   -0.4774    0.2183
...    43 A-T ...
  -80.4620  -69.6487   75.8246
    0.5140   -0.7636    0.3908
   -0.0163    0.4467    0.8945
   -0.8576   -0.4662    0.2172
...    44 C-G ...
  -83.1230  -71.6341   76.0665
    0.4421   -0.4040    0.8008
   -0.2947    0.7778    0.5551
   -0.8472   -0.4814    0.2248
...    45 T-A ...
  -85.7877  -74.0233   76.7365
    0.2060    0.0943    0.9740
   -0.4730    0.8809    0.0148
   -0.8566   -0.4638    0.2261
...    46 T-A ...
  -88.3593  -75.8717   77.4375
   -0.0851    0.5270    0.8456
   -0.4798    0.7221   -0.4983
   -0.8732   -0.4481    0.1914
...    47 A-T ...
  -91.1885  -77.3638   78.2992
   -0.2229    0.8823    0.4145
   -0.3648    0.3188   -0.8748
   -0.9040   -0.3462    0.2508
...    48 C-G ...
  -93.8721  -78.5762   79.7273
   -0.3194    0.9410   -0.1116
   -0.2004   -0.1822   -0.9626
   -0.9262   -0.2851    0.2468
...    49 T-A ...
  -96.9075  -79.2212   80.9735
   -0.2801    0.7399   -0.6116
   -0.0477   -0.6471   -0.7609
   -0.9588   -0.1840    0.2165
...    50 G-C ...
 -100.2898  -79.4548   81.4563
   -0.0766    0.3008   -0.9506
    0.0462   -0.9513   -0.3047
   -0.9960   -0.0672    0.0590
...    51 T-A ...
 -103.4542  -79.0922   81.5898
    0.0289   -0.1875   -0.9818
    0.0438   -0.9811    0.1886
   -0.9986   -0.0484   -0.0201
...    52 A-T ...
 -106.7099  -79.2021   81.1375
    0.1498   -0.6966   -0.7016
   -0.0613   -0.7148    0.6966
   -0.9868   -0.0614   -0.1497
...    53 G-C ...
 -109.8196  -79.2377   80.2785
    0.1505   -0.9562   -0.2510
   -0.1809   -0.2763    0.9439
   -0.9719   -0.0967   -0.2146
...    54 G-C ...
 -113.0467  -79.7105   78.6204
    0.0582   -0.9489    0.3102
   -0.2671    0.2846    0.9207
   -0.9619   -0.1364   -0.2369
...    55 T-A ...
 -116.0610  -80.4978   77.4928
   -0.1210   -0.6627    0.7391
   -0.2582    0.7399    0.6211
   -0.9585   -0.1157   -0.2606
...    56 A-T ...
 -119.2022  -81.1886   76.4430
   -0.2589   -0.0869    0.9620
   -0.1207    0.9911    0.0570
   -0.9583   -0.1013   -0.2671
...    57 T-A ...
 -122.2383  -82.2258   75.6578
   -0.3093    0.4308    0.8478
    0.0578    0.8983   -0.4355
   -0.9492   -0.0857   -0.3028
...    58 C-G ...
 -125.5127  -82.6578   74.9094
   -0.1897    0.8934    0.4072
    0.2607    0.4457   -0.8564
   -0.9466   -0.0563   -0.3175
...    59 T-A ...
 -128.7497  -82.6851   74.1587
    0.0639    0.9962   -0.0595
    0.3179   -0.0768   -0.9450
   -0.9460    0.0415   -0.3216
...    60 C-G ...
 -131.8948  -82.3490   73.1282
    0.3117    0.7806   -0.5418
    0.1980   -0.6110   -0.7664
   -0.9293    0.1316   -0.3450
...    61 G-C ...
 -134.7157  -81.8450   71.4457
    0.6173    0.3362   -0.7113
   -0.0492   -0.8858   -0.4614
   -0.7852    0.3198   -0.5303
...    62 A-T ...
 -137.1871  -80.5899   69.5349
    0.5342   -0.2404   -0.8105
   -0.4198   -0.9076   -0.0076
   -0.7337    0.3443   -0.5857
...    63 G-C ...
 -139.3000  -79.2362   67.3407
    0.2831   -0.6935   -0.6625
   -0.6776   -0.6335    0.3736
   -0.6788    0.3431   -0.6492
...    64 C-G ...
 -141.2098  -78.0236   64.7590
   -0.1586   -0.9378   -0.3087
   -0.7424   -0.0929    0.6634
   -0.6509    0.3344   -0.6816
...    65 T-A ...
 -143.2387  -76.9578   62.4016
   -0.5573   -0.8265    0.0796
   -0.5593    0.4445    0.6998
   -0.6137    0.3454   -0.7099
...    66 C-G ...
 -145.3806  -75.7114   60.1991
   -0.7982   -0.3716    0.4742
   -0.1022    0.8592    0.5013
   -0.5937    0.3516   -0.7238
...    67 G-C ...
 -147.1441  -74.0622   57.9542
   -0.6844    0.2066    0.6992
    0.4228    0.8937    0.1498
   -0.5940    0.3982   -0.6990
...    68 T-A ...
 -149.3041  -73.3326   55.5217
   -0.3584    0.6212    0.6968
    0.7397    0.6444   -0.1940
   -0.5696    0.4459   -0.6905
...    69 C-G ...
 -151.0782  -71.8601   53.2979
    0.1537    0.8415    0.5179
    0.8168    0.1868   -0.5459
   -0.5561    0.5069   -0.6586
...    70 A-T ...
 -152.9935  -70.2777   50.9957
    0.6504    0.7228    0.2338
    0.5919   -0.2892   -0.7524
   -0.4762    0.6277   -0.6158
...    71 T-A ...
 -154.5850  -67.9655   49.4122
    0.8967    0.4310   -0.1010
    0.1951   -0.5895   -0.7838
   -0.3973    0.6831   -0.6127
...    72 G-C ...
 -155.5861  -65.3149   47.3636
    0.9068   -0.0942   -0.4110
   -0.3590   -0.6838   -0.6352
   -0.2212    0.7235   -0.6539
...    73 T-A ...
 -155.7621  -62.5336   45.5309
    0.6017   -0.4608   -0.6524
   -0.7819   -0.5065   -0.3635
   -0.1630    0.7288   -0.6650
...    74 T-A ...
 -156.0017  -60.1681   43.4193
    0.0809   -0.6676   -0.7401
   -0.9901   -0.1392    0.0174
   -0.1146    0.7314   -0.6723
...    75 A-T ...
 -156.5942  -57.6747   41.1603
   -0.5682   -0.5788   -0.5849
   -0.8190    0.3285    0.4705
   -0.0802    0.7464   -0.6607
...    76 T-A ...
 -156.3153  -55.5953   38.6556
   -0.9053   -0.2965   -0.3042
   -0.4235    0.5744    0.7005
   -0.0330    0.7630   -0.6456
...    77 A-T ...
 -156.2416  -52.7099   36.7358
   -0.9557    0.2308    0.1829
    0.2878    0.6006    0.7460
    0.0623    0.7656   -0.6403
...    78 A-T ...
 -156.0266  -50.3521   34.5530
   -0.6190    0.5567    0.5540
    0.7756    0.3221    0.5428
    0.1237    0.7657   -0.6312
...    79 C-G ...
 -156.1463  -47.9595   32.1241
   -0.0993    0.6332    0.7676
    0.9828   -0.0582    0.1751
    0.1555    0.7718   -0.6166
...    80 G-C ...
 -155.2011  -45.3897   30.3849
    0.3862    0.3522    0.8525
    0.8884   -0.3908   -0.2410
    0.2483    0.8504   -0.4638
...    81 G-C ...
 -154.2973  -42.4242   29.3427
    0.7438   -0.0131    0.6683
    0.5840   -0.4736   -0.6593
    0.3251    0.8807   -0.3446
...    82 A-T ...
 -153.1343  -39.5604   28.4277
    0.9176   -0.3375    0.2101
    0.0805   -0.3599   -0.9295
    0.3893    0.8698   -0.3030
...    83 G-C ...
 -151.7521  -36.6753   27.9127
    0.7995   -0.5509   -0.2393
   -0.3561   -0.1140   -0.9275
    0.4837    0.8267   -0.2873
...    84 G-C ...
 -149.4701  -34.0370   27.2983
    0.4400   -0.5816   -0.6842
   -0.6985    0.2571   -0.6678
    0.5643    0.7718   -0.2931
...    85 A-T ...
 -147.3525  -31.6242   26.4663
   -0.0560   -0.3196   -0.9459
   -0.8071    0.5723   -0.1455
    0.5878    0.7552   -0.2900
...    86 T-A ...
 -144.9538  -29.5848   25.4399
   -0.4665    0.0208   -0.8843
   -0.6552    0.6635    0.3612
    0.5943    0.7479   -0.2959
...    87 C-G ...
 -142.8461  -27.2682   24.2411
   -0.7538    0.4309   -0.4961
   -0.2477    0.5130    0.8219
    0.6086    0.7424   -0.2800
...    88 C-G ...
 -140.8045  -24.9115   23.1930
   -0.8213    0.5698    0.0269
    0.1806    0.2150    0.9598
    0.5411    0.7932   -0.2794
...    89 G-C ...
 -138.9434  -22.2409   22.7799
   -0.6392    0.5113    0.5745
    0.6025   -0.1313    0.7872
    0.4779    0.8493   -0.2241
...    90 C-G ...
 -137.6127  -19.2545   21.6577
   -0.1984    0.3205    0.9262
    0.8471   -0.4193    0.3265
    0.4930    0.8494   -0.1883
...    91 T-A ...
 -136.3251  -16.1346   21.0662
    0.2765   -0.0125    0.9609
    0.8212   -0.5164   -0.2430
    0.4992    0.8563   -0.1325
...    92 T-A ...
 -134.9576  -13.2033   20.9206
    0.6743   -0.3195    0.6657
    0.5251   -0.4264   -0.7365
    0.5192    0.8462   -0.1197
...    93 T-A ...
 -133.2749  -10.4665   20.7405
    0.8179   -0.5519    0.1627
    0.0807   -0.1701   -0.9821
    0.5697    0.8164   -0.0946
...    94 A-T ...
 -131.1294   -7.9376   20.3942
    0.6454   -0.6551   -0.3928
   -0.3501    0.2033   -0.9144
    0.6789    0.7277   -0.0981
...    95 A-T ...
 -128.8164   -5.7877   20.2489
    0.3301   -0.4732   -0.8168
   -0.6198    0.5440   -0.5656
    0.7120    0.6929   -0.1137
...    96 C-G ...
 -125.9874   -4.0036   20.0683
   -0.0404   -0.1185   -0.9921
   -0.6859    0.7254   -0.0587
    0.7266    0.6781   -0.1106
...    97 A-T ...
 -123.5312   -1.8243   19.5129
   -0.4659    0.2727   -0.8418
   -0.5252    0.6804    0.5111
    0.7121    0.6802   -0.1738
...    98 C-G ...
 -120.9354    0.0391   18.3796
   -0.6772    0.5790   -0.4540
   -0.2048    0.4444    0.8721
    0.7067    0.6836   -0.1824
...    99 T-A ...
 -118.5077    2.3476   16.9745
   -0.6844    0.7218    0.1027
    0.1957    0.0462    0.9796
    0.7023    0.6905   -0.1729
...   100 T-A ...
 -116.3841    4.6346   16.0520
   -0.4260    0.6386    0.6408
    0.5424   -0.3866    0.7458
    0.7241    0.6653   -0.1817
...   101 T-A ...
 -114.1872    6.9083   15.2997
   -0.0519    0.3073    0.9502
    0.6807   -0.6853    0.2588
    0.7307    0.6603   -0.1737
...   102 A-T ...
 -111.6049    8.9452   14.8710
    0.2707   -0.1814    0.9454
    0.5946   -0.7409   -0.3124
    0.7571    0.6467   -0.0927
...   103 T-A ...
 -109.5427   11.4274   15.0803
    0.4691   -0.5405    0.6984
    0.4081   -0.5686   -0.7142
    0.7832    0.6201   -0.0461
...   104 G-C ...
 -106.8901   13.4479   15.2730
    0.5339   -0.8352    0.1319
    0.0789   -0.1061   -0.9912
    0.8418    0.5396    0.0093
...   105 C-G ...
 -103.9535   14.8206   15.6854
    0.4363   -0.7965   -0.4185
   -0.2121    0.3610   -0.9082
    0.8744    0.4850   -0.0114
...   106 T-A ...
 -100.6708   15.9230   15.8328
    0.2250   -0.4690   -0.8541
   -0.3664    0.7715   -0.5202
    0.9029    0.4299    0.0017
...   107 T-A ...
  -97.6655   17.0397   15.8590
   -0.0502    0.0203   -0.9985
   -0.4041    0.9139    0.0389
    0.9133    0.4055   -0.0377
...   108 C-G ...
  -94.5600   18.1871   15.5155
   -0.2917    0.5334   -0.7940
   -0.2847    0.7440    0.6044
    0.9131    0.4024   -0.0652
...   109 C-G ...
  -91.5368   19.4189   15.1355
   -0.4803    0.8006   -0.3583
   -0.0788    0.3674    0.9267
    0.8735    0.4734   -0.1134
...   110 G-C ...
  -88.9137   20.9890   15.0806
   -0.5296    0.8314    0.1681
    0.1912   -0.0761    0.9786
    0.8264    0.5504   -0.1187
...   111 G-C ...
  -86.4311   23.1988   14.5771
   -0.3848    0.6190    0.6847
    0.4691   -0.5078    0.7226
    0.7949    0.5992   -0.0949
...   112 C-G ...
  -84.1725   25.6291   14.1151
   -0.1011    0.2200    0.9703
    0.6034   -0.7619    0.2356
    0.7910    0.6093   -0.0557
...   113 T-A ...
  -81.7320   27.8615   13.9848
    0.1828   -0.2327    0.9552
    0.5747   -0.7630   -0.2959
    0.7977    0.6030   -0.0058
...   114 C-G ...
  -79.0441   29.7857   14.1165
    0.4373   -0.6510    0.6205
    0.3900   -0.4844   -0.7831
    0.8103    0.5844    0.0421
...   115 G-C ...
  -76.1891   31.4586   13.8595
    0.5040   -0.8613    0.0641
    0.0864   -0.0235   -0.9960
    0.8594    0.5075    0.0626
...   116 T-A ...
  -73.2395   32.6804   14.6162
    0.4271   -0.7753   -0.4652
   -0.1768    0.4329   -0.8839
    0.8867    0.4598    0.0478
...   117 A-T ...
  -69.9812   33.6670   15.1285
    0.1687   -0.4501   -0.8769
   -0.3430    0.8073   -0.4803
    0.9241    0.3818   -0.0182
...   118 T-A ...
  -66.7900   34.2134   15.2711
   -0.0170    0.0071   -0.9998
   -0.3767    0.9263    0.0130
    0.9262    0.3768   -0.0131
...   119 A-T ...
  -63.7580   35.6095   15.2119
   -0.2727    0.5170   -0.8114
   -0.2674    0.7694    0.5801
    0.9242    0.3752   -0.0716
...   120 A-T ...
  -60.7286   36.6155   14.6672
   -0.3862    0.8536   -0.3495
   -0.0600    0.3549    0.9330
    0.9205    0.3813   -0.0858
...   121 T-A ...
  -57.7511   37.7674   13.6841
   -0.3531    0.9183    0.1788
    0.1501   -0.1330    0.9797
    0.9235    0.3728   -0.0908
...   122 G-C ...
  -54.6823   39.2019   13.2058
   -0.2579    0.6463    0.7182
    0.3326   -0.6385    0.6940
    0.9071    0.4179   -0.0503
...   123 T-A ...
  -51.9460   40.9607   12.8423
   -0.0685    0.2439    0.9674
    0.4165   -0.8741    0.2498
    0.9066    0.4200   -0.0417
...   124 G-C ...
  -48.9751   42.4588   12.8187
    0.1121   -0.3215    0.9402
    0.4050   -0.8493   -0.3387
    0.9074    0.4187    0.0351
...   125 T-A ...
  -46.2880   44.1879   13.1989
    0.2621   -0.7282    0.6333
    0.2936   -0.5649   -0.7711
    0.9193    0.3880    0.0657
...   126 C-G ...
  -43.3748   45.3791   13.5122
    0.3820   -0.9215    0.0697
    0.0959   -0.0355   -0.9948
    0.9192    0.3866    0.0748
...   127 G-C ...
  -40.2863   46.4575   13.3014
    0.1995   -0.8807   -0.4295
   -0.0705    0.4243   -0.9028
    0.9774    0.2104    0.0225
...   128 A-T ...
  -37.2226   47.1750   13.4756
    0.1068   -0.4803   -0.8706
   -0.1889    0.8499   -0.4920
    0.9762    0.2170    0.0000
...   129 C-G ...
  -33.9359   47.1095   13.7215
   -0.0567    0.0202   -0.9982
   -0.1994    0.9794    0.0312
    0.9783    0.2008   -0.0515
...   130 C-G ...
  -30.6019   47.3047   12.9798
   -0.2644    0.4888   -0.8314
   -0.0926    0.8452    0.5263
    0.9600    0.2161   -0.1782
...   131 A-T ...
  -27.5370   48.5891   12.6050
   -0.3778    0.8435   -0.3817
    0.1054    0.4488    0.8874
    0.9199    0.2951   -0.2585
...   132 A-T ...
  -24.6139   49.6103   11.5129
   -0.2472    0.9513    0.1844
    0.3136   -0.1015    0.9441
    0.9168    0.2912   -0.2732
...   133 A-T ...
  -21.7717   50.6468   10.2412
    0.0346    0.7233    0.6896
    0.3844   -0.6466    0.6589
    0.9225    0.2423   -0.3004
...   134 T-A ...
  -19.0160   52.0244    8.9250
    0.2452    0.2905    0.9249
    0.3073   -0.9281    0.2101
    0.9195    0.2328   -0.3169
...   135 G-C ...
  -16.4637   53.8824    7.5153
    0.5339   -0.3333    0.7771
    0.0346   -0.9097   -0.4139
    0.8449    0.2479   -0.4741
...   136 T-A ...
  -14.1749   56.5546    6.1808
    0.5795   -0.7269    0.3685
   -0.3141   -0.6164   -0.7221
    0.7521    0.3026   -0.5855
...   137 G-C ...
  -11.6538   57.9992    4.7205
    0.2452   -0.9542   -0.1714
   -0.6323   -0.0234   -0.7744
    0.7349    0.2983   -0.6091
...   138 A-T ...
   -8.6758   58.7133    3.6025
   -0.0345   -0.7815   -0.6229
   -0.6536    0.4891   -0.5775
    0.7560    0.3872   -0.5277
...   139 G-C ...
   -6.3275   59.0727    1.6297
   -0.2969   -0.3279   -0.8968
   -0.5657    0.8171   -0.1114
    0.7693    0.4742   -0.4281
...   140 C-G ...
   -3.4369   60.2278    1.0287
   -0.4426    0.2287   -0.8671
   -0.1681    0.9286    0.3308
    0.8808    0.2922   -0.3725
...   141 G-C ...
   -0.6976   63.8911   -2.2509
   -0.9992    0.0157   -0.0376
   -0.0024    0.8991    0.4378
    0.0407    0.4375   -0.8983
...   142 C-G ...
   -1.0064   65.5988   -4.9400
   -0.8337    0.5216    0.1813
    0.5170    0.6219    0.5881
    0.1940    0.5840   -0.7882
...   143 T-A ...
   -0.1332   66.2084   -7.8196
   -0.3753    0.8566    0.3540
    0.8856    0.2187    0.4098
    0.2736    0.4673   -0.8407
...   144 C-G ...
   -0.1666   67.4020  -10.8067
    0.1797    0.8793    0.4411
    0.9277   -0.3007    0.2214
    0.3273    0.3694   -0.8697
...   145 A-T ...
    0.5267   69.2312  -13.4659
    0.7352    0.4964    0.4616
    0.6118   -0.7791   -0.1367
    0.2918    0.3829   -0.8765
...   146 C-G ...
    1.4338   72.0891  -15.6018
    0.9809    0.0621    0.1844
    0.1264   -0.9240   -0.3608
    0.1480    0.3772   -0.9142
...   147 A-T ...
    2.3047   74.2222  -18.3863
    0.8657   -0.4292   -0.2575
   -0.4984   -0.7868   -0.3642
   -0.0463    0.4436   -0.8950
