  147 base-pairs
...     1 A-T ...
    0.0000    0.0000    0.0000
    1.0000    0.0000    0.0000
    0.0000    1.0000    0.0000
    0.0000    0.0000    1.0000
...     2 G-C ...
   -0.1394   -1.2357    3.2268
    0.7529    0.6366    0.1670
   -0.6386    0.7680   -0.0486
   -0.1592   -0.0700    0.9848
...     3 T-A ...
   -0.0365   -3.2932    6.3751
    0.2722    0.9301    0.2466
   -0.9238    0.3243   -0.2033
   -0.2691   -0.1725    0.9475
...     4 G-C ...
   -0.3505   -4.1660    9.4928
   -0.3756    0.9250    0.0579
   -0.8781   -0.3352   -0.3415
   -0.2965   -0.1791    0.9381
...     5 A-T ...
   -0.4462   -4.1476   12.7498
   -0.8116    0.5840   -0.0165
   -0.5523   -0.7762   -0.3042
   -0.1905   -0.2378    0.9524
...     6 G-C ...
   -1.5908   -4.1730   15.6201
   -0.9976    0.0246   -0.0651
   -0.0043   -0.9555   -0.2950
   -0.0695   -0.2940    0.9533
...     7 C-G ...
   -1.1030   -4.4824   18.7362
   -0.8441   -0.5304   -0.0787
    0.5345   -0.8441   -0.0432
   -0.0435   -0.0785    0.9960
...     8 G-C ...
   -2.4028   -7.7290   23.1475
   -0.2754   -0.3293   -0.9032
    0.6650   -0.7437    0.0684
   -0.6942   -0.5818    0.4238
...     9 C-G ...
   -4.4690   -9.9728   24.1132
    0.1145   -0.7025   -0.7024
    0.8512   -0.2952    0.4340
   -0.5122   -0.6476    0.5642
...    10 T-A ...
   -6.7405  -10.8752   25.9697
    0.4841   -0.8363   -0.2574
    0.6595    0.1553    0.7355
   -0.5751   -0.5258    0.6267
...    11 C-G ...
   -9.1656  -12.6208   27.1640
    0.7073   -0.6682    0.2307
    0.3448    0.6110    0.7126
   -0.6171   -0.4245    0.6626
...    12 A-T ...
  -10.9234  -14.6633   29.0693
    0.7515   -0.1377    0.6452
   -0.2029    0.8824    0.4246
   -0.6277   -0.4500    0.6352
...    13 C-G ...
  -11.8476  -17.4863   31.2451
    0.4295    0.2823    0.8578
   -0.5708    0.8209    0.0156
   -0.6998   -0.4963    0.5137
...    14 A-T ...
  -13.5897  -19.7827   33.4259
   -0.1504    0.6104    0.7777
   -0.6874    0.5008   -0.5260
   -0.7106   -0.6136    0.3443
...    15 A-T ...
  -15.8091  -21.8058   34.6447
   -0.4849    0.8085    0.3334
   -0.4899    0.0646   -0.8694
   -0.7245   -0.5849    0.3648
...    16 T-A ...
  -17.9004  -23.6543   36.5659
   -0.6964    0.6981   -0.1663
   -0.1522   -0.3703   -0.9164
   -0.7013   -0.6129    0.3641
...    17 T-A ...
  -20.1604  -25.4463   38.1423
   -0.6824    0.3279   -0.6534
    0.2844   -0.7043   -0.6505
   -0.6734   -0.6297    0.3873
...    18 T-A ...
  -22.4453  -27.2585   39.5403
   -0.4063   -0.1086   -0.9073
    0.6111   -0.7705   -0.1814
   -0.6794   -0.6281    0.3794
...    19 A-T ...
  -24.6028  -29.4950   40.6999
    0.0430   -0.4738   -0.8796
    0.7237   -0.5922    0.3544
   -0.6888   -0.6518    0.3174
...    20 T-A ...
  -27.3404  -31.2367   41.4017
    0.3902   -0.7201   -0.5737
    0.6084   -0.2661    0.7477
   -0.6911   -0.6408    0.3343
...    21 T-A ...
  -29.7625  -33.2855   42.2156
    0.6615   -0.7475   -0.0611
    0.2865    0.1765    0.9417
   -0.6931   -0.6404    0.3309
...    22 C-G ...
  -32.0079  -35.4338   43.2455
    0.7317   -0.4905    0.4733
   -0.1492    0.5622    0.8134
   -0.6651   -0.6658    0.3382
...    23 G-C ...
  -34.2243  -37.3212   44.9364
    0.6203   -0.0028    0.7844
   -0.5484    0.7134    0.4362
   -0.5608   -0.7007    0.4410
...    24 C-G ...
  -35.7836  -39.8551   46.2713
    0.2808    0.4081    0.8687
   -0.7882    0.6145   -0.0340
   -0.5477   -0.6751    0.4942
...    25 A-T ...
  -37.7950  -41.8984   47.8447
   -0.1396    0.7353    0.6632
   -0.8201    0.2895   -0.4936
   -0.5549   -0.6128    0.5626
...    26 A-T ...
  -39.4523  -43.8549   49.8861
   -0.5604    0.7811    0.2755
   -0.6122   -0.1665   -0.7730
   -0.5579   -0.6018    0.5714
...    27 A-T ...
  -41.0288  -45.6714   52.0705
   -0.8106    0.5494   -0.2026
   -0.1888   -0.5728   -0.7976
   -0.5542   -0.6083    0.5681
...    28 G-C ...
  -42.9760  -47.2667   54.3007
   -0.7536    0.2157   -0.6210
    0.2377   -0.7914   -0.5633
   -0.6129   -0.5721    0.5451
...    29 G-C ...
  -45.3778  -48.8544   56.1873
   -0.4464   -0.1991   -0.8724
    0.5953   -0.7939   -0.1235
   -0.6680   -0.5745    0.4729
...    30 C-G ...
  -47.9031  -50.4290   57.5212
   -0.0213   -0.5565   -0.8306
    0.7231   -0.5823    0.3716
   -0.6904   -0.5927    0.4148
...    31 C-G ...
  -50.4499  -52.1944   58.7793
    0.4247   -0.7356   -0.5277
    0.6038   -0.2041    0.7706
   -0.6746   -0.6459    0.3574
...    32 G-C ...
  -52.2258  -54.3559   59.9755
    0.7280   -0.6764   -0.1115
    0.2861    0.1520    0.9461
   -0.6230   -0.7207    0.3042
...    33 G-C ...
  -53.9226  -57.1830   60.7119
    0.7952   -0.4522    0.4039
   -0.1811    0.4585    0.8700
   -0.5786   -0.7650    0.2827
...    34 C-G ...
  -55.5581  -59.9191   61.4096
    0.5903   -0.1059    0.8002
   -0.5907    0.6189    0.5177
   -0.5501   -0.7783    0.3028
...    35 C-G ...
  -56.9957  -62.7650   62.5863
    0.1957    0.2842    0.9386
   -0.8247    0.5655    0.0008
   -0.5305   -0.7742    0.3451
...    36 C-G ...
  -58.4756  -65.4757   63.8926
   -0.2448    0.5802    0.7768
   -0.8097    0.3184   -0.4930
   -0.5334   -0.7496    0.3918
...    37 G-C ...
  -60.6549  -67.9037   64.5504
   -0.5825    0.7301    0.3573
   -0.5471   -0.0271   -0.8366
   -0.6011   -0.6828    0.4152
...    38 A-T ...
  -62.4026  -70.1629   65.8444
   -0.7764    0.6010   -0.1898
   -0.1006   -0.4155   -0.9040
   -0.6222   -0.6828    0.3830
...    39 C-G ...
  -64.5799  -71.9268   67.3650
   -0.6775    0.3603   -0.6412
    0.2918   -0.6685   -0.6840
   -0.6751   -0.6506    0.3478
...    40 A-T ...
  -67.0029  -73.9035   68.4645
   -0.3277    0.0351   -0.9441
    0.5779   -0.7831   -0.2297
   -0.7474   -0.6209    0.2364
...    41 C-G ...
  -69.8018  -75.5342   68.9032
    0.0483   -0.3152   -0.9478
    0.6438   -0.7157    0.2708
   -0.7637   -0.6233    0.1683
...    42 G-C ...
  -72.0286  -77.9323   69.4531
    0.4546   -0.6193   -0.6402
    0.4467   -0.4633    0.7654
   -0.7706   -0.6339    0.0661
...    43 A-T ...
  -74.4877  -79.9240   69.5917
    0.6250   -0.7768   -0.0772
    0.0975   -0.0204    0.9950
   -0.7745   -0.6294    0.0630
...    44 C-G ...
  -76.9169  -82.1406   69.1202
    0.6020   -0.6600    0.4495
   -0.2567    0.3731    0.8916
   -0.7561   -0.6521    0.0552
...    45 T-A ...
  -79.1963  -84.9777   68.8075
    0.3561   -0.3636    0.8608
   -0.5352    0.6758    0.5068
   -0.7660   -0.6412    0.0461
...    46 T-A ...
  -81.4076  -87.3859   68.6275
    0.0111   -0.0043    0.9999
   -0.6179    0.7862    0.0102
   -0.7862   -0.6179    0.0061
...    47 A-T ...
  -83.9623  -89.4860   68.7462
   -0.2666    0.4791    0.8363
   -0.5211    0.6583   -0.5432
   -0.8108   -0.5806    0.0742
...    48 C-G ...
  -86.2638  -91.7335   69.4353
   -0.4575    0.7749    0.4362
   -0.3052    0.3239   -0.8955
   -0.8352   -0.5428    0.0883
...    49 T-A ...
  -88.9842  -93.5034   70.2378
   -0.4647    0.8811   -0.0881
   -0.0527   -0.1269   -0.9905
   -0.8839   -0.4557    0.1054
...    50 G-C ...
  -92.1881  -94.6247   70.6141
   -0.2466    0.7552   -0.6074
    0.1616   -0.5859   -0.7941
   -0.9556   -0.2940    0.0224
...    51 T-A ...
  -95.3161  -95.0771   71.0142
   -0.0541    0.4318   -0.9003
    0.2337   -0.8711   -0.4319
   -0.9708   -0.2338   -0.0538
...    52 A-T ...
  -98.6241  -94.9157   70.4889
    0.2762   -0.0002   -0.9611
    0.1435   -0.9888    0.0414
   -0.9503   -0.1494   -0.2731
...    53 G-C ...
 -101.6754  -94.9266   69.4850
    0.3890   -0.4613   -0.7974
   -0.0645   -0.8771    0.4760
   -0.9190   -0.1338   -0.3710
...    54 G-C ...
 -104.7061  -94.8035   67.4174
    0.3401   -0.8483   -0.4058
   -0.3046   -0.5076    0.8059
   -0.8897   -0.1505   -0.4310
...    55 T-A ...
 -107.3556  -95.2894   65.5006
    0.1119   -0.9922    0.0554
   -0.4535   -0.0013    0.8912
   -0.8842   -0.1249   -0.4501
...    56 A-T ...
 -110.1154  -95.8255   63.6371
   -0.1936   -0.8055    0.5600
   -0.4374    0.5818    0.6857
   -0.8782   -0.1122   -0.4650
...    57 T-A ...
 -112.6396  -96.6917   61.6606
   -0.4295   -0.4041    0.8077
   -0.2541    0.9123    0.3213
   -0.8666   -0.0672   -0.4944
...    58 C-G ...
 -115.5327  -97.2341   60.0418
   -0.5006    0.2319    0.8341
    0.0930    0.9723   -0.2145
   -0.8607   -0.0298   -0.5083
...    59 T-A ...
 -118.5392  -97.5094   58.6159
   -0.3134    0.6938    0.6484
    0.3443    0.7193   -0.6034
   -0.8850    0.0341   -0.4643
...    60 C-G ...
 -121.5900  -97.4441   57.1901
    0.0005    0.9682    0.2500
    0.4643    0.2212   -0.8576
   -0.8857    0.1165   -0.4494
...    61 G-C ...
 -124.2532  -96.8917   55.2477
    0.3877    0.9010   -0.1946
    0.3712   -0.3459   -0.8617
   -0.8437    0.2619   -0.4686
...    62 T-A ...
 -127.1648  -95.7620   54.2391
    0.5572    0.5968   -0.5773
    0.1347   -0.7510   -0.6464
   -0.8194    0.2825   -0.4989
...    63 C-G ...
 -129.5159  -94.5710   52.4804
    0.6066    0.0830   -0.7907
   -0.2347   -0.9315   -0.2778
   -0.7596    0.3541   -0.5456
...    64 A-T ...
 -131.6706  -92.5297   50.6781
    0.4907   -0.4317   -0.7569
   -0.6106   -0.7901    0.0547
   -0.6216    0.4353   -0.6513
...    65 T-A ...
 -133.2614  -90.8168   48.4080
    0.1324   -0.7760   -0.6167
   -0.7880   -0.4598    0.4094
   -0.6012    0.4318   -0.6724
...    66 G-C ...
 -135.0510  -89.3083   46.0099
   -0.3733   -0.8934   -0.2499
   -0.7166    0.1066    0.6893
   -0.5892    0.4364   -0.6800
...    67 T-A ...
 -136.6109  -87.9486   43.3142
   -0.7313   -0.6661    0.1468
   -0.3762    0.5734    0.7277
   -0.5689    0.4770   -0.6700
...    68 T-A ...
 -138.3186  -86.5081   40.9874
   -0.8412   -0.1849    0.5082
    0.1335    0.8396    0.5265
   -0.5241    0.5107   -0.6816
...    69 A-T ...
 -139.8871  -84.4694   38.7782
   -0.5770    0.3668    0.7297
    0.6493    0.7481    0.1373
   -0.4955    0.5530   -0.6698
...    70 T-A ...
 -141.9804  -83.1399   36.6924
   -0.1704    0.6839    0.7094
    0.8649    0.4487   -0.2248
   -0.4721    0.5753   -0.6680
...    71 A-T ...
 -143.4234  -81.0861   34.5852
    0.3806    0.7183    0.5824
    0.8161    0.0354   -0.5769
   -0.4350    0.6948   -0.5727
...    72 A-T ...
 -144.8318  -78.7798   33.0269
    0.7893    0.5528    0.2673
    0.4955   -0.3164   -0.8089
   -0.3626    0.7709   -0.5236
...    73 C-G ...
 -146.0134  -75.8079   32.0050
    0.9554    0.2485   -0.1599
   -0.0012   -0.5378   -0.8431
   -0.2955    0.8056   -0.5135
...    74 G-C ...
 -146.4567  -73.3224   29.9251
    0.8522   -0.2036   -0.4820
   -0.5143   -0.4948   -0.7004
   -0.0959    0.8448   -0.5264
...    75 G-C ...
 -146.0021  -70.7809   27.8425
    0.4646   -0.5227   -0.7148
   -0.8838   -0.2236   -0.4110
    0.0550    0.8227   -0.5658
...    76 A-T ...
 -145.4804  -68.0309   25.9652
   -0.1595   -0.5455   -0.8228
   -0.9834    0.1613    0.0836
    0.0871    0.8224   -0.5622
...    77 A-T ...
 -144.9234  -65.4687   24.0861
   -0.6908   -0.3332   -0.6417
   -0.7141    0.4532    0.5335
    0.1130    0.8268   -0.5510
...    78 G-C ...
 -144.0559  -62.7254   22.1160
   -0.9772   -0.0168   -0.2115
   -0.1899    0.5136    0.8367
    0.0946    0.8578   -0.5051
...    79 C-G ...
 -143.6962  -59.9842   20.0578
   -0.9014    0.2760    0.3337
    0.4241    0.4062    0.8094
    0.0879    0.8711   -0.4832
...    80 T-A ...
 -143.5209  -57.1533   18.3239
   -0.5501    0.4080    0.7286
    0.8309    0.1801    0.5265
    0.0836    0.8950   -0.4381
...    81 C-G ...
 -143.2672  -54.1529   16.7661
    0.0221    0.3850    0.9227
    0.9937   -0.1096    0.0219
    0.1095    0.9164   -0.3850
...    82 G-C ...
 -142.3269  -51.2250   15.7207
    0.5273    0.1594    0.8346
    0.8352   -0.2779   -0.4746
    0.1563    0.9473   -0.2796
...    83 G-C ...
 -141.8364  -48.0057   15.0543
    0.8746   -0.1178    0.4703
    0.4155   -0.3180   -0.8522
    0.2500    0.9407   -0.2292
...    84 G-C ...
 -140.7269  -44.8320   14.7714
    0.9224   -0.3848   -0.0321
   -0.0951   -0.1458   -0.9847
    0.3743    0.9114   -0.1711
...    85 A-T ...
 -139.3295  -41.8521   14.4595
    0.6797   -0.4230   -0.5993
   -0.6047    0.1394   -0.7842
    0.4152    0.8954   -0.1610
...    86 T-A ...
 -137.4559  -39.1348   14.2885
    0.2600   -0.3019   -0.9172
   -0.8614    0.3568   -0.3616
    0.4364    0.8841   -0.1673
...    87 C-G ...
 -135.7001  -36.3323   13.6711
   -0.3074   -0.0099   -0.9515
   -0.8379    0.4768    0.2657
    0.4511    0.8790   -0.1549
...    88 C-G ...
 -134.1307  -33.5207   12.9319
   -0.7325    0.1901   -0.6537
   -0.5364    0.4301    0.7262
    0.4191    0.8826   -0.2131
...    89 G-C ...
 -132.9854  -30.4474   12.6409
   -0.9335    0.3433   -0.1039
   -0.0163    0.2486    0.9685
    0.3583    0.9057   -0.2265
...    90 C-G ...
 -131.7634  -27.4437   11.4175
   -0.7790    0.4061    0.4778
    0.5157   -0.0186    0.8565
    0.3567    0.9137   -0.1949
...    91 T-A ...
 -130.8438  -24.2710   10.4662
   -0.3652    0.2833    0.8868
    0.8669   -0.2436    0.4348
    0.3393    0.9276   -0.1567
...    92 T-A ...
 -130.1009  -21.1533    9.9671
    0.1869    0.0819    0.9790
    0.9161   -0.3744   -0.1436
    0.3547    0.9237   -0.1450
...    93 T-A ...
 -129.0392  -18.1202    9.6351
    0.6409   -0.1980    0.7417
    0.6611   -0.3486   -0.6644
    0.3901    0.9161   -0.0925
...    94 A-T ...
 -127.4535  -15.1543    9.4888
    0.8252   -0.5078    0.2475
    0.2119   -0.1280   -0.9689
    0.5237    0.8519    0.0020
...    95 A-T ...
 -125.6946  -12.5470    9.7536
    0.7764   -0.5460   -0.3149
   -0.2472    0.1958   -0.9490
    0.5798    0.8146    0.0170
...    96 C-G ...
 -123.4290  -10.1542   10.3714
    0.5252   -0.3676   -0.7675
   -0.6054    0.4724   -0.6405
    0.5980    0.8011    0.0255
...    97 A-T ...
 -121.2487   -7.5990   10.2921
    0.0389   -0.0829   -0.9958
   -0.7743    0.6274   -0.0825
    0.6316    0.7742   -0.0398
...    98 C-G ...
 -118.6306   -5.4714    9.9202
   -0.3811    0.2541   -0.8889
   -0.6683    0.5886    0.4548
    0.6388    0.7674   -0.0545
...    99 T-A ...
 -115.9945   -3.0870    9.1324
   -0.6922    0.5417   -0.4768
   -0.3352    0.3438    0.8772
    0.6391    0.7670   -0.0564
...   100 T-A ...
 -113.8418   -0.6917    8.5830
   -0.7224    0.6798    0.1267
    0.1275   -0.0491    0.9906
    0.6797    0.7317   -0.0512
...   101 T-A ...
 -111.6590    1.7029    8.1294
   -0.5013    0.5436    0.6732
    0.5080   -0.4449    0.7375
    0.7004    0.7117   -0.0531
...   102 A-T ...
 -109.0906    3.9018    8.1606
   -0.1106    0.1377    0.9843
    0.6949   -0.6973    0.1756
    0.7105    0.7034   -0.0186
...   103 T-A ...
 -107.3340    6.6183    8.2987
    0.1926   -0.2455    0.9501
    0.6639   -0.6804   -0.3104
    0.7226    0.6905    0.0319
...   104 G-C ...
 -105.0069    8.9745    8.7201
    0.4760   -0.6767    0.5616
    0.4413   -0.3686   -0.8182
    0.7607    0.6373    0.1232
...   105 C-G ...
 -102.4685   10.8146    9.6376
    0.5827   -0.8124    0.0224
    0.1164    0.0562   -0.9916
    0.8043    0.5805    0.1273
...   106 T-A ...
  -99.5034   12.4024   10.4985
    0.5212   -0.6553   -0.5468
   -0.1887    0.5364   -0.8226
    0.8323    0.5319    0.1559
...   107 T-A ...
  -96.7159   13.8652   11.1074
    0.2864   -0.2693   -0.9195
   -0.4172    0.8289   -0.3727
    0.8625    0.4903    0.1251
...   108 C-G ...
  -93.6998   15.2645   11.3908
   -0.0332    0.2531   -0.9669
   -0.4850    0.8418    0.2370
    0.8739    0.4768    0.0948
...   109 C-G ...
  -90.7528   16.7314   11.5226
   -0.3609    0.6157   -0.7005
   -0.3727    0.5933    0.7135
    0.8549    0.5185    0.0154
...   110 G-C ...
  -88.2774   18.5506   11.7899
   -0.5695    0.7895   -0.2287
   -0.1073    0.2045    0.9730
    0.8149    0.5787   -0.0317
...   111 G-C ...
  -85.7729   20.7792   11.4392
   -0.5720    0.7386    0.3568
    0.2481   -0.2588    0.9335
    0.7819    0.6225   -0.0353
...   112 C-G ...
  -83.4854   23.1848   10.9738
   -0.3670    0.4484    0.8150
    0.5244   -0.6239    0.5794
    0.7683    0.6401   -0.0061
...   113 T-A ...
  -81.0773   25.4659   10.9277
   -0.0632    0.0258    0.9977
    0.6426   -0.7638    0.0604
    0.7636    0.6449    0.0317
...   114 C-G ...
  -78.4995   27.5734   11.1184
    0.2966   -0.4484    0.8432
    0.5667   -0.6280   -0.5333
    0.7686    0.6361    0.0679
...   115 G-C ...
  -75.6850   29.3578   11.0218
    0.4979   -0.7857    0.3672
    0.2913   -0.2474   -0.9241
    0.8169    0.5671    0.1057
...   116 T-A ...
  -72.9507   30.9185   12.1042
    0.5270   -0.8285   -0.1893
   -0.0149    0.2138   -0.9768
    0.8497    0.5176    0.1004
...   117 A-T ...
  -69.8722   32.2426   12.9033
    0.3351   -0.6111   -0.7171
   -0.2747    0.6646   -0.6948
    0.9012    0.4298    0.0549
...   118 T-A ...
  -66.7568   33.0173   13.4427
    0.1505   -0.1934   -0.9695
   -0.4002    0.8848   -0.2387
    0.9040    0.4239    0.0558
...   119 A-T ...
  -63.7884   34.5947   13.5947
   -0.1513    0.3563   -0.9220
   -0.3814    0.8395    0.3870
    0.9120    0.4102    0.0088
...   120 A-T ...
  -60.7384   35.6746   13.3809
   -0.3544    0.7631   -0.5404
   -0.2138    0.4964    0.8413
    0.9103    0.4137   -0.0128
...   121 T-A ...
  -57.6809   36.8253   12.6695
   -0.4023    0.9153   -0.0206
    0.0090    0.0265    0.9996
    0.9155    0.4019   -0.0189
...   122 G-C ...
  -54.5978   38.2876   12.4563
   -0.3604    0.7273    0.5840
    0.2567   -0.5246    0.8117
    0.8968    0.4425    0.0023
...   123 T-A ...
  -51.8516   40.0860   12.1621
   -0.1785    0.3582    0.9164
    0.4034   -0.8229    0.4003
    0.8975    0.4411    0.0024
...   124 G-C ...
  -48.8753   41.6241   12.2152
    0.0413   -0.2161    0.9755
    0.4505   -0.8674   -0.2113
    0.8918    0.4482    0.0615
...   125 T-A ...
  -46.2557   43.4598   12.6164
    0.2332   -0.6543    0.7194
    0.3615   -0.6284   -0.6888
    0.9027    0.4207    0.0900
...   126 C-G ...
  -43.3921   44.7917   12.9846
    0.3995   -0.8996    0.1765
    0.1570   -0.1226   -0.9800
    0.9032    0.4192    0.0923
...   127 G-C ...
  -40.3057   45.9783   12.7899
    0.2448   -0.9015   -0.3569
   -0.0444    0.3573   -0.9329
    0.9686    0.2442    0.0474
...   128 A-T ...
  -37.2692   46.8207   13.0380
    0.1555   -0.5301   -0.8335
   -0.1956    0.8106   -0.5520
    0.9683    0.2489    0.0224
...   129 C-G ...
  -33.9944   46.8803   13.4116
   -0.0223   -0.0373   -0.9991
   -0.2298    0.9727   -0.0312
    0.9730    0.2288   -0.0302
...   130 C-G ...
  -30.6427   47.1682   12.7825
   -0.2523    0.4437   -0.8599
   -0.1316    0.8647    0.4848
    0.9587    0.2355   -0.1597
...   131 A-T ...
  -27.5807   48.5579   12.4968
   -0.3790    0.8293   -0.4105
    0.0790    0.4710    0.8786
    0.9220    0.3006   -0.2441
...   132 A-T ...
  -24.6421   49.6045   11.4630
   -0.2568    0.9517    0.1680
    0.2983   -0.0872    0.9505
    0.9193    0.2942   -0.2615
...   133 A-T ...
  -21.7838   50.6405   10.2280
    0.0239    0.7292    0.6839
    0.3806   -0.6392    0.6682
    0.9244    0.2443   -0.2929
...   134 T-A ...
  -19.0159   52.0243    8.9250
    0.2452    0.2905    0.9249
    0.3073   -0.9281    0.2101
    0.9195    0.2328   -0.3169
...   135 G-C ...
  -16.4637   53.8823    7.5153
    0.5339   -0.3333    0.7771
    0.0346   -0.9097   -0.4139
    0.8449    0.2479   -0.4741
...   136 T-A ...
  -14.1749   56.5546    6.1808
    0.5795   -0.7269    0.3685
   -0.3141   -0.6164   -0.7221
    0.7521    0.3026   -0.5855
...   137 G-C ...
  -11.6538   57.9991    4.7204
    0.2452   -0.9542   -0.1714
   -0.6323   -0.0234   -0.7744
    0.7349    0.2983   -0.6091
...   138 A-T ...
   -8.6758   58.7132    3.6025
   -0.0345   -0.7815   -0.6229
   -0.6536    0.4891   -0.5775
    0.7560    0.3872   -0.5277
...   139 G-C ...
   -6.3274   59.0726    1.6297
   -0.2969   -0.3279   -0.8968
   -0.5657    0.8171   -0.1114
    0.7693    0.4742   -0.4281
...   140 C-G ...
   -3.4368   60.2277    1.0287
   -0.4426    0.2287   -0.8671
   -0.1681    0.9286    0.3308
    0.8808    0.2922   -0.3725
...   141 G-C ...
   -0.6976   63.8910   -2.2509
   -0.9992    0.0157   -0.0376
   -0.0024    0.8991    0.4378
    0.0407    0.4375   -0.8983
...   142 C-G ...
   -1.0064   65.5987   -4.9401
   -0.8337    0.5216    0.1813
    0.5170    0.6219    0.5881
    0.1940    0.5840   -0.7882
...   143 T-A ...
   -0.1332   66.2083   -7.8196
   -0.3753    0.8566    0.3540
    0.8856    0.2187    0.4098
    0.2736    0.4673   -0.8407
...   144 C-G ...
   -0.1665   67.4019  -10.8067
    0.1798    0.8793    0.4411
    0.9277   -0.3007    0.2214
    0.3273    0.3694   -0.8697
...   145 A-T ...
    0.5267   69.2311  -13.4659
    0.7352    0.4964    0.4616
    0.6118   -0.7791   -0.1367
    0.2918    0.3829   -0.8765
...   146 C-G ...
    1.4339   72.0891  -15.6019
    0.9809    0.0621    0.1844
    0.1264   -0.9240   -0.3608
    0.1480    0.3772   -0.9142
...   147 A-T ...
    2.3048   74.2221  -18.3863
    0.8657   -0.4292   -0.2575
   -0.4984   -0.7868   -0.3642
   -0.0463    0.4436   -0.8950
