  147 base-pairs
...     1 A-T ...
    0.0000    0.0000    0.0000
    1.0000    0.0000    0.0000
    0.0000    1.0000    0.0000
    0.0000    0.0000    1.0000
...     2 G-C ...
   -0.1394   -1.2357    3.2268
    0.7529    0.6366    0.1670
   -0.6386    0.7680   -0.0486
   -0.1592   -0.0700    0.9848
...     3 T-A ...
   -0.0365   -3.2932    6.3751
    0.2722    0.9301    0.2466
   -0.9238    0.3243   -0.2033
   -0.2691   -0.1725    0.9475
...     4 G-C ...
   -0.3505   -4.1660    9.4928
   -0.3756    0.9250    0.0579
   -0.8781   -0.3352   -0.3415
   -0.2965   -0.1791    0.9381
...     5 A-T ...
   -0.4462   -4.1476   12.7498
   -0.8116    0.5840   -0.0165
   -0.5523   -0.7762   -0.3042
   -0.1905   -0.2378    0.9524
...     6 G-C ...
   -1.5908   -4.1730   15.6201
   -0.9976    0.0246   -0.0651
   -0.0043   -0.9555   -0.2950
   -0.0695   -0.2940    0.9533
...     7 C-G ...
   -1.1030   -4.4824   18.7362
   -0.8441   -0.5304   -0.0787
    0.5345   -0.8441   -0.0432
   -0.0435   -0.0785    0.9960
...     8 G-C ...
   -2.4028   -7.7290   23.1475
   -0.2754   -0.3293   -0.9032
    0.6650   -0.7437    0.0684
   -0.6942   -0.5818    0.4238
...     9 C-G ...
   -4.4690   -9.9728   24.1132
    0.1145   -0.7025   -0.7024
    0.8512   -0.2952    0.4340
   -0.5122   -0.6476    0.5642
...    10 T-A ...
   -6.7405  -10.8752   25.9697
    0.4841   -0.8363   -0.2574
    0.6595    0.1553    0.7355
   -0.5751   -0.5258    0.6267
...    11 C-G ...
   -9.1656  -12.6208   27.1640
    0.7073   -0.6682    0.2307
    0.3448    0.6110    0.7126
   -0.6171   -0.4245    0.6626
...    12 A-T ...
  -10.9234  -14.6633   29.0693
    0.7515   -0.1377    0.6452
   -0.2029    0.8824    0.4246
   -0.6277   -0.4500    0.6352
...    13 C-G ...
  -11.8476  -17.4863   31.2451
    0.4295    0.2823    0.8578
   -0.5708    0.8209    0.0156
   -0.6998   -0.4963    0.5137
...    14 A-T ...
  -13.5897  -19.7827   33.4259
   -0.1504    0.6104    0.7777
   -0.6874    0.5008   -0.5260
   -0.7106   -0.6136    0.3443
...    15 A-T ...
  -15.8088  -21.8067   34.6448
   -0.4868    0.8078    0.3325
   -0.4888    0.0636   -0.8701
   -0.7239   -0.5861    0.3639
...    16 T-A ...
  -17.8997  -23.6604   36.5627
   -0.6979    0.6962   -0.1682
   -0.1494   -0.3712   -0.9165
   -0.7004   -0.6144    0.3631
...    17 T-A ...
  -20.1578  -25.4591   38.1340
   -0.6818    0.3250   -0.6554
    0.2884   -0.7039   -0.6491
   -0.6723   -0.6316    0.3861
...    18 T-A ...
  -22.4397  -27.2816   39.5269
   -0.4028   -0.1120   -0.9084
    0.6149   -0.7682   -0.1780
   -0.6779   -0.6303    0.3783
...    19 A-T ...
  -24.5850  -29.5343   40.6887
    0.0498   -0.4790   -0.8764
    0.7254   -0.5858    0.3614
   -0.6865   -0.6538    0.3183
...    20 T-A ...
  -27.3144  -31.2898   41.3875
    0.3980   -0.7215   -0.5666
    0.6059   -0.2570    0.7529
   -0.6888   -0.6429    0.3349
...    21 T-A ...
  -29.7254  -33.3501   42.2034
    0.6667   -0.7436   -0.0504
    0.2787    0.1860    0.9422
   -0.6912   -0.6422    0.3313
...    22 C-G ...
  -31.9625  -35.5063   43.2375
    0.7310   -0.4813    0.4837
   -0.1599    0.5683    0.8071
   -0.6634   -0.6673    0.3385
...    23 G-C ...
  -34.1787  -37.3964   44.9275
    0.6133    0.0088    0.7898
   -0.5574    0.7133    0.4249
   -0.5596   -0.7009    0.4423
...    24 C-G ...
  -35.7322  -39.9310   46.2709
    0.2695    0.4181    0.8675
   -0.7924    0.6082   -0.0470
   -0.5473   -0.6747    0.4953
...    25 A-T ...
  -37.7515  -41.9756   47.8376
   -0.1538    0.7404    0.6543
   -0.8168    0.2774   -0.5059
   -0.5561   -0.6122    0.5621
...    26 A-T ...
  -39.4176  -43.9288   49.8752
   -0.5712    0.7785    0.2601
   -0.6006   -0.1805   -0.7789
   -0.5595   -0.6012    0.5706
...    27 A-T ...
  -41.0063  -45.7399   52.0559
   -0.8132    0.5389   -0.2198
   -0.1721   -0.5835   -0.7936
   -0.5559   -0.6076    0.5673
...    28 G-C ...
  -42.9681  -47.3327   54.2762
   -0.7467    0.2002   -0.6344
    0.2543   -0.7953   -0.5503
   -0.6147   -0.5722    0.5429
...    29 G-C ...
  -45.3800  -48.9278   56.1445
   -0.4307   -0.2160   -0.8763
    0.6061   -0.7886   -0.1035
   -0.6687   -0.5757    0.4705
...    30 C-G ...
  -47.9072  -50.5194   57.4567
   -0.0015   -0.5693   -0.8221
    0.7234   -0.5682    0.3922
   -0.6904   -0.5942    0.4127
...    31 C-G ...
  -50.4511  -52.3006   58.6995
    0.4418   -0.7397   -0.5075
    0.5922   -0.1845    0.7844
   -0.6739   -0.6471    0.3566
...    32 G-C ...
  -52.2231  -54.4636   59.9072
    0.7368   -0.6708   -0.0847
    0.2664    0.1729    0.9482
   -0.6214   -0.7212    0.3061
...    33 G-C ...
  -53.9110  -57.2909   60.6693
    0.7913   -0.4358    0.4290
   -0.2028    0.4748    0.8564
   -0.5769   -0.7646    0.2873
...    34 C-G ...
  -55.5421  -60.0256   61.3899
    0.5743   -0.0823    0.8145
   -0.6069    0.6248    0.4911
   -0.5493   -0.7764    0.3089
...    35 C-G ...
  -56.9820  -62.8580   62.5986
    0.1733    0.3087    0.9353
   -0.8290    0.5584   -0.0307
   -0.5317   -0.7700    0.3526
...    36 C-G ...
  -58.4680  -65.5537   63.9362
   -0.2667    0.5984    0.7555
   -0.8005    0.2990   -0.5194
   -0.5367   -0.7434    0.3993
...    37 G-C ...
  -60.6413  -67.9846   64.6071
   -0.5956    0.7353    0.3234
   -0.5270   -0.0539   -0.8481
   -0.6062   -0.6756    0.4197
...    38 A-T ...
  -62.4070  -70.2191   65.9232
   -0.7756    0.5896   -0.2254
   -0.0762   -0.4420   -0.8938
   -0.6266   -0.6761    0.3877
...    39 C-G ...
  -64.6074  -71.9549   67.4418
   -0.6639    0.3360   -0.6680
    0.3126   -0.6869   -0.6561
   -0.6793   -0.6444    0.3510
...    40 A-T ...
  -67.0466  -73.9204   68.5347
   -0.3042    0.0010   -0.9526
    0.5885   -0.7862   -0.1887
   -0.7491   -0.6180    0.2386
...    41 C-G ...
  -69.8476  -75.5578   68.9593
    0.0740   -0.3492   -0.9341
    0.6408   -0.7011    0.3128
   -0.7641   -0.6218    0.1719
...    42 G-C ...
  -72.0743  -77.9497   69.5416
    0.4730   -0.6426   -0.6028
    0.4286   -0.4299    0.7947
   -0.7698   -0.6342    0.0720
...    43 A-T ...
  -74.5310  -79.9457   69.6992
    0.6287   -0.7772   -0.0281
    0.0714    0.0217    0.9972
   -0.7744   -0.6289    0.0692
...    44 C-G ...
  -76.9413  -82.1925   69.2636
    0.5902   -0.6386    0.4939
   -0.2809    0.4111    0.8672
   -0.7568   -0.6505    0.0633
...    45 T-A ...
  -79.2142  -85.0406   69.0153
    0.3328   -0.3230    0.8860
   -0.5485    0.6980    0.4604
   -0.7671   -0.6392    0.0551
...    46 T-A ...
  -81.4264  -87.4476   68.8983
   -0.0167    0.0457    0.9988
   -0.6165    0.7860   -0.0462
   -0.7872   -0.6166    0.0151
...    47 A-T ...
  -83.9812  -89.5463   69.0582
   -0.2845    0.5224    0.8039
   -0.5054    0.6308   -0.5888
   -0.8146   -0.5738    0.0845
...    48 C-G ...
  -86.3037  -91.7501   69.8040
   -0.4624    0.7993    0.3839
   -0.2830    0.2773   -0.9182
   -0.8403   -0.5332    0.0980
...    49 T-A ...
  -89.0518  -93.4622   70.6369
   -0.4562    0.8778   -0.1461
   -0.0324   -0.1804   -0.9831
   -0.8893   -0.4438    0.1107
...    50 G-C ...
  -92.2744  -94.5392   71.0036
   -0.2264    0.7217   -0.6542
    0.1714   -0.6316   -0.7561
   -0.9589   -0.2833    0.0193
...    51 T-A ...
  -95.4151  -94.9377   71.3586
   -0.0325    0.3769   -0.9257
    0.2318   -0.8981   -0.3737
   -0.9722   -0.2267   -0.0582
...    52 A-T ...
  -98.7000  -94.8590   70.7685
    0.2829   -0.0751   -0.9562
    0.1298   -0.9848    0.1157
   -0.9503   -0.1568   -0.2688
...    53 G-C ...
 -101.7427  -94.9177   69.7359
    0.3841   -0.5282   -0.7573
   -0.0811   -0.8363    0.5422
   -0.9197   -0.1468   -0.3641
...    54 G-C ...
 -104.7646  -94.9115   67.6547
    0.3233   -0.8848   -0.3355
   -0.3161   -0.4352    0.8431
   -0.8919   -0.1665   -0.4203
...    55 T-A ...
 -107.4278  -95.4910   65.7788
    0.0886   -0.9867    0.1361
   -0.4528    0.0818    0.8878
   -0.8872   -0.1403   -0.4396
...    56 A-T ...
 -110.2099  -96.0976   63.9704
   -0.2146   -0.7504    0.6252
   -0.4191    0.6489    0.6350
   -0.8822   -0.1257   -0.4537
...    57 T-A ...
 -112.7659  -97.0534   62.0804
   -0.4376   -0.3214    0.8397
   -0.2258    0.9433    0.2434
   -0.8703   -0.0831   -0.4854
...    58 C-G ...
 -115.6859  -97.6423   60.5209
   -0.4871    0.3182    0.8133
    0.1209    0.9469   -0.2981
   -0.8650   -0.0469   -0.4997
...    59 T-A ...
 -118.7102  -97.9409   59.1407
   -0.2843    0.7571    0.5882
    0.3607    0.6529   -0.6661
   -0.8883    0.0228   -0.4587
...    60 C-G ...
 -121.7712  -97.8870   57.7426
    0.0362    0.9855    0.1656
    0.4582    0.1308   -0.8791
   -0.8881    0.1077   -0.4469
...    61 G-C ...
 -124.4602  -97.1045   56.0007
    0.4990    0.8599   -0.1078
    0.3474   -0.3124   -0.8842
   -0.7940    0.4037   -0.4546
...    62 A-T ...
 -127.0340  -95.7057   54.5260
    0.6739    0.4984   -0.5454
   -0.0217   -0.7245   -0.6889
   -0.7385    0.4761   -0.4774
...    63 T-A ...
 -129.2162  -93.5872   53.2738
    0.5992    0.0422   -0.7995
   -0.3802   -0.8638   -0.3305
   -0.7046    0.5020   -0.5015
...    64 C-G ...
 -131.3086  -91.7492   51.5242
    0.2674   -0.5044   -0.8210
   -0.7017   -0.6859    0.1929
   -0.6604    0.5245   -0.5374
...    65 A-T ...
 -133.0695  -89.6291   49.5250
   -0.0822   -0.8257   -0.5581
   -0.8135   -0.2679    0.5162
   -0.5758    0.4964   -0.6496
...    66 T-A ...
 -134.5176  -88.0054   47.0791
   -0.4858   -0.8444   -0.2259
   -0.6646    0.1890    0.7229
   -0.5677    0.5014   -0.6530
...    67 G-C ...
 -136.2244  -86.3203   44.7110
   -0.7975   -0.5506    0.2466
   -0.2172    0.6434    0.7341
   -0.5629    0.5319   -0.6327
...    68 T-A ...
 -137.9885  -84.9440   42.1767
   -0.8007   -0.0961    0.5913
    0.2763    0.8165    0.5069
   -0.5316    0.5692   -0.6272
...    69 T-A ...
 -139.7560  -83.2762   40.1147
   -0.4997    0.3684    0.7840
    0.6942    0.7117    0.1080
   -0.5181    0.5982   -0.6113
...    70 A-T ...
 -141.3074  -81.1043   38.1696
    0.0170    0.6280    0.7780
    0.8650    0.3811   -0.3265
   -0.5015    0.6785   -0.5367
...    71 T-A ...
 -143.4598  -79.0869   36.8767
    0.4561    0.7108    0.5355
    0.7512    0.0151   -0.6599
   -0.4772    0.7032   -0.5270
...    72 A-T ...
 -144.8163  -76.6082   35.3021
    0.8440    0.4784    0.2425
    0.4131   -0.2916   -0.8628
   -0.3420    0.8283   -0.4437
...    73 A-T ...
 -145.7600  -73.8604   34.1694
    0.9673    0.1704   -0.1880
   -0.0929   -0.4517   -0.8873
   -0.2361    0.8757   -0.4211
...    74 C-G ...
 -146.0227  -70.5723   33.3590
    0.7797   -0.1323   -0.6120
   -0.5990   -0.4421   -0.6676
   -0.1822    0.8871   -0.4240
...    75 G-C ...
 -146.4627  -67.9073   31.4978
    0.3279   -0.4328   -0.8398
   -0.9437   -0.1910   -0.2700
   -0.0436    0.8810   -0.4711
...    76 G-C ...
 -146.3167  -65.2874   29.4925
   -0.2142   -0.5369   -0.8160
   -0.9766    0.1337    0.1684
    0.0187    0.8330   -0.5530
...    77 A-T ...
 -146.2300  -62.6786   27.4916
   -0.7564   -0.3175   -0.5719
   -0.6510    0.4504    0.6109
    0.0636    0.8344   -0.5474
...    78 G-C ...
 -145.9000  -59.9347   25.6918
   -0.9870   -0.0037   -0.1605
   -0.1385    0.5255    0.8394
    0.0813    0.8508   -0.5192
...    79 C-G ...
 -145.6051  -57.2215   23.5865
   -0.8786    0.2940    0.3764
    0.4714    0.4080    0.7818
    0.0763    0.8644   -0.4971
...    80 T-A ...
 -145.4753  -54.4136   21.8121
   -0.5058    0.4247    0.7509
    0.8594    0.1721    0.4815
    0.0752    0.8888   -0.4520
...    81 C-G ...
 -145.2560  -51.4355   20.2039
    0.0746    0.3941    0.9160
    0.9916   -0.1262   -0.0265
    0.1052    0.9104   -0.4002
...    82 G-C ...
 -144.3272  -48.5362   19.0807
    0.5701    0.1585    0.8061
    0.8061   -0.2973   -0.5117
    0.1585    0.9415   -0.2972
...    83 G-C ...
 -143.8149  -45.3350   18.3549
    0.8940   -0.1288    0.4292
    0.3684   -0.3340   -0.8676
    0.2551    0.9337   -0.2511
...    84 G-C ...
 -142.6635  -42.1851   17.9863
    0.9128   -0.4021   -0.0715
   -0.1443   -0.1538   -0.9775
    0.3820    0.9026   -0.1984
...    85 A-T ...
 -141.2281  -39.2367   17.5758
    0.6430   -0.4419   -0.6255
   -0.6380    0.1429   -0.7567
    0.4237    0.8856   -0.1901
...    86 T-A ...
 -139.3138  -36.5582   17.2875
    0.2114   -0.3162   -0.9249
   -0.8704    0.3696   -0.3253
    0.4446    0.8738   -0.1971
...    87 C-G ...
 -137.5356  -33.7971   16.5580
   -0.3511   -0.0135   -0.9362
   -0.8155    0.4957    0.2987
    0.4601    0.8684   -0.1850
...    88 C-G ...
 -135.9491  -31.0251   15.7124
   -0.7577    0.1985   -0.6217
   -0.4940    0.4480    0.7452
    0.4264    0.8717   -0.2414
...    89 G-C ...
 -134.7567  -27.9802   15.3380
   -0.9300    0.3618   -0.0652
    0.0327    0.2580    0.9656
    0.3662    0.8958   -0.2517
...    90 C-G ...
 -133.5261  -25.0159   14.0301
   -0.7481    0.4268    0.5082
    0.5532   -0.0219    0.8328
    0.3665    0.9041   -0.2197
...    91 T-A ...
 -132.5804  -21.8751   13.0042
   -0.3195    0.2985    0.8993
    0.8799   -0.2588    0.3985
    0.3517    0.9187   -0.1800
...    92 T-A ...
 -131.7946  -18.7787   12.4452
    0.2308    0.0853    0.9693
    0.9007   -0.3955   -0.1796
    0.3680    0.9145   -0.1681
...    93 T-A ...
 -130.6806  -15.7741   12.0427
    0.6669   -0.2075    0.7157
    0.6247   -0.3679   -0.6887
    0.4063    0.9064   -0.1157
...    94 A-T ...
 -129.0348  -12.8451   11.8197
    0.8214   -0.5271    0.2180
    0.1698   -0.1388   -0.9757
    0.5445    0.8384   -0.0245
...    95 A-T ...
 -127.2006  -10.2840   11.9982
    0.7489   -0.5681   -0.3411
   -0.2787    0.1969   -0.9400
    0.6012    0.7991   -0.0109
...    96 C-G ...
 -124.8494   -7.9508   12.5123
    0.4855   -0.3859   -0.7845
   -0.6167    0.4849   -0.6201
    0.6197    0.7849   -0.0026
...    97 A-T ...
 -122.6049   -5.4577   12.3320
   -0.0009   -0.0893   -0.9960
   -0.7597    0.6478   -0.0574
    0.6503    0.7566   -0.0684
...    98 C-G ...
 -119.9450   -3.4044   11.8494
   -0.4070    0.2598   -0.8757
   -0.6348    0.6089    0.4757
    0.6568    0.7495   -0.0829
...    99 T-A ...
 -117.2746   -1.0982   10.9487
   -0.6938    0.5585   -0.4547
   -0.2935    0.3573    0.8867
    0.6577    0.7486   -0.0840
...   100 T-A ...
 -115.0770    1.2324   10.3078
   -0.6981    0.7004    0.1485
    0.1615   -0.0481    0.9857
    0.6975    0.7121   -0.0795
...   101 T-A ...
 -112.8452    3.5615    9.7631
   -0.4619    0.5604    0.6874
    0.5213   -0.4556    0.7216
    0.7176    0.6917   -0.0817
...   102 A-T ...
 -110.2195    5.6872    9.6940
   -0.0748    0.1451    0.9866
    0.6812   -0.7151    0.1568
    0.7283    0.6837   -0.0453
...   103 T-A ...
 -108.3869    8.3546    9.7613
    0.2159   -0.2466    0.9448
    0.6350   -0.6996   -0.3277
    0.7417    0.6707    0.0055
...   104 G-C ...
 -105.9843   10.6481   10.0979
    0.4748   -0.6871    0.5499
    0.4052   -0.3840   -0.8297
    0.7813    0.6167    0.0961
...   105 C-G ...
 -103.3684   12.4196   10.9282
    0.5607   -0.8280    0.0085
    0.0873    0.0489   -0.9950
    0.8234    0.5586    0.0997
...   106 T-A ...
 -100.3321   13.9224   11.6901
    0.4866   -0.6713   -0.5591
   -0.1983    0.5384   -0.8190
    0.8508    0.5094    0.1289
...   107 T-A ...
  -97.4881   15.3092   12.2106
    0.2522   -0.2799   -0.9263
   -0.4052    0.8387   -0.3638
    0.8787    0.4671    0.0981
...   108 C-G ...
  -94.4274   16.6263   12.4023
   -0.0534    0.2515   -0.9664
   -0.4552    0.8552    0.2478
    0.8888    0.4531    0.0688
...   109 C-G ...
  -91.4384   18.0114   12.4491
   -0.3633    0.6235   -0.6923
   -0.3368    0.6049    0.7216
    0.8687    0.4953   -0.0097
...   110 G-C ...
  -88.9059   19.7575   12.6465
   -0.5542    0.8039   -0.2159
   -0.0761    0.2093    0.9749
    0.8289    0.5567   -0.0548
...   111 G-C ...
  -86.3510   21.9137   12.2239
   -0.5432    0.7540    0.3695
    0.2650   -0.2636    0.9275
    0.7967    0.6017   -0.0566
...   112 C-G ...
  -84.0127   24.2554   11.6928
   -0.3349    0.4592    0.8228
    0.5221   -0.6365    0.5677
    0.7844    0.6197   -0.0266
...   113 T-A ...
  -81.5499   26.4743   11.5807
   -0.0393    0.0288    0.9988
    0.6239   -0.7801    0.0470
    0.7805    0.6250    0.0127
...   114 C-G ...
  -78.9151   28.5106   11.7144
    0.3033   -0.4545    0.8375
    0.5395   -0.6426   -0.5441
    0.7855    0.6168    0.0503
...   115 G-C ...
  -76.0584   30.2214   11.5595
    0.4859   -0.7970    0.3586
    0.2669   -0.2553   -0.9293
    0.8322    0.5473    0.0887
...   116 T-A ...
  -73.2672   31.7165   12.5821
    0.5036   -0.8410   -0.1978
   -0.0281    0.2129   -0.9767
    0.8635    0.4974    0.0836
...   117 A-T ...
  -70.1448   32.9683   13.3213
    0.3087   -0.6190   -0.7222
   -0.2719    0.6702   -0.6906
    0.9115    0.4095    0.0386
...   118 T-A ...
  -67.0039   33.6739   13.8057
    0.1301   -0.1972   -0.9717
   -0.3847    0.8932   -0.2328
    0.9138    0.4041    0.0403
...   119 A-T ...
  -63.9978   35.1843   13.9105
   -0.1578    0.3601   -0.9195
   -0.3573    0.8472    0.3931
    0.9206    0.3906   -0.0050
...   120 A-T ...
  -60.9284   36.1980   13.6514
   -0.3461    0.7708   -0.5348
   -0.1912    0.5001    0.8446
    0.9185    0.3945   -0.0257
...   121 T-A ...
  -57.8579   37.2845   12.8984
   -0.3839    0.9233   -0.0147
    0.0234    0.0257    0.9994
    0.9231    0.3833   -0.0315
...   122 G-C ...
  -54.7485   38.6878   12.6433
   -0.3400    0.7337    0.5882
    0.2570   -0.5292    0.8086
    0.9046    0.4261   -0.0087
...   123 T-A ...
  -51.9764   40.4366   12.3192
   -0.1624    0.3616    0.9181
    0.3934   -0.8296    0.3963
    0.9049    0.4255   -0.0075
...   124 G-C ...
  -48.9756   41.9244   12.3461
    0.0464   -0.2161    0.9753
    0.4342   -0.8749   -0.2145
    0.8996    0.4334    0.0532
...   125 T-A ...
  -46.3231   43.7163   12.7241
    0.2286   -0.6574    0.7180
    0.3459   -0.6346   -0.6911
    0.9100    0.4064    0.0823
...   126 C-G ...
  -43.4355   44.9981   13.0719
    0.3871   -0.9054    0.1744
    0.1483   -0.1256   -0.9809
    0.9100    0.4056    0.0856
...   127 G-C ...
  -40.3350   46.1389   12.8535
    0.2326   -0.9040   -0.3586
   -0.0453    0.3582   -0.9325
    0.9715    0.2332    0.0424
...   128 A-T ...
  -37.2876   46.9463   13.0862
    0.1459   -0.5311   -0.8347
   -0.1895    0.8131   -0.5505
    0.9710    0.2385    0.0180
...   129 C-G ...
  -34.0095   46.9722   13.4429
   -0.0268   -0.0360   -0.9990
   -0.2204    0.9750   -0.0293
    0.9750    0.2194   -0.0341
...   130 C-G ...
  -30.6575   47.2288   12.8046
   -0.2514    0.4469   -0.8585
   -0.1226    0.8652    0.4863
    0.9601    0.2275   -0.1627
...   131 A-T ...
  -27.5856   48.5891   12.5077
   -0.3757    0.8313   -0.4096
    0.0840    0.4706    0.8783
    0.9229    0.2956   -0.2466
...   132 A-T ...
  -24.6434   49.6178   11.4692
   -0.2536    0.9526    0.1682
    0.3002   -0.0878    0.9498
    0.9196    0.2914   -0.2637
...   133 A-T ...
  -21.7841   50.6465   10.2290
    0.0261    0.7293    0.6837
    0.3806   -0.6397    0.6678
    0.9244    0.2428   -0.2942
...   134 T-A ...
  -19.0159   52.0243    8.9250
    0.2452    0.2905    0.9249
    0.3073   -0.9281    0.2101
    0.9195    0.2328   -0.3169
...   135 G-C ...
  -16.4637   53.8824    7.5154
    0.5339   -0.3333    0.7771
    0.0346   -0.9097   -0.4139
    0.8449    0.2479   -0.4741
...   136 T-A ...
  -14.1749   56.5546    6.1809
    0.5795   -0.7269    0.3685
   -0.3141   -0.6164   -0.7221
    0.7521    0.3026   -0.5855
...   137 G-C ...
  -11.6538   57.9991    4.7205
    0.2452   -0.9542   -0.1714
   -0.6323   -0.0234   -0.7744
    0.7349    0.2983   -0.6091
...   138 A-T ...
   -8.6758   58.7132    3.6025
   -0.0345   -0.7815   -0.6229
   -0.6536    0.4891   -0.5775
    0.7560    0.3872   -0.5277
...   139 G-C ...
   -6.3274   59.0726    1.6297
   -0.2969   -0.3279   -0.8968
   -0.5657    0.8171   -0.1114
    0.7693    0.4742   -0.4281
...   140 C-G ...
   -3.4368   60.2277    1.0288
   -0.4426    0.2287   -0.8671
   -0.1681    0.9286    0.3308
    0.8808    0.2922   -0.3725
...   141 G-C ...
   -0.6976   63.8910   -2.2509
   -0.9992    0.0157   -0.0376
   -0.0024    0.8991    0.4378
    0.0407    0.4375   -0.8983
...   142 C-G ...
   -1.0064   65.5987   -4.9400
   -0.8337    0.5216    0.1813
    0.5170    0.6219    0.5881
    0.1940    0.5840   -0.7882
...   143 T-A ...
   -0.1332   66.2083   -7.8195
   -0.3753    0.8566    0.3540
    0.8856    0.2187    0.4098
    0.2736    0.4673   -0.8407
...   144 C-G ...
   -0.1665   67.4019  -10.8067
    0.1798    0.8793    0.4411
    0.9277   -0.3007    0.2214
    0.3273    0.3694   -0.8697
...   145 A-T ...
    0.5267   69.2311  -13.4658
    0.7352    0.4964    0.4616
    0.6118   -0.7791   -0.1367
    0.2918    0.3829   -0.8765
...   146 C-G ...
    1.4339   72.0891  -15.6018
    0.9809    0.0621    0.1844
    0.1264   -0.9240   -0.3608
    0.1480    0.3772   -0.9142
...   147 A-T ...
    2.3048   74.2221  -18.3862
    0.8657   -0.4292   -0.2575
   -0.4984   -0.7868   -0.3642
   -0.0463    0.4436   -0.8950
