  147 base-pairs
...     1 A-T ...
    0.0000    0.0000    0.0000
    1.0000    0.0000    0.0000
    0.0000    1.0000    0.0000
    0.0000    0.0000    1.0000
...     2 G-C ...
   -0.1394   -1.2357    3.2268
    0.7529    0.6366    0.1670
   -0.6386    0.7680   -0.0486
   -0.1592   -0.0700    0.9848
...     3 T-A ...
   -0.0365   -3.2932    6.3751
    0.2722    0.9301    0.2466
   -0.9238    0.3243   -0.2033
   -0.2691   -0.1725    0.9475
...     4 G-C ...
   -0.3505   -4.1660    9.4928
   -0.3756    0.9250    0.0579
   -0.8781   -0.3352   -0.3415
   -0.2965   -0.1791    0.9381
...     5 A-T ...
   -0.4462   -4.1476   12.7498
   -0.8116    0.5840   -0.0165
   -0.5523   -0.7762   -0.3042
   -0.1905   -0.2378    0.9524
...     6 G-C ...
   -1.5908   -4.1730   15.6201
   -0.9976    0.0246   -0.0651
   -0.0043   -0.9555   -0.2950
   -0.0695   -0.2940    0.9533
...     7 C-G ...
   -1.1030   -4.4824   18.7362
   -0.8441   -0.5304   -0.0787
    0.5345   -0.8441   -0.0432
   -0.0435   -0.0785    0.9960
...     8 G-C ...
   -2.4028   -7.7290   23.1475
   -0.2754   -0.3293   -0.9032
    0.6650   -0.7437    0.0684
   -0.6942   -0.5818    0.4238
...     9 C-G ...
   -4.4690   -9.9728   24.1132
    0.1145   -0.7025   -0.7024
    0.8512   -0.2952    0.4340
   -0.5122   -0.6476    0.5642
...    10 T-A ...
   -6.7405  -10.8752   25.9697
    0.4841   -0.8363   -0.2574
    0.6595    0.1553    0.7355
   -0.5751   -0.5258    0.6267
...    11 C-G ...
   -9.1656  -12.6208   27.1640
    0.7073   -0.6682    0.2307
    0.3448    0.6110    0.7126
   -0.6171   -0.4245    0.6626
...    12 A-T ...
  -10.9234  -14.6633   29.0693
    0.7515   -0.1377    0.6452
   -0.2029    0.8824    0.4246
   -0.6277   -0.4500    0.6352
...    13 C-G ...
  -11.8476  -17.4863   31.2451
    0.4295    0.2823    0.8578
   -0.5708    0.8209    0.0156
   -0.6998   -0.4963    0.5137
...    14 A-T ...
  -13.5897  -19.7827   33.4259
   -0.1504    0.6104    0.7777
   -0.6874    0.5008   -0.5260
   -0.7106   -0.6136    0.3443
...    15 A-T ...
  -15.8257  -21.7929   34.6329
   -0.4824    0.8121    0.3282
   -0.4878    0.0622   -0.8707
   -0.7276   -0.5801    0.3662
...    16 T-A ...
  -17.9318  -23.6168   36.5558
   -0.6915    0.7008   -0.1751
   -0.1506   -0.3770   -0.9139
   -0.7065   -0.6056    0.3662
...    17 T-A ...
  -20.2147  -25.3799   38.1322
   -0.6750    0.3273   -0.6613
    0.2821   -0.7137   -0.6411
   -0.6818   -0.6193    0.3895
...    18 T-A ...
  -22.5306  -27.1629   39.5213
   -0.3983   -0.1178   -0.9097
    0.6048   -0.7793   -0.1639
   -0.6896   -0.6155    0.3816
...    19 A-T ...
  -24.7117  -29.3884   40.7271
    0.0512   -0.5163   -0.8548
    0.7128   -0.5807    0.3934
   -0.6995   -0.6294    0.3383
...    20 T-A ...
  -27.4803  -31.0671   41.4851
    0.3895   -0.7579   -0.5234
    0.5925   -0.2289    0.7723
   -0.7051   -0.6109    0.3599
...    21 T-A ...
  -29.9431  -33.0257   42.3831
    0.6455   -0.7637    0.0113
    0.2662    0.2388    0.9339
   -0.7159   -0.5998    0.3574
...    22 C-G ...
  -32.2801  -35.0294   43.5128
    0.7027   -0.4688    0.5352
   -0.1602    0.6286    0.7610
   -0.6932   -0.6206    0.3666
...    23 G-C ...
  -34.6666  -36.6782   45.2219
    0.5944    0.0462    0.8028
   -0.5351    0.7680    0.3520
   -0.6003   -0.6388    0.4812
...    24 C-G ...
  -36.3745  -39.0319   46.7033
    0.2683    0.4759    0.8376
   -0.7613    0.6375   -0.1183
   -0.5903   -0.6059    0.5333
...    25 A-T ...
  -38.5174  -40.8656   48.3573
   -0.1257    0.8039    0.5814
   -0.7885    0.2747   -0.5503
   -0.6021   -0.5276    0.5993
...    26 A-T ...
  -40.3488  -42.5250   50.5040
   -0.5247    0.8345    0.1682
   -0.5948   -0.2181   -0.7737
   -0.6090   -0.5060    0.6108
...    27 A-T ...
  -42.1036  -43.9949   52.8063
   -0.7660    0.5702   -0.2967
   -0.1986   -0.6489   -0.7345
   -0.6114   -0.5037    0.6103
...    28 G-C ...
  -44.2279  -45.1912   55.1240
   -0.7140    0.1886   -0.6742
    0.2019   -0.8666   -0.4563
   -0.6703   -0.4620    0.5807
...    29 G-C ...
  -46.8227  -46.3727   57.0545
   -0.4280   -0.2788   -0.8597
    0.5393   -0.8421    0.0046
   -0.7252   -0.4617    0.5107
...    30 C-G ...
  -49.5115  -47.6183   58.4247
   -0.0333   -0.6633   -0.7476
    0.6599   -0.5764    0.4819
   -0.7506   -0.4773    0.4569
...    31 C-G ...
  -52.2375  -49.0111   59.7887
    0.3816   -0.8372   -0.3917
    0.5520   -0.1335    0.8231
   -0.7414   -0.5303    0.4112
...    32 G-C ...
  -54.2452  -50.7998   61.2250
    0.6657   -0.7452    0.0388
    0.2579    0.2785    0.9252
   -0.7002   -0.6059    0.3776
...    33 G-C ...
  -56.2707  -53.2807   62.3109
    0.7275   -0.4454    0.5219
   -0.1727    0.6173    0.7675
   -0.6640   -0.6485    0.3722
...    34 C-G ...
  -58.2606  -55.6634   63.3265
    0.5396   -0.0140    0.8418
   -0.5437    0.7576    0.3612
   -0.6428   -0.6526    0.4012
...    35 C-G ...
  -60.0584  -58.0938   64.8757
    0.1901    0.4389    0.8782
   -0.7525    0.6396   -0.1568
   -0.6305   -0.6310    0.4519
...    36 C-G ...
  -61.8937  -60.3417   66.5627
   -0.2016    0.7493    0.6308
   -0.7434    0.3022   -0.5966
   -0.6377   -0.5893    0.4961
...    37 G-C ...
  -64.3381  -62.3236   67.5819
   -0.4920    0.8546    0.1662
   -0.5158   -0.1323   -0.8464
   -0.7013   -0.5022    0.5059
...    38 A-T ...
  -66.4336  -64.0115   69.1996
   -0.6806    0.6395   -0.3575
   -0.1258   -0.5827   -0.8029
   -0.7218   -0.5014    0.4771
...    39 C-G ...
  -68.8817  -65.1122   70.9114
   -0.5987    0.2958   -0.7443
    0.2174   -0.8344   -0.5064
   -0.7709   -0.4650    0.4353
...    40 A-T ...
  -71.6142  -66.4752   72.2237
   -0.2893   -0.1406   -0.9468
    0.4665   -0.8845   -0.0112
   -0.8359   -0.4449    0.3215
...    41 C-G ...
  -74.6447  -67.5767   72.8437
    0.0271   -0.5385   -0.8422
    0.5230   -0.7103    0.4710
   -0.8519   -0.4532    0.2624
...    42 G-C ...
  -77.2195  -69.4296   73.8079
    0.3652   -0.8233   -0.4345
    0.3496   -0.3113    0.8837
   -0.8628   -0.4746    0.1741
...    43 A-T ...
  -79.9755  -70.9198   74.2949
    0.4916   -0.8551    0.1649
    0.0711    0.2282    0.9710
   -0.8679   -0.4656    0.1729
...    44 C-G ...
  -82.7259  -72.7908   74.2747
    0.4712   -0.6009    0.6457
   -0.2089    0.6353    0.7435
   -0.8570   -0.4852    0.1738
...    45 T-A ...
  -85.4614  -75.1847   74.5709
    0.2733   -0.1618    0.9482
   -0.4176    0.8681    0.2684
   -0.8666   -0.4693    0.1697
...    46 T-A ...
  -88.0703  -77.0989   74.9490
   -0.0018    0.2862    0.9582
   -0.4675    0.8468   -0.2538
   -0.8840   -0.4484    0.1323
...    47 A-T ...
  -90.9229  -78.6511   75.5749
   -0.1544    0.7427    0.6516
   -0.3968    0.5574   -0.7293
   -0.9048   -0.3712    0.2086
...    48 C-G ...
  -93.5838  -80.1199   76.7969
   -0.2820    0.9435    0.1739
   -0.2599    0.0994   -0.9605
   -0.9235   -0.3160    0.2173
...    49 T-A ...
  -96.5700  -80.9979   78.0087
   -0.2792    0.8907   -0.3588
   -0.1137   -0.4017   -0.9087
   -0.9535   -0.2129    0.2134
...    50 G-C ...
  -99.9277  -81.2504   78.6212
   -0.1079    0.5705   -0.8142
   -0.0033   -0.8192   -0.5735
   -0.9942   -0.0591    0.0903
...    51 T-A ...
 -103.0607  -80.8687   79.0499
   -0.0110    0.1283   -0.9917
    0.0178   -0.9916   -0.1285
   -0.9998   -0.0191    0.0086
...    52 A-T ...
 -106.3011  -80.4252   78.5676
    0.1623   -0.4002   -0.9020
   -0.0684   -0.9164    0.3943
   -0.9844   -0.0023   -0.1761
...    53 G-C ...
 -109.3817  -80.0892   77.7012
    0.1733   -0.7952   -0.5811
   -0.1969   -0.6061    0.7707
   -0.9650   -0.0191   -0.2616
...    54 G-C ...
 -112.5529  -79.9339   75.8654
    0.0779   -0.9947   -0.0677
   -0.2990   -0.0881    0.9502
   -0.9511   -0.0537   -0.3043
...    55 T-A ...
 -115.4974  -80.3170   74.4040
   -0.1170   -0.8971    0.4261
   -0.3050    0.4408    0.8442
   -0.9451   -0.0312   -0.3252
...    56 A-T ...
 -118.5611  -80.6640   73.0282
   -0.2891   -0.4605    0.8393
   -0.1711    0.8874    0.4280
   -0.9419   -0.0198   -0.3354
...    57 T-A ...
 -121.5056  -81.4211   71.7160
   -0.3702    0.0548    0.9273
    0.0277    0.9985   -0.0479
   -0.9285    0.0080   -0.3712
...    58 C-G ...
 -124.6939  -81.6500   70.6435
   -0.2699    0.6523    0.7083
    0.2788    0.7570   -0.5909
   -0.9216    0.0380   -0.3862
...    59 T-A ...
 -127.8811  -81.5174   69.6899
   -0.0068    0.9400    0.3412
    0.3811    0.3179   -0.8682
   -0.9245    0.1241   -0.3604
...    60 C-G ...
 -131.0055  -80.9967   68.6188
    0.2828    0.9457   -0.1600
    0.3084   -0.2476   -0.9185
   -0.9083    0.2104   -0.3616
...    61 G-C ...
 -133.7207  -80.0277   67.0043
    0.6422    0.6280   -0.4395
    0.0872   -0.6295   -0.7721
   -0.7615    0.4575   -0.4591
...    62 A-T ...
 -136.1388  -78.3275   65.4621
    0.6478    0.1403   -0.7487
   -0.3005   -0.8561   -0.4204
   -0.7000    0.4973   -0.5125
...    63 G-C ...
 -138.0794  -76.3212   63.6422
    0.4583   -0.3494   -0.8172
   -0.6271   -0.7787   -0.0187
   -0.6299    0.5210   -0.5760
...    64 C-G ...
 -139.7417  -74.3276   61.4228
    0.0295   -0.7487   -0.6623
   -0.8043   -0.4111    0.4290
   -0.5935    0.5200   -0.6143
...    65 T-A ...
 -141.5021  -72.5765   59.2799
   -0.4143   -0.8440   -0.3407
   -0.7211    0.0761    0.6886
   -0.5553    0.5310   -0.6401
...    66 C-G ...
 -143.5375  -70.8939   57.3263
   -0.7749   -0.6185    0.1304
   -0.3420    0.5837    0.7365
   -0.5316    0.5261   -0.6638
...    67 G-C ...
 -145.4762  -68.3292   55.8836
   -0.8208   -0.1792    0.5424
    0.1660    0.8337    0.5266
   -0.5465    0.5223   -0.6546
...    68 G-C ...
 -147.1327  -66.6021   53.5407
   -0.5581    0.2826    0.7802
    0.6313    0.7548    0.1781
   -0.5385    0.5919   -0.5997
...    69 G-C ...
 -149.0475  -64.7951   51.4749
   -0.0751    0.5697    0.8184
    0.8361    0.4832   -0.2596
   -0.5433    0.6648   -0.5127
...    70 A-T ...
 -151.0093  -62.6666   49.8868
    0.4536    0.7029    0.5479
    0.7301    0.0595   -0.6808
   -0.5111    0.7088   -0.4862
...    71 T-A ...
 -152.9777  -60.2443   48.8607
    0.7875    0.5969    0.1534
    0.3963   -0.2999   -0.8677
   -0.4720    0.7441   -0.4728
...    72 C-G ...
 -154.3920  -57.6216   47.5077
    0.9055    0.2648   -0.3317
   -0.1335   -0.5643   -0.8147
   -0.4029    0.7820   -0.4756
...    73 C-G ...
 -155.5329  -54.9067   46.0753
    0.7592   -0.1648   -0.6296
   -0.5863   -0.5933   -0.5516
   -0.2826    0.7879   -0.5471
...    74 G-C ...
 -156.5258  -52.6007   43.9212
    0.3594   -0.5645   -0.7431
   -0.9191   -0.3521   -0.1769
   -0.1618    0.7465   -0.6454
...    75 C-G ...
 -156.4716  -50.1199   41.4884
   -0.2328   -0.6684   -0.7064
   -0.9649    0.0681    0.2536
   -0.1214    0.7406   -0.6608
...    76 T-A ...
 -156.6156  -48.0029   38.7070
   -0.7450   -0.4914   -0.4512
   -0.6648    0.4912    0.5628
   -0.0549    0.7192   -0.6926
...    77 T-A ...
 -156.5447  -45.8856   36.2094
   -0.9953   -0.0440   -0.0859
   -0.0929    0.6796    0.7277
    0.0264    0.7322   -0.6805
...    78 T-A ...
 -156.3562  -43.7600   33.7060
   -0.8590    0.4074    0.3099
    0.5025    0.5553    0.6627
    0.0979    0.7250   -0.6817
...    79 A-T ...
 -155.3124  -41.2418   31.7597
   -0.3712    0.6917    0.6195
    0.9153    0.1605    0.3693
    0.1560    0.7042   -0.6927
...    80 A-T ...
 -154.9490  -38.9821   29.5469
    0.1912    0.6432    0.7414
    0.9631   -0.2687   -0.0153
    0.1894    0.7170   -0.6709
...    81 C-G ...
 -154.8540  -36.3328   27.5049
    0.6581    0.3745    0.6532
    0.7175   -0.5751   -0.3931
    0.2284    0.7274   -0.6471
...    82 A-T ...
 -153.9711  -33.7828   25.5223
    0.9081   -0.1062    0.4051
    0.2386   -0.6637   -0.7089
    0.3442    0.7404   -0.5773
...    83 C-G ...
 -152.5567  -31.0545   24.2208
    0.8819   -0.4714    0.0086
   -0.2548   -0.4918   -0.8326
    0.3967    0.7320   -0.5538
...    84 T-A ...
 -150.6521  -28.3812   22.7682
    0.5466   -0.7202   -0.4273
   -0.6956   -0.1064   -0.7105
    0.4662    0.6856   -0.5591
...    85 T-A ...
 -148.7998  -26.2184   21.1651
    0.0518   -0.6246   -0.7793
   -0.8757    0.3466   -0.3360
    0.4800    0.6998   -0.5290
...    86 T-A ...
 -146.9346  -24.0859   19.5376
   -0.4430   -0.2851   -0.8500
   -0.7467    0.6421    0.1738
    0.4962    0.7116   -0.4974
...    87 A-T ...
 -145.3485  -21.4157   18.0409
   -0.7943    0.2474   -0.5549
   -0.2821    0.6588    0.6974
    0.5381    0.7105   -0.4535
...    88 T-A ...
 -143.5517  -19.5701   16.0067
   -0.8380    0.5250   -0.1489
    0.1314    0.4589    0.8787
    0.5296    0.7168   -0.4535
...    89 G-C ...
 -142.0120  -17.1643   14.3196
   -0.6297    0.6283    0.4570
    0.6290    0.0671    0.7745
    0.4559    0.7751   -0.4375
...    90 C-G ...
 -140.9295  -14.4495   12.8612
   -0.2109    0.5208    0.8272
    0.8582   -0.3065    0.4117
    0.4679    0.7968   -0.3824
...    91 T-A ...
 -139.6103  -11.6784   11.5923
    0.2307    0.2333    0.9446
    0.8425   -0.5336   -0.0740
    0.4868    0.8129   -0.3197
...    92 C-G ...
 -137.9586   -8.9807   10.8492
    0.6200   -0.1615    0.7678
    0.5823   -0.5611   -0.5883
    0.5258    0.8118   -0.2538
...    93 A-T ...
 -136.3539   -6.0370   10.2613
    0.7550   -0.5391    0.3734
    0.2139   -0.3357   -0.9173
    0.6199    0.7724   -0.1381
...    94 T-A ...
 -134.2764   -3.5508   10.3298
    0.7210   -0.6834   -0.1145
   -0.1692   -0.0134   -0.9855
    0.6719    0.7300   -0.1253
...    95 G-C ...
 -131.7089   -1.2543   10.0878
    0.4176   -0.6404   -0.6446
   -0.5208    0.4127   -0.7473
    0.7446    0.6478   -0.1611
...    96 T-A ...
 -128.8269    0.4730    9.9131
    0.0717   -0.3312   -0.9408
   -0.6487    0.7010   -0.2963
    0.7577    0.6315   -0.1646
...    97 T-A ...
 -126.2478    2.3003    9.4169
   -0.2922    0.1241   -0.9483
   -0.5631    0.7791    0.2755
    0.7730    0.6145   -0.1578
...    98 A-T ...
 -123.7375    4.5753    9.0562
   -0.5678    0.5939   -0.5700
   -0.2617    0.5263    0.8090
    0.7804    0.6086   -0.1434
...    99 T-A ...
 -121.1414    6.2162    7.9650
   -0.6008    0.7941   -0.0918
    0.0506    0.1523    0.9870
    0.7978    0.5884   -0.1317
...   100 A-T ...
 -118.3308    8.1240    7.8224
   -0.4373    0.7197    0.5393
    0.4086   -0.3752    0.8321
    0.8012    0.5842   -0.1300
...   101 A-T ...
 -115.8661   10.0840    7.3094
   -0.1471    0.3851    0.9111
    0.5675   -0.7216    0.3966
    0.8101    0.5754   -0.1124
...   102 C-G ...
 -113.5747   12.5650    6.8572
    0.1666   -0.0780    0.9829
    0.5485   -0.8211   -0.1581
    0.8194    0.5655   -0.0940
...   103 G-C ...
 -110.6592   14.0133    6.7637
    0.3018   -0.5877    0.7507
    0.3990   -0.6373   -0.6593
    0.8659    0.4985    0.0421
...   104 G-C ...
 -107.7380   15.3884    7.3718
    0.3600   -0.8851    0.2950
    0.2385   -0.2184   -0.9463
    0.9020    0.4110    0.1324
...   105 A-T ...
 -104.7838   16.7108    8.0762
    0.4013   -0.8586   -0.3190
   -0.0037    0.3468   -0.9379
    0.9159    0.3776    0.1360
...   106 T-A ...
 -101.7220   17.4758    9.1221
    0.3356   -0.5792   -0.7429
   -0.1970    0.7281   -0.6566
    0.9212    0.3667    0.1303
...   107 T-A ...
  -98.6352   18.3994    9.6893
    0.1665   -0.0622   -0.9841
   -0.3401    0.9331   -0.1165
    0.9255    0.3541    0.1342
...   108 C-G ...
  -95.4605   19.3633    9.9456
   -0.0877    0.4760   -0.8751
   -0.3552    0.8058    0.4739
    0.9307    0.3524    0.0984
...   109 C-G ...
  -92.3531   20.4262   10.1109
   -0.3491    0.7880   -0.5071
   -0.2409    0.4475    0.8612
    0.9056    0.4228    0.0336
...   110 G-C ...
  -89.6878   21.9073   10.4678
   -0.5033    0.8641   -0.0005
   -0.0049   -0.0023    1.0000
    0.8641    0.5033    0.0054
...   111 G-C ...
  -87.0388   23.9779   10.3109
   -0.4698    0.6894    0.5514
    0.2976   -0.4644    0.8341
    0.8311    0.5560    0.0131
...   112 C-G ...
  -84.6058   26.2770   10.1210
   -0.2615    0.3016    0.9169
    0.5102   -0.7632    0.3966
    0.8193    0.5715    0.0457
...   113 T-A ...
  -82.0447   28.3708   10.2825
    0.0100   -0.1629    0.9866
    0.5785   -0.8038   -0.1386
    0.8156    0.5721    0.0862
...   114 C-G ...
  -79.3066   30.2011   10.6870
    0.3100   -0.6170    0.7234
    0.4823   -0.5536   -0.6789
    0.8193    0.5593    0.1260
...   115 G-C ...
  -76.3818   31.7792   10.7287
    0.4577   -0.8684    0.1910
    0.2227   -0.0960   -0.9702
    0.8608    0.4866    0.1494
...   116 T-A ...
  -73.5050   32.9696   11.8392
    0.4578   -0.8146   -0.3562
   -0.0454    0.3787   -0.9244
    0.8879    0.4393    0.1364
...   117 A-T ...
  -70.3125   33.9378   12.6953
    0.2624   -0.5051   -0.8222
   -0.2578    0.7844   -0.5641
    0.9299    0.3600    0.0756
...   118 T-A ...
  -67.1424   34.4261   13.1948
    0.1005   -0.0490   -0.9937
   -0.3503    0.9331   -0.0814
    0.9312    0.3563    0.0766
...   119 A-T ...
  -64.0872   35.7628   13.4125
   -0.1693    0.4773   -0.8623
   -0.3114    0.8042    0.5063
    0.9351    0.3542    0.0124
...   120 A-T ...
  -60.9959   36.6986   13.1622
   -0.3340    0.8384   -0.4308
   -0.1485    0.4045    0.9024
    0.9308    0.3654   -0.0106
...   121 T-A ...
  -57.9177   37.7701   12.4340
   -0.3548    0.9298    0.0976
    0.0520   -0.0846    0.9951
    0.9335    0.3581   -0.0183
...   122 G-C ...
  -54.7939   39.1429   12.2059
   -0.3102    0.6804    0.6640
    0.2617   -0.6104    0.7476
    0.9140    0.4057    0.0113
...   123 T-A ...
  -52.0075   40.8686   12.0017
   -0.1401    0.2829    0.9489
    0.3840   -0.8678    0.3154
    0.9126    0.4086    0.0129
...   124 G-C ...
  -49.0053   42.3211   12.1231
    0.0509   -0.2917    0.9552
    0.4168   -0.8629   -0.2857
    0.9076    0.4126    0.0776
...   125 T-A ...
  -46.3243   44.0464   12.6098
    0.2220   -0.7107    0.6675
    0.3310   -0.5890   -0.7372
    0.9172    0.3846    0.1045
...   126 C-G ...
  -43.4206   45.2528   13.0301
    0.3726   -0.9212    0.1118
    0.1428   -0.0621   -0.9878
    0.9169    0.3840    0.1084
...   127 G-C ...
  -40.3175   46.3489   12.9009
    0.2153   -0.8882   -0.4059
   -0.0388    0.4076   -0.9123
    0.9758    0.2122    0.0533
...   128 A-T ...
  -37.2647   47.0911   13.1756
    0.1355   -0.4943   -0.8587
   -0.1750    0.8411   -0.5118
    0.9752    0.2196    0.0275
...   129 C-G ...
  -33.9883   47.0425   13.5225
   -0.0278    0.0057   -0.9996
   -0.2029    0.9791    0.0112
    0.9788    0.2031   -0.0261
...   130 C-G ...
  -30.6353   47.2448   12.8688
   -0.2454    0.4781   -0.8434
   -0.1081    0.8510    0.5139
    0.9634    0.2173   -0.1571
...   131 A-T ...
  -27.5656   48.5609   12.5294
   -0.3746    0.8389   -0.3949
    0.0900    0.4568    0.8850
    0.9228    0.2960   -0.2466
...   132 A-T ...
  -24.6313   49.5976   11.4780
   -0.2520    0.9514    0.1771
    0.3033   -0.0961    0.9480
    0.9190    0.2926   -0.2643
...   133 A-T ...
  -21.7776   50.6359   10.2325
    0.0282    0.7255    0.6877
    0.3813   -0.6437    0.6635
    0.9240    0.2435   -0.2947
...   134 T-A ...
  -19.0159   52.0243    8.9250
    0.2452    0.2905    0.9249
    0.3073   -0.9281    0.2101
    0.9195    0.2328   -0.3169
...   135 G-C ...
  -16.4637   53.8824    7.5153
    0.5339   -0.3333    0.7771
    0.0346   -0.9097   -0.4139
    0.8449    0.2479   -0.4741
...   136 T-A ...
  -14.1748   56.5546    6.1808
    0.5795   -0.7269    0.3685
   -0.3141   -0.6164   -0.7221
    0.7521    0.3026   -0.5855
...   137 G-C ...
  -11.6537   57.9992    4.7204
    0.2452   -0.9542   -0.1714
   -0.6323   -0.0234   -0.7744
    0.7349    0.2983   -0.6091
...   138 A-T ...
   -8.6758   58.7133    3.6024
   -0.0345   -0.7815   -0.6229
   -0.6536    0.4891   -0.5775
    0.7560    0.3872   -0.5277
...   139 G-C ...
   -6.3274   59.0726    1.6296
   -0.2969   -0.3279   -0.8968
   -0.5657    0.8171   -0.1114
    0.7693    0.4742   -0.4281
...   140 C-G ...
   -3.4368   60.2278    1.0287
   -0.4426    0.2287   -0.8671
   -0.1681    0.9286    0.3308
    0.8808    0.2922   -0.3725
...   141 G-C ...
   -0.6976   63.8911   -2.2510
   -0.9992    0.0157   -0.0376
   -0.0024    0.8991    0.4378
    0.0407    0.4375   -0.8983
...   142 C-G ...
   -1.0064   65.5987   -4.9401
   -0.8337    0.5216    0.1813
    0.5170    0.6219    0.5881
    0.1940    0.5841   -0.7882
...   143 T-A ...
   -0.1332   66.2084   -7.8196
   -0.3753    0.8566    0.3540
    0.8856    0.2187    0.4098
    0.2736    0.4673   -0.8407
...   144 C-G ...
   -0.1665   67.4019  -10.8067
    0.1797    0.8793    0.4411
    0.9277   -0.3007    0.2214
    0.3273    0.3694   -0.8697
...   145 A-T ...
    0.5268   69.2312  -13.4659
    0.7352    0.4964    0.4616
    0.6118   -0.7791   -0.1367
    0.2918    0.3829   -0.8765
...   146 C-G ...
    1.4339   72.0891  -15.6019
    0.9809    0.0621    0.1844
    0.1264   -0.9240   -0.3608
    0.1480    0.3772   -0.9142
...   147 A-T ...
    2.3048   74.2222  -18.3863
    0.8657   -0.4292   -0.2575
   -0.4984   -0.7868   -0.3642
   -0.0463    0.4436   -0.8950
