  147 base-pairs
...     1 A-T ...
    0.0000    0.0000    0.0000
    1.0000    0.0000    0.0000
    0.0000    1.0000    0.0000
    0.0000    0.0000    1.0000
...     2 G-C ...
   -0.1394   -1.2357    3.2268
    0.7529    0.6366    0.1670
   -0.6386    0.7680   -0.0486
   -0.1592   -0.0700    0.9848
...     3 T-A ...
   -0.0365   -3.2932    6.3751
    0.2722    0.9301    0.2466
   -0.9238    0.3243   -0.2033
   -0.2691   -0.1725    0.9475
...     4 G-C ...
   -0.3505   -4.1660    9.4928
   -0.3756    0.9250    0.0579
   -0.8781   -0.3352   -0.3415
   -0.2965   -0.1791    0.9381
...     5 A-T ...
   -0.4462   -4.1476   12.7498
   -0.8116    0.5840   -0.0165
   -0.5523   -0.7762   -0.3042
   -0.1905   -0.2378    0.9524
...     6 G-C ...
   -1.5908   -4.1730   15.6201
   -0.9976    0.0246   -0.0651
   -0.0043   -0.9555   -0.2950
   -0.0695   -0.2940    0.9533
...     7 C-G ...
   -1.1030   -4.4824   18.7362
   -0.8441   -0.5304   -0.0787
    0.5345   -0.8441   -0.0432
   -0.0435   -0.0785    0.9960
...     8 G-C ...
   -2.4028   -7.7290   23.1475
   -0.2754   -0.3293   -0.9032
    0.6650   -0.7437    0.0684
   -0.6942   -0.5818    0.4238
...     9 C-G ...
   -4.4690   -9.9728   24.1132
    0.1145   -0.7025   -0.7024
    0.8512   -0.2952    0.4340
   -0.5122   -0.6476    0.5642
...    10 T-A ...
   -6.7405  -10.8752   25.9697
    0.4841   -0.8363   -0.2574
    0.6595    0.1553    0.7355
   -0.5751   -0.5258    0.6267
...    11 C-G ...
   -9.1656  -12.6208   27.1640
    0.7073   -0.6682    0.2307
    0.3448    0.6110    0.7126
   -0.6171   -0.4245    0.6626
...    12 A-T ...
  -10.9234  -14.6633   29.0693
    0.7515   -0.1377    0.6452
   -0.2029    0.8824    0.4246
   -0.6277   -0.4500    0.6352
...    13 C-G ...
  -11.8476  -17.4863   31.2451
    0.4295    0.2823    0.8578
   -0.5708    0.8209    0.0156
   -0.6998   -0.4963    0.5137
...    14 A-T ...
  -13.5897  -19.7827   33.4259
   -0.1504    0.6104    0.7777
   -0.6874    0.5008   -0.5260
   -0.7106   -0.6136    0.3443
...    15 A-T ...
  -15.8218  -21.7930   34.6409
   -0.4823    0.8116    0.3296
   -0.4898    0.0622   -0.8696
   -0.7263   -0.5809    0.3675
...    16 T-A ...
  -17.9210  -23.6198   36.5698
   -0.6929    0.7002   -0.1720
   -0.1533   -0.3762   -0.9138
   -0.7045   -0.6068    0.3680
...    17 T-A ...
  -20.1936  -25.3866   38.1557
   -0.6789    0.3266   -0.6575
    0.2805   -0.7123   -0.6434
   -0.6785   -0.6213    0.3920
...    18 T-A ...
  -22.4969  -27.1710   39.5636
   -0.4049   -0.1182   -0.9067
    0.6061   -0.7772   -0.1693
   -0.6846   -0.6181    0.3863
...    19 A-T ...
  -24.6595  -29.3999   40.7810
    0.0441   -0.5098   -0.8592
    0.7187   -0.5812    0.3817
   -0.6939   -0.6344    0.3407
...    20 T-A ...
  -27.4132  -31.0933   41.5543
    0.3864   -0.7511   -0.5353
    0.6024   -0.2339    0.7631
   -0.6984   -0.6173    0.3621
...    21 T-A ...
  -29.8580  -33.0714   42.4614
    0.6505   -0.7594   -0.0090
    0.2792    0.2281    0.9328
   -0.7063   -0.6093    0.3604
...    22 C-G ...
  -32.1602  -35.1081   43.5980
    0.7160   -0.4714    0.5149
   -0.1508    0.6157    0.7734
   -0.6816   -0.6314    0.3698
...    23 G-C ...
  -34.4859  -36.8119   45.3373
    0.6097    0.0388    0.7917
   -0.5358    0.7562    0.3756
   -0.5841   -0.6532    0.4818
...    24 C-G ...
  -36.1356  -39.2063   46.8161
    0.2803    0.4639    0.8404
   -0.7704    0.6310   -0.0914
   -0.5726   -0.6218    0.5342
...    25 A-T ...
  -38.2143  -41.0872   48.4963
   -0.1215    0.7908    0.5998
   -0.8041    0.2759   -0.5266
   -0.5819   -0.5463    0.6024
...    26 A-T ...
  -39.9706  -42.8093   50.6575
   -0.5312    0.8236    0.1989
   -0.6105   -0.2093   -0.7639
   -0.5875   -0.5272    0.6140
...    27 A-T ...
  -41.6462  -44.3534   52.9706
   -0.7816    0.5652   -0.2640
   -0.2076   -0.6347   -0.7444
   -0.5882   -0.5270    0.6134
...    28 G-C ...
  -43.6907  -45.6370   55.3123
   -0.7346    0.1931   -0.6504
    0.2032   -0.8520   -0.4825
   -0.6474   -0.4866    0.5866
...    29 G-C ...
  -46.2057  -46.9094   57.2880
   -0.4469   -0.2632   -0.8550
    0.5530   -0.8325   -0.0328
   -0.7031   -0.4875    0.5177
...    30 C-G ...
  -48.8300  -48.2276   58.7099
   -0.0433   -0.6417   -0.7657
    0.6838   -0.5779    0.4456
   -0.7284   -0.5043    0.4638
...    31 C-G ...
  -51.4892  -49.7046   60.1113
    0.3853   -0.8165   -0.4300
    0.5795   -0.1486    0.8013
   -0.7181   -0.5580    0.4159
...    32 G-C ...
  -53.4154  -51.5825   61.5397
    0.6820   -0.7313   -0.0092
    0.2819    0.2512    0.9260
   -0.6748   -0.6341    0.3775
...    33 G-C ...
  -55.3403  -54.1531   62.5948
    0.7543   -0.4479    0.4800
   -0.1607    0.5830    0.7964
   -0.6366   -0.6779    0.3678
...    34 C-G ...
  -57.2237  -56.6279   63.5881
    0.5684   -0.0352    0.8220
   -0.5488    0.7281    0.4107
   -0.6130   -0.6846    0.3945
...    35 C-G ...
  -58.9025  -59.1657   65.0984
    0.2089    0.4046    0.8903
   -0.7739    0.6250   -0.1025
   -0.5979   -0.6676    0.4437
...    36 C-G ...
  -60.6174  -61.5316   66.7467
   -0.1993    0.7129    0.6723
   -0.7721    0.3082   -0.5557
   -0.6034   -0.6299    0.4891
...    37 G-C ...
  -62.9742  -63.6266   67.7497
   -0.5099    0.8303    0.2250
   -0.5418   -0.1068   -0.8337
   -0.6682   -0.5470    0.5043
...    38 A-T ...
  -64.9557  -65.4585   69.3508
   -0.7110    0.6357   -0.3008
   -0.1375   -0.5451   -0.8270
   -0.6897   -0.5466    0.4750
...    39 C-G ...
  -67.3073  -66.7206   71.0878
   -0.6334    0.3156   -0.7066
    0.2234   -0.7996   -0.5574
   -0.7409   -0.5109    0.4359
...    40 A-T ...
  -69.9432  -68.2304   72.4268
   -0.3187   -0.0957   -0.9430
    0.4913   -0.8675   -0.0780
   -0.8106   -0.4882    0.3234
...    41 C-G ...
  -72.9122  -69.4575   73.0826
    0.0138   -0.4857   -0.8740
    0.5603   -0.7202    0.4091
   -0.8282   -0.4954    0.2622
...    42 G-C ...
  -75.3938  -71.4499   74.0125
    0.3764   -0.7802   -0.4997
    0.3898   -0.3559    0.8493
   -0.8405   -0.5144    0.1701
...    43 A-T ...
  -78.0783  -73.0670   74.4853
    0.5251   -0.8463    0.0902
    0.0969    0.1648    0.9816
   -0.8455   -0.5066    0.1685
...    44 C-G ...
  -80.7622  -75.0296   74.4211
    0.5138   -0.6263    0.5863
   -0.2045    0.5743    0.7927
   -0.8332   -0.5272    0.1670
...    45 T-A ...
  -83.3969  -77.5455   74.6339
    0.3104   -0.2201    0.9248
   -0.4383    0.8301    0.3447
   -0.8435   -0.5123    0.1612
...    46 T-A ...
  -85.9176  -79.5950   74.9362
    0.0192    0.2110    0.9773
   -0.5055    0.8454   -0.1726
   -0.8626   -0.4907    0.1229
...    47 A-T ...
  -88.6969  -81.2932   75.5085
   -0.1659    0.6821    0.7122
   -0.4382    0.5960   -0.6729
   -0.8835   -0.4237    0.2001
...    48 C-G ...
  -91.2651  -82.9660   76.6716
   -0.3164    0.9134    0.2563
   -0.2884    0.1647   -0.9432
   -0.9037   -0.3724    0.2113
...    49 T-A ...
  -94.1806  -84.0681   77.8720
   -0.3255    0.9037   -0.2781
   -0.1182   -0.3307   -0.9363
   -0.9381   -0.2719    0.2144
...    50 G-C ...
  -97.5071  -84.5198   78.5315
   -0.1508    0.6319   -0.7602
    0.0206   -0.7669   -0.6415
   -0.9883   -0.1124    0.1027
...    51 T-A ...
 -100.6423  -84.3216   79.0548
   -0.0351    0.2159   -0.9758
    0.0599   -0.9742   -0.2177
   -0.9976   -0.0661    0.0212
...    52 A-T ...
 -103.9045  -83.8890   78.6269
    0.1804   -0.2960   -0.9380
   -0.0214   -0.9546    0.2972
   -0.9834   -0.0336   -0.1786
...    53 G-C ...
 -106.9964  -83.6064   77.7904
    0.2166   -0.7185   -0.6609
   -0.1658   -0.6943    0.7004
   -0.9621   -0.0421   -0.2696
...    54 G-C ...
 -110.1649  -83.4238   75.9488
    0.1337   -0.9756   -0.1741
   -0.2978   -0.2071    0.9319
   -0.9452   -0.0728   -0.3182
...    55 T-A ...
 -113.0717  -83.8166   74.4174
   -0.0676   -0.9436    0.3240
   -0.3357    0.3273    0.8833
   -0.9395   -0.0491   -0.3389
...    56 A-T ...
 -116.0960  -84.1923   72.9688
   -0.2698   -0.5671    0.7782
   -0.2278    0.8228    0.5206
   -0.9356   -0.0369   -0.3512
...    57 T-A ...
 -118.9746  -84.9700   71.5222
   -0.3854   -0.0713    0.9200
   -0.0314    0.9974    0.0642
   -0.9222   -0.0041   -0.3866
...    58 C-G ...
 -122.1222  -85.2647   70.3625
   -0.3217    0.5507    0.7702
    0.2427    0.8343   -0.4951
   -0.9152    0.0277   -0.4021
...    59 T-A ...
 -125.2951  -85.2173   69.3480
   -0.0726    0.8929    0.4444
    0.3784    0.4369   -0.8160
   -0.9228    0.1090   -0.3696
...    60 C-G ...
 -128.4330  -84.7864   68.2571
    0.2259    0.9732   -0.0437
    0.3476   -0.1224   -0.9296
   -0.9100    0.1948   -0.3660
...    61 G-C ...
 -131.1602  -83.8109   66.6757
    0.6142    0.7126   -0.3392
    0.1539   -0.5297   -0.8341
   -0.7740    0.4601   -0.4350
...    62 A-T ...
 -133.6341  -82.1129   65.2421
    0.6669    0.2663   -0.6959
   -0.2243   -0.8189   -0.5283
   -0.7106    0.5084   -0.4864
...    63 G-C ...
 -135.6113  -80.0215   63.5628
    0.5190   -0.2231   -0.8251
   -0.5706   -0.8092   -0.1401
   -0.6364    0.5435   -0.5473
...    64 C-G ...
 -137.2870  -77.8925   61.4910
    0.1161   -0.6639   -0.7387
   -0.7940   -0.5089    0.3325
   -0.5967    0.5480   -0.5863
...    65 T-A ...
 -139.0403  -76.0194   59.4512
   -0.3318   -0.8257   -0.4563
   -0.7613   -0.0513    0.6464
   -0.5571    0.5618   -0.6115
...    66 C-G ...
 -141.0960  -74.2931   57.5709
   -0.7313   -0.6820    0.0112
   -0.4294    0.4730    0.7693
   -0.5299    0.5578   -0.6388
...    67 G-C ...
 -143.1455  -71.7310   56.2801
   -0.8365   -0.2950    0.4618
    0.0672    0.7812    0.6207
   -0.5438    0.5502   -0.6337
...    68 G-C ...
 -144.7854  -69.8881   54.0163
   -0.6286    0.1561    0.7619
    0.5559    0.7753    0.2998
   -0.5439    0.6120   -0.5741
...    69 G-C ...
 -146.6934  -68.0149   52.0060
   -0.1755    0.4729    0.8634
    0.8102    0.5676   -0.1462
   -0.5593    0.6739   -0.4828
...    70 A-T ...
 -148.7101  -65.8836   50.4906
    0.3563    0.6739    0.6472
    0.7680    0.1834   -0.6137
   -0.5323    0.7157   -0.4522
...    71 T-A ...
 -150.7940  -63.5211   49.5559
    0.7233    0.6350    0.2714
    0.4794   -0.1788   -0.8592
   -0.4970    0.7515   -0.4337
...    72 C-G ...
 -152.3196  -60.8910   48.3546
    0.9022    0.3643   -0.2308
   -0.0268   -0.4867   -0.8731
   -0.4304    0.7940   -0.4293
...    73 C-G ...
 -153.5942  -58.1453   47.1090
    0.8166   -0.0441   -0.5755
   -0.4906   -0.5784   -0.6518
   -0.3041    0.8146   -0.4939
...    74 G-C ...
 -154.5962  -55.7209   45.0965
    0.4669   -0.4621   -0.7539
   -0.8679   -0.4028   -0.2906
   -0.1694    0.7901   -0.5892
...    75 C-G ...
 -154.5405  -53.0259   42.9051
   -0.1136   -0.6150   -0.7803
   -0.9854   -0.0303    0.1673
   -0.1265    0.7879   -0.6026
...    76 T-A ...
 -154.6221  -50.6852   40.3061
   -0.6573   -0.5040   -0.5603
   -0.7516    0.3844    0.5360
   -0.0548    0.7734   -0.6315
...    77 T-A ...
 -154.5101  -48.3517   38.0115
   -0.9760   -0.1142   -0.1852
   -0.2163    0.6015    0.7690
    0.0236    0.7907   -0.6118
...    78 T-A ...
 -154.2809  -46.0065   35.7180
   -0.9159    0.3093    0.2558
    0.3895    0.5317    0.7520
    0.0966    0.7885   -0.6075
...    79 A-T ...
 -153.2706  -43.2565   34.1024
   -0.4852    0.6084    0.6280
    0.8591    0.1979    0.4720
    0.1629    0.7685   -0.6187
...    80 A-T ...
 -152.8812  -40.8056   32.1074
    0.0642    0.5950    0.8012
    0.9788   -0.1939    0.0656
    0.1943    0.7800   -0.5949
...    81 C-G ...
 -152.8048  -38.0047   30.2802
    0.5568    0.3710    0.7432
    0.7981   -0.4868   -0.3550
    0.2301    0.7908   -0.5672
...    82 A-T ...
 -151.9525  -35.2530   28.5822
    0.8682   -0.0670    0.4916
    0.3637   -0.5880   -0.7225
    0.3374    0.8061   -0.4862
...    83 C-G ...
 -150.6500  -32.3341   27.6260
    0.9129   -0.4015    0.0734
   -0.1256   -0.4475   -0.8854
    0.3883    0.7991   -0.4590
...    84 T-A ...
 -148.8328  -29.4284   26.5634
    0.6475   -0.6437   -0.4079
   -0.6059   -0.1103   -0.7878
    0.4621    0.7573   -0.4615
...    85 T-A ...
 -147.0097  -27.0267   25.3090
    0.1867   -0.5666   -0.8026
   -0.8616    0.2980   -0.4108
    0.4719    0.7683   -0.4325
...    86 T-A ...
 -145.1765  -24.6574   24.0144
   -0.3247   -0.2688   -0.9068
   -0.8130    0.5692    0.1224
    0.4833    0.7770   -0.4034
...    87 A-T ...
 -143.6742  -21.8094   22.8140
   -0.7496    0.2021   -0.6303
   -0.4157    0.5973    0.6859
    0.5151    0.7761   -0.3638
...    88 T-A ...
 -141.8419  -19.7240   21.0636
   -0.8628    0.4537   -0.2229
   -0.0078    0.4290    0.9033
    0.5055    0.7811   -0.3666
...    89 G-C ...
 -140.3652  -17.1165   19.6405
   -0.7318    0.5481    0.4050
    0.5328    0.0895    0.8415
    0.4250    0.8316   -0.3575
...    90 C-G ...
 -139.3910  -14.2543   18.4002
   -0.3465    0.4645    0.8150
    0.8344   -0.2444    0.4940
    0.4286    0.8512   -0.3029
...    91 T-A ...
 -138.3340  -11.1640   17.3293
    0.1621    0.2060    0.9650
    0.8904   -0.4522   -0.0531
    0.4254    0.8678   -0.2567
...    92 T-A ...
 -137.1266   -8.2860   16.6422
    0.5936   -0.1342    0.7935
    0.6624   -0.4785   -0.5764
    0.4570    0.8678   -0.1951
...    93 C-G ...
 -135.5902   -5.3925   16.3182
    0.8208   -0.4517    0.3495
    0.2277   -0.3024   -0.9256
    0.5238    0.8393   -0.1453
...    94 C-G ...
 -133.8385   -2.6269   16.0556
    0.7464   -0.6470   -0.1560
   -0.2140   -0.0114   -0.9768
    0.6302    0.7624   -0.1469
...    95 G-C ...
 -131.7697   -0.4889   15.3071
    0.4578   -0.6511   -0.6054
   -0.5196    0.3567   -0.7764
    0.7215    0.6700   -0.1750
...    96 G-C ...
 -128.9913    1.2599   14.5273
    0.0554   -0.3903   -0.9190
   -0.6422    0.6909   -0.3321
    0.7646    0.6086   -0.2124
...    97 C-G ...
 -126.1039    2.7346   13.6290
   -0.3309    0.0354   -0.9430
   -0.5477    0.8065    0.2225
    0.7684    0.5901   -0.2475
...    98 T-A ...
 -123.4542    4.4868   12.7312
   -0.5811    0.4507   -0.6777
   -0.2699    0.6789    0.6829
    0.7678    0.5797   -0.2729
...    99 C-G ...
 -120.9932    6.5356   11.9025
   -0.6362    0.7591   -0.1378
    0.1428    0.2914    0.9459
    0.7582    0.5821   -0.2938
...   100 G-C ...
 -118.3532    8.4895   11.4374
   -0.4727    0.7524    0.4588
    0.4853   -0.2123    0.8482
    0.7355    0.6236   -0.2648
...   101 T-A ...
 -116.2630   10.6742   10.0661
   -0.1789    0.5225    0.8336
    0.6374   -0.5839    0.5028
    0.7495    0.6212   -0.2286
...   102 C-G ...
 -113.9033   12.7617    9.4722
    0.1682    0.0741    0.9830
    0.6420   -0.7649   -0.0522
    0.7480    0.6398   -0.1762
...   103 A-T ...
 -111.4665   15.0053    8.8022
    0.3958   -0.4279    0.8126
    0.4827   -0.6558   -0.5805
    0.7813    0.6220   -0.0531
...   104 T-A ...
 -109.0849   17.1951    9.0852
    0.5373   -0.7298    0.4227
    0.2349   -0.3518   -0.9061
    0.8100    0.5862   -0.0176
...   105 G-C ...
 -106.1908   19.0954    9.3209
    0.4820   -0.8589   -0.1732
   -0.0952    0.1451   -0.9848
    0.8710    0.4912   -0.0118
...   106 T-A ...
 -103.1626   20.4215    9.8908
    0.3433   -0.6653   -0.6630
   -0.3228    0.5793   -0.7485
    0.8820    0.4710   -0.0159
...   107 T-A ...
 -100.2593   21.7183    9.9380
    0.0916   -0.2499   -0.9639
   -0.4402    0.8581   -0.2644
    0.8932    0.4486   -0.0314
...   108 A-T ...
  -97.3409   23.3894    9.7641
   -0.2188    0.2954   -0.9300
   -0.3962    0.8441    0.3613
    0.8917    0.4475   -0.0677
...   109 T-A ...
  -94.2605   24.2493    9.1567
   -0.3724    0.6857   -0.6255
   -0.2319    0.5838    0.7781
    0.8987    0.4348   -0.0584
...   110 A-T ...
  -91.2445   25.7927    9.2298
   -0.4388    0.8984   -0.0188
    0.0569    0.0486    0.9972
    0.8968    0.4365   -0.0725
...   111 A-T ...
  -88.4149   27.2206    8.8148
   -0.3306    0.7724    0.5423
    0.2849   -0.4661    0.8376
    0.8997    0.4314   -0.0660
...   112 C-G ...
  -85.6524   29.1342    8.1211
   -0.1203    0.3926    0.9118
    0.4111   -0.8163    0.4058
    0.9036    0.4236   -0.0632
...   113 G-C ...
  -82.6010   30.2807    8.2617
    0.0329   -0.1780    0.9835
    0.4296   -0.8860   -0.1747
    0.9024    0.4283    0.0473
...   114 G-C ...
  -79.7009   31.7324    8.8007
    0.1595   -0.6529    0.7405
    0.3846   -0.6497   -0.6557
    0.9092    0.3893    0.1475
...   115 A-T ...
  -76.7753   33.1463    9.5071
    0.3317   -0.9202    0.2079
    0.2196   -0.1390   -0.9656
    0.9175    0.3659    0.1560
...   116 T-A ...
  -73.8984   34.1745   10.7097
    0.3822   -0.8728   -0.3036
    0.0248    0.3381   -0.9408
    0.9237    0.3521    0.1509
...   117 A-T ...
  -70.6985   35.0892   11.4733
    0.2768   -0.5103   -0.8142
   -0.1962    0.7995   -0.5678
    0.9407    0.3169    0.1212
...   118 T-A ...
  -67.5353   35.4318   12.1197
    0.1422   -0.0460   -0.9888
   -0.3053    0.9482   -0.0880
    0.9416    0.3144    0.1208
...   119 A-T ...
  -64.4385   36.6286   12.4767
   -0.1145    0.4866   -0.8661
   -0.2982    0.8148    0.4972
    0.9476    0.3152    0.0518
...   120 A-T ...
  -61.3059   37.4447   12.3564
   -0.2868    0.8508   -0.4403
   -0.1665    0.4083    0.8975
    0.9434    0.3307    0.0246
...   121 T-A ...
  -58.1682   38.4066   11.7474
   -0.3256    0.9415    0.0872
    0.0138   -0.0875    0.9961
    0.9454    0.3255    0.0155
...   122 G-C ...
  -54.9959   39.6790   11.6382
   -0.3108    0.6889    0.6548
    0.2175   -0.6191    0.7546
    0.9253    0.3769    0.0426
...   123 T-A ...
  -52.1567   41.3274   11.5359
   -0.1608    0.2858    0.9447
    0.3486   -0.8790    0.3252
    0.9234    0.3816    0.0417
...   124 G-C ...
  -49.1170   42.6897   11.7498
    0.0185   -0.2952    0.9553
    0.4008   -0.8731   -0.2776
    0.9160    0.3880    0.1021
...   125 T-A ...
  -46.4027   44.3454   12.3111
    0.1888   -0.7178    0.6702
    0.3333   -0.5951   -0.7313
    0.9238    0.3614    0.1269
...   126 C-G ...
  -43.4801   45.4856   12.7975
    0.3483   -0.9302    0.1162
    0.1621   -0.0623   -0.9848
    0.9233    0.3618    0.1291
...   127 G-C ...
  -40.3551   46.5279   12.7249
    0.2067   -0.8898   -0.4068
   -0.0164    0.4126   -0.9108
    0.9783    0.1950    0.0707
...   128 A-T ...
  -37.2986   47.2268   13.0588
    0.1406   -0.4926   -0.8589
   -0.1541    0.8460   -0.5104
    0.9780    0.2041    0.0430
...   129 C-G ...
  -34.0292   47.1291   13.4505
   -0.0138    0.0105   -0.9998
   -0.1889    0.9819    0.0129
    0.9819    0.1890   -0.0116
...   130 C-G ...
  -30.6658   47.2835   12.8391
   -0.2296    0.4839   -0.8444
   -0.1036    0.8505    0.5156
    0.9677    0.2059   -0.1452
...   131 A-T ...
  -27.5831   48.5719   12.4979
   -0.3681    0.8404   -0.3979
    0.0873    0.4572    0.8850
    0.9257    0.2911   -0.2417
...   132 A-T ...
  -24.6403   49.5995   11.4646
   -0.2509    0.9520    0.1753
    0.2994   -0.0958    0.9493
    0.9205    0.2907   -0.2610
...   133 A-T ...
  -21.7796   50.6332   10.2291
    0.0271    0.7258    0.6874
    0.3793   -0.6437    0.6647
    0.9249    0.2427   -0.2927
...   134 T-A ...
  -19.0158   52.0243    8.9251
    0.2452    0.2905    0.9249
    0.3073   -0.9281    0.2101
    0.9195    0.2328   -0.3169
...   135 G-C ...
  -16.4636   53.8823    7.5154
    0.5339   -0.3333    0.7771
    0.0346   -0.9097   -0.4139
    0.8449    0.2479   -0.4741
...   136 T-A ...
  -14.1748   56.5546    6.1809
    0.5795   -0.7269    0.3685
   -0.3141   -0.6164   -0.7221
    0.7521    0.3026   -0.5855
...   137 G-C ...
  -11.6537   57.9991    4.7206
    0.2452   -0.9542   -0.1714
   -0.6323   -0.0234   -0.7744
    0.7349    0.2983   -0.6091
...   138 A-T ...
   -8.6757   58.7132    3.6026
   -0.0345   -0.7815   -0.6229
   -0.6536    0.4891   -0.5775
    0.7560    0.3872   -0.5277
...   139 G-C ...
   -6.3274   59.0726    1.6298
   -0.2969   -0.3279   -0.8968
   -0.5657    0.8171   -0.1114
    0.7693    0.4742   -0.4281
...   140 C-G ...
   -3.4368   60.2277    1.0288
   -0.4426    0.2287   -0.8671
   -0.1681    0.9286    0.3308
    0.8808    0.2922   -0.3725
...   141 G-C ...
   -0.6975   63.8910   -2.2508
   -0.9992    0.0157   -0.0376
   -0.0024    0.8991    0.4378
    0.0407    0.4375   -0.8983
...   142 C-G ...
   -1.0063   65.5987   -4.9399
   -0.8337    0.5216    0.1813
    0.5170    0.6219    0.5881
    0.1940    0.5841   -0.7882
...   143 T-A ...
   -0.1331   66.2083   -7.8195
   -0.3753    0.8566    0.3540
    0.8856    0.2187    0.4098
    0.2736    0.4673   -0.8407
...   144 C-G ...
   -0.1664   67.4019  -10.8066
    0.1798    0.8793    0.4411
    0.9277   -0.3007    0.2214
    0.3273    0.3694   -0.8697
...   145 A-T ...
    0.5268   69.2311  -13.4658
    0.7352    0.4964    0.4616
    0.6118   -0.7791   -0.1367
    0.2918    0.3829   -0.8765
...   146 C-G ...
    1.4340   72.0891  -15.6017
    0.9809    0.0621    0.1844
    0.1264   -0.9240   -0.3608
    0.1480    0.3772   -0.9142
...   147 A-T ...
    2.3049   74.2221  -18.3861
    0.8657   -0.4292   -0.2575
   -0.4984   -0.7868   -0.3642
   -0.0463    0.4436   -0.8950
