  147 base-pairs
...     1 A-T ...
    0.0000    0.0000    0.0000
    1.0000    0.0000    0.0000
    0.0000    1.0000    0.0000
    0.0000    0.0000    1.0000
...     2 G-C ...
   -0.1394   -1.2357    3.2268
    0.7529    0.6366    0.1670
   -0.6386    0.7680   -0.0486
   -0.1592   -0.0700    0.9848
...     3 T-A ...
   -0.0365   -3.2932    6.3751
    0.2722    0.9301    0.2466
   -0.9238    0.3243   -0.2033
   -0.2691   -0.1725    0.9475
...     4 G-C ...
   -0.3505   -4.1660    9.4928
   -0.3756    0.9250    0.0579
   -0.8781   -0.3352   -0.3415
   -0.2965   -0.1791    0.9381
...     5 A-T ...
   -0.4462   -4.1476   12.7498
   -0.8116    0.5840   -0.0165
   -0.5523   -0.7762   -0.3042
   -0.1905   -0.2378    0.9524
...     6 G-C ...
   -1.5908   -4.1730   15.6201
   -0.9976    0.0246   -0.0651
   -0.0043   -0.9555   -0.2950
   -0.0695   -0.2940    0.9533
...     7 C-G ...
   -1.1030   -4.4824   18.7362
   -0.8441   -0.5304   -0.0787
    0.5345   -0.8441   -0.0432
   -0.0435   -0.0785    0.9960
...     8 G-C ...
   -2.4028   -7.7290   23.1475
   -0.2754   -0.3293   -0.9032
    0.6650   -0.7437    0.0684
   -0.6942   -0.5818    0.4238
...     9 C-G ...
   -4.4690   -9.9728   24.1132
    0.1145   -0.7025   -0.7024
    0.8512   -0.2952    0.4340
   -0.5122   -0.6476    0.5642
...    10 T-A ...
   -6.7405  -10.8752   25.9697
    0.4841   -0.8363   -0.2574
    0.6595    0.1553    0.7355
   -0.5751   -0.5258    0.6267
...    11 C-G ...
   -9.1656  -12.6208   27.1640
    0.7073   -0.6682    0.2307
    0.3448    0.6110    0.7126
   -0.6171   -0.4245    0.6626
...    12 A-T ...
  -10.9234  -14.6633   29.0693
    0.7515   -0.1377    0.6452
   -0.2029    0.8824    0.4246
   -0.6277   -0.4500    0.6352
...    13 C-G ...
  -11.8476  -17.4863   31.2451
    0.4295    0.2823    0.8578
   -0.5708    0.8209    0.0156
   -0.6998   -0.4963    0.5137
...    14 A-T ...
  -13.5897  -19.7827   33.4259
   -0.1504    0.6104    0.7777
   -0.6874    0.5008   -0.5260
   -0.7106   -0.6136    0.3443
...    15 A-T ...
  -15.7116  -21.8013   34.8042
   -0.4885    0.7975    0.3540
   -0.5002    0.0765   -0.8625
   -0.7149   -0.5984    0.3616
...    16 T-A ...
  -17.7646  -23.6131   36.6173
   -0.6628    0.7388   -0.1218
   -0.1999   -0.3314   -0.9221
   -0.7216   -0.5868    0.3674
...    17 T-A ...
  -20.0803  -25.3452   38.0827
   -0.6596    0.4348   -0.6131
    0.1945   -0.6892   -0.6980
   -0.7260   -0.5796    0.3700
...    18 T-A ...
  -22.5236  -26.9723   39.4623
   -0.4418   -0.0220   -0.8968
    0.5247   -0.8172   -0.2384
   -0.7276   -0.5759    0.3726
...    19 A-T ...
  -24.9229  -28.9378   40.6378
   -0.0241   -0.4571   -0.8891
    0.6684   -0.6687    0.3257
   -0.7434   -0.5864    0.3217
...    20 T-A ...
  -27.7673  -30.4523   41.3051
    0.3111   -0.7296   -0.6090
    0.5912   -0.3532    0.7251
   -0.7441   -0.5856    0.3215
...    21 T-A ...
  -30.3302  -32.2772   42.0951
    0.5838   -0.8058   -0.0991
    0.3190    0.1155    0.9407
   -0.7466   -0.5808    0.3245
...    22 C-G ...
  -32.7242  -34.2779   43.0531
    0.6849   -0.5739    0.4490
   -0.0811    0.5524    0.8296
   -0.7241   -0.6046    0.3318
...    23 G-C ...
  -35.0850  -36.1049   44.5045
    0.6092   -0.1136    0.7849
   -0.4566    0.7589    0.4643
   -0.6484   -0.6412    0.4104
...    24 C-G ...
  -36.8839  -38.5336   45.8216
    0.3048    0.3391    0.8900
   -0.7172    0.6966   -0.0197
   -0.6266   -0.6323    0.4555
...    25 A-T ...
  -38.9744  -40.5472   47.4289
   -0.0682    0.7301    0.6799
   -0.7866    0.3799   -0.4868
   -0.6137   -0.5680    0.5483
...    26 A-T ...
  -40.7370  -42.3968   49.4234
   -0.4839    0.8245    0.2932
   -0.6189   -0.0856   -0.7808
   -0.6187   -0.5593    0.5517
...    27 A-T ...
  -42.6153  -44.0753   51.4602
   -0.7352    0.6498   -0.1929
   -0.2520   -0.5263   -0.8121
   -0.6292   -0.5484    0.5507
...    28 G-C ...
  -44.7102  -45.5907   53.5054
   -0.7104    0.3360   -0.6185
    0.1453   -0.7898   -0.5959
   -0.6887   -0.5132    0.5122
...    29 G-C ...
  -47.2441  -46.9379   55.2654
   -0.4598   -0.0772   -0.8847
    0.4717   -0.8653   -0.1697
   -0.7524   -0.4953    0.4342
...    30 C-G ...
  -49.9997  -48.1998   56.5443
   -0.0999   -0.4983   -0.8612
    0.6256   -0.7045    0.3351
   -0.7737   -0.5053    0.3821
...    31 C-G ...
  -52.7911  -49.8338   57.4510
    0.3091   -0.7521   -0.5821
    0.5538   -0.3552    0.7531
   -0.7732   -0.5551    0.3067
...    32 G-C ...
  -55.0637  -51.9261   58.6816
    0.6316   -0.7686   -0.1019
    0.2567    0.0832    0.9629
   -0.7316   -0.6343    0.2498
...    33 G-C ...
  -57.4128  -54.2794   59.2110
    0.7170   -0.5620    0.4124
   -0.1422    0.4613    0.8758
   -0.6824   -0.6865    0.2509
...    34 C-G ...
  -59.4561  -56.8214   59.7815
    0.5472   -0.2029    0.8120
   -0.5133    0.6850    0.5170
   -0.6612   -0.6997    0.2707
...    35 C-G ...
  -61.4023  -59.4235   60.6989
    0.2345    0.2428    0.9413
   -0.7320    0.6813    0.0066
   -0.6397   -0.6906    0.3375
...    36 C-G ...
  -63.2604  -61.9376   61.9856
   -0.1345    0.6219    0.7714
   -0.7464    0.4485   -0.4916
   -0.6517   -0.6420    0.4039
...    37 G-C ...
  -65.6525  -63.9237   63.1480
   -0.4248    0.8426    0.3310
   -0.5598    0.0428   -0.8275
   -0.7115   -0.5368    0.4535
...    38 A-T ...
  -67.9044  -65.6519   64.7327
   -0.6222    0.7510   -0.2209
   -0.2227   -0.4404   -0.8698
   -0.7505   -0.4920    0.4413
...    39 C-G ...
  -70.3097  -66.7980   66.6344
   -0.6076    0.4555   -0.6506
    0.1086   -0.7639   -0.6362
   -0.7868   -0.4572    0.4147
...    40 A-T ...
  -73.0290  -68.2336   67.9109
   -0.3405    0.0406   -0.9394
    0.3727   -0.9114   -0.1745
   -0.8632   -0.4095    0.2951
...    41 C-G ...
  -76.1159  -68.9684   68.7324
   -0.0672   -0.4052   -0.9117
    0.4676   -0.8200    0.3300
   -0.8814   -0.4042    0.2446
...    42 G-C ...
  -78.8655  -70.7119   69.3996
    0.2908   -0.7372   -0.6099
    0.3621   -0.5052    0.7833
   -0.8856   -0.4487    0.1200
...    43 A-T ...
  -81.7582  -72.2325   69.6020
    0.4602   -0.8867   -0.0439
    0.1012    0.0033    0.9949
   -0.8820   -0.4623    0.0913
...    44 C-G ...
  -84.5850  -73.9616   69.2798
    0.4483   -0.7562    0.4767
   -0.1644    0.4544    0.8755
   -0.8786   -0.4709    0.0794
...    45 T-A ...
  -87.3310  -75.8154   69.3747
    0.3181   -0.3965    0.8612
   -0.3842    0.7765    0.4994
   -0.8667   -0.4898    0.0947
...    46 T-A ...
  -90.0061  -77.6690   69.5199
    0.0141    0.0976    0.9951
   -0.4769    0.8754   -0.0791
   -0.8789   -0.4734    0.0589
...    47 A-T ...
  -92.9698  -79.1652   69.6834
   -0.2262    0.6090    0.7603
   -0.3809    0.6631   -0.6444
   -0.8965   -0.4353    0.0819
...    48 C-G ...
  -95.6846  -80.8465   70.4679
   -0.3453    0.8807    0.3242
   -0.2056    0.2661   -0.9418
   -0.9157   -0.3919    0.0892
...    49 T-A ...
  -98.6924  -82.0072   71.1224
   -0.3062    0.9308   -0.1997
   -0.0120   -0.2135   -0.9769
   -0.9519   -0.2967    0.0766
...    50 G-C ...
 -101.9577  -82.6813   71.3210
   -0.1009    0.7199   -0.6867
    0.1171   -0.6769   -0.7268
   -0.9880   -0.1538   -0.0159
...    51 T-A ...
 -105.2021  -82.5683   71.5184
    0.0381    0.2961   -0.9544
    0.1281   -0.9486   -0.2892
   -0.9910   -0.1112   -0.0741
...    52 A-T ...
 -108.4724  -82.5749   70.9658
    0.2443   -0.2328   -0.9413
    0.0179   -0.9695    0.2444
   -0.9695   -0.0765   -0.2327
...    53 G-C ...
 -111.5984  -82.5358   69.9137
    0.2737   -0.6933   -0.6667
   -0.1611   -0.7164    0.6788
   -0.9482   -0.0784   -0.3078
...    54 G-C ...
 -114.5938  -82.8809   68.3945
    0.1901   -0.9654   -0.1785
   -0.3418   -0.2356    0.9098
   -0.9203   -0.1120   -0.3747
...    55 T-A ...
 -117.3641  -83.2885   66.5700
   -0.0284   -0.9461    0.3226
   -0.4002    0.3064    0.8637
   -0.9160   -0.1046   -0.3874
...    56 A-T ...
 -120.6307  -83.1105   65.6281
   -0.3717   -0.5209    0.7684
   -0.2467    0.8534    0.4592
   -0.8950   -0.0189   -0.4457
...    57 T-A ...
 -123.4194  -83.8122   63.9725
   -0.4692   -0.0116    0.8830
   -0.0014    0.9999    0.0123
   -0.8831    0.0045   -0.4691
...    58 C-G ...
 -126.2826  -83.9045   62.3612
   -0.3490    0.5755    0.7396
    0.3023    0.8162   -0.4924
   -0.8870    0.0517   -0.4589
...    59 T-A ...
 -129.3409  -83.8351   61.1232
   -0.0612    0.9030    0.4253
    0.4513    0.4051   -0.7951
   -0.8903    0.1433   -0.4323
...    60 C-G ...
 -132.2684  -83.3399   59.8092
    0.2855    0.9567   -0.0570
    0.4060   -0.1747   -0.8970
   -0.8681    0.2329   -0.4383
...    61 G-C ...
 -134.9694  -82.3593   58.1349
    0.6183    0.6629   -0.4222
    0.1559   -0.6299   -0.7609
   -0.7703    0.4046   -0.4928
...    62 A-T ...
 -137.3074  -80.8191   56.4992
    0.6590    0.1580   -0.7354
   -0.2555   -0.8726   -0.4164
   -0.7075    0.4623   -0.5346
...    63 G-C ...
 -139.3457  -78.9566   54.7015
    0.4887   -0.3472   -0.8004
   -0.5979   -0.8014   -0.0175
   -0.6354    0.4871   -0.5992
...    64 C-G ...
 -140.9620  -77.1797   52.4183
    0.1044   -0.7396   -0.6649
   -0.8031   -0.4571    0.3823
   -0.5867    0.4940   -0.6417
...    65 T-A ...
 -142.5747  -75.5640   50.0104
   -0.3324   -0.8749   -0.3521
   -0.7640    0.0309    0.6445
   -0.5530    0.4832   -0.6787
...    66 C-G ...
 -144.3294  -74.0638   47.6537
   -0.7398   -0.6673    0.0861
   -0.4146    0.5529    0.7228
   -0.5299    0.4990   -0.6857
...    67 G-C ...
 -146.1169  -71.9920   45.7391
   -0.8218   -0.2482    0.5129
    0.0956    0.8273    0.5535
   -0.5617    0.5040   -0.6562
...    68 G-C ...
 -147.9330  -70.4671   43.3300
   -0.5994    0.2126    0.7717
    0.5494    0.8104    0.2035
   -0.5821    0.5459   -0.6026
...    69 G-C ...
 -149.9814  -68.8644   41.1807
   -0.1554    0.5566    0.8161
    0.8042    0.5510   -0.2227
   -0.5736    0.6218   -0.5332
...    70 A-T ...
 -151.8937  -66.9183   39.4271
    0.3706    0.7183    0.5888
    0.7612    0.1284   -0.6357
   -0.5322    0.6838   -0.4992
...    71 T-A ...
 -153.9633  -64.6461   38.3725
    0.7212    0.6520    0.2341
    0.4847   -0.2334   -0.8430
   -0.4950    0.7214   -0.4843
...    72 C-G ...
 -155.4243  -62.1536   36.9287
    0.9120    0.3402   -0.2290
   -0.0145   -0.5312   -0.8472
   -0.4098    0.7760   -0.4795
...    73 C-G ...
 -156.3106  -59.2287   35.5298
    0.8152   -0.0823   -0.5733
   -0.5086   -0.5753   -0.6406
   -0.2771    0.8138   -0.5109
...    74 G-C ...
 -156.9605  -56.7515   33.3850
    0.4365   -0.4760   -0.7634
   -0.8909   -0.3473   -0.2929
   -0.1257    0.8079   -0.5757
...    75 C-G ...
 -156.8269  -54.1514   31.3234
   -0.1158   -0.6072   -0.7861
   -0.9904    0.0108    0.1375
   -0.0750    0.7945   -0.6026
...    76 T-A ...
 -156.7340  -51.6652   29.1214
   -0.6260   -0.5149   -0.5857
   -0.7784    0.3667    0.5095
   -0.0476    0.7749   -0.6303
...    77 T-A ...
 -156.5591  -49.2748   26.8958
   -0.9643   -0.1430   -0.2230
   -0.2641    0.5848    0.7670
    0.0207    0.7985   -0.6017
...    78 T-A ...
 -156.3377  -46.8791   24.6850
   -0.9337    0.2735    0.2312
    0.3470    0.5316    0.7727
    0.0884    0.8017   -0.5912
...    79 A-T ...
 -155.6161  -44.0742   22.9644
   -0.5073    0.5541    0.6600
    0.8517    0.2057    0.4819
    0.1313    0.8066   -0.5763
...    80 A-T ...
 -155.3963  -41.4755   21.0443
    0.0602    0.5564    0.8288
    0.9858   -0.1633    0.0380
    0.1565    0.8147   -0.5583
...    81 C-G ...
 -155.4306  -38.6441   19.4139
    0.5466    0.3386    0.7659
    0.8146   -0.4271   -0.3926
    0.1942    0.8384   -0.5092
...    82 A-T ...
 -154.6410  -35.7862   17.8529
    0.8566   -0.0895    0.5081
    0.4002   -0.5062   -0.7639
    0.3256    0.8578   -0.3978
...    83 C-G ...
 -153.5726  -32.7673   17.2128
    0.9165   -0.3931    0.0742
   -0.0801   -0.3621   -0.9287
    0.3920    0.8452   -0.3634
...    84 T-A ...
 -151.9489  -30.0195   16.3821
    0.7053   -0.5951   -0.3851
   -0.5133   -0.0540   -0.8565
    0.4889    0.8018   -0.3436
...    85 T-A ...
 -150.1227  -27.4943   15.4845
    0.2922   -0.5216   -0.8016
   -0.8082    0.3135   -0.4985
    0.5113    0.7935   -0.3299
...    86 T-A ...
 -148.1622  -25.0722   14.5412
   -0.2059   -0.2195   -0.9536
   -0.8224    0.5670    0.0471
    0.5304    0.7939   -0.2973
...    87 A-T ...
 -146.6666  -22.1263   13.8121
   -0.6491    0.2482   -0.7190
   -0.5030    0.5690    0.6505
    0.5706    0.7840   -0.2445
...    88 T-A ...
 -144.5383  -19.9488   12.4873
   -0.7966    0.5303   -0.2902
   -0.1048    0.3515    0.9303
    0.5954    0.7715   -0.2244
...    89 G-C ...
 -142.5695  -17.3166   12.0551
   -0.7483    0.5847    0.3133
    0.3705   -0.0233    0.9285
    0.5502    0.8109   -0.1992
...    90 C-G ...
 -140.9265  -14.6200   11.0574
   -0.4531    0.4395    0.7756
    0.7076   -0.3520    0.6128
    0.5423    0.8264   -0.1515
...    91 T-A ...
 -139.4154  -11.7252   10.5770
   -0.0655    0.1278    0.9896
    0.8387   -0.5303    0.1240
    0.5407    0.8381   -0.0724
...    92 T-A ...
 -137.8557   -8.9010   10.4242
    0.3849   -0.2227    0.8957
    0.7342   -0.5142   -0.4434
    0.5593    0.8282   -0.0344
...    93 C-G ...
 -136.0244   -6.2165   10.5128
    0.6930   -0.5336    0.4848
    0.3973   -0.2784   -0.8744
    0.6016    0.7986    0.0191
...    94 T-A ...
 -133.9688   -3.6909   11.0223
    0.7415   -0.6702   -0.0328
    0.0167    0.0673   -0.9976
    0.6708    0.7391    0.0610
...    95 C-G ...
 -131.5992   -1.4708   11.3191
    0.5851   -0.5432   -0.6021
   -0.3849    0.4675   -0.7958
    0.7138    0.6974    0.0644
...    96 A-T ...
 -129.1460    0.7767   11.3825
    0.2025   -0.2529   -0.9461
   -0.6020    0.7298   -0.3239
    0.7724    0.6352   -0.0045
...    97 T-A ...
 -126.2015    2.2763   11.4401
   -0.1205    0.1597   -0.9798
   -0.6166    0.7614    0.2000
    0.7780    0.6282    0.0067
...    98 G-C ...
 -123.7978    4.5608   11.4237
   -0.5010    0.5292   -0.6848
   -0.4133    0.5489    0.7265
    0.7604    0.6471   -0.0563
...    99 T-A ...
 -121.1260    6.4183   10.7015
   -0.6507    0.7321   -0.2016
   -0.0915    0.1879    0.9779
    0.7538    0.6548   -0.0553
...   100 T-A ...
 -118.6574    8.4844   10.2317
   -0.5694    0.7218    0.3935
    0.2851   -0.2755    0.9180
    0.7710    0.6349   -0.0489
...   101 A-T ...
 -115.9754   10.4758   10.2760
   -0.3115    0.3884    0.8673
    0.5645   -0.6585    0.4976
    0.7644    0.6446   -0.0141
...   102 T-A ...
 -113.9379   13.0458   10.0843
    0.0043   -0.0024    1.0000
    0.6402   -0.7682   -0.0046
    0.7682    0.6402   -0.0017
...   103 A-T ...
 -111.3909   15.1753   10.2757
    0.2823   -0.5013    0.8179
    0.5429   -0.6194   -0.5670
    0.7909    0.6042    0.0973
...   104 A-T ...
 -108.9235   17.1890   10.8496
    0.5146   -0.7779    0.3607
    0.3000   -0.2307   -0.9256
    0.8032    0.5845    0.1146
...   105 C-G ...
 -106.3763   19.0039   11.8906
    0.5595   -0.8109   -0.1714
    0.0096    0.2131   -0.9770
    0.8288    0.5449    0.1270
...   106 G-C ...
 -103.4955   20.6911   11.9763
    0.3672   -0.6238   -0.6899
   -0.2478    0.6493   -0.7190
    0.8965    0.4350    0.0838
...   107 G-C ...
 -100.2853   21.7170   12.2850
    0.1011   -0.2122   -0.9720
   -0.3680    0.8997   -0.2347
    0.9243    0.3814    0.0128
...   108 A-T ...
  -97.1995   22.8307   12.2687
   -0.1570    0.3463   -0.9249
   -0.3405    0.8601    0.3799
    0.9270    0.3746   -0.0171
...   109 C-G ...
  -93.9963   23.5796   11.7980
   -0.3282    0.7386   -0.5889
   -0.1952    0.5569    0.8073
    0.9242    0.3799   -0.0386
...   110 G-C ...
  -91.0192   25.0921   12.0099
   -0.4605    0.8871   -0.0299
    0.0487    0.0588    0.9971
    0.8863    0.4577   -0.0703
...   111 G-C ...
  -88.1264   26.7474   11.5168
   -0.4214    0.7414    0.5223
    0.3049   -0.4266    0.8515
    0.8541    0.5181   -0.0463
...   112 C-G ...
  -85.5041   28.7342   11.1213
   -0.2208    0.3677    0.9034
    0.4894   -0.7594    0.4287
    0.8437    0.5367   -0.0122
...   113 T-A ...
  -82.9110   30.7946   11.1756
    0.0203   -0.1169    0.9929
    0.5430   -0.8326   -0.1091
    0.8395    0.5413    0.0466
...   114 C-G ...
  -80.2101   32.6271   11.4423
    0.3011   -0.6012    0.7402
    0.4331   -0.6053   -0.6678
    0.8495    0.5217    0.0781
...   115 G-C ...
  -77.2109   34.0953   11.5316
    0.3798   -0.8937    0.2389
    0.2183   -0.1644   -0.9619
    0.8989    0.4175    0.1327
...   116 T-A ...
  -74.3366   35.3270   12.5997
    0.3999   -0.8669   -0.2974
   -0.0050    0.3224   -0.9466
    0.9165    0.3801    0.1246
...   117 A-T ...
  -71.2111   36.3962   13.0360
    0.2362   -0.5665   -0.7895
   -0.2023    0.7660   -0.6101
    0.9504    0.3038    0.0664
...   118 T-A ...
  -67.9791   36.7544   13.5059
    0.0902   -0.1116   -0.9896
   -0.2876    0.9484   -0.1332
    0.9535    0.2967    0.0535
...   119 A-T ...
  -64.7971   37.7337   13.5575
   -0.1652    0.4314   -0.8869
   -0.2562    0.8496    0.4610
    0.9524    0.3034   -0.0298
...   120 A-T ...
  -61.6682   38.5297   13.2393
   -0.2824    0.8357   -0.4711
   -0.1096    0.4598    0.8813
    0.9530    0.3005   -0.0382
...   121 T-A ...
  -58.5752   39.3347   12.4424
   -0.2972    0.9540    0.0382
    0.0528   -0.0235    0.9983
    0.9533    0.2988   -0.0434
...   122 G-C ...
  -55.4516   40.4602   12.5872
   -0.2873    0.7430    0.6045
    0.2446   -0.5533    0.7963
    0.9261    0.3766   -0.0228
...   123 T-A ...
  -52.6370   42.1756   12.1719
   -0.1321    0.3371    0.9322
    0.3624   -0.8589    0.3620
    0.9226    0.3856   -0.0087
...   124 G-C ...
  -49.5042   43.2645   12.3631
    0.0283   -0.2441    0.9693
    0.3908   -0.8899   -0.2355
    0.9201    0.3854    0.0702
...   125 T-A ...
  -46.7261   44.9982   12.9410
    0.2071   -0.6814    0.7020
    0.3137   -0.6334   -0.7074
    0.9267    0.3667    0.0826
...   126 C-G ...
  -43.7083   46.2207   13.3352
    0.3188   -0.9353    0.1533
    0.1309   -0.1168   -0.9845
    0.9387    0.3339    0.0852
...   127 G-C ...
  -40.5417   47.2809   13.2940
    0.2121   -0.8832   -0.4183
   -0.0545    0.4167   -0.9074
    0.9757    0.2153    0.0402
...   128 A-T ...
  -37.3450   47.8949   13.5071
    0.0856   -0.4947   -0.8648
   -0.1611    0.8497   -0.5020
    0.9832    0.1823   -0.0070
...   129 C-G ...
  -34.0600   47.8488   13.6072
   -0.0588    0.0013   -0.9983
   -0.1660    0.9861    0.0110
    0.9844    0.1663   -0.0577
...   130 C-G ...
  -30.7367   48.0827   13.1146
   -0.2403    0.5056   -0.8286
   -0.0711    0.8422    0.5345
    0.9681    0.1874   -0.1664
...   131 A-T ...
  -27.5605   48.8753   12.4949
   -0.3445    0.8632   -0.3691
    0.1280    0.4327    0.8924
    0.9300    0.2602   -0.2596
...   132 A-T ...
  -24.6356   49.7066   11.3621
   -0.2057    0.9579    0.2003
    0.3148   -0.1290    0.9403
    0.9266    0.2565   -0.2750
...   133 A-T ...
  -21.7522   50.6777   10.2124
    0.0358    0.7184    0.6947
    0.3805   -0.6525    0.6553
    0.9241    0.2409   -0.2967
...   134 T-A ...
  -19.0159   52.0244    8.9249
    0.2452    0.2905    0.9249
    0.3073   -0.9281    0.2101
    0.9195    0.2328   -0.3169
...   135 G-C ...
  -16.4637   53.8824    7.5152
    0.5339   -0.3333    0.7771
    0.0346   -0.9097   -0.4139
    0.8449    0.2479   -0.4741
...   136 T-A ...
  -14.1749   56.5547    6.1807
    0.5795   -0.7269    0.3685
   -0.3141   -0.6164   -0.7221
    0.7521    0.3026   -0.5855
...   137 G-C ...
  -11.6538   57.9992    4.7203
    0.2452   -0.9542   -0.1714
   -0.6323   -0.0234   -0.7744
    0.7349    0.2983   -0.6091
...   138 A-T ...
   -8.6758   58.7133    3.6024
   -0.0345   -0.7815   -0.6229
   -0.6536    0.4891   -0.5775
    0.7560    0.3872   -0.5277
...   139 G-C ...
   -6.3274   59.0727    1.6296
   -0.2969   -0.3279   -0.8968
   -0.5657    0.8171   -0.1114
    0.7693    0.4742   -0.4281
...   140 C-G ...
   -3.4369   60.2279    1.0286
   -0.4426    0.2287   -0.8671
   -0.1681    0.9286    0.3308
    0.8808    0.2922   -0.3725
...   141 G-C ...
   -0.6976   63.8911   -2.2510
   -0.9992    0.0157   -0.0376
   -0.0024    0.8991    0.4378
    0.0407    0.4375   -0.8983
...   142 C-G ...
   -1.0064   65.5988   -4.9402
   -0.8337    0.5216    0.1813
    0.5170    0.6219    0.5881
    0.1940    0.5840   -0.7882
...   143 T-A ...
   -0.1332   66.2084   -7.8197
   -0.3753    0.8566    0.3540
    0.8856    0.2187    0.4098
    0.2736    0.4673   -0.8407
...   144 C-G ...
   -0.1666   67.4020  -10.8068
    0.1797    0.8793    0.4411
    0.9277   -0.3007    0.2214
    0.3273    0.3694   -0.8697
...   145 A-T ...
    0.5267   69.2312  -13.4660
    0.7352    0.4964    0.4616
    0.6118   -0.7791   -0.1367
    0.2918    0.3829   -0.8765
...   146 C-G ...
    1.4338   72.0892  -15.6020
    0.9809    0.0621    0.1844
    0.1264   -0.9240   -0.3608
    0.1480    0.3772   -0.9142
...   147 A-T ...
    2.3047   74.2222  -18.3864
    0.8657   -0.4292   -0.2575
   -0.4984   -0.7868   -0.3642
   -0.0463    0.4436   -0.8950
