  147 base-pairs
...     1 A-T ...
    0.0000    0.0000    0.0000
    1.0000    0.0000    0.0000
    0.0000    1.0000    0.0000
    0.0000    0.0000    1.0000
...     2 G-C ...
   -0.1394   -1.2357    3.2268
    0.7529    0.6366    0.1670
   -0.6386    0.7680   -0.0486
   -0.1592   -0.0700    0.9848
...     3 T-A ...
   -0.0365   -3.2932    6.3751
    0.2722    0.9301    0.2466
   -0.9238    0.3243   -0.2033
   -0.2691   -0.1725    0.9475
...     4 G-C ...
   -0.3505   -4.1660    9.4928
   -0.3756    0.9250    0.0579
   -0.8781   -0.3352   -0.3415
   -0.2965   -0.1791    0.9381
...     5 A-T ...
   -0.4462   -4.1476   12.7498
   -0.8116    0.5840   -0.0165
   -0.5523   -0.7762   -0.3042
   -0.1905   -0.2378    0.9524
...     6 G-C ...
   -1.5908   -4.1730   15.6201
   -0.9976    0.0246   -0.0651
   -0.0043   -0.9555   -0.2950
   -0.0695   -0.2940    0.9533
...     7 C-G ...
   -1.1030   -4.4824   18.7362
   -0.8441   -0.5304   -0.0787
    0.5345   -0.8441   -0.0432
   -0.0435   -0.0785    0.9960
...     8 G-C ...
   -2.4028   -7.7290   23.1475
   -0.2754   -0.3293   -0.9032
    0.6650   -0.7437    0.0684
   -0.6942   -0.5818    0.4238
...     9 C-G ...
   -4.4690   -9.9728   24.1132
    0.1145   -0.7025   -0.7024
    0.8512   -0.2952    0.4340
   -0.5122   -0.6476    0.5642
...    10 T-A ...
   -6.7405  -10.8752   25.9697
    0.4841   -0.8363   -0.2574
    0.6595    0.1553    0.7355
   -0.5751   -0.5258    0.6267
...    11 C-G ...
   -9.1656  -12.6208   27.1640
    0.7073   -0.6682    0.2307
    0.3448    0.6110    0.7126
   -0.6171   -0.4245    0.6626
...    12 A-T ...
  -10.9234  -14.6633   29.0693
    0.7515   -0.1377    0.6452
   -0.2029    0.8824    0.4246
   -0.6277   -0.4500    0.6352
...    13 C-G ...
  -11.8476  -17.4863   31.2451
    0.4295    0.2823    0.8578
   -0.5708    0.8209    0.0156
   -0.6998   -0.4963    0.5137
...    14 A-T ...
  -13.5897  -19.7827   33.4259
   -0.1504    0.6104    0.7777
   -0.6874    0.5008   -0.5260
   -0.7106   -0.6136    0.3443
...    15 A-T ...
  -15.7136  -21.7969   34.8044
   -0.4860    0.7991    0.3538
   -0.5013    0.0768   -0.8619
   -0.7159   -0.5962    0.3633
...    16 T-A ...
  -17.7692  -23.5985   36.6220
   -0.6598    0.7415   -0.1217
   -0.2031   -0.3319   -0.9212
   -0.7235   -0.5831    0.3696
...    17 T-A ...
  -20.0919  -25.3151   38.0924
   -0.6579    0.4379   -0.6127
    0.1888   -0.6916   -0.6971
   -0.7291   -0.5743    0.3723
...    18 T-A ...
  -22.5444  -26.9219   39.4786
   -0.4439   -0.0208   -0.8959
    0.5181   -0.8217   -0.2376
   -0.7311   -0.5696    0.3755
...    19 A-T ...
  -24.9483  -28.8746   40.6666
   -0.0309   -0.4625   -0.8861
    0.6640   -0.6721    0.3277
   -0.7471   -0.5782    0.3278
...    20 T-A ...
  -27.8044  -30.3598   41.3544
    0.3020   -0.7372   -0.6045
    0.5907   -0.3530    0.7256
   -0.7483   -0.5762    0.3288
...    21 T-A ...
  -30.3847  -32.1508   42.1682
    0.5742   -0.8134   -0.0934
    0.3239    0.1210    0.9383
   -0.7519   -0.5690    0.3329
...    22 C-G ...
  -32.8025  -34.1094   43.1549
    0.6791   -0.5777    0.4529
   -0.0708    0.5626    0.8237
   -0.7306   -0.5915    0.3411
...    23 G-C ...
  -35.1897  -35.8803   44.6304
    0.6109   -0.1128    0.7836
   -0.4430    0.7716    0.4564
   -0.6561   -0.6260    0.4215
...    24 C-G ...
  -37.0218  -38.2636   45.9818
    0.3151    0.3462    0.8837
   -0.7057    0.7080   -0.0257
   -0.6346   -0.6155    0.4674
...    25 A-T ...
  -39.1312  -40.2239   47.6302
   -0.0495    0.7413    0.6693
   -0.7828    0.3874   -0.4870
   -0.6203   -0.5481    0.5611
...    26 A-T ...
  -40.9152  -42.0051   49.6654
   -0.4634    0.8395    0.2835
   -0.6273   -0.0849   -0.7741
   -0.6258   -0.5366    0.5660
...    27 A-T ...
  -42.8140  -43.6046   51.7445
   -0.7208    0.6643   -0.1979
   -0.2722   -0.5338   -0.8006
   -0.6375   -0.5232    0.5655
...    28 G-C ...
  -44.9278  -45.0282   53.8341
   -0.7071    0.3436   -0.6180
    0.1187   -0.8039   -0.5828
   -0.6971   -0.4855    0.5277
...    29 G-C ...
  -47.4860  -46.2701   55.6349
   -0.4706   -0.0808   -0.8786
    0.4454   -0.8814   -0.1575
   -0.7617   -0.4655    0.4508
...    30 C-G ...
  -50.2647  -47.4300   56.9601
   -0.1235   -0.5122   -0.8499
    0.6080   -0.7159    0.3431
   -0.7843   -0.4744    0.3999
...    31 C-G ...
  -53.0919  -48.9643   57.9270
    0.2793   -0.7738   -0.5685
    0.5505   -0.3560    0.7551
   -0.7867   -0.5239    0.3266
...    32 G-C ...
  -55.4141  -50.9517   59.2346
    0.6045   -0.7915   -0.0898
    0.2701    0.0975    0.9579
   -0.7494   -0.6033    0.2727
...    33 G-C ...
  -57.8409  -53.2026   59.8484
    0.7017   -0.5763    0.4190
   -0.1157    0.4881    0.8651
   -0.7030   -0.6555    0.2758
...    34 C-G ...
  -59.9712  -55.6507   60.5034
    0.5495   -0.2014    0.8109
   -0.4816    0.7167    0.5044
   -0.6827   -0.6677    0.2968
...    35 C-G ...
  -62.0025  -58.1549   61.5035
    0.2566    0.2591    0.9312
   -0.7053    0.7089   -0.0030
   -0.6609   -0.6559    0.3646
...    36 C-G ...
  -63.9355  -60.5625   62.8792
   -0.0973    0.6483    0.7551
   -0.7351    0.4647   -0.4937
   -0.6709   -0.6031    0.4314
...    37 G-C ...
  -66.3836  -62.4130   64.1404
   -0.3816    0.8699    0.3125
   -0.5717    0.0436   -0.8193
   -0.7263   -0.4913    0.4807
...    38 A-T ...
  -68.6830  -63.9850   65.8134
   -0.5907    0.7726   -0.2329
   -0.2589   -0.4549   -0.8521
   -0.7642   -0.4430    0.4687
...    39 C-G ...
  -71.1035  -64.9561   67.7893
   -0.5973    0.4650   -0.6535
    0.0596   -0.7868   -0.6144
   -0.7998   -0.4059    0.4422
...    40 A-T ...
  -73.8672  -66.2128   69.1535
   -0.3567    0.0294   -0.9338
    0.3233   -0.9339   -0.1529
   -0.8765   -0.3564    0.3236
...    41 C-G ...
  -76.9714  -66.7646   70.0537
   -0.1066   -0.4292   -0.8969
    0.4321   -0.8324    0.3469
   -0.8955   -0.3505    0.2742
...    42 G-C ...
  -79.7890  -68.3444   70.8319
    0.2376   -0.7713   -0.5904
    0.3520   -0.4981    0.7924
   -0.9053   -0.3961    0.1531
...    43 A-T ...
  -82.7561  -69.6938   71.1470
    0.4096   -0.9120   -0.0225
    0.1242    0.0313    0.9918
   -0.9038   -0.4090    0.1261
...    44 C-G ...
  -85.6829  -71.2692   70.9471
    0.4162   -0.7637    0.4935
   -0.1177    0.4930    0.8621
   -0.9016   -0.4169    0.1153
...    45 T-A ...
  -88.5278  -72.9546   71.1680
    0.3161   -0.3843    0.8674
   -0.3260    0.8146    0.4797
   -0.8909   -0.4344    0.1323
...    46 T-A ...
  -91.3018  -74.6388   71.4431
    0.0470    0.1314    0.9902
   -0.4266    0.8990   -0.0990
   -0.9032   -0.4178    0.0983
...    47 A-T ...
  -94.3319  -75.9645   71.7543
   -0.1611    0.6472    0.7451
   -0.3610    0.6640   -0.6549
   -0.9185   -0.3745    0.1267
...    48 C-G ...
  -97.1151  -77.4391   72.6882
   -0.2762    0.9116    0.3045
   -0.2224    0.2476   -0.9430
   -0.9350   -0.3282    0.1344
...    49 T-A ...
 -100.1641  -78.3739   73.4888
   -0.2517    0.9422   -0.2211
   -0.0633   -0.2440   -0.9677
   -0.9657   -0.2296    0.1210
...    50 G-C ...
 -103.4577  -78.8107   73.8283
   -0.0794    0.7026   -0.7072
    0.0425   -0.7064   -0.7066
   -0.9959   -0.0861    0.0262
...    51 T-A ...
 -106.6768  -78.4667   74.1412
    0.0193    0.2618   -0.9649
    0.0515   -0.9641   -0.2606
   -0.9985   -0.0447   -0.0321
...    52 A-T ...
 -109.9600  -78.2763   73.7196
    0.1845   -0.2817   -0.9416
   -0.0379   -0.9594    0.2796
   -0.9821   -0.0159   -0.1877
...    53 G-C ...
 -113.1219  -78.0498   72.8052
    0.1924   -0.7337   -0.6517
   -0.1785   -0.6792    0.7119
   -0.9649   -0.0207   -0.2617
...    54 G-C ...
 -116.2062  -78.2217   71.4437
    0.1120   -0.9822   -0.1506
   -0.3121   -0.1786    0.9331
   -0.9434   -0.0575   -0.3265
...    55 T-A ...
 -119.0869  -78.4834   69.7687
   -0.0796   -0.9300    0.3589
   -0.3328    0.3642    0.8698
   -0.9396   -0.0502   -0.3385
...    56 A-T ...
 -122.3723  -78.1024   68.9742
   -0.3652   -0.4676    0.8050
   -0.1614    0.8834    0.4400
   -0.9169    0.0308   -0.3980
...    57 T-A ...
 -125.2879  -78.6547   67.4931
   -0.4189    0.0501    0.9067
    0.0688    0.9974   -0.0234
   -0.9054    0.0526   -0.4212
...    58 C-G ...
 -128.2358  -78.5913   66.0447
   -0.2647    0.6212    0.7375
    0.3294    0.7771   -0.5363
   -0.9063    0.1010   -0.4103
...    59 T-A ...
 -131.3481  -78.3383   64.9816
    0.0275    0.9171    0.3977
    0.4301    0.3483   -0.8329
   -0.9024    0.1940   -0.3848
...    60 C-G ...
 -134.3054  -77.6642   63.8267
    0.3475    0.9318   -0.1049
    0.3369   -0.2285   -0.9134
   -0.8751    0.2821   -0.3934
...    61 G-C ...
 -137.0234  -76.5291   62.2837
    0.6344    0.6053   -0.4808
    0.0622   -0.6599   -0.7487
   -0.7705    0.4451   -0.4563
...    62 A-T ...
 -139.3488  -74.8672   60.7495
    0.6176    0.0908   -0.7812
   -0.3427   -0.8630   -0.3712
   -0.7079    0.4970   -0.5019
...    63 G-C ...
 -141.3713  -72.9110   59.0330
    0.4069   -0.4019   -0.8203
   -0.6516   -0.7571    0.0477
   -0.6402    0.5151   -0.5699
...    64 C-G ...
 -143.0213  -71.0798   56.8165
    0.0057   -0.7620   -0.6476
   -0.8033   -0.3892    0.4508
   -0.5956    0.5176   -0.6143
...    65 T-A ...
 -144.6878  -69.4120   54.4815
   -0.4160   -0.8580   -0.3013
   -0.7110    0.1003    0.6960
   -0.5669    0.5038   -0.6518
...    66 C-G ...
 -146.5003  -67.8443   52.2150
   -0.7742   -0.6126    0.1591
   -0.3217    0.5973    0.7347
   -0.5451    0.5176   -0.6595
...    67 G-C ...
 -148.2808  -65.7011   50.3741
   -0.7941   -0.1816    0.5800
    0.1911    0.8313    0.5219
   -0.5769    0.5253   -0.6255
...    68 G-C ...
 -150.1802  -64.1150   48.0733
   -0.5225    0.2670    0.8098
    0.6132    0.7775    0.1393
   -0.5924    0.5693   -0.5700
...    69 G-C ...
 -152.2942  -62.4265   46.0603
   -0.0555    0.5815    0.8117
    0.8157    0.4952   -0.2991
   -0.5759    0.6455   -0.5018
...    70 A-T ...
 -154.2199  -60.3942   44.4239
    0.4592    0.7057    0.5395
    0.7130    0.0694   -0.6977
   -0.5298    0.7051   -0.4713
...    71 T-A ...
 -156.2317  -58.0202   43.4853
    0.7747    0.6122    0.1586
    0.3991   -0.2787   -0.8736
   -0.4906    0.7400   -0.4602
...    72 C-G ...
 -157.6588  -55.4707   42.1058
    0.9071    0.2821   -0.3125
   -0.1160   -0.5460   -0.8297
   -0.4047    0.7889   -0.4626
...    73 C-G ...
 -158.4986  -52.5270   40.7146
    0.7566   -0.1393   -0.6389
   -0.5930   -0.5580   -0.5806
   -0.2756    0.8181   -0.5047
...    74 G-C ...
 -159.2115  -50.0572   38.5832
    0.3410   -0.5132   -0.7876
   -0.9304   -0.3043   -0.2045
   -0.1348    0.8025   -0.5812
...    75 C-G ...
 -159.1337  -47.4999   36.4665
   -0.2172   -0.6149   -0.7581
   -0.9720    0.0649    0.2259
   -0.0897    0.7859   -0.6118
...    76 T-A ...
 -159.1187  -45.0610   34.2112
   -0.7011   -0.4940   -0.5141
   -0.7097    0.4144    0.5697
   -0.0683    0.7643   -0.6412
...    77 T-A ...
 -159.0404  -42.7234   31.9266
   -0.9862   -0.1025   -0.1297
   -0.1653    0.6114    0.7739
   -0.0001    0.7846   -0.6200
...    78 T-A ...
 -158.9259  -40.3824   29.6521
   -0.8959    0.3173    0.3110
    0.4396    0.5314    0.7241
    0.0645    0.7854   -0.6156
...    79 A-T ...
 -158.2857  -37.6463   27.8014
   -0.4241    0.5830    0.6931
    0.8997    0.1839    0.3958
    0.1033    0.7914   -0.6025
...    80 A-T ...
 -158.1647  -35.0882   25.8195
    0.1559    0.5682    0.8080
    0.9793   -0.1955   -0.0515
    0.1287    0.7993   -0.5870
...    81 C-G ...
 -158.2646  -32.2826   24.1454
    0.6271    0.3345    0.7034
    0.7602   -0.4598   -0.4590
    0.1699    0.8226   -0.5426
...    82 A-T ...
 -157.5410  -29.4820   22.4569
    0.8993   -0.1055    0.4245
    0.3096   -0.5321   -0.7881
    0.3090    0.8401   -0.4459
...    83 C-G ...
 -156.4584  -26.5057   21.6498
    0.9088   -0.4171   -0.0078
   -0.1810   -0.3775   -0.9082
    0.3758    0.8268   -0.4185
...    84 T-A ...
 -154.8592  -23.8170   20.6032
    0.6489   -0.6205   -0.4404
   -0.5977   -0.0576   -0.7996
    0.4708    0.7821   -0.4083
...    85 T-A ...
 -153.0756  -21.3541   19.4751
    0.1983   -0.5442   -0.8152
   -0.8473    0.3229   -0.4217
    0.4927    0.7743   -0.3971
...    86 T-A ...
 -151.1706  -18.9971   18.2870
   -0.3061   -0.2352   -0.9225
   -0.8016    0.5864    0.1165
    0.5136    0.7751   -0.3681
...    87 A-T ...
 -149.6885  -16.1180   17.3238
   -0.7158    0.2390   -0.6561
   -0.4251    0.5963    0.6810
    0.5540    0.7664   -0.3252
...    88 T-A ...
 -147.6802  -14.0167   15.7226
   -0.8156    0.5338   -0.2232
   -0.0038    0.3809    0.9246
    0.5785    0.7550   -0.3086
...    89 G-C ...
 -145.7447  -11.4233   15.0005
   -0.7063    0.6037    0.3697
    0.4647    0.0014    0.8855
    0.5341    0.7972   -0.2815
...    90 C-G ...
 -144.1990   -8.7739   13.7548
   -0.3660    0.4698    0.8033
    0.7652   -0.3394    0.5471
    0.5297    0.8149   -0.2352
...    91 T-A ...
 -142.7283   -5.9108   13.0223
    0.0407    0.1621    0.9859
    0.8439   -0.5338    0.0530
    0.5349    0.8299   -0.1585
...    92 T-A ...
 -141.1812   -3.1053   12.6040
    0.4791   -0.1935    0.8562
    0.6794   -0.5359   -0.5012
    0.5558    0.8218   -0.1253
...    93 C-G ...
 -139.3420   -0.4311   12.3920
    0.7413   -0.5197    0.4248
    0.2972   -0.3133   -0.9019
    0.6018    0.7948   -0.0778
...    94 C-G ...
 -137.1442    2.1188   12.6127
    0.7157   -0.6902   -0.1068
   -0.1082    0.0415   -0.9933
    0.6900    0.7224   -0.0449
...    95 G-C ...
 -134.6622    4.3022   12.1444
    0.4501   -0.6409   -0.6218
   -0.4243    0.4592   -0.7804
    0.7858    0.6151   -0.0653
...    96 G-C ...
 -131.7037    5.9433   11.9651
    0.0901   -0.3398   -0.9362
   -0.5572    0.7619   -0.3302
    0.8254    0.5514   -0.1207
...    97 C-G ...
 -128.7358    7.3554   11.4771
   -0.2536    0.1154   -0.9604
   -0.4935    0.8385    0.2310
    0.8320    0.5325   -0.1557
...    98 T-A ...
 -125.8711    8.8523   10.7148
   -0.5044    0.5252   -0.6854
   -0.2626    0.6629    0.7012
    0.8226    0.5336   -0.1964
...    99 T-A ...
 -123.1189   10.3683    9.8558
   -0.5362    0.8284   -0.1620
    0.0663    0.2327    0.9703
    0.8415    0.5096   -0.1797
...   100 C-G ...
 -120.3725   12.0398    9.1759
   -0.4096    0.7952    0.4470
    0.3659   -0.3057    0.8790
    0.8357    0.5236   -0.1658
...   101 A-T ...
 -117.4909   13.6673    8.8371
   -0.2046    0.4271    0.8807
    0.5429   -0.6992    0.4652
    0.8145    0.5734   -0.0889
...   102 T-A ...
 -115.2574   16.0435    8.4276
    0.0871    0.0115    0.9961
    0.5679   -0.8221   -0.0402
    0.8185    0.5692   -0.0781
...   103 G-C ...
 -112.4200   17.7956    8.3913
    0.2854   -0.5142    0.8088
    0.4436   -0.6772   -0.5870
    0.8496    0.5263    0.0348
...   104 T-A ...
 -109.8573   19.7510    9.0739
    0.4323   -0.8137    0.3886
    0.2395   -0.3119   -0.9194
    0.8693    0.4906    0.0601
...   105 T-A ...
 -107.0659   21.3229    9.5515
    0.4734   -0.8595   -0.1928
   -0.0353    0.2002   -0.9791
    0.8802    0.4703    0.0644
...   106 A-T ...
 -104.0352   22.6875    9.7965
    0.2891   -0.6321   -0.7189
   -0.2642    0.6691   -0.6946
    0.9201    0.3908    0.0264
...   107 T-A ...
 -100.8429   23.3731   10.2168
    0.1119   -0.2125   -0.9707
   -0.3668    0.8991   -0.2390
    0.9235    0.3828    0.0227
...   108 A-T ...
  -97.7949   24.7315   10.2290
   -0.1653    0.3459   -0.9236
   -0.3396    0.8592    0.3826
    0.9259    0.3769   -0.0246
...   109 A-T ...
  -94.7136   25.7303    9.9616
   -0.3172    0.7784   -0.5417
   -0.1842    0.5097    0.8404
    0.9303    0.3663   -0.0183
...   110 C-G ...
  -91.6330   26.7632    9.2842
   -0.3843    0.9229   -0.0223
    0.0185    0.0319    0.9993
    0.9230    0.3837   -0.0293
...   111 G-C ...
  -88.5709   28.0662    9.6267
   -0.3929    0.7433    0.5413
    0.2533   -0.4784    0.8408
    0.8840    0.4675   -0.0004
...   112 G-C ...
  -85.7426   29.8932    9.5073
   -0.2587    0.3282    0.9085
    0.4400   -0.7973    0.4132
    0.8599    0.5067    0.0618
...   113 A-T ...
  -82.9802   31.6417    9.7099
    0.0209   -0.2162    0.9761
    0.5099   -0.8375   -0.1964
    0.8600    0.5018    0.0927
...   114 C-G ...
  -80.4837   33.7162   10.3642
    0.2566   -0.6345    0.7291
    0.4297   -0.6008   -0.6740
    0.8657    0.4863    0.1185
...   115 G-C ...
  -77.4377   35.0706   10.5722
    0.3427   -0.9130    0.2213
    0.2384   -0.1434   -0.9605
    0.9087    0.3819    0.1685
...   116 T-A ...
  -74.5535   36.1784   11.7504
    0.3796   -0.8707   -0.3128
    0.0299    0.3495   -0.9365
    0.9247    0.3461    0.1587
...   117 A-T ...
  -71.4118   37.1431   12.2963
    0.2395   -0.5511   -0.7993
   -0.1640    0.7885   -0.5928
    0.9570    0.2730    0.0984
...   118 T-A ...
  -68.1843   37.3920   12.8550
    0.1113   -0.0878   -0.9899
   -0.2568    0.9597   -0.1140
    0.9600    0.2668    0.0843
...   119 A-T ...
  -64.9719   38.2513   12.9945
   -0.1367    0.4526   -0.8812
   -0.2425    0.8472    0.4728
    0.9605    0.2783   -0.0061
...   120 A-T ...
  -61.8204   38.9747   12.7475
   -0.2545    0.8498   -0.4616
   -0.1137    0.4477    0.8869
    0.9604    0.2782   -0.0173
...   121 T-A ...
  -58.6991   39.7222   12.0146
   -0.2773    0.9596    0.0479
    0.0358   -0.0395    0.9986
    0.9601    0.2786   -0.0234
...   122 G-C ...
  -55.5594   40.7925   12.2199
   -0.2830    0.7404    0.6097
    0.2214   -0.5681    0.7926
    0.9332    0.3593   -0.0031
...   123 T-A ...
  -52.7087   42.4625   11.8720
   -0.1404    0.3282    0.9341
    0.3416   -0.8695    0.3569
    0.9293    0.3692    0.0099
...   124 G-C ...
  -49.5616   43.4938   12.1257
    0.0114   -0.2554    0.9668
    0.3795   -0.8934   -0.2405
    0.9251    0.3696    0.0868
...   125 T-A ...
  -46.7629   45.1795   12.7567
    0.1886   -0.6918    0.6970
    0.3129   -0.6305   -0.7104
    0.9309    0.3520    0.0975
...   126 C-G ...
  -43.7332   46.3590   13.1975
    0.3051   -0.9409    0.1470
    0.1398   -0.1085   -0.9842
    0.9420    0.3208    0.0984
...   127 G-C ...
  -40.5581   47.3935   13.1946
    0.2061   -0.8815   -0.4248
   -0.0425    0.4256   -0.9039
    0.9776    0.2043    0.0503
...   128 A-T ...
  -37.3592   47.9788   13.4434
    0.0870   -0.4885   -0.8682
   -0.1494    0.8553   -0.4962
    0.9849    0.1729    0.0014
...   129 C-G ...
  -34.0774   47.9026   13.5664
   -0.0528    0.0086   -0.9986
   -0.1574    0.9874    0.0168
    0.9861    0.1580   -0.0508
...   130 C-G ...
  -30.7497   48.1076   13.0959
   -0.2331    0.5115   -0.8271
   -0.0675    0.8399    0.5385
    0.9701    0.1814   -0.1613
...   131 A-T ...
  -27.5667   48.8784   12.4807
   -0.3399    0.8656   -0.3677
    0.1279    0.4299    0.8938
    0.9317    0.2568   -0.2568
...   132 A-T ...
  -24.6383   49.7047   11.3555
   -0.2042    0.9580    0.2014
    0.3133   -0.1309    0.9406
    0.9275    0.2551   -0.2734
...   133 A-T ...
  -21.7533   50.6763   10.2104
    0.0355    0.7181    0.6951
    0.3797   -0.6531    0.6553
    0.9244    0.2407   -0.2958
...   134 T-A ...
  -19.0160   52.0244    8.9251
    0.2452    0.2905    0.9249
    0.3073   -0.9281    0.2101
    0.9195    0.2328   -0.3169
...   135 G-C ...
  -16.4638   53.8824    7.5154
    0.5339   -0.3333    0.7771
    0.0346   -0.9097   -0.4139
    0.8449    0.2479   -0.4741
...   136 T-A ...
  -14.1749   56.5547    6.1809
    0.5795   -0.7269    0.3685
   -0.3141   -0.6164   -0.7221
    0.7521    0.3026   -0.5855
...   137 G-C ...
  -11.6539   57.9992    4.7205
    0.2452   -0.9542   -0.1714
   -0.6323   -0.0234   -0.7744
    0.7349    0.2983   -0.6091
...   138 A-T ...
   -8.6759   58.7133    3.6026
   -0.0345   -0.7815   -0.6229
   -0.6536    0.4891   -0.5775
    0.7560    0.3872   -0.5277
...   139 G-C ...
   -6.3275   59.0727    1.6298
   -0.2969   -0.3279   -0.8968
   -0.5657    0.8171   -0.1114
    0.7693    0.4742   -0.4281
...   140 C-G ...
   -3.4369   60.2279    1.0288
   -0.4426    0.2287   -0.8671
   -0.1681    0.9286    0.3308
    0.8808    0.2922   -0.3725
...   141 G-C ...
   -0.6977   63.8911   -2.2508
   -0.9992    0.0157   -0.0376
   -0.0024    0.8991    0.4378
    0.0407    0.4375   -0.8983
...   142 C-G ...
   -1.0065   65.5988   -4.9400
   -0.8337    0.5216    0.1813
    0.5170    0.6219    0.5881
    0.1940    0.5841   -0.7882
...   143 T-A ...
   -0.1333   66.2084   -7.8195
   -0.3753    0.8566    0.3540
    0.8856    0.2187    0.4098
    0.2736    0.4673   -0.8407
...   144 C-G ...
   -0.1666   67.4020  -10.8066
    0.1797    0.8793    0.4411
    0.9277   -0.3007    0.2214
    0.3273    0.3694   -0.8697
...   145 A-T ...
    0.5266   69.2312  -13.4658
    0.7352    0.4964    0.4616
    0.6118   -0.7791   -0.1367
    0.2918    0.3829   -0.8765
...   146 C-G ...
    1.4338   72.0892  -15.6018
    0.9809    0.0621    0.1844
    0.1264   -0.9240   -0.3608
    0.1480    0.3772   -0.9142
...   147 A-T ...
    2.3047   74.2222  -18.3862
    0.8657   -0.4292   -0.2575
   -0.4984   -0.7868   -0.3642
   -0.0463    0.4436   -0.8950
