  147 base-pairs
...     1 A-T ...
    0.0000    0.0000    0.0000
    1.0000    0.0000    0.0000
    0.0000    1.0000    0.0000
    0.0000    0.0000    1.0000
...     2 G-C ...
   -0.1394   -1.2357    3.2268
    0.7529    0.6366    0.1670
   -0.6386    0.7680   -0.0486
   -0.1592   -0.0700    0.9848
...     3 T-A ...
   -0.0365   -3.2932    6.3751
    0.2722    0.9301    0.2466
   -0.9238    0.3243   -0.2033
   -0.2691   -0.1725    0.9475
...     4 G-C ...
   -0.3505   -4.1660    9.4928
   -0.3756    0.9250    0.0579
   -0.8781   -0.3352   -0.3415
   -0.2965   -0.1791    0.9381
...     5 A-T ...
   -0.4462   -4.1476   12.7498
   -0.8116    0.5840   -0.0165
   -0.5523   -0.7762   -0.3042
   -0.1905   -0.2378    0.9524
...     6 G-C ...
   -1.5908   -4.1730   15.6201
   -0.9976    0.0246   -0.0651
   -0.0043   -0.9555   -0.2950
   -0.0695   -0.2940    0.9533
...     7 C-G ...
   -1.1030   -4.4824   18.7362
   -0.8441   -0.5304   -0.0787
    0.5345   -0.8441   -0.0432
   -0.0435   -0.0785    0.9960
...     8 G-C ...
   -2.4028   -7.7290   23.1475
   -0.2754   -0.3293   -0.9032
    0.6650   -0.7437    0.0684
   -0.6942   -0.5818    0.4238
...     9 C-G ...
   -4.4690   -9.9728   24.1132
    0.1145   -0.7025   -0.7024
    0.8512   -0.2952    0.4340
   -0.5122   -0.6476    0.5642
...    10 T-A ...
   -6.7405  -10.8752   25.9697
    0.4841   -0.8363   -0.2574
    0.6595    0.1553    0.7355
   -0.5751   -0.5258    0.6267
...    11 C-G ...
   -9.1656  -12.6208   27.1640
    0.7073   -0.6682    0.2307
    0.3448    0.6110    0.7126
   -0.6171   -0.4245    0.6626
...    12 A-T ...
  -10.9234  -14.6633   29.0693
    0.7515   -0.1377    0.6452
   -0.2029    0.8824    0.4246
   -0.6277   -0.4500    0.6352
...    13 C-G ...
  -11.8476  -17.4863   31.2451
    0.4295    0.2823    0.8578
   -0.5708    0.8209    0.0156
   -0.6998   -0.4963    0.5137
...    14 A-T ...
  -13.5897  -19.7827   33.4259
   -0.1504    0.6104    0.7777
   -0.6874    0.5008   -0.5260
   -0.7106   -0.6136    0.3443
...    15 A-T ...
  -15.7214  -21.8100   34.7853
   -0.4978    0.7958    0.3448
   -0.4923    0.0680   -0.8678
   -0.7141   -0.6017    0.3579
...    16 T-A ...
  -17.7811  -23.6357   36.5842
   -0.6699    0.7292   -0.1395
   -0.1820   -0.3434   -0.9214
   -0.7198   -0.5919    0.3628
...    17 T-A ...
  -20.0982  -25.3968   38.0180
   -0.6543    0.4108   -0.6349
    0.2218   -0.6984   -0.6805
   -0.7230   -0.5861    0.3658
...    18 T-A ...
  -22.5357  -27.0616   39.3687
   -0.4176   -0.0582   -0.9068
    0.5495   -0.8109   -0.2010
   -0.7236   -0.5822    0.3706
...    19 A-T ...
  -24.8303  -29.1601   40.5817
    0.0157   -0.5138   -0.8577
    0.6786   -0.6245    0.3866
   -0.7343   -0.5882    0.3389
...    20 T-A ...
  -27.6475  -30.7266   41.2702
    0.3529   -0.7616   -0.5435
    0.5775   -0.2797    0.7670
   -0.7362   -0.5845    0.3411
...    21 T-A ...
  -30.1785  -32.5744   42.1270
    0.6093   -0.7929   -0.0066
    0.2776    0.2055    0.9385
   -0.7428   -0.5736    0.3453
...    22 C-G ...
  -32.5696  -34.5545   43.1742
    0.6760   -0.5072    0.5346
   -0.1359    0.6271    0.7670
   -0.7243   -0.5911    0.3550
...    23 G-C ...
  -34.9917  -36.2884   44.6804
    0.5626   -0.0113    0.8267
   -0.5008    0.7910    0.3516
   -0.6578   -0.6118    0.4393
...    24 C-G ...
  -36.8355  -38.6220   46.1330
    0.2357    0.4476    0.8626
   -0.7291    0.6683   -0.1475
   -0.6425   -0.5942    0.4838
...    25 A-T ...
  -39.0176  -40.5042   47.8015
   -0.1374    0.8056    0.5764
   -0.7545    0.2919   -0.5878
   -0.6417   -0.5157    0.5677
...    26 A-T ...
  -40.9065  -42.1498   49.8576
   -0.5242    0.8399    0.1408
   -0.5506   -0.2081   -0.8084
   -0.6497   -0.5013    0.5715
...    27 A-T ...
  -42.9228  -43.6114   51.9286
   -0.7286    0.5917   -0.3450
   -0.1693   -0.6437   -0.7463
   -0.6637   -0.4853    0.5692
...    28 G-C ...
  -45.1694  -44.9001   53.9797
   -0.6576    0.2116   -0.7231
    0.2167   -0.8661   -0.4505
   -0.7216   -0.4529    0.5237
...    29 G-C ...
  -47.8402  -46.0775   55.6613
   -0.3722   -0.2416   -0.8962
    0.5041   -0.8633    0.0234
   -0.7793   -0.4430    0.4431
...    30 C-G ...
  -50.6905  -47.2331   56.8698
   -0.0065   -0.6505   -0.7595
    0.6034   -0.6082    0.5157
   -0.7974   -0.4549    0.3964
...    31 C-G ...
  -53.5077  -48.8128   57.8210
    0.3759   -0.8435   -0.3838
    0.4785   -0.1780    0.8598
   -0.7936   -0.5068    0.3367
...    32 G-C ...
  -55.8831  -50.6608   59.2809
    0.6395   -0.7559    0.1402
    0.1522    0.3033    0.9407
   -0.7536   -0.5802    0.3090
...    33 G-C ...
  -58.3201  -52.8506   60.0976
    0.6623   -0.4318    0.6123
   -0.2356    0.6557    0.7173
   -0.7112   -0.6194    0.3326
...    34 C-G ...
  -60.4741  -55.2112   61.0129
    0.4478    0.0174    0.8939
   -0.5598    0.7851    0.2651
   -0.6972   -0.6192    0.3613
...    35 C-G ...
  -62.5787  -57.5429   62.2776
    0.1301    0.4862    0.8641
   -0.7131    0.6514   -0.2592
   -0.6889   -0.5825    0.4314
...    36 C-G ...
  -64.6319  -59.6696   63.9316
   -0.2027    0.8114    0.5483
   -0.6718    0.2922   -0.6807
   -0.7125   -0.5063    0.4858
...    37 G-C ...
  -67.2074  -61.2526   65.3418
   -0.4232    0.9058    0.0208
   -0.4634   -0.1966   -0.8641
   -0.7786   -0.3753    0.5029
...    38 A-T ...
  -69.7182  -62.3911   67.0692
   -0.5578    0.6562   -0.5082
   -0.1486   -0.6814   -0.7167
   -0.8166   -0.3243    0.4776
...    39 C-G ...
  -72.3751  -62.8582   68.9286
   -0.5101    0.2356   -0.8272
    0.1362   -0.9275   -0.3482
   -0.8493   -0.2903    0.4410
...    40 A-T ...
  -75.2867  -63.8386   70.2204
   -0.2431   -0.2743   -0.9304
    0.3389   -0.9228    0.1835
   -0.9089   -0.2707    0.3173
...    41 C-G ...
  -78.4977  -64.2065   70.8866
   -0.0058   -0.7026   -0.7115
    0.3859   -0.6580    0.6466
   -0.9225   -0.2708    0.2750
...    42 G-C ...
  -81.3877  -65.5536   71.9004
    0.2813   -0.9272   -0.2474
    0.2563   -0.1759    0.9505
   -0.9248   -0.3307    0.1881
...    43 A-T ...
  -84.4308  -66.7153   72.3793
    0.3762   -0.8511    0.3663
    0.0244    0.4043    0.9143
   -0.9262   -0.3350    0.1729
...    44 C-G ...
  -87.4058  -68.2466   72.4750
    0.3288   -0.5106    0.7944
   -0.1798    0.7920    0.5835
   -0.9271   -0.3347    0.1686
...    45 T-A ...
  -90.3627  -69.6744   73.0132
    0.2106   -0.0022    0.9776
   -0.3223    0.9439    0.0716
   -0.9229   -0.3302    0.1981
...    46 T-A ...
  -93.2575  -71.0232   73.6394
   -0.0247    0.5324    0.8461
   -0.3596    0.7850   -0.5045
   -0.9328   -0.3167    0.1721
...    47 A-T ...
  -96.3581  -72.0584   74.2805
   -0.1351    0.9112    0.3892
   -0.2759    0.3427   -0.8980
   -0.9517   -0.2287    0.2050
...    48 C-G ...
  -99.2813  -72.8209   75.5468
   -0.1972    0.9709   -0.1361
   -0.1687   -0.1703   -0.9708
   -0.9657   -0.1685    0.1974
...    49 T-A ...
 -102.4318  -73.0731   76.4567
   -0.1466    0.7633   -0.6292
   -0.0714   -0.6425   -0.7629
   -0.9866   -0.0669    0.1487
...    50 G-C ...
 -105.7694  -73.0497   76.6756
   -0.0020    0.3004   -0.9538
   -0.0361   -0.9532   -0.3002
   -0.9993    0.0338    0.0128
...    51 T-A ...
 -108.9450  -72.2810   76.6142
    0.0329   -0.2311   -0.9724
   -0.0638   -0.9714    0.2287
   -0.9974    0.0545   -0.0467
...    52 A-T ...
 -112.2563  -72.2293   76.2856
    0.0457   -0.7569   -0.6519
   -0.1303   -0.6515    0.7474
   -0.9904    0.0508   -0.1284
...    53 T-A ...
 -115.3515  -71.7515   75.2293
   -0.0478   -0.9820   -0.1828
   -0.1490   -0.1740    0.9734
   -0.9877    0.0737   -0.1380
...    54 C-G ...
 -118.5885  -71.6556   74.6332
   -0.1458   -0.8904    0.4311
   -0.1096    0.4476    0.8875
   -0.9832    0.0822   -0.1628
...    55 A-T ...
 -121.8448  -71.1474   74.3524
   -0.1560   -0.4567    0.8759
   -0.0064    0.8872    0.4614
   -0.9877    0.0664   -0.1413
...    56 T-A ...
 -125.0712  -71.5892   73.6950
   -0.1667    0.0668    0.9837
    0.0971    0.9940   -0.0511
   -0.9812    0.0870   -0.1721
...    57 G-C ...
 -128.3001  -71.0933   73.1048
    0.0089    0.6054    0.7958
    0.1958    0.7794   -0.5951
   -0.9806    0.1611   -0.1116
...    58 T-A ...
 -131.5930  -70.9161   73.2263
    0.1610    0.9092    0.3840
    0.1858    0.3542   -0.9165
   -0.9693    0.2189   -0.1119
...    59 T-A ...
 -134.7296  -70.1913   73.0750
    0.3011    0.9381   -0.1712
    0.0732   -0.2017   -0.9767
   -0.9508    0.2815   -0.1294
...    60 A-T ...
 -137.7331  -68.6908   73.0453
    0.5169    0.6258   -0.5841
   -0.1330   -0.6154   -0.7769
   -0.8456    0.4793   -0.2349
...    61 T-A ...
 -140.2001  -66.6176   72.6443
    0.4316    0.2216   -0.8744
   -0.3858   -0.8309   -0.4010
   -0.8154    0.5104   -0.2732
...    62 A-T ...
 -142.5619  -64.6038   71.4444
    0.2887   -0.3353   -0.8968
   -0.6209   -0.7786    0.0912
   -0.7288    0.5304   -0.4330
...    63 A-T ...
 -144.6763  -62.7322   69.8560
   -0.1107   -0.7160   -0.6893
   -0.7021   -0.4346    0.5641
   -0.7034    0.5464   -0.4546
...    64 C-G ...
 -146.5426  -60.8625   67.8145
   -0.4641   -0.8364   -0.2915
   -0.5646    0.0257    0.8250
   -0.6825    0.5475   -0.4842
...    65 G-C ...
 -149.1176  -59.1209   66.5785
   -0.6899   -0.6803    0.2473
   -0.2296    0.5296    0.8166
   -0.6865    0.5066   -0.5216
...    66 G-C ...
 -151.4101  -57.5803   64.6253
   -0.6844   -0.2806    0.6730
    0.1954    0.8186    0.5400
   -0.7025    0.5011   -0.5054
...    67 A-T ...
 -153.6359  -55.9960   62.7833
   -0.4340    0.2662    0.8607
    0.5908    0.8053    0.0489
   -0.6801    0.5297   -0.5068
...    68 G-C ...
 -156.0528  -54.4336   61.1482
   -0.0154    0.6160    0.7876
    0.7589    0.5200   -0.3919
   -0.6510    0.5917   -0.4755
...    69 G-C ...
 -158.4489  -52.6188   59.6176
    0.4645    0.7223    0.5123
    0.6680    0.0940   -0.7382
   -0.5814    0.6851   -0.4389
...    70 T-A ...
 -160.5710  -50.2986   58.7557
    0.7820    0.6144    0.1054
    0.3469   -0.2883   -0.8925
   -0.5179    0.7345   -0.4386
...    71 A-T ...
 -162.0088  -47.3988   57.8487
    0.9544    0.1976   -0.2240
   -0.0970   -0.5042   -0.8581
   -0.2825    0.8407   -0.4620
...    72 T-A ...
 -162.5820  -44.3586   56.8666
    0.8020   -0.1179   -0.5856
   -0.5530   -0.5172   -0.6533
   -0.2258    0.8477   -0.4800
...    73 C-G ...
 -162.9728  -41.6245   55.1683
    0.3617   -0.4427   -0.8205
   -0.9206   -0.3084   -0.2395
   -0.1470    0.8420   -0.5191
...    74 T-A ...
 -162.9763  -38.9023   53.3069
   -0.1600   -0.5834   -0.7963
   -0.9837    0.0272    0.1777
   -0.0821    0.8118   -0.5782
...    75 C-G ...
 -163.1615  -36.4085   51.1814
   -0.7083   -0.4499   -0.5440
   -0.7044    0.3991    0.5870
   -0.0470    0.7989   -0.5996
...    76 G-C ...
 -163.6790  -33.6074   49.4420
   -0.9827   -0.1597   -0.0942
   -0.1741    0.6192    0.7657
   -0.0640    0.7688   -0.6363
...    77 A-T ...
 -163.7768  -31.1545   47.2382
   -0.8917    0.2591    0.3710
    0.4510    0.5771    0.6809
   -0.0377    0.7745   -0.6315
...    78 G-C ...
 -164.0378  -28.7472   44.9697
   -0.5141    0.5010    0.6962
    0.8574    0.3245    0.3995
   -0.0257    0.8023   -0.5964
...    79 C-G ...
 -164.4284  -26.2472   42.8293
    0.0334    0.5554    0.8309
    0.9994   -0.0258   -0.0229
    0.0087    0.8312   -0.5559
...    80 T-A ...
 -164.6272  -23.4030   41.1771
    0.5368    0.3849    0.7508
    0.8408   -0.3184   -0.4379
    0.0705    0.8663   -0.4945
...    81 C-G ...
 -164.4036  -20.5395   39.6666
    0.9079    0.0602    0.4149
    0.3912   -0.4776   -0.7867
    0.1508    0.8765   -0.4571
...    82 G-C ...
 -163.5452  -17.7473   38.0771
    0.9314   -0.3630    0.0275
   -0.1264   -0.3935   -0.9106
    0.3414    0.8446   -0.4124
...    83 G-C ...
 -161.8575  -15.0025   37.0784
    0.6810   -0.6165   -0.3952
   -0.5619   -0.0940   -0.8218
    0.4695    0.7817   -0.4104
...    84 G-C ...
 -159.6826  -12.7365   35.8078
    0.2346   -0.6467   -0.7258
   -0.7947    0.3024   -0.5263
    0.5598    0.7003   -0.4430
...    85 A-T ...
 -157.6754  -10.6449   34.2624
   -0.2836   -0.3596   -0.8889
   -0.7559    0.6542   -0.0235
    0.5900    0.6653   -0.4574
...    86 T-A ...
 -155.2700   -9.0161   32.6657
   -0.6125    0.0426   -0.7893
   -0.5013    0.7511    0.4295
    0.6112    0.6588   -0.4387
...    87 C-G ...
 -153.2416   -6.9481   31.1002
   -0.7820    0.4896   -0.3856
   -0.0356    0.5825    0.8120
    0.6222    0.6488   -0.4381
...    88 C-G ...
 -151.1891   -4.8888   29.3817
   -0.7023    0.6976    0.1422
    0.3966    0.2174    0.8919
    0.5912    0.6827   -0.4293
...    89 G-C ...
 -148.8861   -2.7006   28.3524
   -0.4128    0.6366    0.6514
    0.7067   -0.2273    0.6700
    0.5746    0.7369   -0.3560
...    90 C-G ...
 -147.2926   -0.1715   26.9517
   -0.0010    0.3739    0.9275
    0.8068   -0.5476    0.2216
    0.5908    0.7485   -0.3011
...    91 T-A ...
 -145.5616    2.5049   26.1286
    0.3555   -0.0238    0.9344
    0.6955   -0.6611   -0.2815
    0.6244    0.7499   -0.2185
...    92 T-A ...
 -143.6540    5.0521   25.6051
    0.6436   -0.4193    0.6403
    0.3912   -0.5389   -0.7461
    0.6579    0.7306   -0.1828
...    93 T-A ...
 -141.5260    7.4535   25.2875
    0.7168   -0.6829    0.1411
   -0.0110   -0.2134   -0.9769
    0.6972    0.6987   -0.1605
...    94 A-T ...
 -138.9118    9.5149   25.1231
    0.4884   -0.7916   -0.3673
   -0.3389    0.2158   -0.9157
    0.8041    0.5717   -0.1629
...    95 A-T ...
 -136.1369   11.1530   24.7974
    0.2074   -0.5474   -0.8108
   -0.5328    0.6319   -0.5629
    0.8204    0.5487   -0.1606
...    96 C-G ...
 -133.0753   12.3791   24.4376
   -0.1133   -0.1554   -0.9813
   -0.5396    0.8390   -0.0706
    0.8343    0.5215   -0.1789
...    97 A-T ...
 -130.3921   14.2042   23.7707
   -0.4540    0.3098   -0.8354
   -0.3464    0.8025    0.4858
    0.8209    0.5099   -0.2570
...    98 C-G ...
 -127.5694   15.4200   22.4797
   -0.5718    0.6804   -0.4584
   -0.0519    0.5276    0.8479
    0.8188    0.5086   -0.2664
...    99 T-A ...
 -124.9422   17.0397   21.2726
   -0.5419    0.8380    0.0642
    0.2623    0.0960    0.9602
    0.7985    0.5372   -0.2718
...   100 T-A ...
 -122.4359   18.7515   20.1078
   -0.2831    0.7534    0.5936
    0.5092   -0.4064    0.7587
    0.8127    0.5170   -0.2686
...   101 T-A ...
 -119.9499   20.5539   19.0630
    0.0493    0.3915    0.9188
    0.5679   -0.7677    0.2967
    0.8216    0.5072   -0.2602
...   102 A-T ...
 -117.2015   22.2694   18.3416
    0.2772   -0.1597    0.9474
    0.4521   -0.8484   -0.2753
    0.8478    0.5046   -0.1630
...   103 T-A ...
 -114.7101   24.3895   18.2098
    0.4430   -0.5710    0.6912
    0.2573   -0.6576   -0.7081
    0.8588    0.4915   -0.1444
...   104 G-C ...
 -111.6900   25.7707   17.8919
    0.3912   -0.8960    0.2102
    0.0088   -0.2248   -0.9744
    0.9203    0.3830   -0.0800
...   105 C-G ...
 -108.5797   26.8406   18.1265
    0.2799   -0.8991   -0.3366
   -0.1741    0.2972   -0.9388
    0.9441    0.3214   -0.0733
...   106 T-A ...
 -105.3481   27.5371   18.1272
    0.0866   -0.6368   -0.7662
   -0.2532    0.7297   -0.6351
    0.9635    0.2490   -0.0981
...   107 T-A ...
 -102.1485   28.0608   17.9531
   -0.0654   -0.1157   -0.9911
   -0.2492    0.9637   -0.0961
    0.9662    0.2407   -0.0918
...   108 C-G ...
  -98.9682   28.7161   17.5282
   -0.2189    0.4618   -0.8596
   -0.1472    0.8552    0.4970
    0.9646    0.2353   -0.1192
...   109 C-G ...
  -95.7355   29.3458   16.7981
   -0.3296    0.8320   -0.4463
    0.0165    0.4777    0.8784
    0.9440    0.2821   -0.1711
...   110 G-C ...
  -92.6029   30.4749   16.6074
   -0.3509    0.9270    0.1321
    0.2173   -0.0566    0.9745
    0.9108    0.3707   -0.1816
...   111 G-C ...
  -89.6587   31.8644   15.7568
   -0.2478    0.7202    0.6480
    0.3836   -0.5413    0.7482
    0.8896    0.4340   -0.1421
...   112 C-G ...
  -86.9347   33.6158   15.1048
   -0.0420    0.2946    0.9547
    0.4610   -0.8420    0.2801
    0.8864    0.4519   -0.1004
...   113 T-A ...
  -84.1648   35.4082   14.9310
    0.1459   -0.2120    0.9663
    0.4299   -0.8661   -0.2550
    0.8910    0.4526   -0.0353
...   114 C-G ...
  -81.2786   36.9371   14.9652
    0.3298   -0.6913    0.6429
    0.2753   -0.5810   -0.7660
    0.9030    0.4296   -0.0013
...   115 G-C ...
  -78.1544   38.0741   14.7826
    0.3101   -0.9429    0.1217
    0.0818   -0.1011   -0.9915
    0.9472    0.3174    0.0458
...   116 T-A ...
  -75.0625   38.9304   15.5615
    0.2706   -0.8735   -0.4047
   -0.0822    0.3978   -0.9138
    0.9592    0.2805    0.0358
...   117 A-T ...
  -71.8184   39.6539   15.6910
    0.0904   -0.5231   -0.8474
   -0.1912    0.8260   -0.5303
    0.9774    0.2099   -0.0253
...   118 T-A ...
  -68.5330   39.6770   15.8093
   -0.0266   -0.0447   -0.9986
   -0.2063    0.9777   -0.0383
    0.9781    0.2050   -0.0352
...   119 A-T ...
  -65.2839   40.3363   15.5731
   -0.2121    0.5036   -0.8375
   -0.1272    0.8355    0.5346
    0.9689    0.2199   -0.1131
...   120 A-T ...
  -62.1416   40.8654   14.9702
   -0.2491    0.8847   -0.3940
    0.0188    0.4112    0.9114
    0.9683    0.2196   -0.1190
...   121 T-A ...
  -59.0828   41.4508   13.9089
   -0.2082    0.9713    0.1152
    0.1445   -0.0859    0.9858
    0.9674    0.2219   -0.1224
...   122 G-C ...
  -55.8859   42.3297   13.7644
   -0.1774    0.7313    0.6585
    0.2671   -0.6082    0.7475
    0.9472    0.3085   -0.0875
...   123 T-A ...
  -53.0043   43.8516   13.1830
   -0.0358    0.3043    0.9519
    0.3258   -0.8969    0.2990
    0.9448    0.3208   -0.0671
...   124 G-C ...
  -49.8106   44.7516   13.1983
    0.0726   -0.2809    0.9570
    0.3129   -0.9047   -0.2893
    0.9470    0.3204    0.0222
...   125 T-A ...
  -46.8976   46.2694   13.6582
    0.2007   -0.7157    0.6689
    0.2299   -0.6294   -0.7423
    0.9523    0.3027    0.0382
...   126 C-G ...
  -43.7884   47.2585   13.9324
    0.2658   -0.9574    0.1131
    0.0734   -0.0969   -0.9926
    0.9612    0.2722    0.0446
...   127 G-C ...
  -40.5706   48.0949   13.7519
    0.1429   -0.8826   -0.4479
   -0.0679    0.4428   -0.8941
    0.9874    0.1582    0.0033
...   128 A-T ...
  -37.3380   48.5197   13.8549
    0.0280   -0.4772   -0.8783
   -0.1338    0.8690   -0.4764
    0.9906    0.1309   -0.0395
...   129 C-G ...
  -34.0552   48.3041   13.8360
   -0.0894    0.0260   -0.9957
   -0.1169    0.9925    0.0365
    0.9891    0.1196   -0.0857
...   130 C-G ...
  -30.7336   48.3688   13.2798
   -0.2400    0.5301   -0.8132
   -0.0221    0.8345    0.5505
    0.9705    0.1501   -0.1886
...   131 A-T ...
  -27.5423   49.0079   12.5880
   -0.3240    0.8784   -0.3514
    0.1615    0.4173    0.8943
    0.9322    0.2330   -0.2771
...   132 A-T ...
  -24.6218   49.7616   11.4029
   -0.1819    0.9606    0.2103
    0.3286   -0.1422    0.9337
    0.9268    0.2389   -0.2898
...   133 A-T ...
  -21.7444   50.6907   10.2205
    0.0469    0.7162    0.6963
    0.3815   -0.6571    0.6502
    0.9232    0.2352   -0.3041
...   134 T-A ...
  -19.0161   52.0244    8.9250
    0.2452    0.2905    0.9249
    0.3073   -0.9281    0.2101
    0.9195    0.2328   -0.3169
...   135 G-C ...
  -16.4639   53.8825    7.5153
    0.5339   -0.3333    0.7771
    0.0346   -0.9097   -0.4139
    0.8449    0.2479   -0.4741
...   136 T-A ...
  -14.1750   56.5547    6.1808
    0.5795   -0.7269    0.3685
   -0.3141   -0.6164   -0.7221
    0.7521    0.3026   -0.5855
...   137 G-C ...
  -11.6539   57.9992    4.7205
    0.2452   -0.9542   -0.1714
   -0.6323   -0.0234   -0.7744
    0.7349    0.2983   -0.6091
...   138 A-T ...
   -8.6760   58.7133    3.6025
   -0.0345   -0.7815   -0.6229
   -0.6536    0.4891   -0.5775
    0.7560    0.3872   -0.5277
...   139 G-C ...
   -6.3276   59.0727    1.6297
   -0.2969   -0.3279   -0.8968
   -0.5657    0.8171   -0.1114
    0.7693    0.4742   -0.4281
...   140 C-G ...
   -3.4370   60.2279    1.0287
   -0.4426    0.2287   -0.8671
   -0.1681    0.9286    0.3308
    0.8808    0.2922   -0.3725
...   141 G-C ...
   -0.6978   63.8912   -2.2509
   -0.9992    0.0157   -0.0376
   -0.0024    0.8991    0.4378
    0.0407    0.4375   -0.8983
...   142 C-G ...
   -1.0066   65.5988   -4.9400
   -0.8337    0.5216    0.1813
    0.5170    0.6219    0.5881
    0.1940    0.5841   -0.7882
...   143 T-A ...
   -0.1334   66.2085   -7.8195
   -0.3753    0.8566    0.3540
    0.8856    0.2187    0.4098
    0.2736    0.4673   -0.8407
...   144 C-G ...
   -0.1667   67.4020  -10.8067
    0.1797    0.8793    0.4411
    0.9277   -0.3007    0.2214
    0.3273    0.3694   -0.8697
...   145 A-T ...
    0.5265   69.2313  -13.4659
    0.7352    0.4964    0.4616
    0.6118   -0.7791   -0.1367
    0.2918    0.3829   -0.8765
...   146 C-G ...
    1.4337   72.0892  -15.6018
    0.9809    0.0621    0.1844
    0.1264   -0.9240   -0.3608
    0.1480    0.3772   -0.9142
...   147 A-T ...
    2.3046   74.2223  -18.3862
    0.8657   -0.4292   -0.2575
   -0.4984   -0.7868   -0.3642
   -0.0463    0.4436   -0.8950
