  147 base-pairs
...     1 A-T ...
    0.0000    0.0000    0.0000
    1.0000    0.0000    0.0000
    0.0000    1.0000    0.0000
    0.0000    0.0000    1.0000
...     2 G-C ...
   -0.1394   -1.2357    3.2268
    0.7529    0.6366    0.1670
   -0.6386    0.7680   -0.0486
   -0.1592   -0.0700    0.9848
...     3 T-A ...
   -0.0365   -3.2932    6.3751
    0.2722    0.9301    0.2466
   -0.9238    0.3243   -0.2033
   -0.2691   -0.1725    0.9475
...     4 G-C ...
   -0.3505   -4.1660    9.4928
   -0.3756    0.9250    0.0579
   -0.8781   -0.3352   -0.3415
   -0.2965   -0.1791    0.9381
...     5 A-T ...
   -0.4462   -4.1476   12.7498
   -0.8116    0.5840   -0.0165
   -0.5523   -0.7762   -0.3042
   -0.1905   -0.2378    0.9524
...     6 G-C ...
   -1.5908   -4.1730   15.6201
   -0.9976    0.0246   -0.0651
   -0.0043   -0.9555   -0.2950
   -0.0695   -0.2940    0.9533
...     7 C-G ...
   -1.1030   -4.4824   18.7362
   -0.8441   -0.5304   -0.0787
    0.5345   -0.8441   -0.0432
   -0.0435   -0.0785    0.9960
...     8 G-C ...
   -2.4028   -7.7290   23.1475
   -0.2754   -0.3293   -0.9032
    0.6650   -0.7437    0.0684
   -0.6942   -0.5818    0.4238
...     9 C-G ...
   -4.4690   -9.9728   24.1132
    0.1145   -0.7025   -0.7024
    0.8512   -0.2952    0.4340
   -0.5122   -0.6476    0.5642
...    10 T-A ...
   -6.7405  -10.8752   25.9697
    0.4841   -0.8363   -0.2574
    0.6595    0.1553    0.7355
   -0.5751   -0.5258    0.6267
...    11 C-G ...
   -9.1656  -12.6208   27.1640
    0.7073   -0.6682    0.2307
    0.3448    0.6110    0.7126
   -0.6171   -0.4245    0.6626
...    12 A-T ...
  -10.9234  -14.6633   29.0693
    0.7515   -0.1377    0.6452
   -0.2029    0.8824    0.4246
   -0.6277   -0.4500    0.6352
...    13 C-G ...
  -11.8476  -17.4863   31.2451
    0.4295    0.2823    0.8578
   -0.5708    0.8209    0.0156
   -0.6998   -0.4963    0.5137
...    14 A-T ...
  -13.5897  -19.7827   33.4259
   -0.1504    0.6104    0.7777
   -0.6874    0.5008   -0.5260
   -0.7106   -0.6136    0.3443
...    15 A-T ...
  -15.7125  -21.8006   34.8031
   -0.4881    0.7979    0.3537
   -0.5001    0.0765   -0.8626
   -0.7153   -0.5979    0.3617
...    16 T-A ...
  -17.7673  -23.6099   36.6159
   -0.6619    0.7395   -0.1223
   -0.2001   -0.3316   -0.9220
   -0.7224   -0.5858    0.3675
...    17 T-A ...
  -20.0864  -25.3380   38.0796
   -0.6583    0.4358   -0.6138
    0.1936   -0.6899   -0.6975
   -0.7275   -0.5780    0.3698
...    18 T-A ...
  -22.5346  -26.9594   39.4567
   -0.4409   -0.0214   -0.8973
    0.5229   -0.8187   -0.2374
   -0.7295   -0.5739    0.3722
...    19 A-T ...
  -24.9394  -28.9203   40.6298
   -0.0243   -0.4584   -0.8884
    0.6661   -0.6701    0.3276
   -0.7455   -0.5838    0.3216
...    20 T-A ...
  -27.7895  -30.4254   41.2956
    0.3096   -0.7318   -0.6071
    0.5890   -0.3536    0.7266
   -0.7464   -0.5826    0.3216
...    21 T-A ...
  -30.3606  -32.2394   42.0853
    0.5807   -0.8084   -0.0958
    0.3178    0.1168    0.9409
   -0.7495   -0.5769    0.3248
...    22 C-G ...
  -32.7662  -34.2265   43.0448
    0.6811   -0.5755    0.4526
   -0.0804    0.5556    0.8275
   -0.7277   -0.6000    0.3322
...    23 G-C ...
  -35.1432  -36.0333   44.4956
    0.6063   -0.1137    0.7870
   -0.4536    0.7634    0.4598
   -0.6531   -0.6358    0.4113
...    24 C-G ...
  -36.9619  -38.4460   45.8154
    0.3042    0.3413    0.8893
   -0.7128    0.7009   -0.0251
   -0.6319   -0.6263    0.4565
...    25 A-T ...
  -39.0702  -40.4400   47.4244
   -0.0653    0.7340    0.6760
   -0.7825    0.3828   -0.4912
   -0.6193   -0.5610    0.5494
...    26 A-T ...
  -40.8526  -42.2659   49.4223
   -0.4784    0.8299    0.2871
   -0.6173   -0.0853   -0.7821
   -0.6246   -0.5513    0.5531
...    27 A-T ...
  -42.7511  -43.9170   51.4622
   -0.7289    0.6550   -0.1992
   -0.2542   -0.5291   -0.8096
   -0.6357   -0.5395    0.5521
...    28 G-C ...
  -44.8666  -45.3998   53.5097
   -0.7052    0.3386   -0.6229
    0.1397   -0.7951   -0.5902
   -0.6951   -0.5033    0.5134
...    29 G-C ...
  -47.4218  -46.7094   55.2668
   -0.4577   -0.0788   -0.8856
    0.4634   -0.8712   -0.1619
   -0.7588   -0.4845    0.4353
...    30 C-G ...
  -50.1956  -47.9347   56.5431
   -0.1024   -0.5039   -0.8577
    0.6169   -0.7085    0.3426
   -0.7803   -0.4940    0.3835
...    31 C-G ...
  -53.0067  -49.5337   57.4521
    0.3025   -0.7606   -0.5744
    0.5471   -0.3550    0.7581
   -0.7805   -0.5436    0.3088
...    32 G-C ...
  -55.3072  -51.5878   58.6959
    0.6224   -0.7773   -0.0920
    0.2542    0.0895    0.9630
   -0.7403   -0.6227    0.2533
...    33 G-C ...
  -57.6905  -53.9030   59.2412
    0.7080   -0.5669    0.4212
   -0.1393    0.4725    0.8702
   -0.6923   -0.6748    0.2556
...    34 C-G ...
  -59.7725  -56.4097   59.8295
    0.5414   -0.2012    0.8164
   -0.5057    0.6978    0.5073
   -0.6717   -0.6875    0.2760
...    35 C-G ...
  -61.7602  -58.9741   60.7643
    0.2348    0.2506    0.9392
   -0.7220    0.6919   -0.0041
   -0.6508   -0.6772    0.3434
...    36 C-G ...
  -63.6591  -61.4468   62.0714
   -0.1272    0.6335    0.7632
   -0.7379    0.4537   -0.4996
   -0.6628   -0.6267    0.4098
...    37 G-C ...
  -66.0843  -63.3805   63.2536
   -0.4114    0.8539    0.3188
   -0.5570    0.0413   -0.8295
   -0.7215   -0.5188    0.4586
...    38 A-T ...
  -68.3702  -65.0465   64.8551
   -0.6084    0.7588   -0.2326
   -0.2286   -0.4482   -0.8642
   -0.7600   -0.4726    0.4461
...    39 C-G ...
  -70.7999  -66.1222   66.7662
   -0.5979    0.4573   -0.6583
    0.0959   -0.7746   -0.6252
   -0.7958   -0.4369    0.4193
...    40 A-T ...
  -73.5488  -67.4890   68.0539
   -0.3382    0.0332   -0.9405
    0.3558   -0.9207   -0.1604
   -0.8712   -0.3889    0.2996
...    41 C-G ...
  -76.6515  -68.1533   68.8800
   -0.0739   -0.4179   -0.9055
    0.4514   -0.8236    0.3433
   -0.8893   -0.3834    0.2495
...    42 G-C ...
  -79.4338  -69.8346   69.5722
    0.2761   -0.7531   -0.5971
    0.3513   -0.4992    0.7921
   -0.8946   -0.4285    0.1267
...    43 A-T ...
  -82.3588  -71.2900   69.7990
    0.4413   -0.8969   -0.0279
    0.1011    0.0188    0.9947
   -0.8916   -0.4418    0.0990
...    44 C-G ...
  -85.2232  -72.9627   69.5066
    0.4317   -0.7569    0.4907
   -0.1544    0.4739    0.8669
   -0.8887   -0.4500    0.0877
...    45 T-A ...
  -88.0106  -74.7520   69.6345
    0.3096   -0.3872    0.8685
   -0.3663    0.7943    0.4847
   -0.8775   -0.4682    0.1041
...    46 T-A ...
  -90.7275  -76.5398   69.8161
    0.0180    0.1166    0.9930
   -0.4568    0.8844   -0.0955
   -0.8894   -0.4519    0.0692
...    47 A-T ...
  -93.7203  -77.9706   70.0202
   -0.2072    0.6289    0.7493
   -0.3677    0.6597   -0.6554
   -0.9065   -0.4114    0.0946
...    48 C-G ...
  -96.4707  -79.5676   70.8506
   -0.3210    0.8953    0.3087
   -0.2044    0.2528   -0.9457
   -0.9248   -0.3667    0.1019
...    49 T-A ...
  -99.5030  -80.6364   71.5451
   -0.2832    0.9344   -0.2162
   -0.0242   -0.2323   -0.9723
   -0.9588   -0.2701    0.0884
...    50 G-C ...
 -102.7840  -81.2177   71.7752
   -0.0872    0.7082   -0.7006
    0.0935   -0.6944   -0.7135
   -0.9918   -0.1277   -0.0057
...    51 T-A ...
 -106.0232  -81.0133   71.9928
    0.0379    0.2751   -0.9607
    0.1002   -0.9576   -0.2702
   -0.9942   -0.0860   -0.0638
...    52 A-T ...
 -109.2974  -80.9579   71.4706
    0.2261   -0.2616   -0.9383
   -0.0057   -0.9636    0.2673
   -0.9741   -0.0551   -0.2194
...    53 G-C ...
 -112.4355  -80.8561   70.4565
    0.2448   -0.7167   -0.6530
   -0.1719   -0.6949    0.6982
   -0.9542   -0.0587   -0.2934
...    54 G-C ...
 -115.4631  -81.1471   68.9908
    0.1594   -0.9746   -0.1571
   -0.3346   -0.2031    0.9202
   -0.9288   -0.0941   -0.3585
...    55 T-A ...
 -118.2726  -81.5155   67.2175
   -0.0510   -0.9366    0.3466
   -0.3772    0.3394    0.8617
   -0.9247   -0.0868   -0.3706
...    56 A-T ...
 -121.5455  -81.2658   66.3185
   -0.3726   -0.4911    0.7874
   -0.2140    0.8711    0.4420
   -0.9030   -0.0038   -0.4297
...    57 T-A ...
 -124.3823  -81.9257   64.7304
   -0.4524    0.0233    0.8915
    0.0273    0.9996   -0.0123
   -0.8914    0.0187   -0.4528
...    58 C-G ...
 -127.2774  -81.9727   63.1764
   -0.3173    0.6027    0.7322
    0.3154    0.7952   -0.5178
   -0.8943    0.0667   -0.4424
...    59 T-A ...
 -130.3575  -81.8424   62.0000
   -0.0259    0.9140    0.4049
    0.4454    0.3731   -0.8139
   -0.8950    0.1593   -0.4167
...    60 C-G ...
 -133.2968  -81.2871   60.7385
    0.3117    0.9463   -0.0859
    0.3801   -0.2071   -0.9015
   -0.8708    0.2483   -0.4243
...    61 G-C ...
 -136.0032  -80.2595   59.1005
    0.6265    0.6346   -0.4526
    0.1184   -0.6514   -0.7495
   -0.7704    0.4159   -0.4832
...    62 A-T ...
 -138.3360  -78.6866   57.4862
    0.6432    0.1216   -0.7560
   -0.2919   -0.8738   -0.3889
   -0.7079    0.4708   -0.5266
...    63 G-C ...
 -140.3694  -76.8052   55.7007
    0.4550   -0.3796   -0.8055
   -0.6214   -0.7833    0.0181
   -0.6379    0.4923   -0.5923
...    64 C-G ...
 -142.0028  -75.0308   53.4260
    0.0623   -0.7570   -0.6504
   -0.8042   -0.4240    0.4165
   -0.5911    0.4971   -0.6352
...    65 T-A ...
 -143.6416  -73.4189   51.0324
   -0.3693   -0.8719   -0.3216
   -0.7418    0.0681    0.6671
   -0.5597    0.4850   -0.6719
...    66 C-G ...
 -145.4235  -71.9121   48.7000
   -0.7560   -0.6426    0.1248
   -0.3740    0.5804    0.7234
   -0.5373    0.5002   -0.6790
...    67 G-C ...
 -147.2081  -69.8260   46.7972
   -0.8103   -0.2134    0.5457
    0.1387    0.8350    0.5325
   -0.5693    0.5072   -0.6470
...    68 G-C ...
 -149.0636  -68.2969   44.4213
   -0.5651    0.2445    0.7879
    0.5790    0.7979    0.1677
   -0.5877    0.5510   -0.5925
...    69 G-C ...
 -151.1459  -66.6757   42.3197
   -0.1096    0.5754    0.8105
    0.8103    0.5239   -0.2623
   -0.5756    0.6280   -0.5237
...    70 A-T ...
 -153.0677  -64.7046   40.6052
    0.4121    0.7177    0.5613
    0.7397    0.0962   -0.6660
   -0.5320    0.6896   -0.4913
...    71 T-A ...
 -155.1134  -62.3937   39.5884
    0.7470    0.6357    0.1947
    0.4454   -0.2611   -0.8564
   -0.4936    0.7264   -0.4781
...    72 C-G ...
 -156.5592  -59.8843   38.1572
    0.9109    0.3116   -0.2706
   -0.0622   -0.5446   -0.8364
   -0.4080    0.7787   -0.4767
...    73 C-G ...
 -157.4226  -56.9604   36.7405
    0.7883   -0.1131   -0.6048
   -0.5495   -0.5716   -0.6093
   -0.2768    0.8127   -0.5128
...    74 G-C ...
 -158.1046  -54.5017   34.5840
    0.3907   -0.4983   -0.7740
   -0.9113   -0.3283   -0.2486
   -0.1303    0.8024   -0.5823
...    75 C-G ...
 -157.9997  -51.9323   32.4816
   -0.1659   -0.6148   -0.7710
   -0.9827    0.0379    0.1812
   -0.0822    0.7878   -0.6105
...    76 T-A ...
 -157.9455  -49.4773   30.2428
   -0.6644   -0.5066   -0.5494
   -0.7451    0.3926    0.5391
   -0.0574    0.7676   -0.6383
...    77 T-A ...
 -157.8156  -47.1195   27.9799
   -0.9767   -0.1224   -0.1764
   -0.2144    0.6006    0.7703
    0.0117    0.7901   -0.6128
...    78 T-A ...
 -157.6424  -44.7561   25.7311
   -0.9154    0.2975    0.2711
    0.3948    0.5327    0.7486
    0.0783    0.7923   -0.6051
...    79 A-T ...
 -156.9545  -41.9903   23.9382
   -0.4651    0.5703    0.6771
    0.8772    0.1940    0.4391
    0.1191    0.7982   -0.5905
...    80 A-T ...
 -156.7772  -39.4140   21.9846
    0.1093    0.5625    0.8195
    0.9834   -0.1811   -0.0069
    0.1445    0.8067   -0.5730
...    81 C-G ...
 -156.8389  -36.5958   20.3320
    0.5883    0.3352    0.7359
    0.7874   -0.4448   -0.4268
    0.1843    0.8305   -0.5256
...    82 A-T ...
 -156.0739  -33.7648   18.7108
    0.8785   -0.1001    0.4671
    0.3544   -0.5190   -0.7778
    0.3203    0.8489   -0.4205
...    83 C-G ...
 -154.9881  -30.7681   17.9936
    0.9126   -0.4075    0.0326
   -0.1313   -0.3678   -0.9206
    0.3872    0.8359   -0.3891
...    84 T-A ...
 -153.3650  -28.0519   17.0615
    0.6762   -0.6086   -0.4152
   -0.5560   -0.0518   -0.8296
    0.4834    0.7918   -0.3734
...    85 T-A ...
 -151.5485  -25.5593   16.0574
    0.2440   -0.5302   -0.8120
   -0.8276    0.3226   -0.4593
    0.5054    0.7841   -0.3601
...    86 T-A ...
 -149.6038  -23.1697   15.0038
   -0.2568   -0.2209   -0.9409
   -0.8110    0.5788    0.0854
    0.5257    0.7850   -0.3277
...    87 A-T ...
 -148.1088  -20.2447   14.1898
   -0.6813    0.2548   -0.6862
   -0.4615    0.5782    0.6728
    0.5682    0.7751   -0.2763
...    88 T-A ...
 -146.0219  -18.1007   12.7503
   -0.8033    0.5400   -0.2514
   -0.0527    0.3559    0.9330
    0.5933    0.7627   -0.2574
...    89 G-C ...
 -144.0448  -15.4948   12.2068
   -0.7242    0.5948    0.3488
    0.4170   -0.0251    0.9086
    0.5492    0.8035   -0.2299
...    90 C-G ...
 -142.4245  -12.8201   11.1176
   -0.4079    0.4470    0.7961
    0.7337   -0.3585    0.5772
    0.5434    0.8196   -0.1817
...    91 T-A ...
 -140.9076   -9.9435   10.5525
   -0.0137    0.1308    0.9913
    0.8380   -0.5393    0.0827
    0.5454    0.8319   -0.1023
...    92 T-A ...
 -139.3270   -7.1369   10.3132
    0.4277   -0.2250    0.8755
    0.7051   -0.5230   -0.4789
    0.5656    0.8221   -0.0650
...    93 C-G ...
 -137.4647   -4.4719   10.3025
    0.7116   -0.5398    0.4498
    0.3491   -0.2840   -0.8930
    0.6098    0.7924   -0.0137
...    94 C-G ...
 -135.2622   -1.9563   10.7486
    0.7164   -0.6922   -0.0880
   -0.0465    0.0786   -0.9958
    0.6962    0.7175    0.0241
...    95 G-C ...
 -132.7301    0.2095   10.5130
    0.4837   -0.6210   -0.6168
   -0.3699    0.4936   -0.7871
    0.7932    0.6089    0.0091
...    96 G-C ...
 -129.7487    1.8199   10.5796
    0.1480   -0.3021   -0.9417
   -0.5277    0.7812   -0.3335
    0.8365    0.5463   -0.0438
...    97 T-A ...
 -126.6578    3.0486   10.4615
   -0.1611    0.1455   -0.9762
   -0.5145    0.8317    0.2089
    0.8422    0.5358   -0.0591
...    98 C-G ...
 -123.8462    4.7252   10.1492
   -0.4388    0.6075   -0.6621
   -0.3101    0.5892    0.7461
    0.8434    0.5327   -0.0702
...    99 A-T ...
 -121.1044    6.5986   10.1714
   -0.5893    0.8014   -0.1025
    0.0128    0.1361    0.9906
    0.8078    0.5824   -0.0905
...   100 T-A ...
 -118.5864    8.5080    9.2079
   -0.4919    0.7652    0.4153
    0.3027   -0.2970    0.9056
    0.8163    0.5712   -0.0855
...   101 G-C ...
 -115.8373   10.3791    9.2013
   -0.3103    0.4049    0.8601
    0.5340   -0.6743    0.5101
    0.7865    0.6175   -0.0070
...   102 T-A ...
 -113.6606   12.8596    9.0813
   -0.0209   -0.0279    0.9994
    0.6133   -0.7898   -0.0092
    0.7895    0.6128    0.0336
...   103 T-A ...
 -111.2572   15.0191    9.2877
    0.3062   -0.4805    0.8218
    0.5186   -0.6397   -0.5673
    0.7983    0.5999    0.0533
...   104 A-T ...
 -108.5739   16.9386    9.7366
    0.4468   -0.8208    0.3558
    0.2877   -0.2448   -0.9259
    0.8471    0.5160    0.1268
...   105 T-A ...
 -105.9456   18.5703   10.8305
    0.5142   -0.8434   -0.1555
    0.0335    0.2010   -0.9790
    0.8570    0.4982    0.1316
...   106 A-T ...
 -102.9830   20.0185   11.3114
    0.3625   -0.6226   -0.6936
   -0.2291    0.6618   -0.7138
    0.9034    0.4176    0.0973
...   107 A-T ...
  -99.9540   21.1015   11.7451
    0.1687   -0.1412   -0.9755
   -0.3841    0.9021   -0.1970
    0.9078    0.4079    0.0980
...   108 C-G ...
  -96.7232   21.8239   11.9831
   -0.0768    0.3399   -0.9373
   -0.3988    0.8511    0.3413
    0.9138    0.4000    0.0702
...   109 G-C ...
  -93.8536   23.5130   12.2846
   -0.3686    0.7186   -0.5897
   -0.2521    0.5333    0.8075
    0.8947    0.4463   -0.0155
...   110 G-C ...
  -90.8452   24.9893   11.9095
   -0.5072    0.8602   -0.0536
    0.0080    0.0668    0.9977
    0.8618    0.5056   -0.0407
...   111 A-T ...
  -88.0321   26.6594   11.6758
   -0.4242    0.7232    0.5451
    0.3073   -0.4512    0.8378
    0.8518    0.5229   -0.0308
...   112 C-G ...
  -85.5295   28.7813   11.1993
   -0.2200    0.3691    0.9030
    0.4873   -0.7603    0.4295
    0.8450    0.5345   -0.0126
...   113 T-A ...
  -82.9312   30.8356   11.2516
    0.0200   -0.1160    0.9930
    0.5410   -0.8340   -0.1084
    0.8408    0.5394    0.0460
...   114 C-G ...
  -80.2258   32.6621   11.5159
    0.3000   -0.6011    0.7407
    0.4316   -0.6070   -0.6673
    0.8507    0.5199    0.0773
...   115 G-C ...
  -77.2233   34.1244   11.6007
    0.3783   -0.8942    0.2395
    0.2173   -0.1657   -0.9619
    0.8998    0.4159    0.1316
...   116 T-A ...
  -74.3459   35.3524   12.6652
    0.3982   -0.8679   -0.2969
   -0.0053    0.3215   -0.9469
    0.9173    0.3786    0.1235
...   117 A-T ...
  -71.2187   36.4190   13.0961
    0.2349   -0.5673   -0.7893
   -0.2018    0.7659   -0.6105
    0.9509    0.3027    0.0654
...   118 T-A ...
  -67.9858   36.7735   13.5629
    0.0892   -0.1124   -0.9896
   -0.2866    0.9487   -0.1336
    0.9539    0.2955    0.0525
...   119 A-T ...
  -64.8024   37.7489   13.6103
   -0.1657    0.4309   -0.8871
   -0.2548    0.8502    0.4606
    0.9527    0.3024   -0.0311
...   120 A-T ...
  -61.6732   38.5416   13.2880
   -0.2821    0.8355   -0.4715
   -0.1082    0.4606    0.8810
    0.9533    0.2995   -0.0396
...   121 T-A ...
  -58.5805   39.3434   12.4866
   -0.2964    0.9543    0.0376
    0.0540   -0.0226    0.9983
    0.9535    0.2979   -0.0448
...   122 G-C ...
  -55.4559   40.4675   12.6257
   -0.2861    0.7438    0.6041
    0.2451   -0.5527    0.7965
    0.9263    0.3760   -0.0242
...   123 T-A ...
  -52.6407   42.1807   12.2052
   -0.1308    0.3381    0.9320
    0.3623   -0.8587    0.3624
    0.9228    0.3851   -0.0101
...   124 G-C ...
  -49.5071   43.2685   12.3917
    0.0293   -0.2432    0.9695
    0.3900   -0.8903   -0.2351
    0.9203    0.3850    0.0688
...   125 T-A ...
  -46.7274   45.0016   12.9645
    0.2076   -0.6809    0.7024
    0.3126   -0.6342   -0.7072
    0.9269    0.3664    0.0812
...   126 C-G ...
  -43.7085   46.2231   13.3541
    0.3186   -0.9353    0.1537
    0.1298   -0.1176   -0.9845
    0.9389    0.3337    0.0839
...   127 G-C ...
  -40.5415   47.2823   13.3077
    0.2115   -0.8835   -0.4179
   -0.0553    0.4161   -0.9076
    0.9758    0.2151    0.0391
...   128 A-T ...
  -37.3443   47.8960   13.5170
    0.0848   -0.4951   -0.8647
   -0.1615    0.8495   -0.5023
    0.9832    0.1823   -0.0079
...   129 C-G ...
  -34.0590   47.8499   13.6139
   -0.0595    0.0009   -0.9982
   -0.1659    0.9861    0.0108
    0.9843    0.1663   -0.0585
...   130 C-G ...
  -30.7360   48.0838   13.1187
   -0.2408    0.5054   -0.8286
   -0.0707    0.8423    0.5344
    0.9680    0.1873   -0.1670
...   131 A-T ...
  -27.5600   48.8763   12.4974
   -0.3446    0.8632   -0.3691
    0.1284    0.4328    0.8923
    0.9299    0.2600   -0.2600
...   132 A-T ...
  -24.6353   49.7071   11.3634
   -0.2055    0.9579    0.2003
    0.3151   -0.1290    0.9403
    0.9266    0.2563   -0.2753
...   133 A-T ...
  -21.7520   50.6778   10.2129
    0.0359    0.7185    0.6946
    0.3806   -0.6525    0.6552
    0.9240    0.2409   -0.2969
...   134 T-A ...
  -19.0159   52.0243    8.9250
    0.2452    0.2905    0.9249
    0.3073   -0.9281    0.2101
    0.9195    0.2328   -0.3169
...   135 G-C ...
  -16.4637   53.8824    7.5154
    0.5339   -0.3333    0.7771
    0.0346   -0.9097   -0.4139
    0.8449    0.2479   -0.4741
...   136 T-A ...
  -14.1749   56.5546    6.1809
    0.5795   -0.7269    0.3685
   -0.3141   -0.6164   -0.7221
    0.7521    0.3026   -0.5855
...   137 G-C ...
  -11.6538   57.9992    4.7205
    0.2452   -0.9542   -0.1714
   -0.6323   -0.0234   -0.7744
    0.7349    0.2983   -0.6091
...   138 A-T ...
   -8.6758   58.7133    3.6025
   -0.0345   -0.7815   -0.6229
   -0.6536    0.4891   -0.5775
    0.7560    0.3872   -0.5277
...   139 G-C ...
   -6.3274   59.0726    1.6297
   -0.2969   -0.3279   -0.8968
   -0.5657    0.8171   -0.1114
    0.7693    0.4742   -0.4281
...   140 C-G ...
   -3.4368   60.2278    1.0288
   -0.4426    0.2287   -0.8671
   -0.1681    0.9286    0.3308
    0.8808    0.2922   -0.3725
...   141 G-C ...
   -0.6976   63.8911   -2.2509
   -0.9992    0.0157   -0.0376
   -0.0024    0.8991    0.4378
    0.0407    0.4375   -0.8983
...   142 C-G ...
   -1.0064   65.5987   -4.9400
   -0.8337    0.5216    0.1813
    0.5170    0.6219    0.5881
    0.1940    0.5841   -0.7882
...   143 T-A ...
   -0.1332   66.2084   -7.8195
   -0.3753    0.8566    0.3540
    0.8856    0.2187    0.4098
    0.2736    0.4673   -0.8407
...   144 C-G ...
   -0.1665   67.4019  -10.8067
    0.1797    0.8793    0.4411
    0.9277   -0.3007    0.2214
    0.3273    0.3694   -0.8697
...   145 A-T ...
    0.5267   69.2312  -13.4659
    0.7352    0.4964    0.4616
    0.6118   -0.7791   -0.1367
    0.2918    0.3829   -0.8765
...   146 C-G ...
    1.4339   72.0891  -15.6018
    0.9809    0.0621    0.1844
    0.1264   -0.9240   -0.3608
    0.1480    0.3772   -0.9142
...   147 A-T ...
    2.3048   74.2222  -18.3862
    0.8657   -0.4292   -0.2575
   -0.4984   -0.7868   -0.3642
   -0.0463    0.4436   -0.8950
