  147 base-pairs
...     1 A-T ...
    0.0000    0.0000    0.0000
    1.0000    0.0000    0.0000
    0.0000    1.0000    0.0000
    0.0000    0.0000    1.0000
...     2 G-C ...
   -0.1394   -1.2357    3.2268
    0.7529    0.6366    0.1670
   -0.6386    0.7680   -0.0486
   -0.1592   -0.0700    0.9848
...     3 T-A ...
   -0.0365   -3.2932    6.3751
    0.2722    0.9301    0.2466
   -0.9238    0.3243   -0.2033
   -0.2691   -0.1725    0.9475
...     4 G-C ...
   -0.3505   -4.1660    9.4928
   -0.3756    0.9250    0.0579
   -0.8781   -0.3352   -0.3415
   -0.2965   -0.1791    0.9381
...     5 A-T ...
   -0.4462   -4.1476   12.7498
   -0.8116    0.5840   -0.0165
   -0.5523   -0.7762   -0.3042
   -0.1905   -0.2378    0.9524
...     6 G-C ...
   -1.5908   -4.1730   15.6201
   -0.9976    0.0246   -0.0651
   -0.0043   -0.9555   -0.2950
   -0.0695   -0.2940    0.9533
...     7 C-G ...
   -1.1030   -4.4824   18.7362
   -0.8441   -0.5304   -0.0787
    0.5345   -0.8441   -0.0432
   -0.0435   -0.0785    0.9960
...     8 G-C ...
   -2.4028   -7.7290   23.1475
   -0.2754   -0.3293   -0.9032
    0.6650   -0.7437    0.0684
   -0.6942   -0.5818    0.4238
...     9 C-G ...
   -4.4690   -9.9728   24.1132
    0.1145   -0.7025   -0.7024
    0.8512   -0.2952    0.4340
   -0.5122   -0.6476    0.5642
...    10 T-A ...
   -6.7405  -10.8752   25.9697
    0.4841   -0.8363   -0.2574
    0.6595    0.1553    0.7355
   -0.5751   -0.5258    0.6267
...    11 C-G ...
   -9.1656  -12.6208   27.1640
    0.7073   -0.6682    0.2307
    0.3448    0.6110    0.7126
   -0.6171   -0.4245    0.6626
...    12 A-T ...
  -10.9234  -14.6633   29.0693
    0.7515   -0.1377    0.6452
   -0.2029    0.8824    0.4246
   -0.6277   -0.4500    0.6352
...    13 C-G ...
  -11.8476  -17.4863   31.2451
    0.4295    0.2823    0.8578
   -0.5708    0.8209    0.0156
   -0.6998   -0.4963    0.5137
...    14 A-T ...
  -13.5897  -19.7827   33.4259
   -0.1504    0.6104    0.7777
   -0.6874    0.5008   -0.5260
   -0.7106   -0.6136    0.3443
...    15 A-T ...
  -15.8181  -21.7983   34.6417
   -0.4858    0.8094    0.3299
   -0.4879    0.0620   -0.8707
   -0.7252   -0.5840    0.3648
...    16 T-A ...
  -17.9161  -23.6400   36.5615
   -0.6960    0.6971   -0.1725
   -0.1485   -0.3747   -0.9152
   -0.7026   -0.6113    0.3643
...    17 T-A ...
  -20.1840  -25.4256   38.1341
   -0.6787    0.3240   -0.6591
    0.2878   -0.7083   -0.6445
   -0.6757   -0.6272    0.3875
...    18 T-A ...
  -22.4793  -27.2349   39.5262
   -0.3993   -0.1175   -0.9092
    0.6130   -0.7717   -0.1695
   -0.6817   -0.6251    0.3802
...    19 A-T ...
  -24.6373  -29.4794   40.7141
    0.0542   -0.4994   -0.8647
    0.7216   -0.5790    0.3796
   -0.6902   -0.6445    0.3290
...    20 T-A ...
  -27.3783  -31.2098   41.4428
    0.3993   -0.7386   -0.5432
    0.5994   -0.2381    0.7642
   -0.6938   -0.6308    0.3476
...    21 T-A ...
  -29.8032  -33.2339   42.3017
    0.6619   -0.7494   -0.0177
    0.2691    0.2156    0.9387
   -0.6996   -0.6261    0.3444
...    22 C-G ...
  -32.0748  -35.3321   43.3865
    0.7199   -0.4690    0.5116
   -0.1669    0.5986    0.7835
   -0.6737   -0.6494    0.3526
...    23 G-C ...
  -34.3563  -37.1261   45.0962
    0.6016    0.0336    0.7981
   -0.5553    0.7358    0.3876
   -0.5742   -0.6764    0.4613
...    24 C-G ...
  -35.9629  -39.5893   46.5115
    0.2613    0.4502    0.8538
   -0.7840    0.6150   -0.0843
   -0.5630   -0.6474    0.5137
...    25 A-T ...
  -38.0402  -41.5452   48.1194
   -0.1553    0.7703    0.6185
   -0.8043    0.2649   -0.5320
   -0.5736   -0.5800    0.5784
...    26 A-T ...
  -39.7735  -43.3834   50.2064
   -0.5646    0.7975    0.2127
   -0.5890   -0.2088   -0.7807
   -0.5781   -0.5661    0.5876
...    27 A-T ...
  -41.4314  -45.0661   52.4381
   -0.8002    0.5396   -0.2619
   -0.1664   -0.6192   -0.7674
   -0.5762   -0.5705    0.5853
...    28 G-C ...
  -43.4628  -46.5164   54.6957
   -0.7305    0.1792   -0.6590
    0.2523   -0.8259   -0.5042
   -0.6347   -0.5345    0.5581
...    29 G-C ...
  -45.9432  -47.9770   56.5874
   -0.4158   -0.2567   -0.8725
    0.5952   -0.8022   -0.0476
   -0.6876   -0.5391    0.4863
...    30 C-G ...
  -48.5239  -49.4648   57.9227
    0.0070   -0.6158   -0.7879
    0.7049   -0.5558    0.4407
   -0.7093   -0.5584    0.4302
...    31 C-G ...
  -51.1239  -51.1346   59.2110
    0.4400   -0.7768   -0.4506
    0.5702   -0.1459    0.8084
   -0.6937   -0.6126    0.3787
...    32 G-C ...
  -52.9681  -53.1812   60.5209
    0.7255   -0.6879   -0.0214
    0.2459    0.2301    0.9416
   -0.6427   -0.6884    0.3361
...    33 G-C ...
  -54.7438  -55.9092   61.4305
    0.7708   -0.4195    0.4795
   -0.2151    0.5371    0.8157
   -0.5997   -0.7319    0.3237
...    34 C-G ...
  -56.4649  -58.5487   62.2897
    0.5501   -0.0341    0.8344
   -0.6065    0.6706    0.4272
   -0.5741   -0.7410    0.3483
...    35 C-G ...
  -58.0036  -61.2538   63.6581
    0.1543    0.3749    0.9141
   -0.8149    0.5715   -0.0968
   -0.5587   -0.7299    0.3937
...    36 C-G ...
  -59.5904  -63.8098   65.1509
   -0.2750    0.6611    0.6981
   -0.7779    0.2737   -0.5656
   -0.5650   -0.6986    0.4391
...    37 G-C ...
  -61.8384  -66.1366   65.9420
   -0.5882    0.7708    0.2446
   -0.5023   -0.1111   -0.8575
   -0.6338   -0.6273    0.4526
...    38 A-T ...
  -63.7001  -68.2178   67.3781
   -0.7550    0.5842   -0.2977
   -0.0590   -0.5127   -0.8565
   -0.6531   -0.6291    0.4215
...    39 C-G ...
  -65.9848  -69.7773   68.9624
   -0.6353    0.2911   -0.7153
    0.3173   -0.7461   -0.5854
   -0.7041   -0.5988    0.3816
...    40 A-T ...
  -68.5037  -71.6016   70.1308
   -0.2737   -0.0789   -0.9586
    0.5775   -0.8105   -0.0982
   -0.7692   -0.5804    0.2674
...    41 C-G ...
  -71.3534  -73.1455   70.6092
    0.0964   -0.4360   -0.8948
    0.6153   -0.6805    0.3979
   -0.7824   -0.5889    0.2027
...    42 G-C ...
  -73.6493  -75.4302   71.3407
    0.4777   -0.7076   -0.5207
    0.3926   -0.3582    0.8471
   -0.7859   -0.6091    0.1067
...    43 A-T ...
  -76.1578  -77.3515   71.6095
    0.6111   -0.7884    0.0714
    0.0388    0.1199    0.9920
   -0.7906   -0.6034    0.1038
...    44 C-G ...
  -78.6065  -79.5807   71.3192
    0.5575   -0.5967    0.5771
   -0.3004    0.5030    0.8104
   -0.7739   -0.6252    0.1012
...    45 T-A ...
  -80.9429  -82.3853   71.2805
    0.2943   -0.2338    0.9266
   -0.5475    0.7535    0.3641
   -0.7833   -0.6145    0.0937
...    46 T-A ...
  -83.2146  -84.7320   71.3489
   -0.0514    0.1561    0.9864
   -0.5952    0.7883   -0.1558
   -0.8020   -0.5951    0.0524
...    47 A-T ...
  -85.8348  -86.7383   71.6351
   -0.3033    0.6159    0.7271
   -0.4668    0.5692   -0.6769
   -0.8307   -0.5447    0.1148
...    48 C-G ...
  -88.2376  -88.7957   72.5298
   -0.4575    0.8473    0.2697
   -0.2400    0.1744   -0.9550
   -0.8562   -0.5016    0.1236
...    49 T-A ...
  -91.2989  -90.3058   73.5834
   -0.4298    0.8493   -0.3065
    0.0563   -0.3136   -0.9479
   -0.9012   -0.4246    0.0869
...    50 T-A ...
  -94.2297  -91.4767   74.0052
   -0.2455    0.5868   -0.7716
    0.2484   -0.7313   -0.6352
   -0.9370   -0.3476    0.0338
...    51 C-G ...
  -97.2005  -92.5834   73.6538
    0.0269    0.1231   -0.9920
    0.2845   -0.9523   -0.1105
   -0.9583   -0.2793   -0.0607
...    52 A-T ...
 -100.6485  -92.6871   73.3074
    0.2861   -0.3270   -0.9007
    0.1023   -0.9242    0.3680
   -0.9527   -0.1974   -0.2309
...    53 T-A ...
 -103.6810  -92.9394   72.1955
    0.3377   -0.7275   -0.5972
   -0.0748   -0.6532    0.7534
   -0.9383   -0.2098   -0.2750
...    54 G-C ...
 -106.7449  -93.6226   70.9728
    0.2612   -0.9647   -0.0340
   -0.2921   -0.1126    0.9497
   -0.9200   -0.2381   -0.3112
...    55 T-A ...
 -109.5932  -94.4614   69.3568
    0.0365   -0.8780    0.4772
   -0.3841    0.4285    0.8178
   -0.9226   -0.2132   -0.3216
...    56 T-A ...
 -112.4680  -95.2438   68.1269
   -0.2429   -0.4877    0.8385
   -0.3266    0.8551    0.4027
   -0.9134   -0.1760   -0.3670
...    57 A-T ...
 -115.6134  -95.5045   66.8528
   -0.4138    0.1465    0.8985
   -0.0595    0.9805   -0.1872
   -0.9084   -0.1309   -0.3970
...    58 T-A ...
 -118.5175  -96.5466   65.8495
   -0.3953    0.6105    0.6863
    0.1823    0.7844   -0.5928
   -0.9003   -0.1092   -0.4214
...    59 A-T ...
 -121.4987  -96.7713   64.4507
   -0.1246    0.9435    0.3071
    0.3623    0.3314   -0.8711
   -0.9237    0.0027   -0.3832
...    60 A-T ...
 -124.4562  -96.6814   63.4406
    0.1685    0.9759   -0.1385
    0.3690   -0.1927   -0.9092
   -0.9140    0.1022   -0.3926
...    61 C-G ...
 -127.6242  -95.8574   62.7436
    0.4057    0.7250   -0.5566
    0.2156   -0.6677   -0.7126
   -0.8882    0.1691   -0.4272
...    62 G-C ...
 -130.1269  -95.2409   60.7575
    0.6453    0.2585   -0.7189
   -0.0840   -0.9113   -0.4031
   -0.7593    0.3205   -0.5663
...    63 G-C ...
 -131.9163  -93.9558   58.2840
    0.6044   -0.2852   -0.7438
   -0.4826   -0.8740   -0.0570
   -0.6339    0.3934   -0.6659
...    64 A-T ...
 -133.6094  -92.7723   55.7637
    0.2090   -0.7367   -0.6431
   -0.7915   -0.5136    0.3312
   -0.5743    0.4398   -0.6905
...    65 G-C ...
 -135.1082  -91.3928   53.0743
   -0.2360   -0.9136   -0.3311
   -0.8109   -0.0025    0.5851
   -0.5354    0.4066   -0.7403
...    66 T-A ...
 -136.3498  -90.1439   50.1713
   -0.6518   -0.7583    0.0151
   -0.5533    0.4890    0.6743
   -0.5187    0.4311   -0.7383
...    67 A-T ...
 -138.0820  -87.6482   48.4031
   -0.9197   -0.1487    0.3633
    0.0737    0.8437    0.5317
   -0.3856    0.5158   -0.7650
...    68 G-C ...
 -139.2420  -86.0484   45.8182
   -0.7322    0.2659    0.6271
    0.5462    0.7793    0.3073
   -0.4070    0.5675   -0.7158
...    69 G-C ...
 -141.2262  -84.5532   43.2348
   -0.2923    0.5864    0.7554
    0.8603    0.5062   -0.0600
   -0.4176    0.6323   -0.6525
...    70 T-A ...
 -142.9102  -82.5967   41.3164
    0.2057    0.7242    0.6581
    0.8976    0.1283   -0.4217
   -0.3898    0.6775   -0.6237
...    71 A-T ...
 -144.6909  -80.0298   39.7811
    0.7170    0.5480    0.4307
    0.6330   -0.2534   -0.7315
   -0.2917    0.7972   -0.5286
...    72 T-A ...
 -145.8192  -77.1971   38.6860
    0.9516    0.3009    0.0629
    0.2044   -0.4665   -0.8606
   -0.2296    0.8318   -0.5054
...    73 C-G ...
 -146.3368  -74.1268   37.1969
    0.8930   -0.0995   -0.4390
   -0.4239   -0.5139   -0.7458
   -0.1514    0.8521   -0.5011
...    74 T-A ...
 -146.4213  -71.2562   35.6338
    0.5522   -0.4153   -0.7230
   -0.8313   -0.3402   -0.4395
   -0.0634    0.8437   -0.5330
...    75 C-G ...
 -146.6747  -68.8486   33.4885
   -0.0314   -0.5450   -0.8379
   -0.9986    0.0523    0.0034
    0.0420    0.8368   -0.5459
...    76 G-C ...
 -147.0904  -66.1203   31.7335
   -0.5677   -0.4499   -0.6894
   -0.8191    0.3919    0.4188
    0.0818    0.8025   -0.5910
...    77 A-T ...
 -146.8403  -63.3350   29.9497
   -0.9468   -0.1079   -0.3032
   -0.3081    0.5766    0.7567
    0.0931    0.8099   -0.5792
...    78 G-C ...
 -146.4491  -60.7038   28.0173
   -0.9626    0.2273    0.1477
    0.2470    0.5110    0.8234
    0.1117    0.8290   -0.5480
...    79 C-G ...
 -146.2127  -58.0745   25.8267
   -0.6400    0.4565    0.6181
    0.7607    0.2632    0.5933
    0.1082    0.8499   -0.5158
...    80 T-A ...
 -146.0814  -55.2785   24.0306
   -0.1659    0.4667    0.8687
    0.9792   -0.0266    0.2012
    0.1170    0.8840   -0.4525
...    81 C-G ...
 -145.7624  -52.2768   22.5578
    0.4022    0.3069    0.8626
    0.9036   -0.2851   -0.3198
    0.1478    0.9080   -0.3919
...    82 G-C ...
 -144.7009  -49.4555   21.4069
    0.7893   -0.0001    0.6141
    0.5707   -0.3692   -0.7335
    0.2268    0.9294   -0.2913
...    83 G-C ...
 -143.8455  -46.2954   20.7973
    0.9449   -0.2897    0.1525
    0.0640   -0.2934   -0.9538
    0.3211    0.9110   -0.2587
...    84 G-C ...
 -142.3329  -43.3172   20.3143
    0.7892   -0.5045   -0.3503
   -0.4217   -0.0304   -0.9062
    0.4465    0.8629   -0.2367
...    85 A-T ...
 -140.6402  -40.5271   19.7474
    0.3837   -0.4369   -0.8136
   -0.7901    0.3007   -0.5341
    0.4780    0.8478   -0.2298
...    86 T-A ...
 -138.5211  -38.0527   19.1677
   -0.0856   -0.2229   -0.9711
   -0.8668    0.4973   -0.0377
    0.4913    0.8385   -0.2358
...    87 C-G ...
 -136.6405  -35.4221   18.2467
   -0.5814    0.1413   -0.8012
   -0.6380    0.5320    0.5568
    0.5050    0.8349   -0.2191
...    88 C-G ...
 -134.9286  -32.7482   17.3640
   -0.8642    0.3399   -0.3711
   -0.2309    0.3875    0.8925
    0.4471    0.8570   -0.2564
...    89 G-C ...
 -133.5505  -29.7855   17.0045
   -0.8778    0.4275    0.2161
    0.2964    0.1303    0.9461
    0.3763    0.8946   -0.2411
...    90 C-G ...
 -132.4087  -26.7720   15.7411
   -0.5595    0.4022    0.7247
    0.7353   -0.1626    0.6580
    0.3824    0.9010   -0.2048
...    91 T-A ...
 -131.4844  -23.5805   14.8834
   -0.0712    0.1948    0.9783
    0.9245   -0.3554    0.1380
    0.3746    0.9142   -0.1548
...    92 T-A ...
 -130.6080  -20.4820   14.5246
    0.4522   -0.0592    0.8900
    0.8009   -0.4122   -0.4343
    0.3925    0.9092   -0.1390
...    93 T-A ...
 -129.3828  -17.5135   14.2536
    0.7907   -0.3358    0.5119
    0.4256   -0.2996   -0.8539
    0.4401    0.8930   -0.0940
...    94 A-T ...
 -127.6153  -14.6713   14.0390
    0.8151   -0.5780   -0.0388
   -0.0570   -0.0133   -0.9983
    0.5764    0.8160   -0.0438
...    95 A-T ...
 -125.6499  -12.2000   14.1261
    0.6265   -0.5340   -0.5678
   -0.4658    0.3276   -0.8220
    0.6250    0.7794   -0.0435
...    96 C-G ...
 -123.1326  -10.0034   14.4032
    0.2875   -0.2834   -0.9149
   -0.7110    0.5769   -0.4021
    0.6418    0.7661   -0.0356
...    97 A-T ...
 -120.8797   -7.5475   14.1009
   -0.2121    0.0513   -0.9759
   -0.7279    0.6581    0.1928
    0.6521    0.7512   -0.1022
...    98 C-G ...
 -118.2861   -5.4840   13.3700
   -0.5670    0.3826   -0.7295
   -0.5026    0.5410    0.6743
    0.6527    0.7490   -0.1145
...    99 T-A ...
 -115.7865   -3.0861   12.2591
   -0.7529    0.6172   -0.2283
   -0.1032    0.2319    0.9673
    0.6499    0.7518   -0.1109
...   100 T-A ...
 -113.7062   -0.6881   11.5142
   -0.6441    0.6684    0.3720
    0.3444   -0.1808    0.9212
    0.6830    0.7215   -0.1138
...   101 T-A ...
 -111.5858    1.7141   10.9048
   -0.3274    0.4522    0.8297
    0.6400   -0.5398    0.5468
    0.6951    0.7100   -0.1127
...   102 A-T ...
 -109.0738    3.9200   10.7026
    0.0659    0.0101    0.9978
    0.7039   -0.7092   -0.0393
    0.7072    0.7049   -0.0539
...   103 T-A ...
 -107.2900    6.6128   10.8746
    0.3462   -0.3627    0.8652
    0.5935   -0.6296   -0.5014
    0.7266    0.6871   -0.0027
...   104 G-C ...
 -104.8961    8.9179   11.2055
    0.5538   -0.7383    0.3850
    0.2956   -0.2579   -0.9198
    0.7784    0.6232    0.0754
...   105 C-G ...
 -102.2203   10.6496   11.9243
    0.5701   -0.8028   -0.1746
   -0.0437    0.1826   -0.9822
    0.8204    0.5676    0.0690
...   106 T-A ...
  -99.1302   12.1225   12.4941
    0.4251   -0.5751   -0.6990
   -0.3081    0.6342   -0.7092
    0.8511    0.5168    0.0924
...   107 T-A ...
  -96.2729   13.5304   12.8625
    0.1447   -0.1468   -0.9785
   -0.4642    0.8633   -0.1982
    0.8738    0.4829    0.0568
...   108 C-G ...
  -93.2416   14.9192   12.8804
   -0.1702    0.3714   -0.9127
   -0.4429    0.7986    0.4076
    0.8803    0.4736    0.0286
...   109 C-G ...
  -90.2965   16.3853   12.8006
   -0.4543    0.6902   -0.5633
   -0.2700    0.4959    0.8254
    0.8490    0.5270   -0.0389
...   110 G-C ...
  -87.8061   18.1789   12.9478
   -0.5970    0.8003   -0.0562
    0.0211    0.0857    0.9961
    0.8019    0.5935   -0.0681
...   111 G-C ...
  -85.3844   20.4803   12.5317
   -0.5265    0.6799    0.5104
    0.3663   -0.3603    0.8579
    0.7672    0.6387   -0.0594
...   112 C-G ...
  -83.1971   22.9757   12.0672
   -0.2683    0.3456    0.8992
    0.5955   -0.6743    0.4368
    0.7572    0.6527   -0.0249
...   113 T-A ...
  -80.8538   25.3185   11.9903
    0.0482   -0.0862    0.9951
    0.6513   -0.7526   -0.0968
    0.7573    0.6528    0.0198
...   114 C-G ...
  -78.3044   27.4449   12.1720
    0.3821   -0.5305    0.7567
    0.5170   -0.5559   -0.6509
    0.7660    0.6399    0.0619
...   115 G-C ...
  -75.5286   29.2740   12.0208
    0.5352   -0.8104    0.2382
    0.2105   -0.1452   -0.9668
    0.8181    0.5675    0.0929
...   116 T-A ...
  -72.7404   30.7665   12.9886
    0.5168   -0.7970   -0.3126
   -0.0958    0.3090   -0.9462
    0.8507    0.5189    0.0833
...   117 A-T ...
  -69.6151   32.0335   13.6921
    0.2842   -0.5376   -0.7939
   -0.3301    0.7225   -0.6075
    0.9001    0.4347    0.0279
...   118 T-A ...
  -66.4804   32.7939   14.0776
    0.0833   -0.1051   -0.9910
   -0.4217    0.8972   -0.1307
    0.9029    0.4288    0.0304
...   119 A-T ...
  -63.5257   34.3784   14.1554
   -0.2161    0.4229   -0.8800
   -0.3595    0.8035    0.4744
    0.9078    0.4189   -0.0216
...   120 A-T ...
  -60.5058   35.5015   13.8104
   -0.3915    0.7969   -0.4600
   -0.1629    0.4320    0.8870
    0.9056    0.4222   -0.0393
...   121 T-A ...
  -57.5050   36.7264   12.9918
   -0.4077    0.9106    0.0671
    0.0686   -0.0428    0.9967
    0.9105    0.4110   -0.0451
...   122 G-C ...
  -54.4579   38.2419   12.6778
   -0.3351    0.6860    0.6459
    0.3024   -0.5709    0.7633
    0.8923    0.4511   -0.0162
...   123 T-A ...
  -51.7517   40.0809   12.3632
   -0.1401    0.3044    0.9422
    0.4283   -0.8393    0.3349
    0.8927    0.4504   -0.0128
...   124 G-C ...
  -48.8097   41.6631   12.3915
    0.0754   -0.2630    0.9618
    0.4501   -0.8518   -0.2682
    0.8898    0.4531    0.0542
...   125 T-A ...
  -46.1981   43.5037   12.7972
    0.2580   -0.6841    0.6822
    0.3461   -0.5938   -0.7264
    0.9020    0.4236    0.0836
...   126 C-G ...
  -43.3386   44.8305   13.1537
    0.4091   -0.9033    0.1293
    0.1343   -0.0806   -0.9877
    0.9026    0.4214    0.0884
...   127 G-C ...
  -40.2687   46.0202   12.9716
    0.2380   -0.8902   -0.3885
   -0.0593    0.3859   -0.9206
    0.9695    0.2421    0.0391
...   128 A-T ...
  -37.2303   46.8456   13.1949
    0.1422   -0.5075   -0.8499
   -0.2022    0.8256   -0.5268
    0.9690    0.2467    0.0148
...   129 C-G ...
  -33.9512   46.8873   13.5242
   -0.0356   -0.0135   -0.9993
   -0.2275    0.9738   -0.0050
    0.9731    0.2272   -0.0378
...   130 C-G ...
  -30.6083   47.1691   12.8491
   -0.2610    0.4602   -0.8486
   -0.1235    0.8559    0.5021
    0.9574    0.2359   -0.1666
...   131 A-T ...
  -27.5549   48.5421   12.5375
   -0.3826    0.8337   -0.3982
    0.0865    0.4614    0.8830
    0.9198    0.3034   -0.2487
...   132 A-T ...
  -24.6273   49.5948   11.4805
   -0.2558    0.9507    0.1754
    0.3039   -0.0931    0.9481
    0.9177    0.2958   -0.2651
...   133 A-T ...
  -21.7778   50.6382   10.2331
    0.0268    0.7265    0.6867
    0.3826   -0.6420    0.6643
    0.9235    0.2450   -0.2952
...   134 T-A ...
  -19.0159   52.0244    8.9251
    0.2452    0.2905    0.9249
    0.3073   -0.9281    0.2101
    0.9195    0.2328   -0.3169
...   135 G-C ...
  -16.4636   53.8825    7.5154
    0.5339   -0.3333    0.7771
    0.0346   -0.9097   -0.4139
    0.8449    0.2479   -0.4741
...   136 T-A ...
  -14.1748   56.5547    6.1809
    0.5795   -0.7269    0.3685
   -0.3141   -0.6164   -0.7221
    0.7521    0.3026   -0.5855
...   137 G-C ...
  -11.6537   57.9992    4.7206
    0.2452   -0.9542   -0.1714
   -0.6323   -0.0234   -0.7744
    0.7349    0.2983   -0.6091
...   138 A-T ...
   -8.6758   58.7133    3.6026
   -0.0345   -0.7815   -0.6229
   -0.6536    0.4891   -0.5775
    0.7560    0.3872   -0.5277
...   139 G-C ...
   -6.3274   59.0727    1.6298
   -0.2969   -0.3279   -0.8968
   -0.5657    0.8171   -0.1114
    0.7693    0.4742   -0.4281
...   140 C-G ...
   -3.4368   60.2279    1.0288
   -0.4426    0.2287   -0.8671
   -0.1681    0.9286    0.3308
    0.8808    0.2922   -0.3725
...   141 G-C ...
   -0.6975   63.8912   -2.2508
   -0.9992    0.0157   -0.0376
   -0.0024    0.8991    0.4378
    0.0407    0.4375   -0.8983
...   142 C-G ...
   -1.0064   65.5988   -4.9399
   -0.8337    0.5216    0.1813
    0.5170    0.6219    0.5881
    0.1940    0.5841   -0.7882
...   143 T-A ...
   -0.1332   66.2085   -7.8195
   -0.3753    0.8566    0.3540
    0.8856    0.2187    0.4098
    0.2736    0.4673   -0.8407
...   144 C-G ...
   -0.1665   67.4020  -10.8066
    0.1798    0.8793    0.4411
    0.9277   -0.3007    0.2214
    0.3273    0.3694   -0.8697
...   145 A-T ...
    0.5268   69.2313  -13.4658
    0.7352    0.4964    0.4616
    0.6118   -0.7791   -0.1367
    0.2918    0.3829   -0.8765
...   146 C-G ...
    1.4339   72.0892  -15.6017
    0.9809    0.0621    0.1844
    0.1264   -0.9240   -0.3608
    0.1480    0.3772   -0.9142
...   147 A-T ...
    2.3048   74.2223  -18.3861
    0.8657   -0.4292   -0.2575
   -0.4984   -0.7868   -0.3642
   -0.0463    0.4436   -0.8950
