  147 base-pairs
...     1 A-T ...
    0.0000    0.0000    0.0000
    1.0000    0.0000    0.0000
    0.0000    1.0000    0.0000
    0.0000    0.0000    1.0000
...     2 G-C ...
   -0.1394   -1.2357    3.2268
    0.7529    0.6366    0.1670
   -0.6386    0.7680   -0.0486
   -0.1592   -0.0700    0.9848
...     3 T-A ...
   -0.0365   -3.2932    6.3751
    0.2722    0.9301    0.2466
   -0.9238    0.3243   -0.2033
   -0.2691   -0.1725    0.9475
...     4 G-C ...
   -0.3505   -4.1660    9.4928
   -0.3756    0.9250    0.0579
   -0.8781   -0.3352   -0.3415
   -0.2965   -0.1791    0.9381
...     5 A-T ...
   -0.4462   -4.1476   12.7498
   -0.8116    0.5840   -0.0165
   -0.5523   -0.7762   -0.3042
   -0.1905   -0.2378    0.9524
...     6 G-C ...
   -1.5908   -4.1730   15.6201
   -0.9976    0.0246   -0.0651
   -0.0043   -0.9555   -0.2950
   -0.0695   -0.2940    0.9533
...     7 C-G ...
   -1.1030   -4.4824   18.7362
   -0.8441   -0.5304   -0.0787
    0.5345   -0.8441   -0.0432
   -0.0435   -0.0785    0.9960
...     8 G-C ...
   -2.4028   -7.7290   23.1475
   -0.2754   -0.3293   -0.9032
    0.6650   -0.7437    0.0684
   -0.6942   -0.5818    0.4238
...     9 C-G ...
   -4.4690   -9.9728   24.1132
    0.1145   -0.7025   -0.7024
    0.8512   -0.2952    0.4340
   -0.5122   -0.6476    0.5642
...    10 T-A ...
   -6.7405  -10.8752   25.9697
    0.4841   -0.8363   -0.2574
    0.6595    0.1553    0.7355
   -0.5751   -0.5258    0.6267
...    11 C-G ...
   -9.1656  -12.6208   27.1640
    0.7073   -0.6682    0.2307
    0.3448    0.6110    0.7126
   -0.6171   -0.4245    0.6626
...    12 A-T ...
  -10.9234  -14.6633   29.0693
    0.7515   -0.1377    0.6452
   -0.2029    0.8824    0.4246
   -0.6277   -0.4500    0.6352
...    13 C-G ...
  -11.8476  -17.4863   31.2451
    0.4295    0.2823    0.8578
   -0.5708    0.8209    0.0156
   -0.6998   -0.4963    0.5137
...    14 A-T ...
  -13.5897  -19.7827   33.4259
   -0.1504    0.6104    0.7777
   -0.6874    0.5008   -0.5260
   -0.7106   -0.6136    0.3443
...    15 A-T ...
  -15.8258  -21.7940   34.6319
   -0.4840    0.8114    0.3277
   -0.4866    0.0617   -0.8715
   -0.7273   -0.5812    0.3650
...    16 T-A ...
  -17.9329  -23.6227   36.5502
   -0.6925    0.6994   -0.1766
   -0.1478   -0.3772   -0.9143
   -0.7061   -0.6070    0.3646
...    17 T-A ...
  -20.2159  -25.3921   38.1197
   -0.6740    0.3256   -0.6632
    0.2858   -0.7129   -0.6404
   -0.6813   -0.6211    0.3874
...    18 T-A ...
  -22.5311  -27.1848   39.4997
   -0.3943   -0.1189   -0.9113
    0.6078   -0.7775   -0.1615
   -0.6893   -0.6176    0.3788
...    19 A-T ...
  -24.7108  -29.4187   40.6973
    0.0577   -0.5170   -0.8540
    0.7130   -0.5774    0.3978
   -0.6988   -0.6319    0.3353
...    20 T-A ...
  -27.4761  -31.1093   41.4404
    0.3964   -0.7564   -0.5203
    0.5889   -0.2253    0.7762
   -0.7044   -0.6140    0.3561
...    21 T-A ...
  -29.9330  -33.0804   42.3258
    0.6495   -0.7602    0.0170
    0.2580    0.2414    0.9355
   -0.7153   -0.6032    0.3529
...    22 C-G ...
  -32.2656  -35.0972   43.4427
    0.7009   -0.4638    0.5419
   -0.1704    0.6289    0.7586
   -0.6926   -0.6240    0.3618
...    23 G-C ...
  -34.6515  -36.7613   45.1390
    0.5865    0.0511    0.8083
   -0.5437    0.7645    0.3462
   -0.6003   -0.6426    0.4762
...    24 C-G ...
  -36.3565  -39.1266   46.6079
    0.2564    0.4786    0.8398
   -0.7649    0.6316   -0.1264
   -0.5909   -0.6099    0.5280
...    25 A-T ...
  -38.5149  -40.9717   48.2349
   -0.1416    0.8029    0.5791
   -0.7842    0.2661   -0.5606
   -0.6042   -0.5335    0.5919
...    26 A-T ...
  -40.3579  -42.6511   50.3573
   -0.5373    0.8280    0.1602
   -0.5812   -0.2259   -0.7818
   -0.6112   -0.5132    0.6026
...    27 A-T ...
  -42.1281  -44.1454   52.6333
   -0.7695    0.5591   -0.3085
   -0.1784   -0.6521   -0.7368
   -0.6132   -0.5120    0.6016
...    28 G-C ...
  -44.2706  -45.3735   54.9190
   -0.7064    0.1767   -0.6854
    0.2225   -0.8638   -0.4520
   -0.6720   -0.4718    0.5708
...    29 G-C ...
  -46.8751  -46.5978   56.8115
   -0.4092   -0.2874   -0.8660
    0.5534   -0.8328    0.0149
   -0.7255   -0.4732    0.4998
...    30 C-G ...
  -49.5645  -47.8879   58.1414
   -0.0088   -0.6653   -0.7465
    0.6618   -0.5635    0.4944
   -0.7496   -0.4897    0.4453
...    31 C-G ...
  -52.2859  -49.3312   59.4615
    0.4038   -0.8310   -0.3826
    0.5395   -0.1214    0.8332
   -0.7388   -0.5429    0.3993
...    32 G-C ...
  -54.2857  -51.1565   60.8692
    0.6792   -0.7320    0.0538
    0.2349    0.2862    0.9290
   -0.6954   -0.6183    0.3663
...    33 G-C ...
  -56.2836  -53.6718   61.9276
    0.7260   -0.4289    0.5376
   -0.1999    0.6163    0.7617
   -0.6580   -0.6605    0.3617
...    34 C-G ...
  -58.2438  -56.0916   62.9168
    0.5224    0.0005    0.8527
   -0.5667    0.7474    0.3467
   -0.6371   -0.6644    0.3907
...    35 C-G ...
  -60.0248  -58.5508   64.4419
    0.1608    0.4464    0.8803
   -0.7629    0.6221   -0.1761
   -0.6262   -0.6432    0.4406
...    36 C-G ...
  -61.8496  -60.8328   66.0993
   -0.2343    0.7473    0.6219
   -0.7363    0.2813   -0.6154
   -0.6348   -0.6021    0.4843
...    37 G-C ...
  -64.2802  -62.8721   67.0602
   -0.5185    0.8421    0.1487
   -0.4906   -0.1506   -0.8582
   -0.7003   -0.5179    0.4912
...    38 A-T ...
  -66.3714  -64.6074   68.6357
   -0.6885    0.6183   -0.3790
   -0.0893   -0.5909   -0.8018
   -0.7197   -0.5181    0.4621
...    39 C-G ...
  -68.8314  -65.7664   70.2925
   -0.5874    0.2734   -0.7618
    0.2539   -0.8315   -0.4942
   -0.7685   -0.4837    0.4189
...    40 A-T ...
  -71.5570  -67.2042   71.5443
   -0.2601   -0.1581   -0.9525
    0.4930   -0.8700    0.0098
   -0.8302   -0.4670    0.3043
...    41 C-G ...
  -74.5685  -68.3927   72.0978
    0.0662   -0.5461   -0.8351
    0.5318   -0.6889    0.4926
   -0.8443   -0.4767    0.2448
...    42 G-C ...
  -77.1100  -70.3164   73.0168
    0.4027   -0.8164   -0.4140
    0.3349   -0.2895    0.8967
   -0.8519   -0.4997    0.1568
...    43 A-T ...
  -79.8307  -71.8891   73.4485
    0.5137   -0.8367    0.1898
    0.0367    0.2425    0.9695
   -0.8572   -0.4911    0.1552
...    44 C-G ...
  -82.5198  -73.8462   73.3786
    0.4719   -0.5764    0.6671
   -0.2503    0.6380    0.7283
   -0.8454   -0.5106    0.1568
...    45 T-A ...
  -85.1856  -76.3219   73.6325
    0.2511   -0.1381    0.9581
   -0.4539    0.8574    0.2426
   -0.8549   -0.4958    0.1526
...    46 T-A ...
  -87.7419  -78.3119   73.9700
   -0.0402    0.3023    0.9524
   -0.4880    0.8258   -0.2827
   -0.8719   -0.4761    0.1143
...    47 A-T ...
  -90.5694  -79.9396   74.5243
   -0.2047    0.7492    0.6299
   -0.3913    0.5272   -0.7543
   -0.8972   -0.4009    0.1852
...    48 C-G ...
  -93.2167  -81.4846   75.6851
   -0.3236    0.9354    0.1427
   -0.2290    0.0689   -0.9710
   -0.9181   -0.3469    0.1919
...    49 T-A ...
  -96.2126  -82.4519   76.8065
   -0.3001    0.8706   -0.3899
   -0.0646   -0.4263   -0.9023
   -0.9517   -0.2455    0.1842
...    50 G-C ...
  -99.5775  -82.8319   77.3008
   -0.1007    0.5454   -0.8321
    0.0502   -0.8325   -0.5518
   -0.9937   -0.0974    0.0564
...    51 T-A ...
 -102.7380  -82.5690   77.6052
    0.0193    0.1008   -0.9947
    0.0621   -0.9931   -0.0994
   -0.9979   -0.0598   -0.0255
...    52 A-T ...
 -105.9783  -82.3070   77.0110
    0.2063   -0.4224   -0.8826
   -0.0451   -0.9052    0.4227
   -0.9775   -0.0474   -0.2058
...    53 G-C ...
 -109.0438  -82.1312   76.0448
    0.2220   -0.8074   -0.5466
   -0.1975   -0.5863    0.7857
   -0.9548   -0.0665   -0.2896
...    54 G-C ...
 -112.1603  -82.1726   74.1157
    0.1178   -0.9927   -0.0273
   -0.3253   -0.0645    0.9434
   -0.9383   -0.1023   -0.3305
...    55 T-A ...
 -115.0414  -82.7248   72.5822
   -0.0965   -0.8841    0.4572
   -0.3478    0.4603    0.8168
   -0.9326   -0.0802   -0.3519
...    56 A-T ...
 -118.0478  -83.2393   71.1328
   -0.2982   -0.4376    0.8483
   -0.2169    0.8965    0.3863
   -0.9295   -0.0688   -0.3623
...    57 T-A ...
 -120.9205  -84.1585   69.7664
   -0.4008    0.0788    0.9128
   -0.0070    0.9960   -0.0890
   -0.9161   -0.0421   -0.3987
...    58 C-G ...
 -124.0647  -84.5484   68.6091
   -0.3146    0.6713    0.6711
    0.2697    0.7411   -0.6148
   -0.9101   -0.0124   -0.4142
...    59 T-A ...
 -127.2246  -84.5736   67.5571
   -0.0503    0.9531    0.2984
    0.3959    0.2933   -0.8702
   -0.9169    0.0744   -0.3921
...    60 C-G ...
 -130.3316  -84.2175   66.3703
    0.2542    0.9471   -0.1958
    0.3442   -0.2778   -0.8969
   -0.9038    0.1606   -0.3966
...    61 G-C ...
 -133.0313  -83.4273   64.6297
    0.6327    0.6286   -0.4523
    0.1304   -0.6622   -0.7379
   -0.7633    0.4078   -0.5010
...    62 A-T ...
 -135.4622  -81.8919   62.9384
    0.6625    0.1258   -0.7385
   -0.2605   -0.8856   -0.3845
   -0.7024    0.4471   -0.5539
...    63 G-C ...
 -137.4258  -80.0513   60.9731
    0.4898   -0.3742   -0.7874
   -0.6008   -0.7994    0.0061
   -0.6317    0.4701   -0.6164
...    64 C-G ...
 -139.0986  -78.2290   58.6161
    0.0687   -0.7795   -0.6226
   -0.8012   -0.4150    0.4311
   -0.5945    0.4692   -0.6530
...    65 T-A ...
 -140.8685  -76.6500   56.3494
   -0.3816   -0.8721   -0.3063
   -0.7388    0.0887    0.6681
   -0.5555    0.4812   -0.6782
...    66 C-G ...
 -142.9067  -75.1235   54.2706
   -0.7610   -0.6322    0.1455
   -0.3734    0.6103    0.6987
   -0.5305    0.4774   -0.7005
...    67 G-C ...
 -144.8787  -72.6779   52.6627
   -0.8278   -0.1721    0.5340
    0.1344    0.8632    0.4866
   -0.5447    0.4746   -0.6914
...    68 G-C ...
 -146.5223  -71.1105   50.1979
   -0.5802    0.3089    0.7536
    0.6108    0.7771    0.1517
   -0.5388    0.5483   -0.6396
...    69 G-C ...
 -148.4304  -69.4549   48.0017
   -0.1035    0.6086    0.7867
    0.8311    0.4874   -0.2678
   -0.5464    0.6261   -0.5563
...    70 A-T ...
 -150.4024  -67.4513   46.2688
    0.4289    0.7386    0.5201
    0.7422    0.0401   -0.6690
   -0.5150    0.6729   -0.5310
...    71 T-A ...
 -152.3961  -65.1240   45.0850
    0.7733    0.6189    0.1378
    0.4186   -0.3351   -0.8441
   -0.4762    0.7104   -0.5182
...    72 C-G ...
 -153.8306  -62.5986   43.5755
    0.9070    0.2643   -0.3279
   -0.1083   -0.6061   -0.7880
   -0.4070    0.7502   -0.5212
...    73 C-G ...
 -154.9830  -59.9785   41.9843
    0.7728   -0.1826   -0.6078
   -0.5669   -0.6290   -0.5319
   -0.2852    0.7556   -0.5897
...    74 G-C ...
 -155.9746  -57.7947   39.7024
    0.3786   -0.5936   -0.7101
   -0.9113   -0.3734   -0.1737
   -0.1620    0.7129   -0.6823
...    75 C-G ...
 -155.9169  -55.4349   37.1504
   -0.2137   -0.7035   -0.6778
   -0.9695    0.0672    0.2359
   -0.1204    0.7075   -0.6963
...    76 T-A ...
 -156.0471  -53.4522   34.2679
   -0.7332   -0.5193   -0.4391
   -0.6781    0.5093    0.5299
   -0.0515    0.6863   -0.7255
...    77 T-A ...
 -155.9579  -51.4467   31.6787
   -0.9936   -0.0555   -0.0987
   -0.1087    0.7108    0.6950
    0.0316    0.7012   -0.7122
...    78 T-A ...
 -155.6306  -49.2899   29.2615
   -0.8506    0.4360    0.2939
    0.5134    0.5682    0.6431
    0.1134    0.6979   -0.7072
...    79 C-G ...
 -154.8670  -46.9447   26.9629
   -0.3764    0.6684    0.6415
    0.9174    0.1723    0.3587
    0.1292    0.7236   -0.6781
...    80 A-T ...
 -154.0661  -44.6867   24.5712
    0.1882    0.5524    0.8121
    0.9687   -0.2407   -0.0608
    0.1619    0.7981   -0.5804
...    81 T-A ...
 -153.9125  -41.8982   22.9343
    0.6259    0.3015    0.7193
    0.7532   -0.4731   -0.4571
    0.2025    0.8278   -0.5232
...    82 G-C ...
 -153.0754  -38.8468   21.4246
    0.8981   -0.1518    0.4128
    0.2777   -0.5321   -0.7998
    0.3411    0.8329   -0.4357
...    83 T-A ...
 -151.8646  -35.8364   20.6732
    0.8976   -0.4395   -0.0352
   -0.2101   -0.3561   -0.9105
    0.3876    0.8247   -0.4119
...    84 T-A ...
 -150.4226  -33.2522   19.5622
    0.6271   -0.5993   -0.4976
   -0.6409   -0.0338   -0.7669
    0.4428    0.7998   -0.4053
...    85 A-T ...
 -148.9460  -30.6328   18.0472
    0.1067   -0.5285   -0.8422
   -0.8714    0.3582   -0.3352
    0.4788    0.7696   -0.4223
...    86 T-A ...
 -146.7685  -28.5293   16.8309
   -0.3304   -0.2533   -0.9092
   -0.8013    0.5843    0.1284
    0.4988    0.7710   -0.3961
...    87 A-T ...
 -145.1685  -25.7085   15.6982
   -0.7391    0.2289   -0.6335
   -0.3985    0.6097    0.6852
    0.5431    0.7588   -0.3594
...    88 A-T ...
 -143.3136  -23.3971   14.4359
   -0.8128    0.5657   -0.1393
    0.0801    0.3453    0.9351
    0.5770    0.7489   -0.3260
...    89 C-G ...
 -141.4758  -21.0629   12.6967
   -0.6263    0.6725    0.3944
    0.4992   -0.0426    0.8654
    0.5988    0.7389   -0.3090
...    90 G-C ...
 -139.4209  -18.6108   12.0907
   -0.3140    0.4393    0.8417
    0.7587   -0.4168    0.5006
    0.5708    0.7958   -0.2024
...    91 G-C ...
 -137.7508  -15.8272   11.6173
    0.0595    0.0711    0.9957
    0.8268   -0.5624   -0.0093
    0.5593    0.8238   -0.0923
...    92 A-T ...
 -136.0781  -12.9875   11.4122
    0.4983   -0.3105    0.8095
    0.6423   -0.4949   -0.5852
    0.5823    0.8116   -0.0472
...    93 T-A ...
 -134.4917  -10.1726   11.8714
    0.7250   -0.5451    0.4210
    0.3209   -0.2736   -0.9068
    0.6095    0.7925   -0.0234
...    94 A-T ...
 -132.3243   -7.6869   11.8099
    0.7142   -0.6875   -0.1317
   -0.0856    0.1009   -0.9912
    0.6947    0.7192    0.0133
...    95 A-T ...
 -130.0075   -5.5471   12.0591
    0.5253   -0.5546   -0.6454
   -0.4365    0.4754   -0.7638
    0.7304    0.6829    0.0077
...    96 C-G ...
 -127.1947   -3.7632   12.4454
    0.2170   -0.2239   -0.9501
   -0.6329    0.7088   -0.3116
    0.7432    0.6689    0.0121
...    97 A-T ...
 -124.6289   -1.6273   12.3072
   -0.2312    0.1768   -0.9567
   -0.6241    0.7274    0.2853
    0.7463    0.6631   -0.0578
...    98 C-G ...
 -121.8032    0.1320   11.6676
   -0.5308    0.5224   -0.6674
   -0.4062    0.5343    0.7413
    0.7438    0.6645   -0.0715
...    99 T-A ...
 -119.0522    2.2906   10.6841
   -0.6754    0.7237   -0.1414
   -0.0450    0.1510    0.9875
    0.7360    0.6734   -0.0694
...   100 T-A ...
 -116.7191    4.4817   10.0714
   -0.5501    0.7014    0.4533
    0.3449   -0.3036    0.8882
    0.7606    0.6449   -0.0749
...   101 T-A ...
 -114.3535    6.6725    9.6099
   -0.2554    0.4078    0.8766
    0.5874   -0.6547    0.4757
    0.7680    0.6364   -0.0723
...   102 A-T ...
 -111.6364    8.6188    9.5308
    0.0823   -0.0847    0.9930
    0.6232   -0.7732   -0.1176
    0.7777    0.6285   -0.0108
...   103 T-A ...
 -109.5783   11.0957    9.8755
    0.3206   -0.4691    0.8229
    0.5170   -0.6413   -0.5669
    0.7937    0.6072    0.0369
...   104 G-C ...
 -106.9561   13.1087   10.3397
    0.4816   -0.8203    0.3084
    0.2528   -0.2069   -0.9451
    0.8391    0.5332    0.1078
...   105 C-G ...
 -104.1092   14.5108   11.1290
    0.4857   -0.8362   -0.2547
   -0.0420    0.2687   -0.9623
    0.8731    0.4781    0.0954
...   106 T-A ...
 -100.8918   15.6416   11.7481
    0.3563   -0.5525   -0.7535
   -0.2586    0.7166   -0.6477
    0.8979    0.4257    0.1124
...   107 T-A ...
  -97.9121   16.7502   12.1639
    0.1144   -0.0795   -0.9902
   -0.3867    0.9146   -0.1181
    0.9151    0.3965    0.0739
...   108 C-G ...
  -94.7709   17.8542   12.2216
   -0.1535    0.4527   -0.8784
   -0.3635    0.8007    0.4762
    0.9189    0.3924    0.0416
...   109 C-G ...
  -91.7071   19.0492   12.1973
   -0.4061    0.7632   -0.5026
   -0.2138    0.4554    0.8642
    0.8885    0.4584   -0.0218
...   110 G-C ...
  -89.0834   20.6287   12.3956
   -0.5352    0.8447    0.0102
    0.0448    0.0163    0.9989
    0.8436    0.5350   -0.0466
...   111 G-C ...
  -86.5181   22.7824   12.0708
   -0.4676    0.6814    0.5630
    0.3541   -0.4392    0.8256
    0.8099    0.5855   -0.0359
...   112 C-G ...
  -84.1781   25.1568   11.7223
   -0.2289    0.3074    0.9237
    0.5547   -0.7385    0.3832
    0.7999    0.6001   -0.0015
...   113 T-A ...
  -81.6902   27.3437   11.7323
    0.0584   -0.1474    0.9874
    0.5986   -0.7863   -0.1528
    0.7989    0.6000    0.0423
...   114 C-G ...
  -79.0038   29.2729   11.9976
    0.3586   -0.5957    0.7187
    0.4721   -0.5485   -0.6901
    0.8053    0.5868    0.0845
...   115 G-C ...
  -76.1276   30.9366   11.9042
    0.4903   -0.8516    0.1852
    0.1890   -0.1036   -0.9765
    0.8508    0.5138    0.1101
...   116 T-A ...
  -73.2505   32.2238   12.8882
    0.4679   -0.8065   -0.3614
   -0.0894    0.3636   -0.9273
    0.8792    0.4662    0.0980
...   117 A-T ...
  -70.0570   33.2868   13.6162
    0.2478   -0.5098   -0.8239
   -0.2983    0.7689   -0.5655
    0.9217    0.3859    0.0384
...   118 T-A ...
  -66.8862   33.8664   14.0008
    0.0689   -0.0602   -0.9958
   -0.3775    0.9224   -0.0819
    0.9235    0.3815    0.0408
...   119 A-T ...
  -63.8604   35.2898   14.1089
   -0.2064    0.4658   -0.8605
   -0.3159    0.8006    0.5092
    0.9261    0.3769   -0.0181
...   120 A-T ...
  -60.7995   36.2923   13.7607
   -0.3633    0.8281   -0.4268
   -0.1329    0.4074    0.9035
    0.9221    0.3850   -0.0379
...   121 T-A ...
  -57.7636   37.4215   12.9427
   -0.3707    0.9232    0.1016
    0.0793   -0.0775    0.9938
    0.9254    0.3765   -0.0444
...   122 G-C ...
  -54.6714   38.8485   12.6258
   -0.3063    0.6784    0.6678
    0.2905   -0.6015    0.7442
    0.9065    0.4219   -0.0128
...   123 T-A ...
  -51.9192   40.6157   12.3437
   -0.1238    0.2854    0.9504
    0.4054   -0.8596    0.3109
    0.9057    0.4238   -0.0092
...   124 G-C ...
  -48.9406   42.1191   12.3957
    0.0729   -0.2857    0.9556
    0.4246   -0.8580   -0.2889
    0.9024    0.4268    0.0587
...   125 T-A ...
  -46.2786   43.8838   12.8244
    0.2430   -0.7040    0.6673
    0.3270   -0.5882   -0.7397
    0.9132    0.3980    0.0873
...   126 C-G ...
  -43.3854   45.1268   13.1944
    0.3866   -0.9155    0.1109
    0.1288   -0.0655   -0.9895
    0.9132    0.3969    0.0926
...   127 G-C ...
  -40.2957   46.2514   13.0211
    0.2195   -0.8882   -0.4036
   -0.0536    0.4021   -0.9140
    0.9741    0.2223    0.0406
...   128 A-T ...
  -37.2446   47.0183   13.2529
    0.1310   -0.4972   -0.8577
   -0.1881    0.8369   -0.5140
    0.9734    0.2287    0.0161
...   129 C-G ...
  -33.9641   46.9991   13.5689
   -0.0376    0.0008   -0.9993
   -0.2111    0.9774    0.0087
    0.9767    0.2113   -0.0365
...   130 C-G ...
  -30.6188   47.2293   12.8873
   -0.2556    0.4733   -0.8430
   -0.1102    0.8520    0.5118
    0.9605    0.2237   -0.1656
...   131 A-T ...
  -27.5557   48.5602   12.5501
   -0.3783    0.8379   -0.3934
    0.0923    0.4570    0.8846
    0.9211    0.2983   -0.2503
...   132 A-T ...
  -24.6262   49.5993   11.4870
   -0.2522    0.9512    0.1779
    0.3059   -0.0961    0.9472
    0.9180    0.2934   -0.2668
...   133 A-T ...
  -21.7765   50.6390   10.2346
    0.0292    0.7255    0.6876
    0.3825   -0.6437    0.6629
    0.9235    0.2437   -0.2963
...   134 T-A ...
  -19.0159   52.0243    8.9249
    0.2452    0.2905    0.9249
    0.3073   -0.9281    0.2101
    0.9195    0.2328   -0.3169
...   135 G-C ...
  -16.4637   53.8824    7.5152
    0.5339   -0.3333    0.7771
    0.0346   -0.9097   -0.4139
    0.8449    0.2479   -0.4741
...   136 T-A ...
  -14.1749   56.5546    6.1807
    0.5795   -0.7269    0.3685
   -0.3141   -0.6164   -0.7221
    0.7521    0.3026   -0.5855
...   137 G-C ...
  -11.6538   57.9991    4.7203
    0.2452   -0.9542   -0.1714
   -0.6323   -0.0234   -0.7744
    0.7349    0.2983   -0.6091
...   138 A-T ...
   -8.6758   58.7132    3.6023
   -0.0345   -0.7815   -0.6229
   -0.6536    0.4891   -0.5775
    0.7560    0.3872   -0.5277
...   139 G-C ...
   -6.3274   59.0726    1.6295
   -0.2969   -0.3279   -0.8968
   -0.5657    0.8171   -0.1114
    0.7693    0.4742   -0.4281
...   140 C-G ...
   -3.4368   60.2278    1.0286
   -0.4426    0.2287   -0.8671
   -0.1681    0.9286    0.3308
    0.8808    0.2922   -0.3725
...   141 G-C ...
   -0.6976   63.8910   -2.2511
   -0.9992    0.0157   -0.0376
   -0.0024    0.8991    0.4378
    0.0407    0.4375   -0.8983
...   142 C-G ...
   -1.0064   65.5987   -4.9402
   -0.8337    0.5216    0.1813
    0.5170    0.6219    0.5881
    0.1940    0.5841   -0.7882
...   143 T-A ...
   -0.1332   66.2083   -7.8197
   -0.3753    0.8566    0.3540
    0.8856    0.2187    0.4098
    0.2736    0.4673   -0.8407
...   144 C-G ...
   -0.1665   67.4019  -10.8068
    0.1798    0.8793    0.4411
    0.9277   -0.3007    0.2214
    0.3273    0.3694   -0.8697
...   145 A-T ...
    0.5267   69.2311  -13.4660
    0.7352    0.4964    0.4616
    0.6118   -0.7791   -0.1367
    0.2918    0.3829   -0.8765
...   146 C-G ...
    1.4339   72.0891  -15.6020
    0.9809    0.0621    0.1844
    0.1264   -0.9240   -0.3608
    0.1480    0.3772   -0.9142
...   147 A-T ...
    2.3048   74.2221  -18.3864
    0.8657   -0.4292   -0.2575
   -0.4984   -0.7868   -0.3642
   -0.0463    0.4436   -0.8950
