  147 base-pairs
...     1 A-T ...
    0.0000    0.0000    0.0000
    1.0000    0.0000    0.0000
    0.0000    1.0000    0.0000
    0.0000    0.0000    1.0000
...     2 G-C ...
   -0.1394   -1.2357    3.2268
    0.7529    0.6366    0.1670
   -0.6386    0.7680   -0.0486
   -0.1592   -0.0700    0.9848
...     3 T-A ...
   -0.0365   -3.2932    6.3751
    0.2722    0.9301    0.2466
   -0.9238    0.3243   -0.2033
   -0.2691   -0.1725    0.9475
...     4 G-C ...
   -0.3505   -4.1660    9.4928
   -0.3756    0.9250    0.0579
   -0.8781   -0.3352   -0.3415
   -0.2965   -0.1791    0.9381
...     5 A-T ...
   -0.4462   -4.1476   12.7498
   -0.8116    0.5840   -0.0165
   -0.5523   -0.7762   -0.3042
   -0.1905   -0.2378    0.9524
...     6 G-C ...
   -1.5908   -4.1730   15.6201
   -0.9976    0.0246   -0.0651
   -0.0043   -0.9555   -0.2950
   -0.0695   -0.2940    0.9533
...     7 C-G ...
   -1.1030   -4.4824   18.7362
   -0.8441   -0.5304   -0.0787
    0.5345   -0.8441   -0.0432
   -0.0435   -0.0785    0.9960
...     8 G-C ...
   -2.4028   -7.7290   23.1475
   -0.2754   -0.3293   -0.9032
    0.6650   -0.7437    0.0684
   -0.6942   -0.5818    0.4238
...     9 C-G ...
   -4.4690   -9.9728   24.1132
    0.1145   -0.7025   -0.7024
    0.8512   -0.2952    0.4340
   -0.5122   -0.6476    0.5642
...    10 T-A ...
   -6.7405  -10.8752   25.9697
    0.4841   -0.8363   -0.2574
    0.6595    0.1553    0.7355
   -0.5751   -0.5258    0.6267
...    11 C-G ...
   -9.1656  -12.6208   27.1640
    0.7073   -0.6682    0.2307
    0.3448    0.6110    0.7126
   -0.6171   -0.4245    0.6626
...    12 A-T ...
  -10.9234  -14.6633   29.0693
    0.7515   -0.1377    0.6452
   -0.2029    0.8824    0.4246
   -0.6277   -0.4500    0.6352
...    13 C-G ...
  -11.8476  -17.4863   31.2451
    0.4295    0.2823    0.8578
   -0.5708    0.8209    0.0156
   -0.6998   -0.4963    0.5137
...    14 A-T ...
  -13.5897  -19.7827   33.4259
   -0.1504    0.6104    0.7777
   -0.6874    0.5008   -0.5260
   -0.7106   -0.6136    0.3443
...    15 A-T ...
  -15.7221  -21.8091   34.7854
   -0.4976    0.7961    0.3444
   -0.4924    0.0677   -0.8677
   -0.7141   -0.6014    0.3583
...    16 T-A ...
  -17.7819  -23.6334   36.5858
   -0.6699    0.7292   -0.1400
   -0.1821   -0.3441   -0.9211
   -0.7198   -0.5915    0.3633
...    17 T-A ...
  -20.0991  -25.3933   38.0213
   -0.6545    0.4099   -0.6353
    0.2218   -0.6992   -0.6796
   -0.7228   -0.5857    0.3667
...    18 T-A ...
  -22.5359  -27.0569   39.3755
   -0.4178   -0.0603   -0.9065
    0.5499   -0.8111   -0.1995
   -0.7232   -0.5818    0.3720
...    19 A-T ...
  -24.8224  -29.1606   40.5985
    0.0155   -0.5179   -0.8553
    0.6795   -0.6221    0.3890
   -0.7335   -0.5872    0.3423
...    20 T-A ...
  -27.6381  -30.7260   41.2977
    0.3531   -0.7643   -0.5396
    0.5784   -0.2751    0.7680
   -0.7354   -0.5833    0.3449
...    21 T-A ...
  -30.1673  -32.5705   42.1675
    0.6097   -0.7926   -0.0022
    0.2782    0.2114    0.9370
   -0.7422   -0.5719    0.3494
...    22 C-G ...
  -32.5579  -34.5444   43.2293
    0.6765   -0.5034    0.5375
   -0.1357    0.6322    0.7628
   -0.7238   -0.5890    0.3594
...    23 G-C ...
  -34.9801  -36.2683   44.7481
    0.5630   -0.0051    0.8264
   -0.5008    0.7934    0.3461
   -0.6574   -0.6087    0.4442
...    24 C-G ...
  -36.8226  -38.5920   46.2188
    0.2361    0.4542    0.8590
   -0.7293    0.6670   -0.1522
   -0.6421   -0.5906    0.4887
...    25 A-T ...
  -39.0030  -40.4622   47.9040
   -0.1371    0.8102    0.5699
   -0.7550    0.2870   -0.5896
   -0.6413   -0.5111    0.5723
...    26 A-T ...
  -40.8911  -42.0905   49.9745
   -0.5240    0.8411    0.1340
   -0.5512   -0.2149   -0.8062
   -0.6493   -0.4963    0.5763
...    27 A-T ...
  -42.9066  -43.5337   52.0591
   -0.7287    0.5887   -0.3499
   -0.1699   -0.6504   -0.7404
   -0.6634   -0.4800    0.5740
...    28 G-C ...
  -45.1524  -44.8035   54.1234
   -0.6580    0.2049   -0.7246
    0.2162   -0.8704   -0.4424
   -0.7213   -0.4477    0.5284
...    29 G-C ...
  -47.8229  -45.9650   55.8171
   -0.3729   -0.2507   -0.8934
    0.5039   -0.8631    0.0319
   -0.7791   -0.4383    0.4482
...    30 C-G ...
  -50.6727  -47.1085   57.0396
   -0.0072   -0.6587   -0.7524
    0.6036   -0.6028    0.5219
   -0.7973   -0.4504    0.4019
...    31 C-G ...
  -53.4890  -48.6777   58.0117
    0.3752   -0.8481   -0.3742
    0.4790   -0.1682    0.8616
   -0.7936   -0.5025    0.3431
...    32 G-C ...
  -55.8651  -50.5053   59.4976
    0.6388   -0.7547    0.1494
    0.1529    0.3149    0.9367
   -0.7540   -0.5755    0.3166
...    33 G-C ...
  -58.3056  -52.6802   60.3439
    0.6620   -0.4245    0.6177
   -0.2346    0.6654    0.7087
   -0.7118   -0.6140    0.3409
...    34 C-G ...
  -60.4636  -55.0254   61.2903
    0.4481    0.0290    0.8935
   -0.5586    0.7894    0.2545
   -0.6980   -0.6131    0.3699
...    35 C-G ...
  -62.5720  -57.3371   62.5858
    0.1311    0.4981    0.8572
   -0.7120    0.6489   -0.2681
   -0.6898   -0.5752    0.4397
...    36 C-G ...
  -64.6285  -59.4374   64.2699
   -0.2008    0.8196    0.5365
   -0.6713    0.2837   -0.6847
   -0.7134   -0.4977    0.4933
...    37 G-C ...
  -67.2069  -60.9938   65.7054
   -0.4208    0.9071    0.0074
   -0.4642   -0.2083   -0.8609
   -0.7794   -0.3657    0.5088
...    38 A-T ...
  -69.7210  -62.0983   67.4501
   -0.5560    0.6500   -0.5180
   -0.1509   -0.6918   -0.7061
   -0.8173   -0.3145    0.4828
...    39 C-G ...
  -72.3787  -62.5284   69.3175
   -0.5096    0.2242   -0.8307
    0.1332   -0.9333   -0.3336
   -0.8500   -0.2806    0.4457
...    40 A-T ...
  -75.2931  -63.4808   70.6243
   -0.2445   -0.2887   -0.9257
    0.3359   -0.9208    0.1984
   -0.9096   -0.2624    0.3221
...    41 C-G ...
  -78.5057  -63.8269   71.2979
   -0.0088   -0.7146   -0.6995
    0.3839   -0.6483    0.6575
   -0.9233   -0.2628    0.2800
...    42 G-C ...
  -81.3996  -65.1468   72.3385
    0.2770   -0.9327   -0.2308
    0.2561   -0.1599    0.9533
   -0.9261   -0.3231    0.1945
...    43 A-T ...
  -84.4487  -66.2848   72.8405
    0.3720   -0.8460    0.3820
    0.0269    0.4212    0.9066
   -0.9278   -0.3270    0.1794
...    44 C-G ...
  -87.4324  -67.7983   72.9662
    0.3262   -0.4971    0.8041
   -0.1752    0.8041    0.5681
   -0.9289   -0.3262    0.1752
...    45 T-A ...
  -90.3981  -69.1980   73.5321
    0.2108    0.0158    0.9774
   -0.3166    0.9471    0.0530
   -0.9249   -0.3206    0.2046
...    46 T-A ...
  -93.3015  -70.5154   74.1848
   -0.0209    0.5495    0.8352
   -0.3547    0.7770   -0.5201
   -0.9348   -0.3071    0.1786
...    47 A-T ...
  -96.4074  -71.5188   74.8516
   -0.1275    0.9199    0.3709
   -0.2742    0.3267   -0.9045
   -0.9532   -0.2170    0.2106
...    48 C-G ...
  -99.3346  -72.2323   76.1361
   -0.1892    0.9695   -0.1556
   -0.1714   -0.1886   -0.9670
   -0.9669   -0.1562    0.2018
...    49 T-A ...
 -102.4860  -72.4384   77.0543
   -0.1404    0.7515   -0.6446
   -0.0783   -0.6575   -0.7494
   -0.9870   -0.0547    0.1512
...    50 G-C ...
 -105.8234  -72.3788   77.2746
   -0.0004    0.2803   -0.9599
   -0.0459   -0.9589   -0.2800
   -0.9989    0.0439    0.0133
...    51 T-A ...
 -108.9914  -71.5801   77.2000
    0.0290   -0.2521   -0.9673
   -0.0734   -0.9656    0.2495
   -0.9969    0.0638   -0.0466
...    52 A-T ...
 -112.3043  -71.5082   76.8818
    0.0345   -0.7722   -0.6345
   -0.1357   -0.6326    0.7625
   -0.9902    0.0598   -0.1266
...    53 G-C ...
 -115.5170  -71.2319   76.0917
   -0.0172   -0.9916   -0.1284
   -0.1759   -0.1234    0.9766
   -0.9843    0.0394   -0.1722
...    54 T-A ...
 -118.6463  -71.2251   74.8982
   -0.1210   -0.9047    0.4085
   -0.1501    0.4235    0.8934
   -0.9812    0.0468   -0.1870
...    55 C-G ...
 -121.8721  -71.1695   74.1904
   -0.2080   -0.4660    0.8600
   -0.0395    0.8825    0.4687
   -0.9773    0.0635   -0.2020
...    56 A-T ...
 -125.0679  -70.6014   73.5258
   -0.1437    0.1387    0.9798
    0.1076    0.9864   -0.1239
   -0.9837    0.0877   -0.1567
...    57 T-A ...
 -128.3427  -70.9362   73.2411
   -0.0737    0.6213    0.7801
    0.1894    0.7767   -0.6007
   -0.9791    0.1034   -0.1749
...    58 G-C ...
 -131.5913  -70.4456   72.6592
    0.1775    0.9219    0.3443
    0.2118    0.3059   -0.9282
   -0.9611    0.2377   -0.1410
...    59 T-A ...
 -134.7564  -69.6464   72.8195
    0.3332    0.9289   -0.1616
    0.1002   -0.2053   -0.9736
   -0.9375    0.3082   -0.1614
...    60 T-A ...
 -137.7285  -68.4814   72.4446
    0.4120    0.6414   -0.6471
   -0.1102   -0.6699   -0.7342
   -0.9045    0.3738   -0.2054
...    61 A-T ...
 -140.4110  -66.6058   71.7410
    0.4921    0.1228   -0.8618
   -0.3686   -0.8675   -0.3341
   -0.7886    0.4821   -0.3817
...    62 T-A ...
 -142.5561  -64.4673   70.5299
    0.2711   -0.3381   -0.9012
   -0.5861   -0.8007    0.1240
   -0.7635    0.4946   -0.4152
...    63 A-T ...
 -145.0692  -62.9557   68.9515
   -0.0855   -0.7675   -0.6354
   -0.6841   -0.4184    0.5974
   -0.7243    0.4857   -0.4893
...    64 A-T ...
 -147.1871  -61.3270   67.0853
   -0.5004   -0.8431   -0.1971
   -0.5196    0.1103    0.8473
   -0.6926    0.5264   -0.4932
...    65 C-G ...
 -149.2456  -59.8416   64.8779
   -0.7151   -0.6436    0.2728
   -0.1828    0.5489    0.8156
   -0.6747    0.5334   -0.5102
...    66 G-C ...
 -151.4442  -57.6975   63.5641
   -0.6709   -0.2219    0.7076
    0.2672    0.8177    0.5098
   -0.6918    0.5311   -0.4893
...    67 G-C ...
 -153.7670  -56.0825   61.7078
   -0.3776    0.2391    0.8946
    0.6151    0.7869    0.0493
   -0.6922    0.5688   -0.4442
...    68 A-T ...
 -156.0257  -54.3475   60.0943
    0.0768    0.6313    0.7718
    0.7472    0.4760   -0.4637
   -0.6601    0.6123   -0.4351
...    69 G-C ...
 -158.3595  -52.3683   58.8898
    0.5136    0.7184    0.4692
    0.6214    0.0656   -0.7807
   -0.5916    0.6925   -0.4127
...    70 T-A ...
 -160.4711  -50.0082   58.1300
    0.8021    0.5953    0.0474
    0.2825   -0.3084   -0.9083
   -0.5262    0.7419   -0.4156
...    71 A-T ...
 -161.8813  -47.0686   57.3000
    0.9447    0.1691   -0.2811
   -0.1608   -0.5083   -0.8461
   -0.2860    0.8444   -0.4530
...    72 T-A ...
 -162.4272  -44.0205   56.3258
    0.7630   -0.1441   -0.6302
   -0.6041   -0.5061   -0.6156
   -0.2302    0.8504   -0.4731
...    73 C-G ...
 -162.8366  -41.2876   54.6292
    0.3007   -0.4559   -0.8377
   -0.9412   -0.2836   -0.1835
   -0.1540    0.8436   -0.5144
...    74 T-A ...
 -162.8735  -38.5712   52.7593
   -0.2227   -0.5795   -0.7840
   -0.9704    0.0549    0.2350
   -0.0931    0.8131   -0.5746
...    75 C-G ...
 -163.1096  -36.0700   50.6467
   -0.7516   -0.4285   -0.5015
   -0.6570    0.4181    0.6273
   -0.0592    0.8010   -0.5958
...    76 G-C ...
 -163.6353  -33.2435   48.9554
   -0.9907   -0.1310   -0.0372
   -0.1111    0.6195    0.7771
   -0.0787    0.7740   -0.6282
...    77 A-T ...
 -163.7809  -30.7755   46.7734
   -0.8613    0.2807    0.4236
    0.5055    0.5587    0.6575
   -0.0520    0.7804   -0.6231
...    78 G-C ...
 -164.1043  -28.3427   44.5436
   -0.4603    0.5067    0.7289
    0.8870    0.2971    0.3536
   -0.0374    0.8093   -0.5862
...    79 C-G ...
 -164.5496  -25.8113   42.4558
    0.0933    0.5430    0.8346
    0.9956   -0.0510   -0.0781
    0.0001    0.8382   -0.5454
...    80 T-A ...
 -164.7648  -22.9394   40.8591
    0.5849    0.3591    0.7273
    0.8083   -0.3317   -0.4863
    0.0666    0.8724   -0.4843
...    81 C-G ...
 -164.5423  -20.0559   39.3925
    0.9286    0.0304    0.3698
    0.3394   -0.4721   -0.8136
    0.1499    0.8810   -0.4487
...    82 G-C ...
 -163.6802  -17.2547   37.8247
    0.9224   -0.3856   -0.0243
   -0.1790   -0.3706   -0.9114
    0.3424    0.8450   -0.4108
...    83 G-C ...
 -161.9636  -14.5331   36.8084
    0.6471   -0.6228   -0.4397
   -0.6008   -0.0616   -0.7970
    0.4693    0.7799   -0.4140
...    84 G-C ...
 -159.7909  -12.2907   35.4915
    0.1868   -0.6334   -0.7509
   -0.8097    0.3335   -0.4829
    0.5563    0.6982   -0.4506
...    85 A-T ...
 -157.8027  -10.2046   33.9137
   -0.3299   -0.3291   -0.8848
   -0.7408    0.6713    0.0265
    0.5852    0.6642   -0.4652
...    86 T-A ...
 -155.4279   -8.5858   32.2598
   -0.6438    0.0785   -0.7612
   -0.4653    0.7496    0.4708
    0.6075    0.6573   -0.4460
...    87 C-G ...
 -153.4131   -6.5204   30.6735
   -0.7857    0.5176   -0.3388
    0.0106    0.5589    0.8292
    0.6186    0.6479   -0.4446
...    88 C-G ...
 -151.3780   -4.4617   28.9350
   -0.6811    0.7070    0.1905
    0.4354    0.1818    0.8817
    0.5887    0.6835   -0.4316
...    89 G-C ...
 -149.0702   -2.2925   27.8808
   -0.3766    0.6228    0.6858
    0.7257   -0.2617    0.6363
    0.5758    0.7373   -0.3534
...    90 C-G ...
 -147.4828    0.2515   26.5058
    0.0374    0.3433    0.9385
    0.8036   -0.5685    0.1759
    0.5939    0.7476   -0.2972
...    91 T-A ...
 -145.7343    2.9243   25.7156
    0.3842   -0.0608    0.9212
    0.6746   -0.6627   -0.3251
    0.6303    0.7464   -0.2136
...    92 T-A ...
 -143.7994    5.4556   25.2200
    0.6545   -0.4511    0.6067
    0.3599   -0.5198   -0.7748
    0.6649    0.7254   -0.1779
...    93 T-A ...
 -141.6399    7.8311   24.9234
    0.7086   -0.6987    0.0982
   -0.0416   -0.1803   -0.9827
    0.7044    0.6923   -0.1568
...    94 A-T ...
 -138.9955    9.8534   24.7607
    0.4657   -0.7862   -0.4061
   -0.3591    0.2516   -0.8987
    0.8088    0.5644   -0.1652
...    95 A-T ...
 -136.2029   11.4587   24.4203
    0.1788   -0.5224   -0.8337
   -0.5370    0.6582   -0.5276
    0.8244    0.5421   -0.1628
...    96 C-G ...
 -133.1326   12.6540   24.0269
   -0.1389   -0.1202   -0.9830
   -0.5288    0.8482   -0.0290
    0.8373    0.5158   -0.1814
...    97 A-T ...
 -130.4410   14.4656   23.3638
   -0.4683    0.3445   -0.8136
   -0.3240    0.7897    0.5209
    0.8220    0.5076   -0.2582
...    98 C-G ...
 -127.6311   15.6881   22.0534
   -0.5723    0.7030   -0.4221
   -0.0264    0.4988    0.8663
    0.8196    0.5070   -0.2669
...    99 T-A ...
 -125.0098   17.3148   20.8462
   -0.5300    0.8417    0.1038
    0.2830    0.0602    0.9572
    0.7994    0.5367   -0.2701
...   100 T-A ...
 -122.5075   19.0367   19.6897
   -0.2634    0.7358    0.6239
    0.5191   -0.4370    0.7346
    0.8131    0.5173   -0.2668
...   101 T-A ...
 -120.0231   20.8490   18.6608
    0.0688    0.3600    0.9304
    0.5654   -0.7824    0.2610
    0.8219    0.5081   -0.2574
...   102 A-T ...
 -117.2825   22.5826   17.9597
    0.2864   -0.1925    0.9386
    0.4418   -0.8427   -0.3076
    0.8502    0.5028   -0.1563
...   103 T-A ...
 -114.7754   24.6853   17.8697
    0.4451   -0.5962    0.6681
    0.2446   -0.6368   -0.7312
    0.8614    0.4889   -0.1376
...   104 G-C ...
 -111.7471   26.0518   17.5734
    0.3854   -0.9052    0.1791
   -0.0015   -0.1947   -0.9809
    0.9227    0.3778   -0.0764
...   105 C-G ...
 -108.6262   27.0868   17.8141
    0.2698   -0.8907   -0.3659
   -0.1790    0.3269   -0.9279
    0.9461    0.3158   -0.0712
...   106 T-A ...
 -105.3898   27.7569   17.8123
    0.0761   -0.6145   -0.7852
   -0.2519    0.7501   -0.6115
    0.9648    0.2443   -0.0978
...   107 T-A ...
 -102.1870   28.2598   17.6332
   -0.0725   -0.0864   -0.9936
   -0.2425    0.9679   -0.0665
    0.9674    0.2362   -0.0911
...   108 C-G ...
  -99.0047   28.9030   17.2090
   -0.2206    0.4875   -0.8448
   -0.1382    0.8418    0.5219
    0.9655    0.2318   -0.1183
...   109 C-G ...
  -95.7718   29.5281   16.4798
   -0.3265    0.8460   -0.4214
    0.0241    0.4532    0.8911
    0.9449    0.2808   -0.1684
...   110 G-C ...
  -92.6343   30.6409   16.3036
   -0.3453    0.9251    0.1583
    0.2213   -0.0837    0.9716
    0.9121    0.3705   -0.1758
...   111 G-C ...
  -89.6882   32.0382   15.4760
   -0.2420    0.7044    0.6673
    0.3837   -0.5622    0.7326
    0.8912    0.4333   -0.1343
...   112 C-G ...
  -86.9604   33.7942   14.8604
   -0.0380    0.2708    0.9619
    0.4582   -0.8507    0.2576
    0.8880    0.4505   -0.0918
...   113 T-A ...
  -84.1853   35.5801   14.7250
    0.1470   -0.2357    0.9606
    0.4259   -0.8614   -0.2766
    0.8927    0.4498   -0.0262
...   114 C-G ...
  -81.2942   37.0965   14.7928
    0.3278   -0.7073    0.6263
    0.2722   -0.5642   -0.7795
    0.9047    0.4260    0.0075
...   115 G-C ...
  -78.1673   38.2247   14.6364
    0.3064   -0.9466    0.1006
    0.0810   -0.0794   -0.9935
    0.9484    0.3126    0.0523
...   116 T-A ...
  -75.0728   39.0525   15.4333
    0.2671   -0.8658   -0.4232
   -0.0807    0.4175   -0.9051
    0.9603    0.2759    0.0416
...   117 A-T ...
  -71.8255   39.7534   15.5845
    0.0877   -0.5075   -0.8572
   -0.1874    0.8367   -0.5145
    0.9784    0.2058   -0.0217
...   118 T-A ...
  -68.5403   39.7586   15.7030
   -0.0270   -0.0265   -0.9993
   -0.2018    0.9792   -0.0205
    0.9791    0.2011   -0.0317
...   119 A-T ...
  -65.2881   40.3981   15.4740
   -0.2110    0.5173   -0.8294
   -0.1233    0.8276    0.5476
    0.9697    0.2178   -0.1108
...   120 A-T ...
  -62.1449   40.9236   14.8746
   -0.2465    0.8911   -0.3809
    0.0212    0.3979    0.9172
    0.9689    0.2180   -0.1170
...   121 T-A ...
  -59.0859   41.5139   13.8182
   -0.2051    0.9703    0.1287
    0.1452   -0.0999    0.9844
    0.9679    0.2205   -0.1204
...   122 G-C ...
  -55.8885   42.3881   13.6799
   -0.1753    0.7235    0.6677
    0.2660   -0.6182    0.7397
    0.9479    0.3073   -0.0840
...   123 T-A ...
  -53.0044   43.9102   13.1166
   -0.0350    0.2933    0.9554
    0.3238   -0.9011    0.2885
    0.9455    0.3195   -0.0634
...   124 G-C ...
  -49.8109   44.8068   13.1441
    0.0714   -0.2911    0.9540
    0.3112   -0.9022   -0.2986
    0.9477    0.3182    0.0261
...   125 T-A ...
  -46.8957   46.3138   13.6215
    0.1986   -0.7225    0.6622
    0.2292   -0.6227   -0.7482
    0.9529    0.3003    0.0420
...   126 C-G ...
  -43.7857   47.2939   13.9093
    0.2636   -0.9589    0.1051
    0.0744   -0.0884   -0.9933
    0.9618    0.2696    0.0480
...   127 G-C ...
  -40.5676   48.1249   13.7417
    0.1412   -0.8796   -0.4543
   -0.0659    0.4496   -0.8908
    0.9878    0.1557    0.0055
...   128 A-T ...
  -37.3351   48.5408   13.8527
    0.0275   -0.4718   -0.8813
   -0.1312    0.8723   -0.4711
    0.9910    0.1286   -0.0379
...   129 C-G ...
  -34.0539   48.3170   13.8352
   -0.0888    0.0314   -0.9956
   -0.1145    0.9926    0.0415
    0.9895    0.1177   -0.0845
...   130 C-G ...
  -30.7324   48.3738   13.2808
   -0.2387    0.5338   -0.8112
   -0.0205    0.8324    0.5538
    0.9709    0.1488   -0.1878
...   131 A-T ...
  -27.5410   49.0066   12.5879
   -0.3229    0.8797   -0.3492
    0.1622    0.4149    0.8953
    0.9324    0.2325   -0.2767
...   132 A-T ...
  -24.6209   49.7600   11.4026
   -0.1812    0.9604    0.2118
    0.3287   -0.1438    0.9334
    0.9269    0.2387   -0.2896
...   133 A-T ...
  -21.7442   50.6901   10.2199
    0.0471    0.7158    0.6967
    0.3814   -0.6576    0.6497
    0.9232    0.2351   -0.3040
...   134 T-A ...
  -19.0161   52.0244    8.9250
    0.2452    0.2905    0.9249
    0.3073   -0.9281    0.2101
    0.9195    0.2328   -0.3169
...   135 G-C ...
  -16.4639   53.8825    7.5154
    0.5339   -0.3333    0.7771
    0.0346   -0.9097   -0.4139
    0.8449    0.2479   -0.4741
...   136 T-A ...
  -14.1751   56.5547    6.1809
    0.5795   -0.7269    0.3685
   -0.3141   -0.6164   -0.7221
    0.7521    0.3026   -0.5855
...   137 G-C ...
  -11.6540   57.9992    4.7205
    0.2452   -0.9542   -0.1714
   -0.6323   -0.0234   -0.7744
    0.7349    0.2983   -0.6091
...   138 A-T ...
   -8.6760   58.7134    3.6025
   -0.0345   -0.7815   -0.6229
   -0.6536    0.4891   -0.5775
    0.7560    0.3872   -0.5277
...   139 G-C ...
   -6.3276   59.0727    1.6297
   -0.2969   -0.3279   -0.8968
   -0.5657    0.8171   -0.1114
    0.7693    0.4742   -0.4281
...   140 C-G ...
   -3.4370   60.2279    1.0288
   -0.4426    0.2287   -0.8671
   -0.1681    0.9286    0.3308
    0.8808    0.2922   -0.3725
...   141 G-C ...
   -0.6978   63.8912   -2.2509
   -0.9992    0.0157   -0.0376
   -0.0024    0.8991    0.4378
    0.0407    0.4375   -0.8983
...   142 C-G ...
   -1.0066   65.5988   -4.9400
   -0.8337    0.5216    0.1813
    0.5170    0.6219    0.5881
    0.1940    0.5841   -0.7882
...   143 T-A ...
   -0.1334   66.2085   -7.8195
   -0.3753    0.8566    0.3540
    0.8856    0.2187    0.4098
    0.2736    0.4673   -0.8407
...   144 C-G ...
   -0.1667   67.4020  -10.8067
    0.1797    0.8793    0.4411
    0.9277   -0.3007    0.2214
    0.3273    0.3694   -0.8697
...   145 A-T ...
    0.5265   69.2313  -13.4658
    0.7352    0.4964    0.4616
    0.6118   -0.7791   -0.1367
    0.2918    0.3829   -0.8765
...   146 C-G ...
    1.4337   72.0892  -15.6018
    0.9809    0.0621    0.1844
    0.1264   -0.9240   -0.3608
    0.1480    0.3772   -0.9142
...   147 A-T ...
    2.3046   74.2223  -18.3862
    0.8657   -0.4292   -0.2575
   -0.4984   -0.7868   -0.3642
   -0.0463    0.4436   -0.8950
