  147 base-pairs
...     1 A-T ...
    0.0000    0.0000    0.0000
    1.0000    0.0000    0.0000
    0.0000    1.0000    0.0000
    0.0000    0.0000    1.0000
...     2 G-C ...
   -0.1394   -1.2357    3.2268
    0.7529    0.6366    0.1670
   -0.6386    0.7680   -0.0486
   -0.1592   -0.0700    0.9848
...     3 T-A ...
   -0.0365   -3.2932    6.3751
    0.2722    0.9301    0.2466
   -0.9238    0.3243   -0.2033
   -0.2691   -0.1725    0.9475
...     4 G-C ...
   -0.3505   -4.1660    9.4928
   -0.3756    0.9250    0.0579
   -0.8781   -0.3352   -0.3415
   -0.2965   -0.1791    0.9381
...     5 A-T ...
   -0.4462   -4.1476   12.7498
   -0.8116    0.5840   -0.0165
   -0.5523   -0.7762   -0.3042
   -0.1905   -0.2378    0.9524
...     6 G-C ...
   -1.5908   -4.1730   15.6201
   -0.9976    0.0246   -0.0651
   -0.0043   -0.9555   -0.2950
   -0.0695   -0.2940    0.9533
...     7 C-G ...
   -1.1030   -4.4824   18.7362
   -0.8441   -0.5304   -0.0787
    0.5345   -0.8441   -0.0432
   -0.0435   -0.0785    0.9960
...     8 G-C ...
   -2.4028   -7.7290   23.1475
   -0.2754   -0.3293   -0.9032
    0.6650   -0.7437    0.0684
   -0.6942   -0.5818    0.4238
...     9 C-G ...
   -4.4690   -9.9728   24.1132
    0.1145   -0.7025   -0.7024
    0.8512   -0.2952    0.4340
   -0.5122   -0.6476    0.5642
...    10 T-A ...
   -6.7405  -10.8752   25.9697
    0.4841   -0.8363   -0.2574
    0.6595    0.1553    0.7355
   -0.5751   -0.5258    0.6267
...    11 C-G ...
   -9.1656  -12.6208   27.1640
    0.7073   -0.6682    0.2307
    0.3448    0.6110    0.7126
   -0.6171   -0.4245    0.6626
...    12 A-T ...
  -10.9234  -14.6633   29.0693
    0.7515   -0.1377    0.6452
   -0.2029    0.8824    0.4246
   -0.6277   -0.4500    0.6352
...    13 C-G ...
  -11.8476  -17.4863   31.2451
    0.4295    0.2823    0.8578
   -0.5708    0.8209    0.0156
   -0.6998   -0.4963    0.5137
...    14 A-T ...
  -13.5897  -19.7827   33.4259
   -0.1504    0.6104    0.7777
   -0.6874    0.5008   -0.5260
   -0.7106   -0.6136    0.3443
...    15 A-T ...
  -15.8277  -21.7907   34.6394
   -0.4894    0.8094    0.3245
   -0.4847    0.0569   -0.8728
   -0.7250   -0.5844    0.3645
...    16 T-A ...
  -17.9309  -23.6313   36.5556
   -0.6977    0.6929   -0.1823
   -0.1410   -0.3822   -0.9133
   -0.7024   -0.6115    0.3643
...    17 T-A ...
  -20.2025  -25.4180   38.1210
   -0.6745    0.3142   -0.6681
    0.2969   -0.7131   -0.6351
   -0.6760   -0.6267    0.3877
...    18 T-A ...
  -22.5027  -27.2368   39.5076
   -0.3882   -0.1355   -0.9115
    0.6210   -0.7693   -0.1501
   -0.6809   -0.6244    0.3828
...    19 A-T ...
  -24.6304  -29.5191   40.7528
    0.0748   -0.5420   -0.8371
    0.7227   -0.5489    0.4200
   -0.6871   -0.6363    0.3507
...    20 T-A ...
  -27.3601  -31.2527   41.5332
    0.4188   -0.7643   -0.4904
    0.5874   -0.1838    0.7882
   -0.6925   -0.6181    0.3720
...    21 T-A ...
  -29.7704  -33.2527   42.4745
    0.6681   -0.7422    0.0535
    0.2408    0.2837    0.9282
   -0.7041   -0.6072    0.3683
...    22 C-G ...
  -32.0624  -35.2852   43.6535
    0.7050   -0.4217    0.5702
   -0.1982    0.6547    0.7294
   -0.6809   -0.6273    0.3780
...    23 G-C ...
  -34.4264  -36.9507   45.3897
    0.5731    0.1028    0.8130
   -0.5706    0.7622    0.3058
   -0.5883   -0.6391    0.4954
...    24 C-G ...
  -36.0840  -39.3044   46.9371
    0.2289    0.5222    0.8215
   -0.7815    0.6018   -0.1648
   -0.5804   -0.6043    0.5458
...    25 A-T ...
  -38.2343  -41.1394   48.6044
   -0.1819    0.8230    0.5382
   -0.7816    0.2112   -0.5870
   -0.5967   -0.5274    0.6048
...    26 A-T ...
  -40.0657  -42.7887   50.7619
   -0.5726    0.8128    0.1076
   -0.5540   -0.2869   -0.7815
   -0.6043   -0.5071    0.6145
...    27 A-T ...
  -41.8315  -44.2483   53.0666
   -0.7846    0.5089   -0.3543
   -0.1327   -0.6960   -0.7057
   -0.6057   -0.5067    0.6136
...    28 G-C ...
  -43.9760  -45.4608   55.3637
   -0.6959    0.1059   -0.7103
    0.2736   -0.8754   -0.3986
   -0.6640   -0.4717    0.5802
...    29 G-C ...
  -46.5606  -46.7210   57.2621
   -0.3716   -0.3600   -0.8558
    0.5936   -0.8009    0.0791
   -0.7138   -0.4786    0.5113
...    30 C-G ...
  -49.2101  -48.0807   58.6115
    0.0457   -0.7132   -0.6994
    0.6759   -0.4935    0.5474
   -0.7356   -0.4978    0.4595
...    31 C-G ...
  -51.8828  -49.5840   59.9719
    0.4565   -0.8340   -0.3099
    0.5201   -0.0325    0.8535
   -0.7219   -0.5508    0.4190
...    32 G-C ...
  -53.8322  -51.4003   61.4817
    0.7135   -0.6883    0.1314
    0.1903    0.3708    0.9090
   -0.6743   -0.6235    0.3955
...    33 G-C ...
  -55.7532  -53.9105   62.6909
    0.7287   -0.3425    0.5930
   -0.2553    0.6677    0.6993
   -0.6354   -0.6610    0.3991
...    34 C-G ...
  -57.6375  -56.3354   63.8221
    0.4923    0.1052    0.8640
   -0.6148    0.7447    0.2597
   -0.6161   -0.6591    0.4313
...    35 C-G ...
  -59.3482  -58.7401   65.5142
    0.1091    0.5365    0.8369
   -0.7857    0.5622   -0.2580
   -0.6089   -0.6294    0.4828
...    36 C-G ...
  -61.1178  -60.9514   67.3347
   -0.2935    0.7931    0.5338
   -0.7266    0.1777   -0.6636
   -0.6212   -0.5826    0.5241
...    37 G-C ...
  -63.4808  -63.0144   68.4247
   -0.5659    0.8234    0.0407
   -0.4497   -0.2670   -0.8523
   -0.6910   -0.5007    0.5214
...    38 A-T ...
  -65.5512  -64.6770   70.1142
   -0.7050    0.5333   -0.4675
   -0.0286   -0.6800   -0.7326
   -0.7087   -0.5031    0.4946
...    39 C-G ...
  -68.0060  -65.7827   71.8168
   -0.5718    0.1497   -0.8066
    0.3156   -0.8674   -0.3847
   -0.7572   -0.4746    0.4487
...    40 A-T ...
  -70.7003  -67.2447   73.1335
   -0.2155   -0.2937   -0.9313
    0.5396   -0.8307    0.1371
   -0.8138   -0.4730    0.3375
...    41 C-G ...
  -73.6682  -68.5346   73.7549
    0.1255   -0.6500   -0.7495
    0.5496   -0.5834    0.5980
   -0.8260   -0.4870    0.2840
...    42 G-C ...
  -76.1353  -70.4557   74.8714
    0.4571   -0.8455   -0.2760
    0.3166   -0.1353    0.9389
   -0.8312   -0.5165    0.2058
...    43 A-T ...
  -78.7962  -72.0861   75.4620
    0.5458   -0.7699    0.3308
   -0.0100    0.3888    0.9213
   -0.8379   -0.5061    0.2045
...    44 C-G ...
  -81.3864  -74.1708   75.6311
    0.4721   -0.4402    0.7638
   -0.3060    0.7307    0.6103
   -0.8267   -0.5218    0.2103
...    45 T-A ...
  -83.9572  -76.6906   76.1967
    0.2232    0.0349    0.9741
   -0.4995    0.8623    0.0836
   -0.8371   -0.5053    0.2099
...    46 T-A ...
  -86.4498  -78.6802   76.8110
   -0.0853    0.4627    0.8824
   -0.5118    0.7395   -0.4372
   -0.8549   -0.4889    0.1738
...    47 A-T ...
  -89.2129  -80.3263   77.6049
   -0.2452    0.8418    0.4808
   -0.3901    0.3684   -0.8439
   -0.8875   -0.3945    0.2381
...    48 C-G ...
  -91.8282  -81.7382   78.9772
   -0.3531    0.9348   -0.0372
   -0.2095   -0.1177   -0.9707
   -0.9118   -0.3350    0.2374
...    49 T-A ...
  -94.8185  -82.5820   80.2120
   -0.3147    0.7732   -0.5505
   -0.0366   -0.5895   -0.8070
   -0.9485   -0.2338    0.2138
...    50 G-C ...
  -98.1842  -82.9672   80.7190
   -0.0988    0.3709   -0.9234
    0.0750   -0.9225   -0.3786
   -0.9923   -0.1067    0.0633
...    51 T-A ...
 -101.3558  -82.7266   80.9171
    0.0260   -0.1056   -0.9941
    0.0798   -0.9910    0.1073
   -0.9965   -0.0821   -0.0173
...    52 A-T ...
 -104.6066  -82.8639   80.4325
    0.1786   -0.6232   -0.7614
   -0.0321   -0.7771    0.6285
   -0.9834   -0.0878   -0.1588
...    53 G-C ...
 -107.7077  -82.9435   79.5529
    0.1916   -0.9216   -0.3375
   -0.1720   -0.3701    0.9129
   -0.9663   -0.1169   -0.2295
...    54 G-C ...
 -110.9048  -83.3988   77.8291
    0.0973   -0.9706    0.2202
   -0.2837    0.1850    0.9409
   -0.9540   -0.1540   -0.2574
...    55 T-A ...
 -113.8758  -84.2106   76.6025
   -0.0978   -0.7344    0.6716
   -0.2944    0.6660    0.6854
   -0.9507   -0.1306   -0.2813
...    56 A-T ...
 -116.9743  -84.9260   75.4548
   -0.2669   -0.1891    0.9450
   -0.1632    0.9753    0.1490
   -0.9498   -0.1144   -0.2911
...    57 T-A ...
 -119.9538  -86.0107   74.5193
   -0.3410    0.3343    0.8786
    0.0265    0.9377   -0.3465
   -0.9397   -0.0949   -0.3286
...    58 C-G ...
 -123.1897  -86.5062   73.6653
   -0.2365    0.8410    0.4866
    0.2576    0.5372   -0.8032
   -0.9369   -0.0646   -0.3436
...    59 T-A ...
 -126.4086  -86.5996   72.8377
    0.0212    0.9990    0.0393
    0.3413    0.0297   -0.9395
   -0.9397    0.0333   -0.3403
...    60 C-G ...
 -129.5553  -86.3083   71.7786
    0.2904    0.8431   -0.4525
    0.2454   -0.5227   -0.8164
   -0.9249    0.1261   -0.3587
...    61 G-C ...
 -132.3489  -85.7463   70.0704
    0.6272    0.4322   -0.6479
    0.0061   -0.8346   -0.5508
   -0.7788    0.3415   -0.5261
...    62 A-T ...
 -134.7978  -84.3950   68.2012
    0.5778   -0.1319   -0.8054
   -0.3773   -0.9182   -0.1203
   -0.7237    0.3734   -0.5804
...    63 G-C ...
 -136.8609  -82.8985   66.0511
    0.3459   -0.6079   -0.7147
   -0.6646   -0.6965    0.2707
   -0.6623    0.3813   -0.6449
...    64 C-G ...
 -138.6907  -81.5078   63.5041
   -0.0989   -0.9060   -0.4116
   -0.7698   -0.1924    0.6085
   -0.6305    0.3771   -0.6784
...    65 T-A ...
 -140.6021  -80.7170   60.6597
   -0.5479   -0.8365   -0.0120
   -0.6190    0.3957    0.6785
   -0.5628    0.3791   -0.7345
...    66 T-A ...
 -142.2757  -79.6492   58.1109
   -0.8206   -0.4441    0.3598
   -0.1842    0.8014    0.5691
   -0.5410    0.4008   -0.7394
...    67 C-G ...
 -143.8630  -77.9673   55.6024
   -0.7735    0.1522    0.6152
    0.3764    0.8913    0.2528
   -0.5098    0.4271   -0.7467
...    68 A-T ...
 -144.9733  -76.1961   52.9170
   -0.3575    0.5937    0.7209
    0.7780    0.6164   -0.1219
   -0.5167    0.5173   -0.6822
...    69 T-A ...
 -147.0357  -74.6942   50.9087
    0.1053    0.7893    0.6049
    0.8548    0.2389   -0.4606
   -0.5081    0.5656   -0.6496
...    70 G-C ...
 -148.8885  -72.5267   48.8353
    0.6428    0.6850    0.3429
    0.6479   -0.2473   -0.7205
   -0.4088    0.6853   -0.6027
...    71 T-A ...
 -150.4441  -69.9417   47.4793
    0.9042    0.4263   -0.0262
    0.2339   -0.5456   -0.8047
   -0.3574    0.7215   -0.5930
...    72 T-A ...
 -151.3472  -67.4930   45.7653
    0.9284    0.0072   -0.3714
   -0.2748   -0.6596   -0.6996
   -0.2500    0.7516   -0.6104
...    73 A-T ...
 -151.9147  -65.0892   43.5871
    0.6588   -0.4435   -0.6077
   -0.7428   -0.5116   -0.4319
   -0.1193    0.7359   -0.6665
...    74 T-A ...
 -151.5973  -62.4790   41.6813
    0.1975   -0.6328   -0.7487
   -0.9761   -0.1979   -0.0902
   -0.0911    0.7486   -0.6567
...    75 A-T ...
 -152.0947  -59.9189   39.4896
   -0.4610   -0.5855   -0.6669
   -0.8865    0.2700    0.3758
   -0.0399    0.7644   -0.6435
...    76 A-T ...
 -151.9989  -57.5121   37.3379
   -0.8919   -0.2722   -0.3612
   -0.4522    0.5499    0.7022
    0.0075    0.7896   -0.6136
...    77 C-G ...
 -151.6925  -55.2292   34.7192
   -0.9907    0.1216    0.0615
    0.1218    0.5881    0.7995
    0.0611    0.7996   -0.5975
...    78 G-C ...
 -151.4492  -52.4585   33.0185
   -0.7255    0.4061    0.5556
    0.6869    0.3777    0.6209
    0.0423    0.8321   -0.5530
...    79 G-C ...
 -151.4313  -49.8008   31.0509
   -0.2642    0.4680    0.8433
    0.9639    0.0991    0.2470
    0.0320    0.8781   -0.4773
...    80 A-T ...
 -151.4500  -46.9168   29.6015
    0.3365    0.3736    0.8644
    0.9401   -0.1870   -0.2851
    0.0551    0.9085   -0.4141
...    81 C-G ...
 -151.7160  -43.7607   28.7189
    0.7614    0.2007    0.6164
    0.6449   -0.3308   -0.6889
    0.0657    0.9221   -0.3813
...    82 G-C ...
 -150.8401  -40.9114   27.4453
    0.9331   -0.2075    0.2938
    0.2117   -0.3435   -0.9150
    0.2908    0.9159   -0.2766
...    83 G-C ...
 -149.6133  -37.8669   26.8827
    0.8717   -0.4435   -0.2086
   -0.3036   -0.1545   -0.9402
    0.3847    0.8829   -0.2693
...    84 G-C ...
 -147.7967  -35.1096   26.1879
    0.5290   -0.5524   -0.6442
   -0.6864    0.1678   -0.7076
    0.4990    0.8165   -0.2905
...    85 A-T ...
 -145.8874  -32.5287   25.3702
    0.0224   -0.3517   -0.9358
   -0.8498    0.4863   -0.2031
    0.5266    0.7998   -0.2880
...    86 T-A ...
 -143.6454  -30.3010   24.3833
   -0.4217   -0.0512   -0.9053
   -0.7318    0.6087    0.3065
    0.5354    0.7917   -0.2942
...    87 C-G ...
 -141.7029  -27.8338   23.1954
   -0.7642    0.3445   -0.5452
   -0.3331    0.5131    0.7911
    0.5523    0.7862   -0.2774
...    88 C-G ...
 -139.8534  -25.3237   22.1429
   -0.8664    0.4984   -0.0309
    0.1160    0.2611    0.9583
    0.4857    0.8267   -0.2840
...    89 G-C ...
 -138.1894  -22.5297   21.7172
   -0.7004    0.4802    0.5281
    0.5752   -0.0583    0.8159
    0.4226    0.8752   -0.2354
...    90 C-G ...
 -137.0205  -19.4984   20.5335
   -0.2613    0.3359    0.9049
    0.8596   -0.3455    0.3764
    0.4391    0.8762   -0.1985
...    91 T-A ...
 -135.9232  -16.3251   19.8551
    0.2341    0.0379    0.9715
    0.8635   -0.4673   -0.1898
    0.4468    0.8833   -0.1421
...    92 T-A ...
 -134.7435  -13.3173   19.6630
    0.6623   -0.2535    0.7050
    0.5837   -0.4154   -0.6977
    0.4697    0.8736   -0.1272
...    93 T-A ...
 -133.2173  -10.4944   19.4515
    0.8394   -0.4976    0.2186
    0.1365   -0.1962   -0.9710
    0.5261    0.8449   -0.0968
...    94 A-T ...
 -131.1715   -7.8678   19.1517
    0.6897   -0.6410   -0.3367
   -0.3127    0.1557   -0.9370
    0.6531    0.7516   -0.0930
...    95 A-T ...
 -128.9344   -5.6417   19.0324
    0.3857   -0.4916   -0.7807
   -0.6096    0.4994   -0.6156
    0.6925    0.7134   -0.1071
...    96 C-G ...
 -126.1586   -3.7714   18.9141
    0.0120   -0.1574   -0.9875
   -0.7051    0.6989   -0.1200
    0.7090    0.6977   -0.1026
...    97 A-T ...
 -123.7464   -1.5333   18.3780
   -0.4326    0.2268   -0.8726
   -0.5687    0.6824    0.4593
    0.6996    0.6949   -0.1663
...    98 C-G ...
 -121.1498    0.3646   17.2964
   -0.6703    0.5428   -0.5060
   -0.2573    0.4695    0.8446
    0.6960    0.6963   -0.1750
...    99 T-A ...
 -118.7113    2.6814   15.9154
   -0.7039    0.7089    0.0448
    0.1491    0.0857    0.9851
    0.6945    0.7001   -0.1660
...   100 T-A ...
 -116.5905    4.9784   15.0061
   -0.4649    0.6529    0.5979
    0.5159   -0.3490    0.7823
    0.7195    0.6722   -0.1746
...   101 T-A ...
 -114.3994    7.2631   14.2586
   -0.0951    0.3409    0.9353
    0.6796   -0.6643    0.3113
    0.7274    0.6652   -0.1685
...   102 A-T ...
 -111.8156    9.3087   13.8495
    0.2396   -0.1442    0.9601
    0.6141   -0.7434   -0.2650
    0.7520    0.6531   -0.0896
...   103 T-A ...
 -109.7865   11.8167   14.0480
    0.4502   -0.5106    0.7325
    0.4383   -0.5884   -0.6795
    0.7779    0.6270   -0.0412
...   104 G-C ...
 -107.1616   13.8723   14.2590
    0.5370   -0.8244    0.1791
    0.1139   -0.1395   -0.9837
    0.8359    0.5486    0.0190
...   105 C-G ...
 -104.2512   15.2807   14.7239
    0.4562   -0.8069   -0.3753
   -0.1838    0.3272   -0.9269
    0.8707    0.4918    0.0010
...   106 T-A ...
 -100.9783   16.4087   14.9388
    0.2565   -0.4962   -0.8294
   -0.3532    0.7507   -0.5583
    0.8997    0.4361    0.0173
...   107 T-A ...
  -97.9804   17.5426   15.0234
   -0.0174   -0.0135   -0.9998
   -0.4089    0.9125   -0.0052
    0.9124    0.4087   -0.0214
...   108 C-G ...
  -94.8679   18.6945   14.7423
   -0.2667    0.5070   -0.8197
   -0.3064    0.7618    0.5709
    0.9138    0.4033   -0.0478
...   109 C-G ...
  -91.8385   19.9294   14.4165
   -0.4686    0.7889   -0.3976
   -0.1086    0.3952    0.9121
    0.8767    0.4706   -0.0996
...   110 G-C ...
  -89.2090   21.4947   14.4053
   -0.5327    0.8367    0.1276
    0.1604   -0.0483    0.9859
    0.8310    0.5456   -0.1085
...   111 G-C ...
  -86.6982   23.6769   13.9203
   -0.4029    0.6387    0.6556
    0.4447   -0.4895    0.7501
    0.8000    0.5937   -0.0868
...   112 C-G ...
  -84.4111   26.0797   13.4595
   -0.1287    0.2457    0.9608
    0.5922   -0.7581    0.2732
    0.7955    0.6041   -0.0479
...   113 T-A ...
  -81.9496   28.2908   13.3472
    0.1543   -0.2096    0.9655
    0.5783   -0.7732   -0.2603
    0.8011    0.5985    0.0019
...   114 C-G ...
  -79.2527   30.2047   13.5010
    0.4167   -0.6382    0.6473
    0.4075   -0.5054   -0.7606
    0.8126    0.5807    0.0495
...   115 G-C ...
  -76.3789   31.8535   13.2773
    0.4961   -0.8629    0.0964
    0.1111   -0.0470   -0.9927
    0.8611    0.5032    0.0726
...   116 T-A ...
  -73.4351   33.0668   14.0895
    0.4322   -0.7882   -0.4381
   -0.1527    0.4148   -0.8970
    0.8888    0.4545    0.0589
...   117 A-T ...
  -70.1810   34.0414   14.6543
    0.1848   -0.4694   -0.8634
   -0.3257    0.7997   -0.5045
    0.9272    0.3744   -0.0051
...   118 T-A ...
  -66.9878   34.5665   14.8570
    0.0046   -0.0124   -0.9999
   -0.3692    0.9292   -0.0132
    0.9293    0.3693   -0.0003
...   119 A-T ...
  -63.9397   35.9357   14.8398
   -0.2506    0.5062   -0.8252
   -0.2730    0.7809    0.5619
    0.9288    0.3661   -0.0575
...   120 A-T ...
  -60.8889   36.9057   14.3483
   -0.3713    0.8515   -0.3702
   -0.0761    0.3695    0.9261
    0.9254    0.3721   -0.0724
...   121 T-A ...
  -57.8808   38.0161   13.4116
   -0.3483    0.9239    0.1587
    0.1293   -0.1204    0.9843
    0.9284    0.3633   -0.0775
...   122 G-C ...
  -54.7870   39.4103   12.9829
   -0.2644    0.6574    0.7056
    0.3139   -0.6331    0.7075
    0.9119    0.4086   -0.0389
...   123 T-A ...
  -52.0258   41.1383   12.6470
   -0.0817    0.2549    0.9635
    0.4037   -0.8754    0.2658
    0.9112    0.4107   -0.0313
...   124 G-C ...
  -49.0350   42.6001   12.6525
    0.0967   -0.3143    0.9444
    0.4015   -0.8559   -0.3259
    0.9107    0.4107    0.0434
...   125 T-A ...
  -46.3351   44.3057   13.0553
    0.2482   -0.7255    0.6419
    0.2977   -0.5735   -0.7632
    0.9218    0.3805    0.0736
...   126 C-G ...
  -43.4142   45.4759   13.3921
    0.3734   -0.9242    0.0801
    0.1061   -0.0433   -0.9934
    0.9216    0.3794    0.0819
...   127 G-C ...
  -40.3142   46.5327   13.2009
    0.1977   -0.8839   -0.4239
   -0.0603    0.4206   -0.9052
    0.9784    0.2046    0.0298
...   128 A-T ...
  -37.2478   47.2356   13.3993
    0.1108   -0.4843   -0.8679
   -0.1803    0.8490   -0.4967
    0.9774    0.2115    0.0067
...   129 C-G ...
  -33.9633   47.1534   13.6708
   -0.0495    0.0173   -0.9986
   -0.1945    0.9805    0.0266
    0.9797    0.1955   -0.0451
...   130 C-G ...
  -30.6231   47.3294   12.9532
   -0.2571    0.4878   -0.8343
   -0.0920    0.8470    0.5236
    0.9620    0.2114   -0.1729
...   131 A-T ...
  -27.5502   48.6023   12.5845
   -0.3744    0.8434   -0.3853
    0.1032    0.4509    0.8866
    0.9215    0.2922   -0.2559
...   132 A-T ...
  -24.6207   49.6157   11.5041
   -0.2468    0.9518    0.1822
    0.3111   -0.1003    0.9451
    0.9178    0.2899   -0.2714
...   133 A-T ...
  -21.7737   50.6476   10.2385
    0.0338    0.7240    0.6889
    0.3832   -0.6460    0.6601
    0.9230    0.2417   -0.2993
...   134 T-A ...
  -19.0159   52.0244    8.9250
    0.2452    0.2905    0.9249
    0.3073   -0.9281    0.2101
    0.9195    0.2328   -0.3169
...   135 G-C ...
  -16.4637   53.8824    7.5153
    0.5339   -0.3333    0.7771
    0.0346   -0.9097   -0.4139
    0.8449    0.2479   -0.4741
...   136 T-A ...
  -14.1748   56.5546    6.1808
    0.5795   -0.7269    0.3685
   -0.3141   -0.6164   -0.7221
    0.7521    0.3026   -0.5855
...   137 G-C ...
  -11.6537   57.9992    4.7204
    0.2452   -0.9542   -0.1714
   -0.6323   -0.0234   -0.7744
    0.7349    0.2983   -0.6091
...   138 A-T ...
   -8.6758   58.7133    3.6024
   -0.0345   -0.7815   -0.6229
   -0.6536    0.4891   -0.5775
    0.7560    0.3872   -0.5277
...   139 G-C ...
   -6.3274   59.0726    1.6296
   -0.2969   -0.3279   -0.8968
   -0.5657    0.8171   -0.1114
    0.7693    0.4742   -0.4281
...   140 C-G ...
   -3.4368   60.2278    1.0287
   -0.4426    0.2287   -0.8671
   -0.1681    0.9286    0.3308
    0.8808    0.2922   -0.3725
...   141 G-C ...
   -0.6976   63.8911   -2.2510
   -0.9992    0.0157   -0.0376
   -0.0024    0.8991    0.4378
    0.0407    0.4375   -0.8983
...   142 C-G ...
   -1.0064   65.5987   -4.9401
   -0.8337    0.5216    0.1813
    0.5170    0.6219    0.5881
    0.1940    0.5841   -0.7882
...   143 T-A ...
   -0.1332   66.2084   -7.8196
   -0.3753    0.8566    0.3540
    0.8856    0.2187    0.4098
    0.2736    0.4673   -0.8407
...   144 C-G ...
   -0.1665   67.4019  -10.8067
    0.1798    0.8793    0.4411
    0.9277   -0.3007    0.2214
    0.3273    0.3694   -0.8697
...   145 A-T ...
    0.5267   69.2312  -13.4659
    0.7352    0.4964    0.4616
    0.6118   -0.7791   -0.1367
    0.2918    0.3829   -0.8765
...   146 C-G ...
    1.4339   72.0891  -15.6019
    0.9809    0.0621    0.1844
    0.1264   -0.9240   -0.3608
    0.1480    0.3772   -0.9142
...   147 A-T ...
    2.3048   74.2222  -18.3863
    0.8657   -0.4292   -0.2575
   -0.4984   -0.7868   -0.3642
   -0.0463    0.4436   -0.8950
