  147 base-pairs
...     1 A-T ...
    0.0000    0.0000    0.0000
    1.0000    0.0000    0.0000
    0.0000    1.0000    0.0000
    0.0000    0.0000    1.0000
...     2 G-C ...
   -0.1394   -1.2357    3.2268
    0.7529    0.6366    0.1670
   -0.6386    0.7680   -0.0486
   -0.1592   -0.0700    0.9848
...     3 T-A ...
   -0.0365   -3.2932    6.3751
    0.2722    0.9301    0.2466
   -0.9238    0.3243   -0.2033
   -0.2691   -0.1725    0.9475
...     4 G-C ...
   -0.3505   -4.1660    9.4928
   -0.3756    0.9250    0.0579
   -0.8781   -0.3352   -0.3415
   -0.2965   -0.1791    0.9381
...     5 A-T ...
   -0.4462   -4.1476   12.7498
   -0.8116    0.5840   -0.0165
   -0.5523   -0.7762   -0.3042
   -0.1905   -0.2378    0.9524
...     6 G-C ...
   -1.5908   -4.1730   15.6201
   -0.9976    0.0246   -0.0651
   -0.0043   -0.9555   -0.2950
   -0.0695   -0.2940    0.9533
...     7 C-G ...
   -1.1030   -4.4824   18.7362
   -0.8441   -0.5304   -0.0787
    0.5345   -0.8441   -0.0432
   -0.0435   -0.0785    0.9960
...     8 G-C ...
   -2.4028   -7.7290   23.1475
   -0.2754   -0.3293   -0.9032
    0.6650   -0.7437    0.0684
   -0.6942   -0.5818    0.4238
...     9 C-G ...
   -4.4690   -9.9728   24.1132
    0.1145   -0.7025   -0.7024
    0.8512   -0.2952    0.4340
   -0.5122   -0.6476    0.5642
...    10 T-A ...
   -6.7405  -10.8752   25.9697
    0.4841   -0.8363   -0.2574
    0.6595    0.1553    0.7355
   -0.5751   -0.5258    0.6267
...    11 C-G ...
   -9.1656  -12.6208   27.1640
    0.7073   -0.6682    0.2307
    0.3448    0.6110    0.7126
   -0.6171   -0.4245    0.6626
...    12 A-T ...
  -10.9234  -14.6633   29.0693
    0.7515   -0.1377    0.6452
   -0.2029    0.8824    0.4246
   -0.6277   -0.4500    0.6352
...    13 C-G ...
  -11.8476  -17.4863   31.2451
    0.4295    0.2823    0.8578
   -0.5708    0.8209    0.0156
   -0.6998   -0.4963    0.5137
...    14 A-T ...
  -13.5897  -19.7827   33.4259
   -0.1504    0.6104    0.7777
   -0.6874    0.5008   -0.5260
   -0.7106   -0.6136    0.3443
...    15 A-T ...
  -15.8216  -21.7934   34.6411
   -0.4828    0.8113    0.3296
   -0.4895    0.0621   -0.8698
   -0.7262   -0.5813    0.3672
...    16 T-A ...
  -17.9208  -23.6222   36.5688
   -0.6934    0.6997   -0.1722
   -0.1525   -0.3761   -0.9139
   -0.7042   -0.6074    0.3675
...    17 T-A ...
  -20.1928  -25.3915   38.1528
   -0.6789    0.3261   -0.6579
    0.2816   -0.7118   -0.6434
   -0.6781   -0.6221    0.3914
...    18 T-A ...
  -22.4951  -27.1793   39.5588
   -0.4040   -0.1184   -0.9071
    0.6072   -0.7764   -0.1691
   -0.6842   -0.6191    0.3855
...    19 A-T ...
  -24.6571  -29.4104   40.7732
    0.0457   -0.5089   -0.8596
    0.7192   -0.5804    0.3819
   -0.6933   -0.6357    0.3395
...    20 T-A ...
  -27.4089  -31.1090   41.5415
    0.3885   -0.7497   -0.5357
    0.6020   -0.2337    0.7636
   -0.6977   -0.6191    0.3605
...    21 T-A ...
  -29.8506  -33.0933   42.4434
    0.6523   -0.7579   -0.0094
    0.2776    0.2273    0.9334
   -0.7053   -0.6115    0.3586
...    22 C-G ...
  -32.1484  -35.1381   43.5746
    0.7166   -0.4704    0.5150
   -0.1534    0.6141    0.7742
   -0.6804   -0.6338    0.3679
...    23 G-C ...
  -34.4682  -36.8535   45.3110
    0.6084    0.0391    0.7926
   -0.5388    0.7536    0.3764
   -0.5826   -0.6562    0.4796
...    24 C-G ...
  -36.1115  -39.2567   46.7833
    0.2773    0.4630    0.8418
   -0.7725    0.6284   -0.0912
   -0.5712   -0.6251    0.5320
...    25 A-T ...
  -38.1905  -41.1466   48.4553
   -0.1268    0.7887    0.6016
   -0.8042    0.2733   -0.5278
   -0.5807   -0.5507    0.5996
...    26 A-T ...
  -39.9438  -42.8835   50.6078
   -0.5365    0.8199    0.1998
   -0.6071   -0.2106   -0.7662
   -0.5861   -0.5324    0.6108
...    27 A-T ...
  -41.6171  -44.4458   52.9109
   -0.7846    0.5607   -0.2645
   -0.2011   -0.6337   -0.7470
   -0.5865   -0.5329    0.6100
...    28 G-C ...
  -43.6601  -45.7520   55.2421
   -0.7341    0.1896   -0.6521
    0.2111   -0.8489   -0.4845
   -0.6454   -0.4933    0.5831
...    29 G-C ...
  -46.1698  -47.0516   57.2076
   -0.4421   -0.2641   -0.8572
    0.5600   -0.8278   -0.0337
   -0.7007   -0.4949    0.5139
...    30 C-G ...
  -48.7872  -48.3948   58.6195
   -0.0353   -0.6395   -0.7680
    0.6874   -0.5733    0.4458
   -0.7254   -0.5122    0.4598
...    31 C-G ...
  -51.4373  -49.9002   60.0078
    0.3942   -0.8113   -0.4318
    0.5783   -0.1461    0.8026
   -0.7142   -0.5661    0.4116
...    32 G-C ...
  -53.3509  -51.8021   61.4232
    0.6893   -0.7244   -0.0099
    0.2764    0.2504    0.9279
   -0.6697   -0.6423    0.3728
...    33 G-C ...
  -55.2523  -54.3962   62.4626
    0.7574   -0.4420    0.4806
   -0.1693    0.5780    0.7983
   -0.6306   -0.6860    0.3629
...    34 C-G ...
  -57.1097  -56.8965   63.4418
    0.5660   -0.0325    0.8238
   -0.5583    0.7201    0.4120
   -0.6066   -0.6931    0.3894
...    35 C-G ...
  -58.7651  -59.4587   64.9378
    0.2005    0.4028    0.8930
   -0.7810    0.6161   -0.1025
   -0.5915   -0.6769    0.4381
...    36 C-G ...
  -60.4587  -61.8517   66.5700
   -0.2115    0.7070    0.6749
   -0.7739    0.3006   -0.5574
   -0.5970   -0.6401    0.4836
...    37 G-C ...
  -62.7984  -63.9829   67.5481
   -0.5231    0.8216    0.2266
   -0.5363   -0.1107   -0.8368
   -0.6624   -0.5592    0.4985
...    38 A-T ...
  -64.7604  -65.8521   69.1310
   -0.7191    0.6262   -0.3013
   -0.1253   -0.5432   -0.8302
   -0.6836   -0.5592    0.4691
...    39 C-G ...
  -67.1007  -67.1592   70.8511
   -0.6349    0.3088   -0.7082
    0.2388   -0.7933   -0.5600
   -0.7348   -0.5247    0.4299
...    40 A-T ...
  -69.7176  -68.7191   72.1715
   -0.3124   -0.0970   -0.9450
    0.5063   -0.8587   -0.0793
   -0.8038   -0.5032    0.3174
...    41 C-G ...
  -72.6679  -69.9994   72.8081
    0.0267   -0.4815   -0.8760
    0.5707   -0.7122    0.4088
   -0.8207   -0.5109    0.2558
...    42 G-C ...
  -75.1188  -72.0398   73.7182
    0.3933   -0.7708   -0.5012
    0.3919   -0.3526    0.8497
   -0.8317   -0.5306    0.1634
...    43 A-T ...
  -77.7753  -73.7089   74.1695
    0.5404   -0.8367    0.0891
    0.0887    0.1620    0.9828
   -0.8367   -0.5232    0.1617
...    44 C-G ...
  -80.4218  -75.7203   74.0813
    0.5228   -0.6189    0.5861
   -0.2198    0.5664    0.7942
   -0.8236   -0.5441    0.1601
...    45 T-A ...
  -83.0078  -78.2882   74.2688
    0.3098   -0.2179    0.9255
   -0.4570    0.8195    0.3459
   -0.8338   -0.5301    0.1542
...    46 T-A ...
  -85.4881  -80.3905   74.5477
    0.0091    0.2069    0.9783
   -0.5220    0.8355   -0.1718
   -0.8529   -0.5091    0.1156
...    47 A-T ...
  -88.2410  -82.1427   75.0887
   -0.1879    0.6756    0.7129
   -0.4456    0.5882   -0.6749
   -0.8753   -0.4445    0.1905
...    48 C-G ...
  -90.7820  -83.8787   76.2233
   -0.3406    0.9046    0.2562
   -0.2832    0.1611   -0.9454
   -0.8965   -0.3946    0.2014
...    49 T-A ...
  -93.6835  -85.0543   77.3900
   -0.3448    0.8963   -0.2789
   -0.1004   -0.3306   -0.9384
   -0.9333   -0.2955    0.2040
...    50 G-C ...
  -97.0034  -85.5948   78.0120
   -0.1592    0.6298   -0.7603
    0.0472   -0.7643   -0.6431
   -0.9861   -0.1383    0.0920
...    51 T-A ...
 -100.1483  -85.4801   78.5031
   -0.0304    0.2172   -0.9756
    0.0879   -0.9717   -0.2191
   -0.9957   -0.0924    0.0104
...    52 A-T ...
 -103.4172  -85.1334   78.0406
    0.1991   -0.2889   -0.9364
    0.0010   -0.9555    0.2950
   -0.9800   -0.0597   -0.1900
...    53 G-C ...
 -106.5069  -84.9344   77.1721
    0.2444   -0.7110   -0.6594
   -0.1550   -0.6999    0.6972
   -0.9572   -0.0682   -0.2812
...    54 G-C ...
 -109.6566  -84.8395   75.2938
    0.1633   -0.9712   -0.1733
   -0.3036   -0.2166    0.9279
   -0.9387   -0.0989   -0.3302
...    55 T-A ...
 -112.5309  -85.3141   73.7247
   -0.0449   -0.9455    0.3224
   -0.3563    0.3166    0.8791
   -0.9333   -0.0754   -0.3511
...    56 A-T ...
 -115.5246  -85.7762   72.2377
   -0.2638   -0.5753    0.7742
   -0.2584    0.8155    0.5179
   -0.9293   -0.0634   -0.3638
...    57 T-A ...
 -118.3599  -86.6358   70.7511
   -0.3961   -0.0828    0.9145
   -0.0608    0.9961    0.0638
   -0.9162   -0.0303   -0.3995
...    58 C-G ...
 -121.4805  -87.0199   69.5463
   -0.3487    0.5411    0.7653
    0.2260    0.8410   -0.4916
   -0.9096    0.0015   -0.4155
...    59 T-A ...
 -124.6392  -87.0645   68.4845
   -0.1050    0.8906    0.4426
    0.3782    0.4474   -0.8105
   -0.9198    0.0822   -0.3838
...    60 C-G ...
 -127.7742  -86.7312   67.3446
    0.1983    0.9793   -0.0416
    0.3663   -0.1134   -0.9236
   -0.9091    0.1680   -0.3812
...    61 G-C ...
 -130.5032  -85.8406   65.7155
    0.5992    0.7294   -0.3300
    0.1838   -0.5265   -0.8301
   -0.7792    0.4368   -0.4495
...    62 A-T ...
 -133.0010  -84.2235   64.2341
    0.6718    0.2839   -0.6841
   -0.1905   -0.8263   -0.5300
   -0.7158    0.4864   -0.5011
...    63 G-C ...
 -135.0057  -82.1943   62.5116
    0.5413   -0.2103   -0.8141
   -0.5443   -0.8257   -0.1486
   -0.6409    0.5235   -0.5614
...    64 C-G ...
 -136.6991  -80.1205   60.3993
    0.1499   -0.6624   -0.7340
   -0.7857   -0.5304    0.3183
   -0.6002    0.5290   -0.6000
...    65 T-A ...
 -138.4643  -78.3064   58.3173
   -0.2990   -0.8361   -0.4598
   -0.7727   -0.0706    0.6309
   -0.5600    0.5439   -0.6250
...    66 C-G ...
 -140.5335  -76.6501   56.3910
   -0.7124   -0.7017   -0.0013
   -0.4586    0.4642    0.7577
   -0.5311    0.5404   -0.6526
...    67 G-C ...
 -142.6268  -74.1456   55.0476
   -0.8385   -0.3146    0.4449
    0.0330    0.7857    0.6177
   -0.5439    0.5326   -0.6484
...    68 G-C ...
 -144.2639  -72.3575   52.7365
   -0.6493    0.1441    0.7468
    0.5292    0.7908    0.3076
   -0.5462    0.5949   -0.5897
...    69 G-C ...
 -146.1700  -70.5443   50.6701
   -0.2067    0.4732    0.8564
    0.7991    0.5867   -0.1313
   -0.5645    0.6572   -0.4994
...    70 A-T ...
 -148.2036  -68.4726   49.0945
    0.3249    0.6861    0.6510
    0.7773    0.1984   -0.5970
   -0.5387    0.7000   -0.4688
...    71 T-A ...
 -150.3216  -66.1672   48.0967
    0.7015    0.6535    0.2842
    0.5034   -0.1722   -0.8467
   -0.5044    0.7371   -0.4498
...    72 C-G ...
 -151.8796  -63.5820   46.8431
    0.8990    0.3836   -0.2112
    0.0054   -0.4919   -0.8706
   -0.4378    0.7816   -0.4443
...    73 C-G ...
 -153.1896  -60.8755   45.5508
    0.8315   -0.0295   -0.5547
   -0.4613   -0.5930   -0.6600
   -0.3094    0.8047   -0.5067
...    74 G-C ...
 -154.1906  -58.4849   43.4963
    0.4961   -0.4570   -0.7383
   -0.8514   -0.4228   -0.3104
   -0.1703    0.7826   -0.5988
...    75 C-G ...
 -154.1301  -55.8072   41.2831
   -0.0803   -0.6220   -0.7789
   -0.9888   -0.0490    0.1411
   -0.1259    0.7815   -0.6111
...    76 T-A ...
 -154.1896  -53.4906   38.6589
   -0.6322   -0.5194   -0.5749
   -0.7731    0.3739    0.5124
   -0.0512    0.7684   -0.6379
...    77 T-A ...
 -154.0542  -51.1685   36.3531
   -0.9684   -0.1311   -0.2120
   -0.2476    0.6024    0.7588
    0.0282    0.7874   -0.6158
...    78 T-A ...
 -153.7937  -48.8356   34.0482
   -0.9271    0.2985    0.2269
    0.3602    0.5414    0.7597
    0.1039    0.7860   -0.6094
...    79 A-T ...
 -152.7564  -46.0841   32.4497
   -0.5095    0.6090    0.6079
    0.8426    0.2098    0.4960
    0.1745    0.7649   -0.6200
...    80 A-T ...
 -152.3262  -43.6469   30.4448
    0.0355    0.6024    0.7974
    0.9778   -0.1857    0.0968
    0.2064    0.7763   -0.5957
...    81 C-G ...
 -152.2135  -40.8627   28.5934
    0.5314    0.3809    0.7566
    0.8117   -0.4846   -0.3262
    0.2424    0.7875   -0.5667
...    82 A-T ...
 -151.3269  -38.1207   26.8965
    0.8527   -0.0583    0.5192
    0.3893   -0.5917   -0.7059
    0.3484    0.8040   -0.4818
...    83 C-G ...
 -150.0071  -35.2054   25.9582
    0.9119   -0.3967    0.1056
   -0.0953   -0.4547   -0.8855
    0.3993    0.7974   -0.4525
...    84 T-A ...
 -148.1694  -32.3022   24.9291
    0.6616   -0.6452   -0.3820
   -0.5800   -0.1175   -0.8061
    0.4752    0.7549   -0.4520
...    85 T-A ...
 -146.3114  -29.9063   23.7148
    0.2132   -0.5718   -0.7922
   -0.8482    0.2940   -0.4405
    0.4848    0.7659   -0.4223
...    86 T-A ...
 -144.4380  -27.5442   22.4637
   -0.2948   -0.2740   -0.9154
   -0.8169    0.5693    0.0927
    0.4958    0.7751   -0.3917
...    87 A-T ...
 -142.8960  -24.6956   21.3032
   -0.7281    0.2041   -0.6544
   -0.4355    0.5994    0.6716
    0.5293    0.7740   -0.3475
...    88 T-A ...
 -140.9990  -22.6170   19.6117
   -0.8528    0.4579   -0.2510
   -0.0353    0.4290    0.9026
    0.5210    0.7786   -0.3497
...    89 G-C ...
 -139.4623  -20.0177   18.2394
   -0.7417    0.5520    0.3809
    0.5053    0.0864    0.8586
    0.4411    0.8293   -0.3430
...    90 C-G ...
 -138.4297  -17.1620   17.0335
   -0.3706    0.4660    0.8034
    0.8158   -0.2502    0.5214
    0.4440    0.8487   -0.2875
...    91 T-A ...
 -137.3128  -14.0836   15.9920
    0.1303    0.2028    0.9705
    0.8879   -0.4594   -0.0232
    0.4411    0.8648   -0.2400
...    92 T-A ...
 -136.0571  -11.2157   15.3533
    0.5635   -0.1418    0.8139
    0.6783   -0.4829   -0.5538
    0.4715    0.8641   -0.1759
...    93 C-G ...
 -134.4826   -8.3385   15.0954
    0.8019   -0.4623    0.3786
    0.2592   -0.3017   -0.9175
    0.5384    0.8338   -0.1221
...    94 C-G ...
 -132.6896   -5.5936   14.9110
    0.7437   -0.6557   -0.1299
   -0.1764   -0.0050   -0.9843
    0.6448    0.7550   -0.1194
...    95 G-C ...
 -130.5579   -3.4869   14.2497
    0.4722   -0.6547   -0.5903
   -0.4834    0.3677   -0.7945
    0.7372    0.6604   -0.1429
...    96 G-C ...
 -127.7232   -1.7798   13.5836
    0.0868   -0.3861   -0.9183
   -0.6174    0.7026   -0.3538
    0.7819    0.5977   -0.1774
...    97 C-G ...
 -124.7791   -0.3469   12.8070
   -0.2911    0.0467   -0.9556
   -0.5430    0.8143    0.2052
    0.7877    0.5786   -0.2117
...    98 T-A ...
 -121.9809    1.3117   11.5898
   -0.5490    0.5033   -0.6673
   -0.2388    0.6707    0.7023
    0.8010    0.5449   -0.2480
...    99 T-A ...
 -119.3941    2.9358   10.5824
   -0.5987    0.7865   -0.1512
    0.1158    0.2718    0.9554
    0.7925    0.5545   -0.2538
...   100 C-G ...
 -116.6607    4.7656   10.0210
   -0.4250    0.7842    0.4521
    0.4504   -0.2501    0.8571
    0.7852    0.5679   -0.2469
...   101 A-T ...
 -113.8563    6.4448    9.1807
   -0.1841    0.4478    0.8750
    0.6253   -0.6335    0.4558
    0.7584    0.6310   -0.1634
...   102 T-A ...
 -111.7374    8.8519    8.6336
    0.1156    0.0436    0.9923
    0.6385   -0.7686   -0.0406
    0.7609    0.6383   -0.1167
...   103 G-C ...
 -109.1702   11.1856    8.4484
    0.3798   -0.4753    0.7937
    0.4602   -0.6472   -0.6078
    0.8025    0.5961   -0.0271
...   104 T-A ...
 -106.7444   13.4395    8.9367
    0.5444   -0.7577    0.3599
    0.1982   -0.3007   -0.9329
    0.8151    0.5792   -0.0136
...   105 T-A ...
 -104.1211   15.2040    9.1347
    0.5288   -0.8244   -0.2020
   -0.1141    0.1668   -0.9794
    0.8411    0.5409   -0.0058
...   106 A-T ...
 -101.2645   16.9323    8.9617
    0.3081   -0.6137   -0.7269
   -0.3781    0.6222   -0.6855
    0.8730    0.4861   -0.0403
...   107 T-A ...
  -98.1728   17.9171    9.2031
    0.0838   -0.2170   -0.9726
   -0.4754    0.8491   -0.2304
    0.8758    0.4817   -0.0320
...   108 A-T ...
  -95.3074   19.6883    9.0902
   -0.2368    0.3234   -0.9162
   -0.4067    0.8234    0.3958
    0.8823    0.4664   -0.0634
...   109 A-T ...
  -92.4202   21.0132    8.7636
   -0.4258    0.7276   -0.5379
   -0.2025    0.5028    0.8403
    0.8819    0.4667   -0.0667
...   110 C-G ...
  -89.3925   22.3644    7.8541
   -0.4611    0.8873    0.0111
    0.0603    0.0188    0.9980
    0.8853    0.4609   -0.0622
...   111 G-C ...
  -86.5860   24.0337    8.0027
   -0.4150    0.6966    0.5853
    0.3410   -0.4773    0.8099
    0.8435    0.5356   -0.0394
...   112 G-C ...
  -83.9998   26.0639    7.9638
   -0.2507    0.2926    0.9228
    0.5364   -0.7515    0.3840
    0.8058    0.5913    0.0315
...   113 A-T ...
  -81.5092   28.1266    8.2104
    0.0648   -0.2318    0.9706
    0.5949   -0.7719   -0.2241
    0.8012    0.5920    0.0879
...   114 C-G ...
  -79.2595   30.4433    8.9634
    0.3473   -0.6020    0.7190
    0.4982   -0.5311   -0.6854
    0.7945    0.5962    0.1154
...   115 G-C ...
  -76.5309   32.3707    9.6922
    0.4329   -0.8770    0.2085
    0.2540   -0.1032   -0.9617
    0.8649    0.4692    0.1781
...   116 T-A ...
  -73.6674   33.5050   10.9043
    0.4531   -0.8242   -0.3397
   -0.0073    0.3777   -0.9259
    0.8915    0.4220    0.1651
...   117 A-T ...
  -70.4872   34.4175   11.8622
    0.2789   -0.5110   -0.8130
   -0.2249    0.7883   -0.5727
    0.9336    0.3426    0.1049
...   118 T-A ...
  -67.3254   34.8479   12.4614
    0.1301   -0.0519   -0.9901
   -0.3305    0.9393   -0.0926
    0.9348    0.3393    0.1050
...   119 A-T ...
  -64.2545   36.1276   12.7696
   -0.1362    0.4781   -0.8677
   -0.3118    0.8106    0.4956
    0.9403    0.3381    0.0387
...   120 A-T ...
  -61.1424   37.0129   12.6080
   -0.3095    0.8421   -0.4416
   -0.1663    0.4093    0.8971
    0.9363    0.3511    0.0133
...   121 T-A ...
  -58.0309   38.0366   11.9611
   -0.3437    0.9351    0.0862
    0.0251   -0.0826    0.9963
    0.9388    0.3445    0.0049
...   122 G-C ...
  -54.8839   39.3649   11.8152
   -0.3167    0.6858    0.6552
    0.2355   -0.6123    0.7547
    0.9188    0.3934    0.0324
...   123 T-A ...
  -52.0718   41.0572   11.6764
   -0.1572    0.2862    0.9452
    0.3659   -0.8721    0.3249
    0.9173    0.3969    0.0323
...   124 G-C ...
  -49.0524   42.4686   11.8585
    0.0301   -0.2918    0.9560
    0.4119   -0.8678   -0.2778
    0.9107    0.4022    0.0941
...   125 T-A ...
  -46.3596   44.1643   12.3945
    0.2033   -0.7130    0.6711
    0.3368   -0.5926   -0.7317
    0.9194    0.3748    0.1196
...   126 C-G ...
  -43.4502   45.3449   12.8593
    0.3615   -0.9250    0.1169
    0.1569   -0.0633   -0.9856
    0.9191    0.3746    0.1223
...   127 G-C ...
  -40.3368   46.4196   12.7703
    0.2135   -0.8892   -0.4046
   -0.0249    0.4091   -0.9122
    0.9766    0.2048    0.0652
...   128 A-T ...
  -37.2840   47.1449   13.0848
    0.1413   -0.4942   -0.8578
   -0.1639    0.8429   -0.5126
    0.9763    0.2130    0.0381
...   129 C-G ...
  -34.0124   47.0756   13.4653
   -0.0180    0.0071   -0.9998
   -0.1969    0.9804    0.0105
    0.9803    0.1970   -0.0162
...   130 C-G ...
  -30.6525   47.2564   12.8413
   -0.2359    0.4801   -0.8449
   -0.1079    0.8511    0.5137
    0.9658    0.2123   -0.1490
...   131 A-T ...
  -27.5765   48.5626   12.5056
   -0.3713    0.8391   -0.3975
    0.0869    0.4576    0.8849
    0.9244    0.2940   -0.2428
...   132 A-T ...
  -24.6372   49.5970   11.4676
   -0.2521    0.9516    0.1756
    0.3003   -0.0955    0.9491
    0.9199    0.2920   -0.2617
...   133 A-T ...
  -21.7791   50.6335   10.2299
    0.0269    0.7258    0.6874
    0.3800   -0.6434    0.6645
    0.9246    0.2433   -0.2931
...   134 T-A ...
  -19.0159   52.0244    8.9251
    0.2452    0.2905    0.9249
    0.3073   -0.9281    0.2101
    0.9195    0.2328   -0.3169
...   135 G-C ...
  -16.4637   53.8824    7.5154
    0.5339   -0.3333    0.7771
    0.0346   -0.9097   -0.4139
    0.8449    0.2479   -0.4741
...   136 T-A ...
  -14.1749   56.5547    6.1809
    0.5795   -0.7269    0.3685
   -0.3141   -0.6164   -0.7221
    0.7521    0.3026   -0.5855
...   137 G-C ...
  -11.6538   57.9992    4.7205
    0.2452   -0.9542   -0.1714
   -0.6323   -0.0234   -0.7744
    0.7349    0.2983   -0.6091
...   138 A-T ...
   -8.6758   58.7133    3.6025
   -0.0345   -0.7815   -0.6229
   -0.6536    0.4891   -0.5775
    0.7560    0.3872   -0.5277
...   139 G-C ...
   -6.3275   59.0727    1.6297
   -0.2969   -0.3279   -0.8968
   -0.5657    0.8171   -0.1114
    0.7693    0.4742   -0.4281
...   140 C-G ...
   -3.4369   60.2278    1.0288
   -0.4426    0.2287   -0.8671
   -0.1681    0.9286    0.3308
    0.8808    0.2922   -0.3725
...   141 G-C ...
   -0.6976   63.8911   -2.2508
   -0.9992    0.0157   -0.0376
   -0.0024    0.8991    0.4378
    0.0407    0.4375   -0.8983
...   142 C-G ...
   -1.0064   65.5988   -4.9400
   -0.8337    0.5216    0.1813
    0.5170    0.6219    0.5881
    0.1940    0.5841   -0.7882
...   143 T-A ...
   -0.1332   66.2084   -7.8195
   -0.3753    0.8566    0.3540
    0.8856    0.2187    0.4098
    0.2736    0.4673   -0.8407
...   144 C-G ...
   -0.1666   67.4020  -10.8066
    0.1798    0.8793    0.4411
    0.9277   -0.3007    0.2214
    0.3273    0.3694   -0.8697
...   145 A-T ...
    0.5267   69.2312  -13.4658
    0.7352    0.4964    0.4616
    0.6118   -0.7791   -0.1367
    0.2918    0.3829   -0.8765
...   146 C-G ...
    1.4338   72.0892  -15.6018
    0.9809    0.0621    0.1844
    0.1264   -0.9240   -0.3608
    0.1480    0.3772   -0.9142
...   147 A-T ...
    2.3048   74.2222  -18.3862
    0.8657   -0.4292   -0.2575
   -0.4984   -0.7868   -0.3642
   -0.0463    0.4436   -0.8950
