  147 base-pairs
...     1 A-T ...
    0.0000    0.0000    0.0000
    1.0000    0.0000    0.0000
    0.0000    1.0000    0.0000
    0.0000    0.0000    1.0000
...     2 G-C ...
   -0.1394   -1.2357    3.2268
    0.7529    0.6366    0.1670
   -0.6386    0.7680   -0.0486
   -0.1592   -0.0700    0.9848
...     3 T-A ...
   -0.0365   -3.2932    6.3751
    0.2722    0.9301    0.2466
   -0.9238    0.3243   -0.2033
   -0.2691   -0.1725    0.9475
...     4 G-C ...
   -0.3505   -4.1660    9.4928
   -0.3756    0.9250    0.0579
   -0.8781   -0.3352   -0.3415
   -0.2965   -0.1791    0.9381
...     5 A-T ...
   -0.4462   -4.1476   12.7498
   -0.8116    0.5840   -0.0165
   -0.5523   -0.7762   -0.3042
   -0.1905   -0.2378    0.9524
...     6 G-C ...
   -1.5908   -4.1730   15.6201
   -0.9976    0.0246   -0.0651
   -0.0043   -0.9555   -0.2950
   -0.0695   -0.2940    0.9533
...     7 C-G ...
   -1.1030   -4.4824   18.7362
   -0.8441   -0.5304   -0.0787
    0.5345   -0.8441   -0.0432
   -0.0435   -0.0785    0.9960
...     8 G-C ...
   -2.4028   -7.7290   23.1475
   -0.2754   -0.3293   -0.9032
    0.6650   -0.7437    0.0684
   -0.6942   -0.5818    0.4238
...     9 C-G ...
   -4.4690   -9.9728   24.1132
    0.1145   -0.7025   -0.7024
    0.8512   -0.2952    0.4340
   -0.5122   -0.6476    0.5642
...    10 T-A ...
   -6.7405  -10.8752   25.9697
    0.4841   -0.8363   -0.2574
    0.6595    0.1553    0.7355
   -0.5751   -0.5258    0.6267
...    11 C-G ...
   -9.1656  -12.6208   27.1640
    0.7073   -0.6682    0.2307
    0.3448    0.6110    0.7126
   -0.6171   -0.4245    0.6626
...    12 A-T ...
  -10.9234  -14.6633   29.0693
    0.7515   -0.1377    0.6452
   -0.2029    0.8824    0.4246
   -0.6277   -0.4500    0.6352
...    13 C-G ...
  -11.8476  -17.4863   31.2451
    0.4295    0.2823    0.8578
   -0.5708    0.8209    0.0156
   -0.6998   -0.4963    0.5137
...    14 A-T ...
  -13.5897  -19.7827   33.4259
   -0.1504    0.6104    0.7777
   -0.6874    0.5008   -0.5260
   -0.7106   -0.6136    0.3443
...    15 A-T ...
  -15.7080  -21.8000   34.8080
   -0.4855    0.7980    0.3570
   -0.5022    0.0797   -0.8611
   -0.7156   -0.5973    0.3621
...    16 T-A ...
  -17.7604  -23.6079   36.6221
   -0.6597    0.7425   -0.1162
   -0.2051   -0.3266   -0.9226
   -0.7230   -0.5848    0.3678
...    17 T-A ...
  -20.0790  -25.3294   38.0913
   -0.6589    0.4448   -0.6066
    0.1853   -0.6856   -0.7040
   -0.7290   -0.5763    0.3693
...    18 T-A ...
  -22.5308  -26.9407   39.4700
   -0.4469   -0.0066   -0.8946
    0.5142   -0.8202   -0.2508
   -0.7320   -0.5721    0.3699
...    19 A-T ...
  -24.9798  -28.8502   40.6175
   -0.0350   -0.4338   -0.9003
    0.6597   -0.6868    0.3052
   -0.7507   -0.5833    0.3102
...    20 T-A ...
  -27.8429  -30.3365   41.2577
    0.2964   -0.7166   -0.6314
    0.5894   -0.3829    0.7113
   -0.7515   -0.5830    0.3088
...    21 T-A ...
  -30.4311  -32.1415   42.0036
    0.5701   -0.8113   -0.1295
    0.3273    0.0798    0.9415
   -0.7535   -0.5792    0.3110
...    22 C-G ...
  -32.8456  -34.1358   42.9089
    0.6793   -0.6006    0.4218
   -0.0646    0.5235    0.8496
   -0.7311   -0.6043    0.3168
...    23 G-C ...
  -35.2152  -35.9752   44.3138
    0.6159   -0.1546    0.7725
   -0.4382    0.7477    0.4990
   -0.6547   -0.6458    0.3927
...    24 C-G ...
  -37.0378  -38.4199   45.5561
    0.3226    0.2965    0.8989
   -0.7046    0.7094    0.0189
   -0.6321   -0.6394    0.4377
...    25 A-T ...
  -39.1345  -40.4623   47.1088
   -0.0430    0.7005    0.7123
   -0.7863    0.4161   -0.4567
   -0.6164   -0.5798    0.5329
...    26 A-T ...
  -40.8971  -42.3640   49.0524
   -0.4610    0.8198    0.3398
   -0.6337   -0.0361   -0.7727
   -0.6212   -0.5716    0.5361
...    27 A-T ...
  -42.7732  -44.0942   51.0462
   -0.7231    0.6750   -0.1466
   -0.2790   -0.4795   -0.8320
   -0.6319   -0.5607    0.5351
...    28 G-C ...
  -44.8627  -45.6563   53.0553
   -0.7130    0.3862   -0.5852
    0.1134   -0.7601   -0.6398
   -0.6919   -0.5226    0.4982
...    29 G-C ...
  -47.3956  -47.0221   54.7989
   -0.4787   -0.0130   -0.8779
    0.4438   -0.8663   -0.2292
   -0.7575   -0.4993    0.4205
...    30 C-G ...
  -50.1577  -48.2750   56.0590
   -0.1311   -0.4402   -0.8883
    0.6112   -0.7413    0.2771
   -0.7805   -0.5066    0.3663
...    31 C-G ...
  -52.9825  -49.8746   56.9130
    0.2752   -0.7187   -0.6386
    0.5584   -0.4212    0.7147
   -0.7826   -0.5532    0.2854
...    32 G-C ...
  -55.2862  -51.9856   58.0290
    0.6074   -0.7752   -0.1735
    0.2793    0.0039    0.9602
   -0.7437   -0.6317    0.2188
...    33 G-C ...
  -57.6798  -54.3162   58.4248
    0.7102   -0.6114    0.3489
   -0.1097    0.3935    0.9128
   -0.6954   -0.6866    0.2124
...    34 C-G ...
  -59.7713  -56.8432   58.8439
    0.5603   -0.2834    0.7783
   -0.4821    0.6525    0.5847
   -0.6735   -0.7028    0.2290
...    35 C-G ...
  -61.7588  -59.4623   59.5985
    0.2635    0.1545    0.9522
   -0.7129    0.6961    0.0843
   -0.6499   -0.7011    0.2935
...    36 C-G ...
  -63.6501  -62.0287   60.7150
   -0.0989    0.5531    0.8272
   -0.7459    0.5090   -0.4296
   -0.6587   -0.6595    0.3622
...    37 G-C ...
  -66.0627  -64.0499   61.7488
   -0.3942    0.8178    0.4193
   -0.5782    0.1340   -0.8048
   -0.7143   -0.5598    0.4200
...    38 A-T ...
  -68.3136  -65.8701   63.2231
   -0.6069    0.7840   -0.1304
   -0.2554   -0.3477   -0.9021
   -0.7526   -0.5142    0.4113
...    39 C-G ...
  -70.7009  -67.1370   65.0652
   -0.6104    0.5342   -0.5849
    0.0719   -0.6979   -0.7125
   -0.7888   -0.4770    0.3876
...    40 A-T ...
  -73.4286  -68.6072   66.2781
   -0.3604    0.1511   -0.9205
    0.3415   -0.8969   -0.2810
   -0.8680   -0.4157    0.2716
...    41 C-G ...
  -76.5111  -69.3404   67.0939
   -0.0990   -0.2971   -0.9497
    0.4503   -0.8644    0.2235
   -0.8874   -0.4056    0.2193
...    42 G-C ...
  -79.2995  -71.0580   67.6115
    0.2590   -0.6637   -0.7017
    0.3643   -0.6057    0.7074
   -0.8945   -0.4389    0.0849
...    43 A-T ...
  -82.2198  -72.5247   67.6837
    0.4386   -0.8829   -0.1675
    0.1212   -0.1266    0.9845
   -0.8905   -0.4521    0.0515
...    44 C-G ...
  -85.0853  -74.1393   67.2039
    0.4422   -0.8207    0.3619
   -0.1369    0.3370    0.9315
   -0.8864   -0.4614    0.0367
...    45 T-A ...
  -87.8590  -75.9426   67.1108
    0.3286   -0.5160    0.7911
   -0.3595    0.7062    0.6099
   -0.8734   -0.4848    0.0465
...    46 T-A ...
  -90.5593  -77.7636   67.0567
    0.0351   -0.0439    0.9984
   -0.4633    0.8845    0.0552
   -0.8855   -0.4645    0.0107
...    47 A-T ...
  -93.5489  -79.2083   67.0593
   -0.2083    0.4947    0.8437
   -0.3808    0.7535   -0.5359
   -0.9009   -0.4329    0.0314
...    48 C-G ...
  -96.2765  -80.9537   67.6317
   -0.3320    0.8260    0.4554
   -0.2140    0.4042   -0.8893
   -0.9187   -0.3927    0.0426
...    49 T-A ...
  -99.2867  -82.1716   68.1461
   -0.3009    0.9522   -0.0525
   -0.0238   -0.0625   -0.9978
   -0.9534   -0.2989    0.0415
...    50 G-C ...
 -102.5514  -82.8484   68.2915
   -0.1019    0.8195   -0.5640
    0.1072   -0.5546   -0.8252
   -0.9890   -0.1445   -0.0313
...    51 T-A ...
 -105.7901  -82.7534   68.5341
    0.0340    0.4464   -0.8942
    0.1223   -0.8898   -0.4396
   -0.9919   -0.0944   -0.0848
...    52 A-T ...
 -109.0630  -82.5610   68.0089
    0.2547   -0.0604   -0.9651
    0.0160   -0.9977    0.0666
   -0.9669   -0.0324   -0.2531
...    53 G-C ...
 -112.1691  -82.3238   66.9413
    0.2886   -0.5571   -0.7787
   -0.1667   -0.8301    0.5321
   -0.9428   -0.0237   -0.3324
...    54 G-C ...
 -115.1235  -82.3880   65.3126
    0.2069   -0.9122   -0.3536
   -0.3562   -0.4068    0.8412
   -0.9112   -0.0481   -0.4091
...    55 T-A ...
 -117.8422  -82.4710   63.3842
   -0.0167   -0.9908    0.1345
   -0.4245    0.1288    0.8962
   -0.9053   -0.0421   -0.4227
...    56 A-T ...
 -121.0730  -82.2059   62.3883
   -0.3692   -0.6725    0.6414
   -0.2830    0.7388    0.6117
   -0.8852    0.0444   -0.4631
...    57 T-A ...
 -123.8020  -82.6477   60.5539
   -0.4871   -0.2008    0.8500
   -0.0367    0.9771    0.2098
   -0.8726    0.0710   -0.4833
...    58 C-G ...
 -126.6275  -82.5098   58.8863
   -0.3899    0.4047    0.8271
    0.2816    0.9076   -0.3114
   -0.8767    0.1115   -0.4679
...    59 T-A ...
 -129.6523  -82.3017   57.5886
   -0.1145    0.7974    0.5925
    0.4554    0.5722   -0.6820
   -0.8829    0.1917   -0.4286
...    60 C-G ...
 -132.5608  -81.6800   56.2875
    0.2385    0.9604    0.1437
    0.4430    0.0241   -0.8962
   -0.8642    0.2774   -0.4197
...    61 G-C ...
 -135.2556  -80.5376   54.7242
    0.5954    0.7621   -0.2544
    0.2207   -0.4596   -0.8603
   -0.7725    0.4560   -0.4418
...    62 A-T ...
 -137.6218  -78.8339   53.3186
    0.6799    0.3343   -0.6527
   -0.1821   -0.7852   -0.5918
   -0.7104    0.5212   -0.4730
...    63 G-C ...
 -139.6822  -76.7611   51.8100
    0.5525   -0.1537   -0.8192
   -0.5394   -0.8152   -0.2109
   -0.6354    0.5584   -0.5333
...    64 C-G ...
 -141.2850  -74.6607   49.8253
    0.1992   -0.5867   -0.7849
   -0.7867   -0.5733    0.2289
   -0.5843    0.5719   -0.5758
...    65 T-A ...
 -142.8577  -72.7153   47.6573
   -0.2320   -0.8119   -0.5357
   -0.8043   -0.1496    0.5751
   -0.5470    0.5643   -0.6183
...    66 C-G ...
 -144.5773  -70.9447   45.4805
   -0.6764   -0.7293   -0.1028
   -0.5156    0.3692    0.7732
   -0.5260    0.5760   -0.6257
...    67 G-C ...
 -146.4471  -68.7449   43.8194
   -0.8274   -0.4124    0.3813
   -0.0353    0.7158    0.6975
   -0.5605    0.5636   -0.6068
...    68 G-C ...
 -148.2551  -66.9950   41.5696
   -0.6797    0.0106    0.7334
    0.4362    0.8098    0.3925
   -0.5898    0.5867   -0.5550
...    69 G-C ...
 -150.3021  -65.2398   39.5474
   -0.2881    0.3865    0.8761
    0.7494    0.6605   -0.0449
   -0.5961    0.6437   -0.4800
...    70 A-T ...
 -152.2805  -63.2300   37.9419
    0.2272    0.6444    0.7302
    0.7926    0.3133   -0.5231
   -0.5659    0.6976   -0.4395
...    71 T-A ...
 -154.5192  -61.0489   37.0361
    0.6094    0.6810    0.4061
    0.5833   -0.0382   -0.8113
   -0.5370    0.7313   -0.4205
...    72 C-G ...
 -156.1707  -58.5486   35.8281
    0.8770    0.4747   -0.0750
    0.1328   -0.3894   -0.9115
   -0.4618    0.7894   -0.4045
...    73 C-G ...
 -157.3396  -55.5736   34.7932
    0.8713    0.1032   -0.4799
   -0.3605   -0.5289   -0.7683
   -0.3330    0.8424   -0.4236
...    74 G-C ...
 -158.1181  -52.8944   32.9756
    0.5793   -0.3060   -0.7555
   -0.7958   -0.4127   -0.4432
   -0.1762    0.8580   -0.4826
...    75 C-G ...
 -158.1227  -50.0418   31.2962
    0.0651   -0.5077   -0.8591
   -0.9904   -0.1378    0.0064
   -0.1217    0.8504   -0.5118
...    76 T-A ...
 -158.1350  -47.3113   29.4174
   -0.4640   -0.5210   -0.7165
   -0.8813    0.1897    0.4328
   -0.0896    0.8322   -0.5472
...    77 T-A ...
 -158.0739  -44.6789   27.4853
   -0.8927   -0.2593   -0.3687
   -0.4493    0.4472    0.7734
   -0.0357    0.8560   -0.5157
...    78 T-A ...
 -157.9851  -42.0511   25.5497
   -0.9883    0.0967    0.1178
    0.1504    0.4918    0.8576
    0.0250    0.8653   -0.5006
...    79 A-T ...
 -157.5629  -39.0086   24.1869
   -0.6791    0.3944    0.6191
    0.7313    0.2904    0.6171
    0.0636    0.8718   -0.4857
...    80 A-T ...
 -157.5626  -36.2335   22.5133
   -0.1499    0.4795    0.8646
    0.9849   -0.0039    0.1729
    0.0863    0.8775   -0.4717
...    81 C-G ...
 -157.8674  -33.3057   21.0860
    0.3688    0.3573    0.8581
    0.9228   -0.2517   -0.2918
    0.1117    0.8994   -0.4225
...    82 T-A ...
 -157.6443  -30.1970   20.0395
    0.7702    0.0800    0.6327
    0.6106   -0.3791   -0.6953
    0.1842    0.9219   -0.3408
...    83 C-G ...
 -156.9108  -27.1687   19.1382
    0.9630   -0.2213    0.1537
    0.0752   -0.3273   -0.9419
    0.2588    0.9186   -0.2986
...    84 A-T ...
 -155.7566  -24.1684   18.2189
    0.8050   -0.4868   -0.3390
   -0.4326   -0.0907   -0.8970
    0.4059    0.8688   -0.2836
...    85 T-A ...
 -153.9803  -21.4304   17.8465
    0.4770   -0.4758   -0.7390
   -0.7687    0.1818   -0.6133
    0.4261    0.8606   -0.2790
...    86 G-C ...
 -152.5895  -18.6735   16.6185
   -0.0794   -0.3477   -0.9342
   -0.8775    0.4690   -0.1000
    0.4729    0.8119   -0.3424
...    87 T-A ...
 -150.4978  -16.3751   15.3975
   -0.5303   -0.0490   -0.8464
   -0.6980    0.5920    0.4030
    0.4813    0.8045   -0.3481
...    88 T-A ...
 -148.6761  -13.9767   14.1398
   -0.8106    0.3456   -0.4727
   -0.2673    0.4999    0.8238
    0.5210    0.7942   -0.3129
...    89 A-T ...
 -146.7951  -11.2118   13.6232
   -0.7718    0.6179    0.1498
    0.2946    0.1388    0.9455
    0.5634    0.7739   -0.2892
...    90 T-A ...
 -145.2773   -8.7103   12.0961
   -0.5113    0.6070    0.6084
    0.6375   -0.2068    0.7421
    0.5763    0.7673   -0.2812
...    91 A-T ...
 -143.2444   -6.1948   11.2910
   -0.0791    0.3138    0.9462
    0.8134   -0.5284    0.2432
    0.5763    0.7888   -0.2135
...    92 A-T ...
 -141.5590   -3.5045   10.6773
    0.3691   -0.0621    0.9273
    0.7172   -0.6156   -0.3267
    0.5911    0.7856   -0.1826
...    93 C-G ...
 -139.9788   -0.6345   10.5390
    0.6501   -0.4137    0.6374
    0.4353   -0.4848   -0.7586
    0.6228    0.7706   -0.1351
...    94 G-C ...
 -137.6013    1.6634   10.0423
    0.6812   -0.7186    0.1400
    0.0547   -0.1408   -0.9885
    0.7301    0.6810   -0.0566
...    95 G-C ...
 -134.8824    3.6689   10.2676
    0.5304   -0.7454   -0.4037
   -0.2753    0.2990   -0.9137
    0.8018    0.5958   -0.0467
...    96 A-T ...
 -132.1275    5.4494   10.1619
    0.2436   -0.4467   -0.8609
   -0.5079    0.6974   -0.5056
    0.8263    0.5604   -0.0570
...    97 A-T ...
 -129.2700    7.0018   10.0501
   -0.0740    0.0446   -0.9963
   -0.5499    0.8316    0.0781
    0.8319    0.5536   -0.0370
...    98 C-G ...
 -126.2143    8.2923    9.6930
   -0.3600    0.4713   -0.8052
   -0.4175    0.6904    0.5908
    0.8344    0.5488   -0.0518
...    99 T-A ...
 -123.3876    9.9693    9.2081
   -0.5561    0.7472   -0.3641
   -0.1485    0.3417    0.9280
    0.8178    0.5701   -0.0790
...   100 T-A ...
 -120.6939   11.7178    8.6776
   -0.5208    0.8206    0.2354
    0.1870   -0.1594    0.9693
    0.8329    0.5489   -0.0704
...   101 T-A ...
 -118.0575   13.5565    8.1987
   -0.3133    0.5854    0.7478
    0.4397   -0.6085    0.6606
    0.8417    0.5357   -0.0668
...   102 A-T ...
 -115.1710   15.2338    8.1191
   -0.0399    0.0764    0.9963
    0.5427   -0.8355    0.0858
    0.8390    0.5441   -0.0081
...   103 T-A ...
 -112.8288   17.5321    8.2504
    0.2249   -0.3630    0.9043
    0.4879   -0.7614   -0.4269
    0.8435    0.5372    0.0059
...   104 G-C ...
 -109.8883   19.1070    8.4436
    0.3519   -0.7873    0.5063
    0.3067   -0.4141   -0.8570
    0.8844    0.4568    0.0957
...   105 C-G ...
 -107.0352   20.5675    9.2645
    0.4094   -0.9113   -0.0433
    0.0871    0.0863   -0.9925
    0.9082    0.4025    0.1147
...   106 T-A ...
 -103.9702   21.6173    9.9612
    0.3299   -0.7571   -0.5639
   -0.1063    0.5637   -0.8191
    0.9380    0.3302    0.1054
...   107 T-A ...
 -100.8808   22.4614   10.4928
    0.2092   -0.3050   -0.9291
   -0.2665    0.8964   -0.3542
    0.9408    0.3218    0.1063
...   108 C-G ...
  -97.7419   23.3766   10.7457
   -0.0129    0.2711   -0.9625
   -0.3196    0.9109    0.2608
    0.9475    0.3110    0.0749
...   109 C-G ...
  -94.4735   24.2269   10.6903
   -0.2526    0.7008   -0.6672
   -0.2323    0.6254    0.7449
    0.9393    0.3432    0.0048
...   110 G-C ...
  -91.4588   25.6591   11.0032
   -0.4224    0.8970   -0.1303
   -0.0198    0.1346    0.9907
    0.9062    0.4210   -0.0391
...   111 G-C ...
  -88.4810   27.1893   10.6012
   -0.4274    0.7922    0.4355
    0.2309   -0.3701    0.8998
    0.8741    0.4851   -0.0247
...   112 C-G ...
  -85.7654   29.0636   10.2476
   -0.2639    0.4406    0.8580
    0.4333   -0.7406    0.5136
    0.8617    0.5073    0.0045
...   113 T-A ...
  -83.1021   31.0398   10.3205
   -0.0415   -0.0461    0.9981
    0.5193   -0.8544   -0.0179
    0.8536    0.5175    0.0594
...   114 C-G ...
  -80.3534   32.8051   10.6161
    0.2425   -0.5568    0.7944
    0.4482   -0.6620   -0.6008
    0.8604    0.5017    0.0890
...   115 G-C ...
  -77.3109   34.1958   10.7454
    0.3443   -0.8848    0.3141
    0.2584   -0.2323   -0.9377
    0.9026    0.4040    0.1486
...   116 T-A ...
  -74.4530   35.4333   11.8669
    0.3921   -0.8920   -0.2250
    0.0442    0.2626   -0.9639
    0.9188    0.3680    0.1424
...   117 A-T ...
  -71.3301   36.5058   12.3416
    0.2619   -0.6102   -0.7477
   -0.1645    0.7352   -0.6576
    0.9510    0.2952    0.0922
...   118 T-A ...
  -68.1157   36.8517   12.9317
    0.1303   -0.1626   -0.9780
   -0.2690    0.9437   -0.1927
    0.9543    0.2882    0.0792
...   119 A-T ...
  -64.9266   37.8142   13.0713
   -0.1248    0.3917   -0.9116
   -0.2643    0.8724    0.4111
    0.9563    0.2922   -0.0053
...   120 A-T ...
  -61.7802   38.5723   12.8452
   -0.2562    0.8165   -0.5174
   -0.1375    0.4991    0.8556
    0.9568    0.2904   -0.0156
...   121 T-A ...
  -58.6526   39.3189   12.1299
   -0.2897    0.9570   -0.0128
    0.0169    0.0185    0.9997
    0.9570    0.2894   -0.0216
...   122 G-C ...
  -55.5229   40.4300   12.3478
   -0.2999    0.7681    0.5657
    0.2141   -0.5237    0.8246
    0.9296    0.3684   -0.0075
...   123 T-A ...
  -52.6793   42.1111   11.9581
   -0.1562    0.3716    0.9152
    0.3446   -0.8478    0.4031
    0.9257    0.3783    0.0044
...   124 G-C ...
  -49.5342   43.1665   12.1974
    0.0047   -0.2129    0.9771
    0.3901   -0.8993   -0.1979
    0.9208    0.3820    0.0788
...   125 T-A ...
  -46.7534   44.9052   12.7801
    0.1903   -0.6615    0.7254
    0.3241   -0.6551   -0.6824
    0.9267    0.3650    0.0897
...   126 C-G ...
  -43.7341   46.1335   13.1874
    0.3143   -0.9317    0.1822
    0.1460   -0.1422   -0.9790
    0.9380    0.3343    0.0913
...   127 G-C ...
  -40.5641   47.2068   13.1549
    0.2184   -0.8916   -0.3966
   -0.0441    0.3970   -0.9168
    0.9749    0.2177    0.0474
...   128 A-T ...
  -37.3697   47.8414   13.3919
    0.0964   -0.5099   -0.8548
   -0.1583    0.8401   -0.5189
    0.9827    0.1853    0.0003
...   129 C-G ...
  -34.0841   47.8109   13.5284
   -0.0493   -0.0138   -0.9987
   -0.1696    0.9855   -0.0052
    0.9843    0.1691   -0.0509
...   130 C-G ...
  -30.7563   48.0587   13.0644
   -0.2355    0.4951   -0.8363
   -0.0785    0.8480    0.5241
    0.9687    0.1891   -0.1609
...   131 A-T ...
  -27.5757   48.8676   12.4645
   -0.3448    0.8591   -0.3782
    0.1208    0.4402    0.8897
    0.9309    0.2611   -0.2556
...   132 A-T ...
  -24.6446   49.7033   11.3487
   -0.2091    0.9583    0.1945
    0.3106   -0.1235    0.9425
    0.9272    0.2575   -0.2718
...   133 A-T ...
  -21.7557   50.6764   10.2104
    0.0332    0.7199    0.6932
    0.3796   -0.6507    0.6576
    0.9245    0.2414   -0.2949
...   134 T-A ...
  -19.0160   52.0245    8.9252
    0.2452    0.2905    0.9249
    0.3073   -0.9281    0.2101
    0.9195    0.2328   -0.3169
...   135 G-C ...
  -16.4638   53.8825    7.5155
    0.5339   -0.3333    0.7771
    0.0346   -0.9097   -0.4139
    0.8449    0.2479   -0.4741
...   136 T-A ...
  -14.1749   56.5547    6.1810
    0.5795   -0.7269    0.3685
   -0.3141   -0.6164   -0.7221
    0.7521    0.3026   -0.5855
...   137 G-C ...
  -11.6538   57.9993    4.7206
    0.2452   -0.9542   -0.1714
   -0.6323   -0.0234   -0.7744
    0.7349    0.2983   -0.6091
...   138 A-T ...
   -8.6759   58.7134    3.6027
   -0.0345   -0.7815   -0.6229
   -0.6536    0.4891   -0.5775
    0.7560    0.3872   -0.5277
...   139 G-C ...
   -6.3275   59.0728    1.6299
   -0.2969   -0.3279   -0.8968
   -0.5657    0.8171   -0.1114
    0.7693    0.4742   -0.4281
...   140 C-G ...
   -3.4369   60.2279    1.0289
   -0.4426    0.2287   -0.8671
   -0.1681    0.9286    0.3308
    0.8808    0.2922   -0.3725
...   141 G-C ...
   -0.6977   63.8912   -2.2507
   -0.9992    0.0157   -0.0376
   -0.0024    0.8991    0.4378
    0.0407    0.4375   -0.8983
...   142 C-G ...
   -1.0065   65.5989   -4.9399
   -0.8337    0.5216    0.1813
    0.5170    0.6219    0.5881
    0.1940    0.5841   -0.7882
...   143 T-A ...
   -0.1333   66.2085   -7.8194
   -0.3753    0.8566    0.3540
    0.8856    0.2187    0.4098
    0.2736    0.4673   -0.8407
...   144 C-G ...
   -0.1666   67.4021  -10.8065
    0.1797    0.8793    0.4411
    0.9277   -0.3007    0.2214
    0.3273    0.3694   -0.8697
...   145 A-T ...
    0.5267   69.2313  -13.4657
    0.7352    0.4964    0.4616
    0.6118   -0.7791   -0.1367
    0.2918    0.3829   -0.8765
...   146 C-G ...
    1.4338   72.0893  -15.6016
    0.9809    0.0621    0.1844
    0.1264   -0.9240   -0.3608
    0.1480    0.3772   -0.9142
...   147 A-T ...
    2.3047   74.2223  -18.3861
    0.8657   -0.4292   -0.2575
   -0.4984   -0.7868   -0.3642
   -0.0463    0.4436   -0.8950
