  147 base-pairs
...     1 A-T ...
    0.0000    0.0000    0.0000
    1.0000    0.0000    0.0000
    0.0000    1.0000    0.0000
    0.0000    0.0000    1.0000
...     2 G-C ...
   -0.1394   -1.2357    3.2268
    0.7529    0.6366    0.1670
   -0.6386    0.7680   -0.0486
   -0.1592   -0.0700    0.9848
...     3 T-A ...
   -0.0365   -3.2932    6.3751
    0.2722    0.9301    0.2466
   -0.9238    0.3243   -0.2033
   -0.2691   -0.1725    0.9475
...     4 G-C ...
   -0.3505   -4.1660    9.4928
   -0.3756    0.9250    0.0579
   -0.8781   -0.3352   -0.3415
   -0.2965   -0.1791    0.9381
...     5 A-T ...
   -0.4462   -4.1476   12.7498
   -0.8116    0.5840   -0.0165
   -0.5523   -0.7762   -0.3042
   -0.1905   -0.2378    0.9524
...     6 G-C ...
   -1.5908   -4.1730   15.6201
   -0.9976    0.0246   -0.0651
   -0.0043   -0.9555   -0.2950
   -0.0695   -0.2940    0.9533
...     7 C-G ...
   -1.1030   -4.4824   18.7362
   -0.8441   -0.5304   -0.0787
    0.5345   -0.8441   -0.0432
   -0.0435   -0.0785    0.9960
...     8 G-C ...
   -2.4028   -7.7290   23.1475
   -0.2754   -0.3293   -0.9032
    0.6650   -0.7437    0.0684
   -0.6942   -0.5818    0.4238
...     9 C-G ...
   -4.4690   -9.9728   24.1132
    0.1145   -0.7025   -0.7024
    0.8512   -0.2952    0.4340
   -0.5122   -0.6476    0.5642
...    10 T-A ...
   -6.7405  -10.8752   25.9697
    0.4841   -0.8363   -0.2574
    0.6595    0.1553    0.7355
   -0.5751   -0.5258    0.6267
...    11 C-G ...
   -9.1656  -12.6208   27.1640
    0.7073   -0.6682    0.2307
    0.3448    0.6110    0.7126
   -0.6171   -0.4245    0.6626
...    12 A-T ...
  -10.9234  -14.6633   29.0693
    0.7515   -0.1377    0.6452
   -0.2029    0.8824    0.4246
   -0.6277   -0.4500    0.6352
...    13 C-G ...
  -11.8476  -17.4863   31.2451
    0.4295    0.2823    0.8578
   -0.5708    0.8209    0.0156
   -0.6998   -0.4963    0.5137
...    14 A-T ...
  -13.5897  -19.7827   33.4259
   -0.1504    0.6104    0.7777
   -0.6874    0.5008   -0.5260
   -0.7106   -0.6136    0.3443
...    15 A-T ...
  -15.8202  -21.7989   34.6395
   -0.4913    0.8078    0.3256
   -0.4839    0.0576   -0.8732
   -0.7242   -0.5866    0.3626
...    16 T-A ...
  -17.9196  -23.6521   36.5495
   -0.6994    0.6914   -0.1813
   -0.1387   -0.3800   -0.9145
   -0.7012   -0.6144    0.3617
...    17 T-A ...
  -20.1867  -25.4524   38.1062
   -0.6745    0.3141   -0.6682
    0.3006   -0.7098   -0.6371
   -0.6743   -0.6305    0.3843
...    18 T-A ...
  -22.4787  -27.2889   39.4800
   -0.3849   -0.1315   -0.9135
    0.6239   -0.7665   -0.1525
   -0.6802   -0.6286    0.3771
...    19 A-T ...
  -24.5932  -29.5911   40.6957
    0.0796   -0.5304   -0.8440
    0.7226   -0.5525    0.4154
   -0.6867   -0.6430    0.3392
...    20 T-A ...
  -27.3175  -31.3464   41.4353
    0.4240   -0.7548   -0.5005
    0.5844   -0.1941    0.7879
   -0.6918   -0.6266    0.3588
...    21 T-A ...
  -29.7215  -33.3752   42.3308
    0.6710   -0.7401    0.0440
    0.2347    0.2684    0.9343
   -0.7033   -0.6166    0.3539
...    22 C-G ...
  -32.0038  -35.4451   43.4606
    0.7034   -0.4291    0.5667
   -0.2056    0.6403    0.7401
   -0.6804   -0.6371    0.3622
...    23 G-C ...
  -34.3550  -37.1602   45.1601
    0.5659    0.0887    0.8197
   -0.5771    0.7526    0.3171
   -0.5888   -0.6525    0.4771
...    24 C-G ...
  -36.0123  -39.5545   46.6454
    0.2191    0.5058    0.8344
   -0.7833    0.6010   -0.1587
   -0.5817   -0.6188    0.5279
...    25 A-T ...
  -38.1652  -41.4472   48.2413
   -0.1918    0.8096    0.5548
   -0.7762    0.2208   -0.5905
   -0.6006   -0.5439    0.5861
...    26 A-T ...
  -40.0082  -43.1614   50.3371
   -0.5774    0.8076    0.1200
   -0.5435   -0.2705   -0.7946
   -0.6092   -0.5241    0.5952
...    27 A-T ...
  -41.7943  -44.6843   52.5836
   -0.7815    0.5151   -0.3521
   -0.1215   -0.6791   -0.7239
   -0.6120   -0.5230    0.5933
...    28 G-C ...
  -43.9633  -45.9569   54.8222
   -0.6856    0.1232   -0.7174
    0.2802   -0.8650   -0.4163
   -0.6718   -0.4865    0.5585
...    29 G-C ...
  -46.5808  -47.2620   56.6439
   -0.3575   -0.3362   -0.8713
    0.5915   -0.8035    0.0673
   -0.7227   -0.4913    0.4862
...    30 C-G ...
  -49.2584  -48.6625   57.8908
    0.0569   -0.6937   -0.7180
    0.6638   -0.5109    0.5462
   -0.7457   -0.5077    0.4314
...    31 C-G ...
  -51.9551  -50.2099   59.1430
    0.4595   -0.8273   -0.3231
    0.5004   -0.0593    0.8638
   -0.7338   -0.5586    0.3867
...    32 G-C ...
  -53.9323  -52.0776   60.5520
    0.7046   -0.6976    0.1301
    0.1686    0.3427    0.9242
   -0.6893   -0.6292    0.3591
...    33 G-C ...
  -55.8996  -54.6168   61.6358
    0.7070   -0.3679    0.6040
   -0.2699    0.6491    0.7112
   -0.6537   -0.6658    0.3596
...    34 C-G ...
  -57.8509  -57.0490   62.6325
    0.4647    0.0730    0.8825
   -0.6142    0.7444    0.2619
   -0.6378   -0.6637    0.3908
...    35 C-G ...
  -59.6537  -59.4841   64.1788
    0.0865    0.5095    0.8561
   -0.7670    0.5824   -0.2691
   -0.6358   -0.6334    0.4411
...    36 C-G ...
  -61.5156  -61.7434   65.8519
   -0.2987    0.7826    0.5461
   -0.6954    0.2134   -0.6862
   -0.6536   -0.5848    0.4805
...    37 G-C ...
  -63.9408  -63.8014   66.7859
   -0.5455    0.8370    0.0432
   -0.4191   -0.2277   -0.8789
   -0.7258   -0.4975    0.4750
...    38 A-T ...
  -66.1198  -65.4638   68.3289
   -0.6676    0.5691   -0.4799
   -0.0148   -0.6547   -0.7558
   -0.7443   -0.4975    0.4455
...    39 C-G ...
  -68.6771  -66.5496   69.8752
   -0.5273    0.1957   -0.8268
    0.3057   -0.8643   -0.3995
   -0.7928   -0.4634    0.3960
...    40 A-T ...
  -71.4849  -67.9598   70.9985
   -0.1774   -0.2513   -0.9515
    0.5002   -0.8557    0.1327
   -0.8475   -0.4524    0.2775
...    41 C-G ...
  -74.5291  -69.1541   71.4098
    0.1397   -0.6277   -0.7658
    0.4925   -0.6269    0.6037
   -0.8590   -0.4615    0.2215
...    42 G-C ...
  -77.1300  -71.0166   72.2991
    0.4324   -0.8571   -0.2799
    0.2527   -0.1828    0.9501
   -0.8656   -0.4816    0.1375
...    43 A-T ...
  -79.8936  -72.5434   72.6687
    0.4846   -0.8078    0.3355
   -0.0491    0.3578    0.9325
   -0.8734   -0.4684    0.1337
...    44 C-G ...
  -82.5902  -74.5043   72.6142
    0.3947   -0.4911    0.7765
   -0.3059    0.7267    0.6151
   -0.8664   -0.4803    0.1366
...    45 T-A ...
  -85.3321  -76.8925   72.9061
    0.1539   -0.0125    0.9880
   -0.4512    0.8887    0.0815
   -0.8790   -0.4584    0.1312
...    46 T-A ...
  -87.9803  -78.7383   73.2632
   -0.1242    0.4389    0.8899
   -0.4275    0.7857   -0.4471
   -0.8955   -0.4360    0.0900
...    47 A-T ...
  -90.8826  -80.2422   73.8037
   -0.2154    0.8409    0.4966
   -0.2991    0.4273   -0.8532
   -0.9296   -0.3322    0.1595
...    48 C-G ...
  -93.6759  -81.5086   74.9190
   -0.2705    0.9625   -0.0227
   -0.1464   -0.0644   -0.9871
   -0.9515   -0.2637    0.1583
...    49 T-A ...
  -96.8042  -82.1364   75.9037
   -0.2035    0.8185   -0.5372
   -0.0284   -0.5534   -0.8324
   -0.9787   -0.1542    0.1359
...    50 G-C ...
 -100.2292  -82.1923   76.1515
    0.0136    0.4152   -0.9096
    0.0122   -0.9097   -0.4150
   -0.9998   -0.0055   -0.0174
...    51 T-A ...
 -103.3627  -81.6287   76.1123
    0.0978   -0.0675   -0.9929
   -0.0333   -0.9974    0.0645
   -0.9946    0.0268   -0.0998
...    52 A-T ...
 -106.6164  -80.9577   75.2629
    0.1497   -0.6090   -0.7789
   -0.1608   -0.7923    0.5886
   -0.9756    0.0371   -0.2165
...    53 T-A ...
 -109.6068  -80.2732   74.0327
    0.0288   -0.9252   -0.3785
   -0.2332   -0.3744    0.8974
   -0.9720    0.0624   -0.2265
...    54 C-G ...
 -112.7827  -80.1095   73.0480
   -0.1279   -0.9565    0.2624
   -0.2223    0.2854    0.9323
   -0.9666    0.0609   -0.2491
...    55 A-T ...
 -115.9849  -79.6839   72.1534
   -0.1687   -0.6423    0.7477
   -0.1470    0.7665    0.6253
   -0.9746   -0.0044   -0.2237
...    56 T-A ...
 -119.0849  -80.1630   71.2195
   -0.2216   -0.1691    0.9604
   -0.0324    0.9856    0.1661
   -0.9746    0.0057   -0.2239
...    57 G-C ...
 -122.4257  -80.3686   70.3863
   -0.1543    0.4377    0.8858
    0.1594    0.8958   -0.4149
   -0.9751    0.0772   -0.2080
...    58 T-A ...
 -125.7394  -80.6319   70.0693
   -0.0300    0.8372    0.5460
    0.2509    0.5351   -0.8067
   -0.9676    0.1128   -0.2261
...    59 T-A ...
 -128.8013  -80.2044   69.5771
    0.2053    0.9764    0.0672
    0.2403    0.0163   -0.9706
   -0.9488    0.2154   -0.2312
...    60 A-T ...
 -131.7593  -79.2081   68.7804
    0.4879    0.8023   -0.3439
    0.0912   -0.4387   -0.8940
   -0.8681    0.4049   -0.2872
...    61 T-A ...
 -134.4094  -77.4331   68.4398
    0.5066    0.4709   -0.7222
   -0.1713   -0.7660   -0.6196
   -0.8450    0.4376   -0.3074
...    62 A-T ...
 -136.9767  -75.9096   67.1910
    0.4925   -0.0446   -0.8692
   -0.4650   -0.8577   -0.2195
   -0.7357    0.5122   -0.4431
...    63 A-T ...
 -139.0573  -74.0903   65.6855
    0.2042   -0.5256   -0.8258
   -0.7007   -0.6676    0.2516
   -0.6836    0.5273   -0.5047
...    64 C-G ...
 -140.7332  -72.0043   63.4930
   -0.2235   -0.7958   -0.5629
   -0.7177   -0.2564    0.6474
   -0.6595    0.5487   -0.5138
...    65 G-C ...
 -143.0927  -70.4441   61.8251
   -0.6305   -0.7739   -0.0596
   -0.4773    0.3260    0.8160
   -0.6121    0.5430   -0.5749
...    66 G-C ...
 -145.0859  -68.7963   59.7658
   -0.7586   -0.5072    0.4089
   -0.0798    0.6952    0.7144
   -0.6466    0.5093   -0.5679
...    67 A-T ...
 -147.1141  -67.1111   57.7689
   -0.6695    0.0185    0.7426
    0.4121    0.8410    0.3506
   -0.6181    0.5408   -0.5706
...    68 G-C ...
 -149.1625  -65.4792   55.8222
   -0.3263    0.4294    0.8421
    0.7268    0.6836   -0.0670
   -0.6044    0.5901   -0.5352
...    69 G-C ...
 -151.8780  -63.8127   54.1793
    0.1603    0.6646    0.7298
    0.8039    0.3411   -0.4872
   -0.5727    0.6648   -0.4796
...    70 T-A ...
 -153.9404  -61.6825   52.9614
    0.5775    0.7004    0.4194
    0.6260   -0.0501   -0.7782
   -0.5240    0.7120   -0.4674
...    71 A-T ...
 -155.8304  -58.8669   52.1239
    0.9078    0.4179    0.0348
    0.2084   -0.3778   -0.9021
   -0.3638    0.8262   -0.4301
...    72 T-A ...
 -156.8568  -55.8998   51.3430
    0.9241    0.1222   -0.3622
   -0.2556   -0.5070   -0.8232
   -0.2842    0.8532   -0.4373
...    73 C-G ...
 -157.4398  -52.8001   49.9366
    0.6000   -0.2674   -0.7540
   -0.7738   -0.4333   -0.4621
   -0.2031    0.8607   -0.4669
...    74 T-A ...
 -157.6842  -49.9813   48.3153
    0.1280   -0.5149   -0.8476
   -0.9825   -0.1822   -0.0377
   -0.1351    0.8377   -0.5292
...    75 C-G ...
 -158.4183  -47.6102   46.2517
   -0.4635   -0.5298   -0.7103
   -0.8852    0.2414    0.3976
   -0.0392    0.8130   -0.5809
...    76 G-C ...
 -159.0165  -44.8463   44.6374
   -0.8691   -0.3158   -0.3808
   -0.4945    0.5376    0.6830
   -0.0110    0.7819   -0.6233
...    77 A-T ...
 -158.9460  -42.1135   42.7782
   -0.9910    0.0893    0.0997
    0.1335    0.6057    0.7844
    0.0097    0.7906   -0.6122
...    78 G-C ...
 -158.8337  -39.5612   40.7200
   -0.7632    0.4107    0.4988
    0.6441    0.4235    0.6370
    0.0503    0.8075   -0.5878
...    79 C-G ...
 -158.9434  -36.9747   38.4770
   -0.2483    0.5506    0.7970
    0.9663    0.0835    0.2434
    0.0674    0.8306   -0.5528
...    80 T-A ...
 -158.9869  -34.1924   36.6521
    0.2688    0.4474    0.8530
    0.9565   -0.2285   -0.1816
    0.1136    0.8646   -0.4894
...    81 C-G ...
 -158.6643  -31.2294   35.1110
    0.7393    0.1746    0.6504
    0.6503   -0.4360   -0.6221
    0.1750    0.8828   -0.4359
...    82 G-C ...
 -157.5528  -28.5827   33.7041
    0.9352   -0.1917    0.2977
    0.1936   -0.4270   -0.8833
    0.2965    0.8837   -0.3623
...    83 G-C ...
 -156.2912  -25.6292   32.8428
    0.8607   -0.4770   -0.1781
   -0.3202   -0.2350   -0.9177
    0.3959    0.8469   -0.3550
...    84 G-C ...
 -154.4050  -22.9998   31.8717
    0.5078   -0.6226   -0.5954
   -0.6917    0.1174   -0.7126
    0.5136    0.7737   -0.3710
...    85 A-T ...
 -152.4430  -20.5671   30.7827
    0.0011   -0.4408   -0.8976
   -0.8387    0.4884   -0.2409
    0.5445    0.7532   -0.3691
...    86 T-A ...
 -150.1519  -18.5141   29.5581
   -0.4345   -0.1254   -0.8919
   -0.7094    0.6578    0.2531
    0.5549    0.7427   -0.3748
...    87 C-G ...
 -148.1429  -16.2384   28.1093
   -0.7586    0.3189   -0.5682
   -0.3043    0.5977    0.7417
    0.5761    0.7356   -0.3564
...    88 C-G ...
 -146.2374  -13.9005   26.7858
   -0.8442    0.5315   -0.0702
    0.1412    0.3467    0.9273
    0.5172    0.7729   -0.3677
...    89 G-C ...
 -144.4374  -11.2529   26.0785
   -0.6634    0.5672    0.4880
    0.5857   -0.0123    0.8104
    0.4657    0.8235   -0.3240
...    90 C-G ...
 -143.1012   -8.4355   24.5798
   -0.2250    0.4351    0.8718
    0.8439   -0.3602    0.3975
    0.4870    0.8252   -0.2861
...    91 T-A ...
 -141.8164   -5.4311   23.5547
    0.2522    0.1121    0.9612
    0.8275   -0.5399   -0.1542
    0.5016    0.8343   -0.2289
...    92 T-A ...
 -140.4370   -2.5450   23.0728
    0.6532   -0.2343    0.7201
    0.5430   -0.5179   -0.6610
    0.5278    0.8227   -0.2110
...    93 T-A ...
 -138.7021    0.1159   22.5831
    0.8010   -0.5399    0.2589
    0.1098   -0.2926   -0.9499
    0.5886    0.7893   -0.1751
...    94 A-T ...
 -136.4230    2.5206   22.0707
    0.6236   -0.7311   -0.2767
   -0.3054    0.0980   -0.9472
    0.7196    0.6752   -0.1622
...    95 A-T ...
 -133.9781    4.4908   21.7423
    0.3280   -0.5967   -0.7324
   -0.5631    0.4990   -0.6587
    0.7585    0.6285   -0.1723
...    96 C-G ...
 -131.0266    6.0516   21.4486
   -0.0126   -0.2452   -0.9694
   -0.6322    0.7530   -0.1823
    0.7747    0.6106   -0.1645
...    97 A-T ...
 -128.4012    7.9758   20.7045
   -0.4144    0.1950   -0.8889
   -0.4910    0.7745    0.3988
    0.7663    0.6017   -0.2253
...    98 C-G ...
 -125.6221    9.4899   19.4678
   -0.6136    0.5669   -0.5497
   -0.1989    0.5628    0.8023
    0.7642    0.6016   -0.2326
...    99 T-A ...
 -122.9539   11.4035   17.8986
   -0.6217    0.7831   -0.0136
    0.1661    0.1488    0.9748
    0.7654    0.6038   -0.2226
...   100 T-A ...
 -120.5968   13.3680   16.8058
   -0.3832    0.7469    0.5434
    0.4813   -0.3406    0.8077
    0.7884    0.5710   -0.2290
...   101 T-A ...
 -118.1651   15.3202   15.8745
   -0.0464    0.4222    0.9053
    0.6035   -0.7104    0.3622
    0.7960    0.5632   -0.2218
...   102 A-T ...
 -115.3557   17.0007   15.2991
    0.2338   -0.0973    0.9674
    0.5218   -0.8270   -0.2093
    0.8204    0.5537   -0.1426
...   103 T-A ...
 -113.0489   19.2615   15.3007
    0.3977   -0.5031    0.7673
    0.3591   -0.6842   -0.6347
    0.8443    0.5280   -0.0914
...   104 G-C ...
 -110.2015   21.0087   15.3453
    0.4406   -0.8654    0.2385
    0.0848   -0.2243   -0.9708
    0.8937    0.4480   -0.0255
...   105 C-G ...
 -107.1382   22.0986   15.6927
    0.3561   -0.8791   -0.3168
   -0.1559    0.2784   -0.9477
    0.9213    0.3869   -0.0379
...   106 T-A ...
 -103.7478   22.8432   15.8074
    0.1892   -0.5791   -0.7930
   -0.2701    0.7458   -0.6090
    0.9441    0.3294   -0.0153
...   107 T-A ...
 -100.6362   23.6239   15.8049
   -0.0275   -0.0786   -0.9965
   -0.3015    0.9511   -0.0667
    0.9531    0.2987   -0.0499
...   108 C-G ...
  -97.4088   24.3888   15.4509
   -0.2123    0.4817   -0.8502
   -0.2127    0.8264    0.5213
    0.9538    0.2915   -0.0730
...   109 C-G ...
  -94.2552   25.2383   15.0624
   -0.3782    0.8115   -0.4455
   -0.0571    0.4599    0.8861
    0.9240    0.3606   -0.1276
...   110 G-C ...
  -91.4518   26.4734   14.9684
   -0.4342    0.8975    0.0777
    0.1587   -0.0087    0.9873
    0.8867    0.4410   -0.1387
...   111 G-C ...
  -88.7056   28.3112   14.3672
   -0.3266    0.7154    0.6177
    0.3894   -0.4937    0.7776
    0.8612    0.4945   -0.1173
...   112 C-G ...
  -86.1641   30.4112   13.7819
   -0.0975    0.3100    0.9457
    0.5049   -0.8035    0.3154
    0.8577    0.5082   -0.0782
...   113 T-A ...
  -83.4687   32.3214   13.5627
    0.1332   -0.1753    0.9755
    0.4894   -0.8443   -0.2185
    0.8619    0.5065   -0.0267
...   114 C-G ...
  -80.5697   33.9087   13.6334
    0.3482   -0.6465    0.6788
    0.3507   -0.5818   -0.7339
    0.8694    0.4936    0.0241
...   115 G-C ...
  -77.5347   35.2273   13.3455
    0.4065   -0.9033    0.1370
    0.1053   -0.1026   -0.9891
    0.9076    0.4165    0.0534
...   116 T-A ...
  -74.4754   36.1725   14.1199
    0.3522   -0.8448   -0.4029
   -0.1117    0.3894   -0.9143
    0.9292    0.3670    0.0428
...   117 A-T ...
  -71.1468   36.8663   14.6462
    0.1424   -0.5157   -0.8449
   -0.2496    0.8073   -0.5348
    0.9578    0.2871   -0.0138
...   118 T-A ...
  -67.9150   37.1067   14.8475
    0.0062   -0.0469   -0.9989
   -0.2840    0.9577   -0.0467
    0.9588    0.2840   -0.0074
...   119 A-T ...
  -64.7481   38.1929   14.8150
   -0.2005    0.5039   -0.8402
   -0.2063    0.8167    0.5390
    0.9577    0.2814   -0.0598
...   120 A-T ...
  -61.6190   38.8811   14.3304
   -0.2973    0.8696   -0.3942
   -0.0493    0.3984    0.9159
    0.9535    0.2917   -0.0756
...   121 T-A ...
  -58.5247   39.7150   13.3962
   -0.2740    0.9524    0.1335
    0.1145   -0.1055    0.9878
    0.9549    0.2859   -0.0802
...   122 G-C ...
  -55.3220   40.8576   12.9705
   -0.2205    0.6910    0.6884
    0.2627   -0.6376    0.7242
    0.9393    0.3405   -0.0409
...   123 T-A ...
  -52.4473   42.3841   12.6327
   -0.0701    0.2808    0.9572
    0.3406   -0.8952    0.2876
    0.9376    0.3462   -0.0329
...   124 G-C ...
  -49.3593   43.6319   12.6423
    0.0720   -0.3019    0.9506
    0.3465   -0.8862   -0.3077
    0.9353    0.3515    0.0408
...   125 T-A ...
  -46.5538   45.1658   13.0347
    0.2008   -0.7282    0.6553
    0.2646   -0.6038   -0.7520
    0.9432    0.3244    0.0715
...   126 C-G ...
  -43.5649   46.1557   13.3690
    0.3185   -0.9431    0.0958
    0.1072   -0.0646   -0.9921
    0.9418    0.3263    0.0805
...   127 G-C ...
  -40.4136   47.0551   13.1545
    0.1626   -0.8941   -0.4173
   -0.0390    0.4168   -0.9082
    0.9859    0.1639    0.0329
...   128 A-T ...
  -37.3220   47.6423   13.3673
    0.0956   -0.4922   -0.8652
   -0.1455    0.8529   -0.5013
    0.9847    0.1738    0.0099
...   129 C-G ...
  -34.0409   47.4444   13.6471
   -0.0444    0.0163   -0.9989
   -0.1605    0.9868    0.0232
    0.9860    0.1613   -0.0412
...   130 C-G ...
  -30.6922   47.5075   12.9565
   -0.2389    0.4943   -0.8358
   -0.0690    0.8499    0.5224
    0.9686    0.1825   -0.1689
...   131 A-T ...
  -27.5850   48.6916   12.5698
   -0.3596    0.8479   -0.3895
    0.1105    0.4532    0.8845
    0.9266    0.2750   -0.2566
...   132 A-T ...
  -24.6363   49.6518   11.5012
   -0.2383    0.9546    0.1788
    0.3105   -0.0996    0.9453
    0.9202    0.2808   -0.2727
...   133 A-T ...
  -21.7785   50.6599   10.2353
    0.0372    0.7252    0.6875
    0.3807   -0.6464    0.6613
    0.9240    0.2371   -0.3001
...   134 T-A ...
  -19.0160   52.0244    8.9251
    0.2452    0.2905    0.9249
    0.3073   -0.9281    0.2101
    0.9195    0.2328   -0.3169
...   135 G-C ...
  -16.4638   53.8824    7.5154
    0.5339   -0.3333    0.7771
    0.0346   -0.9097   -0.4139
    0.8449    0.2479   -0.4741
...   136 T-A ...
  -14.1749   56.5547    6.1809
    0.5795   -0.7269    0.3685
   -0.3141   -0.6164   -0.7221
    0.7521    0.3026   -0.5855
...   137 G-C ...
  -11.6538   57.9992    4.7205
    0.2452   -0.9542   -0.1714
   -0.6323   -0.0234   -0.7744
    0.7349    0.2983   -0.6091
...   138 A-T ...
   -8.6759   58.7133    3.6025
   -0.0345   -0.7815   -0.6229
   -0.6536    0.4891   -0.5775
    0.7560    0.3872   -0.5277
...   139 G-C ...
   -6.3275   59.0727    1.6297
   -0.2969   -0.3279   -0.8968
   -0.5657    0.8171   -0.1114
    0.7693    0.4742   -0.4281
...   140 C-G ...
   -3.4369   60.2279    1.0288
   -0.4426    0.2287   -0.8671
   -0.1681    0.9286    0.3308
    0.8808    0.2922   -0.3725
...   141 G-C ...
   -0.6977   63.8911   -2.2508
   -0.9992    0.0157   -0.0376
   -0.0024    0.8991    0.4378
    0.0407    0.4375   -0.8983
...   142 C-G ...
   -1.0065   65.5988   -4.9400
   -0.8337    0.5216    0.1813
    0.5170    0.6219    0.5881
    0.1940    0.5841   -0.7882
...   143 T-A ...
   -0.1333   66.2084   -7.8195
   -0.3753    0.8566    0.3540
    0.8856    0.2187    0.4098
    0.2736    0.4673   -0.8407
...   144 C-G ...
   -0.1666   67.4020  -10.8066
    0.1797    0.8793    0.4411
    0.9277   -0.3007    0.2214
    0.3273    0.3694   -0.8697
...   145 A-T ...
    0.5266   69.2313  -13.4658
    0.7352    0.4964    0.4616
    0.6118   -0.7791   -0.1367
    0.2918    0.3829   -0.8765
...   146 C-G ...
    1.4338   72.0892  -15.6018
    0.9809    0.0621    0.1844
    0.1264   -0.9240   -0.3608
    0.1480    0.3772   -0.9142
...   147 A-T ...
    2.3047   74.2223  -18.3862
    0.8657   -0.4292   -0.2575
   -0.4984   -0.7868   -0.3642
   -0.0463    0.4436   -0.8950
