  147 base-pairs
...     1 A-T ...
    0.0000    0.0000    0.0000
    1.0000    0.0000    0.0000
    0.0000    1.0000    0.0000
    0.0000    0.0000    1.0000
...     2 G-C ...
   -0.1394   -1.2357    3.2268
    0.7529    0.6366    0.1670
   -0.6386    0.7680   -0.0486
   -0.1592   -0.0700    0.9848
...     3 T-A ...
   -0.0365   -3.2932    6.3751
    0.2722    0.9301    0.2466
   -0.9238    0.3243   -0.2033
   -0.2691   -0.1725    0.9475
...     4 G-C ...
   -0.3505   -4.1660    9.4928
   -0.3756    0.9250    0.0579
   -0.8781   -0.3352   -0.3415
   -0.2965   -0.1791    0.9381
...     5 A-T ...
   -0.4462   -4.1476   12.7498
   -0.8116    0.5840   -0.0165
   -0.5523   -0.7762   -0.3042
   -0.1905   -0.2378    0.9524
...     6 G-C ...
   -1.5908   -4.1730   15.6201
   -0.9976    0.0246   -0.0651
   -0.0043   -0.9555   -0.2950
   -0.0695   -0.2940    0.9533
...     7 C-G ...
   -1.1030   -4.4824   18.7362
   -0.8441   -0.5304   -0.0787
    0.5345   -0.8441   -0.0432
   -0.0435   -0.0785    0.9960
...     8 G-C ...
   -2.4028   -7.7290   23.1475
   -0.2754   -0.3293   -0.9032
    0.6650   -0.7437    0.0684
   -0.6942   -0.5818    0.4238
...     9 C-G ...
   -4.4690   -9.9728   24.1132
    0.1145   -0.7025   -0.7024
    0.8512   -0.2952    0.4340
   -0.5122   -0.6476    0.5642
...    10 T-A ...
   -6.7405  -10.8752   25.9697
    0.4841   -0.8363   -0.2574
    0.6595    0.1553    0.7355
   -0.5751   -0.5258    0.6267
...    11 C-G ...
   -9.1656  -12.6208   27.1640
    0.7073   -0.6682    0.2307
    0.3448    0.6110    0.7126
   -0.6171   -0.4245    0.6626
...    12 A-T ...
  -10.9234  -14.6633   29.0693
    0.7515   -0.1377    0.6452
   -0.2029    0.8824    0.4246
   -0.6277   -0.4500    0.6352
...    13 C-G ...
  -11.8476  -17.4863   31.2451
    0.4295    0.2823    0.8578
   -0.5708    0.8209    0.0156
   -0.6998   -0.4963    0.5137
...    14 A-T ...
  -13.5897  -19.7827   33.4259
   -0.1504    0.6104    0.7777
   -0.6874    0.5008   -0.5260
   -0.7106   -0.6136    0.3443
...    15 A-T ...
  -15.7135  -21.8028   34.8012
   -0.4904    0.7972    0.3520
   -0.4989    0.0743   -0.8634
   -0.7145   -0.5991    0.3613
...    16 T-A ...
  -17.7664  -23.6179   36.6135
   -0.6648    0.7364   -0.1255
   -0.1966   -0.3346   -0.9216
   -0.7207   -0.5880    0.3672
...    17 T-A ...
  -20.0799  -25.3569   38.0762
   -0.6597    0.4283   -0.6175
    0.2004   -0.6917   -0.6938
   -0.7243   -0.5815    0.3705
...    18 T-A ...
  -22.5179  -26.9935   39.4562
   -0.4383   -0.0323   -0.8982
    0.5312   -0.8155   -0.2299
   -0.7251   -0.5779    0.3746
...    19 A-T ...
  -24.8806  -28.9987   40.6524
   -0.0170   -0.4738   -0.8805
    0.6735   -0.6563    0.3401
   -0.7390   -0.5872    0.3303
...    20 T-A ...
  -27.7135  -30.5287   41.3404
    0.3201   -0.7393   -0.5925
    0.5918   -0.3323    0.7344
   -0.7398   -0.5857    0.3311
...    21 T-A ...
  -30.2619  -32.3615   42.1633
    0.5915   -0.8027   -0.0769
    0.3134    0.1409    0.9391
   -0.7430   -0.5795    0.3349
...    22 C-G ...
  -32.6466  -34.3586   43.1609
    0.6869   -0.5556    0.4684
   -0.0912    0.5736    0.8141
   -0.7210   -0.6019    0.3433
...    23 G-C ...
  -35.0089  -36.1655   44.6448
    0.6039   -0.0852    0.7925
   -0.4666    0.7683    0.4381
   -0.6463   -0.6344    0.4242
...    24 C-G ...
  -36.8014  -38.5722   46.0169
    0.2940    0.3694    0.8815
   -0.7228    0.6894   -0.0479
   -0.6255   -0.6230    0.4697
...    25 A-T ...
  -38.8927  -40.5553   47.6674
   -0.0810    0.7520    0.6542
   -0.7848    0.3565   -0.5070
   -0.6145   -0.5545    0.5612
...    26 A-T ...
  -40.6639  -42.3507   49.7032
   -0.4934    0.8306    0.2582
   -0.6100   -0.1189   -0.7834
   -0.6200   -0.5441    0.5653
...    27 A-T ...
  -42.5533  -43.9708   51.7767
   -0.7379    0.6360   -0.2259
   -0.2388   -0.5592   -0.7939
   -0.6312   -0.5319    0.5645
...    28 G-C ...
  -44.6616  -45.4256   53.8549
   -0.7057    0.3037   -0.6401
    0.1588   -0.8126   -0.5607
   -0.6905   -0.4974    0.5253
...    29 G-C ...
  -47.2090  -46.7260   55.6315
   -0.4485   -0.1215   -0.8855
    0.4810   -0.8678   -0.1245
   -0.7533   -0.4818    0.4477
...    30 C-G ...
  -49.9719  -47.9591   56.9320
   -0.0855   -0.5412   -0.8365
    0.6272   -0.6816    0.3769
   -0.7742   -0.4924    0.3977
...    31 C-G ...
  -52.7556  -49.5803   57.8906
    0.3215   -0.7805   -0.5362
    0.5465   -0.3095    0.7782
   -0.7733   -0.5432    0.3270
...    32 G-C ...
  -55.0318  -51.6130   59.2235
    0.6361   -0.7702   -0.0467
    0.2433    0.1428    0.9594
   -0.7323   -0.6216    0.2782
...    33 G-C ...
  -57.3898  -53.9308   59.8713
    0.7123   -0.5316    0.4582
   -0.1557    0.5169    0.8418
   -0.6843   -0.6710    0.2855
...    34 C-G ...
  -59.4457  -56.4334   60.5730
    0.5355   -0.1461    0.8318
   -0.5213    0.7177    0.4617
   -0.6644   -0.6809    0.3082
...    35 C-G ...
  -61.4104  -58.9736   61.6245
    0.2217    0.3094    0.9247
   -0.7312    0.6801   -0.0523
   -0.6451   -0.6646    0.3770
...    36 C-G ...
  -63.2889  -61.3959   63.0550
   -0.1424    0.6781    0.7210
   -0.7384    0.4123   -0.5336
   -0.6592   -0.6084    0.4420
...    37 G-C ...
  -65.7018  -63.2832   64.3434
   -0.4228    0.8685    0.2588
   -0.5501   -0.0190   -0.8349
   -0.7202   -0.4953    0.4858
...    38 A-T ...
  -67.9904  -64.8584   66.0320
   -0.6132    0.7354   -0.2884
   -0.2173   -0.5081   -0.8334
   -0.7595   -0.4483    0.4714
...    39 C-G ...
  -70.4270  -65.8230   67.9945
   -0.5963    0.4043   -0.6935
    0.1075   -0.8159   -0.5681
   -0.7955   -0.4134    0.4431
...    40 A-T ...
  -73.1744  -67.1336   69.3443
   -0.3322   -0.0411   -0.9423
    0.3647   -0.9269   -0.0881
   -0.8698   -0.3730    0.3230
...    41 C-G ...
  -76.2812  -67.7634   70.1998
   -0.0657   -0.4895   -0.8695
    0.4559   -0.7899    0.4102
   -0.8876   -0.3695    0.2750
...    42 G-C ...
  -79.0498  -69.4173   71.0259
    0.2810   -0.8011   -0.5284
    0.3504   -0.4269    0.8336
   -0.8934   -0.4194    0.1607
...    43 A-T ...
  -81.9767  -70.8535   71.3766
    0.4415   -0.8955    0.0561
    0.0981    0.1103    0.9890
   -0.8919   -0.4312    0.1366
...    44 C-G ...
  -84.8461  -72.5463   71.2340
    0.4283   -0.7076    0.5620
   -0.1557    0.5548    0.8173
   -0.8901   -0.4376    0.1274
...    45 T-A ...
  -87.6450  -74.3045   71.5255
    0.3057   -0.3010    0.9033
   -0.3629    0.8402    0.4029
   -0.8802   -0.4510    0.1476
...    46 T-A ...
  -90.3757  -76.0444   71.8790
    0.0196    0.2166    0.9761
   -0.4505    0.8734   -0.1848
   -0.8925   -0.4361    0.1147
...    47 A-T ...
  -93.3657  -77.4495   72.2553
   -0.1902    0.7056    0.6826
   -0.3663    0.5941   -0.7161
   -0.9109   -0.3862    0.1454
...    48 C-G ...
  -96.1241  -78.9126   73.2741
   -0.3020    0.9283    0.2171
   -0.2131    0.1562   -0.9645
   -0.9292   -0.3375    0.1506
...    49 T-A ...
  -99.1638  -79.8460   74.1154
   -0.2678    0.9119   -0.3111
   -0.0446   -0.3343   -0.9414
   -0.9624   -0.2383    0.1302
...    50 G-C ...
 -102.4552  -80.3233   74.4407
   -0.0843    0.6287   -0.7731
    0.0639   -0.7708   -0.6338
   -0.9944   -0.1029    0.0248
...    51 T-A ...
 -105.6861  -80.0137   74.6851
    0.0237    0.1636   -0.9862
    0.0705   -0.9843   -0.1615
   -0.9972   -0.0657   -0.0349
...    52 A-T ...
 -108.9718  -80.0093   74.2475
    0.1818   -0.3865   -0.9042
   -0.0239   -0.9210    0.3889
   -0.9831   -0.0491   -0.1766
...    53 G-C ...
 -112.1490  -79.9299   73.3449
    0.1905   -0.8052   -0.5615
   -0.1653   -0.5902    0.7902
   -0.9677   -0.0577   -0.2456
...    54 G-C ...
 -115.2585  -80.2768   72.0716
    0.1109   -0.9934   -0.0302
   -0.2972   -0.0622    0.9528
   -0.9484   -0.0967   -0.3021
...    55 T-A ...
 -118.1730  -80.7388   70.4867
   -0.0764   -0.8773    0.4739
   -0.3161    0.4721    0.8230
   -0.9457   -0.0869   -0.3134
...    56 A-T ...
 -121.4767  -80.4101   69.7099
   -0.3563   -0.3546    0.8644
   -0.1426    0.9350    0.3248
   -0.9234   -0.0075   -0.3837
...    57 T-A ...
 -124.4268  -81.1026   68.3628
   -0.3992    0.1739    0.9002
    0.0825    0.9847   -0.1537
   -0.9131    0.0130   -0.4074
...    58 C-G ...
 -127.4011  -81.1760   66.9657
   -0.2347    0.7162    0.6573
    0.3304    0.6947   -0.6389
   -0.9142    0.0672   -0.3997
...    59 T-A ...
 -130.5351  -80.9929   65.9499
    0.0610    0.9590    0.2768
    0.4136    0.2281   -0.8814
   -0.9084    0.1683   -0.3827
...    60 C-G ...
 -133.5044  -80.3770   64.7952
    0.3705    0.8996   -0.2311
    0.3004   -0.3515   -0.8867
   -0.8789    0.2591   -0.4005
...    61 G-C ...
 -136.2267  -79.3227   63.1904
    0.6359    0.5166   -0.5733
    0.0099   -0.7483   -0.6633
   -0.7717    0.4162   -0.4809
...    62 A-T ...
 -138.5412  -77.7618   61.5276
    0.5850   -0.0324   -0.8104
   -0.3930   -0.8854   -0.2482
   -0.7095    0.4637   -0.5307
...    63 G-C ...
 -140.5672  -75.9388   59.6646
    0.3442   -0.5176   -0.7834
   -0.6824   -0.7109    0.1699
   -0.6448    0.4761   -0.5979
...    64 C-G ...
 -142.2600  -74.3051   57.3164
   -0.0728   -0.8313   -0.5510
   -0.7951   -0.2852    0.5353
   -0.6021    0.4770   -0.6402
...    65 T-A ...
 -143.9810  -72.8147   54.8926
   -0.4876   -0.8554   -0.1748
   -0.6566    0.2273    0.7191
   -0.5754    0.4655   -0.6725
...    66 C-G ...
 -145.8249  -71.3606   52.5661
   -0.8033   -0.5285    0.2744
   -0.2264    0.6972    0.6802
   -0.5508    0.4843   -0.6797
...    67 G-C ...
 -147.5274  -69.2615   50.5915
   -0.7611   -0.0512    0.6466
    0.2963    0.8594    0.4168
   -0.5770    0.5088   -0.6389
...    68 G-C ...
 -149.4314  -67.7466   48.2402
   -0.4329    0.3902    0.8126
    0.6879    0.7256    0.0180
   -0.5826    0.5668   -0.5826
...    69 G-C ...
 -151.5369  -66.0662   46.2075
    0.0636    0.6519    0.7556
    0.8316    0.3839   -0.4012
   -0.5517    0.6539   -0.5177
...    70 A-T ...
 -153.3817  -63.9905   44.5385
    0.5681    0.6938    0.4425
    0.6575   -0.0594   -0.7511
   -0.4949    0.7177   -0.4900
...    71 T-A ...
 -155.2116  -61.4979   43.5541
    0.8437    0.5342    0.0526
    0.2966   -0.3823   -0.8752
   -0.4474    0.7540   -0.4810
...    72 C-G ...
 -156.4461  -58.9017   42.0815
    0.9034    0.1568   -0.3990
   -0.2417   -0.5824   -0.7761
   -0.3541    0.7976   -0.4883
...    73 C-G ...
 -157.0382  -55.9838   40.5148
    0.6776   -0.2638   -0.6865
   -0.7005   -0.5156   -0.4934
   -0.2238    0.8152   -0.5342
...    74 G-C ...
 -157.6511  -53.5832   38.2617
    0.2011   -0.5849   -0.7858
   -0.9755   -0.1927   -0.1063
   -0.0892    0.7879   -0.6093
...    75 C-G ...
 -157.4725  -51.1372   36.0081
   -0.3666   -0.6056   -0.7063
   -0.9292    0.2002    0.3107
   -0.0468    0.7702   -0.6361
...    76 T-A ...
 -157.3637  -48.7776   33.6617
   -0.8099   -0.4023   -0.4269
   -0.5860    0.5217    0.6200
   -0.0267    0.7523   -0.6583
...    77 T-A ...
 -157.1763  -46.5137   31.3043
   -0.9986    0.0440   -0.0307
    0.0045    0.6395    0.7688
    0.0535    0.7675   -0.6388
...    78 C-G ...
 -156.9095  -44.0561   29.1098
   -0.7941    0.4236    0.4359
    0.6031    0.4601    0.6516
    0.0755    0.7803   -0.6208
...    79 A-T ...
 -156.3158  -41.4168   27.1754
   -0.3044    0.5410    0.7840
    0.9499    0.1108    0.2923
    0.0713    0.8337   -0.5477
...    80 T-A ...
 -156.7271  -38.7059   25.3805
    0.2096    0.5036    0.8381
    0.9734   -0.1881   -0.1305
    0.0919    0.8432   -0.5297
...    81 G-C ...
 -156.2688  -35.7899   23.8075
    0.6770    0.1777    0.7142
    0.7086   -0.4196   -0.5673
    0.1989    0.8901   -0.4100
...    82 T-A ...
 -155.8169  -32.6572   23.0547
    0.9236   -0.1295    0.3609
    0.2723   -0.4410   -0.8552
    0.2699    0.8881   -0.3720
...    83 T-A ...
 -154.8299  -29.7423   22.1065
    0.9030   -0.4058   -0.1408
   -0.2671   -0.2736   -0.9240
    0.3365    0.8720   -0.3554
...    84 A-T ...
 -153.2520  -26.9811   21.1009
    0.5584   -0.6054   -0.5672
   -0.6827    0.0532   -0.7288
    0.4714    0.7942   -0.3835
...    85 T-A ...
 -151.1457  -24.5982   20.2529
    0.1378   -0.4972   -0.8566
   -0.8607    0.3678   -0.3520
    0.4901    0.7858   -0.3772
...    86 A-T ...
 -149.7307  -21.8462   18.9493
   -0.4130   -0.1372   -0.9003
   -0.7472    0.6163    0.2488
    0.5208    0.7754   -0.3571
...    87 A-T ...
 -147.7857  -19.5574   17.6665
   -0.7379    0.2925   -0.6082
   -0.3736    0.5735    0.7291
    0.5620    0.7652   -0.3140
...    88 C-G ...
 -145.8084  -17.3519   16.1049
   -0.8202    0.5567   -0.1320
    0.0710    0.3280    0.9420
    0.5677    0.7632   -0.3085
...    89 G-C ...
 -143.7035  -14.8057   15.5733
   -0.6795    0.5827    0.4457
    0.5100   -0.0616    0.8580
    0.5274    0.8103   -0.2553
...    90 G-C ...
 -142.0326  -12.0868   14.4984
   -0.3413    0.3860    0.8570
    0.7865   -0.3821    0.4853
    0.5148    0.8397   -0.1732
...    91 A-T ...
 -140.4029   -9.3383   13.8764
    0.1401    0.0462    0.9891
    0.8333   -0.5451   -0.0926
    0.5348    0.8371   -0.1149
...    92 T-A ...
 -139.1783   -6.3117   13.7971
    0.5129   -0.2575    0.8189
    0.6563   -0.4974   -0.5674
    0.5534    0.8285   -0.0862
...    93 T-A ...
 -137.4613   -3.5817   13.7649
    0.7576   -0.5315    0.3789
    0.2757   -0.2656   -0.9238
    0.5916    0.8043   -0.0547
...    94 A-T ...
 -135.2597   -1.0887   14.0252
    0.6840   -0.7119   -0.1593
   -0.1263    0.0996   -0.9870
    0.7185    0.6952   -0.0218
...    95 A-T ...
 -132.7861    0.9923   14.1950
    0.4837   -0.5511   -0.6799
   -0.4661    0.4954   -0.7331
    0.7408    0.6715   -0.0173
...    96 C-G ...
 -129.9538    2.6983   14.4391
    0.1551   -0.2327   -0.9601
   -0.6255    0.7291   -0.2778
    0.7647    0.6436   -0.0325
...    97 A-T ...
 -127.4830    4.9018   14.2110
   -0.2806    0.1755   -0.9436
   -0.5671    0.7629    0.3105
    0.7744    0.6223   -0.1145
...    98 C-G ...
 -124.6410    6.4843   13.4686
   -0.5397    0.5467   -0.6402
   -0.3265    0.5650    0.7577
    0.7760    0.6180   -0.1264
...    99 T-A ...
 -122.0622    8.4336   12.7191
   -0.6545    0.7434   -0.1378
    0.0176    0.1971    0.9802
    0.7559    0.6391   -0.1421
...   100 T-A ...
 -119.6145   10.4405   11.9635
   -0.5073    0.7377    0.4454
    0.3756   -0.2758    0.8848
    0.7756    0.6162   -0.1372
...   101 T-A ...
 -117.2145   12.5234   11.2954
   -0.2004    0.4526    0.8689
    0.5842   -0.6568    0.4768
    0.7865    0.6032   -0.1328
...   102 A-T ...
 -114.5449   14.4831   10.9738
    0.1122   -0.0598    0.9919
    0.5964   -0.7943   -0.1154
    0.7948    0.6046   -0.0535
...   103 T-A ...
 -112.3485   16.9126   11.0951
    0.3764   -0.4611    0.8036
    0.4606   -0.6594   -0.5941
    0.8038    0.5938   -0.0358
...   104 G-C ...
 -109.5103   18.6713   11.1548
    0.4550   -0.8207    0.3457
    0.2071   -0.2800   -0.9374
    0.8661    0.4981    0.0426
...   105 C-G ...
 -106.6463   20.1748   11.8095
    0.4403   -0.8723   -0.2128
   -0.0457    0.2149   -0.9756
    0.8967    0.4392    0.0548
...   106 T-A ...
 -103.5681   21.2949   12.2692
    0.2878   -0.6639   -0.6903
   -0.2290    0.6522   -0.7227
    0.9299    0.3660    0.0357
...   107 T-A ...
 -100.4705   22.2232   12.5445
    0.1084   -0.1814   -0.9774
   -0.3408    0.9168   -0.2080
    0.9339    0.3557    0.0376
...   108 C-G ...
  -97.3607   23.2538   12.5433
   -0.1330    0.3802   -0.9153
   -0.3197    0.8577    0.4027
    0.9381    0.3462    0.0075
...   109 C-G ...
  -94.1523   24.2552   12.2361
   -0.3480    0.7601   -0.5488
   -0.1695    0.5247    0.8342
    0.9221    0.3833   -0.0537
...   110 G-C ...
  -91.1719   25.7586   12.4144
   -0.4611    0.8872    0.0182
    0.0794    0.0208    0.9966
    0.8838    0.4610   -0.0800
...   111 G-C ...
  -88.2919   27.4256   11.8942
   -0.4052    0.7213    0.5617
    0.3292   -0.4580    0.8257
    0.8529    0.5195   -0.0519
...   112 C-G ...
  -85.6791   29.4204   11.4934
   -0.1951    0.3346    0.9219
    0.4997   -0.7749    0.3870
    0.8439    0.5362   -0.0160
...   113 T-A ...
  -83.0837   31.4742   11.5514
    0.0453   -0.1518    0.9874
    0.5379   -0.8292   -0.1521
    0.8418    0.5380    0.0441
...   114 C-G ...
  -80.3743   33.2902   11.8147
    0.3160   -0.6268    0.7122
    0.4153   -0.5836   -0.6978
    0.8530    0.5163    0.0759
...   115 G-C ...
  -77.3703   34.7415   11.8929
    0.3795   -0.9029    0.2020
    0.1975   -0.1342   -0.9711
    0.9039    0.4084    0.1273
...   116 T-A ...
  -74.4688   35.9190   12.9406
    0.3880   -0.8599   -0.3318
   -0.0213    0.3515   -0.9359
    0.9214    0.3702    0.1181
...   117 A-T ...
  -71.3239   36.9313   13.3629
    0.2150   -0.5480   -0.8084
   -0.2057    0.7837   -0.5860
    0.9547    0.2923    0.0557
...   118 T-A ...
  -68.0799   37.2422   13.7795
    0.0705   -0.0877   -0.9936
   -0.2795    0.9545   -0.1041
    0.9575    0.2851    0.0428
...   119 A-T ...
  -64.8845   38.1713   13.7914
   -0.1765    0.4525   -0.8741
   -0.2382    0.8420    0.4839
    0.9550    0.2937   -0.0408
...   120 A-T ...
  -61.7525   38.9359   13.4316
   -0.2808    0.8483   -0.4490
   -0.0891    0.4427    0.8922
    0.9556    0.2906   -0.0487
...   121 T-A ...
  -58.6644   39.7205   12.5975
   -0.2857    0.9563    0.0617
    0.0691   -0.0436    0.9967
    0.9558    0.2890   -0.0536
...   122 G-C ...
  -55.5278   40.8075   12.7061
   -0.2705    0.7351    0.6217
    0.2503   -0.5698    0.7827
    0.9296    0.3673   -0.0299
...   123 T-A ...
  -52.7028   42.4980   12.2785
   -0.1162    0.3232    0.9392
    0.3582   -0.8683    0.3431
    0.9264    0.3763   -0.0148
...   124 G-C ...
  -49.5604   43.5569   12.4493
    0.0360   -0.2585    0.9653
    0.3789   -0.8903   -0.2525
    0.9247    0.3749    0.0659
...   125 T-A ...
  -46.7603   45.2512   13.0240
    0.2063   -0.6927    0.6911
    0.3005   -0.6273   -0.7185
    0.9312    0.3559    0.0787
...   126 C-G ...
  -43.7271   46.4322   13.4109
    0.3099   -0.9404    0.1399
    0.1221   -0.1066   -0.9868
    0.9429    0.3229    0.0818
...   127 G-C ...
  -40.5506   47.4511   13.3604
    0.2000   -0.8811   -0.4287
   -0.0556    0.4266   -0.9027
    0.9782    0.2044    0.0364
...   128 A-T ...
  -37.3468   48.0259   13.5623
    0.0758   -0.4878   -0.8697
   -0.1549    0.8558   -0.4935
    0.9850    0.1721   -0.0107
...   129 C-G ...
  -34.0623   47.9440   13.6445
   -0.0634    0.0095   -0.9979
   -0.1560    0.9876    0.0193
    0.9857    0.1569   -0.0612
...   130 C-G ...
  -30.7379   48.1412   13.1432
   -0.2393    0.5127   -0.8246
   -0.0616    0.8395    0.5398
    0.9690    0.1800   -0.1693
...   131 A-T ...
  -27.5576   48.9003   12.5104
   -0.3402    0.8668   -0.3646
    0.1342    0.4285    0.8935
    0.9307    0.2551   -0.2621
...   132 A-T ...
  -24.6330   49.7167   11.3690
   -0.2011    0.9583    0.2030
    0.3172   -0.1324    0.9391
    0.9268    0.2532   -0.2773
...   133 A-T ...
  -21.7507   50.6801   10.2137
    0.0378    0.7178    0.6953
    0.3806   -0.6537    0.6541
    0.9240    0.2399   -0.2979
...   134 T-A ...
  -19.0159   52.0243    8.9251
    0.2452    0.2905    0.9249
    0.3073   -0.9281    0.2101
    0.9195    0.2328   -0.3169
...   135 G-C ...
  -16.4637   53.8824    7.5154
    0.5339   -0.3333    0.7771
    0.0346   -0.9097   -0.4139
    0.8449    0.2479   -0.4741
...   136 T-A ...
  -14.1749   56.5546    6.1809
    0.5795   -0.7269    0.3685
   -0.3141   -0.6164   -0.7221
    0.7521    0.3026   -0.5855
...   137 G-C ...
  -11.6538   57.9991    4.7205
    0.2452   -0.9542   -0.1714
   -0.6323   -0.0234   -0.7744
    0.7349    0.2983   -0.6091
...   138 A-T ...
   -8.6758   58.7132    3.6025
   -0.0345   -0.7815   -0.6229
   -0.6536    0.4891   -0.5775
    0.7560    0.3872   -0.5277
...   139 G-C ...
   -6.3274   59.0726    1.6297
   -0.2969   -0.3279   -0.8968
   -0.5657    0.8171   -0.1114
    0.7693    0.4742   -0.4281
...   140 C-G ...
   -3.4368   60.2278    1.0288
   -0.4426    0.2287   -0.8671
   -0.1681    0.9286    0.3308
    0.8808    0.2922   -0.3725
...   141 G-C ...
   -0.6976   63.8911   -2.2509
   -0.9992    0.0157   -0.0376
   -0.0024    0.8991    0.4378
    0.0407    0.4375   -0.8983
...   142 C-G ...
   -1.0064   65.5987   -4.9400
   -0.8337    0.5216    0.1813
    0.5170    0.6219    0.5881
    0.1940    0.5841   -0.7882
...   143 T-A ...
   -0.1332   66.2083   -7.8195
   -0.3753    0.8566    0.3540
    0.8856    0.2187    0.4098
    0.2736    0.4673   -0.8407
...   144 C-G ...
   -0.1665   67.4019  -10.8066
    0.1798    0.8793    0.4411
    0.9277   -0.3007    0.2214
    0.3273    0.3694   -0.8697
...   145 A-T ...
    0.5267   69.2312  -13.4658
    0.7352    0.4964    0.4616
    0.6118   -0.7791   -0.1367
    0.2918    0.3829   -0.8765
...   146 C-G ...
    1.4339   72.0891  -15.6018
    0.9809    0.0621    0.1844
    0.1264   -0.9240   -0.3608
    0.1480    0.3772   -0.9142
...   147 A-T ...
    2.3048   74.2221  -18.3862
    0.8657   -0.4292   -0.2575
   -0.4984   -0.7868   -0.3642
   -0.0463    0.4436   -0.8950
