  147 base-pairs
...     1 A-T ...
    0.0000    0.0000    0.0000
    1.0000    0.0000    0.0000
    0.0000    1.0000    0.0000
    0.0000    0.0000    1.0000
...     2 G-C ...
   -0.1394   -1.2357    3.2268
    0.7529    0.6366    0.1670
   -0.6386    0.7680   -0.0486
   -0.1592   -0.0700    0.9848
...     3 T-A ...
   -0.0365   -3.2932    6.3751
    0.2722    0.9301    0.2466
   -0.9238    0.3243   -0.2033
   -0.2691   -0.1725    0.9475
...     4 G-C ...
   -0.3505   -4.1660    9.4928
   -0.3756    0.9250    0.0579
   -0.8781   -0.3352   -0.3415
   -0.2965   -0.1791    0.9381
...     5 A-T ...
   -0.4462   -4.1476   12.7498
   -0.8116    0.5840   -0.0165
   -0.5523   -0.7762   -0.3042
   -0.1905   -0.2378    0.9524
...     6 G-C ...
   -1.5908   -4.1730   15.6201
   -0.9976    0.0246   -0.0651
   -0.0043   -0.9555   -0.2950
   -0.0695   -0.2940    0.9533
...     7 C-G ...
   -1.1030   -4.4824   18.7362
   -0.8441   -0.5304   -0.0787
    0.5345   -0.8441   -0.0432
   -0.0435   -0.0785    0.9960
...     8 G-C ...
   -2.4028   -7.7290   23.1475
   -0.2754   -0.3293   -0.9032
    0.6650   -0.7437    0.0684
   -0.6942   -0.5818    0.4238
...     9 C-G ...
   -4.4690   -9.9728   24.1132
    0.1145   -0.7025   -0.7024
    0.8512   -0.2952    0.4340
   -0.5122   -0.6476    0.5642
...    10 T-A ...
   -6.7405  -10.8752   25.9697
    0.4841   -0.8363   -0.2574
    0.6595    0.1553    0.7355
   -0.5751   -0.5258    0.6267
...    11 C-G ...
   -9.1656  -12.6208   27.1640
    0.7073   -0.6682    0.2307
    0.3448    0.6110    0.7126
   -0.6171   -0.4245    0.6626
...    12 A-T ...
  -10.9234  -14.6633   29.0693
    0.7515   -0.1377    0.6452
   -0.2029    0.8824    0.4246
   -0.6277   -0.4500    0.6352
...    13 C-G ...
  -11.8476  -17.4863   31.2451
    0.4295    0.2823    0.8578
   -0.5708    0.8209    0.0156
   -0.6998   -0.4963    0.5137
...    14 A-T ...
  -13.5897  -19.7827   33.4259
   -0.1504    0.6104    0.7777
   -0.6874    0.5008   -0.5260
   -0.7106   -0.6136    0.3443
...    15 A-T ...
  -15.7075  -21.8086   34.8040
   -0.4922    0.7953    0.3539
   -0.4991    0.0752   -0.8633
   -0.7132   -0.6015    0.3599
...    16 T-A ...
  -17.7535  -23.6370   36.6131
   -0.6677    0.7342   -0.1226
   -0.1957   -0.3320   -0.9228
   -0.7182   -0.5922    0.3653
...    17 T-A ...
  -20.0547  -25.3931   38.0757
   -0.6631    0.4277   -0.6143
    0.2033   -0.6870   -0.6977
   -0.7204   -0.5875    0.3686
...    18 T-A ...
  -22.4789  -27.0514   39.4537
   -0.4401   -0.0285   -0.8975
    0.5357   -0.8105   -0.2369
   -0.7207   -0.5851    0.3719
...    19 A-T ...
  -24.8413  -29.0612   40.6327
   -0.0155   -0.4595   -0.8880
    0.6780   -0.6576    0.3284
   -0.7349   -0.5970    0.3218
...    20 T-A ...
  -27.6608  -30.6208   41.2973
    0.3243   -0.7255   -0.6070
    0.5954   -0.3421    0.7269
   -0.7350   -0.5972    0.3211
...    21 T-A ...
  -30.1901  -32.4916   42.0866
    0.5988   -0.7950   -0.0971
    0.3149    0.1222    0.9412
   -0.7364   -0.5942    0.3235
...    22 C-G ...
  -32.5439  -34.5410   43.0417
    0.6951   -0.5600    0.4508
   -0.0938    0.5510    0.8292
   -0.7128   -0.6187    0.3304
...    23 G-C ...
  -34.8633  -36.4250   44.4906
    0.6095   -0.1006    0.7864
   -0.4741    0.7487    0.4633
   -0.6354   -0.6552    0.4087
...    24 C-G ...
  -36.6097  -38.8952   45.8058
    0.2945    0.3457    0.8909
   -0.7327    0.6802   -0.0218
   -0.6135   -0.6464    0.4536
...    25 A-T ...
  -38.6576  -40.9600   47.4059
   -0.0880    0.7281    0.6797
   -0.7934    0.3613   -0.4898
   -0.6022   -0.5824    0.5459
...    26 A-T ...
  -40.3828  -42.8549   49.3917
   -0.5055    0.8122    0.2911
   -0.6130   -0.1007   -0.7836
   -0.6071   -0.5746    0.5489
...    27 A-T ...
  -42.2268  -44.5838   51.4186
   -0.7508    0.6305   -0.1968
   -0.2342   -0.5327   -0.8132
   -0.6176   -0.5645    0.5477
...    28 G-C ...
  -44.2897  -46.1579   53.4532
   -0.7157    0.3163   -0.6227
    0.1696   -0.7861   -0.5943
   -0.6775   -0.5310    0.5090
...    29 G-C ...
  -46.7926  -47.5779   55.1987
   -0.4523   -0.0914   -0.8872
    0.4962   -0.8523   -0.1652
   -0.7411   -0.5149    0.4309
...    30 C-G ...
  -49.5204  -48.9155   56.4623
   -0.0811   -0.5034   -0.8602
    0.6426   -0.6861    0.3410
   -0.7619   -0.5251    0.3791
...    31 C-G ...
  -52.2673  -50.6308   57.3557
    0.3330   -0.7462   -0.5764
    0.5579   -0.3369    0.7584
   -0.7601   -0.5742    0.3042
...    32 G-C ...
  -54.4893  -52.7813   58.5849
    0.6518   -0.7528   -0.0921
    0.2469    0.0959    0.9643
   -0.7171   -0.6512    0.2484
...    33 G-C ...
  -56.7824  -55.1919   59.1133
    0.7270   -0.5409    0.4229
   -0.1611    0.4644    0.8709
   -0.6675   -0.7012    0.2505
...    34 C-G ...
  -58.7708  -57.7794   59.6854
    0.5443   -0.1827    0.8187
   -0.5342    0.6770    0.5062
   -0.6468   -0.7130    0.2709
...    35 C-G ...
  -60.6655  -60.4234   60.6000
    0.2201    0.2573    0.9409
   -0.7472    0.6646   -0.0070
   -0.6271   -0.7015    0.3385
...    36 C-G ...
  -62.4771  -62.9741   61.8870
   -0.1546    0.6275    0.7631
   -0.7509    0.4274   -0.5035
   -0.6421   -0.6509    0.4051
...    37 G-C ...
  -64.8350  -65.0026   63.0518
   -0.4428    0.8389    0.3165
   -0.5527    0.0225   -0.8331
   -0.7060   -0.5438    0.4537
...    38 A-T ...
  -67.0719  -66.7492   64.6366
   -0.6319    0.7380   -0.2368
   -0.2076   -0.4555   -0.8657
   -0.7467   -0.4979    0.4410
...    39 C-G ...
  -69.4750  -67.9072   66.5318
   -0.6078    0.4373   -0.6628
    0.1256   -0.7713   -0.6240
   -0.7841   -0.4625    0.4139
...    40 A-T ...
  -72.1876  -69.3676   67.7949
   -0.3322    0.0208   -0.9430
    0.3859   -0.9093   -0.1560
   -0.8606   -0.4157    0.2940
...    41 C-G ...
  -75.2749  -70.1294   68.5976
   -0.0544   -0.4228   -0.9046
    0.4739   -0.8083    0.3493
   -0.8789   -0.4097    0.2444
...    42 G-C ...
  -78.0060  -71.9042   69.2744
    0.3010   -0.7489   -0.5904
    0.3588   -0.4847    0.7977
   -0.8835   -0.4520    0.1228
...    43 A-T ...
  -80.8938  -73.4392   69.4896
    0.4633   -0.8860   -0.0168
    0.0926    0.0295    0.9953
   -0.8813   -0.4627    0.0957
...    44 C-G ...
  -83.7169  -75.1870   69.1905
    0.4440   -0.7423    0.5018
   -0.1723    0.4789    0.8608
   -0.8793   -0.4686    0.0847
...    45 T-A ...
  -86.4692  -77.0349   69.3134
    0.3090   -0.3714    0.8756
   -0.3858    0.7925    0.4723
   -0.8693   -0.4837    0.1016
...    46 T-A ...
  -89.1550  -78.8707   69.4895
    0.0070    0.1289    0.9916
   -0.4711    0.8751   -0.1104
   -0.8820   -0.4664    0.0669
...    47 A-T ...
  -92.1137  -80.3716   69.6975
   -0.2173    0.6353    0.7410
   -0.3737    0.6472   -0.6645
   -0.9017   -0.4213    0.0968
...    48 C-G ...
  -94.8434  -81.9943   70.5366
   -0.3300    0.8961    0.2970
   -0.2047    0.2392   -0.9492
   -0.9215   -0.3740    0.1045
...    49 T-A ...
  -97.8656  -83.0824   71.2397
   -0.2877    0.9301   -0.2282
   -0.0218   -0.2446   -0.9694
   -0.9575   -0.2739    0.0907
...    50 G-C ...
 -101.1475  -83.6676   71.4729
   -0.0869    0.6995   -0.7093
    0.0947   -0.7030   -0.7049
   -0.9917   -0.1284   -0.0051
...    51 T-A ...
 -104.3854  -83.4599   71.6814
    0.0389    0.2627   -0.9641
    0.0985   -0.9611   -0.2580
   -0.9944   -0.0850   -0.0633
...    52 A-T ...
 -107.6582  -83.4406   71.1570
    0.2192   -0.2803   -0.9346
   -0.0102   -0.9585    0.2850
   -0.9756   -0.0529   -0.2129
...    53 G-C ...
 -110.8038  -83.3379   70.1590
    0.2315   -0.7323   -0.6405
   -0.1744   -0.6789    0.7132
   -0.9571   -0.0534   -0.2849
...    54 G-C ...
 -113.8512  -83.6269   68.7301
    0.1406   -0.9804   -0.1378
   -0.3293   -0.1776    0.9274
   -0.9337   -0.0850   -0.3478
...    55 T-A ...
 -116.6907  -83.9783   66.9893
   -0.0689   -0.9274    0.3676
   -0.3604    0.3667    0.8577
   -0.9302   -0.0733   -0.3595
...    56 A-T ...
 -119.9740  -83.6262   66.1268
   -0.3847   -0.4581    0.8014
   -0.1800    0.8887    0.4216
   -0.9053    0.0180   -0.4244
...    57 T-A ...
 -122.8436  -84.2192   64.5708
   -0.4445    0.0622    0.8936
    0.0652    0.9972   -0.0370
   -0.8934    0.0418   -0.4473
...    58 C-G ...
 -125.7442  -84.1922   63.0234
   -0.2838    0.6318    0.7213
    0.3441    0.7692   -0.5384
   -0.8950    0.0953   -0.4357
...    59 T-A ...
 -128.8263  -83.9536   61.8719
    0.0234    0.9217    0.3872
    0.4526    0.3356   -0.8262
   -0.8914    0.1946   -0.4093
...    60 C-G ...
 -131.7462  -83.2699   60.6349
    0.3608    0.9267   -0.1049
    0.3558   -0.2407   -0.9030
   -0.8621    0.2885   -0.4166
...    61 G-C ...
 -134.4043  -82.0846   59.0183
    0.6562    0.5908   -0.4694
    0.0660   -0.6646   -0.7443
   -0.7517    0.4574   -0.4751
...    62 A-T ...
 -136.6477  -80.3752   57.4105
    0.6350    0.0733   -0.7690
   -0.3561   -0.8556   -0.3756
   -0.6855    0.5124   -0.5172
...    63 G-C ...
 -138.5872  -78.3743   55.6444
    0.4075   -0.4150   -0.8135
   -0.6752   -0.7367    0.0376
   -0.6149    0.5339   -0.5804
...    64 C-G ...
 -140.1496  -76.5031   53.3870
   -0.0146   -0.7607   -0.6489
   -0.8232   -0.3593    0.4397
   -0.5676    0.5406   -0.6210
...    65 T-A ...
 -141.7283  -74.7630   51.0355
   -0.4530   -0.8359   -0.3098
   -0.7119    0.1300    0.6902
   -0.5367    0.5332   -0.6540
...    66 C-G ...
 -143.4356  -73.0771   48.7626
   -0.8086   -0.5693    0.1485
   -0.2926    0.6081    0.7379
   -0.5104    0.5532   -0.6583
...    67 G-C ...
 -145.0347  -70.7824   46.9270
   -0.8072   -0.1370    0.5741
    0.2439    0.8084    0.5358
   -0.5375    0.5725   -0.6192
...    68 G-C ...
 -146.7772  -69.0253   44.6196
   -0.5041    0.2875    0.8144
    0.6684    0.7270    0.1571
   -0.5468    0.6236   -0.5587
...    69 G-C ...
 -148.7426  -67.1475   42.6201
   -0.0115    0.5609    0.8278
    0.8533    0.4371   -0.2844
   -0.5214    0.7031   -0.4836
...    70 A-T ...
 -150.4878  -64.9186   41.0458
    0.5152    0.6444    0.5651
    0.7186    0.0346   -0.6946
   -0.4671    0.7639   -0.4453
...    71 T-A ...
 -152.2784  -62.3489   40.1996
    0.8253    0.5334    0.1854
    0.3769   -0.2758   -0.8842
   -0.4205    0.7996   -0.4287
...    72 C-G ...
 -153.4367  -59.6152   38.9321
    0.9314    0.2103   -0.2972
   -0.1619   -0.4917   -0.8556
   -0.3261    0.8450   -0.4239
...    73 T-A ...
 -154.0976  -56.6223   37.7657
    0.7497   -0.1519   -0.6441
   -0.6285   -0.4682   -0.6212
   -0.2072    0.8705   -0.4465
...    74 C-G ...
 -154.4302  -53.8118   36.1537
    0.2611   -0.4233   -0.8676
   -0.9553   -0.2425   -0.1692
   -0.1388    0.8729   -0.4677
...    75 A-T ...
 -154.9623  -51.0358   34.4235
   -0.3191   -0.5345   -0.7826
   -0.9434    0.1002    0.3162
   -0.0906    0.8392   -0.5362
...    76 T-A ...
 -154.6175  -48.4573   32.3526
   -0.7622   -0.3704   -0.5309
   -0.6449    0.3628    0.6727
   -0.0565    0.8551   -0.5154
...    77 G-C ...
 -154.9933  -45.5007   30.9285
   -0.9947   -0.1008   -0.0220
   -0.0713    0.5175    0.8527
   -0.0745    0.8497   -0.5220
...    78 T-A ...
 -155.2780  -43.0176   28.6914
   -0.8826    0.1913    0.4295
    0.4663    0.4722    0.7481
   -0.0597    0.8605   -0.5059
...    79 T-A ...
 -155.5705  -40.3702   26.8231
   -0.4570    0.4435    0.7710
    0.8893    0.2455    0.3859
   -0.0181    0.8620   -0.5066
...    80 A-T ...
 -155.5743  -37.4773   25.1907
    0.1323    0.4149    0.9002
    0.9912   -0.0641   -0.1161
    0.0095    0.9076   -0.4197
...    81 T-A ...
 -156.1161  -34.4452   24.1241
    0.6012    0.2899    0.7447
    0.7981   -0.2646   -0.5413
    0.0402    0.9198   -0.3904
...    82 A-T ...
 -156.0108  -31.1708   23.4428
    0.8889   -0.0925    0.4488
    0.3983   -0.3282   -0.8565
    0.2265    0.9401   -0.2549
...    83 A-T ...
 -155.1566  -28.1160   22.9022
    0.9449   -0.3199   -0.0693
   -0.1375   -0.1959   -0.9709
    0.2970    0.9270   -0.2291
...    84 C-G ...
 -153.8047  -25.1337   22.7706
    0.7273   -0.4254   -0.5386
   -0.5825    0.0325   -0.8122
    0.3630    0.9044   -0.2241
...    85 G-C ...
 -152.4505  -22.3288   21.5581
    0.2483   -0.4304   -0.8678
   -0.8400    0.3505   -0.4141
    0.4824    0.8318   -0.2745
...    86 G-C ...
 -150.4326  -19.8537   20.4128
   -0.2731   -0.2140   -0.9379
   -0.8089    0.5788    0.1035
    0.5207    0.7869   -0.3311
...    87 A-T ...
 -148.6050  -17.3667   19.2442
   -0.6953    0.1859   -0.6943
   -0.4775    0.6025    0.6395
    0.5371    0.7762   -0.3301
...    88 C-G ...
 -146.6358  -15.1587   17.6628
   -0.8371    0.4859   -0.2514
   -0.0359    0.4098    0.9115
    0.5459    0.7720   -0.3256
...    89 G-C ...
 -144.6450  -12.5259   17.0962
   -0.7443    0.5785    0.3336
    0.4366    0.0435    0.8986
    0.5054    0.8145   -0.2849
...    90 C-G ...
 -143.1472   -9.8550   15.8223
   -0.4080    0.4726    0.7812
    0.7603   -0.2978    0.5773
    0.5055    0.8294   -0.2378
...    91 T-A ...
 -141.7452   -6.9641   15.0603
    0.0053    0.1837    0.9830
    0.8575   -0.5065    0.0901
    0.5145    0.8424   -0.1602
...    92 T-A ...
 -140.2579   -4.1312   14.6265
    0.4539   -0.1662    0.8754
    0.7091   -0.5276   -0.4678
    0.5396    0.8331   -0.1217
...    93 T-A ...
 -138.5978   -1.3717   14.4583
    0.7371   -0.4748    0.4809
    0.3492   -0.3417   -0.8725
    0.5786    0.8110   -0.0861
...    94 A-T ...
 -136.4605    1.1852   14.6522
    0.7015   -0.7115   -0.0410
   -0.0532    0.0050   -0.9986
    0.7107    0.7026   -0.0343
...    95 A-T ...
 -134.0239    3.3087   14.7931
    0.5345   -0.6075   -0.5876
   -0.4140    0.4180   -0.8086
    0.7369    0.6755   -0.0281
...    96 C-G ...
 -131.2204    5.0539   15.0693
    0.2228   -0.3222   -0.9201
   -0.6057    0.6938   -0.3896
    0.7638    0.6441   -0.0406
...    97 A-T ...
 -128.7309    7.2352   14.7872
   -0.2155    0.0821   -0.9730
   -0.5856    0.7865    0.1961
    0.7814    0.6121   -0.1214
...    98 C-G ...
 -125.8382    8.7496   14.0833
   -0.4941    0.4819   -0.7237
   -0.3734    0.6340    0.6772
    0.7852    0.6048   -0.1333
...    99 T-A ...
 -123.2012   10.6209   13.3213
   -0.6386    0.7285   -0.2479
   -0.0426    0.2882    0.9566
    0.7684    0.6214   -0.1531
...   100 T-A ...
 -120.6875   12.5363   12.5350
   -0.5229    0.7798    0.3444
    0.3185   -0.1960    0.9274
    0.7907    0.5946   -0.1459
...   101 T-A ...
 -118.2169   14.5221   11.8189
   -0.2393    0.5327    0.8118
    0.5454   -0.6179    0.5663
    0.8033    0.5783   -0.1427
...   102 A-T ...
 -115.4540   16.3527   11.4635
    0.0718    0.0267    0.9971
    0.5823   -0.8127   -0.0202
    0.8098    0.5821   -0.0739
...   103 T-A ...
 -113.2063   18.7395   11.4571
    0.3356   -0.3960    0.8547
    0.4667   -0.7182   -0.5161
    0.8182    0.5721   -0.0562
...   104 G-C ...
 -110.3253   20.4326   11.4555
    0.4235   -0.7973    0.4301
    0.2319   -0.3635   -0.9022
    0.8757    0.4818    0.0310
...   105 C-G ...
 -107.4473   21.9261   12.0807
    0.4255   -0.8964   -0.1242
   -0.0091    0.1329   -0.9911
    0.9049    0.4228    0.0484
...   106 T-A ...
 -104.3547   23.0104   12.5436
    0.2915   -0.7247   -0.6244
   -0.1903    0.5958   -0.7803
    0.9374    0.3463    0.0357
...   107 T-A ...
 -101.2433   23.8870   12.8348
    0.1314   -0.2620   -0.9561
   -0.3105    0.9050   -0.2907
    0.9414    0.3351    0.0376
...   108 C-G ...
  -98.1062   24.8393   12.8414
   -0.0974    0.3107   -0.9455
   -0.3073    0.8942    0.3255
    0.9466    0.3222    0.0083
...   109 C-G ...
  -94.8627   25.7356   12.5490
   -0.3116    0.7254   -0.6138
   -0.1762    0.5906    0.7875
    0.9337    0.3535   -0.0563
...   110 G-C ...
  -91.8407   27.1680   12.7008
   -0.4340    0.8990   -0.0579
    0.0556    0.0909    0.9943
    0.8992    0.4283   -0.0894
...   111 G-C ...
  -88.8922   28.7021   12.1448
   -0.3945    0.7708    0.5002
    0.2954   -0.4090    0.8634
    0.8701    0.4884   -0.0663
...   112 C-G ...
  -86.2020   30.5797   11.6704
   -0.2032    0.4024    0.8926
    0.4657   -0.7623    0.4496
    0.8613    0.5070   -0.0325
...   113 T-A ...
  -83.5357   32.5451   11.6485
    0.0221   -0.0885    0.9958
    0.5128   -0.8541   -0.0873
    0.8582    0.5126    0.0265
...   114 C-G ...
  -80.7678   34.2842   11.8454
    0.2839   -0.5904    0.7555
    0.4072   -0.6391   -0.6525
    0.8681    0.4929    0.0589
...   115 G-C ...
  -77.7128   35.6392   11.8792
    0.3487   -0.9001    0.2613
    0.2067   -0.1981   -0.9581
    0.9142    0.3881    0.1170
...   116 T-A ...
  -74.7866   36.7863   12.9000
    0.3666   -0.8883   -0.2766
    0.0012    0.2977   -0.9546
    0.9304    0.3496    0.1103
...   117 A-T ...
  -71.6195   37.7513   13.2875
    0.2122   -0.5926   -0.7770
   -0.1784    0.7582   -0.6271
    0.9608    0.2717    0.0552
...   118 T-A ...
  -68.3732   38.0056   13.7348
    0.0817   -0.1367   -0.9872
   -0.2551    0.9547   -0.1533
    0.9635    0.2644    0.0431
...   119 A-T ...
  -65.1574   38.8763   13.7579
   -0.1529    0.4198   -0.8946
   -0.2251    0.8667    0.4452
    0.9623    0.2695   -0.0380
...   120 A-T ...
  -62.0025   39.5547   13.4201
   -0.2545    0.8363   -0.4856
   -0.0912    0.4791    0.8730
    0.9628    0.2664   -0.0457
...   121 T-A ...
  -58.8847   40.2347   12.6036
   -0.2643    0.9642    0.0221
    0.0547   -0.0079    0.9985
    0.9629    0.2651   -0.0506
...   122 G-C ...
  -55.7208   41.2494   12.7246
   -0.2609    0.7620    0.5927
    0.2279   -0.5480    0.8048
    0.9381    0.3451   -0.0306
...   123 T-A ...
  -52.8518   42.8611   12.2766
   -0.1190    0.3556    0.9270
    0.3351   -0.8645    0.3747
    0.9347    0.3552   -0.0163
...   124 G-C ...
  -49.6804   43.8403   12.4498
    0.0235   -0.2313    0.9726
    0.3623   -0.9048   -0.2239
    0.9318    0.3577    0.0625
...   125 T-A ...
  -46.8470   45.4920   13.0008
    0.1891   -0.6782    0.7102
    0.2926   -0.6515   -0.7000
    0.9374    0.3402    0.0752
...   126 C-G ...
  -43.7901   46.6251   13.3732
    0.2940   -0.9418    0.1629
    0.1243   -0.1313   -0.9835
    0.9477    0.3094    0.0785
...   127 G-C ...
  -40.5947   47.5993   13.3032
    0.1905   -0.8914   -0.4113
   -0.0475    0.4101   -0.9108
    0.9805    0.1931    0.0358
...   128 A-T ...
  -37.3825   48.1464   13.5061
    0.0737   -0.5017   -0.8619
   -0.1448    0.8497   -0.5070
    0.9867    0.1622   -0.0101
...   129 C-G ...
  -34.0962   48.0362   13.6030
   -0.0603   -0.0023   -0.9982
   -0.1476    0.9890    0.0067
    0.9872    0.1477   -0.0600
...   130 C-G ...
  -30.7647   48.2008   13.1219
   -0.2335    0.5064   -0.8301
   -0.0574    0.8450    0.5317
    0.9706    0.1718   -0.1683
...   131 A-T ...
  -27.5731   48.9334   12.4958
   -0.3350    0.8661   -0.3711
    0.1344    0.4338    0.8909
    0.9326    0.2486   -0.2618
...   132 A-T ...
  -24.6409   49.7313   11.3622
   -0.1988    0.9597    0.1985
    0.3157   -0.1291    0.9400
    0.9278    0.2496   -0.2773
...   133 A-T ...
  -21.7529   50.6832   10.2127
    0.0377    0.7190    0.6939
    0.3797   -0.6527    0.6557
    0.9244    0.2387   -0.2976
...   134 T-A ...
  -19.0159   52.0244    8.9250
    0.2452    0.2905    0.9249
    0.3073   -0.9281    0.2101
    0.9195    0.2328   -0.3169
...   135 G-C ...
  -16.4637   53.8824    7.5153
    0.5339   -0.3333    0.7771
    0.0346   -0.9097   -0.4139
    0.8449    0.2479   -0.4741
...   136 T-A ...
  -14.1748   56.5546    6.1808
    0.5795   -0.7269    0.3685
   -0.3141   -0.6164   -0.7221
    0.7521    0.3026   -0.5855
...   137 G-C ...
  -11.6538   57.9992    4.7204
    0.2452   -0.9542   -0.1714
   -0.6323   -0.0234   -0.7744
    0.7349    0.2983   -0.6091
...   138 A-T ...
   -8.6758   58.7133    3.6024
   -0.0345   -0.7815   -0.6229
   -0.6536    0.4891   -0.5775
    0.7560    0.3872   -0.5277
...   139 G-C ...
   -6.3274   59.0726    1.6296
   -0.2969   -0.3279   -0.8968
   -0.5657    0.8171   -0.1114
    0.7693    0.4742   -0.4281
...   140 C-G ...
   -3.4368   60.2278    1.0287
   -0.4426    0.2287   -0.8671
   -0.1681    0.9286    0.3308
    0.8808    0.2922   -0.3725
...   141 G-C ...
   -0.6976   63.8911   -2.2510
   -0.9992    0.0157   -0.0376
   -0.0024    0.8991    0.4378
    0.0407    0.4375   -0.8983
...   142 C-G ...
   -1.0064   65.5987   -4.9401
   -0.8337    0.5216    0.1813
    0.5170    0.6219    0.5881
    0.1940    0.5840   -0.7882
...   143 T-A ...
   -0.1332   66.2084   -7.8196
   -0.3753    0.8566    0.3540
    0.8856    0.2187    0.4098
    0.2736    0.4673   -0.8407
...   144 C-G ...
   -0.1665   67.4019  -10.8068
    0.1798    0.8793    0.4411
    0.9277   -0.3007    0.2214
    0.3273    0.3694   -0.8697
...   145 A-T ...
    0.5267   69.2312  -13.4659
    0.7352    0.4964    0.4616
    0.6118   -0.7791   -0.1367
    0.2918    0.3829   -0.8765
...   146 C-G ...
    1.4339   72.0891  -15.6019
    0.9809    0.0621    0.1844
    0.1264   -0.9240   -0.3608
    0.1480    0.3772   -0.9142
...   147 A-T ...
    2.3048   74.2222  -18.3863
    0.8657   -0.4292   -0.2575
   -0.4984   -0.7868   -0.3642
   -0.0463    0.4436   -0.8950
