  147 base-pairs
...     1 A-T ...
    0.0000    0.0000    0.0000
    1.0000    0.0000    0.0000
    0.0000    1.0000    0.0000
    0.0000    0.0000    1.0000
...     2 G-C ...
   -0.1394   -1.2357    3.2268
    0.7529    0.6366    0.1670
   -0.6386    0.7680   -0.0486
   -0.1592   -0.0700    0.9848
...     3 T-A ...
   -0.0365   -3.2932    6.3751
    0.2722    0.9301    0.2466
   -0.9238    0.3243   -0.2033
   -0.2691   -0.1725    0.9475
...     4 G-C ...
   -0.3505   -4.1660    9.4928
   -0.3756    0.9250    0.0579
   -0.8781   -0.3352   -0.3415
   -0.2965   -0.1791    0.9381
...     5 A-T ...
   -0.4462   -4.1476   12.7498
   -0.8116    0.5840   -0.0165
   -0.5523   -0.7762   -0.3042
   -0.1905   -0.2378    0.9524
...     6 G-C ...
   -1.5908   -4.1730   15.6201
   -0.9976    0.0246   -0.0651
   -0.0043   -0.9555   -0.2950
   -0.0695   -0.2940    0.9533
...     7 C-G ...
   -1.1030   -4.4824   18.7362
   -0.8441   -0.5304   -0.0787
    0.5345   -0.8441   -0.0432
   -0.0435   -0.0785    0.9960
...     8 G-C ...
   -2.4028   -7.7290   23.1475
   -0.2754   -0.3293   -0.9032
    0.6650   -0.7437    0.0684
   -0.6942   -0.5818    0.4238
...     9 C-G ...
   -4.4690   -9.9728   24.1132
    0.1145   -0.7025   -0.7024
    0.8512   -0.2952    0.4340
   -0.5122   -0.6476    0.5642
...    10 T-A ...
   -6.7405  -10.8752   25.9697
    0.4841   -0.8363   -0.2574
    0.6595    0.1553    0.7355
   -0.5751   -0.5258    0.6267
...    11 C-G ...
   -9.1656  -12.6208   27.1640
    0.7073   -0.6682    0.2307
    0.3448    0.6110    0.7126
   -0.6171   -0.4245    0.6626
...    12 A-T ...
  -10.9234  -14.6633   29.0693
    0.7515   -0.1377    0.6452
   -0.2029    0.8824    0.4246
   -0.6277   -0.4500    0.6352
...    13 C-G ...
  -11.8476  -17.4863   31.2451
    0.4295    0.2823    0.8578
   -0.5708    0.8209    0.0156
   -0.6998   -0.4963    0.5137
...    14 A-T ...
  -13.5897  -19.7827   33.4259
   -0.1504    0.6104    0.7777
   -0.6874    0.5008   -0.5260
   -0.7106   -0.6136    0.3443
...    15 A-T ...
  -15.7216  -21.7985   34.7943
   -0.4902    0.7989    0.3485
   -0.4972    0.0721   -0.8647
   -0.7159   -0.5971    0.3619
...    16 T-A ...
  -17.7839  -23.6017   36.6061
   -0.6626    0.7373   -0.1318
   -0.1941   -0.3391   -0.9205
   -0.7234   -0.5844    0.3678
...    17 T-A ...
  -20.1121  -25.3272   38.0608
   -0.6545    0.4255   -0.6250
    0.2021   -0.6981   -0.6869
   -0.7286   -0.5759    0.3709
...    18 T-A ...
  -22.5664  -26.9467   39.4336
   -0.4313   -0.0412   -0.9013
    0.5300   -0.8200   -0.2161
   -0.7301   -0.5709    0.3755
...    19 A-T ...
  -24.9200  -28.9643   40.6465
   -0.0110   -0.4962   -0.8681
    0.6690   -0.6489    0.3624
   -0.7431   -0.5768    0.3392
...    20 T-A ...
  -27.7658  -30.4688   41.3525
    0.3228   -0.7578   -0.5670
    0.5839   -0.3120    0.7495
   -0.7449   -0.5730    0.3417
...    21 T-A ...
  -30.3333  -32.2629   42.2104
    0.5869   -0.8087   -0.0405
    0.3031    0.1730    0.9371
   -0.7508   -0.5622    0.3467
...    22 C-G ...
  -32.7549  -34.1992   43.2548
    0.6747   -0.5414    0.5017
   -0.0985    0.6076    0.7881
   -0.7315   -0.5812    0.3566
...    23 G-C ...
  -35.1793  -35.9059   44.7705
    0.5874   -0.0546    0.8074
   -0.4658    0.7931    0.3925
   -0.6618   -0.6067    0.4404
...    24 C-G ...
  -37.0376  -38.2270   46.2090
    0.2797    0.4095    0.8684
   -0.7126    0.6947   -0.0981
   -0.6434   -0.5914    0.4861
...    25 A-T ...
  -39.2015  -40.0987   47.9031
   -0.0864    0.7869    0.6110
   -0.7674    0.3385   -0.5445
   -0.6353   -0.5159    0.5747
...    26 A-T ...
  -41.0538  -41.7552   49.9825
   -0.4869    0.8508    0.1976
   -0.5922   -0.1553   -0.7906
   -0.6420   -0.5020    0.5795
...    27 A-T ...
  -43.0257  -43.2245   52.0900
   -0.7208    0.6322   -0.2841
   -0.2275   -0.6029   -0.7647
   -0.6547   -0.4866    0.5784
...    28 G-C ...
  -45.2192  -44.5150   54.1920
   -0.6826    0.2720   -0.6782
    0.1601   -0.8499   -0.5020
   -0.7130   -0.4512    0.5367
...    29 G-C ...
  -47.8473  -45.6590   55.9617
   -0.4258   -0.1767   -0.8874
    0.4688   -0.8819   -0.0493
   -0.7739   -0.4370    0.4583
...    30 C-G ...
  -50.6727  -46.7599   57.2602
   -0.0718   -0.6016   -0.7956
    0.6035   -0.6613    0.4455
   -0.7941   -0.4482    0.4105
...    31 C-G ...
  -53.5084  -48.2666   58.2621
    0.3213   -0.8276   -0.4603
    0.5169   -0.2541    0.8175
   -0.7935   -0.5005    0.3461
...    32 G-C ...
  -55.8694  -50.1288   59.7066
    0.6189   -0.7843    0.0434
    0.2170    0.2238    0.9502
   -0.7549   -0.5787    0.3087
...    33 G-C ...
  -58.3173  -52.3102   60.4910
    0.6835   -0.5010    0.5309
   -0.1691    0.5988    0.7828
   -0.7101   -0.6248    0.3246
...    34 C-G ...
  -60.4726  -54.6811   61.3505
    0.5039   -0.0749    0.8605
   -0.5163    0.7726    0.3696
   -0.6925   -0.6305    0.3506
...    35 C-G ...
  -62.5509  -57.0548   62.5655
    0.2002    0.3984    0.8951
   -0.7090    0.6895   -0.1483
   -0.6762   -0.6049    0.4205
...    36 C-G ...
  -64.5492  -59.2676   64.1653
   -0.1445    0.7559    0.6385
   -0.7076    0.3721   -0.6007
   -0.6917   -0.5386    0.4811
...    37 G-C ...
  -67.0636  -60.9311   65.5747
   -0.4014    0.9043    0.1451
   -0.5243   -0.0970   -0.8460
   -0.7510   -0.4156    0.5131
...    38 A-T ...
  -69.4646  -62.2242   67.3472
   -0.5785    0.7150   -0.3926
   -0.2093   -0.5954   -0.7757
   -0.7884   -0.3666    0.4940
...    39 C-G ...
  -71.9953  -62.8721   69.3241
   -0.5610    0.3355   -0.7568
    0.0963   -0.8816   -0.4622
   -0.8222   -0.3321    0.4622
...    40 A-T ...
  -74.8262  -63.9414   70.7160
   -0.3075   -0.1516   -0.9394
    0.3354   -0.9411    0.0421
   -0.8905   -0.3022    0.3402
...    41 C-G ...
  -77.9817  -64.3634   71.5474
   -0.0602   -0.5994   -0.7982
    0.4176   -0.7415    0.5252
   -0.9066   -0.3017    0.2949
...    42 G-C ...
  -80.8241  -65.8079   72.5263
    0.2620   -0.8779   -0.4009
    0.3147   -0.3150    0.8954
   -0.9123   -0.3608    0.1937
...    43 A-T ...
  -83.8205  -67.0634   73.0043
    0.4024   -0.8932    0.2007
    0.0811    0.2532    0.9640
   -0.9119   -0.3716    0.1744
...    44 C-G ...
  -86.7624  -68.6410   73.0367
    0.3848   -0.6292    0.6753
   -0.1486    0.6798    0.7182
   -0.9110   -0.3767    0.1681
...    45 T-A ...
  -89.6494  -70.2113   73.5161
    0.2738   -0.1666    0.9473
   -0.3317    0.9081    0.2556
   -0.9028   -0.3842    0.1934
...    46 T-A ...
  -92.4682  -71.7440   74.0705
    0.0146    0.3711    0.9285
   -0.4058    0.8509   -0.3337
   -0.9138   -0.3719    0.1630
...    47 A-T ...
  -95.5218  -72.9434   74.6256
   -0.1566    0.8176    0.5540
   -0.3300    0.4854   -0.8096
   -0.9309   -0.3096    0.1938
...    48 C-G ...
  -98.3577  -74.0712   75.8345
   -0.2515    0.9664    0.0541
   -0.2008    0.0026   -0.9796
   -0.9468   -0.2572    0.1934
...    49 T-A ...
 -101.4493  -74.6796   76.7821
   -0.2159    0.8578   -0.4664
   -0.0632   -0.4890   -0.8700
   -0.9744   -0.1584    0.1598
...    50 G-C ...
 -104.7652  -74.9177   77.1309
   -0.0530    0.4834   -0.8738
    0.0172   -0.8745   -0.4848
   -0.9984   -0.0407    0.0380
...    51 T-A ...
 -107.9783  -74.3865   77.2969
    0.0233   -0.0226   -0.9995
    0.0129   -0.9997    0.0229
   -0.9996   -0.0134   -0.0230
...    52 A-T ...
 -111.2741  -74.3629   76.9230
    0.1269   -0.5728   -0.8098
   -0.0684   -0.8195    0.5690
   -0.9895   -0.0168   -0.1432
...    53 G-C ...
 -114.4769  -74.2487   76.0976
    0.1139   -0.9157   -0.3854
   -0.1723   -0.4003    0.9001
   -0.9784   -0.0361   -0.2033
...    54 G-C ...
 -117.6640  -74.5906   75.0276
    0.0393   -0.9831    0.1788
   -0.2555    0.1632    0.9529
   -0.9660   -0.0831   -0.2447
...    55 T-A ...
 -120.6808  -75.1375   73.6689
   -0.1156   -0.7475    0.6541
   -0.2385    0.6602    0.7122
   -0.9642   -0.0737   -0.2546
...    56 A-T ...
 -123.9861  -74.7256   72.9474
   -0.3274   -0.1330    0.9355
   -0.0565    0.9910    0.1212
   -0.9432   -0.0132   -0.3319
...    57 T-A ...
 -127.0535  -75.4391   71.9191
   -0.3256    0.3931    0.8599
    0.1417    0.9195   -0.3666
   -0.9348    0.0025   -0.3551
...    58 C-G ...
 -130.1131  -75.5487   70.7257
   -0.1341    0.8560    0.4993
    0.3331    0.5134   -0.7908
   -0.9333    0.0603   -0.3540
...    59 T-A ...
 -133.2921  -75.3072   69.8739
    0.1540    0.9863    0.0586
    0.3592   -0.0006   -0.9333
   -0.9205    0.1648   -0.3543
...    60 C-G ...
 -136.2840  -74.6634   68.7926
    0.4168    0.7925   -0.4453
    0.1972   -0.5570   -0.8068
   -0.8874    0.2484   -0.3885
...    61 G-C ...
 -139.0343  -73.7131   67.1581
    0.6158    0.3202   -0.7199
   -0.1118   -0.8690   -0.4821
   -0.7799    0.3773   -0.4993
...    62 A-T ...
 -141.3756  -72.3206   65.3721
    0.4910   -0.2618   -0.8309
   -0.4859   -0.8739   -0.0118
   -0.7231    0.4095   -0.5563
...    63 G-C ...
 -143.4525  -70.7361   63.3428
    0.2066   -0.7043   -0.6792
   -0.7142   -0.5831    0.3873
   -0.6688    0.4051   -0.6234
...    64 C-G ...
 -145.2865  -69.4468   60.8793
   -0.2116   -0.9148   -0.3441
   -0.7438   -0.0777    0.6639
   -0.6341    0.3964   -0.6639
...    65 T-A ...
 -147.1724  -68.2996   58.3852
   -0.5809   -0.8109    0.0707
   -0.5331    0.4446    0.7198
   -0.6151    0.3804   -0.6906
...    66 C-G ...
 -149.1578  -67.1272   56.0121
   -0.8028   -0.3629    0.4731
   -0.0657    0.8425    0.5346
   -0.5926    0.3981   -0.7002
...    67 T-A ...
 -151.1979  -66.0683   53.5939
   -0.7014    0.1454    0.6978
    0.3923    0.8961    0.2076
   -0.5951    0.4193   -0.6855
...    68 C-G ...
 -153.1162  -64.7928   51.2314
   -0.3140    0.6398    0.7015
    0.7554    0.6159   -0.2236
   -0.5751    0.4597   -0.6767
...    69 A-T ...
 -154.8611  -63.2043   48.8713
    0.2395    0.8075    0.5391
    0.8078    0.1422   -0.5720
   -0.5385    0.5725   -0.6183
...    70 T-A ...
 -157.0173  -61.2827   47.3641
    0.6318    0.7442    0.2169
    0.5872   -0.2769   -0.7606
   -0.5060    0.6079   -0.6119
...    71 G-C ...
 -158.4526  -58.9819   45.3865
    0.9268    0.3602   -0.1061
    0.1455   -0.6051   -0.7827
   -0.3462    0.7100   -0.6132
...    72 T-A ...
 -159.3144  -56.2474   43.8593
    0.8968   -0.0515   -0.4395
   -0.3528   -0.6827   -0.6399
   -0.2671    0.7289   -0.6304
...    73 T-A ...
 -159.9200  -53.7507   41.9085
    0.5625   -0.4507   -0.6932
   -0.7989   -0.5122   -0.3153
   -0.2129    0.7311   -0.6482
...    74 A-T ...
 -160.5208  -51.4424   39.5817
   -0.0018   -0.7014   -0.7128
   -0.9888   -0.1049    0.1058
   -0.1490    0.7050   -0.6933
...    75 T-A ...
 -160.2971  -49.2102   37.1450
   -0.5116   -0.6368   -0.5768
   -0.8503    0.2788    0.4464
   -0.1234    0.7188   -0.6841
...    76 A-T ...
 -160.9814  -46.4179   35.3020
   -0.9542   -0.2132   -0.2101
   -0.2981    0.6144    0.7305
   -0.0267    0.7597   -0.6498
...    77 A-T ...
 -160.9502  -44.1640   32.9332
   -0.9473    0.2400    0.2120
    0.3163    0.5975    0.7368
    0.0502    0.7651   -0.6420
...    78 C-G ...
 -161.0769  -41.9674   30.4261
   -0.6378    0.5155    0.5723
    0.7676    0.3639    0.5276
    0.0637    0.7758   -0.6277
...    79 G-C ...
 -160.3426  -39.3843   28.4258
   -0.1146    0.5321    0.8389
    0.9891   -0.0179    0.1465
    0.0929    0.8465   -0.5243
...    80 G-C ...
 -160.3005  -36.5220   26.6639
    0.4108    0.3376    0.8469
    0.8982   -0.3092   -0.3124
    0.1564    0.8890   -0.4303
...    81 A-T ...
 -159.8228  -33.6014   25.3512
    0.8278    0.0256    0.5604
    0.5123   -0.4413   -0.7367
    0.2284    0.8970   -0.3785
...    82 G-C ...
 -158.9858  -30.5444   24.5066
    0.9391   -0.3050    0.1582
    0.0356   -0.3715   -0.9278
    0.3417    0.8769   -0.3380
...    83 G-C ...
 -157.3629  -27.6630   23.8299
    0.7723   -0.5569   -0.3056
   -0.4291   -0.1026   -0.8974
    0.4685    0.8242   -0.3182
...    84 G-C ...
 -155.2073  -25.2012   22.9509
    0.3821   -0.6024   -0.7008
   -0.7317    0.2660   -0.6275
    0.5644    0.7526   -0.3392
...    85 A-T ...
 -153.1653  -22.9100   21.7788
   -0.1274   -0.3448   -0.9300
   -0.7925    0.5992   -0.1136
    0.5964    0.7226   -0.3496
...    86 T-A ...
 -150.6910  -21.0518   20.5911
   -0.4972    0.0283   -0.8672
   -0.6131    0.6958    0.3742
    0.6139    0.7177   -0.3286
...    87 C-G ...
 -148.6287  -18.7810   19.3963
   -0.7575    0.4438   -0.4787
   -0.1948    0.5462    0.8147
    0.6231    0.7104   -0.3273
...    88 C-G ...
 -146.5339  -16.5044   18.0439
   -0.7709    0.6340    0.0611
    0.2500    0.2129    0.9446
    0.5859    0.7434   -0.3226
...    89 G-C ...
 -144.3177  -14.0882   17.4089
   -0.5524    0.5741    0.6044
    0.6255   -0.1939    0.7558
    0.5511    0.7955   -0.2520
...    90 C-G ...
 -142.7855  -11.3732   16.3237
   -0.1605    0.3357    0.9282
    0.8152   -0.4850    0.3164
    0.5564    0.8075   -0.1958
...    91 T-A ...
 -141.2101   -8.5243   15.8252
    0.2278   -0.0295    0.9733
    0.7848   -0.5861   -0.2015
    0.5764    0.8097   -0.1103
...    92 T-A ...
 -139.4961   -5.7969   15.6370
    0.5908   -0.3844    0.7093
    0.5346   -0.4720   -0.7010
    0.6043    0.7934   -0.0734
...    93 T-A ...
 -137.5864   -3.1969   15.6714
    0.7561   -0.6179    0.2155
    0.1351   -0.1748   -0.9753
    0.6403    0.7665   -0.0487
...    94 A-T ...
 -135.2006   -0.8799   15.8790
    0.6104   -0.7217   -0.3264
   -0.2443    0.2205   -0.9443
    0.7535    0.6561   -0.0417
...    95 A-T ...
 -132.5982    1.0473   15.9615
    0.3624   -0.4866   -0.7949
   -0.5246    0.5984   -0.6056
    0.7704    0.6364   -0.0384
...    96 C-G ...
 -129.6683    2.6000   16.0339
    0.0240   -0.1226   -0.9922
   -0.6147    0.7809   -0.1114
    0.7884    0.6125   -0.0567
...    97 A-T ...
 -127.1394    4.7255   15.7684
   -0.3821    0.2962   -0.8754
   -0.4881    0.7397    0.4633
    0.7847    0.6043   -0.1381
...    98 C-G ...
 -124.3376    6.2885   14.8720
   -0.5856    0.6344   -0.5046
   -0.2101    0.4824    0.8504
    0.7829    0.6040   -0.1492
...    99 T-A ...
 -121.7880    8.2348   14.0416
   -0.6366    0.7709    0.0225
    0.1360    0.0835    0.9872
    0.7591    0.6315   -0.1580
...   100 T-A ...
 -119.3753   10.2599   13.2383
   -0.4334    0.6925    0.5767
    0.4609   -0.3796    0.8022
    0.7744    0.6135   -0.1547
...   101 T-A ...
 -117.0080   12.3685   12.5488
   -0.0998    0.3566    0.9289
    0.6139   -0.7127    0.3396
    0.7831    0.6041   -0.1477
...   102 A-T ...
 -114.3966   14.3893   12.1971
    0.1919   -0.1664    0.9672
    0.5715   -0.7822   -0.2480
    0.7978    0.6004   -0.0550
...   103 T-A ...
 -112.1609   16.7759   12.3959
    0.4312   -0.5459    0.7184
    0.4021   -0.5965   -0.6946
    0.8077    0.5884   -0.0377
...   104 G-C ...
 -109.3057   18.5007   12.4340
    0.4681   -0.8546    0.2248
    0.1326   -0.1836   -0.9740
    0.8737    0.4857    0.0273
...   105 C-G ...
 -106.3832   19.9120   13.0200
    0.4129   -0.8486   -0.3307
   -0.1136    0.3123   -0.9432
    0.9037    0.4270    0.0326
...   106 T-A ...
 -103.2712   20.9686   13.3707
    0.2323   -0.5939   -0.7703
   -0.2724    0.7206   -0.6376
    0.9337    0.3579    0.0056
...   107 T-A ...
 -100.1528   21.8540   13.5268
    0.0412   -0.0867   -0.9954
   -0.3467    0.9331   -0.0956
    0.9371    0.3490    0.0084
...   108 C-G ...
  -97.0441   22.8740   13.4229
   -0.1903    0.4641   -0.8651
   -0.2875    0.8162    0.5011
    0.9387    0.3441   -0.0219
...   109 C-G ...
  -93.8572   23.8930   13.0057
   -0.3796    0.8054   -0.4551
   -0.1149    0.4471    0.8871
    0.9180    0.3890   -0.0772
...   110 G-C ...
  -90.8734   25.3808   13.1247
   -0.4604    0.8793    0.1220
    0.1390   -0.0643    0.9882
    0.8768    0.4719   -0.0927
...   111 G-C ...
  -88.0430   27.1157   12.5711
   -0.3759    0.6690    0.6412
    0.3779   -0.5211    0.7653
    0.8461    0.5300   -0.0569
...   112 C-G ...
  -85.4766   29.1661   12.1930
   -0.1476    0.2583    0.9547
    0.5250   -0.7976    0.2970
    0.8382    0.5451   -0.0179
...   113 T-A ...
  -82.9056   31.2435   12.2812
    0.0952   -0.2258    0.9695
    0.5363   -0.8088   -0.2411
    0.8386    0.5429    0.0441
...   114 C-G ...
  -80.2073   33.0670   12.5600
    0.3532   -0.6735    0.6493
    0.3879   -0.5262   -0.7568
    0.8513    0.5192    0.0754
...   115 G-C ...
  -77.2212   34.5405   12.6227
    0.3944   -0.9108    0.1223
    0.1577   -0.0640   -0.9854
    0.9053    0.4079    0.1184
...   116 T-A ...
  -74.2930   35.6776   13.6317
    0.3807   -0.8319   -0.4038
   -0.0611    0.4130   -0.9087
    0.9227    0.3706    0.1064
...   117 A-T ...
  -71.1418   36.6730   14.0145
    0.1863   -0.4972   -0.8474
   -0.2319    0.8159   -0.5297
    0.9547    0.2951    0.0367
...   118 T-A ...
  -67.8867   36.9806   14.3272
    0.0336   -0.0300   -0.9990
   -0.2878    0.9569   -0.0384
    0.9571    0.2888    0.0235
...   119 A-T ...
  -64.6975   37.9121   14.2657
   -0.2114    0.4946   -0.8430
   -0.2248    0.8148    0.5344
    0.9512    0.3024   -0.0611
...   120 A-T ...
  -61.5862   38.7144   13.8254
   -0.3018    0.8663   -0.3980
   -0.0598    0.3995    0.9148
    0.9515    0.2999   -0.0687
...   121 T-A ...
  -58.5365   39.5623   12.9198
   -0.2898    0.9502    0.1144
    0.1038   -0.0876    0.9907
    0.9515    0.2989   -0.0733
...   122 G-C ...
  -55.4133   40.6802   12.9545
   -0.2576    0.7067    0.6589
    0.2791   -0.5984    0.7510
    0.9250    0.3774   -0.0431
...   123 T-A ...
  -52.6214   42.4138   12.5101
   -0.0930    0.2867    0.9535
    0.3755   -0.8768    0.3003
    0.9221    0.3860   -0.0261
...   124 G-C ...
  -49.4976   43.5216   12.6410
    0.0592   -0.2898    0.9553
    0.3807   -0.8780   -0.2900
    0.9228    0.3809    0.0584
...   125 T-A ...
  -46.7051   45.2217   13.2103
    0.2242   -0.7114    0.6661
    0.2915   -0.6033   -0.7423
    0.9299    0.3606    0.0722
...   126 C-G ...
  -43.6778   46.4101   13.5834
    0.3169   -0.9420    0.1104
    0.1073   -0.0801   -0.9910
    0.9424    0.3259    0.0757
...   127 G-C ...
  -40.5103   47.4345   13.5191
    0.1967   -0.8709   -0.4504
   -0.0680    0.4462   -0.8924
    0.9781    0.2061    0.0285
...   128 A-T ...
  -37.3077   48.0058   13.6939
    0.0664   -0.4716   -0.8793
   -0.1615    0.8646   -0.4759
    0.9846    0.1736   -0.0188
...   129 C-G ...
  -34.0245   47.9252   13.7352
   -0.0735    0.0247   -0.9970
   -0.1564    0.9870    0.0360
    0.9850    0.1586   -0.0687
...   130 C-G ...
  -30.7083   48.1289   13.1984
   -0.2462    0.5225   -0.8163
   -0.0570    0.8329    0.5504
    0.9675    0.1821   -0.1753
...   131 A-T ...
  -27.5374   48.8902   12.5447
   -0.3423    0.8700   -0.3548
    0.1405    0.4208    0.8962
    0.9290    0.2569   -0.2662
...   132 A-T ...
  -24.6219   49.7119   11.3844
   -0.1991    0.9574    0.2093
    0.3216   -0.1379    0.9368
    0.9257    0.2538   -0.2804
...   133 A-T ...
  -21.7469   50.6794   10.2163
    0.0401    0.7161    0.6968
    0.3818   -0.6554    0.6516
    0.9234    0.2400   -0.2997
...   134 T-A ...
  -19.0159   52.0244    8.9250
    0.2452    0.2905    0.9249
    0.3073   -0.9281    0.2101
    0.9195    0.2328   -0.3169
...   135 G-C ...
  -16.4637   53.8825    7.5154
    0.5339   -0.3333    0.7771
    0.0346   -0.9097   -0.4139
    0.8449    0.2479   -0.4741
...   136 T-A ...
  -14.1749   56.5547    6.1809
    0.5795   -0.7269    0.3685
   -0.3141   -0.6164   -0.7221
    0.7521    0.3026   -0.5855
...   137 G-C ...
  -11.6538   57.9993    4.7205
    0.2452   -0.9542   -0.1714
   -0.6323   -0.0234   -0.7744
    0.7349    0.2983   -0.6091
...   138 A-T ...
   -8.6758   58.7134    3.6025
   -0.0345   -0.7815   -0.6229
   -0.6536    0.4891   -0.5775
    0.7560    0.3872   -0.5277
...   139 G-C ...
   -6.3275   59.0727    1.6297
   -0.2969   -0.3279   -0.8968
   -0.5657    0.8171   -0.1114
    0.7693    0.4742   -0.4281
...   140 C-G ...
   -3.4369   60.2279    1.0288
   -0.4426    0.2287   -0.8671
   -0.1681    0.9286    0.3308
    0.8808    0.2922   -0.3725
...   141 G-C ...
   -0.6976   63.8912   -2.2509
   -0.9992    0.0157   -0.0376
   -0.0024    0.8991    0.4378
    0.0407    0.4375   -0.8983
...   142 C-G ...
   -1.0064   65.5988   -4.9400
   -0.8337    0.5216    0.1813
    0.5170    0.6219    0.5881
    0.1940    0.5841   -0.7882
...   143 T-A ...
   -0.1332   66.2085   -7.8195
   -0.3753    0.8566    0.3540
    0.8856    0.2187    0.4098
    0.2736    0.4673   -0.8407
...   144 C-G ...
   -0.1665   67.4020  -10.8066
    0.1797    0.8793    0.4411
    0.9277   -0.3007    0.2214
    0.3273    0.3694   -0.8697
...   145 A-T ...
    0.5267   69.2313  -13.4658
    0.7352    0.4964    0.4616
    0.6118   -0.7791   -0.1367
    0.2918    0.3829   -0.8765
...   146 C-G ...
    1.4338   72.0892  -15.6018
    0.9809    0.0621    0.1844
    0.1264   -0.9240   -0.3608
    0.1480    0.3772   -0.9142
...   147 A-T ...
    2.3048   74.2223  -18.3862
    0.8657   -0.4292   -0.2575
   -0.4984   -0.7868   -0.3642
   -0.0463    0.4436   -0.8950
