  147 base-pairs
...     1 A-T ...
    0.0000    0.0000    0.0000
    1.0000    0.0000    0.0000
    0.0000    1.0000    0.0000
    0.0000    0.0000    1.0000
...     2 G-C ...
   -0.1394   -1.2357    3.2268
    0.7529    0.6366    0.1670
   -0.6386    0.7680   -0.0486
   -0.1592   -0.0700    0.9848
...     3 T-A ...
   -0.0365   -3.2932    6.3751
    0.2722    0.9301    0.2466
   -0.9238    0.3243   -0.2033
   -0.2691   -0.1725    0.9475
...     4 G-C ...
   -0.3505   -4.1660    9.4928
   -0.3756    0.9250    0.0579
   -0.8781   -0.3352   -0.3415
   -0.2965   -0.1791    0.9381
...     5 A-T ...
   -0.4462   -4.1476   12.7498
   -0.8116    0.5840   -0.0165
   -0.5523   -0.7762   -0.3042
   -0.1905   -0.2378    0.9524
...     6 G-C ...
   -1.5908   -4.1730   15.6201
   -0.9976    0.0246   -0.0651
   -0.0043   -0.9555   -0.2950
   -0.0695   -0.2940    0.9533
...     7 C-G ...
   -1.1030   -4.4824   18.7362
   -0.8441   -0.5304   -0.0787
    0.5345   -0.8441   -0.0432
   -0.0435   -0.0785    0.9960
...     8 G-C ...
   -2.4028   -7.7290   23.1475
   -0.2754   -0.3293   -0.9032
    0.6650   -0.7437    0.0684
   -0.6942   -0.5818    0.4238
...     9 C-G ...
   -4.4690   -9.9728   24.1132
    0.1145   -0.7025   -0.7024
    0.8512   -0.2952    0.4340
   -0.5122   -0.6476    0.5642
...    10 T-A ...
   -6.7405  -10.8752   25.9697
    0.4841   -0.8363   -0.2574
    0.6595    0.1553    0.7355
   -0.5751   -0.5258    0.6267
...    11 C-G ...
   -9.1656  -12.6208   27.1640
    0.7073   -0.6682    0.2307
    0.3448    0.6110    0.7126
   -0.6171   -0.4245    0.6626
...    12 A-T ...
  -10.9234  -14.6633   29.0693
    0.7515   -0.1377    0.6452
   -0.2029    0.8824    0.4246
   -0.6277   -0.4500    0.6352
...    13 C-G ...
  -11.8476  -17.4863   31.2451
    0.4295    0.2823    0.8578
   -0.5708    0.8209    0.0156
   -0.6998   -0.4963    0.5137
...    14 A-T ...
  -13.5897  -19.7827   33.4259
   -0.1504    0.6104    0.7777
   -0.6874    0.5008   -0.5260
   -0.7106   -0.6136    0.3443
...    15 A-T ...
  -15.8094  -21.8084   34.6391
   -0.4865    0.8080    0.3324
   -0.4877    0.0645   -0.8706
   -0.7249   -0.5857    0.3627
...    16 T-A ...
  -17.9044  -23.6612   36.5520
   -0.6967    0.6972   -0.1688
   -0.1484   -0.3703   -0.9170
   -0.7019   -0.6138    0.3614
...    17 T-A ...
  -20.1695  -25.4583   38.1161
   -0.6794    0.3273   -0.6567
    0.2886   -0.7037   -0.6492
   -0.6746   -0.6306    0.3837
...    18 T-A ...
  -22.4592  -27.2800   39.4936
   -0.3991   -0.1078   -0.9106
    0.6129   -0.7700   -0.1774
   -0.6820   -0.6289    0.3734
...    19 A-T ...
  -24.6234  -29.5240   40.6319
    0.0527   -0.4744   -0.8788
    0.7204   -0.5913    0.3624
   -0.6915   -0.6522    0.3106
...    20 T-A ...
  -27.3658  -31.2697   41.3029
    0.3980   -0.7202   -0.5682
    0.5996   -0.2645    0.7553
   -0.6943   -0.6413    0.3266
...    21 T-A ...
  -29.7925  -33.3224   42.0895
    0.6625   -0.7474   -0.0489
    0.2721    0.1793    0.9454
   -0.6979   -0.6397    0.3222
...    22 C-G ...
  -32.0516  -35.4704   43.0932
    0.7231   -0.4887    0.4881
   -0.1636    0.5653    0.8085
   -0.6711   -0.6645    0.3288
...    23 G-C ...
  -34.2983  -37.3501   44.7508
    0.6048   -0.0004    0.7964
   -0.5563    0.7153    0.4228
   -0.5698   -0.6988    0.4324
...    24 C-G ...
  -35.8871  -39.8795   46.0626
    0.2633    0.4113    0.8727
   -0.7868    0.6149   -0.0524
   -0.5582   -0.6728    0.4855
...    25 A-T ...
  -37.9459  -41.9174   47.5852
   -0.1561    0.7379    0.6566
   -0.8078    0.2872   -0.5148
   -0.5684   -0.6108    0.5512
...    26 A-T ...
  -39.6552  -43.8697   49.5872
   -0.5679    0.7819    0.2570
   -0.5915   -0.1706   -0.7880
   -0.5723   -0.5996    0.5594
...    27 A-T ...
  -41.2904  -45.6792   51.7342
   -0.8049    0.5478   -0.2281
   -0.1664   -0.5772   -0.7995
   -0.5696   -0.6055    0.5558
...    28 G-C ...
  -43.2999  -47.2643   53.9168
   -0.7350    0.2118   -0.6441
    0.2542   -0.7946   -0.5514
   -0.6286   -0.5690    0.5302
...    29 G-C ...
  -45.7614  -48.8413   55.7363
   -0.4190   -0.2050   -0.8845
    0.5988   -0.7947   -0.0994
   -0.6826   -0.5713    0.4558
...    30 C-G ...
  -48.3311  -50.4128   56.9895
    0.0056   -0.5633   -0.8263
    0.7098   -0.5798    0.4001
   -0.7044   -0.5887    0.3965
...    31 C-G ...
  -50.9163  -52.1759   58.1691
    0.4417   -0.7414   -0.5053
    0.5754   -0.1980    0.7935
   -0.6883   -0.6412    0.3392
...    32 G-C ...
  -52.7348  -54.3291   59.3240
    0.7294   -0.6799   -0.0760
    0.2501    0.1617    0.9546
   -0.6367   -0.7153    0.2880
...    33 G-C ...
  -54.4736  -57.1408   60.0305
    0.7762   -0.4504    0.4412
   -0.2137    0.4704    0.8562
   -0.5932   -0.7589    0.2688
...    34 C-G ...
  -56.1594  -59.8564   60.6953
    0.5554   -0.0975    0.8258
   -0.6084    0.6294    0.4835
   -0.5669   -0.7710    0.2902
...    35 C-G ...
  -57.6703  -62.6749   61.8458
    0.1560    0.2977    0.9418
   -0.8198    0.5709   -0.0447
   -0.5510   -0.7651    0.3331
...    36 C-G ...
  -59.2279  -65.3620   63.1195
   -0.2759    0.5956    0.7544
   -0.7829    0.3161   -0.5359
   -0.5577   -0.7385    0.3791
...    37 G-C ...
  -61.4553  -67.7677   63.7081
   -0.5920    0.7417    0.3151
   -0.5059   -0.0376   -0.8618
   -0.6274   -0.6696    0.3975
...    38 A-T ...
  -63.2880  -69.9869   64.9555
   -0.7598    0.6043   -0.2396
   -0.0599   -0.4321   -0.8998
   -0.6473   -0.6694    0.3646
...    39 C-G ...
  -65.5562  -71.6996   66.3959
   -0.6401    0.3537   -0.6821
    0.3185   -0.6857   -0.6545
   -0.6992   -0.6362    0.3263
...    40 A-T ...
  -68.0585  -73.6324   67.4016
   -0.2777    0.0160   -0.9605
    0.5796   -0.7946   -0.1808
   -0.7661   -0.6070    0.2114
...    41 C-G ...
  -70.8980  -75.2237   67.7296
    0.0942   -0.3408   -0.9354
    0.6193   -0.7156    0.3231
   -0.7795   -0.6097    0.1436
...    42 G-C ...
  -73.1830  -77.5813   68.2185
    0.4786   -0.6450   -0.5957
    0.3970   -0.4462    0.8021
   -0.7831   -0.6204    0.0426
...    43 A-T ...
  -75.6792  -79.5340   68.2809
    0.6146   -0.7886   -0.0179
    0.0419    0.0100    0.9991
   -0.7877   -0.6148    0.0392
...    44 C-G ...
  -78.1185  -81.7286   67.7493
    0.5626   -0.6549    0.5046
   -0.2993    0.4076    0.8627
   -0.7706   -0.6364    0.0333
...    45 T-A ...
  -80.4377  -84.5282   67.3995
    0.2986   -0.3383    0.8924
   -0.5490    0.7040    0.4506
   -0.7807   -0.6245    0.0245
...    46 T-A ...
  -82.6930  -86.8876   67.1877
   -0.0482    0.0365    0.9982
   -0.5990    0.7987   -0.0582
   -0.7993   -0.6007   -0.0166
...    47 A-T ...
  -85.3002  -88.9270   67.2346
   -0.3027    0.5209    0.7982
   -0.4720    0.6456   -0.6003
   -0.8280   -0.5584    0.0504
...    48 C-G ...
  -87.6898  -91.0907   67.8761
   -0.4602    0.8050    0.3744
   -0.2445    0.2905   -0.9251
   -0.8535   -0.5173    0.0632
...    49 T-A ...
  -90.5007  -92.7528   68.5927
   -0.4334    0.8878   -0.1549
   -0.0002   -0.1719   -0.9851
   -0.9012   -0.4269    0.0747
...    50 G-C ...
  -93.7557  -93.7668   68.8309
   -0.1881    0.7309   -0.6560
    0.1864   -0.6293   -0.7545
   -0.9643   -0.2642   -0.0179
...    51 T-A ...
  -96.9149  -94.1035   69.0653
    0.0087    0.3837   -0.9234
    0.2275   -0.9000   -0.3718
   -0.9737   -0.2069   -0.0951
...    52 A-T ...
 -100.1739  -93.9555   68.3539
    0.3158   -0.0751   -0.9459
    0.1060   -0.9878    0.1138
   -0.9429   -0.1362   -0.3040
...    53 G-C ...
 -103.1777  -93.9467   67.2098
    0.4008   -0.5316   -0.7462
   -0.1171   -0.8375    0.5338
   -0.9087   -0.1265   -0.3979
...    54 G-C ...
 -106.1219  -93.8677   65.0207
    0.3179   -0.8893   -0.3286
   -0.3547   -0.4330    0.8287
   -0.8793   -0.1469   -0.4531
...    55 T-A ...
 -108.7265  -94.3835   63.0475
    0.0649   -0.9888    0.1341
   -0.4828    0.0865    0.8715
   -0.8733   -0.1213   -0.4718
...    56 A-T ...
 -111.4525  -94.9286   61.1358
   -0.2498   -0.7488    0.6140
   -0.4295    0.6540    0.6228
   -0.8678   -0.1081   -0.4849
...    57 T-A ...
 -113.9566  -95.8298   59.1535
   -0.4717   -0.3163    0.8230
   -0.2178    0.9463    0.2389
   -0.8544   -0.0665   -0.5153
...    58 C-G ...
 -116.8324  -96.3618   57.4926
   -0.5086    0.3247    0.7974
    0.1468    0.9453   -0.2913
   -0.8484   -0.0311   -0.5284
...    59 T-A ...
 -119.8124  -96.6043   56.0113
   -0.2910    0.7611    0.5797
    0.3933    0.6475   -0.6527
   -0.8722    0.0380   -0.4877
...    60 C-G ...
 -122.8170  -96.4866   54.5090
    0.0463    0.9850    0.1663
    0.4877    0.1230   -0.8643
   -0.8718    0.1211   -0.4747
...    61 G-C ...
 -125.4332  -95.6680   52.6750
    0.5124    0.8532   -0.0971
    0.3691   -0.3210   -0.8722
   -0.7754    0.4111   -0.4794
...    62 A-T ...
 -127.9489  -94.1664   51.1292
    0.7034    0.5013   -0.5040
    0.0188   -0.7218   -0.6918
   -0.7106    0.4771   -0.5172
...    63 G-C ...
 -129.9897  -92.1071   49.4871
    0.6774    0.0295   -0.7350
   -0.3770   -0.8441   -0.3814
   -0.6316    0.5354   -0.5607
...    64 C-G ...
 -131.6679  -89.8938   47.5165
    0.3614   -0.4771   -0.8011
   -0.7261   -0.6830    0.0792
   -0.5849    0.5531   -0.5933
...    65 T-A ...
 -133.3703  -87.9505   45.5020
   -0.0838   -0.7616   -0.6426
   -0.8359   -0.2972    0.4614
   -0.5424    0.5758   -0.6118
...    66 C-G ...
 -135.3817  -86.2766   43.5421
   -0.5753   -0.7786   -0.2506
   -0.6431    0.2412    0.7268
   -0.5054    0.5793   -0.6395
...    67 G-C ...
 -137.6411  -83.8768   42.2704
   -0.8339   -0.5054    0.2217
   -0.1988    0.6498    0.7337
   -0.5149    0.5678   -0.6423
...    68 G-C ...
 -139.1687  -81.9295   40.0111
   -0.7774   -0.0905    0.6224
    0.3307    0.7829    0.5270
   -0.5350    0.6155   -0.5787
...    69 G-C ...
 -140.9811  -80.0343   37.9349
   -0.4223    0.2706    0.8651
    0.6997    0.7041    0.1213
   -0.5763    0.6565   -0.4867
...    70 A-T ...
 -143.0439  -78.0032   36.3410
    0.0913    0.5905    0.8019
    0.8220    0.4098   -0.3954
   -0.5621    0.6953   -0.4480
...    71 T-A ...
 -145.3598  -75.9022   35.3669
    0.5034    0.6750    0.5394
    0.6795    0.0763   -0.7297
   -0.5337    0.7339   -0.4203
...    72 T-A ...
 -147.2250  -73.4523   34.2564
    0.8239    0.5578    0.1000
    0.3043   -0.2867   -0.9084
   -0.4781    0.7789   -0.4060
...    73 C-G ...
 -148.2640  -70.8497   32.7506
    0.9018    0.2225   -0.3704
   -0.2258   -0.4882   -0.8430
   -0.3684    0.8439   -0.3900
...    74 A-T ...
 -148.9981  -67.4934   32.1203
    0.7137   -0.1574   -0.6825
   -0.6772   -0.4042   -0.6149
   -0.1791    0.9010   -0.3951
...    75 T-A ...
 -149.0788  -64.4447   31.0075
    0.2957   -0.3702   -0.8806
   -0.9446   -0.2506   -0.2118
   -0.1422    0.8945   -0.4238
...    76 G-C ...
 -149.2360  -61.4356   29.4905
   -0.3147   -0.4719   -0.8236
   -0.9418    0.0475    0.3327
   -0.1179    0.8804   -0.4594
...    77 T-A ...
 -149.0694  -58.5717   27.6846
   -0.7812   -0.3434   -0.5213
   -0.6165    0.2930    0.7308
   -0.0983    0.8923   -0.4406
...    78 T-A ...
 -149.1907  -55.7548   26.1167
   -0.9977   -0.0607   -0.0303
   -0.0533    0.4264    0.9030
   -0.0419    0.9025   -0.4287
...    79 A-T ...
 -149.1238  -52.5312   24.9962
   -0.8090    0.2428    0.5353
    0.5878    0.3256    0.7406
    0.0055    0.9138   -0.4062
...    80 T-A ...
 -149.6104  -49.8080   23.2983
   -0.4087    0.3782    0.8306
    0.9120    0.1345    0.3875
    0.0348    0.9159   -0.3999
...    81 A-T ...
 -149.3096  -46.7333   22.0965
    0.1642    0.2925    0.9421
    0.9854   -0.0926   -0.1429
    0.0455    0.9518   -0.3034
...    82 A-T ...
 -149.2865  -43.6900   21.3292
    0.6469    0.1197    0.7531
    0.7567   -0.2232   -0.6145
    0.0945    0.9674   -0.2349
...    83 C-G ...
 -149.2550  -40.3265   21.2655
    0.9402   -0.0770    0.3318
    0.3056   -0.2392   -0.9216
    0.1503    0.9679   -0.2013
...    84 G-C ...
 -148.1866  -37.3767   20.3777
    0.9185   -0.3675   -0.1461
   -0.1899   -0.0859   -0.9780
    0.3469    0.9260   -0.1487
...    85 G-C ...
 -146.3033  -34.7129   19.8392
    0.6409   -0.4674   -0.6089
   -0.5908    0.2061   -0.7801
    0.4900    0.8597   -0.1440
...    86 A-T ...
 -144.3864  -32.1394   19.2751
    0.1543   -0.3051   -0.9397
   -0.8268    0.4808   -0.2919
    0.5409    0.8221   -0.1781
...    87 C-G ...
 -141.9260  -29.9484   18.8380
   -0.3241   -0.0251   -0.9457
   -0.7699    0.5879    0.2482
    0.5497    0.8085   -0.2099
...    88 C-G ...
 -139.9804  -27.3179   17.9071
   -0.7207    0.2651   -0.6405
   -0.4570    0.5131    0.7265
    0.5212    0.8164   -0.2486
...    89 G-C ...
 -138.4674  -24.4201   17.4954
   -0.8869    0.4530   -0.0908
    0.0418    0.2744    0.9607
    0.4601    0.8482   -0.2623
...    90 C-G ...
 -136.9269  -21.6221   16.1505
   -0.7098    0.5111    0.4847
    0.5341   -0.0582    0.8434
    0.4593    0.8576   -0.2316
...    91 T-A ...
 -135.6653  -18.6056   15.0857
   -0.3022    0.3498    0.8867
    0.8441   -0.3341    0.4194
    0.4429    0.8752   -0.1943
...    92 T-A ...
 -134.5697  -15.6144   14.4698
    0.2256    0.0866    0.9704
    0.8605   -0.4847   -0.1568
    0.4568    0.8704   -0.1838
...    93 T-A ...
 -133.1723  -12.7362   14.0123
    0.6379   -0.2498    0.7285
    0.5936   -0.4432   -0.6717
    0.4906    0.8609   -0.1344
...    94 A-T ...
 -131.2586   -9.9903   13.6838
    0.7757   -0.5854    0.2358
    0.1587   -0.1806   -0.9707
    0.6109    0.7903   -0.0472
...    95 A-T ...
 -129.2263   -7.5727   13.7895
    0.7034   -0.6317   -0.3259
   -0.2660    0.1913   -0.9448
    0.6591    0.7513   -0.0335
...    96 C-G ...
 -126.7084   -5.3993   14.2329
    0.4527   -0.4398   -0.7757
   -0.5831    0.5121   -0.6306
    0.6746    0.7378   -0.0246
...    97 A-T ...
 -124.2994   -3.0704   13.9880
   -0.0128   -0.1124   -0.9936
   -0.7137    0.6970   -0.0696
    0.7004    0.7082   -0.0892
...    98 C-G ...
 -121.5094   -1.2158   13.4460
   -0.3941    0.2660   -0.8798
   -0.5896    0.6611    0.4640
    0.7051    0.7015   -0.1037
...    99 T-A ...
 -118.7040    0.8913   12.4828
   -0.6612    0.5900   -0.4633
   -0.2630    0.3960    0.8798
    0.7025    0.7036   -0.1066
...   100 T-A ...
 -116.3756    3.0682   11.7708
   -0.6546    0.7437    0.1360
    0.1665   -0.0337    0.9855
    0.7375    0.6677   -0.1018
...   101 T-A ...
 -114.0195    5.2528   11.1639
   -0.4259    0.6008    0.6765
    0.5007   -0.4663    0.7293
    0.7536    0.6493   -0.1022
...   102 A-T ...
 -111.2897    7.2396   11.0298
   -0.0605    0.1717    0.9833
    0.6444   -0.7456    0.1699
    0.7623    0.6439   -0.0655
...   103 T-A ...
 -109.3242    9.8128   11.0151
    0.2105   -0.2350    0.9489
    0.5970   -0.7378   -0.3151
    0.7741    0.6328   -0.0150
...   104 G-C ...
 -106.8093   11.9911   11.2815
    0.4450   -0.6966    0.5628
    0.3793   -0.4226   -0.8231
    0.8112    0.5798    0.0761
...   105 C-G ...
 -104.1040   13.6631   12.0457
    0.5225   -0.8523    0.0228
    0.0806    0.0228   -0.9965
    0.8488    0.5225    0.0807
...   106 T-A ...
 -100.9990   15.0502   12.7488
    0.4517   -0.7037   -0.5484
   -0.1825    0.5289   -0.8289
    0.8733    0.4744    0.1104
...   107 T-A ...
  -98.0946   16.3281   13.2163
    0.2322   -0.3091   -0.9222
   -0.3741    0.8468   -0.3780
    0.8978    0.4328    0.0810
...   108 C-G ...
  -94.9817   17.5268   13.3611
   -0.0528    0.2341   -0.9708
   -0.4195    0.8770    0.2343
    0.9062    0.4196    0.0519
...   109 C-G ...
  -91.9417   18.7952   13.3701
   -0.3477    0.6220   -0.7015
   -0.3080    0.6309    0.7121
    0.8855    0.4637   -0.0278
...   110 G-C ...
  -89.3462   20.4555   13.5081
   -0.5299    0.8171   -0.2271
   -0.0594    0.2314    0.9711
    0.8460    0.5280   -0.0740
...   111 G-C ...
  -86.7299   22.5198   13.0175
   -0.5164    0.7775    0.3588
    0.2660   -0.2526    0.9303
    0.8140    0.5759   -0.0764
...   112 C-G ...
  -84.3334   24.7861   12.4194
   -0.3131    0.4853    0.8164
    0.5094   -0.6397    0.5756
    0.8016    0.5961   -0.0469
...   113 T-A ...
  -81.8117   26.9331   12.2372
   -0.0282    0.0496    0.9984
    0.6033   -0.7955    0.0566
    0.7970    0.6039   -0.0074
...   114 C-G ...
  -79.1203   28.8924   12.3130
    0.3008   -0.4458    0.8431
    0.5184   -0.6656   -0.5369
    0.8005    0.5985    0.0309
...   115 G-C ...
  -76.2264   30.5321   12.0998
    0.4729   -0.8005    0.3682
    0.2520   -0.2775   -0.9271
    0.8443    0.5312    0.0705
...   116 T-A ...
  -73.3940   31.9916   13.0640
    0.4854   -0.8538   -0.1880
   -0.0342    0.1964   -0.9799
    0.8736    0.4821    0.0661
...   117 A-T ...
  -70.2466   33.2086   13.7429
    0.2921   -0.6343   -0.7158
   -0.2686    0.6639   -0.6979
    0.9179    0.3961    0.0235
...   118 T-A ...
  -67.0902   33.8767   14.1865
    0.1180   -0.2127   -0.9700
   -0.3745    0.8951   -0.2418
    0.9197    0.3918    0.0259
...   119 A-T ...
  -64.0647   35.3563   14.2472
   -0.1611    0.3521   -0.9220
   -0.3432    0.8559    0.3869
    0.9253    0.3788   -0.0170
...   120 A-T ...
  -60.9857   36.3316   13.9525
   -0.3422    0.7690   -0.5400
   -0.1782    0.5112    0.8408
    0.9226    0.3840   -0.0379
...   121 T-A ...
  -57.9113   37.3791   13.1638
   -0.3748    0.9269   -0.0212
    0.0323    0.0359    0.9988
    0.9266    0.3736   -0.0434
...   122 G-C ...
  -54.7900   38.7551   12.8693
   -0.3300    0.7422    0.5833
    0.2595   -0.5228    0.8120
    0.9076    0.4193   -0.0201
...   123 T-A ...
  -52.0107   40.4845   12.5095
   -0.1533    0.3717    0.9156
    0.3911   -0.8281    0.4017
    0.9075    0.4197   -0.0184
...   124 G-C ...
  -49.0012   41.9573   12.5025
    0.0519   -0.2071    0.9769
    0.4279   -0.8793   -0.2092
    0.9023    0.4289    0.0430
...   125 T-A ...
  -46.3369   43.7392   12.8448
    0.2301   -0.6520    0.7224
    0.3384   -0.6424   -0.6876
    0.9124    0.4027    0.0728
...   126 C-G ...
  -43.4405   45.0088   13.1640
    0.3844   -0.9055    0.1798
    0.1417   -0.1346   -0.9807
    0.9122    0.4025    0.0766
...   127 G-C ...
  -40.3376   46.1408   12.9110
    0.2299   -0.9064   -0.3543
   -0.0499    0.3526   -0.9345
    0.9719    0.2325    0.0359
...   128 A-T ...
  -37.2874   46.9470   13.1226
    0.1416   -0.5355   -0.8326
   -0.1917    0.8103   -0.5538
    0.9712    0.2380    0.0121
...   129 C-G ...
  -34.0070   46.9752   13.4628
   -0.0311   -0.0406   -0.9987
   -0.2206    0.9748   -0.0327
    0.9749    0.2193   -0.0393
...   130 C-G ...
  -30.6575   47.2345   12.8146
   -0.2545    0.4441   -0.8591
   -0.1211    0.8667    0.4839
    0.9595    0.2272   -0.1668
...   131 A-T ...
  -27.5848   48.5963   12.5166
   -0.3758    0.8311   -0.4099
    0.0859    0.4717    0.8776
    0.9227    0.2946   -0.2487
...   132 A-T ...
  -24.6429   49.6217   11.4735
   -0.2527    0.9529    0.1679
    0.3015   -0.0873    0.9495
    0.9194    0.2906   -0.2652
...   133 A-T ...
  -21.7843   50.6486   10.2295
    0.0269    0.7295    0.6834
    0.3809   -0.6396    0.6677
    0.9242    0.2424   -0.2951
...   134 T-A ...
  -19.0159   52.0244    8.9250
    0.2452    0.2905    0.9249
    0.3073   -0.9281    0.2101
    0.9195    0.2328   -0.3169
...   135 G-C ...
  -16.4637   53.8824    7.5153
    0.5339   -0.3333    0.7771
    0.0346   -0.9097   -0.4139
    0.8449    0.2479   -0.4741
...   136 T-A ...
  -14.1749   56.5547    6.1808
    0.5795   -0.7269    0.3685
   -0.3141   -0.6164   -0.7221
    0.7521    0.3026   -0.5855
...   137 G-C ...
  -11.6538   57.9992    4.7204
    0.2452   -0.9542   -0.1714
   -0.6323   -0.0234   -0.7744
    0.7349    0.2983   -0.6091
...   138 A-T ...
   -8.6758   58.7133    3.6024
   -0.0345   -0.7815   -0.6229
   -0.6536    0.4891   -0.5775
    0.7560    0.3872   -0.5277
...   139 G-C ...
   -6.3274   59.0727    1.6296
   -0.2969   -0.3279   -0.8968
   -0.5657    0.8171   -0.1114
    0.7693    0.4742   -0.4281
...   140 C-G ...
   -3.4369   60.2279    1.0286
   -0.4426    0.2287   -0.8671
   -0.1681    0.9286    0.3308
    0.8808    0.2922   -0.3725
...   141 G-C ...
   -0.6976   63.8911   -2.2510
   -0.9992    0.0157   -0.0376
   -0.0024    0.8991    0.4378
    0.0407    0.4375   -0.8983
...   142 C-G ...
   -1.0064   65.5988   -4.9401
   -0.8337    0.5216    0.1813
    0.5170    0.6219    0.5881
    0.1940    0.5841   -0.7882
...   143 T-A ...
   -0.1332   66.2084   -7.8196
   -0.3753    0.8566    0.3540
    0.8856    0.2187    0.4098
    0.2736    0.4673   -0.8407
...   144 C-G ...
   -0.1666   67.4020  -10.8068
    0.1798    0.8793    0.4411
    0.9277   -0.3007    0.2214
    0.3273    0.3694   -0.8697
...   145 A-T ...
    0.5267   69.2312  -13.4660
    0.7352    0.4964    0.4616
    0.6118   -0.7791   -0.1367
    0.2918    0.3829   -0.8765
...   146 C-G ...
    1.4338   72.0892  -15.6019
    0.9809    0.0621    0.1844
    0.1264   -0.9240   -0.3608
    0.1480    0.3772   -0.9142
...   147 A-T ...
    2.3047   74.2222  -18.3863
    0.8657   -0.4292   -0.2575
   -0.4984   -0.7868   -0.3642
   -0.0463    0.4436   -0.8950
