  147 base-pairs
...     1 A-T ...
    0.0000    0.0000    0.0000
    1.0000    0.0000    0.0000
    0.0000    1.0000    0.0000
    0.0000    0.0000    1.0000
...     2 G-C ...
   -0.1394   -1.2357    3.2268
    0.7529    0.6366    0.1670
   -0.6386    0.7680   -0.0486
   -0.1592   -0.0700    0.9848
...     3 T-A ...
   -0.0365   -3.2932    6.3751
    0.2722    0.9301    0.2466
   -0.9238    0.3243   -0.2033
   -0.2691   -0.1725    0.9475
...     4 G-C ...
   -0.3505   -4.1660    9.4928
   -0.3756    0.9250    0.0579
   -0.8781   -0.3352   -0.3415
   -0.2965   -0.1791    0.9381
...     5 A-T ...
   -0.4462   -4.1476   12.7498
   -0.8116    0.5840   -0.0165
   -0.5523   -0.7762   -0.3042
   -0.1905   -0.2378    0.9524
...     6 G-C ...
   -1.5908   -4.1730   15.6201
   -0.9976    0.0246   -0.0651
   -0.0043   -0.9555   -0.2950
   -0.0695   -0.2940    0.9533
...     7 C-G ...
   -1.1030   -4.4824   18.7362
   -0.8441   -0.5304   -0.0787
    0.5345   -0.8441   -0.0432
   -0.0435   -0.0785    0.9960
...     8 G-C ...
   -2.4028   -7.7290   23.1475
   -0.2754   -0.3293   -0.9032
    0.6650   -0.7437    0.0684
   -0.6942   -0.5818    0.4238
...     9 C-G ...
   -4.4690   -9.9728   24.1132
    0.1145   -0.7025   -0.7024
    0.8512   -0.2952    0.4340
   -0.5122   -0.6476    0.5642
...    10 T-A ...
   -6.7405  -10.8752   25.9697
    0.4841   -0.8363   -0.2574
    0.6595    0.1553    0.7355
   -0.5751   -0.5258    0.6267
...    11 C-G ...
   -9.1656  -12.6208   27.1640
    0.7073   -0.6682    0.2307
    0.3448    0.6110    0.7126
   -0.6171   -0.4245    0.6626
...    12 A-T ...
  -10.9234  -14.6633   29.0693
    0.7515   -0.1377    0.6452
   -0.2029    0.8824    0.4246
   -0.6277   -0.4500    0.6352
...    13 C-G ...
  -11.8476  -17.4863   31.2451
    0.4295    0.2823    0.8578
   -0.5708    0.8209    0.0156
   -0.6998   -0.4963    0.5137
...    14 A-T ...
  -13.5897  -19.7827   33.4259
   -0.1504    0.6104    0.7777
   -0.6874    0.5008   -0.5260
   -0.7106   -0.6136    0.3443
...    15 A-T ...
  -15.7197  -21.8041   34.7911
   -0.4925    0.7976    0.3484
   -0.4955    0.0721   -0.8656
   -0.7155   -0.5989    0.3597
...    16 T-A ...
  -17.7816  -23.6166   36.5952
   -0.6644    0.7355   -0.1325
   -0.1905   -0.3382   -0.9216
   -0.7227   -0.5871    0.3648
...    17 T-A ...
  -20.1079  -25.3541   38.0381
   -0.6534    0.4248   -0.6266
    0.2070   -0.6959   -0.6877
   -0.7281   -0.5791    0.3668
...    18 T-A ...
  -22.5616  -26.9873   39.3939
   -0.4263   -0.0393   -0.9037
    0.5336   -0.8176   -0.2162
   -0.7304   -0.5744    0.3696
...    19 A-T ...
  -24.9253  -29.0094   40.5769
   -0.0029   -0.4892   -0.8721
    0.6681   -0.6499    0.3624
   -0.7441   -0.5816    0.3287
...    20 T-A ...
  -27.7705  -30.5295   41.2456
    0.3302   -0.7516   -0.5710
    0.5785   -0.3169    0.7516
   -0.7459   -0.5785    0.3301
...    21 T-A ...
  -30.3373  -32.3428   42.0634
    0.5904   -0.8059   -0.0431
    0.2938    0.1649    0.9415
   -0.7517   -0.5686    0.3341
...    22 C-G ...
  -32.7575  -34.3036   43.0649
    0.6717   -0.5439    0.5030
   -0.1092    0.5989    0.7934
   -0.7328   -0.5878    0.3428
...    23 G-C ...
  -35.1886  -36.0379   44.5383
    0.5776   -0.0611    0.8140
   -0.4742    0.7865    0.3956
   -0.6644   -0.6145    0.4253
...    24 C-G ...
  -37.0571  -38.3836   45.9259
    0.2657    0.4007    0.8768
   -0.7145    0.6925   -0.0999
   -0.6472   -0.5999    0.4703
...    25 A-T ...
  -39.2405  -40.2845   47.5606
   -0.1004    0.7790    0.6189
   -0.7606    0.3409   -0.5525
   -0.6414   -0.5262    0.5583
...    26 A-T ...
  -41.1165  -41.9786   49.5882
   -0.4954    0.8454    0.1998
   -0.5779   -0.1491   -0.8024
   -0.6485   -0.5129    0.5624
...    27 A-T ...
  -43.1146  -43.4877   51.6419
   -0.7197    0.6314   -0.2889
   -0.2103   -0.5947   -0.7759
   -0.6617   -0.4977    0.5607
...    28 G-C ...
  -45.3371  -44.8190   53.6863
   -0.6716    0.2765   -0.6874
    0.1746   -0.8425   -0.5095
   -0.7200   -0.4622    0.5176
...    29 G-C ...
  -47.9911  -46.0022   55.3888
   -0.4074   -0.1677   -0.8977
    0.4749   -0.8785   -0.0514
   -0.7801   -0.4473    0.4375
...    30 C-G ...
  -50.8360  -47.1367   56.6130
   -0.0523   -0.5915   -0.8046
    0.5982   -0.6637    0.4490
   -0.7996   -0.4578    0.3885
...    31 C-G ...
  -53.6820  -48.6767   57.5322
    0.3353   -0.8199   -0.4641
    0.5008   -0.2621    0.8249
   -0.7979   -0.5091    0.3227
...    32 G-C ...
  -56.0617  -50.5744   58.8989
    0.6217   -0.7819    0.0471
    0.1946    0.2124    0.9576
   -0.7587   -0.5861    0.2843
...    33 G-C ...
  -58.5155  -52.7790   59.5993
    0.6732   -0.5048    0.5403
   -0.1900    0.5881    0.7862
   -0.7146   -0.6319    0.3000
...    34 C-G ...
  -60.6818  -55.1695   60.3770
    0.4834   -0.0835    0.8714
   -0.5284    0.7658    0.3665
   -0.6980   -0.6376    0.3261
...    35 C-G ...
  -62.7815  -57.5672   61.5067
    0.1765    0.3884    0.9045
   -0.7077    0.6887   -0.1576
   -0.6841   -0.6123    0.3964
...    36 C-G ...
  -64.8119  -59.8093   63.0237
   -0.1632    0.7480    0.6433
   -0.6933    0.3770   -0.6142
   -0.7020   -0.5462    0.4570
...    37 G-C ...
  -67.3562  -61.4994   64.3463
   -0.4072    0.9018    0.1446
   -0.5017   -0.0886   -0.8605
   -0.7632   -0.4230    0.4885
...    38 A-T ...
  -69.8007  -62.8171   66.0387
   -0.5692    0.7183   -0.4001
   -0.1876   -0.5872   -0.7874
   -0.8005   -0.3731    0.4690
...    39 C-G ...
  -72.3820  -63.4894   67.9392
   -0.5410    0.3428   -0.7680
    0.1098   -0.8766   -0.4686
   -0.8339   -0.3378    0.4365
...    40 A-T ...
  -75.2492  -64.5777   69.2389
   -0.2820   -0.1427   -0.9487
    0.3350   -0.9413    0.0420
   -0.8990   -0.3059    0.3133
...    41 C-G ...
  -78.4268  -65.0101   69.9785
   -0.0385   -0.5922   -0.8049
    0.4036   -0.7461    0.5296
   -0.9141   -0.3045    0.2678
...    42 G-C ...
  -81.2938  -66.4661   70.8671
    0.2719   -0.8751   -0.4003
    0.2902   -0.3221    0.9011
   -0.9175   -0.3612    0.1664
...    43 A-T ...
  -84.3048  -67.7201   71.2547
    0.3951   -0.8953    0.2057
    0.0556    0.2468    0.9675
   -0.9170   -0.3708    0.1472
...    44 C-G ...
  -87.2516  -69.2901   71.1966
    0.3647   -0.6342    0.6818
   -0.1661    0.6762    0.7178
   -0.9162   -0.3750    0.1412
...    45 T-A ...
  -90.1568  -70.8528   71.5864
    0.2476   -0.1722    0.9534
   -0.3352    0.9081    0.2511
   -0.9090   -0.3818    0.1672
...    46 T-A ...
  -92.9958  -72.3754   72.0567
   -0.0079    0.3671    0.9302
   -0.3934    0.8540   -0.3404
   -0.9193   -0.3687    0.1376
...    47 A-T ...
  -96.0654  -73.5676   72.5334
   -0.1639    0.8164    0.5537
   -0.3078    0.4909   -0.8150
   -0.9372   -0.3040    0.1708
...    48 C-G ...
  -98.9351  -74.6801   73.6708
   -0.2452    0.9681    0.0521
   -0.1785    0.0078   -0.9839
   -0.9529   -0.2505    0.1709
...    49 T-A ...
 -102.0520  -75.2653   74.5450
   -0.1982    0.8611   -0.4683
   -0.0484   -0.4858   -0.8727
   -0.9790   -0.1503    0.1380
...    50 G-C ...
 -105.3770  -75.4751   74.8134
   -0.0306    0.4854   -0.8737
    0.0189   -0.8737   -0.4861
   -0.9994   -0.0314    0.0175
...    51 T-A ...
 -108.5887  -74.9127   74.9120
    0.0423   -0.0220   -0.9989
    0.0024   -0.9998    0.0221
   -0.9991   -0.0034   -0.0422
...    52 C-G ...
 -111.8132  -74.8451   74.4807
    0.0772   -0.5909   -0.8030
   -0.0732   -0.8066    0.5865
   -0.9943    0.0135   -0.1055
...    53 A-T ...
 -115.1008  -75.0444   74.0881
    0.0923   -0.9420   -0.3228
   -0.1698   -0.3343    0.9270
   -0.9811   -0.0307   -0.1908
...    54 T-A ...
 -118.1406  -75.0647   72.7666
   -0.0386   -0.9810    0.1902
   -0.1982    0.1941    0.9608
   -0.9794   -0.0006   -0.2019
...    55 G-C ...
 -121.4316  -75.0425   72.4434
   -0.1192   -0.6809    0.7226
   -0.1552    0.7316    0.6638
   -0.9807   -0.0330   -0.1929
...    56 T-A ...
 -124.5865  -75.6877   71.5070
   -0.1870   -0.1927    0.9633
   -0.0518    0.9811    0.1863
   -0.9810   -0.0151   -0.1935
...    57 T-A ...
 -127.7475  -76.0363   70.8007
   -0.2090    0.4044    0.8904
    0.0986    0.9146   -0.3922
   -0.9729    0.0058   -0.2310
...    58 A-T ...
 -130.9823  -75.9794   70.0224
   -0.0313    0.8527    0.5215
    0.2183    0.5150   -0.8289
   -0.9754    0.0879   -0.2023
...    59 T-A ...
 -134.2461  -75.8461   69.9943
    0.1182    0.9916    0.0534
    0.2136    0.0272   -0.9765
   -0.9697    0.1268   -0.2086
...    60 A-T ...
 -137.4800  -74.9981   69.7622
    0.4223    0.8200   -0.3864
    0.0865   -0.4608   -0.8833
   -0.9023    0.3396   -0.2656
...    61 A-T ...
 -140.2962  -73.6495   68.9992
    0.4699    0.4140   -0.7797
   -0.1816   -0.8190   -0.5443
   -0.8638    0.3974   -0.3096
...    62 C-G ...
 -142.7893  -71.7385   68.1205
    0.3673   -0.0812   -0.9266
   -0.4307   -0.8978   -0.0921
   -0.8244    0.4329   -0.3647
...    63 G-C ...
 -145.4649  -70.6335   66.4484
    0.1645   -0.6045   -0.7794
   -0.6507   -0.6604    0.3749
   -0.7413    0.4455   -0.5020
...    64 G-C ...
 -147.6464  -69.2447   64.2625
   -0.1765   -0.8884   -0.4237
   -0.6901   -0.1952    0.6968
   -0.7018    0.4154   -0.5787
...    65 A-T ...
 -149.8802  -67.9537   62.1987
   -0.5710   -0.8182    0.0667
   -0.4609    0.3867    0.7987
   -0.6793    0.4254   -0.5980
...    66 T-A ...
 -151.8322  -66.9379   59.6949
   -0.7602   -0.4763    0.4419
   -0.0891    0.7501    0.6553
   -0.6436    0.4588   -0.6126
...    67 A-T ...
 -153.6629  -64.7396   57.8208
   -0.6825    0.1851    0.7071
    0.4752    0.8474    0.2369
   -0.5553    0.4977   -0.6663
...    68 G-C ...
 -155.6494  -63.2963   55.5939
   -0.2940    0.5779    0.7613
    0.7878    0.5976   -0.1493
   -0.5412    0.5558   -0.6309
...    69 G-C ...
 -157.6552  -61.6191   53.4601
    0.2337    0.7407    0.6299
    0.8376    0.1756   -0.5173
   -0.4937    0.6485   -0.5794
...    70 T-A ...
 -159.6535  -59.4563   52.0425
    0.6623    0.6762    0.3228
    0.6071   -0.2318   -0.7600
   -0.4391    0.6993   -0.5641
...    71 A-T ...
 -161.0261  -56.7081   50.6991
    0.9563    0.2904    0.0346
    0.1817   -0.4972   -0.8484
   -0.2291    0.8176   -0.5282
...    72 T-A ...
 -161.6083  -53.7201   49.5669
    0.9348   -0.0328   -0.3536
   -0.3106   -0.5584   -0.7692
   -0.1723    0.8289   -0.5322
...    73 C-G ...
 -161.8168  -51.0112   47.7940
    0.6030   -0.3975   -0.6916
   -0.7930   -0.3935   -0.4652
   -0.0872    0.8289   -0.5525
...    74 T-A ...
 -161.6014  -48.2854   45.9473
    0.1074   -0.5920   -0.7987
   -0.9942   -0.0701   -0.0818
   -0.0076    0.8029   -0.5961
...    75 C-G ...
 -161.4741  -45.8132   43.7927
   -0.4981   -0.5180   -0.6954
   -0.8665    0.3264    0.3776
    0.0314    0.7907   -0.6114
...    76 G-C ...
 -161.8018  -43.0900   41.8823
   -0.9058   -0.2602   -0.3343
   -0.4229    0.6024    0.6769
    0.0252    0.7546   -0.6557
...    77 A-T ...
 -161.5937  -40.6747   39.6418
   -0.9773    0.1694    0.1272
    0.2064    0.6271    0.7511
    0.0474    0.7603   -0.6479
...    78 G-C ...
 -161.5097  -38.3284   37.2916
   -0.7165    0.4559    0.5280
    0.6960    0.4166    0.5849
    0.0467    0.7865   -0.6158
...    79 C-G ...
 -161.5965  -35.9046   35.0257
   -0.2236    0.5721    0.7891
    0.9724    0.0761    0.2203
    0.0660    0.8167   -0.5733
...    80 T-A ...
 -161.6483  -33.1285   33.2412
    0.3037    0.4566    0.8362
    0.9469   -0.2422   -0.2117
    0.1059    0.8561   -0.5059
...    81 C-G ...
 -161.3399  -30.2983   31.6703
    0.7772    0.1655    0.6071
    0.6056   -0.4589   -0.6501
    0.1710    0.8729   -0.4569
...    82 G-C ...
 -160.4160  -27.4919   30.1318
    0.9314   -0.2628    0.2519
    0.1178   -0.4371   -0.8916
    0.3444    0.8602   -0.3762
...    83 G-C ...
 -158.8398  -24.6156   29.3453
    0.8057   -0.5564   -0.2031
   -0.3582   -0.1846   -0.9152
    0.4718    0.8101   -0.3480
...    84 G-C ...
 -156.6850  -22.1702   28.4247
    0.4438   -0.6479   -0.6190
   -0.6896    0.1942   -0.6977
    0.5722    0.7365   -0.3606
...    85 A-T ...
 -154.6091  -19.9410   27.1965
   -0.0559   -0.4274   -0.9023
   -0.7927    0.5685   -0.2202
    0.6071    0.7029   -0.3706
...    86 T-A ...
 -152.0933  -18.1414   26.0121
   -0.4376   -0.0613   -0.8971
   -0.6481    0.7130    0.2675
    0.6233    0.6984   -0.3517
...    87 C-G ...
 -150.0009  -15.9444   24.7328
   -0.7306    0.3824   -0.5657
   -0.2548    0.6160    0.7454
    0.6335    0.6887   -0.3526
...    88 C-G ...
 -147.8685  -13.7538   23.2946
   -0.7789    0.6254   -0.0467
    0.1899    0.3062    0.9328
    0.5977    0.7177   -0.3573
...    89 G-C ...
 -145.6366  -11.3738   22.5656
   -0.5864    0.6264    0.5136
    0.5837   -0.1128    0.8041
    0.5615    0.7713   -0.2995
...    90 C-G ...
 -144.0424   -8.7702   21.2949
   -0.2069    0.4263    0.8806
    0.7982   -0.4469    0.4039
    0.5658    0.7864   -0.2478
...    91 T-A ...
 -142.4328   -5.9829   20.5796
    0.1842    0.0700    0.9804
    0.7911   -0.6025   -0.1056
    0.5833    0.7951   -0.1664
...    92 T-A ...
 -140.7011   -3.2879   20.1798
    0.5610   -0.3093    0.7679
    0.5600   -0.5414   -0.6272
    0.6097    0.7818   -0.1305
...    93 T-A ...
 -138.7815   -0.7000   20.0127
    0.7448   -0.5934    0.3052
    0.1694   -0.2742   -0.9466
    0.6455    0.7567   -0.1037
...    94 A-T ...
 -136.3902    1.6213   20.0524
    0.6154   -0.7538   -0.2304
   -0.2116    0.1236   -0.9695
    0.7593    0.6454   -0.0834
...    95 A-T ...
 -133.7772    3.5338   20.0128
    0.3812   -0.5688   -0.7288
   -0.4999    0.5363   -0.6800
    0.7777    0.6236   -0.0798
...    96 C-G ...
 -130.8330    5.0596   20.0090
    0.0502   -0.2249   -0.9731
   -0.6022    0.7705   -0.2091
    0.7968    0.5965   -0.0967
...    97 A-T ...
 -128.2671    7.1190   19.5848
   -0.3559    0.2078   -0.9111
   -0.4897    0.7889    0.3712
    0.7959    0.5783   -0.1790
...    98 C-G ...
 -125.4211    8.5492   18.6003
   -0.5644    0.5862   -0.5812
   -0.2227    0.5699    0.7910
    0.7949    0.5758   -0.1911
...    99 T-A ...
 -122.8207   10.3672   17.6349
   -0.6238    0.7785   -0.0697
    0.1172    0.1814    0.9764
    0.7727    0.6009   -0.2044
...   100 T-A ...
 -120.3540   12.2607   16.6816
   -0.4292    0.7548    0.4961
    0.4392   -0.3055    0.8448
    0.7892    0.5805   -0.2004
...   101 T-A ...
 -117.9288   14.2410   15.8251
   -0.1039    0.4494    0.8873
    0.5930   -0.6882    0.4180
    0.7984    0.5696   -0.1950
...   102 A-T ...
 -115.2346   16.1170   15.3001
    0.1873   -0.0762    0.9793
    0.5521   -0.8165   -0.1691
    0.8125    0.5723   -0.1109
...   103 T-A ...
 -112.9387   18.4556   15.2686
    0.4188   -0.4848    0.7679
    0.3859   -0.6704   -0.6337
    0.8220    0.5618   -0.0937
...   104 G-C ...
 -110.0378   20.0996   15.1222
    0.4485   -0.8409    0.3028
    0.1233   -0.2773   -0.9528
    0.8852    0.4647   -0.0206
...   105 C-G ...
 -107.0770   21.4888   15.5630
    0.3904   -0.8852   -0.2529
   -0.1121    0.2269   -0.9674
    0.9138    0.4061   -0.0107
...   106 T-A ...
 -103.9356   22.4964   15.7953
    0.2119   -0.6660   -0.7153
   -0.2600    0.6671   -0.6981
    0.9421    0.3339   -0.0318
...   107 T-A ...
 -100.7957   23.3173   15.8484
    0.0302   -0.1744   -0.9842
   -0.3248    0.9295   -0.1747
    0.9453    0.3250   -0.0286
...   108 C-G ...
  -97.6626   24.2482   15.6321
   -0.1870    0.3934   -0.9001
   -0.2626    0.8630    0.4317
    0.9466    0.3171   -0.0581
...   109 C-G ...
  -94.4538   25.1492   15.1048
   -0.3637    0.7747   -0.5172
   -0.0943    0.5218    0.8478
    0.9267    0.3571   -0.1168
...   110 G-C ...
  -91.4266   26.5613   15.0765
   -0.4355    0.8985    0.0552
    0.1485    0.0112    0.9888
    0.8878    0.4388   -0.1384
...   111 G-C ...
  -88.5518   28.1628   14.3615
   -0.3495    0.7271    0.5909
    0.3729   -0.4706    0.7996
    0.8595    0.4999   -0.1067
...   112 C-G ...
  -85.9312   30.1026   13.7957
   -0.1275    0.3339    0.9339
    0.5066   -0.7876    0.3507
    0.8527    0.5179   -0.0688
...   113 T-A ...
  -83.2982   32.1032   13.6939
    0.1034   -0.1569    0.9822
    0.5102   -0.8393   -0.1878
    0.8538    0.5205   -0.0068
...   114 C-G ...
  -80.5429   33.8619   13.8009
    0.3455   -0.6354    0.6906
    0.3611   -0.5892   -0.7228
    0.8662    0.4991    0.0259
...   115 G-C ...
  -77.5107   35.2474   13.7102
    0.3735   -0.9104    0.1780
    0.1391   -0.1348   -0.9811
    0.9171    0.3912    0.0763
...   116 T-A ...
  -74.5341   36.3706   14.5932
    0.3536   -0.8657   -0.3544
   -0.0672    0.3544   -0.9327
    0.9330    0.3536    0.0671
...   117 A-T ...
  -71.3588   37.3411   14.8317
    0.1644   -0.5471   -0.8207
   -0.2253    0.7892   -0.5713
    0.9603    0.2788    0.0065
...   118 T-A ...
  -68.0925   37.6058   15.0800
    0.0186   -0.0837   -0.9963
   -0.2718    0.9585   -0.0856
    0.9622    0.2724   -0.0050
...   119 A-T ...
  -64.8921   38.5032   14.9415
   -0.2115    0.4603   -0.8622
   -0.2041    0.8419    0.4996
    0.9558    0.2817   -0.0841
...   120 A-T ...
  -61.7702   39.2282   14.4391
   -0.2900    0.8544   -0.4312
   -0.0429    0.4385    0.8977
    0.9561    0.2788   -0.0905
...   121 T-A ...
  -58.7140   39.9802   13.4707
   -0.2713    0.9593    0.0787
    0.1126   -0.0496    0.9924
    0.9559    0.2781   -0.0945
...   122 G-C ...
  -55.5664   41.0372   13.4315
   -0.2384    0.7355    0.6342
    0.2764   -0.5747    0.7703
    0.9310    0.3589   -0.0663
...   123 T-A ...
  -52.7491   42.7035   12.8960
   -0.0784    0.3219    0.9435
    0.3637   -0.8720    0.3277
    0.9282    0.3689   -0.0487
...   124 G-C ...
  -49.6004   43.7549   12.9590
    0.0648   -0.2595    0.9636
    0.3638   -0.8930   -0.2649
    0.9292    0.3678    0.0365
...   125 T-A ...
  -46.7742   45.4265   13.4470
    0.2210   -0.6942    0.6850
    0.2746   -0.6296   -0.7267
    0.9358    0.3487    0.0515
...   126 C-G ...
  -43.7219   46.5763   13.7524
    0.3063   -0.9427    0.1326
    0.0953   -0.1083   -0.9895
    0.9472    0.3157    0.0567
...   127 G-C ...
  -40.5381   47.5572   13.6167
    0.1845   -0.8825   -0.4325
   -0.0725    0.4267   -0.9015
    0.9802    0.1977    0.0148
...   128 A-T ...
  -37.3256   48.1070   13.7483
    0.0563   -0.4879   -0.8711
   -0.1592    0.8569   -0.4902
    0.9856    0.1663   -0.0295
...   129 C-G ...
  -34.0382   48.0068   13.7673
   -0.0796    0.0107   -0.9968
   -0.1505    0.9884    0.0226
    0.9854    0.1518   -0.0771
...   130 C-G ...
  -30.7199   48.1882   13.2198
   -0.2474    0.5150   -0.8207
   -0.0505    0.8391    0.5417
    0.9676    0.1754   -0.1816
...   131 A-T ...
  -27.5430   48.9291   12.5578
   -0.3393    0.8692   -0.3597
    0.1449    0.4261    0.8930
    0.9294    0.2509   -0.2705
...   132 A-T ...
  -24.6247   49.7310   11.3905
   -0.1956    0.9589    0.2056
    0.3234   -0.1349    0.9366
    0.9258    0.2497   -0.2837
...   133 A-T ...
  -21.7470   50.6842   10.2189
    0.0416    0.7173    0.6955
    0.3820   -0.6546    0.6524
    0.9232    0.2385   -0.3012
...   134 T-A ...
  -19.0160   52.0245    8.9251
    0.2452    0.2905    0.9249
    0.3073   -0.9281    0.2101
    0.9195    0.2328   -0.3169
...   135 G-C ...
  -16.4638   53.8825    7.5155
    0.5339   -0.3333    0.7771
    0.0346   -0.9097   -0.4139
    0.8449    0.2479   -0.4741
...   136 T-A ...
  -14.1750   56.5547    6.1810
    0.5795   -0.7269    0.3685
   -0.3141   -0.6164   -0.7221
    0.7521    0.3026   -0.5855
...   137 G-C ...
  -11.6539   57.9993    4.7206
    0.2452   -0.9542   -0.1714
   -0.6323   -0.0234   -0.7744
    0.7349    0.2983   -0.6091
...   138 A-T ...
   -8.6759   58.7134    3.6026
   -0.0345   -0.7815   -0.6229
   -0.6536    0.4891   -0.5775
    0.7560    0.3872   -0.5277
...   139 G-C ...
   -6.3275   59.0728    1.6298
   -0.2969   -0.3279   -0.8968
   -0.5657    0.8171   -0.1114
    0.7693    0.4742   -0.4281
...   140 C-G ...
   -3.4369   60.2279    1.0289
   -0.4426    0.2287   -0.8671
   -0.1681    0.9286    0.3308
    0.8808    0.2922   -0.3725
...   141 G-C ...
   -0.6977   63.8912   -2.2508
   -0.9992    0.0157   -0.0376
   -0.0024    0.8991    0.4378
    0.0407    0.4375   -0.8983
...   142 C-G ...
   -1.0065   65.5989   -4.9399
   -0.8337    0.5216    0.1813
    0.5170    0.6219    0.5881
    0.1940    0.5841   -0.7882
...   143 T-A ...
   -0.1333   66.2085   -7.8194
   -0.3753    0.8566    0.3540
    0.8856    0.2187    0.4098
    0.2736    0.4673   -0.8407
...   144 C-G ...
   -0.1666   67.4021  -10.8065
    0.1797    0.8793    0.4411
    0.9277   -0.3007    0.2214
    0.3273    0.3694   -0.8697
...   145 A-T ...
    0.5266   69.2313  -13.4657
    0.7352    0.4964    0.4616
    0.6118   -0.7791   -0.1367
    0.2918    0.3829   -0.8765
...   146 C-G ...
    1.4338   72.0893  -15.6017
    0.9809    0.0621    0.1844
    0.1264   -0.9240   -0.3608
    0.1480    0.3772   -0.9142
...   147 A-T ...
    2.3047   74.2223  -18.3861
    0.8657   -0.4292   -0.2575
   -0.4984   -0.7868   -0.3642
   -0.0463    0.4436   -0.8950
