  147 base-pairs
...     1 A-T ...
    0.0000    0.0000    0.0000
    1.0000    0.0000    0.0000
    0.0000    1.0000    0.0000
    0.0000    0.0000    1.0000
...     2 G-C ...
   -0.1394   -1.2357    3.2268
    0.7529    0.6366    0.1670
   -0.6386    0.7680   -0.0486
   -0.1592   -0.0700    0.9848
...     3 T-A ...
   -0.0365   -3.2932    6.3751
    0.2722    0.9301    0.2466
   -0.9238    0.3243   -0.2033
   -0.2691   -0.1725    0.9475
...     4 G-C ...
   -0.3505   -4.1660    9.4928
   -0.3756    0.9250    0.0579
   -0.8781   -0.3352   -0.3415
   -0.2965   -0.1791    0.9381
...     5 A-T ...
   -0.4462   -4.1476   12.7498
   -0.8116    0.5840   -0.0165
   -0.5523   -0.7762   -0.3042
   -0.1905   -0.2378    0.9524
...     6 G-C ...
   -1.5908   -4.1730   15.6201
   -0.9976    0.0246   -0.0651
   -0.0043   -0.9555   -0.2950
   -0.0695   -0.2940    0.9533
...     7 C-G ...
   -1.1030   -4.4824   18.7362
   -0.8441   -0.5304   -0.0787
    0.5345   -0.8441   -0.0432
   -0.0435   -0.0785    0.9960
...     8 G-C ...
   -2.4028   -7.7290   23.1475
   -0.2754   -0.3293   -0.9032
    0.6650   -0.7437    0.0684
   -0.6942   -0.5818    0.4238
...     9 C-G ...
   -4.4690   -9.9728   24.1132
    0.1145   -0.7025   -0.7024
    0.8512   -0.2952    0.4340
   -0.5122   -0.6476    0.5642
...    10 T-A ...
   -6.7405  -10.8752   25.9697
    0.4841   -0.8363   -0.2574
    0.6595    0.1553    0.7355
   -0.5751   -0.5258    0.6267
...    11 C-G ...
   -9.1656  -12.6208   27.1640
    0.7073   -0.6682    0.2307
    0.3448    0.6110    0.7126
   -0.6171   -0.4245    0.6626
...    12 A-T ...
  -10.9234  -14.6633   29.0693
    0.7515   -0.1377    0.6452
   -0.2029    0.8824    0.4246
   -0.6277   -0.4500    0.6352
...    13 C-G ...
  -11.8476  -17.4863   31.2451
    0.4295    0.2823    0.8578
   -0.5708    0.8209    0.0156
   -0.6998   -0.4963    0.5137
...    14 A-T ...
  -13.5897  -19.7827   33.4259
   -0.1504    0.6104    0.7777
   -0.6874    0.5008   -0.5260
   -0.7106   -0.6136    0.3443
...    15 A-T ...
  -15.8211  -21.7961   34.6365
   -0.4831    0.8111    0.3298
   -0.4884    0.0631   -0.8704
   -0.7268   -0.5815    0.3657
...    16 T-A ...
  -17.9233  -23.6269   36.5587
   -0.6928    0.7002   -0.1725
   -0.1511   -0.3748   -0.9147
   -0.7051   -0.6077    0.3654
...    17 T-A ...
  -20.2003  -25.3981   38.1345
   -0.6770    0.3278   -0.6590
    0.2827   -0.7108   -0.6441
   -0.6796   -0.6223    0.3885
...    18 T-A ...
  -22.5077  -27.1894   39.5249
   -0.4003   -0.1142   -0.9092
    0.6063   -0.7769   -0.1694
   -0.6871   -0.6191    0.3802
...    19 A-T ...
  -24.6862  -29.4148   40.7122
    0.0491   -0.5018   -0.8636
    0.7154   -0.5857    0.3810
   -0.6970   -0.6365    0.3302
...    20 T-A ...
  -27.4473  -31.1118   41.4476
    0.3899   -0.7456   -0.5404
    0.5964   -0.2426    0.7651
   -0.7016   -0.6206    0.3501
...    21 T-A ...
  -29.8998  -33.0989   42.3136
    0.6502   -0.7597   -0.0121
    0.2713    0.2172    0.9377
   -0.7097   -0.6129    0.3473
...    22 C-G ...
  -32.2106  -35.1497   43.4067
    0.7108   -0.4778    0.5162
   -0.1580    0.6067    0.7790
   -0.6854   -0.6353    0.3558
...    23 G-C ...
  -34.5456  -36.8761   45.1088
    0.6008    0.0283    0.7989
   -0.5403    0.7510    0.3797
   -0.5892   -0.6597    0.4664
...    24 C-G ...
  -36.2103  -39.2909   46.5383
    0.2701    0.4525    0.8499
   -0.7698    0.6317   -0.0917
   -0.5783   -0.6295    0.5190
...    25 A-T ...
  -38.3204  -41.1931   48.1581
   -0.1332    0.7813    0.6098
   -0.7971    0.2813   -0.5344
   -0.5890   -0.5572    0.5853
...    26 A-T ...
  -40.1035  -42.9559   50.2650
   -0.5385    0.8177    0.2035
   -0.5970   -0.1998   -0.7770
   -0.5947   -0.5398    0.5958
...    27 A-T ...
  -41.8099  -44.5486   52.5231
   -0.7807    0.5647   -0.2678
   -0.1907   -0.6233   -0.7584
   -0.5951   -0.5410    0.5943
...    28 G-C ...
  -43.8873  -45.8854   54.8064
   -0.7243    0.1992   -0.6601
    0.2180   -0.8421   -0.4933
   -0.6541   -0.5011    0.5665
...    29 G-C ...
  -46.4294  -47.2091   56.7152
   -0.4285   -0.2506   -0.8681
    0.5600   -0.8276   -0.0375
   -0.7091   -0.5022    0.4950
...    30 C-G ...
  -49.0728  -48.5697   58.0614
   -0.0227   -0.6268   -0.7789
    0.6796   -0.5810    0.4478
   -0.7332   -0.5192    0.4392
...    31 C-G ...
  -51.7462  -50.0995   59.3741
    0.4017   -0.8038   -0.4388
    0.5639   -0.1604    0.8101
   -0.7216   -0.5728    0.3888
...    32 G-C ...
  -53.6832  -52.0305   60.7174
    0.6895   -0.7242   -0.0103
    0.2587    0.2330    0.9374
   -0.6765   -0.6490    0.3480
...    33 G-C ...
  -55.5996  -54.6465   61.6724
    0.7479   -0.4513    0.4868
   -0.1854    0.5621    0.8060
   -0.6374   -0.6931    0.3367
...    34 C-G ...
  -57.4718  -57.1665   62.5697
    0.5485   -0.0491    0.8347
   -0.5675    0.7112    0.4148
   -0.6140   -0.7012    0.3623
...    35 C-G ...
  -59.1597  -59.7561   63.9790
    0.1788    0.3836    0.9060
   -0.7797    0.6169   -0.1073
   -0.6001   -0.6872    0.4094
...    36 C-G ...
  -60.8884  -62.1869   65.5179
   -0.2300    0.6913    0.6850
   -0.7608    0.3111   -0.5695
   -0.6068   -0.6521    0.4544
...    37 G-C ...
  -63.2548  -64.3484   66.3785
   -0.5324    0.8143    0.2311
   -0.5134   -0.0936   -0.8530
   -0.6730   -0.5728    0.4680
...    38 A-T ...
  -65.2477  -66.2636   67.8644
   -0.7136    0.6301   -0.3062
   -0.1001   -0.5243   -0.8456
   -0.6934   -0.5727    0.4372
...    39 C-G ...
  -67.6286  -67.6204   69.4872
   -0.6165    0.3227   -0.7182
    0.2583   -0.7788   -0.5716
   -0.7438   -0.5379    0.3968
...    40 A-T ...
  -70.2732  -69.2224   70.6979
   -0.2847   -0.0752   -0.9557
    0.5129   -0.8542   -0.0855
   -0.8099   -0.5145    0.2818
...    41 C-G ...
  -73.2323  -70.5316   71.2158
    0.0557   -0.4589   -0.8867
    0.5625   -0.7193    0.4076
   -0.8249   -0.5215    0.2181
...    42 G-C ...
  -75.6974  -72.6097   71.9970
    0.4141   -0.7547   -0.5089
    0.3677   -0.3728    0.8520
   -0.8327   -0.5399    0.1232
...    43 A-T ...
  -78.3542  -74.3094   72.3184
    0.5434   -0.8352    0.0839
    0.0561    0.1359    0.9891
   -0.8376   -0.5328    0.1207
...    44 C-G ...
  -80.9830  -76.3325   72.0897
    0.5086   -0.6309    0.5859
   -0.2500    0.5430    0.8017
   -0.8239   -0.5542    0.1185
...    45 T-A ...
  -83.5530  -78.9239   72.1208
    0.2803   -0.2410    0.9292
   -0.4756    0.8060    0.3525
   -0.8338   -0.5407    0.1113
...    46 T-A ...
  -86.0230  -81.0543   72.2537
   -0.0276    0.1796    0.9833
   -0.5232    0.8356   -0.1673
   -0.8517   -0.5191    0.0709
...    47 A-T ...
  -88.7922  -82.8270   72.6256
   -0.2276    0.6544    0.7211
   -0.4238    0.6002   -0.6784
   -0.8767   -0.4600    0.1407
...    48 C-G ...
  -91.3588  -84.6238   73.6028
   -0.3649    0.8930    0.2636
   -0.2432    0.1819   -0.9528
   -0.8987   -0.4118    0.1508
...    49 T-A ...
  -94.2957  -85.8668   74.6020
   -0.3455    0.8981   -0.2723
   -0.0516   -0.3079   -0.9500
   -0.9370   -0.3142    0.1527
...    50 G-C ...
  -97.6312  -86.4752   75.0511
   -0.1339    0.6463   -0.7512
    0.0908   -0.7469   -0.6587
   -0.9868   -0.1564    0.0414
...    51 T-A ...
 -100.7979  -86.4238   75.3940
    0.0127    0.2415   -0.9703
    0.1156   -0.9642   -0.2385
   -0.9932   -0.1092   -0.0402
...    52 A-T ...
 -104.0478  -86.0972   74.7712
    0.2540   -0.2587   -0.9320
    0.0041   -0.9633    0.2685
   -0.9672   -0.0720   -0.2436
...    53 G-C ...
 -107.0916  -85.9283   73.7471
    0.2949   -0.6874   -0.6637
   -0.1781   -0.7220    0.6686
   -0.9388   -0.0789   -0.3353
...    54 G-C ...
 -110.1346  -85.8455   71.7001
    0.1941   -0.9626   -0.1891
   -0.3500   -0.2480    0.9033
   -0.9164   -0.1092   -0.3851
...    55 T-A ...
 -112.9034  -86.3387   69.9576
   -0.0411   -0.9546    0.2949
   -0.4128    0.2850    0.8651
   -0.9099   -0.0862   -0.4058
...    56 A-T ...
 -115.7959  -86.8288   68.2901
   -0.2938   -0.6014    0.7429
   -0.3073    0.7954    0.5224
   -0.9051   -0.0748   -0.4185
...    57 T-A ...
 -118.5181  -87.7131   66.6170
   -0.4466   -0.1153    0.8873
   -0.0887    0.9925    0.0843
   -0.8903   -0.0410   -0.4535
...    58 C-G ...
 -121.5514  -88.1367   65.2193
   -0.4068    0.5136    0.7554
    0.2341    0.8580   -0.4573
   -0.8830   -0.0092   -0.4693
...    59 T-A ...
 -124.6400  -88.2293   63.9670
   -0.1542    0.8772    0.4547
    0.4151    0.4751   -0.7758
   -0.8966    0.0692   -0.4374
...    60 C-G ...
 -127.7073  -87.9510   62.6385
    0.1748    0.9846   -0.0101
    0.4258   -0.0848   -0.9008
   -0.8878    0.1531   -0.4340
...    61 G-C ...
 -130.3514  -87.1055   60.8526
    0.5976    0.7514   -0.2799
    0.2503   -0.5065   -0.8251
   -0.7618    0.4230   -0.4907
...    62 A-T ...
 -132.7999  -85.5468   59.2394
    0.7054    0.3139   -0.6356
   -0.1318   -0.8229   -0.5527
   -0.6965    0.4737   -0.5391
...    63 G-C ...
 -134.7483  -83.5496   57.4179
    0.5986   -0.1824   -0.7800
   -0.5084   -0.8390   -0.1940
   -0.6190    0.5127   -0.5950
...    64 C-G ...
 -136.3622  -81.4944   55.2281
    0.2179   -0.6473   -0.7305
   -0.7879   -0.5583    0.2597
   -0.5760    0.5190   -0.6316
...    65 T-A ...
 -138.0396  -79.7044   53.0536
   -0.2405   -0.8396   -0.4871
   -0.8099   -0.1030    0.5774
   -0.5350    0.5334   -0.6552
...    66 C-G ...
 -140.0321  -78.1002   51.0081
   -0.6864   -0.7251   -0.0555
   -0.5244    0.4405    0.7287
   -0.5039    0.5293   -0.6826
...    67 G-C ...
 -142.1210  -75.6607   49.5442
   -0.8553   -0.3473    0.3845
   -0.0367    0.7808    0.6237
   -0.5168    0.5193   -0.6806
...    68 G-C ...
 -143.6662  -73.9160   47.1372
   -0.7036    0.1157    0.7011
    0.4782    0.8069    0.3468
   -0.5256    0.5792   -0.6231
...    69 G-C ...
 -145.4922  -72.1564   44.9555
   -0.2818    0.4608    0.8415
    0.7844    0.6157   -0.0745
   -0.5525    0.6391   -0.5350
...    70 A-T ...
 -147.4894  -70.1527   43.2468
    0.2543    0.6956    0.6720
    0.8085    0.2284   -0.5423
   -0.5307    0.6812   -0.5043
...    71 T-A ...
 -149.6180  -67.9241   42.1053
    0.6558    0.6786    0.3308
    0.5660   -0.1520   -0.8103
   -0.4996    0.7187   -0.4837
...    72 C-G ...
 -151.1848  -65.3973   40.7446
    0.8960    0.4175   -0.1511
    0.0827   -0.4912   -0.8671
   -0.4362    0.7645   -0.4747
...    73 C-G ...
 -152.5156  -62.7473   39.3594
    0.8677    0.0016   -0.4971
   -0.3927   -0.6111   -0.6873
   -0.3049    0.7915   -0.5296
...    74 G-C ...
 -153.4673  -60.4005   37.2311
    0.5624   -0.4394   -0.7005
   -0.8114   -0.4565   -0.3651
   -0.1593    0.7737   -0.6132
...    75 C-G ...
 -153.3615  -57.7270   35.0154
   -0.0029   -0.6274   -0.7787
   -0.9934   -0.0876    0.0742
   -0.1148    0.7737   -0.6230
...    76 T-A ...
 -153.3338  -55.4237   32.3795
   -0.5706   -0.5472   -0.6124
   -0.8203    0.3446    0.4565
   -0.0388    0.7628   -0.6455
...    77 T-A ...
 -153.1386  -53.1099   30.0699
   -0.9458   -0.1727   -0.2751
   -0.3227    0.5958    0.7355
    0.0369    0.7844   -0.6192
...    78 T-A ...
 -152.8235  -50.7813   27.7685
   -0.9520    0.2599    0.1620
    0.2854    0.5610    0.7771
    0.1110    0.7860   -0.6082
...    79 A-T ...
 -151.8011  -47.9974   26.2190
   -0.5741    0.5918    0.5659
    0.7979    0.2492    0.5489
    0.1838    0.7666   -0.6152
...    80 A-T ...
 -151.3392  -45.5616   24.2181
   -0.0424    0.6111    0.7904
    0.9760   -0.1438    0.1635
    0.2136    0.7784   -0.5904
...    81 C-G ...
 -151.2175  -42.7934   22.3417
    0.4646    0.4110    0.7843
    0.8505   -0.4536   -0.2662
    0.2464    0.7908   -0.5603
...    82 A-T ...
 -150.3367  -40.0381   20.6649
    0.8193   -0.0159    0.5732
    0.4579   -0.5835   -0.6707
    0.3451    0.8120   -0.4707
...    83 C-G ...
 -149.0846  -37.0799   19.7672
    0.9189   -0.3562    0.1693
   -0.0196   -0.4701   -0.8824
    0.3939    0.8076   -0.4390
...    84 T-A ...
 -147.3075  -34.1157   18.8088
    0.7110   -0.6217   -0.3285
   -0.5221   -0.1538   -0.8389
    0.4710    0.7680   -0.4340
...    85 T-A ...
 -145.4776  -31.6616   17.6722
    0.2868   -0.5747   -0.7665
   -0.8301    0.2503   -0.4983
    0.4782    0.7792   -0.4052
...    86 T-A ...
 -143.6324  -29.2424   16.4933
   -0.2248   -0.3032   -0.9260
   -0.8441    0.5353    0.0297
    0.4867    0.7884   -0.3762
...    87 A-T ...
 -142.1410  -26.3587   15.3631
   -0.6935    0.1562   -0.7033
   -0.5030    0.5939    0.6279
    0.5158    0.7892   -0.3333
...    88 T-A ...
 -140.2334  -24.2365   13.7402
   -0.8547    0.4124   -0.3151
   -0.1109    0.4479    0.8872
    0.5070    0.7933   -0.3371
...    89 G-C ...
 -138.7306  -21.6022   12.3969
   -0.7879    0.5263    0.3197
    0.4460    0.1297    0.8856
    0.4246    0.8404   -0.3370
...    90 C-G ...
 -137.7503  -18.7313   11.1796
   -0.4400    0.4681    0.7664
    0.7922   -0.1997    0.5767
    0.4230    0.8608   -0.2829
...    91 T-A ...
 -136.7097  -15.6299   10.1263
    0.0614    0.2332    0.9705
    0.9073   -0.4183    0.0430
    0.4160    0.8779   -0.2372
...    92 T-A ...
 -135.5469  -12.7240    9.4817
    0.5191   -0.0941    0.8495
    0.7314   -0.4654   -0.4985
    0.4422    0.8801   -0.1728
...    93 C-G ...
 -133.8050  -10.0471    8.9536
    0.8015   -0.4157    0.4299
    0.3255   -0.2999   -0.8967
    0.5017    0.8586   -0.1050
...    94 A-T ...
 -132.1741   -7.0401    9.1540
    0.7810   -0.6190   -0.0829
   -0.0783    0.0346   -0.9963
    0.6196    0.7846   -0.0214
...    95 T-A ...
 -129.9693   -4.6885    9.5335
    0.6069   -0.5642   -0.5598
   -0.4378    0.3506   -0.8279
    0.6634    0.7475   -0.0343
...    96 G-C ...
 -127.4436   -2.3639    9.4796
    0.1841   -0.3149   -0.9311
   -0.6822    0.6410   -0.3516
    0.7076    0.6999   -0.0968
...    97 T-A ...
 -124.6329   -0.5153    9.2361
   -0.2081    0.0780   -0.9750
   -0.6675    0.7173    0.1999
    0.7149    0.6924   -0.0972
...    98 T-A ...
 -122.1886    1.5264    8.8648
   -0.5314    0.4839   -0.6953
   -0.4269    0.5560    0.7132
    0.7317    0.6758   -0.0889
...    99 A-T ...
 -119.7637    3.9213    8.8839
   -0.6705    0.7356   -0.0968
   -0.0125    0.1193    0.9928
    0.7418    0.6668   -0.0708
...   100 T-A ...
 -117.4871    6.0601    7.9649
   -0.5709    0.7103    0.4118
    0.3146   -0.2741    0.9088
    0.7584    0.6484   -0.0670
...   101 A-T ...
 -114.7891    8.0944    7.9557
   -0.2814    0.3846    0.8791
    0.5964   -0.6476    0.4743
    0.7518    0.6577   -0.0471
...   102 A-T ...
 -112.5217   10.3196    7.8176
    0.0698   -0.0507    0.9963
    0.6454   -0.7593   -0.0839
    0.7607    0.6488   -0.0203
...   103 C-G ...
 -110.4135   12.9785    8.0587
    0.3845   -0.4695    0.7948
    0.5033   -0.6151   -0.6069
    0.7739    0.6333   -0.0002
...   104 G-C ...
 -107.5919   14.6078    8.0559
    0.4647   -0.8160    0.3438
    0.2559   -0.2479   -0.9344
    0.8477    0.5222    0.0936
...   105 G-C ...
 -104.6128   15.8641    8.6599
    0.4282   -0.8814   -0.1992
    0.0374    0.2376   -0.9707
    0.9029    0.4082    0.1347
...   106 A-T ...
 -101.5987   17.0703    9.3439
    0.3456   -0.5830   -0.7353
   -0.2066    0.7171   -0.6657
    0.9154    0.3820    0.1274
...   107 T-A ...
  -98.4351   17.7477   10.0096
    0.1688   -0.1372   -0.9761
   -0.3449    0.9194   -0.1889
    0.9233    0.3685    0.1079
...   108 C-G ...
  -95.2538   18.7217   10.2480
   -0.0797    0.4318   -0.8984
   -0.3687    0.8246    0.4290
    0.9261    0.3654    0.0935
...   109 C-G ...
  -92.1589   19.8238   10.4047
   -0.3487    0.7602   -0.5481
   -0.2561    0.4853    0.8360
    0.9015    0.4320    0.0255
...   110 G-C ...
  -89.5073   21.3423   10.7343
   -0.5099    0.8590   -0.0457
   -0.0181    0.0424    0.9989
    0.8600    0.5102   -0.0061
...   111 G-C ...
  -86.8673   23.4192   10.5243
   -0.4820    0.7087    0.5152
    0.2900   -0.4258    0.8571
    0.8268    0.5625   -0.0002
...   112 C-G ...
  -84.4475   25.7256   10.2686
   -0.2752    0.3374    0.9002
    0.5107   -0.7420    0.4342
    0.8145    0.5793    0.0319
...   113 T-A ...
  -81.9005   27.8414   10.3780
   -0.0006   -0.1233    0.9924
    0.5860   -0.8042   -0.0996
    0.8103    0.5815    0.0728
...   114 C-G ...
  -79.1784   29.7073   10.7388
    0.3071   -0.5861    0.7498
    0.4940   -0.5753   -0.6519
    0.8135    0.5706    0.1128
...   115 G-C ...
  -76.2651   31.3099   10.7497
    0.4629   -0.8568    0.2271
    0.2331   -0.1295   -0.9638
    0.8552    0.4991    0.1398
...   116 T-A ...
  -73.4063   32.5629   11.8521
    0.4678   -0.8225   -0.3234
   -0.0403    0.3456   -0.9375
    0.8829    0.4516    0.1285
...   117 A-T ...
  -70.2312   33.5944   12.6960
    0.2742   -0.5291   -0.8030
   -0.2604    0.7630   -0.5916
    0.9258    0.3713    0.0714
...   118 T-A ...
  -67.0685   34.1308   13.2054
    0.1089   -0.0788   -0.9909
   -0.3585    0.9267   -0.1130
    0.9272    0.3676    0.0727
...   119 A-T ...
  -64.0271   35.5123   13.4144
   -0.1656    0.4546   -0.8752
   -0.3234    0.8133    0.4836
    0.9317    0.3631    0.0123
...   120 A-T ...
  -60.9412   36.4700   13.1734
   -0.3373    0.8253   -0.4528
   -0.1603    0.4237    0.8915
    0.9276    0.3733   -0.0106
...   121 T-A ...
  -57.8654   37.5527   12.4502
   -0.3633    0.9287    0.0745
    0.0440   -0.0627    0.9971
    0.9306    0.3655   -0.0180
...   122 G-C ...
  -54.7479   38.9413   12.2272
   -0.3200    0.6906    0.6487
    0.2607   -0.5941    0.7610
    0.9109    0.4126    0.0101
...   123 T-A ...
  -51.9703   40.6830   12.0091
   -0.1479    0.2982    0.9430
    0.3880   -0.8596    0.3326
    0.9097    0.4150    0.0114
...   124 G-C ...
  -48.9743   42.1546   12.1205
    0.0487   -0.2767    0.9597
    0.4239   -0.8643   -0.2707
    0.9044    0.4200    0.0752
...   125 T-A ...
  -46.3061   43.9037   12.5926
    0.2243   -0.6997    0.6783
    0.3377   -0.5971   -0.7276
    0.9142    0.3922    0.1024
...   126 C-G ...
  -43.4110   45.1369   13.0050
    0.3784   -0.9172    0.1250
    0.1461   -0.0742   -0.9865
    0.9140    0.3916    0.1059
...   127 G-C ...
  -40.3123   46.2548   12.8658
    0.2221   -0.8909   -0.3961
   -0.0398    0.3977   -0.9167
    0.9742    0.2194    0.0529
...   128 A-T ...
  -37.2637   47.0205   13.1379
    0.1403   -0.5015   -0.8537
   -0.1797    0.8351   -0.5200
    0.9737    0.2263    0.0270
...   129 C-G ...
  -33.9878   46.9969   13.4931
   -0.0263   -0.0029   -0.9996
   -0.2091    0.9779    0.0026
    0.9775    0.2091   -0.0264
...   130 C-G ...
  -30.6350   47.2198   12.8466
   -0.2468    0.4711   -0.8468
   -0.1137    0.8538    0.5081
    0.9624    0.2217   -0.1572
...   131 A-T ...
  -27.5678   48.5547   12.5206
   -0.3759    0.8368   -0.3981
    0.0872    0.4596    0.8838
    0.9226    0.2975   -0.2458
...   132 A-T ...
  -24.6333   49.5963   11.4736
   -0.2534    0.9513    0.1753
    0.3021   -0.0943    0.9486
    0.9190    0.2933   -0.2635
...   133 A-T ...
  -21.7788   50.6354   10.2311
    0.0270    0.7262    0.6870
    0.3812   -0.6428    0.6645
    0.9241    0.2439   -0.2942
...   134 T-A ...
  -19.0160   52.0244    8.9249
    0.2452    0.2905    0.9249
    0.3073   -0.9281    0.2101
    0.9195    0.2328   -0.3169
...   135 G-C ...
  -16.4638   53.8824    7.5152
    0.5339   -0.3333    0.7771
    0.0346   -0.9097   -0.4139
    0.8449    0.2479   -0.4741
...   136 T-A ...
  -14.1749   56.5547    6.1807
    0.5795   -0.7269    0.3685
   -0.3141   -0.6164   -0.7221
    0.7521    0.3026   -0.5855
...   137 G-C ...
  -11.6539   57.9992    4.7203
    0.2452   -0.9542   -0.1714
   -0.6323   -0.0234   -0.7744
    0.7349    0.2983   -0.6091
...   138 A-T ...
   -8.6759   58.7133    3.6024
   -0.0345   -0.7815   -0.6229
   -0.6536    0.4891   -0.5775
    0.7560    0.3872   -0.5277
...   139 G-C ...
   -6.3275   59.0727    1.6295
   -0.2969   -0.3279   -0.8968
   -0.5657    0.8171   -0.1114
    0.7693    0.4742   -0.4281
...   140 C-G ...
   -3.4369   60.2278    1.0286
   -0.4426    0.2287   -0.8671
   -0.1681    0.9286    0.3308
    0.8808    0.2922   -0.3725
...   141 G-C ...
   -0.6977   63.8911   -2.2510
   -0.9992    0.0157   -0.0376
   -0.0024    0.8991    0.4378
    0.0407    0.4375   -0.8983
...   142 C-G ...
   -1.0065   65.5988   -4.9402
   -0.8337    0.5216    0.1813
    0.5170    0.6219    0.5881
    0.1940    0.5840   -0.7882
...   143 T-A ...
   -0.1333   66.2084   -7.8197
   -0.3753    0.8566    0.3540
    0.8856    0.2187    0.4098
    0.2736    0.4673   -0.8407
...   144 C-G ...
   -0.1666   67.4020  -10.8068
    0.1798    0.8793    0.4411
    0.9277   -0.3007    0.2214
    0.3273    0.3694   -0.8697
...   145 A-T ...
    0.5266   69.2312  -13.4660
    0.7352    0.4964    0.4616
    0.6118   -0.7791   -0.1367
    0.2918    0.3829   -0.8765
...   146 C-G ...
    1.4338   72.0892  -15.6020
    0.9809    0.0621    0.1844
    0.1264   -0.9240   -0.3608
    0.1480    0.3772   -0.9142
...   147 A-T ...
    2.3047   74.2222  -18.3864
    0.8657   -0.4292   -0.2575
   -0.4984   -0.7868   -0.3642
   -0.0463    0.4436   -0.8950
