  147 base-pairs
...     1 A-T ...
    0.0000    0.0000    0.0000
    1.0000    0.0000    0.0000
    0.0000    1.0000    0.0000
    0.0000    0.0000    1.0000
...     2 G-C ...
   -0.1394   -1.2357    3.2268
    0.7529    0.6366    0.1670
   -0.6386    0.7680   -0.0486
   -0.1592   -0.0700    0.9848
...     3 T-A ...
   -0.0365   -3.2932    6.3751
    0.2722    0.9301    0.2466
   -0.9238    0.3243   -0.2033
   -0.2691   -0.1725    0.9475
...     4 G-C ...
   -0.3505   -4.1660    9.4928
   -0.3756    0.9250    0.0579
   -0.8781   -0.3352   -0.3415
   -0.2965   -0.1791    0.9381
...     5 A-T ...
   -0.4462   -4.1476   12.7498
   -0.8116    0.5840   -0.0165
   -0.5523   -0.7762   -0.3042
   -0.1905   -0.2378    0.9524
...     6 G-C ...
   -1.5908   -4.1730   15.6201
   -0.9976    0.0246   -0.0651
   -0.0043   -0.9555   -0.2950
   -0.0695   -0.2940    0.9533
...     7 C-G ...
   -1.1030   -4.4824   18.7362
   -0.8441   -0.5304   -0.0787
    0.5345   -0.8441   -0.0432
   -0.0435   -0.0785    0.9960
...     8 G-C ...
   -2.4028   -7.7290   23.1475
   -0.2754   -0.3293   -0.9032
    0.6650   -0.7437    0.0684
   -0.6942   -0.5818    0.4238
...     9 C-G ...
   -4.4690   -9.9728   24.1132
    0.1145   -0.7025   -0.7024
    0.8512   -0.2952    0.4340
   -0.5122   -0.6476    0.5642
...    10 T-A ...
   -6.7405  -10.8752   25.9697
    0.4841   -0.8363   -0.2574
    0.6595    0.1553    0.7355
   -0.5751   -0.5258    0.6267
...    11 C-G ...
   -9.1656  -12.6208   27.1640
    0.7073   -0.6682    0.2307
    0.3448    0.6110    0.7126
   -0.6171   -0.4245    0.6626
...    12 A-T ...
  -10.9234  -14.6633   29.0693
    0.7515   -0.1377    0.6452
   -0.2029    0.8824    0.4246
   -0.6277   -0.4500    0.6352
...    13 C-G ...
  -11.8476  -17.4863   31.2451
    0.4295    0.2823    0.8578
   -0.5708    0.8209    0.0156
   -0.6998   -0.4963    0.5137
...    14 A-T ...
  -13.5897  -19.7827   33.4259
   -0.1504    0.6104    0.7777
   -0.6874    0.5008   -0.5260
   -0.7106   -0.6136    0.3443
...    15 A-T ...
  -15.7205  -21.8002   34.7945
   -0.4911    0.7983    0.3486
   -0.4970    0.0719   -0.8648
   -0.7155   -0.5979    0.3614
...    16 T-A ...
  -17.7811  -23.6075   36.6054
   -0.6639    0.7361   -0.1317
   -0.1932   -0.3390   -0.9207
   -0.7224   -0.5858    0.3673
...    17 T-A ...
  -20.1055  -25.3391   38.0597
   -0.6556    0.4239   -0.6249
    0.2042   -0.6972   -0.6872
   -0.7270   -0.5781    0.3705
...    18 T-A ...
  -22.5546  -26.9668   39.4326
   -0.4312   -0.0423   -0.9012
    0.5328   -0.8181   -0.2165
   -0.7282   -0.5735    0.3753
...    19 A-T ...
  -24.9010  -28.9928   40.6454
   -0.0092   -0.4955   -0.8686
    0.6716   -0.6466    0.3617
   -0.7408   -0.5800    0.3387
...    20 T-A ...
  -27.7400  -30.5098   41.3501
    0.3260   -0.7557   -0.5680
    0.5853   -0.3105    0.7490
   -0.7424   -0.5766    0.3411
...    21 T-A ...
  -30.2983  -32.3175   42.2063
    0.5910   -0.8056   -0.0423
    0.3026    0.1728    0.9373
   -0.7478   -0.5668    0.3459
...    22 C-G ...
  -32.7080  -34.2696   43.2478
    0.6781   -0.5387    0.5000
   -0.1014    0.6052    0.7896
   -0.7279   -0.5862    0.3557
...    23 G-C ...
  -35.1180  -35.9977   44.7623
    0.5887   -0.0530    0.8066
   -0.4706    0.7889    0.3953
   -0.6572   -0.6123    0.4395
...    24 C-G ...
  -36.9577  -38.3356   46.1980
    0.2778    0.4088    0.8693
   -0.7176    0.6899   -0.0951
   -0.6386   -0.5974    0.4851
...    25 A-T ...
  -39.1061  -40.2275   47.8895
   -0.0917    0.7842    0.6137
   -0.7707    0.3343   -0.5424
   -0.6306   -0.5227    0.5737
...    26 A-T ...
  -40.9423  -41.9063   49.9658
   -0.4939    0.8459    0.2011
   -0.5918   -0.1576   -0.7905
   -0.6370   -0.5095    0.5784
...    27 A-T ...
  -42.8982  -43.4012   52.0708
   -0.7272    0.6264   -0.2808
   -0.2227   -0.6022   -0.7666
   -0.6493   -0.4949    0.5774
...    28 G-C ...
  -45.0758  -44.7220   54.1710
   -0.6864    0.2675   -0.6762
    0.1680   -0.8464   -0.5054
   -0.7075   -0.4605    0.5360
...    29 G-C ...
  -47.6870  -45.9017   55.9423
   -0.4253   -0.1780   -0.8873
    0.4783   -0.8766   -0.0534
   -0.7683   -0.4471    0.4580
...    30 C-G ...
  -50.4972  -47.0383   57.2432
   -0.0665   -0.5993   -0.7977
    0.6118   -0.6561    0.4419
   -0.7882   -0.4587    0.4103
...    31 C-G ...
  -53.3141  -48.5798   58.2456
    0.3300   -0.8219   -0.4643
    0.5216   -0.2512    0.8154
   -0.7868   -0.5113    0.3458
...    32 G-C ...
  -55.6503  -50.4759   59.6864
    0.6288   -0.7766    0.0383
    0.2167    0.2224    0.9506
   -0.7468   -0.5894    0.3081
...    33 G-C ...
  -58.0676  -52.6930   60.4667
    0.6915   -0.4945    0.5266
   -0.1745    0.5930    0.7861
   -0.7010   -0.6355    0.3237
...    34 C-G ...
  -60.1876  -55.0969   61.3218
    0.5077   -0.0722    0.8585
   -0.5254    0.7638    0.3749
   -0.6828   -0.6414    0.3499
...    35 C-G ...
  -62.2285  -57.5044   62.5340
    0.1979    0.3969    0.8963
   -0.7189    0.6803   -0.1425
   -0.6663   -0.6162    0.4199
...    36 C-G ...
  -64.1899  -59.7515   64.1319
   -0.1530    0.7507    0.6427
   -0.7151    0.3648   -0.5963
   -0.6821   -0.5508    0.4810
...    37 G-C ...
  -66.6757  -61.4570   65.5424
   -0.4145    0.8975    0.1510
   -0.5261   -0.1009   -0.8444
   -0.7426   -0.4294    0.5140
...    38 A-T ...
  -69.0499  -62.7956   67.3181
   -0.5914    0.7076   -0.3869
   -0.2031   -0.5949   -0.7777
   -0.7804   -0.3813    0.4955
...    39 C-G ...
  -71.5619  -63.4938   69.3026
   -0.5697    0.3298   -0.7528
    0.1086   -0.8777   -0.4667
   -0.8147   -0.3476    0.4642
...    40 A-T ...
  -74.3670  -64.6191   70.7023
   -0.3094   -0.1529   -0.9385
    0.3515   -0.9355    0.0365
   -0.8836   -0.3186    0.3432
...    41 C-G ...
  -77.5109  -65.0986   71.5476
   -0.0540   -0.5971   -0.8004
    0.4329   -0.7363    0.5201
   -0.8998   -0.3184    0.2982
...    42 G-C ...
  -80.3230  -66.5946   72.5371
    0.2752   -0.8715   -0.4059
    0.3252   -0.3129    0.8924
   -0.9047   -0.3776    0.1973
...    43 A-T ...
  -83.2940  -67.9044   73.0270
    0.4195   -0.8866    0.1947
    0.0822    0.2507    0.9646
   -0.9040   -0.3886    0.1781
...    44 C-G ...
  -86.2063  -69.5353   73.0700
    0.4003   -0.6249    0.6703
   -0.1565    0.6741    0.7219
   -0.9029   -0.3939    0.1721
...    45 T-A ...
  -89.0607  -71.1609   73.5608
    0.2830   -0.1653    0.9447
   -0.3468    0.9008    0.2615
   -0.8942   -0.4016    0.1976
...    46 T-A ...
  -91.8466  -72.7478   74.1279
    0.0142    0.3675    0.9299
   -0.4240    0.8445   -0.3273
   -0.9056   -0.3896    0.1678
...    47 A-T ...
  -94.8724  -74.0077   74.7017
   -0.1676    0.8123    0.5587
   -0.3452    0.4824   -0.8050
   -0.9234   -0.3278    0.1995
...    48 C-G ...
  -97.6775  -75.1940   75.9275
   -0.2692    0.9612    0.0601
   -0.2084    0.0028   -0.9780
   -0.9402   -0.2758    0.1996
...    49 T-A ...
 -100.7495  -75.8653   76.8969
   -0.2361    0.8553   -0.4612
   -0.0608   -0.4867   -0.8714
   -0.9698   -0.1777    0.1669
...    50 G-C ...
 -104.0569  -76.1716   77.2703
   -0.0700    0.4853   -0.8715
    0.0302   -0.8723   -0.4881
   -0.9971   -0.0605    0.0464
...    51 T-A ...
 -107.2787  -75.7048   77.4667
    0.0147   -0.0189   -0.9997
    0.0328   -0.9993    0.0194
   -0.9994   -0.0331   -0.0141
...    52 A-T ...
 -110.5780  -75.7510   77.1266
    0.1297   -0.5683   -0.8125
   -0.0466   -0.8221    0.5675
   -0.9905   -0.0357   -0.1331
...    53 G-C ...
 -113.7911  -75.6975   76.3350
    0.1275   -0.9124   -0.3890
   -0.1549   -0.4057    0.9008
   -0.9797   -0.0546   -0.1931
...    54 G-C ...
 -116.9825  -76.0981   75.2989
    0.0603   -0.9826    0.1759
   -0.2481    0.1559    0.9561
   -0.9669   -0.1013   -0.2344
...    55 T-A ...
 -120.0030  -76.7010   73.9723
   -0.0937   -0.7512    0.6534
   -0.2433    0.6537    0.7166
   -0.9654   -0.0919   -0.2440
...    56 A-T ...
 -123.3230  -76.3580   73.2888
   -0.3130   -0.1424    0.9390
   -0.0748    0.9893    0.1251
   -0.9468   -0.0311   -0.3203
...    57 T-A ...
 -126.3880  -77.1299   72.2967
   -0.3225    0.3837    0.8653
    0.1186    0.9233   -0.3653
   -0.9391   -0.0152   -0.3433
...    58 C-G ...
 -129.4600  -77.2973   71.1425
   -0.1446    0.8514    0.5041
    0.3125    0.5227   -0.7932
   -0.9388    0.0428   -0.3417
...    59 T-A ...
 -132.6543  -77.1172   70.3338
    0.1353    0.9890    0.0605
    0.3467    0.0099   -0.9379
   -0.9282    0.1478   -0.3415
...    60 C-G ...
 -135.6724  -76.5285   69.2948
    0.3952    0.8023   -0.4474
    0.1973   -0.5498   -0.8116
   -0.8972    0.2324   -0.3756
...    61 G-C ...
 -138.4620  -75.6256   67.7006
    0.5996    0.3351   -0.7268
   -0.1015   -0.8690   -0.4844
   -0.7938    0.3642   -0.4870
...    62 A-T ...
 -140.8538  -74.2715   65.9523
    0.4843   -0.2487   -0.8388
   -0.4692   -0.8831   -0.0091
   -0.7384    0.3980   -0.5444
...    63 G-C ...
 -142.9893  -72.7186   63.9597
    0.2102   -0.6971   -0.6855
   -0.6975   -0.5982    0.3945
   -0.6850    0.3952   -0.6120
...    64 C-G ...
 -144.8829  -71.4534   61.5286
   -0.1996   -0.9168   -0.3457
   -0.7326   -0.0946    0.6740
   -0.6507    0.3879   -0.6528
...    65 T-A ...
 -146.8259  -70.3294   59.0676
   -0.5652   -0.8216    0.0745
   -0.5306    0.4312    0.7297
   -0.6317    0.3729   -0.6796
...    66 T-A ...
 -148.6480  -69.2467   56.5708
   -0.8198   -0.3726    0.4348
   -0.0770    0.8242    0.5610
   -0.5674    0.4265   -0.7044
...    67 C-G ...
 -150.4468  -67.9046   54.1387
   -0.7037    0.2054    0.6802
    0.4525    0.8676    0.2061
   -0.5478    0.4528   -0.7034
...    68 A-T ...
 -151.9821  -66.1919   51.7350
   -0.2618    0.6302    0.7310
    0.7923    0.5728   -0.2101
   -0.5511    0.5242   -0.6492
...    69 T-A ...
 -154.2894  -64.7473   49.9072
    0.1842    0.8192    0.5431
    0.8264    0.1700   -0.5368
   -0.5321    0.5477   -0.6457
...    70 G-C ...
 -155.9603  -62.7157   47.8334
    0.6835    0.6755    0.2767
    0.5930   -0.2928   -0.7501
   -0.4257    0.6768   -0.6006
...    71 T-A ...
 -157.4390  -60.1844   46.4347
    0.9226    0.3753   -0.0889
    0.1616   -0.5855   -0.7944
   -0.3502    0.7186   -0.6009
...    72 T-A ...
 -158.4115  -57.6981   44.6415
    0.8847   -0.0583   -0.4625
   -0.3773   -0.6720   -0.6372
   -0.2737    0.7382   -0.6165
...    73 A-T ...
 -158.8090  -55.1339   42.5488
    0.5697   -0.5203   -0.6362
   -0.8125   -0.4729   -0.3408
   -0.1235    0.7111   -0.6922
...    74 T-A ...
 -158.5176  -52.6410   40.4228
    0.0811   -0.6889   -0.7203
   -0.9918   -0.1272    0.0100
   -0.0985    0.7136   -0.6936
...    75 A-T ...
 -159.1973  -50.2260   38.1674
   -0.5712   -0.5755   -0.5852
   -0.8193    0.3568    0.4488
   -0.0495    0.7359   -0.6753
...    76 A-T ...
 -159.0690  -47.9880   35.7860
   -0.9443   -0.2016   -0.2600
   -0.3286    0.6168    0.7152
    0.0162    0.7608   -0.6487
...    77 C-G ...
 -158.9417  -45.8799   33.1731
   -0.9738    0.1702    0.1511
    0.2251    0.6224    0.7497
    0.0335    0.7640   -0.6444
...    78 G-C ...
 -158.4188  -43.1062   31.3722
   -0.6740    0.4383    0.5947
    0.7386    0.3855    0.5530
    0.0132    0.8120   -0.5836
...    79 G-C ...
 -158.4838  -40.5109   29.2186
   -0.1689    0.5034    0.8474
    0.9852    0.0605    0.1604
    0.0295    0.8620   -0.5061
...    80 A-T ...
 -158.4446  -37.7459   27.5089
    0.4205    0.3868    0.8207
    0.9040   -0.2553   -0.3429
    0.0769    0.8861   -0.4570
...    81 C-G ...
 -158.6078  -34.6728   26.4482
    0.8115    0.1406    0.5672
    0.5691   -0.4105   -0.7125
    0.1326    0.9010   -0.4131
...    82 G-C ...
 -157.7952  -31.7608   25.0586
    0.9476   -0.2631    0.1809
    0.0717   -0.3766   -0.9236
    0.3112    0.8882   -0.3380
...    83 G-C ...
 -156.2879  -28.8172   24.3884
    0.8011   -0.5271   -0.2836
   -0.4051   -0.1287   -0.9052
    0.4406    0.8400   -0.3166
...    84 G-C ...
 -154.2161  -26.2790   23.5281
    0.4207   -0.5942   -0.6855
   -0.7282    0.2295   -0.6458
    0.5410    0.7709   -0.3362
...    85 A-T ...
 -152.2417  -23.9254   22.3655
   -0.0945   -0.3613   -0.9277
   -0.8125    0.5665   -0.1379
    0.5753    0.7407   -0.3470
...    86 T-A ...
 -149.8175  -21.9894   21.2011
   -0.4800   -0.0027   -0.8773
   -0.6466    0.6768    0.3518
    0.5928    0.7361   -0.3266
...    87 C-G ...
 -147.8226  -19.6582   20.0077
   -0.7636    0.4085   -0.5001
   -0.2309    0.5506    0.8022
    0.6030    0.7280   -0.3260
...    88 C-G ...
 -145.7909  -17.3226   18.6589
   -0.7934    0.6076    0.0367
    0.2245    0.2361    0.9454
    0.5658    0.7583   -0.3237
...    89 G-C ...
 -143.6442  -14.8424   18.0281
   -0.5807    0.5660    0.5852
    0.6182   -0.1612    0.7693
    0.5297    0.8085   -0.2562
...    90 C-G ...
 -142.1747  -12.1003   16.9193
   -0.1856    0.3464    0.9196
    0.8243   -0.4545    0.3375
    0.5348    0.8207   -0.2012
...    91 T-A ...
 -140.6749   -9.2152   16.3916
    0.2141   -0.0057    0.9768
    0.8043   -0.5665   -0.1796
    0.5544    0.8241   -0.1167
...    92 T-A ...
 -139.0364   -6.4437   16.1756
    0.5914   -0.3548    0.7241
    0.5573   -0.4692   -0.6850
    0.5828    0.8087   -0.0797
...    93 T-A ...
 -137.1990   -3.7924   16.1853
    0.7692   -0.5934    0.2369
    0.1531   -0.1887   -0.9700
    0.6204    0.7824   -0.0543
...    94 A-T ...
 -134.8743   -1.4128   16.3900
    0.6313   -0.7137   -0.3034
   -0.2357    0.1962   -0.9518
    0.7388    0.6724   -0.0443
...    95 A-T ...
 -132.3172    0.5732   16.4658
    0.3834   -0.4951   -0.7797
   -0.5287    0.5746   -0.6248
    0.7573    0.6517   -0.0414
...    96 C-G ...
 -129.4209    2.1861   16.5421
    0.0394   -0.1429   -0.9890
   -0.6287    0.7657   -0.1357
    0.7767    0.6271   -0.0596
...    97 A-T ...
 -126.9295    4.3538   16.2572
   -0.3767    0.2702   -0.8861
   -0.5076    0.7399    0.4414
    0.7749    0.6160   -0.1416
...    98 C-G ...
 -124.1455    5.9499   15.3593
   -0.5907    0.6130   -0.5247
   -0.2288    0.4963    0.8375
    0.7737    0.6148   -0.1529
...    99 T-A ...
 -121.6193    7.9230   14.5169
   -0.6493    0.7606   -0.0005
    0.1236    0.1061    0.9867
    0.7505    0.6405   -0.1628
...   100 T-A ...
 -119.2287    9.9683   13.6957
   -0.4489    0.6978    0.5581
    0.4582   -0.3565    0.8142
    0.7671    0.6213   -0.1597
...   101 T-A ...
 -116.8830   12.0943   12.9832
   -0.1123    0.3741    0.9206
    0.6200   -0.6976    0.3591
    0.7765    0.6111   -0.1536
...   102 A-T ...
 -114.2841   14.1279   12.6055
    0.1891   -0.1449    0.9712
    0.5817   -0.7803   -0.2297
    0.7911    0.6084   -0.0632
...   103 T-A ...
 -112.0763   16.5430   12.7663
    0.4340   -0.5268    0.7309
    0.4119   -0.6055   -0.6810
    0.8013    0.5965   -0.0458
...   104 G-C ...
 -109.2395   18.2996   12.7802
    0.4758   -0.8453    0.2432
    0.1384   -0.2011   -0.9697
    0.8686    0.4951    0.0213
...   105 C-G ...
 -106.3334   19.7505   13.3506
    0.4222   -0.8508   -0.3128
   -0.1129    0.2930   -0.9494
    0.8994    0.4362    0.0276
...   106 T-A ...
 -103.2319   20.8412   13.6905
    0.2400   -0.6062   -0.7582
   -0.2765    0.7060   -0.6520
    0.9306    0.3661    0.0018
...   107 T-A ...
 -100.1217   21.7561   13.8373
    0.0447   -0.1049   -0.9935
   -0.3539    0.9283   -0.1140
    0.9342    0.3567    0.0044
...   108 C-G ...
  -97.0206   22.7988   13.7199
   -0.1914    0.4469   -0.8739
   -0.2948    0.8231    0.4855
    0.9362    0.3506   -0.0258
...   109 C-G ...
  -93.8402   23.8351   13.2906
   -0.3837    0.7949   -0.4699
   -0.1198    0.4618    0.8789
    0.9157    0.3935   -0.0820
...   110 G-C ...
  -90.8647   25.3428   13.3923
   -0.4650    0.8788    0.1066
    0.1376   -0.0472    0.9894
    0.8745    0.4748   -0.0990
...   111 G-C ...
  -88.0387   27.0783   12.8160
   -0.3795    0.6775    0.6301
    0.3790   -0.5074    0.7739
    0.8440    0.5325   -0.0642
...   112 C-G ...
  -85.4775   29.1304   12.4069
   -0.1494    0.2723    0.9505
    0.5275   -0.7912    0.3095
    0.8363    0.5476   -0.0255
...   113 T-A ...
  -82.9117   31.2159   12.4645
    0.0955   -0.2113    0.9727
    0.5388   -0.8107   -0.2290
    0.8370    0.5460    0.0364
...   114 C-G ...
  -80.2178   33.0505   12.7153
    0.3549   -0.6634    0.6588
    0.3892   -0.5359   -0.7492
    0.8500    0.5223    0.0680
...   115 G-C ...
  -77.2341   34.5316   12.7566
    0.3963   -0.9082    0.1346
    0.1577   -0.0771   -0.9845
    0.9045    0.4114    0.1126
...   116 T-A ...
  -74.3071   35.6860   13.7491
    0.3820   -0.8365   -0.3929
   -0.0622    0.4009   -0.9140
    0.9221    0.3736    0.1012
...   117 A-T ...
  -71.1566   36.6919   14.1149
    0.1867   -0.5072   -0.8414
   -0.2334    0.8090   -0.5395
    0.9543    0.2971    0.0326
...   118 T-A ...
  -67.9017   37.0083   14.4217
    0.0332   -0.0416   -0.9986
   -0.2893    0.9560   -0.0495
    0.9567    0.2905    0.0197
...   119 A-T ...
  -64.7144   37.9487   14.3505
   -0.2117    0.4861   -0.8479
   -0.2256    0.8198    0.5264
    0.9509    0.3027   -0.0639
...   120 A-T ...
  -61.6031   38.7490   13.9037
   -0.3021    0.8626   -0.4059
   -0.0603    0.4077    0.9111
    0.9514    0.2997   -0.0712
...   121 T-A ...
  -58.5528   39.5893   12.9915
   -0.2899    0.9512    0.1062
    0.1036   -0.0791    0.9915
    0.9514    0.2984   -0.0756
...   122 G-C ...
  -55.4280   40.7040   13.0196
   -0.2572    0.7119    0.6535
    0.2790   -0.5928    0.7555
    0.9252    0.3766   -0.0461
...   123 T-A ...
  -52.6346   42.4322   12.5612
   -0.0925    0.2936    0.9514
    0.3751   -0.8749    0.3065
    0.9224    0.3852   -0.0292
...   124 G-C ...
  -49.5083   43.5355   12.6821
    0.0597   -0.2836    0.9571
    0.3799   -0.8802   -0.2845
    0.9231    0.3806    0.0553
...   125 T-A ...
  -46.7137   45.2365   13.2390
    0.2242   -0.7075    0.6702
    0.2905   -0.6079   -0.7390
    0.9302    0.3604    0.0692
...   126 C-G ...
  -43.6845   46.4241   13.6021
    0.3164   -0.9416    0.1152
    0.1063   -0.0854   -0.9907
    0.9426    0.3257    0.0730
...   127 G-C ...
  -40.5152   47.4451   13.5283
    0.1960   -0.8730   -0.4466
   -0.0686    0.4421   -0.8943
    0.9782    0.2059    0.0268
...   128 A-T ...
  -37.3115   48.0159   13.6973
    0.0658   -0.4750   -0.8776
   -0.1616    0.8628   -0.4791
    0.9847    0.1733   -0.0200
...   129 C-G ...
  -34.0275   47.9348   13.7369
   -0.0740    0.0216   -0.9970
   -0.1563    0.9872    0.0330
    0.9849    0.1583   -0.0697
...   130 C-G ...
  -30.7108   48.1369   13.1994
   -0.2464    0.5206   -0.8174
   -0.0567    0.8343    0.5485
    0.9675    0.1815   -0.1760
...   131 A-T ...
  -27.5390   48.8963   12.5454
   -0.3421    0.8696   -0.3561
    0.1406    0.4221    0.8956
    0.9291    0.2563   -0.2667
...   132 A-T ...
  -24.6227   49.7153   11.3848
   -0.1989    0.9576    0.2084
    0.3216   -0.1371    0.9369
    0.9257    0.2533   -0.2807
...   133 A-T ...
  -21.7470   50.6804   10.2166
    0.0401    0.7164    0.6965
    0.3818   -0.6552    0.6519
    0.9234    0.2398   -0.2998
...   134 T-A ...
  -19.0159   52.0244    8.9250
    0.2452    0.2905    0.9249
    0.3073   -0.9281    0.2101
    0.9195    0.2328   -0.3169
...   135 G-C ...
  -16.4637   53.8825    7.5153
    0.5339   -0.3333    0.7771
    0.0346   -0.9097   -0.4139
    0.8449    0.2479   -0.4741
...   136 T-A ...
  -14.1749   56.5547    6.1808
    0.5795   -0.7269    0.3685
   -0.3141   -0.6164   -0.7221
    0.7521    0.3026   -0.5855
...   137 G-C ...
  -11.6538   57.9992    4.7204
    0.2452   -0.9542   -0.1714
   -0.6323   -0.0234   -0.7744
    0.7349    0.2983   -0.6091
...   138 A-T ...
   -8.6758   58.7134    3.6024
   -0.0345   -0.7815   -0.6229
   -0.6536    0.4891   -0.5775
    0.7560    0.3872   -0.5277
...   139 G-C ...
   -6.3275   59.0727    1.6296
   -0.2969   -0.3279   -0.8968
   -0.5657    0.8171   -0.1114
    0.7693    0.4742   -0.4281
...   140 C-G ...
   -3.4369   60.2279    1.0286
   -0.4426    0.2287   -0.8671
   -0.1681    0.9286    0.3308
    0.8808    0.2922   -0.3725
...   141 G-C ...
   -0.6976   63.8912   -2.2510
   -0.9992    0.0157   -0.0376
   -0.0024    0.8991    0.4378
    0.0407    0.4375   -0.8983
...   142 C-G ...
   -1.0065   65.5988   -4.9401
   -0.8337    0.5216    0.1813
    0.5170    0.6219    0.5881
    0.1940    0.5841   -0.7882
...   143 T-A ...
   -0.1333   66.2085   -7.8196
   -0.3753    0.8566    0.3540
    0.8856    0.2187    0.4098
    0.2736    0.4673   -0.8407
...   144 C-G ...
   -0.1666   67.4020  -10.8068
    0.1798    0.8793    0.4411
    0.9277   -0.3007    0.2214
    0.3273    0.3694   -0.8697
...   145 A-T ...
    0.5267   69.2313  -13.4660
    0.7352    0.4964    0.4616
    0.6118   -0.7791   -0.1367
    0.2918    0.3829   -0.8765
...   146 C-G ...
    1.4338   72.0892  -15.6019
    0.9809    0.0621    0.1844
    0.1264   -0.9240   -0.3608
    0.1480    0.3772   -0.9142
...   147 A-T ...
    2.3047   74.2223  -18.3863
    0.8657   -0.4292   -0.2575
   -0.4984   -0.7868   -0.3642
   -0.0463    0.4436   -0.8950
