  147 base-pairs
...     1 A-T ...
    0.0000    0.0000    0.0000
    1.0000    0.0000    0.0000
    0.0000    1.0000    0.0000
    0.0000    0.0000    1.0000
...     2 G-C ...
   -0.1394   -1.2357    3.2268
    0.7529    0.6366    0.1670
   -0.6386    0.7680   -0.0486
   -0.1592   -0.0700    0.9848
...     3 T-A ...
   -0.0365   -3.2932    6.3751
    0.2722    0.9301    0.2466
   -0.9238    0.3243   -0.2033
   -0.2691   -0.1725    0.9475
...     4 G-C ...
   -0.3505   -4.1660    9.4928
   -0.3756    0.9250    0.0579
   -0.8781   -0.3352   -0.3415
   -0.2965   -0.1791    0.9381
...     5 A-T ...
   -0.4462   -4.1476   12.7498
   -0.8116    0.5840   -0.0165
   -0.5523   -0.7762   -0.3042
   -0.1905   -0.2378    0.9524
...     6 G-C ...
   -1.5908   -4.1730   15.6201
   -0.9976    0.0246   -0.0651
   -0.0043   -0.9555   -0.2950
   -0.0695   -0.2940    0.9533
...     7 C-G ...
   -1.1030   -4.4824   18.7362
   -0.8441   -0.5304   -0.0787
    0.5345   -0.8441   -0.0432
   -0.0435   -0.0785    0.9960
...     8 G-C ...
   -2.4028   -7.7290   23.1475
   -0.2754   -0.3293   -0.9032
    0.6650   -0.7437    0.0684
   -0.6942   -0.5818    0.4238
...     9 C-G ...
   -4.4690   -9.9728   24.1132
    0.1145   -0.7025   -0.7024
    0.8512   -0.2952    0.4340
   -0.5122   -0.6476    0.5642
...    10 T-A ...
   -6.7405  -10.8752   25.9697
    0.4841   -0.8363   -0.2574
    0.6595    0.1553    0.7355
   -0.5751   -0.5258    0.6267
...    11 C-G ...
   -9.1656  -12.6208   27.1640
    0.7073   -0.6682    0.2307
    0.3448    0.6110    0.7126
   -0.6171   -0.4245    0.6626
...    12 A-T ...
  -10.9234  -14.6633   29.0693
    0.7515   -0.1377    0.6452
   -0.2029    0.8824    0.4246
   -0.6277   -0.4500    0.6352
...    13 C-G ...
  -11.8476  -17.4863   31.2451
    0.4295    0.2823    0.8578
   -0.5708    0.8209    0.0156
   -0.6998   -0.4963    0.5137
...    14 A-T ...
  -13.5897  -19.7827   33.4259
   -0.1504    0.6104    0.7777
   -0.6874    0.5008   -0.5260
   -0.7106   -0.6136    0.3443
...    15 A-T ...
  -15.7097  -21.8023   34.8059
   -0.4890    0.7969    0.3546
   -0.5005    0.0766   -0.8624
   -0.7144   -0.5992    0.3614
...    16 T-A ...
  -17.7602  -23.6179   36.6189
   -0.6640    0.7380   -0.1208
   -0.1998   -0.3308   -0.9223
   -0.7206   -0.5882    0.3671
...    17 T-A ...
  -20.0708  -25.3554   38.0862
   -0.6612    0.4341   -0.6119
    0.1955   -0.6878   -0.6991
   -0.7243   -0.5818    0.3699
...    18 T-A ...
  -22.5078  -26.9901   39.4678
   -0.4430   -0.0216   -0.8963
    0.5266   -0.8153   -0.2407
   -0.7255   -0.5786    0.3726
...    19 A-T ...
  -24.9040  -28.9579   40.6425
   -0.0239   -0.4531   -0.8911
    0.6708   -0.6682    0.3218
   -0.7413   -0.5901    0.3199
...    20 T-A ...
  -27.7418  -30.4840   41.3061
    0.3128   -0.7251   -0.6135
    0.5934   -0.3552    0.7223
   -0.7417   -0.5900    0.3192
...    21 T-A ...
  -30.2952  -32.3236   42.0891
    0.5874   -0.8024   -0.1060
    0.3202    0.1102    0.9409
   -0.7433   -0.5866    0.3216
...    22 C-G ...
  -32.6746  -34.3444   43.0366
    0.6891   -0.5739    0.4425
   -0.0821    0.5450    0.8344
   -0.7200   -0.6113    0.3284
...    23 G-C ...
  -35.0148  -36.2012   44.4810
    0.6122   -0.1173    0.7820
   -0.4603    0.7513    0.4730
   -0.6430   -0.6495    0.4059
...    24 C-G ...
  -36.7903  -38.6544   45.7832
    0.3051    0.3319    0.8926
   -0.7223    0.6915   -0.0102
   -0.6206   -0.6416    0.4507
...    25 A-T ...
  -38.8602  -40.6986   47.3761
   -0.0722    0.7216    0.6886
   -0.7910    0.3791   -0.4802
   -0.6076   -0.5793    0.5434
...    26 A-T ...
  -40.5999  -42.5876   49.3545
   -0.4908    0.8162    0.3048
   -0.6200   -0.0814   -0.7804
   -0.6122   -0.5720    0.5460
...    27 A-T ...
  -42.4554  -44.3110   51.3753
   -0.7424    0.6447   -0.1823
   -0.2486   -0.5177   -0.8186
   -0.6222   -0.5624    0.5446
...    28 G-C ...
  -44.5274  -45.8774   53.4048
   -0.7154    0.3373   -0.6119
    0.1525   -0.7793   -0.6078
   -0.6819   -0.5281    0.5060
...    29 G-C ...
  -47.0374  -47.2793   55.1553
   -0.4606   -0.0680   -0.8850
    0.4812   -0.8570   -0.1846
   -0.7459   -0.5109    0.4274
...    30 C-G ...
  -49.7743  -48.5911   56.4205
   -0.0955   -0.4841   -0.8698
    0.6344   -0.7029    0.3215
   -0.7670   -0.5211    0.3743
...    31 C-G ...
  -52.5450  -50.2720   57.3009
    0.3176   -0.7366   -0.5971
    0.5594   -0.3629    0.7452
   -0.7657   -0.5707    0.2967
...    32 G-C ...
  -54.7869  -52.4215   58.4851
    0.6419   -0.7574   -0.1193
    0.2566    0.0655    0.9643
   -0.7226   -0.6496    0.2364
...    33 G-C ...
  -57.0957  -54.8246   58.9620
    0.7253   -0.5612    0.3988
   -0.1482    0.4384    0.8865
   -0.6723   -0.7021    0.2348
...    34 C-G ...
  -59.0965  -57.4116   59.4756
    0.5503   -0.2147    0.8069
   -0.5235    0.6642    0.5337
   -0.6505   -0.7161    0.2531
...    35 C-G ...
  -61.0005  -60.0644   60.3331
    0.2297    0.2218    0.9476
   -0.7428    0.6691    0.0234
   -0.6289   -0.7093    0.3185
...    36 C-G ...
  -62.8203  -62.6395   61.5519
   -0.1465    0.5983    0.7877
   -0.7529    0.4491   -0.4811
   -0.6416   -0.6636    0.3847
...    37 G-C ...
  -65.1808  -64.6998   62.6457
   -0.4411    0.8250    0.3532
   -0.5574    0.0566   -0.8283
   -0.7033   -0.5623    0.4349
...    38 A-T ...
  -67.4034  -66.5186   64.1691
   -0.6351    0.7457   -0.2016
   -0.2105   -0.4182   -0.8836
   -0.7432   -0.5187    0.4226
...    39 C-G ...
  -69.7939  -67.7674   66.0229
   -0.6127    0.4640   -0.6398
    0.1262   -0.7417   -0.6588
   -0.7802   -0.4843    0.3958
...    40 A-T ...
  -72.4926  -69.2886   67.2435
   -0.3349    0.0655   -0.9400
    0.3907   -0.8981   -0.2018
   -0.8574   -0.4349    0.2752
...    41 C-G ...
  -75.5683  -70.1060   68.0174
   -0.0525   -0.3743   -0.9258
    0.4804   -0.8222    0.3052
   -0.8755   -0.4288    0.2230
...    42 G-C ...
  -78.2915  -71.9206   68.5905
    0.3112   -0.7077   -0.6342
    0.3647   -0.5274    0.7674
   -0.8776   -0.4701    0.0940
...    43 A-T ...
  -81.1513  -73.5089   68.7010
    0.4791   -0.8746   -0.0736
    0.0907   -0.0341    0.9953
   -0.8730   -0.4836    0.0630
...    44 C-G ...
  -83.9353  -75.2834   68.2774
    0.4592   -0.7653    0.4511
   -0.1840    0.4149    0.8911
   -0.8691   -0.4922    0.0497
...    45 T-A ...
  -86.6398  -77.1988   68.2629
    0.3159   -0.4251    0.8482
   -0.4077    0.7465    0.5259
   -0.8568   -0.5119    0.0625
...    46 T-A ...
  -89.2736  -79.1169   68.2910
   -0.0032    0.0554    0.9985
   -0.4951    0.8674   -0.0497
   -0.8688   -0.4945    0.0246
...    47 A-T ...
  -92.2140  -80.6677   68.3252
   -0.2580    0.5702    0.7799
   -0.3830    0.6807   -0.6244
   -0.8870   -0.4598    0.0428
...    48 C-G ...
  -94.9036  -82.4468   68.9724
   -0.3753    0.8571    0.3530
   -0.1903    0.3014   -0.9343
   -0.9072   -0.4178    0.0500
...    49 T-A ...
  -97.8949  -83.7102   69.4997
   -0.3254    0.9307   -0.1670
    0.0180   -0.1704   -0.9852
   -0.9454   -0.3236    0.0387
...    50 G-C ...
 -101.1450  -84.4757   69.5874
   -0.1013    0.7478   -0.6562
    0.1543   -0.6398   -0.7529
   -0.9828   -0.1775   -0.0506
...    51 T-A ...
 -104.3935  -84.4523   69.6971
    0.0575    0.3414   -0.9381
    0.1612   -0.9305   -0.3288
   -0.9852   -0.1323   -0.1085
...    52 A-T ...
 -107.6456  -84.4804   69.0394
    0.2842   -0.1762   -0.9424
    0.0359   -0.9803    0.1941
   -0.9581   -0.0890   -0.2723
...    53 G-C ...
 -110.7285  -84.4657   67.8700
    0.3189   -0.6486   -0.6911
   -0.1662   -0.7562    0.6329
   -0.9331   -0.0869   -0.3489
...    54 G-C ...
 -113.6455  -84.8131   66.2054
    0.2262   -0.9484   -0.2221
   -0.3712   -0.2948    0.8805
   -0.9006   -0.1167   -0.4187
...    55 T-A ...
 -116.3235  -85.1978   64.2452
   -0.0127   -0.9630    0.2694
   -0.4454    0.2467    0.8607
   -0.8953   -0.1090   -0.4320
...    56 A-T ...
 -119.5533  -85.0566   63.1751
   -0.3900   -0.5724    0.7213
   -0.2923    0.8198    0.4925
   -0.8732   -0.0187   -0.4870
...    57 T-A ...
 -122.2419  -85.7421   61.3536
   -0.5091   -0.0727    0.8576
   -0.0317    0.9973    0.0657
   -0.8601    0.0063   -0.5100
...    58 C-G ...
 -125.0220  -85.8238   59.6013
   -0.4017    0.5249    0.7504
    0.3012    0.8496   -0.4330
   -0.8648    0.0521   -0.4993
...    59 T-A ...
 -128.0155  -85.7711   58.2134
   -0.1103    0.8770    0.4677
    0.4782    0.4593   -0.7486
   -0.8713    0.1410   -0.4701
...    60 C-G ...
 -130.8863  -85.2940   56.7729
    0.2579    0.9661    0.0070
    0.4573   -0.1156   -0.8818
   -0.8511    0.2306   -0.4716
...    61 G-C ...
 -133.5275  -84.3138   55.0074
    0.6186    0.7018   -0.3533
    0.2172   -0.5849   -0.7815
   -0.7551    0.4067   -0.5142
...    62 A-T ...
 -135.8221  -82.7629   53.3240
    0.6937    0.2154   -0.6873
   -0.2029   -0.8572   -0.4734
   -0.6911    0.4678   -0.5509
...    63 G-C ...
 -137.8117  -80.8714   51.5042
    0.5463   -0.2906   -0.7856
   -0.5683   -0.8176   -0.0928
   -0.6153    0.4972   -0.6117
...    64 C-G ...
 -139.3454  -79.0303   49.2171
    0.1703   -0.7014   -0.6921
   -0.8081   -0.5013    0.3092
   -0.5638    0.5067   -0.6522
...    65 T-A ...
 -140.8606  -77.3489   46.7928
   -0.2775   -0.8673   -0.4133
   -0.8032   -0.0266    0.5951
   -0.5271    0.4971   -0.6892
...    66 C-G ...
 -142.5194  -75.8011   44.3995
   -0.7176   -0.6964    0.0071
   -0.4805    0.5024    0.7188
   -0.5041    0.5124   -0.6952
...    67 G-C ...
 -144.2668  -73.7125   42.4681
   -0.8429   -0.3016    0.4456
    0.0265    0.8039    0.5942
   -0.5374    0.5127   -0.6696
...    68 G-C ...
 -145.9850  -72.1473   40.0149
   -0.6572    0.1555    0.7375
    0.5015    0.8207    0.2738
   -0.5627    0.5498   -0.6173
...    69 G-C ...
 -147.9480  -70.5267   37.8019
   -0.2322    0.5154    0.8249
    0.7941    0.5902   -0.1453
   -0.5618    0.6213   -0.5463
...    70 A-T ...
 -149.8170  -68.5840   35.9967
    0.3001    0.7083    0.6389
    0.7961    0.1831   -0.5768
   -0.5256    0.6817   -0.5090
...    71 T-A ...
 -151.9052  -66.3545   34.8854
    0.6755    0.6711    0.3056
    0.5495   -0.1818   -0.8155
   -0.4917    0.7188   -0.4915
...    72 C-G ...
 -153.3760  -63.8730   33.4306
    0.9096    0.3856   -0.1547
    0.0653   -0.5005   -0.8633
   -0.4103    0.7752   -0.4804
...    73 C-G ...
 -154.3020  -60.9401   32.0743
    0.8549   -0.0281   -0.5181
   -0.4380   -0.5742   -0.6916
   -0.2780    0.8182   -0.5032
...    74 G-C ...
 -154.9195  -58.4185   29.9750
    0.5095   -0.4325   -0.7439
   -0.8516   -0.3773   -0.3640
   -0.1232    0.8189   -0.5605
...    75 C-G ...
 -154.7630  -55.7526   28.0040
   -0.0319   -0.5890   -0.8075
   -0.9970   -0.0385    0.0674
   -0.0708    0.8072   -0.5860
...    76 T-A ...
 -154.6338  -53.2055   25.8765
   -0.5570   -0.5289   -0.6403
   -0.8294    0.3157    0.4609
   -0.0416    0.7878   -0.6145
...    77 T-A ...
 -154.4266  -50.7552   23.7218
   -0.9374   -0.1867   -0.2938
   -0.3475    0.5524    0.7576
    0.0208    0.8124   -0.5828
...    78 T-A ...
 -154.1806  -48.3019   21.5791
   -0.9611    0.2181    0.1693
    0.2625    0.5322    0.8049
    0.0855    0.8180   -0.5688
...    79 A-T ...
 -153.4992  -45.4255   19.9650
   -0.5823    0.5125    0.6311
    0.8031    0.2423    0.5443
    0.1261    0.8238   -0.5526
...    80 A-T ...
 -153.2948  -42.7824   18.1036
   -0.0286    0.5446    0.8382
    0.9884   -0.1097    0.1050
    0.1492    0.8315   -0.5352
...    81 C-G ...
 -153.3734  -39.9283   16.5105
    0.4729    0.3571    0.8055
    0.8624   -0.3753   -0.3399
    0.1809    0.8554   -0.4854
...    82 A-T ...
 -152.6374  -37.0170   15.0292
    0.8250   -0.0465    0.5633
    0.4783   -0.4734   -0.7397
    0.3010    0.8796   -0.3683
...    83 C-G ...
 -151.7058  -33.9335   14.4824
    0.9314   -0.3395    0.1316
    0.0020   -0.3566   -0.9342
    0.3641    0.8704   -0.3315
...    84 T-A ...
 -150.1993  -31.0863   13.7749
    0.7634   -0.5485   -0.3412
   -0.4529   -0.0779   -0.8881
    0.4606    0.8325   -0.3079
...    85 T-A ...
 -148.4767  -28.4487   13.0065
    0.3744   -0.4985   -0.7819
   -0.7921    0.2665   -0.5492
    0.4822    0.8249   -0.2951
...    86 T-A ...
 -146.6136  -25.9079   12.1911
   -0.1306   -0.2308   -0.9642
   -0.8571    0.5151   -0.0072
    0.4983    0.8255   -0.2651
...    87 A-T ...
 -145.2315  -22.9043   11.5165
   -0.6174    0.1947   -0.7622
   -0.5808    0.5408    0.6085
    0.5307    0.8183   -0.2208
...    88 T-A ...
 -143.1793  -20.6025   10.2910
   -0.8117    0.4685   -0.3487
   -0.1877    0.3562    0.9154
    0.5530    0.8085   -0.2012
...    89 G-C ...
 -141.3861  -17.8388    9.9215
   -0.8068    0.5332    0.2545
    0.3125    0.0195    0.9497
    0.5015    0.8457   -0.1823
...    90 C-G ...
 -139.8932  -15.0405    8.9716
   -0.5309    0.4189    0.7367
    0.6927   -0.2864    0.6620
    0.4883    0.8617   -0.1381
...    91 T-A ...
 -138.5747  -12.0494    8.5123
   -0.1335    0.1434    0.9806
    0.8671   -0.4622    0.1857
    0.4799    0.8751   -0.0626
...    92 T-A ...
 -137.2288   -9.1150    8.3708
    0.3500   -0.1701    0.9212
    0.7949   -0.4664   -0.3881
    0.4956    0.8681   -0.0280
...    93 C-G ...
 -135.6175   -6.2914    8.4747
    0.7058   -0.4635    0.5357
    0.4639   -0.2690   -0.8440
    0.5354    0.8442    0.0252
...    94 C-G ...
 -133.7131   -3.5695    9.0593
    0.7808   -0.6247    0.0061
    0.0489    0.0513   -0.9975
    0.6228    0.7792    0.0706
...    95 G-C ...
 -131.3896   -1.1733    9.0072
    0.5977   -0.5887   -0.5443
   -0.3328    0.4354   -0.8365
    0.7294    0.6811    0.0643
...    96 G-C ...
 -128.5939    0.7163    9.3131
    0.2675   -0.3147   -0.9107
   -0.5620    0.7168   -0.4127
    0.7827    0.6222    0.0149
...    97 C-G ...
 -125.7209    2.3845    9.3116
   -0.1067    0.1086   -0.9883
   -0.5957    0.7889    0.1510
    0.7961    0.6049   -0.0195
...    98 T-A ...
 -122.9135    4.1334    9.0187
   -0.4336    0.4894   -0.7566
   -0.4284    0.6268    0.6509
    0.7928    0.6063   -0.0621
...    99 C-G ...
 -120.2851    6.0839    8.7085
   -0.6117    0.7589   -0.2233
   -0.0873    0.2158    0.9725
    0.7862    0.6144   -0.0657
...   100 G-C ...
 -117.6626    8.1488    8.9532
   -0.6246    0.6899    0.3659
    0.2753   -0.2439    0.9299
    0.7308    0.6816   -0.0376
...   101 T-A ...
 -115.5567   10.6378    8.3607
   -0.4109    0.4419    0.7974
    0.5551   -0.5726    0.6033
    0.7232    0.6905   -0.0100
...   102 A-T ...
 -113.0922   12.8752    8.4615
   -0.0577   -0.0233    0.9981
    0.6957   -0.7180    0.0234
    0.7160    0.6957    0.0577
...   103 T-A ...
 -111.2499   15.5643    8.8463
    0.2859   -0.3907    0.8750
    0.6308   -0.6107   -0.4788
    0.7214    0.6888    0.0718
...   104 C-G ...
 -108.9076   17.8014    9.2586
    0.5598   -0.7064    0.4331
    0.3611   -0.2625   -0.8948
    0.7458    0.6573    0.1081
...   105 A-T ...
 -106.3085   19.8583    9.6377
    0.5724   -0.8065   -0.1482
    0.0257    0.1984   -0.9798
    0.8196    0.5570    0.1343
...   106 T-A ...
 -103.5745   21.3482   10.6927
    0.4985   -0.6057   -0.6202
   -0.2579    0.5794   -0.7732
    0.8276    0.5454    0.1326
...   107 G-C ...
 -100.7417   23.0908   10.8795
    0.1809   -0.2304   -0.9561
   -0.4583    0.8404   -0.2893
    0.8702    0.4905    0.0465
...   108 T-A ...
  -97.5931   24.1173   11.0168
   -0.1074    0.2271   -0.9679
   -0.4757    0.8432    0.2506
    0.8730    0.4873    0.0175
...   109 T-A ...
  -94.6290   25.4477   10.9578
   -0.3488    0.6719   -0.6534
   -0.3289    0.5651    0.7566
    0.8776    0.4788    0.0239
...   110 A-T ...
  -91.7578   27.1376   11.2718
   -0.4927    0.8681   -0.0608
   -0.0426    0.0458    0.9980
    0.8692    0.4943    0.0144
...   111 T-A ...
  -89.0083   28.8466   10.6455
   -0.4422    0.7741    0.4531
    0.2111   -0.4012    0.8913
    0.8717    0.4898    0.0140
...   112 A-T ...
  -86.0277   30.3412   10.9102
   -0.2467    0.3614    0.8992
    0.4391   -0.7855    0.4361
    0.8639    0.5024    0.0351
...   113 A-T ...
  -83.3714   32.2068   11.0039
    0.0500   -0.1464    0.9880
    0.4962   -0.8548   -0.1518
    0.8668    0.4978    0.0299
...   114 C-G ...
  -80.8382   34.2945   11.4338
    0.2740   -0.5843    0.7639
    0.4036   -0.6511   -0.6428
    0.8730    0.4844    0.0574
...   115 G-C ...
  -77.7727   35.6223   11.4592
    0.3429   -0.8986    0.2737
    0.2084   -0.2113   -0.9549
    0.9159    0.3845    0.1148
...   116 G-C ...
  -74.6838   36.7609   12.2350
    0.3133   -0.9043   -0.2901
    0.0132    0.3096   -0.9508
    0.9496    0.2940    0.1089
...   117 A-T ...
  -71.5597   37.6150   12.6826
    0.2188   -0.5708   -0.7914
   -0.1599    0.7791   -0.6061
    0.9626    0.2592    0.0792
...   118 T-A ...
  -68.3199   37.8230   13.1927
    0.0966   -0.1080   -0.9895
   -0.2435    0.9613   -0.1287
    0.9651    0.2533    0.0665
...   119 A-T ...
  -65.0970   38.6528   13.2882
   -0.1386    0.4423   -0.8861
   -0.2249    0.8573    0.4631
    0.9645    0.2634   -0.0193
...   120 A-T ...
  -61.9370   39.3241   13.0040
   -0.2460    0.8475   -0.4703
   -0.0989    0.4607    0.8820
    0.9642    0.2635   -0.0295
...   121 T-A ...
  -58.8119   40.0156   12.2350
   -0.2631    0.9640    0.0383
    0.0441   -0.0276    0.9986
    0.9638    0.2644   -0.0352
...   122 G-C ...
  -55.6547   41.0435   12.4001
   -0.2685    0.7513    0.6029
    0.2201   -0.5615    0.7977
    0.9378    0.3469   -0.0146
...   123 T-A ...
  -52.7871   42.6730   12.0136
   -0.1298    0.3405    0.9312
    0.3334   -0.8695    0.3644
    0.9338    0.3578   -0.0007
...   124 G-C ...
  -49.6259   43.6702   12.2398
    0.0143   -0.2453    0.9694
    0.3680   -0.9001   -0.2332
    0.9297    0.3601    0.0774
...   125 T-A ...
  -46.8049   45.3296   12.8401
    0.1852   -0.6868    0.7028
    0.3022   -0.6407   -0.7058
    0.9351    0.3431    0.0889
...   126 C-G ...
  -43.7591   46.4785   13.2555
    0.2970   -0.9424    0.1539
    0.1336   -0.1185   -0.9839
    0.9455    0.3128    0.0907
...   127 G-C ...
  -40.5735   47.4824   13.2249
    0.1977   -0.8861   -0.4193
   -0.0432    0.4194   -0.9068
    0.9793    0.1974    0.0447
...   128 A-T ...
  -37.3684   48.0486   13.4580
    0.0811   -0.4939   -0.8657
   -0.1459    0.8534   -0.5005
    0.9860    0.1669   -0.0029
...   129 C-G ...
  -34.0852   47.9552   13.5730
   -0.0555    0.0045   -0.9984
   -0.1521    0.9883    0.0129
    0.9868    0.1526   -0.0542
...   130 C-G ...
  -30.7561   48.1422   13.1019
   -0.2326    0.5098   -0.8282
   -0.0629    0.8419    0.5359
    0.9705    0.1767   -0.1638
...   131 A-T ...
  -27.5694   48.8978   12.4843
   -0.3374    0.8661   -0.3689
    0.1306    0.4312    0.8928
    0.9323    0.2530   -0.2586
...   132 A-T ...
  -24.6393   49.7132   11.3567
   -0.2018    0.9587    0.2003
    0.3141   -0.1304    0.9404
    0.9277    0.2527   -0.2749
...   133 A-T ...
  -21.7533   50.6782   10.2106
    0.0363    0.7184    0.6947
    0.3796   -0.6529    0.6554
    0.9244    0.2399   -0.2965
...   134 T-A ...
  -19.0160   52.0244    8.9251
    0.2452    0.2905    0.9249
    0.3073   -0.9281    0.2101
    0.9195    0.2328   -0.3169
...   135 G-C ...
  -16.4638   53.8824    7.5154
    0.5339   -0.3333    0.7771
    0.0346   -0.9097   -0.4139
    0.8449    0.2479   -0.4741
...   136 T-A ...
  -14.1750   56.5547    6.1809
    0.5795   -0.7269    0.3685
   -0.3141   -0.6164   -0.7221
    0.7521    0.3026   -0.5855
...   137 G-C ...
  -11.6539   57.9992    4.7205
    0.2452   -0.9542   -0.1714
   -0.6323   -0.0234   -0.7744
    0.7349    0.2983   -0.6091
...   138 A-T ...
   -8.6759   58.7133    3.6025
   -0.0345   -0.7815   -0.6229
   -0.6536    0.4891   -0.5775
    0.7560    0.3872   -0.5277
...   139 G-C ...
   -6.3275   59.0727    1.6297
   -0.2969   -0.3279   -0.8968
   -0.5657    0.8171   -0.1114
    0.7693    0.4742   -0.4281
...   140 C-G ...
   -3.4369   60.2279    1.0288
   -0.4426    0.2287   -0.8671
   -0.1681    0.9286    0.3308
    0.8808    0.2922   -0.3725
...   141 G-C ...
   -0.6977   63.8912   -2.2508
   -0.9992    0.0157   -0.0376
   -0.0024    0.8991    0.4378
    0.0407    0.4375   -0.8983
...   142 C-G ...
   -1.0065   65.5988   -4.9400
   -0.8337    0.5216    0.1813
    0.5170    0.6219    0.5881
    0.1940    0.5841   -0.7882
...   143 T-A ...
   -0.1333   66.2084   -7.8195
   -0.3753    0.8566    0.3540
    0.8856    0.2187    0.4098
    0.2736    0.4673   -0.8407
...   144 C-G ...
   -0.1666   67.4020  -10.8066
    0.1797    0.8793    0.4411
    0.9277   -0.3007    0.2214
    0.3273    0.3694   -0.8697
...   145 A-T ...
    0.5266   69.2313  -13.4658
    0.7352    0.4964    0.4616
    0.6118   -0.7791   -0.1367
    0.2918    0.3829   -0.8765
...   146 C-G ...
    1.4338   72.0892  -15.6018
    0.9809    0.0621    0.1844
    0.1264   -0.9240   -0.3608
    0.1480    0.3772   -0.9142
...   147 A-T ...
    2.3047   74.2222  -18.3862
    0.8657   -0.4292   -0.2575
   -0.4984   -0.7868   -0.3642
   -0.0463    0.4436   -0.8950
