  147 base-pairs
...     1 A-T ...
    0.0000    0.0000    0.0000
    1.0000    0.0000    0.0000
    0.0000    1.0000    0.0000
    0.0000    0.0000    1.0000
...     2 G-C ...
   -0.1394   -1.2357    3.2268
    0.7529    0.6366    0.1670
   -0.6386    0.7680   -0.0486
   -0.1592   -0.0700    0.9848
...     3 T-A ...
   -0.0365   -3.2932    6.3751
    0.2722    0.9301    0.2466
   -0.9238    0.3243   -0.2033
   -0.2691   -0.1725    0.9475
...     4 G-C ...
   -0.3505   -4.1660    9.4928
   -0.3756    0.9250    0.0579
   -0.8781   -0.3352   -0.3415
   -0.2965   -0.1791    0.9381
...     5 A-T ...
   -0.4462   -4.1476   12.7498
   -0.8116    0.5840   -0.0165
   -0.5523   -0.7762   -0.3042
   -0.1905   -0.2378    0.9524
...     6 G-C ...
   -1.5908   -4.1730   15.6201
   -0.9976    0.0246   -0.0651
   -0.0043   -0.9555   -0.2950
   -0.0695   -0.2940    0.9533
...     7 C-G ...
   -1.1030   -4.4824   18.7362
   -0.8441   -0.5304   -0.0787
    0.5345   -0.8441   -0.0432
   -0.0435   -0.0785    0.9960
...     8 G-C ...
   -2.4028   -7.7290   23.1475
   -0.2754   -0.3293   -0.9032
    0.6650   -0.7437    0.0684
   -0.6942   -0.5818    0.4238
...     9 C-G ...
   -4.4690   -9.9728   24.1132
    0.1145   -0.7025   -0.7024
    0.8512   -0.2952    0.4340
   -0.5122   -0.6476    0.5642
...    10 T-A ...
   -6.7405  -10.8752   25.9697
    0.4841   -0.8363   -0.2574
    0.6595    0.1553    0.7355
   -0.5751   -0.5258    0.6267
...    11 C-G ...
   -9.1656  -12.6208   27.1640
    0.7073   -0.6682    0.2307
    0.3448    0.6110    0.7126
   -0.6171   -0.4245    0.6626
...    12 A-T ...
  -10.9234  -14.6633   29.0693
    0.7515   -0.1377    0.6452
   -0.2029    0.8824    0.4246
   -0.6277   -0.4500    0.6352
...    13 C-G ...
  -11.8476  -17.4863   31.2451
    0.4295    0.2823    0.8578
   -0.5708    0.8209    0.0156
   -0.6998   -0.4963    0.5137
...    14 A-T ...
  -13.5897  -19.7827   33.4259
   -0.1504    0.6104    0.7777
   -0.6874    0.5008   -0.5260
   -0.7106   -0.6136    0.3443
...    15 A-T ...
  -15.8274  -21.7916   34.6316
   -0.4819    0.8126    0.3279
   -0.4877    0.0621   -0.8708
   -0.7279   -0.5796    0.3664
...    16 T-A ...
  -17.9350  -23.6126   36.5549
   -0.6908    0.7013   -0.1758
   -0.1507   -0.3775   -0.9137
   -0.7071   -0.6047    0.3665
...    17 T-A ...
  -20.2205  -25.3722   38.1316
   -0.6743    0.3276   -0.6618
    0.2814   -0.7146   -0.6404
   -0.6827   -0.6181    0.3897
...    18 T-A ...
  -22.5399  -27.1514   39.5199
   -0.3978   -0.1181   -0.9098
    0.6037   -0.7804   -0.1627
   -0.6908   -0.6140    0.3818
...    19 A-T ...
  -24.7256  -29.3733   40.7289
    0.0512   -0.5194   -0.8530
    0.7114   -0.5804    0.3962
   -0.7009   -0.6271    0.3398
...    20 T-A ...
  -27.4984  -31.0443   41.4913
    0.3885   -0.7610   -0.5197
    0.5912   -0.2267    0.7740
   -0.7068   -0.6079    0.3618
...    21 T-A ...
  -29.9665  -32.9929   42.3956
    0.6433   -0.7655    0.0167
    0.2651    0.2431    0.9331
   -0.7183   -0.5958    0.3593
...    22 C-G ...
  -32.3130  -34.9821   43.5322
    0.7000   -0.4678    0.5396
   -0.1600    0.6336    0.7569
   -0.6960   -0.6162    0.3687
...    23 G-C ...
  -34.7148  -36.6089   45.2411
    0.5927    0.0492    0.8039
   -0.5328    0.7725    0.3455
   -0.6040   -0.6331    0.4841
...    24 C-G ...
  -36.4370  -38.9458   46.7330
    0.2683    0.4805    0.8349
   -0.7582    0.6400   -0.1246
   -0.5942   -0.5996    0.5361
...    25 A-T ...
  -38.5917  -40.7597   48.3929
   -0.1229    0.8089    0.5749
   -0.7858    0.2745   -0.5543
   -0.6062   -0.5199    0.6019
...    26 A-T ...
  -40.4379  -42.3926   50.5469
   -0.5203    0.8389    0.1601
   -0.5943   -0.2210   -0.7733
   -0.6133   -0.4975    0.6135
...    27 A-T ...
  -42.2071  -43.8321   52.8571
   -0.7616    0.5726   -0.3035
   -0.2010   -0.6540   -0.7293
   -0.6161   -0.4944    0.6131
...    28 G-C ...
  -44.3453  -44.9933   55.1799
   -0.7110    0.1875   -0.6777
    0.1971   -0.8720   -0.4481
   -0.6750   -0.4522    0.5830
...    29 G-C ...
  -46.9550  -46.1384   57.1125
   -0.4278   -0.2838   -0.8582
    0.5332   -0.8459    0.0140
   -0.7299   -0.4516    0.5131
...    30 C-G ...
  -49.6571  -47.3531   58.4851
   -0.0363   -0.6705   -0.7410
    0.6542   -0.5765    0.4896
   -0.7555   -0.4670    0.4595
...    31 C-G ...
  -52.3979  -48.7113   59.8558
    0.3760   -0.8444   -0.3816
    0.5485   -0.1291    0.8261
   -0.7469   -0.5199    0.4146
...    32 G-C ...
  -54.4251  -50.4658   61.3075
    0.6592   -0.7503    0.0494
    0.2575    0.2870    0.9227
   -0.7065   -0.5955    0.3824
...    33 G-C ...
  -56.4776  -52.9141   62.4163
    0.7219   -0.4453    0.5296
   -0.1696    0.6282    0.7594
   -0.6709   -0.6380    0.3780
...    34 C-G ...
  -58.4955  -55.2643   63.4527
    0.5368   -0.0082    0.8436
   -0.5378    0.7671    0.3497
   -0.6501   -0.6414    0.4074
...    35 C-G ...
  -60.3214  -57.6577   65.0260
    0.1919    0.4488    0.8728
   -0.7457    0.6448   -0.1676
   -0.6380   -0.6187    0.4584
...    36 C-G ...
  -62.1840  -59.8647   66.7370
   -0.1958    0.7600    0.6197
   -0.7386    0.3014   -0.6030
   -0.6451   -0.5758    0.5023
...    37 G-C ...
  -64.6494  -61.8067   67.7784
   -0.4833    0.8620    0.1527
   -0.5148   -0.1388   -0.8460
   -0.7080   -0.4875    0.5109
...    38 A-T ...
  -66.7683  -63.4477   69.4141
   -0.6727    0.6416   -0.3686
   -0.1300   -0.5929   -0.7947
   -0.7284   -0.4867    0.4822
...    39 C-G ...
  -69.2330  -64.4964   71.1346
   -0.5935    0.2913   -0.7503
    0.2095   -0.8442   -0.4934
   -0.7771   -0.4500    0.4400
...    40 A-T ...
  -71.9849  -65.8098   72.4582
   -0.2885   -0.1520   -0.9453
    0.4567   -0.8896    0.0037
   -0.8415   -0.4307    0.3261
...    41 C-G ...
  -75.0297  -66.8681   73.0876
    0.0230   -0.5522   -0.8334
    0.5139   -0.7086    0.4836
   -0.8576   -0.4394    0.2674
...    42 G-C ...
  -77.6276  -68.6753   74.0756
    0.3564   -0.8347   -0.4198
    0.3440   -0.3005    0.8896
   -0.8687   -0.4615    0.1800
...    43 A-T ...
  -80.4024  -70.1237   74.5816
    0.4810   -0.8579    0.1806
    0.0718    0.2438    0.9672
   -0.8738   -0.4523    0.1789
...    44 C-G ...
  -83.1751  -71.9617   74.5876
    0.4626   -0.5952    0.6571
   -0.2028    0.6505    0.7319
   -0.8631   -0.4718    0.1802
...    45 T-A ...
  -85.9405  -74.3157   74.9194
    0.2695   -0.1481    0.9515
   -0.4075    0.8777    0.2521
   -0.8725   -0.4557    0.1762
...    46 T-A ...
  -88.5738  -76.1882   75.3282
    0.0002    0.3039    0.9527
   -0.4567    0.8476   -0.2703
   -0.8896   -0.4351    0.1390
...    47 A-T ...
  -91.4456  -77.6935   75.9801
   -0.1454    0.7566    0.6375
   -0.3890    0.5487   -0.7400
   -0.9097   -0.3556    0.2146
...    48 C-G ...
  -94.1260  -79.1039   77.2271
   -0.2697    0.9502    0.1559
   -0.2581    0.0846   -0.9624
   -0.9277   -0.2998    0.2225
...    49 T-A ...
  -97.1240  -79.9194   78.4533
   -0.2673    0.8873   -0.3759
   -0.1188   -0.4174   -0.9009
   -0.9563   -0.1961    0.2169
...    50 G-C ...
 -100.4850  -80.1153   79.0689
   -0.1003    0.5560   -0.8251
   -0.0143   -0.8300   -0.5575
   -0.9949   -0.0441    0.0912
...    51 T-A ...
 -103.6128  -79.6833   79.4886
   -0.0098    0.1086   -0.9940
    0.0044   -0.9941   -0.1086
   -0.9999   -0.0055    0.0093
...    52 A-T ...
 -106.8483  -79.2160   79.0037
    0.1544   -0.4216   -0.8935
   -0.0802   -0.9067    0.4140
   -0.9847    0.0077   -0.1738
...    53 G-C ...
 -109.9267  -78.8566   78.1378
    0.1603   -0.8100   -0.5641
   -0.2032   -0.5863    0.7842
   -0.9659   -0.0110   -0.2586
...    54 G-C ...
 -113.1012  -78.6957   76.3087
    0.0634   -0.9969   -0.0460
   -0.2972   -0.0628    0.9528
   -0.9527   -0.0467   -0.3002
...    55 T-A ...
 -116.0559  -79.0671   74.8654
   -0.1284   -0.8856    0.4463
   -0.2956    0.4637    0.8352
   -0.9466   -0.0247   -0.3213
...    56 A-T ...
 -119.1296  -79.3995   73.5079
   -0.2923   -0.4374    0.8504
   -0.1566    0.8992    0.4087
   -0.9434   -0.0137   -0.3313
...    57 T-A ...
 -122.0902  -80.1426   72.2251
   -0.3652    0.0809    0.9274
    0.0418    0.9966   -0.0705
   -0.9300    0.0130   -0.3674
...    58 C-G ...
 -125.2869  -80.3489   71.1719
   -0.2569    0.6720    0.6946
    0.2867    0.7393   -0.6092
   -0.9229    0.0426   -0.3826
...    59 T-A ...
 -128.4765  -80.1910   70.2310
    0.0086    0.9475    0.3196
    0.3810    0.2924   -0.8771
   -0.9245    0.1293   -0.3585
...    60 C-G ...
 -131.5971  -79.6472   69.1629
    0.2954    0.9376   -0.1834
    0.2993   -0.2732   -0.9142
   -0.9073    0.2151   -0.3613
...    61 G-C ...
 -134.3080  -78.6772   67.5410
    0.6479    0.6083   -0.4585
    0.0730   -0.6487   -0.7575
   -0.7583    0.4573   -0.4647
...    62 A-T ...
 -136.7133  -76.9797   65.9747
    0.6439    0.1133   -0.7567
   -0.3157   -0.8615   -0.3976
   -0.6970    0.4949   -0.5190
...    63 G-C ...
 -138.6419  -74.9913   64.1229
    0.4464   -0.3753   -0.8123
   -0.6380   -0.7701    0.0052
   -0.6275    0.5159   -0.5832
...    64 C-G ...
 -140.2966  -73.0275   61.8709
    0.0131   -0.7647   -0.6443
   -0.8061   -0.3894    0.4457
   -0.5917    0.5135   -0.6215
...    65 T-A ...
 -142.0522  -71.3031   59.7021
   -0.4290   -0.8460   -0.3165
   -0.7136    0.1026    0.6930
   -0.5538    0.5231   -0.6478
...    66 C-G ...
 -144.0812  -69.6381   57.7260
   -0.7820   -0.6044    0.1524
   -0.3268    0.6058    0.7254
   -0.5308    0.5174   -0.6713
...    67 G-C ...
 -145.9992  -67.0834   56.2398
   -0.8178   -0.1549    0.5543
    0.1824    0.8438    0.5048
   -0.5459    0.5139   -0.6617
...    68 G-C ...
 -147.6573  -65.3907   53.8729
   -0.5463    0.3089    0.7786
    0.6430    0.7503    0.1535
   -0.5367    0.5845   -0.6085
...    69 G-C ...
 -149.5704  -63.6077   51.7849
   -0.0590    0.5904    0.8050
    0.8396    0.4656   -0.2799
   -0.5400    0.6593   -0.5232
...    70 A-T ...
 -151.5214  -61.4923   50.1656
    0.4685    0.7101    0.5255
    0.7234    0.0331   -0.6897
   -0.5072    0.7033   -0.4982
...    71 T-A ...
 -153.4695  -59.0701   49.1006
    0.7967    0.5902    0.1300
    0.3828   -0.3265   -0.8642
   -0.4676    0.7383   -0.4860
...    72 C-G ...
 -154.8658  -56.4630   47.6980
    0.9048    0.2448   -0.3485
   -0.1500   -0.5827   -0.7987
   -0.3986    0.7749   -0.4905
...    73 C-G ...
 -155.9897  -53.7705   46.2105
    0.7495   -0.1902   -0.6341
   -0.6002   -0.5994   -0.5296
   -0.2794    0.7775   -0.5634
...    74 G-C ...
 -156.9813  -51.5065   44.0114
    0.3429   -0.5874   -0.7331
   -0.9255   -0.3448   -0.1567
   -0.1607    0.7322   -0.6619
...    75 C-G ...
 -156.9283  -49.0868   41.5180
   -0.2500   -0.6830   -0.6863
   -0.9607    0.0863    0.2640
   -0.1210    0.7253   -0.6777
...    76 T-A ...
 -157.0823  -47.0367   38.6880
   -0.7567   -0.4935   -0.4289
   -0.6514    0.5132    0.5588
   -0.0557    0.7022   -0.7098
...    77 T-A ...
 -157.0210  -44.9836   36.1371
   -0.9968   -0.0345   -0.0715
   -0.0752    0.6988    0.7114
    0.0254    0.7145   -0.6992
...    78 T-A ...
 -156.8436  -42.9232   33.5793
   -0.8501    0.4248    0.3113
    0.5178    0.5661    0.6415
    0.0963    0.7065   -0.7012
...    79 A-T ...
 -155.8015  -40.4653   31.5563
   -0.3548    0.7111    0.6070
    0.9222    0.1596    0.3522
    0.1536    0.6848   -0.7124
...    80 A-T ...
 -155.4463  -38.2658   29.2821
    0.2091    0.6597    0.7219
    0.9598   -0.2797   -0.0224
    0.1872    0.6975   -0.6917
...    81 C-G ...
 -155.3529  -35.6701   27.1716
    0.6720    0.3838    0.6334
    0.7052   -0.5929   -0.3889
    0.2263    0.7079   -0.6690
...    82 A-T ...
 -154.4732  -33.1821   25.1101
    0.9133   -0.1058    0.3934
    0.2201   -0.6844   -0.6950
    0.3428    0.7213   -0.6018
...    83 C-G ...
 -153.0519  -30.5034   23.7155
    0.8769   -0.4807    0.0068
   -0.2735   -0.5105   -0.8152
    0.3954    0.7130   -0.5791
...    84 T-A ...
 -151.1437  -27.8896   22.1628
    0.5319   -0.7370   -0.4170
   -0.7084   -0.1174   -0.6960
    0.4640    0.6656   -0.5845
...    85 T-A ...
 -149.2960  -25.7900   20.4729
    0.0322   -0.6455   -0.7631
   -0.8776    0.3471   -0.3307
    0.4783    0.6803   -0.5553
...    86 T-A ...
 -147.4377  -23.7213   18.7579
   -0.4604   -0.3032   -0.8343
   -0.7369    0.6546    0.1688
    0.4950    0.6925   -0.5248
...    87 A-T ...
 -145.8514  -21.1102   17.1618
   -0.8013    0.2401   -0.5479
   -0.2634    0.6808    0.6835
    0.5371    0.6920   -0.4823
...    88 T-A ...
 -144.0725  -19.3407   15.0463
   -0.8353    0.5292   -0.1489
    0.1514    0.4819    0.8631
    0.5285    0.6984   -0.4827
...    89 G-C ...
 -142.2887  -17.0236   13.2539
   -0.6008    0.6825    0.4162
    0.6070    0.0508    0.7931
    0.5201    0.7291   -0.4448
...    90 T-A ...
 -140.9729  -14.6838   11.4788
   -0.2206    0.5773    0.7861
    0.8264   -0.3176    0.4651
    0.5182    0.7522   -0.4071
...    91 C-G ...
 -139.3196  -12.2193   10.2838
    0.2425    0.2555    0.9359
    0.8161   -0.5754   -0.0544
    0.5246    0.7769   -0.3481
...    92 A-T ...
 -137.6641   -9.5405    9.0505
    0.5702   -0.1978    0.7973
    0.5810   -0.5890   -0.5617
    0.5807    0.7835   -0.2209
...    93 T-A ...
 -135.9167   -6.8252    8.7948
    0.7399   -0.5139    0.4342
    0.2378   -0.4040   -0.8833
    0.6293    0.7568   -0.1767
...    94 G-C ...
 -133.5442   -4.3048    8.5019
    0.6577   -0.7427   -0.1254
   -0.1984   -0.0102   -0.9801
    0.7267    0.6695   -0.1541
...    95 T-A ...
 -130.8654   -2.2926    8.6148
    0.4408   -0.6539   -0.6149
   -0.4960    0.3935   -0.7740
    0.7481    0.6462   -0.1509
...    96 T-A ...
 -128.3285   -0.4008    8.2538
    0.0895   -0.3371   -0.9372
   -0.6359    0.7049   -0.3143
    0.7665    0.6241   -0.1513
...    97 A-T ...
 -125.8604    1.8539    7.7014
   -0.3221    0.1607   -0.9330
   -0.5503    0.7701    0.3227
    0.7703    0.6174   -0.1596
...    98 T-A ...
 -123.0593    3.2855    6.8462
   -0.5326    0.5417   -0.6503
   -0.3163    0.5853    0.7466
    0.7851    0.6033   -0.1404
...    99 A-T ...
 -120.3851    5.3933    6.6846
   -0.5976    0.8007   -0.0427
    0.0862    0.1171    0.9894
    0.7971    0.5876   -0.1390
...   100 A-T ...
 -117.8642    7.2669    6.0713
   -0.4428    0.7321    0.5177
    0.3891   -0.3633    0.8465
    0.8078    0.5763   -0.1240
...   101 C-G ...
 -115.4901    9.5589    5.1714
   -0.1654    0.4124    0.8959
    0.5553   -0.7117    0.4302
    0.8150    0.5687   -0.1113
...   102 G-C ...
 -112.6724   11.1927    5.1936
    0.0492   -0.1212    0.9914
    0.5704   -0.8115   -0.1274
    0.8199    0.5717    0.0292
...   103 G-C ...
 -110.0521   13.0917    5.7452
    0.2425   -0.5841    0.7746
    0.5018   -0.6078   -0.6155
    0.8303    0.5379    0.1457
...   104 A-T ...
 -107.3628   14.7305    6.5108
    0.4277   -0.8634    0.2677
    0.2974   -0.1453   -0.9436
    0.8536    0.4832    0.1946
...   105 C-G ...
 -104.7517   16.2374    7.8464
    0.4653   -0.8417   -0.2739
    0.0548    0.3362   -0.9402
    0.8835    0.4224    0.2026
...   106 T-A ...
 -101.4869   17.1905    9.0511
    0.3697   -0.5324   -0.7615
   -0.1989    0.7552   -0.6245
    0.9076    0.3823    0.1733
...   107 T-A ...
  -98.4913   18.1586    9.6556
    0.1574   -0.0411   -0.9867
   -0.3453    0.9338   -0.0939
    0.9252    0.3555    0.1327
...   108 C-G ...
  -95.3192   19.1307    9.9019
   -0.0980    0.4927   -0.8647
   -0.3543    0.7946    0.4930
    0.9300    0.3547    0.0967
...   109 C-G ...
  -92.2152   20.2029   10.0610
   -0.3575    0.7958   -0.4888
   -0.2353    0.4298    0.8717
    0.9038    0.4267    0.0336
...   110 G-C ...
  -89.5556   21.6910   10.4202
   -0.5078    0.8613    0.0196
    0.0037   -0.0206    0.9998
    0.8615    0.5078    0.0073
...   111 G-C ...
  -86.9212   23.7810   10.2768
   -0.4690    0.6768    0.5674
    0.3071   -0.4773    0.8233
    0.8281    0.5604    0.0160
...   112 C-G ...
  -84.5041   26.0985   10.1074
   -0.2559    0.2845    0.9239
    0.5177   -0.7668    0.3795
    0.8164    0.5754    0.0490
...   113 T-A ...
  -81.9560   28.2065   10.2836
    0.0181   -0.1791    0.9837
    0.5819   -0.7981   -0.1560
    0.8130    0.5753    0.0898
...   114 C-G ...
  -79.2272   30.0466   10.7010
    0.3179   -0.6266    0.7115
    0.4809   -0.5402   -0.6906
    0.8171    0.5617    0.1296
...   115 G-C ...
  -76.3115   31.6396   10.7504
    0.4633   -0.8687    0.1752
    0.2175   -0.0802   -0.9728
    0.8591    0.4888    0.1518
...   116 T-A ...
  -73.4364   32.8297   11.8586
    0.4599   -0.8071   -0.3702
   -0.0521    0.3917   -0.9186
    0.8864    0.4418    0.1381
...   117 A-T ...
  -70.2441   33.7990   12.7147
    0.2606   -0.4929   -0.8301
   -0.2641    0.7907   -0.5524
    0.9286    0.3631    0.0759
...   118 T-A ...
  -67.0748   34.2945   13.2057
    0.0961   -0.0360   -0.9947
   -0.3547    0.9325   -0.0680
    0.9300    0.3594    0.0769
...   119 A-T ...
  -64.0258   35.6406   13.4237
   -0.1757    0.4854   -0.8565
   -0.3123    0.7976    0.5161
    0.9336    0.3582    0.0115
...   120 A-T ...
  -60.9403   36.5925   13.1664
   -0.3395    0.8411   -0.4210
   -0.1460    0.3951    0.9070
    0.9292    0.3694   -0.0114
...   121 T-A ...
  -57.8701   37.6838   12.4335
   -0.3582    0.9274    0.1078
    0.0568   -0.0936    0.9940
    0.9319    0.3622   -0.0191
...   122 G-C ...
  -54.7545   39.0733   12.2012
   -0.3104    0.6736    0.6708
    0.2670   -0.6155    0.7415
    0.9124    0.4092    0.0112
...   123 T-A ...
  -51.9764   40.8116   12.0008
   -0.1381    0.2752    0.9514
    0.3885   -0.8686    0.3076
    0.9110    0.4121    0.0130
...   124 G-C ...
  -48.9819   42.2774   12.1245
    0.0541   -0.2978    0.9531
    0.4193   -0.8595   -0.2924
    0.9062    0.4155    0.0783
...   125 T-A ...
  -46.3068   44.0099   12.6162
    0.2257   -0.7140    0.6627
    0.3316   -0.5834   -0.7414
    0.9160    0.3871    0.1051
...   126 C-G ...
  -43.4072   45.2235   13.0388
    0.3757   -0.9207    0.1060
    0.1415   -0.0561   -0.9884
    0.9159    0.3863    0.1092
...   127 G-C ...
  -40.3082   46.3272   12.9149
    0.2164   -0.8862   -0.4097
   -0.0405    0.4112   -0.9107
    0.9755    0.2137    0.0531
...   128 A-T ...
  -37.2568   47.0728   13.1891
    0.1354   -0.4911   -0.8605
   -0.1768    0.8426   -0.5087
    0.9749    0.2210    0.0272
...   129 C-G ...
  -33.9803   47.0275   13.5328
   -0.0288    0.0086   -0.9995
   -0.2041    0.9788    0.0143
    0.9785    0.2045   -0.0264
...   130 C-G ...
  -30.6283   47.2342   12.8744
   -0.2466    0.4797   -0.8421
   -0.1086    0.8497    0.5159
    0.9630    0.2187   -0.1575
...   131 A-T ...
  -27.5614   48.5533   12.5332
   -0.3757    0.8391   -0.3934
    0.0901    0.4556    0.8856
    0.9224    0.2972   -0.2468
...   132 A-T ...
  -24.6293   49.5940   11.4795
   -0.2524    0.9511    0.1780
    0.3037   -0.0968    0.9478
    0.9187    0.2933   -0.2644
...   133 A-T ...
  -21.7768   50.6346   10.2333
    0.0282    0.7251    0.6880
    0.3816   -0.6440    0.6631
    0.9239    0.2438   -0.2948
...   134 T-A ...
  -19.0159   52.0244    8.9251
    0.2452    0.2905    0.9249
    0.3073   -0.9281    0.2101
    0.9195    0.2328   -0.3169
...   135 G-C ...
  -16.4637   53.8825    7.5154
    0.5339   -0.3333    0.7771
    0.0346   -0.9097   -0.4139
    0.8449    0.2479   -0.4741
...   136 T-A ...
  -14.1749   56.5547    6.1810
    0.5795   -0.7269    0.3685
   -0.3141   -0.6164   -0.7221
    0.7521    0.3026   -0.5855
...   137 G-C ...
  -11.6538   57.9992    4.7206
    0.2452   -0.9542   -0.1714
   -0.6323   -0.0234   -0.7744
    0.7349    0.2983   -0.6091
...   138 A-T ...
   -8.6758   58.7133    3.6026
   -0.0345   -0.7815   -0.6229
   -0.6536    0.4891   -0.5775
    0.7560    0.3872   -0.5277
...   139 G-C ...
   -6.3275   59.0727    1.6298
   -0.2969   -0.3279   -0.8968
   -0.5657    0.8171   -0.1114
    0.7693    0.4742   -0.4281
...   140 C-G ...
   -3.4369   60.2279    1.0288
   -0.4426    0.2287   -0.8671
   -0.1681    0.9286    0.3308
    0.8808    0.2922   -0.3725
...   141 G-C ...
   -0.6976   63.8912   -2.2508
   -0.9992    0.0157   -0.0376
   -0.0024    0.8991    0.4378
    0.0407    0.4375   -0.8983
...   142 C-G ...
   -1.0064   65.5988   -4.9399
   -0.8337    0.5216    0.1813
    0.5170    0.6219    0.5881
    0.1940    0.5841   -0.7882
...   143 T-A ...
   -0.1332   66.2084   -7.8194
   -0.3753    0.8566    0.3540
    0.8856    0.2187    0.4098
    0.2736    0.4673   -0.8407
...   144 C-G ...
   -0.1666   67.4020  -10.8066
    0.1798    0.8793    0.4411
    0.9277   -0.3007    0.2214
    0.3273    0.3694   -0.8697
...   145 A-T ...
    0.5267   69.2313  -13.4658
    0.7352    0.4964    0.4616
    0.6118   -0.7791   -0.1367
    0.2918    0.3829   -0.8765
...   146 C-G ...
    1.4338   72.0892  -15.6017
    0.9809    0.0621    0.1844
    0.1264   -0.9240   -0.3608
    0.1480    0.3772   -0.9142
...   147 A-T ...
    2.3047   74.2222  -18.3861
    0.8657   -0.4292   -0.2575
   -0.4984   -0.7868   -0.3642
   -0.0463    0.4436   -0.8950
