  147 base-pairs
...     1 A-T ...
    0.0000    0.0000    0.0000
    1.0000    0.0000    0.0000
    0.0000    1.0000    0.0000
    0.0000    0.0000    1.0000
...     2 G-C ...
   -0.1394   -1.2357    3.2268
    0.7529    0.6366    0.1670
   -0.6386    0.7680   -0.0486
   -0.1592   -0.0700    0.9848
...     3 T-A ...
   -0.0365   -3.2932    6.3751
    0.2722    0.9301    0.2466
   -0.9238    0.3243   -0.2033
   -0.2691   -0.1725    0.9475
...     4 G-C ...
   -0.3505   -4.1660    9.4928
   -0.3756    0.9250    0.0579
   -0.8781   -0.3352   -0.3415
   -0.2965   -0.1791    0.9381
...     5 A-T ...
   -0.4462   -4.1476   12.7498
   -0.8116    0.5840   -0.0165
   -0.5523   -0.7762   -0.3042
   -0.1905   -0.2378    0.9524
...     6 G-C ...
   -1.5908   -4.1730   15.6201
   -0.9976    0.0246   -0.0651
   -0.0043   -0.9555   -0.2950
   -0.0695   -0.2940    0.9533
...     7 C-G ...
   -1.1030   -4.4824   18.7362
   -0.8441   -0.5304   -0.0787
    0.5345   -0.8441   -0.0432
   -0.0435   -0.0785    0.9960
...     8 G-C ...
   -2.4028   -7.7290   23.1475
   -0.2754   -0.3293   -0.9032
    0.6650   -0.7437    0.0684
   -0.6942   -0.5818    0.4238
...     9 C-G ...
   -4.4690   -9.9728   24.1132
    0.1145   -0.7025   -0.7024
    0.8512   -0.2952    0.4340
   -0.5122   -0.6476    0.5642
...    10 T-A ...
   -6.7405  -10.8752   25.9697
    0.4841   -0.8363   -0.2574
    0.6595    0.1553    0.7355
   -0.5751   -0.5258    0.6267
...    11 C-G ...
   -9.1656  -12.6208   27.1640
    0.7073   -0.6682    0.2307
    0.3448    0.6110    0.7126
   -0.6171   -0.4245    0.6626
...    12 A-T ...
  -10.9234  -14.6633   29.0693
    0.7515   -0.1377    0.6452
   -0.2029    0.8824    0.4246
   -0.6277   -0.4500    0.6352
...    13 C-G ...
  -11.8476  -17.4863   31.2451
    0.4295    0.2823    0.8578
   -0.5708    0.8209    0.0156
   -0.6998   -0.4963    0.5137
...    14 A-T ...
  -13.5897  -19.7827   33.4259
   -0.1504    0.6104    0.7777
   -0.6874    0.5008   -0.5260
   -0.7106   -0.6136    0.3443
...    15 A-T ...
  -15.8293  -21.7900   34.6298
   -0.4806    0.8133    0.3279
   -0.4880    0.0627   -0.8706
   -0.7286   -0.5784    0.3668
...    16 T-A ...
  -17.9392  -23.6058   36.5544
   -0.6894    0.7028   -0.1755
   -0.1521   -0.3772   -0.9135
   -0.7082   -0.6031    0.3670
...    17 T-A ...
  -20.2287  -25.3587   38.1329
   -0.6737    0.3296   -0.6614
    0.2788   -0.7155   -0.6405
   -0.6844   -0.6160    0.3902
...    18 T-A ...
  -22.5538  -27.1291   39.5212
   -0.3987   -0.1162   -0.9097
    0.6006   -0.7827   -0.1633
   -0.6930   -0.6115    0.3819
...    19 A-T ...
  -24.7531  -29.3377   40.7283
    0.0481   -0.5188   -0.8535
    0.7089   -0.5842    0.3951
   -0.7036   -0.6241    0.3397
...    20 T-A ...
  -27.5348  -30.9942   41.4924
    0.3838   -0.7627   -0.5206
    0.5907   -0.2306    0.7732
   -0.7098   -0.6043    0.3620
...    21 T-A ...
  -30.0142  -32.9285   42.3971
    0.6385   -0.7694    0.0156
    0.2675    0.2409    0.9329
   -0.7216   -0.5915    0.3597
...    22 C-G ...
  -32.3741  -34.9015   43.5340
    0.6975   -0.4727    0.5385
   -0.1549    0.6343    0.7574
   -0.6996   -0.6118    0.3692
...    23 G-C ...
  -34.7901  -36.5086   45.2409
    0.5941    0.0447    0.8031
   -0.5264    0.7765    0.3462
   -0.6082   -0.6285    0.4849
...    24 C-G ...
  -36.5286  -38.8320   46.7340
    0.2733    0.4784    0.8345
   -0.7534    0.6459   -0.1236
   -0.5981   -0.5949    0.5369
...    25 A-T ...
  -38.6928  -40.6284   48.3986
   -0.1145    0.8099    0.5752
   -0.7846    0.2815   -0.5525
   -0.6094   -0.5146    0.6032
...    26 A-T ...
  -40.5486  -42.2432   50.5577
   -0.5119    0.8437    0.1616
   -0.5984   -0.2153   -0.7717
   -0.6163   -0.4917    0.6151
...    27 A-T ...
  -42.3251  -43.6642   52.8736
   -0.7567    0.5802   -0.3012
   -0.2097   -0.6518   -0.7288
   -0.6192   -0.4883    0.6149
...    28 G-C ...
  -44.4684  -44.8022   55.2030
   -0.7111    0.1952   -0.6754
    0.1866   -0.8738   -0.4490
   -0.6778   -0.4453    0.5850
...    29 G-C ...
  -47.0852  -45.9180   57.1436
   -0.4337   -0.2784   -0.8570
    0.5240   -0.8516    0.0114
   -0.7330   -0.4441    0.5152
...    30 C-G ...
  -49.7960  -47.1015   58.5257
   -0.0464   -0.6689   -0.7419
    0.6496   -0.5844    0.4863
   -0.7588   -0.4594    0.4617
...    31 C-G ...
  -52.5483  -48.4279   59.9055
    0.3652   -0.8476   -0.3849
    0.5506   -0.1367    0.8235
   -0.7506   -0.5127    0.4168
...    32 G-C ...
  -54.5900  -50.1599   61.3613
    0.6515   -0.7574    0.0442
    0.2651    0.2818    0.9221
   -0.7108   -0.5891    0.3844
...    33 G-C ...
  -56.6616  -52.5891   62.4733
    0.7202   -0.4544    0.5243
   -0.1590    0.6274    0.7623
   -0.6753   -0.6324    0.3796
...    34 C-G ...
  -58.6954  -54.9224   63.5143
    0.5416   -0.0168    0.8404
   -0.5280    0.7711    0.3557
   -0.6541   -0.6364    0.4088
...    35 C-G ...
  -60.5347  -57.3022   65.0915
    0.2014    0.4430    0.8736
   -0.7406    0.6525   -0.1602
   -0.6410   -0.6147    0.4595
...    36 C-G ...
  -62.4081  -59.4947   66.8062
   -0.1850    0.7585    0.6249
   -0.7399    0.3110   -0.5965
   -0.6468   -0.5727    0.5037
...    37 G-C ...
  -64.8867  -61.4174   67.8538
   -0.4753    0.8650    0.1609
   -0.5219   -0.1299   -0.8431
   -0.7083   -0.4847    0.5132
...    38 A-T ...
  -67.0066  -63.0507   69.4951
   -0.6703    0.6490   -0.3599
   -0.1403   -0.5871   -0.7973
   -0.7287   -0.4839    0.4846
...    39 C-G ...
  -69.4677  -64.0903   71.2277
   -0.5969    0.3005   -0.7439
    0.1996   -0.8424   -0.5005
   -0.7771   -0.4473    0.4429
...    40 A-T ...
  -72.2175  -65.3898   72.5669
   -0.2969   -0.1427   -0.9442
    0.4506   -0.8927   -0.0067
   -0.8419   -0.4275    0.3293
...    41 C-G ...
  -75.2630  -66.4318   73.2123
    0.0131   -0.5448   -0.8384
    0.5132   -0.7160    0.4733
   -0.8582   -0.4365    0.2702
...    42 G-C ...
  -77.8640  -68.2309   74.2063
    0.3492   -0.8318   -0.4315
    0.3499   -0.3115    0.8835
   -0.8693   -0.4595    0.1823
...    43 A-T ...
  -80.6405  -69.6716   74.7196
    0.4792   -0.8617    0.1667
    0.0810    0.2325    0.9692
   -0.8739   -0.4510    0.1812
...    44 C-G ...
  -83.4206  -71.4965   74.7251
    0.4669   -0.6043    0.6456
   -0.1943    0.6421    0.7416
   -0.8627   -0.4717    0.1824
...    45 T-A ...
  -86.1872  -73.8490   75.0546
    0.2780   -0.1609    0.9470
   -0.4037    0.8750    0.2672
   -0.8716   -0.4566    0.1783
...    46 T-A ...
  -88.8181  -75.7277   75.4603
    0.0095    0.2900    0.9570
   -0.4588    0.8516   -0.2535
   -0.8885   -0.4366    0.1411
...    47 A-T ...
  -91.6904  -77.2330   76.1092
   -0.1432    0.7471    0.6491
   -0.3951    0.5582   -0.7296
   -0.9074   -0.3609    0.2153
...    48 C-G ...
  -94.3622  -78.6654   77.3559
   -0.2730    0.9466    0.1714
   -0.2642    0.0976   -0.9595
   -0.9250   -0.3072    0.2234
...    49 T-A ...
  -97.3506  -79.5117   78.5865
   -0.2743    0.8912   -0.3612
   -0.1211   -0.4046   -0.9064
   -0.9540   -0.2049    0.2189
...    50 G-C ...
 -100.7051  -79.7416   79.2159
   -0.1093    0.5678   -0.8159
   -0.0100   -0.8214   -0.5703
   -0.9940   -0.0542    0.0954
...    51 T-A ...
 -103.8345  -79.3440   79.6609
   -0.0152    0.1251   -0.9920
    0.0136   -0.9920   -0.1253
   -0.9998   -0.0154    0.0134
...    52 A-T ...
 -107.0745  -78.8652   79.1835
    0.1616   -0.4002   -0.9021
   -0.0688   -0.9164    0.3942
   -0.9845   -0.0017   -0.1756
...    53 G-C ...
 -110.1563  -78.5220   78.3252
    0.1752   -0.7944   -0.5816
   -0.1962   -0.6070    0.7701
   -0.9648   -0.0208   -0.2622
...    54 G-C ...
 -113.3262  -78.3716   76.4875
    0.0823   -0.9942   -0.0687
   -0.2998   -0.0904    0.9497
   -0.9504   -0.0575   -0.3055
...    55 T-A ...
 -116.2643  -78.7697   75.0214
   -0.1117   -0.8984    0.4247
   -0.3093    0.4376    0.8443
   -0.9444   -0.0371   -0.3267
...    56 A-T ...
 -119.3222  -79.1461   73.6397
   -0.2858   -0.4649    0.8380
   -0.1803    0.8849    0.4294
   -0.9412   -0.0284   -0.3367
...    57 T-A ...
 -122.2565  -79.9311   72.3195
   -0.3725    0.0490    0.9267
    0.0170    0.9988   -0.0459
   -0.9279   -0.0014   -0.3729
...    58 C-G ...
 -125.4385  -80.1939   71.2396
   -0.2799    0.6477    0.7087
    0.2716    0.7614   -0.5886
   -0.9208    0.0278   -0.3890
...    59 T-A ...
 -128.6258  -80.1004   70.2766
   -0.0211    0.9395    0.3420
    0.3804    0.3239   -0.8662
   -0.9246    0.1119   -0.3642
...    60 C-G ...
 -131.7553  -79.6300   69.1906
    0.2690    0.9499   -0.1594
    0.3179   -0.2438   -0.9162
   -0.9092    0.1958   -0.3676
...    61 G-C ...
 -134.4770  -78.7183   67.5588
    0.6327    0.6392   -0.4373
    0.1053   -0.6304   -0.7691
   -0.7672    0.4405   -0.4662
...    62 A-T ...
 -136.9252  -77.0931   65.9968
    0.6520    0.1509   -0.7431
   -0.2770   -0.8649   -0.4187
   -0.7058    0.4788   -0.5221
...    63 G-C ...
 -138.8889  -75.1392   64.1463
    0.4761   -0.3434   -0.8096
   -0.6079   -0.7938   -0.0208
   -0.6355    0.5020   -0.5867
...    64 C-G ...
 -140.5681  -73.1989   61.8968
    0.0580   -0.7523   -0.6562
   -0.7989   -0.4291    0.4214
   -0.5986    0.4998   -0.6259
...    65 T-A ...
 -142.3364  -71.5084   59.7127
   -0.3838   -0.8591   -0.3386
   -0.7333    0.0607    0.6772
   -0.5613    0.5082   -0.6533
...    66 C-G ...
 -144.4003  -69.9243   57.7147
   -0.7558   -0.6428    0.1244
   -0.3746    0.5804    0.7230
   -0.5370    0.4999   -0.6795
...    67 G-C ...
 -146.4109  -67.4565   56.2057
   -0.8241   -0.2011    0.5296
    0.1258    0.8465    0.5173
   -0.5523    0.4929   -0.6723
...    68 G-C ...
 -148.0972  -65.8335   53.8101
   -0.5843    0.2736    0.7640
    0.5980    0.7816    0.1774
   -0.5486    0.5605   -0.6203
...    69 G-C ...
 -150.0402  -64.1357   51.6803
   -0.1145    0.5813    0.8056
    0.8216    0.5113   -0.2522
   -0.5585    0.6329   -0.5362
...    70 A-T ...
 -152.0560  -62.1214   50.0085
    0.4128    0.7328    0.5408
    0.7412    0.0748   -0.6671
   -0.5293    0.6763   -0.5123
...    71 T-A ...
 -154.1017  -59.8073   48.8854
    0.7584    0.6332    0.1549
    0.4269   -0.3029   -0.8521
   -0.4926    0.7123   -0.5000
...    72 C-G ...
 -155.6000  -57.2829   47.4396
    0.9001    0.2958   -0.3198
   -0.0913   -0.5898   -0.8024
   -0.4260    0.7514   -0.5039
...    73 C-G ...
 -156.8495  -54.6654   45.9209
    0.7807   -0.1485   -0.6071
   -0.5461   -0.6343   -0.5471
   -0.3038    0.7587   -0.5763
...    74 G-C ...
 -157.8888  -52.4697   43.6755
    0.4051   -0.5705   -0.7145
   -0.8969   -0.3997   -0.1893
   -0.1776    0.7175   -0.6736
...    75 C-G ...
 -157.8776  -50.0673   41.1664
   -0.1813   -0.7016   -0.6892
   -0.9739    0.0307    0.2250
   -0.1366    0.7119   -0.6888
...    76 T-A ...
 -158.0406  -48.0600   38.3057
   -0.7072   -0.5422   -0.4538
   -0.7037    0.4779    0.5258
   -0.0682    0.6911   -0.7195
...    77 T-A ...
 -157.9975  -46.0332   35.7341
   -0.9890   -0.0964   -0.1121
   -0.1475    0.7003    0.6985
    0.0112    0.7073   -0.7068
...    78 T-A ...
 -157.8394  -43.9981   33.1557
   -0.8870    0.3756    0.2686
    0.4541    0.6042    0.6547
    0.0836    0.7027   -0.7065
...    79 A-T ...
 -156.8480  -41.5091   31.1504
   -0.4227    0.7009    0.5746
    0.8941    0.2191    0.3906
    0.1479    0.6788   -0.7192
...    80 A-T ...
 -156.5091  -39.3402   28.8423
    0.1377    0.6866    0.7139
    0.9738   -0.2255    0.0291
    0.1810    0.6912   -0.6996
...    81 C-G ...
 -156.4583  -36.7934   26.6716
    0.6185    0.4362    0.6536
    0.7547   -0.5612   -0.3397
    0.2186    0.7034   -0.6763
...    82 A-T ...
 -155.6289  -34.3145   24.5842
    0.8973   -0.0433    0.4392
    0.2916   -0.6889   -0.6636
    0.3313    0.7236   -0.6055
...    83 C-G ...
 -154.2964  -31.5971   23.1806
    0.9008   -0.4294    0.0643
   -0.2034   -0.5482   -0.8112
    0.3836    0.7177   -0.5812
...    84 T-A ...
 -152.4591  -28.9301   21.6384
    0.5923   -0.7186   -0.3644
   -0.6640   -0.1793   -0.7259
    0.4563    0.6719   -0.5834
...    85 T-A ...
 -150.6425  -26.7896   19.9697
    0.1071   -0.6698   -0.7348
   -0.8768    0.2848   -0.3875
    0.4688    0.6857   -0.5567
...    86 T-A ...
 -148.8197  -24.6869   18.2643
   -0.3994   -0.3631   -0.8418
   -0.7794    0.6180    0.1032
    0.4828    0.6973   -0.5298
...    87 A-T ...
 -147.3016  -22.0732   16.6207
   -0.7843    0.1632   -0.5985
   -0.3386    0.6958    0.6335
    0.5198    0.6995   -0.4905
...    88 T-A ...
 -145.3739  -20.2601   14.5726
   -0.8160    0.5430   -0.1982
    0.1135    0.4867    0.8662
    0.5668    0.6843   -0.4588
...    89 T-A ...
 -143.5679  -18.1776   12.8216
   -0.5825    0.7430    0.3295
    0.5585    0.0714    0.8265
    0.5906    0.6655   -0.4565
...    90 C-G ...
 -141.3578  -16.0734   11.4768
   -0.1623    0.6147    0.7719
    0.7882   -0.3898    0.4762
    0.5936    0.6857   -0.4212
...    91 A-T ...
 -139.2540  -13.9260    9.9397
    0.2254    0.2094    0.9515
    0.7572   -0.6522   -0.0358
    0.6130    0.7286   -0.3055
...    92 T-A ...
 -137.5657  -11.2576    9.2059
    0.5271   -0.1861    0.8292
    0.5557   -0.6627   -0.5020
    0.6430    0.7254   -0.2458
...    93 G-C ...
 -135.2585   -8.6933    8.6958
    0.6568   -0.6236    0.4239
    0.1776   -0.4185   -0.8907
    0.7328    0.6604   -0.1641
...    94 T-A ...
 -132.8022   -6.4326    8.8641
    0.6304   -0.7707   -0.0929
   -0.1727   -0.0226   -0.9847
    0.7568    0.6368   -0.1473
...    95 T-A ...
 -130.2757   -4.5346    8.5977
    0.4117   -0.6811   -0.6055
   -0.4633    0.4157   -0.7827
    0.7847    0.6028   -0.1444
...    96 A-T ...
 -127.6762   -2.4943    7.9565
    0.0286   -0.3217   -0.9464
   -0.5983    0.7529   -0.2740
    0.8008    0.5741   -0.1709
...    97 T-A ...
 -124.6962   -1.2651    7.4775
   -0.2559    0.1117   -0.9602
   -0.5274    0.8163    0.2355
    0.8101    0.5667   -0.1500
...    98 A-T ...
 -122.0258    0.8275    7.1669
   -0.5110    0.6096   -0.6060
   -0.2451    0.5725    0.7825
    0.8239    0.5484   -0.1432
...    99 A-T ...
 -119.3438    2.4752    6.5575
   -0.5470    0.8349   -0.0610
    0.0713    0.1190    0.9903
    0.8341    0.5374   -0.1247
...   100 C-G ...
 -116.6598    4.3138    5.4564
   -0.4140    0.7666    0.4908
    0.3457   -0.3663    0.8639
    0.8420    0.5274   -0.1134
...   101 G-C ...
 -113.8781    6.0125    5.5116
   -0.2475    0.3674    0.8965
    0.5275   -0.7250    0.4428
    0.8127    0.5825   -0.0144
...   102 G-C ...
 -111.3800    8.1327    5.7234
   -0.0239   -0.1229    0.9921
    0.6074   -0.7901   -0.0832
    0.7941    0.6006    0.0935
...   103 A-T ...
 -108.8332   10.1219    6.1280
    0.2964   -0.5781    0.7602
    0.5159   -0.5730   -0.6368
    0.8037    0.5809    0.1285
...   104 G-C ...
 -106.2273   11.9937    6.9579
    0.4609   -0.8296    0.3151
    0.3008   -0.1881   -0.9350
    0.8349    0.5257    0.1629
...   105 C-G ...
 -103.4484   13.6268    8.0482
    0.5054   -0.8156   -0.2817
    0.0020    0.3276   -0.9448
    0.8629    0.4770    0.1672
...   106 T-A ...
 -100.2865   14.7538    8.8978
    0.3964   -0.5039   -0.7675
   -0.2360    0.7519   -0.6156
    0.8872    0.4251    0.1791
...   107 T-A ...
  -97.3437   15.8628    9.5176
    0.1595   -0.0217   -0.9870
   -0.3910    0.9166   -0.0833
    0.9065    0.3992    0.1377
...   108 C-G ...
  -94.2242   16.9874    9.7755
   -0.1217    0.4969   -0.8592
   -0.3928    0.7709    0.5014
    0.9115    0.3985    0.1014
...   109 C-G ...
  -91.1772   18.2109    9.9428
   -0.3950    0.7831   -0.4803
   -0.2556    0.4085    0.8762
    0.8824    0.4689    0.0388
...   110 G-C ...
  -88.5942   19.8230   10.3185
   -0.5473    0.8364    0.0286
    0.0048   -0.0310    0.9995
    0.8369    0.5472    0.0130
...   111 G-C ...
  -86.0604   22.0370   10.1969
   -0.4991    0.6488    0.5744
    0.3291   -0.4713    0.8183
    0.8016    0.5975    0.0217
...   112 C-G ...
  -83.7505   24.4631   10.0499
   -0.2680    0.2633    0.9267
    0.5519   -0.7465    0.3717
    0.7897    0.6111    0.0548
...   113 T-A ...
  -81.3001   26.6825   10.2464
    0.0263   -0.1875    0.9819
    0.6165   -0.7702   -0.1636
    0.7869    0.6096    0.0953
...   114 C-G ...
  -78.6581   28.6457   10.6787
    0.3445   -0.6189    0.7059
    0.5029   -0.5132   -0.6955
    0.7927    0.5946    0.1345
...   115 G-C ...
  -75.8125   30.3610   10.7401
    0.4980   -0.8508    0.1679
    0.2199   -0.0634   -0.9735
    0.8388    0.5217    0.1555
...   116 T-A ...
  -72.9885   31.6553   11.8566
    0.4909   -0.7856   -0.3765
   -0.0680    0.3963   -0.9156
    0.8685    0.4751    0.1412
...   117 A-T ...
  -69.8328   32.7347   12.7216
    0.2774   -0.4780   -0.8334
   -0.2935    0.7838   -0.5473
    0.9148    0.3964    0.0772
...   118 T-A ...
  -66.6838   33.3412   13.2122
    0.0959   -0.0270   -0.9950
   -0.3878    0.9196   -0.0624
    0.9167    0.3919    0.0777
...   119 A-T ...
  -63.6862   34.7952   13.4313
   -0.1937    0.4828   -0.8540
   -0.3388    0.7841    0.5201
    0.9207    0.3901    0.0117
...   120 A-T ...
  -60.6355   35.8518   13.1713
   -0.3671    0.8316   -0.4168
   -0.1577    0.3860    0.9089
    0.9167    0.3994   -0.0106
...   121 T-A ...
  -57.6024   37.0445   12.4371
   -0.3867    0.9153    0.1125
    0.0608   -0.0965    0.9935
    0.9202    0.3910   -0.0184
...   122 G-C ...
  -54.5316   38.5253   12.2037
   -0.3278    0.6616    0.6744
    0.2854   -0.6112    0.7383
    0.9006    0.4345    0.0116
...   123 T-A ...
  -51.7997   40.3374   12.0010
   -0.1435    0.2672    0.9529
    0.4120   -0.8593    0.3030
    0.8998    0.4361    0.0132
...   124 G-C ...
  -48.8449   41.8821   12.1213
    0.0628   -0.3001    0.9518
    0.4402   -0.8476   -0.2963
    0.8957    0.4376    0.0789
...   125 T-A ...
  -46.2135   43.6783   12.6147
    0.2432   -0.7109    0.6599
    0.3445   -0.5727   -0.7438
    0.9067    0.4082    0.1056
...   126 C-G ...
  -43.3436   44.9601   13.0373
    0.3964   -0.9123    0.1028
    0.1415   -0.0499   -0.9887
    0.9071    0.4064    0.1094
...   127 G-C ...
  -40.2666   46.1236   12.9213
    0.2303   -0.8823   -0.4104
   -0.0482    0.4109   -0.9104
    0.9719    0.2294    0.0521
...   128 A-T ...
  -37.2266   46.9144   13.1906
    0.1418   -0.4890   -0.8607
   -0.1900    0.8399   -0.5084
    0.9715    0.2356    0.0262
...   129 C-G ...
  -33.9504   46.9148   13.5336
   -0.0301    0.0077   -0.9995
   -0.2174    0.9760    0.0141
    0.9756    0.2177   -0.0277
...   130 C-G ...
  -30.6025   47.1656   12.8673
   -0.2532    0.4761   -0.8421
   -0.1179    0.8488    0.5154
    0.9602    0.2298   -0.1588
...   131 A-T ...
  -27.5493   48.5196   12.5357
   -0.3812    0.8371   -0.3925
    0.0869    0.4551    0.8862
    0.9204    0.3037   -0.2462
...   132 A-T ...
  -24.6241   49.5803   11.4790
   -0.2558    0.9500    0.1789
    0.3036   -0.0968    0.9479
    0.9178    0.2968   -0.2637
...   133 A-T ...
  -21.7753   50.6297   10.2337
    0.0267    0.7248    0.6885
    0.3824   -0.6437    0.6628
    0.9236    0.2456   -0.2944
...   134 T-A ...
  -19.0159   52.0244    8.9250
    0.2452    0.2905    0.9249
    0.3073   -0.9281    0.2101
    0.9195    0.2328   -0.3169
...   135 G-C ...
  -16.4637   53.8824    7.5153
    0.5339   -0.3333    0.7771
    0.0346   -0.9097   -0.4139
    0.8449    0.2479   -0.4741
...   136 T-A ...
  -14.1749   56.5547    6.1808
    0.5795   -0.7269    0.3685
   -0.3141   -0.6164   -0.7221
    0.7521    0.3026   -0.5855
...   137 G-C ...
  -11.6538   57.9992    4.7204
    0.2452   -0.9542   -0.1714
   -0.6323   -0.0234   -0.7744
    0.7349    0.2983   -0.6091
...   138 A-T ...
   -8.6758   58.7133    3.6024
   -0.0345   -0.7815   -0.6229
   -0.6536    0.4891   -0.5775
    0.7560    0.3872   -0.5277
...   139 G-C ...
   -6.3274   59.0727    1.6296
   -0.2969   -0.3279   -0.8968
   -0.5657    0.8171   -0.1114
    0.7693    0.4742   -0.4281
...   140 C-G ...
   -3.4369   60.2278    1.0287
   -0.4426    0.2287   -0.8671
   -0.1681    0.9286    0.3308
    0.8808    0.2922   -0.3725
...   141 G-C ...
   -0.6976   63.8911   -2.2510
   -0.9992    0.0157   -0.0376
   -0.0024    0.8991    0.4378
    0.0407    0.4375   -0.8983
...   142 C-G ...
   -1.0064   65.5988   -4.9401
   -0.8337    0.5216    0.1813
    0.5170    0.6219    0.5881
    0.1940    0.5840   -0.7882
...   143 T-A ...
   -0.1332   66.2084   -7.8196
   -0.3753    0.8566    0.3540
    0.8856    0.2187    0.4098
    0.2736    0.4673   -0.8407
...   144 C-G ...
   -0.1665   67.4020  -10.8068
    0.1798    0.8793    0.4411
    0.9277   -0.3007    0.2214
    0.3273    0.3694   -0.8697
...   145 A-T ...
    0.5267   69.2312  -13.4659
    0.7352    0.4964    0.4616
    0.6118   -0.7791   -0.1367
    0.2918    0.3829   -0.8765
...   146 C-G ...
    1.4339   72.0891  -15.6019
    0.9809    0.0621    0.1844
    0.1264   -0.9240   -0.3608
    0.1480    0.3772   -0.9142
...   147 A-T ...
    2.3048   74.2222  -18.3863
    0.8657   -0.4292   -0.2575
   -0.4984   -0.7868   -0.3642
   -0.0463    0.4436   -0.8950
