  147 base-pairs
...     1 A-T ...
    0.0000    0.0000    0.0000
    1.0000    0.0000    0.0000
    0.0000    1.0000    0.0000
    0.0000    0.0000    1.0000
...     2 G-C ...
   -0.1394   -1.2357    3.2268
    0.7529    0.6366    0.1670
   -0.6386    0.7680   -0.0486
   -0.1592   -0.0700    0.9848
...     3 T-A ...
   -0.0365   -3.2932    6.3751
    0.2722    0.9301    0.2466
   -0.9238    0.3243   -0.2033
   -0.2691   -0.1725    0.9475
...     4 G-C ...
   -0.3505   -4.1660    9.4928
   -0.3756    0.9250    0.0579
   -0.8781   -0.3352   -0.3415
   -0.2965   -0.1791    0.9381
...     5 A-T ...
   -0.4462   -4.1476   12.7498
   -0.8116    0.5840   -0.0165
   -0.5523   -0.7762   -0.3042
   -0.1905   -0.2378    0.9524
...     6 G-C ...
   -1.5908   -4.1730   15.6201
   -0.9976    0.0246   -0.0651
   -0.0043   -0.9555   -0.2950
   -0.0695   -0.2940    0.9533
...     7 C-G ...
   -1.1030   -4.4824   18.7362
   -0.8441   -0.5304   -0.0787
    0.5345   -0.8441   -0.0432
   -0.0435   -0.0785    0.9960
...     8 G-C ...
   -2.4028   -7.7290   23.1475
   -0.2754   -0.3293   -0.9032
    0.6650   -0.7437    0.0684
   -0.6942   -0.5818    0.4238
...     9 C-G ...
   -4.4690   -9.9728   24.1132
    0.1145   -0.7025   -0.7024
    0.8512   -0.2952    0.4340
   -0.5122   -0.6476    0.5642
...    10 T-A ...
   -6.7405  -10.8752   25.9697
    0.4841   -0.8363   -0.2574
    0.6595    0.1553    0.7355
   -0.5751   -0.5258    0.6267
...    11 C-G ...
   -9.1656  -12.6208   27.1640
    0.7073   -0.6682    0.2307
    0.3448    0.6110    0.7126
   -0.6171   -0.4245    0.6626
...    12 A-T ...
  -10.9234  -14.6633   29.0693
    0.7515   -0.1377    0.6452
   -0.2029    0.8824    0.4246
   -0.6277   -0.4500    0.6352
...    13 C-G ...
  -11.8476  -17.4863   31.2451
    0.4295    0.2823    0.8578
   -0.5708    0.8209    0.0156
   -0.6998   -0.4963    0.5137
...    14 A-T ...
  -13.5897  -19.7827   33.4259
   -0.1504    0.6104    0.7777
   -0.6874    0.5008   -0.5260
   -0.7106   -0.6136    0.3443
...    15 A-T ...
  -15.7058  -21.8045   34.8077
   -0.4881    0.7965    0.3569
   -0.5013    0.0789   -0.8617
   -0.7145   -0.5995    0.3608
...    16 T-A ...
  -17.7544  -23.6231   36.6186
   -0.6630    0.7394   -0.1168
   -0.2020   -0.3270   -0.9232
   -0.7208   -0.5885    0.3662
...    17 T-A ...
  -20.0642  -25.3608   38.0849
   -0.6613    0.4401   -0.6074
    0.1915   -0.6840   -0.7040
   -0.7253   -0.5818    0.3680
...    18 T-A ...
  -22.5039  -26.9936   39.4611
   -0.4455   -0.0107   -0.8952
    0.5219   -0.8155   -0.2500
   -0.7274   -0.5786    0.3689
...    19 A-T ...
  -24.9333  -28.9297   40.6076
   -0.0289   -0.4341   -0.9004
    0.6663   -0.6798    0.3064
   -0.7451   -0.5911    0.3088
...    20 T-A ...
  -27.7802  -30.4477   41.2416
    0.3059   -0.7127   -0.6313
    0.5923   -0.3767    0.7123
   -0.7454   -0.5918    0.3069
...    21 T-A ...
  -30.3457  -32.2865   41.9816
    0.5811   -0.8035   -0.1297
    0.3243    0.0824    0.9424
   -0.7465   -0.5896    0.3084
...    22 C-G ...
  -32.7321  -34.3180   42.8782
    0.6870   -0.5918    0.4217
   -0.0739    0.5204    0.8507
   -0.7229   -0.6156    0.3138
...    23 G-C ...
  -35.0708  -36.2038   44.2758
    0.6166   -0.1471    0.7734
   -0.4515    0.7388    0.5004
   -0.6450   -0.6577    0.3891
...    24 C-G ...
  -36.8533  -38.6839   45.5093
    0.3149    0.2988    0.9009
   -0.7168    0.6970    0.0195
   -0.6221   -0.6519    0.4337
...    25 A-T ...
  -38.9200  -40.7677   47.0483
   -0.0589    0.6967    0.7149
   -0.7923    0.4030   -0.4581
   -0.6073   -0.5934    0.5283
...    26 A-T ...
  -40.6528  -42.7134   48.9766
   -0.4794    0.8085    0.3412
   -0.6292   -0.0457   -0.7759
   -0.6117   -0.5867    0.5307
...    27 A-T ...
  -42.5004  -44.4944   50.9535
   -0.7375    0.6592   -0.1472
   -0.2639   -0.4818   -0.8356
   -0.6217   -0.5774    0.5293
...    28 G-C ...
  -44.5628  -46.1170   52.9442
   -0.7190    0.3716   -0.5874
    0.1351   -0.7543   -0.6425
   -0.6818   -0.5413    0.4921
...    29 G-C ...
  -47.0666  -47.5576   54.6697
   -0.4733   -0.0214   -0.8806
    0.4670   -0.8538   -0.2302
   -0.7469   -0.5202    0.4141
...    30 C-G ...
  -49.8021  -48.8868   55.9105
   -0.1144   -0.4398   -0.8908
    0.6288   -0.7262    0.2778
   -0.7691   -0.5284    0.3597
...    31 C-G ...
  -52.5880  -50.5649   56.7423
    0.2982   -0.7085   -0.6396
    0.5652   -0.4090    0.7165
   -0.7692   -0.5752    0.2785
...    32 G-C ...
  -54.8410  -52.7441   57.8345
    0.6296   -0.7575   -0.1727
    0.2729    0.0076    0.9620
   -0.7274   -0.6528    0.2115
...    33 G-C ...
  -57.1694  -55.1453   58.2046
    0.7248   -0.5926    0.3514
   -0.1269    0.3865    0.9135
   -0.6772   -0.7067    0.2049
...    34 C-G ...
  -59.1898  -57.7343   58.5998
    0.5626   -0.2704    0.7812
   -0.5047    0.6360    0.5837
   -0.6547   -0.7227    0.2214
...    35 C-G ...
  -61.1058  -60.4139   59.3312
    0.2516    0.1583    0.9548
   -0.7335    0.6748    0.0814
   -0.6314   -0.7209    0.2859
...    36 C-G ...
  -62.9302  -63.0398   60.4236
   -0.1220    0.5468    0.8283
   -0.7571    0.4883   -0.4339
   -0.6418   -0.6801    0.3544
...    37 G-C ...
  -65.2911  -65.1377   61.4286
   -0.4226    0.8039    0.4185
   -0.5749    0.1192   -0.8095
   -0.7007   -0.5827    0.4118
...    38 A-T ...
  -67.4985  -67.0327   62.8759
   -0.6297    0.7653   -0.1337
   -0.2362   -0.3526   -0.9055
   -0.7401   -0.5386    0.4028
...    39 C-G ...
  -69.8617  -68.3807   64.6923
   -0.6213    0.5164   -0.5893
    0.1005   -0.6934   -0.7135
   -0.7771   -0.5026    0.3789
...    40 A-T ...
  -72.5515  -69.9452   65.8728
   -0.3563    0.1412   -0.9237
    0.3728   -0.8850   -0.2791
   -0.8568   -0.4438    0.2626
...    41 C-G ...
  -75.6169  -70.7794   66.6574
   -0.0802   -0.2990   -0.9509
    0.4757   -0.8498    0.2271
   -0.8759   -0.4342    0.2104
...    42 G-C ...
  -78.3528  -72.5902   67.1473
    0.2868   -0.6551   -0.6990
    0.3765   -0.5939    0.7110
   -0.8809   -0.4671    0.0763
...    43 A-T ...
  -81.2257  -74.1509   67.1917
    0.4677   -0.8688   -0.1622
    0.1152   -0.1220    0.9858
   -0.8763   -0.4798    0.0430
...    44 C-G ...
  -84.0344  -75.8569   66.6850
    0.4637   -0.8061    0.3677
   -0.1568    0.3338    0.9295
   -0.8720   -0.4887    0.0284
...    45 T-A ...
  -86.7507  -77.7464   66.5671
    0.3358   -0.5041    0.7957
   -0.3873    0.6961    0.6045
   -0.8586   -0.5111    0.0385
...    46 T-A ...
  -89.3941  -79.6490   66.4887
    0.0255   -0.0404    0.9989
   -0.4904    0.8702    0.0477
   -0.8711   -0.4910    0.0024
...    47 A-T ...
  -92.3377  -81.1869   66.4630
   -0.2318    0.4910    0.8398
   -0.3973    0.7402   -0.5424
   -0.8880   -0.4593    0.0235
...    48 C-G ...
  -95.0177  -83.0123   67.0118
   -0.3607    0.8176    0.4488
   -0.2164    0.3946   -0.8930
   -0.9072   -0.4192    0.0346
...    49 T-A ...
  -97.9962  -84.3173   67.4993
   -0.3272    0.9430   -0.0598
   -0.0117   -0.0673   -0.9977
   -0.9449   -0.3258    0.0330
...    50 G-C ...
 -101.2423  -85.0869   67.6123
   -0.1188    0.8136   -0.5691
    0.1309   -0.5553   -0.8212
   -0.9842   -0.1721   -0.0406
...    51 T-A ...
 -104.4847  -85.0807   67.8211
    0.0309    0.4424   -0.8963
    0.1508   -0.8885   -0.4334
   -0.9881   -0.1218   -0.0942
...    52 A-T ...
 -107.7552  -84.9967   67.2603
    0.2638   -0.0614   -0.9626
    0.0417   -0.9963    0.0750
   -0.9637   -0.0599   -0.2602
...    53 G-C ...
 -110.8591  -84.8516   66.1668
    0.3079   -0.5567   -0.7715
   -0.1498   -0.8292    0.5385
   -0.9396   -0.0502   -0.3387
...    54 G-C ...
 -113.8007  -85.0082   64.5202
    0.2300   -0.9106   -0.3433
   -0.3522   -0.4068    0.8429
   -0.9072   -0.0730   -0.4143
...    55 T-A ...
 -116.5065  -85.1732   62.5751
    0.0035   -0.9895    0.1446
   -0.4326    0.1288    0.8923
   -0.9016   -0.0657   -0.4276
...    56 A-T ...
 -119.7426  -84.9728   61.5665
   -0.3630   -0.6710    0.6465
   -0.2992    0.7410    0.6012
   -0.8825    0.0248   -0.4697
...    57 T-A ...
 -122.4517  -85.4786   59.7182
   -0.4900   -0.1983    0.8489
   -0.0529    0.9788    0.1981
   -0.8701    0.0521   -0.4900
...    58 C-G ...
 -125.2654  -85.4019   58.0246
   -0.4006    0.4088    0.8200
    0.2713    0.9078   -0.3200
   -0.8752    0.0943   -0.4745
...    59 T-A ...
 -128.2844  -85.2498   56.7047
   -0.1271    0.8023    0.5832
    0.4522    0.5702   -0.6858
   -0.8828    0.1765   -0.4353
...    60 C-G ...
 -131.1923  -84.6759   55.3813
    0.2281    0.9642    0.1354
    0.4469    0.0198   -0.8944
   -0.8650    0.2645   -0.4264
...    61 G-C ...
 -133.8911  -83.5671   53.7973
    0.5903    0.7646   -0.2586
    0.2275   -0.4650   -0.8556
   -0.7745    0.4462   -0.4485
...    62 A-T ...
 -136.2606  -81.8892   52.3650
    0.6796    0.3334   -0.6534
   -0.1755   -0.7910   -0.5861
   -0.7123    0.5130   -0.4791
...    63 G-C ...
 -138.3295  -79.8408   50.8328
    0.5542   -0.1572   -0.8174
   -0.5357   -0.8190   -0.2056
   -0.6371    0.5518   -0.5381
...    64 C-G ...
 -139.9387  -77.7638   48.8248
    0.2003   -0.5913   -0.7812
   -0.7855   -0.5735    0.2327
   -0.5856    0.5670   -0.5793
...    65 T-A ...
 -141.5188  -75.8347   46.6448
   -0.2339   -0.8144   -0.5311
   -0.8032   -0.1460    0.5776
   -0.5479    0.5616   -0.6200
...    66 C-G ...
 -143.2413  -74.0670   44.4640
   -0.6798   -0.7269   -0.0976
   -0.5113    0.3742    0.7736
   -0.5258    0.5758   -0.6261
...    67 G-C ...
 -145.0972  -71.8501   42.8062
   -0.8286   -0.4053    0.3862
   -0.0261    0.7170    0.6966
   -0.5592    0.5671   -0.6047
...    68 G-C ...
 -146.8901  -70.0805   40.5572
   -0.6750    0.0173    0.7376
    0.4470    0.8050    0.3901
   -0.5871    0.5930   -0.5511
...    69 G-C ...
 -148.9245  -68.3028   38.5398
   -0.2772    0.3875    0.8792
    0.7572    0.6514   -0.0483
   -0.5914    0.6523   -0.4740
...    70 A-T ...
 -150.8865  -66.2635   36.9538
    0.2416    0.6369    0.7321
    0.7929    0.3054   -0.5273
   -0.5594    0.7079   -0.4312
...    71 T-A ...
 -153.0981  -64.0453   36.0797
    0.6230    0.6681    0.4069
    0.5765   -0.0404   -0.8161
   -0.5288    0.7430   -0.4103
...    72 C-G ...
 -154.7117  -61.5050   34.9081
    0.8845    0.4602   -0.0767
    0.1191   -0.3817   -0.9166
   -0.4511    0.8016   -0.3924
...    73 C-G ...
 -155.8205  -58.4943   33.9112
    0.8689    0.0930   -0.4862
   -0.3773   -0.5114   -0.7721
   -0.3205    0.8543   -0.4093
...    74 G-C ...
 -156.5512  -55.7764   32.1263
    0.5647   -0.3049   -0.7669
   -0.8092   -0.3874   -0.4417
   -0.1625    0.8700   -0.4655
...    75 C-G ...
 -156.5115  -52.8950   30.4912
    0.0429   -0.4914   -0.8699
   -0.9933   -0.1147    0.0158
   -0.1075    0.8634   -0.4930
...    76 T-A ...
 -156.4828  -50.1227   28.6705
   -0.4870   -0.4914   -0.7220
   -0.8702    0.2018    0.4495
   -0.0752    0.8472   -0.5259
...    77 T-A ...
 -156.3725  -47.4427   26.8040
   -0.9052   -0.2225   -0.3622
   -0.4247    0.4386    0.7920
   -0.0174    0.8707   -0.4915
...    78 T-A ...
 -156.2267  -44.7631   24.9424
   -0.9828    0.1251    0.1361
    0.1791    0.4607    0.8693
    0.0460    0.8787   -0.4752
...    79 A-T ...
 -155.7131  -41.6936   23.6681
   -0.6550    0.3972    0.6428
    0.7507    0.2448    0.6136
    0.0864    0.8845   -0.4585
...    80 A-T ...
 -155.6366  -38.8655   22.0895
   -0.1193    0.4529    0.8835
    0.9868   -0.0439    0.1558
    0.1093    0.8905   -0.4417
...    81 C-G ...
 -155.8614  -35.8808   20.7748
    0.3947    0.3106    0.8647
    0.9085   -0.2723   -0.3169
    0.1370    0.9107   -0.3896
...    82 A-T ...
 -155.2965  -32.7919   19.6219
    0.7900   -0.0376    0.6120
    0.5602   -0.3613   -0.7454
    0.2492    0.9317   -0.2644
...    83 C-G ...
 -154.5935  -29.6116   19.4231
    0.9457   -0.2786    0.1674
    0.0918   -0.2653   -0.9598
    0.3118    0.9230   -0.2254
...    84 T-A ...
 -153.2844  -26.6082   19.0853
    0.8273   -0.4565   -0.3275
   -0.3826   -0.0309   -0.9234
    0.4114    0.8892   -0.2002
...    85 C-G ...
 -151.6550  -23.8542   18.4375
    0.4395   -0.4211   -0.7934
   -0.7684    0.2811   -0.5749
    0.4651    0.8624   -0.2000
...    86 A-T ...
 -150.1292  -21.0274   17.5905
   -0.1070   -0.2456   -0.9634
   -0.8530    0.5205   -0.0379
    0.5108    0.8178   -0.2652
...    87 T-A ...
 -147.8856  -18.7825   16.6247
   -0.5141    0.0799   -0.8540
   -0.6763    0.5746    0.4609
    0.5275    0.8146   -0.2414
...    88 G-C ...
 -146.3571  -15.9153   15.9760
   -0.8342    0.3664   -0.4121
   -0.2403    0.4311    0.8697
    0.4963    0.8246   -0.2715
...    89 T-A ...
 -144.6740  -13.4241   14.5147
   -0.8383    0.5339    0.1104
    0.2290    0.1611    0.9600
    0.4948    0.8301   -0.2573
...    90 T-A ...
 -143.1242  -10.7854   13.4140
   -0.5476    0.5423    0.6372
    0.6557   -0.1949    0.7294
    0.5197    0.8173   -0.2489
...    91 A-T ...
 -141.2781   -8.1025   12.7101
   -0.0954    0.2647    0.9596
    0.8490   -0.4816    0.2173
    0.5197    0.8355   -0.1788
...    92 T-A ...
 -140.1613   -5.0664   12.2098
    0.3259   -0.0335    0.9448
    0.7817   -0.5525   -0.2892
    0.5317    0.8328   -0.1539
...    93 A-T ...
 -138.4180   -2.2335   12.0674
    0.6092   -0.4524    0.6513
    0.5021   -0.4156   -0.7584
    0.6138    0.7891   -0.0260
...    94 A-T ...
 -136.4395    0.3122   12.2744
    0.7595   -0.6387    0.1230
    0.0931   -0.0804   -0.9924
    0.6438    0.7652   -0.0016
...    95 C-G ...
 -134.1998    2.6386   12.9339
    0.6699   -0.6224   -0.4047
   -0.2903    0.2821   -0.9144
    0.6833    0.7301    0.0083
...    96 G-C ...
 -131.8243    4.9630   12.5577
    0.3211   -0.4384   -0.8394
   -0.5565    0.6298   -0.5418
    0.7663    0.6412   -0.0417
...    97 G-C ...
 -128.9567    6.7522   12.3196
   -0.0843   -0.0677   -0.9941
   -0.6056    0.7958   -0.0028
    0.7913    0.6018   -0.1080
...    98 A-T ...
 -126.2764    8.6176   11.9051
   -0.4334    0.4141   -0.8004
   -0.4270    0.6878    0.5870
    0.7936    0.5962   -0.1213
...    99 T-A ...
 -123.4725   10.1323   11.0037
   -0.5749    0.7202   -0.3884
   -0.1486    0.3749    0.9151
    0.8046    0.5838   -0.1085
...   100 T-A ...
 -120.8160   11.9091   10.3797
   -0.5331    0.8199    0.2089
    0.1980   -0.1191    0.9729
    0.8226    0.5600   -0.0988
...   101 T-A ...
 -118.2119   13.7678    9.8040
   -0.3142    0.6083    0.7289
    0.4550   -0.5773    0.6780
    0.8332    0.5447   -0.0954
...   102 A-T ...
 -115.3354   15.4591    9.6304
   -0.0271    0.1114    0.9934
    0.5532   -0.8261    0.1077
    0.8326    0.5525   -0.0392
...   103 T-A ...
 -113.0162   17.7832    9.6468
    0.2409   -0.3289    0.9131
    0.4899   -0.7710   -0.4069
    0.8379    0.5453   -0.0246
...   104 G-C ...
 -110.0875   19.3909    9.7436
    0.3649   -0.7667    0.5282
    0.2989   -0.4409   -0.8464
    0.8818    0.4667    0.0683
...   105 C-G ...
 -107.2350   20.8961   10.4794
    0.4150   -0.9097   -0.0178
    0.0739    0.0532   -0.9958
    0.9068    0.4119    0.0893
...   106 T-A ...
 -104.1665   21.9826   11.0996
    0.3265   -0.7738   -0.5427
   -0.1194    0.5358   -0.8359
    0.9376    0.3378    0.0825
...   107 T-A ...
 -101.0739   22.8551   11.5606
    0.1985   -0.3342   -0.9214
   -0.2745    0.8835   -0.3796
    0.9409    0.3283    0.0837
...   108 C-G ...
  -97.9337   23.7863   11.7386
   -0.0255    0.2409   -0.9702
   -0.3188    0.9179    0.2362
    0.9475    0.3153    0.0534
...   109 C-G ...
  -94.6677   24.6427   11.6143
   -0.2615    0.6805   -0.6845
   -0.2240    0.6471    0.7288
    0.9389    0.3439   -0.0168
...   110 G-C ...
  -91.6484   26.0819   11.8548
   -0.4229    0.8937   -0.1501
   -0.0080    0.1620    0.9868
    0.9061    0.4185   -0.0613
...   111 G-C ...
  -88.6675   27.5861   11.3805
   -0.4202    0.8046    0.4196
    0.2402   -0.3473    0.9065
    0.8751    0.4817   -0.0474
...   112 C-G ...
  -85.9463   29.4360   10.9445
   -0.2524    0.4631    0.8496
    0.4363   -0.7292    0.5271
    0.8637    0.5037   -0.0180
...   113 T-A ...
  -83.2720   31.3988   10.9371
   -0.0303   -0.0219    0.9993
    0.5150   -0.8572   -0.0031
    0.8566    0.5146    0.0373
...   114 C-G ...
  -80.5104   33.1546   11.1575
    0.2482   -0.5396    0.8045
    0.4379   -0.6783   -0.5901
    0.8641    0.4988    0.0679
...   115 G-C ...
  -77.4567   34.5275   11.2241
    0.3422   -0.8797    0.3303
    0.2472   -0.2548   -0.9349
    0.9066    0.4015    0.1302
...   116 T-A ...
  -74.5782   35.7663   12.2888
    0.3840   -0.8992   -0.2096
    0.0360    0.2414   -0.9697
    0.9226    0.3648    0.1251
...   117 A-T ...
  -71.4419   36.8266   12.7045
    0.2508   -0.6264   -0.7380
   -0.1663    0.7231   -0.6704
    0.9536    0.2909    0.0772
...   118 T-A ...
  -68.2190   37.1628   13.2564
    0.1201   -0.1819   -0.9760
   -0.2649    0.9416   -0.2081
    0.9568    0.2836    0.0649
...   119 A-T ...
  -65.0244   38.1170   13.3541
   -0.1287    0.3787   -0.9165
   -0.2555    0.8803    0.3997
    0.9582    0.2856   -0.0166
...   120 A-T ...
  -61.8736   38.8484   13.0964
   -0.2536    0.8111   -0.5270
   -0.1283    0.5118    0.8494
    0.9588    0.2830   -0.0257
...   121 T-A ...
  -58.7441   39.5601   12.3520
   -0.2824    0.9590   -0.0235
    0.0234    0.0314    0.9992
    0.9590    0.2816   -0.0313
...   122 G-C ...
  -55.6021   40.6435   12.5390
   -0.2903    0.7773    0.5582
    0.2149   -0.5155    0.8295
    0.9325    0.3607   -0.0174
...   123 T-A ...
  -52.7471   42.2953   12.1124
   -0.1479    0.3831    0.9118
    0.3401   -0.8460    0.4106
    0.9287    0.3708   -0.0052
...   124 G-C ...
  -49.5901   43.3240   12.3229
    0.0085   -0.2029    0.9792
    0.3820   -0.9043   -0.1907
    0.9241    0.3756    0.0698
...   125 T-A ...
  -46.7925   45.0448   12.8750
    0.1891   -0.6559    0.7307
    0.3155   -0.6641   -0.6778
    0.9299    0.3588    0.0814
...   126 C-G ...
  -43.7604   46.2505   13.2562
    0.3088   -0.9322    0.1887
    0.1400   -0.1517   -0.9785
    0.9408    0.3285    0.0837
...   127 G-C ...
  -40.5809   47.2971   13.1971
    0.2115   -0.8957   -0.3911
   -0.0456    0.3907   -0.9194
    0.9763    0.2123    0.0418
...   128 A-T ...
  -37.3805   47.9144   13.4165
    0.0909   -0.5152   -0.8522
   -0.1558    0.8379   -0.5232
    0.9836    0.1803   -0.0041
...   129 C-G ...
  -34.0929   47.8682   13.5430
   -0.0522   -0.0181   -0.9985
   -0.1651    0.9862   -0.0093
    0.9849    0.1643   -0.0544
...   130 C-G ...
  -30.7633   48.0982   13.0753
   -0.2354    0.4931   -0.8375
   -0.0741    0.8501    0.5214
    0.9691    0.1848   -0.1636
...   131 A-T ...
  -27.5786   48.8905   12.4706
   -0.3426    0.8594   -0.3796
    0.1236    0.4418    0.8886
    0.9313    0.2575   -0.2575
...   132 A-T ...
  -24.6457   49.7143   11.3515
   -0.2068    0.9591    0.1933
    0.3116   -0.1228    0.9423
    0.9274    0.2551   -0.2734
...   133 A-T ...
  -21.7556   50.6792   10.2114
    0.0341    0.7203    0.6928
    0.3796   -0.6506    0.6578
    0.9245    0.2405   -0.2956
...   134 T-A ...
  -19.0160   52.0245    8.9251
    0.2452    0.2905    0.9249
    0.3073   -0.9281    0.2101
    0.9195    0.2328   -0.3169
...   135 G-C ...
  -16.4638   53.8825    7.5154
    0.5339   -0.3333    0.7771
    0.0346   -0.9097   -0.4139
    0.8449    0.2479   -0.4741
...   136 T-A ...
  -14.1749   56.5547    6.1809
    0.5795   -0.7269    0.3685
   -0.3141   -0.6164   -0.7221
    0.7521    0.3026   -0.5855
...   137 G-C ...
  -11.6538   57.9993    4.7206
    0.2452   -0.9542   -0.1714
   -0.6323   -0.0234   -0.7744
    0.7349    0.2983   -0.6091
...   138 A-T ...
   -8.6759   58.7134    3.6026
   -0.0345   -0.7815   -0.6229
   -0.6536    0.4891   -0.5775
    0.7560    0.3872   -0.5277
...   139 G-C ...
   -6.3275   59.0728    1.6298
   -0.2969   -0.3279   -0.8968
   -0.5657    0.8171   -0.1114
    0.7693    0.4742   -0.4281
...   140 C-G ...
   -3.4369   60.2279    1.0289
   -0.4426    0.2287   -0.8671
   -0.1681    0.9286    0.3308
    0.8808    0.2922   -0.3725
...   141 G-C ...
   -0.6977   63.8912   -2.2508
   -0.9992    0.0157   -0.0376
   -0.0024    0.8991    0.4378
    0.0407    0.4375   -0.8983
...   142 C-G ...
   -1.0065   65.5989   -4.9399
   -0.8337    0.5216    0.1813
    0.5170    0.6219    0.5881
    0.1940    0.5841   -0.7882
...   143 T-A ...
   -0.1333   66.2085   -7.8194
   -0.3754    0.8566    0.3540
    0.8856    0.2187    0.4098
    0.2736    0.4673   -0.8407
...   144 C-G ...
   -0.1666   67.4021  -10.8066
    0.1797    0.8793    0.4411
    0.9277   -0.3007    0.2214
    0.3273    0.3694   -0.8697
...   145 A-T ...
    0.5266   69.2313  -13.4657
    0.7352    0.4964    0.4616
    0.6118   -0.7791   -0.1367
    0.2918    0.3829   -0.8765
...   146 C-G ...
    1.4338   72.0893  -15.6017
    0.9809    0.0621    0.1844
    0.1264   -0.9240   -0.3608
    0.1480    0.3772   -0.9142
...   147 A-T ...
    2.3047   74.2223  -18.3861
    0.8657   -0.4292   -0.2575
   -0.4984   -0.7868   -0.3642
   -0.0463    0.4436   -0.8950
