  147 base-pairs
...     1 A-T ...
    0.0000    0.0000    0.0000
    1.0000    0.0000    0.0000
    0.0000    1.0000    0.0000
    0.0000    0.0000    1.0000
...     2 G-C ...
   -0.1394   -1.2357    3.2268
    0.7529    0.6366    0.1670
   -0.6386    0.7680   -0.0486
   -0.1592   -0.0700    0.9848
...     3 T-A ...
   -0.0365   -3.2932    6.3751
    0.2722    0.9301    0.2466
   -0.9238    0.3243   -0.2033
   -0.2691   -0.1725    0.9475
...     4 G-C ...
   -0.3505   -4.1660    9.4928
   -0.3756    0.9250    0.0579
   -0.8781   -0.3352   -0.3415
   -0.2965   -0.1791    0.9381
...     5 A-T ...
   -0.4462   -4.1476   12.7498
   -0.8116    0.5840   -0.0165
   -0.5523   -0.7762   -0.3042
   -0.1905   -0.2378    0.9524
...     6 G-C ...
   -1.5908   -4.1730   15.6201
   -0.9976    0.0246   -0.0651
   -0.0043   -0.9555   -0.2950
   -0.0695   -0.2940    0.9533
...     7 C-G ...
   -1.1030   -4.4824   18.7362
   -0.8441   -0.5304   -0.0787
    0.5345   -0.8441   -0.0432
   -0.0435   -0.0785    0.9960
...     8 G-C ...
   -2.4028   -7.7290   23.1475
   -0.2754   -0.3293   -0.9032
    0.6650   -0.7437    0.0684
   -0.6942   -0.5818    0.4238
...     9 C-G ...
   -4.4690   -9.9728   24.1132
    0.1145   -0.7025   -0.7024
    0.8512   -0.2952    0.4340
   -0.5122   -0.6476    0.5642
...    10 T-A ...
   -6.7405  -10.8752   25.9697
    0.4841   -0.8363   -0.2574
    0.6595    0.1553    0.7355
   -0.5751   -0.5258    0.6267
...    11 C-G ...
   -9.1656  -12.6208   27.1640
    0.7073   -0.6682    0.2307
    0.3448    0.6110    0.7126
   -0.6171   -0.4245    0.6626
...    12 A-T ...
  -10.9234  -14.6633   29.0693
    0.7515   -0.1377    0.6452
   -0.2029    0.8824    0.4246
   -0.6277   -0.4500    0.6352
...    13 C-G ...
  -11.8476  -17.4863   31.2451
    0.4295    0.2823    0.8578
   -0.5708    0.8209    0.0156
   -0.6998   -0.4963    0.5137
...    14 A-T ...
  -13.5897  -19.7827   33.4259
   -0.1504    0.6104    0.7777
   -0.6874    0.5008   -0.5260
   -0.7106   -0.6136    0.3443
...    15 A-T ...
  -15.8282  -21.7888   34.6433
   -0.4905    0.8090    0.3240
   -0.4846    0.0558   -0.8730
   -0.7243   -0.5852    0.3647
...    16 T-A ...
  -17.9297  -23.6318   36.5606
   -0.6990    0.6913   -0.1831
   -0.1398   -0.3833   -0.9130
   -0.7013   -0.6126    0.3646
...    17 T-A ...
  -20.1973  -25.4225   38.1270
   -0.6752    0.3115   -0.6687
    0.2992   -0.7129   -0.6342
   -0.6743   -0.6283    0.3882
...    18 T-A ...
  -22.4922  -27.2467   39.5186
   -0.3878   -0.1393   -0.9112
    0.6241   -0.7671   -0.1484
   -0.6783   -0.6262    0.3844
...    19 A-T ...
  -24.6076  -29.5374   40.7764
    0.0778   -0.5460   -0.8342
    0.7257   -0.5427    0.4229
   -0.6836   -0.6382    0.3540
...    20 T-A ...
  -27.3270  -31.2824   41.5666
    0.4238   -0.7644   -0.4860
    0.5883   -0.1757    0.7893
   -0.6887   -0.6204    0.3752
...    21 T-A ...
  -29.7237  -33.2926   42.5201
    0.6733   -0.7371    0.0580
    0.2384    0.2906    0.9267
   -0.6999   -0.6101    0.3714
...    22 C-G ...
  -32.0000  -35.3355   43.7123
    0.7079   -0.4128    0.5731
   -0.2039    0.6575    0.7254
   -0.6763   -0.6303    0.3812
...    23 G-C ...
  -34.3456  -37.0134   45.4636
    0.5715    0.1125    0.8129
   -0.5779    0.7585    0.3013
   -0.5827   -0.6419    0.4984
...    24 C-G ...
  -35.9811  -39.3742   47.0253
    0.2229    0.5288    0.8190
   -0.7873    0.5931   -0.1687
   -0.5749   -0.6071    0.5485
...    25 A-T ...
  -38.1227  -41.2172   48.7003
   -0.1936    0.8233    0.5335
   -0.7827    0.1983   -0.5899
   -0.5915   -0.5318    0.6061
...    26 A-T ...
  -39.9387  -42.8792   50.8624
   -0.5847    0.8049    0.1018
   -0.5474   -0.2988   -0.7817
   -0.5988   -0.5127    0.6153
...    27 A-T ...
  -41.6905  -44.3564   53.1680
   -0.7916    0.4941   -0.3594
   -0.1189   -0.7015   -0.7027
   -0.5993   -0.5136    0.6141
...    28 G-C ...
  -43.8223  -45.5958   55.4642
   -0.6952    0.0896   -0.7132
    0.2907   -0.8724   -0.3930
   -0.6574   -0.4805    0.5804
...    29 G-C ...
  -46.3869  -46.8964   57.3644
   -0.3612   -0.3720   -0.8551
    0.6088   -0.7887    0.0859
   -0.7063   -0.4895    0.5114
...    30 C-G ...
  -49.0132  -48.2987   58.7171
    0.0633   -0.7163   -0.6949
    0.6837   -0.4761    0.5530
   -0.7270   -0.5101    0.4596
...    31 C-G ...
  -51.6569  -49.8519   60.0773
    0.4756   -0.8258   -0.3029
    0.5168   -0.0163    0.8559
   -0.7118   -0.5637    0.4191
...    32 G-C ...
  -53.5728  -51.7040   61.5926
    0.7282   -0.6711    0.1392
    0.1771    0.3805    0.9077
   -0.6621   -0.6363    0.3959
...    33 G-C ...
  -55.4412  -54.2494   62.8107
    0.7331   -0.3217    0.5992
   -0.2750    0.6656    0.6938
   -0.6220   -0.6734    0.3995
...    34 C-G ...
  -57.2700  -56.7125   63.9528
    0.4838    0.1224    0.8666
   -0.6347    0.7308    0.2512
   -0.6025   -0.6716    0.4312
...    35 C-G ...
  -58.9340  -59.1457   65.6528
    0.0879    0.5436    0.8347
   -0.7982    0.5397   -0.2674
   -0.5959   -0.6428    0.4814
...    36 C-G ...
  -60.6610  -61.3937   67.4738
   -0.3209    0.7874    0.5263
   -0.7252    0.1531   -0.6713
   -0.6092   -0.5971    0.5219
...    37 G-C ...
  -62.9837  -63.5232   68.5433
   -0.5915    0.8058    0.0295
   -0.4320   -0.2858   -0.8554
   -0.6808   -0.5187    0.5172
...    38 A-T ...
  -65.0190  -65.2417   70.2215
   -0.7162    0.5078   -0.4788
    0.0013   -0.6851   -0.7285
   -0.6979   -0.5223    0.4900
...    39 C-G ...
  -67.4555  -66.4168   71.9048
   -0.5668    0.1257   -0.8142
    0.3482   -0.8591   -0.3751
   -0.7466   -0.4961    0.4432
...    40 A-T ...
  -70.1143  -67.9621   73.2028
   -0.1938   -0.3077   -0.9315
    0.5657   -0.8108    0.1501
   -0.8015   -0.4979    0.3312
...    41 C-G ...
  -73.0432  -69.3485   73.7984
    0.1581   -0.6508   -0.7426
    0.5615   -0.5594    0.6098
   -0.8123   -0.5134    0.2769
...    42 G-C ...
  -75.4564  -71.3501   74.8979
    0.4912   -0.8306   -0.2625
    0.3074   -0.1167    0.9444
   -0.8150   -0.5446    0.1980
...    43 A-T ...
  -78.0644  -73.0750   75.4626
    0.5681   -0.7468    0.3457
   -0.0387    0.3953    0.9177
   -0.8220   -0.5347    0.1957
...    44 C-G ...
  -80.5800  -75.2514   75.6104
    0.4752   -0.4162    0.7752
   -0.3428    0.7238    0.5988
   -0.8103   -0.5503    0.2013
...    45 T-A ...
  -83.0662  -77.8609   76.1538
    0.2039    0.0516    0.9776
   -0.5332    0.8434    0.0667
   -0.8211   -0.5348    0.1995
...    46 T-A ...
  -85.4942  -79.9387   76.7400
   -0.1216    0.4671    0.8758
   -0.5305    0.7152   -0.4551
   -0.8389   -0.5199    0.1609
...    47 A-T ...
  -88.2222  -81.6763   77.4671
   -0.2959    0.8356    0.4628
   -0.3820    0.3405   -0.8591
   -0.8755   -0.4310    0.2185
...    48 C-G ...
  -90.8106  -83.1920   78.7832
   -0.3940    0.9171   -0.0601
   -0.1752   -0.1392   -0.9747
   -0.9022   -0.3735    0.2155
...    49 T-A ...
  -93.7986  -84.1586   79.9355
   -0.3330    0.7501   -0.5713
    0.0163   -0.6012   -0.7989
   -0.9428   -0.2753    0.1880
...    50 G-C ...
  -97.1571  -84.7003   80.3436
   -0.0859    0.3527   -0.9318
    0.1308   -0.9231   -0.3615
   -0.9877   -0.1530    0.0332
...    51 T-A ...
 -100.3419  -84.6095   80.4367
    0.0646   -0.1188   -0.9908
    0.1230   -0.9844    0.1260
   -0.9903   -0.1300   -0.0490
...    52 A-T ...
 -103.5660  -84.9105   79.8397
    0.2364   -0.6250   -0.7440
   -0.0176   -0.7683    0.6398
   -0.9715   -0.1382   -0.1927
...    53 G-C ...
 -106.6262  -85.1588   78.8529
    0.2490   -0.9165   -0.3130
   -0.1890   -0.3630    0.9124
   -0.9499   -0.1681   -0.2636
...    54 G-C ...
 -109.7282  -85.8076   77.0234
    0.1351   -0.9604    0.2438
   -0.3299    0.1884    0.9250
   -0.9343   -0.2054   -0.2914
...    55 T-A ...
 -112.6048  -86.7901   75.6963
   -0.0906   -0.7251    0.6826
   -0.3541    0.6641    0.6584
   -0.9308   -0.1821   -0.3170
...    56 A-T ...
 -115.6173  -87.6680   74.4401
   -0.3003   -0.1813    0.9364
   -0.2142    0.9695    0.1190
   -0.9295   -0.1649   -0.3300
...    57 T-A ...
 -118.4985  -88.9118   73.3966
   -0.3972    0.3382    0.8532
    0.0006    0.9297   -0.3683
   -0.9177   -0.1458   -0.3694
...    58 C-G ...
 -121.4202  -89.5077   72.0524
   -0.2525    0.8439    0.4733
    0.2910    0.5328   -0.7946
   -0.9228   -0.0629   -0.3802
...    59 A-T ...
 -124.4816  -89.8903   70.6447
    0.0830    0.9964    0.0168
    0.3739   -0.0155   -0.9273
   -0.9237    0.0832   -0.3738
...    60 T-A ...
 -127.5634  -89.3790   69.8493
    0.3393    0.8528   -0.3970
    0.2722   -0.4930   -0.8264
   -0.9004    0.1724   -0.3994
...    61 G-C ...
 -130.5840  -88.3325   68.4061
    0.5908    0.3921   -0.7051
   -0.0129   -0.8692   -0.4942
   -0.8067    0.3011   -0.5085
...    62 T-A ...
 -132.9901  -86.6363   66.8608
    0.5407   -0.1189   -0.8328
   -0.3467   -0.9335   -0.0918
   -0.7665    0.3384   -0.5459
...    63 T-A ...
 -135.2382  -85.3748   65.0203
    0.2886   -0.6095   -0.7384
   -0.6226   -0.7054    0.3389
   -0.7274    0.3619   -0.5831
...    64 A-T ...
 -137.8510  -84.3116   63.1162
   -0.1780   -0.9088   -0.3773
   -0.6886   -0.1589    0.7075
   -0.7030    0.3858   -0.5975
...    65 T-A ...
 -139.6074  -83.0796   60.6551
   -0.5367   -0.8438   -0.0048
   -0.5111    0.3206    0.7975
   -0.6714    0.4304   -0.6033
...    66 A-T ...
 -141.8803  -81.2107   58.7986
   -0.8112   -0.3532    0.4661
    0.0075    0.7907    0.6122
   -0.5847    0.5001   -0.6387
...    67 A-T ...
 -143.7076  -79.6936   56.6070
   -0.6877    0.1924    0.7000
    0.5062    0.8183    0.2724
   -0.5204    0.5417   -0.6601
...    68 C-G ...
 -145.8009  -78.3996   54.2249
   -0.2994    0.6063    0.7367
    0.8200    0.5583   -0.1262
   -0.4878    0.5663   -0.6643
...    69 G-C ...
 -147.0211  -76.2359   52.1459
    0.2599    0.6815    0.6841
    0.8715    0.1396   -0.4701
   -0.4159    0.7184   -0.5577
...    70 G-C ...
 -148.3813  -73.6452   50.6892
    0.7167    0.5521    0.4261
    0.6082   -0.1957   -0.7693
   -0.3413    0.8105   -0.4760
...    71 A-T ...
 -149.4811  -70.8871   49.3405
    0.9610    0.2739   -0.0390
    0.0942   -0.4564   -0.8848
   -0.2601    0.8465   -0.4644
...    72 T-A ...
 -150.1040  -67.8093   48.3835
    0.8905   -0.0403   -0.4531
   -0.4077   -0.5124   -0.7557
   -0.2018    0.8578   -0.4728
...    73 C-G ...
 -150.3986  -64.7515   46.8314
    0.4729   -0.3870   -0.7916
   -0.8704   -0.3447   -0.3516
   -0.1368    0.8553   -0.4998
...    74 T-A ...
 -150.4458  -61.9825   45.0836
   -0.0401   -0.5597   -0.8277
   -0.9954   -0.0496    0.0818
   -0.0868    0.8272   -0.5552
...    75 C-G ...
 -151.0693  -59.5328   43.0593
   -0.6137   -0.4811   -0.6260
   -0.7893    0.3568    0.4997
   -0.0171    0.8008   -0.5987
...    76 G-C ...
 -151.5244  -56.7098   41.5107
   -0.9427   -0.2161   -0.2541
   -0.3334    0.5862    0.7384
   -0.0106    0.7808   -0.6246
...    77 A-T ...
 -151.3466  -53.9623   39.7300
   -0.9548    0.1762    0.2393
    0.2971    0.5717    0.7648
   -0.0020    0.8013   -0.5983
...    78 G-C ...
 -151.3622  -51.3819   37.7120
   -0.6507    0.4474    0.6136
    0.7588    0.3523    0.5478
    0.0289    0.8220   -0.5687
...    79 C-G ...
 -151.6329  -48.7215   35.5949
   -0.0982    0.5286    0.8432
    0.9941    0.0132    0.1075
    0.0457    0.8488   -0.5267
...    80 T-A ...
 -151.7891  -45.8533   33.9170
    0.4072    0.3824    0.8294
    0.9080   -0.2672   -0.3227
    0.0982    0.8845   -0.4560
...    81 C-G ...
 -151.4406  -42.8270   32.5869
    0.8243    0.0977    0.5577
    0.5437   -0.4117   -0.7314
    0.1582    0.9061   -0.3924
...    82 G-C ...
 -150.3614  -40.1192   31.2576
    0.9572   -0.2437    0.1563
    0.0617   -0.3557   -0.9326
    0.2828    0.9023   -0.3254
...    83 G-C ...
 -149.0864  -37.1293   30.5183
    0.8159   -0.4759   -0.3285
   -0.4394   -0.1410   -0.8871
    0.3759    0.8681   -0.3242
...    84 G-C ...
 -147.2772  -34.4463   29.5628
    0.4126   -0.5677   -0.7123
   -0.7719    0.1972   -0.6043
    0.4835    0.7993   -0.3569
...    85 A-T ...
 -145.4022  -31.9259   28.5010
   -0.1198   -0.3408   -0.9325
   -0.8515    0.5182   -0.0799
    0.5104    0.7844   -0.3523
...    86 T-A ...
 -143.2370  -29.7607   27.2373
   -0.5426   -0.0228   -0.8397
   -0.6609    0.6286    0.4100
    0.5185    0.7774   -0.3561
...    87 C-G ...
 -141.3817  -27.3421   25.8322
   -0.8173    0.3804   -0.4328
   -0.2059    0.5086    0.8360
    0.5382    0.7724   -0.3374
...    88 C-G ...
 -139.5674  -24.8901   24.6013
   -0.8468    0.5239    0.0922
    0.2479    0.2355    0.9397
    0.4706    0.8186   -0.3293
...    89 G-C ...
 -137.8918  -22.1336   24.0212
   -0.6166    0.4826    0.6220
    0.6704   -0.0923    0.7362
    0.4127    0.8710   -0.2666
...    90 C-G ...
 -136.8027  -19.1030   22.7668
   -0.1408    0.3172    0.9379
    0.8900   -0.3744    0.2602
    0.4337    0.8713   -0.2296
...    91 T-A ...
 -135.7209  -15.9362   22.0461
    0.3474    0.0050    0.9377
    0.8236   -0.4797   -0.3026
    0.4483    0.8774   -0.1708
...    92 T-A ...
 -134.4997  -12.9502   21.8040
    0.7311   -0.2897    0.6176
    0.4903   -0.4064   -0.7710
    0.4744    0.8665   -0.1551
...    93 T-A ...
 -132.9348  -10.1601   21.5069
    0.8450   -0.5234    0.1100
    0.0240   -0.1684   -0.9854
    0.5343    0.8353   -0.1297
...    94 A-T ...
 -130.8655   -7.5779   21.0682
    0.6361   -0.6418   -0.4283
   -0.4073    0.1922   -0.8928
    0.6554    0.7424   -0.1392
...    95 A-T ...
 -128.6094   -5.3837   20.7881
    0.2927   -0.4692   -0.8332
   -0.6609    0.5304   -0.5309
    0.6910    0.7061   -0.1549
...    96 C-G ...
 -125.8270   -3.5504   20.4470
   -0.0919   -0.1197   -0.9885
   -0.7003    0.7135   -0.0213
    0.7079    0.6904   -0.1494
...    97 A-T ...
 -123.4434   -1.3295   19.7647
   -0.5126    0.2687   -0.8155
   -0.5082    0.6706    0.5404
    0.6921    0.6915   -0.2072
...    98 C-G ...
 -120.9251    0.5703   18.5136
   -0.7065    0.5723   -0.4163
   -0.1671    0.4368    0.8839
    0.6877    0.6940   -0.2129
...    99 T-A ...
 -118.5948    2.9143   17.0018
   -0.6856    0.7146    0.1391
    0.2405    0.0420    0.9697
    0.6871    0.6983   -0.2006
...   100 T-A ...
 -116.5367    5.2251   15.9978
   -0.4023    0.6306    0.6637
    0.5782   -0.3871    0.7182
    0.7098    0.6727   -0.2089
...   101 T-A ...
 -114.3904    7.5191   15.1710
   -0.0150    0.2987    0.9542
    0.6968   -0.6813    0.2243
    0.7171    0.6683   -0.1979
...   102 A-T ...
 -111.8533    9.5821   14.6709
    0.2995   -0.1874    0.9355
    0.5909   -0.7334   -0.3361
    0.7491    0.6534   -0.1090
...   103 T-A ...
 -109.8036   12.0720   14.8511
    0.4903   -0.5442    0.6807
    0.3926   -0.5595   -0.7300
    0.7781    0.6252   -0.0607
...   104 G-C ...
 -107.1566   14.1057   14.9975
    0.5411   -0.8336    0.1106
    0.0546   -0.0964   -0.9938
    0.8392    0.5438   -0.0067
...   105 C-G ...
 -104.2141   15.4808   15.3536
    0.4290   -0.7911   -0.4361
   -0.2342    0.3689   -0.8995
    0.8724    0.4880   -0.0271
...   106 T-A ...
 -100.9235   16.5751   15.4280
    0.2083   -0.4595   -0.8634
   -0.3779    0.7764   -0.5044
    0.9021    0.4313   -0.0119
...   107 T-A ...
  -97.9179   17.6927   15.4075
   -0.0686    0.0321   -0.9971
   -0.4039    0.9130    0.0572
    0.9122    0.4067   -0.0497
...   108 C-G ...
  -94.8165   18.8442   15.0248
   -0.3033    0.5448   -0.7818
   -0.2742    0.7358    0.6192
    0.9126    0.4021   -0.0738
...   109 C-G ...
  -91.7960   20.0742   14.6208
   -0.4832    0.8070   -0.3396
   -0.0645    0.3540    0.9330
    0.8731    0.4728   -0.1190
...   110 G-C ...
  -89.1615   21.6226   14.5590
   -0.5239    0.8309    0.1874
    0.2026   -0.0921    0.9749
    0.8274    0.5487   -0.1201
...   111 G-C ...
  -86.6694   23.8197   14.0601
   -0.3743    0.6095    0.6989
    0.4738   -0.5222    0.7091
    0.7971    0.5965   -0.0933
...   112 C-G ...
  -84.4007   26.2414   13.6131
   -0.0909    0.2044    0.9747
    0.6007   -0.7694    0.2174
    0.7943    0.6052   -0.0528
...   113 T-A ...
  -81.9498   28.4629   13.5029
    0.1871   -0.2501    0.9500
    0.5670   -0.7622   -0.3123
    0.8022    0.5971   -0.0008
...   114 C-G ...
  -79.2481   30.3620   13.6614
    0.4338   -0.6645    0.6084
    0.3837   -0.4748   -0.7921
    0.8152    0.5770    0.0490
...   115 G-C ...
  -76.3767   32.0084   13.4298
    0.4959   -0.8669    0.0500
    0.0856   -0.0084   -0.9963
    0.8642    0.4983    0.0701
...   116 T-A ...
  -73.4165   33.1867   14.2041
    0.4195   -0.7724   -0.4769
   -0.1719    0.4483   -0.8772
    0.8913    0.4500    0.0553
...   117 A-T ...
  -70.1470   34.1244   14.7382
    0.1653   -0.4393   -0.8830
   -0.3332    0.8178   -0.4692
    0.9283    0.3717   -0.0112
...   118 T-A ...
  -66.9508   34.6325   14.8970
   -0.0144    0.0212   -0.9997
   -0.3662    0.9302    0.0249
    0.9304    0.3664   -0.0056
...   119 A-T ...
  -63.9017   35.9898   14.8669
   -0.2641    0.5307   -0.8053
   -0.2604    0.7647    0.5894
    0.9287    0.3654   -0.0638
...   120 A-T ...
  -60.8583   36.9648   14.3458
   -0.3745    0.8627   -0.3399
   -0.0594    0.3435    0.9373
    0.9253    0.3712   -0.0774
...   121 T-A ...
  -57.8628   38.0911   13.3901
   -0.3429    0.9202    0.1889
    0.1442   -0.1472    0.9785
    0.9282    0.3628   -0.0822
...   122 G-C ...
  -54.7756   39.4938   12.9461
   -0.2540    0.6406    0.7246
    0.3216   -0.6506    0.6879
    0.9122    0.4078   -0.0408
...   123 T-A ...
  -52.0189   41.2243   12.6217
   -0.0712    0.2337    0.9697
    0.4053   -0.8815    0.2422
    0.9114    0.4102   -0.0320
...   124 G-C ...
  -49.0329   42.6870   12.6376
    0.1026   -0.3325    0.9375
    0.3978   -0.8501   -0.3451
    0.9117    0.4084    0.0450
...   125 T-A ...
  -46.3289   44.3807   13.0564
    0.2503   -0.7372    0.6276
    0.2924   -0.5604   -0.7749
    0.9230    0.3774    0.0753
...   126 C-G ...
  -43.4055   45.5360   13.4009
    0.3718   -0.9262    0.0633
    0.1020   -0.0271   -0.9944
    0.9227    0.3762    0.0844
...   127 G-C ...
  -40.3070   46.5818   13.2273
    0.1934   -0.8792   -0.4354
   -0.0608    0.4321   -0.8998
    0.9792    0.2005    0.0301
...   128 A-T ...
  -37.2393   47.2700   13.4281
    0.1071   -0.4751   -0.8734
   -0.1780    0.8551   -0.4869
    0.9782    0.2077    0.0070
...   129 C-G ...
  -33.9552   47.1719   13.6934
   -0.0512    0.0272   -0.9983
   -0.1906    0.9810    0.0365
    0.9803    0.1922   -0.0450
...   130 C-G ...
  -30.6163   47.3366   12.9681
   -0.2568    0.4950   -0.8301
   -0.0882    0.8433    0.5301
    0.9624    0.2094   -0.1729
...   131 A-T ...
  -27.5445   48.5981   12.5908
   -0.3743    0.8453   -0.3814
    0.1052    0.4473    0.8882
    0.9213    0.2923   -0.2563
...   132 A-T ...
  -24.6171   49.6120   11.5067
   -0.2462    0.9515    0.1845
    0.3122   -0.1024    0.9445
    0.9176    0.2902   -0.2718
...   133 A-T ...
  -21.7720   50.6459   10.2392
    0.0345    0.7231    0.6899
    0.3835   -0.6471    0.6590
    0.9229    0.2418   -0.2996
...   134 T-A ...
  -19.0159   52.0243    8.9250
    0.2452    0.2905    0.9249
    0.3073   -0.9281    0.2101
    0.9195    0.2328   -0.3169
...   135 G-C ...
  -16.4637   53.8824    7.5153
    0.5339   -0.3333    0.7771
    0.0346   -0.9097   -0.4139
    0.8449    0.2479   -0.4741
...   136 T-A ...
  -14.1748   56.5546    6.1808
    0.5795   -0.7269    0.3685
   -0.3141   -0.6164   -0.7221
    0.7521    0.3026   -0.5855
...   137 G-C ...
  -11.6538   57.9991    4.7204
    0.2452   -0.9542   -0.1714
   -0.6323   -0.0234   -0.7744
    0.7349    0.2983   -0.6091
...   138 A-T ...
   -8.6758   58.7132    3.6025
   -0.0345   -0.7815   -0.6229
   -0.6536    0.4891   -0.5775
    0.7560    0.3872   -0.5277
...   139 G-C ...
   -6.3274   59.0726    1.6297
   -0.2969   -0.3279   -0.8968
   -0.5657    0.8171   -0.1114
    0.7693    0.4742   -0.4281
...   140 C-G ...
   -3.4368   60.2278    1.0287
   -0.4426    0.2287   -0.8671
   -0.1681    0.9286    0.3308
    0.8808    0.2922   -0.3725
...   141 G-C ...
   -0.6976   63.8910   -2.2509
   -0.9992    0.0157   -0.0376
   -0.0024    0.8991    0.4378
    0.0407    0.4375   -0.8983
...   142 C-G ...
   -1.0064   65.5987   -4.9400
   -0.8337    0.5216    0.1813
    0.5170    0.6219    0.5881
    0.1940    0.5841   -0.7882
...   143 T-A ...
   -0.1332   66.2083   -7.8196
   -0.3753    0.8566    0.3540
    0.8856    0.2187    0.4098
    0.2736    0.4673   -0.8407
...   144 C-G ...
   -0.1665   67.4019  -10.8067
    0.1798    0.8793    0.4411
    0.9277   -0.3007    0.2214
    0.3273    0.3694   -0.8697
...   145 A-T ...
    0.5267   69.2311  -13.4659
    0.7352    0.4964    0.4616
    0.6118   -0.7791   -0.1367
    0.2918    0.3829   -0.8765
...   146 C-G ...
    1.4339   72.0891  -15.6018
    0.9809    0.0621    0.1844
    0.1264   -0.9240   -0.3608
    0.1480    0.3772   -0.9142
...   147 A-T ...
    2.3048   74.2221  -18.3863
    0.8657   -0.4292   -0.2575
   -0.4984   -0.7868   -0.3642
   -0.0463    0.4436   -0.8950
