  147 base-pairs
...     1 A-T ...
    0.0000    0.0000    0.0000
    1.0000    0.0000    0.0000
    0.0000    1.0000    0.0000
    0.0000    0.0000    1.0000
...     2 G-C ...
   -0.1394   -1.2357    3.2268
    0.7529    0.6366    0.1670
   -0.6386    0.7680   -0.0486
   -0.1592   -0.0700    0.9848
...     3 T-A ...
   -0.0365   -3.2932    6.3751
    0.2722    0.9301    0.2466
   -0.9238    0.3243   -0.2033
   -0.2691   -0.1725    0.9475
...     4 G-C ...
   -0.3505   -4.1660    9.4928
   -0.3756    0.9250    0.0579
   -0.8781   -0.3352   -0.3415
   -0.2965   -0.1791    0.9381
...     5 A-T ...
   -0.4462   -4.1476   12.7498
   -0.8116    0.5840   -0.0165
   -0.5523   -0.7762   -0.3042
   -0.1905   -0.2378    0.9524
...     6 G-C ...
   -1.5908   -4.1730   15.6201
   -0.9976    0.0246   -0.0651
   -0.0043   -0.9555   -0.2950
   -0.0695   -0.2940    0.9533
...     7 C-G ...
   -1.1030   -4.4824   18.7362
   -0.8441   -0.5304   -0.0787
    0.5345   -0.8441   -0.0432
   -0.0435   -0.0785    0.9960
...     8 G-C ...
   -2.4028   -7.7290   23.1475
   -0.2754   -0.3293   -0.9032
    0.6650   -0.7437    0.0684
   -0.6942   -0.5818    0.4238
...     9 C-G ...
   -4.4690   -9.9728   24.1132
    0.1145   -0.7025   -0.7024
    0.8512   -0.2952    0.4340
   -0.5122   -0.6476    0.5642
...    10 T-A ...
   -6.7405  -10.8752   25.9697
    0.4841   -0.8363   -0.2574
    0.6595    0.1553    0.7355
   -0.5751   -0.5258    0.6267
...    11 C-G ...
   -9.1656  -12.6208   27.1640
    0.7073   -0.6682    0.2307
    0.3448    0.6110    0.7126
   -0.6171   -0.4245    0.6626
...    12 A-T ...
  -10.9234  -14.6633   29.0693
    0.7515   -0.1377    0.6452
   -0.2029    0.8824    0.4246
   -0.6277   -0.4500    0.6352
...    13 C-G ...
  -11.8476  -17.4863   31.2451
    0.4295    0.2823    0.8578
   -0.5708    0.8209    0.0156
   -0.6998   -0.4963    0.5137
...    14 A-T ...
  -13.5897  -19.7827   33.4259
   -0.1504    0.6104    0.7777
   -0.6874    0.5008   -0.5260
   -0.7106   -0.6136    0.3443
...    15 A-T ...
  -15.8312  -21.7890   34.6355
   -0.4896    0.8098    0.3232
   -0.4835    0.0562   -0.8735
   -0.7256   -0.5840    0.3640
...    16 T-A ...
  -17.9384  -23.6269   36.5490
   -0.6970    0.6928   -0.1849
   -0.1391   -0.3836   -0.9130
   -0.7034   -0.6106    0.3637
...    17 T-A ...
  -20.2155  -25.4107   38.1100
   -0.6722    0.3133   -0.6708
    0.2984   -0.7146   -0.6327
   -0.6776   -0.6255    0.3868
...    18 T-A ...
  -22.5224  -27.2283   39.4885
   -0.3842   -0.1378   -0.9129
    0.6210   -0.7702   -0.1451
   -0.6832   -0.6227    0.3815
...    19 A-T ...
  -24.6560  -29.5117   40.7382
    0.0799   -0.5509   -0.8308
    0.7199   -0.5446    0.4303
   -0.6895   -0.6324    0.3531
...    20 T-A ...
  -27.3919  -31.2365   41.5215
    0.4217   -0.7709   -0.4774
    0.5815   -0.1740    0.7947
   -0.6957   -0.6128    0.3749
...    21 T-A ...
  -29.8100  -33.2214   42.4722
    0.6656   -0.7428    0.0721
    0.2321    0.2979    0.9260
   -0.7093   -0.5996    0.3706
...    22 C-G ...
  -32.1223  -35.2266   43.6622
    0.6967   -0.4137    0.5861
   -0.2052    0.6679    0.7154
   -0.6874   -0.6187    0.3805
...    23 G-C ...
  -34.5254  -36.8476   45.3875
    0.5630    0.1157    0.8183
   -0.5707    0.7706    0.2837
   -0.5977   -0.6267    0.4999
...    24 C-G ...
  -36.2174  -39.1650   46.9548
    0.2206    0.5372    0.8141
   -0.7760    0.6023   -0.1872
   -0.5909   -0.5904    0.5498
...    25 A-T ...
  -38.4055  -40.9593   48.6196
   -0.1851    0.8353    0.5176
   -0.7714    0.2028   -0.6032
   -0.6088   -0.5109    0.6069
...    26 A-T ...
  -40.2828  -42.5518   50.7796
   -0.5688    0.8186    0.0795
   -0.5435   -0.3016   -0.7833
   -0.6173   -0.4888    0.6165
...    27 A-T ...
  -42.0971  -43.9452   53.0874
   -0.7745    0.5058   -0.3799
   -0.1264   -0.7122   -0.6905
   -0.6198   -0.4868    0.6155
...    28 G-C ...
  -44.2904  -45.0841   55.3767
   -0.6825    0.0931   -0.7250
    0.2734   -0.8874   -0.3713
   -0.6778   -0.4516    0.5802
...    29 G-C ...
  -46.9223  -46.2757   57.2555
   -0.3591   -0.3808   -0.8521
    0.5852   -0.8031    0.1123
   -0.7270   -0.4583    0.5113
...    30 C-G ...
  -49.6082  -47.5843   58.5870
    0.0525   -0.7345   -0.6766
    0.6606   -0.4825    0.5751
   -0.7489   -0.4772    0.4599
...    31 C-G ...
  -52.3199  -49.0256   59.9414
    0.4540   -0.8481   -0.2731
    0.5023   -0.0096    0.8647
   -0.7360   -0.5297    0.4216
...    32 G-C ...
  -54.3215  -50.7665   61.4762
    0.7024   -0.6908    0.1713
    0.1750    0.4009    0.8993
   -0.6899   -0.6017    0.4025
...    33 G-C ...
  -56.3079  -53.2024   62.7326
    0.7109   -0.3280    0.6221
   -0.2623    0.6970    0.6673
   -0.6525   -0.6376    0.4095
...    34 C-G ...
  -58.2605  -55.5552   63.9038
    0.4737    0.1339    0.8704
   -0.6102    0.7625    0.2148
   -0.6350   -0.6329    0.4429
...    35 C-G ...
  -60.0466  -57.8668   65.6468
    0.0982    0.5704    0.8155
   -0.7705    0.5621   -0.3005
   -0.6298   -0.5989    0.4947
...    36 C-G ...
  -61.8937  -59.9737   67.5157
   -0.2931    0.8209    0.4902
   -0.7075    0.1587   -0.6887
   -0.6431   -0.5486    0.5343
...    37 G-C ...
  -64.3124  -61.9482   68.6431
   -0.5522    0.8336   -0.0116
   -0.4337   -0.2991   -0.8500
   -0.7120   -0.4644    0.5267
...    38 A-T ...
  -66.4571  -63.4910   70.3564
   -0.6840    0.5217   -0.5099
   -0.0232   -0.7142   -0.6995
   -0.7291   -0.4667    0.5006
...    39 C-G ...
  -68.9720  -64.4702   72.0478
   -0.5494    0.1186   -0.8271
    0.3089   -0.8909   -0.3330
   -0.7764   -0.4384    0.4529
...    40 A-T ...
  -71.7270  -65.8243   73.3622
   -0.1986   -0.3402   -0.9191
    0.5211   -0.8309    0.1950
   -0.8301   -0.4402    0.3423
...    41 C-G ...
  -74.7353  -67.0293   73.9810
    0.1304   -0.6941   -0.7080
    0.5241   -0.5579    0.6435
   -0.8416   -0.4549    0.2910
...    42 G-C ...
  -77.2653  -68.8344   75.1479
    0.4451   -0.8699   -0.2125
    0.2919   -0.0834    0.9528
   -0.8466   -0.4861    0.2168
...    43 A-T ...
  -79.9767  -70.3667   75.7738
    0.5208   -0.7585    0.3917
   -0.0225    0.4465    0.8945
   -0.8534   -0.4746    0.2155
...    44 C-G ...
  -82.6180  -72.3799   76.0130
    0.4439   -0.3997    0.8020
   -0.3032    0.7752    0.5542
   -0.8432   -0.4892    0.2229
...    45 T-A ...
  -85.2630  -74.7934   76.6764
    0.2026    0.0965    0.9745
   -0.4806    0.8768    0.0131
   -0.8532   -0.4710    0.2240
...    46 T-A ...
  -87.8213  -76.6616   77.3720
   -0.0919    0.5272    0.8448
   -0.4840    0.7177   -0.5006
   -0.8702   -0.4549    0.1892
...    47 A-T ...
  -90.6367  -78.1800   78.2343
   -0.2284    0.8813    0.4137
   -0.3653    0.3163   -0.8755
   -0.9024   -0.3511    0.2497
...    48 C-G ...
  -93.3133  -79.4093   79.6579
   -0.3232    0.9396   -0.1126
   -0.1982   -0.1836   -0.9628
   -0.9253   -0.2888    0.2456
...    49 T-A ...
  -96.3466  -80.0670   80.9009
   -0.2817    0.7386   -0.6124
   -0.0446   -0.6477   -0.7606
   -0.9585   -0.1870    0.2154
...    50 G-C ...
  -99.7302  -80.3084   81.3786
   -0.0752    0.3001   -0.9509
    0.0481   -0.9514   -0.3040
   -0.9960   -0.0686    0.0571
...    51 T-A ...
 -102.8950  -79.9504   81.5043
    0.0309   -0.1885   -0.9816
    0.0440   -0.9808    0.1898
   -0.9986   -0.0490   -0.0220
...    52 A-T ...
 -106.1508  -80.0789   81.0607
    0.1473   -0.6997   -0.6991
   -0.0628   -0.7120    0.6994
   -0.9871   -0.0591   -0.1488
...    53 G-C ...
 -109.2605  -80.1144   80.2006
    0.1455   -0.9580   -0.2472
   -0.1814   -0.2715    0.9452
   -0.9726   -0.0927   -0.2133
...    54 G-C ...
 -112.4918  -80.5771   78.5468
    0.0519   -0.9480    0.3141
   -0.2644    0.2902    0.9197
   -0.9630   -0.1308   -0.2355
...    55 T-A ...
 -115.5145  -81.3454   77.4245
   -0.1263   -0.6584    0.7420
   -0.2515    0.7448    0.6181
   -0.9596   -0.1086   -0.2596
...    56 A-T ...
 -118.6625  -82.0070   76.3765
   -0.2599   -0.0798    0.9623
   -0.1102    0.9925    0.0525
   -0.9593   -0.0924   -0.2668
...    57 T-A ...
 -121.7098  -83.0136   75.5970
   -0.3043    0.4381    0.8458
    0.0680    0.8957   -0.4395
   -0.9501   -0.0762   -0.3024
...    58 C-G ...
 -124.9901  -83.4103   74.8514
   -0.1781    0.8974    0.4036
    0.2656    0.4387   -0.8585
   -0.9475   -0.0457   -0.3165
...    59 T-A ...
 -128.2262  -83.3983   74.1023
    0.0780    0.9950   -0.0628
    0.3157   -0.0844   -0.9451
   -0.9456    0.0539   -0.3207
...    60 C-G ...
 -131.3638  -83.0134   73.0726
    0.3235    0.7746   -0.5435
    0.1866   -0.6153   -0.7659
   -0.9277    0.1464   -0.3435
...    61 G-C ...
 -134.1764  -82.4557   71.3902
    0.6233    0.3242   -0.7116
   -0.0672   -0.8844   -0.4618
   -0.7791    0.3357   -0.5295
...    62 A-T ...
 -136.6163  -81.1368   69.4728
    0.5271   -0.2507   -0.8120
   -0.4403   -0.8978   -0.0086
   -0.7268    0.3621   -0.5836
...    63 G-C ...
 -138.7041  -79.7308   67.2865
    0.2645   -0.6982   -0.6653
   -0.6920   -0.6179    0.3733
   -0.6717    0.3616   -0.6465
...    64 C-G ...
 -140.5938  -78.4647   64.7131
   -0.1843   -0.9322   -0.3116
   -0.7428   -0.0756    0.6653
   -0.6437    0.3541   -0.6784
...    65 T-A ...
 -142.6057  -77.3350   62.3703
   -0.5814   -0.8100    0.0770
   -0.5440    0.4573    0.7035
   -0.6050    0.3671   -0.7065
...    66 C-G ...
 -144.5933  -75.9706   60.1098
   -0.8114   -0.3508    0.4674
   -0.0635    0.8480    0.5261
   -0.5810    0.3972   -0.7104
...    67 T-A ...
 -146.6887  -74.9429   57.6624
   -0.7031    0.1526    0.6945
    0.3929    0.8974    0.2006
   -0.5927    0.4139   -0.6909
...    68 C-G ...
 -148.5649  -73.6092   55.3224
   -0.3544    0.6156    0.7039
    0.7499    0.6368   -0.1793
   -0.5586    0.4644   -0.6873
...    69 A-T ...
 -150.0699  -72.0886   52.6922
    0.2026    0.8003    0.5643
    0.8312    0.1641   -0.5312
   -0.5177    0.5767   -0.6320
...    70 T-A ...
 -152.0257  -70.1310   51.0245
    0.6235    0.7279    0.2852
    0.6231   -0.2423   -0.7437
   -0.4722    0.6414   -0.6046
...    71 G-C ...
 -153.5100  -67.5704   49.1156
    0.9369    0.3437   -0.0644
    0.1581   -0.5807   -0.7986
   -0.3119    0.7380   -0.5984
...    72 T-A ...
 -154.3008  -64.6764   47.7076
    0.9064   -0.0376   -0.4207
   -0.3425   -0.6483   -0.6800
   -0.2472    0.7604   -0.6005
...    73 T-A ...
 -154.7947  -62.1719   45.8703
    0.6066   -0.4205   -0.6747
   -0.7766   -0.4950   -0.3897
   -0.1701    0.7604   -0.6268
...    74 A-T ...
 -155.3703  -59.7603   43.6142
    0.0443   -0.6652   -0.7454
   -0.9922   -0.1165    0.0450
   -0.1167    0.7375   -0.6651
...    75 T-A ...
 -154.9944  -57.4372   41.3592
   -0.4624   -0.6066   -0.6467
   -0.8828    0.2470    0.3996
   -0.0826    0.7557   -0.6497
...    76 A-T ...
 -155.3654  -54.6295   39.3826
   -0.9332   -0.2239   -0.2811
   -0.3593    0.5824    0.7292
    0.0004    0.7815   -0.6239
...    77 A-T ...
 -155.2229  -52.2053   37.2459
   -0.9666    0.2037    0.1558
    0.2465    0.5703    0.7836
    0.0708    0.7958   -0.6015
...    78 C-G ...
 -155.1617  -49.8927   34.6797
   -0.6681    0.5042    0.5472
    0.7353    0.3343    0.5896
    0.1143    0.7962   -0.5941
...    79 G-C ...
 -154.5439  -47.1585   33.0374
   -0.1636    0.4953    0.8532
    0.9785   -0.0287    0.2043
    0.1257    0.8682   -0.4799
...    80 G-C ...
 -154.3250  -44.2070   31.6239
    0.3434    0.3072    0.8875
    0.9264   -0.2664   -0.2663
    0.1546    0.9136   -0.3760
...    81 A-T ...
 -153.8819  -41.2232   30.4397
    0.7883    0.0364    0.6142
    0.5756   -0.3964   -0.7152
    0.2174    0.9174   -0.3334
...    82 G-C ...
 -153.2724  -38.1240   29.7523
    0.9394   -0.2586    0.2252
    0.1292   -0.3414   -0.9310
    0.3176    0.9036   -0.2873
...    83 G-C ...
 -151.9663  -35.0336   29.3254
    0.8179   -0.5101   -0.2662
   -0.3712   -0.1142   -0.9215
    0.4396    0.8525   -0.2827
...    84 G-C ...
 -149.9797  -32.4197   28.5513
    0.4430   -0.5819   -0.6820
   -0.7119    0.2342   -0.6621
    0.5450    0.7788   -0.3105
...    85 A-T ...
 -147.9205  -29.9808   27.6568
   -0.0615   -0.3341   -0.9405
   -0.8193    0.5550   -0.1436
    0.5700    0.7618   -0.3079
...    86 T-A ...
 -145.5725  -27.9135   26.5708
   -0.4773   -0.0003   -0.8787
   -0.6626    0.6569    0.3597
    0.5772    0.7539   -0.3137
...    87 C-G ...
 -143.5185  -25.5786   25.3113
   -0.7665    0.4118   -0.4929
   -0.2463    0.5203    0.8177
    0.5932    0.7481   -0.2974
...    88 C-G ...
 -141.5330  -23.2015   24.2018
   -0.8287    0.5590    0.0287
    0.1891    0.2312    0.9543
    0.5269    0.7963   -0.2973
...    89 G-C ...
 -139.7076  -20.5177   23.7290
   -0.6371    0.5130    0.5752
    0.6137   -0.1138    0.7813
    0.4663    0.8508   -0.2423
...    90 C-G ...
 -138.4145  -17.5394   22.5422
   -0.1898    0.3318    0.9241
    0.8547   -0.4074    0.3218
    0.4832    0.8509   -0.2062
...    91 T-A ...
 -137.1584  -14.4223   21.8789
    0.2876    0.0024    0.9578
    0.8216   -0.5145   -0.2454
    0.4921    0.8575   -0.1499
...    92 T-A ...
 -135.8098  -11.4863   21.6796
    0.6826   -0.3076    0.6629
    0.5196   -0.4337   -0.7362
    0.5139    0.8470   -0.1362
...    93 T-A ...
 -134.1361   -8.7498   21.4434
    0.8202   -0.5484    0.1627
    0.0724   -0.1826   -0.9805
    0.5674    0.8160   -0.1100
...    94 A-T ...
 -131.9816   -6.2296   21.0625
    0.6392   -0.6641   -0.3879
   -0.3557    0.1919   -0.9147
    0.6819    0.7226   -0.1136
...    95 A-T ...
 -129.6555   -4.0995   20.8684
    0.3208   -0.4880   -0.8117
   -0.6197    0.5400   -0.5695
    0.7163    0.6858   -0.1291
...    96 C-G ...
 -126.8129   -2.3426   20.6403
   -0.0480   -0.1329   -0.9900
   -0.6802    0.7302   -0.0650
    0.7315    0.6702   -0.1254
...    97 A-T ...
 -124.3414   -0.1934   20.0331
   -0.4686    0.2654   -0.8426
   -0.5154    0.6925    0.5047
    0.7175    0.6708   -0.1877
...    98 C-G ...
 -121.7316    1.6271   18.8585
   -0.6740    0.5800   -0.4576
   -0.1946    0.4581    0.8673
    0.7127    0.6736   -0.1959
...    99 T-A ...
 -119.2850    3.8878   17.4060
   -0.6747    0.7316    0.0970
    0.2020    0.0566    0.9777
    0.7099    0.6793   -0.1860
...   100 T-A ...
 -117.1365    6.1339   16.4407
   -0.4133    0.6528    0.6349
    0.5417   -0.3842    0.7476
    0.7320    0.6529   -0.1948
...   101 T-A ...
 -114.9118    8.3657   15.6445
   -0.0415    0.3202    0.9464
    0.6725   -0.6916    0.2635
    0.7389    0.6474   -0.1867
...   102 A-T ...
 -112.3001   10.3545   15.1738
    0.2732   -0.1736    0.9462
    0.5816   -0.7536   -0.3062
    0.7662    0.6340   -0.1049
...   103 T-A ...
 -110.1983   12.8047   15.3439
    0.4641   -0.5393    0.7027
    0.3955   -0.5837   -0.7092
    0.7926    0.6070   -0.0576
...   104 G-C ...
 -107.5126   14.7848   15.4992
    0.5211   -0.8420    0.1396
    0.0723   -0.1194   -0.9902
    0.8504    0.5261   -0.0013
...   105 C-G ...
 -104.5508   16.1112   15.8818
    0.4210   -0.8087   -0.4107
   -0.2102    0.3535   -0.9115
    0.8824    0.4701   -0.0211
...   106 T-A ...
 -101.2462   17.1545   15.9984
    0.2135   -0.4826   -0.8494
   -0.3550    0.7717   -0.5277
    0.9102    0.4142   -0.0066
...   107 T-A ...
  -98.2211   18.2175   16.0000
   -0.0535    0.0103   -0.9985
   -0.3877    0.9213    0.0302
    0.9202    0.3888   -0.0453
...   108 C-G ...
  -95.0956   19.3053   15.6343
   -0.2842    0.5308   -0.7984
   -0.2693    0.7551    0.5978
    0.9202    0.3849   -0.0717
...   109 C-G ...
  -92.0506   20.4768   15.2350
   -0.4662    0.8061   -0.3646
   -0.0693    0.3775    0.9234
    0.8820    0.4558   -0.1201
...   110 G-C ...
  -89.3947   21.9908   15.1614
   -0.5131    0.8429    0.1619
    0.1919   -0.0712    0.9788
    0.8366    0.5333   -0.1253
...   111 G-C ...
  -86.8678   24.1429   14.6340
   -0.3713    0.6319    0.6803
    0.4604   -0.5110    0.7259
    0.8064    0.5827   -0.1012
...   112 C-G ...
  -84.5616   26.5225   14.1474
   -0.0950    0.2294    0.9687
    0.5886   -0.7718    0.2406
    0.8028    0.5930   -0.0617
...   113 T-A ...
  -82.0768   28.7041   13.9974
    0.1794   -0.2294    0.9567
    0.5590   -0.7765   -0.2910
    0.8095    0.5869   -0.0111
...   114 C-G ...
  -79.3494   30.5712   14.1140
    0.4250   -0.6551    0.6247
    0.3799   -0.4973   -0.7800
    0.8216    0.5688    0.0376
...   115 G-C ...
  -76.4608   32.1838   13.8455
    0.4874   -0.8704    0.0694
    0.0857   -0.0314   -0.9958
    0.8690    0.4913    0.0593
...   116 T-A ...
  -73.4868   33.3520   14.5956
    0.4122   -0.7861   -0.4606
   -0.1687    0.4310   -0.8864
    0.8953    0.4431    0.0451
...   117 A-T ...
  -70.2109   34.2805   15.1015
    0.1607   -0.4576   -0.8745
   -0.3279    0.8110   -0.4846
    0.9309    0.3646   -0.0197
...   118 T-A ...
  -67.0096   34.7692   15.2431
   -0.0163    0.0026   -0.9999
   -0.3598    0.9330    0.0083
    0.9329    0.3599   -0.0143
...   119 A-T ...
  -63.9505   36.1076   15.1816
   -0.2625    0.5190   -0.8135
   -0.2541    0.7761    0.5772
    0.9309    0.3582   -0.0718
...   120 A-T ...
  -60.9022   37.0566   14.6385
   -0.3709    0.8591   -0.3527
   -0.0548    0.3589    0.9318
    0.9271    0.3649   -0.0860
...   121 T-A ...
  -57.9038   38.1529   13.6569
   -0.3378    0.9247    0.1755
    0.1467   -0.1325    0.9803
    0.9297    0.3568   -0.0909
...   122 G-C ...
  -54.8097   39.5349   13.1814
   -0.2489    0.6522    0.7160
    0.3215   -0.6417    0.6963
    0.9136    0.4035   -0.0500
...   123 T-A ...
  -52.0470   41.2508   12.8204
   -0.0664    0.2474    0.9666
    0.4029   -0.8796    0.2528
    0.9128    0.4062   -0.0413
...   124 G-C ...
  -49.0531   42.7023   12.8008
    0.1062   -0.3211    0.9411
    0.3933   -0.8557   -0.3363
    0.9133    0.4058    0.0354
...   125 T-A ...
  -46.3415   44.3930   13.1829
    0.2513   -0.7305    0.6350
    0.2868   -0.5703   -0.7697
    0.9244    0.3756    0.0662
...   126 C-G ...
  -43.4122   45.5434   13.4987
    0.3698   -0.9263    0.0717
    0.0967   -0.0384   -0.9946
    0.9241    0.3747    0.0754
...   127 G-C ...
  -40.3113   46.5853   13.2873
    0.1914   -0.8827   -0.4292
   -0.0651    0.4249   -0.9029
    0.9793    0.2008    0.0239
...   128 A-T ...
  -37.2412   47.2747   13.4669
    0.1035   -0.4811   -0.8705
   -0.1804    0.8516   -0.4921
    0.9781    0.2080    0.0014
...   129 C-G ...
  -33.9550   47.1805   13.7161
   -0.0552    0.0211   -0.9983
   -0.1912    0.9811    0.0313
    0.9800    0.1926   -0.0501
...   130 C-G ...
  -30.6183   47.3479   12.9810
   -0.2598    0.4911   -0.8315
   -0.0871    0.8456    0.5267
    0.9617    0.2092   -0.1769
...   131 A-T ...
  -27.5452   48.6101   12.6013
   -0.3743    0.8448   -0.3825
    0.1070    0.4490    0.8871
    0.9211    0.2911   -0.2585
...   132 A-T ...
  -24.6175   49.6188   11.5121
   -0.2453    0.9519    0.1838
    0.3134   -0.1015    0.9442
    0.9174    0.2892   -0.2734
...   133 A-T ...
  -21.7727   50.6498   10.2406
    0.0354    0.7236    0.6894
    0.3838   -0.6467    0.6591
    0.9227    0.2413   -0.3006
...   134 T-A ...
  -19.0161   52.0245    8.9251
    0.2452    0.2905    0.9249
    0.3073   -0.9281    0.2101
    0.9195    0.2328   -0.3169
...   135 G-C ...
  -16.4638   53.8825    7.5154
    0.5339   -0.3333    0.7771
    0.0346   -0.9097   -0.4139
    0.8449    0.2479   -0.4741
...   136 T-A ...
  -14.1750   56.5548    6.1809
    0.5795   -0.7269    0.3685
   -0.3141   -0.6164   -0.7221
    0.7521    0.3026   -0.5855
...   137 G-C ...
  -11.6539   57.9993    4.7205
    0.2452   -0.9542   -0.1714
   -0.6323   -0.0234   -0.7744
    0.7349    0.2983   -0.6091
...   138 A-T ...
   -8.6760   58.7134    3.6025
   -0.0345   -0.7815   -0.6229
   -0.6536    0.4891   -0.5775
    0.7560    0.3872   -0.5277
...   139 G-C ...
   -6.3276   59.0728    1.6297
   -0.2969   -0.3279   -0.8968
   -0.5657    0.8171   -0.1114
    0.7693    0.4742   -0.4281
...   140 C-G ...
   -3.4370   60.2280    1.0288
   -0.4426    0.2287   -0.8671
   -0.1681    0.9286    0.3308
    0.8808    0.2922   -0.3725
...   141 G-C ...
   -0.6978   63.8913   -2.2509
   -0.9992    0.0157   -0.0376
   -0.0024    0.8991    0.4378
    0.0407    0.4375   -0.8983
...   142 C-G ...
   -1.0066   65.5989   -4.9400
   -0.8337    0.5216    0.1813
    0.5170    0.6219    0.5881
    0.1940    0.5841   -0.7882
...   143 T-A ...
   -0.1334   66.2086   -7.8195
   -0.3753    0.8566    0.3540
    0.8856    0.2187    0.4098
    0.2736    0.4673   -0.8407
...   144 C-G ...
   -0.1667   67.4021  -10.8066
    0.1797    0.8793    0.4411
    0.9277   -0.3007    0.2214
    0.3273    0.3694   -0.8697
...   145 A-T ...
    0.5265   69.2314  -13.4658
    0.7352    0.4964    0.4616
    0.6118   -0.7791   -0.1367
    0.2918    0.3829   -0.8765
...   146 C-G ...
    1.4337   72.0893  -15.6018
    0.9809    0.0621    0.1844
    0.1264   -0.9240   -0.3608
    0.1480    0.3772   -0.9142
...   147 A-T ...
    2.3046   74.2224  -18.3862
    0.8657   -0.4292   -0.2575
   -0.4984   -0.7868   -0.3642
   -0.0463    0.4436   -0.8950
