  147 base-pairs
...     1 A-T ...
    0.0000    0.0000    0.0000
    1.0000    0.0000    0.0000
    0.0000    1.0000    0.0000
    0.0000    0.0000    1.0000
...     2 G-C ...
   -0.1394   -1.2357    3.2268
    0.7529    0.6366    0.1670
   -0.6386    0.7680   -0.0486
   -0.1592   -0.0700    0.9848
...     3 T-A ...
   -0.0365   -3.2932    6.3751
    0.2722    0.9301    0.2466
   -0.9238    0.3243   -0.2033
   -0.2691   -0.1725    0.9475
...     4 G-C ...
   -0.3505   -4.1660    9.4928
   -0.3756    0.9250    0.0579
   -0.8781   -0.3352   -0.3415
   -0.2965   -0.1791    0.9381
...     5 A-T ...
   -0.4462   -4.1476   12.7498
   -0.8116    0.5840   -0.0165
   -0.5523   -0.7762   -0.3042
   -0.1905   -0.2378    0.9524
...     6 G-C ...
   -1.5908   -4.1730   15.6201
   -0.9976    0.0246   -0.0651
   -0.0043   -0.9555   -0.2950
   -0.0695   -0.2940    0.9533
...     7 C-G ...
   -1.1030   -4.4824   18.7362
   -0.8441   -0.5304   -0.0787
    0.5345   -0.8441   -0.0432
   -0.0435   -0.0785    0.9960
...     8 G-C ...
   -2.4028   -7.7290   23.1475
   -0.2754   -0.3293   -0.9032
    0.6650   -0.7437    0.0684
   -0.6942   -0.5818    0.4238
...     9 C-G ...
   -4.4690   -9.9728   24.1132
    0.1145   -0.7025   -0.7024
    0.8512   -0.2952    0.4340
   -0.5122   -0.6476    0.5642
...    10 T-A ...
   -6.7405  -10.8752   25.9697
    0.4841   -0.8363   -0.2574
    0.6595    0.1553    0.7355
   -0.5751   -0.5258    0.6267
...    11 C-G ...
   -9.1656  -12.6208   27.1640
    0.7073   -0.6682    0.2307
    0.3448    0.6110    0.7126
   -0.6171   -0.4245    0.6626
...    12 A-T ...
  -10.9234  -14.6633   29.0693
    0.7515   -0.1377    0.6452
   -0.2029    0.8824    0.4246
   -0.6277   -0.4500    0.6352
...    13 C-G ...
  -11.8476  -17.4863   31.2451
    0.4295    0.2823    0.8578
   -0.5708    0.8209    0.0156
   -0.6998   -0.4963    0.5137
...    14 A-T ...
  -13.5897  -19.7827   33.4259
   -0.1504    0.6104    0.7777
   -0.6874    0.5008   -0.5260
   -0.7106   -0.6136    0.3443
...    15 A-T ...
  -15.7106  -21.8036   34.8039
   -0.4898    0.7968    0.3538
   -0.4998    0.0758   -0.8628
   -0.7143   -0.5994    0.3611
...    16 T-A ...
  -17.7614  -23.6208   36.6160
   -0.6646    0.7371   -0.1224
   -0.1984   -0.3320   -0.9222
   -0.7204   -0.5886    0.3669
...    17 T-A ...
  -20.0721  -25.3610   38.0809
   -0.6609    0.4317   -0.6139
    0.1978   -0.6889   -0.6974
   -0.7240   -0.5823    0.3699
...    18 T-A ...
  -22.5085  -26.9988   39.4612
   -0.4412   -0.0256   -0.8970
    0.5289   -0.8149   -0.2369
   -0.7249   -0.5790    0.3731
...    19 A-T ...
  -24.8904  -28.9839   40.6423
   -0.0211   -0.4605   -0.8874
    0.6724   -0.6634    0.3283
   -0.7399   -0.5898    0.3236
...    20 T-A ...
  -27.7251  -30.5145   41.3141
    0.3160   -0.7299   -0.6061
    0.5932   -0.3466    0.7266
   -0.7404   -0.5892    0.3235
...    21 T-A ...
  -30.2751  -32.3546   42.1111
    0.5895   -0.8021   -0.0957
    0.3178    0.1214    0.9404
   -0.7426   -0.5848    0.3265
...    22 C-G ...
  -32.6546  -34.3696   43.0764
    0.6889   -0.5669    0.4517
   -0.0856    0.5552    0.8273
   -0.7198   -0.6086    0.3339
...    23 G-C ...
  -35.0010  -36.2119   44.5343
    0.6098   -0.1053    0.7856
   -0.4629    0.7572    0.4608
   -0.6433   -0.6447    0.4129
...    24 C-G ...
  -36.7800  -38.6508   45.8619
    0.3016    0.3457    0.8886
   -0.7230    0.6904   -0.0233
   -0.6215   -0.6354    0.4582
...    25 A-T ...
  -38.8537  -40.6763   47.4779
   -0.0749    0.7328    0.6763
   -0.7896    0.3706   -0.4891
   -0.6091   -0.5706    0.5509
...    26 A-T ...
  -40.6016  -42.5320   49.4801
   -0.4915    0.8217    0.2885
   -0.6176   -0.0953   -0.7807
   -0.6140   -0.5618    0.5543
...    27 A-T ...
  -42.4661  -44.2175   51.5241
   -0.7411    0.6418   -0.1972
   -0.2464   -0.5333   -0.8092
   -0.6245   -0.5511    0.5534
...    28 G-C ...
  -44.5479  -45.7426   53.5764
   -0.7132    0.3249   -0.6212
    0.1536   -0.7922   -0.5906
   -0.6840   -0.5166    0.5151
...    29 G-C ...
  -47.0691  -47.1064   55.3418
   -0.4584   -0.0885   -0.8843
    0.4806   -0.8616   -0.1629
   -0.7476   -0.4997    0.4375
...    30 C-G ...
  -49.8128  -48.3887   56.6282
   -0.0943   -0.5066   -0.8570
    0.6326   -0.6952    0.3413
   -0.7687   -0.5099    0.3861
...    31 C-G ...
  -52.5861  -50.0467   57.5484
    0.3169   -0.7546   -0.5746
    0.5568   -0.3424    0.7568
   -0.7678   -0.5598    0.3117
...    32 G-C ...
  -54.8387  -52.1488   58.8024
    0.6389   -0.7636   -0.0930
    0.2553    0.0964    0.9621
   -0.7257   -0.6384    0.2565
...    33 G-C ...
  -57.1681  -54.5169   59.3581
    0.7218   -0.5503    0.4196
   -0.1469    0.4706    0.8700
   -0.6763   -0.6896    0.2589
...    34 C-G ...
  -59.1907  -57.0699   59.9571
    0.5485   -0.1876    0.8148
   -0.5196    0.6871    0.5079
   -0.6551   -0.7020    0.2794
...    35 C-G ...
  -61.1155  -59.6790   60.9035
    0.2324    0.2576    0.9379
   -0.7376    0.6752   -0.0027
   -0.6340   -0.6912    0.3469
...    36 C-G ...
  -62.9519  -62.1933   62.2228
   -0.1389    0.6321    0.7624
   -0.7500    0.4356   -0.4978
   -0.6467   -0.6409    0.4135
...    37 G-C ...
  -65.3276  -64.1808   63.4190
   -0.4299    0.8449    0.3182
   -0.5609    0.0263   -0.8275
   -0.7075   -0.5343    0.4626
...    38 A-T ...
  -67.5684  -65.8962   65.0332
   -0.6269    0.7437   -0.2324
   -0.2212   -0.4559   -0.8621
   -0.7470   -0.4890    0.4503
...    39 C-G ...
  -69.9645  -67.0244   66.9573
   -0.6111    0.4409   -0.6574
    0.1118   -0.7741   -0.6231
   -0.7836   -0.4543    0.4237
...    40 A-T ...
  -72.6738  -68.4570   68.2580
   -0.3427    0.0212   -0.9392
    0.3772   -0.9125   -0.1582
   -0.8604   -0.4085    0.3048
...    41 C-G ...
  -75.7567  -69.1932   69.1000
   -0.0677   -0.4239   -0.9032
    0.4725   -0.8109    0.3452
   -0.8787   -0.4034    0.2552
...    42 G-C ...
  -78.4936  -70.9409   69.8151
    0.2909   -0.7500   -0.5940
    0.3665   -0.4861    0.7933
   -0.8838   -0.4485    0.1335
...    43 A-T ...
  -81.3833  -72.4633   70.0654
    0.4615   -0.8868   -0.0240
    0.1052    0.0278    0.9941
   -0.8809   -0.4613    0.1061
...    44 C-G ...
  -84.2106  -74.2043   69.7985
    0.4506   -0.7435    0.4941
   -0.1610    0.4767    0.8642
   -0.8781   -0.4690    0.0951
...    45 T-A ...
  -86.9577  -76.0546   69.9532
    0.3218   -0.3736    0.8700
   -0.3812    0.7899    0.4803
   -0.8667   -0.4862    0.1118
...    46 T-A ...
  -89.6349  -77.8989   70.1618
    0.0203    0.1250    0.9920
   -0.4759    0.8737   -0.1003
   -0.8793   -0.4700    0.0772
...    47 A-T ...
  -92.5916  -79.3994   70.3981
   -0.2145    0.6308    0.7457
   -0.3853    0.6469   -0.6581
   -0.8975   -0.4284    0.1043
...    48 C-G ...
  -95.3029  -81.0449   71.2605
   -0.3358    0.8916    0.3037
   -0.2160    0.2410   -0.9462
   -0.9168   -0.3833    0.1117
...    49 T-A ...
  -98.3086  -82.1663   71.9871
   -0.3016    0.9273   -0.2219
   -0.0274   -0.2411   -0.9701
   -0.9530   -0.2865    0.0981
...    50 G-C ...
 -101.5777  -82.8033   72.2472
   -0.1045    0.7005   -0.7060
    0.0997   -0.6989   -0.7082
   -0.9895   -0.1444    0.0032
...    51 T-A ...
 -104.8179  -82.6517   72.4887
    0.0257    0.2669   -0.9634
    0.1135   -0.9582   -0.2625
   -0.9932   -0.1026   -0.0550
...    52 A-T ...
 -108.0962  -82.6701   71.9944
    0.2201   -0.2691   -0.9376
    0.0113   -0.9604    0.2783
   -0.9754   -0.0718   -0.2084
...    53 G-C ...
 -111.2469  -82.6268   71.0134
    0.2468   -0.7213   -0.6471
   -0.1550   -0.6886    0.7084
   -0.9566   -0.0745   -0.2818
...    54 G-C ...
 -114.2885  -82.9775   69.5890
    0.1681   -0.9748   -0.1468
   -0.3216   -0.1950    0.9266
   -0.9318   -0.1086   -0.3463
...    55 T-A ...
 -117.1169  -83.3986   67.8535
   -0.0384   -0.9325    0.3591
   -0.3700    0.3471    0.8618
   -0.9282   -0.0998   -0.3584
...    56 A-T ...
 -120.4065  -83.1738   66.9957
   -0.3625   -0.4817    0.7979
   -0.2132    0.8763    0.4321
   -0.9073   -0.0135   -0.4204
...    57 T-A ...
 -123.2571  -83.8665   65.4459
   -0.4433    0.0342    0.8957
    0.0238    0.9994   -0.0264
   -0.8961    0.0096   -0.4438
...    58 C-G ...
 -126.1660  -83.9448   63.9173
   -0.3102    0.6118    0.7277
    0.3085    0.7888   -0.5317
   -0.8992    0.0596   -0.4334
...    59 T-A ...
 -129.2590  -83.8349   62.7729
   -0.0206    0.9188    0.3942
    0.4360    0.3630   -0.8235
   -0.8997    0.1549   -0.4081
...    60 C-G ...
 -132.2114  -83.2908   61.5392
    0.3132    0.9445   -0.0995
    0.3688   -0.2176   -0.9037
   -0.8751    0.2463   -0.4165
...    61 G-C ...
 -134.9323  -82.2602   59.9248
    0.6244    0.6272   -0.4656
    0.1055   -0.6583   -0.7453
   -0.7740    0.4162   -0.4772
...    62 A-T ...
 -137.2699  -80.6831   58.3205
    0.6345    0.1109   -0.7649
   -0.3034   -0.8745   -0.3785
   -0.7109    0.4722   -0.5212
...    63 G-C ...
 -139.3113  -78.7990   56.5454
    0.4400   -0.3894   -0.8091
   -0.6289   -0.7768    0.0319
   -0.6410    0.4948   -0.5868
...    64 C-G ...
 -140.9590  -77.0267   54.2758
    0.0430   -0.7613   -0.6470
   -0.8033   -0.4114    0.4306
   -0.5940    0.5012   -0.6293
...    65 T-A ...
 -142.6148  -75.4049   51.8979
   -0.3887   -0.8669   -0.3122
   -0.7299    0.0829    0.6785
   -0.5623    0.4916   -0.6649
...    66 C-G ...
 -144.4064  -73.8699   49.5880
   -0.7667   -0.6268    0.1389
   -0.3501    0.5895    0.7279
   -0.5382    0.5095   -0.6714
...    67 G-C ...
 -146.1634  -71.7358   47.7096
   -0.8059   -0.1935    0.5595
    0.1684    0.8311    0.5301
   -0.5676    0.5214   -0.6372
...    68 G-C ...
 -148.0065  -70.1549   45.3555
   -0.5444    0.2578    0.7982
    0.6037    0.7811    0.1593
   -0.5825    0.5686   -0.5809
...    69 G-C ...
 -150.0740  -68.4739   43.2846
   -0.0782    0.5739    0.8152
    0.8211    0.5009   -0.2738
   -0.5655    0.6479   -0.5103
...    70 A-T ...
 -151.9622  -66.4359   41.6149
    0.4443    0.6990    0.5603
    0.7310    0.0786   -0.6778
   -0.5179    0.7107   -0.4761
...    71 T-A ...
 -153.9451  -64.0507   40.6555
    0.7713    0.6076    0.1895
    0.4223   -0.2658   -0.8666
   -0.4761    0.7485   -0.4616
...    72 C-G ...
 -155.3160  -61.4719   39.2789
    0.9175    0.2822   -0.2804
   -0.0947   -0.5297   -0.8429
   -0.3864    0.7999   -0.4592
...    73 A-T ...
 -156.2589  -58.6650   37.7218
    0.7764   -0.1675   -0.6076
   -0.5910   -0.5284   -0.6095
   -0.2190    0.8323   -0.5092
...    74 T-A ...
 -156.3710  -55.6834   36.3687
    0.3844   -0.4200   -0.8221
   -0.9038   -0.3528   -0.2424
   -0.1882    0.8362   -0.5152
...    75 G-C ...
 -157.0684  -53.1267   34.3722
   -0.1902   -0.5978   -0.7787
   -0.9729    0.0084    0.2312
   -0.1316    0.8016   -0.5832
...    76 T-A ...
 -156.9130  -50.6135   32.1714
   -0.6765   -0.4936   -0.5466
   -0.7280    0.3365    0.5972
   -0.1108    0.8020   -0.5870
...    77 T-A ...
 -156.9561  -48.1249   30.0492
   -0.9802   -0.1407   -0.1390
   -0.1939    0.5462    0.8149
   -0.0387    0.8258   -0.5627
...    78 A-T ...
 -156.7356  -45.0034   28.6975
   -0.8665    0.3203    0.3829
    0.4954    0.4577    0.7383
    0.0612    0.8294   -0.5553
...    79 T-A ...
 -156.9692  -42.5719   26.4724
   -0.4924    0.5166    0.7005
    0.8660    0.2103    0.4537
    0.0871    0.8300   -0.5509
...    80 A-T ...
 -156.5871  -39.7873   24.6951
    0.0877    0.4626    0.8822
    0.9900   -0.1391   -0.0254
    0.1109    0.8756   -0.4702
...    81 A-T ...
 -156.3877  -36.8830   23.3101
    0.6109    0.2583    0.7484
    0.7775   -0.3741   -0.5055
    0.1494    0.8907   -0.4293
...    82 C-G ...
 -156.1910  -33.7531   22.4482
    0.9062   -0.0352    0.4214
    0.3652   -0.4376   -0.8217
    0.2133    0.8985   -0.3837
...    83 G-C ...
 -155.0419  -30.9053   21.1396
    0.9086   -0.4175   -0.0147
   -0.1461   -0.2846   -0.9474
    0.3914    0.8629   -0.3196
...    84 G-C ...
 -153.1638  -28.1790   20.4280
    0.6468   -0.5944   -0.4778
   -0.5685    0.0418   -0.8216
    0.5083    0.8031   -0.3109
...    85 A-T ...
 -151.2540  -25.7142   19.3963
    0.1778   -0.4785   -0.8599
   -0.8134    0.4204   -0.4021
    0.5539    0.7709   -0.3144
...    86 T-A ...
 -148.8576  -23.6038   18.5225
   -0.2502   -0.1802   -0.9513
   -0.7835    0.6149    0.0896
    0.5687    0.7678   -0.2951
...    87 C-G ...
 -146.9129  -21.1811   17.4255
   -0.6606    0.2326   -0.7137
   -0.4712    0.6117    0.6355
    0.5844    0.7561   -0.2945
...    88 C-G ...
 -144.8944  -18.7671   16.1900
   -0.8336    0.5018   -0.2310
   -0.0235    0.3856    0.9224
    0.5519    0.7743   -0.3096
...    89 G-C ...
 -142.8868  -16.1386   15.6693
   -0.7389    0.5729    0.3548
    0.4432    0.0166    0.8963
    0.5076    0.8195   -0.2662
...    90 C-G ...
 -141.3985  -13.4354   14.4617
   -0.4023    0.4514    0.7965
    0.7633   -0.3149    0.5640
    0.5054    0.8349   -0.2179
...    91 T-A ...
 -140.0048  -10.5223   13.7774
    0.0099    0.1556    0.9878
    0.8588   -0.5073    0.0713
    0.5122    0.8476   -0.1386
...    92 T-A ...
 -138.5281   -7.6729   13.4217
    0.4585   -0.1895    0.8683
    0.7089   -0.5113   -0.4859
    0.5360    0.8382   -0.1001
...    93 T-A ...
 -136.8839   -4.8992   13.3285
    0.7427   -0.4834    0.4635
    0.3468   -0.3145   -0.8837
    0.5729    0.8170   -0.0660
...    94 A-T ...
 -134.7691   -2.3289   13.5611
    0.7111   -0.6998   -0.0686
   -0.0623    0.0345   -0.9975
    0.7004    0.7135   -0.0191
...    95 A-T ...
 -132.3657   -0.1697   13.7517
    0.5400   -0.5787   -0.6112
   -0.4288    0.4357   -0.7914
    0.7242    0.6894   -0.0129
...    96 C-G ...
 -129.5952    1.6238   14.0633
    0.2211   -0.2878   -0.9318
   -0.6230    0.6935   -0.3619
    0.7503    0.6605   -0.0260
...    97 A-T ...
 -127.1616    3.8726   13.8412
   -0.2256    0.1092   -0.9681
   -0.6015    0.7660    0.2266
    0.7663    0.6334   -0.1071
...    98 C-G ...
 -124.3128    5.4769   13.1683
   -0.5115    0.4929   -0.7039
   -0.3831    0.6024    0.7002
    0.7692    0.6278   -0.1193
...    99 T-A ...
 -121.7326    7.4393   12.4486
   -0.6597    0.7186   -0.2202
   -0.0429    0.2566    0.9656
    0.7503    0.6464   -0.1384
...   100 T-A ...
 -119.2819    9.4504   11.7092
   -0.5437    0.7526    0.3715
    0.3305   -0.2149    0.9190
    0.7715    0.6224   -0.1319
...   101 T-A ...
 -116.8807   11.5352   11.0446
   -0.2522    0.4995    0.8288
    0.5681   -0.6169    0.5447
    0.7834    0.6082   -0.1282
...   102 A-T ...
 -114.1982   13.4868   10.7386
    0.0715   -0.0006    0.9974
    0.6104   -0.7908   -0.0443
    0.7888    0.6120   -0.0562
...   103 T-A ...
 -112.0369   15.9516   10.8048
    0.3499   -0.4088    0.8429
    0.4918   -0.6856   -0.5367
    0.7973    0.6024   -0.0388
...   104 G-C ...
 -109.2215   17.7491   10.8582
    0.4525   -0.7933    0.4073
    0.2450   -0.3286   -0.9122
    0.8574    0.5125    0.0456
...   105 C-G ...
 -106.4021   19.3325   11.5274
    0.4587   -0.8760   -0.1492
   -0.0142    0.1607   -0.9869
    0.8885    0.4548    0.0612
...   106 T-A ...
 -103.3547   20.5224   12.0258
    0.3191   -0.6953   -0.6440
   -0.2130    0.6095   -0.7636
    0.9235    0.3808    0.0464
...   107 T-A ...
 -100.2802   21.5107   12.3472
    0.1418   -0.2305   -0.9627
   -0.3453    0.8999   -0.2663
    0.9277    0.3702    0.0480
...   108 C-G ...
  -97.1840   22.5849   12.3863
   -0.1093    0.3316   -0.9371
   -0.3423    0.8725    0.3487
    0.9332    0.3588    0.0181
...   109 C-G ...
  -93.9804   23.6173   12.1221
   -0.3401    0.7279   -0.5954
   -0.1998    0.5627    0.8021
    0.9189    0.3918   -0.0459
...   110 G-C ...
  -91.0213   25.1686   12.3122
   -0.4700    0.8819   -0.0364
    0.0516    0.0686    0.9963
    0.8811    0.4664   -0.0778
...   111 G-C ...
  -88.1417   26.8403   11.7958
   -0.4259    0.7420    0.5177
    0.3117   -0.4168    0.8539
    0.8494    0.5250   -0.0538
...   112 C-G ...
  -85.5329   28.8397   11.3706
   -0.2199    0.3731    0.9014
    0.4965   -0.7526    0.4326
    0.8397    0.5426   -0.0197
...   113 T-A ...
  -82.9517   30.9155   11.3974
    0.0250   -0.1095    0.9937
    0.5475   -0.8302   -0.1053
    0.8365    0.5466    0.0392
...   114 C-G ...
  -80.2597   32.7642   11.6364
    0.3069   -0.5945    0.7432
    0.4335   -0.6079   -0.6652
    0.8473    0.5263    0.0712
...   115 G-C ...
  -77.2662   34.2458   11.7055
    0.3835   -0.8908    0.2437
    0.2156   -0.1703   -0.9615
    0.8980    0.4213    0.1267
...   116 T-A ...
  -74.3913   35.4888   12.7552
    0.4009   -0.8680   -0.2929
   -0.0089    0.3161   -0.9487
    0.9161    0.3829    0.1190
...   117 A-T ...
  -71.2631   36.5570   13.1775
    0.2334   -0.5723   -0.7861
   -0.2046    0.7615   -0.6151
    0.9506    0.3044    0.0606
...   118 T-A ...
  -68.0290   36.9177   13.6322
    0.0866   -0.1188   -0.9891
   -0.2879    0.9475   -0.1390
    0.9537    0.2968    0.0479
...   119 A-T ...
  -64.8461   37.8967   13.6660
   -0.1673    0.4263   -0.8890
   -0.2541    0.8526    0.4567
    0.9526    0.3023   -0.0343
...   120 A-T ...
  -61.7162   38.6853   13.3349
   -0.2820    0.8337   -0.4748
   -0.1066    0.4645    0.8791
    0.9535    0.2985   -0.0421
...   121 T-A ...
  -58.6225   39.4783   12.5268
   -0.2948    0.9549    0.0343
    0.0551   -0.0188    0.9983
    0.9540    0.2962   -0.0471
...   122 G-C ...
  -55.4936   40.5907   12.6616
   -0.2834    0.7464    0.6021
    0.2447   -0.5508    0.7980
    0.9272    0.3735   -0.0265
...   123 T-A ...
  -52.6735   42.2931   12.2316
   -0.1287    0.3411    0.9312
    0.3602   -0.8587    0.3644
    0.9239    0.3823   -0.0124
...   124 G-C ...
  -49.5347   43.3673   12.4106
    0.0297   -0.2409    0.9701
    0.3869   -0.8921   -0.2333
    0.9216    0.3823    0.0667
...   125 T-A ...
  -46.7486   45.0908   12.9772
    0.2061   -0.6799    0.7037
    0.3097   -0.6369   -0.7060
    0.9282    0.3635    0.0793
...   126 C-G ...
  -43.7245   46.3007   13.3615
    0.3156   -0.9361    0.1554
    0.1285   -0.1201   -0.9844
    0.9402    0.3307    0.0824
...   127 G-C ...
  -40.5526   47.3451   13.3108
    0.2083   -0.8849   -0.4165
   -0.0545    0.4147   -0.9083
    0.9766    0.2119    0.0382
...   128 A-T ...
  -37.3526   47.9469   13.5173
    0.0828   -0.4966   -0.8640
   -0.1589    0.8493   -0.5034
    0.9838    0.1790   -0.0086
...   129 C-G ...
  -34.0669   47.8894   13.6135
   -0.0598   -0.0000   -0.9982
   -0.1628    0.9866    0.0098
    0.9848    0.1631   -0.0590
...   130 C-G ...
  -30.7420   48.1098   13.1202
   -0.2396    0.5054   -0.8290
   -0.0683    0.8429    0.5336
    0.9685    0.1845   -0.1675
...   131 A-T ...
  -27.5628   48.8898   12.4977
   -0.3429    0.8636   -0.3696
    0.1296    0.4332    0.8919
    0.9304    0.2579   -0.2604
...   132 A-T ...
  -24.6366   49.7134   11.3636
   -0.2042    0.9583    0.1999
    0.3152   -0.1289    0.9402
    0.9268    0.2550   -0.2758
...   133 A-T ...
  -21.7523   50.6795   10.2131
    0.0363    0.7186    0.6945
    0.3804   -0.6525    0.6553
    0.9241    0.2404   -0.2970
...   134 T-A ...
  -19.0160   52.0244    8.9251
    0.2452    0.2905    0.9249
    0.3073   -0.9281    0.2101
    0.9195    0.2328   -0.3169
...   135 G-C ...
  -16.4638   53.8824    7.5154
    0.5339   -0.3333    0.7771
    0.0346   -0.9097   -0.4139
    0.8449    0.2479   -0.4741
...   136 T-A ...
  -14.1750   56.5546    6.1809
    0.5795   -0.7269    0.3685
   -0.3141   -0.6164   -0.7221
    0.7521    0.3026   -0.5855
...   137 G-C ...
  -11.6539   57.9992    4.7206
    0.2452   -0.9542   -0.1714
   -0.6323   -0.0234   -0.7744
    0.7349    0.2983   -0.6091
...   138 A-T ...
   -8.6759   58.7133    3.6026
   -0.0345   -0.7815   -0.6229
   -0.6536    0.4891   -0.5775
    0.7560    0.3872   -0.5277
...   139 G-C ...
   -6.3275   59.0727    1.6298
   -0.2969   -0.3279   -0.8968
   -0.5657    0.8171   -0.1114
    0.7693    0.4742   -0.4281
...   140 C-G ...
   -3.4369   60.2278    1.0288
   -0.4426    0.2287   -0.8671
   -0.1681    0.9286    0.3308
    0.8808    0.2922   -0.3725
...   141 G-C ...
   -0.6977   63.8911   -2.2508
   -0.9992    0.0157   -0.0376
   -0.0024    0.8991    0.4378
    0.0407    0.4375   -0.8983
...   142 C-G ...
   -1.0065   65.5988   -4.9399
   -0.8337    0.5216    0.1813
    0.5170    0.6219    0.5881
    0.1940    0.5841   -0.7882
...   143 T-A ...
   -0.1333   66.2084   -7.8194
   -0.3753    0.8566    0.3540
    0.8856    0.2187    0.4098
    0.2736    0.4673   -0.8407
...   144 C-G ...
   -0.1666   67.4020  -10.8066
    0.1797    0.8793    0.4411
    0.9277   -0.3007    0.2214
    0.3273    0.3694   -0.8697
...   145 A-T ...
    0.5266   69.2312  -13.4658
    0.7352    0.4964    0.4616
    0.6118   -0.7791   -0.1367
    0.2918    0.3829   -0.8765
...   146 C-G ...
    1.4338   72.0892  -15.6017
    0.9809    0.0621    0.1844
    0.1264   -0.9240   -0.3608
    0.1480    0.3772   -0.9142
...   147 A-T ...
    2.3047   74.2222  -18.3861
    0.8657   -0.4292   -0.2575
   -0.4984   -0.7868   -0.3642
   -0.0463    0.4436   -0.8950
