  147 base-pairs
...     1 A-T ...
    0.0000    0.0000    0.0000
    1.0000    0.0000    0.0000
    0.0000    1.0000    0.0000
    0.0000    0.0000    1.0000
...     2 G-C ...
   -0.1394   -1.2357    3.2268
    0.7529    0.6366    0.1670
   -0.6386    0.7680   -0.0486
   -0.1592   -0.0700    0.9848
...     3 T-A ...
   -0.0365   -3.2932    6.3751
    0.2722    0.9301    0.2466
   -0.9238    0.3243   -0.2033
   -0.2691   -0.1725    0.9475
...     4 G-C ...
   -0.3505   -4.1660    9.4928
   -0.3756    0.9250    0.0579
   -0.8781   -0.3352   -0.3415
   -0.2965   -0.1791    0.9381
...     5 A-T ...
   -0.4462   -4.1476   12.7498
   -0.8116    0.5840   -0.0165
   -0.5523   -0.7762   -0.3042
   -0.1905   -0.2378    0.9524
...     6 G-C ...
   -1.5908   -4.1730   15.6201
   -0.9976    0.0246   -0.0651
   -0.0043   -0.9555   -0.2950
   -0.0695   -0.2940    0.9533
...     7 C-G ...
   -1.1030   -4.4824   18.7362
   -0.8441   -0.5304   -0.0787
    0.5345   -0.8441   -0.0432
   -0.0435   -0.0785    0.9960
...     8 G-C ...
   -2.4028   -7.7290   23.1475
   -0.2754   -0.3293   -0.9032
    0.6650   -0.7437    0.0684
   -0.6942   -0.5818    0.4238
...     9 C-G ...
   -4.4690   -9.9728   24.1132
    0.1145   -0.7025   -0.7024
    0.8512   -0.2952    0.4340
   -0.5122   -0.6476    0.5642
...    10 T-A ...
   -6.7405  -10.8752   25.9697
    0.4841   -0.8363   -0.2574
    0.6595    0.1553    0.7355
   -0.5751   -0.5258    0.6267
...    11 C-G ...
   -9.1656  -12.6208   27.1640
    0.7073   -0.6682    0.2307
    0.3448    0.6110    0.7126
   -0.6171   -0.4245    0.6626
...    12 A-T ...
  -10.9234  -14.6633   29.0693
    0.7515   -0.1377    0.6452
   -0.2029    0.8824    0.4246
   -0.6277   -0.4500    0.6352
...    13 C-G ...
  -11.8476  -17.4863   31.2451
    0.4295    0.2823    0.8578
   -0.5708    0.8209    0.0156
   -0.6998   -0.4963    0.5137
...    14 A-T ...
  -13.5897  -19.7827   33.4259
   -0.1504    0.6104    0.7777
   -0.6874    0.5008   -0.5260
   -0.7106   -0.6136    0.3443
...    15 A-T ...
  -15.8181  -21.7993   34.6403
   -0.4872    0.8089    0.3291
   -0.4868    0.0612   -0.8713
   -0.7250   -0.5847    0.3640
...    16 T-A ...
  -17.9167  -23.6446   36.5567
   -0.6968    0.6958   -0.1744
   -0.1460   -0.3756   -0.9152
   -0.7023   -0.6122    0.3633
...    17 T-A ...
  -20.1848  -25.4347   38.1241
   -0.6776    0.3220   -0.6612
    0.2911   -0.7083   -0.6431
   -0.6754   -0.6282    0.3862
...    18 T-A ...
  -22.4796  -27.2515   39.5093
   -0.3956   -0.1199   -0.9106
    0.6156   -0.7704   -0.1660
   -0.6816   -0.6262    0.3786
...    19 A-T ...
  -24.6297  -29.5090   40.6977
    0.0604   -0.5046   -0.8612
    0.7216   -0.5740    0.3870
   -0.6896   -0.6449    0.3295
...    20 T-A ...
  -27.3673  -31.2468   41.4224
    0.4054   -0.7410   -0.5353
    0.5956   -0.2301    0.7696
   -0.6935   -0.6308    0.3481
...    21 T-A ...
  -29.7878  -33.2748   42.2824
    0.6644   -0.7474   -0.0055
    0.2608    0.2250    0.9388
   -0.7004   -0.6251    0.3444
...    22 C-G ...
  -32.0611  -35.3712   43.3700
    0.7163   -0.4616    0.5233
   -0.1763    0.6059    0.7758
   -0.6751   -0.6480    0.3526
...    23 G-C ...
  -34.3567  -37.1541   45.0729
    0.5932    0.0437    0.8038
   -0.5611    0.7384    0.3740
   -0.5772   -0.6729    0.4626
...    24 C-G ...
  -35.9735  -39.6076   46.4960
    0.2510    0.4602    0.8516
   -0.7845    0.6120   -0.0996
   -0.5670   -0.6431    0.5147
...    25 A-T ...
  -38.0688  -41.5550   48.0938
   -0.1651    0.7773    0.6071
   -0.7981    0.2564   -0.5453
   -0.5795   -0.5746    0.5780
...    26 A-T ...
  -39.8263  -43.3746   50.1764
   -0.5692    0.7989    0.1945
   -0.5779   -0.2205   -0.7857
   -0.5848   -0.5596    0.5872
...    27 A-T ...
  -41.5124  -45.0324   52.4054
   -0.7971    0.5344   -0.2810
   -0.1544   -0.6303   -0.7608
   -0.5837   -0.5631    0.5850
...    28 G-C ...
  -43.5743  -46.4552   54.6533
   -0.7205    0.1683   -0.6727
    0.2610   -0.8330   -0.4879
   -0.6425   -0.5271    0.5562
...    29 G-C ...
  -46.0843  -47.8925   56.5241
   -0.4015   -0.2719   -0.8746
    0.5967   -0.8021   -0.0246
   -0.6948   -0.5318    0.4842
...    30 C-G ...
  -48.6854  -49.3696   57.8335
    0.0207   -0.6306   -0.7759
    0.6972   -0.5471    0.4632
   -0.7165   -0.5506    0.4283
...    31 C-G ...
  -51.3046  -51.0228   59.1062
    0.4476   -0.7863   -0.4258
    0.5547   -0.1294    0.8219
   -0.7014   -0.6041    0.3783
...    32 G-C ...
  -53.1736  -53.0417   60.4300
    0.7240   -0.6897    0.0097
    0.2272    0.2517    0.9408
   -0.6513   -0.6789    0.3389
...    33 G-C ...
  -54.9831  -55.7399   61.3693
    0.7586   -0.4096    0.5067
   -0.2305    0.5587    0.7967
   -0.6095   -0.7211    0.3294
...    34 C-G ...
  -56.7460  -58.3456   62.2524
    0.5310   -0.0134    0.8473
   -0.6122    0.6852    0.3945
   -0.5858   -0.7282    0.3557
...    35 C-G ...
  -58.3341  -61.0053   63.6540
    0.1364    0.4015    0.9057
   -0.8080    0.5741   -0.1328
   -0.5732   -0.7136    0.4027
...    36 C-G ...
  -59.9730  -63.5113   65.1811
   -0.2852    0.6858    0.6696
   -0.7615    0.2621   -0.5928
   -0.5821   -0.6790    0.4475
...    37 G-C ...
  -62.2526  -65.7948   65.9964
   -0.5847    0.7851    0.2042
   -0.4827   -0.1343   -0.8654
   -0.6520   -0.6046    0.4575
...    38 A-T ...
  -64.1768  -67.8029   67.4564
   -0.7401    0.5823   -0.3364
   -0.0446   -0.5417   -0.8394
   -0.6710   -0.6062    0.4270
...    39 C-G ...
  -66.5184  -69.2776   69.0357
   -0.6133    0.2728   -0.7413
    0.3213   -0.7712   -0.5496
   -0.7216   -0.5752    0.3853
...    40 A-T ...
  -69.0952  -71.0301   70.1964
   -0.2506   -0.1135   -0.9614
    0.5676   -0.8217   -0.0509
   -0.7842   -0.5585    0.2703
...    41 C-G ...
  -71.9827  -72.5154   70.6621
    0.1115   -0.4758   -0.8725
    0.5938   -0.6721    0.4424
   -0.7968   -0.5674    0.2076
...    42 G-C ...
  -74.3346  -74.7299   71.4308
    0.4763   -0.7408   -0.4737
    0.3635   -0.3246    0.8732
   -0.8006   -0.5881    0.1147
...    43 A-T ...
  -76.8902  -76.5870   71.7256
    0.5916   -0.7962    0.1266
    0.0156    0.1683    0.9856
   -0.8061   -0.5811    0.1120
...    44 C-G ...
  -79.3789  -78.7808   71.4863
    0.5271   -0.5789    0.6221
   -0.3097    0.5509    0.7750
   -0.7914   -0.6012    0.1112
...    45 T-A ...
  -81.7869  -81.5233   71.5251
    0.2636   -0.1904    0.9457
   -0.5367    0.7856    0.3078
   -0.8016   -0.5886    0.1048
...    46 T-A ...
  -84.1281  -83.7915   71.6668
   -0.0732    0.2149    0.9739
   -0.5679    0.7938   -0.2178
   -0.8199   -0.5690    0.0640
...    47 A-T ...
  -86.7985  -85.7201   72.0148
   -0.2952    0.6675    0.6836
   -0.4347    0.5434   -0.7182
   -0.8508   -0.5091    0.1297
...    48 C-G ...
  -89.2805  -87.6410   72.9767
   -0.4292    0.8785    0.2101
   -0.2177    0.1251   -0.9680
   -0.8766   -0.4612    0.1375
...    49 T-A ...
  -92.1730  -89.0267   73.9237
   -0.3894    0.8613   -0.3264
    0.0039   -0.3528   -0.9357
   -0.9210   -0.3657    0.1340
...    50 G-C ...
  -95.4792  -89.8331   74.2788
   -0.1440    0.6000   -0.7870
    0.1606   -0.7705   -0.6168
   -0.9765   -0.2152    0.0146
...    51 T-A ...
  -98.6326  -90.0699   74.5572
    0.0293    0.1501   -0.9882
    0.1798   -0.9733   -0.1425
   -0.9833   -0.1735   -0.0555
...    52 C-G ...
 -101.7346  -90.4753   74.0170
    0.1869   -0.3819   -0.9051
    0.0754   -0.9130    0.4008
   -0.9795   -0.1432   -0.1419
...    53 A-T ...
 -105.0337  -90.3552   73.0740
    0.2998   -0.7719   -0.5606
   -0.1576   -0.6196    0.7689
   -0.9409   -0.1422   -0.3074
...    54 T-A ...
 -107.9200  -90.6475   71.5941
    0.1958   -0.9754   -0.1010
   -0.3020   -0.1580    0.9401
   -0.9330   -0.1536   -0.3255
...    55 G-C ...
 -110.9550  -91.1865   70.2548
   -0.0218   -0.8777    0.4787
   -0.3606    0.4534    0.8151
   -0.9325   -0.1548   -0.3264
...    56 T-A ...
 -113.8459  -92.0336   68.7142
   -0.2431   -0.4931    0.8353
   -0.2669    0.8619    0.4312
   -0.9326   -0.1181   -0.3411
...    57 T-A ...
 -116.7792  -92.5968   67.5424
   -0.3753    0.0795    0.9235
   -0.0587    0.9923   -0.1093
   -0.9251   -0.0952   -0.3677
...    58 A-T ...
 -119.8617  -92.6759   66.2316
   -0.2971    0.6453    0.7038
    0.2061    0.7630   -0.6126
   -0.9324   -0.0369   -0.3597
...    59 T-A ...
 -122.9962  -93.1846   65.6317
   -0.1416    0.9373    0.3184
    0.3485    0.3482   -0.8702
   -0.9265   -0.0123   -0.3760
...    60 A-T ...
 -126.0154  -93.0063   64.4280
    0.2134    0.9725   -0.0937
    0.3445   -0.1646   -0.9242
   -0.9142    0.1649   -0.3701
...    61 A-T ...
 -128.8759  -92.2765   63.4391
    0.4606    0.7324   -0.5014
    0.1607   -0.6244   -0.7644
   -0.8729    0.2715   -0.4053
...    62 C-G ...
 -131.6372  -90.6303   62.4528
    0.5339    0.2805   -0.7977
   -0.1272   -0.9060   -0.4037
   -0.8359    0.3170   -0.4480
...    63 G-C ...
 -134.0836  -89.8325   60.4363
    0.5177   -0.2809   -0.8082
   -0.4752   -0.8799    0.0014
   -0.7115    0.3833   -0.5890
...    64 G-C ...
 -135.9070  -88.8147   57.8659
    0.2676   -0.7334   -0.6249
   -0.7466   -0.5678    0.3467
   -0.6091    0.3737   -0.6995
...    65 A-T ...
 -137.6626  -87.4145   55.3847
   -0.2585   -0.9140   -0.3127
   -0.7700   -0.0005    0.6380
   -0.5833    0.4057   -0.7037
...    66 T-A ...
 -138.9903  -86.2577   52.5593
   -0.6591   -0.7519    0.0165
   -0.5198    0.4712    0.7126
   -0.5436    0.4611   -0.7014
...    67 A-T ...
 -140.6890  -83.9393   50.4962
   -0.9001   -0.1390    0.4130
    0.1178    0.8349    0.5377
   -0.4196    0.5326   -0.7351
...    68 G-C ...
 -141.9709  -82.2885   48.0031
   -0.6922    0.2698    0.6694
    0.5754    0.7661    0.2862
   -0.4356    0.5833   -0.6856
...    69 G-C ...
 -144.0674  -80.7319   45.5458
   -0.2419    0.5823    0.7762
    0.8646    0.4925   -0.1001
   -0.4405    0.6468   -0.6225
...    70 T-A ...
 -145.8140  -78.7265   43.7360
    0.2524    0.7135    0.6536
    0.8767    0.1174   -0.4666
   -0.4096    0.6908   -0.5959
...    71 A-T ...
 -147.6267  -76.1160   42.3164
    0.7478    0.5310    0.3984
    0.5903   -0.2573   -0.7651
   -0.3038    0.8073   -0.5059
...    72 T-A ...
 -148.7551  -73.2534   41.3049
    0.9589    0.2831    0.0181
    0.1528   -0.4616   -0.8738
   -0.2390    0.8407   -0.4859
...    73 C-G ...
 -149.2868  -70.1589   39.8709
    0.8687   -0.1120   -0.4826
   -0.4692   -0.4987   -0.7288
   -0.1591    0.8595   -0.4858
...    74 T-A ...
 -149.3901  -67.2752   38.3374
    0.5097   -0.4195   -0.7512
   -0.8574   -0.3203   -0.4028
   -0.0716    0.8493   -0.5230
...    75 C-G ...
 -149.6913  -64.8534   36.2171
   -0.0794   -0.5382   -0.8391
   -0.9962    0.0726    0.0477
    0.0352    0.8397   -0.5419
...    76 G-C ...
 -150.1223  -62.1108   34.4904
   -0.6057   -0.4343   -0.6667
   -0.7922    0.4072    0.4545
    0.0741    0.8034   -0.5908
...    77 A-T ...
 -149.8868  -59.3292   32.6943
   -0.9606   -0.0851   -0.2644
   -0.2634    0.5810    0.7701
    0.0881    0.8094   -0.5806
...    78 G-C ...
 -149.5098  -56.7015   30.7540
   -0.9500    0.2503    0.1865
    0.2921    0.5026    0.8137
    0.1100    0.8275   -0.5506
...    79 C-G ...
 -149.2933  -54.0719   28.5604
   -0.6030    0.4712    0.6437
    0.7902    0.2425    0.5628
    0.1091    0.8480   -0.5186
...    80 T-A ...
 -149.1594  -51.2775   26.7623
   -0.1192    0.4698    0.8747
    0.9853   -0.0527    0.1626
    0.1224    0.8812   -0.4566
...    81 C-G ...
 -148.8218  -48.2850   25.2693
    0.4437    0.2951    0.8462
    0.8821   -0.3104   -0.3543
    0.1581    0.9036   -0.3980
...    82 G-C ...
 -147.7318  -45.4957   24.0746
    0.8115   -0.0229    0.5839
    0.5316   -0.3860   -0.7539
    0.2426    0.9222   -0.3010
...    83 G-C ...
 -146.8086  -42.3650   23.4247
    0.9407   -0.3179    0.1182
    0.0198   -0.2963   -0.9549
    0.3386    0.9006   -0.2724
...    84 G-C ...
 -145.2236  -39.4352   22.8810
    0.7600   -0.5291   -0.3773
   -0.4551   -0.0188   -0.8902
    0.4640    0.8483   -0.2551
...    85 A-T ...
 -143.4664  -36.7026   22.2433
    0.3404   -0.4509   -0.8251
   -0.7988    0.3243   -0.5067
    0.4960    0.8316   -0.2498
...    86 T-A ...
 -141.2915  -34.2994   21.5781
   -0.1272   -0.2229   -0.9665
   -0.8512    0.5247   -0.0090
    0.5091    0.8216   -0.2565
...    87 C-G ...
 -139.3611  -31.7343   20.5787
   -0.6045    0.1576   -0.7809
   -0.6003    0.5543    0.5765
    0.5237    0.8173   -0.2405
...    88 C-G ...
 -137.5980  -29.1207   19.6182
   -0.8648    0.3674   -0.3423
   -0.1864    0.3982    0.8982
    0.4663    0.8405   -0.2759
...    89 G-C ...
 -136.1330  -26.2095   19.1971
   -0.8544    0.4585    0.2444
    0.3335    0.1234    0.9346
    0.3984    0.8801   -0.2584
...    90 C-G ...
 -134.9287  -23.2437   17.8792
   -0.5196    0.4242    0.7417
    0.7515   -0.1861    0.6329
    0.4065    0.8863   -0.2221
...    91 T-A ...
 -133.9206  -20.0925   16.9709
   -0.0307    0.2005    0.9792
    0.9153   -0.3879    0.1081
    0.4015    0.8996   -0.1716
...    92 T-A ...
 -132.9468  -17.0291   16.5688
    0.4794   -0.0727    0.8746
    0.7704   -0.4424   -0.4591
    0.4203    0.8939   -0.1560
...    93 T-A ...
 -131.6226  -14.1095   16.2438
    0.7941   -0.3635    0.4872
    0.3860   -0.3176   -0.8661
    0.4696    0.8758   -0.1119
...    94 A-T ...
 -129.7551  -11.3368   15.9674
    0.7902   -0.6097   -0.0620
   -0.0889   -0.0139   -0.9959
    0.6064    0.7925   -0.0652
...    95 A-T ...
 -127.6903   -8.9472   15.9824
    0.5866   -0.5607   -0.5844
   -0.4774    0.3435   -0.8088
    0.6542    0.7534   -0.0662
...    96 C-G ...
 -125.0777   -6.8555   16.1715
    0.2477   -0.2981   -0.9219
   -0.6989    0.6040   -0.3831
    0.6710    0.7392   -0.0587
...    97 A-T ...
 -122.7352   -4.4969   15.7875
   -0.2392    0.0564   -0.9693
   -0.6942    0.6881    0.2113
    0.6789    0.7234   -0.1255
...    98 C-G ...
 -120.0813   -2.5450   14.9695
   -0.5724    0.4029   -0.7142
   -0.4596    0.5637    0.6863
    0.6791    0.7210   -0.1375
...    99 T-A ...
 -117.5184   -0.2571   13.7721
   -0.7331    0.6472   -0.2092
   -0.0651    0.2395    0.9687
    0.6771    0.7237   -0.1334
...   100 T-A ...
 -115.3627    2.0489   12.9547
   -0.6047    0.6960    0.3871
    0.3632   -0.1916    0.9118
    0.7088    0.6920   -0.1369
...   101 T-A ...
 -113.1623    4.3575   12.2729
   -0.2846    0.4683    0.8365
    0.6325   -0.5639    0.5309
    0.7203    0.6802   -0.1357
...   102 A-T ...
 -110.5684    6.4550   11.9911
    0.0927    0.0110    0.9956
    0.6730   -0.7376   -0.0545
    0.7338    0.6751   -0.0757
...   103 T-A ...
 -108.6723    9.0725   12.1035
    0.3535   -0.3736    0.8576
    0.5540   -0.6551   -0.5137
    0.7538    0.6567   -0.0246
...   104 G-C ...
 -106.1781   11.2783   12.3624
    0.5328   -0.7591    0.3740
    0.2610   -0.2730   -0.9259
    0.8050    0.5910    0.0526
...   105 C-G ...
 -103.4150   12.9001   13.0051
    0.5322   -0.8260   -0.1855
   -0.0612    0.1810   -0.9816
    0.8444    0.5338    0.0458
...   106 T-A ...
 -100.2512   14.2429   13.4891
    0.3840   -0.5940   -0.7069
   -0.2994    0.6441   -0.7039
    0.8735    0.4819    0.0695
...   107 T-A ...
  -97.3304   15.5336   13.7824
    0.1151   -0.1550   -0.9812
   -0.4337    0.8808   -0.1900
    0.8937    0.4474    0.0342
...   108 C-G ...
  -94.2452   16.7985   13.7244
   -0.1765    0.3760   -0.9097
   -0.4008    0.8166    0.4153
    0.8990    0.4379    0.0066
...   109 C-G ...
  -91.2449   18.1423   13.5755
   -0.4395    0.7063   -0.5550
   -0.2312    0.5080    0.8297
    0.8680    0.4930   -0.0600
...   110 G-C ...
  -88.6801   19.8305   13.6617
   -0.5667    0.8227   -0.0455
    0.0463    0.0870    0.9951
    0.8226    0.5618   -0.0874
...   111 G-C ...
  -86.1799   22.0325   13.1852
   -0.4894    0.7005    0.5194
    0.3704   -0.3723    0.8510
    0.7895    0.6089   -0.0773
...   112 C-G ...
  -83.9097   24.4412   12.6665
   -0.2365    0.3573    0.9036
    0.5785   -0.6954    0.4264
    0.7807    0.6235   -0.0422
...   113 T-A ...
  -81.4839   26.6952   12.5344
    0.0644   -0.0862    0.9942
    0.6209   -0.7765   -0.1075
    0.7812    0.6242    0.0035
...   114 C-G ...
  -78.8526   28.7184   12.6680
    0.3763   -0.5428    0.7509
    0.4851   -0.5751   -0.6588
    0.7894    0.6121    0.0469
...   115 G-C ...
  -76.0149   30.4437   12.4676
    0.5108   -0.8282    0.2308
    0.1893   -0.1535   -0.9698
    0.8386    0.5391    0.0784
...   116 T-A ...
  -73.1617   31.8412   13.3833
    0.4846   -0.8144   -0.3193
   -0.1002    0.3110   -0.9451
    0.8690    0.4900    0.0691
...   117 A-T ...
  -69.9869   33.0057   14.0349
    0.2554   -0.5465   -0.7975
   -0.3157    0.7325   -0.6031
    0.9138    0.4059    0.0145
...   118 T-A ...
  -66.8242   33.6670   14.3750
    0.0665   -0.1077   -0.9920
   -0.3954    0.9099   -0.1253
    0.9161    0.4006    0.0179
...   119 A-T ...
  -63.8189   35.1563   14.4145
   -0.2143    0.4299   -0.8771
   -0.3290    0.8137    0.4792
    0.9197    0.3913   -0.0329
...   120 A-T ...
  -60.7707   36.1882   14.0327
   -0.3738    0.8082   -0.4551
   -0.1394    0.4361    0.8890
    0.9170    0.3957   -0.0503
...   121 T-A ...
  -57.7460   37.3259   13.1804
   -0.3813    0.9216    0.0718
    0.0790   -0.0449    0.9959
    0.9211    0.3854   -0.0557
...   122 G-C ...
  -54.6616   38.7621   12.8318
   -0.3115    0.6943    0.6487
    0.2957   -0.5780    0.7606
    0.9031    0.4287   -0.0253
...   123 T-A ...
  -51.9173   40.5353   12.4947
   -0.1247    0.3084    0.9431
    0.4112   -0.8489    0.3320
    0.9029    0.4292   -0.0209
...   124 G-C ...
  -48.9405   42.0489   12.5033
    0.0764   -0.2637    0.9616
    0.4289   -0.8619   -0.2704
    0.9001    0.4331    0.0472
...   125 T-A ...
  -46.2856   43.8308   12.8898
    0.2478   -0.6888    0.6812
    0.3285   -0.6018   -0.7280
    0.9114    0.4042    0.0771
...   126 C-G ...
  -43.3954   45.0920   13.2295
    0.3913   -0.9113    0.1279
    0.1270   -0.0841   -0.9883
    0.9115    0.4029    0.0829
...   127 G-C ...
  -40.3062   46.2232   13.0252
    0.2228   -0.8933   -0.3903
   -0.0572    0.3877   -0.9200
    0.9732    0.2274    0.0352
...   128 A-T ...
  -37.2548   47.0036   13.2374
    0.1318   -0.5083   -0.8510
   -0.1923    0.8291   -0.5250
    0.9724    0.2329    0.0115
...   129 C-G ...
  -33.9730   47.0010   13.5520
   -0.0390   -0.0114   -0.9992
   -0.2150    0.9766   -0.0028
    0.9758    0.2147   -0.0405
...   130 C-G ...
  -30.6286   47.2416   12.8714
   -0.2580    0.4645   -0.8471
   -0.1127    0.8564    0.5039
    0.9596    0.2255   -0.1686
...   131 A-T ...
  -27.5626   48.5782   12.5462
   -0.3780    0.8362   -0.3974
    0.0918    0.4610    0.8826
    0.9212    0.2972   -0.2510
...   132 A-T ...
  -24.6299   49.6097   11.4859
   -0.2520    0.9517    0.1754
    0.3055   -0.0938    0.9476
    0.9182    0.2924   -0.2671
...   133 A-T ...
  -21.7785   50.6444   10.2337
    0.0291    0.7266    0.6865
    0.3823   -0.6426    0.6640
    0.9236    0.2431   -0.2965
...   134 T-A ...
  -19.0159   52.0244    8.9251
    0.2452    0.2905    0.9249
    0.3073   -0.9281    0.2101
    0.9195    0.2328   -0.3169
...   135 G-C ...
  -16.4637   53.8824    7.5154
    0.5339   -0.3333    0.7771
    0.0346   -0.9097   -0.4139
    0.8449    0.2479   -0.4741
...   136 T-A ...
  -14.1749   56.5547    6.1809
    0.5795   -0.7269    0.3685
   -0.3141   -0.6164   -0.7221
    0.7521    0.3026   -0.5855
...   137 G-C ...
  -11.6538   57.9992    4.7205
    0.2452   -0.9542   -0.1714
   -0.6323   -0.0234   -0.7744
    0.7349    0.2983   -0.6091
...   138 A-T ...
   -8.6758   58.7133    3.6026
   -0.0345   -0.7815   -0.6229
   -0.6536    0.4891   -0.5775
    0.7560    0.3872   -0.5277
...   139 G-C ...
   -6.3274   59.0727    1.6298
   -0.2969   -0.3279   -0.8968
   -0.5657    0.8171   -0.1114
    0.7693    0.4742   -0.4281
...   140 C-G ...
   -3.4369   60.2279    1.0288
   -0.4426    0.2287   -0.8671
   -0.1681    0.9286    0.3308
    0.8808    0.2922   -0.3725
...   141 G-C ...
   -0.6976   63.8911   -2.2508
   -0.9992    0.0157   -0.0376
   -0.0024    0.8991    0.4378
    0.0407    0.4375   -0.8983
...   142 C-G ...
   -1.0064   65.5988   -4.9400
   -0.8337    0.5216    0.1813
    0.5170    0.6219    0.5881
    0.1940    0.5841   -0.7882
...   143 T-A ...
   -0.1332   66.2084   -7.8195
   -0.3753    0.8566    0.3540
    0.8856    0.2187    0.4098
    0.2736    0.4673   -0.8407
...   144 C-G ...
   -0.1665   67.4020  -10.8066
    0.1797    0.8793    0.4411
    0.9277   -0.3007    0.2214
    0.3273    0.3694   -0.8697
...   145 A-T ...
    0.5267   69.2312  -13.4658
    0.7352    0.4964    0.4616
    0.6118   -0.7791   -0.1367
    0.2918    0.3829   -0.8765
...   146 C-G ...
    1.4339   72.0892  -15.6018
    0.9809    0.0621    0.1844
    0.1264   -0.9240   -0.3608
    0.1480    0.3772   -0.9142
...   147 A-T ...
    2.3048   74.2222  -18.3862
    0.8657   -0.4292   -0.2575
   -0.4984   -0.7868   -0.3642
   -0.0463    0.4436   -0.8950
