  147 base-pairs
...     1 A-T ...
    0.0000    0.0000    0.0000
    1.0000    0.0000    0.0000
    0.0000    1.0000    0.0000
    0.0000    0.0000    1.0000
...     2 G-C ...
   -0.1394   -1.2357    3.2268
    0.7529    0.6366    0.1670
   -0.6386    0.7680   -0.0486
   -0.1592   -0.0700    0.9848
...     3 T-A ...
   -0.0365   -3.2932    6.3751
    0.2722    0.9301    0.2466
   -0.9238    0.3243   -0.2033
   -0.2691   -0.1725    0.9475
...     4 G-C ...
   -0.3505   -4.1660    9.4928
   -0.3756    0.9250    0.0579
   -0.8781   -0.3352   -0.3415
   -0.2965   -0.1791    0.9381
...     5 A-T ...
   -0.4462   -4.1476   12.7498
   -0.8116    0.5840   -0.0165
   -0.5523   -0.7762   -0.3042
   -0.1905   -0.2378    0.9524
...     6 G-C ...
   -1.5908   -4.1730   15.6201
   -0.9976    0.0246   -0.0651
   -0.0043   -0.9555   -0.2950
   -0.0695   -0.2940    0.9533
...     7 C-G ...
   -1.1030   -4.4824   18.7362
   -0.8441   -0.5304   -0.0787
    0.5345   -0.8441   -0.0432
   -0.0435   -0.0785    0.9960
...     8 G-C ...
   -2.4028   -7.7290   23.1475
   -0.2754   -0.3293   -0.9032
    0.6650   -0.7437    0.0684
   -0.6942   -0.5818    0.4238
...     9 C-G ...
   -4.4690   -9.9728   24.1132
    0.1145   -0.7025   -0.7024
    0.8512   -0.2952    0.4340
   -0.5122   -0.6476    0.5642
...    10 T-A ...
   -6.7405  -10.8752   25.9697
    0.4841   -0.8363   -0.2574
    0.6595    0.1553    0.7355
   -0.5751   -0.5258    0.6267
...    11 C-G ...
   -9.1656  -12.6208   27.1640
    0.7073   -0.6682    0.2307
    0.3448    0.6110    0.7126
   -0.6171   -0.4245    0.6626
...    12 A-T ...
  -10.9234  -14.6633   29.0693
    0.7515   -0.1377    0.6452
   -0.2029    0.8824    0.4246
   -0.6277   -0.4500    0.6352
...    13 C-G ...
  -11.8476  -17.4863   31.2451
    0.4295    0.2823    0.8578
   -0.5708    0.8209    0.0156
   -0.6998   -0.4963    0.5137
...    14 A-T ...
  -13.5897  -19.7827   33.4259
   -0.1504    0.6104    0.7777
   -0.6874    0.5008   -0.5260
   -0.7106   -0.6136    0.3443
...    15 A-T ...
  -15.8275  -21.7919   34.6395
   -0.4925    0.8083    0.3227
   -0.4827    0.0549   -0.8741
   -0.7242   -0.5862    0.3631
...    16 T-A ...
  -17.9303  -23.6405   36.5502
   -0.6998    0.6897   -0.1860
   -0.1359   -0.3842   -0.9132
   -0.7013   -0.6138    0.3626
...    17 T-A ...
  -20.1997  -25.4374   38.1070
   -0.6728    0.3092   -0.6721
    0.3038   -0.7129   -0.6321
   -0.6746   -0.6295    0.3856
...    18 T-A ...
  -22.4954  -27.2730   39.4841
   -0.3811   -0.1415   -0.9136
    0.6270   -0.7658   -0.1430
   -0.6794   -0.6274    0.3806
...    19 A-T ...
  -24.6008  -29.5839   40.7379
    0.0876   -0.5529   -0.8287
    0.7234   -0.5366    0.4345
   -0.6848   -0.6375    0.3529
...    20 T-A ...
  -27.3201  -31.3352   41.5156
    0.4317   -0.7680   -0.4732
    0.5800   -0.1654    0.7976
   -0.6908   -0.6188    0.3740
...    21 T-A ...
  -29.7175  -33.3455   42.4640
    0.6734   -0.7351    0.0783
    0.2238    0.3037    0.9261
   -0.7045   -0.6062    0.3690
...    22 C-G ...
  -32.0088  -35.3767   43.6516
    0.6976   -0.4032    0.5923
   -0.2178    0.6682    0.7114
   -0.6826   -0.6253    0.3783
...    23 G-C ...
  -34.3941  -37.0262   45.3749
    0.5552    0.1254    0.8222
   -0.5829    0.7639    0.2771
   -0.5933   -0.6331    0.4972
...    24 C-G ...
  -36.0676  -39.3622   46.9372
    0.2067    0.5425    0.8142
   -0.7825    0.5913   -0.1953
   -0.5874   -0.5967    0.5467
...    25 A-T ...
  -38.2500  -41.1873   48.5801
   -0.2031    0.8340    0.5130
   -0.7678    0.1895   -0.6121
   -0.6077   -0.5182    0.6018
...    26 A-T ...
  -40.1262  -42.8068   50.7211
   -0.5824    0.8099    0.0698
   -0.5293   -0.3126   -0.7887
   -0.6170   -0.4963    0.6108
...    27 A-T ...
  -41.9471  -44.2245   53.0092
   -0.7773    0.4921   -0.3920
   -0.1061   -0.7167   -0.6893
   -0.6202   -0.4942    0.6093
...    28 G-C ...
  -44.1514  -45.3920   55.2736
   -0.6733    0.0793   -0.7351
    0.2926   -0.8845   -0.3634
   -0.6790   -0.4598    0.5723
...    29 G-C ...
  -46.7924  -46.6205   57.1163
   -0.3395   -0.3908   -0.8556
    0.5959   -0.7931    0.1258
   -0.7278   -0.4671    0.5021
...    30 C-G ...
  -49.4788  -47.9756   58.4014
    0.0754   -0.7381   -0.6705
    0.6573   -0.4688    0.5900
   -0.7498   -0.4852    0.4498
...    31 C-G ...
  -52.1864  -49.4620   59.7127
    0.4711   -0.8439   -0.2567
    0.4842    0.0042    0.8749
   -0.7373   -0.5365    0.4106
...    32 G-C ...
  -54.1876  -51.2287   61.2259
    0.7064   -0.6805    0.1950
    0.1483    0.4117    0.8992
   -0.6922   -0.6062    0.3917
...    33 G-C ...
  -56.1784  -53.6781   62.4607
    0.6974   -0.3136    0.6445
   -0.2873    0.7015    0.6522
   -0.6566   -0.6400    0.3991
...    34 C-G ...
  -58.1485  -56.0350   63.6003
    0.4470    0.1492    0.8820
   -0.6231    0.7594    0.1873
   -0.6419   -0.6333    0.4324
...    35 C-G ...
  -59.9702  -58.3448   65.3106
    0.0688    0.5827    0.8098
   -0.7642    0.5525   -0.3327
   -0.6413   -0.5960    0.4833
...    36 C-G ...
  -61.8580  -60.4560   67.1442
   -0.3129    0.8272    0.4668
   -0.6837    0.1450   -0.7153
   -0.6593   -0.5429    0.5201
...    37 G-C ...
  -64.2944  -62.4334   68.2211
   -0.5517    0.8328   -0.0456
   -0.4016   -0.3132   -0.8606
   -0.7310   -0.4564    0.5072
...    38 A-T ...
  -66.5012  -63.9512   69.8781
   -0.6634    0.5132   -0.5445
    0.0029   -0.7259   -0.6878
   -0.7482   -0.4579    0.4801
...    39 C-G ...
  -69.0779  -64.9014   71.4843
   -0.5152    0.1051   -0.8506
    0.3192   -0.8975   -0.3043
   -0.7954   -0.4283    0.4289
...    40 A-T ...
  -71.8936  -66.2326   72.6986
   -0.1611   -0.3573   -0.9200
    0.5073   -0.8295    0.2334
   -0.8466   -0.4291    0.3149
...    41 C-G ...
  -74.9365  -67.4122   73.2075
    0.1557   -0.7109   -0.6859
    0.4905   -0.5470    0.6783
   -0.8574   -0.4420    0.2635
...    42 G-C ...
  -77.5317  -69.1774   74.2915
    0.4424   -0.8810   -0.1678
    0.2443   -0.0616    0.9677
   -0.8629   -0.4691    0.1880
...    43 A-T ...
  -80.2928  -70.6619   74.8247
    0.4877   -0.7547    0.4389
   -0.0605    0.4723    0.8793
   -0.8709   -0.4554    0.1847
...    44 C-G ...
  -82.9765  -72.6321   74.9978
    0.3918   -0.3833    0.8364
   -0.3168    0.7973    0.5138
   -0.8638   -0.4663    0.1909
...    45 T-A ...
  -85.7082  -74.9714   75.5791
    0.1495    0.1232    0.9811
   -0.4590    0.8875   -0.0415
   -0.8758   -0.4441    0.1892
...    46 T-A ...
  -88.3527  -76.7429   76.1855
   -0.1280    0.5599    0.8186
   -0.4328    0.7111   -0.5541
   -0.8923   -0.4253    0.1513
...    47 A-T ...
  -91.2437  -78.1705   76.9529
   -0.2165    0.9031    0.3708
   -0.3045    0.2984   -0.9046
   -0.9276   -0.3088    0.2104
...    48 C-G ...
  -94.0286  -79.2618   78.2579
   -0.2734    0.9481   -0.1623
   -0.1528   -0.2094   -0.9658
   -0.9497   -0.2393    0.2021
...    49 T-A ...
  -97.1497  -79.7427   79.3490
   -0.2102    0.7286   -0.6519
   -0.0348   -0.6720   -0.7398
   -0.9770   -0.1328    0.1666
...    50 G-C ...
 -100.5700  -79.7809   79.6345
   -0.0009    0.2688   -0.9632
    0.0088   -0.9632   -0.2688
   -1.0000   -0.0087   -0.0015
...    51 T-A ...
 -103.7079  -79.2373   79.5453
    0.0767   -0.2285   -0.9705
   -0.0302   -0.9735    0.2268
   -0.9966    0.0119   -0.0816
...    52 A-T ...
 -106.9448  -79.2433   78.9656
    0.1247   -0.7431   -0.6574
   -0.1529   -0.6691    0.7273
   -0.9803    0.0098   -0.1971
...    53 G-C ...
 -110.0523  -79.4229   77.9359
    0.0276   -0.9859   -0.1649
   -0.2710   -0.1662    0.9481
   -0.9622    0.0185   -0.2718
...    54 T-A ...
 -113.0130  -79.4556   76.4140
   -0.1128   -0.9232    0.3674
   -0.2548    0.3843    0.8874
   -0.9604    0.0065   -0.2786
...    55 C-G ...
 -116.1086  -79.7550   75.4377
   -0.2509   -0.5252    0.8132
   -0.1551    0.8510    0.5018
   -0.9555   -0.0002   -0.2949
...    56 A-T ...
 -119.2352  -79.2773   74.2656
   -0.2198    0.0542    0.9740
    0.0332    0.9983   -0.0481
   -0.9750    0.0217   -0.2212
...    57 T-A ...
 -122.4273  -79.6646   73.7173
   -0.1476    0.5448    0.8255
    0.1492    0.8373   -0.5259
   -0.9777    0.0455   -0.2049
...    58 G-C ...
 -125.8899  -79.6014   73.1864
    0.0733    0.9132    0.4009
    0.2432    0.3735   -0.8952
   -0.9672    0.1631   -0.1947
...    59 T-A ...
 -129.1710  -79.1297   73.2341
    0.2333    0.9678   -0.0941
    0.1840   -0.1390   -0.9731
   -0.9549    0.2097   -0.2105
...    60 T-A ...
 -132.1012  -78.2241   72.7029
    0.4126    0.7291   -0.5461
    0.0255   -0.6085   -0.7932
   -0.9105    0.3133   -0.2697
...    61 A-T ...
 -134.8760  -77.0035   71.5823
    0.5466    0.2683   -0.7933
   -0.2258   -0.8650   -0.4481
   -0.8064    0.4240   -0.4122
...    62 T-A ...
 -137.0991  -74.9744   70.4316
    0.3817   -0.2021   -0.9019
   -0.4909   -0.8711   -0.0125
   -0.7832    0.4475   -0.4317
...    63 A-T ...
 -139.7060  -73.6500   68.8667
    0.0884   -0.6822   -0.7258
   -0.6789   -0.5745    0.4573
   -0.7289    0.4523   -0.5139
...    64 A-T ...
 -141.8377  -72.1296   67.0324
   -0.3260   -0.8788   -0.3484
   -0.6315   -0.0718    0.7720
   -0.7035    0.4717   -0.5316
...    65 C-G ...
 -143.8185  -70.6463   64.5617
   -0.6608   -0.7423    0.1115
   -0.3430    0.4308    0.8347
   -0.6676    0.5133   -0.5392
...    66 G-C ...
 -146.0916  -68.9073   62.9765
   -0.7458   -0.2971    0.5962
    0.1413    0.8041    0.5774
   -0.6510    0.5149   -0.5578
...    67 G-C ...
 -148.1750  -67.3554   60.8965
   -0.5213    0.1434    0.8412
    0.5297    0.8273    0.1872
   -0.6691    0.5432   -0.5072
...    68 A-T ...
 -150.2754  -65.6785   58.9645
   -0.0969    0.5818    0.8076
    0.7725    0.5556   -0.3076
   -0.6276    0.5940   -0.5032
...    69 G-C ...
 -152.8559  -63.7708   57.8752
    0.3988    0.6979    0.5949
    0.7312    0.1494   -0.6655
   -0.5534    0.7004   -0.4508
...    70 T-A ...
 -154.9547  -61.4443   56.9803
    0.7640    0.6070    0.2186
    0.4339   -0.2328   -0.8703
   -0.4774    0.7598   -0.4413
...    71 A-T ...
 -156.4368  -58.3657   56.2361
    0.9547    0.2376   -0.1794
   -0.0486   -0.4701   -0.8813
   -0.2937    0.8500   -0.4372
...    72 T-A ...
 -157.0829  -55.3063   55.3808
    0.8364   -0.0758   -0.5429
   -0.5031   -0.4993   -0.7054
   -0.2175    0.8631   -0.4557
...    73 C-G ...
 -157.4126  -52.2436   53.8356
    0.3752   -0.4117   -0.8305
   -0.9147   -0.3098   -0.2596
   -0.1504    0.8570   -0.4928
...    74 T-A ...
 -157.5156  -49.4962   52.0667
   -0.1440   -0.5651   -0.8124
   -0.9841   -0.0048    0.1777
   -0.1043    0.8250   -0.5554
...    75 C-G ...
 -158.2472  -47.0678   50.0601
   -0.6906   -0.4596   -0.5584
   -0.7224    0.4019    0.5627
   -0.0341    0.7920   -0.6096
...    76 G-C ...
 -158.7046  -44.2539   48.5004
   -0.9720   -0.1655   -0.1670
   -0.2342    0.6163    0.7519
   -0.0215    0.7699   -0.6378
...    77 A-T ...
 -158.5323  -41.5531   46.6419
   -0.9178    0.2415    0.3153
    0.3971    0.5668    0.7218
   -0.0044    0.7877   -0.6161
...    78 G-C ...
 -158.5332  -39.0195   44.5664
   -0.5645    0.5054    0.6527
    0.8247    0.3105    0.4728
    0.0363    0.8051   -0.5920
...    79 C-G ...
 -158.7870  -36.3984   42.3947
    0.0110    0.5540    0.8325
    0.9981   -0.0571    0.0249
    0.0613    0.8306   -0.5535
...    80 T-A ...
 -158.8740  -33.5683   40.6464
    0.5014    0.3703    0.7820
    0.8561   -0.3434   -0.3862
    0.1255    0.8631   -0.4892
...    81 C-G ...
 -158.4291  -30.6066   39.1901
    0.8714    0.0466    0.4883
    0.4498   -0.4731   -0.7576
    0.1957    0.8798   -0.4332
...    82 G-C ...
 -157.2554  -28.0263   37.7148
    0.9437   -0.3174    0.0931
   -0.0388   -0.3856   -0.9218
    0.3285    0.8663   -0.3762
...    83 G-C ...
 -155.7928  -25.1821   36.7819
    0.7468   -0.5529   -0.3695
   -0.5146   -0.1285   -0.8478
    0.4212    0.8233   -0.3805
...    84 G-C ...
 -153.8248  -22.7049   35.6020
    0.3096   -0.6222   -0.7190
   -0.7943    0.2465   -0.5553
    0.5228    0.7430   -0.4179
...    85 A-T ...
 -151.8217  -20.3971   34.3182
   -0.2159   -0.3565   -0.9090
   -0.8067    0.5897   -0.0397
    0.5502    0.7247   -0.4148
...    86 T-A ...
 -149.5715  -18.4746   32.8293
   -0.6010    0.0014   -0.7992
   -0.5719    0.6978    0.4313
    0.5583    0.7162   -0.4186
...    87 C-G ...
 -147.6100  -16.2793   31.2116
   -0.8078    0.4422   -0.3897
   -0.0993    0.5495    0.8296
    0.5810    0.7088   -0.4000
...    88 C-G ...
 -145.6725  -14.0433   29.7723
   -0.7855    0.6050    0.1300
    0.3343    0.2381    0.9119
    0.5208    0.7598   -0.3893
...    89 G-C ...
 -143.7824  -11.4861   28.9830
   -0.5216    0.5594    0.6442
    0.7083   -0.1370    0.6925
    0.4756    0.8175   -0.3248
...    90 C-G ...
 -142.4855   -8.6254   27.5401
   -0.0434    0.3565    0.9333
    0.8643   -0.4551    0.2141
    0.5010    0.8159   -0.2884
...    91 T-A ...
 -141.1459   -5.6131   26.6230
    0.4088   -0.0048    0.9126
    0.7481   -0.5711   -0.3381
    0.5228    0.8209   -0.2299
...    92 T-A ...
 -139.6430   -2.7808   26.2015
    0.7360   -0.3484    0.5804
    0.3937   -0.4771   -0.7857
    0.5507    0.8068   -0.2140
...    93 T-A ...
 -137.8118   -0.1894   25.7091
    0.7893   -0.6092    0.0767
   -0.0568   -0.1969   -0.9788
    0.6114    0.7682   -0.1900
...    94 A-T ...
 -135.4910    2.1270   25.0700
    0.5325   -0.7221   -0.4417
   -0.4376    0.2119   -0.8738
    0.7245    0.6586   -0.2032
...    95 A-T ...
 -133.0207    4.0351   24.5801
    0.1861   -0.5230   -0.8317
   -0.6279    0.5878   -0.5101
    0.7557    0.6172   -0.2190
...    96 C-G ...
 -130.0720    5.5227   24.0135
   -0.1643   -0.1349   -0.9771
   -0.6144    0.7890   -0.0056
    0.7717    0.5994   -0.2125
...    97 A-T ...
 -127.4933    7.4307   23.1220
   -0.5256    0.3058   -0.7939
   -0.3951    0.7387    0.5461
    0.7534    0.6007   -0.2674
...    98 C-G ...
 -124.8447    8.9874   21.6754
   -0.6587    0.6406   -0.3945
   -0.0640    0.4748    0.8778
    0.7496    0.6035   -0.2718
...    99 T-A ...
 -122.3481   11.0028   19.9663
   -0.5891    0.7933    0.1540
    0.2985    0.0366    0.9537
    0.7509    0.6078   -0.2584
...   100 T-A ...
 -120.0961   13.0308   18.7836
   -0.2892    0.6886    0.6650
    0.5689   -0.4351    0.6979
    0.7699    0.5801   -0.2659
...   101 T-A ...
 -117.7457   15.0355   17.7819
    0.0704    0.3196    0.9449
    0.6253   -0.7522    0.2078
    0.7772    0.5763   -0.2528
...   102 A-T ...
 -115.0179   16.7740   17.1025
    0.3216   -0.1999    0.9255
    0.4863   -0.8038   -0.3426
    0.8124    0.5603   -0.1613
...   103 T-A ...
 -112.6927   19.0145   17.1201
    0.4572   -0.5821    0.6724
    0.2910   -0.6165   -0.7316
    0.8404    0.5302   -0.1125
...   104 G-C ...
 -109.8272   20.7328   17.0933
    0.4476   -0.8876    0.1086
   -0.0039   -0.1234   -0.9924
    0.8942    0.4437   -0.0587
...   105 C-G ...
 -106.7313   21.7697   17.2808
    0.3165   -0.8433   -0.4343
   -0.2326    0.3749   -0.8974
    0.9196    0.3851   -0.0775
...   106 T-A ...
 -103.3349   22.4774   17.1793
    0.1169   -0.4964   -0.8602
   -0.3103    0.8045   -0.5064
    0.9434    0.3261   -0.0600
...   107 T-A ...
 -100.2255   23.2472   17.0086
   -0.1068    0.0222   -0.9940
   -0.2973    0.9533    0.0532
    0.9488    0.3012   -0.0952
...   108 C-G ...
  -97.0306   24.0360   16.4829
   -0.2728    0.5627   -0.7804
   -0.1658    0.7715    0.6142
    0.9477    0.2969   -0.1171
...   109 C-G ...
  -93.9055   24.9050   15.9532
   -0.4062    0.8493   -0.3372
    0.0107    0.3734    0.9276
    0.9137    0.3732   -0.1607
...   110 G-C ...
  -91.1165   26.1432   15.7649
   -0.4259    0.8846    0.1901
    0.2275   -0.0987    0.9688
    0.8757    0.4559   -0.1592
...   111 G-C ...
  -88.4258   28.0492   15.1383
   -0.2846    0.6549    0.7001
    0.4414   -0.5587    0.7021
    0.8510    0.5088   -0.1301
...   112 C-G ...
  -85.9373   30.2170   14.5762
   -0.0365    0.2262    0.9734
    0.5256   -0.8241    0.2112
    0.8499    0.5193   -0.0888
...   113 T-A ...
  -83.2793   32.1751   14.3512
    0.1912   -0.2554    0.9478
    0.4771   -0.8196   -0.3171
    0.8578    0.5128   -0.0348
...   114 C-G ...
  -80.3912   33.7688   14.4090
    0.3843   -0.6966    0.6058
    0.3131   -0.5190   -0.7954
    0.8685    0.4953    0.0186
...   115 G-C ...
  -77.3789   35.1188   14.0833
    0.4142   -0.9089    0.0484
    0.0589   -0.0263   -0.9979
    0.9083    0.4162    0.0426
...   116 T-A ...
  -74.3016   36.0283   14.7653
    0.3361   -0.8117   -0.4777
   -0.1518    0.4539   -0.8780
    0.9295    0.3676    0.0294
...   117 A-T ...
  -70.9544   36.6856   15.2106
    0.1088   -0.4568   -0.8829
   -0.2718    0.8406   -0.4684
    0.9562    0.2909   -0.0328
...   118 T-A ...
  -67.7222   36.9232   15.3030
   -0.0316    0.0173   -0.9994
   -0.2869    0.9576    0.0257
    0.9574    0.2876   -0.0253
...   119 A-T ...
  -64.5675   38.0161   15.2137
   -0.2341    0.5479   -0.8031
   -0.1875    0.7851    0.5903
    0.9540    0.2888   -0.0810
...   120 A-T ...
  -61.4638   38.7436   14.6414
   -0.3131    0.8877   -0.3376
   -0.0170    0.3502    0.9365
    0.9496    0.2990   -0.0945
...   121 T-A ...
  -58.4081   39.6357   13.6387
   -0.2717    0.9435    0.1897
    0.1487   -0.1536    0.9769
    0.9508    0.2936   -0.0986
...   122 G-C ...
  -55.2322   40.8236   13.1468
   -0.2028    0.6591    0.7242
    0.2869   -0.6671    0.6875
    0.9362    0.3472   -0.0538
...   123 T-A ...
  -52.3808   42.3782   12.7962
   -0.0466    0.2426    0.9690
    0.3526   -0.9036    0.2432
    0.9346    0.3530   -0.0434
...   124 G-C ...
  -49.3120   43.6553   12.7896
    0.0914   -0.3334    0.9384
    0.3444   -0.8736   -0.3439
    0.9344    0.3546    0.0349
...   125 T-A ...
  -46.5097   45.1915   13.1803
    0.2142   -0.7472    0.6292
    0.2545   -0.5792   -0.7745
    0.9431    0.3260    0.0661
...   126 C-G ...
  -43.5229   46.1770   13.5014
    0.3228   -0.9443    0.0647
    0.0936   -0.0362   -0.9949
    0.9418    0.3272    0.0767
...   127 G-C ...
  -40.3821   47.0773   13.2896
    0.1575   -0.8853   -0.4375
   -0.0476    0.4357   -0.8988
    0.9864    0.1624    0.0265
...   128 A-T ...
  -37.2902   47.6534   13.4828
    0.0870   -0.4764   -0.8749
   -0.1489    0.8622   -0.4842
    0.9850    0.1723    0.0041
...   129 C-G ...
  -34.0077   47.4446   13.7297
   -0.0527    0.0324   -0.9981
   -0.1584    0.9865    0.0404
    0.9860    0.1603   -0.0469
...   130 C-G ...
  -30.6661   47.5049   13.0061
   -0.2441    0.5052   -0.8278
   -0.0635    0.8434    0.5335
    0.9677    0.1828   -0.1738
...   131 A-T ...
  -27.5665   48.6797   12.5988
   -0.3619    0.8507   -0.3812
    0.1154    0.4466    0.8872
    0.9251    0.2771   -0.2598
...   132 A-T ...
  -24.6259   49.6449   11.5137
   -0.2376    0.9538    0.1838
    0.3142   -0.1035    0.9437
    0.9191    0.2820   -0.2751
...   133 A-T ...
  -21.7743   50.6584   10.2392
    0.0391    0.7234    0.6893
    0.3820   -0.6482    0.6587
    0.9233    0.2376   -0.3017
...   134 T-A ...
  -19.0159   52.0244    8.9251
    0.2452    0.2905    0.9249
    0.3073   -0.9281    0.2101
    0.9195    0.2328   -0.3169
...   135 G-C ...
  -16.4637   53.8825    7.5154
    0.5339   -0.3333    0.7771
    0.0346   -0.9097   -0.4139
    0.8449    0.2479   -0.4741
...   136 T-A ...
  -14.1749   56.5547    6.1809
    0.5795   -0.7269    0.3685
   -0.3141   -0.6164   -0.7221
    0.7521    0.3026   -0.5855
...   137 G-C ...
  -11.6538   57.9992    4.7205
    0.2452   -0.9542   -0.1714
   -0.6323   -0.0234   -0.7744
    0.7349    0.2983   -0.6091
...   138 A-T ...
   -8.6758   58.7133    3.6026
   -0.0345   -0.7815   -0.6229
   -0.6536    0.4891   -0.5775
    0.7560    0.3872   -0.5277
...   139 G-C ...
   -6.3275   59.0727    1.6298
   -0.2969   -0.3279   -0.8968
   -0.5657    0.8171   -0.1114
    0.7693    0.4742   -0.4281
...   140 C-G ...
   -3.4369   60.2279    1.0288
   -0.4426    0.2287   -0.8671
   -0.1681    0.9286    0.3308
    0.8808    0.2922   -0.3725
...   141 G-C ...
   -0.6976   63.8912   -2.2508
   -0.9992    0.0157   -0.0376
   -0.0024    0.8991    0.4378
    0.0407    0.4375   -0.8983
...   142 C-G ...
   -1.0064   65.5988   -4.9399
   -0.8337    0.5216    0.1813
    0.5170    0.6219    0.5881
    0.1940    0.5841   -0.7882
...   143 T-A ...
   -0.1332   66.2085   -7.8195
   -0.3753    0.8566    0.3540
    0.8856    0.2187    0.4098
    0.2736    0.4673   -0.8407
...   144 C-G ...
   -0.1666   67.4020  -10.8066
    0.1797    0.8793    0.4411
    0.9277   -0.3007    0.2214
    0.3273    0.3694   -0.8697
...   145 A-T ...
    0.5267   69.2313  -13.4658
    0.7352    0.4964    0.4616
    0.6118   -0.7791   -0.1367
    0.2918    0.3829   -0.8765
...   146 C-G ...
    1.4338   72.0892  -15.6017
    0.9809    0.0621    0.1844
    0.1264   -0.9240   -0.3608
    0.1480    0.3772   -0.9142
...   147 A-T ...
    2.3048   74.2223  -18.3861
    0.8657   -0.4292   -0.2575
   -0.4984   -0.7868   -0.3642
   -0.0463    0.4436   -0.8950
