  147 base-pairs
...     1 A-T ...
    0.0000    0.0000    0.0000
    1.0000    0.0000    0.0000
    0.0000    1.0000    0.0000
    0.0000    0.0000    1.0000
...     2 G-C ...
   -0.1394   -1.2357    3.2268
    0.7529    0.6366    0.1670
   -0.6386    0.7680   -0.0486
   -0.1592   -0.0700    0.9848
...     3 T-A ...
   -0.0365   -3.2932    6.3751
    0.2722    0.9301    0.2466
   -0.9238    0.3243   -0.2033
   -0.2691   -0.1725    0.9475
...     4 G-C ...
   -0.3505   -4.1660    9.4928
   -0.3756    0.9250    0.0579
   -0.8781   -0.3352   -0.3415
   -0.2965   -0.1791    0.9381
...     5 A-T ...
   -0.4462   -4.1476   12.7498
   -0.8116    0.5840   -0.0165
   -0.5523   -0.7762   -0.3042
   -0.1905   -0.2378    0.9524
...     6 G-C ...
   -1.5908   -4.1730   15.6201
   -0.9976    0.0246   -0.0651
   -0.0043   -0.9555   -0.2950
   -0.0695   -0.2940    0.9533
...     7 C-G ...
   -1.1030   -4.4824   18.7362
   -0.8441   -0.5304   -0.0787
    0.5345   -0.8441   -0.0432
   -0.0435   -0.0785    0.9960
...     8 G-C ...
   -2.4028   -7.7290   23.1475
   -0.2754   -0.3293   -0.9032
    0.6650   -0.7437    0.0684
   -0.6942   -0.5818    0.4238
...     9 C-G ...
   -4.4690   -9.9728   24.1132
    0.1145   -0.7025   -0.7024
    0.8512   -0.2952    0.4340
   -0.5122   -0.6476    0.5642
...    10 T-A ...
   -6.7405  -10.8752   25.9697
    0.4841   -0.8363   -0.2574
    0.6595    0.1553    0.7355
   -0.5751   -0.5258    0.6267
...    11 C-G ...
   -9.1656  -12.6208   27.1640
    0.7073   -0.6682    0.2307
    0.3448    0.6110    0.7126
   -0.6171   -0.4245    0.6626
...    12 A-T ...
  -10.9234  -14.6633   29.0693
    0.7515   -0.1377    0.6452
   -0.2029    0.8824    0.4246
   -0.6277   -0.4500    0.6352
...    13 C-G ...
  -11.8476  -17.4863   31.2451
    0.4295    0.2823    0.8578
   -0.5708    0.8209    0.0156
   -0.6998   -0.4963    0.5137
...    14 A-T ...
  -13.5897  -19.7827   33.4259
   -0.1504    0.6104    0.7777
   -0.6874    0.5008   -0.5260
   -0.7106   -0.6136    0.3443
...    15 A-T ...
  -15.7124  -21.8008   34.8032
   -0.4883    0.7978    0.3536
   -0.5001    0.0763   -0.8626
   -0.7152   -0.5981    0.3617
...    16 T-A ...
  -17.7667  -23.6110   36.6163
   -0.6624    0.7391   -0.1225
   -0.1998   -0.3318   -0.9219
   -0.7220   -0.5862    0.3675
...    17 T-A ...
  -20.0845  -25.3408   38.0806
   -0.6588    0.4348   -0.6140
    0.1944   -0.6900   -0.6972
   -0.7268   -0.5787    0.3700
...    18 T-A ...
  -22.5305  -26.9648   39.4590
   -0.4410   -0.0227   -0.8972
    0.5241   -0.8181   -0.2369
   -0.7286   -0.5747    0.3727
...    19 A-T ...
  -24.9300  -28.9307   40.6354
   -0.0237   -0.4597   -0.8878
    0.6674   -0.6685    0.3283
   -0.7443   -0.5847    0.3226
...    20 T-A ...
  -27.7770  -30.4402   41.3044
    0.3108   -0.7321   -0.6061
    0.5900   -0.3514    0.7270
   -0.7452   -0.5836    0.3227
...    21 T-A ...
  -30.3439  -32.2585   42.0981
    0.5825   -0.8073   -0.0948
    0.3179    0.1189    0.9406
   -0.7481   -0.5780    0.3259
...    22 C-G ...
  -32.7445  -34.2497   43.0616
    0.6827   -0.5732    0.4532
   -0.0814    0.5567    0.8267
   -0.7261   -0.6013    0.3334
...    23 G-C ...
  -35.1158  -36.0613   44.5165
    0.6070   -0.1109    0.7869
   -0.4555    0.7628    0.4589
   -0.6512   -0.6370    0.4125
...    24 C-G ...
  -36.9265  -38.4774   45.8416
    0.3036    0.3436    0.8887
   -0.7149    0.6987   -0.0259
   -0.6298   -0.6275    0.4578
...    25 A-T ...
  -39.0283  -40.4749   47.4550
   -0.0674    0.7348    0.6749
   -0.7839    0.3795   -0.4915
   -0.6172   -0.5622    0.5505
...    26 A-T ...
  -40.8040  -42.3039   49.4565
   -0.4812    0.8287    0.2859
   -0.6172   -0.0887   -0.7818
   -0.6225   -0.5527    0.5542
...    27 A-T ...
  -42.6958  -43.9590   51.4995
   -0.7315    0.6518   -0.2001
   -0.2523   -0.5314   -0.8087
   -0.6334   -0.5411    0.5532
...    28 G-C ...
  -44.8045  -45.4477   53.5501
   -0.7068    0.3344   -0.6233
    0.1430   -0.7955   -0.5889
   -0.6928   -0.5054    0.5144
...    29 G-C ...
  -47.3527  -46.7666   55.3109
   -0.4576   -0.0826   -0.8853
    0.4674   -0.8693   -0.1605
   -0.7564   -0.4872    0.4364
...    30 C-G ...
  -50.1200  -48.0026   56.5913
   -0.1003   -0.5061   -0.8566
    0.6205   -0.7048    0.3438
   -0.7778   -0.4970    0.3847
...    31 C-G ...
  -52.9229  -49.6134   57.5052
    0.3061   -0.7603   -0.5729
    0.5491   -0.3506    0.7586
   -0.7776   -0.5469    0.3102
...    32 G-C ...
  -55.2127  -51.6766   58.7546
    0.6264   -0.7742   -0.0905
    0.2541    0.0930    0.9627
   -0.7369   -0.6261    0.2549
...    33 G-C ...
  -57.5833  -54.0036   59.3059
    0.7112   -0.5621    0.4222
   -0.1416    0.4737    0.8692
   -0.6886   -0.6780    0.2573
...    34 C-G ...
  -59.6510  -56.5207   59.9008
    0.5427   -0.1963    0.8167
   -0.5094    0.6961    0.5059
   -0.6678   -0.6906    0.2778
...    35 C-G ...
  -61.6238  -59.0942   60.8428
    0.2335    0.2541    0.9386
   -0.7260    0.6877   -0.0055
   -0.6468   -0.6801    0.3451
...    36 C-G ...
  -63.5083  -61.5746   62.1567
   -0.1309    0.6346    0.7617
   -0.7407    0.4481   -0.5006
   -0.6590   -0.6297    0.4113
...    37 G-C ...
  -65.9221  -63.5201   63.3435
   -0.4168    0.8521    0.3167
   -0.5572    0.0357   -0.8296
   -0.7182   -0.5222    0.4599
...    38 A-T ...
  -68.1975  -65.1972   64.9490
   -0.6133    0.7542   -0.2346
   -0.2256   -0.4519   -0.8631
   -0.7570   -0.4764    0.4473
...    39 C-G ...
  -70.6203  -66.2844   66.8628
   -0.6009    0.4516   -0.6596
    0.1012   -0.7755   -0.6231
   -0.7929   -0.4412    0.4203
...    40 A-T ...
  -73.3596  -67.6677   68.1537
   -0.3382    0.0281   -0.9406
    0.3622   -0.9186   -0.1577
   -0.8686   -0.3941    0.3005
...    41 C-G ...
  -76.4577  -68.3515   68.9815
   -0.0707   -0.4211   -0.9042
    0.4571   -0.8194    0.3459
   -0.8866   -0.3889    0.2504
...    42 G-C ...
  -79.2283  -70.0508   69.6787
    0.2817   -0.7530   -0.5947
    0.3547   -0.4942    0.7937
   -0.8916   -0.4345    0.1279
...    43 A-T ...
  -82.1427  -71.5268   69.9097
    0.4477   -0.8938   -0.0248
    0.1006    0.0228    0.9947
   -0.8885   -0.4479    0.1001
...    44 C-G ...
  -84.9949  -73.2214   69.6218
    0.4369   -0.7521    0.4934
   -0.1582    0.4757    0.8652
   -0.8855   -0.4561    0.0889
...    45 T-A ...
  -87.7695  -75.0306   69.7549
    0.3119   -0.3819    0.8700
   -0.3723    0.7933    0.4817
   -0.8741   -0.4741    0.1052
...    46 T-A ...
  -90.4736  -76.8374   69.9414
    0.0164    0.1203    0.9926
   -0.4631    0.8807   -0.0991
   -0.8861   -0.4581    0.0701
...    47 A-T ...
  -93.4568  -78.2885   70.1473
   -0.2128    0.6302    0.7467
   -0.3718    0.6545   -0.6584
   -0.9036   -0.4177    0.0950
...    48 C-G ...
  -96.1964  -79.9030   70.9803
   -0.3281    0.8941    0.3048
   -0.2050    0.2475   -0.9469
   -0.9221   -0.3731    0.1021
...    49 T-A ...
  -99.2217  -80.9922   71.6748
   -0.2898    0.9313   -0.2205
   -0.0211   -0.2365   -0.9714
   -0.9568   -0.2769    0.0882
...    50 G-C ...
 -102.4986  -81.5977   71.9024
   -0.0913    0.7046   -0.7038
    0.0998   -0.6967   -0.7104
   -0.9908   -0.1351   -0.0067
...    51 T-A ...
 -105.7396  -81.4167   72.1142
    0.0374    0.2711   -0.9618
    0.1077   -0.9580   -0.2658
   -0.9935   -0.0937   -0.0650
...    52 A-T ...
 -109.0134  -81.3898   71.5865
    0.2295   -0.2644   -0.9367
    0.0008   -0.9623    0.2718
   -0.9733   -0.0632   -0.2206
...    53 G-C ...
 -112.1505  -81.3159   70.5668
    0.2510   -0.7181   -0.6491
   -0.1682   -0.6927    0.7013
   -0.9533   -0.0669   -0.2946
...    54 G-C ...
 -115.1736  -81.6368   69.0977
    0.1663   -0.9743   -0.1519
   -0.3348   -0.2007    0.9207
   -0.9275   -0.1023   -0.3596
...    55 T-A ...
 -117.9776  -82.0339   67.3214
   -0.0454   -0.9351    0.3513
   -0.3810    0.3413    0.8592
   -0.9234   -0.0948   -0.3718
...    56 A-T ...
 -121.2517  -81.8072   66.4166
   -0.3717   -0.4888    0.7892
   -0.2200    0.8723    0.4367
   -0.9019   -0.0113   -0.4318
...    57 T-A ...
 -124.0809  -82.4921   64.8252
   -0.4548    0.0258    0.8902
    0.0218    0.9996   -0.0179
   -0.8903    0.0113   -0.4552
...    58 C-G ...
 -126.9715  -82.5640   63.2631
   -0.3224    0.6052    0.7279
    0.3126    0.7938   -0.5216
   -0.8935    0.0594   -0.4451
...    59 T-A ...
 -130.0491  -82.4569   62.0772
   -0.0315    0.9162    0.3995
    0.4458    0.3706   -0.8148
   -0.8946    0.1524   -0.4201
...    60 C-G ...
 -132.9876  -81.9241   60.8040
    0.3075    0.9472   -0.0906
    0.3837   -0.2105   -0.8992
   -0.8708    0.2417   -0.4282
...    61 G-C ...
 -135.6943  -80.9183   59.1525
    0.6251    0.6347   -0.4544
    0.1234   -0.6552   -0.7453
   -0.7708    0.4098   -0.4878
...    62 A-T ...
 -138.0284  -79.3646   57.5215
    0.6450    0.1198   -0.7547
   -0.2872   -0.8772   -0.3847
   -0.7081    0.4649   -0.5314
...    63 G-C ...
 -140.0638  -77.5019   55.7185
    0.4589   -0.3825   -0.8019
   -0.6185   -0.7855    0.0208
   -0.6379    0.4865   -0.5971
...    64 C-G ...
 -141.6965  -75.7473   53.4275
    0.0668   -0.7605   -0.6459
   -0.8041   -0.4243    0.4165
   -0.5908    0.4915   -0.6398
...    65 T-A ...
 -143.3336  -74.1545   51.0196
   -0.3660   -0.8747   -0.3178
   -0.7440    0.0698    0.6646
   -0.5591    0.4797   -0.6763
...    66 C-G ...
 -145.1128  -72.6652   48.6734
   -0.7550   -0.6435    0.1261
   -0.3773    0.5836    0.7191
   -0.5363    0.4953   -0.6834
...    67 G-C ...
 -146.8945  -70.5913   46.7539
   -0.8117   -0.2116    0.5444
    0.1360    0.8380    0.5284
   -0.5680    0.5029   -0.6515
...    68 G-C ...
 -148.7426  -69.0766   44.3627
   -0.5677    0.2483    0.7849
    0.5779    0.7992    0.1652
   -0.5863    0.5473   -0.5972
...    69 G-C ...
 -150.8183  -67.4686   42.2440
   -0.1124    0.5795    0.8072
    0.8110    0.5228   -0.2625
   -0.5742    0.6251   -0.5288
...    70 A-T ...
 -152.7348  -65.5072   40.5127
    0.4103    0.7205    0.5591
    0.7418    0.0929   -0.6641
   -0.5304    0.6872   -0.4964
...    71 T-A ...
 -154.7766  -63.2012   39.4782
    0.7466    0.6363    0.1942
    0.4481   -0.2652   -0.8538
   -0.4918    0.7244   -0.4831
...    72 C-G ...
 -156.2156  -60.6975   38.0306
    0.9120    0.3097   -0.2689
   -0.0598   -0.5482   -0.8342
   -0.4057    0.7769   -0.4814
...    73 C-G ...
 -157.0696  -57.7789   36.5973
    0.7902   -0.1165   -0.6016
   -0.5481   -0.5735   -0.6089
   -0.2741    0.8109   -0.5170
...    74 G-C ...
 -157.7390  -55.3287   34.4264
    0.3924   -0.5018   -0.7709
   -0.9110   -0.3276   -0.2505
   -0.1268    0.8006   -0.5857
...    75 C-G ...
 -157.6220  -52.7675   32.3139
   -0.1646   -0.6170   -0.7696
   -0.9832    0.0407    0.1777
   -0.0783    0.7859   -0.6133
...    76 T-A ...
 -157.5546  -50.3195   30.0673
   -0.6640   -0.5063   -0.5502
   -0.7458    0.3962    0.5355
   -0.0532    0.7659   -0.6407
...    77 T-A ...
 -157.4094  -47.9682   27.7981
   -0.9765   -0.1193   -0.1794
   -0.2148    0.6033    0.7681
    0.0166    0.7886   -0.6147
...    78 T-A ...
 -157.2191  -45.6108   25.5441
   -0.9151    0.3019    0.2673
    0.3945    0.5328    0.7487
    0.0836    0.7905   -0.6067
...    79 A-T ...
 -156.5095  -42.8515   23.7484
   -0.4643    0.5742    0.6743
    0.8768    0.1905    0.4415
    0.1251    0.7963   -0.5919
...    80 A-T ...
 -156.3117  -40.2803   21.7899
    0.1097    0.5634    0.8189
    0.9825   -0.1863   -0.0035
    0.1506    0.8049   -0.5740
...    81 C-G ...
 -156.3531  -37.4652   20.1321
    0.5877    0.3331    0.7373
    0.7863   -0.4498   -0.4236
    0.1905    0.8287   -0.5262
...    82 A-T ...
 -155.5665  -34.6400   18.5101
    0.8763   -0.1047    0.4702
    0.3540   -0.5219   -0.7760
    0.3266    0.8465   -0.4203
...    83 C-G ...
 -154.4602  -31.6507   17.7939
    0.9100   -0.4130    0.0361
   -0.1304   -0.3677   -0.9207
    0.3936    0.8332   -0.3885
...    84 T-A ...
 -152.8167  -28.9453   16.8652
    0.6737   -0.6131   -0.4126
   -0.5535   -0.0486   -0.8314
    0.4896    0.7885   -0.3721
...    85 T-A ...
 -150.9809  -26.4646   15.8663
    0.2433   -0.5316   -0.8113
   -0.8240    0.3279   -0.4620
    0.5116    0.7809   -0.3583
...    86 T-A ...
 -149.0170  -24.0872   14.8201
   -0.2551   -0.2183   -0.9419
   -0.8074    0.5841    0.0833
    0.5320    0.7818   -0.3253
...    87 A-T ...
 -147.5029  -21.1663   14.0199
   -0.6770    0.2621   -0.6877
   -0.4593    0.5797    0.6730
    0.5751    0.7715   -0.2721
...    88 T-A ...
 -145.3939  -19.0342   12.5942
   -0.7980    0.5473   -0.2523
   -0.0530    0.3532    0.9340
    0.6003    0.7587   -0.2529
...    89 G-C ...
 -143.3918  -16.4435   12.0680
   -0.7204    0.5996    0.3487
    0.4137   -0.0321    0.9099
    0.5567    0.7996   -0.2250
...    90 C-G ...
 -141.7441  -13.7792   10.9940
   -0.4068    0.4472    0.7966
    0.7286   -0.3673    0.5782
    0.5511    0.8156   -0.1764
...    91 T-A ...
 -140.1998  -10.9137   10.4465
   -0.0160    0.1264    0.9918
    0.8330   -0.5470    0.0832
    0.5531    0.8275   -0.0965
...    92 T-A ...
 -138.5929   -8.1207   10.2265
    0.4223   -0.2332    0.8759
    0.7023   -0.5268   -0.4788
    0.5731    0.8174   -0.0587
...    93 C-G ...
 -136.7061   -5.4729   10.2372
    0.7048   -0.5486    0.4497
    0.3501   -0.2824   -0.8931
    0.6170    0.7870   -0.0070
...    94 C-G ...
 -134.4811   -2.9812   10.7063
    0.7104   -0.6981   -0.0891
   -0.0416    0.0847   -0.9955
    0.7026    0.7109    0.0312
...    95 G-C ...
 -131.9267   -0.8384   10.4935
    0.4807   -0.6214   -0.6187
   -0.3620    0.5020   -0.7855
    0.7987    0.6015    0.0164
...    96 T-A ...
 -128.9899    0.6422   10.8873
    0.2026   -0.2850   -0.9369
   -0.5409    0.7649   -0.3497
    0.8163    0.5776    0.0008
...    97 C-G ...
 -126.2159    2.3928   10.7771
   -0.1633    0.2129   -0.9633
   -0.5371    0.7999    0.2678
    0.8276    0.5611   -0.0163
...    98 A-T ...
 -123.5884    4.4202   10.8022
   -0.4924    0.6001   -0.6304
   -0.3227    0.5468    0.7726
    0.8084    0.5838   -0.0756
...    99 T-A ...
 -120.8179    6.0177    9.9488
   -0.5728    0.8061   -0.1488
   -0.0322    0.1592    0.9867
    0.8191    0.5700   -0.0652
...   100 G-C ...
 -118.1348    7.9731   10.0211
   -0.5498    0.7053    0.4475
    0.3073   -0.3273    0.8935
    0.7767    0.6288   -0.0368
...   101 T-A ...
 -115.8829   10.3401    9.4684
   -0.3328    0.4128    0.8479
    0.5415   -0.6524    0.5302
    0.7720    0.6356   -0.0064
...   102 T-A ...
 -113.5399   12.5777    9.3744
    0.0192   -0.0356    0.9992
    0.6280   -0.7772   -0.0397
    0.7780    0.6282    0.0074
...   103 A-T ...
 -110.9585   14.6628    9.5990
    0.2865   -0.5325    0.7964
    0.5250   -0.6081   -0.5955
    0.8014    0.5888    0.1054
...   104 T-A ...
 -108.6619   16.8211   10.5026
    0.4919   -0.7775    0.3920
    0.3165   -0.2597   -0.9123
    0.8111    0.5728    0.1183
...   105 A-T ...
 -105.8721   18.5354   11.1176
    0.4904   -0.8490   -0.1966
    0.0227    0.2380   -0.9710
    0.8712    0.4718    0.1360
...   106 A-T ...
 -102.9954   19.8695   11.7908
    0.4073   -0.5761   -0.7086
   -0.2444    0.6788   -0.6924
    0.8800    0.4552    0.1357
...   107 C-G ...
  -99.8902   20.7758   12.5062
    0.1955   -0.1544   -0.9685
   -0.4007    0.8888   -0.2225
    0.8951    0.4315    0.1119
...   108 G-C ...
  -97.0364   22.5057   12.6689
   -0.1480    0.3223   -0.9350
   -0.3974    0.8464    0.3547
    0.9057    0.4240    0.0028
...   109 G-C ...
  -93.9088   23.7422   12.3734
   -0.4028    0.6988   -0.5911
   -0.2279    0.5489    0.8042
    0.8865    0.4586   -0.0618
...   110 A-T ...
  -90.9896   25.2082   12.0630
   -0.4770    0.8789   -0.0024
    0.0588    0.0347    0.9977
    0.8769    0.4758   -0.0683
...   111 G-C ...
  -88.1695   26.8701   11.5517
   -0.4178    0.7396    0.5276
    0.3058   -0.4324    0.8483
    0.8556    0.5157   -0.0455
...   112 C-G ...
  -85.5428   28.8517   11.1610
   -0.2175    0.3633    0.9059
    0.4882   -0.7632    0.4233
    0.8452    0.5343   -0.0114
...   113 T-A ...
  -82.9442   30.9048   11.2201
    0.0223   -0.1222    0.9923
    0.5404   -0.8335   -0.1148
    0.8411    0.5388    0.0475
...   114 C-G ...
  -80.2379   32.7285   11.4904
    0.3012   -0.6057    0.7365
    0.4300   -0.6031   -0.6718
    0.8511    0.5190    0.0788
...   115 G-C ...
  -77.2351   34.1885   11.5799
    0.3781   -0.8958    0.2337
    0.2158   -0.1603   -0.9632
    0.9003    0.4146    0.1327
...   116 T-A ...
  -74.3556   35.4084   12.6474
    0.3972   -0.8665   -0.3023
   -0.0063    0.3268   -0.9451
    0.9177    0.3773    0.1243
...   117 A-T ...
  -71.2268   36.4677   13.0825
    0.2332   -0.5637   -0.7924
   -0.2017    0.7691   -0.6065
    0.9513    0.3012    0.0657
...   118 T-A ...
  -67.9930   36.8161   13.5471
    0.0879   -0.1078   -0.9903
   -0.2856    0.9497   -0.1288
    0.9543    0.2942    0.0527
...   119 A-T ...
  -64.8081   37.7852   13.5947
   -0.1663    0.4347   -0.8851
   -0.2533    0.8486    0.4644
    0.9530    0.3014   -0.0310
...   120 A-T ...
  -61.6784   38.5754   13.2716
   -0.2817    0.8376   -0.4680
   -0.1066    0.4574    0.8829
    0.9535    0.2986   -0.0395
...   121 T-A ...
  -58.5858   39.3766   12.4698
   -0.2954    0.9545    0.0414
    0.0550   -0.0263    0.9981
    0.9538    0.2971   -0.0447
...   122 G-C ...
  -55.4604   40.4973   12.6090
   -0.2850    0.7420    0.6068
    0.2453   -0.5556    0.7945
    0.9266    0.3752   -0.0237
...   123 T-A ...
  -52.6443   42.2093   12.1920
   -0.1299    0.3353    0.9331
    0.3618   -0.8602    0.3594
    0.9232    0.3843   -0.0096
...   124 G-C ...
  -49.5103   43.2947   12.3804
    0.0294   -0.2460    0.9688
    0.3892   -0.8899   -0.2378
    0.9207    0.3840    0.0695
...   125 T-A ...
  -46.7292   45.0236   12.9573
    0.2071   -0.6829    0.7006
    0.3119   -0.6326   -0.7089
    0.9273    0.3654    0.0820
...   126 C-G ...
  -43.7094   46.2413   13.3499
    0.3178   -0.9360    0.1515
    0.1296   -0.1154   -0.9848
    0.9393    0.3326    0.0846
...   127 G-C ...
  -40.5418   47.2972   13.3063
    0.2106   -0.8829   -0.4197
   -0.0549    0.4180   -0.9068
    0.9760    0.2140    0.0395
...   128 A-T ...
  -37.3443   47.9071   13.5173
    0.0843   -0.4937   -0.8655
   -0.1607    0.8505   -0.5008
    0.9834    0.1813   -0.0076
...   129 C-G ...
  -34.0593   47.8574   13.6142
   -0.0596    0.0024   -0.9982
   -0.1649    0.9862    0.0122
    0.9845    0.1654   -0.0584
...   130 C-G ...
  -30.7361   48.0878   13.1195
   -0.2404    0.5065   -0.8280
   -0.0700    0.8418    0.5353
    0.9681    0.1866   -0.1669
...   131 A-T ...
  -27.5597   48.8773   12.4976
   -0.3441    0.8636   -0.3684
    0.1289    0.4321    0.8926
    0.9300    0.2597   -0.2600
...   132 A-T ...
  -24.6351   49.7073   11.3633
   -0.2051    0.9579    0.2007
    0.3152   -0.1295    0.9402
    0.9266    0.2561   -0.2754
...   133 A-T ...
  -21.7520   50.6777   10.2126
    0.0360    0.7183    0.6948
    0.3806   -0.6527    0.6551
    0.9240    0.2408   -0.2969
...   134 T-A ...
  -19.0160   52.0243    8.9249
    0.2452    0.2905    0.9249
    0.3073   -0.9281    0.2101
    0.9195    0.2328   -0.3169
...   135 G-C ...
  -16.4638   53.8823    7.5152
    0.5339   -0.3333    0.7771
    0.0346   -0.9097   -0.4139
    0.8449    0.2479   -0.4741
...   136 T-A ...
  -14.1749   56.5546    6.1807
    0.5795   -0.7269    0.3685
   -0.3141   -0.6164   -0.7221
    0.7521    0.3026   -0.5855
...   137 G-C ...
  -11.6538   57.9991    4.7203
    0.2452   -0.9542   -0.1714
   -0.6323   -0.0234   -0.7744
    0.7349    0.2983   -0.6091
...   138 A-T ...
   -8.6759   58.7132    3.6024
   -0.0345   -0.7815   -0.6229
   -0.6536    0.4891   -0.5775
    0.7560    0.3872   -0.5277
...   139 G-C ...
   -6.3275   59.0726    1.6296
   -0.2969   -0.3279   -0.8968
   -0.5657    0.8171   -0.1114
    0.7693    0.4742   -0.4281
...   140 C-G ...
   -3.4369   60.2277    1.0286
   -0.4426    0.2287   -0.8671
   -0.1681    0.9286    0.3308
    0.8808    0.2922   -0.3725
...   141 G-C ...
   -0.6977   63.8910   -2.2510
   -0.9992    0.0157   -0.0376
   -0.0024    0.8991    0.4378
    0.0407    0.4375   -0.8983
...   142 C-G ...
   -1.0065   65.5987   -4.9402
   -0.8337    0.5216    0.1813
    0.5170    0.6219    0.5881
    0.1940    0.5840   -0.7882
...   143 T-A ...
   -0.1333   66.2083   -7.8197
   -0.3753    0.8566    0.3540
    0.8856    0.2187    0.4098
    0.2736    0.4673   -0.8407
...   144 C-G ...
   -0.1666   67.4019  -10.8068
    0.1797    0.8793    0.4411
    0.9277   -0.3007    0.2214
    0.3273    0.3694   -0.8697
...   145 A-T ...
    0.5266   69.2311  -13.4660
    0.7352    0.4964    0.4616
    0.6118   -0.7791   -0.1367
    0.2918    0.3829   -0.8765
...   146 C-G ...
    1.4338   72.0891  -15.6020
    0.9809    0.0621    0.1844
    0.1264   -0.9240   -0.3608
    0.1480    0.3772   -0.9142
...   147 A-T ...
    2.3047   74.2221  -18.3864
    0.8657   -0.4292   -0.2575
   -0.4984   -0.7868   -0.3642
   -0.0463    0.4436   -0.8950
