  147 base-pairs
...     1 A-T ...
    0.0000    0.0000    0.0000
    1.0000    0.0000    0.0000
    0.0000    1.0000    0.0000
    0.0000    0.0000    1.0000
...     2 G-C ...
   -0.1394   -1.2357    3.2268
    0.7529    0.6366    0.1670
   -0.6386    0.7680   -0.0486
   -0.1592   -0.0700    0.9848
...     3 T-A ...
   -0.0365   -3.2932    6.3751
    0.2722    0.9301    0.2466
   -0.9238    0.3243   -0.2033
   -0.2691   -0.1725    0.9475
...     4 G-C ...
   -0.3505   -4.1660    9.4928
   -0.3756    0.9250    0.0579
   -0.8781   -0.3352   -0.3415
   -0.2965   -0.1791    0.9381
...     5 A-T ...
   -0.4462   -4.1476   12.7498
   -0.8116    0.5840   -0.0165
   -0.5523   -0.7762   -0.3042
   -0.1905   -0.2378    0.9524
...     6 G-C ...
   -1.5908   -4.1730   15.6201
   -0.9976    0.0246   -0.0651
   -0.0043   -0.9555   -0.2950
   -0.0695   -0.2940    0.9533
...     7 C-G ...
   -1.1030   -4.4824   18.7362
   -0.8441   -0.5304   -0.0787
    0.5345   -0.8441   -0.0432
   -0.0435   -0.0785    0.9960
...     8 G-C ...
   -2.4028   -7.7290   23.1475
   -0.2754   -0.3293   -0.9032
    0.6650   -0.7437    0.0684
   -0.6942   -0.5818    0.4238
...     9 C-G ...
   -4.4690   -9.9728   24.1132
    0.1145   -0.7025   -0.7024
    0.8512   -0.2952    0.4340
   -0.5122   -0.6476    0.5642
...    10 T-A ...
   -6.7405  -10.8752   25.9697
    0.4841   -0.8363   -0.2574
    0.6595    0.1553    0.7355
   -0.5751   -0.5258    0.6267
...    11 C-G ...
   -9.1656  -12.6208   27.1640
    0.7073   -0.6682    0.2307
    0.3448    0.6110    0.7126
   -0.6171   -0.4245    0.6626
...    12 A-T ...
  -10.9234  -14.6633   29.0693
    0.7515   -0.1377    0.6452
   -0.2029    0.8824    0.4246
   -0.6277   -0.4500    0.6352
...    13 C-G ...
  -11.8476  -17.4863   31.2451
    0.4295    0.2823    0.8578
   -0.5708    0.8209    0.0156
   -0.6998   -0.4963    0.5137
...    14 A-T ...
  -13.5897  -19.7827   33.4259
   -0.1504    0.6104    0.7777
   -0.6874    0.5008   -0.5260
   -0.7106   -0.6136    0.3443
...    15 A-T ...
  -15.8082  -21.8076   34.6464
   -0.4894    0.8067    0.3312
   -0.4875    0.0619   -0.8709
   -0.7231   -0.5877    0.3630
...    16 T-A ...
  -17.8977  -23.6685   36.5606
   -0.7001    0.6934   -0.1708
   -0.1456   -0.3728   -0.9164
   -0.6991   -0.6167    0.3619
...    17 T-A ...
  -20.1522  -25.4767   38.1262
   -0.6811    0.3207   -0.6582
    0.2941   -0.7034   -0.6471
   -0.6705   -0.6343    0.3848
...    18 T-A ...
  -22.4283  -27.3137   39.5144
   -0.3981   -0.1173   -0.9098
    0.6206   -0.7648   -0.1730
   -0.6756   -0.6335    0.3773
...    19 A-T ...
  -24.5521  -29.5913   40.6838
    0.0593   -0.4874   -0.8712
    0.7281   -0.5759    0.3718
   -0.6829   -0.6563    0.3207
...    20 T-A ...
  -27.2688  -31.3664   41.3824
    0.4090   -0.7241   -0.5553
    0.6026   -0.2427    0.7602
   -0.6853   -0.6456    0.3371
...    21 T-A ...
  -29.6627  -33.4423   42.2057
    0.6740   -0.7379   -0.0340
    0.2676    0.2010    0.9423
   -0.6885   -0.6443    0.3329
...    22 C-G ...
  -31.8875  -35.6081   43.2501
    0.7297   -0.4671    0.4994
   -0.1751    0.5783    0.7968
   -0.6610   -0.6689    0.3402
...    23 G-C ...
  -34.1035  -37.4985   44.9425
    0.6027    0.0264    0.7975
   -0.5700    0.7136    0.4072
   -0.5584   -0.7000    0.4452
...    24 C-G ...
  -35.6501  -40.0308   46.3023
    0.2532    0.4337    0.8648
   -0.7978    0.5992   -0.0669
   -0.5472   -0.6730    0.4977
...    25 A-T ...
  -37.6807  -42.0760   47.8605
   -0.1738    0.7486    0.6398
   -0.8111    0.2597   -0.5242
   -0.5586   -0.6100    0.5621
...    26 A-T ...
  -39.3614  -44.0204   49.8948
   -0.5856    0.7755    0.2360
   -0.5835   -0.2011   -0.7868
   -0.5627   -0.5985    0.5702
...    27 A-T ...
  -40.9711  -45.8177   52.0724
   -0.8152    0.5244   -0.2459
   -0.1487   -0.5997   -0.7863
   -0.5598   -0.6044    0.5669
...    28 G-C ...
  -42.9579  -47.3988   54.2802
   -0.7351    0.1784   -0.6540
    0.2764   -0.8021   -0.5294
   -0.6190   -0.5700    0.5403
...    29 G-C ...
  -45.3905  -48.9945   56.1226
   -0.4072   -0.2403   -0.8811
    0.6188   -0.7822   -0.0727
   -0.6718   -0.5748    0.4672
...    30 C-G ...
  -47.9264  -50.6029   57.4002
    0.0263   -0.5886   -0.8080
    0.7204   -0.5492    0.4235
   -0.6930   -0.5933    0.4096
...    31 C-G ...
  -50.4724  -52.3988   58.6181
    0.4639   -0.7474   -0.4755
    0.5722   -0.1569    0.8050
   -0.6763   -0.6455    0.3549
...    32 G-C ...
  -52.2483  -54.5569   59.8426
    0.7454   -0.6653   -0.0424
    0.2355    0.2033    0.9504
   -0.6236   -0.7184    0.3082
...    33 G-C ...
  -53.9405  -57.3751   60.6421
    0.7802   -0.4149    0.4682
   -0.2343    0.5001    0.8337
   -0.5800   -0.7601    0.2930
...    34 C-G ...
  -55.5870  -60.0950   61.3940
    0.5463   -0.0499    0.8361
   -0.6275    0.6368    0.4480
   -0.5548   -0.7694    0.3166
...    35 C-G ...
  -57.0571  -62.8952   62.6442
    0.1382    0.3440    0.9287
   -0.8295    0.5526   -0.0813
   -0.5411   -0.7592    0.3617
...    36 C-G ...
  -58.5783  -65.5593   64.0192
   -0.2968    0.6268    0.7204
   -0.7803    0.2756   -0.5614
   -0.5504   -0.7288    0.4073
...    37 G-C ...
  -60.7634  -67.9769   64.6994
   -0.6077    0.7473    0.2687
   -0.4925   -0.0893   -0.8657
   -0.6230   -0.6585    0.4223
...    38 A-T ...
  -62.5851  -70.1567   66.0355
   -0.7650    0.5791   -0.2820
   -0.0402   -0.4798   -0.8764
   -0.6428   -0.6591    0.3903
...    39 C-G ...
  -64.8465  -71.8268   67.5335
   -0.6342    0.3064   -0.7098
    0.3379   -0.7159   -0.6110
   -0.6954   -0.6273    0.3505
...    40 A-T ...
  -67.3407  -73.7468   68.5974
   -0.2623   -0.0449   -0.9639
    0.5927   -0.7958   -0.1242
   -0.7615   -0.6039    0.2353
...    41 C-G ...
  -70.1688  -75.3577   68.9776
    0.1131   -0.3984   -0.9102
    0.6219   -0.6861    0.3775
   -0.7749   -0.6088    0.1702
...    42 G-C ...
  -72.4355  -77.7087   69.5808
    0.4928   -0.6811   -0.5416
    0.3865   -0.3864    0.8375
   -0.7796   -0.6220    0.0728
...    43 A-T ...
  -74.9217  -79.6734   69.7395
    0.6184   -0.7843    0.0494
    0.0241    0.0818    0.9964
   -0.7855   -0.6149    0.0695
...    44 C-G ...
  -77.3389  -81.9235   69.3349
    0.5536   -0.6145    0.5620
   -0.3159    0.4695    0.8245
   -0.7705   -0.6340    0.0658
...    45 T-A ...
  -79.6557  -84.7418   69.1493
    0.2810   -0.2690    0.9212
   -0.5559    0.7368    0.3848
   -0.7823   -0.6203    0.0575
...    46 T-A ...
  -81.9195  -87.0971   69.0893
   -0.0684    0.1179    0.9907
   -0.5933    0.7935   -0.1354
   -0.8021   -0.5970    0.0156
...    47 A-T ...
  -84.5222  -89.1375   69.2680
   -0.3064    0.5878    0.7487
   -0.4580    0.5985   -0.6573
   -0.8345   -0.5443    0.0859
...    48 C-G ...
  -86.9332  -91.2224   70.0488
   -0.4512    0.8403    0.3006
   -0.2313    0.2152   -0.9488
   -0.8620   -0.4976    0.0973
...    49 T-A ...
  -89.7735  -92.7800   70.8737
   -0.4159    0.8789   -0.2338
    0.0040   -0.2553   -0.9668
   -0.9094   -0.4030    0.1027
...    50 G-C ...
  -93.0565  -93.7024   71.1728
   -0.1651    0.6758   -0.7184
    0.1740   -0.6970   -0.6956
   -0.9708   -0.2399   -0.0025
...    51 T-A ...
  -96.2245  -93.9355   71.4052
    0.0236    0.2979   -0.9543
    0.2027   -0.9362   -0.2873
   -0.9789   -0.1867   -0.0825
...    52 A-T ...
  -99.4658  -93.8704   70.6827
    0.3014   -0.1875   -0.9349
    0.0719   -0.9732    0.2184
   -0.9508   -0.1331   -0.2799
...    53 G-C ...
 -102.4770  -93.8920   69.5542
    0.3647   -0.6284   -0.6870
   -0.1442   -0.7671    0.6251
   -0.9199   -0.1289   -0.3704
...    54 G-C ...
 -105.4536  -93.9330   67.4114
    0.2658   -0.9364   -0.2292
   -0.3595   -0.3169    0.8777
   -0.8945   -0.1509   -0.4208
...    55 T-A ...
 -108.1320  -94.5230   65.5505
    0.0106   -0.9692    0.2462
   -0.4569    0.2143    0.8633
   -0.8895   -0.1216   -0.4405
...    56 A-T ...
 -110.9425  -95.0827   63.7725
   -0.2865   -0.6528    0.7013
   -0.3679    0.7508    0.5486
   -0.8846   -0.1008   -0.4553
...    57 T-A ...
 -113.5555  -96.0222   61.9575
   -0.4730   -0.1811    0.8623
   -0.1412    0.9816    0.1287
   -0.8697   -0.0609   -0.4898
...    58 C-G ...
 -116.5094  -96.5190   60.4203
   -0.4588    0.4560    0.7626
    0.2106    0.8896   -0.4053
   -0.8632   -0.0254   -0.5042
...    59 T-A ...
 -119.5407  -96.6858   59.0386
   -0.2089    0.8451    0.4921
    0.4225    0.5318   -0.7339
   -0.8819    0.0546   -0.4682
...    60 C-G ...
 -122.5789  -96.4794   57.6153
    0.1365    0.9893    0.0510
    0.4623   -0.0181   -0.8865
   -0.8762    0.1446   -0.4598
...    61 G-C ...
 -125.1899  -95.6036   55.7804
    0.5894    0.7815   -0.2048
    0.2966   -0.4452   -0.8449
   -0.7515    0.4372   -0.4942
...    62 A-T ...
 -127.5986  -93.9597   54.1728
    0.7237    0.3702   -0.5824
   -0.0923   -0.7844   -0.6133
   -0.6839    0.4977   -0.5335
...    63 G-C ...
 -129.5086  -91.8683   52.4117
    0.6332   -0.1182   -0.7649
   -0.4874   -0.8286   -0.2754
   -0.6012    0.5472   -0.5823
...    64 C-G ...
 -131.0558  -89.6839   50.2936
    0.2528   -0.5893   -0.7673
   -0.7925   -0.5811    0.1851
   -0.5549    0.5613   -0.6140
...    65 T-A ...
 -132.6824  -87.7631   48.1958
   -0.2238   -0.7964   -0.5618
   -0.8313   -0.1449    0.5366
   -0.5087    0.5872   -0.6296
...    66 C-G ...
 -134.6023  -85.9682   46.2326
   -0.6944   -0.7060   -0.1391
   -0.5421    0.3862    0.7463
   -0.4732    0.5936   -0.6509
...    67 G-C ...
 -136.5880  -83.3146   44.9485
   -0.8759   -0.3556    0.3260
   -0.0370    0.7232    0.6896
   -0.4810    0.5920   -0.6467
...    68 G-C ...
 -137.9636  -81.2859   42.6575
   -0.7206    0.0752    0.6893
    0.4954    0.7514    0.4359
   -0.4852    0.6556   -0.5787
...    69 G-C ...
 -139.6267  -79.2572   40.5778
   -0.2898    0.3857    0.8759
    0.8110    0.5850    0.0107
   -0.5082    0.7135   -0.4823
...    70 A-T ...
 -141.4720  -76.9985   39.0329
    0.2635    0.6043    0.7519
    0.8355    0.2466   -0.4910
   -0.4821    0.7576   -0.4400
...    71 T-A ...
 -143.4539  -74.5551   38.0953
    0.6772    0.6002    0.4257
    0.5849   -0.0879   -0.8064
   -0.4465    0.7950   -0.4105
...    72 C-G ...
 -144.8286  -71.8056   36.9996
    0.9233    0.3775   -0.0702
    0.0877   -0.3855   -0.9185
   -0.3738    0.8420   -0.3891
...    73 C-G ...
 -145.9095  -68.9146   35.9147
    0.8841    0.0092   -0.4671
   -0.4030   -0.4910   -0.7723
   -0.2365    0.8711   -0.4304
...    74 G-C ...
 -146.6228  -66.2494   34.0836
    0.5565   -0.3794   -0.7392
   -0.8265   -0.3443   -0.4454
   -0.0855    0.8588   -0.5051
...    75 C-G ...
 -146.2425  -63.3308   32.2272
   -0.0198   -0.5105   -0.8597
   -0.9992   -0.0197    0.0347
   -0.0346    0.8597   -0.5097
...    76 T-A ...
 -146.1522  -60.5284   30.5190
   -0.5556   -0.4171   -0.7192
   -0.8313    0.2936    0.4719
    0.0143    0.8601   -0.5099
...    77 C-G ...
 -146.1343  -57.7464   28.7417
   -0.9233   -0.1568   -0.3506
   -0.3818    0.4745    0.7932
    0.0420    0.8662   -0.4979
...    78 A-T ...
 -145.6875  -54.6592   27.4484
   -0.9769    0.0789    0.1987
    0.2121    0.4732    0.8550
   -0.0265    0.8774   -0.4790
...    79 T-A ...
 -145.9936  -52.0418   25.5219
   -0.7379    0.2896    0.6097
    0.6741    0.3605    0.6447
   -0.0331    0.8867   -0.4612
...    80 G-C ...
 -146.2416  -48.9930   23.8654
   -0.2089    0.3624    0.9083
    0.9779    0.0899    0.1890
   -0.0132    0.9277   -0.3731
...    81 T-A ...
 -146.9411  -45.9563   22.7122
    0.3216    0.3232    0.8900
    0.9468   -0.1238   -0.2972
    0.0141    0.9382   -0.3458
...    82 T-A ...
 -146.9478  -42.9390   21.8946
    0.7608    0.1108    0.6394
    0.6426   -0.2661   -0.7185
    0.0905    0.9576   -0.2737
...    83 A-T ...
 -146.3385  -39.8330   21.1485
    0.9494   -0.2073    0.2358
    0.1830   -0.2449   -0.9521
    0.2551    0.9471   -0.1946
...    84 T-A ...
 -145.4299  -36.7383   21.2894
    0.9108   -0.3209   -0.2599
   -0.3025   -0.0899   -0.9489
    0.2811    0.9429   -0.1789
...    85 A-T ...
 -144.3446  -33.6891   20.5939
    0.5681   -0.3918   -0.7237
   -0.7304    0.1653   -0.6627
    0.3793    0.9051   -0.1923
...    86 A-T ...
 -142.8831  -30.9066   20.0755
    0.0629   -0.2375   -0.9694
   -0.9106    0.3840   -0.1531
    0.4086    0.8923   -0.1921
...    87 C-G ...
 -140.7925  -28.2345   19.3207
   -0.4366    0.0424   -0.8986
   -0.7917    0.4563    0.4062
    0.4273    0.8888   -0.1657
...    88 G-C ...
 -139.6396  -25.2192   18.7808
   -0.8319    0.3003   -0.4666
   -0.3520    0.3645    0.8621
    0.4289    0.8815   -0.1975
...    89 G-C ...
 -138.1720  -22.3746   17.9411
   -0.9185    0.3890    0.0714
    0.1412    0.1540    0.9779
    0.3694    0.9083   -0.1964
...    90 A-T ...
 -136.9478  -19.3992   17.0098
   -0.6517    0.4016    0.6434
    0.6567   -0.1259    0.7436
    0.3796    0.9071   -0.1817
...    91 T-A ...
 -136.2780  -16.3010   15.9988
   -0.2402    0.2767    0.9304
    0.8877   -0.3252    0.3259
    0.3927    0.9043   -0.1675
...    92 T-A ...
 -135.3244  -13.2061   15.3924
    0.3375    0.0520    0.9399
    0.8503   -0.4452   -0.2807
    0.4038    0.8939   -0.1945
...    93 T-A ...
 -134.0683  -10.2729   14.9187
    0.7214   -0.2648    0.6399
    0.5268   -0.3900   -0.7552
    0.4495    0.8819   -0.1419
...    94 A-T ...
 -132.2613   -7.4468   14.6168
    0.7997   -0.5865    0.1284
    0.0667   -0.1257   -0.9898
    0.5967    0.8001   -0.0615
...    95 A-T ...
 -130.2429   -5.0245   14.6696
    0.6722   -0.6098   -0.4199
   -0.3492    0.2390   -0.9061
    0.6528    0.7557   -0.0522
...    96 C-G ...
 -127.6921   -2.8776   15.0076
    0.3845   -0.3983   -0.8328
   -0.6337    0.5421   -0.5519
    0.6713    0.7399   -0.0439
...    97 A-T ...
 -125.2998   -0.5461   14.6752
   -0.0941   -0.0623   -0.9936
   -0.7140    0.6997    0.0237
    0.6938    0.7117   -0.1103
...    98 C-G ...
 -122.5473    1.3292   14.0096
   -0.4610    0.3109   -0.8312
   -0.5474    0.6376    0.5420
    0.6984    0.7049   -0.1237
...    99 T-A ...
 -119.8044    3.4688   12.9280
   -0.6871    0.6176   -0.3828
   -0.1940    0.3518    0.9157
    0.7002    0.7034   -0.1219
...   100 T-A ...
 -117.5066    5.6572   12.1567
   -0.6333    0.7419    0.2203
    0.2355   -0.0864    0.9680
    0.7372    0.6649   -0.1200
...   101 T-A ...
 -115.1678    7.8421   11.4899
   -0.3689    0.5700    0.7342
    0.5432   -0.5088    0.6679
    0.7542    0.6452   -0.1219
...   102 A-T ...
 -112.4314    9.7969   11.2757
   -0.0013    0.1231    0.9924
    0.6430   -0.7599    0.0951
    0.7659    0.6383   -0.0781
...   103 T-A ...
 -110.4348   12.3416   11.2852
    0.2580   -0.2848    0.9232
    0.5678   -0.7284   -0.3834
    0.7817    0.6231   -0.0263
...   104 G-C ...
 -107.8752   14.4728   11.5246
    0.4628   -0.7297    0.5033
    0.3287   -0.3860   -0.8620
    0.8233    0.5644    0.0612
...   105 C-G ...
 -105.1049   16.0515   12.2352
    0.5065   -0.8611   -0.0447
    0.0314    0.0702   -0.9970
    0.8617    0.5036    0.0626
...   106 T-A ...
 -101.9319   17.3263   12.8471
    0.4112   -0.6843   -0.6022
   -0.2093    0.5720   -0.7931
    0.8872    0.4522    0.0920
...   107 T-A ...
  -98.9810   18.5192   13.2402
    0.1839   -0.2685   -0.9456
   -0.3716    0.8716   -0.3197
    0.9100    0.4102    0.0606
...   108 C-G ...
  -95.8373   19.6408   13.2990
   -0.0873    0.2821   -0.9554
   -0.3883    0.8736    0.2934
    0.9174    0.3966    0.0333
...   109 C-G ...
  -92.7683   20.8356   13.2344
   -0.3587    0.6632   -0.6569
   -0.2634    0.6032    0.7528
    0.8955    0.4431   -0.0417
...   110 G-C ...
  -90.1229   22.4072   13.3535
   -0.5151    0.8404   -0.1688
   -0.0181    0.1862    0.9823
    0.8569    0.5091   -0.0807
...   111 G-C ...
  -87.4656   24.4156   12.8614
   -0.4817    0.7729    0.4129
    0.2902   -0.3039    0.9074
    0.8269    0.5570   -0.0779
...   112 C-G ...
  -85.0218   26.6327   12.2800
   -0.2727    0.4548    0.8478
    0.5083   -0.6800    0.5284
    0.8168    0.5750   -0.0457
...   113 T-A ...
  -82.4494   28.7180   12.1132
    0.0012    0.0042    1.0000
    0.5802   -0.8145    0.0027
    0.8145    0.5801   -0.0034
...   114 C-G ...
  -79.7030   30.5922   12.2100
    0.3063   -0.4917    0.8151
    0.4849   -0.6562   -0.5781
    0.8191    0.5724    0.0374
...   115 G-C ...
  -76.7625   32.1448   12.0077
    0.4539   -0.8300    0.3242
    0.2250   -0.2453   -0.9430
    0.8622    0.5009    0.0754
...   116 T-A ...
  -73.8700   33.4668   12.9679
    0.4537   -0.8606   -0.2312
   -0.0441    0.2375   -0.9704
    0.8901    0.4505    0.0698
...   117 A-T ...
  -70.6697   34.5377   13.6498
    0.2593   -0.6162   -0.7437
   -0.2555    0.6988   -0.6681
    0.9314    0.3632    0.0238
...   118 T-A ...
  -67.4877   35.0777   14.0703
    0.0978   -0.1812   -0.9786
   -0.3462    0.9157   -0.2041
    0.9331    0.3587    0.0268
...   119 A-T ...
  -64.4082   36.4309   14.1377
   -0.1606    0.3860   -0.9084
   -0.3081    0.8548    0.4177
    0.9377    0.3470   -0.0183
...   120 A-T ...
  -61.3004   37.3038   13.8292
   -0.3213    0.7961   -0.5129
   -0.1506    0.4917    0.8576
    0.9349    0.3528   -0.0381
...   121 T-A ...
  -58.1999   38.2633   13.0345
   -0.3430    0.9393    0.0091
    0.0440    0.0064    0.9990
    0.9383    0.3431   -0.0435
...   122 G-C ...
  -55.0387   39.5446   12.7397
   -0.3014    0.7371    0.6048
    0.2491   -0.5514    0.7962
    0.9204    0.3906   -0.0174
...   123 T-A ...
  -52.2129   41.1928   12.4053
   -0.1364    0.3548    0.9249
    0.3678   -0.8488    0.3798
    0.9198    0.3920   -0.0147
...   124 G-C ...
  -49.1652   42.5732   12.4245
    0.0486   -0.2289    0.9722
    0.4009   -0.8871   -0.2289
    0.9148    0.4009    0.0487
...   125 T-A ...
  -46.4484   44.2665   12.7989
    0.2125   -0.6724    0.7090
    0.3182   -0.6384   -0.7008
    0.9239    0.3746    0.0783
...   126 C-G ...
  -43.5168   45.4391   13.1406
    0.3588   -0.9191    0.1626
    0.1374   -0.1203   -0.9832
    0.9233    0.3751    0.0831
...   127 G-C ...
  -40.3886   46.4845   12.9135
    0.2077   -0.9061   -0.3687
   -0.0401    0.3687   -0.9287
    0.9774    0.2077    0.0402
...   128 A-T ...
  -37.3221   47.2134   13.1421
    0.1297   -0.5264   -0.8403
   -0.1718    0.8227   -0.5419
    0.9766    0.2146    0.0163
...   129 C-G ...
  -34.0415   47.1599   13.4827
   -0.0308   -0.0263   -0.9992
   -0.1985    0.9799   -0.0197
    0.9796    0.1978   -0.0354
...   130 C-G ...
  -30.6867   47.3439   12.8392
   -0.2449    0.4583   -0.8544
   -0.1043    0.8636    0.4932
    0.9639    0.2099   -0.1637
...   131 A-T ...
  -27.5956   48.6404   12.5187
   -0.3682    0.8362   -0.4066
    0.0923    0.4680    0.8789
    0.9252    0.2861   -0.2494
...   132 A-T ...
  -24.6463   49.6377   11.4763
   -0.2477    0.9539    0.1694
    0.3026   -0.0900    0.9489
    0.9204    0.2863   -0.2664
...   133 A-T ...
  -21.7844   50.6542   10.2295
    0.0296    0.7288    0.6840
    0.3800   -0.6412    0.6667
    0.9245    0.2401   -0.2959
...   134 T-A ...
  -19.0160   52.0244    8.9249
    0.2452    0.2905    0.9249
    0.3073   -0.9281    0.2101
    0.9195    0.2328   -0.3169
...   135 G-C ...
  -16.4638   53.8825    7.5152
    0.5339   -0.3333    0.7771
    0.0346   -0.9097   -0.4139
    0.8449    0.2479   -0.4741
...   136 T-A ...
  -14.1750   56.5547    6.1807
    0.5795   -0.7269    0.3685
   -0.3141   -0.6164   -0.7221
    0.7521    0.3026   -0.5855
...   137 G-C ...
  -11.6539   57.9992    4.7204
    0.2452   -0.9542   -0.1714
   -0.6323   -0.0234   -0.7744
    0.7349    0.2983   -0.6091
...   138 A-T ...
   -8.6759   58.7133    3.6024
   -0.0345   -0.7815   -0.6229
   -0.6536    0.4891   -0.5775
    0.7560    0.3872   -0.5277
...   139 G-C ...
   -6.3275   59.0727    1.6296
   -0.2969   -0.3279   -0.8968
   -0.5657    0.8171   -0.1114
    0.7693    0.4742   -0.4281
...   140 C-G ...
   -3.4369   60.2279    1.0286
   -0.4426    0.2287   -0.8671
   -0.1681    0.9286    0.3308
    0.8808    0.2922   -0.3725
...   141 G-C ...
   -0.6977   63.8912   -2.2510
   -0.9992    0.0157   -0.0376
   -0.0024    0.8991    0.4378
    0.0407    0.4375   -0.8983
...   142 C-G ...
   -1.0065   65.5988   -4.9401
   -0.8337    0.5216    0.1813
    0.5170    0.6219    0.5881
    0.1940    0.5841   -0.7882
...   143 T-A ...
   -0.1333   66.2084   -7.8197
   -0.3753    0.8566    0.3540
    0.8856    0.2187    0.4098
    0.2736    0.4673   -0.8407
...   144 C-G ...
   -0.1666   67.4020  -10.8068
    0.1797    0.8793    0.4411
    0.9277   -0.3007    0.2214
    0.3273    0.3694   -0.8697
...   145 A-T ...
    0.5266   69.2313  -13.4660
    0.7352    0.4964    0.4616
    0.6118   -0.7791   -0.1367
    0.2918    0.3829   -0.8765
...   146 C-G ...
    1.4337   72.0892  -15.6019
    0.9809    0.0621    0.1844
    0.1264   -0.9240   -0.3608
    0.1480    0.3772   -0.9142
...   147 A-T ...
    2.3047   74.2222  -18.3864
    0.8657   -0.4292   -0.2575
   -0.4984   -0.7868   -0.3642
   -0.0463    0.4436   -0.8950
