  147 base-pairs
...     1 A-T ...
    0.0000    0.0000    0.0000
    1.0000    0.0000    0.0000
    0.0000    1.0000    0.0000
    0.0000    0.0000    1.0000
...     2 G-C ...
   -0.1394   -1.2357    3.2268
    0.7529    0.6366    0.1670
   -0.6386    0.7680   -0.0486
   -0.1592   -0.0700    0.9848
...     3 T-A ...
   -0.0365   -3.2932    6.3751
    0.2722    0.9301    0.2466
   -0.9238    0.3243   -0.2033
   -0.2691   -0.1725    0.9475
...     4 G-C ...
   -0.3505   -4.1660    9.4928
   -0.3756    0.9250    0.0579
   -0.8781   -0.3352   -0.3415
   -0.2965   -0.1791    0.9381
...     5 A-T ...
   -0.4462   -4.1476   12.7498
   -0.8116    0.5840   -0.0165
   -0.5523   -0.7762   -0.3042
   -0.1905   -0.2378    0.9524
...     6 G-C ...
   -1.5908   -4.1730   15.6201
   -0.9976    0.0246   -0.0651
   -0.0043   -0.9555   -0.2950
   -0.0695   -0.2940    0.9533
...     7 C-G ...
   -1.1030   -4.4824   18.7362
   -0.8441   -0.5304   -0.0787
    0.5345   -0.8441   -0.0432
   -0.0435   -0.0785    0.9960
...     8 G-C ...
   -2.4028   -7.7290   23.1475
   -0.2754   -0.3293   -0.9032
    0.6650   -0.7437    0.0684
   -0.6942   -0.5818    0.4238
...     9 C-G ...
   -4.4690   -9.9728   24.1132
    0.1145   -0.7025   -0.7024
    0.8512   -0.2952    0.4340
   -0.5122   -0.6476    0.5642
...    10 T-A ...
   -6.7405  -10.8752   25.9697
    0.4841   -0.8363   -0.2574
    0.6595    0.1553    0.7355
   -0.5751   -0.5258    0.6267
...    11 C-G ...
   -9.1656  -12.6208   27.1640
    0.7073   -0.6682    0.2307
    0.3448    0.6110    0.7126
   -0.6171   -0.4245    0.6626
...    12 A-T ...
  -10.9234  -14.6633   29.0693
    0.7515   -0.1377    0.6452
   -0.2029    0.8824    0.4246
   -0.6277   -0.4500    0.6352
...    13 C-G ...
  -11.8476  -17.4863   31.2451
    0.4295    0.2823    0.8578
   -0.5708    0.8209    0.0156
   -0.6998   -0.4963    0.5137
...    14 A-T ...
  -13.5897  -19.7827   33.4259
   -0.1504    0.6104    0.7777
   -0.6874    0.5008   -0.5260
   -0.7106   -0.6136    0.3443
...    15 A-T ...
  -15.8209  -21.7961   34.6409
   -0.4870    0.8095    0.3280
   -0.4869    0.0601   -0.8714
   -0.7251   -0.5840    0.3649
...    16 T-A ...
  -17.9199  -23.6373   36.5602
   -0.6965    0.6956   -0.1760
   -0.1461   -0.3776   -0.9144
   -0.7025   -0.6112    0.3646
...    17 T-A ...
  -20.1888  -25.4227   38.1312
   -0.6773    0.3204   -0.6623
    0.2908   -0.7103   -0.6410
   -0.6758   -0.6267    0.3879
...    18 T-A ...
  -22.4853  -27.2348   39.5226
   -0.3956   -0.1243   -0.9100
    0.6156   -0.7711   -0.1623
   -0.6815   -0.6244    0.3816
...    19 A-T ...
  -24.6270  -29.4973   40.7346
    0.0612   -0.5166   -0.8540
    0.7220   -0.5679    0.3952
   -0.6892   -0.6408    0.3383
...    20 T-A ...
  -27.3638  -31.2273   41.4864
    0.4057   -0.7498   -0.5226
    0.5953   -0.2171    0.7736
   -0.6936   -0.6250    0.3583
...    21 T-A ...
  -29.7841  -33.2396   42.3807
    0.6633   -0.7483    0.0105
    0.2592    0.2429    0.9348
   -0.7021   -0.6173    0.3550
...    22 C-G ...
  -32.0661  -35.3079   43.5062
    0.7138   -0.4519    0.5350
   -0.1775    0.6223    0.7624
   -0.6775   -0.6392    0.3639
...    23 G-C ...
  -34.3851  -37.0427   45.2284
    0.5913    0.0600    0.8042
   -0.5591    0.7491    0.3552
   -0.5811   -0.6597    0.4765
...    24 C-G ...
  -36.0183  -39.4572   46.7001
    0.2508    0.4793    0.8411
   -0.7814    0.6131   -0.1164
   -0.5714   -0.6280    0.5283
...    25 A-T ...
  -38.1222  -41.3617   48.3366
   -0.1608    0.7940    0.5863
   -0.7952    0.2476   -0.5534
   -0.5846   -0.5553    0.5916
...    26 A-T ...
  -39.8993  -43.1128   50.4594
   -0.5623    0.8091    0.1708
   -0.5785   -0.2374   -0.7803
   -0.5908   -0.5376    0.6016
...    27 A-T ...
  -41.6054  -44.6889   52.7310
   -0.7905    0.5347   -0.2985
   -0.1600   -0.6509   -0.7421
   -0.5911   -0.5389    0.6002
...    28 G-C ...
  -43.6873  -46.0197   55.0164
   -0.7169    0.1564   -0.6794
    0.2518   -0.8506   -0.4616
   -0.6501   -0.5020    0.5704
...    29 G-C ...
  -46.2221  -47.3677   56.9191
   -0.4032   -0.2955   -0.8661
    0.5861   -0.8102    0.0035
   -0.7027   -0.5062    0.4999
...    30 C-G ...
  -48.8449  -48.7755   58.2625
    0.0134   -0.6583   -0.7526
    0.6880   -0.5401    0.4847
   -0.7256   -0.5243    0.4456
...    31 C-G ...
  -51.4909  -50.3453   59.5887
    0.4360   -0.8094   -0.3934
    0.5500   -0.1063    0.8284
   -0.7124   -0.5775    0.3988
...    32 G-C ...
  -53.3980  -52.2748   60.9923
    0.7110   -0.7020    0.0420
    0.2284    0.2869    0.9303
   -0.6651   -0.6518    0.3643
...    33 G-C ...
  -55.2725  -54.8897   62.0382
    0.7480   -0.4016    0.5284
   -0.2222    0.5988    0.7695
   -0.6254   -0.6930    0.3587
...    34 C-G ...
  -57.1082  -57.4101   63.0187
    0.5273    0.0153    0.8495
   -0.5982    0.7168    0.3583
   -0.6035   -0.6971    0.3871
...    35 C-G ...
  -58.7629  -59.9668   64.5305
    0.1448    0.4436    0.8845
   -0.7924    0.5873   -0.1648
   -0.5925   -0.6770    0.4365
...    36 C-G ...
  -60.4671  -62.3547   66.1731
   -0.2669    0.7282    0.6313
   -0.7523    0.2520   -0.6087
   -0.6024   -0.6374    0.4805
...    37 G-C ...
  -62.7961  -64.5242   67.1154
   -0.5591    0.8136    0.1599
   -0.4862   -0.1655   -0.8581
   -0.6717   -0.5574    0.4880
...    38 A-T ...
  -64.7906  -66.3810   68.6795
   -0.7201    0.5870   -0.3700
   -0.0627   -0.5860   -0.8079
   -0.6911   -0.5585    0.4587
...    39 C-G ...
  -67.1805  -67.6831   70.3335
   -0.6032    0.2512   -0.7570
    0.2940   -0.8123   -0.5037
   -0.7415   -0.5264    0.4161
...    40 A-T ...
  -69.8229  -69.2767   71.5785
   -0.2547   -0.1621   -0.9533
    0.5369   -0.8436    0.0000
   -0.8043   -0.5119    0.3019
...    41 C-G ...
  -72.7677  -70.6245   72.1284
    0.0919   -0.5344   -0.8403
    0.5677   -0.6651    0.4851
   -0.8181   -0.5216    0.2423
...    42 G-C ...
  -75.2041  -72.6888   73.0343
    0.4431   -0.7912   -0.4215
    0.3508   -0.2796    0.8937
   -0.8250   -0.5438    0.1537
...    43 A-T ...
  -77.8395  -74.4058   73.4550
    0.5557   -0.8111    0.1827
    0.0252    0.2361    0.9714
   -0.8310   -0.5352    0.1516
...    44 C-G ...
  -80.4240  -76.5009   73.3742
    0.5002   -0.5573    0.6628
   -0.2818    0.6189    0.7331
   -0.8188   -0.5535    0.1525
...    45 T-A ...
  -82.9638  -79.1102   73.6063
    0.2567   -0.1331    0.9573
   -0.4958    0.8321    0.2486
   -0.8296   -0.5385    0.1476
...    46 T-A ...
  -85.4197  -81.2277   73.9244
   -0.0575    0.2930    0.9544
   -0.5268    0.8032   -0.2783
   -0.8481   -0.5187    0.1082
...    47 A-T ...
  -88.1643  -83.0015   74.4576
   -0.2426    0.7341    0.6342
   -0.4135    0.5131   -0.7521
   -0.8776   -0.4447    0.1790
...    48 C-G ...
  -90.7348  -84.6872   75.5933
   -0.3674    0.9183    0.1476
   -0.2282    0.0648   -0.9715
   -0.9016   -0.3906    0.1857
...    49 T-A ...
  -93.6864  -85.8036   76.6940
   -0.3379    0.8585   -0.3857
   -0.0410   -0.4229   -0.9053
   -0.9403   -0.2901    0.1781
...    50 G-C ...
  -97.0350  -86.3390   77.1707
   -0.1193    0.5462   -0.8291
    0.0889   -0.8258   -0.5568
   -0.9889   -0.1402    0.0499
...    51 T-A ...
 -100.2051  -86.2146   77.4585
    0.0215    0.1080   -0.9939
    0.1040   -0.9890   -0.1052
   -0.9943   -0.1011   -0.0325
...    52 A-T ...
 -103.4497  -86.1057   76.8495
    0.2268   -0.4110   -0.8830
   -0.0124   -0.9077    0.4193
   -0.9739   -0.0841   -0.2109
...    53 G-C ...
 -106.5129  -86.0525   75.8618
    0.2531   -0.7977   -0.5473
   -0.1810   -0.5948    0.7832
   -0.9503   -0.0992   -0.2950
...    54 G-C ...
 -109.6157  -86.2047   73.9168
    0.1495   -0.9884   -0.0279
   -0.3286   -0.0763    0.9414
   -0.9326   -0.1315   -0.3362
...    55 T-A ...
 -112.4722  -86.8457   72.3638
   -0.0745   -0.8871    0.4555
   -0.3662    0.4492    0.8149
   -0.9275   -0.1061   -0.3584
...    56 A-T ...
 -115.4563  -87.4255   70.8962
   -0.2969   -0.4445    0.8451
   -0.2408    0.8913    0.3843
   -0.9241   -0.0894   -0.3716
...    57 T-A ...
 -118.2954  -88.4074   69.5010
   -0.4131    0.0708    0.9079
   -0.0258    0.9957   -0.0894
   -0.9103   -0.0604   -0.4095
...    58 C-G ...
 -121.4171  -88.8593   68.3057
   -0.3350    0.6655    0.6670
    0.2638    0.7458   -0.6117
   -0.9045   -0.0290   -0.4254
...    59 T-A ...
 -124.5626  -88.9406   67.2123
   -0.0688    0.9519    0.2985
    0.4020    0.3003   -0.8650
   -0.9131    0.0605   -0.4033
...    60 C-G ...
 -127.6674  -88.6355   65.9958
    0.2450    0.9509   -0.1892
    0.3592   -0.2702   -0.8933
   -0.9005    0.1508   -0.4078
...    61 G-C ...
 -130.3539  -87.8519   64.2222
    0.6382    0.6347   -0.4357
    0.1454   -0.6552   -0.7414
   -0.7560    0.4098   -0.5104
...    62 A-T ...
 -132.7504  -86.2838   62.4987
    0.6750    0.1342   -0.7255
   -0.2538   -0.8811   -0.3991
   -0.6928    0.4535   -0.5607
...    63 G-C ...
 -134.6769  -84.4169   60.5183
    0.5030   -0.3660   -0.7830
   -0.6038   -0.7970   -0.0153
   -0.6184    0.4805   -0.6219
...    64 C-G ...
 -136.2983  -82.5634   58.1455
    0.0740   -0.7712   -0.6323
   -0.8121   -0.4146    0.4107
   -0.5789    0.4830   -0.6570
...    65 T-A ...
 -138.0286  -80.9458   55.8765
   -0.3895   -0.8606   -0.3280
   -0.7494    0.0890    0.6561
   -0.5355    0.5014   -0.6796
...    66 C-G ...
 -140.0050  -79.3337   53.7966
   -0.7782   -0.6163    0.1207
   -0.3703    0.6056    0.7044
   -0.5072    0.5034   -0.6995
...    67 G-C ...
 -141.8707  -76.7699   52.2141
   -0.8419   -0.1572    0.5163
    0.1528    0.8481    0.5074
   -0.5176    0.5060   -0.6900
...    68 G-C ...
 -143.3910  -75.0827   49.7458
   -0.5813    0.3122    0.7514
    0.6370    0.7492    0.1814
   -0.5063    0.5841   -0.6344
...    69 G-C ...
 -145.1806  -73.3071   47.5413
   -0.0932    0.5906    0.8016
    0.8556    0.4592   -0.2388
   -0.5091    0.6636   -0.5481
...    70 A-T ...
 -147.0253  -71.1710   45.8324
    0.4509    0.7008    0.5527
    0.7569    0.0280   -0.6529
   -0.4731    0.7128   -0.5179
...    71 T-A ...
 -148.8836  -68.7157   44.6939
    0.7988    0.5753    0.1757
    0.4205   -0.3250   -0.8471
   -0.4302    0.7506   -0.5016
...    72 C-G ...
 -150.1505  -66.0700   43.2496
    0.9276    0.2281   -0.2958
   -0.1199   -0.5683   -0.8140
   -0.3538    0.7906   -0.4998
...    73 C-G ...
 -151.0931  -63.3256   41.7322
    0.7766   -0.1997   -0.5975
   -0.5872   -0.5728   -0.5719
   -0.2280    0.7950   -0.5621
...    74 G-C ...
 -151.8964  -60.9904   39.5247
    0.3599   -0.5818   -0.7294
   -0.9274   -0.3089   -0.2113
   -0.1024    0.7524   -0.6507
...    75 C-G ...
 -151.6302  -58.5350   37.0735
   -0.2403   -0.6544   -0.7169
   -0.9690    0.1185    0.2167
   -0.0569    0.7468   -0.6626
...    76 T-A ...
 -151.5632  -56.4151   34.2810
   -0.7549   -0.4429   -0.4837
   -0.6556    0.5283    0.5395
    0.0166    0.7244   -0.6892
...    77 T-A ...
 -151.3690  -54.2456   31.8985
   -0.9939   -0.0429   -0.1020
   -0.1038    0.6801    0.7257
    0.0383    0.7319   -0.6804
...    78 C-G ...
 -150.9345  -51.6065   29.7968
   -0.8494    0.3940    0.3511
    0.5234    0.5432    0.6565
    0.0680    0.7414   -0.6676
...    79 A-T ...
 -150.0544  -49.0882   27.6910
   -0.3972    0.5551    0.7308
    0.9159    0.1901    0.3534
    0.0572    0.8097   -0.5840
...    80 T-A ...
 -150.3430  -46.4651   25.8004
    0.1051    0.5293    0.8419
    0.9923   -0.1112   -0.0540
    0.0650    0.8411   -0.5369
...    81 G-C ...
 -150.1910  -43.3713   24.1437
    0.6306    0.2422    0.7373
    0.7593   -0.3892   -0.5216
    0.1606    0.8888   -0.4293
...    82 T-A ...
 -149.9792  -40.1665   23.3226
    0.9177   -0.0349    0.3958
    0.3403   -0.4456   -0.8281
    0.2052    0.8946   -0.3970
...    83 T-A ...
 -149.1576  -37.3096   22.3316
    0.9382   -0.3415   -0.0568
   -0.1773   -0.3331   -0.9261
    0.2973    0.8789   -0.3730
...    84 A-T ...
 -147.9401  -34.5324   21.0113
    0.6499   -0.5627   -0.5109
   -0.6416   -0.0458   -0.7657
    0.4075    0.8254   -0.3908
...    85 T-A ...
 -146.0463  -32.0047   20.2446
    0.2470   -0.5018   -0.8290
   -0.8703    0.2613   -0.4175
    0.4261    0.8246   -0.3722
...    86 A-T ...
 -144.7422  -29.1381   18.9729
   -0.3329   -0.2125   -0.9187
   -0.8221    0.5425    0.1724
    0.4618    0.8127   -0.3553
...    87 A-T ...
 -143.0594  -26.6555   17.8024
   -0.7249    0.1720   -0.6670
   -0.4863    0.5579    0.6725
    0.4878    0.8119   -0.3208
...    88 C-G ...
 -141.1121  -24.2833   16.1789
   -0.8545    0.4821   -0.1933
   -0.0127    0.3527    0.9357
    0.5193    0.8020   -0.2952
...    89 G-C ...
 -139.4740  -21.5431   15.5103
   -0.7325    0.5433    0.4103
    0.4860   -0.0047    0.8739
    0.4767    0.8395   -0.2606
...    90 G-C ...
 -138.0539  -18.7332   14.5364
   -0.4135    0.3835    0.8258
    0.7977   -0.2847    0.5316
    0.4390    0.8786   -0.1882
...    91 A-T ...
 -136.7967  -15.7470   13.8319
    0.1125    0.1085    0.9877
    0.8855   -0.4620   -0.0501
    0.4509    0.8802   -0.1481
...    92 T-A ...
 -135.9172  -12.5774   13.6277
    0.5119   -0.1626    0.8435
    0.7175   -0.4590   -0.5239
    0.4724    0.8734   -0.1183
...    93 T-A ...
 -134.4332   -9.7045   13.5900
    0.7781   -0.4631    0.4244
    0.3297   -0.2740   -0.9035
    0.5347    0.8429   -0.0605
...    94 A-T ...
 -132.3647   -7.0726   13.4627
    0.7396   -0.6582   -0.1402
   -0.1222    0.0736   -0.9898
    0.6618    0.7492   -0.0260
...    95 A-T ...
 -130.1301   -4.8439   13.5886
    0.5255   -0.5516   -0.6478
   -0.4764    0.4401   -0.7612
    0.7050    0.7085   -0.0315
...    96 C-G ...
 -127.3682   -2.9631   13.8449
    0.1974   -0.2402   -0.9504
   -0.6648    0.6797   -0.3099
    0.7205    0.6930   -0.0255
...    97 A-T ...
 -124.8747   -0.7541   13.5697
   -0.2624    0.1478   -0.9536
   -0.6376    0.7152    0.2863
    0.7243    0.6831   -0.0934
...    98 C-G ...
 -122.1127    1.0680   12.8169
   -0.5625    0.4937   -0.6632
   -0.4007    0.5389    0.7410
    0.7232    0.6826   -0.1053
...    99 T-A ...
 -119.4366    3.2682   11.7097
   -0.6934    0.7070   -0.1388
   -0.0242    0.1697    0.9852
    0.7201    0.6865   -0.1006
...   100 T-A ...
 -117.1581    5.4869   10.9966
   -0.5500    0.7013    0.4536
    0.3716   -0.2810    0.8849
    0.7480    0.6552   -0.1061
...   101 T-A ...
 -114.8353    7.7006   10.4288
   -0.2383    0.4210    0.8752
    0.6081   -0.6380    0.4725
    0.7573    0.6448   -0.1039
...   102 A-T ...
 -112.1403    9.6662   10.2463
    0.1049   -0.0657    0.9923
    0.6288   -0.7687   -0.1174
    0.7705    0.6363   -0.0393
...   103 T-A ...
 -110.0986   12.1612   10.5123
    0.3410   -0.4523    0.8241
    0.5107   -0.6469   -0.5663
    0.7893    0.6140    0.0104
...   104 G-C ...
 -107.4821   14.2017   10.8908
    0.4932   -0.8117    0.3127
    0.2359   -0.2212   -0.9463
    0.8373    0.5405    0.0824
...   105 C-G ...
 -104.6269   15.6210   11.6063
    0.4842   -0.8388   -0.2491
   -0.0605    0.2520   -0.9658
    0.8729    0.4827    0.0712
...   106 T-A ...
 -101.3920   16.7538   12.1418
    0.3451   -0.5640   -0.7502
   -0.2701    0.7058   -0.6549
    0.8989    0.4286    0.0912
...   107 T-A ...
  -98.4048   17.8661   12.4901
    0.0990   -0.0945   -0.9906
   -0.3881    0.9130   -0.1259
    0.9163    0.3970    0.0537
...   108 C-G ...
  -95.2596   18.9669   12.4828
   -0.1639    0.4422   -0.8818
   -0.3550    0.8076    0.4709
    0.9204    0.3902    0.0246
...   109 C-G ...
  -92.1931   20.1543   12.3974
   -0.4081    0.7599   -0.5060
   -0.2003    0.4662    0.8617
    0.8907    0.4531   -0.0380
...   110 G-C ...
  -89.5505   21.7057   12.5560
   -0.5279    0.8493    0.0082
    0.0560    0.0252    0.9981
    0.8474    0.5274   -0.0609
...   111 G-C ...
  -86.9611   23.8212   12.1853
   -0.4549    0.6904    0.5625
    0.3579   -0.4367    0.8254
    0.8155    0.5767   -0.0484
...   112 C-G ...
  -84.5934   26.1584   11.7901
   -0.2167    0.3162    0.9236
    0.5495   -0.7425    0.3831
    0.8069    0.5905   -0.0128
...   113 T-A ...
  -82.0783   28.3138   11.7656
    0.0639   -0.1423    0.9878
    0.5869   -0.7951   -0.1526
    0.8071    0.5895    0.0327
...   114 C-G ...
  -79.3646   30.2071   12.0032
    0.3543   -0.5966    0.7201
    0.4602   -0.5591   -0.6896
    0.8140    0.5757    0.0765
...   115 G-C ...
  -76.4610   31.8221   11.8885
    0.4775   -0.8583    0.1877
    0.1833   -0.1117   -0.9767
    0.8593    0.5008    0.1040
...   116 T-A ...
  -73.5586   33.0622   12.8580
    0.4531   -0.8160   -0.3589
   -0.0867    0.3604   -0.9288
    0.8872    0.4520    0.0926
...   117 A-T ...
  -70.3430   34.0680   13.5712
    0.2364   -0.5181   -0.8220
   -0.2863    0.7713   -0.5685
    0.9285    0.3697    0.0340
...   118 T-A ...
  -67.1607   34.5923   13.9454
    0.0655   -0.0660   -0.9957
   -0.3610    0.9287   -0.0853
    0.9303    0.3650    0.0370
...   119 A-T ...
  -64.1047   35.9547   14.0449
   -0.1984    0.4677   -0.8613
   -0.3006    0.8074    0.5077
    0.9329    0.3596   -0.0196
...   120 A-T ...
  -61.0240   36.8952   13.6948
   -0.3472    0.8344   -0.4281
   -0.1251    0.4112    0.9029
    0.9294    0.3671   -0.0384
...   121 T-A ...
  -57.9656   37.9614   12.8772
   -0.3528    0.9303    0.1004
    0.0774   -0.0779    0.9940
    0.9325    0.3584   -0.0445
...   122 G-C ...
  -54.8442   39.3244   12.5650
   -0.2938    0.6845    0.6671
    0.2784   -0.6064    0.7448
    0.9144    0.4046   -0.0124
...   123 T-A ...
  -52.0589   41.0367   12.2868
   -0.1196    0.2880    0.9501
    0.3888   -0.8670    0.3118
    0.9135    0.4067   -0.0083
...   124 G-C ...
  -49.0515   42.4789   12.3472
    0.0662   -0.2868    0.9557
    0.4092   -0.8657   -0.2882
    0.9100    0.4102    0.0600
...   125 T-A ...
  -46.3573   44.1913   12.7839
    0.2293   -0.7083    0.6676
    0.3177   -0.5938   -0.7392
    0.9201    0.3816    0.0889
...   126 C-G ...
  -43.4422   45.3788   13.1612
    0.3705   -0.9221    0.1114
    0.1296   -0.0674   -0.9893
    0.9197    0.3810    0.0946
...   127 G-C ...
  -40.3347   46.4501   12.9948
    0.2078   -0.8906   -0.4045
   -0.0458    0.4042   -0.9135
    0.9771    0.2084    0.0432
...   128 A-T ...
  -37.2740   47.1747   13.2359
    0.1262   -0.4976   -0.8582
   -0.1756    0.8402   -0.5130
    0.9763    0.2155    0.0187
...   129 C-G ...
  -33.9940   47.1118   13.5589
   -0.0353    0.0031   -0.9994
   -0.1988    0.9800    0.0101
    0.9794    0.1990   -0.0340
...   130 C-G ...
  -30.6443   47.2990   12.8876
   -0.2487    0.4775   -0.8427
   -0.1018    0.8524    0.5130
    0.9632    0.2133   -0.1634
...   131 A-T ...
  -27.5681   48.5939   12.5437
   -0.3729    0.8400   -0.3942
    0.0948    0.4571    0.8843
    0.9230    0.2924   -0.2501
...   132 A-T ...
  -24.6315   49.6131   11.4856
   -0.2493    0.9521    0.1771
    0.3056   -0.0962    0.9473
    0.9190    0.2903   -0.2670
...   133 A-T ...
  -21.7779   50.6441   10.2337
    0.0303    0.7257    0.6873
    0.3815   -0.6440    0.6631
    0.9239    0.2421   -0.2964
...   134 T-A ...
  -19.0160   52.0245    8.9252
    0.2452    0.2905    0.9249
    0.3073   -0.9281    0.2101
    0.9195    0.2328   -0.3169
...   135 G-C ...
  -16.4638   53.8825    7.5155
    0.5339   -0.3333    0.7771
    0.0346   -0.9097   -0.4139
    0.8449    0.2479   -0.4741
...   136 T-A ...
  -14.1749   56.5547    6.1810
    0.5795   -0.7269    0.3685
   -0.3141   -0.6164   -0.7221
    0.7521    0.3026   -0.5855
...   137 G-C ...
  -11.6539   57.9993    4.7206
    0.2452   -0.9542   -0.1714
   -0.6323   -0.0234   -0.7744
    0.7349    0.2983   -0.6091
...   138 A-T ...
   -8.6759   58.7134    3.6026
   -0.0345   -0.7815   -0.6229
   -0.6536    0.4891   -0.5775
    0.7560    0.3872   -0.5277
...   139 G-C ...
   -6.3275   59.0728    1.6298
   -0.2969   -0.3279   -0.8968
   -0.5657    0.8171   -0.1114
    0.7693    0.4742   -0.4281
...   140 C-G ...
   -3.4369   60.2279    1.0289
   -0.4426    0.2287   -0.8671
   -0.1681    0.9286    0.3308
    0.8808    0.2922   -0.3725
...   141 G-C ...
   -0.6977   63.8912   -2.2508
   -0.9992    0.0157   -0.0376
   -0.0024    0.8991    0.4378
    0.0407    0.4375   -0.8983
...   142 C-G ...
   -1.0065   65.5989   -4.9399
   -0.8337    0.5216    0.1813
    0.5170    0.6219    0.5881
    0.1940    0.5841   -0.7882
...   143 T-A ...
   -0.1333   66.2085   -7.8194
   -0.3753    0.8566    0.3540
    0.8856    0.2187    0.4098
    0.2736    0.4673   -0.8407
...   144 C-G ...
   -0.1666   67.4021  -10.8065
    0.1797    0.8793    0.4411
    0.9277   -0.3007    0.2214
    0.3273    0.3694   -0.8697
...   145 A-T ...
    0.5266   69.2313  -13.4657
    0.7352    0.4964    0.4616
    0.6118   -0.7791   -0.1367
    0.2918    0.3829   -0.8765
...   146 C-G ...
    1.4338   72.0893  -15.6017
    0.9809    0.0621    0.1844
    0.1264   -0.9240   -0.3608
    0.1480    0.3772   -0.9142
...   147 A-T ...
    2.3047   74.2223  -18.3861
    0.8657   -0.4292   -0.2575
   -0.4984   -0.7868   -0.3642
   -0.0463    0.4436   -0.8950
