  147 base-pairs
...     1 A-T ...
    0.0000    0.0000    0.0000
    1.0000    0.0000    0.0000
    0.0000    1.0000    0.0000
    0.0000    0.0000    1.0000
...     2 G-C ...
   -0.1394   -1.2357    3.2268
    0.7529    0.6366    0.1670
   -0.6386    0.7680   -0.0486
   -0.1592   -0.0700    0.9848
...     3 T-A ...
   -0.0365   -3.2932    6.3751
    0.2722    0.9301    0.2466
   -0.9238    0.3243   -0.2033
   -0.2691   -0.1725    0.9475
...     4 G-C ...
   -0.3505   -4.1660    9.4928
   -0.3756    0.9250    0.0579
   -0.8781   -0.3352   -0.3415
   -0.2965   -0.1791    0.9381
...     5 A-T ...
   -0.4462   -4.1476   12.7498
   -0.8116    0.5840   -0.0165
   -0.5523   -0.7762   -0.3042
   -0.1905   -0.2378    0.9524
...     6 G-C ...
   -1.5908   -4.1730   15.6201
   -0.9976    0.0246   -0.0651
   -0.0043   -0.9555   -0.2950
   -0.0695   -0.2940    0.9533
...     7 C-G ...
   -1.1030   -4.4824   18.7362
   -0.8441   -0.5304   -0.0787
    0.5345   -0.8441   -0.0432
   -0.0435   -0.0785    0.9960
...     8 G-C ...
   -2.4028   -7.7290   23.1475
   -0.2754   -0.3293   -0.9032
    0.6650   -0.7437    0.0684
   -0.6942   -0.5818    0.4238
...     9 C-G ...
   -4.4690   -9.9728   24.1132
    0.1145   -0.7025   -0.7024
    0.8512   -0.2952    0.4340
   -0.5122   -0.6476    0.5642
...    10 T-A ...
   -6.7405  -10.8752   25.9697
    0.4841   -0.8363   -0.2574
    0.6595    0.1553    0.7355
   -0.5751   -0.5258    0.6267
...    11 C-G ...
   -9.1656  -12.6208   27.1640
    0.7073   -0.6682    0.2307
    0.3448    0.6110    0.7126
   -0.6171   -0.4245    0.6626
...    12 A-T ...
  -10.9234  -14.6633   29.0693
    0.7515   -0.1377    0.6452
   -0.2029    0.8824    0.4246
   -0.6277   -0.4500    0.6352
...    13 C-G ...
  -11.8476  -17.4863   31.2451
    0.4295    0.2823    0.8578
   -0.5708    0.8209    0.0156
   -0.6998   -0.4963    0.5137
...    14 A-T ...
  -13.5897  -19.7827   33.4259
   -0.1504    0.6104    0.7777
   -0.6874    0.5008   -0.5260
   -0.7106   -0.6136    0.3443
...    15 A-T ...
  -15.8188  -21.7991   34.6378
   -0.4852    0.8097    0.3301
   -0.4876    0.0628   -0.8708
   -0.7258   -0.5834    0.3644
...    16 T-A ...
  -17.9193  -23.6388   36.5558
   -0.6949    0.6981   -0.1723
   -0.1487   -0.3741   -0.9154
   -0.7035   -0.6105    0.3638
...    17 T-A ...
  -20.1914  -25.4215   38.1259
   -0.6777    0.3257   -0.6592
    0.2868   -0.7084   -0.6449
   -0.6771   -0.6261    0.3867
...    18 T-A ...
  -22.4921  -27.2272   39.5118
   -0.3987   -0.1150   -0.9098
    0.6110   -0.7731   -0.1701
   -0.6839   -0.6238    0.3785
...    19 A-T ...
  -24.6632  -29.4627   40.6888
    0.0534   -0.4967   -0.8663
    0.7191   -0.5828    0.3785
   -0.6929   -0.6431    0.3260
...    20 T-A ...
  -27.4121  -31.1850   41.4079
    0.3970   -0.7382   -0.5453
    0.5976   -0.2431    0.7641
   -0.6966   -0.6292    0.3446
...    21 T-A ...
  -29.8469  -33.2019   42.2561
    0.6587   -0.7521   -0.0196
    0.2690    0.2111    0.9397
   -0.7027   -0.6243    0.3414
...    22 C-G ...
  -32.1301  -35.2932   43.3297
    0.7173   -0.4741    0.5106
   -0.1649    0.5965    0.7855
   -0.6770   -0.6476    0.3497
...    23 G-C ...
  -34.4257  -37.0799   45.0273
    0.6012    0.0280    0.7986
   -0.5519    0.7373    0.3896
   -0.5780   -0.6749    0.4587
...    24 C-G ...
  -36.0467  -39.5395   46.4318
    0.2631    0.4461    0.8555
   -0.7807    0.6194   -0.0829
   -0.5668   -0.6461    0.5112
...    25 A-T ...
  -38.1350  -41.4888   48.0319
   -0.1510    0.7692    0.6209
   -0.8027    0.2712   -0.5312
   -0.5770   -0.5786    0.5765
...    26 A-T ...
  -39.8797  -43.3225   50.1130
   -0.5598    0.8002    0.2154
   -0.5904   -0.2028   -0.7812
   -0.5814   -0.5645    0.5860
...    27 A-T ...
  -41.5471  -45.0012   52.3402
   -0.7970    0.5453   -0.2597
   -0.1706   -0.6157   -0.7693
   -0.5794   -0.5688    0.5837
...    28 G-C ...
  -43.5868  -46.4457   54.5937
   -0.7299    0.1858   -0.6578
    0.2468   -0.8258   -0.5071
   -0.6374   -0.5325    0.5569
...    29 G-C ...
  -46.0748  -47.8964   56.4821
   -0.4186   -0.2513   -0.8727
    0.5902   -0.8057   -0.0511
   -0.6903   -0.5365    0.4855
...    30 C-G ...
  -48.6627  -49.3708   57.8181
    0.0019   -0.6131   -0.7900
    0.7024   -0.5616    0.4374
   -0.7118   -0.5557    0.4295
...    31 C-G ...
  -51.2727  -51.0253   59.1077
    0.4343   -0.7775   -0.4547
    0.5717   -0.1522    0.8062
   -0.6961   -0.6102    0.3784
...    32 G-C ...
  -53.1283  -53.0612   60.4138
    0.7220   -0.6914   -0.0271
    0.2510    0.2251    0.9415
   -0.6448   -0.6865    0.3361
...    33 G-C ...
  -54.9151  -55.7819   61.3179
    0.7714   -0.4248    0.4738
   -0.2085    0.5347    0.8189
   -0.6012   -0.7305    0.3239
...    34 C-G ...
  -56.6422  -58.4182   62.1731
    0.5551   -0.0397    0.8308
   -0.6010    0.6713    0.4337
   -0.5750   -0.7401    0.3488
...    35 C-G ...
  -58.1804  -61.1232   63.5408
    0.1626    0.3706    0.9144
   -0.8136    0.5747   -0.0883
   -0.5583   -0.7296    0.3950
...    36 C-G ...
  -59.7663  -63.6736   65.0383
   -0.2671    0.6589    0.7032
   -0.7823    0.2779   -0.5575
   -0.5628   -0.6990    0.4412
...    37 G-C ...
  -62.0163  -65.9934   65.8432
   -0.5847    0.7706    0.2536
   -0.5110   -0.1070   -0.8529
   -0.6301   -0.6283    0.4564
...    38 A-T ...
  -63.8682  -68.0755   67.2903
   -0.7577    0.5859   -0.2875
   -0.0684   -0.5094   -0.8578
   -0.6491   -0.6302    0.4261
...    39 C-G ...
  -66.1386  -69.6385   68.8943
   -0.6435    0.2936   -0.7070
    0.3107   -0.7439   -0.5917
   -0.6996   -0.6004    0.3875
...    40 A-T ...
  -68.6418  -71.4671   70.0867
   -0.2857   -0.0766   -0.9553
    0.5776   -0.8092   -0.1079
   -0.7647   -0.5825    0.2754
...    41 C-G ...
  -71.4825  -73.0173   70.5982
    0.0852   -0.4330   -0.8974
    0.6222   -0.6803    0.3873
   -0.7782   -0.5914    0.2114
...    42 G-C ...
  -73.7618  -75.3067   71.3607
    0.4727   -0.7037   -0.5304
    0.4075   -0.3592    0.8396
   -0.7814   -0.6130    0.1169
...    43 A-T ...
  -76.2585  -77.2352   71.6650
    0.6166   -0.7852    0.0581
    0.0551    0.1167    0.9916
   -0.7854   -0.6082    0.1152
...    44 C-G ...
  -78.7009  -79.4724   71.4041
    0.5724   -0.5947    0.5644
   -0.2892    0.4977    0.8177
   -0.7673   -0.6313    0.1129
...    45 T-A ...
  -81.0149  -82.2928   71.4025
    0.3154   -0.2337    0.9197
   -0.5471    0.7471    0.3774
   -0.7754   -0.6222    0.1078
...    46 T-A ...
  -83.2614  -84.6604   71.5128
   -0.0297    0.1525    0.9879
   -0.6076    0.7820   -0.1390
   -0.7937   -0.6044    0.0694
...    47 A-T ...
  -85.8489  -86.6967   71.8614
   -0.2918    0.6098    0.7369
   -0.4911    0.5656   -0.6625
   -0.8208   -0.5552    0.1344
...    48 C-G ...
  -88.2068  -88.7812   72.8181
   -0.4622    0.8398    0.2847
   -0.2677    0.1739   -0.9477
   -0.8454   -0.5143    0.1444
...    49 T-A ...
  -90.9821  -90.3727   73.7964
   -0.4491    0.8571   -0.2524
   -0.0194   -0.2918   -0.9563
   -0.8933   -0.4246    0.1476
...    50 G-C ...
  -94.2092  -91.4015   74.2293
   -0.2172    0.6384   -0.7384
    0.1806   -0.7171   -0.6731
   -0.9593   -0.2796    0.0405
...    51 T-A ...
  -97.3570  -91.7580   74.5827
   -0.0233    0.2579   -0.9659
    0.2370   -0.9372   -0.2560
   -0.9712   -0.2349   -0.0393
...    52 A-T ...
 -100.6280  -91.8481   73.9804
    0.2824   -0.2066   -0.9368
    0.1330   -0.9587    0.2516
   -0.9500   -0.1956   -0.2432
...    53 G-C ...
 -103.6772  -92.0738   72.9827
    0.3849   -0.6291   -0.6753
   -0.0751   -0.7506    0.6564
   -0.9199   -0.2019   -0.3362
...    54 G-C ...
 -106.7068  -92.3843   70.9435
    0.3286   -0.9221   -0.2045
   -0.3099   -0.3098    0.8989
   -0.8922   -0.2320   -0.3876
...    55 T-A ...
 -109.3733  -93.2459   69.1902
    0.0991   -0.9550    0.2795
   -0.4494    0.2077    0.8689
   -0.8878   -0.2117   -0.4086
...    56 A-T ...
 -112.1576  -94.1511   67.5075
   -0.1977   -0.6511    0.7328
   -0.4242    0.7307    0.5348
   -0.8837   -0.2052   -0.4207
...    57 T-A ...
 -114.7143  -95.4171   65.8161
   -0.4226   -0.1971    0.8846
   -0.2407    0.9654    0.1001
   -0.8738   -0.1706   -0.4554
...    58 C-G ...
 -117.6455  -96.2845   64.4064
   -0.4825    0.4316    0.7622
    0.0979    0.8913   -0.4428
   -0.8704   -0.1391   -0.4723
...    59 T-A ...
 -120.6385  -96.9769   62.9486
   -0.2895    0.8563    0.4277
    0.3540    0.5109   -0.7834
   -0.8893   -0.0754   -0.4510
...    60 T-A ...
 -123.5571  -97.2160   61.6919
    0.0273    0.9994   -0.0216
    0.4444   -0.0315   -0.8953
   -0.8954    0.0149   -0.4450
...    61 C-G ...
 -126.2674  -96.9424   60.0240
    0.3791    0.8073   -0.4524
    0.3213   -0.5733   -0.7538
   -0.8678    0.1404   -0.4766
...    62 A-T ...
 -129.3535  -95.8146   58.9023
    0.6140    0.3859   -0.6886
   -0.0111   -0.8681   -0.4963
   -0.7892    0.3124   -0.5287
...    63 T-A ...
 -131.7063  -94.3188   57.2739
    0.5843   -0.1040   -0.8048
   -0.3311   -0.9360   -0.1194
   -0.7409    0.3363   -0.5814
...    64 G-C ...
 -133.9440  -93.0004   55.0799
    0.3408   -0.6527   -0.6766
   -0.6562   -0.6805    0.3260
   -0.6733    0.3329   -0.6602
...    65 T-A ...
 -135.7006  -91.5844   52.5643
   -0.0779   -0.9116   -0.4037
   -0.7501   -0.2132    0.6261
   -0.6568    0.3516   -0.6671
...    66 T-A ...
 -137.6122  -90.3727   50.2581
   -0.5424   -0.8399   -0.0193
   -0.5742    0.3538    0.7383
   -0.6133    0.4115   -0.6742
...    67 A-T ...
 -139.7505  -88.5989   48.1967
   -0.8341   -0.3585    0.4192
   -0.0411    0.7982    0.6010
   -0.5501    0.4841   -0.6805
...    68 T-A ...
 -141.5667  -87.6235   45.6724
   -0.7597    0.1042    0.6419
    0.3991    0.8540    0.3338
   -0.5134    0.5098   -0.6903
...    69 A-T ...
 -143.1022  -85.7138   43.3571
   -0.3479    0.5753    0.7403
    0.7868    0.6085   -0.1032
   -0.5099    0.5466   -0.6643
...    70 A-T ...
 -144.8421  -84.0148   41.3460
    0.1530    0.7731    0.6156
    0.8611    0.2014   -0.4669
   -0.4850    0.6015   -0.6348
...    71 C-G ...
 -146.9476  -81.9578   39.7499
    0.6155    0.7187    0.3234
    0.6531   -0.2355   -0.7197
   -0.4411    0.6542   -0.6144
...    72 G-C ...
 -147.7307  -79.6613   37.5910
    0.9368    0.3401    0.0819
    0.2568   -0.5096   -0.8212
   -0.2375    0.7903   -0.5648
...    73 G-C ...
 -147.6324  -76.8252   35.9018
    0.9603   -0.0827   -0.2663
   -0.2693   -0.5223   -0.8091
   -0.0722    0.8487   -0.5239
...    74 A-T ...
 -147.3824  -74.0566   34.2039
    0.6350   -0.4276   -0.6434
   -0.7721   -0.3245   -0.5464
    0.0249    0.8437   -0.5362
...    75 C-G ...
 -146.4977  -71.3208   32.5267
    0.1575   -0.5356   -0.8297
   -0.9843   -0.0177   -0.1754
    0.0792    0.8443   -0.5300
...    76 G-C ...
 -146.6058  -68.5885   30.6772
   -0.4564   -0.4491   -0.7681
   -0.8800    0.3552    0.3152
    0.1312    0.8198   -0.5573
...    77 A-T ...
 -146.2139  -65.7665   28.9635
   -0.8944   -0.1300   -0.4279
   -0.4239    0.5511    0.7188
    0.1424    0.8243   -0.5480
...    78 G-C ...
 -145.6585  -63.0869   27.1339
   -0.9805    0.1951    0.0230
    0.1205    0.5046    0.8549
    0.1552    0.8410   -0.5183
...    79 C-G ...
 -145.2303  -60.4105   25.0261
   -0.7281    0.4294    0.5343
    0.6695    0.2777    0.6890
    0.1475    0.8594   -0.4896
...    80 T-A ...
 -144.9418  -57.5881   23.2924
   -0.2864    0.4565    0.8424
    0.9466   -0.0009    0.3223
    0.1479    0.8897   -0.4319
...    81 C-G ...
 -144.5084  -54.5761   21.8641
    0.2885    0.3162    0.9038
    0.9420   -0.2628   -0.2087
    0.1716    0.9116   -0.3736
...    82 G-C ...
 -143.3593  -51.7403   20.7952
    0.7144    0.0218    0.6994
    0.6586   -0.3587   -0.6615
    0.2364    0.9332   -0.2707
...    83 G-C ...
 -142.5244  -48.5650   20.2312
    0.9288   -0.2666    0.2574
    0.1736   -0.3007   -0.9378
    0.3274    0.9157   -0.2330
...    84 G-C ...
 -141.0520  -45.5516   19.8680
    0.8326   -0.4904   -0.2575
   -0.3224   -0.0512   -0.9452
    0.4503    0.8700   -0.2007
...    85 A-T ...
 -139.3705  -42.7301   19.4366
    0.4754   -0.4406   -0.7615
   -0.7361    0.2748   -0.6185
    0.4818    0.8546   -0.1937
...    86 T-A ...
 -137.2533  -40.2208   19.0329
    0.0191   -0.2416   -0.9702
   -0.8680    0.4775   -0.1360
    0.4961    0.8448   -0.2006
...    87 C-G ...
 -135.3438  -37.5673   18.2508
   -0.5002    0.1116   -0.8587
   -0.7012    0.5296    0.4774
    0.5080    0.8409   -0.1866
...    88 C-G ...
 -133.6134  -34.8737   17.4651
   -0.8294    0.3131   -0.4626
   -0.3250    0.4030    0.8556
    0.4543    0.8600   -0.2325
...    89 G-C ...
 -132.2622  -31.8885   17.1619
   -0.9016    0.4154    0.1203
    0.2025    0.1596    0.9662
    0.3822    0.8955   -0.2281
...    90 C-G ...
 -131.0686  -28.8790   15.9346
   -0.6313    0.4105    0.6580
    0.6736   -0.1302    0.7275
    0.3843    0.9025   -0.1943
...    91 T-A ...
 -130.1273  -25.6882   15.0802
   -0.1615    0.2222    0.9615
    0.9145   -0.3325    0.2304
    0.3709    0.9166   -0.1495
...    92 T-A ...
 -129.2738  -22.5842   14.6952
    0.3764   -0.0205    0.9262
    0.8422   -0.4091   -0.3513
    0.3861    0.9123   -0.1367
...    93 T-A ...
 -128.0914  -19.5943   14.4192
    0.7542   -0.2988    0.5847
    0.4984   -0.3193   -0.8060
    0.4275    0.8993   -0.0920
...    94 A-T ...
 -126.3798  -16.7183   14.1989
    0.8303   -0.5557    0.0424
    0.0170   -0.0507   -0.9986
    0.5571    0.8298   -0.0327
...    95 A-T ...
 -124.4896  -14.1891   14.3291
    0.6791   -0.5358   -0.5017
   -0.4147    0.2839   -0.8645
    0.6057    0.7952   -0.0294
...    96 C-G ...
 -122.0586  -11.9086   14.6942
    0.3572   -0.3089   -0.8815
   -0.6967    0.5404   -0.4717
    0.6221    0.7826   -0.0222
...    97 A-T ...
 -119.8550   -9.3983   14.4422
   -0.1482    0.0071   -0.9889
   -0.7559    0.6440    0.1179
    0.6377    0.7650   -0.0901
...    98 C-G ...
 -117.2801   -7.2886   13.7879
   -0.5286    0.3370   -0.7791
   -0.5585    0.5531    0.6182
    0.6392    0.7619   -0.1041
...    99 T-A ...
 -114.7788   -4.8658   12.7397
   -0.7539    0.5854   -0.2983
   -0.1676    0.2676    0.9488
    0.6353    0.7653   -0.1036
...   100 T-A ...
 -112.7200   -2.4394   12.0204
   -0.6813    0.6648    0.3062
    0.2949   -0.1336    0.9461
    0.6699    0.7349   -0.1050
...   101 T-A ...
 -110.6282   -0.0054   11.4254
   -0.3826    0.4778    0.7907
    0.6213   -0.5004    0.6030
    0.6838    0.7220   -0.1054
...   102 A-T ...
 -108.1424    2.2472   11.2507
    0.0243    0.0530    0.9983
    0.7193   -0.6944    0.0194
    0.6943    0.7176   -0.0550
...   103 T-A ...
 -106.4206    4.9850   11.3752
    0.3200   -0.3183    0.8923
    0.6253   -0.6366   -0.4513
    0.7118    0.7024   -0.0047
...   104 G-C ...
 -104.0895    7.3542   11.6933
    0.5543   -0.7089    0.4362
    0.3352   -0.2895   -0.8965
    0.7618    0.6432    0.0772
...   105 C-G ...
 -101.4807    9.1787   12.4301
    0.5931   -0.7961   -0.1203
   -0.0126    0.1402   -0.9900
    0.8051    0.5887    0.0732
...   106 T-A ...
  -98.4519   10.7569   13.0430
    0.4603   -0.5941   -0.6597
   -0.2983    0.5964   -0.7452
    0.8361    0.5398    0.0973
...   107 T-A ...
  -95.6395   12.2453   13.4377
    0.1784   -0.1850   -0.9664
   -0.4759    0.8434   -0.2493
    0.8612    0.5044    0.0624
...   108 C-G ...
  -92.6413   13.7042   13.4840
   -0.1516    0.3282   -0.9323
   -0.4716    0.8049    0.3601
    0.8687    0.4943    0.0328
...   109 C-G ...
  -89.7291   15.2371   13.4148
   -0.4531    0.6557   -0.6039
   -0.3029    0.5239    0.7961
    0.8384    0.5437   -0.0388
...   110 G-C ...
  -87.2858   17.1007   13.5468
   -0.6119    0.7840   -0.1040
   -0.0054    0.1274    0.9918
    0.7909    0.6075   -0.0737
...   111 G-C ...
  -84.9028   19.4380   13.0940
   -0.5519    0.6892    0.4696
    0.3535   -0.3167    0.8802
    0.7553    0.6518   -0.0689
...   112 C-G ...
  -82.7554   21.9585   12.5756
   -0.2945    0.3759    0.8786
    0.5995   -0.6433    0.4762
    0.7442    0.6670   -0.0359
...   113 T-A ...
  -80.4526   24.3405   12.4506
    0.0316   -0.0454    0.9985
    0.6683   -0.7419   -0.0548
    0.7433    0.6690    0.0069
...   114 C-G ...
  -77.9473   26.5285   12.5778
    0.3817   -0.4925    0.7821
    0.5376   -0.5700   -0.6214
    0.7519    0.6576    0.0472
...   115 G-C ...
  -75.2080   28.4116   12.3845
    0.5488   -0.7896    0.2747
    0.2245   -0.1773   -0.9582
    0.8053    0.5875    0.0800
...   116 T-A ...
  -72.4585   29.9979   13.3315
    0.5360   -0.7970   -0.2785
   -0.0931    0.2721   -0.9578
    0.8391    0.5393    0.0716
...   117 A-T ...
  -69.3679   31.3610   14.0067
    0.3016   -0.5586   -0.7727
   -0.3405    0.6938   -0.6345
    0.8906    0.4544    0.0190
...   118 T-A ...
  -66.2510   32.2010   14.3845
    0.0919   -0.1362   -0.9864
   -0.4394    0.8834   -0.1629
    0.8936    0.4484    0.0213
...   119 A-T ...
  -63.3307   33.8577   14.4293
   -0.2190    0.3937   -0.8928
   -0.3787    0.8090    0.4496
    0.8992    0.4366   -0.0281
...   120 A-T ...
  -60.3315   35.0330   14.0719
   -0.4045    0.7765   -0.4831
   -0.1763    0.4521    0.8743
    0.8974    0.4389   -0.0460
...   121 T-A ...
  -57.3505   36.2962   13.2355
   -0.4251    0.9042    0.0421
    0.0645   -0.0161    0.9978
    0.9028    0.4269   -0.0515
...   122 G-C ...
  -54.3272   37.8550   12.8995
   -0.3485    0.6949    0.6290
    0.3099   -0.5479    0.7770
    0.8846    0.4657   -0.0244
...   123 T-A ...
  -51.6472   39.7303   12.5434
   -0.1462    0.3219    0.9354
    0.4411   -0.8251    0.3529
    0.8855    0.4642   -0.0213
...   124 G-C ...
  -48.7251   41.3568   12.5327
    0.0801   -0.2435    0.9666
    0.4629   -0.8497   -0.2524
    0.8828    0.4676    0.0446
...   125 T-A ...
  -46.1411   43.2436   12.8978
    0.2691   -0.6679    0.6939
    0.3539   -0.6015   -0.7162
    0.8957    0.4383    0.0745
...   126 C-G ...
  -43.3000   44.6207   13.2237
    0.4224   -0.8950    0.1435
    0.1333   -0.0953   -0.9865
    0.8965    0.4358    0.0790
...   127 G-C ...
  -40.2437   45.8526   13.0059
    0.2487   -0.8923   -0.3767
   -0.0671    0.3722   -0.9257
    0.9663    0.2555    0.0327
...   128 A-T ...
  -37.2131   46.7185   13.2063
    0.1464   -0.5163   -0.8438
   -0.2140    0.8163   -0.5365
    0.9658    0.2592    0.0090
...   129 C-G ...
  -33.9337   46.8049   13.5263
   -0.0381   -0.0253   -0.9990
   -0.2394    0.9708   -0.0155
    0.9702    0.2385   -0.0431
...   130 C-G ...
  -30.5957   47.1261   12.8428
   -0.2677    0.4498   -0.8521
   -0.1316    0.8590    0.4948
    0.9545    0.2446   -0.1707
...   131 A-T ...
  -27.5508   48.5311   12.5421
   -0.3864    0.8307   -0.4008
    0.0844    0.4646    0.8815
    0.9185    0.3068   -0.2496
...   132 A-T ...
  -24.6262   49.5929   11.4822
   -0.2577    0.9505    0.1739
    0.3040   -0.0911    0.9483
    0.9172    0.2972   -0.2655
...   133 A-T ...
  -21.7784   50.6388   10.2338
    0.0259    0.7272    0.6859
    0.3833   -0.6409    0.6651
    0.9233    0.2456   -0.2954
...   134 T-A ...
  -19.0160   52.0244    8.9251
    0.2452    0.2905    0.9249
    0.3073   -0.9281    0.2101
    0.9195    0.2328   -0.3169
...   135 G-C ...
  -16.4638   53.8825    7.5154
    0.5339   -0.3333    0.7771
    0.0346   -0.9097   -0.4139
    0.8449    0.2479   -0.4741
...   136 T-A ...
  -14.1749   56.5547    6.1809
    0.5795   -0.7269    0.3685
   -0.3141   -0.6164   -0.7221
    0.7521    0.3026   -0.5855
...   137 G-C ...
  -11.6539   57.9992    4.7206
    0.2452   -0.9542   -0.1714
   -0.6323   -0.0234   -0.7744
    0.7349    0.2983   -0.6091
...   138 A-T ...
   -8.6759   58.7133    3.6026
   -0.0345   -0.7815   -0.6229
   -0.6536    0.4891   -0.5775
    0.7560    0.3872   -0.5277
...   139 G-C ...
   -6.3275   59.0727    1.6298
   -0.2969   -0.3279   -0.8968
   -0.5657    0.8171   -0.1114
    0.7693    0.4742   -0.4281
...   140 C-G ...
   -3.4369   60.2279    1.0288
   -0.4426    0.2287   -0.8671
   -0.1681    0.9286    0.3308
    0.8808    0.2922   -0.3725
...   141 G-C ...
   -0.6977   63.8912   -2.2508
   -0.9992    0.0157   -0.0376
   -0.0024    0.8991    0.4378
    0.0407    0.4375   -0.8983
...   142 C-G ...
   -1.0065   65.5988   -4.9399
   -0.8337    0.5216    0.1813
    0.5170    0.6219    0.5881
    0.1940    0.5841   -0.7882
...   143 T-A ...
   -0.1333   66.2085   -7.8195
   -0.3753    0.8566    0.3540
    0.8856    0.2187    0.4098
    0.2736    0.4673   -0.8407
...   144 C-G ...
   -0.1666   67.4020  -10.8066
    0.1797    0.8793    0.4411
    0.9277   -0.3007    0.2214
    0.3273    0.3694   -0.8697
...   145 A-T ...
    0.5266   69.2313  -13.4658
    0.7352    0.4964    0.4616
    0.6118   -0.7791   -0.1367
    0.2918    0.3829   -0.8765
...   146 C-G ...
    1.4338   72.0892  -15.6017
    0.9809    0.0621    0.1844
    0.1264   -0.9240   -0.3608
    0.1480    0.3772   -0.9142
...   147 A-T ...
    2.3047   74.2223  -18.3861
    0.8657   -0.4292   -0.2575
   -0.4984   -0.7868   -0.3642
   -0.0463    0.4436   -0.8950
