  147 base-pairs
...     1 A-T ...
    0.0000    0.0000    0.0000
    1.0000    0.0000    0.0000
    0.0000    1.0000    0.0000
    0.0000    0.0000    1.0000
...     2 G-C ...
   -0.1394   -1.2357    3.2268
    0.7529    0.6366    0.1670
   -0.6386    0.7680   -0.0486
   -0.1592   -0.0700    0.9848
...     3 T-A ...
   -0.0365   -3.2932    6.3751
    0.2722    0.9301    0.2466
   -0.9238    0.3243   -0.2033
   -0.2691   -0.1725    0.9475
...     4 G-C ...
   -0.3505   -4.1660    9.4928
   -0.3756    0.9250    0.0579
   -0.8781   -0.3352   -0.3415
   -0.2965   -0.1791    0.9381
...     5 A-T ...
   -0.4462   -4.1476   12.7498
   -0.8116    0.5840   -0.0165
   -0.5523   -0.7762   -0.3042
   -0.1905   -0.2378    0.9524
...     6 G-C ...
   -1.5908   -4.1730   15.6201
   -0.9976    0.0246   -0.0651
   -0.0043   -0.9555   -0.2950
   -0.0695   -0.2940    0.9533
...     7 C-G ...
   -1.1030   -4.4824   18.7362
   -0.8441   -0.5304   -0.0787
    0.5345   -0.8441   -0.0432
   -0.0435   -0.0785    0.9960
...     8 G-C ...
   -2.4028   -7.7290   23.1475
   -0.2754   -0.3293   -0.9032
    0.6650   -0.7437    0.0684
   -0.6942   -0.5818    0.4238
...     9 C-G ...
   -4.4690   -9.9728   24.1132
    0.1145   -0.7025   -0.7024
    0.8512   -0.2952    0.4340
   -0.5122   -0.6476    0.5642
...    10 T-A ...
   -6.7405  -10.8752   25.9697
    0.4841   -0.8363   -0.2574
    0.6595    0.1553    0.7355
   -0.5751   -0.5258    0.6267
...    11 C-G ...
   -9.1656  -12.6208   27.1640
    0.7073   -0.6682    0.2307
    0.3448    0.6110    0.7126
   -0.6171   -0.4245    0.6626
...    12 A-T ...
  -10.9234  -14.6633   29.0693
    0.7515   -0.1377    0.6452
   -0.2029    0.8824    0.4246
   -0.6277   -0.4500    0.6352
...    13 C-G ...
  -11.8476  -17.4863   31.2451
    0.4295    0.2823    0.8578
   -0.5708    0.8209    0.0156
   -0.6998   -0.4963    0.5137
...    14 A-T ...
  -13.5897  -19.7827   33.4259
   -0.1504    0.6104    0.7777
   -0.6874    0.5008   -0.5260
   -0.7106   -0.6136    0.3443
...    15 A-T ...
  -15.7142  -21.8018   34.7996
   -0.4889    0.7979    0.3526
   -0.4990    0.0757   -0.8633
   -0.7155   -0.5980    0.3612
...    16 T-A ...
  -17.7711  -23.6114   36.6097
   -0.6621    0.7390   -0.1246
   -0.1980   -0.3328   -0.9220
   -0.7228   -0.5857    0.3667
...    17 T-A ...
  -20.0935  -25.3403   38.0673
   -0.6566    0.4342   -0.6167
    0.1961   -0.6913   -0.6954
   -0.7283   -0.5776    0.3688
...    18 T-A ...
  -22.5454  -26.9621   39.4373
   -0.4373   -0.0245   -0.8990
    0.5243   -0.8191   -0.2328
   -0.7307   -0.5731    0.3710
...    19 A-T ...
  -24.9451  -28.9341   40.6082
   -0.0198   -0.4649   -0.8852
    0.6653   -0.6670    0.3354
   -0.7463   -0.5822    0.3225
...    20 T-A ...
  -27.7972  -30.4383   41.2717
    0.3132   -0.7367   -0.5993
    0.5857   -0.3469    0.7325
   -0.7476   -0.5804    0.3229
...    21 T-A ...
  -30.3718  -32.2476   42.0649
    0.5812   -0.8094   -0.0838
    0.3123    0.1268    0.9415
   -0.7515   -0.5734    0.3264
...    22 C-G ...
  -32.7865  -34.2232   43.0317
    0.6774   -0.5705    0.4645
   -0.0859    0.5658    0.8201
   -0.7306   -0.5954    0.3343
...    23 G-C ...
  -35.1830  -36.0062   44.4847
    0.5993   -0.1037    0.7938
   -0.4562    0.7706    0.4451
   -0.6578   -0.6289    0.4145
...    24 C-G ...
  -37.0220  -38.3979   45.8182
    0.2966    0.3542    0.8869
   -0.7110    0.7019   -0.0425
   -0.6376   -0.6179    0.4600
...    25 A-T ...
  -39.1536  -40.3641   47.4339
   -0.0701    0.7453    0.6630
   -0.7764    0.3766   -0.5054
   -0.6264   -0.5501    0.5522
...    26 A-T ...
  -40.9645  -42.1504   49.4414
   -0.4783    0.8367    0.2669
   -0.6095   -0.0974   -0.7868
   -0.6323   -0.5390    0.5565
...    27 A-T ...
  -42.8928  -43.7568   51.4883
   -0.7237    0.6542   -0.2200
   -0.2479   -0.5438   -0.8018
   -0.6441   -0.5257    0.5557
...    28 G-C ...
  -45.0395  -45.1894   53.5398
   -0.6966    0.3283   -0.6379
    0.1424   -0.8082   -0.5714
   -0.7032   -0.4889    0.5162
...    29 G-C ...
  -47.6256  -46.4502   55.2877
   -0.4482   -0.0977   -0.8886
    0.4606   -0.8771   -0.1360
   -0.7661   -0.4702    0.4381
...    30 C-G ...
  -50.4225  -47.6344   56.5577
   -0.0958   -0.5256   -0.8453
    0.6089   -0.7027    0.3679
   -0.7874   -0.4795    0.3874
...    31 C-G ...
  -53.2509  -49.1992   57.4773
    0.3037   -0.7791   -0.5485
    0.5360   -0.3362    0.7744
   -0.7877   -0.5292    0.3154
...    32 G-C ...
  -55.5816  -51.1957   58.7639
    0.6166   -0.7851   -0.0590
    0.2439    0.1192    0.9625
   -0.7485   -0.6079    0.2649
...    33 G-C ...
  -58.0001  -53.4632   59.3604
    0.6974   -0.5582    0.4495
   -0.1447    0.5047    0.8511
   -0.7019   -0.6586    0.2712
...    34 C-G ...
  -60.1214  -55.9236   60.0087
    0.5299   -0.1760    0.8296
   -0.5037    0.7217    0.4748
   -0.6823   -0.6695    0.2938
...    35 C-G ...
  -62.1529  -58.4311   61.0059
    0.2281    0.2850    0.9310
   -0.7133    0.6998   -0.0394
   -0.6627   -0.6551    0.3629
...    36 C-G ...
  -64.0960  -60.8299   62.3850
   -0.1254    0.6666    0.7348
   -0.7268    0.4424   -0.5254
   -0.6753   -0.5999    0.4290
...    37 G-C ...
  -66.5589  -62.6764   63.6316
   -0.4000    0.8736    0.2773
   -0.5499    0.0133   -0.8351
   -0.7332   -0.4865    0.4751
...    38 A-T ...
  -68.8888  -64.2252   65.2863
   -0.5935    0.7575   -0.2720
   -0.2305   -0.4838   -0.8443
   -0.7711   -0.4384    0.4617
...    39 C-G ...
  -71.3514  -65.1664   67.2268
   -0.5856    0.4355   -0.6837
    0.0858   -0.8053   -0.5866
   -0.8061   -0.4022    0.4342
...    40 A-T ...
  -74.1329  -66.4286   68.5503
   -0.3336   -0.0098   -0.9427
    0.3399   -0.9339   -0.1106
   -0.8793   -0.3573    0.3149
...    41 C-G ...
  -77.2544  -66.9951   69.3934
   -0.0792   -0.4657   -0.8814
    0.4351   -0.8116    0.3898
   -0.8969   -0.3527    0.2669
...    42 G-C ...
  -80.0663  -68.5888   70.1800
    0.2603   -0.7934   -0.5502
    0.3405   -0.4578    0.8213
   -0.9035   -0.4011    0.1511
...    43 A-T ...
  -83.0271  -69.9578   70.4962
    0.4201   -0.9070    0.0296
    0.1026    0.0799    0.9915
   -0.9017   -0.4135    0.1266
...    44 C-G ...
  -85.9350  -71.5746   70.3120
    0.4136   -0.7334    0.5395
   -0.1408    0.5339    0.8337
   -0.8995   -0.4208    0.1175
...    45 T-A ...
  -88.7704  -73.2764   70.5594
    0.3026   -0.3351    0.8923
   -0.3431    0.8351    0.4300
   -0.8892   -0.4362    0.1377
...    46 T-A ...
  -91.5355  -74.9678   70.8728
    0.0289    0.1853    0.9823
   -0.4331    0.8880   -0.1548
   -0.9009   -0.4209    0.1059
...    47 A-T ...
  -94.5525  -76.3172   71.2219
   -0.1729    0.6867    0.7061
   -0.3582    0.6240   -0.6945
   -0.9175   -0.3730    0.1381
...    48 C-G ...
  -97.3346  -77.7565   72.2101
   -0.2838    0.9259    0.2493
   -0.2153    0.1918   -0.9575
   -0.9344   -0.3254    0.1450
...    49 T-A ...
 -100.3866  -78.6601   73.0383
   -0.2545    0.9260   -0.2787
   -0.0556   -0.3017   -0.9518
   -0.9655   -0.2268    0.1282
...    50 G-C ...
 -103.6814  -79.0966   73.3681
   -0.0804    0.6557   -0.7508
    0.0487   -0.7497   -0.6600
   -0.9956   -0.0896    0.0283
...    51 T-A ...
 -106.9069  -78.7507   73.6473
    0.0189    0.1972   -0.9802
    0.0565   -0.9790   -0.1958
   -0.9982   -0.0517   -0.0296
...    52 A-T ...
 -110.1948  -78.6717   73.2349
    0.1725   -0.3543   -0.9191
   -0.0316   -0.9346    0.3544
   -0.9845   -0.0321   -0.1724
...    53 G-C ...
 -113.3746  -78.5236   72.3554
    0.1810   -0.7843   -0.5933
   -0.1656   -0.6190    0.7677
   -0.9694   -0.0407   -0.2419
...    54 G-C ...
 -116.4918  -78.7904   71.0850
    0.1064   -0.9918   -0.0705
   -0.2918   -0.0990    0.9514
   -0.9506   -0.0807   -0.2999
...    55 T-A ...
 -119.4138  -79.1768   69.5017
   -0.0744   -0.8958    0.4381
   -0.3100    0.4383    0.8437
   -0.9478   -0.0730   -0.3103
...    56 A-T ...
 -122.7151  -78.8502   68.7520
   -0.3430   -0.3956    0.8520
   -0.1455    0.9184    0.3679
   -0.9280    0.0022   -0.3726
...    57 T-A ...
 -125.6754  -79.5072   67.4125
   -0.3891    0.1292    0.9121
    0.0715    0.9914   -0.1099
   -0.9184    0.0225   -0.3949
...    58 C-G ...
 -128.6696  -79.5456   66.0618
   -0.2347    0.6827    0.6919
    0.3135    0.7270   -0.6109
   -0.9201    0.0735   -0.3847
...    59 T-A ...
 -131.8191  -79.3572   65.0980
    0.0497    0.9466    0.3187
    0.3985    0.2738   -0.8753
   -0.9158    0.1705   -0.3636
...    60 C-G ...
 -134.8143  -78.7401   64.0110
    0.3502    0.9158   -0.1964
    0.2951   -0.3069   -0.9048
   -0.8890    0.2590   -0.3778
...    61 G-C ...
 -137.5812  -77.6879   62.4887
    0.6157    0.5550   -0.5594
    0.0183   -0.7197   -0.6940
   -0.7878    0.4171   -0.4533
...    62 T-A ...
 -139.8955  -75.7492   61.2782
    0.5920    0.0863   -0.8013
   -0.3221   -0.8861   -0.3333
   -0.7388    0.4554   -0.4967
...    63 C-G ...
 -142.0535  -74.1688   59.4264
    0.3324   -0.4571   -0.8250
   -0.6459   -0.7477    0.1540
   -0.6873    0.4817   -0.5437
...    64 A-T ...
 -144.3483  -72.7771   57.4730
   -0.0465   -0.8307   -0.5548
   -0.7702   -0.3238    0.5494
   -0.6361    0.4529   -0.6248
...    65 T-A ...
 -145.8653  -71.2063   54.9718
   -0.4598   -0.8611   -0.2169
   -0.6406    0.1525    0.7526
   -0.6150    0.4850   -0.6217
...    66 G-C ...
 -148.1186  -69.5512   53.2060
   -0.7402   -0.6107    0.2814
   -0.2530    0.6407    0.7249
   -0.6229    0.4654   -0.6288
...    67 T-A ...
 -150.0999  -68.4655   50.7171
   -0.7677   -0.1723    0.6173
    0.1917    0.8573    0.4777
   -0.6115    0.4851   -0.6251
...    68 T-A ...
 -152.1072  -67.1453   48.5151
   -0.5345    0.3704    0.7597
    0.6232    0.7799    0.0583
   -0.5709    0.5046   -0.6476
...    69 A-T ...
 -153.8984  -65.3839   46.3282
   -0.0250    0.7150    0.6986
    0.8318    0.4026   -0.3822
   -0.5546    0.5715   -0.6048
...    70 T-A ...
 -156.1852  -63.6512   44.7715
    0.4118    0.7966    0.4426
    0.7403   -0.0092   -0.6722
   -0.5314    0.6045   -0.5935
...    71 A-T ...
 -158.0403  -61.2883   43.2937
    0.8320    0.5267    0.1743
    0.4135   -0.3792   -0.8278
   -0.3700    0.7608   -0.5332
...    72 A-T ...
 -159.1108  -58.6654   41.7751
    0.9494    0.1767   -0.2596
   -0.1129   -0.5794   -0.8072
   -0.2930    0.7957   -0.5302
...    73 C-G ...
 -159.6620  -55.7037   40.5135
    0.7778   -0.1915   -0.5986
   -0.5893   -0.5532   -0.5888
   -0.2184    0.8107   -0.5431
...    74 G-C ...
 -160.1706  -53.2852   38.2542
    0.3486   -0.5528   -0.7569
   -0.9344   -0.2677   -0.2348
   -0.0728    0.7892   -0.6098
...    75 G-C ...
 -159.9241  -50.8359   35.9181
   -0.2134   -0.6503   -0.7291
   -0.9769    0.1327    0.1676
   -0.0123    0.7480   -0.6636
...    76 A-T ...
 -159.8351  -48.4581   33.6228
   -0.7587   -0.4240   -0.4946
   -0.6512    0.5132    0.5590
    0.0168    0.7462   -0.6655
...    77 A-T ...
 -159.5419  -46.2177   31.2553
   -0.9927    0.0177   -0.1189
   -0.0796    0.6451    0.7600
    0.0902    0.7639   -0.6390
...    78 G-C ...
 -159.2288  -43.8664   28.9203
   -0.8805    0.3463    0.3239
    0.4668    0.5133    0.7202
    0.0832    0.7853   -0.6135
...    79 C-G ...
 -159.0921  -41.4729   26.6125
   -0.4819    0.5400    0.6900
    0.8715    0.2134    0.4416
    0.0912    0.8141   -0.5735
...    80 T-A ...
 -159.0712  -38.7457   24.7419
    0.0366    0.5060    0.8617
    0.9930   -0.1151    0.0254
    0.1121    0.8548   -0.5067
...    81 C-G ...
 -158.7614  -35.9335   23.1243
    0.5894    0.2797    0.7579
    0.7911   -0.3898   -0.4714
    0.1635    0.8774   -0.4510
...    82 G-C ...
 -157.8720  -33.0794   21.6407
    0.8744   -0.1342    0.4663
    0.3668   -0.4464   -0.8162
    0.3177    0.8847   -0.3411
...    83 G-C ...
 -156.5231  -30.0518   21.0264
    0.8881   -0.4595    0.0119
   -0.1222   -0.2610   -0.9576
    0.4431    0.8490   -0.2880
...    84 G-C ...
 -154.5106  -27.3941   20.4346
    0.6368   -0.6151   -0.4649
   -0.5358    0.0805   -0.8405
    0.5544    0.7843   -0.2784
...    85 A-T ...
 -152.4648  -24.9945   19.5190
    0.1872   -0.4731   -0.8609
   -0.7801    0.4610   -0.4230
    0.5970    0.7507   -0.2828
...    86 T-A ...
 -149.9536  -22.9772   18.7596
   -0.2250   -0.1572   -0.9616
   -0.7596    0.6464    0.0720
    0.6102    0.7466   -0.2649
...    87 C-G ...
 -147.8751  -20.6252   17.7619
   -0.6271    0.2666   -0.7319
   -0.4669    0.6235    0.6271
    0.6235    0.7350   -0.2665
...    88 C-G ...
 -145.7281  -18.2811   16.6112
   -0.8063    0.5351   -0.2520
   -0.0379    0.3784    0.9249
    0.5903    0.7553   -0.2848
...    89 G-C ...
 -143.6230  -15.7156   16.1672
   -0.7285    0.5964    0.3370
    0.4170   -0.0043    0.9089
    0.5435    0.8027   -0.2456
...    90 C-G ...
 -142.0149  -13.0526   15.0246
   -0.4089    0.4610    0.7876
    0.7363   -0.3432    0.5831
    0.5391    0.8184   -0.1991
...    91 T-A ...
 -140.5076  -10.1829   14.3930
   -0.0104    0.1518    0.9884
    0.8398   -0.5353    0.0910
    0.5428    0.8309   -0.1219
...    92 T-A ...
 -138.9341   -7.3786   14.0823
    0.4330   -0.2050    0.8778
    0.7032   -0.5323   -0.4712
    0.5639    0.8213   -0.0864
...    93 T-A ...
 -137.2078   -4.6521   14.0277
    0.7198   -0.5044    0.4769
    0.3543   -0.3238   -0.8773
    0.5969    0.8005   -0.0544
...    94 A-T ...
 -135.0316   -2.1364   14.2635
    0.6971   -0.7144   -0.0611
   -0.0489    0.0377   -0.9981
    0.7153    0.6988   -0.0087
...    95 A-T ...
 -132.5892   -0.0237   14.4889
    0.5360   -0.5875   -0.6062
   -0.4114    0.4453   -0.7953
    0.7372    0.6757   -0.0030
...    96 C-G ...
 -129.7915    1.7197   14.8356
    0.2258   -0.2903   -0.9299
   -0.6067    0.7050   -0.3674
    0.7622    0.6471   -0.0169
...    97 A-T ...
 -127.3154    3.9261   14.6434
   -0.2149    0.1127   -0.9701
   -0.5909    0.7758    0.2210
    0.7776    0.6208   -0.1002
...    98 C-G ...
 -124.4376    5.4838   13.9937
   -0.4982    0.4995   -0.7087
   -0.3796    0.6092    0.6963
    0.7795    0.6159   -0.1139
...    99 T-A ...
 -121.8257    7.4081   13.2880
   -0.6485    0.7267   -0.2268
   -0.0463    0.2598    0.9646
    0.7598    0.6360   -0.1349
...   100 T-A ...
 -119.3468    9.3882   12.5604
   -0.5375    0.7600    0.3653
    0.3220   -0.2154    0.9219
    0.7794    0.6132   -0.1289
...   101 T-A ...
 -116.9198   11.4458   11.9037
   -0.2518    0.5054    0.8253
    0.5584   -0.6207    0.5505
    0.7905    0.5994   -0.1260
...   102 A-T ...
 -114.2109   13.3635   11.6041
    0.0693    0.0033    0.9976
    0.6024   -0.7972   -0.0392
    0.7952    0.6037   -0.0573
...   103 T-A ...
 -112.0252   15.8089   11.6608
    0.3455   -0.4078    0.8452
    0.4857   -0.6929   -0.5329
    0.8029    0.5946   -0.0413
...   104 G-C ...
 -109.1937   17.5800   11.6953
    0.4473   -0.7946    0.4105
    0.2410   -0.3349   -0.9109
    0.8613    0.5064    0.0417
...   105 C-G ...
 -106.3632   19.1525   12.3472
    0.4527   -0.8796   -0.1461
   -0.0160    0.1558   -0.9877
    0.8915    0.4495    0.0565
...   106 T-A ...
 -103.3080   20.3299   12.8288
    0.3132   -0.7002   -0.6416
   -0.2127    0.6067   -0.7660
    0.9256    0.3763    0.0411
...   107 T-A ...
 -100.2281   21.3064   13.1326
    0.1365   -0.2363   -0.9620
   -0.3423    0.9001   -0.2697
    0.9296    0.3661    0.0420
...   108 C-G ...
  -97.1278   22.3683   13.1527
   -0.1129    0.3264   -0.9385
   -0.3371    0.8759    0.3452
    0.9347    0.3553    0.0112
...   109 C-G ...
  -93.9222   23.3878   12.8623
   -0.3414    0.7250   -0.5982
   -0.1934    0.5687    0.7995
    0.9198    0.3887   -0.0539
...   110 G-C ...
  -90.9593   24.9360   13.0166
   -0.4688    0.8824   -0.0398
    0.0585    0.0760    0.9954
    0.8814    0.4643   -0.0873
...   111 G-C ...
  -88.0845   26.6061   12.4645
   -0.4215    0.7465    0.5149
    0.3177   -0.4102    0.8549
    0.8494    0.5239   -0.0643
...   112 C-G ...
  -85.4790   28.6032   12.0047
   -0.2128    0.3805    0.9000
    0.4997   -0.7491    0.4348
    0.8397    0.5423   -0.0307
...   113 T-A ...
  -82.8979   30.6801   11.9923
    0.0334   -0.1014    0.9943
    0.5468   -0.8309   -0.1031
    0.8366    0.5472    0.0277
...   114 C-G ...
  -80.2045   32.5327   12.1922
    0.3141   -0.5882    0.7452
    0.4279   -0.6130   -0.6642
    0.8475    0.5275    0.0592
...   115 G-C ...
  -77.2120   34.0190   12.2166
    0.3875   -0.8882    0.2469
    0.2063   -0.1775   -0.9623
    0.8985    0.4238    0.1144
...   116 T-A ...
  -74.3292   35.2778   13.2267
    0.3999   -0.8694   -0.2903
   -0.0193    0.3087   -0.9510
    0.9164    0.3859    0.1067
...   117 A-T ...
  -71.2017   36.3657   13.6007
    0.2278   -0.5763   -0.7848
   -0.2137    0.7568   -0.6178
    0.9500    0.3084    0.0492
...   118 T-A ...
  -67.9646   36.7422   14.0201
    0.0773   -0.1245   -0.9892
   -0.2931    0.9455   -0.1419
    0.9529    0.3009    0.0366
...   119 A-T ...
  -64.7869   37.7395   14.0161
   -0.1776    0.4209   -0.8895
   -0.2532    0.8539    0.4546
    0.9510    0.3060   -0.0451
...   120 A-T ...
  -61.6639   38.5402   13.6503
   -0.2900    0.8301   -0.4763
   -0.1002    0.4686    0.8777
    0.9518    0.3023   -0.0527
...   121 T-A ...
  -58.5815   39.3432   12.8082
   -0.2986    0.9538    0.0323
    0.0646   -0.0136    0.9978
    0.9522    0.3000   -0.0576
...   122 G-C ...
  -55.4566   40.4715   12.9042
   -0.2813    0.7481    0.6009
    0.2544   -0.5457    0.7984
    0.9253    0.3775   -0.0368
...   123 T-A ...
  -52.6483   42.1848   12.4391
   -0.1220    0.3451    0.9306
    0.3673   -0.8553    0.3653
    0.9221    0.3864   -0.0224
...   124 G-C ...
  -49.5137   43.2777   12.5840
    0.0386   -0.2361    0.9710
    0.3889   -0.8915   -0.2322
    0.9205    0.3866    0.0574
...   125 T-A ...
  -46.7313   45.0168   13.1187
    0.2143   -0.6758    0.7052
    0.3070   -0.6388   -0.7055
    0.9272    0.3677    0.0706
...   126 C-G ...
  -43.7093   46.2404   13.4741
    0.3205   -0.9341    0.1572
    0.1219   -0.1239   -0.9848
    0.9394    0.3347    0.0742
...   127 G-C ...
  -40.5407   47.2943   13.3944
    0.2091   -0.8857   -0.4144
   -0.0617    0.4110   -0.9095
    0.9759    0.2158    0.0313
...   128 A-T ...
  -37.3410   47.9079   13.5767
    0.0800   -0.4990   -0.8629
   -0.1649    0.8471   -0.5052
    0.9831    0.1827   -0.0146
...   129 C-G ...
  -34.0535   47.8630   13.6534
   -0.0645   -0.0028   -0.9979
   -0.1664    0.9860    0.0080
    0.9840    0.1665   -0.0641
...   130 C-G ...
  -30.7320   48.0974   13.1421
   -0.2441    0.5032   -0.8290
   -0.0688    0.8437    0.5324
    0.9673    0.1870   -0.1713
...   131 A-T ...
  -27.5570   48.8879   12.5121
   -0.3451    0.8628   -0.3694
    0.1310    0.4340    0.8914
    0.9294    0.2593   -0.2628
...   132 A-T ...
  -24.6337   49.7139   11.3704
   -0.2044    0.9583    0.1999
    0.3168   -0.1285    0.9397
    0.9262    0.2554   -0.2773
...   133 A-T ...
  -21.7511   50.6799   10.2150
    0.0369    0.7187    0.6944
    0.3811   -0.6524    0.6551
    0.9238    0.2404   -0.2979
...   134 T-A ...
  -19.0159   52.0243    8.9250
    0.2452    0.2905    0.9249
    0.3073   -0.9281    0.2101
    0.9195    0.2328   -0.3169
...   135 G-C ...
  -16.4636   53.8823    7.5153
    0.5339   -0.3333    0.7771
    0.0346   -0.9097   -0.4139
    0.8449    0.2479   -0.4741
...   136 T-A ...
  -14.1748   56.5546    6.1808
    0.5795   -0.7269    0.3685
   -0.3141   -0.6164   -0.7221
    0.7521    0.3026   -0.5855
...   137 G-C ...
  -11.6537   57.9991    4.7204
    0.2452   -0.9542   -0.1714
   -0.6323   -0.0234   -0.7744
    0.7349    0.2983   -0.6091
...   138 A-T ...
   -8.6757   58.7132    3.6024
   -0.0345   -0.7815   -0.6229
   -0.6536    0.4891   -0.5775
    0.7560    0.3872   -0.5277
...   139 G-C ...
   -6.3274   59.0726    1.6296
   -0.2969   -0.3279   -0.8968
   -0.5657    0.8171   -0.1114
    0.7693    0.4742   -0.4281
...   140 C-G ...
   -3.4368   60.2277    1.0287
   -0.4426    0.2287   -0.8671
   -0.1681    0.9286    0.3308
    0.8808    0.2922   -0.3725
...   141 G-C ...
   -0.6975   63.8910   -2.2510
   -0.9992    0.0157   -0.0376
   -0.0024    0.8991    0.4378
    0.0407    0.4375   -0.8983
...   142 C-G ...
   -1.0063   65.5987   -4.9401
   -0.8337    0.5216    0.1813
    0.5170    0.6219    0.5881
    0.1940    0.5840   -0.7882
...   143 T-A ...
   -0.1331   66.2083   -7.8196
   -0.3753    0.8566    0.3540
    0.8856    0.2187    0.4098
    0.2736    0.4673   -0.8407
...   144 C-G ...
   -0.1665   67.4019  -10.8067
    0.1797    0.8793    0.4411
    0.9277   -0.3007    0.2214
    0.3273    0.3694   -0.8697
...   145 A-T ...
    0.5268   69.2311  -13.4659
    0.7352    0.4964    0.4616
    0.6118   -0.7791   -0.1367
    0.2918    0.3829   -0.8765
...   146 C-G ...
    1.4339   72.0890  -15.6019
    0.9809    0.0621    0.1844
    0.1264   -0.9240   -0.3608
    0.1480    0.3772   -0.9142
...   147 A-T ...
    2.3049   74.2221  -18.3863
    0.8657   -0.4292   -0.2575
   -0.4984   -0.7868   -0.3642
   -0.0463    0.4436   -0.8950
