  147 base-pairs
...     1 A-T ...
    0.0000    0.0000    0.0000
    1.0000    0.0000    0.0000
    0.0000    1.0000    0.0000
    0.0000    0.0000    1.0000
...     2 G-C ...
   -0.1394   -1.2357    3.2268
    0.7529    0.6366    0.1670
   -0.6386    0.7680   -0.0486
   -0.1592   -0.0700    0.9848
...     3 T-A ...
   -0.0365   -3.2932    6.3751
    0.2722    0.9301    0.2466
   -0.9238    0.3243   -0.2033
   -0.2691   -0.1725    0.9475
...     4 G-C ...
   -0.3505   -4.1660    9.4928
   -0.3756    0.9250    0.0579
   -0.8781   -0.3352   -0.3415
   -0.2965   -0.1791    0.9381
...     5 A-T ...
   -0.4462   -4.1476   12.7498
   -0.8116    0.5840   -0.0165
   -0.5523   -0.7762   -0.3042
   -0.1905   -0.2378    0.9524
...     6 G-C ...
   -1.5908   -4.1730   15.6201
   -0.9976    0.0246   -0.0651
   -0.0043   -0.9555   -0.2950
   -0.0695   -0.2940    0.9533
...     7 C-G ...
   -1.1030   -4.4824   18.7362
   -0.8441   -0.5304   -0.0787
    0.5345   -0.8441   -0.0432
   -0.0435   -0.0785    0.9960
...     8 G-C ...
   -2.4028   -7.7290   23.1475
   -0.2754   -0.3293   -0.9032
    0.6650   -0.7437    0.0684
   -0.6942   -0.5818    0.4238
...     9 C-G ...
   -4.4690   -9.9728   24.1132
    0.1145   -0.7025   -0.7024
    0.8512   -0.2952    0.4340
   -0.5122   -0.6476    0.5642
...    10 T-A ...
   -6.7405  -10.8752   25.9697
    0.4841   -0.8363   -0.2574
    0.6595    0.1553    0.7355
   -0.5751   -0.5258    0.6267
...    11 C-G ...
   -9.1656  -12.6208   27.1640
    0.7073   -0.6682    0.2307
    0.3448    0.6110    0.7126
   -0.6171   -0.4245    0.6626
...    12 A-T ...
  -10.9234  -14.6633   29.0693
    0.7515   -0.1377    0.6452
   -0.2029    0.8824    0.4246
   -0.6277   -0.4500    0.6352
...    13 C-G ...
  -11.8476  -17.4863   31.2451
    0.4295    0.2823    0.8578
   -0.5708    0.8209    0.0156
   -0.6998   -0.4963    0.5137
...    14 A-T ...
  -13.5897  -19.7827   33.4259
   -0.1504    0.6104    0.7777
   -0.6874    0.5008   -0.5260
   -0.7106   -0.6136    0.3443
...    15 A-T ...
  -15.7126  -21.8000   34.8035
   -0.4875    0.7981    0.3541
   -0.5005    0.0769   -0.8623
   -0.7154   -0.5976    0.3619
...    16 T-A ...
  -17.7676  -23.6079   36.6170
   -0.6615    0.7401   -0.1215
   -0.2010   -0.3310   -0.9219
   -0.7225   -0.5854    0.3678
...    17 T-A ...
  -20.0875  -25.3336   38.0822
   -0.6585    0.4369   -0.6128
    0.1921   -0.6896   -0.6982
   -0.7277   -0.5775    0.3702
...    18 T-A ...
  -22.5366  -26.9522   39.4610
   -0.4423   -0.0200   -0.8967
    0.5215   -0.8191   -0.2390
   -0.7297   -0.5733    0.3727
...    19 A-T ...
  -24.9464  -28.9061   40.6338
   -0.0267   -0.4564   -0.8894
    0.6656   -0.6719    0.3249
   -0.7458   -0.5833    0.3217
...    20 T-A ...
  -27.7979  -30.4078   41.3017
    0.3071   -0.7308   -0.6096
    0.5901   -0.3563    0.7245
   -0.7467   -0.5822    0.3218
...    21 T-A ...
  -30.3708  -32.2191   42.0921
    0.5793   -0.8090   -0.0998
    0.3206    0.1136    0.9404
   -0.7495   -0.5767    0.3251
...    22 C-G ...
  -32.7771  -34.2045   43.0513
    0.6820   -0.5779    0.4482
   -0.0768    0.5529    0.8297
   -0.7273   -0.6002    0.3327
...    23 G-C ...
  -35.1504  -36.0144   44.5028
    0.6100   -0.1173    0.7837
   -0.4507    0.7621    0.4648
   -0.6518   -0.6367    0.4121
...    24 C-G ...
  -36.9637  -38.4300   45.8224
    0.3095    0.3376    0.8890
   -0.7123    0.7016   -0.0184
   -0.6299   -0.6275    0.4576
...    25 A-T ...
  -39.0632  -40.4279   47.4374
   -0.0601    0.7313    0.6794
   -0.7854    0.3855   -0.4843
   -0.6161   -0.5627    0.5512
...    26 A-T ...
  -40.8333  -42.2598   49.4408
   -0.4756    0.8290    0.2941
   -0.6230   -0.0814   -0.7780
   -0.6210   -0.5532    0.5552
...    27 A-T ...
  -42.7178  -43.9177   51.4884
   -0.7302    0.6561   -0.1904
   -0.2606   -0.5252   -0.8101
   -0.6315   -0.5419    0.5546
...    28 G-C ...
  -44.8174  -45.4091   53.5459
   -0.7107    0.3414   -0.6152
    0.1348   -0.7921   -0.5953
   -0.6905   -0.5059    0.5169
...    29 G-C ...
  -47.3562  -46.7280   55.3207
   -0.4660   -0.0748   -0.8816
    0.4625   -0.8700   -0.1707
   -0.7543   -0.4873    0.4400
...    30 C-G ...
  -50.1154  -47.9617   56.6201
   -0.1105   -0.4995   -0.8592
    0.6212   -0.7096    0.3326
   -0.7758   -0.4970    0.3887
...    31 C-G ...
  -52.9175  -49.5639   57.5524
    0.2975   -0.7566   -0.5823
    0.5563   -0.3583    0.7498
   -0.7759   -0.5470    0.3142
...    32 G-C ...
  -55.2025  -51.6257   58.8086
    0.6237   -0.7745   -0.1052
    0.2662    0.0839    0.9602
   -0.7349   -0.6269    0.2586
...    33 G-C ...
  -57.5717  -53.9520   59.3656
    0.7164   -0.5669    0.4068
   -0.1289    0.4655    0.8756
   -0.6857   -0.6797    0.2604
...    34 C-G ...
  -59.6315  -56.4727   59.9637
    0.5550   -0.2048    0.8062
   -0.5012    0.6912    0.5206
   -0.6639   -0.6931    0.2809
...    35 C-G ...
  -61.5873  -59.0552   60.9130
    0.2492    0.2442    0.9372
   -0.7261    0.6875    0.0139
   -0.6409   -0.6839    0.3486
...    36 C-G ...
  -63.4473  -61.5464   62.2383
   -0.1179    0.6260    0.7709
   -0.7500    0.4527   -0.4823
   -0.6509   -0.6350    0.4161
...    37 G-C ...
  -65.8389  -63.5018   63.4505
   -0.4129    0.8472    0.3343
   -0.5733    0.0435   -0.8182
   -0.7078   -0.5295    0.4677
...    38 A-T ...
  -68.0786  -65.2024   65.0820
   -0.6209    0.7543   -0.2134
   -0.2411   -0.4428   -0.8636
   -0.7459   -0.4848    0.4568
...    39 C-G ...
  -70.4593  -66.3223   67.0318
   -0.6169    0.4561   -0.6414
    0.0920   -0.7676   -0.6343
   -0.7816   -0.4503    0.4316
...    40 A-T ...
  -73.1599  -67.7386   68.3654
   -0.3593    0.0368   -0.9325
    0.3647   -0.9142   -0.1766
   -0.8590   -0.4035    0.3150
...    41 C-G ...
  -76.2337  -68.4543   69.2556
   -0.0885   -0.4106   -0.9075
    0.4711   -0.8200    0.3251
   -0.8776   -0.3987    0.2660
...    42 G-C ...
  -78.9751  -70.1765   70.0024
    0.2744   -0.7421   -0.6116
    0.3789   -0.5011    0.7780
   -0.8838   -0.4452    0.1437
...    43 A-T ...
  -81.8678  -71.6821   70.2857
    0.4574   -0.8879   -0.0497
    0.1259    0.0094    0.9920
   -0.8803   -0.4600    0.1161
...    44 C-G ...
  -84.7039  -73.4057   70.0452
    0.4601   -0.7537    0.4693
   -0.1412    0.4598    0.8767
   -0.8766   -0.4696    0.1051
...    45 T-A ...
  -87.4461  -75.2570   70.2231
    0.3425   -0.3915    0.8541
   -0.3705    0.7791    0.5057
   -0.8634   -0.4896    0.1218
...    46 T-A ...
  -90.1138  -77.1105   70.4583
    0.0446    0.1032    0.9937
   -0.4805    0.8743   -0.0693
   -0.8759   -0.4743    0.0886
...    47 A-T ...
  -93.0627  -78.6167   70.7346
   -0.2005    0.6123    0.7647
   -0.4043    0.6593   -0.6339
   -0.8924   -0.4363    0.1153
...    48 C-G ...
  -95.7457  -80.2968   71.6251
   -0.3358    0.8814    0.3322
   -0.2400    0.2610   -0.9350
   -0.9108   -0.3937    0.1239
...    49 T-A ...
  -98.7249  -81.4612   72.3951
   -0.3174    0.9285   -0.1927
   -0.0473   -0.2184   -0.9747
   -0.9471   -0.3003    0.1133
...    50 G-C ...
 -101.9755  -82.1527   72.7144
   -0.1324    0.7150   -0.6865
    0.0934   -0.6805   -0.7267
   -0.9868   -0.1603    0.0233
...    51 T-A ...
 -105.2125  -82.0627   73.0404
   -0.0026    0.2901   -0.9570
    0.1241   -0.9495   -0.2882
   -0.9923   -0.1196   -0.0335
...    52 A-T ...
 -108.5025  -82.1107   72.6294
    0.2050   -0.2384   -0.9493
    0.0378   -0.9672    0.2511
   -0.9780   -0.0874   -0.1893
...    53 G-C ...
 -111.6727  -82.1088   71.7193
    0.2512   -0.6957   -0.6730
   -0.1224   -0.7126    0.6909
   -0.9602   -0.0912   -0.2641
...    54 G-C ...
 -114.7314  -82.4911   70.3451
    0.1946   -0.9642   -0.1802
   -0.2960   -0.2329    0.9264
   -0.9351   -0.1270   -0.3307
...    55 T-A ...
 -117.5757  -82.9501   68.6560
    0.0017   -0.9440    0.3298
   -0.3637    0.3066    0.8796
   -0.9315   -0.1214   -0.3428
...    56 A-T ...
 -120.8760  -82.8620   67.8572
   -0.3182   -0.5257    0.7889
   -0.2426    0.8496    0.4683
   -0.9165   -0.0424   -0.3979
...    57 T-A ...
 -123.7301  -83.6399   66.3569
   -0.4205   -0.0194    0.9071
   -0.0261    0.9996    0.0092
   -0.9069   -0.0198   -0.4209
...    58 C-G ...
 -126.6759  -83.8130   64.9127
   -0.3237    0.5688    0.7561
    0.2524    0.8221   -0.5104
   -0.9119    0.0257   -0.4097
...    59 T-A ...
 -129.7995  -83.8342   63.8486
   -0.0641    0.9025    0.4258
    0.3946    0.4148   -0.8199
   -0.9166    0.1155   -0.3827
...    60 T-A ...
 -132.8270  -83.4429   62.8222
    0.2240    0.9727   -0.0606
    0.3679   -0.1420   -0.9190
   -0.9025    0.1835   -0.3897
...    61 C-G ...
 -135.7258  -82.6613   61.6199
    0.4763    0.7052   -0.5251
    0.1559   -0.6555   -0.7389
   -0.8653    0.2701   -0.4222
...    62 A-T ...
 -138.4679  -81.4926   60.0979
    0.6209    0.1994   -0.7581
   -0.1824   -0.9038   -0.3872
   -0.7624    0.3787   -0.5248
...    63 T-A ...
 -140.6277  -79.6312   58.5023
    0.4688   -0.2822   -0.8370
   -0.4858   -0.8738    0.0225
   -0.7377    0.3961   -0.5468
...    64 G-C ...
 -143.0064  -78.6065   56.4198
    0.1659   -0.7580   -0.6308
   -0.7203   -0.5300    0.4475
   -0.6735    0.3802   -0.6339
...    65 T-A ...
 -144.7165  -77.2003   53.9279
   -0.2427   -0.9210   -0.3046
   -0.7159   -0.0418    0.6969
   -0.6546    0.3872   -0.6493
...    66 T-A ...
 -146.5529  -75.9158   51.5467
   -0.6648   -0.7389    0.1093
   -0.4317    0.4996    0.7510
   -0.6096    0.4521   -0.6511
...    67 A-T ...
 -148.5242  -73.7575   49.7696
   -0.8429   -0.1704    0.5104
    0.1502    0.8364    0.5272
   -0.5168    0.5210   -0.6794
...    68 T-A ...
 -150.4022  -72.6381   47.2798
   -0.6569    0.2925    0.6949
    0.5739    0.7917    0.2093
   -0.4890    0.5363   -0.6880
...    69 A-T ...
 -151.8806  -70.7479   44.9673
   -0.1595    0.6653    0.7293
    0.8643    0.4510   -0.2225
   -0.4770    0.5949   -0.6470
...    70 A-T ...
 -153.5886  -68.8397   43.0050
    0.3697    0.7713    0.5181
    0.8136    0.0006   -0.5814
   -0.4487    0.6365   -0.6273
...    71 C-G ...
 -155.3961  -66.6184   41.4711
    0.7646    0.6118    0.2026
    0.5100   -0.3822   -0.7706
   -0.3941    0.6925   -0.6042
...    72 G-C ...
 -156.3119  -64.2084   39.3538
    0.9771    0.1771   -0.1183
    0.0110   -0.5965   -0.8025
   -0.2127    0.7828   -0.5848
...    73 G-C ...
 -156.4487  -61.2984   37.6462
    0.8551   -0.2570   -0.4502
   -0.5135   -0.5390   -0.6677
   -0.0710    0.8021   -0.5929
...    74 A-T ...
 -156.3581  -58.6962   35.6540
    0.3978   -0.5521   -0.7328
   -0.9175   -0.2426   -0.3153
   -0.0037    0.7977   -0.6030
...    75 C-G ...
 -155.6498  -56.0889   33.6971
   -0.1439   -0.6017   -0.7856
   -0.9890    0.1144    0.0935
    0.0337    0.7905   -0.6116
...    76 G-C ...
 -155.9952  -53.4977   31.6010
   -0.6882   -0.4505   -0.5687
   -0.7234    0.4863    0.4901
    0.0558    0.7487   -0.6605
...    77 A-T ...
 -155.6740  -51.0800   29.3687
   -0.9841   -0.0465   -0.1714
   -0.1597    0.6535    0.7399
    0.0776    0.7555   -0.6505
...    78 G-C ...
 -155.3815  -48.7584   27.0007
   -0.9158    0.2974    0.2698
    0.3958    0.5551    0.7316
    0.0678    0.7768   -0.6261
...    79 C-G ...
 -155.2695  -46.4053   24.6493
   -0.5493    0.5229    0.6519
    0.8326    0.2753    0.4807
    0.0719    0.8067   -0.5865
...    80 T-A ...
 -155.3148  -43.7188   22.7198
   -0.0384    0.5244    0.8506
    0.9955   -0.0538    0.0781
    0.0867    0.8498   -0.5200
...    81 C-G ...
 -155.0907  -40.9255   21.0543
    0.5323    0.3303    0.7795
    0.8359   -0.3505   -0.4224
    0.1337    0.8764   -0.4626
...    82 G-C ...
 -154.2991  -38.0533   19.5479
    0.8564   -0.0716    0.5113
    0.4329   -0.4400   -0.7868
    0.2813    0.8951   -0.3459
...    83 G-C ...
 -153.1049  -34.9628   18.9259
    0.9121   -0.4049    0.0650
   -0.0595   -0.2875   -0.9559
    0.4057    0.8680   -0.2863
...    84 G-C ...
 -151.2288  -32.2006   18.3663
    0.6936   -0.5851   -0.4201
   -0.4985    0.0310   -0.8663
    0.5200    0.8103   -0.2702
...    85 A-T ...
 -149.2870  -29.7010   17.4911
    0.2554   -0.4783   -0.8402
   -0.7848    0.4050   -0.4691
    0.5647    0.7792   -0.2719
...    86 T-A ...
 -146.8656  -27.5529   16.8024
   -0.1698   -0.1895   -0.9671
   -0.7987    0.6013    0.0224
    0.5773    0.7762   -0.2534
...    87 C-G ...
 -144.8844  -25.1007   15.8473
   -0.6067    0.2147   -0.7654
   -0.5311    0.6070    0.5912
    0.5915    0.7652   -0.2542
...    88 C-G ...
 -142.8282  -22.6546   14.7438
   -0.8232    0.4823   -0.2995
   -0.1020    0.3933    0.9137
    0.5585    0.7828   -0.2746
...    89 G-C ...
 -140.8549  -19.9786   14.3401
   -0.7753    0.5601    0.2918
    0.3752    0.0369    0.9262
    0.5080    0.8276   -0.2388
...    90 C-G ...
 -139.3481  -17.2496   13.2122
   -0.4684    0.4520    0.7592
    0.7277   -0.2899    0.6216
    0.5010    0.8436   -0.1931
...    91 T-A ...
 -137.9746  -14.3116   12.5847
   -0.0615    0.1695    0.9836
    0.8632   -0.4856    0.1377
    0.5010    0.8576   -0.1165
...    92 T-A ...
 -136.5449  -11.4304   12.2805
    0.4060   -0.1642    0.8990
    0.7507   -0.5011   -0.4305
    0.5212    0.8497   -0.0802
...    93 T-A ...
 -134.9688   -8.6141   12.2389
    0.7257   -0.4549    0.5161
    0.4078   -0.3198   -0.8552
    0.5542    0.8311   -0.0466
...    94 A-T ...
 -132.9442   -5.9774   12.5085
    0.7366   -0.6760   -0.0189
   -0.0100    0.0171   -0.9998
    0.6762    0.7367    0.0058
...    95 A-T ...
 -130.6309   -3.7302   12.7866
    0.5907   -0.5683   -0.5729
   -0.4022    0.4082   -0.8195
    0.6995    0.7145    0.0126
...    96 C-G ...
 -127.9468   -1.8318   13.2086
    0.2777   -0.2938   -0.9146
   -0.6281    0.6648   -0.4043
    0.7268    0.6868    0.0001
...    97 A-T ...
 -125.5869    0.5031   13.0679
   -0.1823    0.0848   -0.9796
   -0.6392    0.7468    0.1836
    0.7471    0.6596   -0.0819
...    98 C-G ...
 -122.7713    2.2011   12.4992
   -0.4958    0.4610   -0.7360
   -0.4376    0.5995    0.6702
    0.7502    0.6543   -0.0955
...    99 T-A ...
 -120.2377    4.2500   11.8584
   -0.6758    0.6885   -0.2634
   -0.0961    0.2720    0.9575
    0.7308    0.6724   -0.1176
...   100 T-A ...
 -117.8366    6.3440   11.1890
   -0.5880    0.7373    0.3328
    0.2979   -0.1851    0.9365
    0.7520    0.6498   -0.1108
...   101 T-A ...
 -115.4914    8.5108   10.5859
   -0.3056    0.5044    0.8076
    0.5679   -0.5843    0.5798
    0.7643    0.6358   -0.1079
...   102 A-T ...
 -112.8598   10.5443   10.3492
    0.0371    0.0207    0.9991
    0.6404   -0.7680   -0.0079
    0.7671    0.6401   -0.0417
...   103 T-A ...
 -110.7945   13.0918   10.4356
    0.3377   -0.3792    0.8615
    0.5343   -0.6763   -0.5071
    0.7749    0.6315   -0.0258
...   104 G-C ...
 -108.0516   14.9969   10.5269
    0.4711   -0.7672    0.4353
    0.2841   -0.3353   -0.8983
    0.8351    0.5468    0.0600
...   105 C-G ...
 -105.3193   16.7110   11.2396
    0.4970   -0.8594   -0.1200
    0.0064    0.1420   -0.9899
    0.8677    0.4912    0.0761
...   106 T-A ...
 -102.3372   18.0357   11.7927
    0.3633   -0.6932   -0.6225
   -0.2175    0.5866   -0.7801
    0.9059    0.4188    0.0623
...   107 T-A ...
  -99.3151   19.1565   12.1682
    0.1742   -0.2419   -0.9545
   -0.3744    0.8803   -0.2914
    0.9108    0.4081    0.0628
...   108 C-G ...
  -96.2671   20.3579   12.2571
   -0.1010    0.3098   -0.9454
   -0.3848    0.8642    0.3243
    0.9175    0.3965    0.0320
...   109 C-G ...
  -93.1045   21.5193   12.0377
   -0.3559    0.7028   -0.6160
   -0.2392    0.5687    0.7870
    0.9034    0.4274   -0.0343
...   110 G-C ...
  -90.2164   23.1993   12.2536
   -0.5034    0.8618   -0.0617
    0.0295    0.0885    0.9956
    0.8635    0.4994   -0.0700
...   111 G-C ...
  -87.3978   24.9804   11.7595
   -0.4634    0.7339    0.4967
    0.3125   -0.3892    0.8665
    0.8292    0.5567   -0.0490
...   112 C-G ...
  -84.8597   27.0741   11.3427
   -0.2486    0.3798    0.8911
    0.5179   -0.7253    0.4536
    0.8185    0.5742   -0.0164
...   113 T-A ...
  -82.3586   29.2484   11.3694
    0.0150   -0.0920    0.9956
    0.5800   -0.8104   -0.0836
    0.8145    0.5787    0.0412
...   114 C-G ...
  -79.7410   31.2041   11.6068
    0.3197   -0.5704    0.7566
    0.4643   -0.6017   -0.6499
    0.8260    0.5590    0.0724
...   115 G-C ...
  -76.8075   32.8050   11.6778
    0.4137   -0.8720    0.2618
    0.2317   -0.1773   -0.9565
    0.8804    0.4563    0.1287
...   116 T-A ...
  -73.9920   34.1720   12.7342
    0.4352   -0.8571   -0.2757
   -0.0114    0.3010   -0.9536
    0.9003    0.4181    0.1212
...   117 A-T ...
  -70.9087   35.3627   13.1635
    0.2600   -0.5752   -0.7756
   -0.2264    0.7445   -0.6281
    0.9387    0.3389    0.0633
...   118 T-A ...
  -67.6937   35.8449   13.6355
    0.0981   -0.1301   -0.9866
   -0.3197    0.9347   -0.1550
    0.9424    0.3307    0.0501
...   119 A-T ...
  -64.5496   36.9451   13.6747
   -0.1754    0.4092   -0.8954
   -0.2861    0.8491    0.4441
    0.9420    0.3340   -0.0319
...   120 A-T ...
  -61.4460   37.8366   13.3536
   -0.3059    0.8186   -0.4861
   -0.1277    0.4707    0.8730
    0.9435    0.3291   -0.0394
...   121 T-A ...
  -58.3735   38.7218   12.5551
   -0.3248    0.9455    0.0224
    0.0493   -0.0067    0.9988
    0.9445    0.3255   -0.0444
...   122 G-C ...
  -55.2798   39.9289   12.7018
   -0.3077    0.7432    0.5941
    0.2568   -0.5363    0.8040
    0.9162    0.4000   -0.0258
...   123 T-A ...
  -52.5054   41.7083   12.2668
   -0.1414    0.3449    0.9279
    0.3826   -0.8455    0.3726
    0.9130    0.4077   -0.0124
...   124 G-C ...
  -49.3960   42.8680   12.4396
    0.0337   -0.2329    0.9719
    0.4106   -0.8834   -0.2259
    0.9112    0.4067    0.0659
...   125 T-A ...
  -46.6568   44.6690   12.9967
    0.2216   -0.6698    0.7087
    0.3270   -0.6336   -0.7012
    0.9187    0.3871    0.0786
...   126 C-G ...
  -43.6650   45.9590   13.3738
    0.3369   -0.9275    0.1618
    0.1328   -0.1233   -0.9834
    0.9321    0.3529    0.0816
...   127 G-C ...
  -40.5158   47.0742   13.3230
    0.2269   -0.8831   -0.4107
   -0.0618    0.4078   -0.9110
    0.9720    0.2321    0.0379
...   128 A-T ...
  -37.3280   47.7381   13.5236
    0.0928   -0.5001   -0.8610
   -0.1742    0.8432   -0.5086
    0.9803    0.1972   -0.0089
...   129 C-G ...
  -34.0418   47.7400   13.6196
   -0.0591   -0.0064   -0.9982
   -0.1797    0.9837    0.0043
    0.9819    0.1797   -0.0593
...   130 C-G ...
  -30.7236   48.0212   13.1145
   -0.2461    0.4984   -0.8313
   -0.0807    0.8441    0.5301
    0.9659    0.1975   -0.1675
...   131 A-T ...
  -27.5564   48.8528   12.4975
   -0.3512    0.8592   -0.3720
    0.1236    0.4364    0.8912
    0.9281    0.2670   -0.2595
...   132 A-T ...
  -24.6346   49.6999   11.3643
   -0.2101    0.9573    0.1985
    0.3143   -0.1261    0.9409
    0.9258    0.2601   -0.2744
...   133 A-T ...
  -21.7523   50.6771   10.2140
    0.0345    0.7189    0.6942
    0.3811   -0.6516    0.6559
    0.9239    0.2419   -0.2965
...   134 T-A ...
  -19.0160   52.0246    8.9251
    0.2452    0.2905    0.9249
    0.3073   -0.9281    0.2101
    0.9195    0.2328   -0.3169
...   135 G-C ...
  -16.4638   53.8826    7.5155
    0.5339   -0.3333    0.7771
    0.0346   -0.9097   -0.4139
    0.8449    0.2479   -0.4741
...   136 T-A ...
  -14.1750   56.5548    6.1810
    0.5795   -0.7269    0.3685
   -0.3141   -0.6164   -0.7221
    0.7521    0.3026   -0.5855
...   137 G-C ...
  -11.6539   57.9994    4.7206
    0.2452   -0.9542   -0.1714
   -0.6323   -0.0234   -0.7744
    0.7349    0.2983   -0.6091
...   138 A-T ...
   -8.6759   58.7135    3.6026
   -0.0345   -0.7815   -0.6229
   -0.6536    0.4891   -0.5775
    0.7560    0.3872   -0.5277
...   139 G-C ...
   -6.3275   59.0729    1.6298
   -0.2969   -0.3279   -0.8968
   -0.5657    0.8171   -0.1114
    0.7693    0.4742   -0.4281
...   140 C-G ...
   -3.4370   60.2280    1.0289
   -0.4426    0.2287   -0.8671
   -0.1681    0.9286    0.3308
    0.8808    0.2922   -0.3725
...   141 G-C ...
   -0.6977   63.8913   -2.2508
   -0.9992    0.0157   -0.0376
   -0.0024    0.8991    0.4378
    0.0407    0.4375   -0.8983
...   142 C-G ...
   -1.0065   65.5990   -4.9399
   -0.8337    0.5216    0.1813
    0.5170    0.6219    0.5881
    0.1940    0.5841   -0.7882
...   143 T-A ...
   -0.1333   66.2086   -7.8194
   -0.3753    0.8566    0.3540
    0.8856    0.2187    0.4098
    0.2736    0.4673   -0.8407
...   144 C-G ...
   -0.1666   67.4022  -10.8065
    0.1797    0.8793    0.4411
    0.9277   -0.3007    0.2214
    0.3273    0.3694   -0.8697
...   145 A-T ...
    0.5266   69.2314  -13.4657
    0.7352    0.4964    0.4616
    0.6118   -0.7791   -0.1367
    0.2918    0.3829   -0.8765
...   146 C-G ...
    1.4337   72.0894  -15.6017
    0.9809    0.0621    0.1844
    0.1264   -0.9240   -0.3608
    0.1480    0.3772   -0.9142
...   147 A-T ...
    2.3047   74.2224  -18.3861
    0.8657   -0.4292   -0.2575
   -0.4984   -0.7868   -0.3642
   -0.0463    0.4436   -0.8950
