  147 base-pairs
...     1 A-T ...
    0.0000    0.0000    0.0000
    1.0000    0.0000    0.0000
    0.0000    1.0000    0.0000
    0.0000    0.0000    1.0000
...     2 G-C ...
   -0.1394   -1.2357    3.2268
    0.7529    0.6366    0.1670
   -0.6386    0.7680   -0.0486
   -0.1592   -0.0700    0.9848
...     3 T-A ...
   -0.0365   -3.2932    6.3751
    0.2722    0.9301    0.2466
   -0.9238    0.3243   -0.2033
   -0.2691   -0.1725    0.9475
...     4 G-C ...
   -0.3505   -4.1660    9.4928
   -0.3756    0.9250    0.0579
   -0.8781   -0.3352   -0.3415
   -0.2965   -0.1791    0.9381
...     5 A-T ...
   -0.4462   -4.1476   12.7498
   -0.8116    0.5840   -0.0165
   -0.5523   -0.7762   -0.3042
   -0.1905   -0.2378    0.9524
...     6 G-C ...
   -1.5908   -4.1730   15.6201
   -0.9976    0.0246   -0.0651
   -0.0043   -0.9555   -0.2950
   -0.0695   -0.2940    0.9533
...     7 C-G ...
   -1.1030   -4.4824   18.7362
   -0.8441   -0.5304   -0.0787
    0.5345   -0.8441   -0.0432
   -0.0435   -0.0785    0.9960
...     8 G-C ...
   -2.4028   -7.7290   23.1475
   -0.2754   -0.3293   -0.9032
    0.6650   -0.7437    0.0684
   -0.6942   -0.5818    0.4238
...     9 C-G ...
   -4.4690   -9.9728   24.1132
    0.1145   -0.7025   -0.7024
    0.8512   -0.2952    0.4340
   -0.5122   -0.6476    0.5642
...    10 T-A ...
   -6.7405  -10.8752   25.9697
    0.4841   -0.8363   -0.2574
    0.6595    0.1553    0.7355
   -0.5751   -0.5258    0.6267
...    11 C-G ...
   -9.1656  -12.6208   27.1640
    0.7073   -0.6682    0.2307
    0.3448    0.6110    0.7126
   -0.6171   -0.4245    0.6626
...    12 A-T ...
  -10.9234  -14.6633   29.0693
    0.7515   -0.1377    0.6452
   -0.2029    0.8824    0.4246
   -0.6277   -0.4500    0.6352
...    13 C-G ...
  -11.8476  -17.4863   31.2451
    0.4295    0.2823    0.8578
   -0.5708    0.8209    0.0156
   -0.6998   -0.4963    0.5137
...    14 A-T ...
  -13.5897  -19.7827   33.4259
   -0.1504    0.6104    0.7777
   -0.6874    0.5008   -0.5260
   -0.7106   -0.6136    0.3443
...    15 A-T ...
  -15.8090  -21.8107   34.6315
   -0.4836    0.8091    0.3339
   -0.4879    0.0676   -0.8703
   -0.7267   -0.5838    0.3620
...    16 T-A ...
  -17.9094  -23.6565   36.5418
   -0.6932    0.7013   -0.1664
   -0.1510   -0.3671   -0.9179
   -0.7048   -0.6111    0.3603
...    17 T-A ...
  -20.1853  -25.4435   38.1026
   -0.6773    0.3346   -0.6552
    0.2831   -0.7035   -0.6519
   -0.6790   -0.6270    0.3818
...    18 T-A ...
  -22.4884  -27.2511   39.4658
   -0.3992   -0.0964   -0.9118
    0.6047   -0.7752   -0.1828
   -0.6891   -0.6244    0.3678
...    19 A-T ...
  -24.6936  -29.4609   40.5640
    0.0468   -0.4574   -0.8880
    0.7112   -0.6090    0.3511
   -0.7014   -0.6480    0.2968
...    20 T-A ...
  -27.4639  -31.1751   41.1954
    0.3870   -0.7137   -0.5839
    0.5946   -0.2908    0.7496
   -0.7047   -0.6373    0.3119
...    21 T-A ...
  -29.9269  -33.2043   41.9310
    0.6496   -0.7573   -0.0666
    0.2747    0.1522    0.9494
   -0.7089   -0.6351    0.3069
...    22 C-G ...
  -32.2245  -35.3351   42.8781
    0.7140   -0.5139    0.4755
   -0.1532    0.5480    0.8224
   -0.6832   -0.6600    0.3125
...    23 G-C ...
  -34.5065  -37.2069   44.4870
    0.6038   -0.0334    0.7964
   -0.5422    0.7152    0.4410
   -0.5843   -0.6981    0.4138
...    24 C-G ...
  -36.1477  -39.7348   45.7312
    0.2711    0.3825    0.8833
   -0.7738    0.6324   -0.0363
   -0.5725   -0.6736    0.4674
...    25 A-T ...
  -38.2439  -41.7709   47.1939
   -0.1388    0.7225    0.6773
   -0.8010    0.3203   -0.5058
   -0.5824   -0.6127    0.5342
...    26 A-T ...
  -39.9950  -43.7383   49.1427
   -0.5481    0.7877    0.2811
   -0.5963   -0.1324   -0.7918
   -0.5865   -0.6016    0.5423
...    27 A-T ...
  -41.6719  -45.5663   51.2398
   -0.7903    0.5758   -0.2093
   -0.1828   -0.5476   -0.8166
   -0.5848   -0.6071    0.5380
...    28 G-C ...
  -43.7208  -47.1578   53.3778
   -0.7295    0.2539   -0.6351
    0.2302   -0.7833   -0.5775
   -0.6441   -0.5675    0.5129
...    29 G-C ...
  -46.2323  -48.7091   55.1502
   -0.4261   -0.1591   -0.8906
    0.5732   -0.8091   -0.1297
   -0.6999   -0.5658    0.4360
...    30 C-G ...
  -48.8553  -50.2336   56.3460
   -0.0136   -0.5294   -0.8483
    0.6909   -0.6183    0.3748
   -0.7228   -0.5809    0.3742
...    31 C-G ...
  -51.4989  -51.9539   57.4502
    0.4167   -0.7327   -0.5381
    0.5694   -0.2511    0.7828
   -0.7086   -0.6326    0.3126
...    32 G-C ...
  -53.3833  -54.0971   58.4983
    0.7064   -0.6991   -0.1103
    0.2565    0.1077    0.9605
   -0.6597   -0.7068    0.2554
...    33 G-C ...
  -55.2015  -56.8885   59.0684
    0.7612   -0.4978    0.4156
   -0.1974    0.4326    0.8797
   -0.6177   -0.7517    0.2311
...    34 C-G ...
  -56.9676  -59.5790   59.6023
    0.5524   -0.1602    0.8180
   -0.5870    0.6220    0.5182
   -0.5918   -0.7665    0.2496
...    35 C-G ...
  -58.5719  -62.4002   60.6017
    0.1647    0.2379    0.9572
   -0.8008    0.5989   -0.0111
   -0.5759   -0.7647    0.2891
...    36 C-G ...
  -60.2178  -65.1002   61.7178
   -0.2564    0.5579    0.7893
   -0.7716    0.3736   -0.5147
   -0.5821   -0.7411    0.3347
...    37 G-C ...
  -62.5261  -67.4610   62.1575
   -0.5672    0.7401    0.3614
   -0.5059    0.0332   -0.8619
   -0.6499   -0.6717    0.3556
...    38 A-T ...
  -64.4265  -69.6947   63.2607
   -0.7384    0.6442   -0.1992
   -0.0734   -0.3704   -0.9260
   -0.6703   -0.6691    0.3208
...    39 C-G ...
  -66.7562  -71.4162   64.5845
   -0.6264    0.4210   -0.6561
    0.2956   -0.6505   -0.6996
   -0.7213   -0.6321    0.2830
...    40 A-T ...
  -69.3251  -73.3131   65.4667
   -0.2753    0.0968   -0.9565
    0.5505   -0.7998   -0.2394
   -0.7882   -0.5924    0.1669
...    41 C-G ...
  -72.2175  -74.8151   65.6743
    0.0844   -0.2699   -0.9592
    0.5923   -0.7605    0.2661
   -0.8013   -0.5906    0.0957
...    42 G-C ...
  -74.5874  -77.1177   65.9687
    0.4583   -0.6089   -0.6475
    0.3787   -0.5252    0.7620
   -0.8041   -0.5944   -0.0101
...    43 A-T ...
  -77.1458  -78.9827   65.8612
    0.5880   -0.8043   -0.0854
    0.0387   -0.0774    0.9962
   -0.8079   -0.5891   -0.0144
...    44 C-G ...
  -79.6565  -81.0334   65.1340
    0.5401   -0.7143    0.4450
   -0.2889    0.3393    0.8952
   -0.7905   -0.6121   -0.0231
...    45 T-A ...
  -82.0568  -83.7203   64.5325
    0.2844   -0.4280    0.8579
   -0.5287    0.6764    0.5128
   -0.7997   -0.5994   -0.0339
...    46 T-A ...
  -84.3764  -85.9875   64.0852
   -0.0510   -0.0583    0.9970
   -0.5749    0.8180    0.0185
   -0.8167   -0.5722   -0.0752
...    47 A-T ...
  -87.0540  -87.9238   63.9161
   -0.2967    0.4485    0.8431
   -0.4485    0.7140   -0.5376
   -0.8431   -0.5377   -0.0107
...    48 C-G ...
  -89.5107  -90.0709   64.3262
   -0.4447    0.7752    0.4487
   -0.2268    0.3872   -0.8937
   -0.8665   -0.4992    0.0036
...    49 T-A ...
  -92.3707  -91.7205   64.8466
   -0.4109    0.9091   -0.0687
    0.0086   -0.0715   -0.9974
   -0.9116   -0.4104    0.0215
...    50 G-C ...
  -95.6478  -92.6732   64.9439
   -0.1647    0.7986   -0.5789
    0.1852   -0.5515   -0.8134
   -0.9688   -0.2412   -0.0571
...    51 T-A ...
  -98.8156  -92.9663   65.1056
    0.0303    0.4807   -0.8764
    0.2176   -0.8589   -0.4636
   -0.9756   -0.1766   -0.1306
...    52 A-T ...
 -102.0675  -92.5682   64.3674
    0.3431    0.0372   -0.9386
    0.0899   -0.9959   -0.0066
   -0.9350   -0.0821   -0.3451
...    53 G-C ...
 -105.0352  -92.3485   63.1554
    0.4212   -0.4367   -0.7949
   -0.1413   -0.8973    0.4181
   -0.8959   -0.0638   -0.4397
...    54 G-C ...
 -107.9025  -91.9393   60.8948
    0.3271   -0.8408   -0.4313
   -0.3845   -0.5353    0.7520
   -0.8632   -0.0802   -0.4985
...    55 T-A ...
 -110.4289  -92.1767   58.7794
    0.0628   -0.9980    0.0048
   -0.5147   -0.0283    0.8569
   -0.8551   -0.0562   -0.5154
...    56 A-T ...
 -113.0659  -92.4772   56.6949
   -0.2631   -0.8258    0.4988
   -0.4598    0.5619    0.6877
   -0.8481   -0.0484   -0.5276
...    57 T-A ...
 -115.4792  -93.1207   54.5101
   -0.4965   -0.4294    0.7544
   -0.2412    0.9031    0.3553
   -0.8338   -0.0056   -0.5520
...    58 C-G ...
 -118.2792  -93.4570   52.6818
   -0.5446    0.2066    0.8128
    0.1403    0.9780   -0.1546
   -0.8269    0.0299   -0.5616
...    59 T-A ...
 -121.1918  -93.5393   51.0596
   -0.3306    0.6708    0.6639
    0.4052    0.7362   -0.5421
   -0.8524    0.0898   -0.5152
...    60 C-G ...
 -124.1227  -93.2562   49.4522
    0.0141    0.9548    0.2968
    0.5205    0.2464   -0.8175
   -0.8537    0.1660   -0.4935
...    61 G-C ...
 -126.6677  -92.2728   47.6160
    0.4845    0.8741    0.0350
    0.4190   -0.1967   -0.8864
   -0.7679    0.4442   -0.4615
...    62 A-T ...
 -129.1659  -90.6981   46.1374
    0.7059    0.5837   -0.4012
    0.0810   -0.6293   -0.7729
   -0.7036    0.5131   -0.4915
...    63 G-C ...
 -131.2006  -88.5192   44.6553
    0.7110    0.1460   -0.6879
   -0.3188   -0.8050   -0.5004
   -0.6268    0.5750   -0.5258
...    64 C-G ...
 -132.8795  -86.1464   42.8890
    0.4270   -0.3604   -0.8293
   -0.6941   -0.7185   -0.0452
   -0.5796    0.5949   -0.5569
...    65 T-A ...
 -134.5459  -84.0280   41.0240
   -0.0001   -0.6847   -0.7288
   -0.8421   -0.3930    0.3693
   -0.5393    0.6138   -0.5766
...    66 C-G ...
 -136.5132  -82.2557   39.1153
   -0.5007   -0.7799   -0.3754
   -0.7047    0.1154    0.7001
   -0.5027    0.6151   -0.6074
...    67 G-C ...
 -138.8377  -79.9316   37.9046
   -0.8024   -0.5880    0.1020
   -0.3017    0.5472    0.7807
   -0.5149    0.5957   -0.6165
...    68 G-C ...
 -140.3882  -77.9020   35.7446
   -0.8093   -0.2211    0.5442
    0.2182    0.7469    0.6281
   -0.5453    0.6271   -0.5562
...    69 G-C ...
 -142.2367  -75.9661   33.7423
   -0.5097    0.1416    0.8486
    0.6172    0.7473    0.2461
   -0.5994    0.6492   -0.4683
...    70 A-T ...
 -144.3677  -73.9812   32.1774
   -0.0305    0.5164    0.8558
    0.8044    0.5209   -0.2856
   -0.5933    0.6798   -0.4312
...    71 T-A ...
 -146.7661  -71.9763   31.1547
    0.4082    0.6757    0.6139
    0.7078    0.1905   -0.6803
   -0.5766    0.7122   -0.4005
...    72 C-G ...
 -148.6725  -69.5372   30.1027
    0.7756    0.6138    0.1476
    0.3414   -0.2111   -0.9159
   -0.5310    0.7607   -0.3733
...    73 C-G ...
 -150.4143  -66.9580   29.0901
    0.9093    0.3107   -0.2767
   -0.1052   -0.4718   -0.8754
   -0.4026    0.8252   -0.3963
...    74 G-C ...
 -151.5574  -64.3810   27.3719
    0.7704   -0.1133   -0.6275
   -0.5894   -0.5019   -0.6330
   -0.2432    0.8575   -0.4534
...    75 C-G ...
 -151.7701  -61.2535   25.8850
    0.2997   -0.3892   -0.8711
   -0.9326   -0.3121   -0.1814
   -0.2013    0.8667   -0.4565
...    76 T-A ...
 -151.8772  -58.3933   23.8852
   -0.2824   -0.4838   -0.8284
   -0.9510    0.0276    0.3081
   -0.1262    0.8748   -0.4678
...    77 T-A ...
 -151.9006  -55.5938   22.1936
   -0.7939   -0.3107   -0.5226
   -0.6037    0.3015    0.7380
   -0.0718    0.9014   -0.4270
...    78 T-A ...
 -151.8516  -52.7638   20.5358
   -0.9993   -0.0260   -0.0272
   -0.0354    0.4022    0.9149
   -0.0129    0.9152   -0.4028
...    79 A-T ...
 -151.4649  -49.5422   19.7940
   -0.8206    0.2686    0.5044
    0.5688    0.2983    0.7664
    0.0554    0.9159   -0.3976
...    80 A-T ...
 -151.3959  -46.6595   18.4476
   -0.3781    0.3654    0.8506
    0.9229    0.0764    0.3774
    0.0729    0.9277   -0.3661
...    81 C-G ...
 -151.7847  -43.5855   17.1977
    0.1516    0.3138    0.9373
    0.9842   -0.1356   -0.1138
    0.0913    0.9397   -0.3294
...    82 A-T ...
 -151.5159  -40.3848   16.3113
    0.6510    0.0655    0.7563
    0.7426   -0.2619   -0.6165
    0.1576    0.9629   -0.2191
...    83 C-G ...
 -151.1317  -37.0706   16.2803
    0.9299   -0.1254    0.3459
    0.3106   -0.2362   -0.9207
    0.1972    0.9636   -0.1807
...    84 T-A ...
 -150.4272  -33.7684   16.4801
    0.9272   -0.3348   -0.1678
   -0.2031   -0.0729   -0.9765
    0.3147    0.9395   -0.1355
...    85 C-G ...
 -148.9047  -30.9089   15.9915
    0.6418   -0.3647   -0.6746
   -0.6583    0.1892   -0.7286
    0.3934    0.9117   -0.1186
...    86 A-T ...
 -147.1652  -27.9674   15.9422
    0.1616   -0.2990   -0.9405
   -0.8491    0.4436   -0.2869
    0.5030    0.8449   -0.1822
...    87 T-A ...
 -145.0887  -25.5124   15.3497
   -0.2967   -0.0489   -0.9537
   -0.8089    0.5436    0.2238
    0.5075    0.8379   -0.2008
...    88 G-C ...
 -143.1955  -22.7887   14.5807
   -0.7359    0.2667   -0.6223
   -0.4705    0.4595    0.7533
    0.4869    0.8472   -0.2127
...    89 T-A ...
 -141.3435  -20.2285   13.3724
   -0.8653    0.4884   -0.1131
   -0.0020    0.2224    0.9750
    0.5013    0.8438   -0.1915
...    90 T-A ...
 -139.7588  -17.5675   12.5702
   -0.7133    0.5294    0.4593
    0.4822   -0.1048    0.8698
    0.5085    0.8419   -0.1805
...    91 A-T ...
 -137.8552  -14.8113   12.2368
   -0.3071    0.3241    0.8948
    0.8043   -0.4141    0.4261
    0.5086    0.8506   -0.1335
...    92 T-A ...
 -136.8466  -11.7711   11.7071
    0.1337    0.0659    0.9888
    0.8444   -0.5298   -0.0788
    0.5187    0.8455   -0.1265
...    93 A-T ...
 -134.9565   -9.0580   11.3750
    0.5358   -0.3233    0.7800
    0.6383   -0.4496   -0.6248
    0.5527    0.8327   -0.0345
...    94 A-T ...
 -133.2414   -6.4066   11.5225
    0.7640   -0.5609    0.3190
    0.2593   -0.1859   -0.9477
    0.5909    0.8068    0.0034
...    95 C-G ...
 -131.2070   -3.7853   12.3166
    0.7670   -0.5933   -0.2443
   -0.1864    0.1582   -0.9696
    0.6140    0.7892    0.0108
...    96 G-C ...
 -129.0356   -1.3671   11.9265
    0.4637   -0.4837   -0.7423
   -0.5344    0.5156   -0.6698
    0.7067    0.7072   -0.0194
...    97 G-C ...
 -126.4412    0.6369   11.5764
    0.0447   -0.2055   -0.9776
   -0.6512    0.7361   -0.1845
    0.7576    0.6449   -0.1009
...    98 A-T ...
 -123.7125    2.5556   11.2689
   -0.3517    0.2854   -0.8916
   -0.5401    0.7160    0.4422
    0.7646    0.6371   -0.0977
...    99 T-A ...
 -120.8580    4.1422   10.4735
   -0.5625    0.6249   -0.5414
   -0.2902    0.4639    0.8370
    0.7742    0.6279   -0.0796
...   100 T-A ...
 -118.2338    6.0153    9.8605
   -0.5830    0.8104    0.0576
    0.0851   -0.0097    0.9963
    0.8080    0.5858   -0.0633
...   101 T-A ...
 -115.6336    7.9386    9.3921
   -0.4180    0.6645    0.6194
    0.3949   -0.4812    0.7826
    0.8182    0.5717   -0.0612
...   102 A-T ...
 -112.7259    9.6715    9.4128
   -0.1139    0.2142    0.9701
    0.5588   -0.7936    0.2408
    0.8215    0.5695   -0.0293
...   103 T-A ...
 -110.5355   12.0622    9.4423
    0.1244   -0.2154    0.9686
    0.5488   -0.7983   -0.2481
    0.8266    0.5624    0.0189
...   104 G-C ...
 -107.8625   14.0231    9.8098
    0.3449   -0.7096    0.6145
    0.3940   -0.4847   -0.7809
    0.8519    0.5114    0.1124
...   105 C-G ...
 -105.0760   15.5139   10.6853
    0.4501   -0.8891    0.0833
    0.1440   -0.0198   -0.9894
    0.8813    0.4573    0.1191
...   106 T-A ...
 -101.9305   16.7092   11.5399
    0.4278   -0.7545   -0.4977
   -0.0929    0.5110   -0.8546
    0.8991    0.4118    0.1485
...   107 T-A ...
  -98.9728   17.7965   12.1439
    0.2624   -0.3567   -0.8966
   -0.2903    0.8570   -0.4259
    0.9203    0.3720    0.1214
...   108 C-G ...
  -95.7983   18.7886   12.4463
    0.0156    0.2029   -0.9791
   -0.3714    0.9103    0.1827
    0.9284    0.3607    0.0896
...   109 C-G ...
  -92.6878   19.8565   12.6158
   -0.2723    0.6162   -0.7390
   -0.3052    0.6731    0.6737
    0.9125    0.4090    0.0048
...   110 G-C ...
  -90.0069   21.3785   12.8296
   -0.4720    0.8357   -0.2808
   -0.0934    0.2693    0.9585
    0.8766    0.4786   -0.0490
...   111 G-C ...
  -87.2691   23.2921   12.4020
   -0.4919    0.8152    0.3059
    0.2089   -0.2306    0.9504
    0.8452    0.5314   -0.0569
...   112 C-G ...
  -84.7482   25.4345   11.8506
   -0.3248    0.5294    0.7837
    0.4520   -0.6410    0.6203
    0.8308    0.5557   -0.0311
...   113 T-A ...
  -82.1197   27.4540   11.7111
   -0.0660    0.0870    0.9940
    0.5644   -0.8183    0.1091
    0.8229    0.5682    0.0049
...   114 C-G ...
  -79.3423   29.2830   11.8366
    0.2522   -0.4281    0.8678
    0.5105   -0.7030   -0.4951
    0.8221    0.5679    0.0412
...   115 G-C ...
  -76.3847   30.8104   11.6714
    0.4337   -0.8031    0.4085
    0.2719   -0.3156   -0.9091
    0.8591    0.5053    0.0815
...   116 T-A ...
  -73.5323   32.2186   12.6819
    0.4645   -0.8731   -0.1479
    0.0005    0.1672   -0.9859
    0.8856    0.4579    0.0781
...   117 A-T ...
  -70.3800   33.3912   13.4016
    0.2967   -0.6592   -0.6910
   -0.2339    0.6513   -0.7218
    0.9259    0.3758    0.0391
...   118 T-A ...
  -67.2206   34.0054   13.9151
    0.1387   -0.2388   -0.9611
   -0.3491    0.8964   -0.2731
    0.9268    0.3734    0.0410
...   119 A-T ...
  -64.1723   35.4418   14.0231
   -0.1319    0.3350   -0.9329
   -0.3368    0.8700    0.3600
    0.9323    0.3617   -0.0020
...   120 A-T ...
  -61.0721   36.3661   13.7858
   -0.3197    0.7616   -0.5637
   -0.1884    0.5319    0.8256
    0.9286    0.3701   -0.0266
...   121 T-A ...
  -57.9706   37.3614   13.0436
   -0.3629    0.9306   -0.0484
    0.0131    0.0570    0.9983
    0.9317    0.3616   -0.0328
...   122 G-C ...
  -54.8282   38.7055   12.7877
   -0.3340    0.7565    0.5623
    0.2405   -0.5083    0.8269
    0.9114    0.4114   -0.0122
...   123 T-A ...
  -52.0327   40.4168   12.4471
   -0.1650    0.3900    0.9059
    0.3790   -0.8229    0.4233
    0.9106    0.4132   -0.0121
...   124 G-C ...
  -49.0106   41.8726   12.4550
    0.0396   -0.1909    0.9808
    0.4257   -0.8848   -0.1894
    0.9040    0.4250    0.0462
...   125 T-A ...
  -46.3405   43.6515   12.7951
    0.2207   -0.6414    0.7348
    0.3425   -0.6544   -0.6741
    0.9132    0.4004    0.0752
...   126 C-G ...
  -43.4414   44.9214   13.1179
    0.3802   -0.9039    0.1960
    0.1490   -0.1493   -0.9775
    0.9128    0.4009    0.0779
...   127 G-C ...
  -40.3354   46.0600   12.8549
    0.2336   -0.9095   -0.3437
   -0.0459    0.3428   -0.9383
    0.9712    0.2350    0.0383
...   128 A-T ...
  -37.2884   46.8814   13.0748
    0.1467   -0.5427   -0.8270
   -0.1917    0.8046   -0.5620
    0.9704    0.2410    0.0140
...   129 C-G ...
  -34.0097   46.9262   13.4266
   -0.0272   -0.0487   -0.9984
   -0.2239    0.9737   -0.0414
    0.9742    0.2224   -0.0373
...   130 C-G ...
  -30.6589   47.2006   12.7926
   -0.2530    0.4381   -0.8626
   -0.1259    0.8691    0.4783
    0.9592    0.2296   -0.1648
...   131 A-T ...
  -27.5883   48.5829   12.5047
   -0.3762    0.8292   -0.4135
    0.0827    0.4745    0.8764
    0.9228    0.2955   -0.2471
...   132 A-T ...
  -24.6458   49.6162   11.4676
   -0.2541    0.9528    0.1659
    0.2998   -0.0855    0.9502
    0.9195    0.2912   -0.2639
...   133 A-T ...
  -21.7858   50.6452   10.2277
    0.0255    0.7302    0.6827
    0.3806   -0.6386    0.6688
    0.9244    0.2428   -0.2942
...   134 T-A ...
  -19.0160   52.0245    8.9250
    0.2452    0.2905    0.9249
    0.3073   -0.9281    0.2101
    0.9195    0.2328   -0.3169
...   135 G-C ...
  -16.4638   53.8825    7.5153
    0.5339   -0.3333    0.7771
    0.0346   -0.9097   -0.4139
    0.8449    0.2479   -0.4741
...   136 T-A ...
  -14.1750   56.5547    6.1808
    0.5795   -0.7269    0.3685
   -0.3141   -0.6164   -0.7221
    0.7521    0.3026   -0.5855
...   137 G-C ...
  -11.6539   57.9993    4.7205
    0.2452   -0.9542   -0.1714
   -0.6323   -0.0234   -0.7744
    0.7349    0.2983   -0.6091
...   138 A-T ...
   -8.6759   58.7134    3.6025
   -0.0345   -0.7815   -0.6229
   -0.6536    0.4891   -0.5775
    0.7560    0.3872   -0.5277
...   139 G-C ...
   -6.3275   59.0728    1.6297
   -0.2969   -0.3279   -0.8968
   -0.5657    0.8171   -0.1114
    0.7693    0.4742   -0.4281
...   140 C-G ...
   -3.4369   60.2279    1.0288
   -0.4426    0.2287   -0.8671
   -0.1681    0.9286    0.3308
    0.8808    0.2922   -0.3725
...   141 G-C ...
   -0.6977   63.8912   -2.2509
   -0.9992    0.0157   -0.0376
   -0.0024    0.8991    0.4378
    0.0407    0.4375   -0.8983
...   142 C-G ...
   -1.0065   65.5989   -4.9400
   -0.8337    0.5216    0.1813
    0.5170    0.6219    0.5881
    0.1940    0.5841   -0.7882
...   143 T-A ...
   -0.1333   66.2085   -7.8195
   -0.3753    0.8566    0.3540
    0.8856    0.2187    0.4098
    0.2736    0.4673   -0.8407
...   144 C-G ...
   -0.1666   67.4021  -10.8067
    0.1797    0.8793    0.4411
    0.9277   -0.3007    0.2214
    0.3273    0.3694   -0.8697
...   145 A-T ...
    0.5266   69.2313  -13.4658
    0.7352    0.4964    0.4616
    0.6118   -0.7791   -0.1367
    0.2918    0.3829   -0.8765
...   146 C-G ...
    1.4338   72.0893  -15.6018
    0.9809    0.0621    0.1844
    0.1264   -0.9240   -0.3608
    0.1480    0.3772   -0.9142
...   147 A-T ...
    2.3047   74.2223  -18.3862
    0.8657   -0.4292   -0.2575
   -0.4984   -0.7868   -0.3642
   -0.0463    0.4436   -0.8950
