  147 base-pairs
...     1 A-T ...
    0.0000    0.0000    0.0000
    1.0000    0.0000    0.0000
    0.0000    1.0000    0.0000
    0.0000    0.0000    1.0000
...     2 G-C ...
   -0.1394   -1.2357    3.2268
    0.7529    0.6366    0.1670
   -0.6386    0.7680   -0.0486
   -0.1592   -0.0700    0.9848
...     3 T-A ...
   -0.0365   -3.2932    6.3751
    0.2722    0.9301    0.2466
   -0.9238    0.3243   -0.2033
   -0.2691   -0.1725    0.9475
...     4 G-C ...
   -0.3505   -4.1660    9.4928
   -0.3756    0.9250    0.0579
   -0.8781   -0.3352   -0.3415
   -0.2965   -0.1791    0.9381
...     5 A-T ...
   -0.4462   -4.1476   12.7498
   -0.8116    0.5840   -0.0165
   -0.5523   -0.7762   -0.3042
   -0.1905   -0.2378    0.9524
...     6 G-C ...
   -1.5908   -4.1730   15.6201
   -0.9976    0.0246   -0.0651
   -0.0043   -0.9555   -0.2950
   -0.0695   -0.2940    0.9533
...     7 C-G ...
   -1.1030   -4.4824   18.7362
   -0.8441   -0.5304   -0.0787
    0.5345   -0.8441   -0.0432
   -0.0435   -0.0785    0.9960
...     8 G-C ...
   -2.4028   -7.7290   23.1475
   -0.2754   -0.3293   -0.9032
    0.6650   -0.7437    0.0684
   -0.6942   -0.5818    0.4238
...     9 C-G ...
   -4.4690   -9.9728   24.1132
    0.1145   -0.7025   -0.7024
    0.8512   -0.2952    0.4340
   -0.5122   -0.6476    0.5642
...    10 T-A ...
   -6.7405  -10.8752   25.9697
    0.4841   -0.8363   -0.2574
    0.6595    0.1553    0.7355
   -0.5751   -0.5258    0.6267
...    11 C-G ...
   -9.1656  -12.6208   27.1640
    0.7073   -0.6682    0.2307
    0.3448    0.6110    0.7126
   -0.6171   -0.4245    0.6626
...    12 A-T ...
  -10.9234  -14.6633   29.0693
    0.7515   -0.1377    0.6452
   -0.2029    0.8824    0.4246
   -0.6277   -0.4500    0.6352
...    13 C-G ...
  -11.8476  -17.4863   31.2451
    0.4295    0.2823    0.8578
   -0.5708    0.8209    0.0156
   -0.6998   -0.4963    0.5137
...    14 A-T ...
  -13.5897  -19.7827   33.4259
   -0.1504    0.6104    0.7777
   -0.6874    0.5008   -0.5260
   -0.7106   -0.6136    0.3443
...    15 A-T ...
  -15.8119  -21.8002   34.6504
   -0.4874    0.8079    0.3314
   -0.4890    0.0619   -0.8701
   -0.7234   -0.5861    0.3649
...    16 T-A ...
  -17.9021  -23.6513   36.5718
   -0.6987    0.6949   -0.1698
   -0.1489   -0.3734   -0.9156
   -0.6997   -0.6145    0.3644
...    17 T-A ...
  -20.1575  -25.4488   38.1475
   -0.6823    0.3220   -0.6563
    0.2898   -0.7051   -0.6472
   -0.6712   -0.6318    0.3878
...    18 T-A ...
  -22.4355  -27.2709   39.5502
   -0.4029   -0.1174   -0.9077
    0.6173   -0.7670   -0.1748
   -0.6757   -0.6308    0.3815
...    19 A-T ...
  -24.5708  -29.5270   40.7344
    0.0521   -0.4874   -0.8716
    0.7282   -0.5787    0.3671
   -0.6834   -0.6539    0.3248
...    20 T-A ...
  -27.2911  -31.2878   41.4537
    0.4022   -0.7254   -0.5586
    0.6070   -0.2455    0.7559
   -0.6854   -0.6431    0.3416
...    21 T-A ...
  -29.6896  -33.3512   42.2941
    0.6714   -0.7400   -0.0411
    0.2764    0.1986    0.9403
   -0.6876   -0.6426    0.3379
...    22 C-G ...
  -31.9131  -35.5086   43.3552
    0.7334   -0.4702    0.4909
   -0.1654    0.5770    0.7998
   -0.6594   -0.6677    0.3454
...    23 G-C ...
  -34.1118  -37.3962   45.0727
    0.6113    0.0231    0.7911
   -0.5644    0.7134    0.4154
   -0.5547   -0.7004    0.4491
...    24 C-G ...
  -35.6439  -39.9275   46.4470
    0.2633    0.4305    0.8633
   -0.7978    0.6003   -0.0560
   -0.5424   -0.6741    0.5015
...    25 A-T ...
  -37.6605  -41.9640   48.0341
   -0.1669    0.7454    0.6453
   -0.8175    0.2613   -0.5133
   -0.5513   -0.6132    0.5658
...    26 A-T ...
  -39.3126  -43.9158   50.0858
   -0.5849    0.7722    0.2481
   -0.5924   -0.1978   -0.7810
   -0.5540   -0.6038    0.5732
...    27 A-T ...
  -40.8889  -45.7325   52.2725
   -0.8209    0.5220   -0.2314
   -0.1555   -0.5943   -0.7890
   -0.5494   -0.6118    0.5691
...    28 G-C ...
  -42.8392  -47.3406   54.4944
   -0.7448    0.1790   -0.6428
    0.2747   -0.7956   -0.5399
   -0.6081   -0.5788    0.5434
...    29 G-C ...
  -45.2309  -48.9679   56.3637
   -0.4169   -0.2335   -0.8785
    0.6240   -0.7763   -0.0898
   -0.6609   -0.5856    0.4693
...    30 C-G ...
  -47.7351  -50.5977   57.6752
    0.0211   -0.5763   -0.8170
    0.7321   -0.5476    0.4052
   -0.6809   -0.6066    0.4103
...    31 C-G ...
  -50.2437  -52.4337   58.9034
    0.4664   -0.7324   -0.4961
    0.5864   -0.1639    0.7932
   -0.6623   -0.6609    0.3530
...    32 G-C ...
  -51.9732  -54.6392   60.1053
    0.7555   -0.6514   -0.0693
    0.2474    0.1859    0.9509
   -0.6066   -0.7356    0.3016
...    33 G-C ...
  -53.5890  -57.5069   60.8683
    0.7957   -0.4115    0.4443
   -0.2302    0.4732    0.8504
   -0.5602   -0.7790    0.2818
...    34 C-G ...
  -55.1430  -60.2864   61.5915
    0.5606   -0.0624    0.8258
   -0.6346    0.6083    0.4768
   -0.5321   -0.7913    0.3013
...    35 C-G ...
  -56.5276  -63.1489   62.7948
    0.1404    0.3146    0.9388
   -0.8456    0.5313   -0.0516
   -0.5150   -0.7866    0.3406
...    36 C-G ...
  -57.9617  -65.8909   64.1035
   -0.3083    0.5888    0.7472
   -0.7957    0.2709   -0.5418
   -0.5214   -0.7615    0.3850
...    37 G-C ...
  -60.0854  -68.4042   64.6899
   -0.6333    0.7119    0.3036
   -0.4966   -0.0730   -0.8649
   -0.5935   -0.6985    0.3998
...    38 A-T ...
  -61.8009  -70.7124   65.9447
   -0.7897    0.5594   -0.2517
   -0.0281   -0.4429   -0.8961
   -0.6128   -0.7006    0.3655
...    39 C-G ...
  -63.9811  -72.5391   67.3822
   -0.6520    0.3111   -0.6915
    0.3633   -0.6723   -0.6450
   -0.6655   -0.6718    0.3253
...    40 A-T ...
  -66.3743  -74.6070   68.3872
   -0.2666   -0.0078   -0.9638
    0.6269   -0.7609   -0.1672
   -0.7320   -0.6488    0.2077
...    41 C-G ...
  -69.1160  -76.3583   68.6955
    0.1281   -0.3404   -0.9315
    0.6560   -0.6754    0.3370
   -0.7438   -0.6542    0.1367
...    42 G-C ...
  -71.2616  -78.8513   69.1648
    0.5280   -0.6166   -0.5839
    0.4094   -0.4176    0.8112
   -0.7441   -0.6674    0.0319
...    43 A-T ...
  -73.6295  -80.9612   69.1881
    0.6626   -0.7489   -0.0022
    0.0212    0.0158    0.9997
   -0.7486   -0.6625    0.0263
...    44 C-G ...
  -75.9175  -83.3036   68.6188
    0.5918   -0.6164    0.5195
   -0.3432    0.3905    0.8543
   -0.7294   -0.6838    0.0195
...    45 T-A ...
  -78.0462  -86.2471   68.2260
    0.2968   -0.3169    0.9009
   -0.6043    0.6681    0.4341
   -0.7394   -0.6732    0.0068
...    46 T-A ...
  -80.1392  -88.7500   67.9567
   -0.0815    0.0342    0.9961
   -0.6464    0.7589   -0.0790
   -0.7587   -0.6503   -0.0398
...    47 A-T ...
  -82.6487  -90.9159   67.8817
   -0.3793    0.5004    0.7783
   -0.4837    0.6099   -0.6278
   -0.7888   -0.6146    0.0107
...    48 C-G ...
  -84.9136  -93.2453   68.4051
   -0.5364    0.7709    0.3435
   -0.2125    0.2705   -0.9390
   -0.8168   -0.5766    0.0187
...    49 T-A ...
  -87.6437  -95.0989   68.9588
   -0.4858    0.8538   -0.1869
    0.0725   -0.1737   -0.9821
   -0.8710   -0.4907    0.0225
...    50 G-C ...
  -90.8248  -96.3491   69.0006
   -0.1975    0.7143   -0.6714
    0.2802   -0.6151   -0.7369
   -0.9394   -0.3337   -0.0787
...    51 T-A ...
  -93.9604  -96.9159   69.0338
    0.0442    0.3835   -0.9225
    0.3168   -0.8811   -0.3511
   -0.9475   -0.2767   -0.1604
...    52 A-T ...
  -97.1782  -96.9334   68.0781
    0.3972   -0.0414   -0.9168
    0.1687   -0.9787    0.1173
   -0.9021   -0.2013   -0.3818
...    53 G-C ...
 -100.0717  -97.1299   66.6922
    0.5033   -0.4927   -0.7099
   -0.1014   -0.8495    0.5177
   -0.8581   -0.1886   -0.4776
...    54 G-C ...
 -102.8022  -97.2569   64.2467
    0.4118   -0.8608   -0.2991
   -0.3974   -0.4650    0.7911
   -0.8200   -0.2069   -0.5336
...    55 T-A ...
 -105.1594  -97.9494   62.0302
    0.1242   -0.9825    0.1386
   -0.5695    0.0438    0.8208
   -0.8125   -0.1808   -0.5541
...    56 A-T ...
 -107.6436  -98.6724   59.8686
   -0.2575   -0.7689    0.5852
   -0.5349    0.6178    0.5764
   -0.8047   -0.1646   -0.5704
...    57 T-A ...
 -109.8603  -99.7280   57.6323
   -0.5337   -0.3521    0.7689
   -0.3047    0.9282    0.2135
   -0.7889   -0.1203   -0.6026
...    58 C-G ...
 -112.4963 -100.4350   55.6718
   -0.6134    0.2871    0.7357
    0.1161    0.9542   -0.2757
   -0.7812   -0.0837   -0.6186
...    59 T-A ...
 -115.2736 -100.8642   53.8645
   -0.4034    0.7397    0.5387
    0.4226    0.6727   -0.6073
   -0.8116   -0.0173   -0.5840
...    60 C-G ...
 -118.0864 -100.9597   52.0110
   -0.0361    0.9863    0.1609
    0.5792    0.1518   -0.8009
   -0.8144    0.0643   -0.5767
...    61 G-C ...
 -120.5010 -100.3237   49.8523
    0.4673    0.8830   -0.0447
    0.4943   -0.3029   -0.8149
   -0.7330    0.3587   -0.5779
...    62 A-T ...
 -122.8858  -99.0150   47.9722
    0.7314    0.5394   -0.4173
    0.1522   -0.7255   -0.6712
   -0.6648    0.4274   -0.6127
...    63 G-C ...
 -124.8025  -97.0924   46.0384
    0.7668    0.0624   -0.6388
   -0.2726   -0.8694   -0.4122
   -0.5811    0.4902   -0.6497
...    64 C-G ...
 -126.3187  -95.0019   43.8205
    0.4945   -0.4639   -0.7351
   -0.6892   -0.7245   -0.0064
   -0.5296    0.5098   -0.6780
...    65 T-A ...
 -127.8319  -93.1842   41.5525
    0.0507   -0.7750   -0.6300
   -0.8736   -0.3401    0.3481
   -0.4840    0.5327   -0.6942
...    66 C-G ...
 -129.6468  -91.6821   39.2891
   -0.4889   -0.8158   -0.3089
   -0.7532    0.2161    0.6212
   -0.4401    0.5364   -0.7202
...    67 G-C ...
 -131.8455  -89.4433   37.6451
   -0.8293   -0.5470    0.1146
   -0.3375    0.6535    0.6775
   -0.4455    0.5232   -0.7265
...    68 G-C ...
 -133.1316  -87.6404   35.1258
   -0.8546   -0.1173    0.5059
    0.2095    0.8135    0.5425
   -0.4752    0.5696   -0.6706
...    69 G-C ...
 -134.7098  -85.8983   32.7469
   -0.5577    0.2727    0.7840
    0.6387    0.7442    0.1955
   -0.5301    0.6097   -0.5892
...    70 A-T ...
 -136.6142  -84.0318   30.7867
   -0.0563    0.6219    0.7811
    0.8509    0.4391   -0.2883
   -0.5223    0.6484   -0.5539
...    71 T-A ...
 -138.8140  -82.0531   29.3552
    0.4092    0.7241    0.5552
    0.7607    0.0653   -0.6458
   -0.5039    0.6866   -0.5241
...    72 C-G ...
 -140.4830  -79.6612   27.8820
    0.8045    0.5795    0.1304
    0.3843   -0.3404   -0.8582
   -0.4529    0.7405   -0.4965
...    73 C-G ...
 -141.9643  -77.1193   26.4501
    0.9452    0.2154   -0.2455
   -0.0843   -0.5653   -0.8205
   -0.3155    0.7962   -0.5162
...    74 G-C ...
 -142.7941  -74.6849   24.3672
    0.7951   -0.2409   -0.5566
   -0.5884   -0.5290   -0.6115
   -0.1471    0.8137   -0.5623
...    75 C-G ...
 -142.6431  -71.7554   22.5063
    0.3166   -0.5076   -0.8013
   -0.9433   -0.2577   -0.2095
   -0.1002    0.8222   -0.5603
...    76 T-A ...
 -142.3837  -69.1526   20.1749
   -0.2783   -0.5450   -0.7909
   -0.9604    0.1430    0.2393
   -0.0173    0.8261   -0.5632
...    77 T-A ...
 -142.0464  -66.5501   18.2145
   -0.7919   -0.2846   -0.5403
   -0.6090    0.4332    0.6644
    0.0450    0.8552   -0.5164
...    78 T-A ...
 -141.5902  -63.9214   16.2900
   -0.9927    0.0821   -0.0889
   -0.0373    0.4919    0.8699
    0.1151    0.8668   -0.4852
...    79 A-T ...
 -140.7173  -60.8313   15.3476
   -0.7993    0.4240    0.4258
    0.5665    0.2951    0.7694
    0.2006    0.8562   -0.4760
...    80 A-T ...
 -140.1722  -58.1267   13.7488
   -0.3561    0.4985    0.7904
    0.9072   -0.0183    0.4203
    0.2239    0.8667   -0.4457
...    81 C-G ...
 -140.0332  -55.1658   12.1938
    0.1623    0.3781    0.9114
    0.9556   -0.2903   -0.0497
    0.2458    0.8791   -0.4085
...    82 A-T ...
 -139.2246  -52.1395   11.0308
    0.6289    0.0366    0.7767
    0.7117   -0.4292   -0.5561
    0.3130    0.9025   -0.2959
...    83 C-G ...
 -138.3040  -48.9480   10.7340
    0.8881   -0.2364    0.3942
    0.2953   -0.3638   -0.8834
    0.3523    0.9010   -0.2533
...    84 T-A ...
 -136.8640  -45.6716   10.5195
    0.8674   -0.4719   -0.1575
   -0.2464   -0.1325   -0.9601
    0.4322    0.8716   -0.2313
...    85 T-A ...
 -135.2371  -42.8714   10.1100
    0.5733   -0.4407   -0.6908
   -0.6969    0.1812   -0.6939
    0.4310    0.8792   -0.2032
...    86 T-A ...
 -133.5788  -40.1016    9.6482
    0.0845   -0.2337   -0.9686
   -0.8984    0.4026   -0.1755
    0.4310    0.8850   -0.1759
...    87 A-T ...
 -132.3236  -36.9482    9.1431
   -0.4946    0.1196   -0.8609
   -0.7460    0.4498    0.4911
    0.4460    0.8851   -0.1332
...    88 T-A ...
 -130.4282  -34.4255    8.2380
   -0.7951    0.3095   -0.5215
   -0.4194    0.3404    0.8416
    0.4380    0.8879   -0.1408
...    89 G-C ...
 -129.0855  -31.4824    7.5028
   -0.9219    0.3712    0.1112
    0.1627    0.1102    0.9805
    0.3517    0.9220   -0.1620
...    90 C-G ...
 -128.3056  -28.3966    6.7499
   -0.7017    0.3244    0.6343
    0.6302   -0.1326    0.7650
    0.3323    0.9366   -0.1114
...    91 T-A ...
 -127.5620  -25.0889    6.1846
   -0.2407    0.1503    0.9589
    0.9198   -0.2800    0.2748
    0.3098    0.9482   -0.0709
...    92 T-A ...
 -126.7772  -21.9947    6.0221
    0.2823   -0.0904    0.9550
    0.9055   -0.3037   -0.2964
    0.3168    0.9485   -0.0039
...    93 C-G ...
 -125.8255  -18.8556    6.3140
    0.7127   -0.3235    0.6224
    0.5992   -0.1807   -0.7800
    0.3648    0.9288    0.0650
...    94 C-G ...
 -124.6748  -15.8089    6.7364
    0.8647   -0.4870    0.1231
    0.1568    0.0288   -0.9872
    0.4772    0.8729    0.1013
...    95 G-C ...
 -122.9375  -13.2813    6.8146
    0.7633   -0.5068   -0.4007
   -0.2669    0.3174   -0.9099
    0.5883    0.8015    0.1070
...    96 G-C ...
 -120.4667  -11.0020    7.1234
    0.4566   -0.2995   -0.8377
   -0.6045    0.5865   -0.5391
    0.6528    0.7526    0.0868
...    97 C-G ...
 -117.8011   -8.9608    7.3551
    0.0282    0.0485   -0.9984
   -0.7400    0.6725    0.0117
    0.6720    0.7385    0.0548
...    98 T-A ...
 -115.4043   -6.6930    7.4991
   -0.3783    0.3862   -0.8413
   -0.6266    0.5621    0.5398
    0.6814    0.7314    0.0293
...    99 C-G ...
 -113.2653   -4.1713    7.6266
   -0.6846    0.6342   -0.3594
   -0.2678    0.2397    0.9332
    0.6780    0.7351    0.0057
...   100 G-C ...
 -111.0898   -1.7238    8.1635
   -0.7497    0.6110    0.2542
    0.1814   -0.1797    0.9668
    0.6365    0.7709    0.0238
...   101 T-A ...
 -109.4407    1.1320    7.8703
   -0.5653    0.3879    0.7280
    0.5514   -0.4787    0.6833
    0.6135    0.7877    0.0567
...   102 A-T ...
 -107.7783    4.1275    7.9522
   -0.1967   -0.0211    0.9802
    0.7871   -0.5995    0.1451
    0.5846    0.8001    0.1345
...   103 T-A ...
 -106.4373    7.1202    8.4398
    0.2397   -0.3258    0.9145
    0.7679   -0.5127   -0.3839
    0.5940    0.7943    0.1273
...   104 T-A ...
 -104.6979    9.8229    9.0427
    0.6199   -0.5708    0.5384
    0.5034   -0.2370   -0.8309
    0.6019    0.7861    0.1404
...   105 C-G ...
 -102.4996   12.2130    9.3653
    0.7595   -0.6488   -0.0472
    0.0762    0.1607   -0.9841
    0.6460    0.7438    0.1715
...   106 A-T ...
 -100.3161   14.6346   10.3683
    0.6042   -0.5500   -0.5766
   -0.2773    0.5332   -0.7992
    0.7470    0.6428    0.1697
...   107 T-A ...
  -97.6636   16.3371   11.1811
    0.3531   -0.2411   -0.9040
   -0.5288    0.7456   -0.4054
    0.7718    0.6212    0.1358
...   108 G-C ...
  -94.8380   18.2621   11.5670
   -0.0836    0.1935   -0.9775
   -0.6181    0.7594    0.2032
    0.7816    0.6212    0.0562
...   109 T-A ...
  -91.8741   19.8617   11.4768
   -0.4029    0.5686   -0.7171
   -0.4745    0.5403    0.6950
    0.7827    0.6203    0.0521
...   110 T-A ...
  -89.2924   21.7456   11.4634
   -0.5974    0.7753   -0.2050
   -0.1604    0.1350    0.9778
    0.7857    0.6170    0.0437
...   111 A-T ...
  -86.6462   23.8109   11.9470
   -0.5778    0.6883    0.4387
    0.2363   -0.3734    0.8971
    0.7813    0.6219    0.0531
...   112 T-A ...
  -84.4220   26.1588   11.5716
   -0.3687    0.4172    0.8307
    0.4890   -0.6730    0.5550
    0.7906    0.6108    0.0441
...   113 A-T ...
  -81.6069   28.0168   11.8111
   -0.0106   -0.0892    0.9960
    0.6191   -0.7827   -0.0635
    0.7852    0.6159    0.0635
...   114 A-T ...
  -79.2147   30.1013   12.1267
    0.3214   -0.5182    0.7926
    0.5154   -0.6064   -0.6055
    0.7944    0.6031    0.0722
...   115 C-G ...
  -76.8426   32.4141   12.9754
    0.5373   -0.7737    0.3358
    0.2543   -0.2311   -0.9391
    0.8042    0.5900    0.0726
...   116 G-C ...
  -74.0106   34.0293   12.9303
    0.4758   -0.8458   -0.2415
   -0.0526    0.2467   -0.9677
    0.8780    0.4731    0.0729
...   117 G-C ...
  -70.9342   35.1636   13.2018
    0.2803   -0.6422   -0.7135
   -0.2454    0.6706   -0.7000
    0.9280    0.3713    0.0303
...   118 A-T ...
  -67.7761   36.1617   13.3908
    0.0370   -0.1626   -0.9860
   -0.3433    0.9246   -0.1654
    0.9385    0.3446   -0.0216
...   119 A-T ...
  -64.6666   37.1050   13.1932
   -0.1737    0.4058   -0.8973
   -0.2922    0.8488    0.4405
    0.9404    0.3388   -0.0288
...   120 A-T ...
  -61.4921   37.8951   12.8675
   -0.2743    0.8416   -0.4653
   -0.1429    0.4428    0.8851
    0.9510    0.3093   -0.0012
...   121 T-A ...
  -58.3436   38.7646   12.1864
   -0.3038    0.9508    0.0604
    0.0268   -0.0549    0.9981
    0.9524    0.3049   -0.0088
...   122 G-C ...
  -55.1413   39.9642   12.0058
   -0.2894    0.7142    0.6374
    0.2161   -0.5999    0.7703
    0.9325    0.3606    0.0193
...   123 T-A ...
  -52.2773   41.5590   11.8273
   -0.1446    0.3151    0.9380
    0.3375   -0.8754    0.3461
    0.9302    0.3666    0.0203
...   124 G-C ...
  -49.2107   42.8731   11.9779
    0.0243   -0.2705    0.9624
    0.3841   -0.8863   -0.2588
    0.9230    0.3759    0.0823
...   125 T-A ...
  -46.4646   44.4961   12.4714
    0.1850   -0.7040    0.6857
    0.3172   -0.6176   -0.7197
    0.9301    0.3507    0.1090
...   126 C-G ...
  -43.5192   45.5984   12.9064
    0.3370   -0.9319    0.1344
    0.1522   -0.0870   -0.9845
    0.9291    0.3522    0.1125
...   127 G-C ...
  -40.3820   46.6058   12.7748
    0.1983   -0.8977   -0.3934
   -0.0202    0.3975   -0.9174
    0.9799    0.1898    0.0607
...   128 A-T ...
  -37.3167   47.2910   13.0766
    0.1327   -0.5055   -0.8525
   -0.1526    0.8395   -0.5215
    0.9793    0.1993    0.0342
...   129 C-G ...
  -34.0443   47.1849   13.4527
   -0.0192   -0.0017   -0.9998
   -0.1847    0.9828    0.0019
    0.9826    0.1847   -0.0191
...   130 C-G ...
  -30.6829   47.3281   12.8376
   -0.2313    0.4772   -0.8478
   -0.0988    0.8554    0.5085
    0.9678    0.2014   -0.1507
...   131 A-T ...
  -27.5916   48.6053   12.5016
   -0.3653    0.8400   -0.4012
    0.0905    0.4610    0.8828
    0.9265    0.2862   -0.2445
...   132 A-T ...
  -24.6441   49.6156   11.4674
   -0.2483    0.9531    0.1730
    0.3006   -0.0940    0.9491
    0.9209    0.2877   -0.2632
...   133 A-T ...
  -21.7816   50.6406   10.2279
    0.0286    0.7269    0.6861
    0.3791   -0.6430    0.6654
    0.9249    0.2411   -0.2940
...   134 T-A ...
  -19.0160   52.0244    8.9250
    0.2452    0.2905    0.9249
    0.3073   -0.9281    0.2101
    0.9195    0.2328   -0.3169
...   135 G-C ...
  -16.4637   53.8824    7.5153
    0.5339   -0.3333    0.7771
    0.0346   -0.9097   -0.4139
    0.8449    0.2479   -0.4741
...   136 T-A ...
  -14.1749   56.5547    6.1808
    0.5795   -0.7269    0.3685
   -0.3141   -0.6164   -0.7221
    0.7521    0.3026   -0.5855
...   137 G-C ...
  -11.6538   57.9992    4.7205
    0.2452   -0.9542   -0.1714
   -0.6323   -0.0234   -0.7744
    0.7349    0.2983   -0.6091
...   138 A-T ...
   -8.6758   58.7133    3.6025
   -0.0345   -0.7815   -0.6229
   -0.6536    0.4891   -0.5775
    0.7560    0.3872   -0.5277
...   139 G-C ...
   -6.3275   59.0727    1.6297
   -0.2969   -0.3279   -0.8968
   -0.5657    0.8171   -0.1114
    0.7693    0.4742   -0.4281
...   140 C-G ...
   -3.4369   60.2279    1.0287
   -0.4426    0.2287   -0.8671
   -0.1681    0.9286    0.3308
    0.8808    0.2922   -0.3725
...   141 G-C ...
   -0.6976   63.8912   -2.2509
   -0.9992    0.0157   -0.0376
   -0.0024    0.8991    0.4378
    0.0407    0.4375   -0.8983
...   142 C-G ...
   -1.0065   65.5988   -4.9400
   -0.8337    0.5216    0.1813
    0.5170    0.6219    0.5881
    0.1940    0.5841   -0.7882
...   143 T-A ...
   -0.1333   66.2084   -7.8195
   -0.3753    0.8566    0.3540
    0.8856    0.2187    0.4098
    0.2736    0.4673   -0.8407
...   144 C-G ...
   -0.1666   67.4020  -10.8067
    0.1797    0.8793    0.4411
    0.9277   -0.3007    0.2214
    0.3273    0.3694   -0.8697
...   145 A-T ...
    0.5267   69.2313  -13.4659
    0.7352    0.4964    0.4616
    0.6118   -0.7791   -0.1367
    0.2918    0.3829   -0.8765
...   146 C-G ...
    1.4338   72.0892  -15.6018
    0.9809    0.0621    0.1844
    0.1264   -0.9240   -0.3608
    0.1480    0.3772   -0.9142
...   147 A-T ...
    2.3047   74.2223  -18.3862
    0.8657   -0.4292   -0.2575
   -0.4984   -0.7868   -0.3642
   -0.0463    0.4436   -0.8950
