  147 base-pairs
...     1 A-T ...
    0.0000    0.0000    0.0000
    1.0000    0.0000    0.0000
    0.0000    1.0000    0.0000
    0.0000    0.0000    1.0000
...     2 G-C ...
   -0.1394   -1.2357    3.2268
    0.7529    0.6366    0.1670
   -0.6386    0.7680   -0.0486
   -0.1592   -0.0700    0.9848
...     3 T-A ...
   -0.0365   -3.2932    6.3751
    0.2722    0.9301    0.2466
   -0.9238    0.3243   -0.2033
   -0.2691   -0.1725    0.9475
...     4 G-C ...
   -0.3505   -4.1660    9.4928
   -0.3756    0.9250    0.0579
   -0.8781   -0.3352   -0.3415
   -0.2965   -0.1791    0.9381
...     5 A-T ...
   -0.4462   -4.1476   12.7498
   -0.8116    0.5840   -0.0165
   -0.5523   -0.7762   -0.3042
   -0.1905   -0.2378    0.9524
...     6 G-C ...
   -1.5908   -4.1730   15.6201
   -0.9976    0.0246   -0.0651
   -0.0043   -0.9555   -0.2950
   -0.0695   -0.2940    0.9533
...     7 C-G ...
   -1.1030   -4.4824   18.7362
   -0.8441   -0.5304   -0.0787
    0.5345   -0.8441   -0.0432
   -0.0435   -0.0785    0.9960
...     8 G-C ...
   -2.4028   -7.7290   23.1475
   -0.2754   -0.3293   -0.9032
    0.6650   -0.7437    0.0684
   -0.6942   -0.5818    0.4238
...     9 C-G ...
   -4.4690   -9.9728   24.1132
    0.1145   -0.7025   -0.7024
    0.8512   -0.2952    0.4340
   -0.5122   -0.6476    0.5642
...    10 T-A ...
   -6.7405  -10.8752   25.9697
    0.4841   -0.8363   -0.2574
    0.6595    0.1553    0.7355
   -0.5751   -0.5258    0.6267
...    11 C-G ...
   -9.1656  -12.6208   27.1640
    0.7073   -0.6682    0.2307
    0.3448    0.6110    0.7126
   -0.6171   -0.4245    0.6626
...    12 A-T ...
  -10.9234  -14.6633   29.0693
    0.7515   -0.1377    0.6452
   -0.2029    0.8824    0.4246
   -0.6277   -0.4500    0.6352
...    13 C-G ...
  -11.8476  -17.4863   31.2451
    0.4295    0.2823    0.8578
   -0.5708    0.8209    0.0156
   -0.6998   -0.4963    0.5137
...    14 A-T ...
  -13.5897  -19.7827   33.4259
   -0.1504    0.6104    0.7777
   -0.6874    0.5008   -0.5260
   -0.7106   -0.6136    0.3443
...    15 A-T ...
  -15.7065  -21.8100   34.8039
   -0.4926    0.7949    0.3542
   -0.4989    0.0756   -0.8634
   -0.7130   -0.6021    0.3593
...    16 T-A ...
  -17.7519  -23.6411   36.6112
   -0.6682    0.7339   -0.1220
   -0.1952   -0.3312   -0.9232
   -0.7179   -0.5931    0.3646
...    17 T-A ...
  -20.0519  -25.4006   38.0716
   -0.6633    0.4281   -0.6138
    0.2039   -0.6858   -0.6987
   -0.7200   -0.5886    0.3676
...    18 T-A ...
  -22.4751  -27.0628   39.4460
   -0.4397   -0.0267   -0.8977
    0.5363   -0.8096   -0.2386
   -0.7204   -0.5864    0.3703
...    19 A-T ...
  -24.8440  -29.0691   40.6152
   -0.0146   -0.4548   -0.8905
    0.6779   -0.6591    0.3255
   -0.7350   -0.5989    0.3179
...    20 T-A ...
  -27.6631  -30.6334   41.2679
    0.3252   -0.7216   -0.6112
    0.5949   -0.3462    0.7254
   -0.7350   -0.5995    0.3167
...    21 T-A ...
  -30.1912  -32.5112   42.0423
    0.5997   -0.7936   -0.1024
    0.3140    0.1158    0.9423
   -0.7360   -0.5973    0.3187
...    22 C-G ...
  -32.5417  -34.5715   42.9800
    0.6957   -0.5626    0.4467
   -0.0950    0.5443    0.8335
   -0.7121   -0.6223    0.3252
...    23 G-C ...
  -34.8560  -36.4725   44.4133
    0.6095   -0.1064    0.7857
   -0.4757    0.7437    0.4697
   -0.6343   -0.6599    0.4027
...    24 C-G ...
  -36.5974  -38.9574   45.7069
    0.2935    0.3381    0.8942
   -0.7341    0.6788   -0.0157
   -0.6123   -0.6519    0.4474
...    25 A-T ...
  -38.6420  -41.0403   47.2861
   -0.0902    0.7212    0.6869
   -0.7941    0.3641   -0.4866
   -0.6010   -0.5894    0.5398
...    26 A-T ...
  -40.3623  -42.9604   49.2523
   -0.5082    0.8075    0.2993
   -0.6122   -0.0944   -0.7850
   -0.6057   -0.5822    0.5424
...    27 A-T ...
  -42.2012  -44.7170   51.2601
   -0.7530    0.6299   -0.1902
   -0.2318   -0.5245   -0.8192
   -0.6158   -0.5728    0.5410
...    28 G-C ...
  -44.2589  -46.3216   53.2756
   -0.7166    0.3207   -0.6193
    0.1730   -0.7785   -0.6034
   -0.6756   -0.5395    0.5024
...    29 G-C ...
  -46.7554  -47.7721   55.0050
   -0.4515   -0.0823   -0.8885
    0.4999   -0.8481   -0.1755
   -0.7391   -0.5234    0.4241
...    30 C-G ...
  -49.4775  -49.1358   56.2514
   -0.0784   -0.4924   -0.8668
    0.6455   -0.6877    0.3323
   -0.7597   -0.5335    0.3718
...    31 C-G ...
  -52.2183  -50.8730   57.1200
    0.3368   -0.7363   -0.5869
    0.5594   -0.3448    0.7537
   -0.7573   -0.5822    0.2958
...    32 G-C ...
  -54.4300  -53.0530   58.3133
    0.6561   -0.7475   -0.1037
    0.2464    0.0824    0.9657
   -0.7133   -0.6591    0.2382
...    33 G-C ...
  -56.7065  -55.4874   58.8018
    0.7306   -0.5431    0.4139
   -0.1638    0.4490    0.8784
   -0.6629   -0.7095    0.2391
...    34 C-G ...
  -58.6755  -58.0977   59.3324
    0.5460   -0.1928    0.8153
   -0.5386    0.6646    0.5178
   -0.6417   -0.7219    0.2591
...    35 C-G ...
  -60.5497  -60.7698   60.2056
    0.2186    0.2424    0.9452
   -0.7521    0.6590    0.0049
   -0.6217   -0.7120    0.3264
...    36 C-G ...
  -62.3417  -63.3546   61.4503
   -0.1594    0.6123    0.7744
   -0.7546    0.4302   -0.4955
   -0.6366   -0.6633    0.3934
...    37 G-C ...
  -64.6834  -65.4224   62.5765
   -0.4506    0.8287    0.3321
   -0.5531    0.0329   -0.8325
   -0.7008   -0.5588    0.4435
...    38 A-T ...
  -66.9026  -67.2209   64.1282
   -0.6394    0.7360   -0.2227
   -0.2031   -0.4409   -0.8743
   -0.7416   -0.5137    0.4314
...    39 C-G ...
  -69.2938  -68.4401   66.0005
   -0.6126    0.4436   -0.6542
    0.1336   -0.7576   -0.6388
   -0.7790   -0.4788    0.4048
...    40 A-T ...
  -71.9891  -69.9540   67.2367
   -0.3326    0.0360   -0.9424
    0.3960   -0.9016   -0.1742
   -0.8559   -0.4312    0.2856
...    41 C-G ...
  -75.0668  -70.7665   68.0239
   -0.0496   -0.4045   -0.9132
    0.4833   -0.8098    0.3325
   -0.8740   -0.4249    0.2357
...    42 G-C ...
  -77.7781  -72.5838   68.6623
    0.3106   -0.7317   -0.6067
    0.3651   -0.4975    0.7869
   -0.8776   -0.4659    0.1126
...    43 A-T ...
  -80.6446  -74.1610   68.8418
    0.4756   -0.8789   -0.0371
    0.0923    0.0079    0.9957
   -0.8748   -0.4770    0.0849
...    44 C-G ...
  -83.4415  -75.9409   68.5012
    0.4550   -0.7474    0.4841
   -0.1791    0.4557    0.8719
   -0.8723   -0.4835    0.0735
...    45 T-A ...
  -86.1644  -77.8331   68.5797
    0.3152   -0.3876    0.8663
   -0.3980    0.7746    0.4915
   -0.8615   -0.4997    0.0898
...    46 T-A ...
  -88.8200  -79.7159   68.7113
    0.0052    0.1044    0.9945
   -0.4854    0.8698   -0.0887
   -0.8743   -0.4822    0.0552
...    47 A-T ...
  -91.7562  -81.2652   68.8778
   -0.2297    0.6126    0.7563
   -0.3842    0.6568   -0.6488
   -0.8942   -0.4396    0.0845
...    48 C-G ...
  -94.4585  -82.9570   69.6710
   -0.3472    0.8820    0.3187
   -0.2074    0.2592   -0.9433
   -0.9146   -0.3936    0.0930
...    49 T-A ...
  -97.4612  -84.1198   70.3390
   -0.3056    0.9298   -0.2053
   -0.0149   -0.2202   -0.9753
   -0.9520   -0.2950    0.0812
...    50 G-C ...
 -100.7300  -84.7792   70.5489
   -0.1000    0.7155   -0.6914
    0.1110   -0.6825   -0.7224
   -0.9888   -0.1490   -0.0112
...    51 T-A ...
 -103.9722  -84.6461   70.7545
    0.0356    0.2884   -0.9568
    0.1200   -0.9518   -0.2824
   -0.9921   -0.1047   -0.0685
...    52 A-T ...
 -107.2434  -84.6742   70.2202
    0.2296   -0.2491   -0.9409
    0.0104   -0.9660    0.2583
   -0.9732   -0.0691   -0.2192
...    53 G-C ...
 -110.3852  -84.6154   69.2090
    0.2523   -0.7080   -0.6596
   -0.1616   -0.7029    0.6927
   -0.9541   -0.0682   -0.2917
...    54 G-C ...
 -113.4155  -84.9370   67.7520
    0.1664   -0.9721   -0.1651
   -0.3299   -0.2127    0.9198
   -0.9292   -0.0986   -0.3561
...    55 T-A ...
 -116.2334  -85.3118   65.9841
   -0.0462   -0.9393    0.3399
   -0.3751    0.3317    0.8656
   -0.9258   -0.0876   -0.3677
...    56 A-T ...
 -119.5176  -85.0336   65.1075
   -0.3751   -0.4931    0.7849
   -0.2084    0.8700    0.4469
   -0.9032    0.0041   -0.4291
...    57 T-A ...
 -122.3601  -85.6647   63.5170
   -0.4511    0.0219    0.8922
    0.0354    0.9994   -0.0067
   -0.8918    0.0285   -0.4516
...    58 C-G ...
 -125.2526  -85.6790   61.9549
   -0.3078    0.6009    0.7377
    0.3233    0.7953   -0.5129
   -0.8948    0.0806   -0.4391
...    59 T-A ...
 -128.3337  -85.5027   60.7888
   -0.0089    0.9101    0.4143
    0.4473    0.3742   -0.8124
   -0.8944    0.1780   -0.4104
...    60 C-G ...
 -131.2663  -84.8798   59.5489
    0.3306    0.9408   -0.0751
    0.3704   -0.2025   -0.9065
   -0.8680    0.2719   -0.4154
...    61 G-C ...
 -133.9526  -83.7446   57.9449
    0.6394    0.6260   -0.4463
    0.0953   -0.6406   -0.7620
   -0.7629    0.4447   -0.4693
...    62 A-T ...
 -136.2423  -82.0709   56.3670
    0.6394    0.1172   -0.7599
   -0.3220   -0.8567   -0.4031
   -0.6982    0.5024   -0.5100
...    63 G-C ...
 -138.2337  -80.0912   54.6372
    0.4313   -0.3771   -0.8196
   -0.6482   -0.7614    0.0092
   -0.6275    0.5273   -0.5728
...    64 C-G ...
 -139.8362  -78.2156   52.4142
    0.0218   -0.7425   -0.6694
   -0.8143   -0.4017    0.4190
   -0.5800    0.5360   -0.6134
...    65 T-A ...
 -141.4494  -76.4741   50.0891
   -0.4159   -0.8442   -0.3383
   -0.7255    0.0836    0.6832
   -0.5484    0.5295   -0.6472
...    66 C-G ...
 -143.1932  -74.8006   47.8362
   -0.7870   -0.6049    0.1215
   -0.3273    0.5762    0.7489
   -0.5230    0.5496   -0.6515
...    67 G-C ...
 -144.8649  -72.5312   46.0369
   -0.8094   -0.1846    0.5574
    0.2018    0.8040    0.5593
   -0.5514    0.5652   -0.6136
...    68 G-C ...
 -146.6485  -70.7929   43.7473
   -0.5288    0.2463    0.8122
    0.6344    0.7504    0.1855
   -0.5638    0.6134   -0.5530
...    69 G-C ...
 -148.6606  -68.9526   41.7591
   -0.0493    0.5405    0.8399
    0.8383    0.4795   -0.2594
   -0.5429    0.6913   -0.4768
...    70 A-T ...
 -150.4749  -66.7667   40.2019
    0.4770    0.6532    0.5880
    0.7283    0.0808   -0.6805
   -0.4920    0.7528   -0.4372
...    71 T-A ...
 -152.3617  -64.2590   39.3774
    0.7978    0.5646    0.2116
    0.4040   -0.2401   -0.8827
   -0.4475    0.7897   -0.4197
...    72 C-G ...
 -153.6203  -61.5539   38.1452
    0.9265    0.2569   -0.2749
   -0.1244   -0.4804   -0.8682
   -0.3551    0.8386   -0.4132
...    73 C-G ...
 -154.2435  -58.4791   36.9339
    0.7612   -0.1322   -0.6349
   -0.6100   -0.4783   -0.6318
   -0.2201    0.8682   -0.4447
...    74 G-C ...
 -154.7566  -55.8263   34.9604
    0.3240   -0.4639   -0.8245
   -0.9432   -0.2264   -0.2432
   -0.0738    0.8565   -0.5109
...    75 T-A ...
 -154.3127  -53.0146   33.2477
   -0.2177   -0.5173   -0.8276
   -0.9751    0.0785    0.2074
   -0.0423    0.8522   -0.5215
...    76 C-G ...
 -154.3564  -50.3119   31.3641
   -0.7574   -0.3479   -0.5526
   -0.6529    0.3909    0.6488
   -0.0097    0.8522   -0.5232
...    77 A-T ...
 -154.4959  -47.3283   29.9457
   -0.9966   -0.0644   -0.0511
   -0.0773    0.5241    0.8481
   -0.0278    0.8492   -0.5273
...    78 T-A ...
 -154.6336  -44.9295   27.6490
   -0.8939    0.2451    0.3752
    0.4480    0.4621    0.7653
    0.0142    0.8523   -0.5229
...    79 G-C ...
 -154.3922  -41.9986   26.1152
   -0.4792    0.3915    0.7856
    0.8777    0.2187    0.4264
   -0.0049    0.8938   -0.4484
...    80 T-A ...
 -154.9819  -39.1524   24.5575
    0.0404    0.4028    0.9144
    0.9990   -0.0356   -0.0284
    0.0211    0.9146   -0.4038
...    81 T-A ...
 -155.0881  -36.1630   23.3558
    0.5799    0.2606    0.7719
    0.8123   -0.2582   -0.5230
    0.0630    0.9303   -0.3614
...    82 A-T ...
 -154.9195  -32.8731   22.7714
    0.8739   -0.1153    0.4723
    0.4208   -0.3072   -0.8535
    0.2435    0.9446   -0.2199
...    83 T-A ...
 -154.1733  -29.7076   22.7424
    0.9549   -0.2969    0.0077
   -0.0525   -0.1944   -0.9795
    0.2923    0.9349   -0.2012
...    84 A-T ...
 -152.7146  -26.7221   22.4146
    0.7236   -0.5025   -0.4731
   -0.5164    0.0607   -0.8542
    0.4580    0.8624   -0.2156
...    85 A-T ...
 -150.9514  -24.0546   21.8852
    0.3074   -0.3872   -0.8692
   -0.8178    0.3596   -0.4494
    0.4865    0.8490   -0.2061
...    86 C-G ...
 -148.7432  -21.6283   21.2898
   -0.1682   -0.1487   -0.9745
   -0.8413    0.5368    0.0633
    0.5137    0.8305   -0.2154
...    87 G-C ...
 -147.4113  -18.6669   20.5078
   -0.6393    0.1463   -0.7549
   -0.5703    0.5684    0.5931
    0.5158    0.8096   -0.2800
...    88 G-C ...
 -145.5609  -16.0847   19.3512
   -0.8666    0.4056   -0.2906
   -0.1182    0.3990    0.9093
    0.4848    0.8224   -0.2978
...    89 A-T ...
 -143.8552  -13.4778   18.2950
   -0.7686    0.5606    0.3081
    0.4092    0.0607    0.9104
    0.4917    0.8258   -0.2761
...    90 C-G ...
 -142.5900  -10.7382   16.9221
   -0.4514    0.4914    0.7448
    0.7431   -0.2550    0.6187
    0.4939    0.8328   -0.2501
...    91 T-A ...
 -141.2255   -7.8441   16.0975
   -0.0367    0.2227    0.9742
    0.8649   -0.4812    0.1426
    0.5005    0.8479   -0.1750
...    92 T-A ...
 -139.7880   -4.9951   15.5983
    0.4264   -0.1192    0.8967
    0.7369   -0.5291   -0.4207
    0.5246    0.8401   -0.1378
...    93 T-A ...
 -138.1849   -2.2060   15.3668
    0.7311   -0.4370    0.5240
    0.3855   -0.3691   -0.8457
    0.5630    0.8202   -0.1014
...    94 A-T ...
 -136.1117    0.4062   15.5084
    0.7177   -0.6962    0.0098
   -0.0225   -0.0372   -0.9991
    0.6959    0.7168   -0.0424
...    95 A-T ...
 -133.7271    2.5885   15.6277
    0.5639   -0.6197   -0.5459
   -0.3982    0.3751   -0.8371
    0.7235    0.6894   -0.0353
...    96 C-G ...
 -130.9684    4.4012   15.9081
    0.2551   -0.3558   -0.8991
   -0.6077    0.6642   -0.4353
    0.7521    0.6574   -0.0468
...    97 A-T ...
 -128.5107    6.6168   15.5961
   -0.1906    0.0365   -0.9810
   -0.6051    0.7825    0.1467
    0.7730    0.6215   -0.1270
...    98 C-G ...
 -125.6280    8.1552   14.9003
   -0.4835    0.4415   -0.7559
   -0.4020    0.6550    0.6398
    0.7775    0.6132   -0.1392
...    99 T-A ...
 -123.0048   10.0419   14.1232
   -0.6443    0.7062   -0.2937
   -0.0707    0.3273    0.9423
    0.7615    0.6278   -0.1609
...   100 T-A ...
 -120.5029   11.9651   13.3150
   -0.5420    0.7851    0.2997
    0.2999   -0.1525    0.9417
    0.7850    0.6003   -0.1528
...   101 T-A ...
 -118.0436   13.9557   12.5695
   -0.2630    0.5622    0.7840
    0.5413   -0.5867    0.6023
    0.7986    0.5829   -0.1501
...   102 A-T ...
 -115.2784   15.7842   12.1919
    0.0578    0.0675    0.9960
    0.5909   -0.8065    0.0204
    0.8047    0.5874   -0.0865
...   103 T-A ...
 -113.0544   18.1931   12.1168
    0.3291   -0.3581    0.8738
    0.4803   -0.7332   -0.4814
    0.8130    0.5781   -0.0693
...   104 G-C ...
 -110.1888   19.9129   12.0710
    0.4271   -0.7755    0.4650
    0.2450   -0.3958   -0.8850
    0.8704    0.4919    0.0209
...   105 C-G ...
 -107.3325   21.4620   12.6642
    0.4355   -0.8961   -0.0859
   -0.0012    0.0948   -0.9955
    0.9002    0.4337    0.0402
...   106 T-A ...
 -104.2540   22.5948   13.1097
    0.3036   -0.7446   -0.5945
   -0.1895    0.5643   -0.8035
    0.9337    0.3567    0.0302
...   107 T-A ...
 -101.1536   23.5130   13.3887
    0.1409   -0.2957   -0.9448
   -0.3166    0.8908   -0.3260
    0.9381    0.3450    0.0319
...   108 C-G ...
  -98.0249   24.4948   13.3793
   -0.0937    0.2757   -0.9567
   -0.3172    0.9026    0.2911
    0.9437    0.3307    0.0028
...   109 C-G ...
  -94.7876   25.4117   13.0723
   -0.3137    0.7010   -0.6404
   -0.1856    0.6162    0.7654
    0.9312    0.3589   -0.0632
...   110 G-C ...
  -91.7766   26.8747   13.1910
   -0.4398    0.8936   -0.0901
    0.0500    0.1245    0.9910
    0.8967    0.4313   -0.0994
...   111 G-C ...
  -88.8335   28.4082   12.5998
   -0.4011    0.7842    0.4734
    0.2942   -0.3791    0.8773
    0.8675    0.4912   -0.0787
...   112 C-G ...
  -86.1495   30.2841   12.0745
   -0.2082    0.4291    0.8789
    0.4682   -0.7452    0.4748
    0.8587    0.5104   -0.0458
...   113 T-A ...
  -83.4908   32.2604   11.9972
    0.0205   -0.0582    0.9981
    0.5171   -0.8538   -0.0604
    0.8557    0.5174    0.0126
...   114 C-G ...
  -80.7300   34.0178   12.1434
    0.2859   -0.5667    0.7727
    0.4109   -0.6560   -0.6332
    0.8657    0.4985    0.0453
...   115 G-C ...
  -77.6794   35.3880   12.1362
    0.3530   -0.8907    0.2865
    0.2078   -0.2239   -0.9522
    0.9123    0.3957    0.1060
...   116 T-A ...
  -74.7574   36.5760   13.1238
    0.3708   -0.8937   -0.2527
   -0.0005    0.2718   -0.9623
    0.9287    0.3570    0.1003
...   117 A-T ...
  -71.5949   37.5736   13.4736
    0.2155   -0.6100   -0.7626
   -0.1833    0.7418   -0.6451
    0.9591    0.2788    0.0481
...   118 T-A ...
  -68.3496   37.8584   13.9120
    0.0820   -0.1591   -0.9838
   -0.2610    0.9493   -0.1753
    0.9618    0.2712    0.0364
...   119 A-T ...
  -65.1409   38.7614   13.9167
   -0.1546    0.4014   -0.9028
   -0.2303    0.8740    0.4280
    0.9608    0.2740   -0.0427
...   120 A-T ...
  -61.9890   39.4510   13.5689
   -0.2582    0.8262   -0.5008
   -0.0942    0.4944    0.8641
    0.9615    0.2703   -0.0498
...   121 T-A ...
  -58.8729   40.1313   12.7428
   -0.2686    0.9632    0.0054
    0.0540    0.0094    0.9985
    0.9617    0.2685   -0.0546
...   122 G-C ...
  -55.7113   41.1578   12.8521
   -0.2636    0.7702    0.5808
    0.2298   -0.5346    0.8132
    0.9368    0.3479   -0.0360
...   123 T-A ...
  -52.8467   42.7724   12.3786
   -0.1198    0.3686    0.9218
    0.3380   -0.8579    0.3870
    0.9335    0.3580   -0.0218
...   124 G-C ...
  -49.6756   43.7597   12.5340
    0.0254   -0.2184    0.9755
    0.3649   -0.9065   -0.2124
    0.9307    0.3613    0.0567
...   125 T-A ...
  -46.8458   45.4268   13.0600
    0.1922   -0.6689    0.7180
    0.2935   -0.6590   -0.6925
    0.9364    0.3439    0.0697
...   126 C-G ...
  -43.7906   46.5730   13.4125
    0.2972   -0.9391    0.1727
    0.1230   -0.1417   -0.9822
    0.9469    0.3132    0.0734
...   127 G-C ...
  -40.5960   47.5554   13.3239
    0.1929   -0.8946   -0.4032
   -0.0504    0.4013   -0.9145
    0.9799    0.1967    0.0323
...   128 A-T ...
  -37.3841   48.1149   13.5146
    0.0743   -0.5083   -0.8579
   -0.1485    0.8451   -0.5136
    0.9861    0.1656   -0.0126
...   129 C-G ...
  -34.0959   48.0168   13.6078
   -0.0613   -0.0090   -0.9981
   -0.1509    0.9885    0.0003
    0.9866    0.1506   -0.0619
...   130 C-G ...
  -30.7649   48.1928   13.1225
   -0.2354    0.5016   -0.8325
   -0.0595    0.8475    0.5275
    0.9701    0.1738   -0.1697
...   131 A-T ...
  -27.5742   48.9346   12.4971
   -0.3366    0.8643   -0.3738
    0.1336    0.4367    0.8896
    0.9321    0.2495   -0.2624
...   132 A-T ...
  -24.6419   49.7334   11.3631
   -0.1997    0.9599    0.1967
    0.3157   -0.1270    0.9403
    0.9276    0.2499   -0.2776
...   133 A-T ...
  -21.7532   50.6842   10.2135
    0.0375    0.7196    0.6934
    0.3798   -0.6521    0.6562
    0.9243    0.2388   -0.2977
...   134 T-A ...
  -19.0160   52.0246    8.9250
    0.2452    0.2905    0.9249
    0.3073   -0.9281    0.2101
    0.9195    0.2328   -0.3169
...   135 G-C ...
  -16.4638   53.8826    7.5153
    0.5339   -0.3333    0.7771
    0.0346   -0.9097   -0.4139
    0.8449    0.2479   -0.4741
...   136 T-A ...
  -14.1749   56.5549    6.1808
    0.5795   -0.7269    0.3685
   -0.3141   -0.6164   -0.7221
    0.7521    0.3026   -0.5855
...   137 G-C ...
  -11.6538   57.9994    4.7204
    0.2452   -0.9542   -0.1714
   -0.6323   -0.0234   -0.7744
    0.7349    0.2983   -0.6091
...   138 A-T ...
   -8.6759   58.7135    3.6025
   -0.0345   -0.7815   -0.6229
   -0.6536    0.4891   -0.5775
    0.7560    0.3872   -0.5277
...   139 G-C ...
   -6.3275   59.0729    1.6297
   -0.2969   -0.3279   -0.8968
   -0.5657    0.8171   -0.1114
    0.7693    0.4742   -0.4281
...   140 C-G ...
   -3.4369   60.2281    1.0287
   -0.4426    0.2287   -0.8671
   -0.1681    0.9286    0.3308
    0.8808    0.2922   -0.3725
...   141 G-C ...
   -0.6977   63.8914   -2.2509
   -0.9992    0.0157   -0.0376
   -0.0024    0.8991    0.4378
    0.0407    0.4375   -0.8983
...   142 C-G ...
   -1.0065   65.5990   -4.9401
   -0.8337    0.5216    0.1813
    0.5170    0.6219    0.5881
    0.1940    0.5841   -0.7882
...   143 T-A ...
   -0.1333   66.2087   -7.8196
   -0.3753    0.8566    0.3540
    0.8856    0.2187    0.4098
    0.2736    0.4673   -0.8407
...   144 C-G ...
   -0.1666   67.4022  -10.8067
    0.1797    0.8793    0.4411
    0.9277   -0.3007    0.2214
    0.3273    0.3694   -0.8697
...   145 A-T ...
    0.5266   69.2315  -13.4659
    0.7352    0.4964    0.4616
    0.6118   -0.7791   -0.1367
    0.2918    0.3829   -0.8765
...   146 C-G ...
    1.4338   72.0894  -15.6019
    0.9809    0.0621    0.1844
    0.1264   -0.9240   -0.3608
    0.1480    0.3772   -0.9142
...   147 A-T ...
    2.3047   74.2225  -18.3863
    0.8657   -0.4292   -0.2575
   -0.4984   -0.7868   -0.3642
   -0.0463    0.4436   -0.8950
