  147 base-pairs
...     1 A-T ...
    0.0000    0.0000    0.0000
    1.0000    0.0000    0.0000
    0.0000    1.0000    0.0000
    0.0000    0.0000    1.0000
...     2 G-C ...
   -0.1394   -1.2357    3.2268
    0.7529    0.6366    0.1670
   -0.6386    0.7680   -0.0486
   -0.1592   -0.0700    0.9848
...     3 T-A ...
   -0.0365   -3.2932    6.3751
    0.2722    0.9301    0.2466
   -0.9238    0.3243   -0.2033
   -0.2691   -0.1725    0.9475
...     4 G-C ...
   -0.3505   -4.1660    9.4928
   -0.3756    0.9250    0.0579
   -0.8781   -0.3352   -0.3415
   -0.2965   -0.1791    0.9381
...     5 A-T ...
   -0.4462   -4.1476   12.7498
   -0.8116    0.5840   -0.0165
   -0.5523   -0.7762   -0.3042
   -0.1905   -0.2378    0.9524
...     6 G-C ...
   -1.5908   -4.1730   15.6201
   -0.9976    0.0246   -0.0651
   -0.0043   -0.9555   -0.2950
   -0.0695   -0.2940    0.9533
...     7 C-G ...
   -1.1030   -4.4824   18.7362
   -0.8441   -0.5304   -0.0787
    0.5345   -0.8441   -0.0432
   -0.0435   -0.0785    0.9960
...     8 G-C ...
   -2.4028   -7.7290   23.1475
   -0.2754   -0.3293   -0.9032
    0.6650   -0.7437    0.0684
   -0.6942   -0.5818    0.4238
...     9 C-G ...
   -4.4690   -9.9728   24.1132
    0.1145   -0.7025   -0.7024
    0.8512   -0.2952    0.4340
   -0.5122   -0.6476    0.5642
...    10 T-A ...
   -6.7405  -10.8752   25.9697
    0.4841   -0.8363   -0.2574
    0.6595    0.1553    0.7355
   -0.5751   -0.5258    0.6267
...    11 C-G ...
   -9.1656  -12.6208   27.1640
    0.7073   -0.6682    0.2307
    0.3448    0.6110    0.7126
   -0.6171   -0.4245    0.6626
...    12 A-T ...
  -10.9234  -14.6633   29.0693
    0.7515   -0.1377    0.6452
   -0.2029    0.8824    0.4246
   -0.6277   -0.4500    0.6352
...    13 C-G ...
  -11.8476  -17.4863   31.2451
    0.4295    0.2823    0.8578
   -0.5708    0.8209    0.0156
   -0.6998   -0.4963    0.5137
...    14 A-T ...
  -13.5897  -19.7827   33.4259
   -0.1504    0.6104    0.7777
   -0.6874    0.5008   -0.5260
   -0.7106   -0.6136    0.3443
...    15 A-T ...
  -15.7250  -21.8068   34.7839
   -0.4973    0.7967    0.3433
   -0.4921    0.0668   -0.8680
   -0.7145   -0.6006    0.3588
...    16 T-A ...
  -17.7876  -23.6262   36.5855
   -0.6691    0.7295   -0.1419
   -0.1818   -0.3458   -0.9205
   -0.7206   -0.5901    0.3640
...    17 T-A ...
  -20.1091  -25.3808   38.0209
   -0.6533    0.4086   -0.6374
    0.2220   -0.7016   -0.6772
   -0.7238   -0.5839    0.3676
...    18 T-A ...
  -22.5498  -27.0382   39.3764
   -0.4165   -0.0641   -0.9069
    0.5495   -0.8124   -0.1950
   -0.7243   -0.5795    0.3736
...    19 A-T ...
  -24.8294  -29.1465   40.6128
    0.0163   -0.5265   -0.8500
    0.6788   -0.6184    0.3960
   -0.7341   -0.5835    0.3473
...    20 T-A ...
  -27.6478  -30.7032   41.3256
    0.3533   -0.7707   -0.5303
    0.5771   -0.2666    0.7720
   -0.7363   -0.5787    0.3506
...    21 T-A ...
  -30.1815  -32.5338   42.2149
    0.6084   -0.7936    0.0100
    0.2764    0.2237    0.9346
   -0.7439   -0.5659    0.3554
...    22 C-G ...
  -32.5819  -34.4858   43.2993
    0.6737   -0.4965    0.5473
   -0.1367    0.6440    0.7527
   -0.7262   -0.5819    0.3660
...    23 G-C ...
  -35.0199  -36.1761   44.8350
    0.5597    0.0073    0.8287
   -0.4999    0.8005    0.3305
   -0.6610   -0.5992    0.4517
...    24 C-G ...
  -36.8777  -38.4698   46.3353
    0.2335    0.4688    0.8519
   -0.7266    0.6664   -0.1675
   -0.6462   -0.5798    0.4962
...    25 A-T ...
  -39.0750  -40.3018   48.0429
   -0.1374    0.8214    0.5536
   -0.7510    0.2780   -0.5989
   -0.6458   -0.4981    0.5786
...    26 A-T ...
  -40.9814  -41.8828   50.1329
   -0.5217    0.8455    0.1141
   -0.5476   -0.2294   -0.8047
   -0.6542   -0.4823    0.5827
...    27 A-T ...
  -43.0150  -43.2760   52.2337
   -0.7245    0.5837   -0.3666
   -0.1681   -0.6654   -0.7273
   -0.6685   -0.4653    0.5802
...    28 G-C ...
  -45.2794  -44.4930   54.3111
   -0.6530    0.1905   -0.7330
    0.2158   -0.8809   -0.4212
   -0.7260   -0.4332    0.5341
...    29 G-C ...
  -47.9663  -45.6081   56.0117
   -0.3684   -0.2712   -0.8893
    0.5008   -0.8638    0.0560
   -0.7833   -0.4247    0.4540
...    30 C-G ...
  -50.8285  -46.7137   57.2449
   -0.0050   -0.6779   -0.7351
    0.5983   -0.5910    0.5410
   -0.8013   -0.4371    0.4086
...    31 C-G ...
  -53.6555  -48.2483   58.2438
    0.3743   -0.8595   -0.3480
    0.4729   -0.1459    0.8690
   -0.7977   -0.4899    0.3518
...    32 G-C ...
  -56.0506  -50.0199   59.7707
    0.6345   -0.7526    0.1763
    0.1482    0.3423    0.9278
   -0.7586   -0.5626    0.3287
...    33 G-C ...
  -58.5114  -52.1521   60.6674
    0.6557   -0.4078    0.6355
   -0.2362    0.6886    0.6856
   -0.7172   -0.5996    0.3552
...    34 C-G ...
  -60.6903  -54.4552   61.6707
    0.4419    0.0560    0.8953
   -0.5563    0.8001    0.2245
   -0.7037   -0.5973    0.3847
...    35 C-G ...
  -62.8222  -56.7122   63.0238
    0.1276    0.5262    0.8407
   -0.7066    0.6431   -0.2952
   -0.6960   -0.5564    0.4539
...    36 C-G ...
  -64.9033  -58.7427   64.7627
   -0.2002    0.8390    0.5060
   -0.6649    0.2630   -0.6991
   -0.7196   -0.4764    0.5051
...    37 G-C ...
  -67.5025  -60.2314   66.2357
   -0.4158    0.9090   -0.0285
   -0.4594   -0.2370   -0.8560
   -0.7849   -0.3428    0.5162
...    38 A-T ...
  -70.0373  -61.2556   68.0007
   -0.5491    0.6329   -0.5458
   -0.1499   -0.7171   -0.6807
   -0.8222   -0.2919    0.4886
...    39 C-G ...
  -72.7111  -61.6007   69.8648
   -0.5031    0.1943   -0.8421
    0.1305   -0.9461   -0.2963
   -0.8543   -0.2590    0.4506
...    40 A-T ...
  -75.6379  -62.4933   71.1874
   -0.2407   -0.3252   -0.9145
    0.3303   -0.9134    0.2379
   -0.9127   -0.2448    0.3273
...    41 C-G ...
  -78.8576  -62.7967   71.8572
   -0.0087   -0.7437   -0.6685
    0.3773   -0.6216    0.6865
   -0.9261   -0.2462    0.2860
...    42 G-C ...
  -81.7638  -64.0551   72.9446
    0.2726   -0.9437   -0.1875
    0.2509   -0.1184    0.9607
   -0.9288   -0.3089    0.2045
...    43 A-T ...
  -84.8238  -65.1486   73.4845
    0.3650   -0.8296    0.4225
    0.0257    0.4626    0.8862
   -0.9307   -0.3126    0.1901
...    44 C-G ...
  -87.8193  -66.6344   73.6661
    0.3195   -0.4604    0.8282
   -0.1723    0.8312    0.5286
   -0.9318   -0.3115    0.1862
...    45 T-A ...
  -90.7983  -67.9846   74.2844
    0.2071    0.0619    0.9764
   -0.3102    0.9506    0.0055
   -0.9278   -0.3040    0.2161
...    46 T-A ...
  -93.7143  -69.2457   74.9888
   -0.0195    0.5904    0.8068
   -0.3474    0.7527   -0.5592
   -0.9375   -0.2912    0.1904
...    47 A-T ...
  -96.8308  -70.1904   75.6955
   -0.1208    0.9386    0.3232
   -0.2696    0.2823   -0.9206
   -0.9554   -0.1984    0.2189
...    48 C-G ...
  -99.7665  -70.8133   77.0081
   -0.1809    0.9617   -0.2061
   -0.1713   -0.2372   -0.9563
   -0.9685   -0.1377    0.2076
...    49 T-A ...
 -102.9221  -70.9449   77.9284
   -0.1336    0.7172   -0.6839
   -0.0831   -0.6958   -0.7134
   -0.9876   -0.0385    0.1525
...    50 G-C ...
 -106.2600  -70.8521   78.1369
    0.0011    0.2269   -0.9739
   -0.0540   -0.9725   -0.2266
   -0.9985    0.0528    0.0112
...    51 T-A ...
 -109.4234  -70.0323   78.0193
    0.0249   -0.3067   -0.9515
   -0.0812   -0.9493    0.3038
   -0.9964    0.0697   -0.0485
...    52 A-T ...
 -112.7412  -69.9645   77.7240
    0.0209   -0.8096   -0.5866
   -0.1377   -0.5835    0.8004
   -0.9903    0.0640   -0.1237
...    53 G-C ...
 -115.9578  -69.6959   76.9416
   -0.0309   -0.9973   -0.0667
   -0.1692   -0.0605    0.9837
   -0.9851    0.0417   -0.1669
...    54 G-C ...
 -119.2348  -69.8173   76.1078
   -0.0916   -0.8634    0.4961
   -0.1582    0.5045    0.8488
   -0.9832   -0.0008   -0.1828
...    55 T-A ...
 -122.4021  -70.2603   75.0608
   -0.1769   -0.4589    0.8707
   -0.0751    0.8884    0.4529
   -0.9814    0.0148   -0.1916
...    56 C-G ...
 -125.6251  -70.2968   74.3284
   -0.1889    0.1677    0.9676
    0.0740    0.9849   -0.1563
   -0.9792    0.0420   -0.1985
...    57 A-T ...
 -128.8222  -69.9479   73.4809
   -0.0226    0.6978    0.7160
    0.1905    0.7060   -0.6821
   -0.9814    0.1210   -0.1489
...    58 T-A ...
 -132.1003  -69.8755   73.5559
    0.1005    0.9538    0.2831
    0.1922    0.2605   -0.9461
   -0.9762    0.1495   -0.1571
...    59 G-C ...
 -135.3321  -69.1431   73.0569
    0.3541    0.9045   -0.2377
    0.0987   -0.2889   -0.9522
   -0.9300    0.3138   -0.1916
...    60 T-A ...
 -138.2482  -67.7172   72.9293
    0.4331    0.6064   -0.6668
   -0.1048   -0.7009   -0.7055
   -0.8953    0.3754   -0.2400
...    61 T-A ...
 -141.0179  -66.2685   72.1744
    0.3705    0.0987   -0.9236
   -0.3522   -0.9051   -0.2380
   -0.8595    0.4135   -0.3006
...    62 A-T ...
 -143.6154  -64.6838   70.8303
    0.2391   -0.4676   -0.8510
   -0.5662   -0.7792    0.2690
   -0.7889    0.4174   -0.4511
...    63 T-A ...
 -145.7032  -62.9098   69.0117
   -0.0801   -0.7969   -0.5988
   -0.6295   -0.4254    0.6503
   -0.7729    0.4290   -0.4676
...    64 A-T ...
 -148.5463  -61.5485   67.7855
   -0.5126   -0.8554   -0.0748
   -0.4483    0.1924    0.8729
   -0.7323    0.4810   -0.4821
...    65 A-T ...
 -150.7746  -60.0894   65.8854
   -0.7345   -0.5393    0.4118
   -0.0516    0.6495    0.7586
   -0.6766    0.5360   -0.5049
...    66 C-G ...
 -153.0885  -58.7906   63.8206
   -0.6617   -0.1009    0.7429
    0.3555    0.8302    0.4294
   -0.6601    0.5482   -0.5135
...    67 G-C ...
 -154.8728  -56.5543   62.0917
   -0.2958    0.3459    0.8904
    0.6981    0.7145   -0.0456
   -0.6520    0.6082   -0.4528
...    68 G-C ...
 -157.2162  -54.7374   60.4737
    0.1845    0.6153    0.7664
    0.7715    0.3924   -0.5008
   -0.6089    0.6837   -0.4023
...    69 A-T ...
 -159.2652  -52.5981   59.1484
    0.6342    0.6733    0.3801
    0.5450   -0.0407   -0.8374
   -0.5484    0.7382   -0.3928
...    70 T-A ...
 -161.1905  -50.0631   58.5006
    0.8484    0.5269   -0.0507
    0.1692   -0.3608   -0.9172
   -0.5016    0.7696   -0.3952
...    71 A-T ...
 -162.4143  -47.0277   57.7116
    0.9256    0.0812   -0.3697
   -0.2786   -0.5151   -0.8106
   -0.2563    0.8533   -0.4542
...    72 T-A ...
 -162.7966  -43.9672   56.6923
    0.6870   -0.2217   -0.6920
   -0.6975   -0.4683   -0.5424
   -0.2038    0.8553   -0.4764
...    73 C-G ...
 -163.1349  -41.2460   54.9579
    0.1824   -0.4938   -0.8502
   -0.9741   -0.2081   -0.0882
   -0.1334    0.8443   -0.5190
...    74 T-A ...
 -163.1297  -38.5609   53.0408
   -0.3424   -0.5680   -0.7484
   -0.9360    0.1369    0.3244
   -0.0818    0.8116   -0.5785
...    75 C-G ...
 -163.3535  -36.0587   50.9272
   -0.8284   -0.3685   -0.4219
   -0.5578    0.4739    0.6813
   -0.0511    0.7998   -0.5981
...    76 G-C ...
 -163.7782  -33.1943   49.2794
   -0.9969   -0.0521    0.0585
    0.0133    0.6242    0.7812
   -0.0772    0.7795   -0.6216
...    77 A-T ...
 -163.9233  -30.7167   47.1139
   -0.7936    0.3415    0.5036
    0.6063    0.5139    0.6068
   -0.0516    0.7869   -0.6149
...    78 G-C ...
 -164.2769  -28.2475   44.9363
   -0.3532    0.5281    0.7723
    0.9350    0.2284    0.2714
   -0.0331    0.8179   -0.5744
...    79 C-G ...
 -164.7398  -25.6612   42.9309
    0.2054    0.5198    0.8292
    0.9786   -0.1170   -0.1691
    0.0091    0.8462   -0.5327
...    80 T-A ...
 -164.9019  -22.7482   41.4123
    0.6683    0.3028    0.6795
    0.7393   -0.3718   -0.5614
    0.0827    0.8775   -0.4723
...    81 C-G ...
 -164.6020  -19.8467   40.0046
    0.9561   -0.0385    0.2904
    0.2392   -0.4696   -0.8499
    0.1691    0.8820   -0.4398
...    82 G-C ...
 -163.6686  -17.0640   38.4510
    0.8915   -0.4393   -0.1112
   -0.2744   -0.3282   -0.9039
    0.3605    0.8363   -0.4131
...    83 G-C ...
 -161.8625  -14.4195   37.3818
    0.5718   -0.6422   -0.5105
   -0.6641    0.0030   -0.7476
    0.4817    0.7665   -0.4248
...    84 G-C ...
 -159.6718  -12.2503   35.9745
    0.0912   -0.6113   -0.7862
   -0.8238    0.3972   -0.4044
    0.5594    0.6845   -0.4674
...    85 A-T ...
 -157.6910  -10.2037   34.3362
   -0.4138   -0.2710   -0.8691
   -0.6979    0.7075    0.1116
    0.5846    0.6527   -0.4819
...    86 T-A ...
 -155.3578   -8.6365   32.5746
   -0.6930    0.1475   -0.7057
   -0.3871    0.7497    0.5368
    0.6083    0.6451   -0.4624
...    87 C-G ...
 -153.3444   -6.6080   30.9416
   -0.7798    0.5716   -0.2556
    0.0998    0.5164    0.8505
    0.6181    0.6377   -0.4597
...    88 C-G ...
 -151.3263   -4.5778   29.1531
   -0.6311    0.7264    0.2721
    0.5036    0.1169    0.8560
    0.5900    0.6773   -0.4396
...    89 G-C ...
 -149.0049   -2.4585   28.0381
   -0.3045    0.5998    0.7399
    0.7534   -0.3236    0.5724
    0.5828    0.7318   -0.3534
...    90 C-G ...
 -147.4126    0.0967   26.7006
    0.1086    0.2904    0.9507
    0.7898   -0.6060    0.0949
    0.6037    0.7405   -0.2952
...    91 T-A ...
 -145.6173    2.7473   25.9516
    0.4341   -0.1245    0.8922
    0.6299   -0.6661   -0.3994
    0.6440    0.7354   -0.2108
...    92 T-A ...
 -143.6230    5.2370   25.4852
    0.6702   -0.5052    0.5437
    0.2982   -0.4875   -0.8206
    0.6796    0.7121   -0.1760
...    93 T-A ...
 -141.4017    7.5570   25.2022
    0.6891   -0.7243    0.0212
   -0.0999   -0.1240   -0.9872
    0.7177    0.6782   -0.1578
...    94 A-T ...
 -138.7117    9.5112   24.9999
    0.4214   -0.7727   -0.4747
   -0.3985    0.3124   -0.8623
    0.8146    0.5525   -0.1763
...    95 A-T ...
 -135.8953   11.0655   24.6106
    0.1233   -0.4754   -0.8711
   -0.5461    0.7004   -0.4595
    0.8286    0.5324   -0.1733
...    96 C-G ...
 -132.8199   12.2188   24.1351
   -0.1895   -0.0578   -0.9802
   -0.5094    0.8592    0.0479
    0.8394    0.5084   -0.1923
...    97 A-T ...
 -130.1241   14.0155   23.4597
   -0.4985    0.4020   -0.7680
   -0.2820    0.7626    0.5822
    0.8198    0.5068   -0.2667
...    98 C-G ...
 -127.3546   15.2638   22.0953
   -0.5770    0.7368   -0.3525
    0.0231    0.4462    0.8947
    0.8164    0.5081   -0.2744
...    99 T-A ...
 -124.7631   16.9176   20.8678
   -0.5106    0.8416    0.1763
    0.3254   -0.0007    0.9456
    0.7959    0.5402   -0.2735
...   100 T-A ...
 -122.2881   18.6732   19.7079
   -0.2279    0.7008    0.6760
    0.5430   -0.4848    0.6857
    0.8082    0.5233   -0.2700
...   101 T-A ...
 -119.8267   20.5198   18.6893
    0.1074    0.3048    0.9463
    0.5666   -0.8009    0.1937
    0.8170    0.5154   -0.2587
...   102 A-T ...
 -117.1175   22.3056   18.0070
    0.3105   -0.2463    0.9181
    0.4266   -0.8270   -0.3662
    0.8495    0.5054   -0.1517
...   103 T-A ...
 -114.5989   24.3951   17.9668
    0.4579   -0.6346    0.6226
    0.2210   -0.5971   -0.7711
    0.8611    0.4906   -0.1331
...   104 G-C ...
 -111.5704   25.7590   17.6785
    0.3836   -0.9155    0.1211
   -0.0263   -0.1419   -0.9895
    0.9231    0.3764   -0.0785
...   105 C-G ...
 -108.4392   26.7632   17.8990
    0.2561   -0.8715   -0.4182
   -0.1982    0.3761   -0.9051
    0.9461    0.3147   -0.0764
...   106 T-A ...
 -105.2013   27.4191   17.8621
    0.0562   -0.5737   -0.8171
   -0.2615    0.7814   -0.5666
    0.9636    0.2455   -0.1062
...   107 T-A ...
 -102.0003   27.9177   17.6442
   -0.0930   -0.0360   -0.9950
   -0.2401    0.9707   -0.0127
    0.9663    0.2377   -0.0989
...   108 C-G ...
  -98.8254   28.5718   17.1923
   -0.2357    0.5289   -0.8153
   -0.1255    0.8154    0.5652
    0.9637    0.2355   -0.1258
...   109 C-G ...
  -95.6059   29.2225   16.4340
   -0.3331    0.8653   -0.3746
    0.0413    0.4103    0.9110
    0.9420    0.2880   -0.1724
...   110 G-C ...
  -92.4743   30.3409   16.2511
   -0.3432    0.9163    0.2064
    0.2380   -0.1277    0.9628
    0.9086    0.3795   -0.1743
...   111 G-C ...
  -89.5488   31.7849   15.4356
   -0.2330    0.6737    0.7014
    0.3967   -0.5926    0.7010
    0.8879    0.4415   -0.1291
...   112 C-G ...
  -86.8395   33.5775   14.8577
   -0.0249    0.2294    0.9730
    0.4648   -0.8591    0.2145
    0.8851    0.4576   -0.0852
...   113 T-A ...
  -84.0767   35.3816   14.7616
    0.1601   -0.2741    0.9483
    0.4258   -0.8475   -0.3169
    0.8906    0.4545   -0.0190
...   114 C-G ...
  -81.1934   36.9077   14.8598
    0.3377   -0.7298    0.5944
    0.2657   -0.5319   -0.8041
    0.9030    0.4294    0.0143
...   115 G-C ...
  -78.0760   38.0547   14.7195
    0.3109   -0.9484    0.0621
    0.0716   -0.0418   -0.9966
    0.9477    0.3143    0.0548
...   116 T-A ...
  -74.9793   38.8676   15.5181
    0.2663   -0.8490   -0.4563
   -0.0905    0.4493   -0.8888
    0.9596    0.2780    0.0428
...   117 A-T ...
  -71.7334   39.5649   15.6747
    0.0809   -0.4797   -0.8737
   -0.1941    0.8522   -0.4859
    0.9776    0.2089   -0.0241
...   118 T-A ...
  -68.4479   39.5746   15.7642
   -0.0360    0.0040   -0.9993
   -0.2042    0.9789    0.0113
    0.9783    0.2045   -0.0344
...   119 A-T ...
  -65.2001   40.2190   15.5199
   -0.2208    0.5386   -0.8131
   -0.1205    0.8123    0.5707
    0.9679    0.2240   -0.1145
...   120 A-T ...
  -62.0654   40.7700   14.9018
   -0.2532    0.8995   -0.3562
    0.0286    0.3750    0.9266
    0.9670    0.2244   -0.1207
...   121 T-A ...
  -59.0197   41.3986   13.8313
   -0.2076    0.9661    0.1536
    0.1546   -0.1227    0.9803
    0.9659    0.2273   -0.1239
...   122 G-C ...
  -55.8308   42.2942   13.6793
   -0.1735    0.7080    0.6846
    0.2747   -0.6328    0.7240
    0.9458    0.3136   -0.0847
...   123 T-A ...
  -52.9601   43.8421   13.1267
   -0.0298    0.2739    0.9613
    0.3302   -0.9051    0.2681
    0.9435    0.3254   -0.0634
...   124 G-C ...
  -49.7756   44.7640   13.1536
    0.0773   -0.3078    0.9483
    0.3137   -0.8953   -0.3162
    0.9464    0.3220    0.0273
...   125 T-A ...
  -46.8670   46.2761   13.6434
    0.2040   -0.7324    0.6496
    0.2288   -0.6095   -0.7590
    0.9519    0.3035    0.0433
...   126 C-G ...
  -43.7620   47.2635   13.9383
    0.2668   -0.9595    0.0906
    0.0718   -0.0739   -0.9947
    0.9611    0.2719    0.0492
...   127 G-C ...
  -40.5489   48.1026   13.7782
    0.1416   -0.8738   -0.4651
   -0.0686    0.4601   -0.8852
    0.9875    0.1573    0.0052
...   128 A-T ...
  -37.3184   48.5197   13.8876
    0.0260   -0.4630   -0.8860
   -0.1331    0.8768   -0.4621
    0.9908    0.1299   -0.0388
...   129 C-G ...
  -34.0388   48.2985   13.8601
   -0.0909    0.0394   -0.9951
   -0.1151    0.9921    0.0498
    0.9892    0.1190   -0.0856
...   130 C-G ...
  -30.7204   48.3601   13.2958
   -0.2405    0.5388   -0.8074
   -0.0198    0.8289    0.5591
    0.9705    0.1504   -0.1887
...   131 A-T ...
  -27.5331   48.9964   12.5969
   -0.3238    0.8810   -0.3448
    0.1636    0.4111    0.8968
    0.9319    0.2340   -0.2773
...   132 A-T ...
  -24.6165   49.7549   11.4065
   -0.1810    0.9598    0.2146
    0.3298   -0.1464    0.9326
    0.9265    0.2396   -0.2900
...   133 A-T ...
  -21.7428   50.6890   10.2203
    0.0476    0.7150    0.6975
    0.3818   -0.6583    0.6487
    0.9230    0.2354   -0.3043
...   134 T-A ...
  -19.0160   52.0244    8.9250
    0.2452    0.2905    0.9249
    0.3073   -0.9281    0.2101
    0.9195    0.2328   -0.3169
...   135 G-C ...
  -16.4638   53.8825    7.5153
    0.5339   -0.3333    0.7771
    0.0346   -0.9097   -0.4139
    0.8449    0.2479   -0.4741
...   136 T-A ...
  -14.1749   56.5547    6.1808
    0.5795   -0.7269    0.3685
   -0.3141   -0.6164   -0.7221
    0.7521    0.3026   -0.5855
...   137 G-C ...
  -11.6539   57.9993    4.7205
    0.2452   -0.9542   -0.1714
   -0.6323   -0.0234   -0.7744
    0.7349    0.2983   -0.6091
...   138 A-T ...
   -8.6759   58.7134    3.6025
   -0.0345   -0.7815   -0.6229
   -0.6536    0.4891   -0.5775
    0.7560    0.3872   -0.5277
...   139 G-C ...
   -6.3275   59.0727    1.6297
   -0.2969   -0.3279   -0.8968
   -0.5657    0.8171   -0.1114
    0.7693    0.4742   -0.4281
...   140 C-G ...
   -3.4369   60.2279    1.0287
   -0.4426    0.2287   -0.8671
   -0.1681    0.9286    0.3308
    0.8808    0.2922   -0.3725
...   141 G-C ...
   -0.6977   63.8912   -2.2509
   -0.9992    0.0157   -0.0376
   -0.0024    0.8991    0.4378
    0.0407    0.4375   -0.8983
...   142 C-G ...
   -1.0065   65.5988   -4.9400
   -0.8337    0.5216    0.1813
    0.5170    0.6219    0.5881
    0.1940    0.5841   -0.7882
...   143 T-A ...
   -0.1333   66.2085   -7.8196
   -0.3753    0.8566    0.3540
    0.8856    0.2187    0.4098
    0.2736    0.4673   -0.8407
...   144 C-G ...
   -0.1666   67.4020  -10.8067
    0.1798    0.8793    0.4411
    0.9277   -0.3007    0.2214
    0.3273    0.3694   -0.8697
...   145 A-T ...
    0.5266   69.2313  -13.4659
    0.7352    0.4964    0.4616
    0.6118   -0.7791   -0.1367
    0.2918    0.3829   -0.8765
...   146 C-G ...
    1.4338   72.0892  -15.6018
    0.9809    0.0621    0.1844
    0.1264   -0.9240   -0.3608
    0.1480    0.3772   -0.9142
...   147 A-T ...
    2.3047   74.2223  -18.3863
    0.8657   -0.4292   -0.2575
   -0.4984   -0.7868   -0.3642
   -0.0463    0.4436   -0.8950
