  147 base-pairs
...     1 A-T ...
    0.0000    0.0000    0.0000
    1.0000    0.0000    0.0000
    0.0000    1.0000    0.0000
    0.0000    0.0000    1.0000
...     2 G-C ...
   -0.1394   -1.2357    3.2268
    0.7529    0.6366    0.1670
   -0.6386    0.7680   -0.0486
   -0.1592   -0.0700    0.9848
...     3 T-A ...
   -0.0365   -3.2932    6.3751
    0.2722    0.9301    0.2466
   -0.9238    0.3243   -0.2033
   -0.2691   -0.1725    0.9475
...     4 G-C ...
   -0.3505   -4.1660    9.4928
   -0.3756    0.9250    0.0579
   -0.8781   -0.3352   -0.3415
   -0.2965   -0.1791    0.9381
...     5 A-T ...
   -0.4462   -4.1476   12.7498
   -0.8116    0.5840   -0.0165
   -0.5523   -0.7762   -0.3042
   -0.1905   -0.2378    0.9524
...     6 G-C ...
   -1.5908   -4.1730   15.6201
   -0.9976    0.0246   -0.0651
   -0.0043   -0.9555   -0.2950
   -0.0695   -0.2940    0.9533
...     7 C-G ...
   -1.1030   -4.4824   18.7362
   -0.8441   -0.5304   -0.0787
    0.5345   -0.8441   -0.0432
   -0.0435   -0.0785    0.9960
...     8 G-C ...
   -2.4028   -7.7290   23.1475
   -0.2754   -0.3293   -0.9032
    0.6650   -0.7437    0.0684
   -0.6942   -0.5818    0.4238
...     9 C-G ...
   -4.4690   -9.9728   24.1132
    0.1145   -0.7025   -0.7024
    0.8512   -0.2952    0.4340
   -0.5122   -0.6476    0.5642
...    10 T-A ...
   -6.7405  -10.8752   25.9697
    0.4841   -0.8363   -0.2574
    0.6595    0.1553    0.7355
   -0.5751   -0.5258    0.6267
...    11 C-G ...
   -9.1656  -12.6208   27.1640
    0.7073   -0.6682    0.2307
    0.3448    0.6110    0.7126
   -0.6171   -0.4245    0.6626
...    12 A-T ...
  -10.9234  -14.6633   29.0693
    0.7515   -0.1377    0.6452
   -0.2029    0.8824    0.4246
   -0.6277   -0.4500    0.6352
...    13 C-G ...
  -11.8476  -17.4863   31.2451
    0.4295    0.2823    0.8578
   -0.5708    0.8209    0.0156
   -0.6998   -0.4963    0.5137
...    14 A-T ...
  -13.5897  -19.7827   33.4259
   -0.1504    0.6104    0.7777
   -0.6874    0.5008   -0.5260
   -0.7106   -0.6136    0.3443
...    15 A-T ...
  -15.8140  -21.8032   34.6396
   -0.4849    0.8091    0.3318
   -0.4886    0.0641   -0.8702
   -0.7254   -0.5841    0.3643
...    16 T-A ...
  -17.9108  -23.6473   36.5579
   -0.6954    0.6984   -0.1693
   -0.1504   -0.3717   -0.9161
   -0.7027   -0.6116    0.3635
...    17 T-A ...
  -20.1782  -25.4346   38.1293
   -0.6796    0.3275   -0.6564
    0.2855   -0.7061   -0.6479
   -0.6757   -0.6278    0.3864
...    18 T-A ...
  -22.4728  -27.2433   39.5177
   -0.4020   -0.1106   -0.9090
    0.6106   -0.7721   -0.1761
   -0.6824   -0.6258    0.3779
...    19 A-T ...
  -24.6423  -29.4765   40.6793
    0.0484   -0.4833   -0.8741
    0.7205   -0.5892    0.3657
   -0.6918   -0.6475    0.3196
...    20 T-A ...
  -27.3881  -31.2072   41.3827
    0.3934   -0.7282   -0.5612
    0.6021   -0.2573    0.7558
   -0.6948   -0.6352    0.3372
...    21 T-A ...
  -29.8196  -33.2398   42.2059
    0.6595   -0.7506   -0.0420
    0.2772    0.1908    0.9417
   -0.6988   -0.6326    0.3339
...    22 C-G ...
  -32.0870  -35.3606   43.2497
    0.7237   -0.4848    0.4911
   -0.1571    0.5773    0.8013
   -0.6719   -0.6571    0.3416
...    23 G-C ...
  -34.3463  -37.2003   44.9374
    0.6102    0.0094    0.7922
   -0.5498    0.7249    0.4149
   -0.5704   -0.6888    0.4475
...    24 C-G ...
  -35.9399  -39.7000   46.2987
    0.2717    0.4242    0.8639
   -0.7839    0.6182   -0.0570
   -0.5582   -0.6617    0.5005
...    25 A-T ...
  -37.9939  -41.6985   47.8783
   -0.1453    0.7505    0.6447
   -0.8109    0.2830   -0.5122
   -0.5669   -0.5972    0.5675
...    26 A-T ...
  -39.6981  -43.5991   49.9333
   -0.5599    0.7906    0.2479
   -0.6009   -0.1815   -0.7785
   -0.5705   -0.5849    0.5766
...    27 A-T ...
  -41.3227  -45.3536   52.1333
   -0.8036    0.5490   -0.2298
   -0.1793   -0.5916   -0.7861
   -0.5674   -0.5905    0.5739
...    28 G-C ...
  -43.3186  -46.8810   54.3695
   -0.7415    0.2036   -0.6393
    0.2426   -0.8071   -0.5383
   -0.6256   -0.5542    0.5491
...    29 G-C ...
  -45.7647  -48.4065   56.2517
   -0.4321   -0.2218   -0.8741
    0.5930   -0.8001   -0.0901
   -0.6794   -0.5573    0.4773
...    30 C-G ...
  -48.3221  -49.9347   57.5823
   -0.0093   -0.5819   -0.8132
    0.7130   -0.5741    0.4026
   -0.7011   -0.5761    0.4202
...    31 C-G ...
  -50.9012  -51.6489   58.8509
    0.4302   -0.7550   -0.4949
    0.5881   -0.1816    0.7882
   -0.6849   -0.6301    0.3659
...    32 G-C ...
  -52.7169  -53.7534   60.0941
    0.7260   -0.6838   -0.0730
    0.2689    0.1845    0.9453
   -0.6330   -0.7059    0.3178
...    33 G-C ...
  -54.4548  -56.5341   60.9039
    0.7847   -0.4403    0.4364
   -0.1950    0.4929    0.8479
   -0.5885   -0.7504    0.3009
...    34 C-G ...
  -56.1297  -59.2287   61.6710
    0.5741   -0.0762    0.8152
   -0.5968    0.6428    0.4803
   -0.5607   -0.7622    0.3235
...    35 C-G ...
  -57.6093  -62.0152   62.9349
    0.1799    0.3234    0.9290
   -0.8209    0.5697   -0.0393
   -0.5419   -0.7556    0.3680
...    36 C-G ...
  -59.1341  -64.6559   64.3308
   -0.2565    0.6160    0.7448
   -0.7983    0.2994   -0.5226
   -0.5449   -0.7286    0.4149
...    37 G-C ...
  -61.3425  -67.0401   65.0572
   -0.5862    0.7480    0.3113
   -0.5309   -0.0644   -0.8450
   -0.6120   -0.6605    0.4349
...    38 A-T ...
  -63.1311  -69.2257   66.4246
   -0.7705    0.5929   -0.2340
   -0.0846   -0.4590   -0.8844
   -0.6318   -0.6617    0.4038
...    39 C-G ...
  -65.3446  -70.9070   67.9884
   -0.6642    0.3282   -0.6716
    0.3032   -0.7029   -0.6434
   -0.6833   -0.6310    0.3674
...    40 A-T ...
  -67.7942  -72.8280   69.1353
   -0.3097   -0.0178   -0.9507
    0.5822   -0.7940   -0.1748
   -0.7518   -0.6076    0.2562
...    41 C-G ...
  -70.6030  -74.4375   69.6143
    0.0660   -0.3700   -0.9267
    0.6389   -0.6977    0.3241
   -0.7665   -0.6134    0.1903
...    42 G-C ...
  -72.8381  -76.8004   70.2725
    0.4665   -0.6571   -0.5921
    0.4338   -0.4135    0.8005
   -0.7709   -0.6303    0.0922
...    43 A-T ...
  -75.3008  -78.7803   70.4976
    0.6274   -0.7785   -0.0166
    0.0806    0.0437    0.9958
   -0.7745   -0.6261    0.0902
...    44 C-G ...
  -77.7208  -81.0253   70.1298
    0.5959   -0.6270    0.5018
   -0.2726    0.4298    0.8608
   -0.7554   -0.6497    0.0852
...    45 T-A ...
  -79.9912  -83.8783   69.9730
    0.3442   -0.3008    0.8894
   -0.5462    0.7064    0.4503
   -0.7637   -0.6408    0.0789
...    46 T-A ...
  -82.1948  -86.2934   69.9424
   -0.0030    0.0693    0.9976
   -0.6225    0.7806   -0.0561
   -0.7826   -0.6211    0.0408
...    47 A-T ...
  -84.7404  -88.3943   70.1877
   -0.2801    0.5393    0.7942
   -0.5183    0.6115   -0.5979
   -0.8081   -0.5791    0.1082
...    48 C-G ...
  -87.0393  -90.5952   71.0247
   -0.4681    0.8028    0.3694
   -0.2969    0.2509   -0.9214
   -0.8323   -0.5409    0.1209
...    49 T-A ...
  -89.7578  -92.3188   71.9332
   -0.4706    0.8671   -0.1629
   -0.0407   -0.2058   -0.9777
   -0.8814   -0.4535    0.1322
...    50 G-C ...
  -92.9517  -93.4448   72.3573
   -0.2491    0.6987   -0.6706
    0.1759   -0.6483   -0.7408
   -0.9524   -0.3025    0.0386
...    51 T-A ...
  -96.0802  -93.8997   72.7605
   -0.0531    0.3490   -0.9356
    0.2483   -0.9029   -0.3509
   -0.9672   -0.2509   -0.0388
...    52 A-T ...
  -99.3740  -93.9234   72.2192
    0.2717   -0.0962   -0.9576
    0.1584   -0.9769    0.1431
   -0.9493   -0.1906   -0.2501
...    53 G-C ...
 -102.4327  -94.0977   71.2465
    0.3906   -0.5384   -0.7467
   -0.0469   -0.8217    0.5679
   -0.9194   -0.1868   -0.3462
...    54 G-C ...
 -105.4821  -94.2476   69.2139
    0.3508   -0.8823   -0.3139
   -0.2889   -0.4208    0.8599
   -0.8908   -0.2110   -0.4025
...    55 T-A ...
 -108.1424  -94.9803   67.3964
    0.1308   -0.9778    0.1640
   -0.4442    0.0901    0.8914
   -0.8863   -0.1894   -0.4225
...    56 A-T ...
 -110.9119  -95.7759   65.6369
   -0.1677   -0.7406    0.6507
   -0.4413    0.6466    0.6222
   -0.8815   -0.1828   -0.4353
...    57 T-A ...
 -113.4436  -96.9155   63.8197
   -0.4061   -0.3180    0.8567
   -0.2718    0.9371    0.2190
   -0.8725   -0.1439   -0.4670
...    58 C-G ...
 -116.3541  -97.7081   62.3325
   -0.4904    0.3162    0.8121
    0.0630    0.9423   -0.3288
   -0.8692   -0.1101   -0.4821
...    59 T-A ...
 -119.3793  -98.2206   61.0193
   -0.3188    0.7583    0.5686
    0.3117    0.6504   -0.6926
   -0.8951   -0.0436   -0.4438
...    60 C-G ...
 -122.3316  -98.5665   59.5633
   -0.0185    0.9940    0.1074
    0.4660    0.1036   -0.8787
   -0.8846    0.0338   -0.4651
...    61 T-A ...
 -125.3181  -98.1661   58.2768
    0.3170    0.9025   -0.2914
    0.3896   -0.4041   -0.8276
   -0.8647    0.1488   -0.4798
...    62 C-G ...
 -127.9076  -97.1517   56.6209
    0.5666    0.5146   -0.6436
    0.0920   -0.8157   -0.5711
   -0.8188    0.2644   -0.5095
...    63 A-T ...
 -130.5659  -95.3696   55.2366
    0.6434    0.0053   -0.7655
   -0.3085   -0.9134   -0.2657
   -0.7006    0.4071   -0.5860
...    64 T-A ...
 -132.5066  -93.6237   53.3146
    0.4409   -0.4612   -0.7700
   -0.6044   -0.7868    0.1251
   -0.6636    0.4102   -0.6256
...    65 G-C ...
 -134.4874  -92.1439   51.0243
    0.0212   -0.8505   -0.5256
   -0.7779   -0.3443    0.5257
   -0.6281    0.3977   -0.6689
...    66 T-A ...
 -136.1018  -90.6986   48.4156
   -0.4280   -0.8872   -0.1722
   -0.6624    0.1783    0.7276
   -0.6149    0.4255   -0.6640
...    67 T-A ...
 -137.8934  -89.3257   46.0997
   -0.7752   -0.5868    0.2342
   -0.2847    0.6554    0.6996
   -0.5640    0.4756   -0.6751
...    68 A-T ...
 -139.7071  -87.3226   43.9802
   -0.8014   -0.0014    0.5981
    0.3135    0.8506    0.4222
   -0.5093    0.5258   -0.6812
...    69 T-A ...
 -141.6413  -86.2056   41.6176
   -0.5428    0.4295    0.7218
    0.6891    0.7190    0.0903
   -0.4801    0.5464   -0.6862
...    70 A-T ...
 -143.1018  -84.2404   39.3698
   -0.0122    0.7024    0.7117
    0.8764    0.3502   -0.3306
   -0.4814    0.6197   -0.6199
...    71 A-T ...
 -144.7360  -82.2432   37.5890
    0.4863    0.7219    0.4923
    0.7541   -0.0621   -0.6539
   -0.4415    0.6892   -0.5745
...    72 C-G ...
 -146.5049  -79.6911   36.3380
    0.8402    0.5288    0.1199
    0.3826   -0.4214   -0.8222
   -0.3843    0.7367   -0.5564
...    73 G-C ...
 -147.1170  -77.2706   34.2445
    0.9798    0.0837   -0.1819
   -0.1051   -0.5580   -0.8232
   -0.1704    0.8256   -0.5379
...    74 G-C ...
 -146.7422  -74.5534   32.3856
    0.7992   -0.3222   -0.5073
   -0.6010   -0.4258   -0.6764
    0.0019    0.8455   -0.5340
...    75 A-T ...
 -146.3122  -71.9562   30.4609
    0.2979   -0.5093   -0.8074
   -0.9518   -0.0941   -0.2918
    0.0726    0.8554   -0.5128
...    76 G-C ...
 -145.6652  -69.0960   28.7875
   -0.2575   -0.5040   -0.8244
   -0.9612    0.2206    0.1654
    0.0985    0.8351   -0.5412
...    77 A-T ...
 -145.4104  -66.3364   26.9947
   -0.7836   -0.2398   -0.5731
   -0.6066    0.4947    0.6223
    0.1343    0.8353   -0.5331
...    78 G-C ...
 -144.8617  -63.6047   25.2324
   -0.9852    0.0788   -0.1523
   -0.0898    0.5197    0.8496
    0.1461    0.8507   -0.5049
...    79 C-G ...
 -144.3751  -60.8952   23.1669
   -0.8515    0.3515    0.3891
    0.5061    0.3567    0.7853
    0.1373    0.8656   -0.4816
...    80 T-A ...
 -144.0666  -58.0718   21.4393
   -0.4695    0.4410    0.7649
    0.8731    0.1026    0.4767
    0.1318    0.8916   -0.4332
...    81 C-G ...
 -143.6661  -55.0711   19.9431
    0.1061    0.3663    0.9244
    0.9824   -0.1821   -0.0406
    0.1535    0.9125   -0.3792
...    82 G-C ...
 -142.5728  -52.1917   18.9016
    0.5876    0.1074    0.8020
    0.7832   -0.3245   -0.5304
    0.2033    0.9398   -0.2748
...    83 G-C ...
 -141.9082  -48.9907   18.2760
    0.8930   -0.1816    0.4119
    0.3407   -0.3251   -0.8821
    0.2941    0.9281   -0.2285
...    84 G-C ...
 -140.6239  -45.8861   17.9741
    0.8939   -0.4373   -0.0986
   -0.1660   -0.1184   -0.9790
    0.4164    0.8915   -0.1784
...    85 A-T ...
 -139.0818  -42.9770   17.6342
    0.6150   -0.4440   -0.6516
   -0.6459    0.1905   -0.7393
    0.4524    0.8755   -0.1697
...    86 T-A ...
 -137.0814  -40.3553   17.3992
    0.1834   -0.2915   -0.9388
   -0.8631    0.4094   -0.2957
    0.4705    0.8646   -0.1765
...    87 C-G ...
 -135.2295  -37.6279   16.7355
   -0.3685    0.0296   -0.9291
   -0.7942    0.5095    0.3312
    0.4832    0.8600   -0.1643
...    88 C-G ...
 -133.5648  -34.8765   15.9929
   -0.7645    0.2370   -0.5995
   -0.4690    0.4335    0.7695
    0.4422    0.8694   -0.2203
...    89 G-C ...
 -132.3186  -31.8429   15.6917
   -0.9253    0.3775   -0.0369
    0.0537    0.2266    0.9725
    0.3755    0.8979   -0.2300
...    90 C-G ...
 -131.0792  -28.8540   14.4533
   -0.7335    0.4201    0.5343
    0.5674   -0.0544    0.8216
    0.3742    0.9058   -0.1985
...    91 T-A ...
 -130.1318  -25.6839   13.5208
   -0.3007    0.2747    0.9133
    0.8845   -0.2779    0.3748
    0.3567    0.9205   -0.1594
...    92 T-A ...
 -129.3311  -22.5776   13.0386
    0.2492    0.0557    0.9668
    0.8945   -0.3958   -0.2078
    0.3711    0.9166   -0.1485
...    93 T-A ...
 -128.2152  -19.5645   12.7031
    0.6806   -0.2285    0.6961
    0.6091   -0.3516   -0.7109
    0.4072    0.9078   -0.1001
...    94 A-T ...
 -126.5735  -16.6402   12.4872
    0.8318   -0.5235    0.1845
    0.1455   -0.1152   -0.9826
    0.5356    0.8442   -0.0197
...    95 A-T ...
 -124.7700  -14.0532   12.6744
    0.7479   -0.5475   -0.3754
   -0.3087    0.2137   -0.9268
    0.5876    0.8091   -0.0092
...    96 C-G ...
 -122.4491  -11.6846   13.1755
    0.4692   -0.3575   -0.8075
   -0.6437    0.4876   -0.5899
    0.6046    0.7965   -0.0013
...    97 A-T ...
 -120.2703   -9.1374   13.0024
   -0.0283   -0.0646   -0.9975
   -0.7751    0.6316   -0.0189
    0.6312    0.7726   -0.0680
...    98 C-G ...
 -117.6738   -7.0125   12.4980
   -0.4383    0.2707   -0.8571
   -0.6351    0.5815    0.5085
    0.6360    0.7672   -0.0829
...    99 T-A ...
 -115.0963   -4.6142   11.5807
   -0.7222    0.5486   -0.4211
   -0.2771    0.3284    0.9030
    0.6337    0.7689   -0.0851
...   100 T-A ...
 -112.9917   -2.2037   10.9313
   -0.7157    0.6738    0.1838
    0.1908   -0.0645    0.9795
    0.6718    0.7361   -0.0824
...   101 T-A ...
 -110.8585    0.2130   10.3877
   -0.4637    0.5277    0.7117
    0.5562   -0.4519    0.6974
    0.6897    0.7192   -0.0840
...   102 A-T ...
 -108.3343    2.4509   10.3026
   -0.0598    0.1210    0.9909
    0.7123   -0.6902    0.1272
    0.6993    0.7134   -0.0449
...   103 T-A ...
 -106.6125    5.1917   10.3861
    0.2453   -0.2568    0.9348
    0.6565   -0.6655   -0.3551
    0.7133    0.7008    0.0054
...   104 G-C ...
 -104.3017    7.5769   10.7255
    0.5143   -0.6776    0.5257
    0.4038   -0.3494   -0.8455
    0.7566    0.6471    0.0939
...   105 C-G ...
 -101.7488    9.4477   11.5390
    0.5962   -0.8026   -0.0202
    0.0646    0.0731   -0.9952
    0.8003    0.5920    0.0954
...   106 T-A ...
  -98.7709   11.0722   12.2741
    0.5042   -0.6376   -0.5825
   -0.2389    0.5452   -0.8035
    0.8299    0.5443    0.1226
...   107 T-A ...
  -95.9839   12.5785   12.7695
    0.2458   -0.2498   -0.9366
   -0.4504    0.8261   -0.3386
    0.8583    0.5051    0.0906
...   108 C-G ...
  -92.9850   14.0317   12.9301
   -0.0846    0.2666   -0.9601
   -0.4891    0.8284    0.2731
    0.8681    0.4927    0.0604
...   109 C-G ...
  -90.0642   15.5535   12.9506
   -0.4061    0.6177   -0.6735
   -0.3505    0.5753    0.7390
    0.8439    0.5362   -0.0171
...   110 G-C ...
  -87.6183   17.4195   13.1267
   -0.5963    0.7797   -0.1912
   -0.0668    0.1892    0.9797
    0.8000    0.5969   -0.0608
...   111 G-C ...
  -85.1840   19.7089   12.6894
   -0.5717    0.7207    0.3920
    0.2957   -0.2647    0.9179
    0.7653    0.6407   -0.0618
...   112 C-G ...
  -82.9776   22.1751   12.1541
   -0.3410    0.4299    0.8360
    0.5634   -0.6184    0.5478
    0.7525    0.6579   -0.0314
...   113 T-A ...
  -80.6330   24.5180   12.0288
   -0.0223    0.0127    0.9997
    0.6620   -0.7491    0.0243
    0.7492    0.6623    0.0083
...   114 C-G ...
  -78.1043   26.6866   12.1472
    0.3391   -0.4506    0.8258
    0.5602   -0.6085   -0.5621
    0.7557    0.6532    0.0460
...   115 G-C ...
  -75.3383   28.5372   11.9689
    0.5288   -0.7776    0.3402
    0.2633   -0.2308   -0.9367
    0.8069    0.5849    0.0827
...   116 T-A ...
  -72.6080   30.1515   12.9616
    0.5390   -0.8142   -0.2158
   -0.0533    0.2227   -0.9734
    0.8406    0.5362    0.0766
...   117 A-T ...
  -69.5352   31.5360   13.6729
    0.3250   -0.5971   -0.7334
   -0.3122    0.6643   -0.6792
    0.8927    0.4497    0.0295
...   118 T-A ...
  -66.4237   32.3765   14.1191
    0.1241   -0.1821   -0.9754
   -0.4272    0.8774   -0.2182
    0.8956    0.4438    0.0311
...   119 A-T ...
  -63.4915   34.0235   14.1923
   -0.1868    0.3599   -0.9141
   -0.3877    0.8279    0.4052
    0.9027    0.4301   -0.0151
...   120 A-T ...
  -60.4735   35.1700   13.8939
   -0.3850    0.7598   -0.5238
   -0.2002    0.4853    0.8511
    0.9009    0.4325   -0.0348
...   121 T-A ...
  -57.4610   36.3887   13.1051
   -0.4208    0.9071   -0.0024
    0.0356    0.0191    0.9992
    0.9065    0.4204   -0.0403
...   122 G-C ...
  -54.4153   37.9146   12.8138
   -0.3597    0.7165    0.5977
    0.2868   -0.5246    0.8016
    0.8879    0.4597   -0.0168
...   123 T-A ...
  -51.7117   39.7643   12.4630
   -0.1643    0.3498    0.9223
    0.4277   -0.8173    0.3862
    0.8888    0.4579   -0.0153
...   124 G-C ...
  -48.7689   41.3635   12.4606
    0.0632   -0.2193    0.9736
    0.4618   -0.8584   -0.2234
    0.8847    0.4637    0.0470
...   125 T-A ...
  -46.1772   43.2436   12.8193
    0.2561   -0.6528    0.7129
    0.3605   -0.6198   -0.6971
    0.8969    0.4355    0.0766
...   126 C-G ...
  -43.3314   44.6184   13.1478
    0.4166   -0.8935    0.1677
    0.1441   -0.1172   -0.9826
    0.8976    0.4335    0.0799
...   127 G-C ...
  -40.2653   45.8443   12.9202
    0.2512   -0.8983   -0.3605
   -0.0596    0.3574   -0.9320
    0.9661    0.2556    0.0362
...   128 A-T ...
  -37.2346   46.7159   13.1309
    0.1524   -0.5280   -0.8355
   -0.2102    0.8087   -0.5494
    0.9657    0.2594    0.0122
...   129 C-G ...
  -33.9569   46.8087   13.4717
   -0.0317   -0.0375   -0.9988
   -0.2398    0.9704   -0.0288
    0.9703    0.2386   -0.0398
...   130 C-G ...
  -30.6145   47.1306   12.8104
   -0.2632    0.4416   -0.8577
   -0.1350    0.8635    0.4860
    0.9552    0.2437   -0.1677
...   131 A-T ...
  -27.5644   48.5419   12.5222
   -0.3843    0.8286   -0.4071
    0.0810    0.4695    0.8792
    0.9197    0.3049   -0.2475
...   132 A-T ...
  -24.6339   49.5991   11.4737
   -0.2579    0.9511    0.1701
    0.3013   -0.0881    0.9494
    0.9180    0.2962   -0.2639
...   133 A-T ...
  -21.7815   50.6406   10.2312
    0.0247    0.7286    0.6845
    0.3822   -0.6395    0.6670
    0.9237    0.2452   -0.2943
...   134 T-A ...
  -19.0160   52.0244    8.9250
    0.2452    0.2905    0.9249
    0.3073   -0.9281    0.2101
    0.9195    0.2328   -0.3169
...   135 G-C ...
  -16.4638   53.8825    7.5153
    0.5339   -0.3333    0.7771
    0.0346   -0.9097   -0.4139
    0.8449    0.2479   -0.4741
...   136 T-A ...
  -14.1749   56.5547    6.1808
    0.5795   -0.7269    0.3685
   -0.3141   -0.6164   -0.7221
    0.7521    0.3026   -0.5855
...   137 G-C ...
  -11.6538   57.9993    4.7205
    0.2452   -0.9542   -0.1714
   -0.6323   -0.0234   -0.7744
    0.7349    0.2983   -0.6091
...   138 A-T ...
   -8.6759   58.7134    3.6025
   -0.0345   -0.7815   -0.6229
   -0.6536    0.4891   -0.5775
    0.7560    0.3872   -0.5277
...   139 G-C ...
   -6.3275   59.0727    1.6297
   -0.2969   -0.3279   -0.8968
   -0.5657    0.8171   -0.1114
    0.7693    0.4742   -0.4281
...   140 C-G ...
   -3.4369   60.2279    1.0287
   -0.4426    0.2287   -0.8671
   -0.1681    0.9286    0.3308
    0.8808    0.2922   -0.3725
...   141 G-C ...
   -0.6977   63.8912   -2.2509
   -0.9992    0.0157   -0.0376
   -0.0024    0.8991    0.4378
    0.0407    0.4375   -0.8983
...   142 C-G ...
   -1.0065   65.5989   -4.9400
   -0.8337    0.5216    0.1813
    0.5170    0.6219    0.5881
    0.1940    0.5841   -0.7882
...   143 T-A ...
   -0.1333   66.2085   -7.8196
   -0.3753    0.8566    0.3540
    0.8856    0.2187    0.4098
    0.2736    0.4673   -0.8407
...   144 C-G ...
   -0.1666   67.4021  -10.8067
    0.1797    0.8793    0.4411
    0.9277   -0.3007    0.2214
    0.3273    0.3694   -0.8697
...   145 A-T ...
    0.5266   69.2313  -13.4659
    0.7352    0.4964    0.4616
    0.6118   -0.7791   -0.1367
    0.2918    0.3829   -0.8765
...   146 C-G ...
    1.4338   72.0892  -15.6018
    0.9809    0.0621    0.1844
    0.1264   -0.9240   -0.3608
    0.1480    0.3772   -0.9142
...   147 A-T ...
    2.3047   74.2223  -18.3862
    0.8657   -0.4292   -0.2575
   -0.4984   -0.7868   -0.3642
   -0.0463    0.4436   -0.8950
