  147 base-pairs
...     1 A-T ...
    0.0000    0.0000    0.0000
    1.0000    0.0000    0.0000
    0.0000    1.0000    0.0000
    0.0000    0.0000    1.0000
...     2 G-C ...
   -0.1394   -1.2357    3.2268
    0.7529    0.6366    0.1670
   -0.6386    0.7680   -0.0486
   -0.1592   -0.0700    0.9848
...     3 T-A ...
   -0.0365   -3.2932    6.3751
    0.2722    0.9301    0.2466
   -0.9238    0.3243   -0.2033
   -0.2691   -0.1725    0.9475
...     4 G-C ...
   -0.3505   -4.1660    9.4928
   -0.3756    0.9250    0.0579
   -0.8781   -0.3352   -0.3415
   -0.2965   -0.1791    0.9381
...     5 A-T ...
   -0.4462   -4.1476   12.7498
   -0.8116    0.5840   -0.0165
   -0.5523   -0.7762   -0.3042
   -0.1905   -0.2378    0.9524
...     6 G-C ...
   -1.5908   -4.1730   15.6201
   -0.9976    0.0246   -0.0651
   -0.0043   -0.9555   -0.2950
   -0.0695   -0.2940    0.9533
...     7 C-G ...
   -1.1030   -4.4824   18.7362
   -0.8441   -0.5304   -0.0787
    0.5345   -0.8441   -0.0432
   -0.0435   -0.0785    0.9960
...     8 G-C ...
   -2.4028   -7.7290   23.1475
   -0.2754   -0.3293   -0.9032
    0.6650   -0.7437    0.0684
   -0.6942   -0.5818    0.4238
...     9 C-G ...
   -4.4690   -9.9728   24.1132
    0.1145   -0.7025   -0.7024
    0.8512   -0.2952    0.4340
   -0.5122   -0.6476    0.5642
...    10 T-A ...
   -6.7405  -10.8752   25.9697
    0.4841   -0.8363   -0.2574
    0.6595    0.1553    0.7355
   -0.5751   -0.5258    0.6267
...    11 C-G ...
   -9.1656  -12.6208   27.1640
    0.7073   -0.6682    0.2307
    0.3448    0.6110    0.7126
   -0.6171   -0.4245    0.6626
...    12 A-T ...
  -10.9234  -14.6633   29.0693
    0.7515   -0.1377    0.6452
   -0.2029    0.8824    0.4246
   -0.6277   -0.4500    0.6352
...    13 C-G ...
  -11.8476  -17.4863   31.2451
    0.4295    0.2823    0.8578
   -0.5708    0.8209    0.0156
   -0.6998   -0.4963    0.5137
...    14 A-T ...
  -13.5897  -19.7827   33.4259
   -0.1504    0.6104    0.7777
   -0.6874    0.5008   -0.5260
   -0.7106   -0.6136    0.3443
...    15 A-T ...
  -15.8102  -21.8067   34.6414
   -0.4883    0.8072    0.3317
   -0.4868    0.0635   -0.8712
   -0.7243   -0.5869    0.3619
...    16 T-A ...
  -17.9055  -23.6637   36.5516
   -0.6981    0.6954   -0.1704
   -0.1457   -0.3710   -0.9171
   -0.7010   -0.6155    0.3603
...    17 T-A ...
  -20.1687  -25.4671   38.1110
   -0.6790    0.3246   -0.6585
    0.2926   -0.7030   -0.6482
   -0.6733   -0.6328    0.3824
...    18 T-A ...
  -22.4550  -27.2984   39.4845
   -0.3958   -0.1104   -0.9117
    0.6168   -0.7674   -0.1748
   -0.6803   -0.6316    0.3719
...    19 A-T ...
  -24.6149  -29.5497   40.6211
    0.0592   -0.4756   -0.8777
    0.7223   -0.5865    0.3665
   -0.6891   -0.6556    0.3088
...    20 T-A ...
  -27.3490  -31.3108   41.2823
    0.4062   -0.7181   -0.5651
    0.5975   -0.2593    0.7588
   -0.6914   -0.6458    0.3237
...    21 T-A ...
  -29.7630  -33.3808   42.0605
    0.6691   -0.7418   -0.0441
    0.2648    0.1825    0.9469
   -0.6944   -0.6453    0.3185
...    22 C-G ...
  -32.0065  -35.5493   43.0559
    0.7242   -0.4813    0.4939
   -0.1748    0.5647    0.8065
   -0.6671   -0.6704    0.3249
...    23 G-C ...
  -34.2332  -37.4567   44.7116
    0.5981    0.0063    0.8014
   -0.5683    0.7084    0.4186
   -0.5650   -0.7058    0.4273
...    24 C-G ...
  -35.7998  -40.0060   46.0139
    0.2501    0.4138    0.8754
   -0.7943    0.6047   -0.0589
   -0.5537   -0.6806    0.4799
...    25 A-T ...
  -37.8655  -42.0626   47.5126
   -0.1784    0.7333    0.6561
   -0.8058    0.2738   -0.5251
   -0.5646   -0.6223    0.5421
...    26 A-T ...
  -39.5664  -44.0522   49.4872
   -0.5887    0.7685    0.2506
   -0.5754   -0.1807   -0.7977
   -0.5677   -0.6138    0.5485
...    27 A-T ...
  -41.1961  -45.9110   51.5988
   -0.8146    0.5283   -0.2395
   -0.1381   -0.5777   -0.8045
   -0.5634   -0.6222    0.5436
...    28 G-C ...
  -43.2020  -47.5607   53.7395
   -0.7289    0.1939   -0.6566
    0.2864   -0.7848   -0.5497
   -0.6219   -0.5887    0.5165
...    29 G-C ...
  -45.6458  -49.2199   55.5132
   -0.3951   -0.2131   -0.8936
    0.6246   -0.7756   -0.0911
   -0.6737   -0.5941    0.4395
...    30 C-G ...
  -48.1902  -50.8714   56.7181
    0.0412   -0.5578   -0.8290
    0.7200   -0.5587    0.4117
   -0.6928   -0.6138    0.3786
...    31 C-G ...
  -50.7348  -52.7312   57.8308
    0.4781   -0.7220   -0.5002
    0.5641   -0.1841    0.8049
   -0.6732   -0.6670    0.3192
...    32 G-C ...
  -52.5004  -54.9631   58.9287
    0.7558   -0.6517   -0.0635
    0.2207    0.1622    0.9618
   -0.6165   -0.7409    0.2664
...    33 G-C ...
  -54.1425  -57.8455   59.5754
    0.7816   -0.4246    0.4570
   -0.2538    0.4528    0.8547
   -0.5699   -0.7840    0.2461
...    34 C-G ...
  -55.7238  -60.6373   60.1854
    0.5354   -0.0844    0.8404
   -0.6474    0.5980    0.4725
   -0.5425   -0.7970    0.2655
...    35 C-G ...
  -57.1540  -63.5232   61.2742
    0.1111    0.2902    0.9505
   -0.8428    0.5343   -0.0646
   -0.5266   -0.7939    0.3040
...    36 C-G ...
  -58.6361  -66.2946   62.4646
   -0.3321    0.5700    0.7515
   -0.7774    0.2859   -0.5603
   -0.5343   -0.7703    0.3482
...    37 G-C ...
  -60.7888  -68.8211   62.9057
   -0.6438    0.7040    0.2998
   -0.4666   -0.0507   -0.8830
   -0.6064   -0.7084    0.3611
...    38 A-T ...
  -62.5450  -71.1613   64.0404
   -0.7811    0.5655   -0.2646
    0.0035   -0.4198   -0.9076
   -0.6244   -0.7099    0.3260
...    39 C-G ...
  -64.7735  -73.0245   65.3524
   -0.6278    0.3281   -0.7058
    0.3868   -0.6554   -0.6488
   -0.6754   -0.6803    0.2846
...    40 A-T ...
  -67.1981  -75.1207   66.2183
   -0.2322    0.0156   -0.9725
    0.6343   -0.7555   -0.1636
   -0.7374   -0.6549    0.1655
...    41 C-G ...
  -69.9447  -76.8841   66.3850
    0.1624   -0.3170   -0.9344
    0.6454   -0.6822    0.3437
   -0.7464   -0.6589    0.0938
...    42 G-C ...
  -72.0988  -79.3930   66.7163
    0.5511   -0.6006   -0.5792
    0.3813   -0.4361    0.8151
   -0.7422   -0.6701   -0.0113
...    43 A-T ...
  -74.4588  -81.5096   66.6023
    0.6654   -0.7465    0.0038
   -0.0152   -0.0085    0.9998
   -0.7463   -0.6654   -0.0170
...    44 C-G ...
  -76.7169  -83.8420   65.8921
    0.5755   -0.6263    0.5259
   -0.3760    0.3683    0.8502
   -0.7262   -0.6871   -0.0235
...    45 T-A ...
  -78.8161  -86.7829   65.3520
    0.2654   -0.3361    0.9037
   -0.6239    0.6547    0.4267
   -0.7350   -0.6771   -0.0359
...    46 T-A ...
  -80.8845  -89.2880   64.9496
   -0.1184    0.0113    0.9929
   -0.6482    0.7566   -0.0859
   -0.7522   -0.6537   -0.0823
...    47 A-T ...
  -83.3843  -91.4570   64.7243
   -0.4152    0.4806    0.7724
   -0.4627    0.6195   -0.6342
   -0.7833   -0.6207   -0.0348
...    48 C-G ...
  -85.6517  -93.8139   65.1067
   -0.5577    0.7588    0.3365
   -0.1758    0.2883   -0.9413
   -0.8112   -0.5841   -0.0274
...    49 T-A ...
  -88.3866  -95.7022   65.5051
   -0.4864    0.8527   -0.1905
    0.1160   -0.1531   -0.9814
   -0.8660   -0.4994   -0.0244
...    50 G-C ...
  -91.5492  -96.9902   65.3815
   -0.1778    0.7243   -0.6662
    0.3192   -0.5979   -0.7352
   -0.9309   -0.3433   -0.1249
...    51 T-A ...
  -94.6766  -97.5953   65.2681
    0.0780    0.3995   -0.9134
    0.3432   -0.8710   -0.3517
   -0.9360   -0.2860   -0.2050
...    52 A-T ...
  -97.8489  -97.6577   64.1784
    0.4346   -0.0236   -0.9003
    0.1776   -0.9778    0.1114
   -0.8829   -0.2083   -0.4208
...    53 G-C ...
 -100.6833  -97.8798   62.6772
    0.5391   -0.4765   -0.6945
   -0.1096   -0.8573    0.5031
   -0.8351   -0.1951   -0.5143
...    54 G-C ...
 -103.3107  -98.0188   60.1230
    0.4374   -0.8508   -0.2914
   -0.4219   -0.4803    0.7690
   -0.7942   -0.2134   -0.5690
...    55 T-A ...
 -105.5635  -98.7227   57.8052
    0.1350   -0.9818    0.1334
   -0.6032    0.0254    0.7972
   -0.7860   -0.1881   -0.5889
...    56 A-T ...
 -107.9433  -99.4691   55.5346
   -0.2662   -0.7794    0.5671
   -0.5694    0.6019    0.5600
   -0.7778   -0.1738   -0.6040
...    57 T-A ...
 -110.0478 -100.5441   53.2015
   -0.5570   -0.3695    0.7438
   -0.3312    0.9201    0.2091
   -0.7616   -0.1299   -0.6349
...    58 C-G ...
 -112.5899 -101.2838   51.1305
   -0.6479    0.2686    0.7128
    0.1078    0.9587   -0.2632
   -0.7541   -0.0937   -0.6501
...    59 T-A ...
 -115.2846 -101.7534   49.2103
   -0.4398    0.7272    0.5270
    0.4330    0.6858   -0.5850
   -0.7869   -0.0291   -0.6165
...    60 C-G ...
 -118.0164 -101.8922   47.2412
   -0.0630    0.9844    0.1645
    0.6081    0.1686   -0.7757
   -0.7913    0.0512   -0.6092
...    61 G-C ...
 -120.3522 -101.3012   44.9842
    0.4489    0.8932   -0.0237
    0.5338   -0.2894   -0.7946
   -0.7166    0.3441   -0.6067
...    62 A-T ...
 -122.6872 -100.0512   43.0069
    0.7355    0.5565   -0.3865
    0.1961   -0.7208   -0.6648
   -0.6486    0.4132   -0.6393
...    63 G-C ...
 -124.5701  -98.1754   40.9962
    0.7907    0.0804   -0.6070
   -0.2354   -0.8752   -0.4226
   -0.5652    0.4770   -0.6731
...    64 C-G ...
 -126.0440  -96.1199   38.7183
    0.5349   -0.4521   -0.7138
   -0.6712   -0.7405   -0.0339
   -0.5132    0.4973   -0.6995
...    65 T-A ...
 -127.5053  -94.3404   36.3864
    0.0949   -0.7740   -0.6260
   -0.8789   -0.3604    0.3124
   -0.4674    0.5206   -0.7145
...    66 C-G ...
 -129.2624  -92.8893   34.0459
   -0.4559   -0.8277   -0.3273
   -0.7837    0.1990    0.5884
   -0.4219    0.5247   -0.7393
...    67 G-C ...
 -131.4462  -90.7103   32.3033
   -0.8202   -0.5663    0.0809
   -0.3814    0.6468    0.6605
   -0.4263    0.5109   -0.7465
...    68 G-C ...
 -132.6709  -88.9494   29.7225
   -0.8725   -0.1360    0.4693
    0.1669    0.8199    0.5477
   -0.4592    0.5562   -0.6926
...    69 G-C ...
 -134.1878  -87.2531   27.2715
   -0.5971    0.2623    0.7581
    0.6122    0.7597    0.2194
   -0.5183    0.5951   -0.6142
...    70 A-T ...
 -136.0494  -85.4396   25.2207
   -0.1043    0.6236    0.7748
    0.8523    0.4575   -0.2535
   -0.5125    0.6339   -0.5792
...    71 T-A ...
 -138.2300  -83.5190   23.6840
    0.3683    0.7356    0.5685
    0.7863    0.0799   -0.6127
   -0.4961    0.6727   -0.5490
...    72 C-G ...
 -139.8881  -81.1738   22.1263
    0.7850    0.5979    0.1622
    0.4288   -0.3353   -0.8389
   -0.4472    0.7280   -0.5196
...    73 C-G ...
 -141.3678  -78.6779   20.6146
    0.9503    0.2346   -0.2047
   -0.0357   -0.5709   -0.8202
   -0.3093    0.7868   -0.5341
...    74 G-C ...
 -142.1557  -76.2708   18.4822
    0.8241   -0.2269   -0.5190
   -0.5493   -0.5440   -0.6343
   -0.1384    0.8078   -0.5729
...    75 C-G ...
 -141.9773  -73.3495   16.6104
    0.3625   -0.5046   -0.7836
   -0.9275   -0.2774   -0.2505
   -0.0910    0.8176   -0.5686
...    76 T-A ...
 -141.6616  -70.7571   14.2707
   -0.2317   -0.5529   -0.8004
   -0.9728    0.1262    0.1945
   -0.0066    0.8236   -0.5671
...    77 T-A ...
 -141.2823  -68.1551   12.3166
   -0.7614   -0.2993   -0.5751
   -0.6460    0.4247    0.6342
    0.0544    0.8544   -0.5167
...    78 T-A ...
 -140.7776  -65.5256   10.4026
   -0.9885    0.0679   -0.1353
   -0.0847    0.4929    0.8660
    0.1255    0.8674   -0.4815
...    79 A-T ...
 -139.8935  -62.4258    9.5025
   -0.8225    0.4177    0.3861
    0.5265    0.3020    0.7947
    0.2154    0.8569   -0.4683
...    80 A-T ...
 -139.2939  -59.7201    7.9227
   -0.3969    0.4978    0.7712
    0.8862   -0.0108    0.4631
    0.2389    0.8672   -0.4369
...    81 C-G ...
 -139.0991  -56.7629    6.3656
    0.1160    0.3804    0.9175
    0.9586   -0.2846   -0.0032
    0.2599    0.8799   -0.3977
...    82 A-T ...
 -138.2546  -53.7345    5.2333
    0.5897    0.0398    0.8067
    0.7403   -0.4259   -0.5202
    0.3228    0.9039   -0.2806
...    83 C-G ...
 -137.3343  -50.5414    4.9796
    0.8682   -0.2332    0.4380
    0.3404   -0.3622   -0.8677
    0.3610    0.9025   -0.2351
...    84 T-A ...
 -135.8962  -47.2629    4.8344
    0.8746   -0.4710   -0.1147
   -0.1980   -0.1310   -0.9714
    0.4425    0.8724   -0.2078
...    85 T-A ...
 -134.2520  -44.4614    4.5096
    0.6070   -0.4391   -0.6624
   -0.6612    0.1833   -0.7275
    0.4408    0.8796   -0.1790
...    86 T-A ...
 -132.5700  -41.6918    4.1384
    0.1330   -0.2295   -0.9642
   -0.8882    0.4040   -0.2187
    0.4397    0.8855   -0.1502
...    87 A-T ...
 -131.2938  -38.5281    3.7184
   -0.4518    0.1320   -0.8823
   -0.7675    0.4467    0.4598
    0.4548    0.8849   -0.1006
...    88 T-A ...
 -129.3478  -35.9994    2.9368
   -0.7672    0.3212   -0.5552
   -0.4585    0.3308    0.8248
    0.4486    0.8874   -0.1065
...    89 G-C ...
 -127.9554  -33.0550    2.3125
   -0.9241    0.3753    0.0716
    0.1151    0.0948    0.9888
    0.3643    0.9220   -0.1308
...    90 C-G ...
 -127.1193  -29.9650    1.6474
   -0.7302    0.3194    0.6040
    0.5904   -0.1498    0.7931
    0.3438    0.9357   -0.0792
...    91 T-A ...
 -126.3105  -26.6614    1.1612
   -0.2883    0.1342    0.9481
    0.9020   -0.2944    0.3159
    0.3215    0.9462   -0.0362
...    92 T-A ...
 -125.4875  -23.5747    1.0999
    0.2300   -0.1141    0.9665
    0.9169   -0.3073   -0.2545
    0.3261    0.9447    0.0339
...    93 C-G ...
 -124.5208  -20.4584    1.5137
    0.6716   -0.3495    0.6533
    0.6401   -0.1704   -0.7492
    0.3732    0.9213    0.1093
...    94 C-G ...
 -123.3568  -17.4409    2.0761
    0.8481   -0.5052    0.1597
    0.2142    0.0513   -0.9754
    0.4846    0.8614    0.1518
...    95 G-C ...
 -121.5680  -14.9581    2.3249
    0.7761   -0.5110   -0.3696
   -0.2060    0.3485   -0.9144
    0.5960    0.7858    0.1652
...    96 G-C ...
 -119.0650  -12.7498    2.8368
    0.5011   -0.2842   -0.8174
   -0.5573    0.6167   -0.5561
    0.6621    0.7341    0.1506
...    97 C-G ...
 -116.3703  -10.7820    3.2828
    0.0917    0.0802   -0.9926
   -0.7233    0.6905   -0.0110
    0.6844    0.7189    0.1213
...    98 T-A ...
 -113.9430   -8.5748    3.6520
   -0.3132    0.4281   -0.8477
   -0.6448    0.5595    0.5208
    0.6972    0.7097    0.1008
...    99 C-G ...
 -111.7449   -6.1256    4.0268
   -0.6414    0.6702   -0.3734
   -0.3210    0.2077    0.9240
    0.6968    0.7125    0.0820
...   100 G-C ...
 -109.5292   -3.7864    4.8157
   -0.7453    0.6240    0.2349
    0.1105   -0.2318    0.9665
    0.6575    0.7463    0.1039
...   101 T-A ...
 -107.7746   -0.9724    4.7691
   -0.6001    0.3707    0.7088
    0.4880   -0.5324    0.6916
    0.6338    0.7610    0.1386
...   102 A-T ...
 -106.0219    1.9547    5.1172
   -0.2665   -0.0667    0.9615
    0.7540   -0.6358    0.1649
    0.6003    0.7690    0.2198
...   103 T-A ...
 -104.6902    4.8101    5.8971
    0.1428   -0.3781    0.9147
    0.7823   -0.5231   -0.3383
    0.6064    0.7638    0.2211
...   104 A-T ...
 -102.8434    7.4759    6.9415
    0.5497   -0.6578    0.5149
    0.5502   -0.1787   -0.8157
    0.6286    0.7317    0.2637
...   105 T-A ...
 -101.1085    9.8107    8.4476
    0.7367   -0.6754    0.0334
    0.2088    0.1801   -0.9612
    0.6432    0.7151    0.2737
...   106 C-G ...
  -98.9851   12.0740    9.4898
    0.6786   -0.4624   -0.5707
   -0.2720    0.5636   -0.7800
    0.6823    0.6846    0.2567
...   107 A-T ...
  -96.5366   14.1222   10.6948
    0.3540   -0.1696   -0.9197
   -0.5243    0.7784   -0.3454
    0.7745    0.6045    0.1866
...   108 T-A ...
  -93.7265   15.6593   11.2989
    0.0173    0.2198   -0.9754
   -0.6199    0.7678    0.1620
    0.7845    0.6018    0.1496
...   109 G-C ...
  -90.9192   17.5939   11.6473
   -0.3997    0.5946   -0.6976
   -0.4986    0.4976    0.7098
    0.7692    0.6315    0.0976
...   110 T-A ...
  -88.1144   19.4568   11.4410
   -0.6017    0.7723   -0.2037
   -0.2066    0.0960    0.9737
    0.7715    0.6280    0.1018
...   111 T-A ...
  -85.6340   21.4734   11.5570
   -0.6090    0.6957    0.3809
    0.1698   -0.3547    0.9194
    0.7748    0.6246    0.0978
...   112 A-T ...
  -82.9205   23.4116   12.1646
   -0.3882    0.3228    0.8632
    0.4989   -0.7140    0.4913
    0.7749    0.6214    0.1161
...   113 T-A ...
  -80.8685   25.9315   12.3553
   -0.0776   -0.0740    0.9942
    0.6188   -0.7855   -0.0102
    0.7817    0.6144    0.1068
...   114 A-T ...
  -78.1133   27.8308   12.7055
    0.2727   -0.5526    0.7875
    0.5536   -0.5793   -0.5983
    0.7869    0.5991    0.1479
...   115 A-T ...
  -75.6837   29.7681   13.3764
    0.5069   -0.7985    0.3247
    0.3132   -0.1803   -0.9324
    0.8031    0.5743    0.1587
...   116 C-G ...
  -73.0952   31.5972   14.6415
    0.5767   -0.7823   -0.2354
   -0.0105    0.2810   -0.9596
    0.8169    0.5559    0.1539
...   117 G-C ...
  -70.2973   33.2768   14.6980
    0.3623   -0.5714   -0.7364
   -0.2828    0.6854   -0.6710
    0.8881    0.4513    0.0868
...   118 G-C ...
  -67.1973   34.3804   14.7041
    0.0636   -0.1771   -0.9821
   -0.3753    0.9076   -0.1880
    0.9247    0.3806   -0.0087
...   119 A-T ...
  -64.0305   35.4018   14.6142
   -0.2060    0.3654   -0.9078
   -0.3225    0.8505    0.4155
    0.9239    0.3784   -0.0574
...   120 A-T ...
  -60.9579   36.4406   14.2207
   -0.3499    0.7882   -0.5063
   -0.1462    0.4879    0.8606
    0.9253    0.3752   -0.0555
...   121 T-A ...
  -57.8991   37.4797   13.3692
   -0.3659    0.9305    0.0157
    0.0620    0.0076    0.9980
    0.9286    0.3662   -0.0605
...   122 G-C ...
  -54.7787   38.8471   13.0147
   -0.3105    0.7296    0.6093
    0.2766   -0.5439    0.7923
    0.9094    0.4145   -0.0329
...   123 T-A ...
  -52.0061   40.5730   12.6369
   -0.1317    0.3524    0.9265
    0.3961   -0.8381    0.3751
    0.9087    0.4164   -0.0292
...   124 G-C ...
  -49.0016   42.0451   12.6107
    0.0667   -0.2252    0.9720
    0.4212   -0.8768   -0.2321
    0.9045    0.4249    0.0364
...   125 T-A ...
  -46.3280   43.8129   12.9442
    0.2377   -0.6648    0.7081
    0.3266   -0.6319   -0.7029
    0.9148    0.3984    0.0669
...   126 C-G ...
  -43.4249   45.0620   13.2504
    0.3835   -0.9094    0.1614
    0.1299   -0.1199   -0.9843
    0.9144    0.3984    0.0722
...   127 G-C ...
  -40.3259   46.1829   12.9936
    0.2238   -0.9030   -0.3668
   -0.0560    0.3638   -0.9298
    0.9730    0.2286    0.0309
...   128 A-T ...
  -37.2728   46.9747   13.1912
    0.1338   -0.5272   -0.8392
   -0.1928    0.8167   -0.5438
    0.9721    0.2346    0.0076
...   129 C-G ...
  -33.9905   46.9891   13.5100
   -0.0377   -0.0311   -0.9988
   -0.2175    0.9758   -0.0222
    0.9753    0.2164   -0.0436
...   130 C-G ...
  -30.6452   47.2406   12.8428
   -0.2579    0.4513   -0.8543
   -0.1159    0.8634    0.4911
    0.9592    0.2257   -0.1703
...   131 A-T ...
  -27.5745   48.5924   12.5341
   -0.3766    0.8333   -0.4047
    0.0899    0.4677    0.8793
    0.9220    0.2947   -0.2510
...   132 A-T ...
  -24.6367   49.6183   11.4810
   -0.2518    0.9526    0.1710
    0.3041   -0.0899    0.9484
    0.9188    0.2908   -0.2671
...   133 A-T ...
  -21.7818   50.6476   10.2311
    0.0284    0.7284    0.6845
    0.3818   -0.6408    0.6660
    0.9238    0.2424   -0.2963
...   134 T-A ...
  -19.0159   52.0244    8.9250
    0.2452    0.2905    0.9249
    0.3073   -0.9281    0.2101
    0.9195    0.2328   -0.3169
...   135 G-C ...
  -16.4637   53.8825    7.5153
    0.5339   -0.3333    0.7771
    0.0346   -0.9097   -0.4139
    0.8449    0.2479   -0.4741
...   136 T-A ...
  -14.1749   56.5547    6.1808
    0.5795   -0.7269    0.3685
   -0.3141   -0.6164   -0.7221
    0.7521    0.3026   -0.5855
...   137 G-C ...
  -11.6538   57.9992    4.7205
    0.2452   -0.9542   -0.1714
   -0.6323   -0.0234   -0.7744
    0.7349    0.2983   -0.6091
...   138 A-T ...
   -8.6758   58.7133    3.6025
   -0.0345   -0.7815   -0.6229
   -0.6536    0.4891   -0.5775
    0.7560    0.3872   -0.5277
...   139 G-C ...
   -6.3275   59.0727    1.6297
   -0.2969   -0.3279   -0.8968
   -0.5657    0.8171   -0.1114
    0.7693    0.4742   -0.4281
...   140 C-G ...
   -3.4369   60.2279    1.0287
   -0.4426    0.2287   -0.8671
   -0.1681    0.9286    0.3308
    0.8808    0.2922   -0.3725
...   141 G-C ...
   -0.6976   63.8912   -2.2509
   -0.9992    0.0157   -0.0376
   -0.0024    0.8991    0.4378
    0.0407    0.4375   -0.8983
...   142 C-G ...
   -1.0064   65.5988   -4.9400
   -0.8337    0.5216    0.1813
    0.5170    0.6219    0.5881
    0.1940    0.5841   -0.7882
...   143 T-A ...
   -0.1332   66.2084   -7.8196
   -0.3753    0.8566    0.3540
    0.8856    0.2187    0.4098
    0.2736    0.4673   -0.8407
...   144 C-G ...
   -0.1666   67.4020  -10.8067
    0.1798    0.8793    0.4411
    0.9277   -0.3007    0.2214
    0.3273    0.3694   -0.8697
...   145 A-T ...
    0.5267   69.2312  -13.4659
    0.7352    0.4964    0.4616
    0.6118   -0.7791   -0.1367
    0.2918    0.3829   -0.8765
...   146 C-G ...
    1.4338   72.0892  -15.6018
    0.9809    0.0621    0.1844
    0.1264   -0.9240   -0.3608
    0.1480    0.3772   -0.9142
...   147 A-T ...
    2.3048   74.2222  -18.3862
    0.8657   -0.4292   -0.2575
   -0.4984   -0.7868   -0.3642
   -0.0463    0.4436   -0.8950
