  147 base-pairs
...     1 A-T ...
    0.0000    0.0000    0.0000
    1.0000    0.0000    0.0000
    0.0000    1.0000    0.0000
    0.0000    0.0000    1.0000
...     2 G-C ...
   -0.1394   -1.2357    3.2268
    0.7529    0.6366    0.1670
   -0.6386    0.7680   -0.0486
   -0.1592   -0.0700    0.9848
...     3 T-A ...
   -0.0365   -3.2932    6.3751
    0.2722    0.9301    0.2466
   -0.9238    0.3243   -0.2033
   -0.2691   -0.1725    0.9475
...     4 G-C ...
   -0.3505   -4.1660    9.4928
   -0.3756    0.9250    0.0579
   -0.8781   -0.3352   -0.3415
   -0.2965   -0.1791    0.9381
...     5 A-T ...
   -0.4462   -4.1476   12.7498
   -0.8116    0.5840   -0.0165
   -0.5523   -0.7762   -0.3042
   -0.1905   -0.2378    0.9524
...     6 G-C ...
   -1.5908   -4.1730   15.6201
   -0.9976    0.0246   -0.0651
   -0.0043   -0.9555   -0.2950
   -0.0695   -0.2940    0.9533
...     7 C-G ...
   -1.1030   -4.4824   18.7362
   -0.8441   -0.5304   -0.0787
    0.5345   -0.8441   -0.0432
   -0.0435   -0.0785    0.9960
...     8 G-C ...
   -2.4028   -7.7290   23.1475
   -0.2754   -0.3293   -0.9032
    0.6650   -0.7437    0.0684
   -0.6942   -0.5818    0.4238
...     9 C-G ...
   -4.4690   -9.9728   24.1132
    0.1145   -0.7025   -0.7024
    0.8512   -0.2952    0.4340
   -0.5122   -0.6476    0.5642
...    10 T-A ...
   -6.7405  -10.8752   25.9697
    0.4841   -0.8363   -0.2574
    0.6595    0.1553    0.7355
   -0.5751   -0.5258    0.6267
...    11 C-G ...
   -9.1656  -12.6208   27.1640
    0.7073   -0.6682    0.2307
    0.3448    0.6110    0.7126
   -0.6171   -0.4245    0.6626
...    12 A-T ...
  -10.9234  -14.6633   29.0693
    0.7515   -0.1377    0.6452
   -0.2029    0.8824    0.4246
   -0.6277   -0.4500    0.6352
...    13 C-G ...
  -11.8476  -17.4863   31.2451
    0.4295    0.2823    0.8578
   -0.5708    0.8209    0.0156
   -0.6998   -0.4963    0.5137
...    14 A-T ...
  -13.5897  -19.7827   33.4259
   -0.1504    0.6104    0.7777
   -0.6874    0.5008   -0.5260
   -0.7106   -0.6136    0.3443
...    15 A-T ...
  -15.8272  -21.7948   34.6292
   -0.4870    0.8104    0.3258
   -0.4842    0.0600   -0.8729
   -0.7269   -0.5828    0.3631
...    16 T-A ...
  -17.9366  -23.6305   36.5400
   -0.6943    0.6966   -0.1805
   -0.1424   -0.3789   -0.9144
   -0.7054   -0.6092    0.3623
...    17 T-A ...
  -20.2203  -25.4093   38.0981
   -0.6717    0.3213   -0.6675
    0.2928   -0.7126   -0.6375
   -0.6805   -0.6237    0.3846
...    18 T-A ...
  -22.5352  -27.2177   39.4638
   -0.3866   -0.1242   -0.9138
    0.6136   -0.7744   -0.1544
   -0.6885   -0.6204    0.3756
...    19 A-T ...
  -24.7051  -29.4726   40.6615
    0.0706   -0.5267   -0.8471
    0.7136   -0.5667    0.4119
   -0.6970   -0.6336    0.3358
...    20 T-A ...
  -27.4627  -31.1809   41.3951
    0.4095   -0.7597   -0.5051
    0.5816   -0.2092    0.7861
   -0.7029   -0.6157    0.3562
...    21 T-A ...
  -29.9083  -33.1643   42.2808
    0.6559   -0.7538    0.0393
    0.2416    0.2589    0.9352
   -0.7151   -0.6039    0.3519
...    22 C-G ...
  -32.2388  -35.1852   43.4003
    0.6954   -0.4470    0.5627
   -0.1899    0.6408    0.7438
   -0.6931   -0.6241    0.3607
...    23 G-C ...
  -34.6412  -36.8430   45.0830
    0.5706    0.0721    0.8180
   -0.5576    0.7653    0.3215
   -0.6028   -0.6396    0.4769
...    24 C-G ...
  -36.3522  -39.2002   46.5629
    0.2348    0.4973    0.8352
   -0.7687    0.6209   -0.1536
   -0.5949   -0.6059    0.5281
...    25 A-T ...
  -38.5424  -41.0361   48.1684
   -0.1664    0.8125    0.5587
   -0.7739    0.2435   -0.5846
   -0.6110   -0.5296    0.5883
...    26 A-T ...
  -40.4182  -42.6999   50.2748
   -0.5539    0.8228    0.1275
   -0.5572   -0.2524   -0.7911
   -0.6187   -0.5092    0.5982
...    27 A-T ...
  -42.2275  -44.1758   52.5335
   -0.7700    0.5383   -0.3426
   -0.1472   -0.6723   -0.7255
   -0.6209   -0.5082    0.5969
...    28 G-C ...
  -44.4128  -45.3918   54.7874
   -0.6896    0.1458   -0.7094
    0.2514   -0.8704   -0.4233
   -0.6792   -0.4702    0.5636
...    29 G-C ...
  -47.0469  -46.6259   56.6341
   -0.3776   -0.3206   -0.8687
    0.5694   -0.8202    0.0552
   -0.7302   -0.4738    0.4922
...    30 C-G ...
  -49.7473  -47.9437   57.9201
    0.0279   -0.6889   -0.7243
    0.6578   -0.5329    0.5323
   -0.7527   -0.4913    0.4383
...    31 C-G ...
  -52.4746  -49.4102   59.2065
    0.4327   -0.8351   -0.3397
    0.5145   -0.0807    0.8537
   -0.7403   -0.5442    0.3947
...    32 G-C ...
  -54.4844  -51.2252   60.6258
    0.6917   -0.7145    0.1053
    0.1971    0.3271    0.9242
   -0.6948   -0.6185    0.3671
...    33 G-C ...
  -56.4783  -53.7298   61.7200
    0.7152   -0.3901    0.5799
   -0.2385    0.6437    0.7271
   -0.6569   -0.6584    0.3674
...    34 C-G ...
  -58.4349  -56.1438   62.7399
    0.4913    0.0505    0.8695
   -0.5934    0.7502    0.2917
   -0.6376   -0.6593    0.3985
...    35 C-G ...
  -60.2254  -58.5681   64.3124
    0.1202    0.4919    0.8623
   -0.7677    0.5968   -0.2335
   -0.6295   -0.6339    0.4494
...    36 C-G ...
  -62.0691  -60.8071   66.0146
   -0.2726    0.7733    0.5724
   -0.7180    0.2325   -0.6561
   -0.6405   -0.5898    0.4918
...    37 G-C ...
  -64.4989  -62.8503   66.9876
   -0.5418    0.8365    0.0820
   -0.4534   -0.2087   -0.8665
   -0.7077   -0.5067    0.4923
...    38 A-T ...
  -66.6203  -64.5403   68.5788
   -0.6867    0.5785   -0.4402
   -0.0450   -0.6382   -0.7686
   -0.7255   -0.5080    0.4643
...    39 C-G ...
  -69.1169  -65.6618   70.2077
   -0.5633    0.2117   -0.7987
    0.2919   -0.8533   -0.4320
   -0.7730   -0.4764    0.4189
...    40 A-T ...
  -71.8585  -67.1039   71.4351
   -0.2194   -0.2298   -0.9482
    0.5138   -0.8534    0.0880
   -0.8294   -0.4678    0.3053
...    41 C-G ...
  -74.8633  -68.3372   71.9632
    0.1109   -0.6038   -0.7894
    0.5292   -0.6365    0.5611
   -0.8412   -0.4800    0.2490
...    42 G-C ...
  -77.3909  -70.2532   72.9396
    0.4361   -0.8364   -0.3322
    0.3080   -0.2082    0.9283
   -0.8456   -0.5071    0.1668
...    43 A-T ...
  -80.0945  -71.8497   73.4050
    0.5245   -0.8051    0.2770
   -0.0044    0.3227    0.9465
   -0.8514   -0.4977    0.1657
...    44 C-G ...
  -82.7383  -73.8699   73.4098
    0.4588   -0.5056    0.7307
   -0.2908    0.6916    0.6612
   -0.8396   -0.5158    0.1703
...    45 T-A ...
  -85.3654  -76.3669   73.7854
    0.2202   -0.0437    0.9745
   -0.4806    0.8645    0.1473
   -0.8489   -0.5008    0.1693
...    46 T-A ...
  -87.8985  -78.3541   74.2342
   -0.0786    0.3931    0.9162
   -0.4951    0.7823   -0.3781
   -0.8653   -0.4833    0.1331
...    47 A-T ...
  -90.7079  -79.9873   74.8690
   -0.2368    0.8046    0.5445
   -0.3780    0.4400   -0.8146
   -0.8950   -0.3988    0.1999
...    48 C-G ...
  -93.3595  -81.4589   76.1091
   -0.3425    0.9388    0.0358
   -0.2027   -0.0366   -0.9786
   -0.9174   -0.3424    0.2028
...    49 T-A ...
  -96.3710  -82.3617   77.2469
   -0.3029    0.8185   -0.4882
   -0.0343   -0.5212   -0.8527
   -0.9524   -0.2415    0.1860
...    50 G-C ...
  -99.7408  -82.7585   77.6917
   -0.0894    0.4471   -0.8900
    0.0749   -0.8880   -0.4536
   -0.9932   -0.1072    0.0459
...    51 T-A ...
 -102.9130  -82.5197   77.8868
    0.0358   -0.0188   -0.9992
    0.0775   -0.9968    0.0215
   -0.9964   -0.0782   -0.0342
...    52 A-T ...
 -106.1546  -82.5207   77.3039
    0.2020   -0.5423   -0.8155
   -0.0380   -0.8364    0.5468
   -0.9786   -0.0794   -0.1896
...    53 G-C ...
 -109.2339  -82.5176   76.3537
    0.2154   -0.8790   -0.4254
   -0.1872   -0.4647    0.8654
   -0.9584   -0.1067   -0.2647
...    54 G-C ...
 -112.3788  -82.8367   74.5050
    0.1144   -0.9862    0.1199
   -0.3102    0.0792    0.9474
   -0.9438   -0.1455   -0.2969
...    55 T-A ...
 -115.2925  -83.5840   73.1218
   -0.0925   -0.8038    0.5876
   -0.3292    0.5816    0.7439
   -0.9397   -0.1247   -0.3184
...    56 A-T ...
 -118.3362  -84.2782   71.8244
   -0.2800   -0.2988    0.9123
   -0.2008    0.9475    0.2487
   -0.9388   -0.1136   -0.3253
...    57 T-A ...
 -121.2515  -85.3583   70.6967
   -0.3724    0.2243    0.9005
   -0.0021    0.9701   -0.2425
   -0.9281   -0.0922   -0.3608
...    58 C-G ...
 -124.4419  -85.8776   69.7093
   -0.2832    0.7729    0.5679
    0.2539    0.6314   -0.7327
   -0.9248   -0.0634   -0.3750
...    59 T-A ...
 -127.6358  -86.0121   68.7870
   -0.0266    0.9889    0.1459
    0.3631    0.1455   -0.9203
   -0.9314    0.0285   -0.3630
...    60 C-G ...
 -130.7677  -85.7636   67.6667
    0.2578    0.8989   -0.3544
    0.2951   -0.4225   -0.8570
   -0.9200    0.1164   -0.3742
...    61 G-C ...
 -133.5403  -85.1958   65.9408
    0.6144    0.5317   -0.5829
    0.0739   -0.7743   -0.6284
   -0.7855    0.3430   -0.5151
...    62 A-T ...
 -136.0388  -83.8642   64.1521
    0.6095   -0.0146   -0.7927
   -0.3065   -0.9264   -0.2186
   -0.7312    0.3762   -0.5691
...    63 G-C ...
 -138.1299  -82.3128   62.0725
    0.4145   -0.5112   -0.7529
   -0.6166   -0.7662    0.1807
   -0.6693    0.3894   -0.6328
...    64 C-G ...
 -139.9698  -80.8249   59.5975
   -0.0081   -0.8694   -0.4940
   -0.7707   -0.3093    0.5571
   -0.6371    0.3852   -0.6676
...    65 T-A ...
 -141.9146  -79.5528   57.2765
   -0.4371   -0.8898   -0.1311
   -0.6693    0.2244    0.7083
   -0.6008    0.3974   -0.6936
...    66 C-G ...
 -144.0650  -78.2294   55.1514
   -0.7665   -0.5617    0.3114
   -0.2756    0.7256    0.6305
   -0.5801    0.3975   -0.7110
...    67 G-C ...
 -146.0759  -75.9419   53.3810
   -0.7729   -0.0473    0.6327
    0.2212    0.9146    0.3386
   -0.5947    0.4016   -0.6964
...    68 G-C ...
 -147.8964  -74.6402   50.8844
   -0.4787    0.4448    0.7570
    0.6586    0.7520   -0.0254
   -0.5806    0.4864   -0.6529
...    69 G-C ...
 -150.2076  -73.2638   48.8264
    0.0044    0.7120    0.7022
    0.8286    0.3905   -0.4011
   -0.5598    0.5836   -0.5882
...    70 T-A ...
 -152.5598  -71.3388   47.5719
    0.4723    0.7689    0.4309
    0.7095   -0.0416   -0.7034
   -0.5230    0.6380   -0.5652
...    71 C-G ...
 -154.0790  -69.1982   45.8097
    0.8271    0.5600    0.0479
    0.3358   -0.4240   -0.8411
   -0.4507    0.7117   -0.5387
...    72 A-T ...
 -155.6480  -66.3928   44.5574
    0.9418    0.1545   -0.2987
   -0.1636   -0.5658   -0.8082
   -0.2939    0.8100   -0.5076
...    73 T-A ...
 -156.2536  -63.5158   43.2265
    0.7653   -0.1998   -0.6119
   -0.6058   -0.5450   -0.5797
   -0.2176    0.8143   -0.5381
...    74 G-C ...
 -156.5693  -60.6947   41.3122
    0.2969   -0.5569   -0.7757
   -0.9471   -0.2752   -0.1649
   -0.1217    0.7836   -0.6092
...    75 T-A ...
 -156.2942  -58.0438   39.2445
   -0.2562   -0.6146   -0.7460
   -0.9620    0.0868    0.2589
   -0.0943    0.7840   -0.6135
...    76 T-A ...
 -156.3326  -55.5451   37.2088
   -0.7629   -0.4082   -0.5013
   -0.6454    0.4364    0.6269
   -0.0371    0.8019   -0.5964
...    77 A-T ...
 -156.4593  -52.5528   35.4867
   -0.9990    0.0431   -0.0084
    0.0175    0.5664    0.8240
    0.0402    0.8230   -0.5666
...    78 T-A ...
 -156.4373  -50.3078   33.1209
   -0.8538    0.3517    0.3838
    0.5134    0.4470    0.7325
    0.0860    0.8225   -0.5622
...    79 A-T ...
 -155.8334  -47.4651   31.3630
   -0.3541    0.5469    0.7586
    0.9291    0.1131    0.3522
    0.1068    0.8296   -0.5481
...    80 A-T ...
 -155.6346  -44.8149   29.6317
    0.1982    0.4873    0.8504
    0.9701   -0.2216   -0.0991
    0.1401    0.8447   -0.5166
...    81 C-G ...
 -155.7523  -41.7721   28.2007
    0.6738    0.2480    0.6961
    0.7157   -0.4533   -0.5312
    0.1838    0.8561   -0.4830
...    82 G-C ...
 -154.5404  -39.1677   26.6839
    0.8760   -0.2015    0.4382
    0.3015   -0.4803   -0.8236
    0.3764    0.8536   -0.3600
...    83 G-C ...
 -152.6461  -36.5808   25.9351
    0.8456   -0.5338    0.0045
   -0.1429   -0.2346   -0.9615
    0.5143    0.8124   -0.2746
...    84 A-T ...
 -150.6877  -34.0061   25.2812
    0.5764   -0.6322   -0.5178
   -0.5665    0.1476   -0.8108
    0.5889    0.7606   -0.2731
...    85 A-T ...
 -148.4833  -31.7043   24.5495
    0.1606   -0.4429   -0.8821
   -0.7768    0.4946   -0.3898
    0.6090    0.7478   -0.2646
...    86 T-A ...
 -145.8649  -29.7426   23.8056
   -0.2413   -0.1157   -0.9635
   -0.7451    0.6583    0.1076
    0.6218    0.7438   -0.2451
...    87 C-G ...
 -143.6119  -27.4569   22.8205
   -0.6298    0.3180   -0.7087
   -0.4500    0.5943    0.6665
    0.6331    0.7387   -0.2312
...    88 C-G ...
 -141.4910  -25.1066   21.9148
   -0.8197    0.5222   -0.2355
   -0.0489    0.3457    0.9371
    0.5707    0.7796   -0.2578
...    89 G-C ...
 -139.6375  -22.4147   21.5601
   -0.7571    0.5525    0.3487
    0.4182   -0.0001    0.9084
    0.5019    0.8335   -0.2310
...    90 C-G ...
 -138.1383  -19.5395   20.3538
   -0.3961    0.4311    0.8107
    0.7636   -0.3356    0.5516
    0.5098    0.8376   -0.1963
...    91 T-A ...
 -136.7852  -16.4753   19.6081
    0.0721    0.1273    0.9892
    0.8599   -0.5104    0.0030
    0.5053    0.8505   -0.1463
...    92 T-A ...
 -135.4452  -13.5382   19.3237
    0.5326   -0.1981    0.8228
    0.6671   -0.5001   -0.5522
    0.5209    0.8430   -0.1342
...    93 T-A ...
 -133.7948  -10.7795   19.0798
    0.7796   -0.4897    0.3904
    0.2711   -0.2980   -0.9152
    0.5645    0.8194   -0.0996
...    94 A-T ...
 -131.6607   -8.2269   18.7557
    0.7149   -0.6772   -0.1740
   -0.1771    0.0654   -0.9820
    0.6764    0.7329   -0.0731
...    95 A-T ...
 -129.3790   -6.0377   18.7252
    0.4769   -0.5666   -0.6719
   -0.5130    0.4413   -0.7363
    0.7137    0.6959   -0.0802
...    96 C-G ...
 -126.5801   -4.1938   18.7983
    0.1364   -0.2516   -0.9582
   -0.6723    0.6869   -0.2760
    0.7276    0.6818   -0.0754
...    97 A-T ...
 -124.0814   -2.0198   18.3618
   -0.3177    0.1424   -0.9374
   -0.6107    0.7256    0.3172
    0.7254    0.6732   -0.1435
...    98 C-G ...
 -121.3549   -0.2359   17.4226
   -0.5967    0.4929   -0.6333
   -0.3499    0.5504    0.7580
    0.7222    0.6739   -0.1559
...    99 T-A ...
 -118.7382    1.9326   16.1367
   -0.6971    0.7095   -0.1037
    0.0372    0.1802    0.9829
    0.7160    0.6813   -0.1520
...   100 T-A ...
 -116.5023    4.1355   15.2619
   -0.5207    0.7072    0.4783
    0.4238   -0.2722    0.8639
    0.7411    0.6525   -0.1580
...   101 T-A ...
 -114.2184    6.3413   14.5377
   -0.1874    0.4299    0.8832
    0.6356   -0.6325    0.4428
    0.7489    0.6443   -0.1547
...   102 A-T ...
 -111.5540    8.3218   14.1793
    0.1610   -0.0545    0.9854
    0.6242   -0.7678   -0.1444
    0.7645    0.6384   -0.0896
...   103 T-A ...
 -109.5154   10.8327   14.2932
    0.3896   -0.4412    0.8084
    0.4815   -0.6507   -0.5871
    0.7851    0.6180   -0.0410
...   104 G-C ...
 -106.8946   12.8910   14.5002
    0.5154   -0.8052    0.2931
    0.1832   -0.2306   -0.9556
    0.8371    0.5463    0.0287
...   105 C-G ...
 -104.0152   14.3452   15.0339
    0.4764   -0.8375   -0.2677
   -0.1175    0.2411   -0.9634
    0.8713    0.4904    0.0165
...   106 T-A ...
 -100.7688   15.5163   15.3742
    0.3074   -0.5688   -0.7629
   -0.3140    0.6962   -0.6456
    0.8983    0.4380    0.0354
...   107 T-A ...
  -97.7794   16.6642   15.5425
    0.0443   -0.1038   -0.9936
   -0.4052    0.9072   -0.1129
    0.9131    0.4076   -0.0019
...   108 C-G ...
  -94.6534   17.8009   15.3486
   -0.2187    0.4305   -0.8757
   -0.3382    0.8083    0.4819
    0.9153    0.4016   -0.0312
...   109 C-G ...
  -91.6113   19.0230   15.0834
   -0.4466    0.7484   -0.4903
   -0.1587    0.4731    0.8666
    0.8805    0.4649   -0.0925
...   110 G-C ...
  -88.9900   20.6158   15.0732
   -0.5403    0.8410    0.0280
    0.1105    0.0380    0.9931
    0.8342    0.5397   -0.1135
...   111 G-C ...
  -86.4634   22.7704   14.5328
   -0.4356    0.6895    0.5786
    0.4097   -0.4204    0.8095
    0.8015    0.5897   -0.0994
...   112 C-G ...
  -84.1654   25.1462   13.9820
   -0.1726    0.3240    0.9302
    0.5826   -0.7279    0.3616
    0.7942    0.6043   -0.0631
...   113 T-A ...
  -81.7003   27.3508   13.7923
    0.1177   -0.1288    0.9847
    0.5930   -0.7863   -0.1738
    0.7966    0.6043   -0.0162
...   114 C-G ...
  -79.0156   29.2950   13.8715
    0.4012   -0.5809    0.7083
    0.4360   -0.5590   -0.7053
    0.8056    0.5918    0.0290
...   115 G-C ...
  -76.1531   30.9623   13.5953
    0.5031   -0.8466    0.1740
    0.1382   -0.1200   -0.9831
    0.8531    0.5186    0.0566
...   116 T-A ...
  -73.2371   32.2749   14.4011
    0.4523   -0.8113   -0.3703
   -0.1373    0.3469   -0.9278
    0.8812    0.4705    0.0455
...   117 A-T ...
  -70.0157   33.3566   14.9490
    0.2101   -0.5225   -0.8264
   -0.3282    0.7585   -0.5630
    0.9209    0.3895   -0.0121
...   118 T-A ...
  -66.8323   33.9530   15.1731
    0.0232   -0.0757   -0.9969
   -0.3845    0.9198   -0.0788
    0.9228    0.3851   -0.0078
...   119 A-T ...
  -63.8073   35.3907   15.1294
   -0.2436    0.4569   -0.8555
   -0.2961    0.8049    0.5142
    0.9236    0.3786   -0.0608
...   120 A-T ...
  -60.7638   36.3907   14.6442
   -0.3800    0.8245   -0.4193
   -0.0977    0.4150    0.9046
    0.9198    0.3846   -0.0772
...   121 T-A ...
  -57.7609   37.5109   13.6998
   -0.3664    0.9242    0.1080
    0.1166   -0.0696    0.9907
    0.9231    0.3756   -0.0823
...   122 G-C ...
  -54.6793   38.9326   13.2543
   -0.2831    0.6838    0.6726
    0.3161   -0.5956    0.7385
    0.9055    0.4216   -0.0475
...   123 T-A ...
  -51.9382   40.6918   12.8645
   -0.0937    0.2928    0.9516
    0.4149   -0.8573    0.3047
    0.9050    0.4234   -0.0412
...   124 G-C ...
  -48.9608   42.1961   12.8190
    0.0983   -0.2778    0.9556
    0.4160   -0.8608   -0.2931
    0.9040    0.4264    0.0310
...   125 T-A ...
  -46.2881   43.9581   13.1627
    0.2583   -0.6990    0.6668
    0.3082   -0.5945   -0.7427
    0.9156    0.3973    0.0619
...   126 C-G ...
  -43.3843   45.1901   13.4590
    0.3880   -0.9151    0.1097
    0.1070   -0.0735   -0.9915
    0.9154    0.3964    0.0693
...   127 G-C ...
  -40.2961   46.3006   13.2126
    0.2122   -0.8908   -0.4017
   -0.0692    0.3963   -0.9155
    0.9748    0.2221    0.0224
...   128 A-T ...
  -37.2381   47.0602   13.3841
    0.1175   -0.5019   -0.8569
   -0.1954    0.8343   -0.5154
    0.9737    0.2280   -0.0001
...   129 C-G ...
  -33.9516   47.0400   13.6504
   -0.0516   -0.0038   -0.9987
   -0.2106    0.9775    0.0072
    0.9762    0.2107   -0.0512
...   130 C-G ...
  -30.6148   47.2697   12.9309
   -0.2652    0.4708   -0.8414
   -0.1038    0.8536    0.5104
    0.9586    0.2227   -0.1775
...   131 A-T ...
  -27.5498   48.5894   12.5834
   -0.3788    0.8387   -0.3913
    0.0994    0.4572    0.8838
    0.9201    0.2959   -0.2566
...   132 A-T ...
  -24.6221   49.6142   11.5032
   -0.2494    0.9518    0.1788
    0.3104   -0.0963    0.9457
    0.9173    0.2913   -0.2714
...   133 A-T ...
  -21.7758   50.6482   10.2381
    0.0322    0.7256    0.6874
    0.3837   -0.6440    0.6618
    0.9229    0.2425   -0.2992
...   134 T-A ...
  -19.0160   52.0244    8.9250
    0.2452    0.2905    0.9249
    0.3073   -0.9281    0.2101
    0.9195    0.2328   -0.3169
...   135 G-C ...
  -16.4637   53.8824    7.5153
    0.5339   -0.3333    0.7771
    0.0346   -0.9097   -0.4139
    0.8449    0.2479   -0.4741
...   136 T-A ...
  -14.1749   56.5546    6.1808
    0.5795   -0.7269    0.3685
   -0.3141   -0.6164   -0.7221
    0.7521    0.3026   -0.5855
...   137 G-C ...
  -11.6538   57.9992    4.7204
    0.2452   -0.9542   -0.1714
   -0.6323   -0.0234   -0.7744
    0.7349    0.2983   -0.6091
...   138 A-T ...
   -8.6758   58.7133    3.6024
   -0.0345   -0.7815   -0.6229
   -0.6536    0.4891   -0.5775
    0.7560    0.3872   -0.5277
...   139 G-C ...
   -6.3275   59.0727    1.6296
   -0.2969   -0.3279   -0.8968
   -0.5657    0.8171   -0.1114
    0.7693    0.4742   -0.4281
...   140 C-G ...
   -3.4369   60.2278    1.0287
   -0.4426    0.2287   -0.8671
   -0.1681    0.9286    0.3308
    0.8808    0.2922   -0.3725
...   141 G-C ...
   -0.6976   63.8911   -2.2510
   -0.9992    0.0157   -0.0376
   -0.0024    0.8991    0.4378
    0.0407    0.4375   -0.8983
...   142 C-G ...
   -1.0065   65.5988   -4.9401
   -0.8337    0.5216    0.1813
    0.5170    0.6219    0.5881
    0.1940    0.5841   -0.7882
...   143 T-A ...
   -0.1333   66.2084   -7.8196
   -0.3753    0.8566    0.3540
    0.8856    0.2187    0.4098
    0.2736    0.4673   -0.8407
...   144 C-G ...
   -0.1666   67.4020  -10.8067
    0.1797    0.8793    0.4411
    0.9277   -0.3007    0.2214
    0.3273    0.3694   -0.8697
...   145 A-T ...
    0.5267   69.2312  -13.4659
    0.7352    0.4964    0.4616
    0.6118   -0.7791   -0.1367
    0.2918    0.3829   -0.8765
...   146 C-G ...
    1.4338   72.0891  -15.6019
    0.9809    0.0621    0.1844
    0.1264   -0.9240   -0.3608
    0.1480    0.3772   -0.9142
...   147 A-T ...
    2.3047   74.2222  -18.3863
    0.8657   -0.4292   -0.2575
   -0.4984   -0.7868   -0.3642
   -0.0463    0.4436   -0.8950
