  147 base-pairs
...     1 A-T ...
    0.0000    0.0000    0.0000
    1.0000    0.0000    0.0000
    0.0000    1.0000    0.0000
    0.0000    0.0000    1.0000
...     2 G-C ...
   -0.1394   -1.2357    3.2268
    0.7529    0.6366    0.1670
   -0.6386    0.7680   -0.0486
   -0.1592   -0.0700    0.9848
...     3 T-A ...
   -0.0365   -3.2932    6.3751
    0.2722    0.9301    0.2466
   -0.9238    0.3243   -0.2033
   -0.2691   -0.1725    0.9475
...     4 G-C ...
   -0.3505   -4.1660    9.4928
   -0.3756    0.9250    0.0579
   -0.8781   -0.3352   -0.3415
   -0.2965   -0.1791    0.9381
...     5 A-T ...
   -0.4462   -4.1476   12.7498
   -0.8116    0.5840   -0.0165
   -0.5523   -0.7762   -0.3042
   -0.1905   -0.2378    0.9524
...     6 G-C ...
   -1.5908   -4.1730   15.6201
   -0.9976    0.0246   -0.0651
   -0.0043   -0.9555   -0.2950
   -0.0695   -0.2940    0.9533
...     7 C-G ...
   -1.1030   -4.4824   18.7362
   -0.8441   -0.5304   -0.0787
    0.5345   -0.8441   -0.0432
   -0.0435   -0.0785    0.9960
...     8 G-C ...
   -2.4028   -7.7290   23.1475
   -0.2754   -0.3293   -0.9032
    0.6650   -0.7437    0.0684
   -0.6942   -0.5818    0.4238
...     9 C-G ...
   -4.4690   -9.9728   24.1132
    0.1145   -0.7025   -0.7024
    0.8512   -0.2952    0.4340
   -0.5122   -0.6476    0.5642
...    10 T-A ...
   -6.7405  -10.8752   25.9697
    0.4841   -0.8363   -0.2574
    0.6595    0.1553    0.7355
   -0.5751   -0.5258    0.6267
...    11 C-G ...
   -9.1656  -12.6208   27.1640
    0.7073   -0.6682    0.2307
    0.3448    0.6110    0.7126
   -0.6171   -0.4245    0.6626
...    12 A-T ...
  -10.9234  -14.6633   29.0693
    0.7515   -0.1377    0.6452
   -0.2029    0.8824    0.4246
   -0.6277   -0.4500    0.6352
...    13 C-G ...
  -11.8476  -17.4863   31.2451
    0.4295    0.2823    0.8578
   -0.5708    0.8209    0.0156
   -0.6998   -0.4963    0.5137
...    14 A-T ...
  -13.5897  -19.7827   33.4259
   -0.1504    0.6104    0.7777
   -0.6874    0.5008   -0.5260
   -0.7106   -0.6136    0.3443
...    15 A-T ...
  -15.8268  -21.7932   34.6290
   -0.4817    0.8125    0.3284
   -0.4873    0.0632   -0.8710
   -0.7284   -0.5795    0.3655
...    16 T-A ...
  -17.9364  -23.6149   36.5493
   -0.6902    0.7021   -0.1750
   -0.1506   -0.3760   -0.9143
   -0.7078   -0.6047    0.3652
...    17 T-A ...
  -20.2251  -25.3749   38.1216
   -0.6734    0.3297   -0.6617
    0.2811   -0.7136   -0.6417
   -0.6837   -0.6181    0.3879
...    18 T-A ...
  -22.5479  -27.1544   39.5008
   -0.3965   -0.1137   -0.9110
    0.6023   -0.7811   -0.1646
   -0.6928   -0.6139    0.3782
...    19 A-T ...
  -24.7495  -29.3662   40.6872
    0.0513   -0.5108   -0.8582
    0.7087   -0.5868    0.3917
   -0.7036   -0.6283    0.3319
...    20 T-A ...
  -27.5297  -31.0350   41.4242
    0.3874   -0.7559   -0.5278
    0.5887   -0.2377    0.7726
   -0.7094   -0.6100    0.3529
...    21 T-A ...
  -30.0063  -32.9873   42.2981
    0.6413   -0.7672    0.0078
    0.2638    0.2300    0.9368
   -0.7205   -0.5987    0.3499
...    22 C-G ...
  -32.3588  -34.9870   43.4019
    0.6978   -0.4770    0.5344
   -0.1600    0.6234    0.7654
   -0.6982   -0.6195    0.3587
...    23 G-C ...
  -34.7609  -36.6343   45.0884
    0.5905    0.0357    0.8062
   -0.5324    0.7680    0.3560
   -0.6065   -0.6395    0.4725
...    24 C-G ...
  -36.4899  -38.9905   46.5409
    0.2665    0.4668    0.8432
   -0.7570    0.6429   -0.1167
   -0.5966   -0.6072    0.5247
...    25 A-T ...
  -38.6580  -40.8236   48.1626
   -0.1256    0.7987    0.5884
   -0.7835    0.2840   -0.5527
   -0.6086   -0.5304    0.5901
...    26 A-T ...
  -40.5117  -42.4951   50.2812
   -0.5223    0.8349    0.1734
   -0.5904   -0.2073   -0.7801
   -0.6153   -0.5098    0.6012
...    27 A-T ...
  -42.2893  -43.9822   52.5553
   -0.7618    0.5764   -0.2958
   -0.1957   -0.6400   -0.7431
   -0.6176   -0.5082    0.6003
...    28 G-C ...
  -44.4362  -45.1949   54.8439
   -0.7083    0.1990   -0.6773
    0.2022   -0.8620   -0.4648
   -0.6763   -0.4662    0.5703
...    29 G-C ...
  -47.0514  -46.3866   56.7421
   -0.4219   -0.2660   -0.8667
    0.5363   -0.8440   -0.0020
   -0.7310   -0.4657    0.4988
...    30 C-G ...
  -49.7576  -47.6348   58.0756
   -0.0291   -0.6523   -0.7574
    0.6541   -0.5854    0.4791
   -0.7559   -0.4815    0.4437
...    31 C-G ...
  -52.5002  -49.0381   59.3934
    0.3829   -0.8319   -0.4017
    0.5445   -0.1480    0.8256
   -0.7462   -0.5349    0.3963
...    32 G-C ...
  -54.5250  -50.8464   60.7795
    0.6644   -0.7467    0.0316
    0.2501    0.2619    0.9321
   -0.7043   -0.6114    0.3607
...    33 G-C ...
  -56.5583  -53.3456   61.8041
    0.7225   -0.4556    0.5199
   -0.1794    0.6027    0.7775
   -0.6677   -0.6551    0.3537
...    34 C-G ...
  -58.5515  -55.7482   62.7626
    0.5314   -0.0308    0.8466
   -0.5477    0.7499    0.3711
   -0.6462   -0.6609    0.3816
...    35 C-G ...
  -60.3640  -58.2061   64.2490
    0.1789    0.4199    0.8898
   -0.7525    0.6410   -0.1512
   -0.6339   -0.6425    0.4306
...    36 C-G ...
  -62.2152  -60.4905   65.8673
   -0.2126    0.7337    0.6453
   -0.7377    0.3126   -0.5984
   -0.6408   -0.6033    0.4748
...    37 G-C ...
  -64.6756  -62.5063   66.7990
   -0.5004    0.8470    0.1797
   -0.5035   -0.1158   -0.8562
   -0.7044   -0.5189    0.4844
...    38 A-T ...
  -66.7778  -64.2499   68.3467
   -0.6807    0.6428   -0.3513
   -0.1101   -0.5638   -0.8185
   -0.7242   -0.5185    0.4546
...    39 C-G ...
  -69.2415  -65.4121   69.9960
   -0.5909    0.3093   -0.7451
    0.2320   -0.8194   -0.5241
   -0.7727   -0.4826    0.4124
...    40 A-T ...
  -71.9773  -66.8302   71.2396
   -0.2741   -0.1180   -0.9544
    0.4757   -0.8792   -0.0279
   -0.8358   -0.4617    0.2972
...    41 C-G ...
  -75.0021  -67.9778   71.7843
    0.0465   -0.5138   -0.8567
    0.5240   -0.7176    0.4588
   -0.8505   -0.4702    0.2358
...    42 G-C ...
  -77.5694  -69.8887   72.6540
    0.3842   -0.8041   -0.4537
    0.3397   -0.3339    0.8793
   -0.8585   -0.4920    0.1449
...    43 A-T ...
  -80.3095  -71.4346   73.0466
    0.5022   -0.8524    0.1458
    0.0514    0.1977    0.9789
   -0.8632   -0.4841    0.1431
...    44 C-G ...
  -83.0306  -73.3413   72.9146
    0.4711   -0.6137    0.6336
   -0.2323    0.6066    0.7603
   -0.8509   -0.5054    0.1432
...    45 T-A ...
  -85.7256  -75.7933   73.0842
    0.2597   -0.1888    0.9471
   -0.4393    0.8502    0.2900
   -0.8600   -0.4914    0.1379
...    46 T-A ...
  -88.3008  -77.7757   73.3433
   -0.0260    0.2517    0.9675
   -0.4807    0.8454   -0.2329
   -0.8765   -0.4711    0.0990
...    47 A-T ...
  -91.1503  -79.3853   73.8278
   -0.1949    0.7160    0.6704
   -0.3913    0.5700   -0.7225
   -0.8994   -0.4031    0.1691
...    48 C-G ...
  -93.8072  -80.9670   74.9227
   -0.3176    0.9279    0.1954
   -0.2332    0.1233   -0.9646
   -0.9191   -0.3520    0.1773
...    49 T-A ...
  -96.8044  -81.9765   76.0028
   -0.2980    0.8921   -0.3395
   -0.0694   -0.3750   -0.9244
   -0.9521   -0.2519    0.1737
...    50 G-C ...
 -100.1668  -82.3724   76.4878
   -0.1024    0.5928   -0.7988
    0.0485   -0.7991   -0.5992
   -0.9936   -0.1001    0.0531
...    51 T-A ...
 -103.3260  -82.1261   76.8200
    0.0190    0.1618   -0.9866
    0.0630   -0.9850   -0.1604
   -0.9978   -0.0591   -0.0289
...    52 A-T ...
 -106.5622  -81.7431   76.2099
    0.2217   -0.3548   -0.9083
   -0.0435   -0.9341    0.3543
   -0.9741   -0.0390   -0.2225
...    53 G-C ...
 -109.6144  -81.5030   75.2206
    0.2414   -0.7608   -0.6025
   -0.2031   -0.6467    0.7352
   -0.9489   -0.0551   -0.3106
...    54 G-C ...
 -112.6952  -81.4300   73.2332
    0.1351   -0.9856   -0.1021
   -0.3413   -0.1431    0.9290
   -0.9302   -0.0906   -0.3557
...    55 T-A ...
 -115.5317  -81.9128   71.6020
   -0.0870   -0.9191    0.3842
   -0.3732    0.3876    0.8429
   -0.9237   -0.0701   -0.3767
...    56 A-T ...
 -118.4925  -82.3853   70.0496
   -0.3042   -0.5115    0.8037
   -0.2476    0.8571    0.4518
   -0.9199   -0.0615   -0.3874
...    57 T-A ...
 -121.3092  -83.2626   68.5420
   -0.4230   -0.0059    0.9061
   -0.0322    0.9994   -0.0086
   -0.9056   -0.0328   -0.4230
...    58 C-G ...
 -124.4098  -83.6403   67.2781
   -0.3513    0.6052    0.7144
    0.2633    0.7961   -0.5449
   -0.8985   -0.0033   -0.4390
...    59 T-A ...
 -127.5414  -83.6711   66.1391
   -0.0894    0.9238    0.3722
    0.4103    0.3747   -0.8314
   -0.9075    0.0784   -0.4126
...    60 C-G ...
 -130.6284  -83.3292   64.8875
    0.2264    0.9675   -0.1127
    0.3824   -0.1947   -0.9032
   -0.8958    0.1614   -0.4141
...    61 G-C ...
 -133.2970  -82.5114   63.1229
    0.6210    0.6859   -0.3793
    0.1845   -0.5983   -0.7798
   -0.7618    0.4142   -0.4981
...    62 A-T ...
 -135.7383  -80.9816   61.4639
    0.6859    0.2093   -0.6969
   -0.2025   -0.8650   -0.4591
   -0.6990    0.4560   -0.5509
...    63 G-C ...
 -137.6903  -79.0794   59.5482
    0.5433   -0.2921   -0.7871
   -0.5598   -0.8248   -0.0803
   -0.6257    0.4842   -0.6116
...    64 C-G ...
 -139.3322  -77.1654   57.2506
    0.1414   -0.7280   -0.6709
   -0.7977   -0.4851    0.3582
   -0.5862    0.4845   -0.6493
...    65 T-A ...
 -141.0517  -75.5108   55.0007
   -0.3112   -0.8694   -0.3839
   -0.7767   -0.0002    0.6299
   -0.5477    0.4942   -0.6752
...    66 C-G ...
 -143.0780  -73.9981   52.9134
   -0.7229   -0.6884    0.0594
   -0.4540    0.5381    0.7102
   -0.5208    0.4864   -0.7015
...    67 G-C ...
 -145.1355  -71.6129   51.3332
   -0.8433   -0.2620    0.4693
    0.0415    0.8388    0.5428
   -0.5359    0.4772   -0.6965
...    68 G-C ...
 -146.7607  -70.0332   48.8660
   -0.6482    0.2204    0.7289
    0.5373    0.8107    0.2326
   -0.5396    0.5424   -0.6439
...    69 G-C ...
 -148.6578  -68.4001   46.6464
   -0.2016    0.5549    0.8071
    0.8042    0.5642   -0.1871
   -0.5592    0.6114   -0.5599
...    70 A-T ...
 -150.6787  -66.4710   44.8799
    0.3318    0.7441    0.5798
    0.7774    0.1325   -0.6149
   -0.5344    0.6548   -0.5345
...    71 T-A ...
 -152.7824  -64.2586   43.6621
    0.7071    0.6736    0.2154
    0.4991   -0.2595   -0.8268
   -0.5010    0.6921   -0.5197
...    72 C-G ...
 -154.3342  -61.7991   42.1609
    0.8994    0.3551   -0.2550
   -0.0030   -0.5783   -0.8158
   -0.4371    0.7345   -0.5190
...    73 C-G ...
 -155.6456  -59.2347   40.6043
    0.8262   -0.0904   -0.5560
   -0.4696   -0.6556   -0.5913
   -0.3111    0.7497   -0.5841
...    74 G-C ...
 -156.6669  -57.0644   38.3254
    0.4853   -0.5326   -0.6934
   -0.8564   -0.4494   -0.2542
   -0.1762    0.7172   -0.6742
...    75 C-G ...
 -156.6366  -54.6222   35.8554
   -0.0922   -0.6994   -0.7088
   -0.9866   -0.0318    0.1597
   -0.1343    0.7141   -0.6871
...    76 T-A ...
 -156.7331  -52.5813   33.0153
   -0.6410   -0.5766   -0.5066
   -0.7649    0.4257    0.4834
   -0.0631    0.6974   -0.7139
...    77 T-A ...
 -156.6464  -50.5147   30.4767
   -0.9716   -0.1549   -0.1788
   -0.2362    0.6788    0.6953
    0.0137    0.7178   -0.6962
...    78 T-A ...
 -156.4681  -48.4273   27.9472
   -0.9181    0.3250    0.2269
    0.3876    0.6165    0.6853
    0.0829    0.7171   -0.6920
...    79 T-A ...
 -156.1234  -46.2533   25.5455
   -0.4993    0.6559    0.5661
    0.8566    0.2753    0.4364
    0.1304    0.7028   -0.6993
...    80 C-G ...
 -155.3710  -43.9717   23.2496
    0.0896    0.6452    0.7587
    0.9843   -0.1738    0.0315
    0.1522    0.7440   -0.6507
...    81 A-T ...
 -154.8622  -41.5497   20.9456
    0.5872    0.3367    0.7361
    0.7801   -0.4778   -0.4038
    0.2157    0.8114   -0.5433
...    82 T-A ...
 -154.3496  -38.6646   19.5781
    0.8736   -0.0057    0.4866
    0.3980   -0.5670   -0.7212
    0.2800    0.8237   -0.4930
...    83 G-C ...
 -153.1061  -35.7245   18.1744
    0.8927   -0.4465    0.0615
   -0.1495   -0.4221   -0.8941
    0.4252    0.7890   -0.4436
...    84 T-A ...
 -151.3529  -32.9989   17.3377
    0.6713   -0.6247   -0.3989
   -0.5775   -0.1035   -0.8098
    0.4646    0.7740   -0.4302
...    85 T-A ...
 -149.6566  -30.5975   16.1157
    0.2404   -0.5865   -0.7734
   -0.8335    0.2837   -0.4742
    0.4975    0.7586   -0.4207
...    86 A-T ...
 -148.1221  -27.9517   14.6202
   -0.3260   -0.2708   -0.9058
   -0.7941    0.5983    0.1069
    0.5130    0.7541   -0.4101
...    87 T-A ...
 -145.9534  -26.0133   13.1338
   -0.6612    0.0956   -0.7441
   -0.5225    0.6532    0.5481
    0.5384    0.7512   -0.3819
...    88 A-T ...
 -144.0840  -23.2915   12.1698
   -0.8120    0.5361   -0.2308
    0.0227    0.4242    0.9053
    0.5832    0.7298   -0.3566
...    89 A-T ...
 -142.2002  -21.0317   10.8821
   -0.6445    0.6961    0.3162
    0.4585    0.0210    0.8884
    0.6118    0.7176   -0.3327
...    90 C-G ...
 -140.5195  -18.5624    9.2206
   -0.2937    0.5895    0.7525
    0.7221   -0.3791    0.5788
    0.6264    0.7133   -0.3143
...    91 G-C ...
 -138.2484  -16.3120    8.6140
    0.0427    0.1771    0.9833
    0.7690   -0.6342    0.0808
    0.6379    0.7526   -0.1633
...    92 G-C ...
 -136.2391  -13.7227    8.5285
    0.3530   -0.2655    0.8972
    0.6677   -0.6003   -0.4404
    0.6554    0.7544   -0.0346
...    93 A-T ...
 -134.1687  -11.1703    8.6712
    0.6084   -0.6176    0.4984
    0.3746   -0.3302   -0.8664
    0.6996    0.7138    0.0305
...    94 A-T ...
 -131.8220   -8.9404    9.0251
    0.6918   -0.7165   -0.0897
   -0.0305    0.0951   -0.9950
    0.7215    0.6911    0.0440
...    95 A-T ...
 -129.3590   -6.8249    9.5716
    0.5512   -0.5514   -0.6262
   -0.3993    0.4847   -0.7782
    0.7327    0.6790    0.0470
...    96 C-G ...
 -126.5604   -5.0530   10.1009
    0.2578   -0.2160   -0.9418
   -0.6162    0.7140   -0.3324
    0.7442    0.6660    0.0510
...    97 A-T ...
 -123.9867   -2.9220   10.1005
   -0.1895    0.1856   -0.9642
   -0.6345    0.7263    0.2645
    0.7493    0.6619   -0.0199
...    98 C-G ...
 -121.1373   -1.1608    9.5958
   -0.5016    0.5282   -0.6851
   -0.4369    0.5289    0.7276
    0.7467    0.6643   -0.0346
...    99 T-A ...
 -118.3512    1.0073    8.7500
   -0.6709    0.7233   -0.1634
   -0.0855    0.1435    0.9860
    0.7366    0.6755   -0.0344
...   100 T-A ...
 -116.0032    3.2110    8.2498
   -0.5710    0.6959    0.4356
    0.3099   -0.3086    0.8993
    0.7602    0.6485   -0.0395
...   101 T-A ...
 -113.6324    5.4170    7.9022
   -0.2926    0.4003    0.8684
    0.5711   -0.6552    0.4945
    0.7669    0.6407   -0.0369
...   102 A-T ...
 -110.9244    7.3824    7.9428
    0.0469   -0.0913    0.9947
    0.6317   -0.7687   -0.1004
    0.7738    0.6331    0.0216
...   103 T-A ...
 -108.8958    9.8731    8.3738
    0.2952   -0.4723    0.8306
    0.5411   -0.6338   -0.5527
    0.7875    0.6126    0.0685
...   104 G-C ...
 -106.3071   11.9019    8.9403
    0.4772   -0.8186    0.3195
    0.2867   -0.1986   -0.9372
    0.8307    0.5389    0.1399
...   105 C-G ...
 -103.5017   13.3282    9.8326
    0.5018   -0.8300   -0.2437
   -0.0124    0.2748   -0.9614
    0.8649    0.4854    0.1276
...   106 T-A ...
 -100.3241   14.4965   10.5690
    0.3857   -0.5442   -0.7450
   -0.2455    0.7179   -0.6515
    0.8894    0.4342    0.1432
...   107 T-A ...
  -97.3724   15.6365   11.0856
    0.1459   -0.0728   -0.9866
   -0.3931    0.9109   -0.1254
    0.9079    0.4061    0.1043
...   108 C-G ...
  -94.2487   16.7760   11.2456
   -0.1332    0.4544   -0.8808
   -0.3870    0.7943    0.4684
    0.9124    0.4033    0.0700
...   109 C-G ...
  -91.2009   18.0088   11.3172
   -0.4017    0.7596   -0.5115
   -0.2445    0.4493    0.8593
    0.8825    0.4703    0.0052
...   110 G-C ...
  -88.6097   19.6327   11.5908
   -0.5473    0.8369   -0.0022
    0.0174    0.0140    0.9998
    0.8367    0.5472   -0.0222
...   111 G-C ...
  -86.0728   21.8313   11.3414
   -0.4923    0.6732    0.5518
    0.3390   -0.4356    0.8339
    0.8017    0.5976   -0.0137
...   112 C-G ...
  -83.7640   24.2463   11.0621
   -0.2568    0.3020    0.9180
    0.5565   -0.7304    0.3960
    0.7902    0.6126    0.0195
...   113 T-A ...
  -81.3103   26.4708   11.1377
    0.0378   -0.1478    0.9883
    0.6148   -0.7763   -0.1396
    0.7878    0.6128    0.0616
...   114 C-G ...
  -78.6621   28.4463   11.4619
    0.3531   -0.5907    0.7255
    0.4955   -0.5396   -0.6806
    0.7935    0.5999    0.1022
...   115 G-C ...
  -75.8153   30.1625   11.4261
    0.5011   -0.8434    0.1939
    0.2094   -0.0993   -0.9728
    0.8397    0.5281    0.1268
...   116 T-A ...
  -72.9793   31.4997   12.4676
    0.4883   -0.7978   -0.3536
   -0.0789    0.3632   -0.9284
    0.8691    0.4812    0.1144
...   117 A-T ...
  -69.8188   32.6204   13.2531
    0.2703   -0.5045   -0.8200
   -0.3020    0.7643   -0.5698
    0.9142    0.4016    0.0543
...   118 T-A ...
  -66.6653   33.2543   13.6904
    0.0857   -0.0580   -0.9946
   -0.3919    0.9159   -0.0872
    0.9160    0.3972    0.0558
...   119 A-T ...
  -63.6696   34.7334   13.8440
   -0.2021    0.4617   -0.8637
   -0.3370    0.7953    0.5039
    0.9195    0.3929   -0.0051
...   120 A-T ...
  -60.6230   35.7911   13.5377
   -0.3722    0.8212   -0.4325
   -0.1520    0.4057    0.9013
    0.9156    0.4012   -0.0262
...   121 T-A ...
  -57.5977   36.9749   12.7571
   -0.3880    0.9167    0.0960
    0.0681   -0.0753    0.9948
    0.9192    0.3925   -0.0332
...   122 G-C ...
  -54.5281   38.4542   12.4763
   -0.3246    0.6737    0.6639
    0.2920   -0.5962    0.7478
    0.8997    0.4366   -0.0032
...   123 T-A ...
  -51.8005   40.2669   12.2199
   -0.1374    0.2837    0.9490
    0.4159   -0.8530    0.3153
    0.8990    0.4380   -0.0007
...   124 G-C ...
  -48.8452   41.8178   12.2931
    0.0698   -0.2845    0.9561
    0.4400   -0.8514   -0.2854
    0.8953    0.4406    0.0657
...   125 T-A ...
  -46.2139   43.6249   12.7399
    0.2488   -0.7003    0.6691
    0.3409   -0.5833   -0.7373
    0.9066    0.4116    0.0936
...   126 C-G ...
  -43.3427   44.9160   13.1263
    0.3991   -0.9099    0.1134
    0.1356   -0.0638   -0.9887
    0.9068    0.4099    0.0979
...   127 G-C ...
  -40.2669   46.0856   12.9706
    0.2313   -0.8861   -0.4017
   -0.0544    0.4005   -0.9147
    0.9714    0.2335    0.0445
...   128 A-T ...
  -37.2260   46.8880   13.2141
    0.1396   -0.4969   -0.8565
   -0.1953    0.8342   -0.5158
    0.9708    0.2393    0.0194
...   129 C-G ...
  -33.9476   46.9037   13.5432
   -0.0344   -0.0011   -0.9994
   -0.2209    0.9753    0.0066
    0.9747    0.2210   -0.0338
...   130 C-G ...
  -30.6029   47.1669   12.8682
   -0.2575    0.4698   -0.8444
   -0.1190    0.8518    0.5102
    0.9589    0.2319   -0.1635
...   131 A-T ...
  -27.5499   48.5287   12.5420
   -0.3819    0.8359   -0.3942
    0.0879    0.4575    0.8849
    0.9200    0.3033   -0.2482
...   132 A-T ...
  -24.6244   49.5860   11.4821
   -0.2554    0.9503    0.1778
    0.3045   -0.0955    0.9477
    0.9176    0.2962   -0.2650
...   133 A-T ...
  -21.7761   50.6332   10.2339
    0.0272    0.7254    0.6878
    0.3827   -0.6432    0.6632
    0.9235    0.2452   -0.2951
...   134 T-A ...
  -19.0159   52.0244    8.9250
    0.2452    0.2905    0.9249
    0.3073   -0.9281    0.2101
    0.9195    0.2328   -0.3169
...   135 G-C ...
  -16.4637   53.8825    7.5153
    0.5339   -0.3333    0.7771
    0.0346   -0.9097   -0.4139
    0.8449    0.2479   -0.4741
...   136 T-A ...
  -14.1749   56.5547    6.1808
    0.5795   -0.7269    0.3685
   -0.3141   -0.6164   -0.7221
    0.7521    0.3026   -0.5855
...   137 G-C ...
  -11.6538   57.9992    4.7204
    0.2452   -0.9542   -0.1714
   -0.6323   -0.0234   -0.7744
    0.7349    0.2983   -0.6091
...   138 A-T ...
   -8.6758   58.7133    3.6024
   -0.0345   -0.7815   -0.6229
   -0.6536    0.4891   -0.5775
    0.7560    0.3872   -0.5277
...   139 G-C ...
   -6.3275   59.0727    1.6296
   -0.2969   -0.3279   -0.8968
   -0.5657    0.8171   -0.1114
    0.7693    0.4742   -0.4281
...   140 C-G ...
   -3.4369   60.2279    1.0287
   -0.4426    0.2287   -0.8671
   -0.1681    0.9286    0.3308
    0.8808    0.2922   -0.3725
...   141 G-C ...
   -0.6976   63.8912   -2.2510
   -0.9992    0.0157   -0.0376
   -0.0024    0.8991    0.4378
    0.0407    0.4375   -0.8983
...   142 C-G ...
   -1.0064   65.5988   -4.9401
   -0.8337    0.5216    0.1813
    0.5170    0.6219    0.5881
    0.1940    0.5840   -0.7882
...   143 T-A ...
   -0.1332   66.2084   -7.8196
   -0.3753    0.8566    0.3540
    0.8856    0.2187    0.4098
    0.2736    0.4673   -0.8407
...   144 C-G ...
   -0.1666   67.4020  -10.8067
    0.1797    0.8793    0.4411
    0.9277   -0.3007    0.2214
    0.3273    0.3694   -0.8697
...   145 A-T ...
    0.5267   69.2312  -13.4659
    0.7352    0.4964    0.4616
    0.6118   -0.7791   -0.1367
    0.2918    0.3829   -0.8765
...   146 C-G ...
    1.4338   72.0892  -15.6019
    0.9809    0.0621    0.1844
    0.1264   -0.9240   -0.3608
    0.1480    0.3772   -0.9142
...   147 A-T ...
    2.3047   74.2222  -18.3863
    0.8657   -0.4292   -0.2575
   -0.4984   -0.7868   -0.3642
   -0.0463    0.4436   -0.8950
