  147 base-pairs
...     1 A-T ...
    0.0000    0.0000    0.0000
    1.0000    0.0000    0.0000
    0.0000    1.0000    0.0000
    0.0000    0.0000    1.0000
...     2 G-C ...
   -0.1394   -1.2357    3.2268
    0.7529    0.6366    0.1670
   -0.6386    0.7680   -0.0486
   -0.1592   -0.0700    0.9848
...     3 T-A ...
   -0.0365   -3.2932    6.3751
    0.2722    0.9301    0.2466
   -0.9238    0.3243   -0.2033
   -0.2691   -0.1725    0.9475
...     4 G-C ...
   -0.3505   -4.1660    9.4928
   -0.3756    0.9250    0.0579
   -0.8781   -0.3352   -0.3415
   -0.2965   -0.1791    0.9381
...     5 A-T ...
   -0.4462   -4.1476   12.7498
   -0.8116    0.5840   -0.0165
   -0.5523   -0.7762   -0.3042
   -0.1905   -0.2378    0.9524
...     6 G-C ...
   -1.5908   -4.1730   15.6201
   -0.9976    0.0246   -0.0651
   -0.0043   -0.9555   -0.2950
   -0.0695   -0.2940    0.9533
...     7 C-G ...
   -1.1030   -4.4824   18.7362
   -0.8441   -0.5304   -0.0787
    0.5345   -0.8441   -0.0432
   -0.0435   -0.0785    0.9960
...     8 G-C ...
   -2.4028   -7.7290   23.1475
   -0.2754   -0.3293   -0.9032
    0.6650   -0.7437    0.0684
   -0.6942   -0.5818    0.4238
...     9 C-G ...
   -4.4690   -9.9728   24.1132
    0.1145   -0.7025   -0.7024
    0.8512   -0.2952    0.4340
   -0.5122   -0.6476    0.5642
...    10 T-A ...
   -6.7405  -10.8752   25.9697
    0.4841   -0.8363   -0.2574
    0.6595    0.1553    0.7355
   -0.5751   -0.5258    0.6267
...    11 C-G ...
   -9.1656  -12.6208   27.1640
    0.7073   -0.6682    0.2307
    0.3448    0.6110    0.7126
   -0.6171   -0.4245    0.6626
...    12 A-T ...
  -10.9234  -14.6633   29.0693
    0.7515   -0.1377    0.6452
   -0.2029    0.8824    0.4246
   -0.6277   -0.4500    0.6352
...    13 C-G ...
  -11.8476  -17.4863   31.2451
    0.4295    0.2823    0.8578
   -0.5708    0.8209    0.0156
   -0.6998   -0.4963    0.5137
...    14 A-T ...
  -13.5897  -19.7827   33.4259
   -0.1504    0.6104    0.7777
   -0.6874    0.5008   -0.5260
   -0.7106   -0.6136    0.3443
...    15 A-T ...
  -15.8117  -21.8044   34.6423
   -0.4866    0.8082    0.3319
   -0.4880    0.0637   -0.8705
   -0.7246   -0.5855    0.3634
...    16 T-A ...
  -17.9065  -23.6548   36.5581
   -0.6970    0.6968   -0.1695
   -0.1485   -0.3715   -0.9165
   -0.7016   -0.6136    0.3624
...    17 T-A ...
  -20.1703  -25.4501   38.1257
   -0.6799    0.3258   -0.6570
    0.2887   -0.7046   -0.6482
   -0.6741   -0.6304    0.3850
...    18 T-A ...
  -22.4587  -27.2697   39.5104
   -0.3998   -0.1109   -0.9098
    0.6138   -0.7696   -0.1759
   -0.6807   -0.6288    0.3758
...    19 A-T ...
  -24.6193  -29.5132   40.6637
    0.0528   -0.4795   -0.8759
    0.7221   -0.5875    0.3652
   -0.6897   -0.6518    0.3152
...    20 T-A ...
  -27.3573  -31.2601   41.3504
    0.3992   -0.7230   -0.5638
    0.6010   -0.2580    0.7565
   -0.6924   -0.6408    0.3315
...    21 T-A ...
  -29.7780  -33.3125   42.1549
    0.6646   -0.7459   -0.0444
    0.2725    0.1867    0.9439
   -0.6957   -0.6394    0.3273
...    22 C-G ...
  -32.0301  -35.4589   43.1781
    0.7251   -0.4828    0.4910
   -0.1648    0.5707    0.8045
   -0.6686   -0.6643    0.3343
...    23 G-C ...
  -34.2669  -37.3351   44.8550
    0.6056    0.0079    0.7958
   -0.5589    0.7161    0.4182
   -0.5665   -0.6980    0.4380
...    24 C-G ...
  -35.8425  -39.8613   46.1891
    0.2622    0.4187    0.8695
   -0.7897    0.6110   -0.0561
   -0.5547   -0.6719    0.4908
...    25 A-T ...
  -37.8966  -41.8919   47.7318
   -0.1610    0.7414    0.6514
   -0.8096    0.2783   -0.5168
   -0.5645   -0.6106    0.5555
...    26 A-T ...
  -39.5938  -43.8400   49.7490
   -0.5743    0.7791    0.2513
   -0.5897   -0.1807   -0.7872
   -0.5679   -0.6002    0.5632
...    27 A-T ...
  -41.2164  -45.6497   51.9067
   -0.8098    0.5387   -0.2324
   -0.1601   -0.5840   -0.7958
   -0.5644   -0.6072    0.5592
...    28 G-C ...
  -43.2130  -47.2409   54.0983
   -0.7365    0.1995   -0.6464
    0.2634   -0.7955   -0.5457
   -0.6231   -0.5722    0.5333
...    29 G-C ...
  -45.6560  -48.8349   55.9296
   -0.4152   -0.2160   -0.8837
    0.6085   -0.7881   -0.0932
   -0.6763   -0.5764    0.4586
...    30 C-G ...
  -48.2069  -50.4261   57.1979
    0.0145   -0.5684   -0.8227
    0.7169   -0.5676    0.4048
   -0.6971   -0.5956    0.3992
...    31 C-G ...
  -50.7683  -52.2167   58.3865
    0.4532   -0.7378   -0.5002
    0.5768   -0.1851    0.7956
   -0.6796   -0.6491    0.3417
...    32 G-C ...
  -52.5583  -54.3905   59.5522
    0.7403   -0.6685   -0.0708
    0.2454    0.1706    0.9543
   -0.6259   -0.7238    0.2904
...    33 G-C ...
  -54.2503  -57.2255   60.2731
    0.7826   -0.4351    0.4452
   -0.2239    0.4706    0.8535
   -0.5808   -0.7676    0.2709
...    34 C-G ...
  -55.8831  -59.9697   60.9541
    0.5542   -0.0841    0.8281
   -0.6216    0.6199    0.4789
   -0.5536   -0.7802    0.2913
...    35 C-G ...
  -57.3467  -62.8080   62.1186
    0.1447    0.3030    0.9419
   -0.8311    0.5539   -0.0505
   -0.5370   -0.7755    0.3320
...    36 C-G ...
  -58.8587  -65.5204   63.3962
   -0.2944    0.5908    0.7512
   -0.7863    0.2970   -0.5418
   -0.5432   -0.7501    0.3771
...    37 G-C ...
  -61.0482  -67.9765   63.9627
   -0.6135    0.7270    0.3084
   -0.4971   -0.0520   -0.8662
   -0.6136   -0.6847    0.3933
...    38 A-T ...
  -62.8327  -70.2425   65.1973
   -0.7732    0.5837   -0.2480
   -0.0398   -0.4349   -0.8996
   -0.6329   -0.6857    0.3595
...    39 C-G ...
  -65.0678  -72.0151   66.6189
   -0.6426    0.3350   -0.6891
    0.3441   -0.6774   -0.6502
   -0.6846   -0.6549    0.3200
...    40 A-T ...
  -67.5224  -74.0181   67.6062
   -0.2673    0.0070   -0.9636
    0.6046   -0.7775   -0.1734
   -0.7504   -0.6289    0.2036
...    41 C-G ...
  -70.3151  -75.6915   67.9048
    0.1164   -0.3375   -0.9341
    0.6366   -0.6966    0.3310
   -0.7624   -0.6332    0.1338
...    42 G-C ...
  -72.5324  -78.1209   68.3650
    0.5078   -0.6280   -0.5897
    0.3999   -0.4345    0.8070
   -0.7630   -0.6456    0.0305
...    43 A-T ...
  -74.9626  -80.1571   68.3867
    0.6407   -0.7677   -0.0100
    0.0264    0.0090    0.9996
   -0.7673   -0.6408    0.0260
...    44 C-G ...
  -77.3205  -82.4273   67.8126
    0.5769   -0.6363    0.5122
   -0.3271    0.3947    0.8586
   -0.7485   -0.6629    0.0196
...    45 T-A ...
  -79.5342  -85.3058   67.4178
    0.2945   -0.3301    0.8968
   -0.5821    0.6823    0.4423
   -0.7579   -0.6523    0.0088
...    46 T-A ...
  -81.6982  -87.7467   67.1542
   -0.0702    0.0309    0.9971
   -0.6265    0.7765   -0.0682
   -0.7763   -0.6294   -0.0352
...    47 A-T ...
  -84.2548  -89.8544   67.1111
   -0.3515    0.5060    0.7877
   -0.4770    0.6272   -0.6157
   -0.8056   -0.5922    0.0209
...    48 C-G ...
  -86.5772  -92.1186   67.6658
   -0.5082    0.7834    0.3578
   -0.2222    0.2821   -0.9333
   -0.8321   -0.5538    0.0307
...    49 T-A ...
  -89.3445  -93.9002   68.2661
   -0.4658    0.8680   -0.1720
    0.0476   -0.1694   -0.9844
   -0.8836   -0.4667    0.0376
...    50 G-C ...
  -92.5552  -95.0649   68.3664
   -0.1936    0.7229   -0.6633
    0.2480   -0.6180   -0.7460
   -0.9492   -0.3089   -0.0597
...    51 T-A ...
  -95.7030  -95.5510   68.4657
    0.0322    0.3867   -0.9216
    0.2864   -0.8870   -0.3622
   -0.9576   -0.2523   -0.1394
...    52 A-T ...
  -98.9387  -95.5076   67.5955
    0.3702   -0.0497   -0.9276
    0.1483   -0.9826    0.1118
   -0.9171   -0.1789   -0.3564
...    53 G-C ...
 -101.8754  -95.6328   66.2948
    0.4703   -0.5029   -0.7252
   -0.1053   -0.8478    0.5197
   -0.8762   -0.1681   -0.4517
...    54 G-C ...
 -104.6830  -95.6877   63.9347
    0.3836   -0.8686   -0.3136
   -0.3822   -0.4585    0.8023
   -0.8407   -0.1879   -0.5078
...    55 T-A ...
 -107.1243  -96.3233   61.7956
    0.1088   -0.9852    0.1325
   -0.5415    0.0530    0.8390
   -0.8336   -0.1630   -0.5278
...    56 A-T ...
 -109.6879  -96.9986   59.7102
   -0.2500   -0.7662    0.5920
   -0.5045    0.6249    0.5958
   -0.8264   -0.1497   -0.5427
...    57 T-A ...
 -111.9987  -98.0132   57.5528
   -0.5107   -0.3468    0.7867
   -0.2832    0.9318    0.2269
   -0.8118   -0.1069   -0.5741
...    58 C-G ...
 -114.7157  -98.6786   55.6890
   -0.5816    0.2925    0.7591
    0.1184    0.9536   -0.2767
   -0.8048   -0.0710   -0.5893
...    59 T-A ...
 -117.5641  -99.0661   53.9883
   -0.3734    0.7421    0.5566
    0.4076    0.6702   -0.6202
   -0.8333   -0.0047   -0.5528
...    60 C-G ...
 -120.4472  -99.1140   52.2487
   -0.0184    0.9858    0.1671
    0.5491    0.1496   -0.8222
   -0.8355    0.0766   -0.5441
...    61 G-C ...
 -122.9398  -98.4425   50.1955
    0.4732    0.8790   -0.0588
    0.4587   -0.3028   -0.8354
   -0.7522    0.3683   -0.5464
...    62 A-T ...
 -125.3884  -97.1053   48.4219
    0.7185    0.5361   -0.4431
    0.1193   -0.7227   -0.6808
   -0.6852    0.4363   -0.5832
...    63 G-C ...
 -127.3706  -95.1597   46.5810
    0.7409    0.0612   -0.6689
   -0.2950   -0.8650   -0.4060
   -0.6034    0.4981   -0.6227
...    64 C-G ...
 -128.9630  -93.0464   44.4407
    0.4617   -0.4622   -0.7571
   -0.6934   -0.7204    0.0170
   -0.5533    0.5171   -0.6531
...    65 T-A ...
 -130.5544  -91.2059   42.2468
    0.0216   -0.7711   -0.6364
   -0.8607   -0.3382    0.3806
   -0.5087    0.5395   -0.6710
...    66 C-G ...
 -132.4513  -89.6847   40.0667
   -0.5034   -0.8122   -0.2948
   -0.7276    0.2145    0.6516
   -0.4660    0.5426   -0.6989
...    67 G-C ...
 -134.7032  -87.4355   38.5208
   -0.8253   -0.5463    0.1429
   -0.3097    0.6495    0.6945
   -0.4722    0.5289   -0.7052
...    68 G-C ...
 -136.0867  -85.6186   36.0652
   -0.8349   -0.1204    0.5371
    0.2306    0.8095    0.5399
   -0.4998    0.5746   -0.6481
...    69 G-C ...
 -137.7561  -83.8617   33.7611
   -0.5279    0.2667    0.8063
    0.6456    0.7428    0.1771
   -0.5517    0.6141   -0.5643
...    70 A-T ...
 -139.7325  -81.9818   31.8884
   -0.0276    0.6153    0.7878
    0.8396    0.4420   -0.3158
   -0.5426    0.6526   -0.5288
...    71 T-A ...
 -141.9850  -79.9937   30.5550
    0.4287    0.7195    0.5463
    0.7367    0.0716   -0.6724
   -0.5229    0.6908   -0.4994
...    72 C-G ...
 -143.7075  -77.5926   29.1647
    0.8084    0.5787    0.1077
    0.3540   -0.3317   -0.8744
   -0.4703    0.7450   -0.4730
...    73 C-G ...
 -145.2470  -75.0433   27.8110
    0.9365    0.2181   -0.2747
   -0.1116   -0.5573   -0.8228
   -0.3325    0.8012   -0.4976
...    74 G-C ...
 -146.1436  -72.5884   25.7816
    0.7775   -0.2354   -0.5832
   -0.6072   -0.5227   -0.5985
   -0.1640    0.8194   -0.5493
...    75 C-G ...
 -146.0443  -69.6421   23.9443
    0.2920   -0.4993   -0.8157
   -0.9494   -0.2547   -0.1839
   -0.1160    0.8281   -0.5484
...    76 T-A ...
 -145.8488  -67.0213   21.6248
   -0.3019   -0.5354   -0.7888
   -0.9528    0.1422    0.2681
   -0.0314    0.8325   -0.5531
...    77 T-A ...
 -145.5596  -64.3974   19.6855
   -0.8075   -0.2754   -0.5216
   -0.5889    0.4268    0.6863
    0.0336    0.8614   -0.5068
...    78 T-A ...
 -145.1427  -61.7490   17.7776
   -0.9941    0.0886   -0.0618
   -0.0117    0.4805    0.8769
    0.1074    0.8725   -0.4766
...    79 A-T ...
 -144.2675  -58.6556   16.8572
   -0.7849    0.4260    0.4500
    0.5873    0.2799    0.7594
    0.1976    0.8603   -0.4699
...    80 A-T ...
 -143.7317  -55.9365   15.2801
   -0.3334    0.4915    0.8045
    0.9160   -0.0332    0.3998
    0.2232    0.8702   -0.4391
...    81 C-G ...
 -143.5959  -52.9583   13.7608
    0.1845    0.3628    0.9134
    0.9512   -0.2998   -0.0730
    0.2473    0.8823   -0.4004
...    82 A-T ...
 -142.7839  -49.9247   12.6245
    0.6417    0.0165    0.7668
    0.6976   -0.4282   -0.5745
    0.3189    0.9035   -0.2862
...    83 C-G ...
 -141.8297  -46.7431   12.3641
    0.8904   -0.2544    0.3774
    0.2781   -0.3524   -0.8936
    0.3603    0.9006   -0.2430
...    84 T-A ...
 -140.3467  -43.4868   12.1826
    0.8578   -0.4827   -0.1768
   -0.2605   -0.1115   -0.9590
    0.4432    0.8687   -0.2214
...    85 T-A ...
 -138.6783  -40.7075   11.8015
    0.5575   -0.4381   -0.7052
   -0.7016    0.2056   -0.6823
    0.4439    0.8751   -0.1927
...    86 T-A ...
 -136.9750  -37.9612   11.3693
    0.0701   -0.2170   -0.9737
   -0.8928    0.4217   -0.1583
    0.4449    0.8804   -0.1642
...    87 A-T ...
 -135.6718  -34.8169   10.9136
   -0.5007    0.1498   -0.8526
   -0.7316    0.4532    0.5093
    0.4627    0.8787   -0.1174
...    88 T-A ...
 -133.7320  -32.3109   10.0472
   -0.7927    0.3400   -0.5061
   -0.4041    0.3285    0.8537
    0.4564    0.8812   -0.1230
...    89 G-C ...
 -132.3295  -29.3823    9.3737
   -0.9120    0.3893    0.1291
    0.1737    0.0816    0.9814
    0.3716    0.9175   -0.1420
...    90 C-G ...
 -131.4832  -26.2990    8.6943
   -0.6890    0.3243    0.6482
    0.6323   -0.1683    0.7563
    0.3544    0.9309   -0.0891
...    91 T-A ...
 -130.6489  -23.0049    8.1963
   -0.2321    0.1285    0.9642
    0.9132   -0.3126    0.2615
    0.3350    0.9412   -0.0448
...    92 T-A ...
 -129.7785  -19.9319    8.1182
    0.2814   -0.1283    0.9510
    0.8958   -0.3201   -0.3083
    0.3439    0.9387    0.0248
...    93 C-G ...
 -128.7064  -16.7470    8.3610
    0.7377   -0.3332    0.5873
    0.5667   -0.1673   -0.8068
    0.3670    0.9279    0.0654
...    94 T-A ...
 -127.3953  -13.7874    8.9715
    0.8882   -0.4521    0.0824
    0.1216    0.0583   -0.9909
    0.4432    0.8901    0.1068
...    95 C-G ...
 -125.5244  -11.1457    9.4083
    0.7794   -0.3975   -0.4843
   -0.3589    0.3502   -0.8652
    0.5135    0.8482    0.1303
...    96 A-T ...
 -123.4899   -8.5394   10.3162
    0.4209   -0.2495   -0.8721
   -0.6476    0.5906   -0.4815
    0.6352    0.7674    0.0870
...    97 T-A ...
 -121.0505   -6.4069   10.6799
    0.0236    0.0559   -0.9982
   -0.7613    0.6482    0.0183
    0.6480    0.7594    0.0578
...    98 G-C ...
 -118.6669   -3.9696   10.7653
   -0.4596    0.3974   -0.7942
   -0.6201    0.4966    0.6073
    0.6358    0.7717    0.0182
...    99 T-A ...
 -116.2179   -1.6756   10.3735
   -0.7142    0.6128   -0.3382
   -0.2785    0.1946    0.9405
    0.6422    0.7659    0.0317
...   100 T-A ...
 -114.1190    0.7408   10.2738
   -0.7392    0.6243    0.2528
    0.1702   -0.1900    0.9669
    0.6517    0.7577    0.0342
...   101 A-T ...
 -111.8051    3.1690   10.6982
   -0.4988    0.3642    0.7865
    0.5719   -0.5436    0.6144
    0.6513    0.7562    0.0628
...   102 T-A ...
 -110.2160    6.0017   10.6267
   -0.1441    0.0454    0.9885
    0.7362   -0.6626    0.1378
    0.6613    0.7476    0.0620
...   103 A-T ...
 -107.8674    8.3578   10.9075
    0.2573   -0.3971    0.8810
    0.6981   -0.5540   -0.4536
    0.6681    0.7317    0.1347
...   104 A-T ...
 -105.8426   10.7060   11.5467
    0.5609   -0.6683    0.4887
    0.4546   -0.2447   -0.8564
    0.6919    0.7025    0.1665
...   105 C-G ...
 -103.6932   13.0022   12.8551
    0.6963   -0.7158   -0.0536
    0.0870    0.1582   -0.9836
    0.7125    0.6802    0.1725
...   106 G-C ...
 -101.1300   15.0188   13.0167
    0.5310   -0.5993   -0.5990
   -0.2573    0.5595   -0.7879
    0.8073    0.5725    0.1429
...   107 G-C ...
  -98.1930   16.4899   13.2549
    0.2320   -0.2777   -0.9322
   -0.4396    0.8250   -0.3551
    0.8677    0.4922    0.0693
...   108 A-T ...
  -95.2596   17.8908   13.2776
   -0.1136    0.2280   -0.9670
   -0.4639    0.8485    0.2546
    0.8786    0.4775    0.0094
...   109 C-G ...
  -92.1514   18.9728   12.8228
   -0.3420    0.6269   -0.7000
   -0.3111    0.6274    0.7138
    0.8867    0.4620   -0.0196
...   110 G-C ...
  -89.4318   20.7927   12.8731
   -0.5208    0.8400   -0.1523
   -0.0232    0.1643    0.9861
    0.8533    0.5172   -0.0661
...   111 G-C ...
  -86.8007   22.8447   12.4325
   -0.4920    0.7590    0.4264
    0.2904   -0.3187    0.9023
    0.8207    0.5678   -0.0636
...   112 C-G ...
  -84.3953   25.1207   11.9147
   -0.2818    0.4350    0.8552
    0.5162   -0.6826    0.5173
    0.8088    0.5872   -0.0322
...   113 T-A ...
  -81.8595   27.2529   11.7958
   -0.0022   -0.0137    0.9999
    0.5936   -0.8047   -0.0098
    0.8048    0.5935    0.0099
...   114 C-G ...
  -79.1482   29.1694   11.9469
    0.3125   -0.5002    0.8076
    0.4996   -0.6365   -0.5876
    0.8079    0.5871    0.0509
...   115 G-C ...
  -76.2435   30.7879   11.7849
    0.4711   -0.8251    0.3119
    0.2335   -0.2243   -0.9461
    0.8506    0.5185    0.0870
...   116 T-A ...
  -73.3877   32.1669   12.7699
    0.4747   -0.8458   -0.2434
   -0.0463    0.2522   -0.9666
    0.8789    0.4701    0.0806
...   117 A-T ...
  -70.2220   33.3142   13.4817
    0.2778   -0.5970   -0.7526
   -0.2713    0.7029   -0.6576
    0.9216    0.3868    0.0333
...   118 T-A ...
  -67.0590   33.9328   13.9254
    0.1060   -0.1631   -0.9809
   -0.3698    0.9092   -0.1911
    0.9230    0.3830    0.0360
...   119 A-T ...
  -64.0271   35.3808   14.0233
   -0.1693    0.3925   -0.9040
   -0.3324    0.8408    0.4273
    0.9278    0.3729   -0.0119
...   120 A-T ...
  -60.9471   36.3486   13.7294
   -0.3434    0.7922   -0.5045
   -0.1656    0.4777    0.8628
    0.9245    0.3799   -0.0328
...   121 T-A ...
  -57.8770   37.4101   12.9483
   -0.3703    0.9287    0.0184
    0.0428   -0.0027    0.9991
    0.9279    0.3707   -0.0388
...   122 G-C ...
  -54.7587   38.7928   12.6654
   -0.3234    0.7225    0.6110
    0.2644   -0.5510    0.7915
    0.9086    0.4175   -0.0128
...   123 T-A ...
  -51.9843   40.5309   12.3500
   -0.1475    0.3432    0.9276
    0.3923   -0.8406    0.3734
    0.9079    0.4190   -0.0107
...   124 G-C ...
  -48.9828   42.0089   12.3799
    0.0540   -0.2341    0.9707
    0.4265   -0.8736   -0.2344
    0.9029    0.4267    0.0527
...   125 T-A ...
  -46.3179   43.7815   12.7653
    0.2305   -0.6706    0.7051
    0.3368   -0.6249   -0.7043
    0.9129    0.3998    0.0818
...   126 C-G ...
  -43.4225   45.0394   13.1145
    0.3834   -0.9100    0.1579
    0.1413   -0.1112   -0.9837
    0.9127    0.3995    0.0859
...   127 G-C ...
  -40.3235   46.1693   12.9019
    0.2272   -0.9005   -0.3707
   -0.0478    0.3699   -0.9278
    0.9727    0.2285    0.0410
...   128 A-T ...
  -37.2743   46.9630   13.1326
    0.1405   -0.5225   -0.8410
   -0.1886    0.8197   -0.5408
    0.9720    0.2345    0.0166
...   129 C-G ...
  -33.9954   46.9748   13.4763
   -0.0305   -0.0262   -0.9992
   -0.2171    0.9760   -0.0190
    0.9757    0.2163   -0.0355
...   130 C-G ...
  -30.6457   47.2238   12.8267
   -0.2527    0.4543   -0.8542
   -0.1185    0.8617    0.4934
    0.9602    0.2259   -0.1639
...   131 A-T ...
  -27.5763   48.5778   12.5197
   -0.3763    0.8333   -0.4050
    0.0866    0.4668    0.8801
    0.9224    0.2961   -0.2479
...   132 A-T ...
  -24.6382   49.6108   11.4741
   -0.2531    0.9522    0.1710
    0.3020   -0.0902    0.9490
    0.9191    0.2919   -0.2647
...   133 A-T ...
  -21.7819   50.6432   10.2301
    0.0270    0.7282    0.6849
    0.3812   -0.6409    0.6663
    0.9241    0.2431   -0.2949
...   134 T-A ...
  -19.0160   52.0244    8.9251
    0.2452    0.2905    0.9249
    0.3073   -0.9281    0.2101
    0.9195    0.2328   -0.3169
...   135 G-C ...
  -16.4637   53.8825    7.5154
    0.5339   -0.3333    0.7771
    0.0346   -0.9097   -0.4139
    0.8449    0.2479   -0.4741
...   136 T-A ...
  -14.1749   56.5547    6.1810
    0.5795   -0.7269    0.3685
   -0.3141   -0.6164   -0.7221
    0.7521    0.3026   -0.5855
...   137 G-C ...
  -11.6538   57.9993    4.7206
    0.2452   -0.9542   -0.1714
   -0.6323   -0.0234   -0.7744
    0.7349    0.2983   -0.6091
...   138 A-T ...
   -8.6758   58.7134    3.6026
   -0.0345   -0.7815   -0.6229
   -0.6536    0.4891   -0.5775
    0.7560    0.3872   -0.5277
...   139 G-C ...
   -6.3275   59.0727    1.6298
   -0.2969   -0.3279   -0.8968
   -0.5657    0.8171   -0.1114
    0.7693    0.4742   -0.4281
...   140 C-G ...
   -3.4369   60.2279    1.0289
   -0.4426    0.2287   -0.8671
   -0.1681    0.9286    0.3308
    0.8808    0.2922   -0.3725
...   141 G-C ...
   -0.6976   63.8912   -2.2508
   -0.9992    0.0157   -0.0376
   -0.0024    0.8991    0.4378
    0.0407    0.4375   -0.8983
...   142 C-G ...
   -1.0065   65.5989   -4.9399
   -0.8337    0.5216    0.1813
    0.5170    0.6219    0.5881
    0.1940    0.5841   -0.7882
...   143 T-A ...
   -0.1333   66.2085   -7.8194
   -0.3753    0.8566    0.3540
    0.8856    0.2187    0.4098
    0.2736    0.4673   -0.8407
...   144 C-G ...
   -0.1666   67.4021  -10.8065
    0.1797    0.8793    0.4411
    0.9277   -0.3007    0.2214
    0.3273    0.3694   -0.8697
...   145 A-T ...
    0.5267   69.2313  -13.4657
    0.7352    0.4964    0.4616
    0.6118   -0.7791   -0.1367
    0.2918    0.3829   -0.8765
...   146 C-G ...
    1.4338   72.0893  -15.6017
    0.9809    0.0621    0.1844
    0.1264   -0.9240   -0.3608
    0.1480    0.3772   -0.9142
...   147 A-T ...
    2.3047   74.2223  -18.3861
    0.8657   -0.4292   -0.2575
   -0.4984   -0.7868   -0.3642
   -0.0463    0.4436   -0.8950
