  147 base-pairs
...     1 A-T ...
    0.0000    0.0000    0.0000
    1.0000    0.0000    0.0000
    0.0000    1.0000    0.0000
    0.0000    0.0000    1.0000
...     2 G-C ...
   -0.1394   -1.2357    3.2268
    0.7529    0.6366    0.1670
   -0.6386    0.7680   -0.0486
   -0.1592   -0.0700    0.9848
...     3 T-A ...
   -0.0365   -3.2932    6.3751
    0.2722    0.9301    0.2466
   -0.9238    0.3243   -0.2033
   -0.2691   -0.1725    0.9475
...     4 G-C ...
   -0.3505   -4.1660    9.4928
   -0.3756    0.9250    0.0579
   -0.8781   -0.3352   -0.3415
   -0.2965   -0.1791    0.9381
...     5 A-T ...
   -0.4462   -4.1476   12.7498
   -0.8116    0.5840   -0.0165
   -0.5523   -0.7762   -0.3042
   -0.1905   -0.2378    0.9524
...     6 G-C ...
   -1.5908   -4.1730   15.6201
   -0.9976    0.0246   -0.0651
   -0.0043   -0.9555   -0.2950
   -0.0695   -0.2940    0.9533
...     7 C-G ...
   -1.1030   -4.4824   18.7362
   -0.8441   -0.5304   -0.0787
    0.5345   -0.8441   -0.0432
   -0.0435   -0.0785    0.9960
...     8 G-C ...
   -2.4028   -7.7290   23.1475
   -0.2754   -0.3293   -0.9032
    0.6650   -0.7437    0.0684
   -0.6942   -0.5818    0.4238
...     9 C-G ...
   -4.4690   -9.9728   24.1132
    0.1145   -0.7025   -0.7024
    0.8512   -0.2952    0.4340
   -0.5122   -0.6476    0.5642
...    10 T-A ...
   -6.7405  -10.8752   25.9697
    0.4841   -0.8363   -0.2574
    0.6595    0.1553    0.7355
   -0.5751   -0.5258    0.6267
...    11 C-G ...
   -9.1656  -12.6208   27.1640
    0.7073   -0.6682    0.2307
    0.3448    0.6110    0.7126
   -0.6171   -0.4245    0.6626
...    12 A-T ...
  -10.9234  -14.6633   29.0693
    0.7515   -0.1377    0.6452
   -0.2029    0.8824    0.4246
   -0.6277   -0.4500    0.6352
...    13 C-G ...
  -11.8476  -17.4863   31.2451
    0.4295    0.2823    0.8578
   -0.5708    0.8209    0.0156
   -0.6998   -0.4963    0.5137
...    14 A-T ...
  -13.5897  -19.7827   33.4259
   -0.1504    0.6104    0.7777
   -0.6874    0.5008   -0.5260
   -0.7106   -0.6136    0.3443
...    15 A-T ...
  -15.8144  -21.7989   34.6465
   -0.4858    0.8090    0.3310
   -0.4891    0.0623   -0.8700
   -0.7244   -0.5845    0.3654
...    16 T-A ...
  -17.9078  -23.6431   36.5691
   -0.6968    0.6968   -0.1703
   -0.1501   -0.3738   -0.9153
   -0.7014   -0.6122    0.3650
...    17 T-A ...
  -20.1695  -25.4317   38.1462
   -0.6810    0.3240   -0.6567
    0.2869   -0.7070   -0.6464
   -0.6738   -0.6286    0.3885
...    18 T-A ...
  -22.4562  -27.2429   39.5472
   -0.4029   -0.1162   -0.9078
    0.6135   -0.7704   -0.1736
   -0.6792   -0.6269    0.3817
...    19 A-T ...
  -24.6034  -29.4893   40.7343
    0.0500   -0.4918   -0.8693
    0.7243   -0.5814    0.3706
   -0.6876   -0.6482    0.3271
...    20 T-A ...
  -27.3365  -31.2289   41.4616
    0.3972   -0.7320   -0.5535
    0.6045   -0.2452    0.7580
   -0.6905   -0.6357    0.3451
...    21 T-A ...
  -29.7525  -33.2672   42.3127
    0.6642   -0.7468   -0.0332
    0.2762    0.2040    0.9392
   -0.6946   -0.6330    0.3418
...    22 C-G ...
  -32.0039  -35.3900   43.3865
    0.7268   -0.4736    0.4975
   -0.1614    0.5863    0.7938
   -0.6676   -0.6572    0.3497
...    23 G-C ...
  -34.2456  -37.2255   45.1025
    0.6094    0.0238    0.7925
   -0.5556    0.7259    0.4054
   -0.5657   -0.6874    0.4556
...    24 C-G ...
  -35.8201  -39.7194   46.4967
    0.2674    0.4370    0.8588
   -0.7886    0.6114   -0.0656
   -0.5537   -0.6597    0.5081
...    25 A-T ...
  -37.8627  -41.7135   48.0986
   -0.1535    0.7573    0.6348
   -0.8120    0.2694   -0.5178
   -0.5632   -0.5949    0.5735
...    26 A-T ...
  -39.5551  -43.6038   50.1728
   -0.5681    0.7884    0.2358
   -0.5964   -0.1970   -0.7781
   -0.5670   -0.5827    0.5822
...    27 A-T ...
  -41.1717  -45.3468   52.3882
   -0.8077    0.5383   -0.2403
   -0.1703   -0.6034   -0.7790
   -0.5644   -0.5883    0.5791
...    28 G-C ...
  -43.1616  -46.8642   54.6372
   -0.7398    0.1882   -0.6459
    0.2530   -0.8118   -0.5263
   -0.6234   -0.5527    0.5530
...    29 G-C ...
  -45.6035  -48.3881   56.5275
   -0.4240   -0.2372   -0.8740
    0.6011   -0.7956   -0.0756
   -0.6775   -0.5574    0.4799
...    30 C-G ...
  -48.1558  -49.9254   57.8573
    0.0029   -0.5927   -0.8054
    0.7148   -0.5620    0.4161
   -0.6993   -0.5769    0.4221
...    31 C-G ...
  -50.7225  -51.6568   59.1212
    0.4419   -0.7578   -0.4800
    0.5810   -0.1659    0.7968
   -0.6835   -0.6310    0.3669
...    32 G-C ...
  -52.5249  -53.7717   60.3742
    0.7320   -0.6792   -0.0535
    0.2543    0.1995    0.9463
   -0.6321   -0.7063    0.3187
...    33 G-C ...
  -54.2493  -56.5574   61.2041
    0.7801   -0.4293    0.4551
   -0.2120    0.5030    0.8379
   -0.5886   -0.7501    0.3014
...    34 C-G ...
  -55.9203  -59.2507   61.9880
    0.5587   -0.0618    0.8271
   -0.6096    0.6455    0.4601
   -0.5623   -0.7612    0.3230
...    35 C-G ...
  -57.4159  -62.0245   63.2608
    0.1567    0.3362    0.9286
   -0.8225    0.5649   -0.0657
   -0.5467   -0.7535    0.3651
...    36 C-G ...
  -58.9579  -64.6660   64.6482
   -0.2780    0.6248    0.7296
   -0.7849    0.2901   -0.5475
   -0.5537   -0.7249    0.4098
...    37 G-C ...
  -61.1730  -67.0585   65.3353
   -0.5956    0.7513    0.2842
   -0.5056   -0.0757   -0.8595
   -0.6242   -0.6556    0.4249
...    38 A-T ...
  -62.9944  -69.2343   66.6737
   -0.7626    0.5901   -0.2650
   -0.0572   -0.4695   -0.8811
   -0.6444   -0.6567    0.3918
...    39 C-G ...
  -65.2536  -70.8978   68.1826
   -0.6407    0.3218   -0.6972
    0.3227   -0.7111   -0.6247
   -0.6967   -0.6252    0.3517
...    40 A-T ...
  -67.7480  -72.8003   69.2656
   -0.2752   -0.0258   -0.9610
    0.5836   -0.7989   -0.1457
   -0.7640   -0.6009    0.2350
...    41 C-G ...
  -70.5804  -74.3892   69.6536
    0.0994   -0.3798   -0.9197
    0.6211   -0.6985    0.3555
   -0.7774   -0.6066    0.1664
...    42 G-C ...
  -72.8570  -76.7363   70.2307
    0.4843   -0.6682   -0.5648
    0.3939   -0.4099    0.8227
   -0.7812   -0.6209    0.0647
...    43 A-T ...
  -75.3456  -78.6975   70.3606
    0.6170   -0.7867    0.0206
    0.0347    0.0533    0.9980
   -0.7862   -0.6150    0.0601
...    44 C-G ...
  -77.7749  -80.9218   69.9104
    0.5597   -0.6308    0.5374
   -0.3075    0.4441    0.8416
   -0.7695   -0.6363    0.0547
...    45 T-A ...
  -80.0867  -83.7389   69.6606
    0.2897   -0.2985    0.9094
   -0.5546    0.7220    0.4136
   -0.7801   -0.6242    0.0436
...    46 T-A ...
  -82.3389  -86.1071   69.5280
   -0.0621    0.0810    0.9948
   -0.5979    0.7950   -0.1021
   -0.7991   -0.6012   -0.0009
...    47 A-T ...
  -84.9610  -88.1296   69.6112
   -0.3206    0.5565    0.7665
   -0.4595    0.6162   -0.6396
   -0.8283   -0.5573    0.0582
...    48 C-G ...
  -87.3602  -90.2689   70.2957
   -0.4689    0.8209    0.3260
   -0.2234    0.2468   -0.9430
   -0.8545   -0.5150    0.0677
...    49 T-A ...
  -90.1901  -91.8976   71.0172
   -0.4293    0.8791   -0.2072
    0.0245   -0.2180   -0.9756
   -0.9028   -0.4239    0.0721
...    50 G-C ...
  -93.4536  -92.8986   71.2221
   -0.1689    0.6997   -0.6942
    0.2050   -0.6640   -0.7191
   -0.9641   -0.2638   -0.0312
...    51 T-A ...
  -96.6188  -93.2202   71.3870
    0.0359    0.3402   -0.9396
    0.2350   -0.9168   -0.3230
   -0.9713   -0.2092   -0.1129
...    52 A-T ...
  -99.8584  -93.0757   70.5660
    0.3467   -0.1175   -0.9306
    0.0979   -0.9822    0.1605
   -0.9328   -0.1468   -0.3290
...    53 G-C ...
 -102.8217  -93.1084   69.3205
    0.4239   -0.5662   -0.7069
   -0.1407   -0.8122    0.5662
   -0.8947   -0.1406   -0.4240
...    54 G-C ...
 -105.6839  -93.1226   67.0254
    0.3235   -0.9055   -0.2747
   -0.3884   -0.3918    0.8341
   -0.8629   -0.1631   -0.4784
...    55 T-A ...
 -108.2164  -93.7153   64.9795
    0.0512   -0.9818    0.1830
   -0.5149    0.1310    0.8472
   -0.8557   -0.1376   -0.4988
...    56 A-T ...
 -110.8761  -94.3216   62.9973
   -0.2834   -0.7154    0.6386
   -0.4460    0.6878    0.5727
   -0.8490   -0.1225   -0.5140
...    57 T-A ...
 -113.3080  -95.2894   60.9566
   -0.5103   -0.2690    0.8169
   -0.2139    0.9597    0.1824
   -0.8330   -0.0817   -0.5473
...    58 C-G ...
 -116.1173  -95.8640   59.2005
   -0.5374    0.3722    0.7568
    0.1741    0.9270   -0.3322
   -0.8252   -0.0468   -0.5629
...    59 T-A ...
 -119.0345  -96.1385   57.6014
   -0.3034    0.7950    0.5252
    0.4324    0.6061   -0.6676
   -0.8491    0.0245   -0.5277
...    60 C-G ...
 -121.9653  -96.0609   55.9533
    0.0559    0.9919    0.1138
    0.5282    0.0674   -0.8464
   -0.8473    0.1074   -0.5202
...    61 G-C ...
 -124.4770  -95.3073   53.9487
    0.5322    0.8377   -0.1223
    0.4023   -0.3774   -0.8341
   -0.7449    0.3947   -0.5378
...    62 A-T ...
 -126.8886  -93.8598   52.1980
    0.7351    0.4582   -0.4997
    0.0360   -0.7625   -0.6460
   -0.6770    0.4569   -0.5770
...    63 G-C ...
 -128.8071  -91.8680   50.3377
    0.7106   -0.0278   -0.7030
   -0.3763   -0.8593   -0.3465
   -0.5944    0.5108   -0.6211
...    64 C-G ...
 -130.3472  -89.7498   48.1592
    0.3874   -0.5326   -0.7525
   -0.7430   -0.6636    0.0871
   -0.5458    0.5253   -0.6528
...    65 T-A ...
 -131.9147  -87.9028   45.9518
   -0.0705   -0.7996   -0.5963
   -0.8621   -0.2519    0.4397
   -0.5018    0.5451   -0.6716
...    66 C-G ...
 -133.7973  -86.3183   43.7971
   -0.5802   -0.7824   -0.2264
   -0.6698    0.3002    0.6791
   -0.4634    0.5456   -0.6983
...    67 G-C ...
 -135.9480  -83.9622   42.2706
   -0.8542   -0.4730    0.2157
   -0.2167    0.7012    0.6793
   -0.4726    0.5335   -0.7015
...    68 G-C ...
 -137.3288  -82.1398   39.8190
   -0.8060   -0.0316    0.5911
    0.3253    0.8105    0.4871
   -0.4945    0.5849   -0.6430
...    69 G-C ...
 -139.0043  -80.3530   37.5415
   -0.4529    0.3400    0.8242
    0.7102    0.6965    0.1029
   -0.5390    0.6319   -0.5569
...    70 A-T ...
 -140.9494  -78.3981   35.7158
    0.0710    0.6462    0.7599
    0.8476    0.3625   -0.3875
   -0.5258    0.6716   -0.5220
...    71 T-A ...
 -143.1288  -76.2924   34.4437
    0.5174    0.7048    0.4853
    0.6929   -0.0123   -0.7209
   -0.5021    0.7093   -0.4948
...    72 C-G ...
 -144.7568  -73.8156   33.0653
    0.8546    0.5186    0.0275
    0.2664   -0.3922   -0.8804
   -0.4458    0.7597   -0.4734
...    73 C-G ...
 -146.1726  -71.1965   31.7068
    0.9268    0.1366   -0.3498
   -0.2123   -0.5779   -0.7880
   -0.3098    0.8046   -0.5066
...    74 G-C ...
 -147.0465  -68.7610   29.6450
    0.7098   -0.3127   -0.6312
   -0.6883   -0.4983   -0.5272
   -0.1496    0.8087   -0.5689
...    75 C-G ...
 -146.8993  -65.8935   27.6897
    0.1891   -0.5485   -0.8145
   -0.9765   -0.1926   -0.0970
   -0.1036    0.8137   -0.5720
...    76 T-A ...
 -146.7210  -63.3653   25.2740
   -0.4023   -0.5420   -0.7378
   -0.9152    0.2174    0.3394
   -0.0236    0.8118   -0.5835
...    77 T-A ...
 -146.4294  -60.8406   23.2082
   -0.8653   -0.2405   -0.4398
   -0.4994    0.4905    0.7141
    0.0440    0.8376   -0.5446
...    78 T-A ...
 -146.0223  -58.2933   21.1684
   -0.9889    0.1474    0.0206
    0.0943    0.5138    0.8527
    0.1151    0.8452   -0.5219
...    79 A-T ...
 -145.0829  -55.2919   20.0257
   -0.7184    0.4810    0.5025
    0.6682    0.2764    0.6907
    0.1933    0.8320   -0.5200
...    80 A-T ...
 -144.5769  -52.6585   18.3033
   -0.2337    0.5341    0.8125
    0.9475   -0.0625    0.3136
    0.2183    0.8431   -0.4914
...    81 C-G ...
 -144.4594  -49.7413   16.6672
    0.2874    0.3862    0.8765
    0.9262   -0.3452   -0.1515
    0.2441    0.8554   -0.4569
...    82 A-T ...
 -143.6281  -46.7860   15.3458
    0.7161    0.0163    0.6978
    0.6182   -0.4789   -0.6232
    0.3241    0.8777   -0.3530
...    83 C-G ...
 -142.5810  -43.6554   14.8635
    0.9144   -0.2776    0.2945
    0.1703   -0.3962   -0.9022
    0.3671    0.8752   -0.3151
...    84 T-A ...
 -141.0085  -40.4643   14.4044
    0.8179   -0.5202   -0.2458
   -0.3640   -0.1369   -0.9213
    0.4456    0.8430   -0.3013
...    85 T-A ...
 -139.3035  -37.7602   13.7412
    0.4653   -0.4818   -0.7426
   -0.7640    0.2051   -0.6118
    0.4470    0.8520   -0.2727
...    86 T-A ...
 -137.5763  -35.0867   13.0280
   -0.0419   -0.2533   -0.9665
   -0.8921    0.4450   -0.0780
    0.4499    0.8589   -0.2447
...    87 A-T ...
 -136.2428  -32.0062   12.3143
   -0.5867    0.1309   -0.7992
   -0.6602    0.4943    0.5656
    0.4691    0.8594   -0.2036
...    88 T-A ...
 -134.3527  -29.5951   11.1380
   -0.8358    0.3403   -0.4308
   -0.3002    0.3737    0.8776
    0.4597    0.8629   -0.2102
...    89 G-C ...
 -132.9694  -26.7332   10.1877
   -0.8838    0.4177    0.2110
    0.2827    0.1173    0.9520
    0.3729    0.9010   -0.2218
...    90 C-G ...
 -132.1447  -23.7005    9.2842
   -0.6060    0.3677    0.7054
    0.7095   -0.1510    0.6883
    0.3596    0.9176   -0.1694
...    91 T-A ...
 -131.3254  -20.4391    8.5707
   -0.1181    0.1767    0.9772
    0.9323   -0.3190    0.1704
    0.3418    0.9311   -0.1270
...    92 T-A ...
 -130.4273  -17.3879    8.2531
    0.3896   -0.0886    0.9167
    0.8493   -0.3505   -0.3948
    0.3563    0.9324   -0.0613
...    93 C-G ...
 -129.3084  -14.2917    8.3646
    0.7671   -0.3461    0.5402
    0.4931   -0.2206   -0.8415
    0.4104    0.9119    0.0014
...    94 C-G ...
 -127.9822  -11.2949    8.5833
    0.8513   -0.5238    0.0297
    0.0385    0.0060   -0.9992
    0.5232    0.8518    0.0253
...    95 G-C ...
 -126.1457   -8.8442    8.4007
    0.6873   -0.5468   -0.4781
   -0.3607    0.3144   -0.8781
    0.6305    0.7760    0.0189
...    96 G-C ...
 -123.5648   -6.6696    8.3654
    0.3392   -0.3329   -0.8798
   -0.6400    0.6038   -0.4752
    0.6894    0.7243   -0.0082
...    97 C-G ...
 -120.8092   -4.7431    8.2354
   -0.0908    0.0310   -0.9954
   -0.7046    0.7044    0.0862
    0.7038    0.7091   -0.0421
...    98 T-A ...
 -118.3214   -2.5795    8.0419
   -0.4614    0.3884   -0.7977
   -0.5328    0.5976    0.5992
    0.7094    0.7014   -0.0688
...    99 C-G ...
 -116.0840   -0.1494    7.8568
   -0.6966    0.6572   -0.2878
   -0.1420    0.2669    0.9532
    0.7033    0.7048   -0.0926
...   100 G-C ...
 -113.7626    2.2121    8.0724
   -0.6872    0.6474    0.3297
    0.2909   -0.1707    0.9414
    0.6657    0.7428   -0.0710
...   101 T-A ...
 -112.0473    4.9896    7.5169
   -0.4553    0.4247    0.7825
    0.6110   -0.4903    0.6216
    0.6476    0.7611   -0.0362
...   102 A-T ...
 -110.2652    7.9101    7.3285
   -0.0747    0.0050    0.9972
    0.7737   -0.6306    0.0611
    0.6292    0.7761    0.0433
...   103 T-A ...
 -108.7885   10.8209    7.6180
    0.3135   -0.3233    0.8928
    0.7063   -0.5490   -0.4468
    0.6347    0.7707    0.0562
...   104 C-G ...
 -106.7969   13.3979    7.8708
    0.6397   -0.6342    0.4343
    0.3709   -0.2402   -0.8971
    0.6732    0.7349    0.0816
...   105 A-T ...
 -104.6366   15.9518    8.5051
    0.6519   -0.7493   -0.1166
    0.0318    0.1807   -0.9830
    0.7577    0.6371    0.1416
...   106 T-A ...
 -102.0784   17.7508    9.3962
    0.5436   -0.5929   -0.5941
   -0.2823    0.5374   -0.7946
    0.7904    0.5997    0.1248
...   107 G-C ...
  -99.1803   19.5600    9.8721
    0.2071   -0.2206   -0.9531
   -0.5247    0.7973   -0.2985
    0.8257    0.5619    0.0494
...   108 T-A ...
  -96.0818   20.8613   10.0677
   -0.1092    0.2336   -0.9662
   -0.5482    0.7967    0.2546
    0.8292    0.5574    0.0411
...   109 T-A ...
  -93.3232   22.4697   10.0963
   -0.3969    0.6371   -0.6608
   -0.3838    0.5388    0.7500
    0.8338    0.5512    0.0307
...   110 A-T ...
  -90.5966   24.4460   10.4686
   -0.5587    0.8269   -0.0640
   -0.0618    0.0355    0.9975
    0.8271    0.5612    0.0313
...   111 T-A ...
  -88.0121   26.3314    9.8652
   -0.4997    0.7428    0.4456
    0.2225   -0.3870    0.8948
    0.8371    0.5463    0.0281
...   112 A-T ...
  -85.0797   27.9980   10.1694
   -0.2690    0.3456    0.8990
    0.4884   -0.7555    0.4366
    0.8301    0.5565    0.0344
...   113 A-T ...
  -82.5414   29.9293   10.2856
    0.0395   -0.1386    0.9896
    0.5479   -0.8252   -0.1374
    0.8356    0.5476    0.0433
...   114 C-G ...
  -80.1148   32.2987   10.7482
    0.3219   -0.5709    0.7553
    0.4326   -0.6209   -0.6537
    0.8422    0.5372    0.0471
...   115 G-C ...
  -77.1492   33.6512   10.8328
    0.3947   -0.8806    0.2621
    0.2100   -0.1912   -0.9588
    0.8945    0.4335    0.1095
...   116 G-C ...
  -74.0983   34.7216   11.4398
    0.3473   -0.8935   -0.2846
    0.0183    0.3099   -0.9506
    0.9376    0.3250    0.1240
...   117 A-T ...
  -70.9748   35.6542   12.0756
    0.2643   -0.5489   -0.7930
   -0.1814    0.7792   -0.5999
    0.9472    0.3024    0.1064
...   118 T-A ...
  -67.7592   35.9639   12.6416
    0.1241   -0.0901   -0.9882
   -0.2846    0.9508   -0.1224
    0.9506    0.2965    0.0924
...   119 A-T ...
  -64.6282   37.1153   12.9199
   -0.1140    0.4626   -0.8792
   -0.2738    0.8360    0.4755
    0.9550    0.2950    0.0314
...   120 A-T ...
  -61.4786   37.8564   12.7463
   -0.2734    0.8440   -0.4614
   -0.1478    0.4371    0.8872
    0.9505    0.3108    0.0053
...   121 T-A ...
  -58.3284   38.7351   12.0841
   -0.3056    0.9500    0.0647
    0.0224   -0.0607    0.9979
    0.9519    0.3064   -0.0028
...   122 G-C ...
  -55.1284   39.9416   11.9217
   -0.2929    0.7104    0.6400
    0.2138   -0.6037    0.7680
    0.9319    0.3618    0.0250
...   123 T-A ...
  -52.2655   41.5414   11.7614
   -0.1484    0.3103    0.9390
    0.3373   -0.8767    0.3430
    0.9296    0.3676    0.0254
...   124 G-C ...
  -49.2012   42.8589   11.9270
    0.0217   -0.2749    0.9612
    0.3859   -0.8847   -0.2617
    0.9223    0.3766    0.0869
...   125 T-A ...
  -46.4584   44.4839   12.4351
    0.1839   -0.7067    0.6831
    0.3198   -0.6141   -0.7215
    0.9294    0.3512    0.1131
...   126 C-G ...
  -43.5157   45.5893   12.8816
    0.3375   -0.9321    0.1314
    0.1547   -0.0828   -0.9845
    0.9285    0.3526    0.1162
...   127 G-C ...
  -40.3793   46.6003   12.7614
    0.1992   -0.8965   -0.3958
   -0.0186    0.4004   -0.9162
    0.9798    0.1899    0.0631
...   128 A-T ...
  -37.3152   47.2858   13.0710
    0.1341   -0.5032   -0.8537
   -0.1519    0.8408   -0.5195
    0.9792    0.1994    0.0363
...   129 C-G ...
  -34.0435   47.1789   13.4508
   -0.0177    0.0007   -0.9998
   -0.1847    0.9828    0.0039
    0.9826    0.1848   -0.0173
...   130 C-G ...
  -30.6813   47.3219   12.8377
   -0.2304    0.4787   -0.8472
   -0.0994    0.8545    0.5098
    0.9680    0.2017   -0.1493
...   131 A-T ...
  -27.5910   48.5999   12.5001
   -0.3655    0.8402   -0.4007
    0.0899    0.4603    0.8832
    0.9264    0.2868   -0.2438
...   132 A-T ...
  -24.6439   49.6129   11.4665
   -0.2487    0.9530    0.1733
    0.3003   -0.0943    0.9492
    0.9209    0.2881   -0.2627
...   133 A-T ...
  -21.7814   50.6392   10.2280
    0.0283    0.7267    0.6863
    0.3791   -0.6431    0.6653
    0.9249    0.2414   -0.2937
...   134 T-A ...
  -19.0160   52.0245    8.9250
    0.2452    0.2905    0.9249
    0.3073   -0.9281    0.2101
    0.9195    0.2328   -0.3169
...   135 G-C ...
  -16.4638   53.8825    7.5153
    0.5339   -0.3333    0.7771
    0.0346   -0.9097   -0.4139
    0.8449    0.2479   -0.4741
...   136 T-A ...
  -14.1749   56.5548    6.1808
    0.5795   -0.7269    0.3685
   -0.3141   -0.6164   -0.7221
    0.7521    0.3026   -0.5855
...   137 G-C ...
  -11.6539   57.9993    4.7204
    0.2452   -0.9542   -0.1714
   -0.6323   -0.0234   -0.7744
    0.7349    0.2983   -0.6091
...   138 A-T ...
   -8.6759   58.7134    3.6024
   -0.0345   -0.7815   -0.6229
   -0.6536    0.4891   -0.5775
    0.7560    0.3872   -0.5277
...   139 G-C ...
   -6.3275   59.0728    1.6296
   -0.2969   -0.3279   -0.8968
   -0.5657    0.8171   -0.1114
    0.7693    0.4742   -0.4281
...   140 C-G ...
   -3.4369   60.2279    1.0287
   -0.4426    0.2287   -0.8671
   -0.1681    0.9286    0.3308
    0.8808    0.2922   -0.3725
...   141 G-C ...
   -0.6977   63.8912   -2.2510
   -0.9992    0.0157   -0.0376
   -0.0024    0.8991    0.4378
    0.0407    0.4375   -0.8983
...   142 C-G ...
   -1.0065   65.5989   -4.9401
   -0.8337    0.5216    0.1813
    0.5170    0.6219    0.5881
    0.1940    0.5841   -0.7882
...   143 T-A ...
   -0.1333   66.2085   -7.8196
   -0.3753    0.8566    0.3540
    0.8856    0.2187    0.4098
    0.2736    0.4673   -0.8407
...   144 C-G ...
   -0.1666   67.4021  -10.8067
    0.1797    0.8793    0.4411
    0.9277   -0.3007    0.2214
    0.3273    0.3694   -0.8697
...   145 A-T ...
    0.5266   69.2313  -13.4659
    0.7352    0.4964    0.4616
    0.6118   -0.7791   -0.1367
    0.2918    0.3829   -0.8765
...   146 C-G ...
    1.4338   72.0893  -15.6019
    0.9809    0.0621    0.1844
    0.1264   -0.9240   -0.3608
    0.1480    0.3772   -0.9142
...   147 A-T ...
    2.3047   74.2223  -18.3863
    0.8657   -0.4292   -0.2575
   -0.4984   -0.7868   -0.3642
   -0.0463    0.4436   -0.8950
