  147 base-pairs
...     1 A-T ...
    0.0000    0.0000    0.0000
    1.0000    0.0000    0.0000
    0.0000    1.0000    0.0000
    0.0000    0.0000    1.0000
...     2 G-C ...
   -0.1394   -1.2357    3.2268
    0.7529    0.6366    0.1670
   -0.6386    0.7680   -0.0486
   -0.1592   -0.0700    0.9848
...     3 T-A ...
   -0.0365   -3.2932    6.3751
    0.2722    0.9301    0.2466
   -0.9238    0.3243   -0.2033
   -0.2691   -0.1725    0.9475
...     4 G-C ...
   -0.3505   -4.1660    9.4928
   -0.3756    0.9250    0.0579
   -0.8781   -0.3352   -0.3415
   -0.2965   -0.1791    0.9381
...     5 A-T ...
   -0.4462   -4.1476   12.7498
   -0.8116    0.5840   -0.0165
   -0.5523   -0.7762   -0.3042
   -0.1905   -0.2378    0.9524
...     6 G-C ...
   -1.5908   -4.1730   15.6201
   -0.9976    0.0246   -0.0651
   -0.0043   -0.9555   -0.2950
   -0.0695   -0.2940    0.9533
...     7 C-G ...
   -1.1030   -4.4824   18.7362
   -0.8441   -0.5304   -0.0787
    0.5345   -0.8441   -0.0432
   -0.0435   -0.0785    0.9960
...     8 G-C ...
   -2.4028   -7.7290   23.1475
   -0.2754   -0.3293   -0.9032
    0.6650   -0.7437    0.0684
   -0.6942   -0.5818    0.4238
...     9 C-G ...
   -4.4690   -9.9728   24.1132
    0.1145   -0.7025   -0.7024
    0.8512   -0.2952    0.4340
   -0.5122   -0.6476    0.5642
...    10 T-A ...
   -6.7405  -10.8752   25.9697
    0.4841   -0.8363   -0.2574
    0.6595    0.1553    0.7355
   -0.5751   -0.5258    0.6267
...    11 C-G ...
   -9.1656  -12.6208   27.1640
    0.7073   -0.6682    0.2307
    0.3448    0.6110    0.7126
   -0.6171   -0.4245    0.6626
...    12 A-T ...
  -10.9234  -14.6633   29.0693
    0.7515   -0.1377    0.6452
   -0.2029    0.8824    0.4246
   -0.6277   -0.4500    0.6352
...    13 C-G ...
  -11.8476  -17.4863   31.2451
    0.4295    0.2823    0.8578
   -0.5708    0.8209    0.0156
   -0.6998   -0.4963    0.5137
...    14 A-T ...
  -13.5897  -19.7827   33.4259
   -0.1504    0.6104    0.7777
   -0.6874    0.5008   -0.5260
   -0.7106   -0.6136    0.3443
...    15 A-T ...
  -15.8047  -21.8109   34.6449
   -0.4877    0.8069    0.3334
   -0.4885    0.0643   -0.8702
   -0.7235   -0.5872    0.3628
...    16 T-A ...
  -17.8938  -23.6712   36.5593
   -0.6988    0.6956   -0.1670
   -0.1486   -0.3695   -0.9173
   -0.6997   -0.6161    0.3616
...    17 T-A ...
  -20.1494  -25.4773   38.1259
   -0.6821    0.3255   -0.6549
    0.2900   -0.7017   -0.6508
   -0.6713   -0.6338    0.3842
...    18 T-A ...
  -22.4267  -27.3087   39.5120
   -0.4017   -0.1087   -0.9093
    0.6162   -0.7666   -0.1806
   -0.6774   -0.6329    0.3750
...    19 A-T ...
  -24.5701  -29.5660   40.6531
    0.0512   -0.4688   -0.8818
    0.7256   -0.5893    0.3554
   -0.6862   -0.6580    0.3100
...    20 T-A ...
  -27.2971  -31.3328   41.3247
    0.3999   -0.7130   -0.5759
    0.6054   -0.2663    0.7500
   -0.6881   -0.6486    0.3252
...    21 T-A ...
  -29.7045  -33.4103   42.1076
    0.6688   -0.7408   -0.0617
    0.2777    0.1719    0.9452
   -0.6896   -0.6493    0.3207
...    22 C-G ...
  -31.9318  -35.5928   43.1044
    0.7324   -0.4870    0.4758
   -0.1619    0.5542    0.8165
   -0.6614   -0.6750    0.3271
...    23 G-C ...
  -34.1281  -37.5257   44.7700
    0.6122   -0.0035    0.7907
   -0.5612    0.7025    0.4377
   -0.5570   -0.7117    0.4281
...    24 C-G ...
  -35.6699  -40.0917   46.0657
    0.2663    0.4025    0.8758
   -0.7953    0.6052   -0.0363
   -0.5446   -0.6869    0.4812
...    25 A-T ...
  -37.6837  -42.1763   47.5857
   -0.1600    0.7254    0.6694
   -0.8170    0.2832   -0.5022
   -0.5539   -0.6273    0.5474
...    26 A-T ...
  -39.3406  -44.1853   49.5767
   -0.5774    0.7685    0.2758
   -0.5969   -0.1668   -0.7848
   -0.5571   -0.6178    0.5550
...    27 A-T ...
  -40.9229  -46.0585   51.7093
   -0.8165    0.5378   -0.2099
   -0.1649   -0.5658   -0.8079
   -0.5533   -0.6250    0.5507
...    28 G-C ...
  -42.8798  -47.7188   53.8833
   -0.7457    0.2102   -0.6323
    0.2623   -0.7797   -0.5685
   -0.6125   -0.5898    0.5263
...    29 G-C ...
  -45.2872  -49.3759   55.7031
   -0.4250   -0.1955   -0.8838
    0.6122   -0.7813   -0.1216
   -0.6668   -0.5927    0.4517
...    30 C-G ...
  -47.8114  -51.0166   56.9579
    0.0068   -0.5457   -0.8380
    0.7254   -0.5741    0.3798
   -0.6883   -0.6104    0.3919
...    31 C-G ...
  -50.3467  -52.8540   58.1277
    0.4502   -0.7209   -0.5268
    0.5886   -0.2040    0.7822
   -0.6714   -0.6623    0.3325
...    32 G-C ...
  -52.1042  -55.0743   59.2488
    0.7422   -0.6626   -0.1009
    0.2582    0.1438    0.9553
   -0.6185   -0.7350    0.2779
...    33 G-C ...
  -53.7689  -57.9436   59.9039
    0.7907   -0.4451    0.4204
   -0.2132    0.4436    0.8705
   -0.5740   -0.7779    0.2558
...    34 C-G ...
  -55.3807  -60.7146   60.5213
    0.5673   -0.1077    0.8165
   -0.6159    0.6026    0.5074
   -0.5467   -0.7907    0.2755
...    35 C-G ...
  -56.8149  -63.5968   61.6129
    0.1601    0.2741    0.9483
   -0.8327    0.5534   -0.0193
   -0.5301   -0.7865    0.3168
...    36 C-G ...
  -58.2957  -66.3559   62.8249
   -0.2803    0.5666    0.7748
   -0.7958    0.3142   -0.5177
   -0.5368   -0.7617    0.3628
...    37 G-C ...
  -60.4627  -68.8292   63.3610
   -0.6047    0.7183    0.3439
   -0.5144   -0.0226   -0.8573
   -0.6080   -0.6953    0.3831
...    38 A-T ...
  -62.2280  -71.1292   64.5563
   -0.7754    0.5946   -0.2126
   -0.0601   -0.4047   -0.9125
   -0.6286   -0.6947    0.3495
...    39 C-G ...
  -64.4409  -72.9381   65.9638
   -0.6547    0.3617   -0.6637
    0.3263   -0.6568   -0.6798
   -0.6818   -0.6617    0.3120
...    40 A-T ...
  -66.8884  -74.9559   66.9327
   -0.2879    0.0438   -0.9567
    0.5939   -0.7755   -0.2142
   -0.7512   -0.6299    0.1972
...    41 C-G ...
  -69.6897  -76.6155   67.2298
    0.0920   -0.3044   -0.9481
    0.6370   -0.7139    0.2910
   -0.7654   -0.6307    0.1282
...    42 G-C ...
  -71.9208  -79.0387   67.6465
    0.4861   -0.6117   -0.6241
    0.4130   -0.4686    0.7809
   -0.7701   -0.6374    0.0249
...    43 A-T ...
  -74.3740  -81.0466   67.6498
    0.6300   -0.7748   -0.0536
    0.0500   -0.0285    0.9983
   -0.7750   -0.6316    0.0208
...    44 C-G ...
  -76.7713  -83.2708   67.0502
    0.5791   -0.6634    0.4738
   -0.3002    0.3668    0.8806
   -0.7580   -0.6522    0.0133
...    45 T-A ...
  -79.0372  -86.1025   66.6001
    0.3108   -0.3703    0.8754
   -0.5584    0.6741    0.4834
   -0.7691   -0.6391    0.0028
...    46 T-A ...
  -81.2476  -88.4980   66.2933
   -0.0434   -0.0087    0.9990
   -0.6128    0.7900   -0.0198
   -0.7890   -0.6131   -0.0396
...    47 A-T ...
  -83.8185  -90.5838   66.2556
   -0.3085    0.4787    0.8220
   -0.4851    0.6642   -0.5689
   -0.8183   -0.5742    0.0273
...    48 C-G ...
  -86.1658  -92.8188   66.7990
   -0.4719    0.7791    0.4126
   -0.2522    0.3292   -0.9100
   -0.8448   -0.5335    0.0411
...    49 T-A ...
  -88.9467  -94.5586   67.4423
   -0.4475    0.8873   -0.1117
    0.0001   -0.1249   -0.9922
   -0.8943   -0.4440    0.0558
...    50 G-C ...
  -92.1882  -95.6284   67.6420
   -0.1985    0.7602   -0.6187
    0.1935   -0.5884   -0.7851
   -0.9608   -0.2755   -0.0303
...    51 T-A ...
  -95.3414  -96.0183   67.8651
    0.0044    0.4320   -0.9019
    0.2382   -0.8764   -0.4186
   -0.9712   -0.2130   -0.1068
...    52 A-T ...
  -98.6055  -95.8251   67.1532
    0.3232   -0.0148   -0.9462
    0.1159   -0.9917    0.0551
   -0.9392   -0.1275   -0.3188
...    53 G-C ...
 -101.5981  -95.7723   65.9844
    0.4123   -0.4811   -0.7737
   -0.1138   -0.8698    0.4802
   -0.9039   -0.1099   -0.4133
...    54 G-C ...
 -104.5216  -95.5855   63.7721
    0.3283   -0.8647   -0.3801
   -0.3592   -0.4865    0.7964
   -0.8736   -0.1250   -0.4704
...    55 T-A ...
 -107.1018  -95.9983   61.7397
    0.0697   -0.9950    0.0721
   -0.4927    0.0285    0.8697
   -0.8674   -0.0962   -0.4882
...    56 A-T ...
 -109.8051  -96.4283   59.7716
   -0.2564   -0.7870    0.5612
   -0.4390    0.6121    0.6578
   -0.8611   -0.0777   -0.5024
...    57 T-A ...
 -112.2801  -97.2019   57.6977
   -0.4844   -0.3687    0.7933
   -0.2213    0.9290    0.2966
   -0.8464   -0.0319   -0.5316
...    58 C-G ...
 -115.1261  -97.6207   55.9594
   -0.5220    0.2726    0.8082
    0.1531    0.9621   -0.2256
   -0.8391    0.0060   -0.5440
...    59 T-A ...
 -118.0802  -97.7569   54.4113
   -0.2997    0.7214    0.6243
    0.4067    0.6885   -0.6004
   -0.8630    0.0740   -0.4998
...    60 C-G ...
 -121.0636  -97.5411   52.8663
    0.0469    0.9708    0.2353
    0.5058    0.1801   -0.8437
   -0.8614    0.1586   -0.4826
...    61 G-C ...
 -123.6406  -96.5729   51.0481
    0.5226    0.8524   -0.0209
    0.3867   -0.2588   -0.8852
   -0.7599    0.4545   -0.4648
...    62 A-T ...
 -126.1022  -94.9234   49.5672
    0.7219    0.5297   -0.4454
    0.0294   -0.6664   -0.7450
   -0.6914    0.5247   -0.4966
...    63 G-C ...
 -128.0659  -92.7051   48.0392
    0.6991    0.0770   -0.7109
   -0.3768   -0.8053   -0.4577
   -0.6078    0.5878   -0.5340
...    64 C-G ...
 -129.6475  -90.3160   46.1992
    0.3787   -0.4177   -0.8259
   -0.7381   -0.6746    0.0028
   -0.5583    0.6086   -0.5638
...    65 T-A ...
 -131.2580  -88.1905   44.2988
   -0.0771   -0.7052   -0.7048
   -0.8549   -0.3171    0.4107
   -0.5131    0.6342   -0.5784
...    66 C-G ...
 -133.1852  -86.3290   42.4276
   -0.5828   -0.7422   -0.3308
   -0.6607    0.1958    0.7246
   -0.4730    0.6409   -0.6046
...    67 G-C ...
 -135.3555  -83.7641   41.3046
   -0.8524   -0.4996    0.1541
   -0.2064    0.5923    0.7788
   -0.4804    0.6321   -0.6080
...    68 G-C ...
 -136.7498  -81.5866   39.1716
   -0.7992   -0.1196    0.5891
    0.3343    0.7260    0.6009
   -0.4996    0.6772   -0.5402
...    69 G-C ...
 -138.4299  -79.4682   37.2024
   -0.4427    0.2091    0.8719
    0.7150    0.6691    0.2026
   -0.5411    0.7131   -0.4457
...    70 A-T ...
 -140.3774  -77.2444   35.7267
    0.0819    0.5154    0.8530
    0.8465    0.4158   -0.3325
   -0.5260    0.7493   -0.4023
...    71 T-A ...
 -142.5541  -74.9520   34.8325
    0.5262    0.6127    0.5896
    0.6875    0.1015   -0.7191
   -0.5004    0.7838   -0.3678
...    72 C-G ...
 -144.1648  -72.2753   33.8935
    0.8600    0.4982    0.1104
    0.2594   -0.2407   -0.9353
   -0.4394    0.8330   -0.3362
...    73 C-G ...
 -145.4921  -69.0824   33.2231
    0.9042    0.2052   -0.3746
   -0.2591   -0.4336   -0.8630
   -0.3395    0.8774   -0.3389
...    74 T-A ...
 -146.1441  -66.0596   32.2522
    0.6779   -0.1044   -0.7277
   -0.6923   -0.4238   -0.5841
   -0.2473    0.8997   -0.3596
...    75 C-G ...
 -146.5096  -63.1821   30.7090
    0.1922   -0.3474   -0.9178
   -0.9679   -0.2213   -0.1190
   -0.1618    0.9112   -0.3788
...    76 A-T ...
 -146.4949  -60.0187   29.4520
   -0.3273   -0.4823   -0.8126
   -0.9411    0.0888    0.3264
   -0.0852    0.8715   -0.4829
...    77 T-A ...
 -146.3234  -57.3123   27.6172
   -0.7583   -0.3676   -0.5384
   -0.6472    0.3250    0.6896
   -0.0785    0.8714   -0.4843
...    78 G-C ...
 -146.3880  -54.4304   25.8442
   -0.9955   -0.0939   -0.0154
   -0.0564    0.4523    0.8901
   -0.0766    0.8869   -0.4555
...    79 T-A ...
 -146.6422  -51.7541   23.8008
   -0.8670    0.1850    0.4626
    0.4966    0.3968    0.7720
   -0.0408    0.8991   -0.4359
...    80 T-A ...
 -146.8945  -48.9538   22.3076
   -0.4410    0.3552    0.8242
    0.8971    0.2024    0.3928
   -0.0273    0.9126   -0.4079
...    81 A-T ...
 -146.7484  -45.8687   21.1225
    0.1292    0.3105    0.9418
    0.9916   -0.0403   -0.1227
   -0.0002    0.9497   -0.3131
...    82 T-A ...
 -147.3864  -42.7816   20.4375
    0.6012    0.2232    0.7673
    0.7988   -0.1964   -0.5687
    0.0237    0.9548   -0.2963
...    83 A-T ...
 -147.0794  -39.6408   19.6280
    0.9083   -0.0670    0.4129
    0.3882   -0.2325   -0.8918
    0.1558    0.9703   -0.1852
...    84 A-T ...
 -146.4669  -36.5810   19.3353
    0.9599   -0.2620   -0.1003
   -0.1355   -0.1201   -0.9835
    0.2456    0.9576   -0.1508
...    85 C-G ...
 -145.1523  -33.4392   19.5257
    0.7305   -0.3148   -0.6060
   -0.6201    0.0660   -0.7818
    0.2861    0.9468   -0.1471
...    86 G-C ...
 -144.1444  -30.4712   18.5675
    0.2294   -0.2986   -0.9264
   -0.8892    0.3229   -0.3242
    0.3959    0.8981   -0.1914
...    87 G-C ...
 -142.6285  -27.7335   17.5225
   -0.3044   -0.1553   -0.9398
   -0.8492    0.4911    0.1939
    0.4314    0.8571   -0.2814
...    88 A-T ...
 -141.1960  -24.9802   16.4501
   -0.7411    0.1893   -0.6442
   -0.4914    0.5010    0.7125
    0.4576    0.8445   -0.2783
...    89 G-C ...
 -139.6047  -22.2525   15.4933
   -0.8868    0.4337   -0.1595
   -0.0253    0.2991    0.9539
    0.4614    0.8500   -0.2543
...    90 C-G ...
 -138.0859  -19.4380   14.2332
   -0.7428    0.5061    0.4383
    0.4953   -0.0251    0.8684
    0.4504    0.8621   -0.2320
...    91 T-A ...
 -136.8286  -16.4285   13.1432
   -0.3494    0.3648    0.8630
    0.8301   -0.3067    0.4657
    0.4346    0.8791   -0.1957
...    92 T-A ...
 -135.7599  -13.4331   12.5013
    0.1798    0.1145    0.9770
    0.8750   -0.4724   -0.1056
    0.4494    0.8739   -0.1852
...    93 T-A ...
 -134.3863  -10.5450   12.0320
    0.6077   -0.2220    0.7625
    0.6305   -0.4490   -0.6332
    0.4830    0.8655   -0.1329
...    94 A-T ...
 -132.4962   -7.7723   11.7435
    0.7666   -0.5748    0.2861
    0.2075   -0.1999   -0.9576
    0.6076    0.7935   -0.0340
...    95 A-T ...
 -130.4789   -5.3484   11.8982
    0.7196   -0.6372   -0.2759
   -0.2179    0.1700   -0.9610
    0.6593    0.7517   -0.0166
...    96 C-G ...
 -127.9846   -3.1675   12.4213
    0.4909   -0.4577   -0.7413
   -0.5497    0.4974   -0.6711
    0.6759    0.7370   -0.0074
...    97 A-T ...
 -125.5527   -0.8525   12.2363
    0.0365   -0.1365   -0.9900
   -0.7062    0.6974   -0.1222
    0.7071    0.7036   -0.0709
...    98 C-G ...
 -122.7303    0.9792   11.7857
   -0.3486    0.2468   -0.9042
   -0.6077    0.6750    0.4185
    0.7136    0.6953   -0.0854
...    99 T-A ...
 -119.8613    3.0434   10.9125
   -0.6323    0.5845   -0.5085
   -0.3020    0.4185    0.8565
    0.7134    0.6952   -0.0881
...   100 T-A ...
 -117.4752    5.1807   10.2674
   -0.6506    0.7543    0.0881
    0.1190   -0.0134    0.9928
    0.7500    0.6564   -0.0811
...   101 T-A ...
 -115.0592    7.3184    9.7175
   -0.4457    0.6228    0.6431
    0.4591   -0.4577    0.7614
    0.7685    0.6346   -0.0820
...   102 A-T ...
 -112.2729    9.2405    9.6622
   -0.0939    0.1937    0.9766
    0.6214   -0.7550    0.2095
    0.7779    0.6265   -0.0495
...   103 T-A ...
 -110.2503   11.7689    9.6742
    0.1701   -0.2197    0.9606
    0.5913   -0.7571   -0.2779
    0.7883    0.6152    0.0011
...   104 G-C ...
 -107.6970   13.8956    9.9886
    0.4081   -0.6946    0.5925
    0.3991   -0.4479   -0.8000
    0.8211    0.5630    0.0944
...   105 C-G ...
 -104.9820   15.5169   10.8199
    0.5004   -0.8638    0.0587
    0.1169    0.0002   -0.9931
    0.8578    0.5039    0.1011
...   106 T-A ...
 -101.8697   16.8436   11.6068
    0.4527   -0.7257   -0.5181
   -0.1399    0.5160   -0.8451
    0.8806    0.4550    0.1321
...   107 T-A ...
  -98.9503   18.0556   12.1494
    0.2555   -0.3338   -0.9074
   -0.3382    0.8483   -0.4073
    0.9057    0.4110    0.1038
...   108 C-G ...
  -95.8125   19.1754   12.3767
   -0.0139    0.2160   -0.9763
   -0.4031    0.8923    0.2031
    0.9151    0.3964    0.0747
...   109 C-G ...
  -92.7402   20.3633   12.4585
   -0.3068    0.6177   -0.7241
   -0.3134    0.6528    0.6897
    0.8987    0.4385   -0.0066
...   110 G-C ...
  -90.1028   21.9536   12.6546
   -0.4984    0.8275   -0.2585
   -0.0838    0.2508    0.9644
    0.8629    0.5023   -0.0557
...   111 G-C ...
  -87.4105   23.9307   12.2170
   -0.5041    0.7985    0.3290
    0.2290   -0.2437    0.9424
    0.8327    0.5504   -0.0600
...   112 C-G ...
  -84.9271   26.1114   11.6580
   -0.3232    0.5081    0.7983
    0.4721   -0.6446    0.6014
    0.8202    0.5712   -0.0315
...   113 T-A ...
  -82.3328   28.1741   11.5228
   -0.0554    0.0667    0.9962
    0.5771   -0.8121    0.0865
    0.8148    0.5797    0.0065
...   114 C-G ...
  -79.5817   30.0482   11.6417
    0.2648   -0.4414    0.8573
    0.5122   -0.6889   -0.5129
    0.8170    0.5750    0.0437
...   115 G-C ...
  -76.6343   31.5977   11.4795
    0.4398   -0.8085    0.3911
    0.2666   -0.2983   -0.9165
    0.8576    0.5073    0.0844
...   116 T-A ...
  -73.7810   32.9864   12.5013
    0.4645   -0.8700   -0.1654
   -0.0054    0.1840   -0.9829
    0.8856    0.4575    0.0808
...   117 A-T ...
  -70.6160   34.1240   13.2348
    0.2900   -0.6510   -0.7015
   -0.2339    0.6625   -0.7116
    0.9280    0.3705    0.0398
...   118 T-A ...
  -67.4510   34.7088   13.7412
    0.1330   -0.2271   -0.9648
   -0.3440    0.9023   -0.2598
    0.9295    0.3664    0.0419
...   119 A-T ...
  -64.3838   36.1002   13.8533
   -0.1321    0.3470   -0.9285
   -0.3277    0.8688    0.3713
    0.9355    0.3534   -0.0011
...   120 A-T ...
  -61.2735   36.9901   13.6170
   -0.3116    0.7721   -0.5539
   -0.1811    0.5240    0.8322
    0.9328    0.3596   -0.0235
...   121 T-A ...
  -58.1585   37.9502   12.8813
   -0.3508    0.9357   -0.0368
    0.0146    0.0447    0.9989
    0.9364    0.3498   -0.0293
...   122 G-C ...
  -54.9974   39.2454   12.6397
   -0.3221    0.7548    0.5715
    0.2329   -0.5219    0.8206
    0.9176    0.3974   -0.0076
...   123 T-A ...
  -52.1729   40.9082   12.3163
   -0.1591    0.3821    0.9103
    0.3654   -0.8338    0.4138
    0.9172    0.3984   -0.0069
...   124 G-C ...
  -49.1267   42.3058   12.3467
    0.0349   -0.2022    0.9787
    0.4111   -0.8897   -0.1985
    0.9109    0.4093    0.0521
...   125 T-A ...
  -46.4269   44.0308   12.7152
    0.2082   -0.6528    0.7284
    0.3327   -0.6530   -0.6803
    0.9198    0.3840    0.0812
...   126 C-G ...
  -43.5072   45.2427   13.0600
    0.3643   -0.9121    0.1878
    0.1491   -0.1419   -0.9786
    0.9192    0.3845    0.0843
...   127 G-C ...
  -40.3821   46.3215   12.8241
    0.2195   -0.9103   -0.3509
   -0.0371    0.3516   -0.9354
    0.9749    0.2183    0.0434
...   128 A-T ...
  -37.3232   47.0888   13.0612
    0.1405   -0.5385   -0.8309
   -0.1766    0.8121   -0.5561
    0.9742    0.2249    0.0190
...   129 C-G ...
  -34.0447   47.0755   13.4231
   -0.0248   -0.0408   -0.9989
   -0.2082    0.9775   -0.0348
    0.9778    0.2071   -0.0327
...   130 C-G ...
  -30.6879   47.2930   12.7992
   -0.2447    0.4465   -0.8607
   -0.1147    0.8681    0.4830
    0.9628    0.2169   -0.1612
...   131 A-T ...
  -27.6012   48.6243   12.4992
   -0.3699    0.8324   -0.4127
    0.0863    0.4731    0.8768
    0.9251    0.2887   -0.2468
...   132 A-T ...
  -24.6507   49.6327   11.4669
   -0.2504    0.9538    0.1659
    0.2996   -0.0866    0.9501
    0.9206    0.2876   -0.2641
...   133 A-T ...
  -21.7866   50.6515   10.2272
    0.0272    0.7301    0.6828
    0.3795   -0.6394    0.6687
    0.9248    0.2409   -0.2944
...   134 T-A ...
  -19.0159   52.0243    8.9250
    0.2452    0.2905    0.9249
    0.3073   -0.9281    0.2101
    0.9195    0.2328   -0.3169
...   135 G-C ...
  -16.4637   53.8824    7.5153
    0.5339   -0.3333    0.7771
    0.0346   -0.9097   -0.4139
    0.8449    0.2479   -0.4741
...   136 T-A ...
  -14.1749   56.5546    6.1808
    0.5795   -0.7269    0.3685
   -0.3141   -0.6164   -0.7221
    0.7521    0.3026   -0.5855
...   137 G-C ...
  -11.6538   57.9992    4.7204
    0.2452   -0.9542   -0.1714
   -0.6323   -0.0234   -0.7744
    0.7349    0.2983   -0.6091
...   138 A-T ...
   -8.6758   58.7133    3.6024
   -0.0345   -0.7815   -0.6229
   -0.6536    0.4891   -0.5775
    0.7560    0.3872   -0.5277
...   139 G-C ...
   -6.3274   59.0726    1.6296
   -0.2969   -0.3279   -0.8968
   -0.5657    0.8171   -0.1114
    0.7693    0.4742   -0.4281
...   140 C-G ...
   -3.4368   60.2278    1.0287
   -0.4426    0.2287   -0.8671
   -0.1681    0.9286    0.3308
    0.8808    0.2922   -0.3725
...   141 G-C ...
   -0.6976   63.8911   -2.2510
   -0.9992    0.0157   -0.0376
   -0.0024    0.8991    0.4378
    0.0407    0.4375   -0.8983
...   142 C-G ...
   -1.0064   65.5987   -4.9401
   -0.8337    0.5216    0.1813
    0.5170    0.6219    0.5881
    0.1940    0.5841   -0.7882
...   143 T-A ...
   -0.1332   66.2084   -7.8196
   -0.3753    0.8566    0.3540
    0.8856    0.2187    0.4098
    0.2736    0.4673   -0.8407
...   144 C-G ...
   -0.1665   67.4019  -10.8067
    0.1798    0.8793    0.4411
    0.9277   -0.3007    0.2214
    0.3273    0.3694   -0.8697
...   145 A-T ...
    0.5267   69.2312  -13.4659
    0.7352    0.4964    0.4616
    0.6118   -0.7791   -0.1367
    0.2918    0.3829   -0.8765
...   146 C-G ...
    1.4339   72.0891  -15.6019
    0.9809    0.0621    0.1844
    0.1264   -0.9240   -0.3608
    0.1480    0.3772   -0.9142
...   147 A-T ...
    2.3048   74.2222  -18.3863
    0.8657   -0.4292   -0.2575
   -0.4984   -0.7868   -0.3642
   -0.0463    0.4436   -0.8950
