  147 base-pairs
...     1 A-T ...
    0.0000    0.0000    0.0000
    1.0000    0.0000    0.0000
    0.0000    1.0000    0.0000
    0.0000    0.0000    1.0000
...     2 G-C ...
   -0.1394   -1.2357    3.2268
    0.7529    0.6366    0.1670
   -0.6386    0.7680   -0.0486
   -0.1592   -0.0700    0.9848
...     3 T-A ...
   -0.0365   -3.2932    6.3751
    0.2722    0.9301    0.2466
   -0.9238    0.3243   -0.2033
   -0.2691   -0.1725    0.9475
...     4 G-C ...
   -0.3505   -4.1660    9.4928
   -0.3756    0.9250    0.0579
   -0.8781   -0.3352   -0.3415
   -0.2965   -0.1791    0.9381
...     5 A-T ...
   -0.4462   -4.1476   12.7498
   -0.8116    0.5840   -0.0165
   -0.5523   -0.7762   -0.3042
   -0.1905   -0.2378    0.9524
...     6 G-C ...
   -1.5908   -4.1730   15.6201
   -0.9976    0.0246   -0.0651
   -0.0043   -0.9555   -0.2950
   -0.0695   -0.2940    0.9533
...     7 C-G ...
   -1.1030   -4.4824   18.7362
   -0.8441   -0.5304   -0.0787
    0.5345   -0.8441   -0.0432
   -0.0435   -0.0785    0.9960
...     8 G-C ...
   -2.4028   -7.7290   23.1475
   -0.2754   -0.3293   -0.9032
    0.6650   -0.7437    0.0684
   -0.6942   -0.5818    0.4238
...     9 C-G ...
   -4.4690   -9.9728   24.1132
    0.1145   -0.7025   -0.7024
    0.8512   -0.2952    0.4340
   -0.5122   -0.6476    0.5642
...    10 T-A ...
   -6.7405  -10.8752   25.9697
    0.4841   -0.8363   -0.2574
    0.6595    0.1553    0.7355
   -0.5751   -0.5258    0.6267
...    11 C-G ...
   -9.1656  -12.6208   27.1640
    0.7073   -0.6682    0.2307
    0.3448    0.6110    0.7126
   -0.6171   -0.4245    0.6626
...    12 A-T ...
  -10.9234  -14.6633   29.0693
    0.7515   -0.1377    0.6452
   -0.2029    0.8824    0.4246
   -0.6277   -0.4500    0.6352
...    13 C-G ...
  -11.8476  -17.4863   31.2451
    0.4295    0.2823    0.8578
   -0.5708    0.8209    0.0156
   -0.6998   -0.4963    0.5137
...    14 A-T ...
  -13.5897  -19.7827   33.4259
   -0.1504    0.6104    0.7777
   -0.6874    0.5008   -0.5260
   -0.7106   -0.6136    0.3443
...    15 A-T ...
  -15.7143  -21.7965   34.8040
   -0.4860    0.7992    0.3536
   -0.5011    0.0767   -0.8620
   -0.7161   -0.5961    0.3632
...    16 T-A ...
  -17.7711  -23.5971   36.6211
   -0.6596    0.7417   -0.1221
   -0.2028   -0.3321   -0.9212
   -0.7238   -0.5828    0.3694
...    17 T-A ...
  -20.0953  -25.3125   38.0904
   -0.6573    0.4381   -0.6132
    0.1889   -0.6919   -0.6968
   -0.7296   -0.5739    0.3720
...    18 T-A ...
  -22.5498  -26.9179   39.4749
   -0.4431   -0.0208   -0.8962
    0.5178   -0.8220   -0.2369
   -0.7318   -0.5691    0.3750
...    19 A-T ...
  -24.9572  -28.8680   40.6609
   -0.0301   -0.4627   -0.8860
    0.6631   -0.6725    0.3287
   -0.7479   -0.5776    0.3271
...    20 T-A ...
  -27.8153  -30.3509   41.3459
    0.3023   -0.7376   -0.6038
    0.5895   -0.3531    0.7265
   -0.7491   -0.5755    0.3280
...    21 T-A ...
  -30.3982  -32.1396   42.1572
    0.5737   -0.8139   -0.0920
    0.3226    0.1213    0.9388
   -0.7529   -0.5682    0.3321
...    22 C-G ...
  -32.8194  -34.0955   43.1417
    0.6778   -0.5779    0.4546
   -0.0719    0.5633    0.8231
   -0.7317   -0.5906    0.3402
...    23 G-C ...
  -35.2121  -35.8620   44.6149
    0.6090   -0.1126    0.7852
   -0.4434    0.7724    0.4547
   -0.6577   -0.6250    0.4205
...    24 C-G ...
  -37.0505  -38.2421   45.9642
    0.3130    0.3468    0.8842
   -0.7050    0.7086   -0.0284
   -0.6364   -0.6145    0.4663
...    25 A-T ...
  -39.1685  -40.1976   47.6075
   -0.0513    0.7420    0.6684
   -0.7809    0.3874   -0.4900
   -0.6225   -0.5471    0.5596
...    26 A-T ...
  -40.9608  -41.9758   49.6382
   -0.4642    0.8400    0.2810
   -0.6246   -0.0854   -0.7763
   -0.6281   -0.5358    0.5643
...    27 A-T ...
  -42.8678  -43.5728   51.7118
   -0.7199    0.6642   -0.2013
   -0.2692   -0.5346   -0.8011
   -0.6397   -0.5225    0.5637
...    28 G-C ...
  -44.9904  -44.9939   53.7946
   -0.7047    0.3429   -0.6212
    0.1211   -0.8045   -0.5814
   -0.6991   -0.4850    0.5254
...    29 G-C ...
  -47.5558  -46.2341   55.5870
   -0.4669   -0.0818   -0.8805
    0.4462   -0.8814   -0.1547
   -0.7634   -0.4652    0.4481
...    30 C-G ...
  -50.3400  -47.3929   56.9020
   -0.1196   -0.5132   -0.8499
    0.6068   -0.7153    0.3465
   -0.7858   -0.4742    0.3970
...    31 C-G ...
  -53.1713  -48.9269   57.8584
    0.2823   -0.7742   -0.5664
    0.5473   -0.3549    0.7579
   -0.7879   -0.5240    0.3235
...    32 G-C ...
  -55.4987  -50.9148   59.1570
    0.6055   -0.7911   -0.0862
    0.2654    0.0987    0.9591
   -0.7503   -0.6036    0.2697
...    33 G-C ...
  -57.9262  -53.1676   59.7617
    0.7001   -0.5752    0.4231
   -0.1205    0.4888    0.8640
   -0.7038   -0.6559    0.2729
...    34 C-G ...
  -60.0569  -55.6175   60.4089
    0.5454   -0.2000    0.8139
   -0.4851    0.7166    0.5012
   -0.6835   -0.6682    0.2938
...    35 C-G ...
  -62.0910  -58.1223   61.4021
    0.2508    0.2603    0.9324
   -0.7063    0.7079   -0.0076
   -0.6620   -0.6566    0.3614
...    36 C-G ...
  -64.0293  -60.5305   62.7692
   -0.1032    0.6487    0.7540
   -0.7329    0.4628   -0.4986
   -0.6724   -0.6041    0.4277
...    37 G-C ...
  -66.4829  -62.3852   64.0151
   -0.3860    0.8691    0.3093
   -0.5663    0.0415   -0.8232
   -0.7282   -0.4929    0.4762
...    38 A-T ...
  -68.7893  -63.9634   65.6734
   -0.5915    0.7705   -0.2377
   -0.2515   -0.4563   -0.8535
   -0.7661   -0.4451    0.4637
...    39 C-G ...
  -71.2206  -64.9413   67.6332
   -0.5942    0.4623   -0.6581
    0.0669   -0.7871   -0.6133
   -0.8015   -0.4084    0.4368
...    40 A-T ...
  -73.9892  -66.2077   68.9794
   -0.3498    0.0273   -0.9364
    0.3281   -0.9327   -0.1497
   -0.8775   -0.3596    0.3173
...    41 C-G ...
  -77.0976  -66.7712   69.8573
   -0.0979   -0.4303   -0.8974
    0.4329   -0.8303    0.3509
   -0.8961   -0.3541    0.2676
...    42 G-C ...
  -79.9153  -68.3617   70.6146
    0.2460   -0.7705   -0.5881
    0.3480   -0.4961    0.7955
   -0.9046   -0.4004    0.1461
...    43 A-T ...
  -82.8779  -69.7262   70.9062
    0.4145   -0.9098   -0.0187
    0.1158    0.0323    0.9927
   -0.9026   -0.4137    0.1188
...    44 C-G ...
  -85.7944  -71.3172   70.6823
    0.4162   -0.7612    0.4974
   -0.1278    0.4926    0.8608
   -0.9003   -0.4218    0.1077
...    45 T-A ...
  -88.6316  -73.0188   70.8797
    0.3106   -0.3821    0.8704
   -0.3351    0.8129    0.4764
   -0.8895   -0.4396    0.1245
...    46 T-A ...
  -91.3980  -74.7196   71.1305
    0.0366    0.1321    0.9906
   -0.4312    0.8963   -0.1036
   -0.9015   -0.4233    0.0898
...    47 A-T ...
  -94.4268  -76.0575   71.4069
   -0.1749    0.6468    0.7423
   -0.3580    0.6606   -0.6599
   -0.9172   -0.3811    0.1160
...    48 C-G ...
  -97.2109  -77.5523   72.3086
   -0.2872    0.9098    0.2997
   -0.2125    0.2446   -0.9461
   -0.9340   -0.3354    0.1231
...    49 T-A ...
 -100.2628  -78.5112   73.0714
   -0.2568    0.9397   -0.2259
   -0.0486   -0.2460   -0.9680
   -0.9652   -0.2376    0.1089
...    50 G-C ...
 -103.5565  -78.9782   73.3684
   -0.0762    0.7005   -0.7096
    0.0583   -0.7073   -0.7045
   -0.9954   -0.0951    0.0131
...    51 T-A ...
 -106.7826  -78.6634   73.6378
    0.0300    0.2601   -0.9651
    0.0640   -0.9641   -0.2578
   -0.9975   -0.0540   -0.0456
...    52 A-T ...
 -110.0616  -78.5011   73.1701
    0.2013   -0.2814   -0.9382
   -0.0328   -0.9592    0.2807
   -0.9790   -0.0257   -0.2023
...    53 G-C ...
 -113.2113  -78.3077   72.2074
    0.2100   -0.7328   -0.6473
   -0.1826   -0.6798    0.7103
   -0.9605   -0.0309   -0.2766
...    54 G-C ...
 -116.2714  -78.5154   70.7969
    0.1247   -0.9813   -0.1468
   -0.3251   -0.1802    0.9283
   -0.9374   -0.0681   -0.3415
...    55 T-A ...
 -119.1214  -78.8122   69.0763
   -0.0754   -0.9301    0.3596
   -0.3510    0.3623    0.8634
   -0.9333   -0.0612   -0.3538
...    56 A-T ...
 -122.3985  -78.4675   68.2289
   -0.3740   -0.4694    0.7999
   -0.1783    0.8828    0.4346
   -0.9101    0.0200   -0.4139
...    57 T-A ...
 -125.2822  -79.0552   66.6989
   -0.4354    0.0483    0.8989
    0.0586    0.9980   -0.0252
   -0.8983    0.0417   -0.4374
...    58 C-G ...
 -128.2048  -79.0278   65.1978
   -0.2850    0.6210    0.7302
    0.3308    0.7787   -0.5331
   -0.8996    0.0896   -0.4274
...    59 T-A ...
 -131.2997  -78.8130   64.0753
    0.0098    0.9190    0.3941
    0.4420    0.3495   -0.8261
   -0.8970    0.1822   -0.4028
...    60 C-G ...
 -134.2424  -78.1797   62.8600
    0.3389    0.9352   -0.1030
    0.3572   -0.2292   -0.9055
   -0.8704    0.2701   -0.4117
...    61 G-C ...
 -136.9447  -77.0883   61.2583
    0.6369    0.6100   -0.4715
    0.0850   -0.6634   -0.7434
   -0.7663    0.4334   -0.4744
...    62 A-T ...
 -139.2589  -75.4644   59.6682
    0.6326    0.0934   -0.7688
   -0.3247   -0.8693   -0.3728
   -0.7031    0.4854   -0.5196
...    63 G-C ...
 -141.2679  -73.5437   57.8971
    0.4292   -0.4022   -0.8087
   -0.6433   -0.7646    0.0389
   -0.6340    0.5036   -0.5869
...    64 C-G ...
 -142.8903  -71.7476   55.6325
    0.0293   -0.7663   -0.6418
   -0.8082   -0.3960    0.4359
   -0.5882    0.5060   -0.6309
...    65 T-A ...
 -144.5247  -70.1180   53.2487
   -0.3985   -0.8654   -0.3039
   -0.7277    0.0966    0.6791
   -0.5583    0.4918   -0.6682
...    66 C-G ...
 -146.3064  -68.5929   50.9293
   -0.7700   -0.6210    0.1464
   -0.3459    0.5990    0.7222
   -0.5362    0.5054   -0.6760
...    67 G-C ...
 -148.0736  -66.4889   49.0311
   -0.8054   -0.1862    0.5627
    0.1685    0.8383    0.5186
   -0.5683    0.5125   -0.6437
...    68 G-C ...
 -149.9376  -64.9470   46.6717
   -0.5450    0.2686    0.7943
    0.6004    0.7863    0.1461
   -0.5853    0.5565   -0.5898
...    69 G-C ...
 -152.0208  -63.3042   44.5893
   -0.0820    0.5895    0.8036
    0.8169    0.5016   -0.2846
   -0.5709    0.6332   -0.5227
...    70 A-T ...
 -153.9296  -61.3142   42.8813
    0.4377    0.7173    0.5422
    0.7292    0.0696   -0.6808
   -0.5260    0.6933   -0.4925
...    71 T-A ...
 -155.9448  -58.9753   41.8647
    0.7635    0.6230    0.1701
    0.4237   -0.2845   -0.8600
   -0.4874    0.7286   -0.4812
...    72 C-G ...
 -157.3683  -56.4610   40.4182
    0.9114    0.2885   -0.2934
   -0.0891   -0.5577   -0.8252
   -0.4017    0.7783   -0.4826
...    73 C-G ...
 -158.2077  -53.5454   38.9694
    0.7741   -0.1391   -0.6176
   -0.5718   -0.5723   -0.5878
   -0.2716    0.8082   -0.5225
...    74 G-C ...
 -158.8909  -51.1119   36.7868
    0.3669   -0.5204   -0.7711
   -0.9214   -0.3174   -0.2242
   -0.1281    0.7927   -0.5960
...    75 C-G ...
 -158.7834  -48.5858   34.6346
   -0.1906   -0.6282   -0.7543
   -0.9783    0.0576    0.1992
   -0.0817    0.7759   -0.6256
...    76 T-A ...
 -158.7340  -46.1812   32.3431
   -0.6821   -0.5092   -0.5249
   -0.7289    0.4155    0.5441
   -0.0589    0.7537   -0.6546
...    77 T-A ...
 -158.6185  -43.8785   30.0247
   -0.9814   -0.1145   -0.1543
   -0.1919    0.6216    0.7594
    0.0090    0.7749   -0.6320
...    78 T-A ...
 -158.4649  -41.5728   27.7164
   -0.9067    0.3139    0.2816
    0.4151    0.5470    0.7270
    0.0742    0.7761   -0.6263
...    79 A-T ...
 -157.7901  -38.8593   25.8421
   -0.4462    0.5921    0.6711
    0.8876    0.1970    0.4163
    0.1143    0.7814   -0.6135
...    80 A-T ...
 -157.6324  -36.3366   23.8173
    0.1311    0.5839    0.8011
    0.9815   -0.1903   -0.0220
    0.1396    0.7892   -0.5981
...    81 C-G ...
 -157.7039  -33.5635   22.0877
    0.6065    0.3513    0.7132
    0.7745   -0.4638   -0.4302
    0.1797    0.8133   -0.5534
...    82 A-T ...
 -156.9515  -30.7923   20.3635
    0.8883   -0.0925    0.4498
    0.3327   -0.5454   -0.7693
    0.3164    0.8330   -0.4538
...    83 C-G ...
 -155.8630  -27.8267   19.5271
    0.9106   -0.4126    0.0242
   -0.1553   -0.3959   -0.9051
    0.3830    0.8204   -0.4246
...    84 T-A ...
 -154.2485  -25.1515   18.4700
    0.6628   -0.6261   -0.4107
   -0.5762   -0.0761   -0.8138
    0.4783    0.7760   -0.4112
...    85 T-A ...
 -152.4455  -22.7045   17.3389
    0.2217   -0.5599   -0.7984
   -0.8370    0.3109   -0.4504
    0.5004    0.7680   -0.3997
...    86 T-A ...
 -150.5181  -20.3654   16.1521
   -0.2810   -0.2555   -0.9251
   -0.8062    0.5858    0.0831
    0.5207    0.7691   -0.3706
...    87 A-T ...
 -149.0205  -17.5014   15.1670
   -0.6989    0.2231   -0.6795
   -0.4443    0.6090    0.6570
    0.5604    0.7611   -0.3265
...    88 T-A ...
 -146.9755  -15.4281   13.5752
   -0.8106    0.5269   -0.2556
   -0.0289    0.4000    0.9160
    0.5849    0.7499   -0.3090
...    89 G-C ...
 -145.0256  -12.8459   12.8520
   -0.7163    0.6102    0.3385
    0.4415    0.0206    0.8970
    0.5403    0.7920   -0.2842
...    90 C-G ...
 -143.4491  -10.2212   11.5912
   -0.3869    0.4861    0.7836
    0.7510   -0.3270    0.5736
    0.5351    0.8104   -0.2386
...    91 T-A ...
 -141.9604   -7.3732   10.8360
    0.0155    0.1829    0.9830
    0.8423   -0.5321    0.0858
    0.5388    0.8267   -0.1623
...    92 T-A ...
 -140.4027   -4.5765   10.3974
    0.4571   -0.1752    0.8720
    0.6918   -0.5462   -0.4723
    0.5591    0.8191   -0.1285
...    93 C-G ...
 -138.5582   -1.9070   10.1743
    0.7298   -0.5107    0.4545
    0.3198   -0.3325   -0.8872
    0.6042    0.7929   -0.0793
...    94 A-T ...
 -136.3666    0.6090   10.0194
    0.6966   -0.7116   -0.0915
   -0.0895    0.0404   -0.9952
    0.7119    0.7014   -0.0355
...    95 T-A ...
 -133.8687    2.6693   10.5525
    0.5480   -0.6088   -0.5736
   -0.4134    0.3990   -0.8185
    0.7272    0.6856   -0.0330
...    96 G-C ...
 -131.3567    4.8189   10.1702
    0.1500   -0.3430   -0.9273
   -0.6096    0.7063   -0.3599
    0.7784    0.6193   -0.1032
...    97 T-A ...
 -128.4078    6.3210    9.8748
   -0.2025    0.0656   -0.9771
   -0.5865    0.7909    0.1746
    0.7843    0.6084   -0.1217
...    98 T-A ...
 -125.6732    8.0251    9.4037
   -0.4765    0.5260   -0.7045
   -0.3669    0.6092    0.7030
    0.7990    0.5935   -0.0972
...    99 A-T ...
 -123.0385   10.1114    9.4606
   -0.5872    0.8011   -0.1160
    0.0010    0.1440    0.9896
    0.8095    0.5809   -0.0853
...   100 T-A ...
 -120.5112   12.0121    8.5117
   -0.4981    0.7687    0.4013
    0.2913   -0.2875    0.9124
    0.8167    0.5714   -0.0807
...   101 A-T ...
 -117.6926   13.8012    8.4431
   -0.2555    0.4214    0.8701
    0.5279   -0.6932    0.4907
    0.8100    0.5847   -0.0453
...   102 A-T ...
 -115.2265   15.8977    8.2762
    0.0759   -0.0489    0.9959
    0.5743   -0.8143   -0.0838
    0.8151    0.5784   -0.0337
...   103 C-G ...
 -112.9101   18.2302    8.4707
    0.3246   -0.4865    0.8111
    0.4601   -0.6681   -0.5848
    0.8264    0.5630    0.0070
...   104 G-C ...
 -109.9620   19.7971    8.4382
    0.4038   -0.8425    0.3565
    0.2429   -0.2770   -0.9297
    0.8820    0.4620    0.0927
...   105 G-C ...
 -106.9555   21.1448    9.1980
    0.3812   -0.9022   -0.2020
    0.0253    0.2286   -0.9732
    0.9242    0.3658    0.1099
...   106 A-T ...
 -103.8874   22.1881    9.6504
    0.2860   -0.6172   -0.7330
   -0.1790    0.7171   -0.6736
    0.9414    0.3238    0.0946
...   107 T-A ...
 -100.6847   22.6293   10.2764
    0.1535   -0.1748   -0.9726
   -0.2916    0.9324   -0.2136
    0.9442    0.3164    0.0921
...   108 C-G ...
  -97.5427   23.5367   10.4653
   -0.0707    0.3942   -0.9163
   -0.3080    0.8651    0.3960
    0.9488    0.3102    0.0602
...   109 C-G ...
  -94.2883   24.4185   10.3375
   -0.2939    0.7761   -0.5579
   -0.1939    0.5231    0.8299
    0.9360    0.3521   -0.0033
...   110 G-C ...
  -91.2755   25.8322   10.6639
   -0.4360    0.8999    0.0024
    0.0314    0.0126    0.9994
    0.8994    0.4358   -0.0338
...   111 G-C ...
  -88.3409   27.4438   10.2918
   -0.4131    0.7287    0.5461
    0.2787   -0.4697    0.8377
    0.8670    0.4983   -0.0090
...   112 C-G ...
  -85.6721   29.3886   10.0329
   -0.2292    0.3354    0.9138
    0.4645   -0.7873    0.4055
    0.8554    0.5174    0.0247
...   113 T-A ...
  -83.0396   31.3901   10.2182
   -0.0002   -0.1561    0.9877
    0.5277   -0.8391   -0.1325
    0.8495    0.5212    0.0826
...   114 C-G ...
  -80.3089   33.1558   10.6070
    0.2766   -0.6346    0.7217
    0.4332   -0.5880   -0.6831
    0.8578    0.5016    0.1122
...   115 G-C ...
  -77.2876   34.5645   10.7960
    0.3606   -0.9083    0.2118
    0.2311   -0.1330   -0.9638
    0.9036    0.3965    0.1620
...   116 T-A ...
  -74.4121   35.7133   11.9531
    0.3909   -0.8623   -0.3219
    0.0151    0.3557   -0.9345
    0.9203    0.3604    0.1521
...   117 A-T ...
  -71.2805   36.7185   12.4802
    0.2399   -0.5438   -0.8042
   -0.1812    0.7887   -0.5874
    0.9537    0.2866    0.0907
...   118 T-A ...
  -68.0521   37.0117   13.0100
    0.1033   -0.0818   -0.9913
   -0.2716    0.9564   -0.1072
    0.9569    0.2803    0.0766
...   119 A-T ...
  -64.8526   37.9193   13.1257
   -0.1500    0.4551   -0.8777
   -0.2502    0.8414    0.4790
    0.9565    0.2914   -0.0123
...   120 A-T ...
  -61.7127   38.6849   12.8569
   -0.2687    0.8489   -0.4552
   -0.1129    0.4416    0.8901
    0.9566    0.2905   -0.0228
...   121 T-A ...
  -58.6061   39.4753   12.1052
   -0.2885    0.9559    0.0549
    0.0434   -0.0442    0.9981
    0.9565    0.2903   -0.0287
...   122 G-C ...
  -55.4780   40.5797   12.2942
   -0.2873    0.7341    0.6153
    0.2330   -0.5695    0.7883
    0.9291    0.3698   -0.0074
...   123 T-A ...
  -52.6485   42.2826   11.9359
   -0.1382    0.3223    0.9365
    0.3532   -0.8674    0.3506
    0.9253    0.3792    0.0060
...   124 G-C ...
  -49.5131   43.3505   12.1749
    0.0186   -0.2593    0.9656
    0.3873   -0.8885   -0.2461
    0.9218    0.3785    0.0839
...   125 T-A ...
  -46.7294   45.0607   12.7998
    0.1978   -0.6926    0.6937
    0.3157   -0.6249   -0.7140
    0.9280    0.3603    0.0951
...   126 C-G ...
  -43.7097   46.2650   13.2340
    0.3131   -0.9389    0.1431
    0.1374   -0.1043   -0.9850
    0.9397    0.3281    0.0964
...   127 G-C ...
  -40.5422   47.3191   13.2280
    0.2106   -0.8792   -0.4273
   -0.0475    0.4274   -0.9028
    0.9764    0.2104    0.0483
...   128 A-T ...
  -37.3464   47.9204   13.4689
    0.0877   -0.4865   -0.8692
   -0.1552    0.8553   -0.4944
    0.9840    0.1783   -0.0005
...   129 C-G ...
  -34.0643   47.8606   13.5837
   -0.0548    0.0096   -0.9984
   -0.1622    0.9866    0.0184
    0.9852    0.1629   -0.0526
...   130 C-G ...
  -30.7396   48.0829   13.1036
   -0.2364    0.5114   -0.8262
   -0.0700    0.8391    0.5394
    0.9691    0.1853   -0.1626
...   131 A-T ...
  -27.5614   48.8676   12.4867
   -0.3426    0.8650   -0.3665
    0.1275    0.4293    0.8941
    0.9308    0.2595   -0.2574
...   132 A-T ...
  -24.6357   49.7007   11.3582
   -0.2054    0.9576    0.2022
    0.3139   -0.1312    0.9403
    0.9270    0.2566   -0.2736
...   133 A-T ...
  -21.7526   50.6757   10.2110
    0.0354    0.7178    0.6953
    0.3801   -0.6531    0.6549
    0.9243    0.2411   -0.2960
...   134 T-A ...
  -19.0160   52.0245    8.9251
    0.2452    0.2905    0.9249
    0.3073   -0.9281    0.2101
    0.9195    0.2328   -0.3169
...   135 G-C ...
  -16.4638   53.8825    7.5154
    0.5339   -0.3333    0.7771
    0.0346   -0.9097   -0.4139
    0.8449    0.2479   -0.4741
...   136 T-A ...
  -14.1750   56.5548    6.1809
    0.5795   -0.7269    0.3685
   -0.3141   -0.6164   -0.7221
    0.7521    0.3026   -0.5855
...   137 G-C ...
  -11.6539   57.9993    4.7205
    0.2452   -0.9542   -0.1714
   -0.6323   -0.0234   -0.7744
    0.7349    0.2983   -0.6091
...   138 A-T ...
   -8.6759   58.7134    3.6025
   -0.0345   -0.7815   -0.6229
   -0.6536    0.4891   -0.5775
    0.7560    0.3872   -0.5277
...   139 G-C ...
   -6.3275   59.0728    1.6297
   -0.2969   -0.3279   -0.8968
   -0.5657    0.8171   -0.1114
    0.7693    0.4742   -0.4281
...   140 C-G ...
   -3.4369   60.2280    1.0288
   -0.4426    0.2287   -0.8671
   -0.1681    0.9286    0.3308
    0.8808    0.2922   -0.3725
...   141 G-C ...
   -0.6977   63.8912   -2.2508
   -0.9992    0.0157   -0.0376
   -0.0024    0.8991    0.4378
    0.0407    0.4375   -0.8983
...   142 C-G ...
   -1.0065   65.5989   -4.9400
   -0.8337    0.5216    0.1813
    0.5170    0.6219    0.5881
    0.1940    0.5841   -0.7882
...   143 T-A ...
   -0.1333   66.2085   -7.8195
   -0.3753    0.8566    0.3540
    0.8856    0.2187    0.4098
    0.2736    0.4673   -0.8407
...   144 C-G ...
   -0.1666   67.4021  -10.8066
    0.1797    0.8793    0.4411
    0.9277   -0.3007    0.2214
    0.3273    0.3694   -0.8697
...   145 A-T ...
    0.5266   69.2314  -13.4658
    0.7352    0.4964    0.4616
    0.6118   -0.7791   -0.1367
    0.2918    0.3829   -0.8765
...   146 C-G ...
    1.4338   72.0893  -15.6018
    0.9809    0.0621    0.1844
    0.1264   -0.9240   -0.3608
    0.1480    0.3772   -0.9142
...   147 A-T ...
    2.3047   74.2223  -18.3862
    0.8657   -0.4292   -0.2575
   -0.4984   -0.7868   -0.3642
   -0.0463    0.4436   -0.8950
