  147 base-pairs
...     1 A-T ...
    0.0000    0.0000    0.0000
    1.0000    0.0000    0.0000
    0.0000    1.0000    0.0000
    0.0000    0.0000    1.0000
...     2 G-C ...
   -0.1394   -1.2357    3.2268
    0.7529    0.6366    0.1670
   -0.6386    0.7680   -0.0486
   -0.1592   -0.0700    0.9848
...     3 T-A ...
   -0.0365   -3.2932    6.3751
    0.2722    0.9301    0.2466
   -0.9238    0.3243   -0.2033
   -0.2691   -0.1725    0.9475
...     4 G-C ...
   -0.3505   -4.1660    9.4928
   -0.3756    0.9250    0.0579
   -0.8781   -0.3352   -0.3415
   -0.2965   -0.1791    0.9381
...     5 A-T ...
   -0.4462   -4.1476   12.7498
   -0.8116    0.5840   -0.0165
   -0.5523   -0.7762   -0.3042
   -0.1905   -0.2378    0.9524
...     6 G-C ...
   -1.5908   -4.1730   15.6201
   -0.9976    0.0246   -0.0651
   -0.0043   -0.9555   -0.2950
   -0.0695   -0.2940    0.9533
...     7 C-G ...
   -1.1030   -4.4824   18.7362
   -0.8441   -0.5304   -0.0787
    0.5345   -0.8441   -0.0432
   -0.0435   -0.0785    0.9960
...     8 G-C ...
   -2.4028   -7.7290   23.1475
   -0.2754   -0.3293   -0.9032
    0.6650   -0.7437    0.0684
   -0.6942   -0.5818    0.4238
...     9 C-G ...
   -4.4690   -9.9728   24.1132
    0.1145   -0.7025   -0.7024
    0.8512   -0.2952    0.4340
   -0.5122   -0.6476    0.5642
...    10 T-A ...
   -6.7405  -10.8752   25.9697
    0.4841   -0.8363   -0.2574
    0.6595    0.1553    0.7355
   -0.5751   -0.5258    0.6267
...    11 C-G ...
   -9.1656  -12.6208   27.1640
    0.7073   -0.6682    0.2307
    0.3448    0.6110    0.7126
   -0.6171   -0.4245    0.6626
...    12 A-T ...
  -10.9234  -14.6633   29.0693
    0.7515   -0.1377    0.6452
   -0.2029    0.8824    0.4246
   -0.6277   -0.4500    0.6352
...    13 C-G ...
  -11.8476  -17.4863   31.2451
    0.4295    0.2823    0.8578
   -0.5708    0.8209    0.0156
   -0.6998   -0.4963    0.5137
...    14 A-T ...
  -13.5897  -19.7827   33.4259
   -0.1504    0.6104    0.7777
   -0.6874    0.5008   -0.5260
   -0.7106   -0.6136    0.3443
...    15 A-T ...
  -15.8174  -21.8006   34.6379
   -0.4860    0.8093    0.3298
   -0.4871    0.0625   -0.8711
   -0.7256   -0.5841    0.3639
...    16 T-A ...
  -17.9171  -23.6437   36.5540
   -0.6956    0.6973   -0.1730
   -0.1474   -0.3742   -0.9155
   -0.7032   -0.6113    0.3631
...    17 T-A ...
  -20.1882  -25.4304   38.1211
   -0.6773    0.3248   -0.6601
    0.2887   -0.7080   -0.6445
   -0.6767   -0.6271    0.3858
...    18 T-A ...
  -22.4867  -27.2419   39.5030
   -0.3966   -0.1156   -0.9107
    0.6126   -0.7722   -0.1688
   -0.6837   -0.6248    0.3771
...    19 A-T ...
  -24.6502  -29.4876   40.6773
    0.0568   -0.4976   -0.8656
    0.7191   -0.5810    0.3812
   -0.6926   -0.6441    0.3248
...    20 T-A ...
  -27.3967  -31.2158   41.3894
    0.4004   -0.7382   -0.5430
    0.5954   -0.2408    0.7665
   -0.6965   -0.6302    0.3431
...    21 T-A ...
  -29.8287  -33.2379   42.2319
    0.6600   -0.7511   -0.0149
    0.2643    0.2135    0.9405
   -0.7032   -0.6247    0.3394
...    22 C-G ...
  -32.1120  -35.3322   43.3001
    0.7150   -0.4718    0.5159
   -0.1703    0.5982    0.7831
   -0.6781   -0.6478    0.3473
...    23 G-C ...
  -34.4133  -37.1185   44.9891
    0.5958    0.0304    0.8025
   -0.5552    0.7376    0.3843
   -0.5803   -0.6745    0.4564
...    24 C-G ...
  -36.0418  -39.5771   46.3879
    0.2568    0.4483    0.8562
   -0.7807    0.6185   -0.0897
   -0.5698   -0.6454    0.5088
...    25 A-T ...
  -38.1405  -41.5297   47.9704
   -0.1564    0.7708    0.6176
   -0.7983    0.2695   -0.5385
   -0.5815   -0.5773    0.5732
...    26 A-T ...
  -39.9018  -43.3612   50.0388
   -0.5615    0.8010    0.2080
   -0.5835   -0.2050   -0.7858
   -0.5867   -0.5625    0.5825
...    27 A-T ...
  -41.5904  -45.0328   52.2549
   -0.7937    0.5455   -0.2693
   -0.1641   -0.6182   -0.7687
   -0.5858   -0.5659    0.5802
...    28 G-C ...
  -43.6534  -46.4660   54.4940
   -0.7225    0.1852   -0.6661
    0.2500   -0.8282   -0.5015
   -0.6445   -0.5289    0.5521
...    29 G-C ...
  -46.1686  -47.9021   56.3578
   -0.4093   -0.2533   -0.8765
    0.5880   -0.8078   -0.0411
   -0.6977   -0.5322    0.4796
...    30 C-G ...
  -48.7793  -49.3682   57.6584
    0.0091   -0.6168   -0.7870
    0.6940   -0.5628    0.4490
   -0.7199   -0.5503    0.4230
...    31 C-G ...
  -51.4104  -51.0124   58.9159
    0.4362   -0.7827   -0.4439
    0.5588   -0.1510    0.8154
   -0.7053   -0.6038    0.3715
...    32 G-C ...
  -53.2917  -53.0366   60.2073
    0.7167   -0.6973   -0.0103
    0.2368    0.2295    0.9441
   -0.6560   -0.6790    0.3296
...    33 G-C ...
  -55.1179  -55.7382   61.1008
    0.7582   -0.4287    0.4913
   -0.2185    0.5430    0.8108
   -0.6143   -0.7221    0.3180
...    34 C-G ...
  -56.8961  -58.3462   61.9409
    0.5379   -0.0388    0.8421
   -0.6019    0.6818    0.4158
   -0.5903   -0.7306    0.3434
...    35 C-G ...
  -58.4983  -61.0218   63.2928
    0.1480    0.3773    0.9142
   -0.8034    0.5849   -0.1113
   -0.5767   -0.7180    0.3897
...    36 C-G ...
  -60.1485  -63.5466   64.7712
   -0.2722    0.6706    0.6901
   -0.7643    0.2850   -0.5785
   -0.5846   -0.6849    0.4350
...    37 G-C ...
  -62.4431  -65.8269   65.5481
   -0.5749    0.7848    0.2313
   -0.4924   -0.1061   -0.8639
   -0.6535   -0.6106    0.4474
...    38 A-T ...
  -64.3703  -67.8567   66.9706
   -0.7375    0.5987   -0.3124
   -0.0582   -0.5173   -0.8538
   -0.6728   -0.6115    0.4164
...    39 C-G ...
  -66.7117  -69.3520   68.5304
   -0.6179    0.3005   -0.7266
    0.3080   -0.7577   -0.5753
   -0.7234   -0.5793    0.3756
...    40 A-T ...
  -69.2931  -71.1074   69.6692
   -0.2616   -0.0801   -0.9618
    0.5584   -0.8254   -0.0831
   -0.7872   -0.5589    0.2607
...    41 C-G ...
  -72.1892  -72.5762   70.1164
    0.0977   -0.4470   -0.8892
    0.5916   -0.6924    0.4131
   -0.8003   -0.5664    0.1967
...    42 G-C ...
  -74.5550  -74.7919   70.8327
    0.4647   -0.7270   -0.5056
    0.3699   -0.3594    0.8567
   -0.8045   -0.5852    0.1019
...    43 A-T ...
  -77.1221  -76.6368   71.0867
    0.5864   -0.8050    0.0899
    0.0280    0.1310    0.9910
   -0.8096   -0.5786    0.0994
...    44 C-G ...
  -79.6315  -78.7983   70.7897
    0.5302   -0.6061    0.5930
   -0.2965    0.5227    0.7993
   -0.7944   -0.5996    0.0974
...    45 T-A ...
  -82.0559  -81.5264   70.7510
    0.2735   -0.2301    0.9340
   -0.5277    0.7759    0.3457
   -0.8042   -0.5873    0.0908
...    46 T-A ...
  -84.4067  -83.7903   70.8235
   -0.0595    0.1735    0.9830
   -0.5659    0.8054   -0.1764
   -0.8223   -0.5668    0.0503
...    47 A-T ...
  -87.0857  -85.7136   71.1189
   -0.2844    0.6381    0.7155
   -0.4404    0.5759   -0.6887
   -0.8516   -0.5110    0.1172
...    48 C-G ...
  -89.5674  -87.6633   72.0263
   -0.4242    0.8693    0.2538
   -0.2280    0.1687   -0.9589
   -0.8764   -0.4646    0.1266
...    49 T-A ...
  -92.4532  -89.0816   72.9434
   -0.3911    0.8759   -0.2827
   -0.0070   -0.3100   -0.9507
   -0.9203   -0.3698    0.1273
...    50 G-C ...
  -95.7551  -89.8984   73.2974
   -0.1523    0.6360   -0.7565
    0.1541   -0.7408   -0.6538
   -0.9762   -0.2161    0.0149
...    51 T-A ...
  -98.9280  -90.0410   73.5518
    0.0241    0.2384   -0.9709
    0.1805   -0.9562   -0.2303
   -0.9833   -0.1697   -0.0661
...    52 A-T ...
 -102.1732  -89.9591   72.8510
    0.2898   -0.2522   -0.9233
    0.0556   -0.9586    0.2793
   -0.9555   -0.1322   -0.2638
...    53 G-C ...
 -105.1995  -89.9937   71.7610
    0.3493   -0.6766   -0.6482
   -0.1500   -0.7232    0.6741
   -0.9249   -0.1382   -0.3541
...    54 G-C ...
 -108.1967  -90.1231   69.6534
    0.2535   -0.9522   -0.1705
   -0.3549   -0.2555    0.8993
   -0.8999   -0.1674   -0.4027
...    55 T-A ...
 -110.8949  -90.8009   67.8603
    0.0066   -0.9511    0.3088
   -0.4471    0.2734    0.8517
   -0.8945   -0.1437   -0.4234
...    56 A-T ...
 -113.7214  -91.4757   66.1438
   -0.2768   -0.6052    0.7464
   -0.3619    0.7852    0.5025
   -0.8902   -0.1310   -0.4364
...    57 T-A ...
 -116.3548  -92.5349   64.4299
   -0.4595   -0.1249    0.8794
   -0.1438    0.9875    0.0651
   -0.8765   -0.0965   -0.4717
...    58 C-G ...
 -119.3304  -93.1441   62.9750
   -0.4500    0.5039    0.7373
    0.1983    0.8614   -0.4677
   -0.8708   -0.0643   -0.4875
...    59 T-A ...
 -122.3824  -93.4232   61.6591
   -0.2094    0.8757    0.4351
    0.4065    0.4827   -0.7757
   -0.8893    0.0144   -0.4570
...    60 C-G ...
 -125.4340  -93.3346   60.2630
    0.1246    0.9919   -0.0248
    0.4489   -0.0787   -0.8901
   -0.8849    0.0997   -0.4550
...    61 G-C ...
 -128.0811  -92.6555   58.4044
    0.5670    0.7743   -0.2811
    0.2916   -0.5078   -0.8106
   -0.7704    0.3776   -0.5137
...    62 A-T ...
 -130.5650  -91.2389   56.7110
    0.7028    0.3356   -0.6273
   -0.0824   -0.8374   -0.5403
   -0.7066    0.4314   -0.5609
...    63 G-C ...
 -132.5711  -89.3702   54.8162
    0.6213   -0.1686   -0.7652
   -0.4667   -0.8641   -0.1885
   -0.6294    0.4742   -0.6156
...    64 C-G ...
 -134.2328  -87.4297   52.5559
    0.2586   -0.6493   -0.7152
   -0.7681   -0.5872    0.2553
   -0.5858    0.4834   -0.6506
...    65 T-A ...
 -135.9547  -85.7590   50.3221
   -0.1997   -0.8555   -0.4777
   -0.8151   -0.1255    0.5655
   -0.5437    0.5024   -0.6723
...    66 C-G ...
 -137.9775  -84.2576   48.2252
   -0.6605   -0.7488   -0.0552
   -0.5502    0.4326    0.7142
   -0.5109    0.5021   -0.6977
...    67 G-C ...
 -140.1228  -81.8893   46.7042
   -0.8503   -0.3676    0.3767
   -0.0691    0.7876    0.6123
   -0.5218    0.4946   -0.6951
...    68 G-C ...
 -141.6718  -80.2131   44.2472
   -0.7161    0.1054    0.6900
    0.4523    0.8230    0.3437
   -0.5316    0.5582   -0.6370
...    69 G-C ...
 -143.5025  -78.5269   42.0104
   -0.3044    0.4622    0.8329
    0.7707    0.6334   -0.0698
   -0.5598    0.6206   -0.5490
...    70 A-T ...
 -145.5189  -76.5852   40.2548
    0.2299    0.7055    0.6704
    0.8109    0.2421   -0.5328
   -0.5382    0.6661   -0.5164
...    71 T-A ...
 -147.6779  -74.4109   39.0701
    0.6377    0.6931    0.3362
    0.5801   -0.1448   -0.8016
   -0.5068    0.7062   -0.4944
...    72 C-G ...
 -149.3417  -72.0862   37.5826
    0.9013    0.4056   -0.1519
    0.0877   -0.5143   -0.8531
   -0.4242    0.7556   -0.4992
...    73 A-T ...
 -150.5686  -68.9760   36.5993
    0.8781   -0.0154   -0.4782
   -0.4105   -0.5374   -0.7367
   -0.2456    0.8432   -0.4782
...    74 T-A ...
 -150.9354  -66.0350   35.3013
    0.5805   -0.3245   -0.7468
   -0.7925   -0.4357   -0.4267
   -0.1869    0.8395   -0.5101
...    75 G-C ...
 -151.1943  -63.1807   33.4864
    0.0195   -0.5683   -0.8226
   -0.9916   -0.1164    0.0569
   -0.1281    0.8145   -0.5658
...    76 T-A ...
 -150.9886  -60.4804   31.4541
   -0.5247   -0.5232   -0.6715
   -0.8446    0.2209    0.4877
   -0.1068    0.8231   -0.5578
...    77 T-A ...
 -151.0799  -57.8624   29.5616
   -0.9211   -0.2416   -0.3052
   -0.3870    0.4835    0.7851
   -0.0421    0.8413   -0.5389
...    78 A-T ...
 -151.0944  -54.7494   28.0808
   -0.9503    0.1871    0.2488
    0.3095    0.4806    0.8205
    0.0340    0.8567   -0.5146
...    79 T-A ...
 -151.2999  -52.3167   25.9272
   -0.6668    0.4219    0.6143
    0.7417    0.2955    0.6021
    0.0725    0.8571   -0.5100
...    80 A-T ...
 -150.8040  -49.4043   24.3352
   -0.1061    0.4645    0.8792
    0.9913   -0.0202    0.1303
    0.0783    0.8853   -0.4583
...    81 A-T ...
 -150.7010  -46.5574   22.9858
    0.4271    0.3221    0.8449
    0.8967   -0.2706   -0.3502
    0.1158    0.9072   -0.4044
...    82 C-G ...
 -150.7791  -43.3036   22.1630
    0.8263    0.0715    0.5586
    0.5375   -0.3960   -0.7445
    0.1680    0.9155   -0.3657
...    83 G-C ...
 -149.6041  -40.5420   20.9047
    0.9256   -0.3297    0.1858
    0.0763   -0.3183   -0.9449
    0.3707    0.8888   -0.2695
...    84 G-C ...
 -147.6248  -37.9790   20.2503
    0.7760   -0.5605   -0.2894
   -0.3601   -0.0170   -0.9327
    0.5179    0.8280   -0.2150
...    85 A-T ...
 -145.7151  -35.3168   19.7646
    0.4068   -0.4762   -0.7796
   -0.7305    0.3429   -0.5906
    0.5486    0.8097   -0.2084
...    86 T-A ...
 -143.3985  -33.0026   19.2925
   -0.0366   -0.2359   -0.9711
   -0.8264    0.5535   -0.1033
    0.5618    0.7988   -0.2152
...    87 C-G ...
 -141.2873  -30.5242   18.4536
   -0.5177    0.1622   -0.8401
   -0.6343    0.5861    0.5041
    0.5742    0.7938   -0.2005
...    88 C-G ...
 -139.3485  -27.9906   17.6229
   -0.8133    0.3894   -0.4323
   -0.2587    0.4234    0.8682
    0.5211    0.8180   -0.2436
...    89 G-C ...
 -137.7450  -25.1374   17.2911
   -0.8565    0.4930    0.1527
    0.2475    0.1327    0.9598
    0.4529    0.8599   -0.2356
...    90 C-G ...
 -136.3224  -22.2393   16.0403
   -0.5708    0.4590    0.6808
    0.6821   -0.1965    0.7044
    0.4571    0.8664   -0.2010
...    91 T-A ...
 -135.1249  -19.1402   15.1730
   -0.1114    0.2261    0.9677
    0.8877   -0.4152    0.1992
    0.4468    0.8812   -0.1544
...    92 T-A ...
 -134.0088  -16.1215   14.7865
    0.4000   -0.0641    0.9143
    0.7914   -0.4790   -0.3798
    0.4623    0.8755   -0.1408
...    93 T-A ...
 -132.5682  -13.2492   14.5019
    0.7401   -0.3722    0.5601
    0.4449   -0.3537   -0.8228
    0.5043    0.8581   -0.0962
...    94 A-T ...
 -130.6062  -10.5396   14.2658
    0.7774   -0.6288    0.0145
   -0.0140   -0.0404   -0.9991
    0.6288    0.7765   -0.0403
...    95 A-T ...
 -128.4907   -8.1939   14.3685
    0.6150   -0.5886   -0.5248
   -0.4096    0.3303   -0.8504
    0.6738    0.7379   -0.0380
...    96 C-G ...
 -125.8542   -6.1464   14.6902
    0.3057   -0.3286   -0.8936
   -0.6571    0.6064   -0.4478
    0.6890    0.7241   -0.0306
...    97 A-T ...
 -123.4402   -3.8420   14.4091
   -0.1710    0.0329   -0.9847
   -0.6925    0.7069    0.1439
    0.7009    0.7065   -0.0981
...    98 C-G ...
 -120.7013   -1.9624   13.7169
   -0.5148    0.3924   -0.7622
   -0.4927    0.5921    0.6377
    0.7015    0.7039   -0.1114
...    99 T-A ...
 -118.0208    0.2441   12.6347
   -0.7062    0.6529   -0.2740
   -0.1221    0.2689    0.9554
    0.6974    0.7081   -0.1101
...   100 T-A ...
 -115.7753    2.4908   11.8935
   -0.6148    0.7169    0.3288
    0.3025   -0.1707    0.9377
    0.7284    0.6760   -0.1119
...   101 T-A ...
 -113.4952    4.7435   11.2836
   -0.3254    0.4976    0.8041
    0.5889   -0.5587    0.5840
    0.7398    0.6635   -0.1112
...   102 A-T ...
 -110.8377    6.7833   11.0904
    0.0435    0.0379    0.9983
    0.6601   -0.7512   -0.0002
    0.7499    0.6590   -0.0577
...   103 T-A ...
 -108.8970    9.3699   11.2190
    0.3056   -0.3548    0.8836
    0.5650   -0.6794   -0.4682
    0.7664    0.6423   -0.0071
...   104 G-C ...
 -106.3768   11.5376   11.5310
    0.5009   -0.7570    0.4195
    0.2982   -0.3040   -0.9048
    0.8125    0.5783    0.0735
...   105 C-G ...
 -103.6177   13.1370   12.2508
    0.5259   -0.8392   -0.1386
   -0.0145    0.1541   -0.9880
    0.8504    0.5216    0.0688
...   106 T-A ...
 -100.4627   14.4572   12.8393
    0.4038   -0.6194   -0.6733
   -0.2594    0.6282   -0.7335
    0.8773    0.4708    0.0930
...   107 T-A ...
  -97.5373   15.7153   13.2180
    0.1526   -0.1845   -0.9709
   -0.4120    0.8811   -0.2322
    0.8983    0.4355    0.0585
...   108 C-G ...
  -94.4342   16.9368   13.2512
   -0.1360    0.3520   -0.9261
   -0.4049    0.8334    0.3762
    0.9042    0.4262    0.0292
...   109 C-G ...
  -91.4121   18.2383   13.1823
   -0.4094    0.6954   -0.5906
   -0.2553    0.5341    0.8059
    0.8759    0.4807   -0.0411
...   110 G-C ...
  -88.8328   19.9074   13.3129
   -0.5550    0.8271   -0.0884
    0.0125    0.1146    0.9933
    0.8318    0.5502   -0.0739
...   111 G-C ...
  -86.2942   22.0725   12.8656
   -0.4987    0.7199    0.4827
    0.3375   -0.3517    0.8732
    0.7984    0.5983   -0.0675
...   112 C-G ...
  -83.9837   24.4469   12.3606
   -0.2616    0.3845    0.8853
    0.5573   -0.6887    0.4638
    0.7880    0.6147   -0.0342
...   113 T-A ...
  -81.5273   26.6693   12.2453
    0.0348   -0.0595    0.9976
    0.6166   -0.7843   -0.0682
    0.7865    0.6175    0.0094
...   114 C-G ...
  -78.8776   28.6701   12.3926
    0.3527   -0.5257    0.7741
    0.4970   -0.5957   -0.6310
    0.7928    0.6073    0.0512
...   115 G-C ...
  -76.0239   30.3734   12.2133
    0.5002   -0.8250    0.2629
    0.2101   -0.1789   -0.9612
    0.8400    0.5360    0.0838
...   116 T-A ...
  -73.1794   31.7796   13.1631
    0.4867   -0.8241   -0.2898
   -0.0791    0.2888   -0.9541
    0.8700    0.4873    0.0754
...   117 A-T ...
  -70.0155   32.9548   13.8445
    0.2687   -0.5645   -0.7805
   -0.3017    0.7202   -0.6247
    0.9147    0.4034    0.0232
...   118 T-A ...
  -66.8560   33.6155   14.2285
    0.0838   -0.1284   -0.9882
   -0.3905    0.9081   -0.1511
    0.9168    0.3985    0.0260
...   119 A-T ...
  -63.8482   35.1039   14.2919
   -0.1985    0.4143   -0.8883
   -0.3352    0.8229    0.4587
    0.9210    0.3888   -0.0245
...   120 A-T ...
  -60.7924   36.1267   13.9445
   -0.3661    0.8002   -0.4750
   -0.1525    0.4520    0.8789
    0.9180    0.3942   -0.0435
...   121 T-A ...
  -57.7550   37.2499   13.1191
   -0.3819    0.9228    0.0505
    0.0648   -0.0278    0.9975
    0.9219    0.3842   -0.0492
...   122 G-C ...
  -54.6640   38.6795   12.7941
   -0.3195    0.7043    0.6339
    0.2861   -0.5660    0.7731
    0.9034    0.4284   -0.0207
...   123 T-A ...
  -51.9149   40.4507   12.4623
   -0.1348    0.3218    0.9372
    0.4077   -0.8440    0.3484
    0.9031    0.4290   -0.0174
...   124 G-C ...
  -48.9344   41.9632   12.4752
    0.0692   -0.2516    0.9654
    0.4314   -0.8650   -0.2563
    0.8995    0.4342    0.0487
...   125 T-A ...
  -46.2827   43.7527   12.8580
    0.2441   -0.6806    0.6908
    0.3338   -0.6099   -0.7188
    0.9105    0.4060    0.0783
...   126 C-G ...
  -43.3952   45.0246   13.1986
    0.3917   -0.9094    0.1397
    0.1323   -0.0946   -0.9867
    0.9105    0.4050    0.0832
...   127 G-C ...
  -40.3057   46.1661   12.9878
    0.2269   -0.8958   -0.3823
   -0.0553    0.3800   -0.9233
    0.9723    0.2306    0.0366
...   128 A-T ...
  -37.2570   46.9598   13.2041
    0.1360   -0.5140   -0.8469
   -0.1935    0.8246   -0.5315
    0.9716    0.2362    0.0127
...   129 C-G ...
  -33.9761   46.9714   13.5274
   -0.0363   -0.0179   -0.9992
   -0.2183    0.9758   -0.0095
    0.9752    0.2177   -0.0393
...   130 C-G ...
  -30.6305   47.2233   12.8557
   -0.2575    0.4596   -0.8500
   -0.1165    0.8585    0.4994
    0.9592    0.2276   -0.1675
...   131 A-T ...
  -27.5656   48.5731   12.5382
   -0.3784    0.8346   -0.4003
    0.0894    0.4633    0.8817
    0.9213    0.2978   -0.2500
...   132 A-T ...
  -24.6320   49.6083   11.4821
   -0.2529    0.9518    0.1738
    0.3043   -0.0923    0.9481
    0.9184    0.2927   -0.2663
...   133 A-T ...
  -21.7795   50.6434   10.2327
    0.0281    0.7272    0.6859
    0.3821   -0.6419    0.6649
    0.9237    0.2434   -0.2959
...   134 T-A ...
  -19.0158   52.0243    8.9250
    0.2452    0.2905    0.9249
    0.3073   -0.9281    0.2101
    0.9195    0.2328   -0.3169
...   135 G-C ...
  -16.4636   53.8824    7.5153
    0.5339   -0.3333    0.7771
    0.0346   -0.9097   -0.4139
    0.8449    0.2479   -0.4741
...   136 T-A ...
  -14.1748   56.5546    6.1808
    0.5795   -0.7269    0.3685
   -0.3141   -0.6164   -0.7221
    0.7521    0.3026   -0.5855
...   137 G-C ...
  -11.6537   57.9991    4.7204
    0.2452   -0.9542   -0.1714
   -0.6323   -0.0234   -0.7744
    0.7349    0.2983   -0.6091
...   138 A-T ...
   -8.6757   58.7132    3.6025
   -0.0345   -0.7815   -0.6229
   -0.6536    0.4891   -0.5775
    0.7560    0.3872   -0.5277
...   139 G-C ...
   -6.3273   59.0726    1.6297
   -0.2969   -0.3279   -0.8968
   -0.5657    0.8171   -0.1114
    0.7693    0.4742   -0.4281
...   140 C-G ...
   -3.4367   60.2278    1.0287
   -0.4426    0.2287   -0.8671
   -0.1681    0.9286    0.3308
    0.8808    0.2922   -0.3725
...   141 G-C ...
   -0.6975   63.8910   -2.2509
   -0.9992    0.0157   -0.0376
   -0.0024    0.8991    0.4378
    0.0407    0.4375   -0.8983
...   142 C-G ...
   -1.0063   65.5987   -4.9401
   -0.8337    0.5216    0.1813
    0.5170    0.6219    0.5881
    0.1940    0.5841   -0.7882
...   143 T-A ...
   -0.1331   66.2083   -7.8196
   -0.3753    0.8566    0.3540
    0.8856    0.2187    0.4098
    0.2736    0.4673   -0.8407
...   144 C-G ...
   -0.1664   67.4019  -10.8067
    0.1798    0.8793    0.4411
    0.9277   -0.3007    0.2214
    0.3273    0.3694   -0.8697
...   145 A-T ...
    0.5268   69.2311  -13.4659
    0.7352    0.4964    0.4616
    0.6118   -0.7791   -0.1367
    0.2918    0.3829   -0.8765
...   146 C-G ...
    1.4340   72.0891  -15.6019
    0.9809    0.0621    0.1844
    0.1264   -0.9240   -0.3608
    0.1480    0.3772   -0.9142
...   147 A-T ...
    2.3049   74.2221  -18.3863
    0.8657   -0.4292   -0.2575
   -0.4984   -0.7868   -0.3642
   -0.0463    0.4436   -0.8950
