  147 base-pairs
...     1 A-T ...
    0.0000    0.0000    0.0000
    1.0000    0.0000    0.0000
    0.0000    1.0000    0.0000
    0.0000    0.0000    1.0000
...     2 G-C ...
   -0.1394   -1.2357    3.2268
    0.7529    0.6366    0.1670
   -0.6386    0.7680   -0.0486
   -0.1592   -0.0700    0.9848
...     3 T-A ...
   -0.0365   -3.2932    6.3751
    0.2722    0.9301    0.2466
   -0.9238    0.3243   -0.2033
   -0.2691   -0.1725    0.9475
...     4 G-C ...
   -0.3505   -4.1660    9.4928
   -0.3756    0.9250    0.0579
   -0.8781   -0.3352   -0.3415
   -0.2965   -0.1791    0.9381
...     5 A-T ...
   -0.4462   -4.1476   12.7498
   -0.8116    0.5840   -0.0165
   -0.5523   -0.7762   -0.3042
   -0.1905   -0.2378    0.9524
...     6 G-C ...
   -1.5908   -4.1730   15.6201
   -0.9976    0.0246   -0.0651
   -0.0043   -0.9555   -0.2950
   -0.0695   -0.2940    0.9533
...     7 C-G ...
   -1.1030   -4.4824   18.7362
   -0.8441   -0.5304   -0.0787
    0.5345   -0.8441   -0.0432
   -0.0435   -0.0785    0.9960
...     8 G-C ...
   -2.4028   -7.7290   23.1475
   -0.2754   -0.3293   -0.9032
    0.6650   -0.7437    0.0684
   -0.6942   -0.5818    0.4238
...     9 C-G ...
   -4.4690   -9.9728   24.1132
    0.1145   -0.7025   -0.7024
    0.8512   -0.2952    0.4340
   -0.5122   -0.6476    0.5642
...    10 T-A ...
   -6.7405  -10.8752   25.9697
    0.4841   -0.8363   -0.2574
    0.6595    0.1553    0.7355
   -0.5751   -0.5258    0.6267
...    11 C-G ...
   -9.1656  -12.6208   27.1640
    0.7073   -0.6682    0.2307
    0.3448    0.6110    0.7126
   -0.6171   -0.4245    0.6626
...    12 A-T ...
  -10.9234  -14.6633   29.0693
    0.7515   -0.1377    0.6452
   -0.2029    0.8824    0.4246
   -0.6277   -0.4500    0.6352
...    13 C-G ...
  -11.8476  -17.4863   31.2451
    0.4295    0.2823    0.8578
   -0.5708    0.8209    0.0156
   -0.6998   -0.4963    0.5137
...    14 A-T ...
  -13.5897  -19.7827   33.4259
   -0.1504    0.6104    0.7777
   -0.6874    0.5008   -0.5260
   -0.7106   -0.6136    0.3443
...    15 A-T ...
  -15.7159  -21.7985   34.8005
   -0.4877    0.7988    0.3521
   -0.4996    0.0753   -0.8630
   -0.7159   -0.5968    0.3624
...    16 T-A ...
  -17.7739  -23.6022   36.6146
   -0.6610    0.7399   -0.1251
   -0.1995   -0.3340   -0.9212
   -0.7234   -0.5839    0.3684
...    17 T-A ...
  -20.0985  -25.3237   38.0773
   -0.6564    0.4340   -0.6170
    0.1940   -0.6933   -0.6940
   -0.7290   -0.5753    0.3709
...    18 T-A ...
  -22.5523  -26.9367   39.4553
   -0.4387   -0.0268   -0.8982
    0.5224   -0.8209   -0.2307
   -0.7311   -0.5705    0.3741
...    19 A-T ...
  -24.9436  -28.9103   40.6439
   -0.0229   -0.4719   -0.8814
    0.6652   -0.6653    0.3389
   -0.7463   -0.5785    0.3291
...    20 T-A ...
  -27.7972  -30.4039   41.3289
    0.3101   -0.7428   -0.5934
    0.5872   -0.3413    0.7340
   -0.7477   -0.5760    0.3303
...    21 T-A ...
  -30.3743  -32.1990   42.1477
    0.5788   -0.8119   -0.0768
    0.3152    0.1358    0.9392
   -0.7521   -0.5678    0.3345
...    22 C-G ...
  -32.7943  -34.1546   43.1434
    0.6768   -0.5672    0.4693
   -0.0819    0.5755    0.8137
   -0.7316   -0.5892    0.3431
...    23 G-C ...
  -35.1966  -35.9090   44.6229
    0.6012   -0.0959    0.7933
   -0.4520    0.7779    0.4366
   -0.6590   -0.6210    0.4243
...    24 C-G ...
  -37.0415  -38.2763   45.9914
    0.3007    0.3647    0.8812
   -0.7081    0.7043   -0.0498
   -0.6388   -0.6091    0.4701
...    25 A-T ...
  -39.1749  -40.2125   47.6420
   -0.0643    0.7549    0.6527
   -0.7763    0.3732   -0.5080
   -0.6271   -0.5393    0.5621
...    26 A-T ...
  -40.9882  -41.9597   49.6809
   -0.4726    0.8432    0.2563
   -0.6130   -0.1057   -0.7830
   -0.6331   -0.5272    0.5668
...    27 A-T ...
  -42.9185  -43.5235   51.7584
   -0.7204    0.6552   -0.2274
   -0.2543   -0.5545   -0.7924
   -0.6452   -0.5130    0.5661
...    28 G-C ...
  -45.0666  -44.9100   53.8404
   -0.6969    0.3226   -0.6405
    0.1350   -0.8182   -0.5589
   -0.7044   -0.4759    0.5266
...    29 G-C ...
  -47.6558  -46.1246   55.6168
   -0.4523   -0.1094   -0.8851
    0.4541   -0.8824   -0.1230
   -0.7676   -0.4575    0.4488
...    30 C-G ...
  -50.4563  -47.2686   56.9168
   -0.1027   -0.5396   -0.8357
    0.6053   -0.7005    0.3779
   -0.7893   -0.4670    0.3986
...    31 C-G ...
  -53.2908  -48.7981   57.8759
    0.2959   -0.7913   -0.5351
    0.5362   -0.3260    0.7786
   -0.7905   -0.5173    0.3279
...    32 G-C ...
  -55.6312  -50.7513   59.2124
    0.6098   -0.7912   -0.0456
    0.2481    0.1360    0.9591
   -0.7527   -0.5962    0.2792
...    33 G-C ...
  -58.0682  -52.9833   59.8642
    0.6938   -0.5551    0.4589
   -0.1376    0.5232    0.8410
   -0.7069   -0.6466    0.2866
...    34 C-G ...
  -60.2112  -55.4097   60.5690
    0.5304   -0.1635    0.8318
   -0.4957    0.7361    0.4608
   -0.6877   -0.6568    0.3094
...    35 C-G ...
  -62.2650  -57.8759   61.6223
    0.2332    0.3025    0.9242
   -0.7065    0.7057   -0.0528
   -0.6682   -0.6406    0.3783
...    36 C-G ...
  -64.2283  -60.2266   63.0557
   -0.1168    0.6837    0.7204
   -0.7234    0.4384   -0.5334
   -0.6805   -0.5834    0.4433
...    37 G-C ...
  -66.7061  -62.0207   64.3492
   -0.3895    0.8840    0.2586
   -0.5516    0.0010   -0.8341
   -0.7376   -0.4675    0.4872
...    38 A-T ...
  -69.0499  -63.5049   66.0426
   -0.5849    0.7583   -0.2878
   -0.2381   -0.4997   -0.8328
   -0.7754   -0.4186    0.4728
...    39 C-G ...
  -71.5192  -64.3719   68.0084
   -0.5813    0.4274   -0.6924
    0.0746   -0.8194   -0.5684
   -0.8103   -0.3821    0.4444
...    40 A-T ...
  -74.3155  -65.5664   69.3641
   -0.3350   -0.0267   -0.9418
    0.3274   -0.9406   -0.0898
   -0.8835   -0.3384    0.3239
...    41 C-G ...
  -77.4432  -66.0714   70.2235
   -0.0865   -0.4847   -0.8704
    0.4245   -0.8083    0.4080
   -0.9013   -0.3342    0.2757
...    42 G-C ...
  -80.2753  -67.6107   71.0479
    0.2483   -0.8100   -0.5313
    0.3343   -0.4431    0.8318
   -0.9092   -0.3841    0.1608
...    43 A-T ...
  -83.2561  -68.9290   71.3975
    0.4061   -0.9124    0.0518
    0.1040    0.1024    0.9893
   -0.9079   -0.3963    0.1365
...    44 C-G ...
  -86.1897  -70.5046   71.2528
    0.4015   -0.7264    0.5578
   -0.1324    0.5566    0.8201
   -0.9062   -0.4032    0.1273
...    45 T-A ...
  -89.0536  -72.1526   71.5411
    0.2959   -0.3175    0.9009
   -0.3293    0.8514    0.4082
   -0.8966   -0.4175    0.1474
...    46 T-A ...
  -91.8479  -73.7880   71.8920
    0.0302    0.2099    0.9773
   -0.4172    0.8911   -0.1785
   -0.9083   -0.4024    0.1145
...    47 A-T ...
  -94.8899  -75.0741   72.2657
   -0.1625    0.7078    0.6874
   -0.3451    0.6119   -0.7117
   -0.9244   -0.3529    0.1448
...    48 C-G ...
  -97.6999  -76.4373   73.2816
   -0.2673    0.9372    0.2239
   -0.2089    0.1705   -0.9630
   -0.9407   -0.3042    0.1502
...    49 T-A ...
 -100.7705  -77.2620   74.1224
   -0.2355    0.9231   -0.3039
   -0.0582   -0.3255   -0.9437
   -0.9701   -0.2046    0.1304
...    50 G-C ...
 -104.0754  -77.6221   74.4526
   -0.0638    0.6373   -0.7679
    0.0359   -0.7675   -0.6400
   -0.9973   -0.0684    0.0261
...    51 T-A ...
 -107.2933  -77.2016   74.7064
    0.0276    0.1710   -0.9849
    0.0366   -0.9848   -0.1700
   -0.9989   -0.0313   -0.0334
...    52 A-T ...
 -110.5766  -77.0614   74.2717
    0.1700   -0.3818   -0.9085
   -0.0541   -0.9241    0.3783
   -0.9840   -0.0152   -0.1778
...    53 G-C ...
 -113.7474  -76.8672   73.3678
    0.1668   -0.8037   -0.5713
   -0.1844   -0.5946    0.7826
   -0.9686   -0.0252   -0.2473
...    54 G-C ...
 -116.8621  -77.0997   72.0834
    0.0832   -0.9956   -0.0432
   -0.3004   -0.0664    0.9515
   -0.9502   -0.0661   -0.3046
...    55 T-A ...
 -119.7828  -77.4583   70.4891
   -0.0998   -0.8814    0.4616
   -0.3050    0.4687    0.8290
   -0.9471   -0.0580   -0.3156
...    56 A-T ...
 -123.0725  -77.0522   69.7096
   -0.3626   -0.3607    0.8593
   -0.1227    0.9325    0.3396
   -0.9238    0.0177   -0.3824
...    57 T-A ...
 -126.0372  -77.6630   68.3567
   -0.3946    0.1674    0.9035
    0.1017    0.9852   -0.1381
   -0.9132    0.0373   -0.4058
...    58 C-G ...
 -129.0158  -77.6544   66.9697
   -0.2216    0.7100    0.6685
    0.3420    0.6986   -0.6286
   -0.9132    0.0893   -0.3976
...    59 T-A ...
 -132.1469  -77.3999   65.9615
    0.0755    0.9538    0.2907
    0.4166    0.2347   -0.8783
   -0.9059    0.1874   -0.3797
...    60 C-G ...
 -135.1085  -76.7246   64.8188
    0.3815    0.8979   -0.2195
    0.2955   -0.3435   -0.8914
   -0.8759    0.2752   -0.3964
...    61 G-C ...
 -137.8221  -75.6287   63.2309
    0.6402    0.5174   -0.5678
    0.0028   -0.7407   -0.6718
   -0.7682    0.4285   -0.4757
...    62 A-T ...
 -140.1300  -74.0317   61.5951
    0.5846   -0.0275   -0.8108
   -0.3988   -0.8801   -0.2576
   -0.7065    0.4740   -0.5255
...    63 G-C ...
 -142.1444  -72.1758   59.7543
    0.3432   -0.5110   -0.7881
   -0.6849   -0.7103    0.1623
   -0.6427    0.4841   -0.5937
...    64 C-G ...
 -143.8273  -70.5084   57.4272
   -0.0717   -0.8264   -0.5585
   -0.7959   -0.2900    0.5314
   -0.6011    0.4826   -0.6370
...    65 T-A ...
 -145.5413  -68.9992   55.0136
   -0.4832   -0.8563   -0.1824
   -0.6596    0.2190    0.7190
   -0.5758    0.4677   -0.6706
...    66 C-G ...
 -147.3896  -67.5461   52.6943
   -0.7991   -0.5377    0.2689
   -0.2348    0.6909    0.6837
   -0.5535    0.4832   -0.6784
...    67 G-C ...
 -149.1267  -65.4682   50.7320
   -0.7622   -0.0647    0.6441
    0.2822    0.8623    0.4205
   -0.5826    0.5023   -0.6390
...    68 G-C ...
 -151.0619  -63.9773   48.3943
   -0.4425    0.3814    0.8116
    0.6743    0.7382    0.0207
   -0.5912    0.5564   -0.5838
...    69 G-C ...
 -153.1968  -62.3296   46.3678
    0.0475    0.6547    0.7544
    0.8242    0.4009   -0.3999
   -0.5643    0.6408   -0.5206
...    70 A-T ...
 -155.0853  -60.2988   44.6888
    0.5503    0.7101    0.4393
    0.6602   -0.0479   -0.7495
   -0.5112    0.7025   -0.4951
...    71 T-A ...
 -156.9789  -57.8581   43.6845
    0.8289    0.5572    0.0483
    0.3074   -0.3818   -0.8716
   -0.4673    0.7374   -0.4878
...    72 C-G ...
 -158.2959  -55.3141   42.1888
    0.8981    0.1790   -0.4016
   -0.2247   -0.5983   -0.7691
   -0.3780    0.7810   -0.4971
...    73 C-G ...
 -158.9969  -52.4326   40.6004
    0.6857   -0.2514   -0.6830
   -0.6833   -0.5458   -0.4851
   -0.2508    0.7993   -0.5460
...    74 G-C ...
 -159.6990  -50.0804   38.3282
    0.2233   -0.5925   -0.7740
   -0.9675   -0.2316   -0.1018
   -0.1189    0.7715   -0.6250
...    75 C-G ...
 -159.6093  -47.6752   36.0318
   -0.3408   -0.6366   -0.6918
   -0.9369    0.1689    0.3061
   -0.0780    0.7525   -0.6539
...    76 T-A ...
 -159.5975  -45.3757   33.6281
   -0.7902   -0.4505   -0.4155
   -0.6099    0.5114    0.6054
   -0.0602    0.7318   -0.6789
...    77 T-A ...
 -159.5213  -43.1755   31.2082
   -0.9995   -0.0081   -0.0309
   -0.0285    0.6623    0.7487
    0.0145    0.7492   -0.6622
...    78 T-A ...
 -159.4016  -40.9659   28.8057
   -0.8247    0.4218    0.3767
    0.5600    0.5157    0.6484
    0.0793    0.7457   -0.6615
...    79 C-G ...
 -159.1074  -38.5982   26.5337
   -0.3327    0.6247    0.7065
    0.9377    0.1393    0.3184
    0.1005    0.7684   -0.6321
...    80 A-T ...
 -158.5447  -36.0551   24.4518
    0.2384    0.4922    0.8372
    0.9614   -0.2417   -0.1317
    0.1376    0.8362   -0.5308
...    81 T-A ...
 -158.6360  -33.1223   23.0275
    0.6759    0.2730    0.6846
    0.7175   -0.4561   -0.5265
    0.1685    0.8470   -0.5041
...    82 G-C ...
 -157.7812  -30.2259   21.5736
    0.9133   -0.1604    0.3745
    0.2523   -0.4989   -0.8291
    0.3198    0.8517   -0.4151
...    83 T-A ...
 -156.5923  -27.2716   20.8666
    0.8904   -0.4496   -0.0713
   -0.2378   -0.3260   -0.9150
    0.3882    0.8316   -0.3972
...    84 T-A ...
 -155.1317  -24.5884   19.8136
    0.5958   -0.5815   -0.5540
   -0.6789    0.0038   -0.7342
    0.4290    0.8135   -0.3925
...    85 A-T ...
 -153.5770  -22.0060   18.3906
    0.0644   -0.5121   -0.8565
   -0.8737    0.3858   -0.2964
    0.4823    0.7674   -0.4226
...    86 T-A ...
 -151.3909  -19.8865   17.0939
   -0.3800   -0.2283   -0.8964
   -0.7792    0.6012    0.1773
    0.4984    0.7658   -0.4063
...    87 A-T ...
 -149.9451  -17.0092   16.0503
   -0.7566    0.2634   -0.5985
   -0.3579    0.5993    0.7161
    0.5473    0.7560   -0.3591
...    88 A-T ...
 -148.0558  -14.7516   14.6408
   -0.7943    0.6009   -0.0898
    0.1338    0.3172    0.9389
    0.5927    0.7337   -0.3323
...    89 C-G ...
 -146.3006  -12.4523   12.9946
   -0.6116    0.6698    0.4210
    0.5242   -0.0555    0.8498
    0.5926    0.7404   -0.3172
...    90 G-C ...
 -143.9894  -10.1496   12.2504
   -0.2856    0.4379    0.8525
    0.7631   -0.4341    0.4787
    0.5797    0.7872   -0.2102
...    91 G-C ...
 -142.2757   -7.3548   11.5071
    0.1014    0.0540    0.9934
    0.7962   -0.6030   -0.0485
    0.5964    0.7959   -0.1041
...    92 A-T ...
 -140.3880   -4.7220   11.2473
    0.4936   -0.3549    0.7940
    0.6003   -0.5216   -0.6063
    0.6293    0.7759   -0.0444
...    93 T-A ...
 -138.6373   -2.0002   11.6884
    0.7023   -0.5925    0.3946
    0.2859   -0.2729   -0.9186
    0.6519    0.7580   -0.0222
...    94 A-T ...
 -136.2744    0.3292   12.0092
    0.6425   -0.7502   -0.1564
   -0.0938    0.1256   -0.9876
    0.7605    0.6492    0.0104
...    95 A-T ...
 -133.6862    2.2564   12.2888
    0.4689   -0.5641   -0.6797
   -0.4180    0.5361   -0.7334
    0.7781    0.6280    0.0156
...    96 C-G ...
 -130.7716    3.7992   12.6428
    0.1666   -0.2210   -0.9610
   -0.5777    0.7679   -0.2767
    0.7990    0.6013    0.0003
...    97 A-T ...
 -128.1836    5.8747   12.5331
   -0.2481    0.2086   -0.9460
   -0.5350    0.7846    0.3133
    0.8076    0.5838   -0.0830
...    98 C-G ...
 -125.2513    7.3253   11.8928
   -0.4972    0.5844   -0.6413
   -0.3169    0.5657    0.7612
    0.8076    0.5818   -0.0961
...    99 T-A ...
 -122.5696    9.1650   11.2394
   -0.6176    0.7742   -0.1387
    0.0033    0.1790    0.9838
    0.7865    0.6071   -0.1131
...   100 T-A ...
 -120.0250   11.0810   10.5805
   -0.4885    0.7498    0.4463
    0.3431   -0.3052    0.8883
    0.8023    0.5870   -0.1082
...   101 T-A ...
 -117.5338   13.0832   10.0090
   -0.2053    0.4455    0.8714
    0.5480   -0.6854    0.4795
    0.8109    0.5759   -0.1034
...   102 A-T ...
 -114.7938   14.9582    9.7903
    0.0861   -0.0788    0.9932
    0.5719   -0.8123   -0.1140
    0.8158    0.5779   -0.0249
...   103 T-A ...
 -112.5215   17.3134   10.0012
    0.3430   -0.4849    0.8045
    0.4527   -0.6651   -0.5939
    0.8231    0.5679   -0.0087
...   104 G-C ...
 -109.6320   18.9790   10.1411
    0.4246   -0.8384    0.3417
    0.2182   -0.2715   -0.9374
    0.8787    0.4725    0.0677
...   105 C-G ...
 -106.7424   20.4006   10.8705
    0.4217   -0.8801   -0.2181
   -0.0214    0.2308   -0.9728
    0.9065    0.4149    0.0785
...   106 T-A ...
 -103.6479   21.4418   11.4054
    0.2852   -0.6598   -0.6952
   -0.2006    0.6681   -0.7165
    0.9372    0.3438    0.0582
...   107 T-A ...
 -100.5366   22.2982   11.7534
    0.1223   -0.1692   -0.9780
   -0.3174    0.9269   -0.2001
    0.9404    0.3349    0.0596
...   108 C-G ...
  -97.4079   23.2649   11.8294
   -0.1098    0.3954   -0.9119
   -0.3100    0.8581    0.4094
    0.9444    0.3277    0.0283
...   109 C-G ...
  -94.1766   24.2073   11.5908
   -0.3260    0.7727   -0.5447
   -0.1744    0.5171    0.8380
    0.9291    0.3682   -0.0338
...   110 G-C ...
  -91.1780   25.6657   11.8258
   -0.4493    0.8931    0.0206
    0.0641    0.0093    0.9979
    0.8911    0.4497   -0.0614
...   111 G-C ...
  -88.2770   27.3140   11.3645
   -0.4056    0.7206    0.5623
    0.3118   -0.4692    0.8262
    0.8593    0.5104   -0.0344
...   112 C-G ...
  -85.6421   29.2912   11.0259
   -0.2052    0.3286    0.9219
    0.4868   -0.7829    0.3874
    0.8491    0.5283    0.0007
...   113 T-A ...
  -83.0309   31.3239   11.1386
    0.0307   -0.1600    0.9866
    0.5333   -0.8322   -0.1516
    0.8453    0.5309    0.0598
...   114 C-G ...
  -80.3117   33.1187   11.4545
    0.3032   -0.6343    0.7112
    0.4202   -0.5809   -0.6972
    0.8553    0.5102    0.0904
...   115 G-C ...
  -77.3012   34.5546   11.5730
    0.3736   -0.9060    0.1992
    0.2073   -0.1278   -0.9699
    0.9041    0.4036    0.1401
...   116 T-A ...
  -74.4071   35.7192   12.6601
    0.3890   -0.8585   -0.3342
   -0.0107    0.3585   -0.9335
    0.9212    0.3667    0.1302
...   117 A-T ...
  -71.2679   36.7329   13.1170
    0.2229   -0.5415   -0.8106
   -0.1994    0.7886   -0.5816
    0.9542    0.2913    0.0678
...   118 T-A ...
  -68.0287   37.0401   13.5686
    0.0801   -0.0800   -0.9936
   -0.2784    0.9553   -0.0993
    0.9571    0.2846    0.0543
...   119 A-T ...
  -64.8327   37.9649   13.6133
   -0.1703    0.4570   -0.8730
   -0.2428    0.8392    0.4866
    0.9550    0.2949   -0.0320
...   120 A-T ...
  -61.7006   38.7385   13.2798
   -0.2798    0.8496   -0.4471
   -0.0960    0.4386    0.8935
    0.9553    0.2929   -0.0411
...   121 T-A ...
  -58.6104   39.5367   12.4688
   -0.2890    0.9552    0.0636
    0.0629   -0.0473    0.9969
    0.9553    0.2921   -0.0464
...   122 G-C ...
  -55.4803   40.6410   12.5982
   -0.2770    0.7320    0.6225
    0.2479   -0.5714    0.7823
    0.9283    0.3710   -0.0231
...   123 T-A ...
  -52.6601   42.3462   12.1930
   -0.1228    0.3198    0.9395
    0.3599   -0.8679    0.3424
    0.9249    0.3802   -0.0086
...   124 G-C ...
  -49.5242   43.4211   12.3833
    0.0326   -0.2610    0.9648
    0.3841   -0.8879   -0.2532
    0.9227    0.3788    0.0714
...   125 T-A ...
  -46.7343   45.1291   12.9733
    0.2066   -0.6936    0.6901
    0.3065   -0.6240   -0.7188
    0.9292    0.3600    0.0836
...   126 C-G ...
  -43.7091   46.3270   13.3740
    0.3139   -0.9393    0.1388
    0.1262   -0.1036   -0.9866
    0.9410    0.3272    0.0860
...   127 G-C ...
  -40.5389   47.3674   13.3360
    0.2053   -0.8793   -0.4298
   -0.0551    0.4281   -0.9020
    0.9772    0.2089    0.0395
...   128 A-T ...
  -37.3392   47.9587   13.5474
    0.0799   -0.4861   -0.8703
   -0.1576    0.8559   -0.4925
    0.9843    0.1765   -0.0082
...   129 C-G ...
  -34.0554   47.8920   13.6358
   -0.0616    0.0104   -0.9980
   -0.1603    0.9869    0.0202
    0.9851    0.1612   -0.0591
...   130 C-G ...
  -30.7327   48.1068   13.1359
   -0.2400    0.5125   -0.8245
   -0.0655    0.8388    0.5405
    0.9686    0.1837   -0.1677
...   131 A-T ...
  -27.5556   48.8822   12.5066
   -0.3423    0.8660   -0.3644
    0.1319    0.4283    0.8940
    0.9303    0.2580   -0.2609
...   132 A-T ...
  -24.6323   49.7084   11.3674
   -0.2031    0.9578    0.2033
    0.3165   -0.1323    0.9393
    0.9266    0.2551   -0.2763
...   133 A-T ...
  -21.7509   50.6781   10.2133
    0.0370    0.7176    0.6954
    0.3807   -0.6536    0.6542
    0.9240    0.2405   -0.2974
...   134 T-A ...
  -19.0159   52.0245    8.9252
    0.2452    0.2905    0.9249
    0.3073   -0.9281    0.2101
    0.9195    0.2328   -0.3169
...   135 G-C ...
  -16.4637   53.8825    7.5155
    0.5339   -0.3333    0.7771
    0.0346   -0.9097   -0.4139
    0.8449    0.2479   -0.4741
...   136 T-A ...
  -14.1749   56.5548    6.1810
    0.5795   -0.7269    0.3685
   -0.3141   -0.6164   -0.7221
    0.7521    0.3026   -0.5855
...   137 G-C ...
  -11.6538   57.9993    4.7206
    0.2452   -0.9542   -0.1714
   -0.6323   -0.0234   -0.7744
    0.7349    0.2983   -0.6091
...   138 A-T ...
   -8.6758   58.7134    3.6026
   -0.0345   -0.7815   -0.6229
   -0.6536    0.4891   -0.5775
    0.7560    0.3872   -0.5277
...   139 G-C ...
   -6.3275   59.0728    1.6298
   -0.2969   -0.3279   -0.8968
   -0.5657    0.8171   -0.1114
    0.7693    0.4742   -0.4281
...   140 C-G ...
   -3.4369   60.2280    1.0289
   -0.4426    0.2287   -0.8671
   -0.1681    0.9286    0.3308
    0.8808    0.2922   -0.3725
...   141 G-C ...
   -0.6976   63.8913   -2.2508
   -0.9992    0.0157   -0.0376
   -0.0024    0.8991    0.4378
    0.0407    0.4375   -0.8983
...   142 C-G ...
   -1.0064   65.5989   -4.9399
   -0.8337    0.5216    0.1813
    0.5170    0.6219    0.5881
    0.1940    0.5841   -0.7882
...   143 T-A ...
   -0.1332   66.2086   -7.8194
   -0.3753    0.8566    0.3540
    0.8856    0.2187    0.4098
    0.2736    0.4673   -0.8407
...   144 C-G ...
   -0.1666   67.4021  -10.8065
    0.1797    0.8793    0.4411
    0.9277   -0.3007    0.2214
    0.3273    0.3694   -0.8697
...   145 A-T ...
    0.5267   69.2314  -13.4657
    0.7352    0.4964    0.4616
    0.6118   -0.7791   -0.1367
    0.2918    0.3829   -0.8765
...   146 C-G ...
    1.4338   72.0893  -15.6017
    0.9809    0.0621    0.1844
    0.1264   -0.9240   -0.3608
    0.1480    0.3772   -0.9142
...   147 A-T ...
    2.3047   74.2224  -18.3861
    0.8657   -0.4292   -0.2575
   -0.4984   -0.7868   -0.3642
   -0.0463    0.4436   -0.8950
