  147 base-pairs
...     1 A-T ...
    0.0000    0.0000    0.0000
    1.0000    0.0000    0.0000
    0.0000    1.0000    0.0000
    0.0000    0.0000    1.0000
...     2 G-C ...
   -0.1394   -1.2357    3.2268
    0.7529    0.6366    0.1670
   -0.6386    0.7680   -0.0486
   -0.1592   -0.0700    0.9848
...     3 T-A ...
   -0.0365   -3.2932    6.3751
    0.2722    0.9301    0.2466
   -0.9238    0.3243   -0.2033
   -0.2691   -0.1725    0.9475
...     4 G-C ...
   -0.3505   -4.1660    9.4928
   -0.3756    0.9250    0.0579
   -0.8781   -0.3352   -0.3415
   -0.2965   -0.1791    0.9381
...     5 A-T ...
   -0.4462   -4.1476   12.7498
   -0.8116    0.5840   -0.0165
   -0.5523   -0.7762   -0.3042
   -0.1905   -0.2378    0.9524
...     6 G-C ...
   -1.5908   -4.1730   15.6201
   -0.9976    0.0246   -0.0651
   -0.0043   -0.9555   -0.2950
   -0.0695   -0.2940    0.9533
...     7 C-G ...
   -1.1030   -4.4824   18.7362
   -0.8441   -0.5304   -0.0787
    0.5345   -0.8441   -0.0432
   -0.0435   -0.0785    0.9960
...     8 G-C ...
   -2.4028   -7.7290   23.1475
   -0.2754   -0.3293   -0.9032
    0.6650   -0.7437    0.0684
   -0.6942   -0.5818    0.4238
...     9 C-G ...
   -4.4690   -9.9728   24.1132
    0.1145   -0.7025   -0.7024
    0.8512   -0.2952    0.4340
   -0.5122   -0.6476    0.5642
...    10 T-A ...
   -6.7405  -10.8752   25.9697
    0.4841   -0.8363   -0.2574
    0.6595    0.1553    0.7355
   -0.5751   -0.5258    0.6267
...    11 C-G ...
   -9.1656  -12.6208   27.1640
    0.7073   -0.6682    0.2307
    0.3448    0.6110    0.7126
   -0.6171   -0.4245    0.6626
...    12 A-T ...
  -10.9234  -14.6633   29.0693
    0.7515   -0.1377    0.6452
   -0.2029    0.8824    0.4246
   -0.6277   -0.4500    0.6352
...    13 C-G ...
  -11.8476  -17.4863   31.2451
    0.4295    0.2823    0.8578
   -0.5708    0.8209    0.0156
   -0.6998   -0.4963    0.5137
...    14 A-T ...
  -13.5897  -19.7827   33.4259
   -0.1504    0.6104    0.7777
   -0.6874    0.5008   -0.5260
   -0.7106   -0.6136    0.3443
...    15 A-T ...
  -15.7052  -21.8042   34.8086
   -0.4876    0.7965    0.3574
   -0.5017    0.0794   -0.8614
   -0.7145   -0.5994    0.3609
...    16 T-A ...
  -17.7536  -23.6221   36.6199
   -0.6626    0.7399   -0.1158
   -0.2029   -0.3262   -0.9233
   -0.7209   -0.5883    0.3663
...    17 T-A ...
  -20.0635  -25.3583   38.0874
   -0.6614    0.4416   -0.6062
    0.1900   -0.6833   -0.7050
   -0.7255   -0.5815    0.3681
...    18 T-A ...
  -22.5039  -26.9891   39.4644
   -0.4467   -0.0083   -0.8947
    0.5204   -0.8158   -0.2522
   -0.7278   -0.5783    0.3687
...    19 A-T ...
  -24.9409  -28.9159   40.6076
   -0.0308   -0.4300   -0.9023
    0.6653   -0.6825    0.3025
   -0.7459   -0.5910    0.3071
...    20 T-A ...
  -27.7901  -30.4306   41.2381
    0.3036   -0.7101   -0.6353
    0.5925   -0.3815    0.7095
   -0.7462   -0.5918    0.3049
...    21 T-A ...
  -30.3584  -32.2675   41.9716
    0.5793   -0.8038   -0.1354
    0.3261    0.0763    0.9423
   -0.7470   -0.5900    0.3063
...    22 C-G ...
  -32.7460  -34.3000   42.8597
    0.6869   -0.5957    0.4163
   -0.0711    0.5150    0.8542
   -0.7233   -0.6164    0.3114
...    23 G-C ...
  -35.0828  -36.1916   44.2503
    0.6184   -0.1537    0.7707
   -0.4489    0.7358    0.5070
   -0.6450   -0.6595    0.3861
...    24 C-G ...
  -36.8648  -38.6771   45.4714
    0.3182    0.2913    0.9021
   -0.7157    0.6979    0.0271
   -0.6217   -0.6542    0.4306
...    25 A-T ...
  -38.9287  -40.7690   47.0015
   -0.0553    0.6909    0.7208
   -0.7932    0.4080   -0.4519
   -0.6064   -0.5968    0.5255
...    26 A-T ...
  -40.6567  -42.7282   48.9205
   -0.4769    0.8062    0.3501
   -0.6322   -0.0379   -0.7739
   -0.6106   -0.5905    0.5277
...    27 A-T ...
  -42.4988  -44.5238   50.8894
   -0.7371    0.6615   -0.1380
   -0.2679   -0.4735   -0.8390
   -0.6204   -0.5815    0.5263
...    28 G-C ...
  -44.5549  -46.1618   52.8732
   -0.7209    0.3786   -0.5805
    0.1313   -0.7478   -0.6508
   -0.6805   -0.5453    0.4894
...    29 G-C ...
  -47.0524  -47.6153   54.5969
   -0.4771   -0.0109   -0.8788
    0.4647   -0.8518   -0.2418
   -0.7459   -0.5237    0.4115
...    30 C-G ...
  -49.7836  -48.9530   55.8358
   -0.1190   -0.4288   -0.8955
    0.6290   -0.7304    0.2662
   -0.7682   -0.5316    0.3567
...    31 C-G ...
  -52.5696  -50.6344   56.6593
    0.2944   -0.7002   -0.6504
    0.5681   -0.4191    0.7083
   -0.7685   -0.5781    0.2744
...    32 G-C ...
  -54.8197  -52.8260   57.7285
    0.6285   -0.7550   -0.1870
    0.2777   -0.0068    0.9606
   -0.7266   -0.6557    0.2054
...    33 G-C ...
  -57.1446  -55.2337   58.0719
    0.7267   -0.5980    0.3380
   -0.1221    0.3718    0.9202
   -0.6760   -0.7100    0.1972
...    34 C-G ...
  -59.1600  -57.8300   58.4370
    0.5670   -0.2832    0.7735
   -0.5018    0.6259    0.5970
   -0.6532   -0.7267    0.2128
...    35 C-G ...
  -61.0684  -60.5226   59.1372
    0.2567    0.1418    0.9560
   -0.7337    0.6725    0.0973
   -0.6291   -0.7264    0.2767
...    36 C-G ...
  -62.8840  -63.1678   60.1955
   -0.1184    0.5313    0.8389
   -0.7602    0.4950   -0.4208
   -0.6388   -0.6875    0.3453
...    37 G-C ...
  -65.2366  -65.2867   61.1721
   -0.4223    0.7947    0.4361
   -0.5793    0.1334   -0.8041
   -0.6972   -0.5922    0.4040
...    38 A-T ...
  -67.4305  -67.2167   62.5934
   -0.6325    0.7659   -0.1153
   -0.2397   -0.3351   -0.9112
   -0.7365   -0.5487    0.3955
...    39 C-G ...
  -69.7806  -68.6086   64.3936
   -0.6259    0.5264   -0.5754
    0.0992   -0.6781   -0.7282
   -0.7736   -0.5129    0.3722
...    40 A-T ...
  -72.4588  -70.2042   65.5581
   -0.3610    0.1603   -0.9187
    0.3744   -0.8773   -0.3002
   -0.8541   -0.4524    0.2567
...    41 C-G ...
  -75.5165  -71.0658   66.3384
   -0.0833   -0.2772   -0.9572
    0.4798   -0.8530    0.2052
   -0.8734   -0.4422    0.2040
...    42 G-C ...
  -78.2450  -72.8936   66.7954
    0.2873   -0.6358   -0.7164
    0.3821   -0.6098    0.6943
   -0.8783   -0.4732    0.0677
...    43 A-T ...
  -81.1083  -74.4699   66.8089
    0.4723   -0.8614   -0.1872
    0.1196   -0.1477    0.9818
   -0.8733   -0.4861    0.0333
...    44 C-G ...
  -83.9068  -76.1788   66.2656
    0.4705   -0.8128    0.3435
   -0.1556    0.3067    0.9390
   -0.8686   -0.4953    0.0178
...    45 T-A ...
  -86.6084  -78.0843   66.1037
    0.3424   -0.5242    0.7797
   -0.3906    0.6753    0.6256
   -0.8545   -0.5188    0.0265
...    46 T-A ...
  -89.2360  -80.0063   65.9779
    0.0287   -0.0698    0.9971
   -0.4973    0.8643    0.0748
   -0.8671   -0.4981   -0.0099
...    47 A-T ...
  -92.1705  -81.5597   65.9094
   -0.2365    0.4630    0.8542
   -0.4043    0.7525   -0.5199
   -0.8835   -0.4683    0.0092
...    48 C-G ...
  -94.8339  -83.4266   66.4013
   -0.3695    0.7996    0.4734
   -0.2198    0.4198   -0.8806
   -0.9029   -0.4294    0.0206
...    49 T-A ...
  -97.7989  -84.7776   66.8440
   -0.3378    0.9407   -0.0306
   -0.0093   -0.0359   -0.9993
   -0.9412   -0.3373    0.0209
...    50 G-C ...
 -101.0350  -85.5897   66.9287
   -0.1273    0.8302   -0.5427
    0.1396   -0.5267   -0.8385
   -0.9820   -0.1825   -0.0489
...    51 T-A ...
 -104.2772  -85.6306   67.1292
    0.0281    0.4725   -0.8809
    0.1634   -0.8716   -0.4623
   -0.9862   -0.1309   -0.1017
...    52 A-T ...
 -107.5477  -85.5467   66.5612
    0.2717   -0.0216   -0.9621
    0.0545   -0.9978    0.0378
   -0.9608   -0.0627   -0.2699
...    53 G-C ...
 -110.6431  -85.4004   65.4480
    0.3230   -0.5218   -0.7896
   -0.1424   -0.8516    0.5045
   -0.9356   -0.0505   -0.3493
...    54 G-C ...
 -113.5632  -85.5351   63.7625
    0.2485   -0.8924   -0.3766
   -0.3543   -0.4456    0.8221
   -0.9015   -0.0709   -0.4270
...    55 T-A ...
 -116.2427  -85.6670   61.7822
    0.0195   -0.9943    0.1047
   -0.4449    0.0852    0.8915
   -0.8954   -0.0639   -0.4407
...    56 A-T ...
 -119.4667  -85.4912   60.7388
   -0.3568   -0.7043    0.6138
   -0.3214    0.7094    0.6272
   -0.8772    0.0266   -0.4795
...    57 T-A ...
 -122.1422  -85.9752   58.8359
   -0.4965   -0.2432    0.8333
   -0.0758    0.9684    0.2375
   -0.8647    0.0547   -0.4993
...    58 C-G ...
 -124.9356  -85.8871   57.1103
   -0.4210    0.3661    0.8299
    0.2560    0.9257   -0.2785
   -0.8702    0.0952   -0.4835
...    59 T-A ...
 -127.9376  -85.7454   55.7512
   -0.1546    0.7748    0.6131
    0.4499    0.6077   -0.6544
   -0.8796    0.1747   -0.4425
...    60 C-G ...
 -130.8368  -85.1864   54.4016
    0.2028    0.9629    0.1780
    0.4616    0.0663   -0.8846
   -0.8636    0.2616   -0.4310
...    61 G-C ...
 -133.5349  -84.0873   52.8129
    0.5762    0.7883   -0.2161
    0.2556   -0.4249   -0.8684
   -0.7763    0.4451   -0.4463
...    62 A-T ...
 -135.9191  -82.4150   51.4019
    0.6848    0.3759   -0.6243
   -0.1426   -0.7710   -0.6207
   -0.7146    0.5141   -0.4744
...    63 G-C ...
 -138.0039  -80.3586   49.9058
    0.5777   -0.1103   -0.8088
   -0.5086   -0.8236   -0.2510
   -0.6384    0.5564   -0.5319
...    64 C-G ...
 -139.6148  -78.2445   47.9423
    0.2370   -0.5544   -0.7978
   -0.7751   -0.6030    0.1888
   -0.5857    0.5736   -0.5726
...    65 T-A ...
 -141.1861  -76.2755   45.7946
   -0.1945   -0.7995   -0.5682
   -0.8148   -0.1908    0.5475
   -0.5462    0.5695   -0.6143
...    66 C-G ...
 -142.8969  -74.4820   43.6284
   -0.6536   -0.7426   -0.1459
   -0.5460    0.3293    0.7704
   -0.5241    0.5831   -0.6207
...    67 G-C ...
 -144.7768  -72.2716   41.9927
   -0.8274   -0.4445    0.3434
   -0.0720    0.6903    0.7199
   -0.5570    0.5709   -0.6031
...    68 G-C ...
 -146.5567  -70.4835   39.7492
   -0.7002   -0.0297    0.7134
    0.4065    0.8048    0.4325
   -0.5870    0.5928   -0.5514
...    69 G-C ...
 -148.5781  -68.7028   37.7219
   -0.3213    0.3491    0.8803
    0.7364    0.6766    0.0004
   -0.5954    0.6483   -0.4745
...    70 A-T ...
 -150.5489  -66.6789   36.1259
    0.1928    0.6212    0.7596
    0.8012    0.3472   -0.4873
   -0.5665    0.7025   -0.4308
...    71 T-A ...
 -152.8011  -64.5082   35.2332
    0.5840    0.6758    0.4498
    0.6079    0.0031   -0.7940
   -0.5380    0.7371   -0.4090
...    72 C-G ...
 -154.4600  -61.9931   34.0707
    0.8705    0.4914   -0.0286
    0.1678   -0.3509   -0.9212
   -0.4628    0.7971   -0.3879
...    73 C-G ...
 -155.6408  -58.9966   33.1165
    0.8845    0.1353   -0.4466
   -0.3272   -0.5026   -0.8002
   -0.3327    0.8539   -0.4003
...    74 G-C ...
 -156.3903  -56.2561   31.3785
    0.6083   -0.2667   -0.7475
   -0.7748   -0.4036   -0.4865
   -0.1719    0.8752   -0.4522
...    75 C-G ...
 -156.3742  -53.3381   29.8140
    0.1003   -0.4696   -0.8771
   -0.9883   -0.1489   -0.0332
   -0.1150    0.8702   -0.4791
...    76 T-A ...
 -156.3561  -50.5296   28.0529
   -0.4338   -0.4932   -0.7541
   -0.8975    0.1621    0.4102
   -0.0801    0.8547   -0.5129
...    77 T-A ...
 -156.2536  -47.8126   26.2415
   -0.8774   -0.2482   -0.4106
   -0.4791    0.4081    0.7771
   -0.0253    0.8785   -0.4770
...    78 T-A ...
 -156.1159  -45.0977   24.4315
   -0.9923    0.0868    0.0878
    0.1178    0.4517    0.8844
    0.0371    0.8879   -0.4585
...    79 A-T ...
 -155.6511  -41.9904   23.2342
   -0.7009    0.3643    0.6132
    0.7090    0.2615    0.6549
    0.0782    0.8938   -0.4416
...    80 A-T ...
 -155.5965  -39.1395   21.6947
   -0.1807    0.4372    0.8810
    0.9783   -0.0122    0.2067
    0.1011    0.8993   -0.4255
...    81 C-G ...
 -155.8552  -36.1478   20.4006
    0.3378    0.3140    0.8873
    0.9328   -0.2376   -0.2711
    0.1257    0.9192   -0.3731
...    82 A-T ...
 -155.3390  -33.0322   19.3026
    0.7573   -0.0167    0.6528
    0.6110   -0.3350   -0.7173
    0.2307    0.9421   -0.2435
...    83 T-A ...
 -154.7898  -29.8256   19.1541
    0.9479   -0.2212    0.2292
    0.1664   -0.2696   -0.9485
    0.2716    0.9372   -0.2188
...    84 C-G ...
 -153.6409  -26.8372   18.6017
    0.8552   -0.3938   -0.3369
   -0.3869   -0.0526   -0.9206
    0.3448    0.9177   -0.1973
...    85 A-T ...
 -152.2677  -23.8952   17.8448
    0.4587   -0.4524   -0.7648
   -0.7637    0.2394   -0.5996
    0.4543    0.8591   -0.2357
...    86 T-A ...
 -150.1835  -21.3782   17.3670
    0.0143   -0.2587   -0.9658
   -0.8844    0.4474   -0.1330
    0.4665    0.8561   -0.2224
...    87 G-C ...
 -148.8703  -18.4672   16.4800
   -0.5240    0.0085   -0.8517
   -0.7105    0.5472    0.4425
    0.4698    0.8370   -0.2807
...    88 T-A ...
 -146.9483  -16.0567   15.1742
   -0.8186    0.2996   -0.4900
   -0.3270    0.4584    0.8264
    0.4722    0.8368   -0.2773
...    89 T-A ...
 -145.2802  -13.5034   14.0193
   -0.8357    0.5450    0.0679
    0.1960    0.1805    0.9638
    0.5131    0.8187   -0.2577
...    90 A-T ...
 -143.3173  -10.8280   13.4954
   -0.5375    0.5354    0.6515
    0.6574   -0.2179    0.7214
    0.5282    0.8160   -0.2349
...    91 T-A ...
 -142.1271   -7.9671   12.4011
   -0.1395    0.3429    0.9290
    0.8322   -0.4677    0.2976
    0.5366    0.8146   -0.2201
...    92 A-T ...
 -140.3800   -5.1941   11.8438
    0.2831   -0.0796    0.9558
    0.7762   -0.5663   -0.2771
    0.5634    0.8203   -0.0985
...    93 A-T ...
 -138.6738   -2.4542   11.7439
    0.6397   -0.4169    0.6458
    0.4950   -0.4193   -0.7610
    0.5880    0.8065   -0.0619
...    94 C-G ...
 -136.8968    0.2670   12.2020
    0.7692   -0.6166    0.1677
    0.1128   -0.1272   -0.9854
    0.6289    0.7769   -0.0283
...    95 G-C ...
 -134.5258    2.6036   11.8787
    0.6159   -0.6832   -0.3923
   -0.2727    0.2823   -0.9197
    0.7391    0.6734   -0.0125
...    96 G-C ...
 -131.6952    4.4648   11.9995
    0.3096   -0.4768   -0.8227
   -0.5180    0.6410   -0.5664
    0.7974    0.6015   -0.0486
...    97 A-T ...
 -128.9643    6.2880   11.8107
   -0.0692   -0.0154   -0.9975
   -0.5805    0.8138    0.0277
    0.8113    0.5810   -0.0652
...    98 C-G ...
 -125.9525    7.6661   11.3899
   -0.3712    0.4126   -0.8318
   -0.4447    0.7074    0.5494
    0.8151    0.5738   -0.0791
...    99 T-A ...
 -123.1788    9.4087   10.8240
   -0.5774    0.7083   -0.4061
   -0.1642    0.3865    0.9076
    0.7998    0.5907   -0.1068
...   100 T-A ...
 -120.5329   11.2045   10.2081
   -0.5439    0.8172    0.1907
    0.1870   -0.1034    0.9769
    0.8181    0.5670   -0.0966
...   101 T-A ...
 -117.9402   13.0811    9.6382
   -0.3287    0.6151    0.7166
    0.4525   -0.5634    0.6912
    0.8290    0.5515   -0.0931
...   102 A-T ...
 -115.0733   14.7921    9.4756
   -0.0380    0.1243    0.9915
    0.5595   -0.8195    0.1242
    0.8280    0.5595   -0.0384
...   103 T-A ...
 -112.7750   17.1373    9.4836
    0.2350   -0.3148    0.9196
    0.5006   -0.7718   -0.3921
    0.8332    0.5525   -0.0238
...   104 G-C ...
 -109.8610   18.7719    9.5844
    0.3671   -0.7566    0.5411
    0.3104   -0.4488   -0.8380
    0.8768    0.4756    0.0701
...   105 C-G ...
 -107.0288   20.3133   10.3257
    0.4234   -0.9060   -0.0030
    0.0820    0.0416   -0.9958
    0.9022    0.4213    0.0919
...   106 T-A ...
 -103.9753   21.4359   10.9578
    0.3380   -0.7772   -0.5307
   -0.1173    0.5247   -0.8432
    0.9338    0.3473    0.0862
...   107 T-A ...
 -100.8947   22.3428   11.4326
    0.2089   -0.3430   -0.9158
   -0.2794    0.8765   -0.3921
    0.9372    0.3378    0.0873
...   108 C-G ...
  -97.7644   23.3050   11.6242
   -0.0201    0.2297   -0.9731
   -0.3288    0.9176    0.2234
    0.9442    0.3245    0.0571
...   109 C-G ...
  -94.5055   24.1908   11.5147
   -0.2622    0.6707   -0.6938
   -0.2351    0.6529    0.7200
    0.9359    0.3519   -0.0135
...   110 G-C ...
  -91.5004   25.6601   11.7625
   -0.4292    0.8885   -0.1624
   -0.0165    0.1721    0.9849
    0.9031    0.4254   -0.0592
...   111 G-C ...
  -88.5284   27.1845   11.2950
   -0.4295    0.8053    0.4087
    0.2368   -0.3364    0.9115
    0.8715    0.4882   -0.0462
...   112 C-G ...
  -85.8182   29.0519   10.8594
   -0.2615    0.4691    0.8435
    0.4385   -0.7208    0.5368
    0.8598    0.5103   -0.0173
...   113 T-A ...
  -83.1584   31.0350   10.8501
   -0.0361   -0.0131    0.9993
    0.5216   -0.8532    0.0077
    0.8524    0.5215    0.0376
...   114 C-G ...
  -80.4109   32.8140   11.0695
    0.2479   -0.5307    0.8105
    0.4462   -0.6801   -0.5817
    0.8599    0.5059    0.0682
...   115 G-C ...
  -77.3675   34.2114   11.1390
    0.3470   -0.8743    0.3393
    0.2537   -0.2608   -0.9315
    0.9029    0.4093    0.1313
...   116 T-A ...
  -74.5034   35.4805   12.2073
    0.3916   -0.8980   -0.2006
    0.0389    0.2339   -0.9715
    0.9193    0.3726    0.1265
...   117 A-T ...
  -71.3767   36.5689   12.6271
    0.2587   -0.6300   -0.7323
   -0.1687    0.7170   -0.6764
    0.9511    0.2986    0.0792
...   118 T-A ...
  -68.1589   36.9332   13.1905
    0.1256   -0.1879   -0.9741
   -0.2709    0.9381   -0.2159
    0.9544    0.2911    0.0669
...   119 A-T ...
  -64.9726   37.9158   13.2957
   -0.1274    0.3723   -0.9193
   -0.2635    0.8809    0.3932
    0.9562    0.2924   -0.0141
...   120 A-T ...
  -61.8259   38.6685   13.0476
   -0.2568    0.8065   -0.5326
   -0.1355    0.5156    0.8461
    0.9569    0.2895   -0.0231
...   121 T-A ...
  -58.6978   39.3977   12.3127
   -0.2885    0.9570   -0.0295
    0.0190    0.0366    0.9992
    0.9573    0.2877   -0.0287
...   122 G-C ...
  -55.5629   40.5009   12.5100
   -0.2968    0.7780    0.5537
    0.2149   -0.5106    0.8325
    0.9304    0.3661   -0.0157
...   123 T-A ...
  -52.7153   42.1677   12.0862
   -0.1529    0.3859    0.9098
    0.3435   -0.8425    0.4151
    0.9266    0.3760   -0.0037
...   124 G-C ...
  -49.5635   43.2125   12.3011
    0.0071   -0.1993    0.9799
    0.3872   -0.9029   -0.1865
    0.9220    0.3807    0.0708
...   125 T-A ...
  -46.7759   44.9501   12.8539
    0.1908   -0.6526    0.7332
    0.3204   -0.6646   -0.6750
    0.9278    0.3638    0.0823
...   126 C-G ...
  -43.7507   46.1732   13.2367
    0.3129   -0.9302    0.1920
    0.1427   -0.1539   -0.9777
    0.9390    0.3333    0.0846
...   127 G-C ...
  -40.5756   47.2357   13.1809
    0.2161   -0.8958   -0.3884
   -0.0458    0.3880   -0.9205
    0.9753    0.2167    0.0428
...   128 A-T ...
  -37.3781   47.8672   13.4029
    0.0942   -0.5169   -0.8509
   -0.1584    0.8360   -0.5254
    0.9829    0.1843   -0.0031
...   129 C-G ...
  -34.0904   47.8345   13.5339
   -0.0509   -0.0204   -0.9985
   -0.1688    0.9856   -0.0115
    0.9843    0.1680   -0.0536
...   130 C-G ...
  -30.7615   48.0777   13.0675
   -0.2361    0.4910   -0.8386
   -0.0774    0.8507    0.5199
    0.9687    0.1876   -0.1628
...   131 A-T ...
  -27.5788   48.8817   12.4665
   -0.3442    0.8582   -0.3808
    0.1215    0.4429    0.8883
    0.9310    0.2595   -0.2568
...   132 A-T ...
  -24.6462   49.7109   11.3497
   -0.2084    0.9589    0.1926
    0.3109   -0.1218    0.9426
    0.9273    0.2563   -0.2727
...   133 A-T ...
  -21.7559   50.6784   10.2111
    0.0335    0.7205    0.6926
    0.3796   -0.6502    0.6581
    0.9245    0.2409   -0.2953
...   134 T-A ...
  -19.0159   52.0244    8.9250
    0.2452    0.2905    0.9249
    0.3073   -0.9281    0.2101
    0.9195    0.2328   -0.3169
...   135 G-C ...
  -16.4637   53.8825    7.5153
    0.5339   -0.3333    0.7771
    0.0346   -0.9097   -0.4139
    0.8449    0.2479   -0.4741
...   136 T-A ...
  -14.1748   56.5547    6.1808
    0.5795   -0.7269    0.3685
   -0.3141   -0.6164   -0.7221
    0.7521    0.3026   -0.5855
...   137 G-C ...
  -11.6538   57.9992    4.7205
    0.2452   -0.9542   -0.1714
   -0.6323   -0.0234   -0.7744
    0.7349    0.2983   -0.6091
...   138 A-T ...
   -8.6758   58.7134    3.6025
   -0.0345   -0.7815   -0.6229
   -0.6536    0.4891   -0.5775
    0.7560    0.3872   -0.5277
...   139 G-C ...
   -6.3274   59.0727    1.6297
   -0.2969   -0.3279   -0.8968
   -0.5657    0.8171   -0.1114
    0.7693    0.4742   -0.4281
...   140 C-G ...
   -3.4368   60.2279    1.0287
   -0.4426    0.2287   -0.8671
   -0.1681    0.9286    0.3308
    0.8808    0.2922   -0.3725
...   141 G-C ...
   -0.6976   63.8912   -2.2509
   -0.9992    0.0157   -0.0376
   -0.0024    0.8991    0.4378
    0.0407    0.4375   -0.8983
...   142 C-G ...
   -1.0064   65.5988   -4.9400
   -0.8337    0.5216    0.1813
    0.5170    0.6219    0.5881
    0.1940    0.5841   -0.7882
...   143 T-A ...
   -0.1332   66.2085   -7.8196
   -0.3753    0.8566    0.3540
    0.8856    0.2187    0.4098
    0.2736    0.4673   -0.8407
...   144 C-G ...
   -0.1665   67.4020  -10.8067
    0.1797    0.8793    0.4411
    0.9277   -0.3007    0.2214
    0.3273    0.3694   -0.8697
...   145 A-T ...
    0.5267   69.2313  -13.4659
    0.7352    0.4964    0.4616
    0.6118   -0.7791   -0.1367
    0.2918    0.3829   -0.8765
...   146 C-G ...
    1.4339   72.0892  -15.6018
    0.9809    0.0621    0.1844
    0.1264   -0.9240   -0.3608
    0.1480    0.3772   -0.9142
...   147 A-T ...
    2.3048   74.2223  -18.3862
    0.8657   -0.4292   -0.2575
   -0.4984   -0.7868   -0.3642
   -0.0463    0.4436   -0.8950
