  147 base-pairs
...     1 A-T ...
    0.0000    0.0000    0.0000
    1.0000    0.0000    0.0000
    0.0000    1.0000    0.0000
    0.0000    0.0000    1.0000
...     2 G-C ...
   -0.1394   -1.2357    3.2268
    0.7529    0.6366    0.1670
   -0.6386    0.7680   -0.0486
   -0.1592   -0.0700    0.9848
...     3 T-A ...
   -0.0365   -3.2932    6.3751
    0.2722    0.9301    0.2466
   -0.9238    0.3243   -0.2033
   -0.2691   -0.1725    0.9475
...     4 G-C ...
   -0.3505   -4.1660    9.4928
   -0.3756    0.9250    0.0579
   -0.8781   -0.3352   -0.3415
   -0.2965   -0.1791    0.9381
...     5 A-T ...
   -0.4462   -4.1476   12.7498
   -0.8116    0.5840   -0.0165
   -0.5523   -0.7762   -0.3042
   -0.1905   -0.2378    0.9524
...     6 G-C ...
   -1.5908   -4.1730   15.6201
   -0.9976    0.0246   -0.0651
   -0.0043   -0.9555   -0.2950
   -0.0695   -0.2940    0.9533
...     7 C-G ...
   -1.1030   -4.4824   18.7362
   -0.8441   -0.5304   -0.0787
    0.5345   -0.8441   -0.0432
   -0.0435   -0.0785    0.9960
...     8 G-C ...
   -2.4028   -7.7290   23.1475
   -0.2754   -0.3293   -0.9032
    0.6650   -0.7437    0.0684
   -0.6942   -0.5818    0.4238
...     9 C-G ...
   -4.4690   -9.9728   24.1132
    0.1145   -0.7025   -0.7024
    0.8512   -0.2952    0.4340
   -0.5122   -0.6476    0.5642
...    10 T-A ...
   -6.7405  -10.8752   25.9697
    0.4841   -0.8363   -0.2574
    0.6595    0.1553    0.7355
   -0.5751   -0.5258    0.6267
...    11 C-G ...
   -9.1656  -12.6208   27.1640
    0.7073   -0.6682    0.2307
    0.3448    0.6110    0.7126
   -0.6171   -0.4245    0.6626
...    12 A-T ...
  -10.9234  -14.6633   29.0693
    0.7515   -0.1377    0.6452
   -0.2029    0.8824    0.4246
   -0.6277   -0.4500    0.6352
...    13 C-G ...
  -11.8476  -17.4863   31.2451
    0.4295    0.2823    0.8578
   -0.5708    0.8209    0.0156
   -0.6998   -0.4963    0.5137
...    14 A-T ...
  -13.5897  -19.7827   33.4259
   -0.1504    0.6104    0.7777
   -0.6874    0.5008   -0.5260
   -0.7106   -0.6136    0.3443
...    15 A-T ...
  -15.7058  -21.8079   34.8067
   -0.4912    0.7953    0.3552
   -0.5001    0.0763   -0.8626
   -0.7131   -0.6014    0.3603
...    16 T-A ...
  -17.7502  -23.6359   36.6175
   -0.6672    0.7351   -0.1200
   -0.1978   -0.3303   -0.9229
   -0.7181   -0.5921    0.3658
...    17 T-A ...
  -20.0497  -25.3904   38.0845
   -0.6643    0.4303   -0.6112
    0.2002   -0.6853   -0.7002
   -0.7202   -0.5875    0.3691
...    18 T-A ...
  -22.4725  -27.0466   39.4668
   -0.4435   -0.0240   -0.8960
    0.5333   -0.8105   -0.2423
   -0.7204   -0.5852    0.3722
...    19 A-T ...
  -24.8465  -29.0407   40.6420
   -0.0206   -0.4512   -0.8922
    0.6775   -0.6625    0.3195
   -0.7352   -0.5979    0.3193
...    20 T-A ...
  -27.6673  -30.5976   41.3037
    0.3194   -0.7199   -0.6162
    0.5979   -0.3514    0.7204
   -0.7352   -0.5986    0.3182
...    21 T-A ...
  -30.1975  -32.4697   42.0834
    0.5965   -0.7949   -0.1107
    0.3206    0.1096    0.9409
   -0.7358   -0.5967    0.3202
...    22 C-G ...
  -32.5474  -34.5270   43.0246
    0.6975   -0.5675    0.4376
   -0.0869    0.5391    0.8377
   -0.7113   -0.6223    0.3267
...    23 G-C ...
  -34.8524  -36.4318   44.4635
    0.6166   -0.1138    0.7790
   -0.4691    0.7415    0.4797
   -0.6322   -0.6612    0.4039
...    24 C-G ...
  -36.5849  -38.9206   45.7572
    0.3040    0.3301    0.8937
   -0.7324    0.6809   -0.0024
   -0.6093   -0.6538    0.4487
...    25 A-T ...
  -38.6131  -41.0109   47.3456
   -0.0796    0.7154    0.6941
   -0.7989    0.3707   -0.4736
   -0.5962   -0.5922    0.5421
...    26 A-T ...
  -40.3131  -42.9424   49.3183
   -0.5017    0.8062    0.3135
   -0.6227   -0.0850   -0.7779
   -0.6005   -0.5854    0.5447
...    27 A-T ...
  -42.1298  -44.7115   51.3355
   -0.7535    0.6341   -0.1734
   -0.2447   -0.5153   -0.8213
   -0.6102   -0.5765    0.5435
...    28 G-C ...
  -44.1633  -46.3295   53.3640
   -0.7244    0.3301   -0.6052
    0.1617   -0.7721   -0.6146
   -0.6702   -0.5431    0.5059
...    29 G-C ...
  -46.6373  -47.7896   55.1175
   -0.4650   -0.0694   -0.8826
    0.4943   -0.8474   -0.1938
   -0.7345   -0.5264    0.4284
...    30 C-G ...
  -49.3431  -49.1583   56.3898
   -0.0934   -0.4798   -0.8724
    0.6483   -0.6943    0.3125
   -0.7556   -0.5364    0.3759
...    31 C-G ...
  -52.0778  -50.8944   57.2768
    0.3253   -0.7276   -0.6039
    0.5706   -0.3583    0.7390
   -0.7541   -0.5850    0.2986
...    32 G-C ...
  -54.2754  -53.0877   58.4659
    0.6529   -0.7464   -0.1284
    0.2629    0.0644    0.9627
   -0.7103   -0.6623    0.2383
...    33 G-C ...
  -56.5435  -55.5301   58.9457
    0.7372   -0.5518    0.3899
   -0.1477    0.4316    0.8899
   -0.6593   -0.7136    0.2367
...    34 C-G ...
  -58.5009  -58.1504   59.4607
    0.5607   -0.2101    0.8009
   -0.5287    0.6536    0.5415
   -0.6373   -0.7271    0.2554
...    35 C-G ...
  -60.3558  -60.8399   60.3173
    0.2361    0.2212    0.9462
   -0.7520    0.6583    0.0338
   -0.6154   -0.7195    0.3218
...    36 C-G ...
  -62.1225  -63.4510   61.5412
   -0.1454    0.5935    0.7916
   -0.7642    0.4408   -0.4709
   -0.6284   -0.6734    0.3894
...    37 G-C ...
  -64.4402  -65.5472   62.6591
   -0.4460    0.8189    0.3614
   -0.5686    0.0526   -0.8209
   -0.6912   -0.5716    0.4421
...    38 A-T ...
  -66.6231  -67.3934   64.2060
   -0.6454    0.7396   -0.1910
   -0.2182   -0.4181   -0.8818
   -0.7321   -0.5274    0.4312
...    39 C-G ...
  -68.9747  -68.6711   66.0891
   -0.6260    0.4596   -0.6300
    0.1239   -0.7390   -0.6623
   -0.7699   -0.4926    0.4057
...    40 A-T ...
  -71.6413  -70.2234   67.3394
   -0.3498    0.0636   -0.9347
    0.3954   -0.8944   -0.2089
   -0.8493   -0.4426    0.2877
...    41 C-G ...
  -74.6993  -71.0694   68.1581
   -0.0646   -0.3747   -0.9249
    0.4918   -0.8184    0.2972
   -0.8683   -0.4357    0.2371
...    42 G-C ...
  -77.3945  -72.9119   68.7793
    0.3040   -0.7074   -0.6381
    0.3810   -0.5236    0.7620
   -0.8732   -0.4748    0.1104
...    43 A-T ...
  -80.2458  -74.5137   68.9462
    0.4809   -0.8732   -0.0792
    0.1091   -0.0300    0.9936
   -0.8700   -0.4864    0.0808
...    44 C-G ...
  -83.0324  -76.3011   68.5821
    0.4691   -0.7624    0.4457
   -0.1679    0.4185    0.8926
   -0.8670   -0.4936    0.0683
...    45 T-A ...
  -85.7346  -78.2212   68.6283
    0.3330   -0.4208    0.8438
   -0.3971    0.7491    0.5303
   -0.8553   -0.5116    0.0823
...    46 T-A ...
  -88.3679  -80.1380   68.7205
    0.0191    0.0607    0.9980
   -0.4952    0.8677   -0.0433
   -0.8685   -0.4934    0.0467
...    47 A-T ...
  -91.2913  -81.7134   68.8512
   -0.2300    0.5748    0.7853
   -0.3990    0.6803   -0.6148
   -0.8877   -0.4547    0.0729
...    48 C-G ...
  -93.9655  -83.4751   69.5916
   -0.3567    0.8612    0.3620
   -0.2193    0.2995   -0.9285
   -0.9081   -0.4106    0.0821
...    49 T-A ...
  -96.9451  -84.7126   70.2284
   -0.3213    0.9336   -0.1585
   -0.0188   -0.1736   -0.9846
   -0.9468   -0.3134    0.0733
...    50 G-C ...
 -100.2004  -85.4347   70.4368
   -0.1152    0.7476   -0.6540
    0.1179   -0.6435   -0.7563
   -0.9863   -0.1643   -0.0140
...    51 T-A ...
 -103.4414  -85.3663   70.6662
    0.0270    0.3385   -0.9406
    0.1346   -0.9336   -0.3321
   -0.9905   -0.1177   -0.0708
...    52 A-T ...
 -106.7143  -85.3760   70.1346
    0.2393   -0.1871   -0.9528
    0.0272   -0.9796    0.1992
   -0.9706   -0.0736   -0.2293
...    53 G-C ...
 -109.8474  -85.3131   69.1051
    0.2727   -0.6597   -0.7003
   -0.1524   -0.7483    0.6456
   -0.9500   -0.0693   -0.3046
...    54 G-C ...
 -112.8502  -85.6106   67.5890
    0.1912   -0.9554   -0.2253
   -0.3352   -0.2793    0.8998
   -0.9226   -0.0965   -0.3736
...    55 T-A ...
 -115.6345  -85.9375   65.7643
   -0.0268   -0.9604    0.2772
   -0.3947    0.2649    0.8798
   -0.9184   -0.0858   -0.3861
...    56 A-T ...
 -118.9137  -85.6857   64.8632
   -0.3747   -0.5532    0.7440
   -0.2381    0.8330    0.4995
   -0.8960    0.0100   -0.4439
...    57 T-A ...
 -121.7125  -86.2823   63.1816
   -0.4679   -0.0486    0.8825
    0.0091    0.9982    0.0598
   -0.8837    0.0361   -0.4666
...    58 C-G ...
 -124.5741  -86.2680   61.5630
   -0.3401    0.5429    0.7678
    0.3122    0.8354   -0.4524
   -0.8871    0.0859   -0.4536
...    59 T-A ...
 -127.6320  -86.0973   60.3362
   -0.0456    0.8806    0.4717
    0.4562    0.4384   -0.7744
   -0.8887    0.1798   -0.4217
...    60 C-G ...
 -130.5512  -85.4857   59.0584
    0.3040    0.9527   -0.0050
    0.4010   -0.1327   -0.9064
   -0.8642    0.2736   -0.4224
...    61 G-C ...
 -133.2320  -84.3423   57.4562
    0.6337    0.6720   -0.3832
    0.1403   -0.5870   -0.7973
   -0.7608    0.4515   -0.4663
...    62 A-T ...
 -135.5219  -82.6432   55.9136
    0.6632    0.1855   -0.7251
   -0.2786   -0.8380   -0.4691
   -0.6947    0.5131   -0.5041
...    63 G-C ...
 -137.5049  -80.6167   54.2351
    0.4784   -0.3098   -0.8217
   -0.6215   -0.7805   -0.0676
   -0.6204    0.5430   -0.5659
...    64 C-G ...
 -139.0641  -78.6552   52.0622
    0.0799   -0.6974   -0.7122
   -0.8178   -0.4544    0.3532
   -0.5699    0.5543   -0.6066
...    65 T-A ...
 -140.6224  -76.8291   49.7691
   -0.3653   -0.8358   -0.4098
   -0.7619    0.0155    0.6475
   -0.5349    0.5488   -0.6424
...    66 C-G ...
 -142.3170  -75.0973   47.5260
   -0.7674   -0.6399    0.0416
   -0.3902    0.5175    0.7615
   -0.5088    0.5681   -0.6468
...    67 G-C ...
 -143.9933  -72.7990   45.7738
   -0.8324   -0.2460    0.4966
    0.1359    0.7782    0.6132
   -0.5373    0.5779   -0.6143
...    68 G-C ...
 -145.7128  -71.0040   43.4804
   -0.5872    0.1825    0.7886
    0.5907    0.7627    0.2633
   -0.5534    0.6205   -0.5556
...    69 G-C ...
 -147.6662  -69.1375   41.4582
   -0.1247    0.4955    0.8596
    0.8332    0.5228   -0.1805
   -0.5388    0.6937   -0.4781
...    70 A-T ...
 -149.4648  -66.9530   39.8790
    0.4101    0.6423    0.6475
    0.7679    0.1397   -0.6251
   -0.4920    0.7536   -0.4360
...    71 T-A ...
 -151.3940  -64.4826   39.0370
    0.7579    0.5842    0.2902
    0.4722   -0.1844   -0.8620
   -0.4501    0.7904   -0.4156
...    72 T-A ...
 -152.7744  -61.8065   37.9232
    0.9284    0.3252   -0.1799
   -0.0167   -0.4471   -0.8943
   -0.3713    0.8332   -0.4097
...    73 C-G ...
 -153.6501  -58.9792   36.6208
    0.7855   -0.0456   -0.6172
   -0.5516   -0.5038   -0.6648
   -0.2806    0.8626   -0.4209
...    74 A-T ...
 -154.3039  -56.1257   35.0305
    0.3865   -0.4089   -0.8267
   -0.9090   -0.3204   -0.2665
   -0.1559    0.8545   -0.4956
...    75 T-A ...
 -154.0859  -53.2271   33.4671
   -0.1273   -0.5018   -0.8556
   -0.9827   -0.0528    0.1772
   -0.1341    0.8634   -0.4864
...    76 G-C ...
 -154.8384  -50.4675   31.8087
   -0.6738   -0.4616   -0.5769
   -0.7292    0.2890    0.6203
   -0.1196    0.8387   -0.5313
...    77 T-A ...
 -154.8508  -47.9354   29.6000
   -0.9600   -0.2220   -0.1706
   -0.2607    0.4867    0.8337
   -0.1020    0.8449   -0.5251
...    78 T-A ...
 -155.0234  -45.3545   27.6025
   -0.9363    0.1578    0.3137
    0.3499    0.4955    0.7950
   -0.0300    0.8541   -0.5192
...    79 A-T ...
 -154.6877  -42.3620   26.1012
   -0.5110    0.4438    0.7362
    0.8594    0.2461    0.4481
    0.0177    0.8617   -0.5072
...    80 T-A ...
 -155.2504  -39.6648   24.3165
   -0.0110    0.4923    0.8703
    0.9993   -0.0265    0.0277
    0.0367    0.8700   -0.4917
...    81 A-T ...
 -155.2952  -36.6481   22.9199
    0.5112    0.2455    0.8237
    0.8518   -0.2721   -0.4476
    0.1142    0.9304   -0.3482
...    82 A-T ...
 -154.9715  -33.5710   22.0407
    0.8809   -0.0115    0.4732
    0.4402   -0.3478   -0.8278
    0.1741    0.9375   -0.3013
...    83 C-G ...
 -154.4031  -30.3804   21.7388
    0.9671   -0.2540    0.0135
   -0.0560   -0.2643   -0.9628
    0.2481    0.9304   -0.2699
...    84 G-C ...
 -153.1363  -27.4987   20.6194
    0.7381   -0.4918   -0.4619
   -0.5291    0.0029   -0.8486
    0.4187    0.8707   -0.2580
...    85 G-C ...
 -151.1263  -24.8830   19.8199
    0.3044   -0.4833   -0.8208
   -0.8042    0.3315   -0.4934
    0.5105    0.8103   -0.2878
...    86 A-T ...
 -149.2658  -22.3653   18.7901
   -0.2328   -0.1947   -0.9528
   -0.8082    0.5836    0.0782
    0.5409    0.7883   -0.2932
...    87 C-G ...
 -147.0053  -20.1925   17.5934
   -0.6208    0.1529   -0.7689
   -0.5524    0.6106    0.5674
    0.5562    0.7770   -0.2947
...    88 C-G ...
 -145.0694  -17.7117   16.3537
   -0.8420    0.4390   -0.3136
   -0.1090    0.4310    0.8958
    0.5284    0.7884   -0.3150
...    89 G-C ...
 -143.1731  -14.9996   15.8297
   -0.7867    0.5533    0.2738
    0.3817    0.0873    0.9202
    0.4853    0.8284   -0.2798
...    90 C-G ...
 -141.7177  -12.2987   14.5643
   -0.4706    0.4757    0.7431
    0.7385   -0.2486    0.6268
    0.4829    0.8437   -0.2343
...    91 T-A ...
 -140.3926   -9.3727   13.7912
   -0.0552    0.2114    0.9758
    0.8710   -0.4676    0.1506
    0.4881    0.8583   -0.1583
...    92 T-A ...
 -138.9978   -6.4940   13.3464
    0.4142   -0.1220    0.9020
    0.7526   -0.5113   -0.4148
    0.5118    0.8507   -0.1200
...    93 T-A ...
 -137.4403   -3.6752   13.1732
    0.7299   -0.4304    0.5310
    0.4057   -0.3525   -0.8433
    0.5501    0.8310   -0.0827
...    94 A-T ...
 -135.4157   -1.0292   13.3852
    0.7292   -0.6841    0.0143
   -0.0047   -0.0259   -0.9997
    0.6843    0.7289   -0.0221
...    95 A-T ...
 -133.0709    1.1913   13.5721
    0.5839   -0.6036   -0.5429
   -0.3899    0.3781   -0.8396
    0.7121    0.7019   -0.0146
...    96 C-G ...
 -130.3491    3.0476   13.9232
    0.2770   -0.3406   -0.8985
   -0.6113    0.6590   -0.4383
    0.7413    0.6706   -0.0256
...    97 A-T ...
 -127.9259    5.3092   13.6826
   -0.1736    0.0453   -0.9838
   -0.6211    0.7702    0.1451
    0.7643    0.6362   -0.1055
...    98 C-G ...
 -125.0579    6.9051   13.0589
   -0.4773    0.4425   -0.7592
   -0.4248    0.6401    0.6402
    0.7692    0.6281   -0.1175
...    99 T-A ...
 -122.4540    8.8460   12.3541
   -0.6509    0.6988   -0.2968
   -0.0936    0.3142    0.9447
    0.7534    0.6427   -0.1391
...   100 T-A ...
 -119.9713   10.8215   11.6164
   -0.5609    0.7719    0.2992
    0.2851   -0.1592    0.9452
    0.7773    0.6154   -0.1308
...   101 T-A ...
 -117.5335   12.8631   10.9419
   -0.2872    0.5477    0.7858
    0.5401   -0.5849    0.6051
    0.7911    0.5982   -0.1279
...   102 A-T ...
 -114.7951   14.7449   10.6398
    0.0377    0.0560    0.9977
    0.6043   -0.7965    0.0219
    0.7959    0.6021   -0.0638
...   103 T-A ...
 -112.6123   17.1921   10.6376
    0.3184   -0.3633    0.8755
    0.5021   -0.7188   -0.4809
    0.8041    0.5927   -0.0465
...   104 G-C ...
 -109.7772   18.9623   10.6707
    0.4311   -0.7738    0.4640
    0.2688   -0.3807   -0.8847
    0.8613    0.5062    0.0439
...   105 C-G ...
 -106.9601   20.5521   11.3389
    0.4522   -0.8876   -0.0879
    0.0166    0.1069   -0.9941
    0.8918    0.4481    0.0630
...   106 T-A ...
 -103.9108   21.7307   11.8590
    0.3275   -0.7323   -0.5970
   -0.1832    0.5707   -0.8005
    0.9269    0.3715    0.0527
...   107 T-A ...
 -100.8323   22.6963   12.2095
    0.1639   -0.2824   -0.9452
   -0.3248    0.8893   -0.3220
    0.9315    0.3598    0.0540
...   108 C-G ...
  -97.7207   23.7285   12.2718
   -0.0799    0.2850   -0.9552
   -0.3373    0.8940    0.2950
    0.9380    0.3458    0.0247
...   109 C-G ...
  -94.4942   24.7015   12.0368
   -0.3127    0.7031   -0.6386
   -0.2099    0.6046    0.7684
    0.9264    0.3743   -0.0415
...   110 G-C ...
  -91.5107   26.2123   12.2292
   -0.4519    0.8876   -0.0887
    0.0296    0.1143    0.9930
    0.8916    0.4462   -0.0779
...   111 G-C ...
  -88.5821   27.7985   11.7107
   -0.4217    0.7728    0.4743
    0.2839   -0.3842    0.8785
    0.8612    0.5051   -0.0574
...   112 C-G ...
  -85.9177   29.7206   11.2558
   -0.2303    0.4164    0.8795
    0.4708   -0.7433    0.4752
    0.8516    0.5235   -0.0249
...   113 T-A ...
  -83.2877   31.7369   11.2477
    0.0039   -0.0686    0.9976
    0.5306   -0.8455   -0.0602
    0.8476    0.5296    0.0331
...   114 C-G ...
  -80.5562   33.5333   11.4594
    0.2809   -0.5707    0.7717
    0.4311   -0.6433   -0.6327
    0.8575    0.5104    0.0653
...   115 G-C ...
  -77.5274   34.9497   11.5172
    0.3605   -0.8886    0.2835
    0.2266   -0.2114   -0.9508
    0.9048    0.4070    0.1251
...   116 T-A ...
  -74.6394   36.1679   12.5650
    0.3868   -0.8862   -0.2551
    0.0115    0.2812   -0.9596
    0.9221    0.3683    0.1190
...   117 A-T ...
  -71.4953   37.1968   12.9835
    0.2341   -0.6015   -0.7638
   -0.1818    0.7447   -0.6421
    0.9551    0.2892    0.0650
...   118 T-A ...
  -68.2610   37.5143   13.4736
    0.0984   -0.1509   -0.9836
   -0.2687    0.9477   -0.1722
    0.9582    0.2813    0.0527
...   119 A-T ...
  -65.0614   38.4458   13.5284
   -0.1469    0.4049   -0.9025
   -0.2453    0.8690    0.4298
    0.9583    0.2845   -0.0283
...   120 A-T ...
  -61.9131   39.1714   13.2254
   -0.2606    0.8261   -0.4997
   -0.1105    0.4887    0.8654
    0.9591    0.2807   -0.0361
...   121 T-A ...
  -58.7942   39.8889   12.4424
   -0.2785    0.9604    0.0071
    0.0415    0.0047    0.9991
    0.9595    0.2785   -0.0411
...   122 G-C ...
  -55.6450   40.9462   12.5998
   -0.2775    0.7645    0.5818
    0.2254   -0.5369    0.8130
    0.9339    0.3567   -0.0234
...   123 T-A ...
  -52.7894   42.5897   12.1676
   -0.1329    0.3626    0.9224
    0.3414   -0.8570    0.3861
    0.9305    0.3662   -0.0099
...   124 G-C ...
  -49.6283   43.6011   12.3597
    0.0179   -0.2233    0.9746
    0.3744   -0.9023   -0.2136
    0.9271    0.3687    0.0674
...   125 T-A ...
  -46.8169   45.2894   12.9198
    0.1912   -0.6710    0.7164
    0.3049   -0.6532   -0.6931
    0.9330    0.3509    0.0797
...   126 C-G ...
  -43.7749   46.4607   13.3028
    0.3026   -0.9377    0.1708
    0.1321   -0.1362   -0.9818
    0.9439    0.3197    0.0826
...   127 G-C ...
  -40.5882   47.4701   13.2473
    0.2011   -0.8919   -0.4051
   -0.0465    0.4044   -0.9134
    0.9785    0.2025    0.0399
...   128 A-T ...
  -37.3819   48.0479   13.4617
    0.0821   -0.5056   -0.8589
   -0.1498    0.8457   -0.5122
    0.9853    0.1707   -0.0063
...   129 C-G ...
  -34.0953   47.9657   13.5737
   -0.0562   -0.0073   -0.9984
   -0.1555    0.9878    0.0015
    0.9862    0.1553   -0.0567
...   130 C-G ...
  -30.7643   48.1578   13.0997
   -0.2341    0.5017   -0.8327
   -0.0650    0.8466    0.5283
    0.9700    0.1778   -0.1656
...   131 A-T ...
  -27.5755   48.9148   12.4836
   -0.3384    0.8634   -0.3742
    0.1295    0.4366    0.8903
    0.9321    0.2528   -0.2595
...   132 A-T ...
  -24.6430   49.7241   11.3570
   -0.2024    0.9593    0.1967
    0.3137   -0.1267    0.9410
    0.9277    0.2522   -0.2753
...   133 A-T ...
  -21.7541   50.6817   10.2119
    0.0361    0.7195    0.6936
    0.3796   -0.6519    0.6565
    0.9245    0.2396   -0.2966
...   134 T-A ...
  -19.0160   52.0244    8.9250
    0.2452    0.2905    0.9249
    0.3073   -0.9281    0.2101
    0.9195    0.2328   -0.3169
...   135 G-C ...
  -16.4638   53.8825    7.5153
    0.5339   -0.3333    0.7771
    0.0346   -0.9097   -0.4139
    0.8449    0.2479   -0.4741
...   136 T-A ...
  -14.1749   56.5547    6.1809
    0.5795   -0.7269    0.3685
   -0.3141   -0.6164   -0.7221
    0.7521    0.3026   -0.5855
...   137 G-C ...
  -11.6539   57.9993    4.7205
    0.2452   -0.9542   -0.1714
   -0.6323   -0.0234   -0.7744
    0.7349    0.2983   -0.6091
...   138 A-T ...
   -8.6759   58.7134    3.6025
   -0.0345   -0.7815   -0.6229
   -0.6536    0.4891   -0.5775
    0.7560    0.3872   -0.5277
...   139 G-C ...
   -6.3275   59.0727    1.6297
   -0.2969   -0.3279   -0.8968
   -0.5657    0.8171   -0.1114
    0.7693    0.4742   -0.4281
...   140 C-G ...
   -3.4369   60.2279    1.0288
   -0.4426    0.2287   -0.8671
   -0.1681    0.9286    0.3308
    0.8808    0.2922   -0.3725
...   141 G-C ...
   -0.6977   63.8912   -2.2509
   -0.9992    0.0157   -0.0376
   -0.0024    0.8991    0.4378
    0.0407    0.4375   -0.8983
...   142 C-G ...
   -1.0065   65.5989   -4.9400
   -0.8337    0.5216    0.1813
    0.5170    0.6219    0.5881
    0.1940    0.5841   -0.7882
...   143 T-A ...
   -0.1333   66.2085   -7.8195
   -0.3753    0.8566    0.3540
    0.8856    0.2187    0.4098
    0.2736    0.4673   -0.8407
...   144 C-G ...
   -0.1666   67.4021  -10.8067
    0.1797    0.8793    0.4411
    0.9277   -0.3007    0.2214
    0.3273    0.3694   -0.8697
...   145 A-T ...
    0.5266   69.2313  -13.4658
    0.7352    0.4964    0.4616
    0.6118   -0.7791   -0.1367
    0.2918    0.3829   -0.8765
...   146 C-G ...
    1.4338   72.0892  -15.6018
    0.9809    0.0621    0.1844
    0.1264   -0.9240   -0.3608
    0.1480    0.3772   -0.9142
...   147 A-T ...
    2.3047   74.2223  -18.3862
    0.8657   -0.4292   -0.2575
   -0.4984   -0.7868   -0.3642
   -0.0463    0.4436   -0.8950
