  147 base-pairs
...     1 A-T ...
    0.0000    0.0000    0.0000
    1.0000    0.0000    0.0000
    0.0000    1.0000    0.0000
    0.0000    0.0000    1.0000
...     2 G-C ...
   -0.1394   -1.2357    3.2268
    0.7529    0.6366    0.1670
   -0.6386    0.7680   -0.0486
   -0.1592   -0.0700    0.9848
...     3 T-A ...
   -0.0365   -3.2932    6.3751
    0.2722    0.9301    0.2466
   -0.9238    0.3243   -0.2033
   -0.2691   -0.1725    0.9475
...     4 G-C ...
   -0.3505   -4.1660    9.4928
   -0.3756    0.9250    0.0579
   -0.8781   -0.3352   -0.3415
   -0.2965   -0.1791    0.9381
...     5 A-T ...
   -0.4462   -4.1476   12.7498
   -0.8116    0.5840   -0.0165
   -0.5523   -0.7762   -0.3042
   -0.1905   -0.2378    0.9524
...     6 G-C ...
   -1.5908   -4.1730   15.6201
   -0.9976    0.0246   -0.0651
   -0.0043   -0.9555   -0.2950
   -0.0695   -0.2940    0.9533
...     7 C-G ...
   -1.1030   -4.4824   18.7362
   -0.8441   -0.5304   -0.0787
    0.5345   -0.8441   -0.0432
   -0.0435   -0.0785    0.9960
...     8 G-C ...
   -2.4028   -7.7290   23.1475
   -0.2754   -0.3293   -0.9032
    0.6650   -0.7437    0.0684
   -0.6942   -0.5818    0.4238
...     9 C-G ...
   -4.4690   -9.9728   24.1132
    0.1145   -0.7025   -0.7024
    0.8512   -0.2952    0.4340
   -0.5122   -0.6476    0.5642
...    10 T-A ...
   -6.7405  -10.8752   25.9697
    0.4841   -0.8363   -0.2574
    0.6595    0.1553    0.7355
   -0.5751   -0.5258    0.6267
...    11 C-G ...
   -9.1656  -12.6208   27.1640
    0.7073   -0.6682    0.2307
    0.3448    0.6110    0.7126
   -0.6171   -0.4245    0.6626
...    12 A-T ...
  -10.9234  -14.6633   29.0693
    0.7515   -0.1377    0.6452
   -0.2029    0.8824    0.4246
   -0.6277   -0.4500    0.6352
...    13 C-G ...
  -11.8476  -17.4863   31.2451
    0.4295    0.2823    0.8578
   -0.5708    0.8209    0.0156
   -0.6998   -0.4963    0.5137
...    14 A-T ...
  -13.5897  -19.7827   33.4259
   -0.1504    0.6104    0.7777
   -0.6874    0.5008   -0.5260
   -0.7106   -0.6136    0.3443
...    15 A-T ...
  -15.7121  -21.8012   34.8030
   -0.4881    0.7978    0.3539
   -0.5002    0.0766   -0.8625
   -0.7153   -0.5980    0.3616
...    16 T-A ...
  -17.7664  -23.6114   36.6155
   -0.6620    0.7395   -0.1220
   -0.2002   -0.3313   -0.9220
   -0.7222   -0.5860    0.3674
...    17 T-A ...
  -20.0851  -25.3403   38.0792
   -0.6585    0.4359   -0.6134
    0.1935   -0.6896   -0.6978
   -0.7272   -0.5783    0.3698
...    18 T-A ...
  -22.5327  -26.9626   39.4563
   -0.4413   -0.0211   -0.8971
    0.5229   -0.8185   -0.2380
   -0.7292   -0.5742    0.3722
...    19 A-T ...
  -24.9370  -28.9243   40.6285
   -0.0248   -0.4578   -0.8887
    0.6664   -0.6703    0.3266
   -0.7452   -0.5841    0.3217
...    20 T-A ...
  -27.7865  -30.4305   41.2948
    0.3092   -0.7313   -0.6080
    0.5897   -0.3541    0.7259
   -0.7461   -0.5829    0.3217
...    21 T-A ...
  -30.3569  -32.2457   42.0847
    0.5808   -0.8083   -0.0972
    0.3188    0.1160    0.9407
   -0.7490   -0.5773    0.3250
...    22 C-G ...
  -32.7613  -34.2340   43.0441
    0.6819   -0.5759    0.4510
   -0.0793    0.5547    0.8283
   -0.7271   -0.6006    0.3326
...    23 G-C ...
  -35.1356  -36.0442   44.4946
    0.6081   -0.1145    0.7856
   -0.4529    0.7628    0.4616
   -0.6521   -0.6365    0.4120
...    24 C-G ...
  -36.9503  -38.4592   45.8148
    0.3065    0.3404    0.8889
   -0.7130    0.7008   -0.0225
   -0.6306   -0.6269    0.4575
...    25 A-T ...
  -39.0523  -40.4567   47.4279
   -0.0630    0.7333    0.6770
   -0.7841    0.3833   -0.4882
   -0.6174   -0.5615    0.5508
...    26 A-T ...
  -40.8280  -42.2843   49.4302
   -0.4771    0.8298    0.2896
   -0.6202   -0.0844   -0.7799
   -0.6227   -0.5517    0.5549
...    27 A-T ...
  -42.7193  -43.9364   51.4759
   -0.7295    0.6554   -0.1957
   -0.2576   -0.5283   -0.8090
   -0.6336   -0.5398    0.5542
...    28 G-C ...
  -44.8268  -45.4203   53.5307
   -0.7080    0.3391   -0.6195
    0.1369   -0.7946   -0.5914
   -0.6928   -0.5035    0.5162
...    29 G-C ...
  -47.3747  -46.7309   55.2977
   -0.4622   -0.0784   -0.8833
    0.4625   -0.8712   -0.1647
   -0.7566   -0.4846    0.4389
...    30 C-G ...
  -50.1418  -47.9572   56.5880
   -0.1072   -0.5038   -0.8572
    0.6187   -0.7086    0.3391
   -0.7783   -0.4940    0.3877
...    31 C-G ...
  -52.9486  -49.5550   57.5136
    0.2989   -0.7607   -0.5762
    0.5517   -0.3549    0.7548
   -0.7786   -0.5435    0.3136
...    32 G-C ...
  -55.2430  -51.6056   58.7732
    0.6218   -0.7773   -0.0961
    0.2610    0.0900    0.9611
   -0.7384   -0.6227    0.2588
...    33 G-C ...
  -57.6246  -53.9188   59.3349
    0.7114   -0.5665    0.4159
   -0.1325    0.4730    0.8710
   -0.6902   -0.6748    0.2614
...    34 C-G ...
  -59.7018  -56.4248   59.9395
    0.5486   -0.2005    0.8117
   -0.5014    0.6980    0.5113
   -0.6691   -0.6874    0.2824
...    35 C-G ...
  -61.6794  -58.9903   60.8925
    0.2441    0.2514    0.9366
   -0.7221    0.6918    0.0025
   -0.6473   -0.6769    0.3504
...    36 C-G ...
  -63.5631  -61.4619   62.2227
   -0.1188    0.6344    0.7639
   -0.7434    0.4532   -0.4919
   -0.6582   -0.6263    0.4177
...    37 G-C ...
  -65.9750  -63.3909   63.4382
   -0.4075    0.8543    0.3225
   -0.5672    0.0400   -0.8226
   -0.7157   -0.5182    0.4683
...    38 A-T ...
  -68.2419  -65.0522   65.0713
   -0.6115    0.7583   -0.2259
   -0.2397   -0.4497   -0.8604
   -0.7540   -0.4720    0.4568
...    39 C-G ...
  -70.6470  -66.1246   67.0161
   -0.6071    0.4558   -0.6509
    0.0877   -0.7757   -0.6249
   -0.7898   -0.4365    0.4310
...    40 A-T ...
  -73.3756  -67.4933   68.3427
   -0.3522    0.0302   -0.9355
    0.3543   -0.9208   -0.1631
   -0.8663   -0.3889    0.3136
...    41 C-G ...
  -76.4657  -68.1592   69.2174
   -0.0876   -0.4209   -0.9029
    0.4577   -0.8220    0.3388
   -0.8848   -0.3836    0.2647
...    42 G-C ...
  -79.2337  -69.8400   69.9651
    0.2670   -0.7551   -0.5988
    0.3655   -0.4956    0.7879
   -0.8917   -0.4293    0.1437
...    43 A-T ...
  -82.1533  -71.2953   70.2498
    0.4422   -0.8963   -0.0322
    0.1190    0.0231    0.9926
   -0.8890   -0.4427    0.1168
...    44 C-G ...
  -85.0198  -72.9727   70.0166
    0.4423   -0.7541    0.4855
   -0.1389    0.4772    0.8678
   -0.8861   -0.4512    0.1063
...    45 T-A ...
  -87.8003  -74.7667   70.2047
    0.3280   -0.3831    0.8635
   -0.3581    0.7954    0.4889
   -0.8742   -0.4696    0.1237
...    46 T-A ...
  -90.5086  -76.5588   70.4512
    0.0399    0.1206    0.9919
   -0.4610    0.8830   -0.0888
   -0.8865   -0.4537    0.0908
...    47 A-T ...
  -93.4858  -78.0055   70.7403
   -0.1881    0.6311    0.7526
   -0.3859    0.6571   -0.6475
   -0.9032   -0.4122    0.1200
...    48 C-G ...
  -96.2103  -79.6025   71.6507
   -0.3136    0.8959    0.3147
   -0.2307    0.2496   -0.9405
   -0.9211   -0.3675    0.1284
...    49 T-A ...
  -99.2204  -80.6724   72.4338
   -0.2908    0.9333   -0.2109
   -0.0516   -0.2354   -0.9705
   -0.9554   -0.2713    0.1167
...    50 G-C ...
 -102.4918  -81.2590   72.7576
   -0.1097    0.7055   -0.7002
    0.0738   -0.6967   -0.7135
   -0.9912   -0.1299    0.0244
...    51 T-A ...
 -105.7246  -81.0624   73.0731
    0.0074    0.2714   -0.9624
    0.0944   -0.9583   -0.2696
   -0.9955   -0.0889   -0.0327
...    52 A-T ...
 -109.0137  -81.0315   72.6589
    0.1943   -0.2665   -0.9440
    0.0062   -0.9620    0.2729
   -0.9809   -0.0589   -0.1852
...    53 G-C ...
 -112.1862  -80.9434   71.7564
    0.2234   -0.7198   -0.6573
   -0.1448   -0.6913    0.7079
   -0.9639   -0.0630   -0.2586
...    54 G-C ...
 -115.2656  -81.2467   70.4070
    0.1566   -0.9750   -0.1575
   -0.2996   -0.1988    0.9331
   -0.9411   -0.0990   -0.3232
...    55 T-A ...
 -118.1379  -81.6336   68.7423
   -0.0344   -0.9349    0.3532
   -0.3455    0.3427    0.8736
   -0.9378   -0.0920   -0.3348
...    56 A-T ...
 -121.4394  -81.4145   67.9614
   -0.3368   -0.4905    0.8037
   -0.2018    0.8714    0.4472
   -0.9197   -0.0115   -0.3924
...    57 T-A ...
 -124.3342  -82.1002   66.4952
   -0.4149    0.0231    0.9096
    0.0194    0.9997   -0.0165
   -0.9097    0.0108   -0.4152
...    58 C-G ...
 -127.2925  -82.1740   65.0681
   -0.2901    0.6021    0.7439
    0.2867    0.7963   -0.5327
   -0.9130    0.0587   -0.4036
...    59 T-A ...
 -130.4220  -82.0714   64.0284
   -0.0154    0.9144    0.4044
    0.4062    0.3753   -0.8332
   -0.9136    0.1515   -0.3772
...    60 C-G ...
 -133.4184  -81.5395   62.8991
    0.2998    0.9487   -0.1003
    0.3413   -0.2049   -0.9173
   -0.8908    0.2408   -0.3853
...    61 T-A ...
 -136.3282  -80.4063   61.9083
    0.5369    0.6827   -0.4955
    0.1117   -0.6398   -0.7604
   -0.8362    0.3529   -0.4198
...    62 C-G ...
 -138.8701  -79.0194   60.4679
    0.5724    0.1755   -0.8010
   -0.2497   -0.8931   -0.3742
   -0.7810    0.4142   -0.4674
...    63 A-T ...
 -141.2778  -77.5905   58.6581
    0.4358   -0.3886   -0.8118
   -0.5850   -0.8077    0.0727
   -0.6840    0.4433   -0.5793
...    64 T-A ...
 -142.9775  -75.6812   56.5810
    0.0762   -0.7391   -0.6693
   -0.7400   -0.4919    0.4588
   -0.6683    0.4603   -0.5844
...    65 G-C ...
 -145.3978  -74.4473   54.6860
   -0.3490   -0.9017   -0.2553
   -0.6799    0.0561    0.7312
   -0.6449    0.4288   -0.6326
...    66 T-A ...
 -147.1505  -73.2026   52.1052
   -0.6698   -0.7252    0.1597
   -0.3913    0.5275    0.7541
   -0.6311    0.4426   -0.6371
...    67 T-A ...
 -149.0160  -71.9222   49.7429
   -0.8154   -0.2452    0.5243
    0.0948    0.8371    0.5389
   -0.5710    0.4891   -0.6593
...    68 A-T ...
 -150.5799  -69.8307   47.5993
   -0.5864    0.3633    0.7239
    0.6234    0.7731    0.1169
   -0.5172    0.5198   -0.6799
...    69 T-A ...
 -152.7314  -68.5807   45.4474
   -0.1855    0.6982    0.6915
    0.8456    0.4719   -0.2496
   -0.5006    0.5384   -0.6779
...    70 A-T ...
 -154.5499  -66.7118   43.3796
    0.3808    0.7433    0.5500
    0.8080    0.0218   -0.5888
   -0.4497    0.6686   -0.5922
...    71 A-T ...
 -156.0533  -64.4380   41.6733
    0.7921    0.5811    0.1869
    0.4661   -0.3782   -0.7998
   -0.3941    0.7207   -0.5704
...    72 C-G ...
 -157.3487  -61.7456   40.4020
    0.9478    0.2519   -0.1957
   -0.0072   -0.5964   -0.8027
   -0.3189    0.7621   -0.5634
...    73 G-C ...
 -157.9419  -59.2564   38.2514
    0.8356   -0.2308   -0.4985
   -0.5333   -0.5584   -0.6354
   -0.1317    0.7968   -0.5897
...    74 G-C ...
 -157.6772  -56.5530   36.2221
    0.4292   -0.5622   -0.7069
   -0.9031   -0.2809   -0.3249
   -0.0159    0.7778   -0.6283
...    75 A-T ...
 -157.4980  -54.0927   34.0339
   -0.1914   -0.6212   -0.7599
   -0.9811    0.1439    0.1295
    0.0289    0.7703   -0.6370
...    76 G-C ...
 -157.0670  -51.6553   31.7977
   -0.6909   -0.4498   -0.5659
   -0.7215    0.4778    0.5012
    0.0450    0.7546   -0.6546
...    77 A-T ...
 -156.7829  -49.2188   29.5798
   -0.9854   -0.0497   -0.1629
   -0.1560    0.6468    0.7465
    0.0682    0.7610   -0.6451
...    78 G-C ...
 -156.5194  -46.8776   27.2266
   -0.9144    0.2927    0.2797
    0.4003    0.5510    0.7322
    0.0602    0.7815   -0.6210
...    79 C-G ...
 -156.4292  -44.5070   24.8904
   -0.5448    0.5175    0.6598
    0.8360    0.2735    0.4757
    0.0657    0.8108   -0.5817
...    80 T-A ...
 -156.4915  -41.8088   22.9769
   -0.0319    0.5194    0.8539
    0.9961   -0.0539    0.0700
    0.0823    0.8528   -0.5156
...    81 C-G ...
 -156.2807  -39.0084   21.3206
    0.5385    0.3257    0.7771
    0.8324   -0.3488   -0.4306
    0.1308    0.8788   -0.4590
...    82 G-C ...
 -155.5011  -36.1308   19.8180
    0.8597   -0.0758    0.5051
    0.4266   -0.4375   -0.7916
    0.2810    0.8960   -0.3437
...    83 G-C ...
 -154.3041  -33.0410   19.2015
    0.9110   -0.4083    0.0579
   -0.0663   -0.2835   -0.9567
    0.4070    0.8677   -0.2853
...    84 G-C ...
 -152.4175  -30.2860   18.6429
    0.6886   -0.5870   -0.4257
   -0.5029    0.0363   -0.8636
    0.5224    0.8088   -0.2702
...    85 A-T ...
 -150.4652  -27.7967   17.7632
    0.2486   -0.4777   -0.8426
   -0.7846    0.4108   -0.4644
    0.5680    0.7766   -0.2727
...    86 T-A ...
 -148.0342  -25.6623   17.0673
   -0.1755   -0.1865   -0.9667
   -0.7947    0.6063    0.0273
    0.5810    0.7730   -0.2546
...    87 C-G ...
 -146.0420  -23.2225   16.1037
   -0.6085    0.2204   -0.7623
   -0.5240    0.6098    0.5946
    0.5959    0.7613   -0.2556
...    88 C-G ...
 -143.9740  -20.7893   14.9927
   -0.8205    0.4896   -0.2951
   -0.0946    0.3928    0.9147
    0.5638    0.7784   -0.2760
...    89 G-C ...
 -141.9777  -18.1309   14.5862
   -0.7684    0.5674    0.2960
    0.3798    0.0320    0.9245
    0.5151    0.8228   -0.2400
...    90 C-G ...
 -140.4450  -15.4175   13.4542
   -0.4600    0.4561    0.7618
    0.7274   -0.2985    0.6179
    0.5092    0.8384   -0.1944
...    91 T-A ...
 -139.0405  -12.4951   12.8225
   -0.0549    0.1692    0.9840
    0.8581   -0.4958    0.1332
    0.5105    0.8518   -0.1180
...    92 T-A ...
 -137.5778   -9.6311   12.5135
    0.4080   -0.1699    0.8970
    0.7426   -0.5098   -0.4344
    0.5311    0.8433   -0.0818
...    93 T-A ...
 -135.9664   -6.8353   12.4669
    0.7219   -0.4648    0.5127
    0.4001   -0.3243   -0.8572
    0.5647    0.8239   -0.0481
...    94 A-T ...
 -133.9052   -4.2270   12.7392
    0.7262   -0.6872   -0.0211
   -0.0124    0.0176   -0.9998
    0.6874    0.7263    0.0042
...    95 A-T ...
 -131.5558   -2.0172   13.0107
    0.5799   -0.5779   -0.5742
   -0.3975    0.4146   -0.8186
    0.7111    0.7030    0.0107
...    96 C-G ...
 -128.8390   -0.1647   13.4247
    0.2706   -0.2988   -0.9151
   -0.6179    0.6751   -0.4031
    0.7383    0.6745   -0.0020
...    97 A-T ...
 -126.4372    2.1267   13.2752
   -0.1831    0.0871   -0.9792
   -0.6257    0.7580    0.1844
    0.7583    0.6464   -0.0843
...    98 C-G ...
 -123.5931    3.7743   12.6979
   -0.4892    0.4691   -0.7353
   -0.4253    0.6077    0.6707
    0.7614    0.6408   -0.0978
...    99 T-A ...
 -121.0237    5.7760   12.0492
   -0.6637    0.7004   -0.2625
   -0.0889    0.2745    0.9575
    0.7427    0.6588   -0.1199
...   100 T-A ...
 -118.5853    7.8240   11.3715
   -0.5732    0.7485    0.3335
    0.2966   -0.1899    0.9359
    0.7639    0.6354   -0.1132
...   101 T-A ...
 -116.2002    9.9447   10.7600
   -0.2937    0.5109    0.8079
    0.5580   -0.5946    0.5789
    0.7761    0.6208   -0.1105
...   102 A-T ...
 -113.5276   11.9232   10.5140
    0.0405    0.0209    0.9990
    0.6251   -0.7805   -0.0091
    0.7795    0.6249   -0.0447
...   103 T-A ...
 -111.4121   14.4293   10.5917
    0.3327   -0.3851    0.8609
    0.5193   -0.6872   -0.5080
    0.7872    0.6160   -0.0287
...   104 G-C ...
 -108.6310   16.2787   10.6731
    0.4569   -0.7760    0.4348
    0.2748   -0.3418   -0.8987
    0.8460    0.5301    0.0571
...   105 C-G ...
 -105.8624   17.9372   11.3768
    0.4793   -0.8694   -0.1205
    0.0066    0.1408   -0.9900
    0.8776    0.4737    0.0732
...   106 T-A ...
 -102.8520   19.2009   11.9201
    0.3475   -0.7010   -0.6227
   -0.2077    0.5901   -0.7802
    0.9144    0.4004    0.0595
...   107 T-A ...
  -99.8065   20.2600   12.2863
    0.1667   -0.2464   -0.9547
   -0.3572    0.8874   -0.2914
    0.9190    0.3897    0.0599
...   108 C-G ...
  -96.7342   21.3987   12.3659
   -0.0971    0.3108   -0.9455
   -0.3664    0.8721    0.3243
    0.9254    0.3779    0.0292
...   109 C-G ...
  -93.5483   22.4940   12.1375
   -0.3431    0.7091   -0.6159
   -0.2257    0.5743    0.7869
    0.9118    0.4091   -0.0370
...   110 G-C ...
  -90.6256   24.1142   12.3442
   -0.4863    0.8716   -0.0616
    0.0336    0.0891    0.9955
    0.8732    0.4820   -0.0726
...   111 G-C ...
  -87.7725   25.8370   11.8413
   -0.4477    0.7435    0.4967
    0.3065   -0.3942    0.8664
    0.8400    0.5402   -0.0514
...   112 C-G ...
  -85.1946   27.8793   11.4164
   -0.2393    0.3857    0.8911
    0.5045   -0.7347    0.4535
    0.8296    0.5580   -0.0187
...   113 T-A ...
  -82.6513   30.0040   11.4355
    0.0151   -0.0910    0.9957
    0.5640   -0.8215   -0.0836
    0.8256    0.5629    0.0389
...   114 C-G ...
  -79.9956   31.9083   11.6667
    0.3102   -0.5755    0.7567
    0.4515   -0.6113   -0.6499
    0.8366    0.5433    0.0702
...   115 G-C ...
  -77.0310   33.4511   11.7306
    0.3980   -0.8791    0.2621
    0.2267   -0.1826   -0.9567
    0.8889    0.4402    0.1267
...   116 T-A ...
  -74.1883   34.7670   12.7806
    0.4193   -0.8650   -0.2755
   -0.0076    0.3002   -0.9539
    0.9078    0.4020    0.1193
...   117 A-T ...
  -71.0842   35.9059   13.2012
    0.2493   -0.5797   -0.7758
   -0.2147    0.7480   -0.6280
    0.9443    0.3232    0.0620
...   118 T-A ...
  -67.8606   36.3346   13.6691
    0.0948   -0.1318   -0.9867
   -0.3045    0.9398   -0.1548
    0.9478    0.3152    0.0490
...   119 A-T ...
  -64.6979   37.3806   13.7053
   -0.1699    0.4116   -0.8954
   -0.2720    0.8537    0.4440
    0.9472    0.3190   -0.0331
...   120 A-T ...
  -61.5811   38.2228   13.3806
   -0.2940    0.8228   -0.4863
   -0.1194    0.4732    0.8728
    0.9483    0.3146   -0.0409
...   121 T-A ...
  -58.4968   39.0605   12.5779
   -0.3109    0.9502    0.0219
    0.0504   -0.0065    0.9987
    0.9491    0.3116   -0.0459
...   122 G-C ...
  -55.3860   40.2242   12.7178
   -0.2971    0.7481    0.5934
    0.2502   -0.5388    0.8044
    0.9215    0.3874   -0.0271
...   123 T-A ...
  -52.5888   41.9655   12.2788
   -0.1363    0.3479    0.9276
    0.3717   -0.8499    0.3734
    0.9183    0.3957   -0.0135
...   124 G-C ...
  -49.4642   43.0841   12.4509
    0.0315   -0.2322    0.9722
    0.3996   -0.8886   -0.2252
    0.9161    0.3956    0.0648
...   125 T-A ...
  -46.7025   44.8518   13.0051
    0.2143   -0.6716    0.7092
    0.3191   -0.6381   -0.7007
    0.9232    0.3765    0.0775
...   126 C-G ...
  -43.6950   46.1067   13.3797
    0.3273   -0.9309    0.1623
    0.1307   -0.1255   -0.9834
    0.9358    0.3431    0.0806
...   127 G-C ...
  -40.5348   47.1905   13.3228
    0.2186   -0.8852   -0.4106
   -0.0589    0.4081   -0.9110
    0.9740    0.2233    0.0371
...   128 A-T ...
  -37.3410   47.8285   13.5229
    0.0883   -0.5008   -0.8611
   -0.1678    0.8446   -0.5084
    0.9819    0.1894   -0.0094
...   129 C-G ...
  -34.0544   47.8055   13.6180
   -0.0596   -0.0057   -0.9982
   -0.1726    0.9850    0.0047
    0.9832    0.1726   -0.0597
...   130 C-G ...
  -30.7329   48.0610   13.1174
   -0.2434    0.5002   -0.8310
   -0.0755    0.8444    0.5303
    0.9670    0.1918   -0.1678
...   131 A-T ...
  -27.5601   48.8707   12.4978
   -0.3476    0.8608   -0.3718
    0.1262    0.4359    0.8911
    0.9291    0.2628   -0.2601
...   132 A-T ...
  -24.6360   49.7068   11.3642
   -0.2076    0.9579    0.1985
    0.3147   -0.1268    0.9407
    0.9262    0.2577   -0.2751
...   133 A-T ...
  -21.7524   50.6783   10.2138
    0.0353    0.7190    0.6941
    0.3808   -0.6518    0.6558
    0.9240    0.2412   -0.2968
...   134 T-A ...
  -19.0160   52.0244    8.9250
    0.2452    0.2905    0.9249
    0.3073   -0.9281    0.2101
    0.9195    0.2328   -0.3169
...   135 G-C ...
  -16.4638   53.8825    7.5153
    0.5339   -0.3333    0.7771
    0.0346   -0.9097   -0.4139
    0.8449    0.2479   -0.4741
...   136 T-A ...
  -14.1749   56.5547    6.1808
    0.5795   -0.7269    0.3685
   -0.3141   -0.6164   -0.7221
    0.7521    0.3026   -0.5855
...   137 G-C ...
  -11.6538   57.9992    4.7205
    0.2452   -0.9542   -0.1714
   -0.6323   -0.0234   -0.7744
    0.7349    0.2983   -0.6091
...   138 A-T ...
   -8.6759   58.7133    3.6025
   -0.0345   -0.7815   -0.6229
   -0.6536    0.4891   -0.5775
    0.7560    0.3872   -0.5277
...   139 G-C ...
   -6.3275   59.0727    1.6297
   -0.2969   -0.3279   -0.8968
   -0.5657    0.8171   -0.1114
    0.7693    0.4742   -0.4281
...   140 C-G ...
   -3.4369   60.2279    1.0288
   -0.4426    0.2287   -0.8671
   -0.1681    0.9286    0.3308
    0.8808    0.2922   -0.3725
...   141 G-C ...
   -0.6977   63.8911   -2.2509
   -0.9992    0.0157   -0.0376
   -0.0024    0.8991    0.4378
    0.0407    0.4375   -0.8983
...   142 C-G ...
   -1.0065   65.5988   -4.9400
   -0.8337    0.5216    0.1813
    0.5170    0.6219    0.5881
    0.1940    0.5841   -0.7882
...   143 T-A ...
   -0.1333   66.2084   -7.8195
   -0.3753    0.8566    0.3540
    0.8856    0.2187    0.4098
    0.2736    0.4673   -0.8407
...   144 C-G ...
   -0.1666   67.4020  -10.8067
    0.1797    0.8793    0.4411
    0.9277   -0.3007    0.2214
    0.3273    0.3694   -0.8697
...   145 A-T ...
    0.5267   69.2312  -13.4659
    0.7352    0.4964    0.4616
    0.6118   -0.7791   -0.1367
    0.2918    0.3829   -0.8765
...   146 C-G ...
    1.4338   72.0892  -15.6018
    0.9809    0.0621    0.1844
    0.1264   -0.9240   -0.3608
    0.1480    0.3772   -0.9142
...   147 A-T ...
    2.3047   74.2222  -18.3862
    0.8657   -0.4292   -0.2575
   -0.4984   -0.7868   -0.3642
   -0.0463    0.4436   -0.8950
