  147 base-pairs
...     1 A-T ...
    0.0000    0.0000    0.0000
    1.0000    0.0000    0.0000
    0.0000    1.0000    0.0000
    0.0000    0.0000    1.0000
...     2 G-C ...
   -0.1394   -1.2357    3.2268
    0.7529    0.6366    0.1670
   -0.6386    0.7680   -0.0486
   -0.1592   -0.0700    0.9848
...     3 T-A ...
   -0.0365   -3.2932    6.3751
    0.2722    0.9301    0.2466
   -0.9238    0.3243   -0.2033
   -0.2691   -0.1725    0.9475
...     4 G-C ...
   -0.3505   -4.1660    9.4928
   -0.3756    0.9250    0.0579
   -0.8781   -0.3352   -0.3415
   -0.2965   -0.1791    0.9381
...     5 A-T ...
   -0.4462   -4.1476   12.7498
   -0.8116    0.5840   -0.0165
   -0.5523   -0.7762   -0.3042
   -0.1905   -0.2378    0.9524
...     6 G-C ...
   -1.5908   -4.1730   15.6201
   -0.9976    0.0246   -0.0651
   -0.0043   -0.9555   -0.2950
   -0.0695   -0.2940    0.9533
...     7 C-G ...
   -1.1030   -4.4824   18.7362
   -0.8441   -0.5304   -0.0787
    0.5345   -0.8441   -0.0432
   -0.0435   -0.0785    0.9960
...     8 G-C ...
   -2.4028   -7.7290   23.1475
   -0.2754   -0.3293   -0.9032
    0.6650   -0.7437    0.0684
   -0.6942   -0.5818    0.4238
...     9 C-G ...
   -4.4690   -9.9728   24.1132
    0.1145   -0.7025   -0.7024
    0.8512   -0.2952    0.4340
   -0.5122   -0.6476    0.5642
...    10 T-A ...
   -6.7405  -10.8752   25.9697
    0.4841   -0.8363   -0.2574
    0.6595    0.1553    0.7355
   -0.5751   -0.5258    0.6267
...    11 C-G ...
   -9.1656  -12.6208   27.1640
    0.7073   -0.6682    0.2307
    0.3448    0.6110    0.7126
   -0.6171   -0.4245    0.6626
...    12 A-T ...
  -10.9234  -14.6633   29.0693
    0.7515   -0.1377    0.6452
   -0.2029    0.8824    0.4246
   -0.6277   -0.4500    0.6352
...    13 C-G ...
  -11.8476  -17.4863   31.2451
    0.4295    0.2823    0.8578
   -0.5708    0.8209    0.0156
   -0.6998   -0.4963    0.5137
...    14 A-T ...
  -13.5897  -19.7827   33.4259
   -0.1504    0.6104    0.7777
   -0.6874    0.5008   -0.5260
   -0.7106   -0.6136    0.3443
...    15 A-T ...
  -15.8241  -21.7939   34.6366
   -0.4840    0.8111    0.3286
   -0.4876    0.0618   -0.8709
   -0.7266   -0.5817    0.3656
...    16 T-A ...
  -17.9277  -23.6247   36.5582
   -0.6934    0.6990   -0.1747
   -0.1493   -0.3766   -0.9143
   -0.7049   -0.6079    0.3654
...    17 T-A ...
  -20.2051  -25.3968   38.1327
   -0.6763    0.3253   -0.6610
    0.2850   -0.7118   -0.6419
   -0.6793   -0.6225    0.3887
...    18 T-A ...
  -22.5136  -27.1908   39.5230
   -0.3981   -0.1189   -0.9096
    0.6088   -0.7760   -0.1650
   -0.6862   -0.6194    0.3813
...    19 A-T ...
  -24.6868  -29.4235   40.7252
    0.0537   -0.5120   -0.8573
    0.7167   -0.5781    0.3901
   -0.6953   -0.6354    0.3359
...    20 T-A ...
  -27.4435  -31.1241   41.4749
    0.3950   -0.7514   -0.5286
    0.5949   -0.2293    0.7704
   -0.7001   -0.6187    0.3564
...    21 T-A ...
  -29.8893  -33.1094   42.3624
    0.6533   -0.7571    0.0030
    0.2659    0.2331    0.9354
   -0.7089   -0.6102    0.3536
...    22 C-G ...
  -32.1990  -35.1505   43.4800
    0.7097   -0.4658    0.5285
   -0.1651    0.6193    0.7676
   -0.6849   -0.6320    0.3626
...    23 G-C ...
  -34.5440  -36.8560   45.1941
    0.5962    0.0455    0.8016
   -0.5454    0.7556    0.3628
   -0.5892   -0.6534    0.4753
...    24 C-G ...
  -36.2085  -39.2526   46.6571
    0.2631    0.4696    0.8427
   -0.7718    0.6265   -0.1081
   -0.5788   -0.6220    0.5273
...    25 A-T ...
  -38.3285  -41.1311   48.2979
   -0.1418    0.7927    0.5929
   -0.7947    0.2659   -0.5456
   -0.5902   -0.5485    0.5923
...    26 A-T ...
  -40.1209  -42.8604   50.4253
   -0.5450    0.8186    0.1816
   -0.5898   -0.2203   -0.7770
   -0.5960   -0.5305    0.6028
...    27 A-T ...
  -41.8370  -44.4159   52.7029
   -0.7823    0.5530   -0.2867
   -0.1803   -0.6416   -0.7456
   -0.5963   -0.5316    0.6016
...    28 G-C ...
  -43.9249  -45.7181   54.9987
   -0.7204    0.1774   -0.6705
    0.2289   -0.8517   -0.4714
   -0.6547   -0.4930    0.5730
...    29 G-C ...
  -46.4702  -47.0228   56.9177
   -0.4192   -0.2776   -0.8644
    0.5681   -0.8229   -0.0112
   -0.7082   -0.4958    0.5027
...    30 C-G ...
  -49.1093  -48.3781   58.2816
   -0.0102   -0.6492   -0.7605
    0.6818   -0.5609    0.4696
   -0.7314   -0.5138    0.4484
...    31 C-G ...
  -51.7780  -49.8961   59.6240
    0.4131   -0.8129   -0.4105
    0.5592   -0.1294    0.8189
   -0.7188   -0.5678    0.4011
...    32 G-C ...
  -53.7110  -51.7967   61.0232
    0.6971   -0.7167    0.0193
    0.2492    0.2674    0.9308
   -0.6723   -0.6440    0.3650
...    33 G-C ...
  -55.6169  -54.3905   62.0559
    0.7492   -0.4250    0.5080
   -0.1970    0.5892    0.7836
   -0.6323   -0.6872    0.3577
...    34 C-G ...
  -57.4753  -56.8948   63.0282
    0.5434   -0.0108    0.8394
   -0.5779    0.7205    0.3834
   -0.6089   -0.6934    0.3853
...    35 C-G ...
  -59.1441  -59.4478   64.5279
    0.1697    0.4221    0.8905
   -0.7856    0.6035   -0.1363
   -0.5950   -0.6765    0.4340
...    36 C-G ...
  -60.8572  -61.8303   66.1599
   -0.2420    0.7171    0.6536
   -0.7615    0.2770   -0.5860
   -0.6013   -0.6395    0.4790
...    37 G-C ...
  -63.2065  -63.9795   67.1028
   -0.5447    0.8163    0.1924
   -0.5079   -0.1385   -0.8502
   -0.6674   -0.5608    0.4900
...    38 A-T ...
  -65.1867  -65.8496   68.6670
   -0.7213    0.6046   -0.3378
   -0.0887   -0.5644   -0.8207
   -0.6869   -0.5620    0.4608
...    39 C-G ...
  -67.5548  -67.1652   70.3456
   -0.6187    0.2777   -0.7349
    0.2727   -0.8013   -0.5325
   -0.7367   -0.5299    0.4201
...    40 A-T ...
  -70.1789  -68.7576   71.6222
   -0.2805   -0.1311   -0.9508
    0.5287   -0.8479   -0.0391
   -0.8011   -0.5137    0.3072
...    41 C-G ...
  -73.1178  -70.0937   72.2086
    0.0658   -0.5068   -0.8596
    0.5749   -0.6848    0.4478
   -0.8156   -0.5236    0.2463
...    42 G-C ...
  -75.5449  -72.1678   73.1142
    0.4285   -0.7758   -0.4632
    0.3745   -0.3140    0.8724
   -0.8223   -0.5473    0.1560
...    43 A-T ...
  -78.1723  -73.8906   73.5431
    0.5594   -0.8180    0.1341
    0.0539    0.1973    0.9789
   -0.8272   -0.5403    0.1544
...    44 C-G ...
  -80.7626  -75.9729   73.4452
    0.5212   -0.5829    0.6233
   -0.2600    0.5872    0.7666
   -0.8129   -0.5616    0.1545
...    45 T-A ...
  -83.2841  -78.6015   73.6492
    0.2875   -0.1734    0.9420
   -0.4915    0.8174    0.3004
   -0.8221   -0.5493    0.1498
...    46 T-A ...
  -85.7132  -80.7582   73.9425
   -0.0274    0.2463    0.9688
   -0.5416    0.8109   -0.2215
   -0.8402   -0.5308    0.1112
...    47 A-T ...
  -88.4398  -82.5619   74.4623
   -0.2364    0.6988    0.6751
   -0.4406    0.5422   -0.7155
   -0.8660   -0.4666    0.1797
...    48 C-G ...
  -90.9630  -84.3353   75.5882
   -0.3817    0.9019    0.2021
   -0.2540    0.1079   -0.9612
   -0.8887   -0.4182    0.1879
...    49 T-A ...
  -93.8660  -85.5649   76.7021
   -0.3668    0.8684   -0.3338
   -0.0530   -0.3777   -0.9244
   -0.9288   -0.3214    0.1845
...    50 G-C ...
  -97.1817  -86.2178   77.2261
   -0.1560    0.5841   -0.7965
    0.1010   -0.7927   -0.6011
   -0.9826   -0.1742    0.0647
...    51 T-A ...
 -100.3464  -86.2113   77.5992
   -0.0047    0.1632   -0.9866
    0.1349   -0.9775   -0.1624
   -0.9909   -0.1338   -0.0174
...    52 A-T ...
 -103.6102  -86.0889   77.0329
    0.2368   -0.3383   -0.9108
    0.0309   -0.9343    0.3551
   -0.9711   -0.1122   -0.2107
...    53 G-C ...
 -106.6847  -86.0865   76.0850
    0.2907   -0.7418   -0.6043
   -0.1457   -0.6585    0.7383
   -0.9456   -0.1266   -0.2995
...    54 G-C ...
 -109.7842  -86.2569   74.1366
    0.2068   -0.9731   -0.1014
   -0.3199   -0.1652    0.9329
   -0.9246   -0.1605   -0.3455
...    55 T-A ...
 -112.5942  -86.9587   72.5358
   -0.0156   -0.9219    0.3871
   -0.3924    0.3618    0.8457
   -0.9197   -0.1387   -0.3674
...    56 A-T ...
 -115.5296  -87.6496   71.0181
   -0.2610   -0.5292    0.8074
   -0.3045    0.8388    0.4514
   -0.9161   -0.1280   -0.3801
...    57 T-A ...
 -118.2893  -88.7316   69.5343
   -0.4165   -0.0323    0.9086
   -0.1020    0.9947   -0.0113
   -0.9034   -0.0974   -0.4176
...    58 C-G ...
 -121.3618  -89.3304   68.2886
   -0.3894    0.5817    0.7142
    0.2054    0.8107   -0.5483
   -0.8979   -0.0668   -0.4352
...    59 T-A ...
 -124.4902  -89.5847   67.1616
   -0.1512    0.9166    0.3701
    0.3813    0.3995   -0.8337
   -0.9120    0.0151   -0.4099
...    60 C-G ...
 -127.6091  -89.4759   65.9267
    0.1612    0.9803   -0.1144
    0.3947   -0.1702   -0.9029
   -0.9046    0.1004   -0.4144
...    61 G-C ...
 -130.3308  -88.8357   64.1641
    0.5794    0.7237   -0.3749
    0.2249   -0.5841   -0.7799
   -0.7834    0.3675   -0.5012
...    62 A-T ...
 -132.8526  -87.4533   62.4967
    0.6776    0.2528   -0.6906
   -0.1460   -0.8741   -0.4632
   -0.7208    0.4147   -0.5554
...    63 G-C ...
 -134.8971  -85.6616   60.5691
    0.5682   -0.2569   -0.7818
   -0.5101   -0.8554   -0.0897
   -0.6457    0.4497   -0.6171
...    64 C-G ...
 -136.6147  -83.8406   58.2516
    0.1902   -0.7156   -0.6721
   -0.7739   -0.5305    0.3459
   -0.6041    0.4543   -0.6548
...    65 T-A ...
 -138.4030  -82.2840   55.9882
   -0.2616   -0.8814   -0.3932
   -0.7843   -0.0433    0.6189
   -0.5626    0.4703   -0.6799
...    66 C-G ...
 -140.4894  -80.8670   53.8949
   -0.6923   -0.7203    0.0442
   -0.4886    0.5129    0.7059
   -0.5311    0.4671   -0.7069
...    67 G-C ...
 -142.6257  -78.5300   52.3088
   -0.8406   -0.2968    0.4531
    0.0001    0.8364    0.5481
   -0.5416    0.4608   -0.7031
...    68 G-C ...
 -144.2494  -76.9859   49.8132
   -0.6685    0.1933    0.7181
    0.5060    0.8259    0.2487
   -0.5450    0.5296   -0.6500
...    69 G-C ...
 -146.1389  -75.4008   47.5514
   -0.2344    0.5408    0.8079
    0.7911    0.5891   -0.1647
   -0.5650    0.6005   -0.5659
...    70 A-T ...
 -148.1728  -73.5124   45.7583
    0.2992    0.7446    0.5967
    0.7873    0.1606   -0.5953
   -0.5391    0.6479   -0.5382
...    71 T-A ...
 -150.3040  -71.3393   44.5227
    0.6857    0.6862    0.2428
    0.5248   -0.2350   -0.8181
   -0.5044    0.6884   -0.5212
...    72 C-G ...
 -151.8668  -68.8949   43.0210
    0.8996    0.3763   -0.2216
    0.0316   -0.5621   -0.8264
   -0.4356    0.7365   -0.5176
...    73 C-G ...
 -153.1762  -66.3256   41.4759
    0.8451   -0.0667   -0.5305
   -0.4400   -0.6504   -0.6192
   -0.3037    0.7567   -0.5789
...    74 G-C ...
 -154.1423  -64.1201   39.2028
    0.5162   -0.5124   -0.6862
   -0.8415   -0.4526   -0.2950
   -0.1594    0.7298   -0.6649
...    75 C-G ...
 -154.0319  -61.6443   36.7642
   -0.0597   -0.6830   -0.7279
   -0.9920   -0.0407    0.1195
   -0.1113    0.7293   -0.6751
...    76 T-A ...
 -154.0326  -59.5617   33.9405
   -0.6190   -0.5616   -0.5491
   -0.7848    0.4153    0.4599
   -0.0302    0.7156   -0.6978
...    77 T-A ...
 -153.8188  -57.4235   31.4657
   -0.9636   -0.1377   -0.2293
   -0.2617    0.6614    0.7028
    0.0549    0.7373   -0.6734
...    78 T-A ...
 -153.4533  -55.2827   28.9868
   -0.9271    0.3321    0.1738
    0.3482    0.5913    0.7274
    0.1388    0.7349   -0.6639
...    79 A-T ...
 -152.2644  -52.6853   27.2302
   -0.5082    0.6705    0.5406
    0.8331    0.2236    0.5059
    0.2184    0.7075   -0.6722
...    80 A-T ...
 -151.6863  -50.4306   25.0525
    0.0337    0.6624    0.7484
    0.9668   -0.2112    0.1435
    0.2531    0.7187   -0.6476
...    81 C-G ...
 -151.4083  -47.8121   22.9858
    0.5230    0.4178    0.7429
    0.8008   -0.5395   -0.2603
    0.2920    0.7310   -0.6167
...    82 A-T ...
 -150.3525  -45.2475   21.1097
    0.8318   -0.0554    0.5523
    0.3852   -0.6589   -0.6462
    0.3997    0.7502   -0.5267
...    83 C-G ...
 -148.8619  -42.4795   20.0092
    0.8878   -0.4290    0.1668
   -0.0873   -0.5127   -0.8541
    0.4520    0.7437   -0.4926
...    84 T-A ...
 -146.8568  -39.7512   18.8376
    0.6370   -0.7046   -0.3126
   -0.5585   -0.1423   -0.8172
    0.5313    0.6952   -0.4842
...    85 T-A ...
 -144.8300  -37.5467   17.5285
    0.2057   -0.6332   -0.7461
   -0.8145    0.3118   -0.4892
    0.5424    0.7084   -0.4516
...    86 T-A ...
 -142.7358  -35.4013   16.2205
   -0.2876   -0.2861   -0.9140
   -0.7768    0.6279    0.0478
    0.5603    0.7237   -0.4029
...    87 T-A ...
 -140.7082  -33.1469   15.0459
   -0.6599    0.1967   -0.7252
   -0.4628    0.6539    0.5985
    0.5920    0.7305   -0.3405
...    88 C-G ...
 -138.7184  -30.5712   14.1768
   -0.7934    0.5669   -0.2219
    0.0280    0.3982    0.9169
    0.6081    0.7212   -0.3317
...    89 A-T ...
 -136.3479  -28.2808   13.4164
   -0.6891    0.6248    0.3670
    0.4705    0.0005    0.8824
    0.5511    0.7808   -0.2943
...    90 T-A ...
 -134.9004  -25.6643   12.1270
   -0.3828    0.5125    0.7686
    0.7499   -0.3135    0.5825
    0.5395    0.7994   -0.2643
...    91 G-C ...
 -133.1728  -22.7657   11.2578
    0.0582    0.1491    0.9871
    0.8261   -0.5624    0.0362
    0.5605    0.8133   -0.1559
...    92 T-A ...
 -131.8561  -19.7221   10.9655
    0.4541   -0.1903    0.8704
    0.6778   -0.5603   -0.4761
    0.5783    0.8061   -0.1255
...    93 T-A ...
 -130.0524  -17.1503   10.8487
    0.6951   -0.5199    0.4966
    0.3471   -0.3623   -0.8650
    0.6296    0.7736   -0.0714
...    94 A-T ...
 -127.7730  -14.7733   10.6462
    0.6904   -0.7223   -0.0411
   -0.0558    0.0035   -0.9984
    0.7213    0.6916   -0.0379
...    95 T-A ...
 -125.3088  -12.7501   11.2456
    0.5693   -0.6271   -0.5316
   -0.3792    0.3735   -0.8466
    0.7295    0.6835   -0.0252
...    96 A-T ...
 -122.8708  -10.4570   11.0460
    0.2157   -0.3140   -0.9246
   -0.6060    0.6995   -0.3789
    0.7657    0.6420   -0.0394
...    97 A-T ...
 -120.2722   -8.5972   10.9624
   -0.1563    0.1373   -0.9781
   -0.6145    0.7618    0.2051
    0.7733    0.6331   -0.0347
...    98 C-G ...
 -117.2381   -6.9906   10.5275
   -0.4512    0.5485   -0.7040
   -0.4303    0.5574    0.7100
    0.7819    0.6233   -0.0155
...    99 G-C ...
 -114.8832   -4.7253   10.6041
   -0.6594    0.7364   -0.1513
   -0.0662    0.1436    0.9874
    0.7489    0.6611   -0.0460
...   100 G-C ...
 -112.5135   -2.4600   10.2691
   -0.6553    0.6460    0.3915
    0.3010   -0.2522    0.9197
    0.6928    0.7205   -0.0292
...   101 A-T ...
 -110.2629   -0.0264    9.9674
   -0.3839    0.3586    0.8509
    0.6167   -0.5862    0.5254
    0.6872    0.7265    0.0039
...   102 A-T ...
 -108.2000    2.5104    9.9362
    0.0281   -0.0461    0.9985
    0.7132   -0.6990   -0.0524
    0.7004    0.7137    0.0132
...   103 T-A ...
 -106.3434    5.2509   10.2163
    0.3779   -0.4088    0.8307
    0.5969   -0.5783   -0.5562
    0.7077    0.7060    0.0255
...   104 G-C ...
 -104.0044    7.5962   10.6437
    0.5828   -0.7460    0.3223
    0.2790   -0.1888   -0.9415
    0.7632    0.6386    0.0981
...   105 C-G ...
 -101.3600    9.3511   11.4126
    0.5865   -0.7738   -0.2392
   -0.0727    0.2439   -0.9671
    0.8067    0.5846    0.0867
...   106 T-A ...
  -98.2998   10.8702   12.0077
    0.4231   -0.5184   -0.7431
   -0.3416    0.6684   -0.6607
    0.8392    0.5334    0.1057
...   107 T-A ...
  -95.4740   12.3318   12.4022
    0.1253   -0.0830   -0.9886
   -0.4913    0.8606   -0.1345
    0.8620    0.5025    0.0670
...   108 C-G ...
  -92.4828   13.7976   12.4350
   -0.2011    0.4186   -0.8856
   -0.4540    0.7613    0.4629
    0.8680    0.4952    0.0369
...   109 C-G ...
  -89.5796   15.3440   12.3735
   -0.4849    0.7077   -0.5138
   -0.2643    0.4415    0.8575
    0.8337    0.5516   -0.0270
...   110 G-C ...
  -87.1405   17.1965   12.5618
   -0.6191    0.7853   -0.0007
    0.0404    0.0328    0.9986
    0.7843    0.6182   -0.0520
...   111 G-C ...
  -84.7970   19.5898   12.2160
   -0.5334    0.6378    0.5555
    0.3940   -0.3938    0.8305
    0.7485    0.6619   -0.0413
...   112 C-G ...
  -82.6890   22.1670   11.8371
   -0.2591    0.2926    0.9205
    0.6219   -0.6787    0.3908
    0.7390    0.6737   -0.0061
...   113 T-A ...
  -80.4160   24.5782   11.8311
    0.0692   -0.1328    0.9887
    0.6686   -0.7294   -0.1448
    0.7404    0.6711    0.0384
...   114 C-G ...
  -77.9256   26.7671   12.0740
    0.4076   -0.5554    0.7249
    0.5194   -0.5119   -0.6842
    0.7511    0.6554    0.0798
...   115 G-C ...
  -75.2000   28.6707   11.9659
    0.5572   -0.8073    0.1942
    0.1988   -0.0974   -0.9752
    0.8062    0.5820    0.1062
...   116 T-A ...
  -72.4376   30.1853   12.9501
    0.5298   -0.7713   -0.3528
   -0.1157    0.3464   -0.9309
    0.8402    0.5340    0.0943
...   117 A-T ...
  -69.3272   31.4806   13.6747
    0.2841   -0.5009   -0.8176
   -0.3520    0.7387   -0.5749
    0.8918    0.4511    0.0336
...   118 T-A ...
  -66.2054   32.2850   14.0513
    0.0730   -0.0673   -0.9951
   -0.4400    0.8932   -0.0927
    0.8950    0.4446    0.0356
...   119 A-T ...
  -63.2829   33.9152   14.1423
   -0.2354    0.4441   -0.8645
   -0.3680    0.7826    0.5022
    0.8995    0.4363   -0.0208
...   120 A-T ...
  -60.2900   35.1033   13.7868
   -0.4109    0.8022   -0.4331
   -0.1595    0.4045    0.9005
    0.8976    0.4391   -0.0383
...   121 T-A ...
  -57.3211   36.4018   12.9632
   -0.4221    0.9015    0.0958
    0.0809   -0.0678    0.9944
    0.9029    0.4275   -0.0444
...   122 G-C ...
  -54.3078   37.9781   12.6446
   -0.3390    0.6651    0.6653
    0.3191   -0.5840    0.7464
    0.8850    0.4654   -0.0142
...   123 T-A ...
  -51.6336   39.8638   12.3444
   -0.1362    0.2817    0.9498
    0.4438   -0.8398    0.3127
    0.8857    0.4641   -0.0106
...   124 G-C ...
  -48.7210   41.4940   12.3823
    0.0850   -0.2805    0.9561
    0.4602   -0.8400   -0.2874
    0.8838    0.4644    0.0576
...   125 T-A ...
  -46.1343   43.3642   12.8062
    0.2704   -0.6928    0.6685
    0.3500   -0.5761   -0.7386
    0.8969    0.4337    0.0866
...   126 C-G ...
  -43.2923   44.7215   13.1722
    0.4205   -0.9003    0.1126
    0.1309   -0.0626   -0.9894
    0.8978    0.4308    0.0915
...   127 G-C ...
  -40.2371   45.9403   13.0088
    0.2428   -0.8840   -0.3994
   -0.0647    0.3961   -0.9159
    0.9679    0.2482    0.0390
...   128 A-T ...
  -37.2045   46.7806   13.2317
    0.1429   -0.4982   -0.8552
   -0.2085    0.8295   -0.5180
    0.9675    0.2524    0.0146
...   129 C-G ...
  -33.9256   46.8361   13.5530
   -0.0382   -0.0053   -0.9993
   -0.2325    0.9726    0.0038
    0.9719    0.2324   -0.0384
...   130 C-G ...
  -30.5863   47.1347   12.8644
   -0.2650    0.4644   -0.8451
   -0.1258    0.8522    0.5078
    0.9560    0.2409   -0.1674
...   131 A-T ...
  -27.5422   48.5186   12.5480
   -0.3861    0.8341   -0.3940
    0.0865    0.4580    0.8847
    0.9184    0.3075   -0.2490
...   132 A-T ...
  -24.6209   49.5838   11.4841
   -0.2573    0.9498    0.1780
    0.3050   -0.0950    0.9476
    0.9169    0.2981   -0.2653
...   133 A-T ...
  -21.7754   50.6342   10.2348
    0.0267    0.7254    0.6878
    0.3835   -0.6428    0.6631
    0.9232    0.2461   -0.2953
...   134 T-A ...
  -19.0159   52.0244    8.9250
    0.2452    0.2905    0.9249
    0.3073   -0.9281    0.2101
    0.9195    0.2328   -0.3169
...   135 G-C ...
  -16.4637   53.8825    7.5153
    0.5339   -0.3333    0.7771
    0.0346   -0.9097   -0.4139
    0.8449    0.2479   -0.4741
...   136 T-A ...
  -14.1749   56.5547    6.1808
    0.5795   -0.7269    0.3685
   -0.3141   -0.6164   -0.7221
    0.7521    0.3026   -0.5855
...   137 G-C ...
  -11.6538   57.9992    4.7204
    0.2452   -0.9542   -0.1714
   -0.6323   -0.0234   -0.7744
    0.7349    0.2983   -0.6091
...   138 A-T ...
   -8.6758   58.7133    3.6024
   -0.0345   -0.7815   -0.6229
   -0.6536    0.4891   -0.5775
    0.7560    0.3872   -0.5277
...   139 G-C ...
   -6.3274   59.0727    1.6296
   -0.2969   -0.3279   -0.8968
   -0.5657    0.8171   -0.1114
    0.7693    0.4742   -0.4281
...   140 C-G ...
   -3.4368   60.2279    1.0287
   -0.4426    0.2287   -0.8671
   -0.1681    0.9286    0.3308
    0.8808    0.2922   -0.3725
...   141 G-C ...
   -0.6976   63.8912   -2.2510
   -0.9992    0.0157   -0.0376
   -0.0024    0.8991    0.4378
    0.0407    0.4375   -0.8983
...   142 C-G ...
   -1.0064   65.5988   -4.9401
   -0.8337    0.5216    0.1813
    0.5170    0.6219    0.5881
    0.1940    0.5841   -0.7882
...   143 T-A ...
   -0.1332   66.2084   -7.8196
   -0.3753    0.8566    0.3540
    0.8856    0.2187    0.4098
    0.2736    0.4673   -0.8407
...   144 C-G ...
   -0.1665   67.4020  -10.8067
    0.1798    0.8793    0.4411
    0.9277   -0.3007    0.2214
    0.3273    0.3694   -0.8697
...   145 A-T ...
    0.5267   69.2313  -13.4659
    0.7352    0.4964    0.4616
    0.6118   -0.7791   -0.1367
    0.2918    0.3829   -0.8765
...   146 C-G ...
    1.4339   72.0892  -15.6019
    0.9809    0.0621    0.1844
    0.1264   -0.9240   -0.3608
    0.1480    0.3772   -0.9142
...   147 A-T ...
    2.3048   74.2222  -18.3863
    0.8657   -0.4292   -0.2575
   -0.4984   -0.7868   -0.3642
   -0.0463    0.4436   -0.8950
