  147 base-pairs
...     1 A-T ...
    0.0000    0.0000    0.0000
    1.0000    0.0000    0.0000
    0.0000    1.0000    0.0000
    0.0000    0.0000    1.0000
...     2 G-C ...
   -0.1394   -1.2357    3.2268
    0.7529    0.6366    0.1670
   -0.6386    0.7680   -0.0486
   -0.1592   -0.0700    0.9848
...     3 T-A ...
   -0.0365   -3.2932    6.3751
    0.2722    0.9301    0.2466
   -0.9238    0.3243   -0.2033
   -0.2691   -0.1725    0.9475
...     4 G-C ...
   -0.3505   -4.1660    9.4928
   -0.3756    0.9250    0.0579
   -0.8781   -0.3352   -0.3415
   -0.2965   -0.1791    0.9381
...     5 A-T ...
   -0.4462   -4.1476   12.7498
   -0.8116    0.5840   -0.0165
   -0.5523   -0.7762   -0.3042
   -0.1905   -0.2378    0.9524
...     6 G-C ...
   -1.5908   -4.1730   15.6201
   -0.9976    0.0246   -0.0651
   -0.0043   -0.9555   -0.2950
   -0.0695   -0.2940    0.9533
...     7 C-G ...
   -1.1030   -4.4824   18.7362
   -0.8441   -0.5304   -0.0787
    0.5345   -0.8441   -0.0432
   -0.0435   -0.0785    0.9960
...     8 G-C ...
   -2.4028   -7.7290   23.1475
   -0.2754   -0.3293   -0.9032
    0.6650   -0.7437    0.0684
   -0.6942   -0.5818    0.4238
...     9 C-G ...
   -4.4690   -9.9728   24.1132
    0.1145   -0.7025   -0.7024
    0.8512   -0.2952    0.4340
   -0.5122   -0.6476    0.5642
...    10 T-A ...
   -6.7405  -10.8752   25.9697
    0.4841   -0.8363   -0.2574
    0.6595    0.1553    0.7355
   -0.5751   -0.5258    0.6267
...    11 C-G ...
   -9.1656  -12.6208   27.1640
    0.7073   -0.6682    0.2307
    0.3448    0.6110    0.7126
   -0.6171   -0.4245    0.6626
...    12 A-T ...
  -10.9234  -14.6633   29.0693
    0.7515   -0.1377    0.6452
   -0.2029    0.8824    0.4246
   -0.6277   -0.4500    0.6352
...    13 C-G ...
  -11.8476  -17.4863   31.2451
    0.4295    0.2823    0.8578
   -0.5708    0.8209    0.0156
   -0.6998   -0.4963    0.5137
...    14 A-T ...
  -13.5897  -19.7827   33.4259
   -0.1504    0.6104    0.7777
   -0.6874    0.5008   -0.5260
   -0.7106   -0.6136    0.3443
...    15 A-T ...
  -15.8213  -21.7938   34.6409
   -0.4832    0.8112    0.3294
   -0.4892    0.0618   -0.8700
   -0.7261   -0.5815    0.3670
...    16 T-A ...
  -17.9204  -23.6237   36.5677
   -0.6937    0.6993   -0.1727
   -0.1519   -0.3763   -0.9139
   -0.7041   -0.6077    0.3673
...    17 T-A ...
  -20.1921  -25.3944   38.1506
   -0.6787    0.3255   -0.6584
    0.2825   -0.7118   -0.6431
   -0.6779   -0.6224    0.3911
...    18 T-A ...
  -22.4938  -27.1845   39.5551
   -0.4031   -0.1191   -0.9074
    0.6080   -0.7759   -0.1683
   -0.6840   -0.6195    0.3852
...    19 A-T ...
  -24.6522  -29.4200   40.7701
    0.0473   -0.5104   -0.8587
    0.7194   -0.5790    0.3837
   -0.6930   -0.6359    0.3398
...    20 T-A ...
  -27.4026  -31.1211   41.5377
    0.3901   -0.7503   -0.5337
    0.6012   -0.2314    0.7649
   -0.6974   -0.6192    0.3608
...    21 T-A ...
  -29.8426  -33.1069   42.4404
    0.6531   -0.7573   -0.0063
    0.2755    0.2299    0.9334
   -0.7054   -0.6113    0.3588
...    22 C-G ...
  -32.1401  -35.1515   43.5727
    0.7159   -0.4682    0.5180
   -0.1558    0.6160    0.7722
   -0.6806   -0.6335    0.3680
...    23 G-C ...
  -34.4630  -36.8643   45.3076
    0.6064    0.0419    0.7940
   -0.5404    0.7542    0.3729
   -0.5833   -0.6553    0.4800
...    24 C-G ...
  -36.1083  -39.2649   46.7823
    0.2748    0.4658    0.8412
   -0.7728    0.6275   -0.0950
   -0.5721   -0.6239    0.5323
...    25 A-T ...
  -38.1908  -41.1531   48.4522
   -0.1291    0.7906    0.5986
   -0.8028    0.2710   -0.5311
   -0.5821   -0.5491    0.5997
...    26 A-T ...
  -39.9498  -42.8846   50.6040
   -0.5375    0.8204    0.1951
   -0.6046   -0.2136   -0.7673
   -0.5878   -0.5304    0.6109
...    27 A-T ...
  -41.6302  -44.4393   52.9070
   -0.7838    0.5596   -0.2694
   -0.1985   -0.6367   -0.7451
   -0.5885   -0.5306    0.6101
...    28 G-C ...
  -43.6808  -45.7367   55.2363
   -0.7317    0.1870   -0.6555
    0.2128   -0.8509   -0.4802
   -0.6476   -0.4909    0.5828
...    29 G-C ...
  -46.1986  -47.0280   57.1965
   -0.4388   -0.2680   -0.8577
    0.5599   -0.8281   -0.0277
   -0.7028   -0.4924    0.5134
...    30 C-G ...
  -48.8223  -48.3667   58.6014
   -0.0324   -0.6434   -0.7648
    0.6852   -0.5714    0.4517
   -0.7276   -0.5094    0.4594
...    31 C-G ...
  -51.4783  -49.8657   59.9853
    0.3955   -0.8142   -0.4252
    0.5744   -0.1420    0.8062
   -0.7167   -0.5630    0.4115
...    32 G-C ...
  -53.3994  -51.7584   61.4040
    0.6882   -0.7255   -0.0015
    0.2719    0.2560    0.9276
   -0.6726   -0.6388    0.3734
...    33 G-C ...
  -55.3123  -54.3419   62.4509
    0.7538   -0.4400    0.4881
   -0.1727    0.5840    0.7932
   -0.6340   -0.6821    0.3643
...    34 C-G ...
  -57.1844  -56.8296   63.4357
    0.5610   -0.0275    0.8274
   -0.5589    0.7247    0.4030
   -0.6107   -0.6885    0.3912
...    35 C-G ...
  -58.8566  -59.3762   64.9393
    0.1965    0.4098    0.8907
   -0.7782    0.6178   -0.1125
   -0.5964   -0.6711    0.4403
...    36 C-G ...
  -60.5676  -61.7525   66.5794
   -0.2128    0.7140    0.6670
   -0.7690    0.2987   -0.5651
   -0.6028   -0.6332    0.4855
...    37 G-C ...
  -62.9181  -63.8664   67.5639
   -0.5202    0.8264    0.2153
   -0.5314   -0.1159   -0.8391
   -0.6685   -0.5510    0.4995
...    38 A-T ...
  -64.9007  -65.7096   69.1520
   -0.7136    0.6272   -0.3121
   -0.1229   -0.5507   -0.8256
   -0.6897   -0.5508    0.4701
...    39 C-G ...
  -67.2592  -66.9861   70.8687
   -0.6282    0.3053   -0.7156
    0.2377   -0.8005   -0.5502
   -0.7408   -0.5157    0.4303
...    40 A-T ...
  -69.8961  -68.5173   72.1843
   -0.3066   -0.1054   -0.9460
    0.5010   -0.8629   -0.0662
   -0.8093   -0.4943    0.3174
...    41 C-G ...
  -72.8605  -69.7711   72.8142
    0.0292   -0.4922   -0.8700
    0.5627   -0.7113    0.4213
   -0.8261   -0.5019    0.2562
...    42 G-C ...
  -75.3327  -71.7825   73.7304
    0.3901   -0.7808   -0.4881
    0.3829   -0.3445    0.8572
   -0.8374   -0.5213    0.1645
...    43 A-T ...
  -78.0072  -73.4225   74.1853
    0.5321   -0.8402    0.1047
    0.0831    0.1749    0.9811
   -0.8426   -0.5133    0.1628
...    44 C-G ...
  -80.6712  -75.4123   74.1080
    0.5122   -0.6155    0.5990
   -0.2200    0.5801    0.7843
   -0.8302   -0.5335    0.1617
...    45 T-A ...
  -83.2859  -77.9494   74.3125
    0.3005   -0.2071    0.9310
   -0.4505    0.8296    0.3300
   -0.8407   -0.5186    0.1560
...    46 T-A ...
  -85.7925  -80.0158   74.6075
    0.0042    0.2230    0.9748
   -0.5109    0.8385   -0.1896
   -0.8596   -0.4972    0.1174
...    47 A-T ...
  -88.5649  -81.7323   75.1625
   -0.1818    0.6897    0.7009
   -0.4344    0.5831   -0.6865
   -0.8822   -0.4292    0.1936
...    48 C-G ...
  -91.1329  -83.4146   76.3117
   -0.3277    0.9139    0.2395
   -0.2770    0.1494   -0.9492
   -0.9032   -0.3774    0.2042
...    49 T-A ...
  -94.0554  -84.5263   77.4866
   -0.3293    0.8969   -0.2953
   -0.1027   -0.3449   -0.9330
   -0.9386   -0.2770    0.2057
...    50 G-C ...
  -97.3872  -84.9983   78.1066
   -0.1457    0.6192   -0.7716
    0.0352   -0.7762   -0.6295
   -0.9887   -0.1188    0.0913
...    51 T-A ...
 -100.5309  -84.8176   78.5834
   -0.0243    0.1997   -0.9796
    0.0702   -0.9771   -0.2009
   -0.9972   -0.0736    0.0097
...    52 A-T ...
 -103.7917  -84.4440   78.1148
    0.1907   -0.3137   -0.9302
   -0.0179   -0.9485    0.3162
   -0.9815   -0.0437   -0.1865
...    53 G-C ...
 -106.8785  -84.2039   77.2446
    0.2259   -0.7312   -0.6437
   -0.1678   -0.6801    0.7137
   -0.9596   -0.0532   -0.2763
...    54 G-C ...
 -110.0335  -84.0805   75.3764
    0.1393   -0.9786   -0.1512
   -0.3041   -0.1876    0.9340
   -0.9424   -0.0841   -0.3237
...    55 T-A ...
 -112.9283  -84.5189   73.8330
   -0.0667   -0.9363    0.3449
   -0.3433    0.3461    0.8731
   -0.9369   -0.0602   -0.3445
...    56 A-T ...
 -115.9423  -84.9338   72.3734
   -0.2739   -0.5493    0.7895
   -0.2333    0.8343    0.4996
   -0.9330   -0.0473   -0.3566
...    57 T-A ...
 -118.8098  -85.7514   70.9276
   -0.3912   -0.0499    0.9190
   -0.0335    0.9986    0.0400
   -0.9197   -0.0152   -0.3923
...    58 C-G ...
 -121.9507  -86.0786   69.7555
   -0.3267    0.5690    0.7546
    0.2444    0.8222   -0.5141
   -0.9130    0.0165   -0.4077
...    59 T-A ...
 -125.1178  -86.0590   68.7226
   -0.0753    0.9036    0.4218
    0.3821    0.4168   -0.8248
   -0.9210    0.0991   -0.3766
...    60 C-G ...
 -128.2492  -85.6542   67.6058
    0.2260    0.9718   -0.0670
    0.3510   -0.1454   -0.9250
   -0.9087    0.1856   -0.3740
...    61 G-C ...
 -130.9709  -84.7156   65.9885
    0.6159    0.7030   -0.3555
    0.1550   -0.5505   -0.8203
   -0.7724    0.4502   -0.4480
...    62 A-T ...
 -133.4374  -83.0435   64.5056
    0.6676    0.2474   -0.7022
   -0.2261   -0.8313   -0.5078
   -0.7093    0.4978   -0.4991
...    63 G-C ...
 -135.4137  -80.9932   62.7749
    0.5173   -0.2451   -0.8200
   -0.5731   -0.8107   -0.1193
   -0.6355    0.5316   -0.5599
...    64 C-G ...
 -137.0890  -78.9120   60.6521
    0.1116   -0.6823   -0.7225
   -0.7952   -0.4973    0.3469
   -0.5960    0.5358   -0.5981
...    65 T-A ...
 -138.8459  -77.0851   58.5731
   -0.3382   -0.8344   -0.4352
   -0.7591   -0.0314    0.6502
   -0.5562    0.5503   -0.6228
...    66 C-G ...
 -140.8961  -75.3832   56.6604
   -0.7364   -0.6758    0.0308
   -0.4215    0.4939    0.7605
   -0.5292    0.5471   -0.6486
...    67 G-C ...
 -142.9290  -72.8283   55.3242
   -0.8362   -0.2769    0.4734
    0.0781    0.7942    0.6026
   -0.5429    0.5409   -0.6424
...    68 G-C ...
 -144.5619  -71.0169   53.0290
   -0.6213    0.1791    0.7628
    0.5662    0.7756    0.2791
   -0.5417    0.6053   -0.5833
...    69 G-C ...
 -146.4640  -69.1671   50.9908
   -0.1635    0.4927    0.8547
    0.8153    0.5553   -0.1642
   -0.5556    0.6699   -0.4925
...    70 A-T ...
 -148.4675  -67.0435   49.4481
    0.3695    0.6822    0.6309
    0.7649    0.1621   -0.6234
   -0.5276    0.7129   -0.4620
...    71 T-A ...
 -150.5305  -64.6746   48.4850
    0.7334    0.6310    0.2531
    0.4697   -0.2012   -0.8596
   -0.4915    0.7493   -0.4439
...    72 C-G ...
 -152.0325  -62.0472   47.2470
    0.9047    0.3480   -0.2456
   -0.0412   -0.5023   -0.8637
   -0.4239    0.7916   -0.4401
...    73 C-G ...
 -153.2727  -59.3050   45.9590
    0.8097   -0.0651   -0.5832
   -0.5053   -0.5826   -0.6366
   -0.2983    0.8101   -0.5047
...    74 G-C ...
 -154.2650  -56.9006   43.9164
    0.4504   -0.4805   -0.7525
   -0.8773   -0.3946   -0.2731
   -0.1657    0.7832   -0.5993
...    75 C-G ...
 -154.2002  -54.2416   41.6805
   -0.1333   -0.6247   -0.7694
   -0.9834   -0.0129    0.1808
   -0.1229    0.7807   -0.6127
...    76 T-A ...
 -154.2827  -51.9361   39.0493
   -0.6731   -0.5011   -0.5439
   -0.7377    0.4038    0.5410
   -0.0514    0.7654   -0.6415
...    77 T-A ...
 -154.1657  -49.6346   36.7221
   -0.9804   -0.0997   -0.1698
   -0.1948    0.6151    0.7640
    0.0283    0.7821   -0.6225
...    78 T-A ...
 -153.9282  -47.3217   34.3953
   -0.9063    0.3291    0.2653
    0.4103    0.5338    0.7394
    0.1017    0.7789   -0.6188
...    79 A-T ...
 -152.8927  -44.6090   32.7285
   -0.4641    0.6231    0.6296
    0.8701    0.1874    0.4559
    0.1660    0.7594   -0.6291
...    80 A-T ...
 -152.4940  -42.1838   30.7044
    0.0883    0.6006    0.7947
    0.9763   -0.2105    0.0507
    0.1977    0.7713   -0.6049
...    81 C-G ...
 -152.3995  -39.4001   28.8510
    0.5763    0.3667    0.7303
    0.7829   -0.5040   -0.3648
    0.2344    0.7820   -0.5775
...    82 A-T ...
 -151.5229  -36.6760   27.1168
    0.8756   -0.0800    0.4763
    0.3396   -0.5994   -0.7249
    0.3434    0.7965   -0.4977
...    83 C-G ...
 -150.1808  -33.7893   26.1177
    0.9064   -0.4184    0.0585
   -0.1507   -0.4497   -0.8804
    0.3947    0.7891   -0.4706
...    84 T-A ...
 -148.3312  -30.9221   25.0054
    0.6267   -0.6577   -0.4179
   -0.6233   -0.1012   -0.7754
    0.4677    0.7465   -0.4733
...    85 T-A ...
 -146.4881  -28.5582   23.7064
    0.1595   -0.5708   -0.8054
   -0.8637    0.3145   -0.3939
    0.4782    0.7584   -0.4429
...    86 T-A ...
 -144.6314  -26.2248   22.3754
   -0.3480   -0.2601   -0.9007
   -0.7989    0.5850    0.1397
    0.4906    0.7682   -0.4114
...    87 A-T ...
 -143.0946  -23.3937   21.1623
   -0.7574    0.2256   -0.6127
   -0.3868    0.6010    0.6994
    0.5260    0.7668   -0.3680
...    88 T-A ...
 -141.2517  -21.3343   19.3917
   -0.8558    0.4769   -0.2003
    0.0216    0.4197    0.9074
    0.5168    0.7723   -0.3695
...    89 G-C ...
 -139.7398  -18.7491   17.9647
   -0.7094    0.5616    0.4259
    0.5522    0.0673    0.8310
    0.4380    0.8247   -0.3578
...    90 C-G ...
 -138.7219  -15.8984   16.7356
   -0.3183    0.4631    0.8272
    0.8379   -0.2707    0.4739
    0.4434    0.8440   -0.3019
...    91 T-A ...
 -137.6084  -12.8237   15.6755
    0.1866    0.1890    0.9641
    0.8773   -0.4737   -0.0769
    0.4422    0.8602   -0.2542
...    92 T-A ...
 -136.3407   -9.9683   15.0039
    0.6052   -0.1610    0.7797
    0.6387   -0.4864   -0.5962
    0.4752    0.8588   -0.1915
...    93 C-G ...
 -134.7347   -7.1113   14.6929
    0.8154   -0.4783    0.3263
    0.2020   -0.2931   -0.9345
    0.5426    0.8279   -0.1424
...    94 C-G ...
 -132.9090   -4.3924   14.4418
    0.7264   -0.6627   -0.1819
   -0.2329    0.0116   -0.9724
    0.6466    0.7488   -0.1460
...    95 G-C ...
 -130.7973   -2.2959   13.6859
    0.4293   -0.6501   -0.6269
   -0.5250    0.3852   -0.7589
    0.7349    0.6549   -0.1759
...    96 G-C ...
 -127.9910   -0.5999   12.8842
    0.0281   -0.3714   -0.9281
   -0.6304    0.7139   -0.3048
    0.7757    0.5937   -0.2140
...    97 C-G ...
 -125.0848    0.8239   11.9631
   -0.3476    0.0657   -0.9353
   -0.5224    0.8148    0.2514
    0.7786    0.5760   -0.2490
...    98 T-A ...
 -122.4105    2.5354   11.0569
   -0.5811    0.4829   -0.6551
   -0.2389    0.6683    0.7045
    0.7780    0.5659   -0.2730
...    99 C-G ...
 -119.7793    4.3725   10.2599
   -0.6111    0.7848   -0.1035
    0.1431    0.2381    0.9606
    0.7785    0.5722   -0.2578
...   100 T-A ...
 -117.3693    6.3974    9.1370
   -0.4799    0.7618    0.4352
    0.4516   -0.2108    0.8670
    0.7522    0.6126   -0.2428
...   101 C-G ...
 -114.9794    8.5168    8.4416
   -0.1729    0.4936    0.8524
    0.6394   -0.6020    0.4783
    0.7492    0.6277   -0.2115
...   102 A-T ...
 -112.4087   10.5309    7.5932
    0.1213    0.0073    0.9926
    0.6509   -0.7555   -0.0740
    0.7494    0.6551   -0.0963
...   103 T-A ...
 -110.2663   12.9741    7.5430
    0.3873   -0.4022    0.8296
    0.5128   -0.6539   -0.5563
    0.7662    0.6409   -0.0470
...   104 G-C ...
 -107.6066   15.2047    7.6848
    0.5233   -0.7724    0.3599
    0.2104   -0.2922   -0.9329
    0.8257    0.5640    0.0096
...   105 T-A ...
 -104.9127   17.0613    8.4073
    0.5369   -0.8240   -0.1809
   -0.0861    0.1598   -0.9834
    0.8392    0.5436    0.0149
...   106 T-A ...
 -102.1667   18.6361    8.6366
    0.3757   -0.6220   -0.6870
   -0.3479    0.5924   -0.7266
    0.8590    0.5120    0.0062
...   107 A-T ...
  -99.3142   20.3982    8.4970
    0.0569   -0.1825   -0.9816
   -0.4858    0.8538   -0.1869
    0.8722    0.4875   -0.0401
...   108 T-A ...
  -96.1903   21.3010    8.3518
   -0.1829    0.2752   -0.9438
   -0.4450    0.8329    0.3291
    0.8767    0.4802   -0.0299
...   109 A-T ...
  -93.3142   23.0776    8.3971
   -0.4245    0.7185   -0.5509
   -0.2251    0.5056    0.8329
    0.8770    0.4776   -0.0529
...   110 A-T ...
  -90.4904   24.5302    8.0406
   -0.4774    0.8787    0.0097
    0.0481    0.0151    0.9987
    0.8774    0.4772   -0.0495
...   111 C-G ...
  -87.6628   26.2832    7.1873
   -0.3690    0.7454    0.5552
    0.2956   -0.4722    0.8305
    0.8812    0.4706   -0.0461
...   112 G-C ...
  -84.7741   27.7844    7.4501
   -0.2181    0.2991    0.9290
    0.4767   -0.7980    0.3688
    0.8516    0.5232    0.0315
...   113 G-C ...
  -82.1257   29.6951    7.8280
   -0.0187   -0.2111    0.9773
    0.5511   -0.8177   -0.1661
    0.8342    0.5355    0.1316
...   114 A-T ...
  -79.4316   31.4705    8.3489
    0.2833   -0.6607    0.6951
    0.4613   -0.5416   -0.7028
    0.8408    0.5198    0.1514
...   115 G-C ...
  -76.7567   33.1536    9.5619
    0.3970   -0.8959    0.1994
    0.2507   -0.1032   -0.9626
    0.8829    0.4322    0.1836
...   116 T-A ...
  -73.9532   34.3955   10.8173
    0.4275   -0.8373   -0.3407
    0.0067    0.3798   -0.9251
    0.9040    0.3932    0.1680
...   117 A-T ...
  -70.7505   35.2129   11.7823
    0.2661   -0.5164   -0.8139
   -0.2003    0.7963   -0.5707
    0.9429    0.3149    0.1084
...   118 T-A ...
  -67.5788   35.5506   12.3910
    0.1313   -0.0525   -0.9900
   -0.3035    0.9485   -0.0906
    0.9437    0.3124    0.1086
...   119 A-T ...
  -64.4741   36.7417   12.7110
   -0.1213    0.4834   -0.8669
   -0.2910    0.8177    0.4967
    0.9490    0.3125    0.0415
...   120 A-T ...
  -61.3398   37.5464   12.5587
   -0.2878    0.8502   -0.4408
   -0.1573    0.4121    0.8975
    0.9447    0.3276    0.0151
...   121 T-A ...
  -58.2040   38.4951   11.9198
   -0.3217    0.9429    0.0867
    0.0218   -0.0841    0.9962
    0.9466    0.3224    0.0065
...   122 G-C ...
  -55.0273   39.7561   11.7810
   -0.3037    0.6920    0.6549
    0.2214   -0.6174    0.7549
    0.9267    0.3742    0.0343
...   123 T-A ...
  -52.1843   41.3947   11.6528
   -0.1534    0.2891    0.9449
    0.3483   -0.8791    0.3255
    0.9248    0.3790    0.0342
...   124 G-C ...
  -49.1395   42.7486   11.8442
    0.0233   -0.2923    0.9560
    0.3965   -0.8751   -0.2773
    0.9177    0.3856    0.0955
...   125 T-A ...
  -46.4172   44.3969   12.3851
    0.1903   -0.7164    0.6713
    0.3276   -0.5982   -0.7313
    0.9255    0.3590    0.1209
...   126 C-G ...
  -43.4886   45.5274   12.8544
    0.3463   -0.9308    0.1172
    0.1572   -0.0655   -0.9854
    0.9249    0.3596    0.1236
...   127 G-C ...
  -40.3610   46.5600   12.7640
    0.2036   -0.8910   -0.4057
   -0.0190    0.4107   -0.9116
    0.9789    0.1934    0.0667
...   128 A-T ...
  -37.3014   47.2529   13.0848
    0.1369   -0.4942   -0.8585
   -0.1543    0.8454   -0.5113
    0.9785    0.2025    0.0395
...   129 C-G ...
  -34.0304   47.1506   13.4661
   -0.0168    0.0091   -0.9998
   -0.1874    0.9822    0.0121
    0.9821    0.1875   -0.0148
...   130 C-G ...
  -30.6683   47.3003   12.8477
   -0.2310    0.4834   -0.8443
   -0.1013    0.8512    0.5151
    0.9677    0.2045   -0.1477
...   131 A-T ...
  -27.5837   48.5826   12.5040
   -0.3676    0.8407   -0.3977
    0.0891    0.4575    0.8847
    0.9257    0.2898   -0.2431
...   132 A-T ...
  -24.6403   49.6047   11.4677
   -0.2499    0.9523    0.1753
    0.3004   -0.0958    0.9490
    0.9205    0.2898   -0.2621
...   133 A-T ...
  -21.7798   50.6360   10.2294
    0.0279    0.7259    0.6872
    0.3794   -0.6437    0.6646
    0.9248    0.2422   -0.2934
...   134 T-A ...
  -19.0160   52.0244    8.9249
    0.2452    0.2905    0.9249
    0.3073   -0.9281    0.2101
    0.9195    0.2328   -0.3169
...   135 G-C ...
  -16.4638   53.8825    7.5152
    0.5339   -0.3333    0.7771
    0.0346   -0.9097   -0.4139
    0.8449    0.2479   -0.4741
...   136 T-A ...
  -14.1749   56.5547    6.1807
    0.5795   -0.7269    0.3685
   -0.3141   -0.6164   -0.7221
    0.7521    0.3026   -0.5855
...   137 G-C ...
  -11.6538   57.9992    4.7204
    0.2452   -0.9542   -0.1714
   -0.6323   -0.0234   -0.7744
    0.7349    0.2983   -0.6091
...   138 A-T ...
   -8.6759   58.7133    3.6024
   -0.0345   -0.7815   -0.6229
   -0.6536    0.4891   -0.5775
    0.7560    0.3872   -0.5277
...   139 G-C ...
   -6.3275   59.0727    1.6296
   -0.2969   -0.3279   -0.8968
   -0.5657    0.8171   -0.1114
    0.7693    0.4742   -0.4281
...   140 C-G ...
   -3.4369   60.2279    1.0286
   -0.4426    0.2287   -0.8671
   -0.1681    0.9286    0.3308
    0.8808    0.2922   -0.3725
...   141 G-C ...
   -0.6977   63.8912   -2.2510
   -0.9992    0.0157   -0.0376
   -0.0024    0.8991    0.4378
    0.0407    0.4375   -0.8983
...   142 C-G ...
   -1.0065   65.5988   -4.9401
   -0.8337    0.5216    0.1813
    0.5170    0.6219    0.5881
    0.1940    0.5841   -0.7882
...   143 T-A ...
   -0.1333   66.2084   -7.8197
   -0.3753    0.8566    0.3540
    0.8856    0.2187    0.4098
    0.2736    0.4673   -0.8407
...   144 C-G ...
   -0.1666   67.4020  -10.8068
    0.1798    0.8793    0.4411
    0.9277   -0.3007    0.2214
    0.3273    0.3694   -0.8697
...   145 A-T ...
    0.5266   69.2313  -13.4660
    0.7352    0.4964    0.4616
    0.6118   -0.7791   -0.1367
    0.2918    0.3829   -0.8765
...   146 C-G ...
    1.4338   72.0892  -15.6019
    0.9809    0.0621    0.1844
    0.1264   -0.9240   -0.3608
    0.1480    0.3772   -0.9142
...   147 A-T ...
    2.3047   74.2222  -18.3864
    0.8657   -0.4292   -0.2575
   -0.4984   -0.7868   -0.3642
   -0.0463    0.4436   -0.8950
