  147 base-pairs
...     1 A-T ...
    0.0000    0.0000    0.0000
    1.0000    0.0000    0.0000
    0.0000    1.0000    0.0000
    0.0000    0.0000    1.0000
...     2 G-C ...
   -0.1394   -1.2357    3.2268
    0.7529    0.6366    0.1670
   -0.6386    0.7680   -0.0486
   -0.1592   -0.0700    0.9848
...     3 T-A ...
   -0.0365   -3.2932    6.3751
    0.2722    0.9301    0.2466
   -0.9238    0.3243   -0.2033
   -0.2691   -0.1725    0.9475
...     4 G-C ...
   -0.3505   -4.1660    9.4928
   -0.3756    0.9250    0.0579
   -0.8781   -0.3352   -0.3415
   -0.2965   -0.1791    0.9381
...     5 A-T ...
   -0.4462   -4.1476   12.7498
   -0.8116    0.5840   -0.0165
   -0.5523   -0.7762   -0.3042
   -0.1905   -0.2378    0.9524
...     6 G-C ...
   -1.5908   -4.1730   15.6201
   -0.9976    0.0246   -0.0651
   -0.0043   -0.9555   -0.2950
   -0.0695   -0.2940    0.9533
...     7 C-G ...
   -1.1030   -4.4824   18.7362
   -0.8441   -0.5304   -0.0787
    0.5345   -0.8441   -0.0432
   -0.0435   -0.0785    0.9960
...     8 G-C ...
   -2.4028   -7.7290   23.1475
   -0.2754   -0.3293   -0.9032
    0.6650   -0.7437    0.0684
   -0.6942   -0.5818    0.4238
...     9 C-G ...
   -4.4690   -9.9728   24.1132
    0.1145   -0.7025   -0.7024
    0.8512   -0.2952    0.4340
   -0.5122   -0.6476    0.5642
...    10 T-A ...
   -6.7405  -10.8752   25.9697
    0.4841   -0.8363   -0.2574
    0.6595    0.1553    0.7355
   -0.5751   -0.5258    0.6267
...    11 C-G ...
   -9.1656  -12.6208   27.1640
    0.7073   -0.6682    0.2307
    0.3448    0.6110    0.7126
   -0.6171   -0.4245    0.6626
...    12 A-T ...
  -10.9234  -14.6633   29.0693
    0.7515   -0.1377    0.6452
   -0.2029    0.8824    0.4246
   -0.6277   -0.4500    0.6352
...    13 C-G ...
  -11.8476  -17.4863   31.2451
    0.4295    0.2823    0.8578
   -0.5708    0.8209    0.0156
   -0.6998   -0.4963    0.5137
...    14 A-T ...
  -13.5897  -19.7827   33.4259
   -0.1504    0.6104    0.7777
   -0.6874    0.5008   -0.5260
   -0.7106   -0.6136    0.3443
...    15 A-T ...
  -15.8218  -21.7946   34.6449
   -0.4902    0.8081    0.3265
   -0.4856    0.0579   -0.8723
   -0.7238   -0.5862    0.3641
...    16 T-A ...
  -17.9193  -23.6438   36.5612
   -0.6995    0.6919   -0.1788
   -0.1418   -0.3796   -0.9142
   -0.7004   -0.6141    0.3637
...    17 T-A ...
  -20.1821  -25.4409   38.1274
   -0.6774    0.3146   -0.6649
    0.2976   -0.7095   -0.6388
   -0.6727   -0.6306    0.3870
...    18 T-A ...
  -22.4701  -27.2697   39.5185
   -0.3916   -0.1317   -0.9107
    0.6232   -0.7661   -0.1572
   -0.6769   -0.6291    0.3821
...    19 A-T ...
  -24.5904  -29.5540   40.7447
    0.0713   -0.5250   -0.8481
    0.7272   -0.5546    0.4045
   -0.6827   -0.6456    0.3423
...    20 T-A ...
  -27.3073  -31.3126   41.5025
    0.4193   -0.7499   -0.5118
    0.5940   -0.1997    0.7793
   -0.6866   -0.6307    0.3617
...    21 T-A ...
  -29.7002  -33.3505   42.4102
    0.6751   -0.7373    0.0238
    0.2491    0.2582    0.9334
   -0.6944   -0.6242    0.3580
...    22 C-G ...
  -31.9528  -35.4439   43.5515
    0.7174   -0.4324    0.5463
   -0.1943    0.6288    0.7529
   -0.6690   -0.6463    0.3671
...    23 G-C ...
  -34.2437  -37.2065   45.2894
    0.5835    0.0819    0.8080
   -0.5772    0.7417    0.3416
   -0.5713   -0.6657    0.4800
...    24 C-G ...
  -35.8367  -39.6376   46.7816
    0.2330    0.4948    0.8372
   -0.7936    0.5943   -0.1304
   -0.5621   -0.6340    0.5311
...    25 A-T ...
  -37.9346  -41.5587   48.4204
   -0.1904    0.7961    0.5745
   -0.7948    0.2185   -0.5662
   -0.5763   -0.5644    0.5911
...    26 A-T ...
  -39.6913  -43.3354   50.5414
   -0.5905    0.7925    0.1527
   -0.5593   -0.2654   -0.7854
   -0.5819   -0.5491    0.5999
...    27 A-T ...
  -41.3800  -44.9467   52.8045
   -0.8049    0.5016   -0.3171
   -0.1246   -0.6653   -0.7361
   -0.5802   -0.5530    0.5980
...    28 G-C ...
  -43.4473  -46.3335   55.0737
   -0.7117    0.1181   -0.6925
    0.2934   -0.8457   -0.4457
   -0.6383   -0.5204    0.5672
...    29 G-C ...
  -45.9464  -47.7699   56.9618
   -0.3754   -0.3265   -0.8675
    0.6213   -0.7832    0.0259
   -0.6878   -0.5292    0.4968
...    30 C-G ...
  -48.5223  -49.2726   58.2985
    0.0571   -0.6696   -0.7405
    0.7042   -0.4988    0.5052
   -0.7077   -0.5504    0.4431
...    31 C-G ...
  -51.1093  -50.9470   59.6149
    0.4816   -0.7940   -0.3709
    0.5399   -0.0646    0.8393
   -0.6903   -0.6045    0.3976
...    32 G-C ...
  -52.9472  -52.9435   61.0305
    0.7453   -0.6632    0.0684
    0.1961    0.3162    0.9282
   -0.6372   -0.6784    0.3657
...    33 G-C ...
  -54.7062  -55.6263   62.1021
    0.7585   -0.3498    0.5498
   -0.2680    0.6016    0.7525
   -0.5940   -0.7182    0.3626
...    34 C-G ...
  -56.4161  -58.2253   63.1121
    0.5088    0.0630    0.8586
   -0.6442    0.6895    0.3311
   -0.5711   -0.7216    0.3914
...    35 C-G ...
  -57.9564  -60.8345   64.6600
    0.0993    0.4703    0.8769
   -0.8222    0.5352   -0.1939
   -0.5605   -0.7017    0.4398
...    36 C-G ...
  -59.5569  -63.2802   66.3295
   -0.3273    0.7240    0.6072
   -0.7527    0.1887   -0.6307
   -0.5713   -0.6634    0.4832
...    37 G-C ...
  -61.7868  -65.5792   67.2551
   -0.6183    0.7759    0.1250
   -0.4514   -0.2203   -0.8647
   -0.6434   -0.5911    0.4864
...    38 A-T ...
  -63.6899  -67.5335   68.8216
   -0.7506    0.5232   -0.4037
    0.0008   -0.6102   -0.7922
   -0.6608   -0.5949    0.4576
...    39 C-G ...
  -66.0210  -68.9660   70.4570
   -0.6001    0.1833   -0.7787
    0.3670   -0.8018   -0.4716
   -0.7108   -0.5688    0.4138
...    40 A-T ...
  -68.5636  -70.7330   71.6884
   -0.2156   -0.2140   -0.9527
    0.6020   -0.7974    0.0429
   -0.7689   -0.5643    0.3007
...    41 C-G ...
  -71.4055  -72.2962   72.2204
    0.1579   -0.5547   -0.8169
    0.6062   -0.5986    0.5237
   -0.7795   -0.5779    0.2417
...    42 G-C ...
  -73.6894  -74.5217   73.1546
    0.5195   -0.7663   -0.3779
    0.3481   -0.2141    0.9127
   -0.7804   -0.6057    0.1555
...    43 A-T ...
  -76.1840  -76.4395   73.5821
    0.6172   -0.7524    0.2303
   -0.0225    0.2757    0.9610
   -0.7865   -0.5983    0.1532
...    44 C-G ...
  -78.5801  -78.7473   73.5252
    0.5274   -0.4833    0.6988
   -0.3556    0.6214    0.6982
   -0.7716   -0.6167    0.1558
...    45 T-A ...
  -80.8925  -81.5538   73.8094
    0.2396   -0.0660    0.9686
   -0.5757    0.7937    0.1965
   -0.7817   -0.6048    0.1521
...    46 T-A ...
  -83.1630  -83.8603   74.1717
   -0.1133    0.3321    0.9364
   -0.5890    0.7366   -0.3325
   -0.8002   -0.5892    0.1121
...    47 A-T ...
  -85.7731  -85.8369   74.6921
   -0.3403    0.7383    0.5824
   -0.4302    0.4285   -0.7946
   -0.8361   -0.5209    0.1718
...    48 C-G ...
  -88.2144  -87.7124   75.8300
   -0.4646    0.8819    0.0795
   -0.1914   -0.0124   -0.9814
   -0.8646   -0.4712    0.1745
...    49 T-A ...
  -91.0601  -89.0767   77.0078
   -0.3838    0.8028   -0.4563
    0.0568   -0.4726   -0.8794
   -0.9217   -0.3635    0.1358
...    50 C-G ...
  -94.1802  -89.8695   77.3155
   -0.2008    0.4501   -0.8701
    0.2137   -0.8467   -0.4873
   -0.9560   -0.2838    0.0738
...    51 A-T ...
  -97.6023  -90.1041   77.7630
    0.0687    0.0046   -0.9976
    0.1666   -0.9860    0.0070
   -0.9836   -0.1667   -0.0685
...    52 T-A ...
 -100.8019  -90.1708   77.3114
    0.1984   -0.4636   -0.8635
    0.0843   -0.8697    0.4863
   -0.9765   -0.1693   -0.1335
...    53 G-C ...
 -104.0608  -90.6842   76.5198
    0.2756   -0.8693   -0.4103
   -0.1003   -0.4505    0.8871
   -0.9560   -0.2034   -0.2114
...    54 T-A ...
 -107.1200  -91.2300   75.2013
    0.1619   -0.9784    0.1287
   -0.2460    0.0863    0.9654
   -0.9556   -0.1880   -0.2267
...    55 T-A ...
 -110.1316  -91.8621   74.2320
   -0.0709   -0.7642    0.6410
   -0.2986    0.6294    0.7174
   -0.9518   -0.1406   -0.2728
...    56 A-T ...
 -113.4603  -91.9754   73.3769
   -0.3051   -0.1822    0.9347
   -0.1358    0.9798    0.1467
   -0.9426   -0.0822   -0.3237
...    57 T-A ...
 -116.4111  -92.9124   72.3685
   -0.3554    0.3272    0.8756
    0.0648    0.9431   -0.3262
   -0.9325   -0.0592   -0.3564
...    58 A-T ...
 -119.5056  -92.9762   71.0888
   -0.1922    0.8155    0.5459
    0.2721    0.5788   -0.7688
   -0.9429    0.0008   -0.3332
...    59 A-T ...
 -122.5264  -92.9794   70.2065
    0.0487    0.9946    0.0912
    0.3441    0.0690   -0.9364
   -0.9377    0.0770   -0.3389
...    60 C-G ...
 -125.8049  -92.4803   69.7549
    0.2913    0.8765   -0.3833
    0.2665   -0.4592   -0.8474
   -0.9188    0.1447   -0.3673
...    61 G-C ...
 -128.4440  -91.8191   67.9824
    0.5972    0.4940   -0.6319
    0.0378   -0.8043   -0.5931
   -0.8012    0.3303   -0.4990
...    62 G-C ...
 -130.4209  -90.2871   65.8242
    0.6410   -0.0342   -0.7668
   -0.3536   -0.8998   -0.2555
   -0.6812    0.4349   -0.5889
...    63 A-T ...
 -132.4665  -88.6246   63.8464
    0.3284   -0.5617   -0.7594
   -0.6886   -0.6927    0.2146
   -0.6465    0.4525   -0.6142
...    64 T-A ...
 -134.0152  -86.8683   61.5985
   -0.0637   -0.8297   -0.5545
   -0.7696   -0.3129    0.5566
   -0.6353    0.4622   -0.6186
...    65 G-C ...
 -135.9408  -85.3214   59.3324
   -0.5122   -0.8517   -0.1106
   -0.5896    0.2551    0.7664
   -0.6245    0.4578   -0.6328
...    66 T-A ...
 -137.7480  -84.1939   56.9351
   -0.7581   -0.5822    0.2938
   -0.2362    0.6650    0.7085
   -0.6079    0.4677   -0.6416
...    67 A-T ...
 -139.4472  -81.7059   55.2523
   -0.7844    0.0645    0.6169
    0.3645    0.8526    0.3743
   -0.5018    0.5185   -0.6923
...    68 G-C ...
 -141.0250  -80.1386   52.8820
   -0.4608    0.4416    0.7699
    0.7301    0.6818    0.0460
   -0.5046    0.5833   -0.6365
...    69 G-C ...
 -143.4348  -78.4812   50.8045
    0.0414    0.6732    0.7383
    0.8717    0.3368   -0.3560
   -0.4883    0.6583   -0.5729
...    70 T-A ...
 -145.2880  -76.3588   49.2682
    0.5024    0.7077    0.4967
    0.7396   -0.0542   -0.6709
   -0.4479    0.7044   -0.5506
...    71 A-T ...
 -147.0324  -73.5703   48.1111
    0.8878    0.4309    0.1614
    0.3429   -0.3856   -0.8566
   -0.3069    0.8159   -0.4901
...    72 T-A ...
 -147.9934  -70.6250   47.1545
    0.9627    0.1366   -0.2337
   -0.1305   -0.5222   -0.8428
   -0.2372    0.8418   -0.4849
...    73 C-G ...
 -148.4536  -67.5619   45.6420
    0.6997   -0.2584   -0.6661
   -0.6957   -0.4588   -0.5527
   -0.1628    0.8501   -0.5008
...    74 T-A ...
 -148.5679  -64.7534   43.9698
    0.2469   -0.5161   -0.8201
   -0.9646   -0.2122   -0.1569
   -0.0931    0.8298   -0.5502
...    75 C-G ...
 -149.1000  -62.3697   41.8482
   -0.3593   -0.5471   -0.7560
   -0.9332    0.2078    0.2931
   -0.0032    0.8109   -0.5852
...    76 G-C ...
 -149.6253  -59.6197   40.1768
   -0.8068   -0.3585   -0.4697
   -0.5906    0.5110    0.6245
    0.0162    0.7812   -0.6240
...    77 A-T ...
 -149.4950  -56.8760   38.3501
   -0.9996    0.0288   -0.0034
    0.0148    0.6073    0.7943
    0.0249    0.7939   -0.6075
...    78 G-C ...
 -149.3690  -54.3135   36.3041
   -0.8359    0.3518    0.4213
    0.5465    0.4619    0.6986
    0.0512    0.8142   -0.5783
...    79 C-G ...
 -149.4654  -51.7206   34.0739
   -0.3659    0.5221    0.7704
    0.9288    0.1535    0.3372
    0.0578    0.8389   -0.5412
...    80 T-A ...
 -149.5536  -48.9296   32.2666
    0.1506    0.4578    0.8762
    0.9846   -0.1493   -0.0912
    0.0890    0.8764   -0.4733
...    81 C-G ...
 -149.3056  -45.9339   30.8009
    0.6602    0.2281    0.7156
    0.7387   -0.3695   -0.5637
    0.1358    0.9008   -0.4125
...    82 G-C ...
 -148.2897  -43.1860   29.4859
    0.9210   -0.1109    0.3734
    0.3042   -0.3939   -0.8673
    0.2433    0.9124   -0.3291
...    83 G-C ...
 -147.2538  -40.1078   28.7522
    0.9137   -0.3905   -0.1130
   -0.2231   -0.2493   -0.9424
    0.3398    0.8862   -0.3149
...    84 G-C ...
 -145.5890  -37.2829   27.9529
    0.6105   -0.5596   -0.5604
   -0.6443    0.0606   -0.7624
    0.4606    0.8265   -0.3235
...    85 A-T ...
 -143.8084  -34.6403   27.0465
    0.1117   -0.4216   -0.8999
   -0.8645    0.4053   -0.2972
    0.4900    0.8112   -0.3192
...    86 T-A ...
 -141.6590  -32.3406   26.0208
   -0.3539   -0.1527   -0.9227
   -0.7902    0.5765    0.2077
    0.5003    0.8027   -0.3247
...    87 C-G ...
 -139.8065  -29.8408   24.7521
   -0.7464    0.2462   -0.6183
   -0.4183    0.5489    0.7237
    0.5176    0.7988   -0.3067
...    88 C-G ...
 -138.0700  -27.2913   23.6018
   -0.8914    0.4358   -0.1244
    0.0368    0.3432    0.9386
    0.4517    0.8320   -0.3219
...    89 G-C ...
 -136.5479  -24.4379   23.0470
   -0.7576    0.4769    0.4456
    0.5259    0.0415    0.8496
    0.3866    0.8780   -0.2822
...    90 C-G ...
 -135.4728  -21.4459   21.6844
   -0.3339    0.3902    0.8581
    0.8526   -0.2632    0.4515
    0.4020    0.8823   -0.2448
...    91 T-A ...
 -134.5035  -18.2811   20.7979
    0.1735    0.1272    0.9766
    0.8965   -0.4310   -0.1032
    0.4077    0.8934   -0.1888
...    92 T-A ...
 -133.4688  -15.2368   20.4251
    0.6321   -0.1604    0.7581
    0.6439   -0.4355   -0.6291
    0.4310    0.8858   -0.1720
...    93 T-A ...
 -132.0728  -12.3615   20.0637
    0.8487   -0.4337    0.3025
    0.2018   -0.2630   -0.9435
    0.4888    0.8618   -0.1357
...    94 A-T ...
 -130.1329   -9.6618   19.6675
    0.7342   -0.6320   -0.2478
   -0.2657    0.0684   -0.9616
    0.6247    0.7719   -0.1177
...    95 A-T ...
 -127.9848   -7.3537   19.4880
    0.4475   -0.5319   -0.7189
   -0.5945    0.4236   -0.6835
    0.6681    0.7332   -0.1267
...    96 C-G ...
 -125.2830   -5.3755   19.3655
    0.0713   -0.2297   -0.9706
   -0.7247    0.6567   -0.2086
    0.6853    0.7184   -0.1196
...    97 A-T ...
 -122.9369   -3.0759   18.7754
   -0.3949    0.1452   -0.9072
   -0.6173    0.6893    0.3791
    0.6804    0.7097   -0.1826
...    98 C-G ...
 -120.3613   -1.1527   17.6834
   -0.6632    0.4786   -0.5754
   -0.3167    0.5172    0.7951
    0.6781    0.7096   -0.1914
...    99 T-A ...
 -117.9363    1.1534   16.2588
   -0.7292    0.6832   -0.0380
    0.0978    0.1591    0.9824
    0.6772    0.7127   -0.1829
...   100 T-A ...
 -115.8496    3.4591   15.2901
   -0.5129    0.6757    0.5295
    0.4900   -0.2761    0.8269
    0.7049    0.6835   -0.1894
...   101 T-A ...
 -113.6968    5.7618   14.4782
   -0.1462    0.4007    0.9045
    0.6849   -0.6187    0.3848
    0.7138    0.6758   -0.1840
...   102 A-T ...
 -111.1454    7.8490   14.0260
    0.2095   -0.0727    0.9751
    0.6439   -0.7402   -0.1935
    0.7358    0.6684   -0.1082
...   103 T-A ...
 -109.1935   10.4217   14.1251
    0.4388   -0.4480    0.7789
    0.4772   -0.6183   -0.6245
    0.7614    0.6458   -0.0575
...   104 G-C ...
 -106.6342   12.5633   14.2821
    0.5529   -0.7949    0.2501
    0.1507   -0.1997   -0.9682
    0.8195    0.5730    0.0094
...   105 C-G ...
 -103.7793   14.0829   14.7453
    0.4897   -0.8158   -0.3076
   -0.1617    0.2617   -0.9515
    0.8567    0.5157   -0.0037
...   106 T-A ...
 -100.5440   15.3158   14.9863
    0.2959   -0.5398   -0.7881
   -0.3545    0.7040   -0.6153
    0.8870    0.4615    0.0170
...   107 T-A ...
  -97.5795   16.5345   15.0864
    0.0144   -0.0754   -0.9971
   -0.4313    0.8992   -0.0742
    0.9021    0.4311   -0.0196
...   108 C-G ...
  -94.4876   17.7533   14.8277
   -0.2533    0.4512   -0.8557
   -0.3422    0.7856    0.5156
    0.9048    0.4234   -0.0446
...   109 C-G ...
  -91.4822   19.0514   14.5147
   -0.4741    0.7537   -0.4551
   -0.1445    0.4433    0.8846
    0.8685    0.4852   -0.1013
...   110 G-C ...
  -88.8849   20.6772   14.4963
   -0.5533    0.8302    0.0672
    0.1334    0.0087    0.9910
    0.8222    0.5573   -0.1155
...   111 G-C ...
  -86.3990   22.8782   13.9665
   -0.4330    0.6635    0.6101
    0.4332   -0.4403    0.7864
    0.7905    0.6048   -0.0968
...   112 C-G ...
  -84.1431   25.2969   13.4407
   -0.1586    0.2912    0.9434
    0.5988   -0.7313    0.3264
    0.7850    0.6167   -0.0584
...   113 T-A ...
  -81.7144   27.5428   13.2811
    0.1344   -0.1593    0.9780
    0.5986   -0.7735   -0.2082
    0.7897    0.6134   -0.0086
...   114 C-G ...
  -79.0548   29.5167   13.3962
    0.4140   -0.5989    0.6856
    0.4332   -0.5328   -0.7270
    0.8006    0.5979    0.0388
...   115 G-C ...
  -76.2056   31.2088   13.1512
    0.5092   -0.8483    0.1450
    0.1318   -0.0896   -0.9872
    0.8505    0.5218    0.0662
...   116 T-A ...
  -73.2945   32.5076   13.9754
    0.4537   -0.7984   -0.3958
   -0.1436    0.3728   -0.9167
    0.8795    0.4728    0.0545
...   117 A-T ...
  -70.0695   33.5697   14.5471
    0.2076   -0.5006   -0.8404
   -0.3311    0.7724   -0.5420
    0.9205    0.3908   -0.0054
...   118 T-A ...
  -66.8875   34.1613   14.7786
    0.0206   -0.0509   -0.9985
   -0.3849    0.9213   -0.0549
    0.9227    0.3854   -0.0006
...   119 A-T ...
  -63.8610   35.5913   14.7634
   -0.2447    0.4763   -0.8446
   -0.2946    0.7933    0.5327
    0.9238    0.3792   -0.0538
...   120 A-T ...
  -60.8163   36.5938   14.2956
   -0.3778    0.8347   -0.4008
   -0.0965    0.3950    0.9136
    0.9209    0.3838   -0.0686
...   121 T-A ...
  -57.8092   37.7224   13.3755
   -0.3634    0.9228    0.1279
    0.1158   -0.0915    0.9891
    0.9244    0.3742   -0.0736
...   122 G-C ...
  -54.7236   39.1388   12.9635
   -0.2810    0.6711    0.6860
    0.3122   -0.6120    0.7266
    0.9075    0.4184   -0.0375
...   123 T-A ...
  -51.9744   40.8893   12.6167
   -0.0949    0.2749    0.9568
    0.4100   -0.8650    0.2892
    0.9071    0.4198   -0.0306
...   124 G-C ...
  -48.9929   42.3774   12.6153
    0.0925   -0.2951    0.9510
    0.4129   -0.8577   -0.3063
    0.9061    0.4210    0.0425
...   125 T-A ...
  -46.3124   44.1161   13.0063
    0.2511   -0.7115    0.6563
    0.3087   -0.5838   -0.7509
    0.9174    0.3911    0.0730
...   126 C-G ...
  -43.4043   45.3243   13.3394
    0.3821   -0.9190    0.0974
    0.1121   -0.0585   -0.9920
    0.9173    0.3899    0.0807
...   127 G-C ...
  -40.3101   46.4113   13.1415
    0.2075   -0.8875   -0.4113
   -0.0608    0.4079   -0.9110
    0.9763    0.2141    0.0307
...   128 A-T ...
  -37.2494   47.1452   13.3412
    0.1181   -0.4936   -0.8616
   -0.1861    0.8413   -0.5075
    0.9754    0.2203    0.0075
...   129 C-G ...
  -33.9655   47.0951   13.6275
   -0.0466    0.0061   -0.9989
   -0.2029    0.9791    0.0155
    0.9781    0.2034   -0.0443
...   130 C-G ...
  -30.6243   47.2972   12.9219
   -0.2584    0.4787   -0.8391
   -0.0999    0.8507    0.5161
    0.9609    0.2172   -0.1720
...   131 A-T ...
  -27.5541   48.5943   12.5710
   -0.3760    0.8407   -0.3897
    0.0992    0.4547    0.8851
    0.9213    0.2942   -0.2543
...   132 A-T ...
  -24.6237   49.6141   11.4977
   -0.2487    0.9518    0.1797
    0.3092   -0.0978    0.9459
    0.9179    0.2908   -0.2700
...   133 A-T ...
  -21.7755   50.6470   10.2366
    0.0321    0.7250    0.6880
    0.3830   -0.6448    0.6615
    0.9232    0.2422   -0.2984
...   134 T-A ...
  -19.0160   52.0244    8.9250
    0.2452    0.2905    0.9249
    0.3073   -0.9281    0.2101
    0.9195    0.2328   -0.3169
...   135 G-C ...
  -16.4638   53.8825    7.5153
    0.5339   -0.3333    0.7771
    0.0346   -0.9097   -0.4139
    0.8449    0.2479   -0.4741
...   136 T-A ...
  -14.1750   56.5547    6.1808
    0.5795   -0.7269    0.3685
   -0.3141   -0.6164   -0.7221
    0.7521    0.3026   -0.5855
...   137 G-C ...
  -11.6539   57.9992    4.7204
    0.2452   -0.9542   -0.1714
   -0.6323   -0.0234   -0.7744
    0.7349    0.2983   -0.6091
...   138 A-T ...
   -8.6759   58.7133    3.6025
   -0.0345   -0.7815   -0.6229
   -0.6536    0.4891   -0.5775
    0.7560    0.3872   -0.5277
...   139 G-C ...
   -6.3275   59.0727    1.6297
   -0.2969   -0.3279   -0.8968
   -0.5657    0.8171   -0.1114
    0.7693    0.4742   -0.4281
...   140 C-G ...
   -3.4370   60.2279    1.0287
   -0.4426    0.2287   -0.8671
   -0.1681    0.9286    0.3308
    0.8808    0.2922   -0.3725
...   141 G-C ...
   -0.6977   63.8911   -2.2509
   -0.9992    0.0157   -0.0376
   -0.0024    0.8991    0.4378
    0.0407    0.4375   -0.8983
...   142 C-G ...
   -1.0065   65.5988   -4.9401
   -0.8337    0.5216    0.1813
    0.5170    0.6219    0.5881
    0.1940    0.5840   -0.7882
...   143 T-A ...
   -0.1333   66.2084   -7.8196
   -0.3753    0.8566    0.3540
    0.8856    0.2187    0.4098
    0.2736    0.4673   -0.8407
...   144 C-G ...
   -0.1666   67.4020  -10.8067
    0.1797    0.8793    0.4411
    0.9277   -0.3007    0.2214
    0.3273    0.3694   -0.8697
...   145 A-T ...
    0.5266   69.2312  -13.4659
    0.7352    0.4964    0.4616
    0.6118   -0.7791   -0.1367
    0.2918    0.3829   -0.8765
...   146 C-G ...
    1.4338   72.0892  -15.6018
    0.9809    0.0621    0.1844
    0.1264   -0.9240   -0.3608
    0.1480    0.3772   -0.9142
...   147 A-T ...
    2.3047   74.2222  -18.3863
    0.8657   -0.4292   -0.2575
   -0.4984   -0.7868   -0.3642
   -0.0463    0.4436   -0.8950
