  147 base-pairs
...     1 A-T ...
    0.0000    0.0000    0.0000
    1.0000    0.0000    0.0000
    0.0000    1.0000    0.0000
    0.0000    0.0000    1.0000
...     2 G-C ...
   -0.1394   -1.2357    3.2268
    0.7529    0.6366    0.1670
   -0.6386    0.7680   -0.0486
   -0.1592   -0.0700    0.9848
...     3 T-A ...
   -0.0365   -3.2932    6.3751
    0.2722    0.9301    0.2466
   -0.9238    0.3243   -0.2033
   -0.2691   -0.1725    0.9475
...     4 G-C ...
   -0.3505   -4.1660    9.4928
   -0.3756    0.9250    0.0579
   -0.8781   -0.3352   -0.3415
   -0.2965   -0.1791    0.9381
...     5 A-T ...
   -0.4462   -4.1476   12.7498
   -0.8116    0.5840   -0.0165
   -0.5523   -0.7762   -0.3042
   -0.1905   -0.2378    0.9524
...     6 G-C ...
   -1.5908   -4.1730   15.6201
   -0.9976    0.0246   -0.0651
   -0.0043   -0.9555   -0.2950
   -0.0695   -0.2940    0.9533
...     7 C-G ...
   -1.1030   -4.4824   18.7362
   -0.8441   -0.5304   -0.0787
    0.5345   -0.8441   -0.0432
   -0.0435   -0.0785    0.9960
...     8 G-C ...
   -2.4028   -7.7290   23.1475
   -0.2754   -0.3293   -0.9032
    0.6650   -0.7437    0.0684
   -0.6942   -0.5818    0.4238
...     9 C-G ...
   -4.4690   -9.9728   24.1132
    0.1145   -0.7025   -0.7024
    0.8512   -0.2952    0.4340
   -0.5122   -0.6476    0.5642
...    10 T-A ...
   -6.7405  -10.8752   25.9697
    0.4841   -0.8363   -0.2574
    0.6595    0.1553    0.7355
   -0.5751   -0.5258    0.6267
...    11 C-G ...
   -9.1656  -12.6208   27.1640
    0.7073   -0.6682    0.2307
    0.3448    0.6110    0.7126
   -0.6171   -0.4245    0.6626
...    12 A-T ...
  -10.9234  -14.6633   29.0693
    0.7515   -0.1377    0.6452
   -0.2029    0.8824    0.4246
   -0.6277   -0.4500    0.6352
...    13 C-G ...
  -11.8476  -17.4863   31.2451
    0.4295    0.2823    0.8578
   -0.5708    0.8209    0.0156
   -0.6998   -0.4963    0.5137
...    14 A-T ...
  -13.5897  -19.7827   33.4259
   -0.1504    0.6104    0.7777
   -0.6874    0.5008   -0.5260
   -0.7106   -0.6136    0.3443
...    15 A-T ...
  -15.7060  -21.8096   34.8051
   -0.4924    0.7948    0.3546
   -0.4993    0.0757   -0.8631
   -0.7129   -0.6021    0.3596
...    16 T-A ...
  -17.7505  -23.6408   36.6135
   -0.6683    0.7339   -0.1213
   -0.1959   -0.3309   -0.9231
   -0.7176   -0.5932    0.3649
...    17 T-A ...
  -20.0489  -25.4005   38.0765
   -0.6642    0.4282   -0.6128
    0.2033   -0.6854   -0.6992
   -0.7194   -0.5890    0.3681
...    18 T-A ...
  -22.4699  -27.0634   39.4544
   -0.4412   -0.0264   -0.8970
    0.5363   -0.8092   -0.2399
   -0.7195   -0.5869    0.3712
...    19 A-T ...
  -24.8374  -29.0687   40.6270
   -0.0162   -0.4536   -0.8911
    0.6789   -0.6592    0.3232
   -0.7340   -0.5997    0.3187
...    20 T-A ...
  -27.6543  -30.6350   41.2838
    0.3243   -0.7204   -0.6131
    0.5968   -0.3470    0.7234
   -0.7339   -0.6005    0.3174
...    21 T-A ...
  -30.1790  -32.5158   42.0610
    0.6003   -0.7928   -0.1058
    0.3165    0.1139    0.9417
   -0.7345   -0.5988    0.3193
...    22 C-G ...
  -32.5240  -34.5807   43.0004
    0.6980   -0.5629    0.4428
   -0.0929    0.5418    0.8353
   -0.7101   -0.6242    0.3259
...    23 G-C ...
  -34.8281  -36.4910   44.4366
    0.6130   -0.1077    0.7827
   -0.4751    0.7413    0.4741
   -0.6313   -0.6625    0.4032
...    24 C-G ...
  -36.5571  -38.9834   45.7310
    0.2969    0.3355    0.8940
   -0.7357    0.6772   -0.0098
   -0.6088   -0.6548    0.4479
...    25 A-T ...
  -38.5881  -41.0760   47.3143
   -0.0884    0.7183    0.6902
   -0.7976    0.3641   -0.4810
   -0.5967   -0.5929    0.5407
...    26 A-T ...
  -40.2924  -43.0082   49.2829
   -0.5089    0.8048    0.3055
   -0.6162   -0.0927   -0.7821
   -0.6011   -0.5863    0.5431
...    27 A-T ...
  -42.1144  -44.7791   51.2941
   -0.7563    0.6282   -0.1829
   -0.2347   -0.5215   -0.8204
   -0.6107   -0.5775    0.5418
...    28 G-C ...
  -44.1541  -46.4007   53.3144
   -0.7216    0.3211   -0.6133
    0.1723   -0.7747   -0.6084
   -0.6705   -0.5447    0.5037
...    29 G-C ...
  -46.6323  -47.8701   55.0545
   -0.4569   -0.0792   -0.8860
    0.5024   -0.8450   -0.1835
   -0.7341   -0.5289    0.4258
...    30 C-G ...
  -49.3393  -49.2519   56.3129
   -0.0819   -0.4874   -0.8693
    0.6509   -0.6867    0.3237
   -0.7547   -0.5393    0.3735
...    31 C-G ...
  -52.0672  -51.0045   57.1903
    0.3365   -0.7304   -0.5944
    0.5666   -0.3471    0.7473
   -0.7522   -0.5882    0.2970
...    32 G-C ...
  -54.2594  -53.2042   58.3816
    0.6599   -0.7426   -0.1147
    0.2533    0.0761    0.9644
   -0.7074   -0.6654    0.2383
...    33 G-C ...
  -56.5149  -55.6584   58.8661
    0.7376   -0.5417    0.4031
   -0.1597    0.4401    0.8836
   -0.6561   -0.7161    0.2381
...    34 C-G ...
  -58.4587  -58.2880   59.3902
    0.5542   -0.1964    0.8089
   -0.5391    0.6558    0.5286
   -0.6342   -0.7290    0.2576
...    35 C-G ...
  -60.3029  -60.9821   60.2580
    0.2248    0.2347    0.9457
   -0.7573    0.6528    0.0180
   -0.6131   -0.7203    0.3245
...    36 C-G ...
  -62.0628  -63.5920   61.4956
   -0.1581    0.6027    0.7822
   -0.7626    0.4286   -0.4844
   -0.6272   -0.6731    0.3918
...    37 G-C ...
  -64.3770  -65.6914   62.6189
   -0.4560    0.8203    0.3452
   -0.5605    0.0366   -0.8273
   -0.6913   -0.5708    0.4431
...    38 A-T ...
  -66.5632  -67.5317   64.1693
   -0.6493    0.7314   -0.2086
   -0.2057   -0.4329   -0.8776
   -0.7322   -0.5269    0.4316
...    39 C-G ...
  -68.9245  -68.8003   66.0476
   -0.6233    0.4443   -0.6435
    0.1368   -0.7483   -0.6491
   -0.7699   -0.4926    0.4056
...    40 A-T ...
  -71.5897  -70.3606   67.2912
   -0.3411    0.0441   -0.9390
    0.4054   -0.8943   -0.1892
   -0.8481   -0.4452    0.2872
...    41 C-G ...
  -74.6494  -71.2209   68.0947
   -0.0523   -0.3926   -0.9182
    0.4963   -0.8081    0.3173
   -0.8666   -0.4391    0.2371
...    42 G-C ...
  -77.3331  -73.0784   68.7300
    0.3158   -0.7180   -0.6203
    0.3785   -0.5042    0.7762
   -0.8701   -0.4799    0.1126
...    43 A-T ...
  -80.1740  -74.6996   68.9074
    0.4885   -0.8708   -0.0554
    0.1004   -0.0070    0.9949
   -0.8668   -0.4915    0.0841
...    44 C-G ...
  -82.9445  -76.5168   68.5597
    0.4709   -0.7481    0.4675
   -0.1790    0.4379    0.8810
   -0.8638   -0.4986    0.0723
...    45 T-A ...
  -85.6342  -78.4554   68.6278
    0.3288   -0.3976    0.8566
   -0.4070    0.7588    0.5085
   -0.8522   -0.5158    0.0877
...    46 T-A ...
  -88.2554  -80.3871   68.7464
    0.0110    0.0861    0.9962
   -0.5011    0.8626   -0.0690
   -0.8653   -0.4984    0.0527
...    47 A-T ...
  -91.1661  -81.9849   68.9005
   -0.2376    0.5938    0.7688
   -0.3999    0.6614   -0.6345
   -0.8852   -0.4582    0.0803
...    48 C-G ...
  -93.8326  -83.7438   69.6739
   -0.3634    0.8685    0.3370
   -0.2167    0.2730   -0.9373
   -0.9061   -0.4136    0.0890
...    49 T-A ...
  -96.8083  -84.9811   70.3307
   -0.3259    0.9269   -0.1859
   -0.0138   -0.2013   -0.9794
   -0.9453   -0.3166    0.0784
...    50 G-C ...
 -100.0606  -85.7170   70.5409
   -0.1177    0.7270   -0.6764
    0.1239   -0.6651   -0.7364
   -0.9853   -0.1704   -0.0118
...    51 T-A ...
 -103.3039  -85.6609   70.7588
    0.0269    0.3092   -0.9506
    0.1407   -0.9427   -0.3026
   -0.9897   -0.1256   -0.0689
...    52 A-T ...
 -106.5753  -85.7347   70.2275
    0.2369   -0.2206   -0.9462
    0.0328   -0.9715    0.2347
   -0.9710   -0.0866   -0.2229
...    53 G-C ...
 -109.7145  -85.7257   69.2103
    0.2717   -0.6847   -0.6763
   -0.1460   -0.7239    0.6743
   -0.9512   -0.0844   -0.2967
...    54 G-C ...
 -112.7284  -86.0890   67.7300
    0.1924   -0.9629   -0.1893
   -0.3281   -0.2449    0.9123
   -0.9248   -0.1135   -0.3630
...    55 T-A ...
 -115.5262  -86.4936   65.9393
   -0.0225   -0.9488    0.3151
   -0.3883    0.2987    0.8718
   -0.9213   -0.1028   -0.3751
...    56 A-T ...
 -118.8127  -86.2845   65.0532
   -0.3663   -0.5238    0.7691
   -0.2352    0.8518    0.4681
   -0.9003   -0.0094   -0.4352
...    57 T-A ...
 -121.6266  -86.9523   63.4258
   -0.4581   -0.0141    0.8888
    0.0076    0.9998    0.0198
   -0.8888    0.0158   -0.4579
...    58 C-G ...
 -124.5062  -87.0070   61.8401
   -0.3314    0.5726    0.7499
    0.3051    0.8171   -0.4891
   -0.8928    0.0667   -0.4455
...    59 T-A ...
 -127.5803  -86.8891   60.6475
   -0.0398    0.8986    0.4370
    0.4447    0.4076   -0.7976
   -0.8948    0.1625   -0.4158
...    60 C-G ...
 -130.5176  -86.3255   59.3893
    0.3034    0.9517   -0.0474
    0.3869   -0.1685   -0.9066
   -0.8708    0.2567   -0.4194
...    61 G-C ...
 -133.2211  -85.2387   57.7826
    0.6266    0.6559   -0.4210
    0.1257   -0.6181   -0.7760
   -0.7692    0.4333   -0.4697
...    62 A-T ...
 -135.5383  -83.5982   56.2137
    0.6481    0.1556   -0.7455
   -0.2887   -0.8556   -0.4296
   -0.7047    0.4936   -0.5096
...    63 G-C ...
 -137.5580  -81.6376   54.4979
    0.4586   -0.3431   -0.8198
   -0.6240   -0.7811   -0.0222
   -0.6327    0.5217   -0.5723
...    64 C-G ...
 -139.1705  -79.7595   52.2871
    0.0598   -0.7249   -0.6863
   -0.8097   -0.4374    0.3914
   -0.5838    0.5322   -0.6131
...    65 T-A ...
 -140.7864  -78.0167   49.9668
   -0.3799   -0.8489   -0.3674
   -0.7435    0.0439    0.6673
   -0.5504    0.5267   -0.6478
...    66 C-G ...
 -142.5341  -76.3553   47.7093
   -0.7691   -0.6330    0.0879
   -0.3648    0.5478    0.7528
   -0.5247    0.5470   -0.6523
...    67 G-C ...
 -144.2416  -74.1060   45.9207
   -0.8177   -0.2225    0.5309
    0.1599    0.7982    0.5808
   -0.5530    0.5598   -0.6171
...    68 G-C ...
 -146.0195  -72.3791   43.6180
   -0.5595    0.2131    0.8009
    0.6040    0.7666    0.2180
   -0.5675    0.6058   -0.5576
...    69 G-C ...
 -148.0293  -70.5667   41.6011
   -0.0918    0.5232    0.8473
    0.8299    0.5104   -0.2253
   -0.5503    0.6825   -0.4811
...    70 A-T ...
 -149.8658  -68.4157   40.0208
    0.4373    0.6577    0.6133
    0.7463    0.1151   -0.6556
   -0.5017    0.7444   -0.4405
...    71 T-A ...
 -151.8049  -65.9552   39.1757
    0.7723    0.5855    0.2463
    0.4396   -0.2127   -0.8727
   -0.4586    0.7823   -0.4217
...    72 C-G ...
 -153.1122  -63.2740   37.9443
    0.9269    0.2893   -0.2390
   -0.0799   -0.4702   -0.8789
   -0.3667    0.8338   -0.4127
...    73 C-G ...
 -153.7917  -60.2011   36.7619
    0.7875   -0.1002   -0.6081
   -0.5717   -0.4872   -0.6601
   -0.2302    0.8675   -0.4409
...    74 G-C ...
 -154.3033  -57.5366   34.8056
    0.3698   -0.4443   -0.8160
   -0.9257   -0.2508   -0.2830
   -0.0789    0.8601   -0.5041
...    75 C-G ...
 -154.0337  -54.7909   32.9473
   -0.1950   -0.5242   -0.8290
   -0.9804    0.0795    0.1803
   -0.0286    0.8479   -0.5294
...    76 T-A ...
 -153.8073  -52.1262   30.9691
   -0.6907   -0.4014   -0.6016
   -0.7232    0.3817    0.5756
   -0.0014    0.8326   -0.5539
...    77 C-G ...
 -153.7372  -49.4431   29.0419
   -0.9868   -0.0664   -0.1479
   -0.1601    0.5417    0.8252
    0.0253    0.8379   -0.5452
...    78 A-T ...
 -153.4824  -46.4774   27.5866
   -0.8905    0.2352    0.3896
    0.4551    0.4592    0.7629
    0.0006    0.8566   -0.5160
...    79 T-A ...
 -153.8873  -43.9699   25.4711
   -0.5337    0.4458    0.7186
    0.8452    0.2532    0.4706
    0.0279    0.8585   -0.5120
...    80 G-C ...
 -153.6449  -41.0452   23.8999
    0.0197    0.3979    0.9172
    0.9987   -0.0509    0.0006
    0.0469    0.9160   -0.3984
...    81 T-A ...
 -154.0434  -37.9759   22.8464
    0.5194    0.2507    0.8170
    0.8495   -0.2554   -0.4617
    0.0930    0.9338   -0.3456
...    82 T-A ...
 -153.8059  -34.8964   21.9477
    0.8877   -0.0009    0.4604
    0.4326   -0.3403   -0.8349
    0.1574    0.9403   -0.3017
...    83 A-T ...
 -152.9743  -31.6688   21.5914
    0.9271   -0.3731    0.0368
   -0.0531   -0.2277   -0.9723
    0.3711    0.8994   -0.2309
...    84 T-A ...
 -151.5128  -28.7503   21.5056
    0.7674   -0.4669   -0.4395
   -0.4933    0.0080   -0.8698
    0.4096    0.8843   -0.2242
...    85 A-T ...
 -149.8743  -25.9626   20.7072
    0.3155   -0.4476   -0.8368
   -0.8119    0.3292   -0.4822
    0.4913    0.8314   -0.2595
...    86 A-T ...
 -147.9694  -23.4395   19.9308
   -0.1899   -0.1517   -0.9700
   -0.8378    0.5402    0.0795
    0.5120    0.8277   -0.2296
...    87 C-G ...
 -145.7794  -21.1046   18.9365
   -0.5993    0.1636   -0.7836
   -0.6022    0.5529    0.5759
    0.5275    0.8171   -0.2328
...    88 G-C ...
 -144.2556  -18.1599   18.5204
   -0.8584    0.4144   -0.3022
   -0.1447    0.3696    0.9179
    0.4921    0.8316   -0.2573
...    89 G-C ...
 -142.5214  -15.4692   17.4461
   -0.8212    0.5051    0.2657
    0.3449    0.0683    0.9362
    0.4547    0.8604   -0.2303
...    90 A-T ...
 -140.9671  -12.7214   16.5732
   -0.4760    0.4247    0.7701
    0.7486   -0.2639    0.6082
    0.4616    0.8660   -0.1924
...    91 T-A ...
 -140.0376   -9.6929   15.7130
   -0.0445    0.2221    0.9740
    0.8801   -0.4527    0.1434
    0.4727    0.8636   -0.1754
...    92 T-A ...
 -138.6927   -6.7995   15.2127
    0.4291   -0.1050    0.8971
    0.7540   -0.5053   -0.4198
    0.4974    0.8565   -0.1377
...    93 T-A ...
 -137.1791   -3.9613   14.9816
    0.7436   -0.4136    0.5253
    0.3983   -0.3570   -0.8449
    0.5370    0.8375   -0.1007
...    94 A-T ...
 -135.1891   -1.2851   15.1353
    0.7379   -0.6748    0.0125
   -0.0182   -0.0385   -0.9991
    0.6747    0.7370   -0.0407
...    95 A-T ...
 -132.8694    0.9653   15.2601
    0.5832   -0.6038   -0.5434
   -0.4059    0.3629   -0.8388
    0.7036    0.7098   -0.0335
...    96 C-G ...
 -130.1643    2.8554   15.5482
    0.2681   -0.3492   -0.8979
   -0.6246    0.6465   -0.4380
    0.7335    0.6783   -0.0448
...    97 A-T ...
 -127.7685    5.1382   15.2412
   -0.1879    0.0306   -0.9817
   -0.6269    0.7657    0.1439
    0.7561    0.6425   -0.1247
...    98 C-G ...
 -124.9262    6.7547   14.5544
   -0.4924    0.4279   -0.7579
   -0.4220    0.6442    0.6379
    0.7612    0.6339   -0.1366
...    99 T-A ...
 -122.3515    8.7111   13.7867
   -0.6614    0.6890   -0.2963
   -0.0829    0.3254    0.9419
    0.7454    0.6476   -0.1581
...   100 T-A ...
 -119.8967   10.6980   12.9873
   -0.5628    0.7711    0.2977
    0.3001   -0.1450    0.9428
    0.7702    0.6199   -0.1498
...   101 T-A ...
 -117.4848   12.7492   12.2504
   -0.2794    0.5555    0.7832
    0.5534   -0.5734    0.6041
    0.7846    0.6022   -0.1472
...   102 A-T ...
 -114.7619   14.6422   11.8821
    0.0530    0.0685    0.9962
    0.6098   -0.7923    0.0221
    0.7908    0.6063   -0.0837
...   103 T-A ...
 -112.5953   17.1026   11.8152
    0.3344   -0.3507    0.8747
    0.4990   -0.7215   -0.4800
    0.7995    0.5970   -0.0662
...   104 G-C ...
 -109.7709   18.8901   11.7821
    0.4426   -0.7658    0.4665
    0.2573   -0.3898   -0.8842
    0.8590    0.5114    0.0245
...   105 C-G ...
 -106.9528   20.5020   12.3883
    0.4555   -0.8863   -0.0843
    0.0008    0.0951   -0.9955
    0.8903    0.4533    0.0441
...   106 T-A ...
 -103.9016   21.7005   12.8470
    0.3218   -0.7378   -0.5934
   -0.1980    0.5604   -0.8042
    0.9259    0.3763    0.0342
...   107 T-A ...
 -100.8225   22.6832   13.1384
    0.1508   -0.2926   -0.9443
   -0.3335    0.8841   -0.3272
    0.9306    0.3643    0.0358
...   108 C-G ...
  -97.7144   23.7284   13.1398
   -0.0953    0.2740   -0.9570
   -0.3364    0.8959    0.2900
    0.9369    0.3496    0.0068
...   109 C-G ...
  -94.4955   24.7114   12.8450
   -0.3245    0.6952   -0.6414
   -0.2006    0.6121    0.7649
    0.9244    0.3768   -0.0592
...   110 G-C ...
  -91.5138   26.2322   12.9791
   -0.4556    0.8855   -0.0911
    0.0436    0.1244    0.9913
    0.8891    0.4476   -0.0953
...   111 G-C ...
  -88.5950   27.8170   12.4029
   -0.4165    0.7765    0.4728
    0.2973   -0.3751    0.8780
    0.8591    0.5063   -0.0746
...   112 C-G ...
  -85.9400   29.7377   11.8900
   -0.2187    0.4243    0.8787
    0.4788   -0.7380    0.4755
    0.8503    0.5247   -0.0417
...   113 T-A ...
  -83.3135   31.7572   11.8256
    0.0176   -0.0595    0.9981
    0.5310   -0.8452   -0.0597
    0.8472    0.5311    0.0167
...   114 C-G ...
  -80.5818   33.5584   11.9831
    0.2917   -0.5635    0.7729
    0.4234   -0.6485   -0.6326
    0.8577    0.5118    0.0494
...   115 G-C ...
  -77.5533   34.9767   11.9904
    0.3647   -0.8859    0.2866
    0.2147   -0.2195   -0.9517
    0.9060    0.4086    0.1102
...   116 T-A ...
  -74.6529   36.2037   12.9912
    0.3840   -0.8882   -0.2524
   -0.0005    0.2731   -0.9620
    0.9233    0.3696    0.1045
...   117 A-T ...
  -71.5040   37.2369   13.3596
    0.2253   -0.6072   -0.7619
   -0.1898    0.7397   -0.6456
    0.9556    0.2901    0.0514
...   118 T-A ...
  -68.2639   37.5594   13.8086
    0.0870   -0.1581   -0.9836
   -0.2713    0.9463   -0.1761
    0.9586    0.2821    0.0395
...   119 A-T ...
  -65.0657   38.4988   13.8228
   -0.1560    0.3999   -0.9032
   -0.2411    0.8713    0.4274
    0.9579    0.2845   -0.0396
...   120 A-T ...
  -61.9201   39.2218   13.4850
   -0.2650    0.8237   -0.5012
   -0.1021    0.4929    0.8641
    0.9588    0.2802   -0.0465
...   121 T-A ...
  -58.8079   39.9336   12.6694
   -0.2779    0.9606    0.0052
    0.0507    0.0092    0.9987
    0.9593    0.2778   -0.0512
...   122 G-C ...
  -55.6559   40.9871   12.7925
   -0.2718    0.7672    0.5809
    0.2321   -0.5335    0.8133
    0.9339    0.3559   -0.0330
...   123 T-A ...
  -52.8030   42.6258   12.3283
   -0.1251    0.3666    0.9219
    0.3439   -0.8556    0.3868
    0.9306    0.3655   -0.0191
...   124 G-C ...
  -49.6398   43.6366   12.4908
    0.0248   -0.2193    0.9753
    0.3721   -0.9035   -0.2127
    0.9279    0.3682    0.0592
...   125 T-A ...
  -46.8235   45.3236   13.0248
    0.1953   -0.6684    0.7177
    0.2996   -0.6561   -0.6926
    0.9338    0.3503    0.0721
...   126 C-G ...
  -43.7775   46.4910   13.3844
    0.3027   -0.9374    0.1724
    0.1260   -0.1399   -0.9821
    0.9447    0.3190    0.0757
...   127 G-C ...
  -40.5886   47.4921   13.3059
    0.1982   -0.8933   -0.4033
   -0.0507    0.4016   -0.9144
    0.9788    0.2017    0.0343
...   128 A-T ...
  -37.3800   48.0660   13.5019
    0.0780   -0.5078   -0.8579
   -0.1514    0.8446   -0.5136
    0.9854    0.1699   -0.0110
...   129 C-G ...
  -34.0920   47.9815   13.5998
   -0.0599   -0.0093   -0.9982
   -0.1548    0.9879    0.0001
    0.9861    0.1546   -0.0606
...   130 C-G ...
  -30.7618   48.1707   13.1156
   -0.2362    0.5008   -0.8328
   -0.0629    0.8473    0.5273
    0.9697    0.1769   -0.1686
...   131 A-T ...
  -27.5734   48.9240   12.4935
   -0.3384    0.8635   -0.3741
    0.1316    0.4371    0.8898
    0.9318    0.2518   -0.2615
...   132 A-T ...
  -24.6417   49.7290   11.3615
   -0.2013    0.9596    0.1966
    0.3150   -0.1266    0.9406
    0.9275    0.2513   -0.2768
...   133 A-T ...
  -21.7532   50.6831   10.2132
    0.0369    0.7196    0.6934
    0.3799   -0.6519    0.6563
    0.9243    0.2392   -0.2974
...   134 T-A ...
  -19.0159   52.0244    8.9250
    0.2452    0.2905    0.9249
    0.3073   -0.9281    0.2101
    0.9195    0.2328   -0.3169
...   135 G-C ...
  -16.4637   53.8824    7.5153
    0.5339   -0.3333    0.7771
    0.0346   -0.9097   -0.4139
    0.8449    0.2479   -0.4741
...   136 T-A ...
  -14.1748   56.5546    6.1808
    0.5795   -0.7269    0.3685
   -0.3141   -0.6164   -0.7221
    0.7521    0.3026   -0.5855
...   137 G-C ...
  -11.6537   57.9992    4.7204
    0.2452   -0.9542   -0.1714
   -0.6323   -0.0234   -0.7744
    0.7349    0.2983   -0.6091
...   138 A-T ...
   -8.6758   58.7133    3.6024
   -0.0345   -0.7815   -0.6229
   -0.6536    0.4891   -0.5775
    0.7560    0.3872   -0.5277
...   139 G-C ...
   -6.3274   59.0727    1.6296
   -0.2969   -0.3279   -0.8968
   -0.5657    0.8171   -0.1114
    0.7693    0.4742   -0.4281
...   140 C-G ...
   -3.4368   60.2278    1.0287
   -0.4426    0.2287   -0.8671
   -0.1681    0.9286    0.3308
    0.8808    0.2922   -0.3725
...   141 G-C ...
   -0.6975   63.8911   -2.2510
   -0.9992    0.0157   -0.0376
   -0.0024    0.8991    0.4378
    0.0407    0.4375   -0.8983
...   142 C-G ...
   -1.0064   65.5988   -4.9401
   -0.8337    0.5216    0.1813
    0.5170    0.6219    0.5881
    0.1940    0.5841   -0.7882
...   143 T-A ...
   -0.1332   66.2084   -7.8196
   -0.3753    0.8566    0.3540
    0.8856    0.2187    0.4098
    0.2736    0.4673   -0.8407
...   144 C-G ...
   -0.1665   67.4020  -10.8067
    0.1798    0.8793    0.4411
    0.9277   -0.3007    0.2214
    0.3273    0.3694   -0.8697
...   145 A-T ...
    0.5268   69.2312  -13.4659
    0.7352    0.4964    0.4616
    0.6118   -0.7791   -0.1367
    0.2918    0.3829   -0.8765
...   146 C-G ...
    1.4339   72.0892  -15.6019
    0.9809    0.0621    0.1844
    0.1264   -0.9240   -0.3608
    0.1480    0.3772   -0.9142
...   147 A-T ...
    2.3048   74.2222  -18.3863
    0.8657   -0.4292   -0.2575
   -0.4984   -0.7868   -0.3642
   -0.0463    0.4436   -0.8950
