  147 base-pairs
...     1 A-T ...
    0.0000    0.0000    0.0000
    1.0000    0.0000    0.0000
    0.0000    1.0000    0.0000
    0.0000    0.0000    1.0000
...     2 G-C ...
   -0.1394   -1.2357    3.2268
    0.7529    0.6366    0.1670
   -0.6386    0.7680   -0.0486
   -0.1592   -0.0700    0.9848
...     3 T-A ...
   -0.0365   -3.2932    6.3751
    0.2722    0.9301    0.2466
   -0.9238    0.3243   -0.2033
   -0.2691   -0.1725    0.9475
...     4 G-C ...
   -0.3505   -4.1660    9.4928
   -0.3756    0.9250    0.0579
   -0.8781   -0.3352   -0.3415
   -0.2965   -0.1791    0.9381
...     5 A-T ...
   -0.4462   -4.1476   12.7498
   -0.8116    0.5840   -0.0165
   -0.5523   -0.7762   -0.3042
   -0.1905   -0.2378    0.9524
...     6 G-C ...
   -1.5908   -4.1730   15.6201
   -0.9976    0.0246   -0.0651
   -0.0043   -0.9555   -0.2950
   -0.0695   -0.2940    0.9533
...     7 C-G ...
   -1.1030   -4.4824   18.7362
   -0.8441   -0.5304   -0.0787
    0.5345   -0.8441   -0.0432
   -0.0435   -0.0785    0.9960
...     8 G-C ...
   -2.4028   -7.7290   23.1475
   -0.2754   -0.3293   -0.9032
    0.6650   -0.7437    0.0684
   -0.6942   -0.5818    0.4238
...     9 C-G ...
   -4.4690   -9.9728   24.1132
    0.1145   -0.7025   -0.7024
    0.8512   -0.2952    0.4340
   -0.5122   -0.6476    0.5642
...    10 T-A ...
   -6.7405  -10.8752   25.9697
    0.4841   -0.8363   -0.2574
    0.6595    0.1553    0.7355
   -0.5751   -0.5258    0.6267
...    11 C-G ...
   -9.1656  -12.6208   27.1640
    0.7073   -0.6682    0.2307
    0.3448    0.6110    0.7126
   -0.6171   -0.4245    0.6626
...    12 A-T ...
  -10.9234  -14.6633   29.0693
    0.7515   -0.1377    0.6452
   -0.2029    0.8824    0.4246
   -0.6277   -0.4500    0.6352
...    13 C-G ...
  -11.8476  -17.4863   31.2451
    0.4295    0.2823    0.8578
   -0.5708    0.8209    0.0156
   -0.6998   -0.4963    0.5137
...    14 A-T ...
  -13.5897  -19.7827   33.4259
   -0.1504    0.6104    0.7777
   -0.6874    0.5008   -0.5260
   -0.7106   -0.6136    0.3443
...    15 A-T ...
  -15.7098  -21.8056   34.8027
   -0.4907    0.7961    0.3543
   -0.4989    0.0767   -0.8633
   -0.7144   -0.6003    0.3596
...    16 T-A ...
  -17.7623  -23.6261   36.6094
   -0.6648    0.7370   -0.1218
   -0.1968   -0.3302   -0.9232
   -0.7206   -0.5898    0.3646
...    17 T-A ...
  -20.0749  -25.3701   38.0655
   -0.6594    0.4341   -0.6138
    0.1991   -0.6865   -0.6994
   -0.7250   -0.5834    0.3662
...    18 T-A ...
  -22.5157  -27.0119   39.4311
   -0.4382   -0.0197   -0.8987
    0.5286   -0.8142   -0.2399
   -0.7270   -0.5802    0.3672
...    19 A-T ...
  -24.9288  -28.9753   40.5789
   -0.0168   -0.4471   -0.8943
    0.6685   -0.6701    0.3225
   -0.7435   -0.5925    0.3102
...    20 T-A ...
  -27.7705  -30.5077   41.2081
    0.3185   -0.7203   -0.6162
    0.5874   -0.3602    0.7247
   -0.7439   -0.5928    0.3084
...    21 T-A ...
  -30.3285  -32.3564   41.9542
    0.5892   -0.8009   -0.1068
    0.3113    0.1030    0.9447
   -0.7457   -0.5898    0.3100
...    22 C-G ...
  -32.7130  -34.3902   42.8625
    0.6849   -0.5768    0.4451
   -0.0915    0.5380    0.8380
   -0.7228   -0.6147    0.3157
...    23 G-C ...
  -35.0670  -36.2612   44.2685
    0.6021   -0.1235    0.7888
   -0.4673    0.7466    0.4736
   -0.6474   -0.6538    0.3918
...    24 C-G ...
  -36.8598  -38.7276   45.5251
    0.2916    0.3242    0.8999
   -0.7231    0.6906   -0.0145
   -0.6261   -0.6465    0.4358
...    25 A-T ...
  -38.9584  -40.7853   47.0620
   -0.0857    0.7148    0.6941
   -0.7836    0.3818   -0.4900
   -0.6153   -0.5859    0.5274
...    26 A-T ...
  -40.7277  -42.6995   48.9902
   -0.4992    0.8114    0.3039
   -0.6054   -0.0756   -0.7923
   -0.6200   -0.5795    0.5290
...    27 A-T ...
  -42.6142  -44.4513   50.9576
   -0.7415    0.6435   -0.1899
   -0.2308   -0.5104   -0.8284
   -0.6300   -0.5705    0.5269
...    28 G-C ...
  -44.7193  -46.0478   52.9293
   -0.7046    0.3404   -0.6226
    0.1683   -0.7722   -0.6127
   -0.6894   -0.5365    0.4868
...    29 G-C ...
  -47.2576  -47.4802   54.6138
   -0.4418   -0.0608   -0.8951
    0.4892   -0.8526   -0.1836
   -0.7520   -0.5190    0.4064
...    30 C-G ...
  -50.0150  -48.8180   55.8060
   -0.0744   -0.4750   -0.8768
    0.6311   -0.7032    0.3274
   -0.7721   -0.5290    0.3521
...    31 C-G ...
  -52.7964  -50.5233   56.6052
    0.3348   -0.7281   -0.5982
    0.5448   -0.3684    0.7533
   -0.7689   -0.5781    0.2733
...    32 G-C ...
  -55.0527  -52.7014   57.7106
    0.6490   -0.7523   -0.1133
    0.2339    0.0556    0.9707
   -0.7239   -0.6565    0.2120
...    33 G-C ...
  -57.3561  -55.1257   58.1048
    0.7192   -0.5615    0.4093
   -0.1721    0.4268    0.8878
   -0.6732   -0.7089    0.2103
...    34 C-G ...
  -59.3520  -57.7321   58.5401
    0.5317   -0.2209    0.8176
   -0.5409    0.6544    0.5285
   -0.6517   -0.7232    0.2284
...    35 C-G ...
  -61.2605  -60.4059   59.3200
    0.2036    0.2120    0.9558
   -0.7480    0.6636    0.0121
   -0.6317   -0.7174    0.2937
...    36 C-G ...
  -63.0956  -63.0067   60.4595
   -0.1726    0.5876    0.7906
   -0.7433    0.4490   -0.4959
   -0.6463   -0.6732    0.3593
...    37 G-C ...
  -65.4712  -65.0997   61.4589
   -0.4588    0.8165    0.3504
   -0.5343    0.0616   -0.8430
   -0.7099   -0.5740    0.4081
...    38 A-T ...
  -67.7189  -66.9598   62.8952
   -0.6369    0.7415   -0.2112
   -0.1805   -0.4097   -0.8942
   -0.7495   -0.5314    0.3948
...    39 C-G ...
  -70.1495  -68.2564   64.6637
   -0.5989    0.4646   -0.6522
    0.1538   -0.7325   -0.6631
   -0.7859   -0.4975    0.3673
...    40 A-T ...
  -72.8643  -69.8254   65.7860
   -0.3077    0.0719   -0.9488
    0.4076   -0.8911   -0.1997
   -0.8598   -0.4481    0.2449
...    41 C-G ...
  -75.9517  -70.6888   66.4588
   -0.0199   -0.3649   -0.9308
    0.4815   -0.8194    0.3109
   -0.8762   -0.4420    0.1921
...    42 G-C ...
  -78.6693  -72.5428   66.9305
    0.3400   -0.6967   -0.6317
    0.3484   -0.5307    0.7727
   -0.8735   -0.4828    0.0623
...    43 A-T ...
  -81.5089  -74.1715   66.9370
    0.4936   -0.8670   -0.0677
    0.0606   -0.0434    0.9972
   -0.8676   -0.4963    0.0311
...    44 C-G ...
  -84.2529  -75.9802   66.4086
    0.4562   -0.7632    0.4576
   -0.2177    0.4029    0.8890
   -0.8628   -0.5052    0.0177
...    45 T-A ...
  -86.9272  -77.9350   66.2903
    0.2955   -0.4288    0.8537
   -0.4355    0.7349    0.5199
   -0.8503   -0.5255    0.0305
...    46 T-A ...
  -89.5309  -79.8931   66.2170
   -0.0362    0.0457    0.9983
   -0.5070    0.8600   -0.0577
   -0.8612   -0.5082   -0.0079
...    47 A-T ...
  -92.4520  -81.4814   66.1343
   -0.2951    0.5590    0.7749
   -0.3726    0.6795   -0.6321
   -0.8798   -0.4752    0.0078
...    48 C-G ...
  -95.1324  -83.3129   66.6714
   -0.4031    0.8474    0.3455
   -0.1621    0.3055   -0.9383
   -0.9007   -0.4343    0.0142
...    49 T-A ...
  -98.1182  -84.6351   67.0799
   -0.3369    0.9256   -0.1728
    0.0571   -0.1631   -0.9850
   -0.9398   -0.3417    0.0021
...    50 G-C ...
 -101.3526  -85.4685   67.0395
   -0.0926    0.7493   -0.6558
    0.1946   -0.6323   -0.7499
   -0.9765   -0.1970   -0.0873
...    51 T-A ...
 -104.6039  -85.5127   67.0308
    0.0844    0.3470   -0.9340
    0.1925   -0.9254   -0.3264
   -0.9777   -0.1522   -0.1449
...    52 A-T ...
 -107.8292  -85.6137   66.2564
    0.3213   -0.1673   -0.9321
    0.0498   -0.9799    0.1930
   -0.9457   -0.1084   -0.3065
...    53 G-C ...
 -110.8685  -85.6622   64.9776
    0.3574   -0.6399   -0.6803
   -0.1723   -0.7611    0.6253
   -0.9179   -0.1063   -0.3823
...    54 G-C ...
 -113.7165  -86.0693   63.2096
    0.2550   -0.9428   -0.2149
   -0.3959   -0.3045    0.8663
   -0.8822   -0.1358   -0.4509
...    55 T-A ...
 -116.3127  -86.5116   61.1541
   -0.0007   -0.9634    0.2682
   -0.4815    0.2354    0.8443
   -0.8765   -0.1286   -0.4640
...    56 A-T ...
 -119.5046  -86.4463   59.9680
   -0.4020   -0.5819    0.7069
   -0.3289    0.8123    0.4816
   -0.8545   -0.0388   -0.5180
...    57 T-A ...
 -122.1098  -87.1941   58.0517
   -0.5377   -0.0850    0.8388
   -0.0575    0.9963    0.0641
   -0.8412   -0.0138   -0.5406
...    58 C-G ...
 -124.8238  -87.3413   56.2016
   -0.4410    0.5155    0.7347
    0.2965    0.8563   -0.4229
   -0.8471    0.0313   -0.5305
...    59 T-A ...
 -127.7659  -87.3618   54.7046
   -0.1484    0.8748    0.4613
    0.4942    0.4696   -0.7316
   -0.8566    0.1193   -0.5020
...    60 C-G ...
 -130.5934  -86.9585   53.1574
    0.2339    0.9722    0.0132
    0.4921   -0.1067   -0.8640
   -0.8385    0.2086   -0.5034
...    61 G-C ...
 -133.1924  -86.0537   51.2900
    0.6138    0.7156   -0.3335
    0.2603   -0.5822   -0.7702
   -0.7453    0.3859   -0.5436
...    62 A-T ...
 -135.4630  -84.5694   49.5158
    0.7131    0.2296   -0.6624
   -0.1640   -0.8640   -0.4760
   -0.6816    0.4480   -0.5785
...    63 G-C ...
 -137.4316  -82.7379   47.6133
    0.5819   -0.2808   -0.7632
   -0.5442   -0.8319   -0.1088
   -0.6044    0.4786   -0.6369
...    64 C-G ...
 -138.9248  -80.9477   45.2599
    0.2129   -0.7007   -0.6809
   -0.8065   -0.5195    0.2824
   -0.5516    0.4890   -0.6757
...    65 T-A ...
 -140.3912  -79.3196   42.7698
   -0.2408   -0.8762   -0.4175
   -0.8239   -0.0428    0.5652
   -0.5131    0.4800   -0.7116
...    66 C-G ...
 -141.9988  -77.8291   40.3056
   -0.7005   -0.7135   -0.0146
   -0.5189    0.4951    0.6969
   -0.4900    0.4958   -0.7170
...    67 G-C ...
 -143.7252  -75.7971   38.2954
   -0.8518   -0.3183    0.4161
   -0.0146    0.8083    0.5886
   -0.5237    0.4953   -0.6932
...    68 G-C ...
 -145.3868  -74.2901   35.7666
   -0.6879    0.1458    0.7110
    0.4721    0.8339    0.2858
   -0.5513    0.5323   -0.6425
...    69 G-C ...
 -147.3001  -72.7321   33.4649
   -0.2746    0.5164    0.8111
    0.7859    0.6066   -0.1202
   -0.5541    0.6044   -0.5724
...    70 A-T ...
 -149.1412  -70.8472   31.5710
    0.2602    0.7197    0.6437
    0.8134    0.1957   -0.5477
   -0.5202    0.6661   -0.5345
...    71 T-A ...
 -151.2329  -68.6732   30.3607
    0.6491    0.6877    0.3252
    0.5840   -0.1765   -0.7924
   -0.4875    0.7042   -0.5161
...    72 C-G ...
 -152.6995  -66.2366   28.8280
    0.9069    0.4030   -0.1231
    0.1086   -0.5059   -0.8558
   -0.4071    0.7627   -0.5025
...    73 C-G ...
 -153.6317  -63.3355   27.4102
    0.8747   -0.0152   -0.4845
   -0.3997   -0.5883   -0.7030
   -0.2743    0.8085   -0.5206
...    74 G-C ...
 -154.2136  -60.8444   25.2628
    0.5459   -0.4284   -0.7200
   -0.8297   -0.3959   -0.3935
   -0.1164    0.8122   -0.5716
...    75 C-G ...
 -154.0283  -58.1932   23.2736
    0.0099   -0.5952   -0.8035
   -0.9980   -0.0558    0.0290
   -0.0621    0.8016   -0.5946
...    76 T-A ...
 -153.8619  -55.6602   21.1309
   -0.5231   -0.5423   -0.6575
   -0.8517    0.3050    0.4261
   -0.0305    0.7829   -0.6214
...    77 T-A ...
 -153.6093  -53.2209   18.9676
   -0.9225   -0.2022   -0.3289
   -0.3847    0.5516    0.7401
    0.0318    0.8092   -0.5866
...    78 T-A ...
 -153.3132  -50.7766   16.8196
   -0.9697    0.2068    0.1303
    0.2241    0.5398    0.8114
    0.0975    0.8160   -0.5698
...    79 A-T ...
 -152.5945  -47.8989   15.2199
   -0.6110    0.5107    0.6049
    0.7791    0.2528    0.5736
    0.1400    0.8217   -0.5524
...    80 A-T ...
 -152.3394  -45.2654   13.3507
   -0.0656    0.5488    0.8333
    0.9844   -0.1009    0.1440
    0.1631    0.8298   -0.5337
...    81 C-G ...
 -152.3791  -42.4224   11.7376
    0.4383    0.3644    0.8217
    0.8778   -0.3703   -0.3040
    0.1935    0.8545   -0.4821
...    82 A-T ...
 -151.6090  -39.5102   10.2724
    0.8019   -0.0393    0.5962
    0.5106   -0.4730   -0.7180
    0.3102    0.8802   -0.3592
...    83 C-G ...
 -150.6754  -36.4241    9.7524
    0.9269   -0.3344    0.1705
    0.0418   -0.3593   -0.9323
    0.3730    0.8713   -0.3191
...    84 T-A ...
 -149.1537  -33.5726    9.0983
    0.7788   -0.5463   -0.3082
   -0.4156   -0.0814   -0.9059
    0.4698    0.8336   -0.2904
...    85 T-A ...
 -147.4093  -30.9314    8.3945
    0.4078   -0.4983   -0.7651
   -0.7694    0.2636   -0.5818
    0.4916    0.8259   -0.2759
...    86 T-A ...
 -145.5197  -28.3865    7.6540
   -0.0900   -0.2302   -0.9690
   -0.8571    0.5133   -0.0424
    0.5072    0.8267   -0.2435
...    87 A-T ...
 -144.1329  -25.3636    7.0551
   -0.5848    0.2021   -0.7856
   -0.6048    0.5368    0.5883
    0.5406    0.8191   -0.1917
...    88 T-A ...
 -142.0253  -23.0553    5.9359
   -0.7949    0.4747   -0.3778
   -0.2248    0.3480    0.9102
    0.5635    0.8085   -0.1699
...    89 G-C ...
 -140.2030  -20.2982    5.6757
   -0.8140    0.5349    0.2265
    0.2722    0.0069    0.9622
    0.5131    0.8449   -0.1513
...    90 C-G ...
 -138.6485  -17.5020    4.8199
   -0.5593    0.4131    0.7187
    0.6618   -0.2996    0.6872
    0.4992    0.8600   -0.1059
...    91 T-A ...
 -137.2900  -14.5157    4.4560
   -0.1755    0.1306    0.9758
    0.8547   -0.4717    0.2168
    0.4886    0.8720   -0.0288
...    92 T-A ...
 -135.9142  -11.5931    4.4191
    0.3057   -0.1883    0.9333
    0.8080   -0.4672   -0.3589
    0.5037    0.8638    0.0093
...    93 C-G ...
 -134.2843   -8.7889    4.6462
    0.6746   -0.4806    0.5603
    0.5011   -0.2591   -0.8257
    0.5420    0.8378    0.0661
...    94 C-G ...
 -132.3776   -6.1047    5.3757
    0.7723   -0.6344    0.0322
    0.0987    0.0698   -0.9927
    0.6275    0.7698    0.1165
...    95 G-C ...
 -130.0142   -3.7480    5.4866
    0.6169   -0.5855   -0.5259
   -0.2835    0.4580   -0.8425
    0.7342    0.6689    0.1165
...    96 G-C ...
 -127.2059   -1.9134    5.9687
    0.3103   -0.2974   -0.9029
   -0.5289    0.7352   -0.4239
    0.7899    0.6091    0.0709
...    97 C-G ...
 -124.3108   -0.2905    6.1527
   -0.0519    0.1358   -0.9894
   -0.5903    0.7949    0.1401
    0.8055    0.5913    0.0389
...    98 T-A ...
 -121.4628    1.4177    6.0584
   -0.3829    0.5190   -0.7643
   -0.4524    0.6160    0.6449
    0.8054    0.5927   -0.0011
...    99 C-G ...
 -118.7824    3.3225    5.9543
   -0.5835    0.7783   -0.2320
   -0.1372    0.1871    0.9727
    0.8004    0.5994   -0.0024
...   100 G-C ...
 -116.1265    5.3081    6.4178
   -0.6296    0.6915    0.3541
    0.2159   -0.2822    0.9348
    0.7463    0.6650    0.0284
...   101 T-A ...
 -113.9337    7.7637    6.0348
   -0.4469    0.4232    0.7882
    0.5057   -0.6072    0.6128
    0.7379    0.6724    0.0573
...   102 A-T ...
 -111.4414    9.9476    6.3580
   -0.1228   -0.0595    0.9906
    0.6765   -0.7354    0.0397
    0.7261    0.6750    0.1306
...   103 T-A ...
 -109.5682   12.5707    6.9672
    0.2174   -0.4317    0.8754
    0.6471   -0.6077   -0.4604
    0.7308    0.6665    0.1473
...   104 A-T ...
 -107.1380   14.7172    7.7197
    0.4553   -0.7695    0.4479
    0.4402   -0.2427   -0.8645
    0.7739    0.5908    0.2282
...   105 T-A ...
 -104.8422   16.5988    9.1190
    0.5995   -0.7990   -0.0470
    0.1606    0.1775   -0.9709
    0.7841    0.5745    0.2347
...   106 C-G ...
 -102.1868   18.2980    9.9788
    0.5477   -0.5729   -0.6098
   -0.1951    0.6213   -0.7589
    0.8136    0.5346    0.2285
...   107 A-T ...
  -99.4233   20.0502   10.6044
    0.2611   -0.1789   -0.9486
   -0.4284    0.8591   -0.2799
    0.8651    0.4794    0.1477
...   108 T-A ...
  -96.2998   20.9785   11.1101
    0.0110    0.2804   -0.9598
   -0.4971    0.8344    0.2381
    0.8676    0.4745    0.1486
...   109 G-C ...
  -93.5369   22.7782   11.5268
   -0.3449    0.6655   -0.6619
   -0.3873    0.5415    0.7462
    0.8550    0.5137    0.0710
...   110 T-A ...
  -90.5748   24.2420   11.1925
   -0.5132    0.8402   -0.1753
   -0.1467    0.1154    0.9824
    0.8457    0.5299    0.0640
...   111 T-A ...
  -87.8101   25.9494   11.1107
   -0.4922    0.7633    0.4183
    0.1672   -0.3887    0.9060
    0.8543    0.5159    0.0637
...   112 A-T ...
  -84.8888   27.5218   11.5471
   -0.3114    0.3587    0.8800
    0.4325   -0.7711    0.4673
    0.8462    0.5261    0.0850
...   113 T-A ...
  -82.5031   29.7882   11.6856
   -0.0522   -0.0811    0.9953
    0.5272   -0.8487   -0.0415
    0.8481    0.5226    0.0871
...   114 A-T ...
  -79.6196   31.4206   12.0551
    0.2152   -0.5951    0.7743
    0.4673   -0.6335   -0.6167
    0.8575    0.4946    0.1418
...   115 A-T ...
  -76.9401   33.1047   12.7651
    0.4322   -0.8536    0.2908
    0.2639   -0.1887   -0.9459
    0.8623    0.4855    0.1437
...   116 C-G ...
  -74.2038   34.5847   13.8810
    0.4725   -0.8463   -0.2462
    0.0124    0.2857   -0.9582
    0.8813    0.4497    0.1454
...   117 G-C ...
  -71.2086   36.0583   14.0298
    0.2855   -0.6030   -0.7449
   -0.2139    0.7176   -0.6628
    0.9342    0.3485    0.0759
...   118 G-C ...
  -67.9270   36.8183   14.3095
    0.0380   -0.1560   -0.9870
   -0.3029    0.9395   -0.1601
    0.9523    0.3051   -0.0115
...   119 A-T ...
  -64.7756   37.6935   14.1972
   -0.1831    0.4085   -0.8942
   -0.2507    0.8601    0.4442
    0.9506    0.3055   -0.0551
...   120 A-T ...
  -61.6543   38.4895   13.8052
   -0.2924    0.8241   -0.4851
   -0.0956    0.4796    0.8723
    0.9515    0.3015   -0.0614
...   121 T-A ...
  -58.5762   39.2822   12.9385
   -0.2985    0.9542    0.0225
    0.0695   -0.0017    0.9976
    0.9519    0.2993   -0.0658
...   122 G-C ...
  -55.4499   40.4110   13.0086
   -0.2790    0.7546    0.5939
    0.2581   -0.5368    0.8033
    0.9249    0.3774   -0.0450
...   123 T-A ...
  -52.6456   42.1221   12.5160
   -0.1188    0.3545    0.9275
    0.3694   -0.8513    0.3727
    0.9217    0.3868   -0.0299
...   124 G-C ...
  -49.5116   43.2220   12.6419
    0.0417   -0.2268    0.9731
    0.3893   -0.8933   -0.2249
    0.9202    0.3881    0.0510
...   125 T-A ...
  -46.7299   44.9685   13.1551
    0.2170   -0.6693    0.7106
    0.3060   -0.6446   -0.7006
    0.9270    0.3695    0.0649
...   126 C-G ...
  -43.7077   46.1976   13.4938
    0.3222   -0.9323    0.1640
    0.1198   -0.1317   -0.9840
    0.9390    0.3367    0.0693
...   127 G-C ...
  -40.5396   47.2545   13.3992
    0.2102   -0.8881   -0.4087
   -0.0641    0.4046   -0.9122
    0.9756    0.2179    0.0281
...   128 A-T ...
  -37.3401   47.8767   13.5724
    0.0800   -0.5038   -0.8601
   -0.1675    0.8438   -0.5098
    0.9826    0.1849   -0.0169
...   129 C-G ...
  -34.0516   47.8413   13.6476
   -0.0654   -0.0077   -0.9978
   -0.1687    0.9857    0.0035
    0.9835    0.1686   -0.0657
...   130 C-G ...
  -30.7311   48.0852   13.1360
   -0.2455    0.4998   -0.8306
   -0.0704    0.8454    0.5295
    0.9668    0.1885   -0.1723
...   131 A-T ...
  -27.5575   48.8851   12.5098
   -0.3463    0.8616   -0.3711
    0.1302    0.4359    0.8905
    0.9291    0.2600   -0.2631
...   132 A-T ...
  -24.6343   49.7131   11.3688
   -0.2052    0.9583    0.1987
    0.3167   -0.1271    0.9400
    0.9261    0.2558   -0.2774
...   133 A-T ...
  -21.7514   50.6796   10.2144
    0.0366    0.7190    0.6940
    0.3812   -0.6520    0.6554
    0.9238    0.2405   -0.2979
...   134 T-A ...
  -19.0159   52.0244    8.9249
    0.2452    0.2905    0.9249
    0.3073   -0.9281    0.2101
    0.9195    0.2328   -0.3169
...   135 G-C ...
  -16.4637   53.8824    7.5152
    0.5339   -0.3333    0.7771
    0.0346   -0.9097   -0.4139
    0.8449    0.2479   -0.4741
...   136 T-A ...
  -14.1749   56.5546    6.1807
    0.5795   -0.7269    0.3685
   -0.3141   -0.6164   -0.7221
    0.7521    0.3026   -0.5855
...   137 G-C ...
  -11.6538   57.9992    4.7204
    0.2452   -0.9542   -0.1714
   -0.6323   -0.0234   -0.7744
    0.7349    0.2983   -0.6091
...   138 A-T ...
   -8.6758   58.7133    3.6024
   -0.0345   -0.7815   -0.6229
   -0.6536    0.4891   -0.5775
    0.7560    0.3872   -0.5277
...   139 G-C ...
   -6.3274   59.0727    1.6296
   -0.2969   -0.3279   -0.8968
   -0.5657    0.8171   -0.1114
    0.7693    0.4742   -0.4281
...   140 C-G ...
   -3.4368   60.2278    1.0286
   -0.4426    0.2287   -0.8671
   -0.1681    0.9286    0.3308
    0.8808    0.2922   -0.3725
...   141 G-C ...
   -0.6976   63.8911   -2.2510
   -0.9992    0.0157   -0.0376
   -0.0024    0.8991    0.4378
    0.0407    0.4375   -0.8983
...   142 C-G ...
   -1.0064   65.5988   -4.9401
   -0.8337    0.5216    0.1813
    0.5170    0.6219    0.5881
    0.1940    0.5840   -0.7882
...   143 T-A ...
   -0.1332   66.2084   -7.8197
   -0.3753    0.8566    0.3540
    0.8856    0.2187    0.4098
    0.2736    0.4673   -0.8407
...   144 C-G ...
   -0.1665   67.4019  -10.8068
    0.1797    0.8793    0.4411
    0.9277   -0.3007    0.2214
    0.3273    0.3694   -0.8697
...   145 A-T ...
    0.5267   69.2312  -13.4660
    0.7352    0.4964    0.4616
    0.6118   -0.7791   -0.1367
    0.2918    0.3829   -0.8765
...   146 C-G ...
    1.4339   72.0891  -15.6019
    0.9809    0.0621    0.1844
    0.1264   -0.9240   -0.3608
    0.1480    0.3772   -0.9142
...   147 A-T ...
    2.3048   74.2222  -18.3864
    0.8657   -0.4292   -0.2575
   -0.4984   -0.7868   -0.3642
   -0.0463    0.4436   -0.8950
