  147 base-pairs
...     1 A-T ...
    0.0000    0.0000    0.0000
    1.0000    0.0000    0.0000
    0.0000    1.0000    0.0000
    0.0000    0.0000    1.0000
...     2 G-C ...
   -0.1394   -1.2357    3.2268
    0.7529    0.6366    0.1670
   -0.6386    0.7680   -0.0486
   -0.1592   -0.0700    0.9848
...     3 T-A ...
   -0.0365   -3.2932    6.3751
    0.2722    0.9301    0.2466
   -0.9238    0.3243   -0.2033
   -0.2691   -0.1725    0.9475
...     4 G-C ...
   -0.3505   -4.1660    9.4928
   -0.3756    0.9250    0.0579
   -0.8781   -0.3352   -0.3415
   -0.2965   -0.1791    0.9381
...     5 A-T ...
   -0.4462   -4.1476   12.7498
   -0.8116    0.5840   -0.0165
   -0.5523   -0.7762   -0.3042
   -0.1905   -0.2378    0.9524
...     6 G-C ...
   -1.5908   -4.1730   15.6201
   -0.9976    0.0246   -0.0651
   -0.0043   -0.9555   -0.2950
   -0.0695   -0.2940    0.9533
...     7 C-G ...
   -1.1030   -4.4824   18.7362
   -0.8441   -0.5304   -0.0787
    0.5345   -0.8441   -0.0432
   -0.0435   -0.0785    0.9960
...     8 G-C ...
   -2.4028   -7.7290   23.1475
   -0.2754   -0.3293   -0.9032
    0.6650   -0.7437    0.0684
   -0.6942   -0.5818    0.4238
...     9 C-G ...
   -4.4690   -9.9728   24.1132
    0.1145   -0.7025   -0.7024
    0.8512   -0.2952    0.4340
   -0.5122   -0.6476    0.5642
...    10 T-A ...
   -6.7405  -10.8752   25.9697
    0.4841   -0.8363   -0.2574
    0.6595    0.1553    0.7355
   -0.5751   -0.5258    0.6267
...    11 C-G ...
   -9.1656  -12.6208   27.1640
    0.7073   -0.6682    0.2307
    0.3448    0.6110    0.7126
   -0.6171   -0.4245    0.6626
...    12 A-T ...
  -10.9234  -14.6633   29.0693
    0.7515   -0.1377    0.6452
   -0.2029    0.8824    0.4246
   -0.6277   -0.4500    0.6352
...    13 C-G ...
  -11.8476  -17.4863   31.2451
    0.4295    0.2823    0.8578
   -0.5708    0.8209    0.0156
   -0.6998   -0.4963    0.5137
...    14 A-T ...
  -13.5897  -19.7827   33.4259
   -0.1504    0.6104    0.7777
   -0.6874    0.5008   -0.5260
   -0.7106   -0.6136    0.3443
...    15 A-T ...
  -15.7194  -21.7911   34.8016
   -0.4838    0.8013    0.3519
   -0.5013    0.0759   -0.8620
   -0.7174   -0.5934    0.3649
...    16 T-A ...
  -17.7817  -23.5784   36.6228
   -0.6563    0.7441   -0.1247
   -0.2045   -0.3346   -0.9199
   -0.7263   -0.5783    0.3717
...    17 T-A ...
  -20.1172  -25.2757   38.0939
   -0.6541    0.4390   -0.6160
    0.1850   -0.6967   -0.6930
   -0.7335   -0.5673    0.3745
...    18 T-A ...
  -22.5847  -26.8577   39.4826
   -0.4422   -0.0244   -0.8966
    0.5123   -0.8274   -0.2302
   -0.7362   -0.5611    0.3784
...    19 A-T ...
  -24.9876  -28.8063   40.6894
   -0.0337   -0.4780   -0.8777
    0.6586   -0.6712    0.3403
   -0.7517   -0.5666    0.3374
...    20 T-A ...
  -27.8586  -30.2557   41.4036
    0.2959   -0.7525   -0.5884
    0.5869   -0.3428    0.7335
   -0.7536   -0.5624    0.3402
...    21 T-A ...
  -30.4607  -32.0008   42.2547
    0.5646   -0.8223   -0.0709
    0.3234    0.1414    0.9356
   -0.7594   -0.5512    0.3458
...    22 C-G ...
  -32.9134  -33.8959   43.2885
    0.6692   -0.5735    0.4725
   -0.0658    0.5876    0.8065
   -0.7401   -0.5708    0.3555
...    23 G-C ...
  -35.3487  -35.5731   44.8007
    0.6051   -0.0968    0.7902
   -0.4319    0.7940    0.4279
   -0.6688   -0.6002    0.4387
...    24 C-G ...
  -37.2357  -37.8777   46.2140
    0.3169    0.3717    0.8726
   -0.6922    0.7196   -0.0552
   -0.6485   -0.5865    0.4853
...    25 A-T ...
  -39.3922  -39.7402   47.9188
   -0.0374    0.7674    0.6400
   -0.7722    0.3843   -0.5059
   -0.6343   -0.5131    0.5783
...    26 A-T ...
  -41.2279  -41.3981   50.0092
   -0.4447    0.8612    0.2461
   -0.6260   -0.1023   -0.7731
   -0.6406   -0.4978    0.5846
...    27 A-T ...
  -43.1776  -42.8603   52.1400
   -0.7021    0.6736   -0.2309
   -0.2827   -0.5612   -0.7779
   -0.6536   -0.4809    0.5844
...    28 G-C ...
  -45.3417  -44.1301   54.2776
   -0.6946    0.3337   -0.6373
    0.0989   -0.8332   -0.5440
   -0.7126   -0.4410    0.5457
...    29 G-C ...
  -47.9519  -45.2118   56.1086
   -0.4692   -0.1110   -0.8761
    0.4201   -0.9007   -0.1109
   -0.7767   -0.4201    0.4692
...    30 C-G ...
  -50.7728  -46.2268   57.4705
   -0.1357   -0.5530   -0.8221
    0.5847   -0.7145    0.3841
   -0.7998   -0.4286    0.4203
...    31 C-G ...
  -53.6465  -47.6272   58.5062
    0.2565   -0.8139   -0.5213
    0.5359   -0.3291    0.7775
   -0.8044   -0.4788    0.3518
...    32 G-C ...
  -56.0380  -49.4496   59.9308
    0.5767   -0.8162   -0.0359
    0.2697    0.1488    0.9514
   -0.7711   -0.5583    0.3059
...    33 G-C ...
  -58.5573  -51.5548   60.6791
    0.6782   -0.5721    0.4612
   -0.1007    0.5493    0.8295
   -0.7279   -0.6090    0.3150
...    34 C-G ...
  -60.7905  -53.8660   61.4795
    0.5385   -0.1650    0.8263
   -0.4552    0.7683    0.4501
   -0.7091   -0.6185    0.3386
...    35 C-G ...
  -62.9290  -56.2131   62.6285
    0.2648    0.3156    0.9112
   -0.6757    0.7349   -0.0582
   -0.6880   -0.6003    0.4078
...    36 C-G ...
  -64.9626  -58.4364   64.1612
   -0.0699    0.7069    0.7039
   -0.7139    0.4574   -0.5302
   -0.6967   -0.5396    0.4727
...    37 G-C ...
  -67.4878  -60.0748   65.5606
   -0.3405    0.9084    0.2427
   -0.5702    0.0058   -0.8215
   -0.7476   -0.4181    0.5160
...    38 A-T ...
  -69.8606  -61.3915   67.3469
   -0.5533    0.7789   -0.2951
   -0.2826   -0.5089   -0.8131
   -0.7836   -0.3665    0.5017
...    39 C-G ...
  -72.3219  -62.0774   69.3913
   -0.5757    0.4385   -0.6902
    0.0189   -0.8367   -0.5473
   -0.8175   -0.3282    0.4734
...    40 A-T ...
  -75.1430  -63.0825   70.8441
   -0.3595   -0.0332   -0.9326
    0.2756   -0.9586   -0.0721
   -0.8915   -0.2829    0.3538
...    41 C-G ...
  -78.2703  -63.3981   71.7918
   -0.1342   -0.5015   -0.8547
    0.3917   -0.8191    0.4192
   -0.9103   -0.2785    0.3063
...    42 G-C ...
  -81.1559  -64.7600   72.7283
    0.1905   -0.8356   -0.5152
    0.3321   -0.4391    0.8348
   -0.9238   -0.3301    0.1939
...    43 A-T ...
  -84.1934  -65.9012   73.1894
    0.3575   -0.9316    0.0660
    0.1362    0.1219    0.9831
   -0.9239   -0.3424    0.1705
...    44 C-G ...
  -87.2112  -67.3141   73.1635
    0.3767   -0.7330    0.5663
   -0.0792    0.5837    0.8081
   -0.9229   -0.3493    0.1619
...    45 T-A ...
  -90.1510  -68.7918   73.5713
    0.3037   -0.3109    0.9006
   -0.2704    0.8783    0.3944
   -0.9136   -0.3633    0.1826
...    46 T-A ...
  -93.0191  -70.2593   74.0421
    0.0707    0.2317    0.9702
   -0.3727    0.9084   -0.1898
   -0.9253   -0.3481    0.1506
...    47 A-T ...
  -96.1103  -71.3679   74.5448
   -0.0998    0.7317    0.6743
   -0.3329    0.6141   -0.7156
   -0.9377   -0.2959    0.1823
...    48 C-G ...
  -98.9577  -72.5406   75.6831
   -0.2060    0.9559    0.2094
   -0.2306    0.1606   -0.9597
   -0.9510   -0.2460    0.1874
...    49 T-A ...
 -102.0401  -73.1642   76.6423
   -0.1924    0.9284   -0.3178
   -0.1084   -0.3420   -0.9334
   -0.9753   -0.1451    0.1665
...    50 G-C ...
 -105.3465  -73.3186   77.0909
   -0.0529    0.6239   -0.7797
   -0.0300   -0.7814   -0.6233
   -0.9982   -0.0096    0.0600
...    51 T-A ...
 -108.5242  -72.7053   77.4405
    0.0039    0.1493   -0.9888
   -0.0259   -0.9884   -0.1493
   -0.9997    0.0262   -0.0000
...    52 A-T ...
 -111.8055  -72.3712   77.1097
    0.1179   -0.4076   -0.9055
   -0.0941   -0.9124    0.3984
   -0.9886    0.0382   -0.1459
...    53 G-C ...
 -114.9875  -72.0089   76.3049
    0.1023   -0.8217   -0.5606
   -0.1916   -0.5693    0.7995
   -0.9761    0.0256   -0.2157
...    54 G-C ...
 -118.1502  -72.0816   75.1259
    0.0265   -0.9993   -0.0273
   -0.2718   -0.0335    0.9618
   -0.9620   -0.0181   -0.2725
...    55 T-A ...
 -121.1363  -72.3012   73.6341
   -0.1321   -0.8670    0.4805
   -0.2512    0.4982    0.8299
   -0.9589   -0.0111   -0.2836
...    56 A-T ...
 -124.4216  -71.7372   72.9535
   -0.3503   -0.3287    0.8771
   -0.0624    0.9425    0.3283
   -0.9346    0.0602   -0.3507
...    57 T-A ...
 -127.4590  -72.2126   71.7143
   -0.3534    0.2004    0.9138
    0.1468    0.9766   -0.1573
   -0.9239    0.0786   -0.3745
...    58 C-G ...
 -130.4810  -72.0689   70.4357
   -0.1620    0.7295    0.6645
    0.3539    0.6716   -0.6510
   -0.9211    0.1297   -0.3670
...    59 T-A ...
 -133.6290  -71.6692   69.5350
    0.1320    0.9529    0.2730
    0.3963    0.2017   -0.8957
   -0.9086    0.2264   -0.3510
...    60 C-G ...
 -136.5930  -70.8642   68.4867
    0.4156    0.8755   -0.2467
    0.2472   -0.3697   -0.8957
   -0.8753    0.3112   -0.3701
...    61 G-C ...
 -139.3074  -69.6663   66.9793
    0.6428    0.4790   -0.5978
   -0.0547   -0.7497   -0.6595
   -0.7641    0.4566   -0.4557
...    62 A-T ...
 -141.5989  -67.9890   65.4036
    0.5542   -0.0655   -0.8298
   -0.4460   -0.8650   -0.2297
   -0.7028    0.4974   -0.5086
...    63 G-C ...
 -143.5919  -66.0709   63.6050
    0.2942   -0.5368   -0.7907
   -0.7085   -0.6778    0.1966
   -0.6415    0.5024   -0.5797
...    64 C-G ...
 -145.2791  -64.3641   61.3130
   -0.1236   -0.8313   -0.5420
   -0.7887   -0.2492    0.5620
   -0.6022    0.4969   -0.6248
...    65 T-A ...
 -147.0086  -62.8240   58.9327
   -0.5206   -0.8402   -0.1519
   -0.6269    0.2554    0.7360
   -0.5796    0.4784   -0.6597
...    66 C-G ...
 -148.8782  -61.3441   56.6507
   -0.8080   -0.5048    0.3039
   -0.1884    0.7101    0.6785
   -0.5583    0.4909   -0.6688
...    67 G-C ...
 -150.6173  -59.2480   54.7127
   -0.7425   -0.0286    0.6692
    0.3225    0.8604    0.3946
   -0.5871    0.5089   -0.6296
...    68 G-C ...
 -152.5887  -57.7400   52.4194
   -0.4047    0.4102    0.8173
    0.6957    0.7182   -0.0159
   -0.5935    0.5621   -0.5760
...    69 G-C ...
 -154.7420  -56.0663   50.4361
    0.0896    0.6692    0.7377
    0.8213    0.3694   -0.4348
   -0.5635    0.6448   -0.5165
...    70 A-T ...
 -156.6310  -54.0209   48.7736
    0.5820    0.7058    0.4038
    0.6338   -0.0827   -0.7691
   -0.5094    0.7036   -0.4955
...    71 T-A ...
 -158.4979  -51.5568   47.7707
    0.8429    0.5381    0.0064
    0.2690   -0.4110   -0.8710
   -0.4661    0.7359   -0.4912
...    72 C-G ...
 -159.8135  -49.0230   46.2544
    0.8876    0.1480   -0.4362
   -0.2635   -0.6137   -0.7443
   -0.3778    0.7755   -0.5058
...    73 C-G ...
 -160.5191  -46.1685   44.6203
    0.6575   -0.2852   -0.6974
   -0.7095   -0.5459   -0.4456
   -0.2537    0.7878   -0.5613
...    74 G-C ...
 -161.2554  -43.8646   42.3138
    0.1883   -0.6216   -0.7604
   -0.9738   -0.2185   -0.0626
   -0.1272    0.7523   -0.6465
...    75 C-G ...
 -161.1999  -41.5388   39.9402
   -0.3715   -0.6557   -0.6573
   -0.9242    0.1932    0.3295
   -0.0891    0.7298   -0.6778
...    76 T-A ...
 -161.2350  -39.3315   37.4550
   -0.8077   -0.4571   -0.3726
   -0.5850    0.5415    0.6038
   -0.0743    0.7056   -0.7047
...    77 T-A ...
 -161.2202  -37.2301   34.9499
   -1.0000   -0.0015    0.0016
    0.0001    0.6927    0.7212
   -0.0022    0.7212   -0.6927
...    78 T-A ...
 -161.1697  -35.1236   32.4551
   -0.8102    0.4420    0.3849
    0.5829    0.5397    0.6074
    0.0608    0.7165   -0.6950
...    79 A-T ...
 -160.5234  -32.6453   30.2731
   -0.2684    0.6813    0.6810
    0.9582    0.1164    0.2612
    0.0987    0.7227   -0.6841
...    80 A-T ...
 -160.4151  -30.2856   28.0590
    0.3178    0.6107    0.7253
    0.9397   -0.3046   -0.1552
    0.1261    0.7310   -0.6707
...    81 C-G ...
 -160.4654  -27.6258   26.1590
    0.7462    0.3182    0.5848
    0.6424   -0.5745   -0.5072
    0.1746    0.7541   -0.6331
...    82 A-T ...
 -159.7018  -25.0586   24.1453
    0.9342   -0.1700    0.3135
    0.1453   -0.6213   -0.7700
    0.3257    0.7649   -0.5557
...    83 C-G ...
 -158.4545  -22.2845   22.9417
    0.8539   -0.5128   -0.0889
   -0.3410   -0.4222   -0.8399
    0.3932    0.7475   -0.5353
...    84 T-A ...
 -156.7630  -19.8669   21.4616
    0.5170   -0.7170   -0.4675
   -0.7068   -0.0495   -0.7057
    0.4829    0.6953   -0.5324
...    85 T-A ...
 -154.9250  -17.6936   19.9037
    0.0270   -0.6161   -0.7872
   -0.8630    0.3831   -0.3294
    0.5045    0.6882   -0.5213
...    86 T-A ...
 -152.9868  -15.6362   18.2869
   -0.4556   -0.2589   -0.8517
   -0.7155    0.6757    0.1774
    0.5296    0.6902   -0.4931
...    87 A-T ...
 -151.3900  -12.9713   16.9395
   -0.7734    0.2810   -0.5683
   -0.2602    0.6768    0.6887
    0.5781    0.6805   -0.4503
...    88 T-A ...
 -149.4238  -11.1976   14.9387
   -0.7794    0.6092   -0.1466
    0.1676    0.4281    0.8880
    0.6038    0.6675   -0.4358
...    89 G-C ...
 -147.3480   -8.8787   13.7890
   -0.5791    0.6979    0.4214
    0.5844   -0.0051    0.8115
    0.5685    0.7162   -0.4049
...    90 T-A ...
 -145.9204   -6.4273   12.0710
   -0.2070    0.5712    0.7943
    0.7908   -0.3803    0.4796
    0.5760    0.7274   -0.3730
...    91 C-G ...
 -144.0975   -4.0060   10.8438
    0.2588    0.2045    0.9440
    0.7594   -0.6471   -0.0680
    0.5970    0.7345   -0.3227
...    92 A-T ...
 -141.9938   -1.6067    9.8701
    0.5449   -0.2866    0.7880
    0.5098   -0.6329   -0.5827
    0.6657    0.7192   -0.1988
...    93 T-A ...
 -140.0561    1.0243    9.7983
    0.7028   -0.5855    0.4039
    0.1796   -0.4034   -0.8972
    0.6883    0.7032   -0.1783
...    94 G-C ...
 -137.4930    3.1103    9.2937
    0.5859   -0.8001   -0.1291
   -0.1959    0.0148   -0.9805
    0.7864    0.5997   -0.1480
...    95 T-A ...
 -134.6684    4.8047    9.3834
    0.3685   -0.7024   -0.6090
   -0.4507    0.4379   -0.7778
    0.8130    0.5612   -0.1552
...    96 T-A ...
 -131.8672    6.4153    9.0701
    0.0540   -0.3307   -0.9422
   -0.5679    0.7660   -0.3014
    0.8214    0.5513   -0.1465
...    97 A-T ...
 -129.2197    8.3872    8.5478
   -0.3076    0.1939   -0.9316
   -0.4683    0.8214    0.3256
    0.8283    0.5364   -0.1619
...    98 T-A ...
 -126.2632    9.5812    7.6674
   -0.4889    0.5933   -0.6395
   -0.2476    0.6085    0.7539
    0.8365    0.5269   -0.1506
...    99 A-T ...
 -123.4637   11.4341    7.5431
   -0.5247    0.8505   -0.0361
    0.1010    0.1044    0.9894
    0.8453    0.5155   -0.1407
...   100 A-T ...
 -120.7829   13.1226    6.8133
   -0.3589    0.7666    0.5324
    0.3691   -0.4073    0.8354
    0.8573    0.4963   -0.1368
...   101 C-G ...
 -118.2818   15.1243    5.9940
   -0.1399    0.4289    0.8925
    0.5008   -0.7469    0.4374
    0.8542    0.5081   -0.1103
...   102 G-C ...
 -115.2513   16.5170    5.8186
    0.0486   -0.1155    0.9921
    0.5063   -0.8534   -0.1241
    0.8610    0.5083    0.0170
...   103 G-C ...
 -112.5112   18.4478    6.1661
    0.2217   -0.6010    0.7679
    0.4207   -0.6515   -0.6313
    0.8797    0.4630    0.1084
...   104 A-T ...
 -109.6610   19.9538    6.6729
    0.3759   -0.8898    0.2587
    0.2300   -0.1808   -0.9562
    0.8976    0.4190    0.1367
...   105 C-G ...
 -106.8052   21.1824    7.7770
    0.4032   -0.8731   -0.2741
    0.0221    0.3087   -0.9509
    0.9148    0.3773    0.1438
...   106 T-A ...
 -103.7069   22.0840    8.5059
    0.2930   -0.6117   -0.7348
   -0.1557    0.7277   -0.6679
    0.9434    0.3101    0.1179
...   107 T-A ...
 -100.5904   22.8202    9.0325
    0.1536   -0.0981   -0.9833
   -0.2859    0.9481   -0.1392
    0.9459    0.3025    0.1176
...   108 C-G ...
  -97.4459   23.6905    9.2960
   -0.0682    0.4632   -0.8836
   -0.3040    0.8339    0.4606
    0.9502    0.3000    0.0839
...   109 C-G ...
  -94.1884   24.5609    9.2318
   -0.2910    0.8156   -0.5000
   -0.1926    0.4620    0.8657
    0.9371    0.3482    0.0227
...   110 G-C ...
  -91.1771   25.9438    9.6501
   -0.4351    0.8981    0.0642
    0.0310   -0.0563    0.9979
    0.8998    0.4362   -0.0033
...   111 G-C ...
  -88.2491   27.5865    9.3848
   -0.4142    0.6910    0.5925
    0.2783   -0.5236    0.8052
    0.8666    0.4984    0.0245
...   112 C-G ...
  -85.5870   29.5501    9.2598
   -0.2312    0.2761    0.9329
    0.4652   -0.8108    0.3553
    0.8545    0.5162    0.0590
...   113 T-A ...
  -82.9628   31.5440    9.5761
   -0.0021   -0.2163    0.9763
    0.5298   -0.8283   -0.1824
    0.8481    0.5169    0.1163
...   114 C-G ...
  -80.2404   33.2910   10.0800
    0.2762   -0.6755    0.6837
    0.4366   -0.5456   -0.7154
    0.8562    0.4961    0.1442
...   115 G-C ...
  -77.2287   34.6972   10.3586
    0.3621   -0.9181    0.1611
    0.2341   -0.0777   -0.9691
    0.9023    0.3886    0.1868
...   116 T-A ...
  -74.3623   35.7894   11.5871
    0.3936   -0.8428   -0.3670
    0.0174    0.4060   -0.9137
    0.9191    0.3533    0.1744
...   117 A-T ...
  -71.2342   36.7529   12.1936
    0.2408   -0.5049   -0.8289
   -0.1788    0.8164   -0.5492
    0.9540    0.2804    0.1063
...   118 T-A ...
  -68.0077   37.0148   12.7430
    0.1049   -0.0364   -0.9938
   -0.2697    0.9609   -0.0636
    0.9572    0.2747    0.0910
...   119 A-T ...
  -64.8017   37.8835   12.8883
   -0.1513    0.4877   -0.8598
   -0.2486    0.8231    0.5106
    0.9567    0.2909   -0.0033
...   120 A-T ...
  -61.6631   38.6567   12.6375
   -0.2699    0.8639   -0.4252
   -0.1108    0.4108    0.9050
    0.9565    0.2914   -0.0151
...   121 T-A ...
  -58.5601   39.4743   11.9045
   -0.2891    0.9534    0.0866
    0.0457   -0.0766    0.9960
    0.9562    0.2919   -0.0214
...   122 G-C ...
  -55.4375   40.5836   12.1139
   -0.2878    0.7150    0.6371
    0.2351   -0.5921    0.7708
    0.9284    0.3716    0.0023
...   123 T-A ...
  -52.6130   42.3015   11.8009
   -0.1381    0.2961    0.9451
    0.3552   -0.8760    0.3263
    0.9245    0.3807    0.0158
...   124 G-C ...
  -49.4850   43.3770   12.0675
    0.0186   -0.2833    0.9588
    0.3888   -0.8815   -0.2680
    0.9211    0.3778    0.0938
...   125 T-A ...
  -46.7060   45.0775   12.7331
    0.1981   -0.7081    0.6778
    0.3173   -0.6079   -0.7278
    0.9274    0.3592    0.1042
...   126 C-G ...
  -43.6911   46.2774   13.1987
    0.3134   -0.9415    0.1241
    0.1389   -0.0838   -0.9867
    0.9394    0.3265    0.1045
...   127 G-C ...
  -40.5282   47.3337   13.2225
    0.2105   -0.8717   -0.4424
   -0.0460    0.4432   -0.8952
    0.9765    0.2088    0.0532
...   128 A-T ...
  -37.3346   47.9266   13.4791
    0.0876   -0.4739   -0.8762
   -0.1535    0.8627   -0.4819
    0.9843    0.1767    0.0028
...   129 C-G ...
  -34.0553   47.8592   13.5938
   -0.0545    0.0217   -0.9983
   -0.1604    0.9866    0.0302
    0.9855    0.1618   -0.0503
...   130 C-G ...
  -30.7319   48.0766   13.1118
   -0.2357    0.5193   -0.8214
   -0.0685    0.8343    0.5471
    0.9694    0.1852   -0.1611
...   131 A-T ...
  -27.5556   48.8570   12.4905
   -0.3422    0.8674   -0.3612
    0.1287    0.4240    0.8965
    0.9308    0.2603   -0.2567
...   132 A-T ...
  -24.6323   49.6943   11.3599
   -0.2049    0.9569    0.2058
    0.3144   -0.1347    0.9397
    0.9269    0.2572   -0.2733
...   133 A-T ...
  -21.7517   50.6740   10.2106
    0.0358    0.7168    0.6964
    0.3802   -0.6542    0.6538
    0.9242    0.2414   -0.2959
...   134 T-A ...
  -19.0161   52.0244    8.9250
    0.2452    0.2905    0.9249
    0.3073   -0.9281    0.2101
    0.9195    0.2328   -0.3169
...   135 G-C ...
  -16.4638   53.8825    7.5153
    0.5339   -0.3333    0.7771
    0.0346   -0.9097   -0.4139
    0.8449    0.2479   -0.4741
...   136 T-A ...
  -14.1750   56.5547    6.1808
    0.5795   -0.7269    0.3685
   -0.3141   -0.6164   -0.7221
    0.7521    0.3026   -0.5855
...   137 G-C ...
  -11.6539   57.9992    4.7204
    0.2452   -0.9542   -0.1714
   -0.6323   -0.0234   -0.7744
    0.7349    0.2983   -0.6091
...   138 A-T ...
   -8.6760   58.7134    3.6025
   -0.0345   -0.7815   -0.6229
   -0.6536    0.4891   -0.5775
    0.7560    0.3872   -0.5277
...   139 G-C ...
   -6.3276   59.0727    1.6297
   -0.2969   -0.3279   -0.8968
   -0.5657    0.8171   -0.1114
    0.7693    0.4742   -0.4281
...   140 C-G ...
   -3.4370   60.2279    1.0287
   -0.4426    0.2287   -0.8671
   -0.1681    0.9286    0.3308
    0.8808    0.2922   -0.3725
...   141 G-C ...
   -0.6977   63.8912   -2.2509
   -0.9992    0.0157   -0.0376
   -0.0024    0.8991    0.4378
    0.0407    0.4375   -0.8983
...   142 C-G ...
   -1.0066   65.5988   -4.9400
   -0.8337    0.5216    0.1813
    0.5170    0.6219    0.5881
    0.1940    0.5841   -0.7882
...   143 T-A ...
   -0.1334   66.2085   -7.8196
   -0.3753    0.8566    0.3540
    0.8856    0.2187    0.4098
    0.2736    0.4673   -0.8407
...   144 C-G ...
   -0.1667   67.4020  -10.8067
    0.1797    0.8793    0.4411
    0.9277   -0.3007    0.2214
    0.3273    0.3694   -0.8697
...   145 A-T ...
    0.5266   69.2313  -13.4659
    0.7352    0.4964    0.4616
    0.6118   -0.7791   -0.1367
    0.2918    0.3829   -0.8765
...   146 C-G ...
    1.4337   72.0892  -15.6018
    0.9809    0.0621    0.1844
    0.1264   -0.9240   -0.3608
    0.1480    0.3772   -0.9142
...   147 A-T ...
    2.3046   74.2223  -18.3863
    0.8657   -0.4292   -0.2575
   -0.4984   -0.7868   -0.3642
   -0.0463    0.4436   -0.8950
