  147 base-pairs
...     1 A-T ...
    0.0000    0.0000    0.0000
    1.0000    0.0000    0.0000
    0.0000    1.0000    0.0000
    0.0000    0.0000    1.0000
...     2 G-C ...
   -0.1394   -1.2357    3.2268
    0.7529    0.6366    0.1670
   -0.6386    0.7680   -0.0486
   -0.1592   -0.0700    0.9848
...     3 T-A ...
   -0.0365   -3.2932    6.3751
    0.2722    0.9301    0.2466
   -0.9238    0.3243   -0.2033
   -0.2691   -0.1725    0.9475
...     4 G-C ...
   -0.3505   -4.1660    9.4928
   -0.3756    0.9250    0.0579
   -0.8781   -0.3352   -0.3415
   -0.2965   -0.1791    0.9381
...     5 A-T ...
   -0.4462   -4.1476   12.7498
   -0.8116    0.5840   -0.0165
   -0.5523   -0.7762   -0.3042
   -0.1905   -0.2378    0.9524
...     6 G-C ...
   -1.5908   -4.1730   15.6201
   -0.9976    0.0246   -0.0651
   -0.0043   -0.9555   -0.2950
   -0.0695   -0.2940    0.9533
...     7 C-G ...
   -1.1030   -4.4824   18.7362
   -0.8441   -0.5304   -0.0787
    0.5345   -0.8441   -0.0432
   -0.0435   -0.0785    0.9960
...     8 G-C ...
   -2.4028   -7.7290   23.1475
   -0.2754   -0.3293   -0.9032
    0.6650   -0.7437    0.0684
   -0.6942   -0.5818    0.4238
...     9 C-G ...
   -4.4690   -9.9728   24.1132
    0.1145   -0.7025   -0.7024
    0.8512   -0.2952    0.4340
   -0.5122   -0.6476    0.5642
...    10 T-A ...
   -6.7405  -10.8752   25.9697
    0.4841   -0.8363   -0.2574
    0.6595    0.1553    0.7355
   -0.5751   -0.5258    0.6267
...    11 C-G ...
   -9.1656  -12.6208   27.1640
    0.7073   -0.6682    0.2307
    0.3448    0.6110    0.7126
   -0.6171   -0.4245    0.6626
...    12 A-T ...
  -10.9234  -14.6633   29.0693
    0.7515   -0.1377    0.6452
   -0.2029    0.8824    0.4246
   -0.6277   -0.4500    0.6352
...    13 C-G ...
  -11.8476  -17.4863   31.2451
    0.4295    0.2823    0.8578
   -0.5708    0.8209    0.0156
   -0.6998   -0.4963    0.5137
...    14 A-T ...
  -13.5897  -19.7827   33.4259
   -0.1504    0.6104    0.7777
   -0.6874    0.5008   -0.5260
   -0.7106   -0.6136    0.3443
...    15 A-T ...
  -15.8167  -21.8040   34.6268
   -0.4811    0.8113    0.3322
   -0.4878    0.0671   -0.8704
   -0.7284   -0.5808    0.3634
...    16 T-A ...
  -17.9235  -23.6352   36.5410
   -0.6900    0.7038   -0.1691
   -0.1523   -0.3696   -0.9166
   -0.7076   -0.6067    0.3622
...    17 T-A ...
  -20.2102  -25.4044   38.1063
   -0.6746    0.3360   -0.6573
    0.2792   -0.7081   -0.6486
   -0.6833   -0.6210    0.3839
...    18 T-A ...
  -22.5286  -27.1917   39.4709
   -0.3983   -0.0988   -0.9119
    0.5994   -0.7806   -0.1772
   -0.6943   -0.6172    0.3701
...    19 A-T ...
  -24.7502  -29.3870   40.5909
    0.0456   -0.4742   -0.8793
    0.7055   -0.6079    0.3644
   -0.7072   -0.6369    0.3068
...    20 T-A ...
  -27.5385  -31.0652   41.2535
    0.3813   -0.7308   -0.5661
    0.5896   -0.2794    0.7578
   -0.7120   -0.6228    0.3244
...    21 T-A ...
  -30.0254  -33.0477   42.0303
    0.6390   -0.7681   -0.0410
    0.2713    0.1752    0.9464
   -0.7198   -0.6159    0.3203
...    22 C-G ...
  -32.3677  -35.1096   43.0258
    0.7018   -0.5104    0.4970
   -0.1507    0.5755    0.8038
   -0.6963   -0.6390    0.3270
...    23 G-C ...
  -34.7236  -36.8706   44.6517
    0.5973   -0.0179    0.8019
   -0.5300    0.7416    0.4113
   -0.6020   -0.6706    0.4334
...    24 C-G ...
  -36.4329  -39.3184   45.9636
    0.2734    0.4082    0.8710
   -0.7589    0.6479   -0.0654
   -0.5910   -0.6432    0.4869
...    25 A-T ...
  -38.5797  -41.2605   47.4756
   -0.1228    0.7523    0.6473
   -0.7891    0.3215   -0.5234
   -0.6018   -0.5750    0.5542
...    26 A-T ...
  -40.4001  -43.0965   49.4852
   -0.5247    0.8156    0.2439
   -0.5965   -0.1478   -0.7889
   -0.6074   -0.5594    0.5640
...    27 A-T ...
  -42.1454  -44.7726   51.6501
   -0.7685    0.5933   -0.2397
   -0.1986   -0.5773   -0.7920
   -0.6083   -0.5610    0.5614
...    28 G-C ...
  -44.2602  -46.1863   53.8481
   -0.7164    0.2517   -0.6508
    0.2028   -0.8173   -0.5393
   -0.6676   -0.5183    0.5345
...    29 G-C ...
  -46.8469  -47.5494   55.6669
   -0.4284   -0.1858   -0.8843
    0.5407   -0.8368   -0.0861
   -0.7240   -0.5150    0.4589
...    30 C-G ...
  -49.5376  -48.9151   56.9060
   -0.0324   -0.5723   -0.8194
    0.6621   -0.6264    0.4114
   -0.7487   -0.5292    0.3992
...    31 C-G ...
  -52.2596  -50.4612   58.0837
    0.3858   -0.7798   -0.4931
    0.5537   -0.2318    0.7998
   -0.7380   -0.5815    0.3423
...    32 G-C ...
  -54.2478  -52.4445   59.2501
    0.6723   -0.7377   -0.0623
    0.2567    0.1534    0.9543
   -0.6944   -0.6575    0.2924
...    33 G-C ...
  -56.2169  -55.0935   59.9789
    0.7329   -0.5076    0.4530
   -0.1794    0.4980    0.8484
   -0.6562   -0.7031    0.2739
...    34 C-G ...
  -58.1421  -57.6379   60.6595
    0.5395   -0.1335    0.8313
   -0.5551    0.6859    0.4704
   -0.6331   -0.7153    0.2959
...    35 C-G ...
  -59.9033  -60.2949   61.8262
    0.1760    0.2959    0.9388
   -0.7652    0.6411   -0.0586
   -0.6193   -0.7081    0.3393
...    36 C-G ...
  -61.7022  -62.8131   63.1167
   -0.2235    0.6287    0.7449
   -0.7471    0.3804   -0.5452
   -0.6261   -0.6783    0.3847
...    37 G-C ...
  -64.1310  -64.9928   63.7331
   -0.5184    0.7996    0.3030
   -0.5038    0.0007   -0.8638
   -0.6910   -0.6005    0.4025
...    38 A-T ...
  -66.1745  -67.0052   64.9968
   -0.6955    0.6736   -0.2500
   -0.0992   -0.4347   -0.8951
   -0.7116   -0.5978    0.3691
...    39 C-G ...
  -68.6092  -68.4613   66.4413
   -0.5987    0.4092   -0.6886
    0.2499   -0.7214   -0.6459
   -0.7610   -0.5588    0.3296
...    40 A-T ...
  -71.3033  -70.1061   67.4543
   -0.2712    0.0376   -0.9618
    0.4941   -0.8521   -0.1727
   -0.8260   -0.5221    0.2124
...    41 C-G ...
  -74.2946  -71.3866   67.7783
    0.0609   -0.3547   -0.9330
    0.5393   -0.7748    0.3298
   -0.8399   -0.5233    0.1441
...    42 G-C ...
  -76.8187  -73.4810   68.2655
    0.4087   -0.6955   -0.5910
    0.3443   -0.4823    0.8055
   -0.8452   -0.5327    0.0424
...    43 A-T ...
  -79.5097  -75.1521   68.3269
    0.5263   -0.8502   -0.0127
    0.0398    0.0097    0.9992
   -0.8494   -0.5264    0.0390
...    44 C-G ...
  -82.1716  -77.0688   67.7933
    0.4874   -0.7099    0.5084
   -0.2557    0.4406    0.8605
   -0.8349   -0.5494    0.0332
...    45 T-A ...
  -84.7777  -79.6016   67.4443
    0.2581   -0.3666    0.8939
   -0.4701    0.7606    0.4477
   -0.8440   -0.5358    0.0240
...    46 T-A ...
  -87.2747  -81.7011   67.2298
   -0.0450    0.0430    0.9981
   -0.5085    0.8590   -0.0599
   -0.8599   -0.5102   -0.0168
...    47 A-T ...
  -90.0869  -83.4407   67.2795
   -0.2421    0.5508    0.7987
   -0.3995    0.6936   -0.5994
   -0.8842   -0.4642    0.0522
...    48 C-G ...
  -92.6995  -85.3220   67.9299
   -0.3679    0.8504    0.3761
   -0.2138    0.3163   -0.9243
   -0.9049   -0.4205    0.0655
...    49 T-A ...
  -95.6728  -86.6618   68.6570
   -0.3339    0.9302   -0.1521
   -0.0227   -0.1693   -0.9853
   -0.9423   -0.3256    0.0776
...    50 G-C ...
  -99.0187  -87.3036   68.9080
   -0.1103    0.7488   -0.6536
    0.1137   -0.6438   -0.7567
   -0.9874   -0.1578   -0.0141
...    51 T-A ...
 -102.1945  -87.2915   69.1537
    0.0459    0.3841   -0.9222
    0.1274   -0.9178   -0.3759
   -0.9908   -0.1003   -0.0910
...    52 A-T ...
 -105.4199  -86.7445   68.4566
    0.3051   -0.0993   -0.9471
    0.0011   -0.9945    0.1046
   -0.9523   -0.0330   -0.3034
...    53 G-C ...
 -108.4059  -86.3932   67.3196
    0.3432   -0.5615   -0.7529
   -0.2022   -0.8270    0.5246
   -0.9172   -0.0278   -0.3974
...    54 G-C ...
 -111.3284  -85.9706   65.1351
    0.2275   -0.9120   -0.3412
   -0.3949   -0.4067    0.8238
   -0.8901   -0.0527   -0.4527
...    55 T-A ...
 -113.9711  -86.1949   63.1651
   -0.0297   -0.9922    0.1207
   -0.4709    0.1204    0.8740
   -0.8817   -0.0309   -0.4708
...    56 A-T ...
 -116.7316  -86.4637   61.2413
   -0.3119   -0.7325    0.6051
   -0.3680    0.6803    0.6339
   -0.8760   -0.0250   -0.4817
...    57 T-A ...
 -119.3105  -87.1127   59.2606
   -0.4912   -0.2877    0.8222
   -0.1364    0.9577    0.2536
   -0.8603    0.0124   -0.5096
...    58 C-G ...
 -122.2326  -87.3796   57.6161
   -0.4743    0.3534    0.8064
    0.2205    0.9344   -0.2798
   -0.8523    0.0451   -0.5211
...    59 T-A ...
 -125.2312  -87.3586   56.1615
   -0.2258    0.7737    0.5919
    0.4373    0.6235   -0.6481
   -0.8705    0.1125   -0.4791
...    60 C-G ...
 -128.2102  -86.9586   54.6844
    0.1208    0.9771    0.1752
    0.4859    0.0957   -0.8688
   -0.8656    0.1901   -0.4632
...    61 G-C ...
 -130.7700  -85.9465   52.8809
    0.5624    0.8203   -0.1043
    0.3357   -0.3418   -0.8778
   -0.7556    0.4587   -0.4676
...    62 A-T ...
 -133.2144  -84.3085   51.3678
    0.7225    0.4589   -0.5171
   -0.0348   -0.7229   -0.6901
   -0.6905    0.5166   -0.5063
...    63 G-C ...
 -135.1648  -82.1455   49.7550
    0.6634   -0.0085   -0.7482
   -0.4274   -0.8250   -0.3696
   -0.6142    0.5650   -0.5510
...    64 C-G ...
 -136.7756  -79.8539   47.8204
    0.3232   -0.4985   -0.8044
   -0.7556   -0.6477    0.0978
   -0.5697    0.5762   -0.5860
...    65 T-A ...
 -138.4078  -77.8263   45.8258
   -0.1225   -0.7650   -0.6323
   -0.8383   -0.2613    0.4785
   -0.5313    0.5886   -0.6093
...    66 C-G ...
 -140.3633  -76.0959   43.8594
   -0.5981   -0.7672   -0.2319
   -0.6262    0.2667    0.7327
   -0.5002    0.5834   -0.6399
...    67 G-C ...
 -142.5731  -73.7209   42.5457
   -0.8369   -0.4917    0.2405
   -0.1811    0.6633    0.7261
   -0.5165    0.5641   -0.6442
...    68 G-C ...
 -144.1394  -71.8238   40.2799
   -0.7705   -0.0758    0.6329
    0.3385    0.7927    0.5070
   -0.5402    0.6049   -0.5851
...    69 G-C ...
 -146.0068  -69.9758   38.2125
   -0.4130    0.2906    0.8631
    0.6979    0.7098    0.0949
   -0.5851    0.6416   -0.4960
...    70 A-T ...
 -148.1064  -68.0000   36.5939
    0.0950    0.6168    0.7813
    0.8133    0.4045   -0.4182
   -0.5740    0.6752   -0.4633
...    71 T-A ...
 -150.4187  -65.9161   35.5308
    0.5201    0.7043    0.4832
    0.6512    0.0391   -0.7579
   -0.5526    0.7089   -0.4383
...    72 C-G ...
 -152.2164  -63.4527   34.3410
    0.8331    0.5531   -0.0041
    0.2301   -0.3534   -0.9067
   -0.5029    0.7545   -0.4217
...    73 C-G ...
 -153.8297  -60.8621   33.1551
    0.8975    0.1901   -0.3979
   -0.2316   -0.5647   -0.7921
   -0.3753    0.8031   -0.4628
...    74 G-C ...
 -154.9482  -58.4260   31.2271
    0.6874   -0.2583   -0.6788
   -0.6906   -0.5217   -0.5009
   -0.2247    0.8131   -0.5370
...    75 C-G ...
 -155.0927  -55.4954   29.3763
    0.1730   -0.5193   -0.8369
   -0.9674   -0.2492   -0.0453
   -0.1851    0.8174   -0.5455
...    76 T-A ...
 -155.2096  -52.8970   27.0513
   -0.4068   -0.5581   -0.7232
   -0.9063    0.1472    0.3961
   -0.1146    0.8166   -0.5657
...    77 T-A ...
 -155.2259  -50.3414   25.0107
   -0.8671   -0.3075   -0.3918
   -0.4948    0.4420    0.7482
   -0.0568    0.8426   -0.5355
...    78 T-A ...
 -155.1781  -47.7556   22.9956
   -0.9955    0.0503    0.0809
    0.0952    0.5179    0.8501
    0.0009    0.8540   -0.5203
...    79 A-T ...
 -154.6912  -44.6931   21.7807
   -0.7389    0.3909    0.5489
    0.6709    0.3510    0.6532
    0.0627    0.8509   -0.5216
...    80 A-T ...
 -154.6155  -42.0174   20.0593
   -0.2529    0.4985    0.8292
    0.9640    0.0568    0.2599
    0.0824    0.8650   -0.4949
...    81 C-G ...
 -155.1380  -39.0820   18.3406
    0.3041    0.4260    0.8521
    0.9474   -0.2293   -0.2235
    0.1002    0.8752   -0.4733
...    82 T-A ...
 -155.2787  -35.9473   17.1208
    0.7376    0.1363    0.6613
    0.6532   -0.3920   -0.6478
    0.1710    0.9098   -0.3782
...    83 C-G ...
 -154.3702  -32.9510   16.2440
    0.9581   -0.1800    0.2228
    0.1484   -0.3534   -0.9236
    0.2450    0.9180   -0.3118
...    84 A-T ...
 -153.4519  -29.6591   15.8385
    0.8591   -0.4511   -0.2419
   -0.3231   -0.1115   -0.9398
    0.3970    0.8855   -0.2415
...    85 T-A ...
 -151.8276  -26.8693   15.4583
    0.5678   -0.4884   -0.6626
   -0.6956    0.1456   -0.7035
    0.4401    0.8604   -0.2571
...    86 G-C ...
 -150.0369  -24.0832   14.6231
    0.0228   -0.3606   -0.9325
   -0.8805    0.4345   -0.1896
    0.4735    0.8254   -0.3076
...    87 T-A ...
 -147.9023  -21.6653   13.6024
   -0.4519   -0.0575   -0.8902
   -0.7509    0.5633    0.3448
    0.4816    0.8242   -0.2978
...    88 T-A ...
 -146.1691  -19.1582   12.5794
   -0.7828    0.3013   -0.5444
   -0.3585    0.4967    0.7904
    0.5086    0.8139   -0.2808
...    89 A-T ...
 -144.4238  -16.2836   11.9876
   -0.8241    0.5619    0.0718
    0.2018    0.1729    0.9640
    0.5293    0.8089   -0.2559
...    90 T-A ...
 -142.9934  -13.7466   10.5325
   -0.6035    0.5844    0.5424
    0.5786   -0.1472    0.8022
    0.5487    0.7980   -0.2494
...    91 A-T ...
 -140.9607  -11.1459    9.8862
   -0.1666    0.3445    0.9239
    0.8260   -0.4629    0.3216
    0.5384    0.8168   -0.2074
...    92 A-T ...
 -139.4056   -8.4476    9.2968
    0.2840    0.0019    0.9588
    0.7832   -0.5774   -0.2308
    0.5532    0.8165   -0.1654
...    93 C-G ...
 -138.0222   -5.3512    9.1864
    0.6396   -0.3384    0.6902
    0.5096   -0.4856   -0.7103
    0.5755    0.8061   -0.1381
...    94 G-C ...
 -135.7311   -3.0816    8.6904
    0.7137   -0.6643    0.2221
    0.1278   -0.1882   -0.9738
    0.6887    0.7234   -0.0494
...    95 G-C ...
 -133.0718   -1.1393    8.7618
    0.5929   -0.7433   -0.3098
   -0.2050    0.2328   -0.9507
    0.7787    0.6272   -0.0144
...    96 A-T ...
 -130.3463    0.7714    8.9139
    0.3317   -0.4950   -0.8031
   -0.4892    0.6377   -0.5951
    0.8067    0.5902   -0.0306
...    97 A-T ...
 -127.6101    2.5007    8.8941
   -0.0038   -0.0350   -0.9994
   -0.5787    0.8151   -0.0264
    0.8155    0.5782   -0.0233
...    98 C-G ...
 -124.3649    3.7735    8.6733
   -0.3116    0.4233   -0.8507
   -0.4808    0.7019    0.5255
    0.8196    0.5728   -0.0152
...    99 T-A ...
 -121.2320    5.4707    7.9960
   -0.5458    0.7331   -0.4058
   -0.2208    0.3414    0.9136
    0.8083    0.5882   -0.0244
...   100 T-A ...
 -118.5862    7.3235    7.5390
   -0.5436    0.8148    0.2013
    0.1312   -0.1544    0.9793
    0.8290    0.5587   -0.0230
...   101 T-A ...
 -115.9399    9.2039    7.2203
   -0.3667    0.5838    0.7244
    0.4103   -0.5973    0.6891
    0.8350    0.5499   -0.0205
...   102 A-T ...
 -113.0083   10.8625    7.3516
   -0.0811    0.0867    0.9929
    0.5434   -0.8313    0.1170
    0.8356    0.5490    0.0203
...   103 T-A ...
 -110.7583   13.1846    7.6193
    0.1442   -0.3417    0.9287
    0.5221   -0.7709   -0.3648
    0.8406    0.5375    0.0672
...   104 G-C ...
 -108.0308   15.0257    8.1620
    0.3432   -0.7897    0.5085
    0.3622   -0.3882   -0.8474
    0.8666    0.4750    0.1528
...   105 C-G ...
 -105.1901   16.3405    9.1404
    0.4321   -0.9008   -0.0424
    0.1188    0.1034   -0.9875
    0.8939    0.4217    0.1517
...   106 T-A ...
 -102.0054   17.3631   10.0558
    0.3998   -0.6943   -0.5984
   -0.1027    0.6148   -0.7820
    0.9108    0.3741    0.1745
...   107 T-A ...
  -99.0165   18.3215   10.7177
    0.2347   -0.2489   -0.9397
   -0.2843    0.9068   -0.3112
    0.9296    0.3401    0.1421
...   108 C-G ...
  -95.8224   19.2166   11.0586
   -0.0040    0.3151   -0.9490
   -0.3508    0.8883    0.2964
    0.9364    0.3341    0.1070
...   109 C-G ...
  -92.6912   20.2021   11.2871
   -0.2804    0.6982   -0.6587
   -0.2799    0.5970    0.7519
    0.9182    0.3952    0.0280
...   110 G-C ...
  -89.9906   21.6600   11.5904
   -0.4685    0.8652   -0.1789
   -0.0692    0.1660    0.9837
    0.8808    0.4732   -0.0179
...   111 G-C ...
  -87.2541   23.5979   11.2935
   -0.4776    0.7827    0.3992
    0.2276   -0.3286    0.9166
    0.8486    0.5287   -0.0212
...   112 C-G ...
  -84.7354   25.7799   10.9087
   -0.3044    0.4507    0.8392
    0.4597   -0.7021    0.5438
    0.8343    0.5513    0.0065
...   113 T-A ...
  -82.1056   27.7988   10.9084
   -0.0471   -0.0084    0.9989
    0.5607   -0.8278    0.0195
    0.8267    0.5609    0.0437
...   114 C-G ...
  -79.3226   29.5956   11.1697
    0.2620   -0.5079    0.8206
    0.4989   -0.6566   -0.5657
    0.8261    0.5576    0.0814
...   115 G-C ...
  -76.3639   31.1194   11.1072
    0.4342   -0.8380    0.3304
    0.2590   -0.2352   -0.9368
    0.8628    0.4924    0.1149
...   116 T-A ...
  -73.4992   32.4259   12.1822
    0.4585   -0.8595   -0.2262
   -0.0082    0.2504   -0.9681
    0.8887    0.4457    0.1077
...   117 A-T ...
  -70.3341   33.5115   12.9816
    0.2866   -0.6038   -0.7439
   -0.2355    0.7082   -0.6656
    0.9287    0.3659    0.0608
...   118 T-A ...
  -67.1717   34.0630   13.5168
    0.1302   -0.1660   -0.9775
   -0.3452    0.9166   -0.2017
    0.9295    0.3637    0.0621
...   119 A-T ...
  -64.1197   35.4562   13.6925
   -0.1399    0.3916   -0.9094
   -0.3273    0.8485    0.4157
    0.9345    0.3558    0.0095
...   120 A-T ...
  -61.0196   36.3782   13.4684
   -0.3219    0.7938   -0.5160
   -0.1767    0.4851    0.8564
    0.9301    0.3669   -0.0159
...   121 T-A ...
  -57.9232   37.4002   12.7459
   -0.3596    0.9331    0.0054
    0.0236    0.0033    0.9997
    0.9328    0.3596   -0.0232
...   122 G-C ...
  -54.7871   38.7579   12.5128
   -0.3282    0.7292    0.6004
    0.2459   -0.5477    0.7997
    0.9120    0.4101    0.0004
...   123 T-A ...
  -51.9977   40.4833   12.2363
   -0.1594    0.3503    0.9230
    0.3810   -0.8407    0.3849
    0.9107    0.4130    0.0006
...   124 G-C ...
  -48.9865   41.9471   12.2959
    0.0416   -0.2288    0.9726
    0.4248   -0.8770   -0.2245
    0.9044    0.4225    0.0607
...   125 T-A ...
  -46.3172   43.7154   12.6973
    0.2211   -0.6675    0.7110
    0.3413   -0.6300   -0.6976
    0.9136    0.3969    0.0885
...   126 C-G ...
  -43.4204   44.9720   13.0626
    0.3792   -0.9104    0.1655
    0.1488   -0.1165   -0.9820
    0.9133    0.3970    0.0913
...   127 G-C ...
  -40.3187   46.1091   12.8536
    0.2298   -0.9015   -0.3668
   -0.0431    0.3671   -0.9292
    0.9723    0.2294    0.0455
...   128 A-T ...
  -37.2726   46.9122   13.0995
    0.1449   -0.5245   -0.8390
   -0.1874    0.8180   -0.5438
    0.9715    0.2360    0.0203
...   129 C-G ...
  -33.9954   46.9327   13.4536
   -0.0264   -0.0286   -0.9992
   -0.2189    0.9755   -0.0221
    0.9754    0.2181   -0.0320
...   130 C-G ...
  -30.6439   47.1911   12.8153
   -0.2507    0.4524   -0.8559
   -0.1219    0.8623    0.4915
    0.9604    0.2276   -0.1610
...   131 A-T ...
  -27.5772   48.5603   12.5116
   -0.3769    0.8323   -0.4066
    0.0840    0.4679    0.8798
    0.9224    0.2974   -0.2462
...   132 A-T ...
  -24.6396   49.6027   11.4698
   -0.2544    0.9520    0.1702
    0.3007   -0.0894    0.9495
    0.9192    0.2928   -0.2635
...   133 A-T ...
  -21.7826   50.6385   10.2291
    0.0258    0.7284    0.6847
    0.3810   -0.6404    0.6669
    0.9242    0.2437   -0.2940
...   134 T-A ...
  -19.0160   52.0245    8.9250
    0.2452    0.2905    0.9249
    0.3073   -0.9281    0.2101
    0.9195    0.2328   -0.3169
...   135 G-C ...
  -16.4638   53.8825    7.5153
    0.5339   -0.3333    0.7771
    0.0346   -0.9097   -0.4139
    0.8449    0.2479   -0.4741
...   136 T-A ...
  -14.1750   56.5548    6.1808
    0.5795   -0.7269    0.3685
   -0.3141   -0.6164   -0.7221
    0.7521    0.3026   -0.5855
...   137 G-C ...
  -11.6539   57.9993    4.7204
    0.2452   -0.9542   -0.1714
   -0.6323   -0.0234   -0.7744
    0.7349    0.2983   -0.6091
...   138 A-T ...
   -8.6759   58.7134    3.6024
   -0.0345   -0.7815   -0.6229
   -0.6536    0.4891   -0.5775
    0.7560    0.3872   -0.5277
...   139 G-C ...
   -6.3276   59.0728    1.6296
   -0.2969   -0.3279   -0.8968
   -0.5657    0.8171   -0.1114
    0.7693    0.4742   -0.4281
...   140 C-G ...
   -3.4370   60.2280    1.0287
   -0.4426    0.2287   -0.8671
   -0.1681    0.9286    0.3308
    0.8808    0.2922   -0.3725
...   141 G-C ...
   -0.6977   63.8913   -2.2510
   -0.9992    0.0157   -0.0376
   -0.0024    0.8991    0.4378
    0.0407    0.4375   -0.8983
...   142 C-G ...
   -1.0065   65.5989   -4.9401
   -0.8337    0.5216    0.1813
    0.5170    0.6219    0.5881
    0.1940    0.5841   -0.7882
...   143 T-A ...
   -0.1334   66.2085   -7.8196
   -0.3753    0.8566    0.3540
    0.8856    0.2187    0.4098
    0.2736    0.4673   -0.8407
...   144 C-G ...
   -0.1667   67.4021  -10.8067
    0.1797    0.8793    0.4411
    0.9277   -0.3007    0.2214
    0.3273    0.3694   -0.8697
...   145 A-T ...
    0.5266   69.2314  -13.4659
    0.7352    0.4964    0.4616
    0.6118   -0.7791   -0.1367
    0.2918    0.3829   -0.8765
...   146 C-G ...
    1.4337   72.0893  -15.6019
    0.9809    0.0621    0.1844
    0.1264   -0.9240   -0.3608
    0.1480    0.3772   -0.9142
...   147 A-T ...
    2.3046   74.2224  -18.3863
    0.8657   -0.4292   -0.2575
   -0.4984   -0.7868   -0.3642
   -0.0463    0.4436   -0.8950
