  147 base-pairs
...     1 A-T ...
    0.0000    0.0000    0.0000
    1.0000    0.0000    0.0000
    0.0000    1.0000    0.0000
    0.0000    0.0000    1.0000
...     2 G-C ...
   -0.1394   -1.2357    3.2268
    0.7529    0.6366    0.1670
   -0.6386    0.7680   -0.0486
   -0.1592   -0.0700    0.9848
...     3 T-A ...
   -0.0365   -3.2932    6.3751
    0.2722    0.9301    0.2466
   -0.9238    0.3243   -0.2033
   -0.2691   -0.1725    0.9475
...     4 G-C ...
   -0.3505   -4.1660    9.4928
   -0.3756    0.9250    0.0579
   -0.8781   -0.3352   -0.3415
   -0.2965   -0.1791    0.9381
...     5 A-T ...
   -0.4462   -4.1476   12.7498
   -0.8116    0.5840   -0.0165
   -0.5523   -0.7762   -0.3042
   -0.1905   -0.2378    0.9524
...     6 G-C ...
   -1.5908   -4.1730   15.6201
   -0.9976    0.0246   -0.0651
   -0.0043   -0.9555   -0.2950
   -0.0695   -0.2940    0.9533
...     7 C-G ...
   -1.1030   -4.4824   18.7362
   -0.8441   -0.5304   -0.0787
    0.5345   -0.8441   -0.0432
   -0.0435   -0.0785    0.9960
...     8 G-C ...
   -2.4028   -7.7290   23.1475
   -0.2754   -0.3293   -0.9032
    0.6650   -0.7437    0.0684
   -0.6942   -0.5818    0.4238
...     9 C-G ...
   -4.4690   -9.9728   24.1132
    0.1145   -0.7025   -0.7024
    0.8512   -0.2952    0.4340
   -0.5122   -0.6476    0.5642
...    10 T-A ...
   -6.7405  -10.8752   25.9697
    0.4841   -0.8363   -0.2574
    0.6595    0.1553    0.7355
   -0.5751   -0.5258    0.6267
...    11 C-G ...
   -9.1656  -12.6208   27.1640
    0.7073   -0.6682    0.2307
    0.3448    0.6110    0.7126
   -0.6171   -0.4245    0.6626
...    12 A-T ...
  -10.9234  -14.6633   29.0693
    0.7515   -0.1377    0.6452
   -0.2029    0.8824    0.4246
   -0.6277   -0.4500    0.6352
...    13 C-G ...
  -11.8476  -17.4863   31.2451
    0.4295    0.2823    0.8578
   -0.5708    0.8209    0.0156
   -0.6998   -0.4963    0.5137
...    14 A-T ...
  -13.5897  -19.7827   33.4259
   -0.1504    0.6104    0.7777
   -0.6874    0.5008   -0.5260
   -0.7106   -0.6136    0.3443
...    15 A-T ...
  -15.8185  -21.7987   34.6385
   -0.4845    0.8101    0.3302
   -0.4881    0.0629   -0.8705
   -0.7260   -0.5829    0.3650
...    16 T-A ...
  -17.9182  -23.6363   36.5587
   -0.6944    0.6987   -0.1720
   -0.1498   -0.3742   -0.9152
   -0.7038   -0.6098    0.3645
...    17 T-A ...
  -20.1904  -25.4161   38.1319
   -0.6780    0.3264   -0.6587
    0.2852   -0.7090   -0.6449
   -0.6775   -0.6251    0.3876
...    18 T-A ...
  -22.4913  -27.2176   39.5215
   -0.3999   -0.1146   -0.9093
    0.6096   -0.7742   -0.1705
   -0.6844   -0.6225    0.3795
...    19 A-T ...
  -24.6601  -29.4527   40.7035
    0.0512   -0.4978   -0.8658
    0.7184   -0.5839    0.3782
   -0.6938   -0.6413    0.3277
...    20 T-A ...
  -27.4115  -31.1681   41.4296
    0.3941   -0.7402   -0.5448
    0.5981   -0.2435    0.7635
   -0.6978   -0.6268    0.3468
...    21 T-A ...
  -29.8506  -33.1767   42.2846
    0.6560   -0.7546   -0.0188
    0.2710    0.2122    0.9389
   -0.7045   -0.6210    0.3437
...    22 C-G ...
  -32.1408  -35.2566   43.3653
    0.7159   -0.4759    0.5109
   -0.1615    0.5990    0.7843
   -0.6793   -0.6440    0.3520
...    23 G-C ...
  -34.4460  -37.0259   45.0659
    0.6022    0.0270    0.7979
   -0.5474    0.7415    0.3880
   -0.5812   -0.6704    0.4613
...    24 C-G ...
  -36.0800  -39.4722   46.4780
    0.2668    0.4471    0.8538
   -0.7771    0.6238   -0.0839
   -0.5701   -0.6411    0.5138
...    25 A-T ...
  -38.1700  -41.4102   48.0851
   -0.1431    0.7727    0.6185
   -0.8015    0.2761   -0.5304
   -0.5806   -0.5716    0.5798
...    26 A-T ...
  -39.9248  -43.2219   50.1756
   -0.5509    0.8067    0.2136
   -0.5946   -0.1999   -0.7788
   -0.5856   -0.5561    0.5898
...    27 A-T ...
  -41.6034  -44.8713   52.4150
   -0.7908    0.5540   -0.2600
   -0.1804   -0.6170   -0.7660
   -0.5849   -0.5589    0.5879
...    28 G-C ...
  -43.6542  -46.2771   54.6816
   -0.7288    0.1934   -0.6568
    0.2336   -0.8315   -0.5041
   -0.6436   -0.5208    0.5608
...    29 G-C ...
  -46.1625  -47.6790   56.5792
   -0.4245   -0.2482   -0.8708
    0.5770   -0.8152   -0.0490
   -0.6977   -0.5232    0.4893
...    30 C-G ...
  -48.7730  -49.1094   57.9175
   -0.0104   -0.6166   -0.7872
    0.6931   -0.5719    0.4388
   -0.7208   -0.5411    0.4332
...    31 C-G ...
  -51.4091  -50.7146   59.2151
    0.4190   -0.7880   -0.4511
    0.5694   -0.1589    0.8065
   -0.7073   -0.5948    0.3821
...    32 G-C ...
  -53.2983  -52.7107   60.5330
    0.7071   -0.7068   -0.0231
    0.2557    0.2251    0.9402
   -0.6593   -0.6707    0.3398
...    33 G-C ...
  -55.1440  -55.3891   61.4520
    0.7609   -0.4396    0.4772
   -0.1970    0.5443    0.8154
   -0.6182   -0.7145    0.3276
...    34 C-G ...
  -56.9405  -57.9748   62.3177
    0.5528   -0.0480    0.8319
   -0.5848    0.6888    0.4284
   -0.5936   -0.7233    0.3527
...    35 C-G ...
  -58.5503  -60.6328   63.6935
    0.1713    0.3728    0.9119
   -0.7974    0.5962   -0.0940
   -0.5787   -0.7111    0.3994
...    36 C-G ...
  -60.2042  -63.1357   65.1995
   -0.2481    0.6720    0.6978
   -0.7722    0.2977   -0.5612
   -0.5849   -0.6781    0.4451
...    37 G-C ...
  -62.5096  -65.3823   66.0245
   -0.5579    0.7923    0.2471
   -0.5132   -0.0954   -0.8529
   -0.6522   -0.6026    0.4599
...    38 A-T ...
  -64.4334  -67.3883   67.4827
   -0.7354    0.6111   -0.2928
   -0.0856   -0.5125   -0.8544
   -0.6722   -0.6032    0.4292
...    39 C-G ...
  -66.7610  -68.8545   69.0907
   -0.6302    0.3136   -0.7103
    0.2829   -0.7592   -0.5861
   -0.7231   -0.5703    0.3898
...    40 A-T ...
  -69.3404  -70.5721   70.2845
   -0.2860   -0.0694   -0.9557
    0.5432   -0.8334   -0.1021
   -0.7894   -0.5484    0.2760
...    41 C-G ...
  -72.2469  -71.9975   70.7923
    0.0688   -0.4412   -0.8948
    0.5907   -0.7048    0.3929
   -0.8040   -0.5555    0.2121
...    42 G-C ...
  -74.6285  -74.1804   71.5504
    0.4406   -0.7288   -0.5241
    0.3863   -0.3731    0.8435
   -0.8103   -0.5742    0.1171
...    43 A-T ...
  -77.2152  -75.9881   71.8532
    0.5766   -0.8143    0.0663
    0.0559    0.1202    0.9912
   -0.8151   -0.5678    0.1148
...    44 C-G ...
  -79.7625  -78.1090   71.5981
    0.5372   -0.6201    0.5717
   -0.2674    0.5177    0.8127
   -0.7999   -0.5895    0.1123
...    45 T-A ...
  -82.2232  -80.8047   71.5958
    0.2957   -0.2457    0.9232
   -0.5070    0.7787    0.3696
   -0.8097   -0.5773    0.1057
...    46 T-A ...
  -84.5996  -83.0419   71.7017
   -0.0289    0.1599    0.9867
   -0.5598    0.8152   -0.1485
   -0.8281   -0.5566    0.0659
...    47 A-T ...
  -87.2907  -84.9367   72.0519
   -0.2537    0.6303    0.7338
   -0.4531    0.5928   -0.6658
   -0.8546   -0.5014    0.1352
...    48 C-G ...
  -89.7715  -86.8658   73.0060
   -0.4049    0.8701    0.2810
   -0.2548    0.1877   -0.9486
   -0.8781   -0.4557    0.1457
...    49 T-A ...
  -92.6447  -88.2630   73.9901
   -0.3884    0.8855   -0.2551
   -0.0402   -0.2928   -0.9553
   -0.9206   -0.3608    0.1493
...    50 G-C ...
  -95.9434  -89.0444   74.4340
   -0.1680    0.6521   -0.7393
    0.1252   -0.7298   -0.6721
   -0.9778   -0.2055    0.0410
...    51 T-A ...
  -99.1079  -89.1567   74.7870
   -0.0025    0.2588   -0.9659
    0.1627   -0.9530   -0.2557
   -0.9867   -0.1578   -0.0397
...    52 A-T ...
 -102.3728  -88.9864   74.1798
    0.2640   -0.2293   -0.9369
    0.0538   -0.9663    0.2516
   -0.9630   -0.1168   -0.2428
...    53 G-C ...
 -105.4256  -88.9574   73.1693
    0.3282   -0.6597   -0.6760
   -0.1389   -0.7416    0.6563
   -0.9343   -0.1215   -0.3350
...    54 G-C ...
 -108.4737  -89.0003   71.1304
    0.2438   -0.9477   -0.2058
   -0.3346   -0.2814    0.8994
   -0.9103   -0.1503   -0.3857
...    55 T-A ...
 -111.2154  -89.6111   69.3824
    0.0098   -0.9604    0.2785
   -0.4257    0.2480    0.8702
   -0.9048   -0.1271   -0.4064
...    56 A-T ...
 -114.0807  -90.2289   67.7097
   -0.2605   -0.6290    0.7324
   -0.3485    0.7687    0.5363
   -0.9004   -0.1156   -0.4195
...    57 T-A ...
 -116.7544  -91.2292   66.0218
   -0.4393   -0.1544    0.8850
   -0.1412    0.9847    0.1017
   -0.8872   -0.0803   -0.4544
...    58 C-G ...
 -119.7610  -91.7901   64.6156
   -0.4337    0.4777    0.7640
    0.1882    0.8772   -0.4416
   -0.8812   -0.0477   -0.4704
...    59 T-A ...
 -122.8410  -92.0275   63.3576
   -0.2011    0.8594    0.4701
    0.3899    0.5105   -0.7664
   -0.8986    0.0292   -0.4378
...    60 C-G ...
 -125.9227  -91.8995   62.0303
    0.1223    0.9925    0.0084
    0.4321   -0.0457   -0.9007
   -0.8935    0.1138   -0.4344
...    61 G-C ...
 -128.6054  -91.1648   60.2522
    0.5591    0.7867   -0.2619
    0.2802   -0.4766   -0.8333
   -0.7803    0.3924   -0.4869
...    62 A-T ...
 -131.1249  -89.7097   58.6557
    0.6925    0.3626   -0.6237
   -0.0850   -0.8175   -0.5697
   -0.7164    0.4475   -0.5353
...    63 G-C ...
 -133.1606  -87.7786   56.8586
    0.6139   -0.1358   -0.7776
   -0.4631   -0.8597   -0.2154
   -0.6393    0.4923   -0.5907
...    64 C-G ...
 -134.8552  -85.7657   54.6918
    0.2574   -0.6203   -0.7409
   -0.7610   -0.6027    0.2402
   -0.5955    0.5020   -0.6272
...    65 T-A ...
 -136.6016  -84.0234   52.5348
   -0.1938   -0.8400   -0.5068
   -0.8097   -0.1547    0.5660
   -0.5538    0.5201   -0.6502
...    66 C-G ...
 -138.6578  -82.4853   50.5044
   -0.6503   -0.7556   -0.0788
   -0.5533    0.4001    0.7306
   -0.5205    0.5187   -0.6782
...    67 G-C ...
 -140.8461  -80.1079   49.0688
   -0.8434   -0.3934    0.3659
   -0.0800    0.7655    0.6384
   -0.5312    0.5092   -0.6771
...    68 G-C ...
 -142.4343  -78.3834   46.6730
   -0.7174    0.0703    0.6931
    0.4377    0.8195    0.3700
   -0.5420    0.5688   -0.6186
...    69 G-C ...
 -144.2983  -76.6598   44.4944
   -0.3133    0.4301    0.8467
    0.7586    0.6497   -0.0493
   -0.5713    0.6269   -0.5298
...    70 A-T ...
 -146.3519  -74.7054   42.7962
    0.2151    0.6897    0.6914
    0.8066    0.2737   -0.5239
   -0.5505    0.6704   -0.4975
...    71 T-A ...
 -148.5526  -72.5408   41.6704
    0.6226    0.6960    0.3577
    0.5846   -0.1097   -0.8039
   -0.5202    0.7096   -0.4752
...    72 C-G ...
 -150.1941  -70.0484   40.3423
    0.8820    0.4548   -0.1231
    0.1173   -0.4651   -0.8775
   -0.4563    0.7595   -0.4636
...    73 C-G ...
 -151.6032  -67.4186   38.9998
    0.8770    0.0459   -0.4782
   -0.3558   -0.6069   -0.7107
   -0.3229    0.7935   -0.5159
...    74 G-C ...
 -152.5888  -65.0507   36.9090
    0.5934   -0.4014   -0.6977
   -0.7864   -0.4740   -0.3962
   -0.1717    0.7837   -0.5969
...    75 C-G ...
 -152.5140  -62.3255   34.7539
    0.0367   -0.6057   -0.7948
   -0.9916   -0.1209    0.0463
   -0.1242    0.7864   -0.6051
...    76 T-A ...
 -152.4953  -59.9637   32.1637
   -0.5380   -0.5452   -0.6429
   -0.8418    0.3086    0.4428
   -0.0430    0.7795   -0.6249
...    77 T-A ...
 -152.2988  -57.5777   29.9271
   -0.9331   -0.1863   -0.3076
   -0.3579    0.5656    0.7430
    0.0355    0.8034   -0.5944
...    78 T-A ...
 -151.9638  -55.1783   27.6976
   -0.9611    0.2381    0.1398
    0.2509    0.5417    0.8023
    0.1153    0.8062   -0.5804
...    79 A-T ...
 -150.9143  -52.3349   26.2753
   -0.5990    0.5696    0.5628
    0.7764    0.2412    0.5822
    0.1959    0.7857   -0.5868
...    80 A-T ...
 -150.4061  -49.8395   24.3595
   -0.0747    0.5875    0.8058
    0.9710   -0.1413    0.1930
    0.2273    0.7968   -0.5599
...    81 C-G ...
 -150.2400  -47.0196   22.5662
    0.4331    0.3891    0.8130
    0.8626   -0.4407   -0.2486
    0.2615    0.8090   -0.5265
...    82 A-T ...
 -149.3163  -44.2090   21.0068
    0.7960   -0.0323    0.6045
    0.4868   -0.5594   -0.6709
    0.3598    0.8282   -0.4296
...    83 C-G ...
 -148.0350  -41.2256   20.2592
    0.9122   -0.3605    0.1948
    0.0182   -0.4393   -0.8982
    0.4094    0.8228   -0.3942
...    84 T-A ...
 -146.2263  -38.2330   19.4740
    0.7233   -0.6118   -0.3203
   -0.4863   -0.1220   -0.8652
    0.4903    0.7816   -0.3858
...    85 T-A ...
 -144.3448  -35.7457   18.5032
    0.3177   -0.5466   -0.7748
   -0.8071    0.2730   -0.5235
    0.4976    0.7917   -0.3544
...    86 T-A ...
 -142.4367  -33.2938   17.5007
   -0.1849   -0.2626   -0.9470
   -0.8426    0.5383    0.0152
    0.5058    0.8008   -0.3208
...    87 A-T ...
 -140.8815  -30.3591   16.5769
   -0.6601    0.2036   -0.7231
   -0.5233    0.5660    0.6370
    0.5389    0.7989   -0.2671
...    88 T-A ...
 -138.8773  -28.1752   15.1574
   -0.8337    0.4437   -0.3288
   -0.1448    0.3989    0.9055
    0.5329    0.8025   -0.2683
...    89 G-C ...
 -137.2756  -25.4964   14.0383
   -0.7936    0.5210    0.3142
    0.4070    0.0709    0.9107
    0.4522    0.8506   -0.2683
...    90 C-G ...
 -136.1947  -22.5816   13.0381
   -0.4684    0.4302    0.7717
    0.7602   -0.2488    0.6001
    0.4502    0.8678   -0.2105
...    91 T-A ...
 -135.0412  -19.4561   12.2024
    0.0163    0.1706    0.9852
    0.8954   -0.4409    0.0616
    0.4449    0.8812   -0.1600
...    92 T-A ...
 -133.7862  -16.5463   11.8040
    0.4696   -0.1622    0.8679
    0.7477   -0.4497   -0.4886
    0.4696    0.8783   -0.0899
...    93 C-G ...
 -132.2538  -13.6402   11.8340
    0.7592   -0.4660    0.4544
    0.3718   -0.2625   -0.8904
    0.5342    0.8450   -0.0261
...    94 C-G ...
 -130.4983  -10.8698   11.9686
    0.7641   -0.6419   -0.0636
   -0.0565    0.0316   -0.9979
    0.6426    0.7661   -0.0122
...    95 G-C ...
 -128.3161   -8.7326   11.6472
    0.5493   -0.6264   -0.5530
   -0.3867    0.3961   -0.8328
    0.7407    0.6714   -0.0246
...    96 G-C ...
 -125.4334   -6.9902   11.3921
    0.2055   -0.3466   -0.9152
   -0.5751    0.7139   -0.3995
    0.7918    0.6085   -0.0526
...    97 C-G ...
 -122.4282   -5.5141   11.0406
   -0.1680    0.0873   -0.9819
   -0.5711    0.8032    0.1691
    0.8035    0.5892   -0.0851
...    98 T-A ...
 -119.6599   -3.7508   10.6953
   -0.4505    0.4996   -0.7399
   -0.3740    0.6469    0.6646
    0.8107    0.5761   -0.1045
...    99 C-G ...
 -117.0679   -1.7876   10.2412
   -0.5885    0.7713   -0.2424
   -0.0574    0.2592    0.9641
    0.8065    0.5813   -0.1082
...   100 A-T ...
 -114.1854   -0.0365   10.0769
   -0.5930    0.7260    0.3483
    0.2958   -0.2059    0.9328
    0.7489    0.6562   -0.0926
...   101 T-A ...
 -112.0118    2.2983    9.4082
   -0.3911    0.5025    0.7711
    0.5540   -0.5405    0.6332
    0.7349    0.6749   -0.0670
...   102 G-C ...
 -109.5955    4.7755    9.2042
   -0.0622    0.0306    0.9976
    0.6729   -0.7370    0.0646
    0.7372    0.6752    0.0252
...   103 T-A ...
 -107.6103    7.4559    9.4607
    0.2833   -0.3746    0.8828
    0.6028   -0.6464   -0.4677
    0.7459    0.6647    0.0427
...   104 T-A ...
 -105.3138    9.5972    9.8350
    0.5233   -0.6990    0.4873
    0.3626   -0.3348   -0.8697
    0.7711    0.6319    0.0783
...   105 A-T ...
 -102.6170   11.5321   10.0496
    0.5642   -0.8204   -0.0930
    0.0247    0.1294   -0.9913
    0.8253    0.5570    0.0933
...   106 T-A ...
  -99.9113   13.0357   11.0372
    0.5001   -0.6472   -0.5753
   -0.2533    0.5260   -0.8119
    0.8281    0.5517    0.0991
...   107 A-T ...
  -97.1441   14.9150   11.2504
    0.2207   -0.2435   -0.9445
   -0.4657    0.8245   -0.3214
    0.8570    0.5108    0.0686
...   108 A-T ...
  -94.2990   16.3345   11.4756
   -0.0849    0.2508   -0.9643
   -0.4999    0.8265    0.2590
    0.8619    0.5040    0.0552
...   109 C-G ...
  -91.0624   17.4885   11.2780
   -0.3395    0.6663   -0.6640
   -0.3713    0.5536    0.7454
    0.8642    0.4996    0.0594
...   110 G-C ...
  -88.4409   19.4194   11.5917
   -0.5529    0.8253   -0.1145
   -0.0744    0.0880    0.9933
    0.8299    0.5577    0.0128
...   111 G-C ...
  -85.8724   21.4726   11.4740
   -0.5794    0.6971    0.4224
    0.2543   -0.3378    0.9062
    0.7744    0.6324    0.0184
...   112 A-T ...
  -83.3790   23.6889   11.2986
   -0.3176    0.3528    0.8802
    0.5487   -0.6886    0.4740
    0.7733    0.6335    0.0251
...   113 T-A ...
  -81.2567   26.2219   11.2787
   -0.0023   -0.0682    0.9977
    0.6342   -0.7715   -0.0513
    0.7732    0.6326    0.0451
...   114 C-G ...
  -78.6964   28.3211   11.5783
    0.3416   -0.5366    0.7716
    0.5163   -0.5788   -0.6312
    0.7853    0.6140    0.0793
...   115 G-C ...
  -75.8594   30.0585   11.4875
    0.5030   -0.8248    0.2583
    0.2308   -0.1598   -0.9598
    0.8329    0.5424    0.1100
...   116 T-A ...
  -73.0483   31.4750   12.5184
    0.5000   -0.8144   -0.2944
   -0.0636    0.3045   -0.9504
    0.8637    0.4939    0.1005
...   117 A-T ...
  -69.9078   32.6655   13.2829
    0.2875   -0.5499   -0.7842
   -0.2963    0.7275   -0.6188
    0.9108    0.4103    0.0462
...   118 T-A ...
  -66.7621   33.3445   13.7340
    0.1020   -0.1129   -0.9884
   -0.3950    0.9072   -0.1444
    0.9130    0.4052    0.0480
...   119 A-T ...
  -63.7694   34.8518   13.8647
   -0.1881    0.4221   -0.8868
   -0.3489    0.8153    0.4621
    0.9181    0.3963   -0.0062
...   120 A-T ...
  -60.7181   35.9039   13.5731
   -0.3660    0.8017   -0.4725
   -0.1688    0.4422    0.8809
    0.9152    0.4022   -0.0265
...   121 T-A ...
  -57.6792   37.0603   12.8001
   -0.3901    0.9192    0.0537
    0.0513   -0.0365    0.9980
    0.9193    0.3921   -0.0329
...   122 G-C ...
  -54.5982   38.5173   12.5282
   -0.3325    0.6965    0.6359
    0.2805   -0.5707    0.7718
    0.9004    0.4350   -0.0057
...   123 T-A ...
  -51.8575   40.3117   12.2440
   -0.1477    0.3132    0.9381
    0.4095   -0.8440    0.3462
    0.9003    0.4353   -0.0035
...   124 G-C ...
  -48.8879   41.8445   12.2989
    0.0613   -0.2587    0.9640
    0.4397   -0.8601   -0.2587
    0.8960    0.4398    0.0610
...   125 T-A ...
  -46.2520   43.6501   12.7208
    0.2422   -0.6841    0.6880
    0.3442   -0.6024   -0.7202
    0.9071    0.4113    0.0895
...   126 C-G ...
  -43.3769   44.9423   13.0937
    0.3960   -0.9080    0.1366
    0.1409   -0.0869   -0.9862
    0.9073    0.4098    0.0936
...   127 G-C ...
  -40.2929   46.1038   12.9178
    0.2327   -0.8930   -0.3853
   -0.0508    0.3844   -0.9218
    0.9712    0.2341    0.0441
...   128 A-T ...
  -37.2501   46.9096   13.1583
    0.1427   -0.5100   -0.8483
   -0.1933    0.8262   -0.5292
    0.9707    0.2395    0.0193
...   129 C-G ...
  -33.9720   46.9303   13.5005
   -0.0311   -0.0145   -0.9994
   -0.2211    0.9752   -0.0072
    0.9748    0.2208   -0.0335
...   130 C-G ...
  -30.6243   47.1914   12.8408
   -0.2551    0.4609   -0.8500
   -0.1208    0.8570    0.5010
    0.9593    0.2305   -0.1629
...   131 A-T ...
  -27.5640   48.5523   12.5273
   -0.3795    0.8341   -0.4002
    0.0861    0.4626    0.8824
    0.9212    0.3005   -0.2474
...   132 A-T ...
  -24.6319   49.5985   11.4765
   -0.2548    0.9512    0.1740
    0.3026   -0.0925    0.9486
    0.9184    0.2944   -0.2643
...   133 A-T ...
  -21.7792   50.6384   10.2319
    0.0267    0.7269    0.6862
    0.3819   -0.6418    0.6650
    0.9238    0.2443   -0.2947
...   134 T-A ...
  -19.0160   52.0244    8.9250
    0.2452    0.2905    0.9249
    0.3073   -0.9281    0.2101
    0.9195    0.2328   -0.3169
...   135 G-C ...
  -16.4637   53.8824    7.5153
    0.5339   -0.3333    0.7771
    0.0346   -0.9097   -0.4139
    0.8449    0.2479   -0.4741
...   136 T-A ...
  -14.1749   56.5546    6.1808
    0.5795   -0.7269    0.3685
   -0.3141   -0.6164   -0.7221
    0.7521    0.3026   -0.5855
...   137 G-C ...
  -11.6538   57.9992    4.7205
    0.2452   -0.9542   -0.1714
   -0.6323   -0.0234   -0.7744
    0.7349    0.2983   -0.6091
...   138 A-T ...
   -8.6758   58.7133    3.6025
   -0.0345   -0.7815   -0.6229
   -0.6536    0.4891   -0.5775
    0.7560    0.3872   -0.5277
...   139 G-C ...
   -6.3275   59.0727    1.6297
   -0.2969   -0.3279   -0.8968
   -0.5657    0.8171   -0.1114
    0.7693    0.4742   -0.4281
...   140 C-G ...
   -3.4369   60.2278    1.0288
   -0.4426    0.2287   -0.8671
   -0.1681    0.9286    0.3308
    0.8808    0.2922   -0.3725
...   141 G-C ...
   -0.6976   63.8911   -2.2509
   -0.9992    0.0157   -0.0376
   -0.0024    0.8991    0.4378
    0.0407    0.4375   -0.8983
...   142 C-G ...
   -1.0065   65.5988   -4.9400
   -0.8337    0.5216    0.1813
    0.5170    0.6219    0.5881
    0.1940    0.5841   -0.7882
...   143 T-A ...
   -0.1333   66.2084   -7.8195
   -0.3753    0.8566    0.3540
    0.8856    0.2187    0.4098
    0.2736    0.4673   -0.8407
...   144 C-G ...
   -0.1666   67.4020  -10.8067
    0.1797    0.8793    0.4411
    0.9277   -0.3007    0.2214
    0.3273    0.3694   -0.8697
...   145 A-T ...
    0.5267   69.2312  -13.4658
    0.7352    0.4964    0.4616
    0.6118   -0.7791   -0.1367
    0.2918    0.3829   -0.8765
...   146 C-G ...
    1.4338   72.0892  -15.6018
    0.9809    0.0621    0.1844
    0.1264   -0.9240   -0.3608
    0.1480    0.3772   -0.9142
...   147 A-T ...
    2.3047   74.2222  -18.3862
    0.8657   -0.4292   -0.2575
   -0.4984   -0.7868   -0.3642
   -0.0463    0.4436   -0.8950
