  147 base-pairs
...     1 A-T ...
    0.0000    0.0000    0.0000
    1.0000    0.0000    0.0000
    0.0000    1.0000    0.0000
    0.0000    0.0000    1.0000
...     2 G-C ...
   -0.1394   -1.2357    3.2268
    0.7529    0.6366    0.1670
   -0.6386    0.7680   -0.0486
   -0.1592   -0.0700    0.9848
...     3 T-A ...
   -0.0365   -3.2932    6.3751
    0.2722    0.9301    0.2466
   -0.9238    0.3243   -0.2033
   -0.2691   -0.1725    0.9475
...     4 G-C ...
   -0.3505   -4.1660    9.4928
   -0.3756    0.9250    0.0579
   -0.8781   -0.3352   -0.3415
   -0.2965   -0.1791    0.9381
...     5 A-T ...
   -0.4462   -4.1476   12.7498
   -0.8116    0.5840   -0.0165
   -0.5523   -0.7762   -0.3042
   -0.1905   -0.2378    0.9524
...     6 G-C ...
   -1.5908   -4.1730   15.6201
   -0.9976    0.0246   -0.0651
   -0.0043   -0.9555   -0.2950
   -0.0695   -0.2940    0.9533
...     7 C-G ...
   -1.1030   -4.4824   18.7362
   -0.8441   -0.5304   -0.0787
    0.5345   -0.8441   -0.0432
   -0.0435   -0.0785    0.9960
...     8 G-C ...
   -2.4028   -7.7290   23.1475
   -0.2754   -0.3293   -0.9032
    0.6650   -0.7437    0.0684
   -0.6942   -0.5818    0.4238
...     9 C-G ...
   -4.4690   -9.9728   24.1132
    0.1145   -0.7025   -0.7024
    0.8512   -0.2952    0.4340
   -0.5122   -0.6476    0.5642
...    10 T-A ...
   -6.7405  -10.8752   25.9697
    0.4841   -0.8363   -0.2574
    0.6595    0.1553    0.7355
   -0.5751   -0.5258    0.6267
...    11 C-G ...
   -9.1656  -12.6208   27.1640
    0.7073   -0.6682    0.2307
    0.3448    0.6110    0.7126
   -0.6171   -0.4245    0.6626
...    12 A-T ...
  -10.9234  -14.6633   29.0693
    0.7515   -0.1377    0.6452
   -0.2029    0.8824    0.4246
   -0.6277   -0.4500    0.6352
...    13 C-G ...
  -11.8476  -17.4863   31.2451
    0.4295    0.2823    0.8578
   -0.5708    0.8209    0.0156
   -0.6998   -0.4963    0.5137
...    14 A-T ...
  -13.5897  -19.7827   33.4259
   -0.1504    0.6104    0.7777
   -0.6874    0.5008   -0.5260
   -0.7106   -0.6136    0.3443
...    15 A-T ...
  -15.7125  -21.7974   34.8046
   -0.4853    0.7990    0.3550
   -0.5014    0.0783   -0.8617
   -0.7163   -0.5962    0.3626
...    16 T-A ...
  -17.7694  -23.5986   36.6197
   -0.6586    0.7429   -0.1198
   -0.2040   -0.3295   -0.9218
   -0.7243   -0.5827    0.3686
...    17 T-A ...
  -20.0953  -25.3125   38.0864
   -0.6565    0.4427   -0.6108
    0.1862   -0.6895   -0.6999
   -0.7310   -0.5732    0.3702
...    18 T-A ...
  -22.5544  -26.9144   39.4643
   -0.4437   -0.0128   -0.8961
    0.5140   -0.8227   -0.2427
   -0.7341   -0.5683    0.3716
...    19 A-T ...
  -24.9912  -28.8371   40.6259
   -0.0323   -0.4490   -0.8929
    0.6585   -0.6816    0.3189
   -0.7518   -0.5777    0.3177
...    20 T-A ...
  -27.8586  -30.3114   41.2841
    0.2980   -0.7291   -0.6161
    0.5866   -0.3693    0.7208
   -0.7531   -0.5762    0.3176
...    21 T-A ...
  -30.4537  -32.0970   42.0595
    0.5686   -0.8156   -0.1075
    0.3230    0.1011    0.9410
   -0.7565   -0.5698    0.3210
...    22 C-G ...
  -32.8845  -34.0586   43.0028
    0.6742   -0.5917    0.4421
   -0.0681    0.5462    0.8349
   -0.7354   -0.5929    0.3280
...    23 G-C ...
  -35.2834  -35.8415   44.4391
    0.6086   -0.1346    0.7820
   -0.4382    0.7646    0.4726
   -0.6615   -0.6303    0.4064
...    24 C-G ...
  -37.1358  -38.2386   45.7343
    0.3160    0.3231    0.8920
   -0.7003    0.7138   -0.0105
   -0.6401   -0.6214    0.4519
...    25 A-T ...
  -39.2647  -40.2181   47.3298
   -0.0455    0.7248    0.6874
   -0.7787    0.4053   -0.4789
   -0.6257   -0.5571    0.5460
...    26 A-T ...
  -41.0647  -42.0369   49.3170
   -0.4579    0.8352    0.3045
   -0.6260   -0.0598   -0.7775
   -0.6312   -0.5467    0.5503
...    27 A-T ...
  -42.9791  -43.6764   51.3501
   -0.7153    0.6750   -0.1809
   -0.2743   -0.5093   -0.8157
   -0.6427   -0.5338    0.5495
...    28 G-C ...
  -45.1081  -45.1395   53.3943
   -0.7028    0.3676   -0.6091
    0.1136   -0.7872   -0.6062
   -0.7023   -0.4952    0.5114
...    29 G-C ...
  -47.6798  -46.4094   55.1553
   -0.4688   -0.0484   -0.8820
    0.4382   -0.8797   -0.1847
   -0.7669   -0.4730    0.4336
...    30 C-G ...
  -50.4713  -47.5832   56.4350
   -0.1253   -0.4815   -0.8674
    0.6007   -0.7327    0.3199
   -0.7896   -0.4810    0.3810
...    31 C-G ...
  -53.3184  -49.1199   57.3355
    0.2748   -0.7542   -0.5964
    0.5453   -0.3887    0.7427
   -0.7920   -0.5292    0.3044
...    32 G-C ...
  -55.6602  -51.1394   58.5487
    0.5992   -0.7915   -0.1206
    0.2677    0.0561    0.9619
   -0.7545   -0.6086    0.2455
...    33 G-C ...
  -58.0990  -53.4023   59.0566
    0.6968   -0.5984    0.3954
   -0.1154    0.4506    0.8852
   -0.7079   -0.6624    0.2450
...    34 C-G ...
  -60.2415  -55.8650   59.5997
    0.5458   -0.2410    0.8025
   -0.4792    0.6958    0.5349
   -0.6873   -0.6766    0.2643
...    35 C-G ...
  -62.2868  -58.3990   60.4850
    0.2542    0.2137    0.9432
   -0.7020    0.7117    0.0280
   -0.6653   -0.6692    0.3309
...    36 C-G ...
  -64.2368  -60.8560   61.7409
   -0.0985    0.6110    0.7855
   -0.7313    0.4909   -0.4735
   -0.6749   -0.6211    0.3985
...    37 G-C ...
  -66.6985  -62.7568   62.8910
   -0.3820    0.8535    0.3544
   -0.5670    0.0864   -0.8192
   -0.7298   -0.5138    0.4510
...    38 A-T ...
  -69.0064  -64.4131   64.4677
   -0.5889    0.7842   -0.1955
   -0.2539   -0.4092   -0.8764
   -0.7673   -0.4665    0.4401
...    39 C-G ...
  -71.4394  -65.4863   66.3736
   -0.5932    0.4999   -0.6310
    0.0636   -0.7523   -0.6557
   -0.8025   -0.4291    0.4145
...    40 A-T ...
  -74.2109  -66.8085   67.6570
   -0.3497    0.0829   -0.9332
    0.3247   -0.9236   -0.2037
   -0.8788   -0.3743    0.2961
...    41 C-G ...
  -77.3188  -67.4100   68.5006
   -0.0988   -0.3748   -0.9218
    0.4300   -0.8515    0.3001
   -0.8974   -0.3668    0.2453
...    42 G-C ...
  -80.1445  -69.0265   69.1507
    0.2462   -0.7309   -0.6365
    0.3463   -0.5471    0.7621
   -0.9053   -0.4081    0.1184
...    43 A-T ...
  -83.1053  -70.4060   69.3436
    0.4156   -0.9060   -0.0799
    0.1141   -0.0352    0.9928
   -0.9024   -0.4217    0.0887
...    44 C-G ...
  -86.0161  -71.9811   69.0047
    0.4175   -0.7932    0.4434
   -0.1304    0.4306    0.8931
   -0.8993   -0.4306    0.0764
...    45 T-A ...
  -88.8451  -73.7021   69.0749
    0.3110   -0.4428    0.8410
   -0.3394    0.7748    0.5334
   -0.8877   -0.4513    0.0906
...    46 T-A ...
  -91.6020  -75.4322   69.1947
    0.0335    0.0586    0.9977
   -0.4358    0.8992   -0.0382
   -0.8994   -0.4335    0.0557
...    47 A-T ...
  -94.6289  -76.7907   69.3526
   -0.1855    0.5877    0.7876
   -0.3591    0.7055   -0.6110
   -0.9147   -0.3962    0.0801
...    48 C-G ...
  -97.4077  -78.3711   70.1179
   -0.2988    0.8814    0.3659
   -0.2077    0.3142   -0.9264
   -0.9314   -0.3528    0.0892
...    49 T-A ...
 -100.4550  -79.4159   70.7778
   -0.2664    0.9514   -0.1545
   -0.0371   -0.1703   -0.9847
   -0.9631   -0.2566    0.0807
...    50 G-C ...
 -103.7428  -79.9465   71.0102
   -0.0791    0.7540   -0.6521
    0.0752   -0.6478   -0.7581
   -0.9940   -0.1090   -0.0055
...    51 T-A ...
 -106.9747  -79.6986   71.2698
    0.0366    0.3385   -0.9402
    0.0816   -0.9387   -0.3348
   -0.9960   -0.0645   -0.0620
...    52 A-T ...
 -110.2489  -79.5023   70.7726
    0.2242   -0.1928   -0.9553
   -0.0204   -0.9809    0.1932
   -0.9743   -0.0238   -0.2239
...    53 G-C ...
 -113.3789  -79.2744   69.7633
    0.2396   -0.6659   -0.7065
   -0.1829   -0.7457    0.6407
   -0.9535   -0.0243   -0.3004
...    54 G-C ...
 -116.3961  -79.4117   68.2574
    0.1533   -0.9599   -0.2345
   -0.3420   -0.2742    0.8988
   -0.9271   -0.0576   -0.3704
...    55 T-A ...
 -119.1916  -79.6141   66.4440
   -0.0572   -0.9617    0.2680
   -0.3822    0.2691    0.8841
   -0.9223   -0.0519   -0.3829
...    56 A-T ...
 -122.4488  -79.3025   65.5351
   -0.3753   -0.5576    0.7404
   -0.2196    0.8296    0.5134
   -0.9005    0.0300   -0.4338
...    57 T-A ...
 -125.2725  -79.8355   63.8784
   -0.4585   -0.0554    0.8870
    0.0221    0.9970    0.0737
   -0.8884    0.0534   -0.4559
...    58 C-G ...
 -128.1588  -79.7642   62.3124
   -0.3284    0.5354    0.7781
    0.3133    0.8389   -0.4450
   -0.8911    0.0976   -0.4433
...    59 T-A ...
 -131.2289  -79.5570   61.1237
   -0.0408    0.8759    0.4807
    0.4498    0.4457   -0.7740
   -0.8922    0.1847   -0.4121
...    60 C-G ...
 -134.1621  -78.9334   59.8797
    0.2987    0.9543   -0.0020
    0.3941   -0.1253   -0.9105
   -0.8691    0.2712   -0.4136
...    61 G-C ...
 -136.8665  -77.8288   58.2976
    0.6213    0.6807   -0.3881
    0.1421   -0.5850   -0.7985
   -0.7706    0.4409   -0.4602
...    62 A-T ...
 -139.2101  -76.1761   56.7878
    0.6541    0.1967   -0.7303
   -0.2654   -0.8445   -0.4652
   -0.7083    0.4981   -0.5002
...    63 G-C ...
 -141.2480  -74.1957   55.1242
    0.4827   -0.3011   -0.8224
   -0.6008   -0.7971   -0.0609
   -0.6372    0.5235   -0.5657
...    64 C-G ...
 -142.8701  -72.2778   52.9690
    0.1023   -0.6998   -0.7069
   -0.8012   -0.4792    0.3585
   -0.5896    0.5297   -0.6097
...    65 T-A ...
 -144.4880  -70.5292   50.6650
   -0.3274   -0.8559   -0.4003
   -0.7631   -0.0103    0.6463
   -0.5573    0.5170   -0.6497
...    66 C-G ...
 -146.2574  -68.9216   48.3978
   -0.7312   -0.6803    0.0493
   -0.4213    0.5073    0.7518
   -0.5365    0.5289   -0.6576
...    67 G-C ...
 -148.0909  -66.7966   46.5957
   -0.8172   -0.2904    0.4978
    0.0787    0.7994    0.5956
   -0.5709    0.5260   -0.6304
...    68 G-C ...
 -149.9552  -65.1976   44.2778
   -0.6059    0.1597    0.7793
    0.5289    0.8127    0.2446
   -0.5942    0.5604   -0.5769
...    69 G-C ...
 -152.0489  -63.5411   42.2187
   -0.1733    0.5139    0.8402
    0.7887    0.5833   -0.1941
   -0.5899    0.6290   -0.5064
...    70 A-T ...
 -154.0161  -61.5731   40.5498
    0.3458    0.7045    0.6198
    0.7586    0.1788   -0.6266
   -0.5522    0.6868   -0.4725
...    71 T-A ...
 -156.1597  -59.3273   39.5794
    0.6973    0.6673    0.2616
    0.4948   -0.1840   -0.8493
   -0.5186    0.7217   -0.4585
...    72 C-G ...
 -157.7168  -56.8411   38.2240
    0.8988    0.3827   -0.2136
    0.0079   -0.5015   -0.8651
   -0.4382    0.7759   -0.4539
...    73 C-G ...
 -158.7370  -53.9100   36.9340
    0.8202   -0.0303   -0.5713
   -0.4813   -0.5762   -0.6605
   -0.3092    0.8167   -0.4872
...    74 G-C ...
 -159.4987  -51.3941   34.8819
    0.4636   -0.4362   -0.7713
   -0.8714   -0.3820   -0.3078
   -0.1604    0.8148   -0.5572
...    75 C-G ...
 -159.4739  -48.7408   32.8944
   -0.0777   -0.5964   -0.7989
   -0.9908   -0.0429    0.1284
   -0.1109    0.8015   -0.5876
...    76 T-A ...
 -159.4890  -46.2176   30.7394
   -0.5894   -0.5410   -0.5999
   -0.8034    0.3147    0.5056
   -0.0847    0.7800   -0.6201
...    77 T-A ...
 -159.4375  -43.7963   28.5457
   -0.9506   -0.2023   -0.2355
   -0.3096    0.5597    0.7687
   -0.0237    0.8036   -0.5947
...    78 T-A ...
 -159.3553  -41.3760   26.3551
   -0.9531    0.2065    0.2213
    0.3001    0.5495    0.7797
    0.0394    0.8095   -0.5858
...    79 A-T ...
 -158.8345  -38.5231   24.6516
   -0.5562    0.5130    0.6539
    0.8273    0.2672    0.4941
    0.0787    0.8158   -0.5730
...    80 T-A ...
 -159.1939  -35.9755   22.6084
   -0.0659    0.5668    0.8212
    0.9933   -0.0408    0.1078
    0.0946    0.8229   -0.5603
...    81 C-G ...
 -158.9469  -33.2691   20.8053
    0.5095    0.3780    0.7730
    0.8493   -0.3651   -0.3813
    0.1381    0.8508   -0.5070
...    82 A-T ...
 -158.3564  -30.3711   19.2409
    0.8548   -0.0208    0.5185
    0.4472   -0.4774   -0.7564
    0.2633    0.8784   -0.3988
...    83 T-A ...
 -157.5761  -27.2755   18.5870
    0.9519   -0.2907    0.0973
   -0.0256   -0.3917   -0.9197
    0.3055    0.8730   -0.3803
...    84 G-C ...
 -156.1528  -24.5323   17.3052
    0.7313   -0.5726   -0.3706
   -0.5174   -0.1117   -0.8484
    0.4444    0.8122   -0.3780
...    85 T-A ...
 -154.1790  -22.0119   16.5054
    0.3421   -0.5737   -0.7442
   -0.8067    0.2268   -0.5457
    0.4818    0.7870   -0.3853
...    86 T-A ...
 -152.3177  -19.5876   15.3915
   -0.1668   -0.3196   -0.9328
   -0.8501    0.5259   -0.0282
    0.4996    0.7882   -0.3594
...    87 A-T ...
 -150.9145  -16.6970   14.3670
   -0.6418    0.1267   -0.7564
   -0.5518    0.6087    0.5701
    0.5326    0.7832   -0.3208
...    88 T-A ...
 -148.8800  -14.5647   12.8418
   -0.8176    0.4443   -0.3661
   -0.1493    0.4505    0.8802
    0.5561    0.7744   -0.3020
...    89 A-T ...
 -146.8415  -11.9222   12.3279
   -0.7083    0.6544    0.2647
    0.3843    0.0430    0.9222
    0.5921    0.7550   -0.2820
...    90 A-T ...
 -145.0514   -9.4593   11.1956
   -0.3576    0.5676    0.7415
    0.7057   -0.3558    0.6127
    0.6116    0.7424   -0.2733
...    91 C-G ...
 -143.5399   -6.7416   10.1145
    0.0332    0.2688    0.9626
    0.7857   -0.6023    0.1411
    0.6177    0.7517   -0.2312
...    92 G-C ...
 -141.2008   -4.4473    9.4561
    0.3541   -0.2162    0.9099
    0.6522   -0.6402   -0.4059
    0.6703    0.7371   -0.0857
...    93 G-C ...
 -139.0522   -1.8571    9.6105
    0.5627   -0.6054    0.5629
    0.3898   -0.4062   -0.8265
    0.7290    0.6845    0.0074
...    94 A-T ...
 -136.6112    0.2960    9.8236
    0.6394   -0.7687   -0.0150
    0.0185    0.0349   -0.9992
    0.7686    0.6386    0.0366
...    95 A-T ...
 -134.0297    2.2154   10.2084
    0.5277   -0.6285   -0.5715
   -0.3256    0.4717   -0.8194
    0.7846    0.6184    0.0443
...    96 C-G ...
 -131.1386    3.7547   10.7370
    0.2622   -0.3081   -0.9145
   -0.5301    0.7459   -0.4033
    0.8064    0.5905    0.0323
...    97 A-T ...
 -128.5109    5.7893   10.7175
   -0.1462    0.1261   -0.9812
   -0.5492    0.8146    0.1865
    0.8228    0.5661   -0.0499
...    98 C-G ...
 -125.5012    7.1480   10.2559
   -0.4201    0.5303   -0.7364
   -0.3807    0.6337    0.6734
    0.8238    0.5632   -0.0643
...    99 T-A ...
 -122.7337    8.9000    9.7167
   -0.5874    0.7650   -0.2641
   -0.0883    0.2639    0.9605
    0.8044    0.5876   -0.0875
...   100 T-A ...
 -120.1040   10.7299    9.1494
   -0.5148    0.7900    0.3330
    0.2528   -0.2313    0.9395
    0.8192    0.5678   -0.0807
...   101 T-A ...
 -117.5331   12.6514    8.6498
   -0.2746    0.5197    0.8090
    0.4899   -0.6483    0.5828
    0.8274    0.5564   -0.0765
...   102 A-T ...
 -114.7164   14.4300    8.5265
    0.0094    0.0016    1.0000
    0.5628   -0.8266   -0.0040
    0.8265    0.5628   -0.0087
...   103 T-A ...
 -112.4186   16.7663    8.7165
    0.2756   -0.4225    0.8634
    0.4817   -0.7166   -0.5044
    0.8319    0.5549    0.0060
...   104 G-C ...
 -109.5101   18.3963    8.9064
    0.3888   -0.8132    0.4330
    0.2758   -0.3457   -0.8969
    0.8791    0.4682    0.0899
...   105 C-G ...
 -106.6531   19.8535    9.7091
    0.4237   -0.8973   -0.1238
    0.0431    0.1565   -0.9867
    0.9048    0.4128    0.1050
...   106 T-A ...
 -103.5838   20.9159   10.3553
    0.3201   -0.7107   -0.6265
   -0.1498    0.6150   -0.7742
    0.9355    0.3417    0.0904
...   107 T-A ...
 -100.4913   21.7833   10.8253
    0.1779   -0.2392   -0.9545
   -0.2963    0.9119   -0.2838
    0.9384    0.3334    0.0914
...   108 C-G ...
  -97.3631   22.7418   11.0194
   -0.0544    0.3314   -0.9419
   -0.3257    0.8858    0.3305
    0.9439    0.3248    0.0597
...   109 C-G ...
  -94.1159   23.6570   10.8996
   -0.2897    0.7352   -0.6128
   -0.2161    0.5734    0.7902
    0.9324    0.3614   -0.0072
...   110 G-C ...
  -91.1215   25.1253   11.1947
   -0.4435    0.8941   -0.0618
    0.0123    0.0750    0.9971
    0.8962    0.4415   -0.0443
...   111 G-C ...
  -88.1910   26.7379   10.7812
   -0.4280    0.7566    0.4943
    0.2677   -0.4162    0.8689
    0.8632    0.5042   -0.0244
...   112 C-G ...
  -85.5284   28.6857   10.4499
   -0.2457    0.3863    0.8891
    0.4636   -0.7587    0.4577
    0.8513    0.5246    0.0073
...   113 T-A ...
  -82.9081   30.7130   10.5555
   -0.0121   -0.1005    0.9949
    0.5351   -0.8412   -0.0785
    0.8447    0.5314    0.0640
...   114 C-G ...
  -80.1911   32.5178   10.8742
    0.2732   -0.5923    0.7580
    0.4448   -0.6208   -0.6455
    0.8529    0.5135    0.0939
...   115 G-C ...
  -77.1778   33.9597   11.0106
    0.3660   -0.8930    0.2619
    0.2407   -0.1810   -0.9536
    0.8989    0.4121    0.1487
...   116 T-A ...
  -74.3195   35.1904   12.1299
    0.4008   -0.8738   -0.2754
    0.0195    0.3087   -0.9510
    0.9159    0.3758    0.1407
...   117 A-T ...
  -71.2017   36.2665   12.6108
    0.2525   -0.5760   -0.7775
   -0.1859    0.7597   -0.6231
    0.9496    0.3019    0.0847
...   118 T-A ...
  -67.9802   36.6225   13.1491
    0.1117   -0.1226   -0.9861
   -0.2821    0.9476   -0.1498
    0.9529    0.2950    0.0713
...   119 A-T ...
  -64.7967   37.5965   13.2560
   -0.1472    0.4215   -0.8948
   -0.2639    0.8551    0.4463
    0.9532    0.3018   -0.0147
...   120 A-T ...
  -61.6627   38.3901   12.9893
   -0.2736    0.8303   -0.4856
   -0.1252    0.4698    0.8739
    0.9536    0.2999   -0.0246
...   121 T-A ...
  -58.5569   39.1887   12.2379
   -0.2983    0.9542    0.0224
    0.0356   -0.0123    0.9993
    0.9538    0.2988   -0.0303
...   122 G-C ...
  -55.4370   40.3238   12.4244
   -0.2973    0.7489    0.5922
    0.2327   -0.5447    0.8057
    0.9260    0.3773   -0.0123
...   123 T-A ...
  -52.6171   42.0404   12.0347
   -0.1455    0.3459    0.9269
    0.3581   -0.8549    0.3753
    0.9223    0.3866    0.0005
...   124 G-C ...
  -49.4854   43.1306   12.2565
    0.0177   -0.2358    0.9716
    0.3949   -0.8911   -0.2235
    0.9186    0.3876    0.0773
...   125 T-A ...
  -46.7150   44.8772   12.8479
    0.2018   -0.6755    0.7092
    0.3220   -0.6380   -0.6994
    0.9250    0.3695    0.0888
...   126 C-G ...
  -43.7033   46.1152   13.2570
    0.3205   -0.9333    0.1621
    0.1392   -0.1228   -0.9826
    0.9370    0.3375    0.0906
...   127 G-C ...
  -40.5406   47.1960   13.2287
    0.2183   -0.8846   -0.4120
   -0.0506    0.4114   -0.9101
    0.9746    0.2195    0.0451
...   128 A-T ...
  -37.3479   47.8291   13.4572
    0.0924   -0.4984   -0.8620
   -0.1622    0.8466   -0.5069
    0.9824    0.1866   -0.0026
...   129 C-G ...
  -34.0633   47.7993   13.5743
   -0.0541   -0.0030   -0.9985
   -0.1703    0.9854    0.0062
    0.9839    0.1704   -0.0539
...   130 C-G ...
  -30.7397   48.0503   13.0924
   -0.2391    0.5020   -0.8312
   -0.0764    0.8436    0.5315
    0.9680    0.1906   -0.1633
...   131 A-T ...
  -27.5644   48.8598   12.4817
   -0.3461    0.8612   -0.3721
    0.1239    0.4351    0.8918
    0.9300    0.2626   -0.2573
...   132 A-T ...
  -24.6382   49.6995   11.3563
   -0.2083    0.9577    0.1985
    0.3129   -0.1271    0.9413
    0.9267    0.2582   -0.2731
...   133 A-T ...
  -21.7536   50.6757   10.2113
    0.0343    0.7189    0.6943
    0.3803   -0.6519    0.6561
    0.9242    0.2415   -0.2957
...   134 T-A ...
  -19.0159   52.0244    8.9249
    0.2452    0.2905    0.9249
    0.3073   -0.9281    0.2101
    0.9195    0.2328   -0.3169
...   135 G-C ...
  -16.4637   53.8825    7.5152
    0.5339   -0.3333    0.7771
    0.0346   -0.9097   -0.4139
    0.8449    0.2479   -0.4741
...   136 T-A ...
  -14.1749   56.5547    6.1807
    0.5795   -0.7269    0.3685
   -0.3141   -0.6164   -0.7221
    0.7521    0.3026   -0.5855
...   137 G-C ...
  -11.6538   57.9992    4.7203
    0.2452   -0.9542   -0.1714
   -0.6323   -0.0234   -0.7744
    0.7349    0.2983   -0.6091
...   138 A-T ...
   -8.6758   58.7133    3.6024
   -0.0345   -0.7815   -0.6229
   -0.6536    0.4891   -0.5775
    0.7560    0.3872   -0.5277
...   139 G-C ...
   -6.3275   59.0727    1.6296
   -0.2969   -0.3279   -0.8968
   -0.5657    0.8171   -0.1114
    0.7693    0.4742   -0.4281
...   140 C-G ...
   -3.4369   60.2279    1.0286
   -0.4426    0.2287   -0.8671
   -0.1681    0.9286    0.3308
    0.8808    0.2922   -0.3725
...   141 G-C ...
   -0.6976   63.8911   -2.2510
   -0.9992    0.0157   -0.0376
   -0.0024    0.8991    0.4378
    0.0407    0.4375   -0.8983
...   142 C-G ...
   -1.0064   65.5988   -4.9402
   -0.8337    0.5216    0.1813
    0.5170    0.6219    0.5881
    0.1940    0.5840   -0.7882
...   143 T-A ...
   -0.1332   66.2084   -7.8197
   -0.3753    0.8566    0.3540
    0.8856    0.2187    0.4098
    0.2736    0.4673   -0.8407
...   144 C-G ...
   -0.1666   67.4020  -10.8068
    0.1797    0.8793    0.4411
    0.9277   -0.3007    0.2214
    0.3273    0.3694   -0.8697
...   145 A-T ...
    0.5267   69.2312  -13.4660
    0.7352    0.4964    0.4616
    0.6118   -0.7791   -0.1367
    0.2918    0.3829   -0.8765
...   146 C-G ...
    1.4338   72.0892  -15.6019
    0.9809    0.0621    0.1844
    0.1264   -0.9240   -0.3608
    0.1480    0.3772   -0.9142
...   147 A-T ...
    2.3047   74.2222  -18.3864
    0.8657   -0.4292   -0.2575
   -0.4984   -0.7868   -0.3642
   -0.0463    0.4436   -0.8950
