  147 base-pairs
...     1 A-T ...
    0.0000    0.0000    0.0000
    1.0000    0.0000    0.0000
    0.0000    1.0000    0.0000
    0.0000    0.0000    1.0000
...     2 G-C ...
   -0.1394   -1.2357    3.2268
    0.7529    0.6366    0.1670
   -0.6386    0.7680   -0.0486
   -0.1592   -0.0700    0.9848
...     3 T-A ...
   -0.0365   -3.2932    6.3751
    0.2722    0.9301    0.2466
   -0.9238    0.3243   -0.2033
   -0.2691   -0.1725    0.9475
...     4 G-C ...
   -0.3505   -4.1660    9.4928
   -0.3756    0.9250    0.0579
   -0.8781   -0.3352   -0.3415
   -0.2965   -0.1791    0.9381
...     5 A-T ...
   -0.4462   -4.1476   12.7498
   -0.8116    0.5840   -0.0165
   -0.5523   -0.7762   -0.3042
   -0.1905   -0.2378    0.9524
...     6 G-C ...
   -1.5908   -4.1730   15.6201
   -0.9976    0.0246   -0.0651
   -0.0043   -0.9555   -0.2950
   -0.0695   -0.2940    0.9533
...     7 C-G ...
   -1.1030   -4.4824   18.7362
   -0.8441   -0.5304   -0.0787
    0.5345   -0.8441   -0.0432
   -0.0435   -0.0785    0.9960
...     8 G-C ...
   -2.4028   -7.7290   23.1475
   -0.2754   -0.3293   -0.9032
    0.6650   -0.7437    0.0684
   -0.6942   -0.5818    0.4238
...     9 C-G ...
   -4.4690   -9.9728   24.1132
    0.1145   -0.7025   -0.7024
    0.8512   -0.2952    0.4340
   -0.5122   -0.6476    0.5642
...    10 T-A ...
   -6.7405  -10.8752   25.9697
    0.4841   -0.8363   -0.2574
    0.6595    0.1553    0.7355
   -0.5751   -0.5258    0.6267
...    11 C-G ...
   -9.1656  -12.6208   27.1640
    0.7073   -0.6682    0.2307
    0.3448    0.6110    0.7126
   -0.6171   -0.4245    0.6626
...    12 A-T ...
  -10.9234  -14.6633   29.0693
    0.7515   -0.1377    0.6452
   -0.2029    0.8824    0.4246
   -0.6277   -0.4500    0.6352
...    13 C-G ...
  -11.8476  -17.4863   31.2451
    0.4295    0.2823    0.8578
   -0.5708    0.8209    0.0156
   -0.6998   -0.4963    0.5137
...    14 A-T ...
  -13.5897  -19.7827   33.4259
   -0.1504    0.6104    0.7777
   -0.6874    0.5008   -0.5260
   -0.7106   -0.6136    0.3443
...    15 A-T ...
  -15.7195  -21.7905   34.8016
   -0.4832    0.8015    0.3522
   -0.5014    0.0764   -0.8618
   -0.7177   -0.5930    0.3650
...    16 T-A ...
  -17.7827  -23.5759   36.6229
   -0.6555    0.7449   -0.1243
   -0.2052   -0.3340   -0.9200
   -0.7268   -0.5775    0.3718
...    17 T-A ...
  -20.1202  -25.2700   38.0937
   -0.6534    0.4407   -0.6155
    0.1835   -0.6966   -0.6936
   -0.7344   -0.5661    0.3743
...    18 T-A ...
  -22.5910  -26.8473   39.4812
   -0.4425   -0.0222   -0.8965
    0.5102   -0.8284   -0.2313
   -0.7375   -0.5597    0.3779
...    19 A-T ...
  -25.0032  -28.7862   40.6832
   -0.0351   -0.4756   -0.8790
    0.6565   -0.6741    0.3385
   -0.7535   -0.5651    0.3359
...    20 T-A ...
  -27.8790  -30.2281   41.3930
    0.2935   -0.7517   -0.5906
    0.5857   -0.3468    0.7326
   -0.7555   -0.5609    0.3385
...    21 T-A ...
  -30.4876  -31.9663   42.2382
    0.5615   -0.8242   -0.0734
    0.3239    0.1373    0.9361
   -0.7614   -0.5494    0.3441
...    22 C-G ...
  -32.9473  -33.8552   43.2658
    0.6670   -0.5777    0.4706
   -0.0635    0.5852    0.8084
   -0.7424   -0.5690    0.3537
...    23 G-C ...
  -35.3898  -35.5261   44.7721
    0.6048   -0.1020    0.7898
   -0.4284    0.7944    0.4307
   -0.6713   -0.5988    0.4367
...    24 C-G ...
  -37.2871  -37.8268   46.1770
    0.3187    0.3672    0.8738
   -0.6889    0.7230   -0.0525
   -0.6511   -0.5852    0.4834
...    25 A-T ...
  -39.4515  -39.6852   47.8752
   -0.0334    0.7652    0.6429
   -0.7705    0.3900   -0.5042
   -0.6366   -0.5122    0.5766
...    26 A-T ...
  -41.2943  -41.3414   49.9604
   -0.4400    0.8626    0.2497
   -0.6269   -0.0960   -0.7732
   -0.6430   -0.4967    0.5830
...    27 A-T ...
  -43.2507  -42.8008   52.0868
   -0.6983    0.6786   -0.2277
   -0.2863   -0.5564   -0.7800
   -0.6560   -0.4795    0.5829
...    28 G-C ...
  -45.4210  -44.0658   54.2203
   -0.6929    0.3408   -0.6354
    0.0935   -0.8314   -0.5478
   -0.7149   -0.4390    0.5442
...    29 G-C ...
  -48.0375  -45.1376   56.0481
   -0.4704   -0.1037   -0.8763
    0.4142   -0.9028   -0.1155
   -0.7792   -0.4173    0.4677
...    30 C-G ...
  -50.8641  -46.1402   57.4061
   -0.1398   -0.5477   -0.8249
    0.5802   -0.7204    0.3800
   -0.8024   -0.4254    0.4185
...    31 C-G ...
  -53.7473  -47.5256   58.4351
    0.2507   -0.8126   -0.5261
    0.5341   -0.3372    0.7753
   -0.8074   -0.4754    0.3495
...    32 G-C ...
  -56.1500  -49.3401   59.8491
    0.5711   -0.8198   -0.0415
    0.2714    0.1409    0.9521
   -0.7747   -0.5550    0.3030
...    33 G-C ...
  -58.6827  -51.4331   60.5850
    0.6747   -0.5798    0.4568
   -0.0963    0.5444    0.8333
   -0.7318   -0.6062    0.3115
...    34 C-G ...
  -60.9305  -53.7342   61.3717
    0.5381   -0.1745    0.8246
   -0.4495    0.7681    0.4559
   -0.7130   -0.6160    0.3349
...    35 C-G ...
  -63.0835  -56.0743   62.5067
    0.2678    0.3071    0.9132
   -0.6707    0.7399   -0.0521
   -0.6917   -0.5986    0.4041
...    36 C-G ...
  -65.1305  -58.2942   64.0255
   -0.0644    0.7019    0.7093
   -0.7114    0.4662   -0.5259
   -0.6999   -0.5385    0.4693
...    37 G-C ...
  -67.6652  -59.9256   65.4143
   -0.3341    0.9087    0.2504
   -0.5710    0.0162   -0.8208
   -0.7499   -0.4172    0.5134
...    38 A-T ...
  -70.0444  -61.2409   67.1927
   -0.5484    0.7851   -0.2880
   -0.2869   -0.5001   -0.8170
   -0.7855   -0.3654    0.4995
...    39 C-G ...
  -72.5081  -61.9272   69.2338
   -0.5735    0.4483   -0.6856
    0.0127   -0.8320   -0.5546
   -0.8191   -0.3268    0.4714
...    40 A-T ...
  -75.3343  -62.9237   70.6823
   -0.3606   -0.0220   -0.9325
    0.2690   -0.9597   -0.0814
   -0.8931   -0.2802    0.3520
...    41 C-G ...
  -78.4623  -63.2265   71.6302
   -0.1383   -0.4921   -0.8595
    0.3865   -0.8258    0.4107
   -0.9119   -0.2754    0.3044
...    42 G-C ...
  -81.3566  -64.5764   72.5543
    0.1848   -0.8312   -0.5244
    0.3300   -0.4501    0.8298
   -0.9257   -0.3264    0.1911
...    43 A-T ...
  -84.4002  -65.7035   73.0047
    0.3521   -0.9344    0.0550
    0.1377    0.1098    0.9844
   -0.9258   -0.3390    0.1673
...    44 C-G ...
  -87.4255  -67.0983   72.9648
    0.3732   -0.7418    0.5572
   -0.0752    0.5744    0.8151
   -0.9247   -0.3461    0.1586
...    45 T-A ...
  -90.3722  -68.5652   73.3573
    0.3029   -0.3237    0.8964
   -0.2655    0.8747    0.4056
   -0.9153   -0.3609    0.1790
...    46 T-A ...
  -93.2468  -70.0245   73.8127
    0.0727    0.2189    0.9730
   -0.3684    0.9125   -0.1778
   -0.9268   -0.3455    0.1470
...    47 A-T ...
  -96.3438  -71.1219   74.3019
   -0.0967    0.7232    0.6839
   -0.3305    0.6248   -0.7074
   -0.9388   -0.2944    0.1786
...    48 C-G ...
  -99.1962  -72.2973   75.4254
   -0.2024    0.9537    0.2222
   -0.2300    0.1743   -0.9575
   -0.9519   -0.2449    0.1841
...    49 T-A ...
 -102.2809  -72.9224   76.3760
   -0.1894    0.9333   -0.3050
   -0.1093   -0.3288   -0.9381
   -0.9758   -0.1443    0.1643
...    50 G-C ...
 -105.5874  -73.0730   76.8232
   -0.0509    0.6350   -0.7708
   -0.0318   -0.7724   -0.6343
   -0.9982   -0.0078    0.0595
...    51 T-A ...
 -108.7634  -72.4566   77.1809
    0.0049    0.1637   -0.9865
   -0.0280   -0.9861   -0.1637
   -0.9996    0.0285   -0.0002
...    52 A-T ...
 -112.0425  -72.1002   76.8506
    0.1196   -0.3930   -0.9117
   -0.0964   -0.9186    0.3833
   -0.9881    0.0420   -0.1477
...    53 G-C ...
 -115.2212  -71.7200   76.0434
    0.1035   -0.8123   -0.5740
   -0.1943   -0.5825    0.7893
   -0.9755    0.0298   -0.2181
...    54 G-C ...
 -118.3791  -71.7714   74.8514
    0.0271   -0.9986   -0.0444
   -0.2750   -0.0502    0.9601
   -0.9611   -0.0138   -0.2760
...    55 T-A ...
 -121.3588  -71.9673   73.3461
   -0.1326   -0.8755    0.4647
   -0.2548    0.4832    0.8376
   -0.9579   -0.0074   -0.2871
...    56 A-T ...
 -124.6418  -71.4028   72.6629
   -0.3519   -0.3458    0.8698
   -0.0663    0.9361    0.3454
   -0.9337    0.0638   -0.3524
...    57 T-A ...
 -127.6739  -71.8652   71.4058
   -0.3571    0.1822    0.9161
    0.1439    0.9798   -0.1388
   -0.9229    0.0823   -0.3761
...    58 C-G ...
 -130.6927  -71.7085   70.1220
   -0.1676    0.7165    0.6772
    0.3533    0.6849   -0.6372
   -0.9204    0.1325   -0.3680
...    59 T-A ...
 -133.8391  -71.3061   69.2171
    0.1258    0.9485    0.2907
    0.3989    0.2200   -0.8902
   -0.9083    0.2280   -0.3506
...    60 C-G ...
 -136.8038  -70.4994   68.1715
    0.4113    0.8822   -0.2292
    0.2533   -0.3522   -0.9010
   -0.8756    0.3125   -0.3683
...    61 G-C ...
 -139.5209  -69.2965   66.6748
    0.6423    0.4940   -0.5861
   -0.0459   -0.7385   -0.6727
   -0.7651    0.4590   -0.4516
...    62 A-T ...
 -141.8185  -67.6100   65.1195
    0.5594   -0.0467   -0.8276
   -0.4377   -0.8645   -0.2471
   -0.7039    0.5005   -0.5041
...    63 G-C ...
 -143.8161  -65.6775   63.3431
    0.3043   -0.5206   -0.7978
   -0.7034   -0.6875    0.1803
   -0.6423    0.5063   -0.5754
...    64 C-G ...
 -145.5021  -63.9469   61.0699
   -0.1110   -0.8233   -0.5567
   -0.7901   -0.2667    0.5519
   -0.6028    0.5011   -0.6209
...    65 T-A ...
 -147.2289  -62.3867   58.7023
   -0.5093   -0.8437   -0.1697
   -0.6357    0.2359    0.7350
   -0.5800    0.4822   -0.6565
...    66 C-G ...
 -149.0997  -60.8964   56.4295
   -0.8037   -0.5202    0.2890
   -0.2035    0.6966    0.6879
   -0.5592    0.4940   -0.6657
...    67 G-C ...
 -150.8570  -58.7985   54.5120
   -0.7479   -0.0495    0.6619
    0.3061    0.8591    0.4102
   -0.5890    0.5094   -0.6274
...    68 G-C ...
 -152.8345  -57.2872   52.2269
   -0.4188    0.3922    0.8190
    0.6843    0.7292    0.0006
   -0.5970    0.5607   -0.5738
...    69 G-C ...
 -154.9965  -55.6198   50.2482
    0.0713    0.6609    0.7471
    0.8190    0.3887   -0.4220
   -0.5693    0.6420   -0.5136
...    70 A-T ...
 -156.9051  -53.5864   48.5925
    0.5657    0.7109    0.4178
    0.6426   -0.0624   -0.7637
   -0.5168    0.7005   -0.4921
...    71 T-A ...
 -158.8066  -51.1438   47.5997
    0.8328    0.5532    0.0206
    0.2848   -0.3963   -0.8728
   -0.4746    0.7328   -0.4876
...    72 C-G ...
 -160.1577  -48.6193   46.0990
    0.8889    0.1691   -0.4257
   -0.2445   -0.6108   -0.7531
   -0.3874    0.7735   -0.5016
...    73 C-G ...
 -160.9062  -45.7612   44.4912
    0.6703   -0.2657   -0.6929
   -0.6938   -0.5556   -0.4582
   -0.2632    0.7878   -0.5568
...    74 G-C ...
 -161.6631  -43.4494   42.2012
    0.2101   -0.6118   -0.7626
   -0.9682   -0.2383   -0.0755
   -0.1356    0.7543   -0.6424
...    75 C-G ...
 -161.6274  -41.1069   39.8457
   -0.3491   -0.6595   -0.6658
   -0.9321    0.1709    0.3194
   -0.0969    0.7321   -0.6743
...    76 T-A ...
 -161.6809  -38.8881   37.3725
   -0.7922   -0.4736   -0.3849
   -0.6048    0.5248    0.5990
   -0.0817    0.7073   -0.7022
...    77 T-A ...
 -161.6856  -36.7760   34.8770
   -0.9996   -0.0258   -0.0111
   -0.0258    0.6895    0.7238
   -0.0111    0.7238   -0.6899
...    78 T-A ...
 -161.6568  -34.6602   32.3899
   -0.8259    0.4204    0.3757
    0.5615    0.5520    0.6165
    0.0518    0.7201   -0.6919
...    79 A-T ...
 -161.0435  -32.1597   30.2244
   -0.2940    0.6734    0.6783
    0.9516    0.1396    0.2739
    0.0898    0.7260   -0.6818
...    80 A-T ...
 -160.9672  -29.7956   28.0130
    0.2931    0.6183    0.7292
    0.9489   -0.2813   -0.1430
    0.1167    0.7339   -0.6692
...    81 C-G ...
 -161.0588  -27.1383   26.1101
    0.7304    0.3373    0.5940
    0.6631   -0.5587   -0.4981
    0.1639    0.7577   -0.6317
...    82 A-T ...
 -160.3368  -24.5571   24.1005
    0.9342   -0.1457    0.3258
    0.1708   -0.6189   -0.7666
    0.3133    0.7718   -0.5533
...    83 C-G ...
 -159.1461  -21.7554   22.9053
    0.8678   -0.4911   -0.0761
   -0.3191   -0.4332   -0.8429
    0.3810    0.7558   -0.5326
...    84 T-A ...
 -157.4985  -19.3002   21.4395
    0.5416   -0.7055   -0.4572
   -0.6957   -0.0708   -0.7149
    0.4719    0.7052   -0.5291
...    85 T-A ...
 -155.6967  -17.0887   19.8947
    0.0537   -0.6202   -0.7826
   -0.8679    0.3586   -0.3437
    0.4938    0.6977   -0.5190
...    86 T-A ...
 -153.7913  -14.9939   18.2884
   -0.4370   -0.2780   -0.8554
   -0.7353    0.6582    0.1617
    0.5180    0.6997   -0.4921
...    87 A-T ...
 -152.2433  -12.3138   16.9241
   -0.7736    0.2510   -0.5818
   -0.2887    0.6777    0.6763
    0.5640    0.6912   -0.4518
...    88 T-A ...
 -150.3043  -10.5098   14.9246
   -0.7949    0.5838   -0.1650
    0.1433    0.4449    0.8841
    0.5895    0.6791   -0.4373
...    89 T-A ...
 -148.4143   -8.4594   13.2403
   -0.5470    0.7549    0.3619
    0.5608    0.0094    0.8279
    0.6215    0.6558   -0.4285
...    90 C-G ...
 -146.4035   -6.3263   11.7609
   -0.1336    0.5924    0.7945
    0.7645   -0.4485    0.4630
    0.6306    0.6692   -0.3930
...    91 A-T ...
 -144.1530   -4.1878   10.5512
    0.2391    0.1550    0.9585
    0.7144   -0.6966   -0.0655
    0.6576    0.7005   -0.2773
...    92 T-A ...
 -142.4390   -1.4734    9.9244
    0.5416   -0.2325    0.8078
    0.5017   -0.6817   -0.5325
    0.6745    0.6937   -0.2526
...    93 G-C ...
 -139.9643    0.6916    9.3126
    0.6218   -0.6625    0.4177
    0.1537   -0.4197   -0.8946
    0.7679    0.6205   -0.1591
...    94 T-A ...
 -137.3954    2.7312    9.4667
    0.5710   -0.8158   -0.0915
   -0.1709   -0.0091   -0.9853
    0.8030    0.5782   -0.1446
...    95 T-A ...
 -134.6857    4.4946    9.2653
    0.3647   -0.6911   -0.6240
   -0.4452    0.4592   -0.7688
    0.8178    0.5582   -0.1402
...    96 A-T ...
 -131.9213    6.2690    8.6950
   -0.0055   -0.3186   -0.9479
   -0.5423    0.7974   -0.2649
    0.8402    0.5125   -0.1772
...    97 T-A ...
 -128.8352    7.3179    8.1540
   -0.2700    0.1354   -0.9533
   -0.4596    0.8519    0.2512
    0.8461    0.5060   -0.1678
...    98 A-T ...
 -126.1042    9.2423    7.8137
   -0.4822    0.6432   -0.5948
   -0.1922    0.5847    0.7882
    0.8547    0.4943   -0.1583
...    99 A-T ...
 -123.2982   10.6989    7.0365
   -0.4804    0.8761   -0.0393
    0.1077    0.1034    0.9888
    0.8704    0.4708   -0.1441
...   100 C-G ...
 -120.6072   12.3278    5.9788
   -0.3696    0.7920    0.4860
    0.3417   -0.3705    0.8637
    0.8641    0.4853   -0.1336
...   101 G-C ...
 -117.5744   13.7315    5.8863
   -0.2132    0.3970    0.8927
    0.4933   -0.7450    0.4491
    0.8434    0.5361   -0.0370
...   102 G-C ...
 -114.9211   15.8020    5.7985
    0.0042   -0.1146    0.9934
    0.5394   -0.8362   -0.0987
    0.8420    0.5363    0.0584
...   103 A-T ...
 -112.2236   17.6171    6.0743
    0.2701   -0.6029    0.7507
    0.4445   -0.6136   -0.6527
    0.8541    0.5100    0.1022
...   104 G-C ...
 -109.4965   19.3427    6.7787
    0.3886   -0.8721    0.2974
    0.2541   -0.2089   -0.9443
    0.8857    0.4425    0.1405
...   105 C-G ...
 -106.6137   20.6436    7.7299
    0.4121   -0.8724   -0.2628
    0.0266    0.2998   -0.9536
    0.9108    0.3860    0.1467
...   106 T-A ...
 -103.5278   21.5775    8.4714
    0.3028   -0.6162   -0.7271
   -0.1569    0.7202   -0.6758
    0.9400    0.3187    0.1214
...   107 T-A ...
 -100.4209   22.3441    9.0111
    0.1607   -0.1059   -0.9813
   -0.2925    0.9445   -0.1498
    0.9427    0.3111    0.1208
...   108 C-G ...
  -97.2851   23.2422    9.2857
   -0.0664    0.4547   -0.8882
   -0.3133    0.8356    0.4512
    0.9473    0.3082    0.0870
...   109 C-G ...
  -94.0343   24.1391    9.2321
   -0.2943    0.8090   -0.5088
   -0.2011    0.4681    0.8605
    0.9343    0.3556    0.0249
...   110 G-C ...
  -91.0360   25.5503    9.6549
   -0.4421    0.8953    0.0543
    0.0261   -0.0476    0.9985
    0.8966    0.4428   -0.0023
...   111 G-C ...
  -88.1187   27.2128    9.3914
   -0.4219    0.6928    0.5848
    0.2782   -0.5150    0.8108
    0.8629    0.5048    0.0246
...   112 C-G ...
  -85.4693   29.1943    9.2629
   -0.2372    0.2818    0.9297
    0.4694   -0.8046    0.3637
    0.8505    0.5226    0.0586
...   113 T-A ...
  -82.8596   31.2089    9.5740
   -0.0044   -0.2089    0.9779
    0.5363   -0.8259   -0.1740
    0.8440    0.5237    0.1156
...   114 C-G ...
  -80.1507   32.9789   10.0736
    0.2785   -0.6685    0.6895
    0.4427   -0.5477   -0.7099
    0.8523    0.5030    0.1434
...   115 G-C ...
  -77.1495   34.4092   10.3501
    0.3679   -0.9145    0.1687
    0.2375   -0.0830   -0.9678
    0.8990    0.3961    0.1867
...   116 T-A ...
  -74.2940   35.5297   11.5789
    0.4003   -0.8426   -0.3602
    0.0171    0.3999   -0.9164
    0.9162    0.3607    0.1745
...   117 A-T ...
  -71.1739   36.5200   12.1852
    0.2463   -0.5084   -0.8251
   -0.1830    0.8117   -0.5547
    0.9518    0.2876    0.1068
...   118 T-A ...
  -67.9505   36.8072   12.7403
    0.1074   -0.0417   -0.9933
   -0.2759    0.9586   -0.0701
    0.9552    0.2816    0.0915
...   119 A-T ...
  -64.7513   37.7016   12.8879
   -0.1524    0.4823   -0.8627
   -0.2550    0.8241    0.5058
    0.9548    0.2971   -0.0026
...   120 A-T ...
  -61.6171   38.4941   12.6405
   -0.2743    0.8602   -0.4299
   -0.1154    0.4144    0.9028
    0.9547    0.2972   -0.0144
...   121 T-A ...
  -58.5173   39.3273   11.9104
   -0.2949    0.9520    0.0817
    0.0440   -0.0719    0.9964
    0.9545    0.2975   -0.0207
...   122 G-C ...
  -55.4009   40.4544   12.1230
   -0.2927    0.7160    0.6338
    0.2370   -0.5879    0.7735
    0.9264    0.3766    0.0024
...   123 T-A ...
  -52.5844   42.1862   11.8076
   -0.1409    0.2988    0.9439
    0.3592   -0.8730    0.3299
    0.9226    0.3855    0.0157
...   124 G-C ...
  -49.4613   43.2774   12.0728
    0.0191   -0.2801    0.9598
    0.3934   -0.8804   -0.2648
    0.9192    0.3826    0.0934
...   125 T-A ...
  -46.6909   44.9936   12.7350
    0.2009   -0.7051    0.6800
    0.3207   -0.6086   -0.7258
    0.9256    0.3638    0.1039
...   126 C-G ...
  -43.6818   46.2095   13.1983
    0.3175   -0.9397    0.1269
    0.1399   -0.0859   -0.9864
    0.9379    0.3309    0.1042
...   127 G-C ...
  -40.5229   47.2795   13.2213
    0.2142   -0.8720   -0.4402
   -0.0474    0.4408   -0.8963
    0.9756    0.2128    0.0531
...   128 A-T ...
  -37.3314   47.8853   13.4766
    0.0897   -0.4755   -0.8751
   -0.1565    0.8610   -0.4839
    0.9836    0.1804    0.0028
...   129 C-G ...
  -34.0518   47.8298   13.5922
   -0.0542    0.0196   -0.9983
   -0.1638    0.9861    0.0282
    0.9850    0.1651   -0.0502
...   130 C-G ...
  -30.7293   48.0595   13.1090
   -0.2369    0.5174   -0.8223
   -0.0711    0.8349    0.5458
    0.9689    0.1877   -0.1610
...   131 A-T ...
  -27.5550   48.8502   12.4895
   -0.3438    0.8664   -0.3621
    0.1273    0.4251    0.8962
    0.9304    0.2620   -0.2565
...   132 A-T ...
  -24.6322   49.6919   11.3597
   -0.2061    0.9568    0.2052
    0.3141   -0.1339    0.9399
    0.9267    0.2582   -0.2730
...   133 A-T ...
  -21.7518   50.6735   10.2107
    0.0354    0.7169    0.6962
    0.3803   -0.6539    0.6540
    0.9242    0.2416   -0.2958
...   134 T-A ...
  -19.0160   52.0244    8.9251
    0.2452    0.2905    0.9249
    0.3073   -0.9281    0.2101
    0.9195    0.2328   -0.3169
...   135 G-C ...
  -16.4638   53.8825    7.5154
    0.5339   -0.3333    0.7771
    0.0346   -0.9097   -0.4139
    0.8449    0.2479   -0.4741
...   136 T-A ...
  -14.1749   56.5547    6.1809
    0.5795   -0.7269    0.3685
   -0.3141   -0.6164   -0.7221
    0.7521    0.3026   -0.5855
...   137 G-C ...
  -11.6539   57.9993    4.7205
    0.2452   -0.9542   -0.1714
   -0.6323   -0.0234   -0.7744
    0.7349    0.2983   -0.6091
...   138 A-T ...
   -8.6759   58.7134    3.6025
   -0.0345   -0.7815   -0.6229
   -0.6536    0.4891   -0.5775
    0.7560    0.3872   -0.5277
...   139 G-C ...
   -6.3275   59.0727    1.6297
   -0.2969   -0.3279   -0.8968
   -0.5657    0.8171   -0.1114
    0.7693    0.4742   -0.4281
...   140 C-G ...
   -3.4369   60.2279    1.0288
   -0.4426    0.2287   -0.8671
   -0.1681    0.9286    0.3308
    0.8808    0.2922   -0.3725
...   141 G-C ...
   -0.6977   63.8912   -2.2509
   -0.9992    0.0157   -0.0376
   -0.0024    0.8991    0.4378
    0.0407    0.4375   -0.8983
...   142 C-G ...
   -1.0065   65.5988   -4.9400
   -0.8337    0.5216    0.1813
    0.5170    0.6219    0.5881
    0.1940    0.5841   -0.7882
...   143 T-A ...
   -0.1333   66.2085   -7.8195
   -0.3753    0.8566    0.3540
    0.8856    0.2187    0.4098
    0.2736    0.4673   -0.8407
...   144 C-G ...
   -0.1666   67.4021  -10.8066
    0.1797    0.8793    0.4411
    0.9277   -0.3007    0.2214
    0.3273    0.3694   -0.8697
...   145 A-T ...
    0.5266   69.2313  -13.4658
    0.7352    0.4964    0.4616
    0.6118   -0.7791   -0.1367
    0.2918    0.3829   -0.8765
...   146 C-G ...
    1.4338   72.0892  -15.6018
    0.9809    0.0621    0.1844
    0.1264   -0.9240   -0.3608
    0.1480    0.3772   -0.9142
...   147 A-T ...
    2.3047   74.2223  -18.3862
    0.8657   -0.4292   -0.2575
   -0.4984   -0.7868   -0.3642
   -0.0463    0.4436   -0.8950
