  147 base-pairs
...     1 A-T ...
    0.0000    0.0000    0.0000
    1.0000    0.0000    0.0000
    0.0000    1.0000    0.0000
    0.0000    0.0000    1.0000
...     2 G-C ...
   -0.1394   -1.2357    3.2268
    0.7529    0.6366    0.1670
   -0.6386    0.7680   -0.0486
   -0.1592   -0.0700    0.9848
...     3 T-A ...
   -0.0365   -3.2932    6.3751
    0.2722    0.9301    0.2466
   -0.9238    0.3243   -0.2033
   -0.2691   -0.1725    0.9475
...     4 G-C ...
   -0.3505   -4.1660    9.4928
   -0.3756    0.9250    0.0579
   -0.8781   -0.3352   -0.3415
   -0.2965   -0.1791    0.9381
...     5 A-T ...
   -0.4462   -4.1476   12.7498
   -0.8116    0.5840   -0.0165
   -0.5523   -0.7762   -0.3042
   -0.1905   -0.2378    0.9524
...     6 G-C ...
   -1.5908   -4.1730   15.6201
   -0.9976    0.0246   -0.0651
   -0.0043   -0.9555   -0.2950
   -0.0695   -0.2940    0.9533
...     7 C-G ...
   -1.1030   -4.4824   18.7362
   -0.8441   -0.5304   -0.0787
    0.5345   -0.8441   -0.0432
   -0.0435   -0.0785    0.9960
...     8 G-C ...
   -2.4028   -7.7290   23.1475
   -0.2754   -0.3293   -0.9032
    0.6650   -0.7437    0.0684
   -0.6942   -0.5818    0.4238
...     9 C-G ...
   -4.4690   -9.9728   24.1132
    0.1145   -0.7025   -0.7024
    0.8512   -0.2952    0.4340
   -0.5122   -0.6476    0.5642
...    10 T-A ...
   -6.7405  -10.8752   25.9697
    0.4841   -0.8363   -0.2574
    0.6595    0.1553    0.7355
   -0.5751   -0.5258    0.6267
...    11 C-G ...
   -9.1656  -12.6208   27.1640
    0.7073   -0.6682    0.2307
    0.3448    0.6110    0.7126
   -0.6171   -0.4245    0.6626
...    12 A-T ...
  -10.9234  -14.6633   29.0693
    0.7515   -0.1377    0.6452
   -0.2029    0.8824    0.4246
   -0.6277   -0.4500    0.6352
...    13 C-G ...
  -11.8476  -17.4863   31.2451
    0.4295    0.2823    0.8578
   -0.5708    0.8209    0.0156
   -0.6998   -0.4963    0.5137
...    14 A-T ...
  -13.5897  -19.7827   33.4259
   -0.1504    0.6104    0.7777
   -0.6874    0.5008   -0.5260
   -0.7106   -0.6136    0.3443
...    15 A-T ...
  -15.7186  -21.7916   34.8020
   -0.4839    0.8011    0.3523
   -0.5013    0.0762   -0.8619
   -0.7173   -0.5937    0.3647
...    16 T-A ...
  -17.7803  -23.5803   36.6228
   -0.6565    0.7440   -0.1242
   -0.2045   -0.3340   -0.9201
   -0.7260   -0.5787    0.3715
...    17 T-A ...
  -20.1147  -25.2792   38.0939
   -0.6544    0.4394   -0.6154
    0.1851   -0.6960   -0.6938
   -0.7331   -0.5679    0.3742
...    18 T-A ...
  -22.5810  -26.8632   39.4820
   -0.4426   -0.0233   -0.8964
    0.5124   -0.8269   -0.2315
   -0.7359   -0.5618    0.3779
...    19 A-T ...
  -24.9869  -28.8093   40.6850
   -0.0337   -0.4751   -0.8793
    0.6587   -0.6722    0.3380
   -0.7516   -0.5678    0.3357
...    20 T-A ...
  -27.8573  -30.2614   41.3943
    0.2960   -0.7501   -0.5913
    0.5871   -0.3454    0.7321
   -0.7535   -0.5639    0.3381
...    21 T-A ...
  -30.4583  -32.0108   42.2386
    0.5650   -0.8217   -0.0748
    0.3236    0.1373    0.9362
   -0.7590   -0.5532    0.3435
...    22 C-G ...
  -32.9082  -33.9131   43.2641
    0.6699   -0.5754    0.4691
   -0.0658    0.5834    0.8095
   -0.7395   -0.5732    0.3530
...    23 G-C ...
  -35.3390  -35.6016   44.7698
    0.6058   -0.1006    0.7892
   -0.4324    0.7910    0.4328
   -0.6678   -0.6035    0.4357
...    24 C-G ...
  -37.2213  -37.9163   46.1721
    0.3171    0.3668    0.8746
   -0.6931    0.7191   -0.0502
   -0.6473   -0.5903    0.4822
...    25 A-T ...
  -39.3738  -39.7915   47.8671
   -0.0380    0.7632    0.6451
   -0.7732    0.3865   -0.5028
   -0.6330   -0.5179    0.5754
...    26 A-T ...
  -41.2046  -41.4666   49.9483
   -0.4461    0.8587    0.2525
   -0.6264   -0.0980   -0.7734
   -0.6393   -0.5031    0.5815
...    27 A-T ...
  -43.1494  -42.9478   52.0706
   -0.7037    0.6739   -0.2253
   -0.2821   -0.5560   -0.7819
   -0.6521   -0.4866    0.5813
...    28 G-C ...
  -45.3086  -44.2384   54.2004
   -0.6958    0.3372   -0.6341
    0.1003   -0.8286   -0.5508
   -0.7112   -0.4468    0.5427
...    29 G-C ...
  -47.9137  -45.3404   56.0264
   -0.4696   -0.1045   -0.8767
    0.4221   -0.8987   -0.1190
   -0.7755   -0.4259    0.4661
...    30 C-G ...
  -50.7306  -46.3727   57.3819
   -0.1349   -0.5456   -0.8271
    0.5867   -0.7167    0.3771
   -0.7985   -0.4344    0.4168
...    31 C-G ...
  -53.6009  -47.7883   58.4056
    0.2583   -0.8080   -0.5296
    0.5373   -0.3355    0.7738
   -0.8029   -0.4844    0.3474
...    32 G-C ...
  -55.9862  -49.6332   59.8101
    0.5792   -0.8139   -0.0453
    0.2699    0.1390    0.9528
   -0.7692   -0.5641    0.3002
...    33 G-C ...
  -58.4964  -51.7569   60.5352
    0.6805   -0.5752    0.4540
   -0.1020    0.5391    0.8360
   -0.7256   -0.6152    0.3082
...    34 C-G ...
  -60.7194  -54.0859   61.3104
    0.5396   -0.1732    0.8239
   -0.4577    0.7610    0.4598
   -0.7066   -0.6252    0.3314
...    35 C-G ...
  -62.8474  -56.4547   62.4336
    0.2639    0.3049    0.9151
   -0.6786    0.7329   -0.0485
   -0.6854   -0.6082    0.4004
...    36 C-G ...
  -64.8714  -58.7049   63.9392
   -0.0729    0.6972    0.7132
   -0.7160    0.4612   -0.5240
   -0.6943   -0.5489    0.4656
...    37 G-C ...
  -67.3894  -60.3736   65.3146
   -0.3450    0.9033    0.2552
   -0.5701    0.0144   -0.8215
   -0.7457   -0.4289    0.5100
...    38 A-T ...
  -69.7550  -61.7285   67.0818
   -0.5573    0.7802   -0.2842
   -0.2797   -0.4987   -0.8204
   -0.7818   -0.3777    0.4961
...    39 C-G ...
  -72.2131  -62.4572   69.1150
   -0.5777    0.4455   -0.6840
    0.0237   -0.8284   -0.5596
   -0.8159   -0.3395    0.4680
...    40 A-T ...
  -75.0290  -63.4974   70.5530
   -0.3585   -0.0207   -0.9333
    0.2809   -0.9558   -0.0867
   -0.8903   -0.2932    0.3485
...    41 C-G ...
  -78.1546  -63.8447   71.4925
   -0.1303   -0.4884   -0.8628
    0.3958   -0.8235    0.4064
   -0.9090   -0.2885    0.3006
...    42 G-C ...
  -81.0343  -65.2367   72.4003
    0.1966   -0.8254   -0.5293
    0.3335   -0.4514    0.8277
   -0.9220   -0.3392    0.1865
...    43 A-T ...
  -84.0642  -66.4063   72.8349
    0.3637   -0.9302    0.0498
    0.1336    0.1050    0.9855
   -0.9219   -0.3517    0.1624
...    44 C-G ...
  -87.0712  -67.8397   72.7769
    0.3809   -0.7407    0.5534
   -0.0849    0.5679    0.8187
   -0.9207   -0.3588    0.1534
...    45 T-A ...
  -90.0002  -69.3470   73.1507
    0.3040   -0.3258    0.8952
   -0.2780    0.8685    0.4104
   -0.9112   -0.3737    0.1735
...    46 T-A ...
  -92.8576  -70.8463   73.5859
    0.0661    0.2133    0.9747
   -0.3793    0.9089   -0.1732
   -0.9229   -0.3583    0.1410
...    47 A-T ...
  -95.9434  -71.9851   74.0525
   -0.1096    0.7174    0.6880
   -0.3352    0.6250   -0.7050
   -0.9358   -0.3079    0.1720
...    48 C-G ...
  -98.7857  -73.2059   75.1534
   -0.2162    0.9496    0.2272
   -0.2273    0.1774   -0.9575
   -0.9495   -0.2586    0.1775
...    49 T-A ...
 -101.8668  -73.8785   76.0834
   -0.2000    0.9327   -0.3002
   -0.0999   -0.3242   -0.9407
   -0.9747   -0.1581    0.1580
...    50 G-C ...
 -105.1736  -74.0758   76.5117
   -0.0546    0.6393   -0.7670
   -0.0181   -0.7686   -0.6394
   -0.9983   -0.0211    0.0535
...    51 T-A ...
 -108.3590  -73.5029   76.8542
    0.0089    0.1702   -0.9854
   -0.0144   -0.9853   -0.1703
   -0.9999    0.0157   -0.0063
...    52 A-T ...
 -111.6400  -73.1847   76.5036
    0.1310   -0.3852   -0.9135
   -0.0873   -0.9223    0.3764
   -0.9875    0.0304   -0.1545
...    53 G-C ...
 -114.8173  -72.8401   75.6754
    0.1181   -0.8070   -0.5787
   -0.1927   -0.5903    0.7839
   -0.9741    0.0190   -0.2252
...    54 G-C ...
 -117.9651  -72.9256   74.4582
    0.0398   -0.9979   -0.0508
   -0.2819   -0.0600    0.9576
   -0.9586   -0.0238   -0.2837
...    55 T-A ...
 -120.9306  -73.1486   72.9279
   -0.1258   -0.8801    0.4579
   -0.2673    0.4746    0.8386
   -0.9554   -0.0169   -0.2949
...    56 A-T ...
 -124.2153  -72.6134   72.2231
   -0.3562   -0.3547    0.8645
   -0.0796    0.9333    0.3501
   -0.9310    0.0559   -0.3607
...    57 T-A ...
 -127.2306  -73.1007   70.9344
   -0.3677    0.1732    0.9137
    0.1349    0.9820   -0.1319
   -0.9201    0.0748   -0.3845
...    58 C-G ...
 -130.2380  -72.9687   69.6203
   -0.1816    0.7110    0.6794
    0.3526    0.6920   -0.6299
   -0.9180    0.1252   -0.3764
...    59 T-A ...
 -133.3790  -72.5934   68.6854
    0.1136    0.9480    0.2972
    0.4057    0.2288   -0.8849
   -0.9069    0.2211   -0.3586
...    60 C-G ...
 -136.3406  -71.8106   67.6134
    0.4053    0.8873   -0.2200
    0.2660   -0.3447   -0.9002
   -0.8746    0.3064   -0.3757
...    61 G-C ...
 -139.0530  -70.6235   66.0952
    0.6442    0.5030   -0.5762
   -0.0321   -0.7349   -0.6774
   -0.7642    0.4548   -0.4573
...    62 A-T ...
 -141.3471  -68.9478   64.5231
    0.5690   -0.0371   -0.8215
   -0.4275   -0.8667   -0.2570
   -0.7024    0.4975   -0.5090
...    63 G-C ...
 -143.3403  -67.0219   62.7347
    0.3175   -0.5134   -0.7972
   -0.6999   -0.6941    0.1682
   -0.6398    0.5046   -0.5797
...    64 C-G ...
 -145.0137  -65.2927   60.4507
   -0.0984   -0.8208   -0.5627
   -0.7944   -0.2758    0.5412
   -0.5994    0.5002   -0.6249
...    65 T-A ...
 -146.7248  -63.7313   58.0719
   -0.5015   -0.8461   -0.1806
   -0.6458    0.2272    0.7289
   -0.5757    0.4822   -0.6604
...    66 C-G ...
 -148.5790  -62.2395   55.7860
   -0.8038   -0.5268    0.2764
   -0.2159    0.6912    0.6896
   -0.5544    0.4946   -0.6693
...    67 G-C ...
 -150.3237  -60.1384   53.8599
   -0.7555   -0.0575    0.6526
    0.2967    0.8581    0.4190
   -0.5841    0.5102   -0.6313
...    68 G-C ...
 -152.2784  -58.6225   51.5578
   -0.4305    0.3852    0.8163
    0.6808    0.7323    0.0135
   -0.5926    0.5616   -0.5775
...    69 G-C ...
 -154.4222  -56.9533   49.5606
    0.0594    0.6563    0.7521
    0.8226    0.3946   -0.4094
   -0.5655    0.6430   -0.5165
...    70 A-T ...
 -156.3178  -54.9171   47.8938
    0.5578    0.7101    0.4297
    0.6523   -0.0550   -0.7560
   -0.5132    0.7020   -0.4939
...    71 T-A ...
 -158.2146  -52.4744   46.8938
    0.8307    0.5556    0.0351
    0.2972   -0.3892   -0.8719
   -0.4708    0.7347   -0.4884
...    72 C-G ...
 -159.5529  -49.9431   45.3936
    0.8939    0.1747   -0.4129
   -0.2330   -0.6059   -0.7607
   -0.3830    0.7762   -0.5009
...    73 C-G ...
 -160.2854  -47.0754   43.7956
    0.6799   -0.2589   -0.6861
   -0.6865   -0.5536   -0.4715
   -0.2578    0.7915   -0.5541
...    74 G-C ...
 -161.0154  -44.7487   41.5113
    0.2211   -0.6052   -0.7648
   -0.9668   -0.2392   -0.0902
   -0.1283    0.7593   -0.6380
...    75 C-G ...
 -160.9525  -42.3873   39.1745
   -0.3394   -0.6542   -0.6759
   -0.9364    0.1671    0.3085
   -0.0889    0.7377   -0.6693
...    76 T-A ...
 -160.9756  -40.1468   36.7199
   -0.7867   -0.4706   -0.3995
   -0.6130    0.5192    0.5956
   -0.0729    0.7135   -0.6969
...    77 T-A ...
 -160.9472  -38.0121   34.2434
   -0.9994   -0.0255   -0.0247
   -0.0355    0.6828    0.7297
   -0.0018    0.7302   -0.6833
...    78 T-A ...
 -160.8837  -35.8732   31.7766
   -0.8306    0.4174    0.3686
    0.5535    0.5458    0.6291
    0.0615    0.7266   -0.6844
...    79 A-T ...
 -160.2374  -33.3527   29.6434
   -0.3024    0.6671    0.6808
    0.9480    0.1358    0.2879
    0.0996    0.7325   -0.6735
...    80 A-T ...
 -160.1278  -30.9671   27.4568
    0.2840    0.6104    0.7394
    0.9504   -0.2810   -0.1331
    0.1265    0.7406   -0.6600
...    81 C-G ...
 -160.1905  -28.2904   25.5808
    0.7227    0.3299    0.6074
    0.6691   -0.5544   -0.4950
    0.1734    0.7641   -0.6213
...    82 A-T ...
 -159.4364  -25.6882   23.6096
    0.9294   -0.1508    0.3369
    0.1804   -0.6107   -0.7710
    0.3221    0.7773   -0.5404
...    83 C-G ...
 -158.2242  -22.8756   22.4625
    0.8679   -0.4918   -0.0698
   -0.3082   -0.4230   -0.8521
    0.3895    0.7611   -0.5187
...    84 T-A ...
 -156.5517  -20.4072   21.0474
    0.5465   -0.7011   -0.4581
   -0.6860   -0.0610   -0.7251
    0.4804    0.7105   -0.5142
...    85 T-A ...
 -154.7245  -18.1807   19.5541
    0.0632   -0.6104   -0.7895
   -0.8625    0.3646   -0.3509
    0.5021    0.7032   -0.5035
...    86 T-A ...
 -152.7928  -16.0694   18.0011
   -0.4258   -0.2656   -0.8650
   -0.7361    0.6576    0.1604
    0.5261    0.7050   -0.4755
...    87 A-T ...
 -151.2216  -13.3699   16.6997
   -0.7646    0.2622   -0.5887
   -0.2961    0.6684    0.6823
    0.5724    0.6960   -0.4334
...    88 T-A ...
 -149.2485  -11.5424   14.7552
   -0.7907    0.5890   -0.1671
    0.1323    0.4308    0.8927
    0.5978    0.6837   -0.4185
...    89 G-C ...
 -147.2051   -9.1684   13.6631
   -0.6083    0.6821    0.4058
    0.5621    0.0093    0.8270
    0.5604    0.7312   -0.3891
...    90 C-G ...
 -145.6062   -6.7331   12.0883
   -0.2317    0.5423    0.8076
    0.7935   -0.3749    0.4793
    0.5627    0.7519   -0.3435
...    91 T-A ...
 -144.0036   -4.0508   11.0200
    0.1681    0.2095    0.9633
    0.7986   -0.6018   -0.0085
    0.5779    0.7707   -0.2684
...    92 C-G ...
 -142.1587   -1.4774   10.2515
    0.5565   -0.2242    0.8000
    0.5615   -0.6083   -0.5610
    0.6125    0.7614   -0.2126
...    93 A-T ...
 -139.9838    0.9923    9.6827
    0.6768   -0.6237    0.3911
    0.1990   -0.3564   -0.9129
    0.7087    0.6957   -0.1171
...    94 T-A ...
 -137.6836    3.2990    9.9988
    0.6669   -0.7373   -0.1081
   -0.1522    0.0072   -0.9883
    0.7294    0.6756   -0.1074
...    95 G-C ...
 -135.0434    5.2813    9.5171
    0.3816   -0.6844   -0.6213
   -0.4526    0.4477   -0.7712
    0.8059    0.5755   -0.1389
...    96 T-A ...
 -132.0544    6.6971    9.3985
    0.0696   -0.3691   -0.9268
   -0.5676    0.7493   -0.3411
    0.8204    0.5497   -0.1573
...    97 T-A ...
 -129.2075    8.2064    8.9556
   -0.2475    0.1346   -0.9595
   -0.5010    0.8299    0.2456
    0.8293    0.5415   -0.1379
...    98 A-T ...
 -126.5436   10.2274    8.6957
   -0.4924    0.6250   -0.6057
   -0.2397    0.5717    0.7847
    0.8367    0.5316   -0.1317
...    99 T-A ...
 -123.7445   11.6455    7.6535
   -0.5331    0.8368   -0.1250
    0.0386    0.1717    0.9844
    0.8452    0.5199   -0.1238
...   100 A-T ...
 -120.8380   13.3104    7.5691
   -0.4045    0.7631    0.5040
    0.3478   -0.3813    0.8565
    0.8458    0.5217   -0.1111
...   101 A-T ...
 -118.2213   15.1552    7.0352
   -0.1349    0.4138    0.9003
    0.5050   -0.7530    0.4218
    0.8525    0.5115   -0.1073
...   102 C-G ...
 -115.7827   17.3420    6.6520
    0.1127   -0.0542    0.9921
    0.5044   -0.8572   -0.1042
    0.8561    0.5122   -0.0693
...   103 G-C ...
 -112.7499   18.7266    6.4827
    0.2501   -0.5781    0.7767
    0.3838   -0.6773   -0.6277
    0.8889    0.4550    0.0525
...   104 G-C ...
 -109.8253   20.2914    7.1112
    0.3224   -0.8920    0.3170
    0.2200   -0.2551   -0.9416
    0.9207    0.3733    0.1140
...   105 A-T ...
 -106.8038   21.4179    7.6340
    0.3445   -0.8931   -0.2893
    0.0129    0.3127   -0.9498
    0.9387    0.3234    0.1192
...   106 T-A ...
 -103.7276   22.0666    8.5960
    0.2944   -0.6212   -0.7262
   -0.1533    0.7194   -0.6775
    0.9433    0.3108    0.1165
...   107 T-A ...
 -100.6117   22.8071    9.1213
    0.1561   -0.1102   -0.9816
   -0.2848    0.9465   -0.1516
    0.9458    0.3032    0.1163
...   108 C-G ...
  -97.4670   23.6784    9.3825
   -0.0655    0.4528   -0.8892
   -0.3045    0.8396    0.4499
    0.9503    0.3002    0.0829
...   109 C-G ...
  -94.2084   24.5458    9.3172
   -0.2890    0.8102   -0.5100
   -0.1943    0.4720    0.8599
    0.9374    0.3476    0.0211
...   110 G-C ...
  -91.1960   25.9303    9.7283
   -0.4343    0.8992    0.0534
    0.0285   -0.0455    0.9986
    0.9003    0.4352   -0.0059
...   111 G-C ...
  -88.2648   27.5659    9.4532
   -0.4146    0.6976    0.5844
    0.2759   -0.5156    0.8112
    0.8672    0.4976    0.0213
...   112 C-G ...
  -85.5994   29.5247    9.3135
   -0.2327    0.2858    0.9296
    0.4635   -0.8077    0.3644
    0.8550    0.5156    0.0555
...   113 T-A ...
  -82.9725   31.5180    9.6150
   -0.0041   -0.2068    0.9784
    0.5291   -0.8306   -0.1734
    0.8485    0.5170    0.1128
...   114 C-G ...
  -80.2482   33.2661   10.1066
    0.2744   -0.6694    0.6904
    0.4370   -0.5528   -0.7096
    0.8566    0.4964    0.1409
...   115 G-C ...
  -77.2344   34.6712   10.3761
    0.3610   -0.9170    0.1698
    0.2354   -0.0866   -0.9680
    0.9024    0.3894    0.1845
...   116 T-A ...
  -74.3681   35.7714   11.5987
    0.3934   -0.8463   -0.3592
    0.0188    0.3981   -0.9172
    0.9192    0.3541    0.1725
...   117 A-T ...
  -71.2402   36.7414   12.1978
    0.2419   -0.5111   -0.8248
   -0.1780    0.8122   -0.5555
    0.9538    0.2812    0.1055
...   118 T-A ...
  -68.0143   37.0074   12.7497
    0.1063   -0.0435   -0.9934
   -0.2696    0.9604   -0.0709
    0.9571    0.2753    0.0903
...   119 A-T ...
  -64.8091   37.8810   12.8953
   -0.1497    0.4826   -0.8630
   -0.2494    0.8262    0.5052
    0.9568    0.2909   -0.0034
...   120 A-T ...
  -61.6700   38.6527   12.6460
   -0.2691    0.8616   -0.4304
   -0.1123    0.4158    0.9025
    0.9566    0.2912   -0.0151
...   121 T-A ...
  -58.5655   39.4658   11.9139
   -0.2891    0.9539    0.0811
    0.0441   -0.0714    0.9965
    0.9563    0.2917   -0.0214
...   122 G-C ...
  -55.4424   40.5748   12.1239
   -0.2885    0.7182    0.6333
    0.2339   -0.5885    0.7739
    0.9285    0.3714    0.0018
...   123 T-A ...
  -52.6167   42.2907   11.8067
   -0.1391    0.3003    0.9436
    0.3545   -0.8746    0.3307
    0.9246    0.3805    0.0152
...   124 G-C ...
  -49.4877   43.3650   12.0720
    0.0178   -0.2795    0.9600
    0.3889   -0.8826   -0.2641
    0.9211    0.3780    0.0930
...   125 T-A ...
  -46.7086   45.0676   12.7333
    0.1976   -0.7056    0.6805
    0.3177   -0.6107   -0.7254
    0.9274    0.3595    0.1035
...   126 C-G ...
  -43.6934   46.2690   13.1960
    0.3134   -0.9410    0.1274
    0.1394   -0.0871   -0.9864
    0.9393    0.3269    0.1039
...   127 G-C ...
  -40.5302   47.3263   13.2171
    0.2109   -0.8729   -0.4399
   -0.0459    0.4407   -0.8965
    0.9764    0.2093    0.0529
...   128 A-T ...
  -37.3365   47.9217   13.4729
    0.0881   -0.4759   -0.8751
   -0.1538    0.8615   -0.4840
    0.9842    0.1772    0.0027
...   129 C-G ...
  -34.0569   47.8562   13.5892
   -0.0541    0.0197   -0.9983
   -0.1609    0.9866    0.0282
    0.9855    0.1622   -0.0502
...   130 C-G ...
  -30.7332   48.0753   13.1086
   -0.2356    0.5180   -0.8223
   -0.0691    0.8351    0.5458
    0.9694    0.1854   -0.1610
...   131 A-T ...
  -27.5566   48.8573   12.4887
   -0.3423    0.8670   -0.3622
    0.1282    0.4249    0.8961
    0.9308    0.2603   -0.2566
...   132 A-T ...
  -24.6329   49.6946   11.3591
   -0.2051    0.9570    0.2051
    0.3142   -0.1341    0.9398
    0.9269    0.2572   -0.2732
...   133 A-T ...
  -21.7518   50.6740   10.2104
    0.0356    0.7170    0.6962
    0.3802   -0.6540    0.6540
    0.9242    0.2414   -0.2959
...   134 T-A ...
  -19.0159   52.0243    8.9249
    0.2452    0.2905    0.9249
    0.3073   -0.9281    0.2101
    0.9195    0.2328   -0.3169
...   135 G-C ...
  -16.4637   53.8824    7.5152
    0.5339   -0.3333    0.7771
    0.0346   -0.9097   -0.4139
    0.8449    0.2479   -0.4741
...   136 T-A ...
  -14.1749   56.5546    6.1807
    0.5795   -0.7269    0.3685
   -0.3141   -0.6164   -0.7221
    0.7521    0.3026   -0.5855
...   137 G-C ...
  -11.6538   57.9992    4.7203
    0.2452   -0.9542   -0.1714
   -0.6323   -0.0234   -0.7744
    0.7349    0.2983   -0.6091
...   138 A-T ...
   -8.6758   58.7133    3.6024
   -0.0345   -0.7815   -0.6229
   -0.6536    0.4891   -0.5775
    0.7560    0.3872   -0.5277
...   139 G-C ...
   -6.3274   59.0726    1.6296
   -0.2969   -0.3279   -0.8968
   -0.5657    0.8171   -0.1114
    0.7693    0.4742   -0.4281
...   140 C-G ...
   -3.4369   60.2278    1.0286
   -0.4426    0.2287   -0.8671
   -0.1681    0.9286    0.3308
    0.8808    0.2922   -0.3725
...   141 G-C ...
   -0.6976   63.8911   -2.2510
   -0.9992    0.0157   -0.0376
   -0.0024    0.8991    0.4378
    0.0407    0.4375   -0.8983
...   142 C-G ...
   -1.0064   65.5987   -4.9402
   -0.8337    0.5216    0.1813
    0.5170    0.6219    0.5881
    0.1940    0.5841   -0.7882
...   143 T-A ...
   -0.1332   66.2084   -7.8197
   -0.3753    0.8566    0.3540
    0.8856    0.2187    0.4098
    0.2736    0.4673   -0.8407
...   144 C-G ...
   -0.1666   67.4019  -10.8068
    0.1798    0.8793    0.4411
    0.9277   -0.3007    0.2214
    0.3273    0.3694   -0.8697
...   145 A-T ...
    0.5267   69.2312  -13.4660
    0.7352    0.4964    0.4616
    0.6118   -0.7791   -0.1367
    0.2918    0.3829   -0.8765
...   146 C-G ...
    1.4338   72.0891  -15.6019
    0.9809    0.0621    0.1844
    0.1264   -0.9240   -0.3608
    0.1480    0.3772   -0.9142
...   147 A-T ...
    2.3048   74.2222  -18.3864
    0.8657   -0.4292   -0.2575
   -0.4984   -0.7868   -0.3642
   -0.0463    0.4436   -0.8950
