  147 base-pairs
...     1 A-T ...
    0.0000    0.0000    0.0000
    1.0000    0.0000    0.0000
    0.0000    1.0000    0.0000
    0.0000    0.0000    1.0000
...     2 G-C ...
   -0.1394   -1.2357    3.2268
    0.7529    0.6366    0.1670
   -0.6386    0.7680   -0.0486
   -0.1592   -0.0700    0.9848
...     3 T-A ...
   -0.0365   -3.2932    6.3751
    0.2722    0.9301    0.2466
   -0.9238    0.3243   -0.2033
   -0.2691   -0.1725    0.9475
...     4 G-C ...
   -0.3505   -4.1660    9.4928
   -0.3756    0.9250    0.0579
   -0.8781   -0.3352   -0.3415
   -0.2965   -0.1791    0.9381
...     5 A-T ...
   -0.4462   -4.1476   12.7498
   -0.8116    0.5840   -0.0165
   -0.5523   -0.7762   -0.3042
   -0.1905   -0.2378    0.9524
...     6 G-C ...
   -1.5908   -4.1730   15.6201
   -0.9976    0.0246   -0.0651
   -0.0043   -0.9555   -0.2950
   -0.0695   -0.2940    0.9533
...     7 C-G ...
   -1.1030   -4.4824   18.7362
   -0.8441   -0.5304   -0.0787
    0.5345   -0.8441   -0.0432
   -0.0435   -0.0785    0.9960
...     8 G-C ...
   -2.4028   -7.7290   23.1475
   -0.2754   -0.3293   -0.9032
    0.6650   -0.7437    0.0684
   -0.6942   -0.5818    0.4238
...     9 C-G ...
   -4.4690   -9.9728   24.1132
    0.1145   -0.7025   -0.7024
    0.8512   -0.2952    0.4340
   -0.5122   -0.6476    0.5642
...    10 T-A ...
   -6.7405  -10.8752   25.9697
    0.4841   -0.8363   -0.2574
    0.6595    0.1553    0.7355
   -0.5751   -0.5258    0.6267
...    11 C-G ...
   -9.1656  -12.6208   27.1640
    0.7073   -0.6682    0.2307
    0.3448    0.6110    0.7126
   -0.6171   -0.4245    0.6626
...    12 A-T ...
  -10.9234  -14.6633   29.0693
    0.7515   -0.1377    0.6452
   -0.2029    0.8824    0.4246
   -0.6277   -0.4500    0.6352
...    13 C-G ...
  -11.8476  -17.4863   31.2451
    0.4295    0.2823    0.8578
   -0.5708    0.8209    0.0156
   -0.6998   -0.4963    0.5137
...    14 A-T ...
  -13.5897  -19.7827   33.4259
   -0.1504    0.6104    0.7777
   -0.6874    0.5008   -0.5260
   -0.7106   -0.6136    0.3443
...    15 A-T ...
  -15.7198  -21.7921   34.8006
   -0.4847    0.8010    0.3515
   -0.5007    0.0754   -0.8623
   -0.7172   -0.5939    0.3645
...    16 T-A ...
  -17.7822  -23.5816   36.6205
   -0.6572    0.7432   -0.1257
   -0.2031   -0.3351   -0.9200
   -0.7259   -0.5791    0.3712
...    17 T-A ...
  -20.1169  -25.2828   38.0893
   -0.6542    0.4372   -0.6172
    0.1874   -0.6969   -0.6923
   -0.7328   -0.5685    0.3740
...    18 T-A ...
  -22.5827  -26.8699   39.4758
   -0.4408   -0.0267   -0.8972
    0.5147   -0.8264   -0.2284
   -0.7353   -0.5625    0.3780
...    19 A-T ...
  -24.9795  -28.8277   40.6832
   -0.0307   -0.4804   -0.8765
    0.6601   -0.6682    0.3431
   -0.7505   -0.5681    0.3377
...    20 T-A ...
  -27.8471  -30.2849   41.3963
    0.2996   -0.7531   -0.5857
    0.5867   -0.3387    0.7356
   -0.7524   -0.5640    0.3404
...    21 T-A ...
  -30.4444  -32.0370   42.2482
    0.5677   -0.8205   -0.0671
    0.3209    0.1455    0.9359
   -0.7581   -0.5529    0.3459
...    22 C-G ...
  -32.8926  -33.9383   43.2833
    0.6703   -0.5692    0.4761
   -0.0701    0.5902    0.8042
   -0.7388   -0.5725    0.3557
...    23 G-C ...
  -35.3258  -35.6208   44.7961
    0.6032   -0.0911    0.7924
   -0.4366    0.7937    0.4236
   -0.6675   -0.6014    0.4390
...    24 C-G ...
  -37.2075  -37.9288   46.2129
    0.3122    0.3768    0.8721
   -0.6953    0.7162   -0.0605
   -0.6474   -0.5875    0.4856
...    25 A-T ...
  -39.3637  -39.7933   47.9171
   -0.0439    0.7701    0.6365
   -0.7722    0.3780   -0.5107
   -0.6339   -0.5139    0.5780
...    26 A-T ...
  -41.1999  -41.4522   50.0068
   -0.4508    0.8597    0.2401
   -0.6220   -0.1096   -0.7753
   -0.6402   -0.4988    0.5842
...    27 A-T ...
  -43.1506  -42.9168   52.1355
   -0.7055    0.6678   -0.2374
   -0.2755   -0.5670   -0.7763
   -0.6530   -0.4823    0.5839
...    28 G-C ...
  -45.3166  -44.1914   54.2696
   -0.6941    0.3250   -0.6424
    0.1075   -0.8355   -0.5388
   -0.7118   -0.4430    0.5450
...    29 G-C ...
  -47.9270  -45.2842   56.0945
   -0.4644   -0.1203   -0.8774
    0.4277   -0.8980   -0.1032
   -0.7755   -0.4232    0.4685
...    30 C-G ...
  -50.7463  -46.3138   57.4509
   -0.1275   -0.5599   -0.8187
    0.5888   -0.7070    0.3917
   -0.7981   -0.4322    0.4198
...    31 C-G ...
  -53.6129  -47.7311   58.4857
    0.2657   -0.8158   -0.5137
    0.5351   -0.3184    0.7825
   -0.8019   -0.4828    0.3520
...    32 G-C ...
  -55.9967  -49.5614   59.9161
    0.5839   -0.8114   -0.0263
    0.2643    0.1594    0.9512
   -0.7676   -0.5623    0.3075
...    33 G-C ...
  -58.5024  -51.6808   60.6726
    0.6812   -0.5618    0.4694
   -0.1091    0.5561    0.8239
   -0.7239   -0.6125    0.3175
...    34 C-G ...
  -60.7193  -54.0045   61.4844
    0.5364   -0.1521    0.8302
   -0.4640    0.7685    0.4406
   -0.7050   -0.6215    0.3416
...    35 C-G ...
  -62.8422  -56.3598   62.6473
    0.2580    0.3274    0.9090
   -0.6822    0.7280   -0.0686
   -0.6842   -0.6024    0.4111
...    36 C-G ...
  -64.8622  -58.5855   64.1951
   -0.0796    0.7138    0.6959
   -0.7160    0.4447   -0.5381
   -0.6935   -0.5411    0.4756
...    37 G-C ...
  -67.3790  -60.2319   65.6034
   -0.3506    0.9076    0.2309
   -0.5669   -0.0094   -0.8237
   -0.7455   -0.4197    0.5179
...    38 A-T ...
  -69.7471  -61.5512   67.3955
   -0.5604    0.7694   -0.3067
   -0.2741   -0.5217   -0.8079
   -0.7816   -0.3687    0.5032
...    39 C-G ...
  -72.2095  -62.2388   69.4395
   -0.5780    0.4231   -0.6977
    0.0302   -0.8434   -0.5365
   -0.8155   -0.3312    0.4747
...    40 A-T ...
  -75.0234  -63.2628   70.8936
   -0.3564   -0.0507   -0.9330
    0.2872   -0.9561   -0.0577
   -0.8891   -0.2885    0.3553
...    41 C-G ...
  -78.1506  -63.6031   71.8377
   -0.1260   -0.5160   -0.8473
    0.4005   -0.8078    0.4324
   -0.9076   -0.2849    0.3084
...    42 G-C ...
  -81.0214  -64.9864   72.7933
    0.2014   -0.8417   -0.5010
    0.3359   -0.4211    0.8425
   -0.9201   -0.3380    0.1979
...    43 A-T ...
  -84.0468  -66.1548   73.2703
    0.3684   -0.9260    0.0827
    0.1333    0.1407    0.9810
   -0.9201   -0.3504    0.1752
...    44 C-G ...
  -87.0483  -67.6037   73.2657
    0.3846   -0.7181    0.5800
   -0.0871    0.5972    0.7973
   -0.9190   -0.3572    0.1671
...    45 T-A ...
  -89.9718  -69.1084   73.6977
    0.3065   -0.2903    0.9065
   -0.2811    0.8823    0.3775
   -0.9094   -0.3705    0.1888
...    46 T-A ...
  -92.8233  -70.5991   74.1954
    0.0678    0.2513    0.9655
   -0.3833    0.9001   -0.2074
   -0.9211   -0.3560    0.1574
...    47 A-T ...
  -95.9003  -71.7370   74.7241
   -0.1071    0.7438    0.6598
   -0.3406    0.5960   -0.7272
   -0.9341   -0.3026    0.1895
...    48 C-G ...
  -98.7328  -72.9190   75.8902
   -0.2162    0.9576    0.1902
   -0.2339    0.1384   -0.9624
   -0.9479   -0.2526    0.1941
...    49 T-A ...
 -101.8070  -73.5573   76.8681
   -0.2033    0.9193   -0.3370
   -0.1066   -0.3629   -0.9257
   -0.9733   -0.1523    0.1718
...    50 G-C ...
 -105.1112  -73.7418   77.3239
   -0.0624    0.6056   -0.7933
   -0.0230   -0.7955   -0.6055
   -0.9978   -0.0195    0.0636
...    51 T-A ...
 -108.2956  -73.1572   77.6709
   -0.0016    0.1263   -0.9920
   -0.0152   -0.9919   -0.1262
   -0.9999    0.0149    0.0035
...    52 A-T ...
 -111.5842  -72.8879   77.3548
    0.1148   -0.4303   -0.8954
   -0.0814   -0.9024    0.4232
   -0.9900    0.0243   -0.1386
...    53 G-C ...
 -114.7777  -72.5799   76.5694
    0.1051   -0.8358   -0.5389
   -0.1788   -0.5489    0.8165
   -0.9783    0.0106   -0.2071
...    54 G-C ...
 -117.9525  -72.7122   75.4275
    0.0349   -0.9994    0.0005
   -0.2617   -0.0087    0.9651
   -0.9645   -0.0338   -0.2619
...    55 T-A ...
 -120.9528  -72.9991   73.9740
   -0.1200   -0.8540    0.5063
   -0.2464    0.5197    0.8181
   -0.9617   -0.0266   -0.2727
...    56 A-T ...
 -124.2502  -72.4801   73.3133
   -0.3378   -0.3058    0.8902
   -0.0658    0.9511    0.3017
   -0.9389    0.0433   -0.3414
...    57 T-A ...
 -127.2983  -73.0125   72.1249
   -0.3438    0.2242    0.9119
    0.1378    0.9726   -0.1871
   -0.9289    0.0613   -0.3653
...    58 C-G ...
 -130.3369  -72.9266   70.8799
   -0.1583    0.7472    0.6455
    0.3410    0.6549   -0.6744
   -0.9266    0.1134   -0.3585
...    59 T-A ...
 -133.4994  -72.5731   70.0101
    0.1302    0.9610    0.2440
    0.3828    0.1783   -0.9065
   -0.9146    0.2114   -0.3447
...    60 C-G ...
 -136.4818  -71.8124   68.9806
    0.4076    0.8701   -0.2772
    0.2363   -0.3937   -0.8883
   -0.8820    0.2966   -0.3661
...    61 G-C ...
 -139.2220  -70.6659   67.4772
    0.6316    0.4644   -0.6208
   -0.0618   -0.7680   -0.6374
   -0.7728    0.4410   -0.4564
...    62 A-T ...
 -141.5435  -69.0408   65.8885
    0.5407   -0.0872   -0.8367
   -0.4471   -0.8723   -0.1981
   -0.7126    0.4812   -0.5106
...    63 G-C ...
 -143.5738  -67.1792   64.0710
    0.2811   -0.5581   -0.7807
   -0.7037   -0.6730    0.2278
   -0.6526    0.4853   -0.5819
...    64 C-G ...
 -145.3075  -65.5394   61.7626
   -0.1334   -0.8457   -0.5167
   -0.7780   -0.2336    0.5832
   -0.6139    0.4798   -0.6268
...    65 T-A ...
 -147.0844  -64.0633   59.3749
   -0.5248   -0.8428   -0.1193
   -0.6120    0.2761    0.7411
   -0.5916    0.4619   -0.6608
...    66 C-G ...
 -148.9946  -62.6363   57.0909
   -0.8034   -0.4935    0.3330
   -0.1724    0.7282    0.6633
   -0.5699    0.4755   -0.6702
...    67 G-C ...
 -150.7580  -60.5793   55.1309
   -0.7288   -0.0077    0.6847
    0.3352    0.8680    0.3665
   -0.5971    0.4966   -0.6300
...    68 G-C ...
 -152.7643  -59.1169   52.8365
   -0.3849    0.4323    0.8155
    0.7000    0.7126   -0.0474
   -0.6016    0.5526   -0.5768
...    69 G-C ...
 -154.9478  -57.4770   50.8564
    0.1103    0.6846    0.7205
    0.8149    0.3528   -0.4599
   -0.5691    0.6379   -0.5190
...    70 A-T ...
 -156.8540  -55.4524   49.1893
    0.5967    0.7084    0.3770
    0.6169   -0.1044   -0.7801
   -0.5132    0.6981   -0.4993
...    71 T-A ...
 -158.7171  -52.9917   48.1749
    0.8483    0.5291   -0.0212
    0.2470   -0.4307   -0.8680
   -0.4684    0.7311   -0.4960
...    72 C-G ...
 -160.0318  -50.4720   46.6356
    0.8803    0.1294   -0.4565
   -0.2855   -0.6240   -0.7274
   -0.3790    0.7706   -0.5123
...    73 C-G ...
 -160.7299  -47.6412   44.9577
    0.6392   -0.3056   -0.7057
   -0.7256   -0.5437   -0.4218
   -0.2548    0.7817   -0.5692
...    74 G-C ...
 -161.4827  -45.3703   42.6211
    0.1626   -0.6351   -0.7551
   -0.9782   -0.2039   -0.0392
   -0.1291    0.7451   -0.6544
...    75 C-G ...
 -161.4440  -43.0790   40.2112
   -0.3967   -0.6572   -0.6409
   -0.9134    0.2135    0.3465
   -0.0909    0.7229   -0.6850
...    76 T-A ...
 -161.4949  -40.8989   37.7004
   -0.8243   -0.4448   -0.3503
   -0.5611    0.5591    0.6104
   -0.0756    0.6997   -0.7104
...    77 T-A ...
 -161.4886  -38.8222   35.1732
   -0.9995    0.0211    0.0224
    0.0308    0.6988    0.7147
   -0.0005    0.7150   -0.6991
...    78 T-A ...
 -161.4395  -36.7381   32.6588
   -0.7911    0.4648    0.3977
    0.6084    0.5300    0.5908
    0.0638    0.7093   -0.7020
...    79 A-T ...
 -160.7773  -34.2944   30.4419
   -0.2372    0.6916    0.6822
    0.9660    0.0936    0.2410
    0.1029    0.7161   -0.6903
...    80 A-T ...
 -160.6506  -31.9497   28.2138
    0.3475    0.6045    0.7168
    0.9284   -0.3291   -0.1725
    0.1316    0.7254   -0.6756
...    81 C-G ...
 -160.6702  -29.2962   26.3075
    0.7652    0.2990    0.5702
    0.6174   -0.5920   -0.5180
    0.1826    0.7484   -0.6376
...    82 A-T ...
 -159.8734  -26.7462   24.2815
    0.9343   -0.1960    0.2978
    0.1151   -0.6246   -0.7724
    0.3374    0.7559   -0.5610
...    83 C-G ...
 -158.5679  -24.0075   23.0600
    0.8372   -0.5370   -0.1033
   -0.3665   -0.4107   -0.8349
    0.4059    0.7368   -0.5406
...    84 T-A ...
 -156.8290  -21.6376   21.5566
    0.4879   -0.7305   -0.4779
   -0.7188   -0.0255   -0.6948
    0.4953    0.6825   -0.5375
...    85 T-A ...
 -154.9492  -19.5136   19.9790
   -0.0040   -0.6112   -0.7915
   -0.8557    0.4116   -0.3136
    0.5174    0.6760   -0.5247
...    86 T-A ...
 -152.9698  -17.5042   18.3490
   -0.4757   -0.2349   -0.8477
   -0.6908    0.6963    0.1947
    0.5445    0.6782   -0.4935
...    87 A-T ...
 -151.3130  -14.8470   17.0386
   -0.7679    0.3226   -0.5534
   -0.2253    0.6727    0.7048
    0.5996    0.6659   -0.4439
...    88 T-A ...
 -149.2970  -13.1124   15.0504
   -0.7549    0.6438   -0.1250
    0.1945    0.4017    0.8949
    0.6264    0.6512   -0.4285
...    89 C-G ...
 -147.2199  -11.0357   13.5595
   -0.4990    0.7478    0.4379
    0.5932   -0.0736    0.8017
    0.6318    0.6598   -0.4069
...    90 A-T ...
 -144.9130   -8.9441   12.3884
   -0.1318    0.5043    0.8534
    0.7693   -0.4909    0.4089
    0.6251    0.7105   -0.3232
...    91 T-A ...
 -143.4118   -6.2542   11.2663
    0.2567    0.1762    0.9503
    0.7269   -0.6832   -0.0697
    0.6369    0.7087   -0.3035
...    92 G-C ...
 -141.1301   -3.9370   10.5027
    0.5128   -0.3274    0.7937
    0.4844   -0.6529   -0.5823
    0.7088    0.6831   -0.1762
...    93 T-A ...
 -138.9781   -1.4681   10.5222
    0.6430   -0.6559    0.3955
    0.1644   -0.3862   -0.9077
    0.7480    0.6486   -0.1405
...    94 T-A ...
 -136.5132    0.6150   10.3521
    0.5982   -0.7837   -0.1674
   -0.2037    0.0534   -0.9776
    0.7750    0.6189   -0.1277
...    95 A-T ...
 -133.7392    2.4281   10.0050
    0.3013   -0.6761   -0.6724
   -0.4607    0.5142   -0.7234
    0.8349    0.5277   -0.1565
...    96 T-A ...
 -130.6783    3.6421    9.8715
    0.0288   -0.3246   -0.9454
   -0.5392    0.7913   -0.2882
    0.8417    0.5181   -0.1522
...    97 A-T ...
 -127.9740    5.5438    9.3466
   -0.3057    0.2256   -0.9250
   -0.4293    0.8345    0.3454
    0.8499    0.5027   -0.1582
...    98 A-T ...
 -125.0976    6.9167    8.6721
   -0.4670    0.6813   -0.5638
   -0.1819    0.5499    0.8152
    0.8654    0.4832   -0.1329
...    99 C-G ...
 -122.2337    8.2749    7.6515
   -0.5011    0.8639   -0.0509
    0.0915    0.1114    0.9896
    0.8605    0.4913   -0.1349
...   100 G-C ...
 -119.2924    9.8660    7.6614
   -0.4424    0.7293    0.5219
    0.3580   -0.3899    0.8484
    0.8222    0.5622   -0.0886
...   101 G-C ...
 -116.6689   11.9242    7.2017
   -0.2484    0.3547    0.9014
    0.5416   -0.7207    0.4328
    0.8031    0.5957   -0.0131
...   102 A-T ...
 -114.1002   13.9374    7.1474
    0.0722   -0.1555    0.9852
    0.5841   -0.7941   -0.1682
    0.8085    0.5876    0.0335
...   103 T-A ...
 -111.8638   16.2978    7.5783
    0.3374   -0.5413    0.7702
    0.4707   -0.6115   -0.6360
    0.8152    0.5771    0.0484
...   104 G-C ...
 -109.0052   17.9879    7.8969
    0.4314   -0.8561    0.2847
    0.2367   -0.1972   -0.9514
    0.8706    0.4778    0.1176
...   105 C-G ...
 -106.1520   19.3951    8.7772
    0.4383   -0.8556   -0.2752
   -0.0097    0.3017   -0.9534
    0.8988    0.4206    0.1239
...   106 T-A ...
 -103.0854   20.4401    9.4414
    0.3065   -0.6042   -0.7355
   -0.1999    0.7146   -0.6703
    0.9306    0.3525    0.0983
...   107 T-A ...
  -99.9950   21.3150    9.9036
    0.1400   -0.0993   -0.9852
   -0.3290    0.9337   -0.1409
    0.9339    0.3439    0.0981
...   108 C-G ...
  -96.8858   22.3201   10.0981
   -0.1027    0.4534   -0.8854
   -0.3303    0.8240    0.4603
    0.9383    0.3397    0.0651
...   109 C-G ...
  -93.6693   23.3261    9.9695
   -0.3315    0.8003   -0.4996
   -0.1959    0.4596    0.8662
    0.9229    0.3850    0.0044
...   110 G-C ...
  -90.7067   24.8240   10.3352
   -0.4667    0.8819    0.0676
    0.0497   -0.0502    0.9975
    0.8830    0.4688   -0.0204
...   111 G-C ...
  -87.8395   26.5611   10.0149
   -0.4280    0.6786    0.5969
    0.3095   -0.5104    0.8023
    0.8491    0.5281    0.0084
...   112 C-G ...
  -85.2449   28.6089    9.8348
   -0.2252    0.2716    0.9357
    0.4975   -0.7937    0.3501
    0.8377    0.5443    0.0436
...   113 T-A ...
  -82.6819   30.6870   10.1018
    0.0198   -0.2131    0.9768
    0.5529   -0.8117   -0.1883
    0.8330    0.5438    0.1017
...   114 C-G ...
  -80.0086   32.5196   10.5561
    0.3061   -0.6648    0.6814
    0.4423   -0.5345   -0.7202
    0.8430    0.5218    0.1304
...   115 G-C ...
  -77.0368   34.0138   10.7937
    0.3889   -0.9075    0.1589
    0.2234   -0.0745   -0.9719
    0.8938    0.4135    0.1737
...   116 T-A ...
  -74.1854   35.1820   11.9810
    0.4103   -0.8338   -0.3695
   -0.0046    0.4032   -0.9151
    0.9120    0.3771    0.1616
...   117 A-T ...
  -71.0712   36.2112   12.5499
    0.2409   -0.5036   -0.8296
   -0.2040    0.8094   -0.5506
    0.9489    0.3019    0.0923
...   118 T-A ...
  -67.8442   36.5452   13.0549
    0.0928   -0.0390   -0.9949
   -0.2909    0.9546   -0.0646
    0.9522    0.2955    0.0772
...   119 A-T ...
  -64.6579   37.4890   13.1581
   -0.1702    0.4825   -0.8592
   -0.2591    0.8193    0.5114
    0.9507    0.3097   -0.0145
...   120 A-T ...
  -61.5364   38.3193   12.8714
   -0.2895    0.8584   -0.4236
   -0.1092    0.4101    0.9055
    0.9509    0.3083   -0.0250
...   121 T-A ...
  -58.4541   39.1886   12.1067
   -0.3039    0.9486    0.0887
    0.0565   -0.0749    0.9956
    0.9510    0.3076   -0.0309
...   122 G-C ...
  -55.3460   40.3406   12.2876
   -0.2922    0.7110    0.6397
    0.2509   -0.5884    0.7686
    0.9228    0.3851   -0.0065
...   123 T-A ...
  -52.5485   42.0971   11.9465
   -0.1336    0.2943    0.9463
    0.3701   -0.8710    0.3232
    0.9193    0.3934    0.0074
...   124 G-C ...
  -49.4337   43.2162   12.1828
    0.0295   -0.2827    0.9587
    0.3976   -0.8767   -0.2708
    0.9171    0.3892    0.0866
...   125 T-A ...
  -46.6718   44.9490   12.8276
    0.2106   -0.7055    0.6767
    0.3192   -0.6047   -0.7297
    0.9240    0.3697    0.0978
...   126 C-G ...
  -43.6678   46.1796   13.2736
    0.3232   -0.9383    0.1230
    0.1341   -0.0833   -0.9875
    0.9368    0.3357    0.0989
...   127 G-C ...
  -40.5126   47.2564   13.2829
    0.2151   -0.8706   -0.4425
   -0.0535    0.4419   -0.8955
    0.9751    0.2163    0.0485
...   128 A-T ...
  -37.3216   47.8681   13.5218
    0.0872   -0.4744   -0.8760
   -0.1611    0.8611   -0.4823
    0.9831    0.1831   -0.0013
...   129 C-G ...
  -34.0410   47.8200   13.6225
   -0.0580    0.0202   -0.9981
   -0.1660    0.9857    0.0296
    0.9844    0.1674   -0.0538
...   130 C-G ...
  -30.7210   48.0566   13.1259
   -0.2402    0.5176   -0.8212
   -0.0709    0.8344    0.5466
    0.9681    0.1895   -0.1638
...   131 A-T ...
  -27.5498   48.8510   12.5007
   -0.3453    0.8664   -0.3608
    0.1288    0.4245    0.8962
    0.9296    0.2630   -0.2582
...   132 A-T ...
  -24.6295   49.6935   11.3648
   -0.2059    0.9566    0.2060
    0.3155   -0.1344    0.9394
    0.9263    0.2584   -0.2741
...   133 A-T ...
  -21.7507   50.6744   10.2120
    0.0360    0.7168    0.6964
    0.3808   -0.6541    0.6536
    0.9240    0.2416   -0.2965
...   134 T-A ...
  -19.0159   52.0244    8.9251
    0.2452    0.2905    0.9249
    0.3073   -0.9281    0.2101
    0.9195    0.2328   -0.3169
...   135 G-C ...
  -16.4637   53.8825    7.5154
    0.5339   -0.3333    0.7771
    0.0346   -0.9097   -0.4139
    0.8449    0.2479   -0.4741
...   136 T-A ...
  -14.1749   56.5547    6.1809
    0.5795   -0.7269    0.3685
   -0.3141   -0.6164   -0.7221
    0.7521    0.3026   -0.5855
...   137 G-C ...
  -11.6538   57.9992    4.7205
    0.2452   -0.9542   -0.1714
   -0.6323   -0.0234   -0.7744
    0.7349    0.2983   -0.6091
...   138 A-T ...
   -8.6758   58.7134    3.6025
   -0.0345   -0.7815   -0.6229
   -0.6536    0.4891   -0.5775
    0.7560    0.3872   -0.5277
...   139 G-C ...
   -6.3274   59.0727    1.6297
   -0.2969   -0.3279   -0.8968
   -0.5657    0.8171   -0.1114
    0.7693    0.4742   -0.4281
...   140 C-G ...
   -3.4368   60.2279    1.0288
   -0.4426    0.2287   -0.8671
   -0.1681    0.9286    0.3308
    0.8808    0.2922   -0.3725
...   141 G-C ...
   -0.6976   63.8912   -2.2509
   -0.9992    0.0157   -0.0376
   -0.0024    0.8991    0.4378
    0.0407    0.4375   -0.8983
...   142 C-G ...
   -1.0064   65.5988   -4.9400
   -0.8337    0.5216    0.1813
    0.5170    0.6219    0.5881
    0.1940    0.5841   -0.7882
...   143 T-A ...
   -0.1332   66.2085   -7.8195
   -0.3753    0.8566    0.3540
    0.8856    0.2187    0.4098
    0.2736    0.4673   -0.8407
...   144 C-G ...
   -0.1665   67.4020  -10.8066
    0.1797    0.8793    0.4411
    0.9277   -0.3007    0.2214
    0.3273    0.3694   -0.8697
...   145 A-T ...
    0.5267   69.2313  -13.4658
    0.7352    0.4964    0.4616
    0.6118   -0.7791   -0.1367
    0.2918    0.3829   -0.8765
...   146 C-G ...
    1.4339   72.0892  -15.6018
    0.9809    0.0621    0.1844
    0.1264   -0.9240   -0.3608
    0.1480    0.3772   -0.9142
...   147 A-T ...
    2.3048   74.2223  -18.3862
    0.8657   -0.4292   -0.2575
   -0.4984   -0.7868   -0.3642
   -0.0463    0.4436   -0.8950
