  147 base-pairs
...     1 A-T ...
    0.0000    0.0000    0.0000
    1.0000    0.0000    0.0000
    0.0000    1.0000    0.0000
    0.0000    0.0000    1.0000
...     2 G-C ...
   -0.1394   -1.2357    3.2268
    0.7529    0.6366    0.1670
   -0.6386    0.7680   -0.0486
   -0.1592   -0.0700    0.9848
...     3 T-A ...
   -0.0365   -3.2932    6.3751
    0.2722    0.9301    0.2466
   -0.9238    0.3243   -0.2033
   -0.2691   -0.1725    0.9475
...     4 G-C ...
   -0.3505   -4.1660    9.4928
   -0.3756    0.9250    0.0579
   -0.8781   -0.3352   -0.3415
   -0.2965   -0.1791    0.9381
...     5 A-T ...
   -0.4462   -4.1476   12.7498
   -0.8116    0.5840   -0.0165
   -0.5523   -0.7762   -0.3042
   -0.1905   -0.2378    0.9524
...     6 G-C ...
   -1.5908   -4.1730   15.6201
   -0.9976    0.0246   -0.0651
   -0.0043   -0.9555   -0.2950
   -0.0695   -0.2940    0.9533
...     7 C-G ...
   -1.1030   -4.4824   18.7362
   -0.8441   -0.5304   -0.0787
    0.5345   -0.8441   -0.0432
   -0.0435   -0.0785    0.9960
...     8 G-C ...
   -2.4028   -7.7290   23.1475
   -0.2754   -0.3293   -0.9032
    0.6650   -0.7437    0.0684
   -0.6942   -0.5818    0.4238
...     9 C-G ...
   -4.4690   -9.9728   24.1132
    0.1145   -0.7025   -0.7024
    0.8512   -0.2952    0.4340
   -0.5122   -0.6476    0.5642
...    10 T-A ...
   -6.7405  -10.8752   25.9697
    0.4841   -0.8363   -0.2574
    0.6595    0.1553    0.7355
   -0.5751   -0.5258    0.6267
...    11 C-G ...
   -9.1656  -12.6208   27.1640
    0.7073   -0.6682    0.2307
    0.3448    0.6110    0.7126
   -0.6171   -0.4245    0.6626
...    12 A-T ...
  -10.9234  -14.6633   29.0693
    0.7515   -0.1377    0.6452
   -0.2029    0.8824    0.4246
   -0.6277   -0.4500    0.6352
...    13 C-G ...
  -11.8476  -17.4863   31.2451
    0.4295    0.2823    0.8578
   -0.5708    0.8209    0.0156
   -0.6998   -0.4963    0.5137
...    14 A-T ...
  -13.5897  -19.7827   33.4259
   -0.1504    0.6104    0.7777
   -0.6874    0.5008   -0.5260
   -0.7106   -0.6136    0.3443
...    15 A-T ...
  -15.8294  -21.7894   34.6324
   -0.4818    0.8128    0.3275
   -0.4878    0.0618   -0.8708
   -0.7280   -0.5793    0.3667
...    16 T-A ...
  -17.9379  -23.6083   36.5570
   -0.6907    0.7013   -0.1762
   -0.1509   -0.3781   -0.9134
   -0.7072   -0.6043    0.3669
...    17 T-A ...
  -20.2240  -25.3659   38.1352
   -0.6743    0.3272   -0.6620
    0.2812   -0.7152   -0.6398
   -0.6828   -0.6176    0.3903
...    18 T-A ...
  -22.5447  -27.1426   39.5264
   -0.3981   -0.1195   -0.9095
    0.6037   -0.7806   -0.1618
   -0.6906   -0.6135    0.3829
...    19 A-T ...
  -24.7330  -29.3608   40.7425
    0.0510   -0.5223   -0.8512
    0.7119   -0.5788    0.3978
   -0.7005   -0.6262    0.3423
...    20 T-A ...
  -27.5056  -31.0295   41.5135
    0.3885   -0.7628   -0.5169
    0.5917   -0.2235    0.7745
   -0.7063   -0.6068    0.3646
...    21 T-A ...
  -29.9728  -32.9749   42.4276
    0.6437   -0.7650    0.0194
    0.2655    0.2471    0.9319
   -0.7177   -0.5947    0.3622
...    22 C-G ...
  -32.3186  -34.9594   43.5747
    0.7007   -0.4649    0.5412
   -0.1600    0.6368    0.7542
   -0.6953   -0.6151    0.3718
...    23 G-C ...
  -34.7195  -36.5803   45.2925
    0.5934    0.0535    0.8031
   -0.5332    0.7736    0.3424
   -0.6030   -0.6314    0.4876
...    24 C-G ...
  -36.4378  -38.9122   46.7973
    0.2685    0.4847    0.8324
   -0.7591    0.6385   -0.1269
   -0.5930   -0.5978    0.5394
...    25 A-T ...
  -38.5925  -40.7169   48.4698
   -0.1244    0.8113    0.5712
   -0.7868    0.2701   -0.5550
   -0.6046   -0.5184    0.6048
...    26 A-T ...
  -40.4344  -42.3427   50.6337
   -0.5228    0.8380    0.1565
   -0.5941   -0.2265   -0.7718
   -0.6113   -0.4964    0.6163
...    27 A-T ...
  -42.1981  -43.7776   52.9519
   -0.7641    0.5681   -0.3056
   -0.1989   -0.6582   -0.7261
   -0.6136   -0.4940    0.6159
...    28 G-C ...
  -44.3305  -44.9376   55.2820
   -0.7126    0.1806   -0.6779
    0.2011   -0.8732   -0.4440
   -0.6721   -0.4527    0.5859
...    29 G-C ...
  -46.9303  -46.0887   57.2255
   -0.4272   -0.2909   -0.8561
    0.5383   -0.8426    0.0177
   -0.7264   -0.4532    0.5166
...    30 C-G ...
  -49.6215  -47.3101   58.6144
   -0.0330   -0.6747   -0.7373
    0.6590   -0.5694    0.4915
   -0.7514   -0.4696    0.4635
...    31 C-G ...
  -52.3513  -48.6767   60.0011
    0.3814   -0.8436   -0.3780
    0.5515   -0.1205    0.8254
   -0.7419   -0.5233    0.4193
...    32 G-C ...
  -54.3645  -50.4351   61.4698
    0.6659   -0.7443    0.0514
    0.2578    0.2942    0.9203
   -0.7001   -0.5995    0.3878
...    33 G-C ...
  -56.3924  -52.8930   62.5992
    0.7281   -0.4355    0.5293
   -0.1727    0.6307    0.7566
   -0.6633   -0.6423    0.3840
...    34 C-G ...
  -58.3799  -55.2589   63.6587
    0.5403    0.0019    0.8415
   -0.5444    0.7633    0.3478
   -0.6417   -0.6460    0.4134
...    35 C-G ...
  -60.1726  -57.6617   65.2571
    0.1901    0.4553    0.8698
   -0.7541    0.6350   -0.1676
   -0.6287   -0.6240    0.4641
...    36 C-G ...
  -62.0032  -59.8770   66.9915
   -0.2036    0.7603    0.6169
   -0.7455    0.2881   -0.6011
   -0.6347   -0.5822    0.5081
...    37 G-C ...
  -64.4464  -61.8458   68.0489
   -0.4967    0.8548    0.1506
   -0.5163   -0.1515   -0.8429
   -0.6977   -0.4964    0.5166
...    38 A-T ...
  -66.5318  -63.5128   69.7033
   -0.6854    0.6279   -0.3688
   -0.1235   -0.5993   -0.7909
   -0.7176   -0.4966    0.4883
...    39 C-G ...
  -68.9700  -64.5960   71.4434
   -0.6026    0.2761   -0.7488
    0.2227   -0.8428   -0.4900
   -0.7663   -0.4620    0.4464
...    40 A-T ...
  -71.6878  -65.9558   72.7924
   -0.2908   -0.1638   -0.9427
    0.4749   -0.8800    0.0064
   -0.8306   -0.4458    0.3336
...    41 C-G ...
  -74.7056  -67.0728   73.4484
    0.0301   -0.5565   -0.8303
    0.5318   -0.6944    0.4847
   -0.8464   -0.4561    0.2751
...    42 G-C ...
  -77.2574  -68.9295   74.4679
    0.3735   -0.8283   -0.4177
    0.3568   -0.2874    0.8889
   -0.8563   -0.4810    0.1882
...    43 A-T ...
  -79.9938  -70.4401   75.0005
    0.5032   -0.8449    0.1816
    0.0723    0.2506    0.9654
   -0.8611   -0.4727    0.1872
...    44 C-G ...
  -82.7206  -72.3436   75.0327
    0.4826   -0.5796    0.6566
   -0.2144    0.6487    0.7302
   -0.8492   -0.4932    0.1888
...    45 T-A ...
  -85.4201  -74.7677   75.3983
    0.2806   -0.1356    0.9502
   -0.4299    0.8674    0.2507
   -0.8582   -0.4788    0.1851
...    46 T-A ...
  -87.9969  -76.7126   75.8362
   -0.0014    0.3083    0.9513
   -0.4832    0.8327   -0.2706
   -0.8755   -0.4600    0.1479
...    47 A-T ...
  -90.8281  -78.2880   76.5057
   -0.1687    0.7554    0.6332
   -0.4092    0.5307   -0.7422
   -0.8967   -0.3843    0.2195
...    48 C-G ...
  -93.4598  -79.7782   77.7726
   -0.3030    0.9410    0.1504
   -0.2630    0.0691   -0.9623
   -0.9160   -0.3312    0.2266
...    49 T-A ...
  -96.4270  -80.6925   79.0089
   -0.3005    0.8741   -0.3816
   -0.1042   -0.4278   -0.8978
   -0.9481   -0.2301    0.2197
...    50 G-C ...
  -99.7753  -81.0197   79.6296
   -0.1236    0.5453   -0.8291
    0.0185   -0.8341   -0.5513
   -0.9922   -0.0835    0.0930
...    51 T-A ...
 -102.9182  -80.7128   80.0538
   -0.0153    0.1005   -0.9948
    0.0455   -0.9938   -0.1011
   -0.9988   -0.0468    0.0106
...    52 A-T ...
 -106.1724  -80.3764   79.5663
    0.1743   -0.4202   -0.8905
   -0.0411   -0.9067    0.4198
   -0.9838   -0.0366   -0.1753
...    53 G-C ...
 -109.2645  -80.1582   78.7022
    0.1989   -0.8057   -0.5580
   -0.1783   -0.5896    0.7877
   -0.9637   -0.0572   -0.2610
...    54 G-C ...
 -112.4374  -80.1617   76.8668
    0.1109   -0.9931   -0.0381
   -0.2975   -0.0697    0.9522
   -0.9483   -0.0943   -0.3032
...    55 T-A ...
 -115.3636  -80.6896   75.4152
   -0.0869   -0.8874    0.4527
   -0.3218    0.4551    0.8303
   -0.9428   -0.0735   -0.3251
...    56 A-T ...
 -118.4114  -81.1892   74.0499
   -0.2748   -0.4449    0.8524
   -0.2038    0.8933    0.4005
   -0.9397   -0.0636   -0.3361
...    57 T-A ...
 -121.3236  -82.0924   72.7557
   -0.3753    0.0701    0.9242
   -0.0080    0.9969   -0.0788
   -0.9269   -0.0370   -0.3736
...    58 C-G ...
 -124.4967  -82.4700   71.6816
   -0.2970    0.6640    0.6863
    0.2540    0.7477   -0.6135
   -0.9205   -0.0079   -0.3907
...    59 T-A ...
 -127.6845  -82.4870   70.7122
   -0.0439    0.9497    0.3100
    0.3743    0.3034   -0.8763
   -0.9263    0.0776   -0.3688
...    60 C-G ...
 -130.8269  -82.1328   69.6104
    0.2478    0.9498   -0.1909
    0.3256   -0.2673   -0.9069
   -0.9125    0.1626   -0.3755
...    61 G-C ...
 -133.5666  -81.3353   67.9431
    0.6218    0.6366   -0.4562
    0.1204   -0.6533   -0.7475
   -0.7739    0.4098   -0.4828
...    62 A-T ...
 -136.0389  -79.8064   66.3190
    0.6518    0.1384   -0.7456
   -0.2596   -0.8831   -0.3908
   -0.7126    0.4483   -0.5397
...    63 G-C ...
 -138.0331  -77.9517   64.3992
    0.4850   -0.3618   -0.7962
   -0.5945   -0.8041    0.0033
   -0.6414    0.4717   -0.6051
...    64 C-G ...
 -139.7354  -76.1174   62.0776
    0.0717   -0.7723   -0.6311
   -0.7940   -0.4272    0.4325
   -0.6037    0.4701   -0.6439
...    65 T-A ...
 -141.5284  -74.5314   59.8365
   -0.3728   -0.8738   -0.3123
   -0.7364    0.0739    0.6725
   -0.5645    0.4807   -0.6710
...    66 C-G ...
 -143.6074  -73.0307   57.7885
   -0.7515   -0.6442    0.1423
   -0.3814    0.6002    0.7030
   -0.5383    0.4741   -0.6968
...    67 G-C ...
 -145.6263  -70.6061   56.2010
   -0.8254   -0.1872    0.5326
    0.1209    0.8630    0.4906
   -0.5514    0.4693   -0.6897
...    68 G-C ...
 -147.2988  -69.0592   53.7428
   -0.5873    0.2970    0.7529
    0.5973    0.7868    0.1555
   -0.5462    0.5410   -0.6395
...    69 G-C ...
 -149.2259  -67.4307   51.5444
   -0.1171    0.6055    0.7872
    0.8238    0.5020   -0.2635
   -0.5547    0.6176   -0.5576
...    70 A-T ...
 -151.2270  -65.4622   49.8026
    0.4130    0.7462    0.5222
    0.7450    0.0530   -0.6650
   -0.5239    0.6636   -0.5340
...    71 T-A ...
 -153.2563  -63.1726   48.6050
    0.7610    0.6329    0.1422
    0.4301   -0.3282   -0.8410
   -0.4856    0.7012   -0.5220
...    72 C-G ...
 -154.7272  -60.6800   47.0823
    0.9050    0.2802   -0.3201
   -0.0901   -0.6092   -0.7879
   -0.4158    0.7418   -0.5261
...    73 C-G ...
 -155.9358  -58.0910   45.4853
    0.7840   -0.1712   -0.5967
   -0.5481   -0.6421   -0.5360
   -0.2914    0.7473   -0.5972
...    74 G-C ...
 -156.9295  -55.9385   43.1753
    0.4036   -0.5921   -0.6975
   -0.9004   -0.3925   -0.1878
   -0.1625    0.7038   -0.6916
...    75 C-G ...
 -156.8611  -53.6057   40.5997
   -0.1858   -0.7139   -0.6752
   -0.9754    0.0509    0.2146
   -0.1189    0.6984   -0.7058
...    76 T-A ...
 -156.9699  -51.6696   37.6819
   -0.7127   -0.5377   -0.4505
   -0.6999    0.5027    0.5074
   -0.0463    0.6769   -0.7346
...    77 T-A ...
 -156.8520  -49.6946   35.0705
   -0.9896   -0.0740   -0.1234
   -0.1388    0.7174    0.6827
    0.0380    0.6927   -0.7202
...    78 T-A ...
 -156.6007  -47.7194   32.4482
   -0.8789    0.4078    0.2473
    0.4627    0.6030    0.6499
    0.1159    0.6856   -0.7187
...    79 A-T ...
 -155.4730  -45.3062   30.4143
   -0.4055    0.7277    0.5532
    0.8954    0.1943    0.4007
    0.1841    0.6578   -0.7303
...    80 A-T ...
 -155.0132  -43.1998   28.0685
    0.1533    0.6946    0.7028
    0.9635   -0.2630    0.0497
    0.2193    0.6696   -0.7096
...    81 C-G ...
 -154.8242  -40.7028   25.8471
    0.6250    0.4220    0.6567
    0.7362   -0.5983   -0.3162
    0.2595    0.6811   -0.6846
...    82 A-T ...
 -153.8499  -38.2984   23.7303
    0.8860   -0.0758    0.4575
    0.2734   -0.7115   -0.6473
    0.3746    0.6985   -0.6097
...    83 C-G ...
 -152.3619  -35.6726   22.3138
    0.8785   -0.4695    0.0884
   -0.2124   -0.5495   -0.8081
    0.4280    0.6911   -0.5824
...    84 T-A ...
 -150.3745  -33.1175   20.7720
    0.5623   -0.7520   -0.3440
   -0.6573   -0.1540   -0.7377
    0.5018    0.6409   -0.5809
...    85 T-A ...
 -148.4184  -31.0896   19.1166
    0.0869   -0.6804   -0.7277
   -0.8523    0.3274   -0.4080
    0.5158    0.6557   -0.5514
...    86 T-A ...
 -146.4434  -29.0988   17.4401
   -0.3994   -0.3425   -0.8504
   -0.7469    0.6595    0.0851
    0.5317    0.6691   -0.5192
...    87 A-T ...
 -144.7376  -26.5502   15.8502
   -0.7569    0.2230   -0.6143
   -0.3067    0.7088    0.6352
    0.5770    0.6692   -0.4681
...    88 T-A ...
 -142.6828  -24.9198   13.8206
   -0.7806    0.5868   -0.2154
    0.1203    0.4791    0.8695
    0.6134    0.6528   -0.4446
...    89 C-G ...
 -140.5941  -22.8788   12.2825
   -0.5555    0.7366    0.3859
    0.5609   -0.0107    0.8278
    0.6139    0.6763   -0.4072
...    90 A-T ...
 -138.2027  -20.8668   10.9933
   -0.2094    0.5244    0.8254
    0.7742   -0.4266    0.4675
    0.5973    0.7369   -0.3166
...    91 T-A ...
 -136.6693  -18.2041    9.9470
    0.1660    0.2029    0.9650
    0.7792   -0.6267   -0.0023
    0.6043    0.7524   -0.2621
...    92 G-C ...
 -134.6255  -15.4471    9.2931
    0.4940   -0.2892    0.8200
    0.5542   -0.6219   -0.5532
    0.6699    0.7277   -0.1470
...    93 T-A ...
 -132.6687  -12.7533    9.4059
    0.6815   -0.5949    0.4261
    0.2323   -0.3764   -0.8969
    0.6940    0.7102   -0.1183
...    94 T-A ...
 -130.3921  -10.5728    9.2948
    0.6581   -0.7451   -0.1082
   -0.1448    0.0158   -0.9893
    0.7389    0.6667   -0.0975
...    95 A-T ...
 -127.8343   -8.4826    8.8479
    0.4015   -0.6541   -0.6411
   -0.4640    0.4582   -0.7581
    0.7896    0.6018   -0.1195
...    96 T-A ...
 -124.9251   -7.0278    8.9144
    0.1274   -0.3302   -0.9353
   -0.5917    0.7315   -0.3388
    0.7960    0.5966   -0.1022
...    97 A-T ...
 -122.3389   -4.8633    8.5827
   -0.2544    0.1905   -0.9482
   -0.5263    0.7952    0.3010
    0.8113    0.5756   -0.1020
...    98 A-T ...
 -119.6303   -3.1937    8.1853
   -0.4912    0.6180   -0.6139
   -0.2974    0.5434    0.7850
    0.8187    0.5681   -0.0831
...    99 C-G ...
 -116.7201   -1.5786    7.2762
   -0.5593    0.8248   -0.0825
    0.0100    0.1062    0.9943
    0.8289    0.5553   -0.0676
...   100 G-C ...
 -114.1063    0.3702    7.3949
   -0.5246    0.6854    0.5049
    0.3362   -0.3781    0.8626
    0.7821    0.6223   -0.0321
...   101 G-C ...
 -111.7202    2.6286    7.2895
   -0.3463    0.3276    0.8791
    0.5772   -0.6643    0.4749
    0.7395    0.6719    0.0410
...   102 A-T ...
 -109.4292    5.0312    7.3603
    0.0358   -0.1455    0.9887
    0.6696   -0.7310   -0.1318
    0.7419    0.6667    0.0713
...   103 T-A ...
 -107.4780    7.5815    7.8386
    0.3515   -0.4989    0.7922
    0.5645   -0.5621   -0.6044
    0.7468    0.6597    0.0840
...   104 G-C ...
 -105.0122    9.7452    8.4598
    0.5391   -0.8020    0.2571
    0.2708   -0.1240   -0.9546
    0.7975    0.5843    0.1503
...   105 C-G ...
 -102.2794   11.2884    9.3666
    0.5451   -0.7812   -0.3043
   -0.0570    0.3275   -0.9431
    0.8365    0.5314    0.1340
...   106 T-A ...
  -99.1553   12.5997   10.0877
    0.3975   -0.4772   -0.7837
   -0.3055    0.7366   -0.6034
    0.8653    0.4793    0.1470
...   107 T-A ...
  -96.2634   13.8838   10.5993
    0.1235   -0.0101   -0.9923
   -0.4484    0.8915   -0.0649
    0.8853    0.4530    0.1056
...   108 C-G ...
  -93.2082   15.1926   10.7446
   -0.1803    0.4922   -0.8516
   -0.4189    0.7449    0.5192
    0.8899    0.4504    0.0718
...   109 C-G ...
  -90.2340   16.5934   10.8042
   -0.4535    0.7625   -0.4615
   -0.2472    0.3899    0.8871
    0.8563    0.5164    0.0116
...   110 G-C ...
  -87.7276   18.3321   11.1086
   -0.5884    0.8068    0.0526
    0.0393   -0.0364    0.9986
    0.8076    0.5897   -0.0103
...   111 G-C ...
  -85.3089   20.6667   10.9196
   -0.5118    0.6193    0.5954
    0.3779   -0.4601    0.8034
    0.7715    0.6362    0.0015
...   112 C-G ...
  -83.1204   23.1973   10.7136
   -0.2517    0.2435    0.9367
    0.5977   -0.7221    0.3483
    0.7612    0.6476    0.0362
...   113 T-A ...
  -80.7748   25.5314   10.8558
    0.0622   -0.1936    0.9791
    0.6456   -0.7403   -0.1874
    0.7611    0.6438    0.0789
...   114 C-G ...
  -78.2185   27.6165   11.2366
    0.3880   -0.6086    0.6921
    0.5063   -0.4868   -0.7119
    0.7702    0.6266    0.1193
...   115 G-C ...
  -75.4427   29.4441   11.2449
    0.5340   -0.8320    0.1503
    0.1998   -0.0486   -0.9786
    0.8216    0.5526    0.1403
...   116 T-A ...
  -72.6482   30.8332   12.3061
    0.5109   -0.7650   -0.3921
   -0.1020    0.3989   -0.9113
    0.8535    0.5056    0.1258
...   117 A-T ...
  -69.5104   32.0068   13.1158
    0.2757   -0.4653   -0.8411
   -0.3302    0.7759   -0.5375
    0.9027    0.4259    0.0603
...   118 T-A ...
  -66.3743   32.7116   13.5461
    0.0770   -0.0203   -0.9968
   -0.4177    0.9072   -0.0508
    0.9053    0.4203    0.0614
...   119 A-T ...
  -63.4186   34.2564   13.7150
   -0.2232    0.4812   -0.8477
   -0.3521    0.7711    0.5304
    0.9090    0.4169   -0.0026
...   120 A-T ...
  -60.4032   35.3969   13.4053
   -0.3950    0.8243   -0.4057
   -0.1532    0.3763    0.9137
    0.9058    0.4231   -0.0223
...   121 T-A ...
  -57.4116   36.6685   12.6286
   -0.4068    0.9050    0.1243
    0.0781   -0.1012    0.9918
    0.9102    0.4132   -0.0295
...   122 G-C ...
  -54.3793   38.2162   12.3559
   -0.3319    0.6505    0.6832
    0.3085   -0.6095    0.7303
    0.8914    0.4531    0.0016
...   123 T-A ...
  -51.6848   40.0785   12.1221
   -0.1363    0.2588    0.9563
    0.4323   -0.8530    0.2924
    0.8914    0.4533    0.0044
...   124 G-C ...
  -48.7601   41.6782   12.2157
    0.0775   -0.3037    0.9496
    0.4519   -0.8383   -0.3050
    0.8887    0.4528    0.0722
...   125 T-A ...
  -46.1560   43.5142   12.6929
    0.2602   -0.7099    0.6545
    0.3471   -0.5637   -0.7495
    0.9010    0.4222    0.0998
...   126 C-G ...
  -43.3038   44.8360   13.0991
    0.4108   -0.9067    0.0960
    0.1348   -0.0438   -0.9899
    0.9017    0.4196    0.1042
...   127 G-C ...
  -40.2417   46.0308   12.9767
    0.2363   -0.8795   -0.4131
   -0.0573    0.4118   -0.9095
    0.9700    0.2386    0.0470
...   128 A-T ...
  -37.2064   46.8441   13.2279
    0.1416   -0.4867   -0.8620
   -0.1996    0.8388   -0.5065
    0.9696    0.2438    0.0216
...   129 C-G ...
  -33.9289   46.8683   13.5579
   -0.0348    0.0082   -0.9994
   -0.2246    0.9743    0.0158
    0.9738    0.2250   -0.0321
...   130 C-G ...
  -30.5859   47.1423   12.8756
   -0.2596    0.4748   -0.8409
   -0.1211    0.8479    0.5161
    0.9581    0.2358   -0.1626
...   131 A-T ...
  -27.5402   48.5095   12.5463
   -0.3845    0.8365   -0.3905
    0.0872    0.4541    0.8867
    0.9190    0.3069   -0.2476
...   132 A-T ...
  -24.6196   49.5769   11.4833
   -0.2568    0.9495    0.1802
    0.3049   -0.0973    0.9474
    0.9171    0.2983   -0.2645
...   133 A-T ...
  -21.7741   50.6299   10.2351
    0.0268    0.7244    0.6889
    0.3832   -0.6439    0.6622
    0.9233    0.2462   -0.2949
...   134 T-A ...
  -19.0160   52.0245    8.9251
    0.2452    0.2905    0.9249
    0.3073   -0.9281    0.2101
    0.9195    0.2328   -0.3169
...   135 G-C ...
  -16.4638   53.8826    7.5154
    0.5339   -0.3333    0.7771
    0.0346   -0.9097   -0.4139
    0.8449    0.2479   -0.4741
...   136 T-A ...
  -14.1750   56.5548    6.1809
    0.5795   -0.7269    0.3685
   -0.3141   -0.6164   -0.7221
    0.7521    0.3026   -0.5855
...   137 G-C ...
  -11.6539   57.9993    4.7205
    0.2452   -0.9542   -0.1714
   -0.6323   -0.0234   -0.7744
    0.7349    0.2983   -0.6091
...   138 A-T ...
   -8.6759   58.7134    3.6025
   -0.0345   -0.7815   -0.6229
   -0.6536    0.4891   -0.5775
    0.7560    0.3872   -0.5277
...   139 G-C ...
   -6.3275   59.0728    1.6297
   -0.2969   -0.3279   -0.8968
   -0.5657    0.8171   -0.1114
    0.7693    0.4742   -0.4281
...   140 C-G ...
   -3.4369   60.2280    1.0288
   -0.4426    0.2287   -0.8671
   -0.1681    0.9286    0.3308
    0.8808    0.2922   -0.3725
...   141 G-C ...
   -0.6977   63.8913   -2.2509
   -0.9992    0.0157   -0.0376
   -0.0024    0.8991    0.4378
    0.0407    0.4375   -0.8983
...   142 C-G ...
   -1.0065   65.5989   -4.9400
   -0.8337    0.5216    0.1813
    0.5170    0.6219    0.5881
    0.1940    0.5841   -0.7882
...   143 T-A ...
   -0.1333   66.2086   -7.8195
   -0.3753    0.8566    0.3540
    0.8856    0.2187    0.4098
    0.2736    0.4673   -0.8407
...   144 C-G ...
   -0.1667   67.4021  -10.8066
    0.1797    0.8793    0.4411
    0.9277   -0.3007    0.2214
    0.3273    0.3694   -0.8697
...   145 A-T ...
    0.5266   69.2314  -13.4658
    0.7352    0.4964    0.4616
    0.6118   -0.7791   -0.1367
    0.2918    0.3829   -0.8765
...   146 C-G ...
    1.4337   72.0893  -15.6018
    0.9809    0.0621    0.1844
    0.1264   -0.9240   -0.3608
    0.1480    0.3772   -0.9142
...   147 A-T ...
    2.3046   74.2224  -18.3862
    0.8657   -0.4292   -0.2575
   -0.4984   -0.7868   -0.3642
   -0.0463    0.4436   -0.8950
