  147 base-pairs
...     1 A-T ...
    0.0000    0.0000    0.0000
    1.0000    0.0000    0.0000
    0.0000    1.0000    0.0000
    0.0000    0.0000    1.0000
...     2 G-C ...
   -0.1394   -1.2357    3.2268
    0.7529    0.6366    0.1670
   -0.6386    0.7680   -0.0486
   -0.1592   -0.0700    0.9848
...     3 T-A ...
   -0.0365   -3.2932    6.3751
    0.2722    0.9301    0.2466
   -0.9238    0.3243   -0.2033
   -0.2691   -0.1725    0.9475
...     4 G-C ...
   -0.3505   -4.1660    9.4928
   -0.3756    0.9250    0.0579
   -0.8781   -0.3352   -0.3415
   -0.2965   -0.1791    0.9381
...     5 A-T ...
   -0.4462   -4.1476   12.7498
   -0.8116    0.5840   -0.0165
   -0.5523   -0.7762   -0.3042
   -0.1905   -0.2378    0.9524
...     6 G-C ...
   -1.5908   -4.1730   15.6201
   -0.9976    0.0246   -0.0651
   -0.0043   -0.9555   -0.2950
   -0.0695   -0.2940    0.9533
...     7 C-G ...
   -1.1030   -4.4824   18.7362
   -0.8441   -0.5304   -0.0787
    0.5345   -0.8441   -0.0432
   -0.0435   -0.0785    0.9960
...     8 G-C ...
   -2.4028   -7.7290   23.1475
   -0.2754   -0.3293   -0.9032
    0.6650   -0.7437    0.0684
   -0.6942   -0.5818    0.4238
...     9 C-G ...
   -4.4690   -9.9728   24.1132
    0.1145   -0.7025   -0.7024
    0.8512   -0.2952    0.4340
   -0.5122   -0.6476    0.5642
...    10 T-A ...
   -6.7405  -10.8752   25.9697
    0.4841   -0.8363   -0.2574
    0.6595    0.1553    0.7355
   -0.5751   -0.5258    0.6267
...    11 C-G ...
   -9.1656  -12.6208   27.1640
    0.7073   -0.6682    0.2307
    0.3448    0.6110    0.7126
   -0.6171   -0.4245    0.6626
...    12 A-T ...
  -10.9234  -14.6633   29.0693
    0.7515   -0.1377    0.6452
   -0.2029    0.8824    0.4246
   -0.6277   -0.4500    0.6352
...    13 C-G ...
  -11.8476  -17.4863   31.2451
    0.4295    0.2823    0.8578
   -0.5708    0.8209    0.0156
   -0.6998   -0.4963    0.5137
...    14 A-T ...
  -13.5897  -19.7827   33.4259
   -0.1504    0.6104    0.7777
   -0.6874    0.5008   -0.5260
   -0.7106   -0.6136    0.3443
...    15 A-T ...
  -15.7207  -21.7980   34.7956
   -0.4894    0.7990    0.3493
   -0.4977    0.0729   -0.8643
   -0.7161   -0.5968    0.3620
...    16 T-A ...
  -17.7828  -23.6002   36.6079
   -0.6619    0.7382   -0.1303
   -0.1955   -0.3378   -0.9207
   -0.7236   -0.5840    0.3679
...    17 T-A ...
  -20.1116  -25.3232   38.0639
   -0.6546    0.4280   -0.6232
    0.1998   -0.6970   -0.6886
   -0.7291   -0.5753    0.3707
...    18 T-A ...
  -22.5674  -26.9393   39.4370
   -0.4329   -0.0372   -0.9007
    0.5276   -0.8206   -0.2196
   -0.7310   -0.5703    0.3749
...    19 A-T ...
  -24.9346  -28.9423   40.6418
   -0.0140   -0.4898   -0.8717
    0.6674   -0.6538    0.3567
   -0.7446   -0.5767    0.3360
...    20 T-A ...
  -27.7841  -30.4417   41.3405
    0.3193   -0.7542   -0.5737
    0.5840   -0.3202    0.7459
   -0.7463   -0.5732    0.3382
...    21 T-A ...
  -30.3564  -32.2339   42.1865
    0.5842   -0.8101   -0.0495
    0.3057    0.1632    0.9380
   -0.7518   -0.5631    0.3430
...    22 C-G ...
  -32.7803  -34.1730   43.2167
    0.6744   -0.5487    0.4940
   -0.0944    0.5995    0.7948
   -0.7323   -0.5826    0.3525
...    23 G-C ...
  -35.2023  -35.8891   44.7217
    0.5901   -0.0658    0.8046
   -0.4621    0.7898    0.4035
   -0.6620   -0.6099    0.4357
...    24 C-G ...
  -37.0609  -38.2204   46.1407
    0.2844    0.3978    0.8723
   -0.7109    0.6979   -0.0865
   -0.6432   -0.5955    0.4813
...    25 A-T ...
  -39.2218  -40.1058   47.8209
   -0.0812    0.7789    0.6218
   -0.7689    0.3480   -0.5364
   -0.6342   -0.5217    0.5706
...    26 A-T ...
  -41.0681  -41.7847   49.8877
   -0.4834    0.8493    0.2120
   -0.5965   -0.1423   -0.7899
   -0.6407   -0.5083    0.5754
...    27 A-T ...
  -43.0329  -43.2780   51.9850
   -0.7204    0.6385   -0.2707
   -0.2331   -0.5906   -0.7726
   -0.6532   -0.4935    0.5743
...    28 G-C ...
  -45.2184  -44.5933   54.0788
   -0.6854    0.2852   -0.6700
    0.1548   -0.8421   -0.5167
   -0.7115   -0.4579    0.5330
...    29 G-C ...
  -47.8389  -45.7560   55.8472
   -0.4311   -0.1594   -0.8881
    0.4657   -0.8824   -0.0677
   -0.7728   -0.4428    0.4547
...    30 C-G ...
  -50.6594  -46.8691   57.1423
   -0.0780   -0.5858   -0.8067
    0.6039   -0.6716    0.4292
   -0.7932   -0.4538    0.4061
...    31 C-G ...
  -53.4959  -48.3829   58.1287
    0.3165   -0.8183   -0.4798
    0.5210   -0.2727    0.8088
   -0.7927   -0.5059    0.3400
...    32 G-C ...
  -55.8521  -50.2726   59.5407
    0.6180   -0.7859    0.0209
    0.2234    0.2010    0.9538
   -0.7538   -0.5847    0.2998
...    33 G-C ...
  -58.2941  -52.4728   60.2864
    0.6866   -0.5148    0.5134
   -0.1633    0.5789    0.7989
   -0.7085   -0.6323    0.3134
...    34 C-G ...
  -60.4417  -54.8644   61.1019
    0.5099   -0.0977    0.8547
   -0.5134    0.7626    0.3935
   -0.6903   -0.6394    0.3386
...    35 C-G ...
  -62.5094  -57.2678   62.2730
    0.2063    0.3736    0.9044
   -0.7102    0.6929   -0.1242
   -0.6731   -0.6167    0.4083
...    36 C-G ...
  -64.4954  -59.5227   63.8271
   -0.1411    0.7369    0.6611
   -0.7121    0.3883   -0.5849
   -0.6877   -0.5533    0.4700
...    37 G-C ...
  -66.9981  -61.2304   65.2006
   -0.4027    0.8984    0.1750
   -0.5295   -0.0727   -0.8452
   -0.7466   -0.4331    0.5050
...    38 A-T ...
  -69.3816  -62.5869   66.9488
   -0.5833    0.7249   -0.3663
   -0.2123   -0.5714   -0.7928
   -0.7840   -0.3847    0.4872
...    39 C-G ...
  -71.8969  -63.3071   68.9200
   -0.5670    0.3578   -0.7420
    0.0966   -0.8656   -0.4913
   -0.8181   -0.3502    0.4562
...    40 A-T ...
  -74.7145  -64.4270   70.2984
   -0.3121   -0.1201   -0.9424
    0.3394   -0.9406    0.0075
   -0.8874   -0.3175    0.3343
...    41 C-G ...
  -77.8614  -64.8903   71.1321
   -0.0615   -0.5699   -0.8194
    0.4236   -0.7582    0.4956
   -0.9037   -0.3166    0.2881
...    42 G-C ...
  -80.6938  -66.3799   72.0643
    0.2660   -0.8594   -0.4367
    0.3208   -0.3483    0.8808
   -0.9090   -0.3744    0.1830
...    43 A-T ...
  -83.6764  -67.6775   72.5018
    0.4107   -0.8974    0.1613
    0.0834    0.2131    0.9735
   -0.9080   -0.3864    0.1623
...    44 C-G ...
  -86.6019  -69.2816   72.4790
    0.3939   -0.6543    0.6456
   -0.1517    0.6464    0.7477
   -0.9066   -0.3925    0.1553
...    45 T-A ...
  -89.4686  -70.9020   72.9015
    0.2797   -0.2061    0.9377
   -0.3405    0.8919    0.2975
   -0.8977   -0.4025    0.1793
...    46 T-A ...
  -92.2664  -72.4929   73.3960
    0.0130    0.3279    0.9446
   -0.4170    0.8604   -0.2930
   -0.9088   -0.3901    0.1479
...    47 A-T ...
  -95.3088  -73.7451   73.8889
   -0.1703    0.7883    0.5913
   -0.3369    0.5173   -0.7867
   -0.9260   -0.3332    0.1775
...    48 C-G ...
  -98.1293  -74.9739   75.0381
   -0.2685    0.9582    0.0992
   -0.1990    0.0455   -0.9789
   -0.9425   -0.2826    0.1784
...    49 T-A ...
 -101.2114  -75.6828   75.9468
   -0.2312    0.8751   -0.4251
   -0.0513   -0.4473   -0.8929
   -0.9715   -0.1846    0.1483
...    50 G-C ...
 -104.5216  -76.0029   76.2780
   -0.0595    0.5254   -0.8488
    0.0373   -0.8485   -0.5279
   -0.9975   -0.0631    0.0308
...    51 T-A ...
 -107.7445  -75.5478   76.4559
    0.0290    0.0294   -0.9991
    0.0346   -0.9990   -0.0284
   -0.9990   -0.0337   -0.0300
...    52 A-T ...
 -111.0352  -75.5428   76.0450
    0.1522   -0.5215   -0.8395
   -0.0541   -0.8526    0.5198
   -0.9869   -0.0337   -0.1580
...    53 G-C ...
 -114.2263  -75.4638   75.1790
    0.1461   -0.8875   -0.4370
   -0.1736   -0.4578    0.8719
   -0.9739   -0.0515   -0.2210
...    54 G-C ...
 -117.3811  -75.8405   74.0302
    0.0679   -0.9905    0.1199
   -0.2761    0.0968    0.9562
   -0.9587   -0.0980   -0.2669
...    55 T-A ...
 -120.3532  -76.4006   72.5869
   -0.1012   -0.7897    0.6050
   -0.2731    0.6068    0.7464
   -0.9566   -0.0897   -0.2771
...    56 A-T ...
 -123.6582  -76.0583   71.8319
   -0.3400   -0.2020    0.9185
   -0.0944    0.9791    0.1804
   -0.9357   -0.0254   -0.3520
...    57 T-A ...
 -126.6779  -76.8154   70.6956
   -0.3577    0.3274    0.8746
    0.1151    0.9448   -0.3066
   -0.9267   -0.0091   -0.3757
...    58 C-G ...
 -129.7065  -76.9627   69.4285
   -0.1789    0.8184    0.5461
    0.3306    0.5727   -0.7501
   -0.9267    0.0463   -0.3730
...    59 T-A ...
 -132.8723  -76.7926   68.5113
    0.1113    0.9864    0.1207
    0.3817    0.0697   -0.9217
   -0.9176    0.1487   -0.3687
...    60 C-G ...
 -135.8638  -76.2152   67.3900
    0.3932    0.8343   -0.3864
    0.2423   -0.4995   -0.8318
   -0.8869    0.2335   -0.3985
...    61 G-C ...
 -138.6164  -75.2998   65.7441
    0.6211    0.3889   -0.6804
   -0.0569   -0.8436   -0.5340
   -0.7817    0.3704   -0.5018
...    62 A-T ...
 -140.9688  -73.9153   63.9718
    0.5300   -0.1896   -0.8265
   -0.4418   -0.8937   -0.0782
   -0.7238    0.4066   -0.5574
...    63 G-C ...
 -143.0499  -72.3172   61.9618
    0.2672   -0.6529   -0.7087
   -0.6961   -0.6394    0.3265
   -0.6663    0.4061   -0.6254
...    64 C-G ...
 -144.8516  -70.9858   59.5015
   -0.1475   -0.9038   -0.4017
   -0.7631   -0.1544    0.6276
   -0.6292    0.3991   -0.6669
...    65 T-A ...
 -146.6975  -69.8079   56.9953
   -0.5347   -0.8450    0.0026
   -0.5869    0.3736    0.7184
   -0.6080    0.3826   -0.6957
...    66 C-G ...
 -148.6574  -68.6337   54.6047
   -0.7982   -0.4345    0.4172
   -0.1397    0.8072    0.5735
   -0.5860    0.3994   -0.7050
...    67 G-C ...
 -150.4353  -66.7879   52.4462
   -0.7016    0.0903    0.7068
    0.3658    0.8969    0.2485
   -0.6115    0.4329   -0.6623
...    68 T-A ...
 -152.7388  -65.8774   50.2069
   -0.3915    0.5402    0.7449
    0.6996    0.7006   -0.1404
   -0.5978    0.4662   -0.6522
...    69 C-G ...
 -154.7251  -64.4470   48.0231
    0.1249    0.8183    0.5610
    0.8135    0.2392   -0.5301
   -0.5680    0.5226   -0.6358
...    70 A-T ...
 -156.5591  -62.6349   45.8909
    0.6344    0.7192    0.2835
    0.6075   -0.2371   -0.7581
   -0.4780    0.6531   -0.5874
...    71 T-A ...
 -158.2893  -60.2308   44.5606
    0.8764    0.4735   -0.0876
    0.2173   -0.5514   -0.8055
   -0.4297    0.6869   -0.5861
...    72 G-C ...
 -159.3081  -57.7392   42.5596
    0.9176   -0.0183   -0.3970
   -0.3045   -0.6742   -0.6728
   -0.2553    0.7383   -0.6243
...    73 T-A ...
 -159.6197  -54.9838   40.8372
    0.6467   -0.4027   -0.6478
   -0.7390   -0.5411   -0.4013
   -0.1889    0.7383   -0.6475
...    74 T-A ...
 -159.9101  -52.4979   38.7806
    0.1194   -0.6381   -0.7606
   -0.9806   -0.1957    0.0103
   -0.1554    0.7446   -0.6491
...    75 A-T ...
 -160.7073  -50.0364   36.6424
   -0.5211   -0.5951   -0.6118
   -0.8461    0.2662    0.4617
   -0.1120    0.7583   -0.6423
...    76 T-A ...
 -160.5308  -47.8436   34.1490
   -0.8861   -0.3410   -0.3139
   -0.4574    0.5338    0.7112
   -0.0749    0.7738   -0.6290
...    77 A-T ...
 -160.6366  -44.7995   32.6021
   -0.9695    0.1774    0.1693
    0.2424    0.5894    0.7706
    0.0369    0.7881   -0.6144
...    78 A-T ...
 -160.5804  -42.4220   30.3717
   -0.6479    0.5187    0.5578
    0.7559    0.3474    0.5549
    0.0940    0.7812   -0.6172
...    79 C-G ...
 -160.7838  -39.9993   28.1323
   -0.1622    0.5990    0.7841
    0.9806    0.0093    0.1957
    0.1099    0.8007   -0.5889
...    80 G-C ...
 -160.0195  -37.4190   26.1493
    0.3699    0.3745    0.8503
    0.9089   -0.3355   -0.2476
    0.1925    0.8644   -0.4645
...    81 G-C ...
 -159.5721  -34.3496   24.8669
    0.7567    0.0252    0.6533
    0.5856   -0.4706   -0.6600
    0.2908    0.8820   -0.3709
...    82 A-T ...
 -158.5360  -31.4580   23.8383
    0.9256   -0.3211    0.2003
    0.0681   -0.3793   -0.9228
    0.3722    0.8678   -0.3293
...    83 G-C ...
 -157.0618  -28.6016   23.1352
    0.7898   -0.5552   -0.2606
   -0.3903   -0.1272   -0.9119
    0.4732    0.8219   -0.3172
...    84 G-C ...
 -154.8986  -26.1349   22.2890
    0.4161   -0.6140   -0.6708
   -0.7082    0.2439   -0.6626
    0.5704    0.7507   -0.3333
...    85 A-T ...
 -152.8340  -23.8487   21.1467
   -0.0869   -0.3673   -0.9260
   -0.7931    0.5881   -0.1588
    0.6029    0.7206   -0.3424
...    86 T-A ...
 -150.3331  -21.9923   20.0138
   -0.4630    0.0030   -0.8864
   -0.6339    0.6978    0.3335
    0.6195    0.7163   -0.3212
...    87 C-G ...
 -148.2485  -19.7277   18.8452
   -0.7426    0.4246   -0.5179
   -0.2312    0.5632    0.7933
    0.6285    0.7089   -0.3200
...    88 C-G ...
 -146.1273  -17.4596   17.5190
   -0.7783    0.6277    0.0170
    0.2124    0.2376    0.9479
    0.5909    0.7413   -0.3182
...    89 G-C ...
 -143.9112  -15.0350   16.9097
   -0.5787    0.5833    0.5700
    0.5993   -0.1699    0.7823
    0.5531    0.7943   -0.2513
...    90 C-G ...
 -142.3625  -12.3319   15.8144
   -0.1957    0.3566    0.9135
    0.8075   -0.4700    0.3564
    0.5564    0.8075   -0.1960
...    91 T-A ...
 -140.7918   -9.4820   15.2998
    0.1952   -0.0040    0.9808
    0.7957   -0.5840   -0.1607
    0.5734    0.8118   -0.1108
...    92 T-A ...
 -139.0935   -6.7450   15.0999
    0.5709   -0.3617    0.7370
    0.5606   -0.4841   -0.6718
    0.5999    0.7967   -0.0736
...    93 T-A ...
 -137.2070   -4.1276   15.1289
    0.7543   -0.6055    0.2536
    0.1666   -0.1971   -0.9661
    0.6350    0.7710   -0.0478
...    94 A-T ...
 -134.8500   -1.7816   15.3422
    0.6267   -0.7226   -0.2918
   -0.2188    0.1961   -0.9558
    0.7479    0.6628   -0.0352
...    95 A-T ...
 -132.2707    0.1750   15.4531
    0.3896   -0.5008   -0.7729
   -0.5130    0.5790   -0.6337
    0.7649    0.6434   -0.0313
...    96 C-G ...
 -129.3593    1.7597   15.5718
    0.0527   -0.1447   -0.9881
   -0.6190    0.7717   -0.1460
    0.7836    0.6193   -0.0489
...    97 A-T ...
 -126.8447    3.9060   15.3264
   -0.3612    0.2726   -0.8917
   -0.5076    0.7447    0.4333
    0.7822    0.6092   -0.1306
...    98 C-G ...
 -124.0351    5.4778   14.4696
   -0.5783    0.6170   -0.5337
   -0.2372    0.4988    0.8336
    0.7806    0.6087   -0.1421
...    99 T-A ...
 -121.4835    7.4325   13.6628
   -0.6444    0.7647   -0.0105
    0.1099    0.1062    0.9882
    0.7568    0.6356   -0.1525
...   100 T-A ...
 -119.0702    9.4644   12.8770
   -0.4539    0.7004    0.5509
    0.4444   -0.3579    0.8212
    0.7723    0.6176   -0.1488
...   101 T-A ...
 -116.7055   11.5805   12.2000
   -0.1249    0.3751    0.9185
    0.6120   -0.6996    0.3689
    0.7810    0.6082   -0.1422
...   102 A-T ...
 -114.0953   13.6073   11.8629
    0.1742   -0.1448    0.9740
    0.5830   -0.7820   -0.2205
    0.7936    0.6062   -0.0518
...   103 T-A ...
 -111.8840   16.0180   12.0549
    0.4224   -0.5272    0.7373
    0.4203   -0.6068   -0.6746
    0.8031    0.5949   -0.0347
...   104 G-C ...
 -109.0447   17.7694   12.1050
    0.4720   -0.8455    0.2498
    0.1514   -0.2014   -0.9677
    0.8685    0.4946    0.0330
...   105 C-G ...
 -106.1463   19.2226   12.7128
    0.4266   -0.8506   -0.3073
   -0.1006    0.2931   -0.9508
    0.8988    0.4365    0.0395
...   106 T-A ...
 -103.0507   20.3179   13.0938
    0.2505   -0.6056   -0.7553
   -0.2690    0.7059   -0.6552
    0.9300    0.3673    0.0140
...   107 T-A ...
  -99.9443   21.2388   13.2821
    0.0576   -0.1042   -0.9929
   -0.3542    0.9277   -0.1179
    0.9334    0.3585    0.0165
...   108 C-G ...
  -96.8445   22.2891   13.2074
   -0.1816    0.4469   -0.8760
   -0.3030    0.8220    0.4822
    0.9355    0.3530   -0.0139
...   109 C-G ...
  -93.6622   23.3348   12.8191
   -0.3806    0.7938   -0.4743
   -0.1321    0.4610    0.8775
    0.9153    0.3966   -0.0706
...   110 G-C ...
  -90.6945   24.8559   12.9554
   -0.4701    0.8768    0.1011
    0.1261   -0.0467    0.9909
    0.8736    0.4786   -0.0886
...   111 G-C ...
  -87.8724   26.6091   12.4130
   -0.3901    0.6756    0.6255
    0.3726   -0.5054    0.7783
    0.8420    0.5367   -0.0546
...   112 C-G ...
  -85.3186   28.6769   12.0352
   -0.1615    0.2716    0.9488
    0.5284   -0.7882    0.3156
    0.8335    0.5522   -0.0162
...   113 T-A ...
  -82.7655   30.7780   12.1212
    0.0864   -0.2106    0.9737
    0.5460   -0.8075   -0.2231
    0.8333    0.5509    0.0452
...   114 C-G ...
  -80.0855   32.6299   12.4004
    0.3525   -0.6610    0.6624
    0.4002   -0.5334   -0.7452
    0.8459    0.5278    0.0765
...   115 G-C ...
  -77.1128   34.1329   12.4688
    0.4014   -0.9054    0.1383
    0.1674   -0.0760   -0.9830
    0.9005    0.4177    0.1210
...   116 T-A ...
  -74.2037   35.3105   13.4884
    0.3917   -0.8336   -0.3895
   -0.0569    0.4006   -0.9145
    0.9183    0.3804    0.1095
...   117 A-T ...
  -71.0655   36.3442   13.8815
    0.1980   -0.5053   -0.8399
   -0.2351    0.8074   -0.5412
    0.9516    0.3046    0.0410
...   118 T-A ...
  -67.8162   36.6866   14.2166
    0.0419   -0.0410   -0.9983
   -0.2964    0.9537   -0.0516
    0.9541    0.2980    0.0278
...   119 A-T ...
  -64.6363   37.6534   14.1712
   -0.2092    0.4844   -0.8494
   -0.2363    0.8179    0.5246
    0.9489    0.3104   -0.0566
...   120 A-T ...
  -61.5289   38.4805   13.7479
   -0.3063    0.8600   -0.4081
   -0.0702    0.4071    0.9107
    0.9493    0.3076   -0.0643
...   121 T-A ...
  -58.4795   39.3471   12.8574
   -0.2984    0.9487    0.1042
    0.0973   -0.0783    0.9922
    0.9495    0.3062   -0.0689
...   122 G-C ...
  -55.3645   40.4890   12.9086
   -0.2670    0.7097    0.6519
    0.2789   -0.5907    0.7572
    0.9225    0.3840   -0.0402
...   123 T-A ...
  -52.5817   42.2405   12.4683
   -0.1004    0.2926    0.9509
    0.3801   -0.8720    0.3084
    0.9195    0.3924   -0.0237
...   124 G-C ...
  -49.4646   43.3681   12.6059
    0.0569   -0.2836    0.9573
    0.3880   -0.8772   -0.2829
    0.9199    0.3875    0.0601
...   125 T-A ...
  -46.6855   45.0912   13.1763
    0.2264   -0.7062    0.6709
    0.2984   -0.6054   -0.7379
    0.9272    0.3672    0.0737
...   126 C-G ...
  -43.6673   46.3035   13.5521
    0.3226   -0.9394    0.1161
    0.1110   -0.0843   -0.9902
    0.9400    0.3323    0.0771
...   127 G-C ...
  -40.5054   47.3496   13.4926
    0.2031   -0.8717   -0.4460
   -0.0683    0.4417   -0.8945
    0.9768    0.2122    0.0302
...   128 A-T ...
  -37.3064   47.9410   13.6717
    0.0711   -0.4747   -0.8773
   -0.1653    0.8617   -0.4797
    0.9837    0.1791   -0.0172
...   129 C-G ...
  -34.0228   47.8789   13.7203
   -0.0716    0.0209   -0.9972
   -0.1617    0.9863    0.0323
    0.9842    0.1636   -0.0673
...   130 C-G ...
  -30.7072   48.1011   13.1863
   -0.2471    0.5192   -0.8181
   -0.0617    0.8342    0.5481
    0.9670    0.1859   -0.1741
...   131 A-T ...
  -27.5386   48.8787   12.5384
   -0.3446    0.8683   -0.3569
    0.1376    0.4227    0.8957
    0.9286    0.2596   -0.2651
...   132 A-T ...
  -24.6231   49.7077   11.3817
   -0.2013    0.9572    0.2081
    0.3206   -0.1363    0.9374
    0.9256    0.2554   -0.2794
...   133 A-T ...
  -21.7477   50.6786   10.2159
    0.0391    0.7164    0.6965
    0.3819   -0.6549    0.6521
    0.9234    0.2405   -0.2992
...   134 T-A ...
  -19.0161   52.0246    8.9250
    0.2452    0.2905    0.9249
    0.3073   -0.9281    0.2101
    0.9195    0.2328   -0.3169
...   135 G-C ...
  -16.4639   53.8826    7.5153
    0.5339   -0.3333    0.7771
    0.0346   -0.9097   -0.4139
    0.8449    0.2479   -0.4741
...   136 T-A ...
  -14.1751   56.5549    6.1808
    0.5795   -0.7269    0.3685
   -0.3141   -0.6164   -0.7221
    0.7521    0.3026   -0.5855
...   137 G-C ...
  -11.6540   57.9994    4.7204
    0.2452   -0.9542   -0.1714
   -0.6323   -0.0234   -0.7744
    0.7349    0.2983   -0.6091
...   138 A-T ...
   -8.6760   58.7135    3.6024
   -0.0345   -0.7815   -0.6229
   -0.6536    0.4891   -0.5775
    0.7560    0.3872   -0.5277
...   139 G-C ...
   -6.3277   59.0729    1.6296
   -0.2969   -0.3279   -0.8968
   -0.5657    0.8171   -0.1114
    0.7693    0.4742   -0.4281
...   140 C-G ...
   -3.4371   60.2281    1.0287
   -0.4426    0.2287   -0.8671
   -0.1681    0.9286    0.3308
    0.8808    0.2922   -0.3725
...   141 G-C ...
   -0.6978   63.8914   -2.2510
   -0.9992    0.0157   -0.0376
   -0.0024    0.8991    0.4378
    0.0407    0.4375   -0.8983
...   142 C-G ...
   -1.0067   65.5990   -4.9401
   -0.8337    0.5216    0.1813
    0.5170    0.6219    0.5881
    0.1940    0.5841   -0.7882
...   143 T-A ...
   -0.1335   66.2086   -7.8196
   -0.3753    0.8566    0.3540
    0.8856    0.2187    0.4098
    0.2736    0.4673   -0.8407
...   144 C-G ...
   -0.1668   67.4022  -10.8068
    0.1797    0.8793    0.4411
    0.9277   -0.3007    0.2214
    0.3273    0.3694   -0.8697
...   145 A-T ...
    0.5264   69.2314  -13.4660
    0.7352    0.4964    0.4616
    0.6118   -0.7791   -0.1367
    0.2918    0.3829   -0.8765
...   146 C-G ...
    1.4336   72.0894  -15.6019
    0.9809    0.0622    0.1844
    0.1264   -0.9240   -0.3608
    0.1480    0.3772   -0.9142
...   147 A-T ...
    2.3045   74.2224  -18.3863
    0.8657   -0.4292   -0.2575
   -0.4984   -0.7868   -0.3642
   -0.0463    0.4436   -0.8950
