  147 base-pairs
...     1 A-T ...
    0.0000    0.0000    0.0000
    1.0000    0.0000    0.0000
    0.0000    1.0000    0.0000
    0.0000    0.0000    1.0000
...     2 G-C ...
   -0.1394   -1.2357    3.2268
    0.7529    0.6366    0.1670
   -0.6386    0.7680   -0.0486
   -0.1592   -0.0700    0.9848
...     3 T-A ...
   -0.0365   -3.2932    6.3751
    0.2722    0.9301    0.2466
   -0.9238    0.3243   -0.2033
   -0.2691   -0.1725    0.9475
...     4 G-C ...
   -0.3505   -4.1660    9.4928
   -0.3756    0.9250    0.0579
   -0.8781   -0.3352   -0.3415
   -0.2965   -0.1791    0.9381
...     5 A-T ...
   -0.4462   -4.1476   12.7498
   -0.8116    0.5840   -0.0165
   -0.5523   -0.7762   -0.3042
   -0.1905   -0.2378    0.9524
...     6 G-C ...
   -1.5908   -4.1730   15.6201
   -0.9976    0.0246   -0.0651
   -0.0043   -0.9555   -0.2950
   -0.0695   -0.2940    0.9533
...     7 C-G ...
   -1.1030   -4.4824   18.7362
   -0.8441   -0.5304   -0.0787
    0.5345   -0.8441   -0.0432
   -0.0435   -0.0785    0.9960
...     8 G-C ...
   -2.4028   -7.7290   23.1475
   -0.2754   -0.3293   -0.9032
    0.6650   -0.7437    0.0684
   -0.6942   -0.5818    0.4238
...     9 C-G ...
   -4.4690   -9.9728   24.1132
    0.1145   -0.7025   -0.7024
    0.8512   -0.2952    0.4340
   -0.5122   -0.6476    0.5642
...    10 T-A ...
   -6.7405  -10.8752   25.9697
    0.4841   -0.8363   -0.2574
    0.6595    0.1553    0.7355
   -0.5751   -0.5258    0.6267
...    11 C-G ...
   -9.1656  -12.6208   27.1640
    0.7073   -0.6682    0.2307
    0.3448    0.6110    0.7126
   -0.6171   -0.4245    0.6626
...    12 A-T ...
  -10.9234  -14.6633   29.0693
    0.7515   -0.1377    0.6452
   -0.2029    0.8824    0.4246
   -0.6277   -0.4500    0.6352
...    13 C-G ...
  -11.8476  -17.4863   31.2451
    0.4295    0.2823    0.8578
   -0.5708    0.8209    0.0156
   -0.6998   -0.4963    0.5137
...    14 A-T ...
  -13.5897  -19.7827   33.4259
   -0.1504    0.6104    0.7777
   -0.6874    0.5008   -0.5260
   -0.7106   -0.6136    0.3443
...    15 A-T ...
  -15.7127  -21.8001   34.8032
   -0.4877    0.7981    0.3538
   -0.5002    0.0767   -0.8625
   -0.7155   -0.5976    0.3618
...    16 T-A ...
  -17.7679  -23.6082   36.6163
   -0.6615    0.7399   -0.1221
   -0.2005   -0.3314   -0.9219
   -0.7226   -0.5854    0.3676
...    17 T-A ...
  -20.0881  -25.3343   38.0805
   -0.6580    0.4366   -0.6135
    0.1927   -0.6900   -0.6977
   -0.7279   -0.5773    0.3699
...    18 T-A ...
  -22.5378  -26.9531   39.4577
   -0.4412   -0.0206   -0.8972
    0.5218   -0.8192   -0.2378
   -0.7301   -0.5731    0.3722
...    19 A-T ...
  -24.9463  -28.9096   40.6298
   -0.0252   -0.4577   -0.8888
    0.6651   -0.6714    0.3269
   -0.7463   -0.5829    0.3213
...    20 T-A ...
  -27.7986  -30.4106   41.2953
    0.3082   -0.7318   -0.6078
    0.5887   -0.3551    0.7261
   -0.7473   -0.5817    0.3214
...    21 T-A ...
  -30.3728  -32.2209   42.0842
    0.5793   -0.8094   -0.0967
    0.3184    0.1155    0.9409
   -0.7504   -0.5758    0.3246
...    22 C-G ...
  -32.7817  -34.2042   43.0427
    0.6802   -0.5772    0.4518
   -0.0790    0.5551    0.8281
   -0.7287   -0.5990    0.3320
...    23 G-C ...
  -35.1619  -36.0069   44.4927
    0.6065   -0.1157    0.7866
   -0.4518    0.7639    0.4608
   -0.6542   -0.6349    0.4110
...    24 C-G ...
  -36.9851  -38.4169   45.8110
    0.3055    0.3398    0.8895
   -0.7113    0.7025   -0.0240
   -0.6330   -0.6254    0.4563
...    25 A-T ...
  -39.0965  -40.4077   47.4194
   -0.0630    0.7335    0.6768
   -0.7819    0.3851   -0.4902
   -0.6202   -0.5601    0.5493
...    26 A-T ...
  -40.8816  -42.2312   49.4171
   -0.4760    0.8308    0.2884
   -0.6182   -0.0829   -0.7816
   -0.6255   -0.5503    0.5531
...    27 A-T ...
  -42.7825  -43.8792   51.4570
   -0.7273    0.6572   -0.1978
   -0.2564   -0.5275   -0.8100
   -0.6366   -0.5384    0.5521
...    28 G-C ...
  -44.9001  -45.3581   53.5049
   -0.7049    0.3414   -0.6218
    0.1368   -0.7947   -0.5914
   -0.6960   -0.5019    0.5135
...    29 G-C ...
  -47.4577  -46.6619   55.2632
   -0.4589   -0.0762   -0.8852
    0.4606   -0.8724   -0.1637
   -0.7598   -0.4829    0.4354
...    30 C-G ...
  -50.2336  -47.8803   56.5407
   -0.1049   -0.5022   -0.8584
    0.6151   -0.7110    0.3408
   -0.7814   -0.4922    0.3835
...    31 C-G ...
  -53.0490  -49.4716   57.4500
    0.2995   -0.7605   -0.5762
    0.5469   -0.3580    0.7568
   -0.7818   -0.5418    0.3087
...    32 G-C ...
  -55.3543  -51.5206   58.6924
    0.6199   -0.7790   -0.0944
    0.2557    0.0868    0.9628
   -0.7418   -0.6210    0.2530
...    33 G-C ...
  -57.7439  -53.8296   59.2357
    0.7069   -0.5699    0.4189
   -0.1367    0.4710    0.8715
   -0.6940   -0.6733    0.2551
...    34 C-G ...
  -59.8323  -56.3312   59.8214
    0.5420   -0.2047    0.8151
   -0.5029    0.6981    0.5097
   -0.6733   -0.6861    0.2754
...    35 C-G ...
  -61.8260  -58.8917   60.7536
    0.2370    0.2475    0.9394
   -0.7200    0.6940   -0.0013
   -0.6523   -0.6761    0.3427
...    36 C-G ...
  -63.7302  -61.3616   62.0580
   -0.1241    0.6319    0.7651
   -0.7374    0.4572   -0.4972
   -0.6640   -0.6259    0.4092
...    37 G-C ...
  -66.1591  -63.2909   63.2387
   -0.4085    0.8541    0.3218
   -0.5582    0.0451   -0.8285
   -0.7221   -0.5181    0.4584
...    38 A-T ...
  -68.4468  -64.9552   64.8394
   -0.6067    0.7611   -0.2293
   -0.2313   -0.4450   -0.8651
   -0.7606   -0.4718    0.4460
...    39 C-G ...
  -70.8763  -66.0299   66.7513
   -0.5978    0.4610   -0.6559
    0.0927   -0.7729   -0.6278
   -0.7963   -0.4361    0.4193
...    40 A-T ...
  -73.6267  -67.3924   68.0402
   -0.3397    0.0373   -0.9398
    0.3530   -0.9211   -0.1641
   -0.8718   -0.3875    0.2997
...    41 C-G ...
  -76.7295  -68.0510   68.8694
   -0.0764   -0.4144   -0.9069
    0.4498   -0.8261    0.3396
   -0.8899   -0.3819    0.2495
...    42 G-C ...
  -79.5155  -69.7265   69.5595
    0.2734   -0.7513   -0.6006
    0.3514   -0.5033    0.7895
   -0.8954   -0.4269    0.1264
...    43 A-T ...
  -82.4431  -71.1760   69.7849
    0.4394   -0.8977   -0.0325
    0.1027    0.0142    0.9946
   -0.8924   -0.4403    0.0985
...    44 C-G ...
  -85.3112  -72.8413   69.4896
    0.4310   -0.7600    0.4864
   -0.1520    0.4702    0.8694
   -0.8894   -0.4487    0.0871
...    45 T-A ...
  -88.1013  -74.6261   69.6138
    0.3104   -0.3920    0.8660
   -0.3641    0.7925    0.4892
   -0.8781   -0.4672    0.1033
...    46 T-A ...
  -90.8207  -76.4105   69.7914
    0.0198    0.1115    0.9936
   -0.4556    0.8856   -0.0903
   -0.8900   -0.4508    0.0683
...    47 A-T ...
  -93.8160  -77.8363   69.9921
   -0.2057    0.6252    0.7528
   -0.3677    0.6635   -0.6515
   -0.9069   -0.4108    0.0934
...    48 C-G ...
  -96.5675  -79.4343   70.8174
   -0.3199    0.8940    0.3138
   -0.2051    0.2581   -0.9441
   -0.9250   -0.3664    0.1008
...    49 T-A ...
  -99.6001  -80.5040   71.5091
   -0.2828    0.9357   -0.2108
   -0.0252   -0.2270   -0.9736
   -0.9589   -0.2700    0.0878
...    50 G-C ...
 -102.8810  -81.0848   71.7398
   -0.0874    0.7123   -0.6965
    0.0927   -0.6903   -0.7176
   -0.9919   -0.1272   -0.0057
...    51 T-A ...
 -106.1199  -80.8807   71.9613
    0.0373    0.2808   -0.9591
    0.0998   -0.9560   -0.2760
   -0.9943   -0.0854   -0.0637
...    52 A-T ...
 -109.3945  -80.8160   71.4408
    0.2265   -0.2551   -0.9400
   -0.0057   -0.9654    0.2606
   -0.9740   -0.0537   -0.2202
...    53 G-C ...
 -112.5316  -80.7074   70.4258
    0.2457   -0.7118   -0.6580
   -0.1721   -0.7000    0.6931
   -0.9540   -0.0571   -0.2945
...    54 G-C ...
 -115.5572  -80.9898   68.9545
    0.1606   -0.9733   -0.1642
   -0.3353   -0.2102    0.9183
   -0.9283   -0.0924   -0.3601
...    55 T-A ...
 -118.3639  -81.3484   67.1757
   -0.0500   -0.9393    0.3395
   -0.3787    0.3324    0.8638
   -0.9242   -0.0853   -0.3724
...    56 A-T ...
 -121.6355  -81.0992   66.2743
   -0.3725   -0.4980    0.7831
   -0.2164    0.8672    0.4485
   -0.9025   -0.0024   -0.4308
...    57 T-A ...
 -124.4689  -81.7532   64.6775
   -0.4537    0.0153    0.8910
    0.0250    0.9997   -0.0045
   -0.8908    0.0202   -0.4540
...    58 C-G ...
 -127.3620  -81.7951   63.1198
   -0.3201    0.5962    0.7363
    0.3142    0.8000   -0.5112
   -0.8937    0.0677   -0.4434
...    59 T-A ...
 -130.4404  -81.6641   61.9388
   -0.0295    0.9108    0.4117
    0.4460    0.3806   -0.8101
   -0.8946    0.1598   -0.4174
...    60 C-G ...
 -133.3790  -81.1092   60.6752
    0.3087    0.9479   -0.0781
    0.3830   -0.1991   -0.9020
   -0.8706    0.2486   -0.4245
...    61 G-C ...
 -136.0858  -80.0815   59.0388
    0.6254    0.6402   -0.4461
    0.1231   -0.6455   -0.7538
   -0.7705    0.4165   -0.4825
...    62 A-T ...
 -138.4204  -78.5066   57.4299
    0.6454    0.1296   -0.7528
   -0.2869   -0.8722   -0.3962
   -0.7079    0.4717   -0.5257
...    63 G-C ...
 -140.4549  -76.6209   55.6509
    0.4601   -0.3718   -0.8063
   -0.6179   -0.7862    0.0100
   -0.6376    0.4936   -0.5915
...    64 C-G ...
 -142.0857  -74.8377   53.3823
    0.0691   -0.7522   -0.6553
   -0.8040   -0.4309    0.4098
   -0.5906    0.4986   -0.6345
...    65 T-A ...
 -143.7205  -73.2182   50.9918
   -0.3628   -0.8717   -0.3293
   -0.7456    0.0596    0.6637
   -0.5589    0.4864   -0.6716
...    66 C-G ...
 -145.4993  -71.7082   48.6597
   -0.7527   -0.6480    0.1164
   -0.3815    0.5735    0.7250
   -0.5365    0.5013   -0.6789
...    67 G-C ...
 -147.2886  -69.6236   46.7606
   -0.8123   -0.2218    0.5395
    0.1300    0.8328    0.5381
   -0.5686    0.5072   -0.6476
...    68 G-C ...
 -149.1411  -68.0937   44.3832
   -0.5719    0.2365    0.7855
    0.5725    0.8009    0.1757
   -0.5875    0.5501   -0.5934
...    69 G-C ...
 -151.2205  -66.4756   42.2764
   -0.1192    0.5708    0.8124
    0.8085    0.5308   -0.2543
   -0.5763    0.6265   -0.5247
...    70 A-T ...
 -153.1446  -64.5109   40.5568
    0.4029    0.7183    0.5672
    0.7438    0.1042   -0.6603
   -0.5334    0.6879   -0.4922
...    71 T-A ...
 -155.1999  -62.2106   39.5345
    0.7409    0.6404    0.2025
    0.4535   -0.2545   -0.8542
   -0.4955    0.7247   -0.4790
...    72 C-G ...
 -156.6556  -59.7076   38.1020
    0.9106    0.3193   -0.2626
   -0.0518   -0.5421   -0.8387
   -0.4101    0.7773   -0.4771
...    73 C-G ...
 -157.5324  -56.7855   36.6904
    0.7941   -0.1053   -0.5986
   -0.5401   -0.5741   -0.6154
   -0.2788    0.8120   -0.5127
...    74 G-C ...
 -158.2145  -54.3253   34.5364
    0.4016   -0.4937   -0.7714
   -0.9064   -0.3350   -0.2574
   -0.1314    0.8025   -0.5820
...    75 C-G ...
 -158.1094  -51.7522   32.4397
   -0.1536   -0.6150   -0.7734
   -0.9847    0.0297    0.1719
   -0.0827    0.7879   -0.6102
...    76 T-A ...
 -158.0533  -49.2952   30.2039
   -0.6547   -0.5117   -0.5563
   -0.7537    0.3860    0.5319
   -0.0575    0.7676   -0.6384
...    77 T-A ...
 -157.9212  -46.9358   27.9431
   -0.9737   -0.1308   -0.1864
   -0.2274    0.5986    0.7681
    0.0111    0.7903   -0.6126
...    78 T-A ...
 -157.7458  -44.5715   25.6954
   -0.9208    0.2896    0.2614
    0.3823    0.5363    0.7525
    0.0778    0.7928   -0.6045
...    79 A-T ...
 -157.0605  -41.8002   23.9098
   -0.4767    0.5675    0.6713
    0.8710    0.2014    0.4482
    0.1192    0.7984   -0.5903
...    80 A-T ...
 -156.8833  -39.2257   21.9533
    0.0963    0.5650    0.8195
    0.9848   -0.1736    0.0040
    0.1445    0.8066   -0.5731
...    81 C-G ...
 -156.9484  -36.4118   20.2932
    0.5778    0.3415    0.7413
    0.7953   -0.4399   -0.4172
    0.1837    0.8306   -0.5257
...    82 A-T ...
 -156.1885  -33.5801   18.6714
    0.8741   -0.0921    0.4769
    0.3667   -0.5187   -0.7723
    0.3186    0.8499   -0.4196
...    83 C-G ...
 -155.1176  -30.5782   17.9562
    0.9151   -0.4007    0.0443
   -0.1183   -0.3719   -0.9207
    0.3854    0.8373   -0.3878
...    84 T-A ...
 -153.5041  -27.8539   17.0326
    0.6852   -0.6055   -0.4047
   -0.5460   -0.0593   -0.8357
    0.4820    0.7936   -0.3712
...    85 T-A ...
 -151.6937  -25.3537   16.0378
    0.2572   -0.5327   -0.8063
   -0.8243    0.3145   -0.4708
    0.5044    0.7857   -0.3582
...    86 T-A ...
 -149.7531  -22.9574   14.9933
   -0.2441   -0.2285   -0.9425
   -0.8158    0.5739    0.0721
    0.5244    0.7864   -0.3264
...    87 A-T ...
 -148.2649  -20.0327   14.1720
   -0.6749    0.2440   -0.6964
   -0.4738    0.5802    0.6624
    0.5658    0.7770   -0.2760
...    88 T-A ...
 -146.1768  -17.8856   12.7392
   -0.8041    0.5319   -0.2657
   -0.0666    0.3635    0.9292
    0.5908    0.7648   -0.2569
...    89 G-C ...
 -144.2132  -15.2699   12.1963
   -0.7325    0.5928    0.3346
    0.4062   -0.0139    0.9137
    0.5463    0.8052   -0.2306
...    90 C-G ...
 -142.5985  -12.5939   11.1023
   -0.4204    0.4516    0.7869
    0.7292   -0.3480    0.5893
    0.5399    0.8216   -0.1830
...    91 T-A ...
 -141.0945   -9.7127   10.5269
   -0.0263    0.1406    0.9897
    0.8405   -0.5329    0.0980
    0.5412    0.8344   -0.1042
...    92 T-A ...
 -139.5302   -6.8978   10.2768
    0.4189   -0.2130    0.8827
    0.7140   -0.5233   -0.4651
    0.5610    0.8251   -0.0671
...    93 C-G ...
 -137.6861   -4.2203   10.2581
    0.7096   -0.5303    0.4640
    0.3613   -0.2915   -0.8857
    0.6050    0.7961   -0.0153
...    94 C-G ...
 -135.5064   -1.6850   10.7019
    0.7213   -0.6889   -0.0716
   -0.0352    0.0668   -0.9971
    0.6917    0.7218    0.0240
...    95 G-C ...
 -132.9843    0.4921   10.4720
    0.4941   -0.6260   -0.6033
   -0.3632    0.4818   -0.7974
    0.7899    0.6132    0.0107
...    96 G-C ...
 -130.0114    2.1167   10.5529
    0.1604   -0.3137   -0.9359
   -0.5274    0.7742   -0.3499
    0.8343    0.5497   -0.0413
...    97 C-G ...
 -127.0085    3.5257   10.3301
   -0.1775    0.1459   -0.9732
   -0.5058    0.8348    0.2174
    0.8442    0.5309   -0.0744
...    98 T-A ...
 -124.0838    5.0241    9.8406
   -0.4451    0.5513   -0.7056
   -0.3131    0.6425    0.6995
    0.8390    0.5322   -0.1133
...    99 C-G ...
 -121.3099    6.7288    9.3660
   -0.5505    0.8211   -0.1510
    0.0118    0.1886    0.9820
    0.8347    0.5388   -0.1135
...   100 A-T ...
 -118.4945    8.4936    9.2853
   -0.5039    0.7365    0.4512
    0.3333   -0.3161    0.8882
    0.7969    0.5980   -0.0862
...   101 T-A ...
 -116.2244   10.7517    8.5089
   -0.2663    0.4748    0.8388
    0.5348   -0.6512    0.5384
    0.8019    0.5920   -0.0805
...   102 G-C ...
 -113.4833   12.6432    8.4895
   -0.0115   -0.0390    0.9992
    0.6027   -0.7976   -0.0242
    0.7979    0.6019    0.0327
...   103 T-A ...
 -111.2530   15.0382    8.8703
    0.2627   -0.4729    0.8410
    0.5230   -0.6627   -0.5360
    0.8108    0.5807    0.0733
...   104 T-A ...
 -108.7329   17.0157    9.3321
    0.4865   -0.7785    0.3966
    0.2918   -0.2831   -0.9136
    0.8235    0.5602    0.0894
...   105 A-T ...
 -105.8992   18.6919    9.8468
    0.4711   -0.8610   -0.1917
    0.0046    0.2198   -0.9755
    0.8821    0.4587    0.1075
...   106 T-A ...
 -102.9714   19.8374   10.8037
    0.3985   -0.6415   -0.6555
   -0.2235    0.6252   -0.7478
    0.8895    0.4445    0.1058
...   107 A-T ...
  -99.9546   21.2319   11.0630
    0.1374   -0.1863   -0.9728
   -0.3829    0.8958   -0.2256
    0.9135    0.4035    0.0517
...   108 A-T ...
  -96.8733   22.2539   11.2007
   -0.0960    0.3589   -0.9284
   -0.3878    0.8456    0.3669
    0.9167    0.3953    0.0580
...   109 C-G ...
  -93.6640   23.0819   10.9798
   -0.3015    0.7404   -0.6008
   -0.2675    0.5391    0.7986
    0.9152    0.4015    0.0355
...   110 G-C ...
  -90.7494   24.6621   11.4246
   -0.4795    0.8760   -0.0524
   -0.0258    0.0456    0.9986
    0.8772    0.4802    0.0008
...   111 G-C ...
  -87.8752   26.4005   11.1618
   -0.4777    0.7234    0.4985
    0.2532   -0.4299    0.8666
    0.8412    0.5402    0.0222
...   112 A-T ...
  -85.1552   28.2286   11.1668
   -0.2605    0.3184    0.9114
    0.4861   -0.7724    0.4088
    0.8342    0.5496    0.0465
...   113 T-A ...
  -82.8326   30.5646   11.2234
    0.0199   -0.1159    0.9931
    0.5473   -0.8299   -0.1078
    0.8367    0.5457    0.0469
...   114 C-G ...
  -80.1413   32.4116   11.4897
    0.3037   -0.5989    0.7410
    0.4367   -0.6038   -0.6669
    0.8468    0.5261    0.0781
...   115 G-C ...
  -77.1500   33.8966   11.5773
    0.3843   -0.8915    0.2399
    0.2194   -0.1642   -0.9617
    0.8968    0.4222    0.1325
...   116 T-A ...
  -74.2823   35.1445   12.6444
    0.4043   -0.8652   -0.2965
   -0.0066    0.3214   -0.9469
    0.9146    0.3848    0.1243
...   117 A-T ...
  -71.1623   36.2301   13.0793
    0.2389   -0.5662   -0.7889
   -0.2061    0.7644   -0.6110
    0.9489    0.3085    0.0659
...   118 T-A ...
  -67.9320   36.6044   13.5479
    0.0905   -0.1123   -0.9895
   -0.2922    0.9469   -0.1342
    0.9521    0.3013    0.0529
...   119 A-T ...
  -64.7547   37.5996   13.5965
   -0.1676    0.4297   -0.8873
   -0.2600    0.8489    0.4602
    0.9509    0.3078   -0.0305
...   120 A-T ...
  -61.6298   38.4100   13.2759
   -0.2863    0.8339   -0.4718
   -0.1113    0.4602    0.8808
    0.9516    0.3047   -0.0390
...   121 T-A ...
  -58.5407   39.2284   12.4765
   -0.3014    0.9528    0.0374
    0.0534   -0.0223    0.9983
    0.9520    0.3029   -0.0441
...   122 G-C ...
  -55.4218   40.3675   12.6186
   -0.2900    0.7423    0.6041
    0.2473   -0.5516    0.7966
    0.9245    0.3804   -0.0236
...   123 T-A ...
  -52.6141   42.0939   12.1995
   -0.1327    0.3373    0.9320
    0.3660   -0.8572    0.3623
    0.9211    0.3892   -0.0097
...   124 G-C ...
  -49.4853   43.1955   12.3863
    0.0300   -0.2433    0.9695
    0.3939   -0.8886   -0.2352
    0.9187    0.3889    0.0692
...   125 T-A ...
  -46.7133   44.9402   12.9602
    0.2100   -0.6802    0.7023
    0.3154   -0.6328   -0.7072
    0.9254    0.3701    0.0816
...   126 C-G ...
  -43.6995   46.1738   13.3507
    0.3220   -0.9342    0.1538
    0.1306   -0.1170   -0.9845
    0.9377    0.3370    0.0843
...   127 G-C ...
  -40.5360   47.2436   13.3065
    0.2144   -0.8829   -0.4178
   -0.0563    0.4159   -0.9077
    0.9751    0.2181    0.0394
...   128 A-T ...
  -37.3407   47.8661   13.5162
    0.0864   -0.4950   -0.8646
   -0.1637    0.8490   -0.5025
    0.9827    0.1849   -0.0077
...   129 C-G ...
  -34.0554   47.8283   13.6137
   -0.0593    0.0005   -0.9982
   -0.1683    0.9857    0.0105
    0.9839    0.1687   -0.0584
...   130 C-G ...
  -30.7334   48.0708   13.1173
   -0.2416    0.5048   -0.8287
   -0.0726    0.8422    0.5342
    0.9677    0.1892   -0.1669
...   131 A-T ...
  -27.5591   48.8705   12.4971
   -0.3457    0.8626   -0.3692
    0.1275    0.4330    0.8923
    0.9296    0.2614   -0.2597
...   132 A-T ...
  -24.6350   49.7049   11.3634
   -0.2064    0.9578    0.2003
    0.3149   -0.1288    0.9403
    0.9264    0.2571   -0.2750
...   133 A-T ...
  -21.7521   50.6774   10.2130
    0.0356    0.7185    0.6947
    0.3807   -0.6524    0.6553
    0.9240    0.2411   -0.2968
...   134 T-A ...
  -19.0160   52.0245    8.9252
    0.2452    0.2905    0.9249
    0.3073   -0.9281    0.2101
    0.9195    0.2328   -0.3169
...   135 G-C ...
  -16.4638   53.8825    7.5155
    0.5339   -0.3333    0.7771
    0.0346   -0.9097   -0.4139
    0.8449    0.2479   -0.4741
...   136 T-A ...
  -14.1749   56.5547    6.1810
    0.5795   -0.7269    0.3685
   -0.3141   -0.6164   -0.7221
    0.7521    0.3026   -0.5855
...   137 G-C ...
  -11.6539   57.9993    4.7206
    0.2452   -0.9542   -0.1714
   -0.6323   -0.0234   -0.7744
    0.7349    0.2983   -0.6091
...   138 A-T ...
   -8.6759   58.7134    3.6026
   -0.0345   -0.7815   -0.6229
   -0.6536    0.4891   -0.5775
    0.7560    0.3872   -0.5277
...   139 G-C ...
   -6.3275   59.0728    1.6298
   -0.2969   -0.3279   -0.8968
   -0.5657    0.8171   -0.1114
    0.7693    0.4742   -0.4281
...   140 C-G ...
   -3.4369   60.2279    1.0289
   -0.4426    0.2287   -0.8671
   -0.1681    0.9286    0.3308
    0.8808    0.2922   -0.3725
...   141 G-C ...
   -0.6977   63.8912   -2.2507
   -0.9992    0.0157   -0.0376
   -0.0024    0.8991    0.4378
    0.0407    0.4375   -0.8983
...   142 C-G ...
   -1.0065   65.5989   -4.9399
   -0.8337    0.5216    0.1813
    0.5170    0.6219    0.5881
    0.1940    0.5841   -0.7882
...   143 T-A ...
   -0.1333   66.2085   -7.8194
   -0.3753    0.8566    0.3540
    0.8856    0.2187    0.4098
    0.2736    0.4673   -0.8407
...   144 C-G ...
   -0.1666   67.4021  -10.8065
    0.1797    0.8793    0.4411
    0.9277   -0.3007    0.2214
    0.3273    0.3694   -0.8697
...   145 A-T ...
    0.5266   69.2314  -13.4657
    0.7352    0.4964    0.4616
    0.6118   -0.7791   -0.1367
    0.2918    0.3829   -0.8765
...   146 C-G ...
    1.4338   72.0893  -15.6016
    0.9809    0.0621    0.1844
    0.1264   -0.9240   -0.3608
    0.1480    0.3772   -0.9142
...   147 A-T ...
    2.3047   74.2224  -18.3861
    0.8657   -0.4292   -0.2575
   -0.4984   -0.7868   -0.3642
   -0.0463    0.4436   -0.8950
