  147 base-pairs
...     1 A-T ...
    0.0000    0.0000    0.0000
    1.0000    0.0000    0.0000
    0.0000    1.0000    0.0000
    0.0000    0.0000    1.0000
...     2 G-C ...
   -0.1394   -1.2357    3.2268
    0.7529    0.6366    0.1670
   -0.6386    0.7680   -0.0486
   -0.1592   -0.0700    0.9848
...     3 T-A ...
   -0.0365   -3.2932    6.3751
    0.2722    0.9301    0.2466
   -0.9238    0.3243   -0.2033
   -0.2691   -0.1725    0.9475
...     4 G-C ...
   -0.3505   -4.1660    9.4928
   -0.3756    0.9250    0.0579
   -0.8781   -0.3352   -0.3415
   -0.2965   -0.1791    0.9381
...     5 A-T ...
   -0.4462   -4.1476   12.7498
   -0.8116    0.5840   -0.0165
   -0.5523   -0.7762   -0.3042
   -0.1905   -0.2378    0.9524
...     6 G-C ...
   -1.5908   -4.1730   15.6201
   -0.9976    0.0246   -0.0651
   -0.0043   -0.9555   -0.2950
   -0.0695   -0.2940    0.9533
...     7 C-G ...
   -1.1030   -4.4824   18.7362
   -0.8441   -0.5304   -0.0787
    0.5345   -0.8441   -0.0432
   -0.0435   -0.0785    0.9960
...     8 G-C ...
   -2.4028   -7.7290   23.1475
   -0.2754   -0.3293   -0.9032
    0.6650   -0.7437    0.0684
   -0.6942   -0.5818    0.4238
...     9 C-G ...
   -4.4690   -9.9728   24.1132
    0.1145   -0.7025   -0.7024
    0.8512   -0.2952    0.4340
   -0.5122   -0.6476    0.5642
...    10 T-A ...
   -6.7405  -10.8752   25.9697
    0.4841   -0.8363   -0.2574
    0.6595    0.1553    0.7355
   -0.5751   -0.5258    0.6267
...    11 C-G ...
   -9.1656  -12.6208   27.1640
    0.7073   -0.6682    0.2307
    0.3448    0.6110    0.7126
   -0.6171   -0.4245    0.6626
...    12 A-T ...
  -10.9234  -14.6633   29.0693
    0.7515   -0.1377    0.6452
   -0.2029    0.8824    0.4246
   -0.6277   -0.4500    0.6352
...    13 C-G ...
  -11.8476  -17.4863   31.2451
    0.4295    0.2823    0.8578
   -0.5708    0.8209    0.0156
   -0.6998   -0.4963    0.5137
...    14 A-T ...
  -13.5897  -19.7827   33.4259
   -0.1504    0.6104    0.7777
   -0.6874    0.5008   -0.5260
   -0.7106   -0.6136    0.3443
...    15 A-T ...
  -15.7191  -21.8020   34.7943
   -0.4915    0.7978    0.3491
   -0.4967    0.0725   -0.8649
   -0.7153   -0.5985    0.3606
...    16 T-A ...
  -17.7793  -23.6124   36.6025
   -0.6642    0.7360   -0.1309
   -0.1927   -0.3377   -0.9213
   -0.7223   -0.5867    0.3662
...    17 T-A ...
  -20.1031  -25.3474   38.0533
   -0.6553    0.4253   -0.6242
    0.2046   -0.6956   -0.6887
   -0.7271   -0.5791    0.3688
...    18 T-A ...
  -22.5527  -26.9786   39.4197
   -0.4304   -0.0389   -0.9018
    0.5327   -0.8175   -0.2190
   -0.7287   -0.5746    0.3725
...    19 A-T ...
  -24.9125  -28.9962   40.6150
   -0.0079   -0.4880   -0.8728
    0.6702   -0.6504    0.3576
   -0.7421   -0.5822    0.3322
...    20 T-A ...
  -27.7537  -30.5167   41.2991
    0.3267   -0.7504   -0.5746
    0.5833   -0.3182    0.7473
   -0.7436   -0.5794    0.3337
...    21 T-A ...
  -30.3143  -32.3318   42.1302
    0.5909   -0.8052   -0.0499
    0.3006    0.1623    0.9399
   -0.7487   -0.5703    0.3379
...    22 C-G ...
  -32.7239  -34.2974   43.1435
    0.6770   -0.5448    0.4949
   -0.1031    0.5955    0.7967
   -0.7287   -0.5904    0.3470
...    23 G-C ...
  -35.1337  -36.0454   44.6330
    0.5866   -0.0637    0.8074
   -0.4719    0.7833    0.4046
   -0.6582   -0.6183    0.4294
...    24 C-G ...
  -36.9763  -38.4022   46.0330
    0.2751    0.3966    0.8758
   -0.7177    0.6909   -0.0875
   -0.6397   -0.6045    0.4747
...    25 A-T ...
  -39.1301  -40.3176   47.6885
   -0.0947    0.7748    0.6251
   -0.7691    0.3418   -0.5401
   -0.6321   -0.5319    0.5635
...    26 A-T ...
  -40.9710  -42.0309   49.7327
   -0.4960    0.8419    0.2127
   -0.5884   -0.1457   -0.7953
   -0.6386   -0.5196    0.5677
...    27 A-T ...
  -42.9320  -43.5630   51.8060
   -0.7271    0.6298   -0.2732
   -0.2186   -0.5896   -0.7775
   -0.6508   -0.5056    0.5664
...    28 G-C ...
  -45.1152  -44.9226   53.8742
   -0.6839    0.2785   -0.6744
    0.1716   -0.8370   -0.5197
   -0.7091   -0.4711    0.5246
...    29 G-C ...
  -47.7309  -46.1368   55.6144
   -0.4208   -0.1615   -0.8927
    0.4799   -0.8747   -0.0679
   -0.7698   -0.4570    0.4456
...    30 C-G ...
  -50.5453  -47.3006   56.8785
   -0.0614   -0.5829   -0.8102
    0.6106   -0.6641    0.4315
   -0.7896   -0.4683    0.3967
...    31 C-G ...
  -53.3657  -48.8663   57.8304
    0.3342   -0.8108   -0.4806
    0.5177   -0.2682    0.8124
   -0.7876   -0.5203    0.3301
...    32 G-C ...
  -55.7041  -50.8033   59.2094
    0.6306   -0.7758    0.0234
    0.2106    0.2000    0.9569
   -0.7470   -0.5985    0.2895
...    33 G-C ...
  -58.1156  -53.0495   59.9200
    0.6898   -0.5057    0.5182
   -0.1812    0.5724    0.7997
   -0.7010   -0.6455    0.3032
...    34 C-G ...
  -60.2310  -55.4816   60.7025
    0.5023   -0.0929    0.8597
   -0.5304    0.7520    0.3912
   -0.6829   -0.6525    0.3284
...    35 C-G ...
  -62.2706  -57.9257   61.8400
    0.1898    0.3732    0.9081
   -0.7206    0.6812   -0.1293
   -0.6669   -0.6299    0.3982
...    36 C-G ...
  -64.2356  -60.2221   63.3610
   -0.1615    0.7317    0.6622
   -0.7120    0.3782   -0.5916
   -0.6833   -0.5670    0.4599
...    37 G-C ...
  -66.7246  -61.9804   64.6972
   -0.4207    0.8905    0.1732
   -0.5180   -0.0790   -0.8517
   -0.7448   -0.4480    0.4945
...    38 A-T ...
  -69.1050  -63.3861   66.4113
   -0.5918    0.7155   -0.3712
   -0.1923   -0.5725   -0.7970
   -0.7828   -0.4003    0.4764
...    39 C-G ...
  -71.6307  -64.1583   68.3494
   -0.5643    0.3495   -0.7480
    0.1184   -0.8624   -0.4922
   -0.8171   -0.3663    0.4453
...    40 A-T ...
  -74.4434  -65.3377   69.6882
   -0.2984   -0.1242   -0.9463
    0.3567   -0.9342    0.0101
   -0.8853   -0.3345    0.3231
...    41 C-G ...
  -77.5917  -65.8616   70.4821
   -0.0411   -0.5701   -0.8205
    0.4316   -0.7508    0.5000
   -0.9011   -0.3336    0.2769
...    42 G-C ...
  -80.4068  -67.4062   71.3804
    0.2867   -0.8545   -0.4333
    0.3165   -0.3424    0.8847
   -0.9042   -0.3907    0.1722
...    43 A-T ...
  -83.3715  -68.7572   71.7831
    0.4244   -0.8899    0.1672
    0.0678    0.2154    0.9742
   -0.9029   -0.4021    0.1518
...    44 C-G ...
  -86.2688  -70.4127   71.7267
    0.3972   -0.6464    0.6514
   -0.1720    0.6448    0.7447
   -0.9015   -0.4079    0.1450
...    45 T-A ...
  -89.1131  -72.0815   72.1166
    0.2717   -0.1993    0.9415
   -0.3591    0.8867    0.2913
   -0.8929   -0.4173    0.1694
...    46 T-A ...
  -91.8901  -73.7174   72.5811
   -0.0036    0.3307    0.9437
   -0.4278    0.8525   -0.3003
   -0.9039   -0.4048    0.1384
...    47 A-T ...
  -94.9157  -75.0218   73.0449
   -0.1888    0.7874    0.5868
   -0.3366    0.5094   -0.7919
   -0.9225   -0.3470    0.1689
...    48 C-G ...
  -97.7279  -76.2914   74.1684
   -0.2840    0.9543    0.0927
   -0.1896    0.0389   -0.9811
   -0.9399   -0.2962    0.1699
...    49 T-A ...
 -100.8082  -77.0435   75.0482
   -0.2398    0.8698   -0.4313
   -0.0360   -0.4519   -0.8913
   -0.9702   -0.1982    0.1397
...    50 C-G ...
 -103.9858  -77.4953   75.4990
   -0.1382    0.4787   -0.8670
    0.0788   -0.8673   -0.4914
   -0.9873   -0.1363    0.0821
...    51 A-T ...
 -107.3080  -77.8155   75.5600
    0.0707   -0.0436   -0.9965
    0.0704   -0.9963    0.0486
   -0.9950   -0.0736   -0.0674
...    52 T-A ...
 -110.5207  -77.3902   75.0939
    0.1128   -0.5304   -0.8402
    0.0038   -0.8454    0.5342
   -0.9936   -0.0634   -0.0934
...    53 G-C ...
 -113.7651  -77.9627   74.6831
    0.1679   -0.9103   -0.3783
   -0.1260   -0.4004    0.9076
   -0.9777   -0.1047   -0.1819
...    54 T-A ...
 -116.8440  -78.2599   73.4472
    0.0734   -0.9854    0.1538
   -0.2136    0.1351    0.9675
   -0.9742   -0.1039   -0.2005
...    55 T-A ...
 -119.9240  -78.6504   72.4306
   -0.1300   -0.7288    0.6723
   -0.2039    0.6832    0.7012
   -0.9703   -0.0459   -0.2374
...    56 A-T ...
 -123.2153  -78.2054   71.7474
   -0.3026   -0.1147    0.9462
   -0.0270    0.9934    0.1118
   -0.9527    0.0083   -0.3037
...    57 T-A ...
 -126.3275  -78.8472   70.8238
   -0.2865    0.4070    0.8674
    0.1528    0.9131   -0.3780
   -0.9458    0.0243   -0.3238
...    58 A-T ...
 -129.4720  -78.7288   69.7413
   -0.0638    0.8520    0.5196
    0.3063    0.5122   -0.8024
   -0.9498    0.1080   -0.2936
...    59 A-T ...
 -132.5959  -78.3821   69.0131
    0.1663    0.9860    0.0092
    0.2984   -0.0415   -0.9535
   -0.9398    0.1614   -0.3012
...    60 C-G ...
 -135.7287  -77.6122   68.6205
    0.3680    0.8151   -0.4474
    0.1612   -0.5298   -0.8326
   -0.9157    0.2343   -0.3264
...    61 G-C ...
 -138.5945  -76.6932   67.1912
    0.5619    0.3591   -0.7452
   -0.1172   -0.8572   -0.5015
   -0.8189    0.3691   -0.4396
...    62 G-C ...
 -140.9450  -74.9672   65.5021
    0.5080   -0.1884   -0.8405
   -0.4547   -0.8874   -0.0759
   -0.7316    0.4207   -0.5364
...    63 A-T ...
 -143.1300  -73.5505   63.5125
    0.1714   -0.6835   -0.7096
   -0.7059   -0.5876    0.3955
   -0.6873    0.4331   -0.5832
...    64 T-A ...
 -144.8155  -71.8654   61.2221
   -0.2266   -0.8778   -0.4220
   -0.7062   -0.1504    0.6919
   -0.6708    0.4548   -0.5858
...    65 G-C ...
 -147.2914  -70.5046   59.4957
   -0.5859   -0.8064    0.0804
   -0.4619    0.4138    0.7845
   -0.6658    0.4225   -0.6149
...    66 T-A ...
 -149.2803  -69.4674   56.9882
   -0.7545   -0.4533    0.4745
   -0.0728    0.7764    0.6260
   -0.6522    0.4378   -0.6188
...    67 A-T ...
 -151.1491  -67.3684   55.0569
   -0.6659    0.2071    0.7167
    0.4792    0.8551    0.1980
   -0.5719    0.4753   -0.6686
...    68 G-C ...
 -153.1943  -65.9987   52.8408
   -0.2764    0.5981    0.7523
    0.7821    0.5949   -0.1857
   -0.5586    0.5370   -0.6322
...    69 G-C ...
 -155.2677  -64.3798   50.7291
    0.2473    0.7557    0.6065
    0.8231    0.1664   -0.5430
   -0.5112    0.6335   -0.5808
...    70 T-A ...
 -157.3082  -62.2544   49.3231
    0.6677    0.6847    0.2921
    0.5880   -0.2446   -0.7710
   -0.4565    0.6866   -0.5659
...    71 A-T ...
 -158.7271  -59.5226   47.9879
    0.9559    0.2936    0.0084
    0.1638   -0.5089   -0.8451
   -0.2438    0.8092   -0.5346
...    72 T-A ...
 -159.3456  -56.5516   46.8290
    0.9264   -0.0343   -0.3750
   -0.3264   -0.5696   -0.7543
   -0.1877    0.8212   -0.5388
...    73 C-G ...
 -159.6014  -53.8653   45.0267
    0.5875   -0.4024   -0.7021
   -0.8025   -0.4013   -0.4415
   -0.1041    0.8228   -0.5587
...    74 T-A ...
 -159.4446  -51.1544   43.1515
    0.0896   -0.5973   -0.7970
   -0.9956   -0.0749   -0.0558
   -0.0263    0.7985   -0.6014
...    75 C-G ...
 -159.3829  -48.6903   40.9835
   -0.5140   -0.5229   -0.6800
   -0.8577    0.3243    0.3990
    0.0119    0.7883   -0.6151
...    76 G-C ...
 -159.7664  -45.9640   39.0908
   -0.9132   -0.2645   -0.3100
   -0.4075    0.6001    0.6883
    0.0040    0.7549   -0.6558
...    77 A-T ...
 -159.6218  -43.5444   36.8518
   -0.9746    0.1631    0.1536
    0.2225    0.6264    0.7471
    0.0257    0.7623   -0.6468
...    78 G-C ...
 -159.6165  -41.1902   34.5109
   -0.7061    0.4474    0.5489
    0.7077    0.4188    0.5690
    0.0246    0.7902   -0.6123
...    79 C-G ...
 -159.7844  -38.7566   32.2639
   -0.2091    0.5638    0.7990
    0.9769    0.0834    0.1968
    0.0443    0.8217   -0.5682
...    80 T-A ...
 -159.9091  -35.9654   30.5106
    0.3182    0.4508    0.8340
    0.9442   -0.2296   -0.2362
    0.0850    0.8626   -0.4987
...    81 C-G ...
 -159.6648  -33.1122   28.9751
    0.7880    0.1665    0.5928
    0.5969   -0.4431   -0.6689
    0.1512    0.8809   -0.4485
...    82 G-C ...
 -158.7964  -30.2706   27.4727
    0.9393   -0.2550    0.2297
    0.1061   -0.4209   -0.9009
    0.3264    0.8706   -0.3683
...    83 G-C ...
 -157.2625  -27.3635   26.7119
    0.8092   -0.5417   -0.2277
   -0.3721   -0.1725   -0.9120
    0.4547    0.8227   -0.3412
...    84 G-C ...
 -155.1546  -24.8735   25.8008
    0.4422   -0.6288   -0.6396
   -0.7041    0.1984   -0.6819
    0.5557    0.7518   -0.3550
...    85 A-T ...
 -153.1312  -22.5872   24.5884
   -0.0644   -0.4079   -0.9107
   -0.8045    0.5612   -0.1945
    0.5904    0.7202   -0.3643
...    86 T-A ...
 -150.6603  -20.7217   23.4082
   -0.4505   -0.0465   -0.8915
   -0.6545    0.6964    0.2945
    0.6071    0.7162   -0.3441
...    87 C-G ...
 -148.6173  -18.4618   22.1587
   -0.7446    0.3850   -0.5452
   -0.2534    0.5927    0.7645
    0.6175    0.7075   -0.3438
...    88 C-G ...
 -146.5337  -16.2051   20.7536
   -0.7898    0.6130   -0.0198
    0.1972    0.2843    0.9382
    0.5808    0.7371   -0.3454
...    89 G-C ...
 -144.3500  -13.7714   20.0608
   -0.5921    0.6005    0.5374
    0.5946   -0.1245    0.7943
    0.5439    0.7899   -0.2834
...    90 C-G ...
 -142.8220  -11.1031   18.8494
   -0.2067    0.3965    0.8945
    0.8106   -0.4426    0.3835
    0.5479    0.8043   -0.2299
...    91 T-A ...
 -141.2770   -8.2638   18.2061
    0.1901    0.0446    0.9808
    0.8024   -0.5826   -0.1290
    0.5656    0.8115   -0.1466
...    92 T-A ...
 -139.6037   -5.5233   17.8798
    0.5714   -0.3209    0.7554
    0.5676   -0.5103   -0.6461
    0.5928    0.7979   -0.1095
...    93 T-A ...
 -137.7386   -2.8927   17.7863
    0.7580   -0.5870    0.2843
    0.1712   -0.2415   -0.9552
    0.6294    0.7727   -0.0826
...    94 A-T ...
 -135.3950   -0.5254   17.8986
    0.6302   -0.7335   -0.2544
   -0.2165    0.1487   -0.9649
    0.7456    0.6632   -0.0651
...    95 A-T ...
 -132.8220    1.4414   17.9163
    0.3921   -0.5376   -0.7465
   -0.5124    0.5463   -0.6626
    0.7640    0.6423   -0.0613
...    96 C-G ...
 -129.9116    3.0309   17.9597
    0.0542   -0.1932   -0.9797
   -0.6190    0.7634   -0.1848
    0.7835    0.6164   -0.0782
...    97 A-T ...
 -127.3948    5.1609   17.6050
   -0.3603    0.2289   -0.9043
   -0.5071    0.7656    0.3958
    0.7830    0.6012   -0.1598
...    98 C-G ...
 -124.5810    6.6848   16.6715
   -0.5768    0.5918   -0.5630
   -0.2360    0.5391    0.8085
    0.7820    0.5992   -0.1713
...    99 T-A ...
 -122.0218    8.5906   15.7708
   -0.6412    0.7660   -0.0464
    0.1114    0.1527    0.9820
    0.7593    0.6245   -0.1832
...   100 T-A ...
 -119.5978   10.5696   14.8854
   -0.4480    0.7284    0.5183
    0.4441   -0.3219    0.8362
    0.7759    0.6048   -0.1793
...   101 T-A ...
 -117.2184   12.6331   14.1022
   -0.1181    0.4184    0.9006
    0.6078   -0.6867    0.3987
    0.7852    0.5945   -0.1732
...   102 A-T ...
 -114.5791   14.6025   13.6547
    0.1813   -0.1022    0.9781
    0.5736   -0.7969   -0.1895
    0.7988    0.5954   -0.0859
...   103 T-A ...
 -112.3423   16.9963   13.7177
    0.4239   -0.4980    0.7565
    0.4081   -0.6407   -0.6504
    0.8086    0.5844   -0.0684
...   104 G-C ...
 -109.4830   18.7163   13.6586
    0.4656   -0.8388    0.2822
    0.1397   -0.2452   -0.9594
    0.8739    0.4861    0.0030
...   105 C-G ...
 -106.5619   20.1607   14.1748
    0.4141   -0.8679   -0.2744
   -0.1071    0.2530   -0.9615
    0.9039    0.4276    0.0118
...   106 T-A ...
 -103.4490   21.2343   14.4753
    0.2356   -0.6397   -0.7316
   -0.2678    0.6809   -0.6816
    0.9342    0.3565   -0.0109
...   107 T-A ...
 -100.3302   22.1253   14.5909
    0.0456   -0.1455   -0.9883
   -0.3445    0.9264   -0.1523
    0.9377    0.3474   -0.0078
...   108 C-G ...
  -97.2181   23.1337   14.4395
   -0.1856    0.4140   -0.8911
   -0.2877    0.8443    0.4522
    0.9396    0.3403   -0.0375
...   109 C-G ...
  -94.0263   24.1230   13.9778
   -0.3753    0.7801   -0.5005
   -0.1165    0.4960    0.8605
    0.9195    0.3813   -0.0953
...   110 G-C ...
  -91.0341   25.6046   14.0277
   -0.4565    0.8867    0.0736
    0.1362   -0.0121    0.9906
    0.8792    0.4623   -0.1153
...   111 G-C ...
  -88.1891   27.2897   13.3929
   -0.3731    0.7033    0.6052
    0.3737   -0.4831    0.7918
    0.8492    0.5216   -0.0825
...   112 C-G ...
  -85.6068   29.3014   12.9125
   -0.1465    0.3067    0.9404
    0.5198   -0.7850    0.3370
    0.8416    0.5382   -0.0444
...   113 T-A ...
  -83.0191   31.3621   12.8972
    0.0944   -0.1793    0.9793
    0.5309   -0.8230   -0.2019
    0.8422    0.5389    0.0175
...   114 C-G ...
  -80.3060   33.1779   13.0840
    0.3501   -0.6447    0.6796
    0.3831   -0.5635   -0.7319
    0.8548    0.5166    0.0497
...   115 G-C ...
  -77.3063   34.6317   13.0701
    0.3895   -0.9067    0.1620
    0.1548   -0.1090   -0.9819
    0.9079    0.4076    0.0979
...   116 T-A ...
  -74.3664   35.7934   14.0198
    0.3750   -0.8505   -0.3687
   -0.0617    0.3739   -0.9254
    0.9250    0.3698    0.0877
...   117 A-T ...
  -71.2110   36.8039   14.3351
    0.1831   -0.5291   -0.8286
   -0.2312    0.7960   -0.5594
    0.9555    0.2940    0.0235
...   118 T-A ...
  -67.9535   37.1156   14.6285
    0.0315   -0.0658   -0.9973
   -0.2858    0.9556   -0.0721
    0.9578    0.2873    0.0112
...   119 A-T ...
  -64.7651   38.0561   14.5377
   -0.2099    0.4698   -0.8575
   -0.2223    0.8311    0.5097
    0.9521    0.2976   -0.0700
...   120 A-T ...
  -61.6503   38.8360   14.0768
   -0.2987    0.8559   -0.4221
   -0.0585    0.4250    0.9033
    0.9526    0.2945   -0.0769
...   121 T-A ...
  -58.5965   39.6473   13.1492
   -0.2861    0.9541    0.0891
    0.1036   -0.0616    0.9927
    0.9526    0.2932   -0.0812
...   122 G-C ...
  -55.4654   40.7491   13.1583
   -0.2541    0.7238    0.6416
    0.2772   -0.5810    0.7652
    0.9266    0.3723   -0.0530
...   123 T-A ...
  -52.6654   42.4596   12.6703
   -0.0907    0.3089    0.9468
    0.3722   -0.8713    0.3199
    0.9237    0.3814   -0.0360
...   124 G-C ...
  -49.5325   43.5505   12.7716
    0.0601   -0.2700    0.9610
    0.3768   -0.8854   -0.2723
    0.9244    0.3784    0.0485
...   125 T-A ...
  -46.7310   45.2505   13.3010
    0.2235   -0.6992    0.6791
    0.2875   -0.6184   -0.7314
    0.9313    0.3587    0.0628
...   126 C-G ...
  -43.6963   46.4339   13.6423
    0.3148   -0.9408    0.1257
    0.1040   -0.0975   -0.9898
    0.9434    0.3247    0.0672
...   127 G-C ...
  -40.5233   47.4490   13.5460
    0.1945   -0.8776   -0.4382
   -0.0699    0.4332   -0.8986
    0.9784    0.2054    0.0229
...   128 A-T ...
  -37.3177   48.0211   13.7027
    0.0644   -0.4821   -0.8737
   -0.1623    0.8588   -0.4859
    0.9846    0.1731   -0.0229
...   129 C-G ...
  -34.0320   47.9412   13.7388
   -0.0751    0.0149   -0.9971
   -0.1565    0.9873    0.0266
    0.9848    0.1580   -0.0718
...   130 C-G ...
  -30.7147   48.1438   13.1998
   -0.2471    0.5165   -0.8199
   -0.0566    0.8370    0.5443
    0.9673    0.1809   -0.1775
...   131 A-T ...
  -27.5416   48.9039   12.5462
   -0.3420    0.8685   -0.3588
    0.1408    0.4249    0.8942
    0.9291    0.2554   -0.2676
...   132 A-T ...
  -24.6244   49.7194   11.3853
   -0.1987    0.9581    0.2065
    0.3217   -0.1353    0.9371
    0.9258    0.2526   -0.2813
...   133 A-T ...
  -21.7474   50.6814   10.2173
    0.0402    0.7170    0.6959
    0.3819   -0.6547    0.6524
    0.9233    0.2395   -0.3001
...   134 T-A ...
  -19.0160   52.0245    8.9251
    0.2452    0.2905    0.9249
    0.3073   -0.9281    0.2101
    0.9195    0.2328   -0.3169
...   135 G-C ...
  -16.4638   53.8825    7.5154
    0.5339   -0.3333    0.7771
    0.0346   -0.9097   -0.4139
    0.8449    0.2479   -0.4741
...   136 T-A ...
  -14.1749   56.5547    6.1809
    0.5795   -0.7269    0.3685
   -0.3141   -0.6164   -0.7221
    0.7521    0.3026   -0.5855
...   137 G-C ...
  -11.6539   57.9993    4.7206
    0.2452   -0.9542   -0.1714
   -0.6323   -0.0234   -0.7744
    0.7349    0.2983   -0.6091
...   138 A-T ...
   -8.6759   58.7134    3.6026
   -0.0345   -0.7815   -0.6229
   -0.6536    0.4891   -0.5775
    0.7560    0.3872   -0.5277
...   139 G-C ...
   -6.3275   59.0728    1.6298
   -0.2969   -0.3279   -0.8968
   -0.5657    0.8171   -0.1114
    0.7693    0.4742   -0.4281
...   140 C-G ...
   -3.4369   60.2279    1.0289
   -0.4426    0.2287   -0.8671
   -0.1681    0.9286    0.3308
    0.8808    0.2922   -0.3725
...   141 G-C ...
   -0.6977   63.8912   -2.2508
   -0.9992    0.0157   -0.0376
   -0.0024    0.8991    0.4378
    0.0407    0.4375   -0.8983
...   142 C-G ...
   -1.0065   65.5989   -4.9399
   -0.8337    0.5216    0.1813
    0.5170    0.6219    0.5881
    0.1940    0.5841   -0.7882
...   143 T-A ...
   -0.1333   66.2085   -7.8194
   -0.3753    0.8566    0.3540
    0.8856    0.2187    0.4098
    0.2736    0.4673   -0.8407
...   144 C-G ...
   -0.1666   67.4021  -10.8066
    0.1797    0.8793    0.4411
    0.9277   -0.3007    0.2214
    0.3273    0.3694   -0.8697
...   145 A-T ...
    0.5266   69.2313  -13.4657
    0.7352    0.4964    0.4616
    0.6118   -0.7791   -0.1367
    0.2918    0.3829   -0.8765
...   146 C-G ...
    1.4338   72.0893  -15.6017
    0.9809    0.0621    0.1844
    0.1264   -0.9240   -0.3608
    0.1480    0.3772   -0.9142
...   147 A-T ...
    2.3047   74.2223  -18.3861
    0.8657   -0.4292   -0.2575
   -0.4984   -0.7868   -0.3642
   -0.0463    0.4436   -0.8950
