  147 base-pairs
...     1 A-T ...
    0.0000    0.0000    0.0000
    1.0000    0.0000    0.0000
    0.0000    1.0000    0.0000
    0.0000    0.0000    1.0000
...     2 G-C ...
   -0.1394   -1.2357    3.2268
    0.7529    0.6366    0.1670
   -0.6386    0.7680   -0.0486
   -0.1592   -0.0700    0.9848
...     3 T-A ...
   -0.0365   -3.2932    6.3751
    0.2722    0.9301    0.2466
   -0.9238    0.3243   -0.2033
   -0.2691   -0.1725    0.9475
...     4 G-C ...
   -0.3505   -4.1660    9.4928
   -0.3756    0.9250    0.0579
   -0.8781   -0.3352   -0.3415
   -0.2965   -0.1791    0.9381
...     5 A-T ...
   -0.4462   -4.1476   12.7498
   -0.8116    0.5840   -0.0165
   -0.5523   -0.7762   -0.3042
   -0.1905   -0.2378    0.9524
...     6 G-C ...
   -1.5908   -4.1730   15.6201
   -0.9976    0.0246   -0.0651
   -0.0043   -0.9555   -0.2950
   -0.0695   -0.2940    0.9533
...     7 C-G ...
   -1.1030   -4.4824   18.7362
   -0.8441   -0.5304   -0.0787
    0.5345   -0.8441   -0.0432
   -0.0435   -0.0785    0.9960
...     8 G-C ...
   -2.4028   -7.7290   23.1475
   -0.2754   -0.3293   -0.9032
    0.6650   -0.7437    0.0684
   -0.6942   -0.5818    0.4238
...     9 C-G ...
   -4.4690   -9.9728   24.1132
    0.1145   -0.7025   -0.7024
    0.8512   -0.2952    0.4340
   -0.5122   -0.6476    0.5642
...    10 T-A ...
   -6.7405  -10.8752   25.9697
    0.4841   -0.8363   -0.2574
    0.6595    0.1553    0.7355
   -0.5751   -0.5258    0.6267
...    11 C-G ...
   -9.1656  -12.6208   27.1640
    0.7073   -0.6682    0.2307
    0.3448    0.6110    0.7126
   -0.6171   -0.4245    0.6626
...    12 A-T ...
  -10.9234  -14.6633   29.0693
    0.7515   -0.1377    0.6452
   -0.2029    0.8824    0.4246
   -0.6277   -0.4500    0.6352
...    13 C-G ...
  -11.8476  -17.4863   31.2451
    0.4295    0.2823    0.8578
   -0.5708    0.8209    0.0156
   -0.6998   -0.4963    0.5137
...    14 A-T ...
  -13.5897  -19.7827   33.4259
   -0.1504    0.6104    0.7777
   -0.6874    0.5008   -0.5260
   -0.7106   -0.6136    0.3443
...    15 A-T ...
  -15.7190  -21.7986   34.7972
   -0.4893    0.7987    0.3502
   -0.4982    0.0736   -0.8639
   -0.7158   -0.5972    0.3619
...    16 T-A ...
  -17.7794  -23.6027   36.6096
   -0.6621    0.7383   -0.1287
   -0.1963   -0.3366   -0.9210
   -0.7232   -0.5845    0.3678
...    17 T-A ...
  -20.1057  -25.3275   38.0675
   -0.6555    0.4293   -0.6213
    0.1989   -0.6956   -0.6904
   -0.7285   -0.5761    0.3706
...    18 T-A ...
  -22.5591  -26.9457   39.4418
   -0.4346   -0.0344   -0.9000
    0.5271   -0.8200   -0.2232
   -0.7303   -0.5714    0.3745
...    19 A-T ...
  -24.9322  -28.9419   40.6409
   -0.0158   -0.4837   -0.8751
    0.6676   -0.6566    0.3509
   -0.7443   -0.5787    0.3334
...    20 T-A ...
  -27.7806  -30.4445   41.3337
    0.3179   -0.7497   -0.5805
    0.5854   -0.3264    0.7421
   -0.7458   -0.5757    0.3351
...    21 T-A ...
  -30.3508  -32.2434   42.1694
    0.5843   -0.8094   -0.0589
    0.3082    0.1542    0.9387
   -0.7507   -0.5666    0.3396
...    22 C-G ...
  -32.7687  -34.1949   43.1862
    0.6766   -0.5536    0.4856
   -0.0920    0.5907    0.8016
   -0.7306   -0.5870    0.3487
...    23 G-C ...
  -35.1788  -35.9327   44.6820
    0.5938   -0.0748    0.8011
   -0.4613    0.7841    0.4152
   -0.6592   -0.6161    0.4311
...    24 C-G ...
  -37.0254  -38.2833   46.0825
    0.2882    0.3869    0.8760
   -0.7124    0.6979   -0.0739
   -0.6399   -0.6027    0.4767
...    25 A-T ...
  -39.1724  -40.1937   47.7500
   -0.0790    0.7700    0.6331
   -0.7724    0.3542   -0.5272
   -0.6302   -0.5307    0.5668
...    26 A-T ...
  -41.0022  -41.9058   49.8046
   -0.4839    0.8450    0.2276
   -0.6007   -0.1317   -0.7885
   -0.6363   -0.5183    0.5714
...    27 A-T ...
  -42.9501  -43.4351   51.8920
   -0.7237    0.6409   -0.2560
   -0.2365   -0.5788   -0.7805
   -0.6484   -0.5043    0.5704
...    28 G-C ...
  -45.1178  -44.7893   53.9785
   -0.6905    0.2948   -0.6606
    0.1535   -0.8327   -0.5321
   -0.7069   -0.4687    0.5297
...    29 G-C ...
  -47.7213  -45.9880   55.7474
   -0.4366   -0.1441   -0.8881
    0.4675   -0.8797   -0.0871
   -0.7687   -0.4532    0.4514
...    30 C-G ...
  -50.5288  -47.1306   57.0414
   -0.0818   -0.5698   -0.8177
    0.6087   -0.6782    0.4117
   -0.7892   -0.4641    0.4023
...    31 C-G ...
  -53.3558  -48.6691   58.0146
    0.3158   -0.8066   -0.4997
    0.5276   -0.2885    0.7990
   -0.7886   -0.5159    0.3345
...    32 G-C ...
  -55.6945  -50.6001   59.3954
    0.6214   -0.7835   -0.0026
    0.2297    0.1790    0.9567
   -0.7491   -0.5951    0.2912
...    33 G-C ...
  -58.1170  -52.8332   60.1034
    0.6931   -0.5243    0.4947
   -0.1598    0.5575    0.8147
   -0.7029   -0.6437    0.3026
...    34 C-G ...
  -60.2424  -55.2573   60.8759
    0.5173   -0.1176    0.8477
   -0.5143    0.7490    0.4178
   -0.6841   -0.6520    0.3270
...    35 C-G ...
  -62.2844  -57.7024   62.0032
    0.2114    0.3495    0.9128
   -0.7154    0.6917   -0.0992
   -0.6660   -0.6320    0.3963
...    36 C-G ...
  -64.2433  -60.0106   63.5118
   -0.1407    0.7165    0.6833
   -0.7194    0.4001   -0.5677
   -0.6802   -0.5714    0.4592
...    37 G-C ...
  -66.7229  -61.7757   64.8511
   -0.4082    0.8895    0.2052
   -0.5355   -0.0513   -0.8430
   -0.7393   -0.4540    0.4973
...    38 A-T ...
  -69.0796  -63.2068   66.5757
   -0.5921    0.7311   -0.3390
   -0.2136   -0.5480   -0.8087
   -0.7771   -0.4064    0.4806
...    39 C-G ...
  -71.5729  -64.0109   68.5418
   -0.5756    0.3767   -0.7258
    0.1002   -0.8484   -0.5198
   -0.8116   -0.3719    0.4506
...    40 A-T ...
  -74.3699  -65.1952   69.9076
   -0.3176   -0.0904   -0.9439
    0.3475   -0.9373   -0.0272
   -0.8823   -0.3366    0.3291
...    41 C-G ...
  -77.5049  -65.7142   70.7459
   -0.0618   -0.5406   -0.8390
    0.4336   -0.7717    0.4653
   -0.8990   -0.3350    0.2821
...    42 G-C ...
  -80.3187  -67.2600   71.6352
    0.2724   -0.8389   -0.4712
    0.3296   -0.3787    0.8648
   -0.9040   -0.3909    0.1734
...    43 A-T ...
  -83.2822  -68.6086   72.0360
    0.4221   -0.8983    0.1225
    0.0866    0.1744    0.9809
   -0.9024   -0.4034    0.1514
...    44 C-G ...
  -86.1864  -70.2467   71.9631
    0.4058   -0.6757    0.6154
   -0.1554    0.6126    0.7750
   -0.9007   -0.4101    0.1436
...    45 T-A ...
  -89.0276  -71.9222   72.3324
    0.2877   -0.2426    0.9265
   -0.3507    0.8735    0.3376
   -0.8912   -0.4221    0.1662
...    46 T-A ...
  -91.7996  -73.5743   72.7706
    0.0127    0.2859    0.9582
   -0.4304    0.8665   -0.2529
   -0.9025   -0.4092    0.1340
...    47 A-T ...
  -94.8247  -74.8855   73.2103
   -0.1826    0.7579    0.6263
   -0.3467    0.5464   -0.7624
   -0.9200   -0.3563    0.1630
...    48 C-G ...
  -97.6233  -76.2127   74.3043
   -0.2854    0.9477    0.1429
   -0.2006    0.0867   -0.9758
   -0.9372   -0.3071    0.1653
...    49 T-A ...
 -100.6912  -77.0190   75.1793
   -0.2476    0.8896   -0.3839
   -0.0429   -0.4059   -0.9129
   -0.9679   -0.2096    0.1387
...    50 G-C ...
 -103.9938  -77.4163   75.4982
   -0.0686    0.5648   -0.8224
    0.0545   -0.8210   -0.5684
   -0.9962   -0.0838    0.0256
...    51 T-A ...
 -107.2239  -77.0337   75.6921
    0.0308    0.0798   -0.9963
    0.0547   -0.9955   -0.0780
   -0.9980   -0.0521   -0.0350
...    52 A-T ...
 -110.5108  -77.0458   75.2571
    0.1714   -0.4706   -0.8655
   -0.0389   -0.8811    0.4714
   -0.9844   -0.0472   -0.1693
...    53 G-C ...
 -113.6928  -76.9916   74.3625
    0.1727   -0.8575   -0.4847
   -0.1711   -0.5107    0.8425
   -0.9700   -0.0625   -0.2349
...    54 G-C ...
 -116.8210  -77.3867   73.1499
    0.0931   -0.9936    0.0635
   -0.2900    0.0339    0.9564
   -0.9525   -0.1075   -0.2850
...    55 T-A ...
 -119.7572  -77.9424   71.6370
   -0.0866   -0.8263    0.5565
   -0.2996    0.5543    0.7765
   -0.9501   -0.0995   -0.2956
...    56 A-T ...
 -123.0611  -77.6477   70.8580
   -0.3476   -0.2652    0.8993
   -0.1254    0.9637    0.2357
   -0.9292   -0.0308   -0.3683
...    57 T-A ...
 -126.0403  -78.4224   69.6281
   -0.3815    0.2650    0.8856
    0.0921    0.9642   -0.2488
   -0.9198   -0.0133   -0.3922
...    58 C-G ...
 -129.0419  -78.5833   68.2993
   -0.2138    0.7794    0.5889
    0.3262    0.6252   -0.7090
   -0.9208    0.0406   -0.3879
...    59 T-A ...
 -132.1940  -78.4558   67.3291
    0.0771    0.9807    0.1798
    0.3973    0.1351   -0.9077
   -0.9144    0.1414   -0.3792
...    60 C-G ...
 -135.1812  -77.9138   66.1789
    0.3734    0.8675   -0.3287
    0.2763   -0.4422   -0.8533
   -0.8856    0.2278   -0.4048
...    61 G-C ...
 -137.9314  -77.0007   64.5313
    0.6236    0.4483   -0.6405
   -0.0144   -0.8126   -0.5827
   -0.7816    0.3725   -0.5002
...    62 A-T ...
 -140.2870  -75.5970   62.7829
    0.5587   -0.1227   -0.8202
   -0.4067   -0.9024   -0.1421
   -0.7228    0.4130   -0.5541
...    63 G-C ...
 -142.3656  -73.9585   60.8064
    0.3131   -0.6005   -0.7357
   -0.6806   -0.6822    0.2672
   -0.6624    0.4171   -0.6223
...    64 C-G ...
 -144.1360  -72.5566   58.3660
   -0.0983   -0.8841   -0.4568
   -0.7760   -0.2192    0.5914
   -0.6230    0.4126   -0.6645
...    65 T-A ...
 -145.9428  -71.3122   55.8658
   -0.4984   -0.8646   -0.0635
   -0.6262    0.3084    0.7161
   -0.5995    0.3967   -0.6951
...    66 C-G ...
 -147.8715  -70.0932   53.4741
   -0.7929   -0.4900    0.3624
   -0.1951    0.7674    0.6107
   -0.5773    0.4135   -0.7041
...    67 G-C ...
 -149.6572  -68.2097   51.3582
   -0.7313    0.0223    0.6817
    0.3156    0.8971    0.3092
   -0.6047    0.4413   -0.6631
...    68 G-C ...
 -151.6749  -66.9433   48.9555
   -0.3944    0.4765    0.7857
    0.6875    0.7204   -0.0918
   -0.6098    0.5040   -0.6117
...    69 T-A ...
 -154.1126  -65.6366   47.1459
    0.0460    0.7545    0.6547
    0.8085    0.3568   -0.4680
   -0.5867    0.5508   -0.5936
...    70 C-G ...
 -156.0774  -63.8549   45.2559
    0.5471    0.7732    0.3205
    0.6432   -0.1434   -0.7521
   -0.5356    0.6177   -0.5758
...    71 A-T ...
 -157.7756  -61.6261   43.4168
    0.8898    0.4558   -0.0233
    0.2359   -0.5029   -0.8315
   -0.3908    0.7344   -0.5550
...    72 T-A ...
 -158.9258  -58.8556   42.1737
    0.9123    0.1131   -0.3936
   -0.2337   -0.6456   -0.7270
   -0.3364    0.7552   -0.5626
...    73 G-C ...
 -159.6152  -56.3360   40.0842
    0.6782   -0.3652   -0.6377
   -0.7113   -0.5442   -0.4448
   -0.1846    0.7553   -0.6289
...    74 T-A ...
 -159.5536  -53.6829   38.1394
    0.2185   -0.6180   -0.7552
   -0.9660   -0.2465   -0.0777
   -0.1382    0.7465   -0.6508
...    75 T-A ...
 -159.6333  -51.2305   36.0024
   -0.3787   -0.6183   -0.6887
   -0.9196    0.1670    0.3557
   -0.1049    0.7680   -0.6318
...    76 A-T ...
 -160.3083  -48.3963   34.2597
   -0.8915   -0.2879   -0.3498
   -0.4522    0.5200    0.7247
   -0.0268    0.8042   -0.5937
...    77 T-A ...
 -160.1710  -46.1772   31.7839
   -0.9973    0.0557    0.0479
    0.0714    0.5823    0.8098
    0.0172    0.8111   -0.5847
...    78 A-T ...
 -159.6801  -43.2130   30.2206
   -0.7156    0.4620    0.5240
    0.6923    0.3689    0.6202
    0.0932    0.8065   -0.5838
...    79 A-T ...
 -159.5666  -40.6804   28.1916
   -0.1939    0.5937    0.7810
    0.9728    0.0133    0.2314
    0.1270    0.8045   -0.5802
...    80 C-G ...
 -159.7291  -37.9823   26.3368
    0.3264    0.4712    0.8194
    0.9322   -0.3038   -0.1967
    0.1562    0.8281   -0.5384
...    81 G-C ...
 -158.8895  -35.3014   24.5358
    0.7313    0.0813    0.6772
    0.6179   -0.4995   -0.6072
    0.2889    0.8625   -0.4155
...    82 G-C ...
 -157.8499  -32.2348   23.6321
    0.8976   -0.3080    0.3154
    0.1623   -0.4343   -0.8861
    0.4099    0.8465   -0.3398
...    83 A-T ...
 -156.3032  -29.5316   22.6966
    0.7979   -0.5616   -0.2188
   -0.3560   -0.1461   -0.9230
    0.4864    0.8144   -0.3165
...    84 G-C ...
 -154.3616  -26.9687   21.9331
    0.4614   -0.6171   -0.6374
   -0.6877    0.2052   -0.6964
    0.5605    0.7597   -0.3297
...    85 A-T ...
 -152.3208  -24.6519   20.8097
   -0.0390   -0.3936   -0.9185
   -0.8027    0.5598   -0.2058
    0.5952    0.7292   -0.3378
...    86 T-A ...
 -149.8315  -22.7530   19.7243
   -0.4274   -0.0341   -0.9034
   -0.6661    0.6875    0.2892
    0.6113    0.7253   -0.3166
...    87 C-G ...
 -147.7693  -20.4601   18.5696
   -0.7331    0.3896   -0.5575
   -0.2770    0.5777    0.7678
    0.6212    0.7173   -0.3155
...    88 C-G ...
 -145.6632  -18.1672   17.2604
   -0.7938    0.6074   -0.0296
    0.1704    0.2689    0.9480
    0.5838    0.7475   -0.3170
...    89 G-C ...
 -143.4829  -15.7043   16.6679
   -0.6117    0.5853    0.5322
    0.5744   -0.1339    0.8075
    0.5439    0.7997   -0.2543
...    90 C-G ...
 -141.9510  -12.9991   15.5484
   -0.2347    0.3778    0.8957
    0.8043   -0.4419    0.3972
    0.5459    0.8136   -0.2002
...    91 T-A ...
 -140.4194  -10.1326   15.0023
    0.1627    0.0280    0.9863
    0.8119   -0.5718   -0.1177
    0.5607    0.8199   -0.1158
...    92 T-A ...
 -138.7679   -7.3689   14.7751
    0.5539   -0.3291    0.7648
    0.5908   -0.4918   -0.6396
    0.5866    0.8061   -0.0780
...    93 T-A ...
 -136.9316   -4.7159   14.7840
    0.7569   -0.5836    0.2941
    0.2002   -0.2212   -0.9544
    0.6221    0.7813   -0.0506
...    94 A-T ...
 -134.6227   -2.3221   15.0018
    0.6469   -0.7199   -0.2515
   -0.1926    0.1649   -0.9673
    0.7378    0.6742   -0.0320
...    95 A-T ...
 -132.0795   -0.3204   15.1295
    0.4199   -0.5168   -0.7461
   -0.5024    0.5523   -0.6653
    0.7558    0.6542   -0.0277
...    96 C-G ...
 -129.1958    1.3110   15.2855
    0.0836   -0.1724   -0.9815
   -0.6254    0.7578   -0.1863
    0.7759    0.6293   -0.0445
...    97 A-T ...
 -126.7043    3.4861   15.0453
   -0.3394    0.2417   -0.9091
   -0.5296    0.7496    0.3970
    0.7774    0.6162   -0.1263
...    98 C-G ...
 -123.8915    5.0719   14.2208
   -0.5710    0.5939   -0.5668
   -0.2665    0.5189    0.8122
    0.7765    0.6148   -0.1380
...    99 T-A ...
 -121.3415    7.0366   13.4284
   -0.6526    0.7561   -0.0490
    0.0821    0.1349    0.9875
    0.7532    0.6404   -0.1501
...   100 T-A ...
 -118.9296    9.0737   12.6495
   -0.4748    0.7102    0.5198
    0.4268   -0.3307    0.8417
    0.7697    0.6215   -0.1461
...   101 T-A ...
 -116.5676   11.1941   11.9731
   -0.1502    0.3985    0.9048
    0.6090   -0.6836    0.4022
    0.7788    0.6115   -0.1400
...   102 A-T ...
 -113.9548   13.2203   11.6383
    0.1564   -0.1178    0.9806
    0.5932   -0.7827   -0.1886
    0.7897    0.6112   -0.0525
...   103 T-A ...
 -111.7654   15.6530   11.8083
    0.4125   -0.5046    0.7585
    0.4374   -0.6206   -0.6508
    0.7991    0.6002   -0.0353
...   104 G-C ...
 -108.9394   17.4272   11.8601
    0.4738   -0.8352    0.2793
    0.1700   -0.2244   -0.9596
    0.8641    0.5021    0.0356
...   105 C-G ...
 -106.0625   18.9182   12.4814
    0.4379   -0.8547   -0.2789
   -0.0864    0.2688   -0.9593
    0.8949    0.4442    0.0438
...   106 T-A ...
 -102.9807   20.0457   12.8857
    0.2670   -0.6217   -0.7363
   -0.2630    0.6880   -0.6763
    0.9271    0.3743    0.0202
...   107 T-A ...
  -99.8842   20.9939   13.0999
    0.0739   -0.1271   -0.9891
   -0.3583    0.9222   -0.1453
    0.9307    0.3651    0.0226
...   108 C-G ...
  -96.7899   22.0639   13.0472
   -0.1709    0.4256   -0.8886
   -0.3154    0.8308    0.4586
    0.9334    0.3587   -0.0077
...   109 C-G ...
  -93.6086   23.1231   12.6826
   -0.3779    0.7810   -0.4972
   -0.1476    0.4793    0.8651
    0.9140    0.4003   -0.0659
...   110 G-C ...
  -90.6502   24.6648   12.8302
   -0.4754    0.8765    0.0762
    0.1124   -0.0253    0.9933
    0.8726    0.4808   -0.0865
...   111 G-C ...
  -87.8265   26.4177   12.2924
   -0.4009    0.6865    0.6067
    0.3643   -0.4882    0.7931
    0.8406    0.5389   -0.0544
...   112 C-G ...
  -85.2735   28.4869   11.9058
   -0.1740    0.2894    0.9413
    0.5271   -0.7800    0.3373
    0.8318    0.5548   -0.0168
...   113 T-A ...
  -82.7265   30.5972   11.9813
    0.0761   -0.1922    0.9784
    0.5510   -0.8097   -0.2019
    0.8310    0.5545    0.0443
...   114 C-G ...
  -80.0542   32.4628   12.2536
    0.3477   -0.6479    0.6778
    0.4095   -0.5453   -0.7314
    0.8435    0.5318    0.0757
...   115 G-C ...
  -77.0856   33.9776   12.3228
    0.4030   -0.9015    0.1577
    0.1769   -0.0923   -0.9799
    0.8979    0.4228    0.1223
...   116 T-A ...
  -74.1890   35.1811   13.3492
    0.3979   -0.8386   -0.3722
   -0.0499    0.3853   -0.9214
    0.9161    0.3852    0.1115
...   117 A-T ...
  -71.0576   36.2355   13.7492
    0.2071   -0.5169   -0.8306
   -0.2334    0.7984   -0.5551
    0.9501    0.3088    0.0447
...   118 T-A ...
  -67.8124   36.5953   14.1066
    0.0504   -0.0550   -0.9972
   -0.2994    0.9517   -0.0676
    0.9528    0.3020    0.0315
...   119 A-T ...
  -64.6364   37.5791   14.0763
   -0.2035    0.4733   -0.8571
   -0.2434    0.8235    0.5125
    0.9483    0.3129   -0.0524
...   120 A-T ...
  -61.5280   38.4121   13.6701
   -0.3055    0.8544   -0.4204
   -0.0789    0.4173    0.9054
    0.9489    0.3098   -0.0601
...   121 T-A ...
  -58.4735   39.2777   12.7948
   -0.3018    0.9490    0.0916
    0.0897   -0.0674    0.9937
    0.9492    0.3081   -0.0648
...   122 G-C ...
  -55.3601   40.4256   12.8622
   -0.2729    0.7154    0.6432
    0.2748   -0.5828    0.7647
    0.9220    0.3854   -0.0376
...   123 T-A ...
  -52.5766   42.1785   12.4240
   -0.1067    0.3009    0.9477
    0.3797   -0.8686    0.3185
    0.9190    0.3938   -0.0215
...   124 G-C ...
  -49.4596   43.3077   12.5687
    0.0529   -0.2759    0.9597
    0.3909   -0.8787   -0.2741
    0.9189    0.3896    0.0614
...   125 T-A ...
  -46.6852   45.0402   13.1388
    0.2249   -0.7009    0.6769
    0.3026   -0.6101   -0.7323
    0.9262    0.3695    0.0749
...   126 C-G ...
  -43.6700   46.2618   13.5165
    0.3241   -0.9380    0.1232
    0.1146   -0.0903   -0.9893
    0.9391    0.3347    0.0783
...   127 G-C ...
  -40.5092   47.3163   13.4599
    0.2063   -0.8737   -0.4406
   -0.0668    0.4367   -0.8971
    0.9762    0.2145    0.0318
...   128 A-T ...
  -37.3115   47.9168   13.6440
    0.0744   -0.4786   -0.8749
   -0.1660    0.8591   -0.4841
    0.9833    0.1812   -0.0155
...   129 C-G ...
  -34.0274   47.8624   13.7014
   -0.0694    0.0168   -0.9974
   -0.1639    0.9861    0.0280
    0.9840    0.1655   -0.0657
...   130 C-G ...
  -30.7109   48.0914   13.1735
   -0.2466    0.5162   -0.8202
   -0.0644    0.8357    0.5454
    0.9670    0.1873   -0.1728
...   131 A-T ...
  -27.5419   48.8756   12.5309
   -0.3453    0.8670   -0.3592
    0.1354    0.4248    0.8951
    0.9287    0.2604   -0.2641
...   132 A-T ...
  -24.6250   49.7066   11.3785
   -0.2026    0.9572    0.2066
    0.3195   -0.1348    0.9379
    0.9257    0.2560   -0.2785
...   133 A-T ...
  -21.7483   50.6782   10.2154
    0.0384    0.7168    0.6962
    0.3817   -0.6544    0.6527
    0.9235    0.2407   -0.2987
...   134 T-A ...
  -19.0159   52.0244    8.9250
    0.2452    0.2905    0.9249
    0.3073   -0.9281    0.2101
    0.9195    0.2328   -0.3169
...   135 G-C ...
  -16.4637   53.8824    7.5153
    0.5339   -0.3333    0.7771
    0.0346   -0.9097   -0.4139
    0.8449    0.2479   -0.4741
...   136 T-A ...
  -14.1749   56.5547    6.1808
    0.5795   -0.7269    0.3685
   -0.3141   -0.6164   -0.7221
    0.7521    0.3026   -0.5855
...   137 G-C ...
  -11.6538   57.9992    4.7205
    0.2452   -0.9542   -0.1714
   -0.6323   -0.0234   -0.7744
    0.7349    0.2983   -0.6091
...   138 A-T ...
   -8.6758   58.7133    3.6025
   -0.0345   -0.7815   -0.6229
   -0.6536    0.4891   -0.5775
    0.7560    0.3872   -0.5277
...   139 G-C ...
   -6.3275   59.0727    1.6297
   -0.2969   -0.3279   -0.8968
   -0.5657    0.8171   -0.1114
    0.7693    0.4742   -0.4281
...   140 C-G ...
   -3.4369   60.2278    1.0287
   -0.4426    0.2287   -0.8671
   -0.1681    0.9286    0.3308
    0.8808    0.2922   -0.3725
...   141 G-C ...
   -0.6976   63.8911   -2.2509
   -0.9992    0.0157   -0.0376
   -0.0024    0.8991    0.4378
    0.0407    0.4375   -0.8983
...   142 C-G ...
   -1.0064   65.5988   -4.9400
   -0.8337    0.5216    0.1813
    0.5170    0.6219    0.5881
    0.1940    0.5841   -0.7882
...   143 T-A ...
   -0.1332   66.2084   -7.8196
   -0.3753    0.8566    0.3540
    0.8856    0.2187    0.4098
    0.2736    0.4673   -0.8407
...   144 C-G ...
   -0.1666   67.4020  -10.8067
    0.1797    0.8793    0.4411
    0.9277   -0.3007    0.2214
    0.3273    0.3694   -0.8697
...   145 A-T ...
    0.5267   69.2312  -13.4659
    0.7352    0.4964    0.4616
    0.6118   -0.7791   -0.1367
    0.2918    0.3829   -0.8765
...   146 C-G ...
    1.4338   72.0892  -15.6018
    0.9809    0.0621    0.1844
    0.1264   -0.9240   -0.3608
    0.1480    0.3772   -0.9142
...   147 A-T ...
    2.3048   74.2222  -18.3863
    0.8657   -0.4292   -0.2575
   -0.4984   -0.7868   -0.3642
   -0.0463    0.4436   -0.8950
