  147 base-pairs
...     1 A-T ...
    0.0000    0.0000    0.0000
    1.0000    0.0000    0.0000
    0.0000    1.0000    0.0000
    0.0000    0.0000    1.0000
...     2 G-C ...
   -0.1394   -1.2357    3.2268
    0.7529    0.6366    0.1670
   -0.6386    0.7680   -0.0486
   -0.1592   -0.0700    0.9848
...     3 T-A ...
   -0.0365   -3.2932    6.3751
    0.2722    0.9301    0.2466
   -0.9238    0.3243   -0.2033
   -0.2691   -0.1725    0.9475
...     4 G-C ...
   -0.3505   -4.1660    9.4928
   -0.3756    0.9250    0.0579
   -0.8781   -0.3352   -0.3415
   -0.2965   -0.1791    0.9381
...     5 A-T ...
   -0.4462   -4.1476   12.7498
   -0.8116    0.5840   -0.0165
   -0.5523   -0.7762   -0.3042
   -0.1905   -0.2378    0.9524
...     6 G-C ...
   -1.5908   -4.1730   15.6201
   -0.9976    0.0246   -0.0651
   -0.0043   -0.9555   -0.2950
   -0.0695   -0.2940    0.9533
...     7 C-G ...
   -1.1030   -4.4824   18.7362
   -0.8441   -0.5304   -0.0787
    0.5345   -0.8441   -0.0432
   -0.0435   -0.0785    0.9960
...     8 G-C ...
   -2.4028   -7.7290   23.1475
   -0.2754   -0.3293   -0.9032
    0.6650   -0.7437    0.0684
   -0.6942   -0.5818    0.4238
...     9 C-G ...
   -4.4690   -9.9728   24.1132
    0.1145   -0.7025   -0.7024
    0.8512   -0.2952    0.4340
   -0.5122   -0.6476    0.5642
...    10 T-A ...
   -6.7405  -10.8752   25.9697
    0.4841   -0.8363   -0.2574
    0.6595    0.1553    0.7355
   -0.5751   -0.5258    0.6267
...    11 C-G ...
   -9.1656  -12.6208   27.1640
    0.7073   -0.6682    0.2307
    0.3448    0.6110    0.7126
   -0.6171   -0.4245    0.6626
...    12 A-T ...
  -10.9234  -14.6633   29.0693
    0.7515   -0.1377    0.6452
   -0.2029    0.8824    0.4246
   -0.6277   -0.4500    0.6352
...    13 C-G ...
  -11.8476  -17.4863   31.2451
    0.4295    0.2823    0.8578
   -0.5708    0.8209    0.0156
   -0.6998   -0.4963    0.5137
...    14 A-T ...
  -13.5897  -19.7827   33.4259
   -0.1504    0.6104    0.7777
   -0.6874    0.5008   -0.5260
   -0.7106   -0.6136    0.3443
...    15 A-T ...
  -15.8170  -21.8018   34.6378
   -0.4881    0.8087    0.3284
   -0.4857    0.0609   -0.8720
   -0.7252   -0.5851    0.3630
...    16 T-A ...
  -17.9163  -23.6500   36.5506
   -0.6968    0.6953   -0.1761
   -0.1439   -0.3760   -0.9154
   -0.7027   -0.6125    0.3621
...    17 T-A ...
  -20.1868  -25.4426   38.1121
   -0.6757    0.3214   -0.6634
    0.2933   -0.7085   -0.6419
   -0.6763   -0.6283    0.3845
...    18 T-A ...
  -22.4833  -27.2651   39.4867
   -0.3911   -0.1200   -0.9125
    0.6162   -0.7706   -0.1628
   -0.6836   -0.6260    0.3753
...    19 A-T ...
  -24.6274  -29.5361   40.6689
    0.0664   -0.5084   -0.8586
    0.7188   -0.5725    0.3945
   -0.6921   -0.6433    0.3274
...    20 T-A ...
  -27.3693  -31.2723   41.3813
    0.4092   -0.7444   -0.5277
    0.5891   -0.2261    0.7758
   -0.6968   -0.6283    0.3460
...    21 T-A ...
  -29.7958  -33.2955   42.2328
    0.6622   -0.7493    0.0085
    0.2506    0.2322    0.9398
   -0.7062   -0.6202    0.3415
...    22 C-G ...
  -32.0877  -35.3773   43.3126
    0.7069   -0.4593    0.5379
   -0.1850    0.6140    0.7673
   -0.6827   -0.6419    0.3490
...    23 G-C ...
  -34.4219  -37.1287   44.9918
    0.5805    0.0482    0.8129
   -0.5622    0.7459    0.3572
   -0.5891   -0.6643    0.4601
...    24 C-G ...
  -36.0816  -39.5581   46.4095
    0.2400    0.4677    0.8507
   -0.7781    0.6166   -0.1195
   -0.5804   -0.6333    0.5119
...    25 A-T ...
  -38.2162  -41.4877   47.9743
   -0.1682    0.7863    0.5945
   -0.7849    0.2581   -0.5634
   -0.5964   -0.5614    0.5738
...    26 A-T ...
  -40.0340  -43.2677   50.0372
   -0.5620    0.8090    0.1721
   -0.5653   -0.2237   -0.7940
   -0.6039   -0.5435    0.5830
...    27 A-T ...
  -41.7890  -44.8688   52.2527
   -0.7814    0.5438   -0.3061
   -0.1495   -0.6393   -0.7543
   -0.6059   -0.5436    0.5808
...    28 G-C ...
  -43.9234  -46.2166   54.4777
   -0.7010    0.1725   -0.6920
    0.2545   -0.8459   -0.4688
   -0.6662   -0.5047    0.5490
...    29 G-C ...
  -46.5183  -47.5648   56.2993
   -0.3858   -0.2771   -0.8800
    0.5775   -0.8164    0.0039
   -0.7195   -0.5067    0.4750
...    30 C-G ...
  -49.1928  -48.9722   57.5371
    0.0246   -0.6459   -0.7630
    0.6684   -0.5569    0.4931
   -0.7434   -0.5221    0.4180
...    31 C-G ...
  -51.8878  -50.5435   58.7534
    0.4356   -0.8093   -0.3941
    0.5237   -0.1282    0.8422
   -0.7321   -0.5733    0.3680
...    32 G-C ...
  -53.8521  -52.4829   60.0645
    0.6969   -0.7152    0.0535
    0.2021    0.2674    0.9422
   -0.6881   -0.6458    0.3309
...    33 G-C ...
  -55.8039  -55.0881   61.0041
    0.7200   -0.4256    0.5481
   -0.2383    0.5902    0.7713
   -0.6518   -0.6860    0.3235
...    34 C-G ...
  -57.7350  -57.5798   61.8712
    0.4935   -0.0105    0.8697
   -0.5960    0.7241    0.3470
   -0.6334   -0.6896    0.3511
...    35 C-G ...
  -59.5143  -60.1218   63.2602
    0.1175    0.4254    0.8973
   -0.7696    0.6100   -0.1884
   -0.6276   -0.6685    0.3991
...    36 C-G ...
  -61.3434  -62.5101   64.7729
   -0.2745    0.7256    0.6310
   -0.7153    0.2845   -0.6382
   -0.6426   -0.6266    0.4410
...    37 G-C ...
  -63.7614  -64.6368   65.5663
   -0.5381    0.8299    0.1473
   -0.4487   -0.1341   -0.8836
   -0.7135   -0.5416    0.4445
...    38 A-T ...
  -65.8884  -66.4530   66.9950
   -0.6786    0.6198   -0.3942
   -0.0428   -0.5691   -0.8212
   -0.7333   -0.5404    0.4127
...    39 C-G ...
  -68.4034  -67.6927   68.4946
   -0.5518    0.2889   -0.7824
    0.2879   -0.8145   -0.5038
   -0.7827   -0.5032    0.3662
...    40 A-T ...
  -71.1772  -69.1957   69.5568
   -0.2075   -0.1315   -0.9694
    0.4981   -0.8671    0.0110
   -0.8419   -0.4805    0.2454
...    41 C-G ...
  -74.2066  -70.4181   69.9049
    0.1156   -0.5220   -0.8451
    0.5069   -0.7007    0.5021
   -0.8542   -0.4864    0.1836
...    42 G-C ...
  -76.7876  -72.3858   70.6045
    0.4261   -0.8065   -0.4098
    0.2784   -0.3141    0.9076
   -0.8608   -0.5009    0.0907
...    43 A-T ...
  -79.5302  -73.9741   70.8202
    0.4965   -0.8443    0.2016
   -0.0258    0.2178    0.9756
   -0.8677   -0.4896    0.0864
...    44 C-G ...
  -82.2169  -75.9254   70.5389
    0.4190   -0.5974    0.6838
   -0.2939    0.6234    0.7246
   -0.8591   -0.5045    0.0856
...    45 T-A ...
  -84.9235  -78.3777   70.5345
    0.1771   -0.1658    0.9701
   -0.4573    0.8589    0.2304
   -0.8715   -0.4845    0.0763
...    46 T-A ...
  -87.5316  -80.3288   70.6267
   -0.1119    0.2825    0.9527
   -0.4466    0.8422   -0.3022
   -0.8877   -0.4593    0.0319
...    47 A-T ...
  -90.4203  -81.9235   70.9111
   -0.2346    0.7407    0.6296
   -0.3153    0.5546   -0.7700
   -0.9195   -0.3792    0.1034
...    48 C-G ...
  -93.1786  -83.4359   71.8024
   -0.3022    0.9430    0.1393
   -0.1471    0.0983   -0.9842
   -0.9418   -0.3179    0.1090
...    49 T-A ...
  -96.2849  -84.3217   72.6504
   -0.2334    0.8903   -0.3910
   -0.0066   -0.4035   -0.9149
   -0.9724   -0.2109    0.1001
...    50 G-C ...
  -99.7034  -84.5439   72.8630
    0.0003    0.5694   -0.8220
    0.0546   -0.8208   -0.5686
   -0.9985   -0.0447   -0.0314
...    51 T-A ...
 -102.9598  -83.9426   72.9067
    0.0792    0.0886   -0.9929
    0.0087   -0.9961   -0.0882
   -0.9968   -0.0016   -0.0797
...    52 T-A ...
 -106.1709  -83.7397   72.5156
    0.0967   -0.4874   -0.8678
   -0.0651   -0.8731    0.4831
   -0.9932    0.0098   -0.1162
...    53 C-G ...
 -109.3502  -84.1938   71.9579
    0.0524   -0.8986   -0.4357
   -0.1823   -0.4376    0.8805
   -0.9818    0.0333   -0.1867
...    54 A-T ...
 -112.5520  -83.9119   70.9206
    0.0207   -0.9945    0.1025
   -0.2798    0.0927    0.9556
   -0.9598   -0.0484   -0.2764
...    55 T-A ...
 -115.5029  -84.2643   69.5543
   -0.1312   -0.8141    0.5657
   -0.2544    0.5792    0.7745
   -0.9582   -0.0423   -0.2831
...    56 G-C ...
 -118.6605  -84.5251   68.3634
   -0.2618   -0.3094    0.9142
   -0.0846    0.9509    0.2977
   -0.9614    0.0006   -0.2751
...    57 T-A ...
 -121.8066  -85.1141   67.3189
   -0.2799    0.2484    0.9273
    0.1104    0.9679   -0.2260
   -0.9536    0.0391   -0.2984
...    58 T-A ...
 -124.8658  -85.1278   66.4925
   -0.1337    0.7338    0.6661
    0.2729    0.6734   -0.6870
   -0.9527    0.0899   -0.2902
...    59 A-T ...
 -127.9480  -84.6205   65.5457
    0.1674    0.9495    0.2653
    0.3123    0.2042   -0.9278
   -0.9351    0.2382   -0.2623
...    60 T-A ...
 -131.0493  -83.8033   65.4227
    0.3348    0.9196   -0.2056
    0.1984   -0.2821   -0.9386
   -0.9212    0.2735   -0.2769
...    61 A-T ...
 -133.8720  -82.6104   64.4714
    0.5792    0.6075   -0.5436
   -0.0332   -0.6488   -0.7603
   -0.8145    0.4583   -0.3556
...    62 A-T ...
 -136.2491  -80.8995   63.4226
    0.5678    0.1414   -0.8109
   -0.3684   -0.8373   -0.4040
   -0.7361    0.5282   -0.4234
...    63 C-G ...
 -138.1260  -78.4653   61.9614
    0.3124   -0.3413   -0.8865
   -0.6410   -0.7645    0.0684
   -0.7011    0.5469   -0.4576
...    64 G-C ...
 -140.4536  -77.0763   60.1115
   -0.0581   -0.7469   -0.6624
   -0.7868   -0.3742    0.4909
   -0.6145    0.5497   -0.5659
...    65 G-C ...
 -142.4037  -75.6573   57.8611
   -0.4196   -0.8676   -0.2669
   -0.6851    0.1098    0.7201
   -0.5955    0.4849   -0.6405
...    66 A-T ...
 -144.1744  -73.9949   55.4933
   -0.7797   -0.5959    0.1923
   -0.2810    0.6074    0.7430
   -0.5595    0.5253   -0.6410
...    67 A-T ...
 -145.9045  -72.4767   53.2296
   -0.8111   -0.1296    0.5704
    0.2271    0.8288    0.5113
   -0.5390    0.5443   -0.6428
...    68 G-C ...
 -147.9180  -70.9751   50.9679
   -0.5409    0.3350    0.7715
    0.6446    0.7544    0.1244
   -0.5403    0.5646   -0.6240
...    69 G-C ...
 -150.3889  -69.4669   48.8558
   -0.0702    0.6302    0.7733
    0.8466    0.4476   -0.2879
   -0.5275    0.6345   -0.5649
...    70 T-A ...
 -152.3655  -67.4796   47.2894
    0.3968    0.7295    0.5571
    0.7780    0.0548   -0.6259
   -0.4871    0.6818   -0.5458
...    71 A-T ...
 -154.3186  -64.8379   46.1179
    0.8301    0.5053    0.2358
    0.4313   -0.3138   -0.8459
   -0.3534    0.8039   -0.4784
...    72 T-A ...
 -155.4673  -61.9575   45.1991
    0.9604    0.2298   -0.1575
   -0.0237   -0.4957   -0.8682
   -0.2776    0.8375   -0.4706
...    73 C-G ...
 -156.0740  -58.8771   43.7558
    0.7678   -0.1771   -0.6157
   -0.6113   -0.4903   -0.6212
   -0.1919    0.8534   -0.4847
...    74 T-A ...
 -156.2711  -56.0423   42.1558
    0.3545   -0.4704   -0.8081
   -0.9287   -0.2776   -0.2458
   -0.1087    0.8377   -0.5353
...    75 C-G ...
 -156.7901  -53.6943   40.0022
   -0.2459   -0.5528   -0.7962
   -0.9693    0.1406    0.2017
    0.0004    0.8213   -0.5705
...    76 G-C ...
 -157.3127  -50.9724   38.2802
   -0.7315   -0.3977   -0.5538
   -0.6807    0.4729    0.5596
    0.0394    0.7863   -0.6166
...    77 A-T ...
 -157.1491  -48.2381   36.4074
   -0.9935   -0.0109   -0.1131
   -0.0963    0.6100    0.7865
    0.0604    0.7923   -0.6071
...    78 G-C ...
 -156.8474  -45.6694   34.3818
   -0.8871    0.3324    0.3202
    0.4517    0.4831    0.7501
    0.0947    0.8100   -0.5787
...    79 C-G ...
 -156.7271  -43.0922   32.1199
   -0.4588    0.5262    0.7159
    0.8825    0.1762    0.4360
    0.1033    0.8319   -0.5453
...    80 T-A ...
 -156.6256  -40.3320   30.2653
    0.0484    0.4801    0.8759
    0.9900   -0.1392    0.0216
    0.1323    0.8661   -0.4820
...    81 C-G ...
 -156.2602  -37.3785   28.6960
    0.5793    0.2533    0.7748
    0.7946   -0.3875   -0.4674
    0.1819    0.8864   -0.4257
...    82 G-C ...
 -155.1161  -34.6844   27.3825
    0.8742   -0.0994    0.4752
    0.3931   -0.4297   -0.8129
    0.2850    0.8975   -0.3366
...    83 G-C ...
 -153.9813  -31.6535   26.6189
    0.9146   -0.4043    0.0030
   -0.1251   -0.2899   -0.9489
    0.3845    0.8675   -0.3157
...    84 G-C ...
 -152.1814  -28.8918   25.8813
    0.6561   -0.5949   -0.4644
   -0.5576    0.0326   -0.8295
    0.5086    0.8032   -0.3103
...    85 A-T ...
 -150.2567  -26.3366   25.0344
    0.1972   -0.4721   -0.8592
   -0.8176    0.4044   -0.4099
    0.5410    0.7833   -0.3063
...    86 T-A ...
 -147.9518  -24.1439   24.1212
   -0.2580   -0.1977   -0.9457
   -0.7921    0.6037    0.0899
    0.5532    0.7723   -0.3123
...    87 C-G ...
 -145.9031  -21.7638   22.9133
   -0.6699    0.2279   -0.7067
   -0.4745    0.6006    0.6435
    0.5711    0.7664   -0.2942
...    88 C-G ...
 -144.0021  -19.3222   21.7791
   -0.8563    0.4563   -0.2419
   -0.0461    0.3990    0.9158
    0.5144    0.7953   -0.3206
...    89 G-C ...
 -142.3022  -16.5692   21.2242
   -0.7728    0.5365    0.3390
    0.4420    0.0717    0.8941
    0.4554    0.8409   -0.2926
...    90 C-G ...
 -140.9360  -13.7251   19.8012
   -0.3936    0.4586    0.7967
    0.7902   -0.2741    0.5482
    0.4698    0.8453   -0.2545
...    91 T-A ...
 -139.7046  -10.6828   18.8117
    0.0881    0.1796    0.9798
    0.8761   -0.4821    0.0096
    0.4741    0.8575   -0.1998
...    92 T-A ...
 -138.4610   -7.7282   18.3616
    0.5494   -0.1448    0.8229
    0.6723   -0.5083   -0.5382
    0.4962    0.8489   -0.1819
...    93 T-A ...
 -136.8602   -4.9651   17.9605
    0.7895   -0.4603    0.4059
    0.2702   -0.3331   -0.9033
    0.5511    0.8229   -0.1386
...    94 A-T ...
 -134.7109   -2.4128   17.6026
    0.7064   -0.6938   -0.1403
   -0.1721    0.0239   -0.9848
    0.6866    0.7198   -0.1026
...    95 A-T ...
 -132.3853   -0.2804   17.4881
    0.4682   -0.6080   -0.6412
   -0.4974    0.4185   -0.7599
    0.7303    0.6747   -0.1065
...    96 C-G ...
 -129.5359    1.4858   17.4993
    0.1384   -0.2978   -0.9445
   -0.6509    0.6914   -0.3134
    0.7464    0.6582   -0.0981
...    97 A-T ...
 -126.9675    3.5640   16.9793
   -0.3031    0.1132   -0.9462
   -0.5911    0.7565    0.2798
    0.7475    0.6441   -0.1624
...    98 C-G ...
 -124.1626    5.2163   16.0091
   -0.5719    0.4881   -0.6593
   -0.3395    0.5908    0.7319
    0.7467    0.6424   -0.1722
...    99 T-A ...
 -121.4414    7.2297   14.6719
   -0.6649    0.7336   -0.1404
    0.0307    0.2147    0.9762
    0.7463    0.6448   -0.1653
...   100 T-A ...
 -119.0935    9.2960   13.7537
   -0.4932    0.7476    0.4449
    0.3987   -0.2603    0.8794
    0.7732    0.6110   -0.1697
...   101 T-A ...
 -116.6909   11.3585   12.9834
   -0.1769    0.4695    0.8650
    0.5974   -0.6472    0.4735
    0.7822    0.6005   -0.1660
...   102 A-T ...
 -113.9112   13.1676   12.6008
    0.1432   -0.0296    0.9893
    0.5848   -0.8039   -0.1087
    0.7984    0.5941   -0.0978
...   103 T-A ...
 -111.7396   15.5604   12.6814
    0.3511   -0.4355    0.8289
    0.4543   -0.6948   -0.5575
    0.8187    0.5723   -0.0460
...   104 G-C ...
 -109.0101   17.4763   12.8736
    0.4639   -0.8230    0.3278
    0.1864   -0.2711   -0.9443
    0.8661    0.4992    0.0277
...   105 C-G ...
 -106.0578   18.7693   13.4228
    0.4311   -0.8719   -0.2322
   -0.0851    0.2168   -0.9725
    0.8983    0.4390    0.0193
...   106 T-A ...
 -102.7430   19.7378   13.7880
    0.2883   -0.6087   -0.7391
   -0.2574    0.6942   -0.6722
    0.9223    0.3841    0.0434
...   107 T-A ...
  -99.6903   20.7018   13.9904
    0.0596   -0.1343   -0.9891
   -0.3455    0.9269   -0.1467
    0.9365    0.3505    0.0088
...   108 C-G ...
  -96.4913   21.6367   13.8446
   -0.1693    0.4219   -0.8907
   -0.2976    0.8397    0.4543
    0.9396    0.3420   -0.0166
...   109 C-G ...
  -93.3699   22.6558   13.6341
   -0.3842    0.7644   -0.5177
   -0.1491    0.5021    0.8519
    0.9111    0.4045   -0.0790
...   110 G-C ...
  -90.6382   24.0561   13.6758
   -0.4832    0.8755   -0.0027
    0.0864    0.0508    0.9950
    0.8712    0.4805   -0.1002
...   111 G-C ...
  -87.9486   26.0097   13.1733
   -0.4034    0.7279    0.5545
    0.3575   -0.4325    0.8278
    0.8423    0.5321   -0.0857
...   112 C-G ...
  -85.4743   28.2058   12.6498
   -0.1758    0.3508    0.9198
    0.5206   -0.7599    0.3893
    0.8355    0.5473   -0.0491
...   113 T-A ...
  -82.8544   30.2280   12.5070
    0.0806   -0.1213    0.9893
    0.5419   -0.8277   -0.1456
    0.8365    0.5479   -0.0010
...   114 C-G ...
  -80.0404   31.9725   12.6449
    0.3403   -0.5963    0.7270
    0.4174   -0.5971   -0.6851
    0.8426    0.5366    0.0457
...   115 G-C ...
  -77.0606   33.4329   12.4391
    0.4402   -0.8757    0.1983
    0.1589   -0.1414   -0.9771
    0.8837    0.4616    0.0769
...   116 T-A ...
  -74.0829   34.5540   13.3283
    0.4084   -0.8434   -0.3490
   -0.0871    0.3446   -0.9347
    0.9086    0.4122    0.0673
...   117 A-T ...
  -70.8149   35.4312   13.9604
    0.2006   -0.5426   -0.8157
   -0.2621    0.7725   -0.5784
    0.9439    0.3299    0.0127
...   118 T-A ...
  -67.6057   35.8266   14.2777
    0.0478   -0.0854   -0.9952
   -0.3231    0.9415   -0.0963
    0.9452    0.3261    0.0174
...   119 A-T ...
  -64.4894   37.0610   14.3214
   -0.1892    0.4658   -0.8645
   -0.2609    0.8249    0.5015
    0.9466    0.3204   -0.0345
...   120 A-T ...
  -61.3752   37.8683   13.9297
   -0.3182    0.8431   -0.4335
   -0.0985    0.4254    0.8996
    0.9429    0.3290   -0.0523
...   121 T-A ...
  -58.2854   38.8024   13.0734
   -0.3155    0.9443    0.0939
    0.0846   -0.0706    0.9939
    0.9451    0.3216   -0.0576
...   122 G-C ...
  -55.1138   40.0457   12.7236
   -0.2642    0.7009    0.6626
    0.2633   -0.6085    0.7486
    0.9278    0.3723   -0.0238
...   123 T-A ...
  -52.2768   41.6605   12.4142
   -0.1032    0.3008    0.9481
    0.3620   -0.8764    0.3175
    0.9264    0.3760   -0.0184
...   124 G-C ...
  -49.2224   43.0017   12.4505
    0.0630   -0.2804    0.9578
    0.3800   -0.8807   -0.2829
    0.9228    0.3818    0.0511
...   125 T-A ...
  -46.4724   44.6307   12.8604
    0.2117   -0.7095    0.6722
    0.2956   -0.6091   -0.7360
    0.9316    0.3545    0.0808
...   126 C-G ...
  -43.5196   45.7275   13.2171
    0.3446   -0.9315    0.1166
    0.1231   -0.0783   -0.9893
    0.9306    0.3553    0.0876
...   127 G-C ...
  -40.3863   46.7180   13.0223
    0.1884   -0.8960   -0.4020
   -0.0403    0.4020   -0.9148
    0.9813    0.1886    0.0396
...   128 A-T ...
  -37.3103   47.3838   13.2538
    0.1146   -0.5019   -0.8573
   -0.1610    0.8422   -0.5146
    0.9803    0.1970    0.0157
...   129 C-G ...
  -34.0294   47.2638   13.5672
   -0.0371    0.0023   -0.9993
   -0.1820    0.9833    0.0090
    0.9826    0.1822   -0.0361
...   130 C-G ...
  -30.6774   47.3959   12.8985
   -0.2427    0.4807   -0.8426
   -0.0886    0.8540    0.5127
    0.9660    0.1991   -0.1647
...   131 A-T ...
  -27.5833   48.6439   12.5443
   -0.3658    0.8426   -0.3952
    0.1004    0.4579    0.8833
    0.9252    0.2835   -0.2521
...   132 A-T ...
  -24.6379   49.6337   11.4876
   -0.2444    0.9536    0.1760
    0.3066   -0.0962    0.9470
    0.9199    0.2854   -0.2688
...   133 A-T ...
  -21.7800   50.6520   10.2324
    0.0328    0.7262    0.6867
    0.3806   -0.6444    0.6633
    0.9241    0.2396   -0.2976
...   134 T-A ...
  -19.0160   52.0245    8.9250
    0.2452    0.2905    0.9249
    0.3073   -0.9281    0.2101
    0.9195    0.2328   -0.3169
...   135 G-C ...
  -16.4638   53.8826    7.5153
    0.5339   -0.3333    0.7771
    0.0346   -0.9097   -0.4139
    0.8449    0.2479   -0.4741
...   136 T-A ...
  -14.1750   56.5548    6.1808
    0.5795   -0.7269    0.3685
   -0.3141   -0.6164   -0.7221
    0.7521    0.3026   -0.5855
...   137 G-C ...
  -11.6539   57.9993    4.7204
    0.2452   -0.9542   -0.1714
   -0.6323   -0.0234   -0.7744
    0.7349    0.2983   -0.6091
...   138 A-T ...
   -8.6759   58.7134    3.6024
   -0.0345   -0.7815   -0.6229
   -0.6536    0.4891   -0.5775
    0.7560    0.3872   -0.5277
...   139 G-C ...
   -6.3275   59.0728    1.6296
   -0.2969   -0.3279   -0.8968
   -0.5657    0.8171   -0.1114
    0.7693    0.4742   -0.4281
...   140 C-G ...
   -3.4369   60.2280    1.0287
   -0.4426    0.2287   -0.8671
   -0.1681    0.9286    0.3308
    0.8808    0.2922   -0.3725
...   141 G-C ...
   -0.6977   63.8913   -2.2510
   -0.9992    0.0157   -0.0376
   -0.0024    0.8991    0.4378
    0.0407    0.4375   -0.8983
...   142 C-G ...
   -1.0065   65.5989   -4.9401
   -0.8337    0.5216    0.1813
    0.5170    0.6219    0.5881
    0.1940    0.5841   -0.7882
...   143 T-A ...
   -0.1333   66.2086   -7.8196
   -0.3753    0.8566    0.3540
    0.8856    0.2187    0.4098
    0.2736    0.4673   -0.8407
...   144 C-G ...
   -0.1666   67.4021  -10.8068
    0.1797    0.8793    0.4411
    0.9277   -0.3007    0.2214
    0.3273    0.3694   -0.8697
...   145 A-T ...
    0.5266   69.2314  -13.4659
    0.7352    0.4964    0.4616
    0.6118   -0.7791   -0.1367
    0.2918    0.3829   -0.8765
...   146 C-G ...
    1.4338   72.0893  -15.6019
    0.9809    0.0621    0.1844
    0.1264   -0.9240   -0.3608
    0.1480    0.3772   -0.9142
...   147 A-T ...
    2.3047   74.2223  -18.3863
    0.8657   -0.4292   -0.2575
   -0.4984   -0.7868   -0.3642
   -0.0463    0.4436   -0.8950
