  147 base-pairs
...     1 A-T ...
    0.0000    0.0000    0.0000
    1.0000    0.0000    0.0000
    0.0000    1.0000    0.0000
    0.0000    0.0000    1.0000
...     2 G-C ...
   -0.1394   -1.2357    3.2268
    0.7529    0.6366    0.1670
   -0.6386    0.7680   -0.0486
   -0.1592   -0.0700    0.9848
...     3 T-A ...
   -0.0365   -3.2932    6.3751
    0.2722    0.9301    0.2466
   -0.9238    0.3243   -0.2033
   -0.2691   -0.1725    0.9475
...     4 G-C ...
   -0.3505   -4.1660    9.4928
   -0.3756    0.9250    0.0579
   -0.8781   -0.3352   -0.3415
   -0.2965   -0.1791    0.9381
...     5 A-T ...
   -0.4462   -4.1476   12.7498
   -0.8116    0.5840   -0.0165
   -0.5523   -0.7762   -0.3042
   -0.1905   -0.2378    0.9524
...     6 G-C ...
   -1.5908   -4.1730   15.6201
   -0.9976    0.0246   -0.0651
   -0.0043   -0.9555   -0.2950
   -0.0695   -0.2940    0.9533
...     7 C-G ...
   -1.1030   -4.4824   18.7362
   -0.8441   -0.5304   -0.0787
    0.5345   -0.8441   -0.0432
   -0.0435   -0.0785    0.9960
...     8 G-C ...
   -2.4028   -7.7290   23.1475
   -0.2754   -0.3293   -0.9032
    0.6650   -0.7437    0.0684
   -0.6942   -0.5818    0.4238
...     9 C-G ...
   -4.4690   -9.9728   24.1132
    0.1145   -0.7025   -0.7024
    0.8512   -0.2952    0.4340
   -0.5122   -0.6476    0.5642
...    10 T-A ...
   -6.7405  -10.8752   25.9697
    0.4841   -0.8363   -0.2574
    0.6595    0.1553    0.7355
   -0.5751   -0.5258    0.6267
...    11 C-G ...
   -9.1656  -12.6208   27.1640
    0.7073   -0.6682    0.2307
    0.3448    0.6110    0.7126
   -0.6171   -0.4245    0.6626
...    12 A-T ...
  -10.9234  -14.6633   29.0693
    0.7515   -0.1377    0.6452
   -0.2029    0.8824    0.4246
   -0.6277   -0.4500    0.6352
...    13 C-G ...
  -11.8476  -17.4863   31.2451
    0.4295    0.2823    0.8578
   -0.5708    0.8209    0.0156
   -0.6998   -0.4963    0.5137
...    14 A-T ...
  -13.5897  -19.7827   33.4259
   -0.1504    0.6104    0.7777
   -0.6874    0.5008   -0.5260
   -0.7106   -0.6136    0.3443
...    15 A-T ...
  -15.8246  -21.7942   34.6374
   -0.4876    0.8096    0.3268
   -0.4856    0.0597   -0.8721
   -0.7256   -0.5839    0.3640
...    16 T-A ...
  -17.9281  -23.6340   36.5529
   -0.6962    0.6953   -0.1783
   -0.1439   -0.3785   -0.9144
   -0.7033   -0.6109    0.3635
...    17 T-A ...
  -20.2020  -25.4187   38.1180
   -0.6752    0.3196   -0.6648
    0.2929   -0.7110   -0.6393
   -0.6770   -0.6263    0.3865
...    18 T-A ...
  -22.5048  -27.2319   39.4998
   -0.3916   -0.1257   -0.9115
    0.6164   -0.7713   -0.1584
   -0.6831   -0.6239    0.3795
...    19 A-T ...
  -24.6583  -29.4908   40.7082
    0.0666   -0.5213   -0.8507
    0.7201   -0.5651    0.4027
   -0.6907   -0.6395    0.3378
...    20 T-A ...
  -27.3991  -31.2188   41.4537
    0.4101   -0.7528   -0.5149
    0.5902   -0.2114    0.7791
   -0.6953   -0.6234    0.3576
...    21 T-A ...
  -29.8228  -33.2271   42.3461
    0.6638   -0.7476    0.0221
    0.2510    0.2505    0.9350
   -0.7045   -0.6151    0.3540
...    22 C-G ...
  -32.1142  -35.2870   43.4713
    0.7090   -0.4463    0.5460
   -0.1856    0.6288    0.7550
   -0.6804   -0.6367    0.3630
...    23 G-C ...
  -34.4519  -37.0072   45.1851
    0.5830    0.0683    0.8096
   -0.5637    0.7517    0.3424
   -0.5852   -0.6560    0.4767
...    24 C-G ...
  -36.0975  -39.4110   46.6626
    0.2410    0.4877    0.8391
   -0.7811    0.6106   -0.1305
   -0.5760   -0.6240    0.5281
...    25 A-T ...
  -38.2310  -41.2971   48.2893
   -0.1722    0.7989    0.5763
   -0.7890    0.2384   -0.5663
   -0.5898   -0.5522    0.5893
...    26 A-T ...
  -40.0314  -43.0348   50.4044
   -0.5699    0.8071    0.1544
   -0.5658   -0.2493   -0.7859
   -0.5958   -0.5353    0.5987
...    27 A-T ...
  -41.7615  -44.6017   52.6658
   -0.7905    0.5247   -0.3159
   -0.1435   -0.6601   -0.7374
   -0.5954   -0.5376    0.5971
...    28 G-C ...
  -43.8677  -45.9289   54.9334
   -0.7082    0.1411   -0.6918
    0.2677   -0.8530   -0.4480
   -0.6533   -0.5024    0.5663
...    29 G-C ...
  -46.4147  -47.2866   56.8153
   -0.3862   -0.3114   -0.8682
    0.5960   -0.8027    0.0228
   -0.7040   -0.5086    0.4956
...    30 C-G ...
  -49.0393  -48.7087   58.1440
    0.0343   -0.6681   -0.7433
    0.6879   -0.5238    0.5025
   -0.7250   -0.5285    0.4416
...    31 C-G ...
  -51.6835  -50.2970   59.4551
    0.4541   -0.8080   -0.3753
    0.5388   -0.0864    0.8380
   -0.7096   -0.5828    0.3961
...    32 G-C ...
  -53.5884  -52.2309   60.8613
    0.7223   -0.6887    0.0630
    0.2093    0.3046    0.9292
   -0.6592   -0.6580    0.3641
...    33 G-C ...
  -55.4363  -54.8562   61.9217
    0.7477   -0.3789    0.5454
   -0.2446    0.6064    0.7566
   -0.6174   -0.6991    0.3607
...    34 C-G ...
  -57.2346  -57.3976   62.9200
    0.5142    0.0399    0.8567
   -0.6180    0.7099    0.3378
   -0.5947   -0.7032    0.3897
...    35 C-G ...
  -58.8591  -59.9592   64.4575
    0.1207    0.4610    0.8792
   -0.8033    0.5656   -0.1863
   -0.5832   -0.6838    0.4386
...    36 C-G ...
  -60.5387  -62.3507   66.1204
   -0.2965    0.7313    0.6142
   -0.7493    0.2206   -0.6244
   -0.5921   -0.6454    0.4826
...    37 G-C ...
  -62.8427  -64.5670   67.0520
   -0.5877    0.7976    0.1356
   -0.4661   -0.1968   -0.8626
   -0.6613   -0.5702    0.4874
...    38 A-T ...
  -64.8056  -66.4584   68.6194
   -0.7336    0.5543   -0.3931
   -0.0290   -0.6035   -0.7969
   -0.6790   -0.5732    0.4587
...    39 C-G ...
  -67.1776  -67.8123   70.2632
   -0.5997    0.2127   -0.7715
    0.3320   -0.8110   -0.4817
   -0.7281   -0.5450    0.4157
...    40 A-T ...
  -69.7751  -69.4852   71.5051
   -0.2330   -0.1957   -0.9526
    0.5713   -0.8202    0.0287
   -0.7869   -0.5375    0.3029
...    41 C-G ...
  -72.6688  -70.9426   72.0503
    0.1280   -0.5508   -0.8248
    0.5884   -0.6273    0.5102
   -0.7984   -0.5506    0.2438
...    42 G-C ...
  -75.0262  -73.0865   72.9859
    0.4862   -0.7799   -0.3943
    0.3510   -0.2390    0.9054
   -0.8003   -0.5785    0.1575
...    43 A-T ...
  -77.5850  -74.9126   73.4207
    0.5923   -0.7774    0.2116
    0.0004    0.2628    0.9648
   -0.8057   -0.5714    0.1560
...    44 C-G ...
  -80.0653  -77.1271   73.3603
    0.5201   -0.5119    0.6837
   -0.3232    0.6231    0.7123
   -0.7906   -0.5914    0.1586
...    45 T-A ...
  -82.4684  -79.8549   73.6414
    0.2526   -0.0893    0.9635
   -0.5448    0.8097    0.2179
   -0.7996   -0.5800    0.1559
...    46 T-A ...
  -84.8081  -82.0912   74.0048
   -0.0848    0.3194    0.9438
   -0.5701    0.7613   -0.3089
   -0.8172   -0.5642    0.1175
...    47 A-T ...
  -87.4728  -83.9849   74.5442
   -0.3044    0.7381    0.6021
   -0.4315    0.4567   -0.7780
   -0.8492   -0.4966    0.1795
...    48 C-G ...
  -89.9557  -85.7944   75.7025
   -0.4354    0.8941    0.1052
   -0.2114    0.0120   -0.9773
   -0.8751   -0.4478    0.1838
...    49 T-A ...
  -92.8490  -87.0801   76.7847
   -0.3924    0.8146   -0.4271
    0.0115   -0.4599   -0.8879
   -0.9197   -0.3533    0.1711
...    50 G-C ...
  -96.1480  -87.8740   77.2110
   -0.1463    0.4982   -0.8546
    0.1687   -0.8387   -0.5178
   -0.9748   -0.2199    0.0386
...    51 T-A ...
  -99.3253  -88.0053   77.4359
    0.0319    0.0629   -0.9975
    0.1897   -0.9803   -0.0557
   -0.9813   -0.1875   -0.0432
...    52 A-T ...
 -102.5574  -88.2332   76.7878
    0.2770   -0.4343   -0.8571
    0.0605   -0.8824    0.4667
   -0.9590   -0.1811   -0.2181
...    53 G-C ...
 -105.6040  -88.5090   75.7808
    0.3351   -0.7990   -0.4992
   -0.1384   -0.5659    0.8128
   -0.9319   -0.2033   -0.3002
...    54 G-C ...
 -108.6460  -89.0624   73.8203
    0.2446   -0.9691    0.0311
   -0.3361   -0.0546    0.9403
   -0.9095   -0.2404   -0.3390
...    55 T-A ...
 -111.3955  -90.0696   72.2757
    0.0073   -0.8623    0.5063
   -0.4231    0.4561    0.7829
   -0.9060   -0.2199   -0.3616
...    56 A-T ...
 -114.2795  -91.0531   70.8163
   -0.2597   -0.4231    0.8681
   -0.3396    0.8815    0.3281
   -0.9040   -0.2096   -0.3726
...    57 T-A ...
 -117.0255  -92.3376   69.3978
   -0.4440    0.0959    0.8909
   -0.1164    0.9797   -0.1634
   -0.8884   -0.1762   -0.4238
...    58 T-A ...
 -119.8822  -93.1942   68.0626
   -0.4287    0.6329    0.6447
    0.1796    0.7591   -0.6257
   -0.8854   -0.1525   -0.4391
...    59 C-G ...
 -122.6883  -93.6212   66.3748
   -0.1663    0.9643    0.2060
    0.4076    0.2574   -0.8761
   -0.8979   -0.0617   -0.4359
...    60 A-T ...
 -125.8183  -93.9461   65.0827
    0.2126    0.9517   -0.2215
    0.3949   -0.2910   -0.8714
   -0.8938    0.0978   -0.4377
...    61 T-A ...
 -128.7775  -93.2667   64.0080
    0.4584    0.6814   -0.5706
    0.2234   -0.7098   -0.6681
   -0.8602    0.1788   -0.4776
...    62 G-C ...
 -131.5780  -92.2312   62.2222
    0.6365    0.1308   -0.7601
   -0.1294   -0.9534   -0.2725
   -0.7604    0.2718   -0.5899
...    63 T-A ...
 -133.7760  -90.6691   60.2491
    0.5004   -0.3899   -0.7730
   -0.4729   -0.8710    0.1332
   -0.7252    0.2989   -0.6203
...    64 T-A ...
 -135.9104  -89.5431   58.1611
    0.1479   -0.8002   -0.5812
   -0.7024   -0.4987    0.5079
   -0.6962    0.3331   -0.6359
...    65 A-T ...
 -138.4967  -88.4403   56.1862
   -0.3828   -0.9111   -0.1529
   -0.6331    0.1381    0.7617
   -0.6729    0.3883   -0.6296
...    66 T-A ...
 -140.2310  -87.3930   53.6243
   -0.6848   -0.6969    0.2132
   -0.3512    0.5719    0.7414
   -0.6386    0.4328   -0.6363
...    67 A-T ...
 -142.2988  -85.5192   51.5797
   -0.7938   -0.1066    0.5987
    0.2151    0.8717    0.4403
   -0.5688    0.4783   -0.6691
...    68 A-T ...
 -144.1230  -84.0992   49.3511
   -0.5455    0.4105    0.7307
    0.6538    0.7539    0.0647
   -0.5243    0.5131   -0.6796
...    69 C-G ...
 -146.3373  -82.8343   47.1102
   -0.0930    0.7367    0.6698
    0.8609    0.3974   -0.3175
   -0.5001    0.5471   -0.6713
...    70 G-C ...
 -147.5254  -80.7027   44.9815
    0.4525    0.6923    0.5621
    0.7965   -0.0302   -0.6039
   -0.4011    0.7210   -0.5651
...    71 G-C ...
 -148.6172  -77.9621   43.5695
    0.8438    0.4697    0.2595
    0.4391   -0.3263   -0.8371
   -0.3085    0.8203   -0.4816
...    72 A-T ...
 -149.2980  -75.0990   42.2205
    0.9696    0.1218   -0.2124
   -0.1282   -0.4866   -0.8642
   -0.2086    0.8651   -0.4562
...    73 C-G ...
 -149.7274  -71.9535   41.3790
    0.7793   -0.2148   -0.5887
   -0.6153   -0.4401   -0.6540
   -0.1186    0.8719   -0.4751
...    74 T-A ...
 -149.3520  -68.8009   40.1905
    0.3481   -0.4928   -0.7975
   -0.9374   -0.1861   -0.2942
   -0.0035    0.8500   -0.5267
...    75 C-G ...
 -149.5361  -66.3217   38.1153
   -0.2616   -0.5151   -0.8162
   -0.9613    0.2150    0.1724
    0.0866    0.8297   -0.5514
...    76 G-C ...
 -149.7912  -63.5115   36.4721
   -0.7408   -0.3360   -0.5816
   -0.6634    0.5014    0.5554
    0.1050    0.7973   -0.5943
...    77 A-T ...
 -149.4017  -60.7285   34.7387
   -0.9903    0.0388   -0.1334
   -0.0854    0.5876    0.8046
    0.1096    0.8082   -0.5786
...    78 G-C ...
 -148.9971  -58.1194   32.7849
   -0.8818    0.3482    0.3182
    0.4538    0.4423    0.7736
    0.1286    0.8265   -0.5480
...    79 C-G ...
 -148.8020  -55.4727   30.6235
   -0.4590    0.5087    0.7284
    0.8790    0.1408    0.4556
    0.1292    0.8493   -0.5118
...    80 T-A ...
 -148.6411  -52.6447   28.8819
    0.0430    0.4428    0.8956
    0.9878   -0.1529    0.0282
    0.1494    0.8835   -0.4440
...    81 C-G ...
 -148.1902  -49.6328   27.5037
    0.5720    0.2158    0.7914
    0.7989   -0.3652   -0.4778
    0.1859    0.9056   -0.3813
...    82 G-C ...
 -147.0037  -46.8803   26.3132
    0.8736   -0.1168    0.4723
    0.3985   -0.3851   -0.8324
    0.2792    0.9154   -0.2899
...    83 G-C ...
 -145.9030  -43.7920   25.7153
    0.9206   -0.3902   -0.0180
   -0.1211   -0.2412   -0.9629
    0.3714    0.8886   -0.2693
...    84 G-C ...
 -144.1825  -40.9527   25.1165
    0.6666   -0.5551   -0.4975
   -0.5614    0.0651   -0.8249
    0.4903    0.8292   -0.2683
...    85 A-T ...
 -142.3248  -38.2985   24.4163
    0.2041   -0.4166   -0.8859
   -0.8307    0.4050   -0.3819
    0.5179    0.8139   -0.2634
...    86 T-A ...
 -140.0891  -35.9895   23.6249
   -0.2587   -0.1501   -0.9542
   -0.8089    0.5735    0.1291
    0.5279    0.8053   -0.2698
...    87 C-G ...
 -138.1312  -33.4791   22.5549
   -0.6828    0.2433   -0.6889
   -0.4904    0.5463    0.6790
    0.5415    0.8015   -0.2537
...    88 C-G ...
 -136.3068  -30.9183   21.5780
   -0.8778    0.4302   -0.2106
   -0.0566    0.3435    0.9374
    0.4756    0.8348   -0.2772
...    89 G-C ...
 -134.7611  -28.0492   21.1649
   -0.8002    0.4713    0.3709
    0.4429    0.0473    0.8953
    0.4044    0.8807   -0.2466
...    90 C-G ...
 -133.6003  -25.0420   19.9088
   -0.4154    0.3897    0.8220
    0.8098   -0.2531    0.5292
    0.4143    0.8855   -0.2105
...    91 T-A ...
 -132.5900  -21.8618   19.1158
    0.0849    0.1347    0.9872
    0.9072   -0.4202   -0.0207
    0.4120    0.8974   -0.1579
...    92 T-A ...
 -131.5634  -18.8050   18.8076
    0.5687   -0.1448    0.8097
    0.7006   -0.4304   -0.5691
    0.4308    0.8910   -0.1433
...    93 T-A ...
 -130.1951  -15.9019   18.5357
    0.8306   -0.4136    0.3729
    0.2804   -0.2679   -0.9217
    0.4811    0.8702   -0.1066
...    94 A-T ...
 -128.3056  -13.1591   18.2190
    0.7682   -0.6121   -0.1875
   -0.1971    0.0524   -0.9790
    0.6091    0.7890   -0.0804
...    95 A-T ...
 -126.2214  -10.7843   18.1666
    0.5134   -0.5230   -0.6803
   -0.5582    0.3985   -0.7277
    0.6517    0.7534   -0.0874
...    96 C-G ...
 -123.5848   -8.7158   18.2108
    0.1447   -0.2363   -0.9609
   -0.7301    0.6300   -0.2648
    0.6679    0.7398   -0.0814
...    97 A-T ...
 -121.2812   -6.3415   17.7520
   -0.3390    0.1209   -0.9330
   -0.6638    0.6720    0.3283
    0.6667    0.7306   -0.1475
...    98 C-G ...
 -118.7146   -4.3392   16.7968
   -0.6410    0.4475   -0.6236
   -0.3845    0.5159    0.7655
    0.6642    0.7305   -0.1587
...    99 T-A ...
 -116.2888   -1.9642   15.4967
   -0.7503    0.6546   -0.0925
    0.0321    0.1758    0.9839
    0.6603    0.7353   -0.1530
...   100 T-A ...
 -114.2341    0.4074   14.6196
   -0.5679    0.6629    0.4879
    0.4504   -0.2458    0.8583
    0.6889    0.7072   -0.1590
...   101 T-A ...
 -112.1261    2.7813   13.8928
   -0.2111    0.4086    0.8880
    0.6841   -0.5871    0.4328
    0.6981    0.6988   -0.1556
...   102 A-T ...
 -109.6211    4.9544   13.5334
    0.1683   -0.0500    0.9845
    0.6777   -0.7194   -0.1525
    0.7158    0.6928   -0.0872
...   103 T-A ...
 -107.7674    7.6009   13.6677
    0.4219   -0.4189    0.8041
    0.5251   -0.6101   -0.5933
    0.7391    0.6725   -0.0374
...   104 G-C ...
 -105.2976    9.8383   13.8887
    0.5711   -0.7694    0.2859
    0.1973   -0.2094   -0.9577
    0.7968    0.6034    0.0322
...   105 C-G ...
 -102.5248   11.4783   14.4349
    0.5319   -0.8012   -0.2742
   -0.1343    0.2398   -0.9615
    0.8361    0.5483    0.0200
...   106 T-A ...
  -99.3594   12.8542   14.7811
    0.3448   -0.5412   -0.7670
   -0.3591    0.6789   -0.6404
    0.8673    0.4963    0.0397
...   107 T-A ...
  -96.4512   14.1926   14.9606
    0.0515   -0.0928   -0.9944
   -0.4629    0.8800   -0.1061
    0.8849    0.4657    0.0024
...   108 C-G ...
  -93.4041   15.5294   14.7779
   -0.2436    0.4240   -0.8723
   -0.3891    0.7811    0.4883
    0.8884    0.4584   -0.0253
...   109 C-G ...
  -90.4466   16.9460   14.5234
   -0.4895    0.7251   -0.4844
   -0.1886    0.4543    0.8706
    0.8514    0.5175   -0.0856
...   110 G-C ...
  -87.9233   18.6884   14.5413
   -0.5874    0.8086    0.0348
    0.1055    0.0339    0.9938
    0.8024    0.5874   -0.1052
...   111 G-C ...
  -85.5165   20.9838   14.0323
   -0.4744    0.6582    0.5846
    0.4298   -0.4063    0.8063
    0.7683    0.6338   -0.0901
...   112 C-G ...
  -83.3455   23.4820   13.5123
   -0.1927    0.3038    0.9330
    0.6193   -0.6999    0.3558
    0.7612    0.6464   -0.0533
...   113 T-A ...
  -80.9997   25.8162   13.3590
    0.1198   -0.1337    0.9838
    0.6332   -0.7529   -0.1794
    0.7646    0.6444   -0.0056
...   114 C-G ...
  -78.4236   27.9050   13.4716
    0.4253   -0.5680    0.7047
    0.4661   -0.5299   -0.7084
    0.7758    0.6298    0.0394
...   115 G-C ...
  -75.6421   29.7096   13.2288
    0.5397   -0.8247    0.1693
    0.1491   -0.1043   -0.9833
    0.8285    0.5559    0.0667
...   116 T-A ...
  -72.7936   31.1387   14.0689
    0.4892   -0.7877   -0.3745
   -0.1466    0.3490   -0.9256
    0.8598    0.5077    0.0552
...   117 A-T ...
  -69.6193   32.3405   14.6514
    0.2352   -0.5083   -0.8285
   -0.3546    0.7487   -0.5600
    0.9050    0.4255   -0.0041
...   118 T-A ...
  -66.4638   33.0574   14.8989
    0.0315   -0.0686   -0.9972
   -0.4187    0.9050   -0.0754
    0.9076    0.4198   -0.0002
...   119 A-T ...
  -63.4954   34.6081   14.8807
   -0.2551    0.4529   -0.8543
   -0.3279    0.7906    0.5171
    0.9096    0.4120   -0.0532
...   120 A-T ...
  -60.4862   35.7153   14.4181
   -0.4044    0.8142   -0.4166
   -0.1172    0.4057    0.9065
    0.9071    0.4154   -0.0686
...   121 T-A ...
  -57.5146   36.9376   13.4975
   -0.3958    0.9115    0.1116
    0.1124   -0.0726    0.9910
    0.9114    0.4048   -0.0737
...   122 G-C ...
  -54.4752   38.4470   13.0807
   -0.3049    0.6712    0.6756
    0.3282   -0.5919    0.7362
    0.8941    0.4462   -0.0398
...   123 T-A ...
  -51.7759   40.2761   12.7119
   -0.1056    0.2837    0.9531
    0.4349   -0.8487    0.3009
    0.8943    0.4463   -0.0338
...   124 G-C ...
  -48.8362   41.8520   12.6875
    0.1001   -0.2817    0.9543
    0.4375   -0.8489   -0.2965
    0.8936    0.4472    0.0383
...   125 T-A ...
  -46.2069   43.6713   13.0561
    0.2704   -0.6973    0.6638
    0.3248   -0.5830   -0.7447
    0.9063    0.4170    0.0688
...   126 C-G ...
  -43.3331   44.9666   13.3726
    0.4064   -0.9075    0.1064
    0.1129   -0.0657   -0.9914
    0.9067    0.4149    0.0758
...   127 G-C ...
  -40.2635   46.1304   13.1577
    0.2261   -0.8869   -0.4030
   -0.0713    0.3975   -0.9148
    0.9715    0.2355    0.0266
...   128 A-T ...
  -37.2169   46.9287   13.3415
    0.1268   -0.4989   -0.8573
   -0.2042    0.8326   -0.5148
    0.9707    0.2403    0.0037
...   129 C-G ...
  -33.9327   46.9459   13.6237
   -0.0486   -0.0034   -0.9988
   -0.2216    0.9751    0.0074
    0.9739    0.2217   -0.0481
...   130 C-G ...
  -30.5970   47.2101   12.9092
   -0.2677    0.4684   -0.8420
   -0.1132    0.8525    0.5103
    0.9568    0.2319   -0.1752
...   131 A-T ...
  -27.5427   48.5585   12.5744
   -0.3829    0.8369   -0.3912
    0.0948    0.4569    0.8845
    0.9189    0.3016   -0.2542
...   132 A-T ...
  -24.6195   49.6013   11.4978
   -0.2528    0.9508    0.1792
    0.3089   -0.0962    0.9462
    0.9169    0.2945   -0.2694
...   133 A-T ...
  -21.7750   50.6431   10.2376
    0.0302    0.7253    0.6878
    0.3840   -0.6437    0.6620
    0.9228    0.2441   -0.2980
...   134 T-A ...
  -19.0160   52.0246    8.9252
    0.2452    0.2905    0.9249
    0.3073   -0.9281    0.2101
    0.9195    0.2328   -0.3169
...   135 G-C ...
  -16.4638   53.8826    7.5155
    0.5339   -0.3333    0.7771
    0.0346   -0.9097   -0.4139
    0.8449    0.2479   -0.4741
...   136 T-A ...
  -14.1750   56.5548    6.1810
    0.5795   -0.7269    0.3685
   -0.3141   -0.6164   -0.7221
    0.7521    0.3026   -0.5855
...   137 G-C ...
  -11.6539   57.9994    4.7206
    0.2452   -0.9542   -0.1714
   -0.6323   -0.0234   -0.7744
    0.7349    0.2983   -0.6091
...   138 A-T ...
   -8.6759   58.7135    3.6027
   -0.0345   -0.7815   -0.6229
   -0.6536    0.4891   -0.5775
    0.7560    0.3872   -0.5277
...   139 G-C ...
   -6.3275   59.0729    1.6299
   -0.2969   -0.3279   -0.8968
   -0.5657    0.8171   -0.1114
    0.7693    0.4742   -0.4281
...   140 C-G ...
   -3.4370   60.2280    1.0289
   -0.4426    0.2287   -0.8671
   -0.1681    0.9286    0.3308
    0.8808    0.2922   -0.3725
...   141 G-C ...
   -0.6977   63.8913   -2.2507
   -0.9992    0.0157   -0.0376
   -0.0024    0.8991    0.4378
    0.0407    0.4375   -0.8983
...   142 C-G ...
   -1.0065   65.5990   -4.9398
   -0.8337    0.5216    0.1813
    0.5170    0.6219    0.5881
    0.1940    0.5841   -0.7882
...   143 T-A ...
   -0.1333   66.2086   -7.8194
   -0.3754    0.8566    0.3540
    0.8856    0.2187    0.4098
    0.2736    0.4673   -0.8407
...   144 C-G ...
   -0.1666   67.4022  -10.8065
    0.1797    0.8793    0.4411
    0.9277   -0.3007    0.2214
    0.3273    0.3694   -0.8697
...   145 A-T ...
    0.5266   69.2314  -13.4657
    0.7352    0.4964    0.4616
    0.6118   -0.7791   -0.1367
    0.2918    0.3829   -0.8765
...   146 C-G ...
    1.4338   72.0894  -15.6016
    0.9809    0.0621    0.1844
    0.1264   -0.9240   -0.3608
    0.1480    0.3772   -0.9142
...   147 A-T ...
    2.3047   74.2224  -18.3861
    0.8657   -0.4292   -0.2575
   -0.4984   -0.7868   -0.3642
   -0.0463    0.4436   -0.8950
