  147 base-pairs
...     1 A-T ...
    0.0000    0.0000    0.0000
    1.0000    0.0000    0.0000
    0.0000    1.0000    0.0000
    0.0000    0.0000    1.0000
...     2 G-C ...
   -0.1394   -1.2357    3.2268
    0.7529    0.6366    0.1670
   -0.6386    0.7680   -0.0486
   -0.1592   -0.0700    0.9848
...     3 T-A ...
   -0.0365   -3.2932    6.3751
    0.2722    0.9301    0.2466
   -0.9238    0.3243   -0.2033
   -0.2691   -0.1725    0.9475
...     4 G-C ...
   -0.3505   -4.1660    9.4928
   -0.3756    0.9250    0.0579
   -0.8781   -0.3352   -0.3415
   -0.2965   -0.1791    0.9381
...     5 A-T ...
   -0.4462   -4.1476   12.7498
   -0.8116    0.5840   -0.0165
   -0.5523   -0.7762   -0.3042
   -0.1905   -0.2378    0.9524
...     6 G-C ...
   -1.5908   -4.1730   15.6201
   -0.9976    0.0246   -0.0651
   -0.0043   -0.9555   -0.2950
   -0.0695   -0.2940    0.9533
...     7 C-G ...
   -1.1030   -4.4824   18.7362
   -0.8441   -0.5304   -0.0787
    0.5345   -0.8441   -0.0432
   -0.0435   -0.0785    0.9960
...     8 G-C ...
   -2.4028   -7.7290   23.1475
   -0.2754   -0.3293   -0.9032
    0.6650   -0.7437    0.0684
   -0.6942   -0.5818    0.4238
...     9 C-G ...
   -4.4690   -9.9728   24.1132
    0.1145   -0.7025   -0.7024
    0.8512   -0.2952    0.4340
   -0.5122   -0.6476    0.5642
...    10 T-A ...
   -6.7405  -10.8752   25.9697
    0.4841   -0.8363   -0.2574
    0.6595    0.1553    0.7355
   -0.5751   -0.5258    0.6267
...    11 C-G ...
   -9.1656  -12.6208   27.1640
    0.7073   -0.6682    0.2307
    0.3448    0.6110    0.7126
   -0.6171   -0.4245    0.6626
...    12 A-T ...
  -10.9234  -14.6633   29.0693
    0.7515   -0.1377    0.6452
   -0.2029    0.8824    0.4246
   -0.6277   -0.4500    0.6352
...    13 C-G ...
  -11.8476  -17.4863   31.2451
    0.4295    0.2823    0.8578
   -0.5708    0.8209    0.0156
   -0.6998   -0.4963    0.5137
...    14 A-T ...
  -13.5897  -19.7827   33.4259
   -0.1504    0.6104    0.7777
   -0.6874    0.5008   -0.5260
   -0.7106   -0.6136    0.3443
...    15 A-T ...
  -15.7134  -21.7963   34.8054
   -0.4858    0.7992    0.3539
   -0.5016    0.0767   -0.8617
   -0.7158   -0.5962    0.3636
...    16 T-A ...
  -17.7682  -23.5977   36.6243
   -0.6600    0.7414   -0.1215
   -0.2035   -0.3321   -0.9210
   -0.7232   -0.5831    0.3701
...    17 T-A ...
  -20.0893  -25.3143   38.0976
   -0.6587    0.4373   -0.6123
    0.1886   -0.6918   -0.6970
   -0.7284   -0.5746    0.3732
...    18 T-A ...
  -22.5393  -26.9218   39.4880
   -0.4450   -0.0219   -0.8953
    0.5185   -0.8214   -0.2377
   -0.7301   -0.5700    0.3769
...    19 A-T ...
  -24.9368  -28.8780   40.6834
   -0.0320   -0.4640   -0.8853
    0.6654   -0.6708    0.3275
   -0.7458   -0.5786    0.3302
...    20 T-A ...
  -27.7897  -30.3655   41.3796
    0.3017   -0.7378   -0.6039
    0.5926   -0.3510    0.7250
   -0.7468   -0.5766    0.3313
...    21 T-A ...
  -30.3657  -32.1584   42.2023
    0.5752   -0.8127   -0.0934
    0.3259    0.1229    0.9374
   -0.7503   -0.5696    0.3356
...    22 C-G ...
  -32.7781  -34.1187   43.1980
    0.6813   -0.5758    0.4520
   -0.0696    0.5637    0.8231
   -0.7287   -0.5922    0.3440
...    23 G-C ...
  -35.1569  -35.8927   44.6830
    0.6137   -0.1104    0.7818
   -0.4431    0.7714    0.4568
   -0.6535   -0.6267    0.4245
...    24 C-G ...
  -36.9783  -38.2778   46.0451
    0.3175    0.3481    0.8820
   -0.7073    0.7065   -0.0242
   -0.6316   -0.6162    0.4706
...    25 A-T ...
  -39.0758  -40.2406   47.7057
   -0.0486    0.7422    0.6685
   -0.7856    0.3849   -0.4844
   -0.6168   -0.5487    0.5644
...    26 A-T ...
  -40.8471  -42.0230   49.7509
   -0.4643    0.8388    0.2843
   -0.6303   -0.0875   -0.7714
   -0.6222   -0.5374    0.5693
...    27 A-T ...
  -42.7328  -43.6245   51.8406
   -0.7235    0.6621   -0.1957
   -0.2741   -0.5356   -0.7988
   -0.6336   -0.5242    0.5689
...    28 G-C ...
  -44.8331  -45.0516   53.9416
   -0.7109    0.3407   -0.6153
    0.1185   -0.8043   -0.5823
   -0.6932   -0.4869    0.5314
...    29 G-C ...
  -47.3782  -46.2996   55.7569
   -0.4744   -0.0834   -0.8763
    0.4475   -0.8801   -0.1585
   -0.7581   -0.4674    0.4548
...    30 C-G ...
  -50.1462  -47.4669   57.0977
   -0.1258   -0.5136   -0.8487
    0.6121   -0.7135    0.3410
   -0.7807   -0.4766    0.4041
...    31 C-G ...
  -52.9633  -49.0090   58.0810
    0.2794   -0.7734   -0.5691
    0.5555   -0.3532    0.7527
   -0.7832   -0.5264    0.3309
...    32 G-C ...
  -55.2716  -51.0033   59.4021
    0.6071   -0.7892   -0.0923
    0.2745    0.0994    0.9564
   -0.7457   -0.6060    0.2770
...    33 G-C ...
  -57.6855  -53.2640   60.0300
    0.7062   -0.5731    0.4157
   -0.1132    0.4882    0.8654
   -0.6989   -0.6582    0.2799
...    34 C-G ...
  -59.8011  -55.7209   60.6980
    0.5546   -0.1987    0.8080
   -0.4820    0.7148    0.5066
   -0.6783   -0.6705    0.3007
...    35 C-G ...
  -61.8152  -58.2336   61.7114
    0.2604    0.2605    0.9297
   -0.7084    0.7058    0.0006
   -0.6560   -0.6588    0.3683
...    36 C-G ...
  -63.7295  -60.6492   63.0993
   -0.0963    0.6480    0.7556
   -0.7399    0.4612   -0.4898
   -0.6658   -0.6062    0.4350
...    37 G-C ...
  -66.1619  -62.5110   64.3739
   -0.3842    0.8680    0.3146
   -0.5763    0.0408   -0.8163
   -0.7213   -0.4949    0.4845
...    38 A-T ...
  -68.4441  -64.0951   66.0592
   -0.5958    0.7696   -0.2297
   -0.2610   -0.4561   -0.8508
   -0.7595   -0.4470    0.4726
...    39 C-G ...
  -70.8488  -65.0795   68.0478
   -0.6031    0.4621   -0.6502
    0.0605   -0.7863   -0.6149
   -0.7954   -0.4102    0.4462
...    40 A-T ...
  -73.5983  -66.3509   69.4271
   -0.3616    0.0280   -0.9319
    0.3274   -0.9321   -0.1551
   -0.8729   -0.3612    0.3278
...    41 C-G ...
  -76.6944  -66.9197   70.3431
   -0.1088   -0.4291   -0.8967
    0.4383   -0.8304    0.3442
   -0.8922   -0.3555    0.2784
...    42 G-C ...
  -79.4996  -68.5150   71.1336
    0.2391   -0.7693   -0.5924
    0.3585   -0.4971    0.7902
   -0.9024   -0.4013    0.1570
...    43 A-T ...
  -82.4570  -69.8822   71.4609
    0.4148   -0.9096   -0.0257
    0.1286    0.0307    0.9912
   -0.9008   -0.4144    0.1297
...    44 C-G ...
  -85.3751  -71.4748   71.2723
    0.4229   -0.7620    0.4904
   -0.1167    0.4909    0.8634
   -0.8986   -0.4224    0.1187
...    45 T-A ...
  -88.2086  -73.1778   71.5037
    0.3222   -0.3839    0.8654
   -0.3288    0.8118    0.4825
   -0.8877   -0.4400    0.1354
...    46 T-A ...
  -90.9710  -74.8797   71.7876
    0.0501    0.1298    0.9903
   -0.4325    0.8966   -0.0957
   -0.9003   -0.4234    0.1011
...    47 A-T ...
  -93.9927  -76.2227   72.1061
   -0.1631    0.6448    0.7468
   -0.3672    0.6629   -0.6525
   -0.9157   -0.3806    0.1287
...    48 C-G ...
  -96.7638  -77.7172   73.0452
   -0.2813    0.9092    0.3070
   -0.2266    0.2480   -0.9419
   -0.9325   -0.3346    0.1363
...    49 T-A ...
  -99.8043  -78.6742   73.8521
   -0.2585    0.9410   -0.2184
   -0.0641   -0.2423   -0.9681
   -0.9639   -0.2362    0.1229
...    50 G-C ...
 -103.0940  -79.1335   74.2002
   -0.0854    0.7038   -0.7053
    0.0456   -0.7043   -0.7084
   -0.9953   -0.0926    0.0280
...    51 T-A ...
 -106.3142  -78.8115   74.5206
    0.0159    0.2646   -0.9642
    0.0573   -0.9630   -0.2633
   -0.9982   -0.0511   -0.0305
...    52 A-T ...
 -109.5989  -78.6354   74.1033
    0.1862   -0.2770   -0.9427
   -0.0315   -0.9606    0.2760
   -0.9820   -0.0217   -0.1876
...    53 G-C ...
 -112.7619  -78.4267   73.1896
    0.1976   -0.7298   -0.6545
   -0.1741   -0.6832    0.7092
   -0.9647   -0.0262   -0.2620
...    54 G-C ...
 -115.8436  -78.6161   71.8245
    0.1188   -0.9808   -0.1545
   -0.3116   -0.1845    0.9321
   -0.9428   -0.0626   -0.3275
...    55 T-A ...
 -118.7209  -78.8913   70.1460
   -0.0736   -0.9319    0.3550
   -0.3363    0.3584    0.8709
   -0.9389   -0.0553   -0.3398
...    56 A-T ...
 -122.0088  -78.5265   69.3509
   -0.3640   -0.4729    0.8025
   -0.1676    0.8807    0.4430
   -0.9162    0.0267   -0.3998
...    57 T-A ...
 -124.9179  -79.0910   67.8611
   -0.4214    0.0443    0.9058
    0.0629    0.9978   -0.0195
   -0.9047    0.0488   -0.4233
...    58 C-G ...
 -127.8622  -79.0401   66.4043
   -0.2706    0.6171    0.7389
    0.3264    0.7809   -0.5326
   -0.9057    0.0971   -0.4127
...    59 T-A ...
 -130.9726  -78.8018   65.3320
    0.0208    0.9159    0.4010
    0.4309    0.3537   -0.8302
   -0.9022    0.1900   -0.3873
...    60 C-G ...
 -133.9298  -78.1425   64.1685
    0.3425    0.9341   -0.1004
    0.3417   -0.2235   -0.9129
   -0.8752    0.2783   -0.3957
...    61 G-C ...
 -136.6492  -77.0190   62.6197
    0.6332    0.6105   -0.4758
    0.0694   -0.6570   -0.7507
   -0.7709    0.4423   -0.4583
...    62 A-T ...
 -138.9763  -75.3652   61.0804
    0.6212    0.0969   -0.7777
   -0.3359   -0.8636   -0.3760
   -0.7080    0.4948   -0.5039
...    63 G-C ...
 -140.9997  -73.4144   59.3595
    0.4139   -0.3968   -0.8193
   -0.6476   -0.7609    0.0413
   -0.6398    0.5135   -0.5719
...    64 C-G ...
 -142.6455  -71.5855   57.1383
    0.0141   -0.7598   -0.6500
   -0.8039   -0.3952    0.4445
   -0.5946    0.5163   -0.6164
...    65 T-A ...
 -144.3057  -69.9196   54.7978
   -0.4092   -0.8593   -0.3068
   -0.7162    0.0942    0.6915
   -0.5653    0.5027   -0.6540
...    66 C-G ...
 -146.1119  -68.3563   52.5233
   -0.7719   -0.6174    0.1518
   -0.3302    0.5933    0.7341
   -0.5433    0.5166   -0.6618
...    67 G-C ...
 -147.8915  -66.2174   50.6768
   -0.7976   -0.1872    0.5734
    0.1827    0.8309    0.5255
   -0.5749    0.5239   -0.6285
...    68 G-C ...
 -149.7803  -64.6346   48.3651
   -0.5303    0.2625    0.8062
    0.6082    0.7803    0.1459
   -0.5907    0.5677   -0.5734
...    69 G-C ...
 -151.8849  -62.9520   46.3375
   -0.0650    0.5796    0.8123
    0.8157    0.4997   -0.2913
   -0.5748    0.6437   -0.5053
...    70 A-T ...
 -153.8065  -60.9266   44.6875
    0.4513    0.7070    0.5445
    0.7186    0.0739   -0.6915
   -0.5291    0.7034   -0.4747
...    71 T-A ...
 -155.8211  -58.5604   43.7354
    0.7704    0.6155    0.1662
    0.4079   -0.2755   -0.8705
   -0.4900    0.7384   -0.4633
...    72 C-G ...
 -157.2484  -56.0159   42.3472
    0.9086    0.2866   -0.3039
   -0.1061   -0.5454   -0.8314
   -0.4040    0.7877   -0.4651
...    73 C-G ...
 -158.0889  -53.0738   40.9533
    0.7632   -0.1352   -0.6319
   -0.5850   -0.5600   -0.5867
   -0.2745    0.8174   -0.5064
...    74 G-C ...
 -158.7902  -50.6044   38.8178
    0.3511   -0.5112   -0.7845
   -0.9269   -0.3082   -0.2140
   -0.1324    0.8023   -0.5821
...    75 C-G ...
 -158.7011  -48.0464   36.7028
   -0.2067   -0.6156   -0.7604
   -0.9745    0.0606    0.2158
   -0.0868    0.7857   -0.6125
...    76 T-A ...
 -158.6726  -45.6073   34.4479
   -0.6935   -0.4971   -0.5214
   -0.7175    0.4114    0.5621
   -0.0649    0.7640   -0.6420
...    77 T-A ...
 -158.5802  -43.2700   32.1636
   -0.9844   -0.1068   -0.1401
   -0.1762    0.6109    0.7718
    0.0032    0.7844   -0.6202
...    78 T-A ...
 -158.4511  -40.9297   29.8892
   -0.9005    0.3138    0.3011
    0.4296    0.5336    0.7285
    0.0679    0.7854   -0.6153
...    79 A-T ...
 -157.7981  -38.1913   28.0453
   -0.4334    0.5825    0.6877
    0.8948    0.1873    0.4052
    0.1072    0.7909   -0.6024
...    80 A-T ...
 -157.6641  -35.6359   26.0606
    0.1456    0.5702    0.8085
    0.9804   -0.1926   -0.0407
    0.1325    0.7986   -0.5870
...    81 C-G ...
 -157.7544  -32.8336   24.3800
    0.6187    0.3379    0.7093
    0.7663   -0.4585   -0.4500
    0.1732    0.8220   -0.5426
...    82 A-T ...
 -157.0211  -30.0356   22.6921
    0.8951   -0.1018    0.4340
    0.3193   -0.5331   -0.7835
    0.3111    0.8399   -0.4447
...    83 C-G ...
 -155.9387  -27.0582   21.8888
    0.9101   -0.4144    0.0028
   -0.1704   -0.3804   -0.9090
    0.3777    0.8268   -0.4168
...    84 T-A ...
 -154.3364  -24.3677   20.8516
    0.6553   -0.6198   -0.4317
   -0.5892   -0.0618   -0.8056
    0.4727    0.7823   -0.4057
...    85 T-A ...
 -152.5483  -21.9034   19.7343
    0.2083   -0.5464   -0.8112
   -0.8438    0.3190   -0.4316
    0.4946    0.7744   -0.3946
...    86 T-A ...
 -150.6379  -19.5454   18.5572
   -0.2959   -0.2399   -0.9246
   -0.8044    0.5846    0.1058
    0.5151    0.7751   -0.3659
...    87 A-T ...
 -149.1516  -16.6698   17.5933
   -0.7099    0.2328   -0.6647
   -0.4342    0.5984    0.6733
    0.5545    0.7666   -0.3238
...    88 T-A ...
 -147.1347  -14.5704   16.0010
   -0.8153    0.5294   -0.2346
   -0.0146    0.3862    0.9223
    0.5788    0.7554   -0.3071
...    89 G-C ...
 -145.2022  -11.9735   15.2836
   -0.7122    0.6033    0.3590
    0.4559    0.0085    0.8900
    0.5339    0.7975   -0.2811
...    90 C-G ...
 -143.6546   -9.3252   14.0376
   -0.3755    0.4734    0.7968
    0.7611   -0.3330    0.5566
    0.5289    0.8154   -0.2353
...    91 T-A ...
 -142.1873   -6.4614   13.3010
    0.0309    0.1688    0.9852
    0.8454   -0.5302    0.0644
    0.5332    0.8309   -0.1591
...    92 T-A ...
 -140.6474   -3.6524   12.8776
    0.4723   -0.1855    0.8617
    0.6858   -0.5368   -0.4914
    0.5537    0.8231   -0.1263
...    93 C-G ...
 -138.8172   -0.9720   12.6617
    0.7398   -0.5135    0.4348
    0.3060   -0.3187   -0.8971
    0.5992    0.7967   -0.0786
...    94 C-G ...
 -136.6330    1.5896   12.8812
    0.7194   -0.6879   -0.0957
   -0.1003    0.0335   -0.9944
    0.6873    0.7250   -0.0449
...    95 G-C ...
 -134.1581    3.7816   12.4167
    0.4576   -0.6440   -0.6131
   -0.4203    0.4509   -0.7874
    0.7835    0.6180   -0.0643
...    96 G-C ...
 -131.2056    5.4346   12.2476
    0.0985   -0.3475   -0.9325
   -0.5582    0.7564   -0.3409
    0.8238    0.5541   -0.1195
...    97 C-G ...
 -128.2406    6.8552   11.7694
   -0.2473    0.1053   -0.9632
   -0.4990    0.8382    0.2198
    0.8306    0.5350   -0.1547
...    98 T-A ...
 -125.3779    8.3580   11.0130
   -0.5023    0.5160   -0.6939
   -0.2706    0.6683    0.6929
    0.8213    0.5358   -0.1961
...    99 C-G ...
 -122.6761   10.0750   10.2622
   -0.5732    0.8064   -0.1459
    0.0809    0.2328    0.9691
    0.8154    0.5437   -0.1987
...   100 G-C ...
 -119.8825   11.9085   10.0620
   -0.5000    0.7456    0.4406
    0.3932   -0.2578    0.8826
    0.7716    0.6145   -0.1643
...   101 T-A ...
 -117.6885   14.1991    9.0992
   -0.2436    0.4841    0.8404
    0.5903   -0.6136    0.5245
    0.7696    0.6238   -0.1363
...   102 C-G ...
 -115.2323   16.3200    8.6748
    0.1133    0.0085    0.9935
    0.6215   -0.7808   -0.0642
    0.7752    0.6247   -0.0938
...   103 A-T ...
 -112.5516   18.2857    8.4484
    0.3461   -0.5002    0.7937
    0.4747   -0.6364   -0.6080
    0.8092    0.5872    0.0172
...   104 T-A ...
 -110.1841   20.4692    9.0748
    0.5207   -0.7622    0.3845
    0.2417   -0.3003   -0.9227
    0.8188    0.5734    0.0279
...   105 G-C ...
 -107.2826   22.1158    9.1846
    0.4630   -0.8649   -0.1938
   -0.0536    0.1909   -0.9801
    0.8847    0.4642    0.0420
...   106 T-A ...
 -104.2692   23.2794    9.8723
    0.3336   -0.6599   -0.6732
   -0.2726    0.6161   -0.7390
    0.9025    0.4300    0.0256
...   107 T-A ...
 -101.2468   24.4340   10.1188
    0.1187   -0.2004   -0.9725
   -0.4053    0.8844   -0.2317
    0.9065    0.4216    0.0238
...   108 A-T ...
  -98.2533   25.9038   10.1288
   -0.1842    0.3405   -0.9220
   -0.3750    0.8428    0.3862
    0.9086    0.4169   -0.0276
...   109 T-A ...
  -95.1004   26.7310    9.6297
   -0.3449    0.7213   -0.6007
   -0.2279    0.5564    0.7990
    0.9105    0.4125   -0.0275
...   110 A-T ...
  -92.0965   28.1966    9.7795
   -0.4279    0.9038    0.0071
    0.0358    0.0091    0.9993
    0.9031    0.4279   -0.0362
...   111 A-T ...
  -89.2180   29.6532    9.3891
   -0.3189    0.7536    0.5748
    0.2683   -0.5098    0.8174
    0.9090    0.4149   -0.0396
...   112 C-G ...
  -86.4887   31.4704    8.9054
   -0.1530    0.3680    0.9172
    0.4007   -0.8253    0.3979
    0.9033    0.4284   -0.0212
...   113 G-C ...
  -83.3326   32.5613    9.0375
   -0.0006   -0.1969    0.9804
    0.4371   -0.8819   -0.1768
    0.8994    0.4284    0.0866
...   114 G-C ...
  -80.4444   34.2161    9.5986
    0.1568   -0.6750    0.7210
    0.3838   -0.6310   -0.6742
    0.9100    0.3824    0.1601
...   115 A-T ...
  -77.5025   35.4939   10.2413
    0.3124   -0.9309    0.1891
    0.2260   -0.1205   -0.9666
    0.9227    0.3447    0.1727
...   116 T-A ...
  -74.6219   36.4964   11.4713
    0.3724   -0.8705   -0.3217
    0.0396    0.3612   -0.9316
    0.9272    0.3342    0.1689
...   117 A-T ...
  -71.4749   37.4220   12.0510
    0.2390   -0.5437   -0.8045
   -0.1523    0.7973   -0.5841
    0.9590    0.2621    0.1077
...   118 T-A ...
  -68.2490   37.6318   12.6332
    0.1166   -0.0773   -0.9902
   -0.2466    0.9635   -0.1042
    0.9621    0.2563    0.0933
...   119 A-T ...
  -65.0277   38.4496   12.7988
   -0.1283    0.4620   -0.8776
   -0.2370    0.8449    0.4795
    0.9630    0.2695    0.0011
...   120 A-T ...
  -61.8694   39.1474   12.5726
   -0.2454    0.8557   -0.4556
   -0.1139    0.4413    0.8901
    0.9627    0.2703   -0.0109
...   121 T-A ...
  -58.7399   39.8760   11.8590
   -0.2702    0.9613    0.0541
    0.0313   -0.0474    0.9984
    0.9623    0.2714   -0.0173
...   122 G-C ...
  -55.5947   40.9254   12.0835
   -0.2807    0.7381    0.6135
    0.2141   -0.5750    0.7897
    0.9356    0.3530    0.0033
...   123 T-A ...
  -52.7324   42.5794   11.7598
   -0.1424    0.3232    0.9356
    0.3346   -0.8738    0.3528
    0.9315    0.3633    0.0162
...   124 G-C ...
  -49.5811   43.5904   12.0351
    0.0060   -0.2612    0.9653
    0.3753   -0.8941   -0.2442
    0.9269    0.3638    0.0927
...   125 T-A ...
  -46.7752   45.2570   12.6867
    0.1822   -0.6966    0.6939
    0.3121   -0.6283   -0.7126
    0.9324    0.3465    0.1029
...   126 C-G ...
  -43.7414   46.4193   13.1454
    0.3000   -0.9431    0.1432
    0.1427   -0.1041   -0.9843
    0.9432    0.3157    0.1033
...   127 G-C ...
  -40.5632   47.4425   13.1580
    0.2035   -0.8805   -0.4282
   -0.0381    0.4299   -0.9021
    0.9783    0.1999    0.0539
...   128 A-T ...
  -37.3635   48.0152   13.4202
    0.0872   -0.4854   -0.8699
   -0.1449    0.8578   -0.4931
    0.9856    0.1690    0.0045
...   129 C-G ...
  -34.0833   47.9263   13.5513
   -0.0508    0.0120   -0.9986
   -0.1538    0.9879    0.0197
    0.9868    0.1546   -0.0483
...   130 C-G ...
  -30.7541   48.1190   13.0892
   -0.2304    0.5142   -0.8262
   -0.0658    0.8388    0.5404
    0.9709    0.1789   -0.1595
...   131 A-T ...
  -27.5686   48.8803   12.4756
   -0.3380    0.8667   -0.3668
    0.1281    0.4285    0.8944
    0.9324    0.2553   -0.2559
...   132 A-T ...
  -24.6389   49.7042   11.3529
   -0.2034    0.9580    0.2020
    0.3128   -0.1319    0.9406
    0.9278    0.2545   -0.2729
...   133 A-T ...
  -21.7536   50.6759   10.2095
    0.0354    0.7178    0.6953
    0.3794   -0.6533    0.6552
    0.9246    0.2406   -0.2955
...   134 T-A ...
  -19.0160   52.0244    8.9250
    0.2452    0.2905    0.9249
    0.3073   -0.9281    0.2101
    0.9195    0.2328   -0.3169
...   135 G-C ...
  -16.4637   53.8824    7.5154
    0.5339   -0.3333    0.7771
    0.0346   -0.9097   -0.4139
    0.8449    0.2479   -0.4741
...   136 T-A ...
  -14.1749   56.5546    6.1809
    0.5795   -0.7269    0.3685
   -0.3141   -0.6164   -0.7221
    0.7521    0.3026   -0.5855
...   137 G-C ...
  -11.6538   57.9992    4.7205
    0.2452   -0.9542   -0.1714
   -0.6323   -0.0234   -0.7744
    0.7349    0.2983   -0.6091
...   138 A-T ...
   -8.6759   58.7133    3.6025
   -0.0345   -0.7815   -0.6229
   -0.6536    0.4891   -0.5775
    0.7560    0.3872   -0.5277
...   139 G-C ...
   -6.3275   59.0727    1.6297
   -0.2969   -0.3279   -0.8968
   -0.5657    0.8171   -0.1114
    0.7693    0.4742   -0.4281
...   140 C-G ...
   -3.4369   60.2278    1.0288
   -0.4426    0.2287   -0.8671
   -0.1681    0.9286    0.3308
    0.8808    0.2922   -0.3725
...   141 G-C ...
   -0.6976   63.8911   -2.2509
   -0.9992    0.0157   -0.0376
   -0.0024    0.8991    0.4378
    0.0407    0.4375   -0.8983
...   142 C-G ...
   -1.0065   65.5988   -4.9400
   -0.8337    0.5216    0.1813
    0.5170    0.6219    0.5881
    0.1940    0.5841   -0.7882
...   143 T-A ...
   -0.1333   66.2084   -7.8195
   -0.3753    0.8566    0.3540
    0.8856    0.2187    0.4098
    0.2736    0.4673   -0.8407
...   144 C-G ...
   -0.1666   67.4020  -10.8067
    0.1797    0.8793    0.4411
    0.9277   -0.3007    0.2214
    0.3273    0.3694   -0.8697
...   145 A-T ...
    0.5267   69.2312  -13.4658
    0.7352    0.4964    0.4616
    0.6118   -0.7791   -0.1367
    0.2918    0.3829   -0.8765
...   146 C-G ...
    1.4338   72.0892  -15.6018
    0.9809    0.0621    0.1844
    0.1264   -0.9240   -0.3608
    0.1480    0.3772   -0.9142
...   147 A-T ...
    2.3047   74.2222  -18.3862
    0.8657   -0.4292   -0.2575
   -0.4984   -0.7868   -0.3642
   -0.0463    0.4436   -0.8950
