  147 base-pairs
...     1 A-T ...
    0.0000    0.0000    0.0000
    1.0000    0.0000    0.0000
    0.0000    1.0000    0.0000
    0.0000    0.0000    1.0000
...     2 G-C ...
   -0.1394   -1.2357    3.2268
    0.7529    0.6366    0.1670
   -0.6386    0.7680   -0.0486
   -0.1592   -0.0700    0.9848
...     3 T-A ...
   -0.0365   -3.2932    6.3751
    0.2722    0.9301    0.2466
   -0.9238    0.3243   -0.2033
   -0.2691   -0.1725    0.9475
...     4 G-C ...
   -0.3505   -4.1660    9.4928
   -0.3756    0.9250    0.0579
   -0.8781   -0.3352   -0.3415
   -0.2965   -0.1791    0.9381
...     5 A-T ...
   -0.4462   -4.1476   12.7498
   -0.8116    0.5840   -0.0165
   -0.5523   -0.7762   -0.3042
   -0.1905   -0.2378    0.9524
...     6 G-C ...
   -1.5908   -4.1730   15.6201
   -0.9976    0.0246   -0.0651
   -0.0043   -0.9555   -0.2950
   -0.0695   -0.2940    0.9533
...     7 C-G ...
   -1.1030   -4.4824   18.7362
   -0.8441   -0.5304   -0.0787
    0.5345   -0.8441   -0.0432
   -0.0435   -0.0785    0.9960
...     8 G-C ...
   -2.4028   -7.7290   23.1475
   -0.2754   -0.3293   -0.9032
    0.6650   -0.7437    0.0684
   -0.6942   -0.5818    0.4238
...     9 C-G ...
   -4.4690   -9.9728   24.1132
    0.1145   -0.7025   -0.7024
    0.8512   -0.2952    0.4340
   -0.5122   -0.6476    0.5642
...    10 T-A ...
   -6.7405  -10.8752   25.9697
    0.4841   -0.8363   -0.2574
    0.6595    0.1553    0.7355
   -0.5751   -0.5258    0.6267
...    11 C-G ...
   -9.1656  -12.6208   27.1640
    0.7073   -0.6682    0.2307
    0.3448    0.6110    0.7126
   -0.6171   -0.4245    0.6626
...    12 A-T ...
  -10.9234  -14.6633   29.0693
    0.7515   -0.1377    0.6452
   -0.2029    0.8824    0.4246
   -0.6277   -0.4500    0.6352
...    13 C-G ...
  -11.8476  -17.4863   31.2451
    0.4295    0.2823    0.8578
   -0.5708    0.8209    0.0156
   -0.6998   -0.4963    0.5137
...    14 A-T ...
  -13.5897  -19.7827   33.4259
   -0.1504    0.6104    0.7777
   -0.6874    0.5008   -0.5260
   -0.7106   -0.6136    0.3443
...    15 A-T ...
  -15.8122  -21.8042   34.6419
   -0.4865    0.8083    0.3316
   -0.4880    0.0635   -0.8706
   -0.7247   -0.5854    0.3635
...    16 T-A ...
  -17.9073  -23.6540   36.5578
   -0.6969    0.6968   -0.1699
   -0.1484   -0.3719   -0.9163
   -0.7017   -0.6134    0.3625
...    17 T-A ...
  -20.1715  -25.4486   38.1256
   -0.6797    0.3255   -0.6573
    0.2888   -0.7050   -0.6477
   -0.6742   -0.6301    0.3852
...    18 T-A ...
  -22.4606  -27.2676   39.5107
   -0.3997   -0.1118   -0.9098
    0.6138   -0.7698   -0.1751
   -0.6808   -0.6285    0.3763
...    19 A-T ...
  -24.6196  -29.5129   40.6681
    0.0532   -0.4822   -0.8744
    0.7221   -0.5862    0.3672
   -0.6897   -0.6510    0.3171
...    20 T-A ...
  -27.3577  -31.2584   41.3600
    0.3994   -0.7251   -0.5609
    0.6008   -0.2552    0.7576
   -0.6925   -0.6396    0.3337
...    21 T-A ...
  -29.7786  -33.3076   42.1717
    0.6643   -0.7463   -0.0406
    0.2719    0.1908    0.9432
   -0.6962   -0.6377    0.3297
...    22 C-G ...
  -32.0333  -35.4478   43.2032
    0.7244   -0.4808    0.4940
   -0.1652    0.5746    0.8016
   -0.6693   -0.6623    0.3368
...    23 G-C ...
  -34.2773  -37.3124   44.8838
    0.6050    0.0116    0.7961
   -0.5583    0.7190    0.4139
   -0.5676   -0.6949    0.4415
...    24 C-G ...
  -35.8577  -39.8298   46.2293
    0.2621    0.4233    0.8673
   -0.7888    0.6117   -0.0601
   -0.5559   -0.6683    0.4942
...    25 A-T ...
  -37.9141  -41.8507   47.7815
   -0.1597    0.7459    0.6466
   -0.8089    0.2766   -0.5189
   -0.5659   -0.6059    0.5592
...    26 A-T ...
  -39.6168  -43.7821   49.8096
   -0.5723    0.7824    0.2458
   -0.5900   -0.1847   -0.7860
   -0.5696   -0.5948    0.5673
...    27 A-T ...
  -41.2448  -45.5714   51.9798
   -0.8081    0.5396   -0.2365
   -0.1620   -0.5894   -0.7914
   -0.5664   -0.6012    0.5637
...    28 G-C ...
  -43.2468  -47.1396   54.1830
   -0.7358    0.1971   -0.6479
    0.2607   -0.8006   -0.5395
   -0.6251   -0.5659    0.5377
...    29 G-C ...
  -45.6962  -48.7109   56.0249
   -0.4161   -0.2221   -0.8818
    0.6055   -0.7911   -0.0865
   -0.6784   -0.5699    0.4637
...    30 C-G ...
  -48.2524  -50.2843   57.3049
    0.0120   -0.5763   -0.8172
    0.7146   -0.5667    0.4101
   -0.6994   -0.5889    0.4050
...    31 C-G ...
  -50.8215  -52.0526   58.5127
    0.4497   -0.7451   -0.4925
    0.5762   -0.1793    0.7974
   -0.6825   -0.6424    0.3487
...    32 G-C ...
  -52.6222  -54.2033   59.7050
    0.7368   -0.6731   -0.0634
    0.2467    0.1805    0.9521
   -0.6294   -0.7172    0.2990
...    33 G-C ...
  -54.3325  -57.0187   60.4599
    0.7805   -0.4337    0.4502
   -0.2207    0.4826    0.8475
   -0.5849   -0.7609    0.2810
...    34 C-G ...
  -55.9853  -59.7430   61.1726
    0.5546   -0.0762    0.8286
   -0.6173    0.6301    0.4711
   -0.5580   -0.7728    0.3024
...    35 C-G ...
  -57.4643  -62.5576   62.3746
    0.1489    0.3159    0.9370
   -0.8273    0.5589   -0.0570
   -0.5417   -0.7667    0.3446
...    36 C-G ...
  -58.9916  -65.2409   63.6945
   -0.2879    0.6046    0.7427
   -0.7854    0.2946   -0.5443
   -0.5479   -0.7400    0.3900
...    37 G-C ...
  -61.1932  -67.6699   64.3109
   -0.6062    0.7370    0.2988
   -0.5006   -0.0617   -0.8635
   -0.6180   -0.6730    0.4063
...    38 A-T ...
  -62.9949  -69.8984   65.5893
   -0.7691    0.5862   -0.2548
   -0.0471   -0.4495   -0.8920
   -0.6374   -0.6741    0.3733
...    39 C-G ...
  -65.2398  -71.6266   67.0495
   -0.6425    0.3288   -0.6922
    0.3353   -0.6916   -0.6397
   -0.6891   -0.6431    0.3341
...    40 A-T ...
  -67.7093  -73.5909   68.0789
   -0.2717   -0.0085   -0.9624
    0.5968   -0.7860   -0.1616
   -0.7550   -0.6182    0.2186
...    41 C-G ...
  -70.5171  -75.2337   68.4220
    0.1082   -0.3570   -0.9278
    0.6317   -0.6959    0.3415
   -0.7676   -0.6231    0.1502
...    42 G-C ...
  -72.7550  -77.6308   68.9442
    0.4977   -0.6457   -0.5791
    0.4004   -0.4212    0.8138
   -0.7694   -0.6369    0.0489
...    43 A-T ...
  -75.2073  -79.6387   69.0258
    0.6325   -0.7745    0.0029
    0.0330    0.0307    0.9990
   -0.7738   -0.6318    0.0449
...    44 C-G ...
  -77.5923  -81.8968   68.5181
    0.5732   -0.6311    0.5226
   -0.3168    0.4175    0.8516
   -0.7557   -0.6538    0.0394
...    45 T-A ...
  -79.8417  -84.7568   68.2047
    0.2976   -0.3124    0.9021
   -0.5709    0.6992    0.4305
   -0.7652   -0.6431    0.0298
...    46 T-A ...
  -82.0369  -87.1748   68.0200
   -0.0610    0.0562    0.9966
   -0.6180    0.7819   -0.0819
   -0.7838   -0.6209   -0.0130
...    47 A-T ...
  -84.6084  -89.2627   68.0642
   -0.3332    0.5298    0.7799
   -0.4775    0.6185   -0.6241
   -0.8130   -0.5804    0.0469
...    48 C-G ...
  -86.9516  -91.4794   68.7086
   -0.4914    0.7993    0.3459
   -0.2328    0.2621   -0.9365
   -0.8393   -0.5407    0.0572
...    49 T-A ...
  -89.7320  -93.2061   69.3990
   -0.4559    0.8704   -0.1860
    0.0284   -0.1947   -0.9805
   -0.8896   -0.4522    0.0641
...    50 G-C ...
  -92.9579  -94.3183   69.5835
   -0.1944    0.7087   -0.6782
    0.2249   -0.6408   -0.7340
   -0.9548   -0.2952   -0.0348
...    51 T-A ...
  -96.1105  -94.7514   69.7500
    0.0205    0.3612   -0.9323
    0.2656   -0.9009   -0.3432
   -0.9639   -0.2405   -0.1144
...    52 A-T ...
  -99.3564  -94.7149   68.9480
    0.3461   -0.0859   -0.9343
    0.1347   -0.9809    0.1401
   -0.9285   -0.1744   -0.3279
...    53 G-C ...
 -102.3258  -94.8349   67.7225
    0.4419   -0.5350   -0.7201
   -0.1061   -0.8282    0.5503
   -0.8908   -0.1667   -0.4227
...    54 G-C ...
 -105.1977  -94.9151   65.4424
    0.3587   -0.8857   -0.2948
   -0.3677   -0.4243    0.8275
   -0.8580   -0.1884   -0.4779
...    55 T-A ...
 -107.7126  -95.5719   63.3965
    0.0939   -0.9822    0.1624
   -0.5157    0.0915    0.8519
   -0.8516   -0.1637   -0.4979
...    56 A-T ...
 -110.3505  -96.2623   61.4102
   -0.2466   -0.7408    0.6249
   -0.4738    0.6546    0.5890
   -0.8454   -0.1508   -0.5125
...    57 T-A ...
 -112.7472  -97.3013   59.3621
   -0.4921   -0.3099    0.8135
   -0.2578    0.9444    0.2038
   -0.8315   -0.1094   -0.5447
...    58 C-G ...
 -115.5365  -97.9736   57.6088
   -0.5504    0.3294    0.7672
    0.1275    0.9413   -0.3127
   -0.8251   -0.0743   -0.5600
...    59 T-A ...
 -118.4469  -98.3583   56.0178
   -0.3394    0.7675    0.5438
    0.3990    0.6410   -0.6557
   -0.8518   -0.0056   -0.5238
...    60 C-G ...
 -121.3893  -98.3974   54.3841
    0.0071    0.9907    0.1355
    0.5215    0.1119   -0.8459
   -0.8532    0.0767   -0.5159
...    61 G-C ...
 -123.9441  -97.7341   52.4046
    0.4886    0.8663   -0.1041
    0.4198   -0.3380   -0.8424
   -0.7649    0.3679   -0.5288
...    62 A-T ...
 -126.4316  -96.3878   50.6870
    0.7109    0.5065   -0.4879
    0.0762   -0.7451   -0.6625
   -0.6991    0.4338   -0.5684
...    63 G-C ...
 -128.4507  -94.4580   48.8696
    0.7130    0.0250   -0.7008
   -0.3302   -0.8697   -0.3669
   -0.6186    0.4929   -0.6118
...    64 C-G ...
 -130.0906  -92.3750   46.7335
    0.4179   -0.4944   -0.7622
   -0.7074   -0.7035    0.0685
   -0.5700    0.5105   -0.6438
...    65 T-A ...
 -131.7418  -90.5664   44.5574
   -0.0250   -0.7887   -0.6143
   -0.8500   -0.3067    0.4283
   -0.5262    0.5328   -0.6627
...    66 C-G ...
 -133.7011  -89.0519   42.4255
   -0.5361   -0.8067   -0.2484
   -0.6903    0.2497    0.6790
   -0.4858    0.5356   -0.6908
...    67 G-C ...
 -135.9668  -86.7814   40.9301
   -0.8304   -0.5212    0.1967
   -0.2595    0.6744    0.6913
   -0.4930    0.5231   -0.6953
...    68 G-C ...
 -137.4200  -84.9860   38.4992
   -0.8098   -0.0858    0.5804
    0.2774    0.8157    0.5077
   -0.5170    0.5721   -0.6367
...    69 G-C ...
 -139.1570  -83.2408   36.2359
   -0.4798    0.2984    0.8251
    0.6722    0.7293    0.1271
   -0.5638    0.6157   -0.5505
...    70 A-T ...
 -141.1764  -81.3500   34.4232
    0.0281    0.6318    0.7746
    0.8333    0.4132   -0.3673
   -0.5521    0.6558   -0.5149
...    71 T-A ...
 -143.4429  -79.3305   33.1640
    0.4744    0.7183    0.5088
    0.7029    0.0389   -0.7102
   -0.5300    0.6946   -0.4864
...    72 C-G ...
 -145.1710  -76.9104   31.8152
    0.8277    0.5584    0.0553
    0.2998   -0.3569   -0.8847
   -0.4743    0.7489   -0.4628
...    73 C-G ...
 -146.7033  -74.3401   30.4940
    0.9262    0.1880   -0.3268
   -0.1690   -0.5677   -0.8057
   -0.3370    0.8015   -0.4941
...    74 G-C ...
 -147.6409  -71.8952   28.4709
    0.7385   -0.2655   -0.6198
   -0.6521   -0.5150   -0.5564
   -0.1715    0.8150   -0.5535
...    75 C-G ...
 -147.5611  -68.9823   26.5787
    0.2338   -0.5190   -0.8222
   -0.9645   -0.2308   -0.1286
   -0.1230    0.8230   -0.5545
...    76 T-A ...
 -147.4212  -66.4017   24.2091
   -0.3592   -0.5368   -0.7634
   -0.9325    0.1730    0.3171
   -0.0382    0.8258   -0.5627
...    77 T-A ...
 -147.1639  -63.8106   22.2209
   -0.8425   -0.2571   -0.4734
   -0.5378    0.4521    0.7116
    0.0311    0.8541   -0.5192
...    78 T-A ...
 -146.7718  -61.1970   20.2586
   -0.9928    0.1191   -0.0087
    0.0511    0.4897    0.8704
    0.1079    0.8637   -0.4923
...    79 A-T ...
 -145.8499  -58.1417   19.2546
   -0.7453    0.4541    0.4882
    0.6369    0.2683    0.7227
    0.1973    0.8496   -0.4892
...    80 A-T ...
 -145.3206  -55.4537   17.6238
   -0.2730    0.5075    0.8172
    0.9354   -0.0583    0.3487
    0.2246    0.8597   -0.4588
...    81 C-G ...
 -145.1797  -52.4925   16.0722
    0.2457    0.3627    0.8989
    0.9361   -0.3295   -0.1230
    0.2516    0.8717   -0.4205
...    82 A-T ...
 -144.3382  -49.4902   14.8715
    0.6830   -0.0001    0.7304
    0.6515   -0.4522   -0.6092
    0.3304    0.8919   -0.3088
...    83 C-G ...
 -143.2984  -46.3428   14.5412
    0.9015   -0.2809    0.3293
    0.2175   -0.3638   -0.9057
    0.3742    0.8881   -0.2668
...    84 T-A ...
 -141.7280  -43.1349   14.2624
    0.8308   -0.5102   -0.2225
   -0.3166   -0.1045   -0.9428
    0.4577    0.8537   -0.2484
...    85 T-A ...
 -139.9966  -40.4093   13.7803
    0.5031   -0.4551   -0.7347
   -0.7317    0.2281   -0.6424
    0.4599    0.8608   -0.2182
...    86 T-A ...
 -138.2315  -37.7169   13.2551
    0.0089   -0.2155   -0.9765
   -0.8867    0.4497   -0.1074
    0.4623    0.8668   -0.1870
...    87 A-T ...
 -136.8624  -34.6027   12.7460
   -0.5436    0.1759   -0.8207
   -0.6855    0.4711    0.5551
    0.4843    0.8644   -0.1356
...    88 T-A ...
 -134.8946  -32.1492   11.7929
   -0.8084    0.3727   -0.4556
   -0.3431    0.3305    0.8792
    0.4783    0.8671   -0.1393
...    89 G-C ...
 -133.4334  -29.2607   11.0742
   -0.8893    0.4178    0.1862
    0.2325    0.0623    0.9706
    0.3939    0.9064   -0.1525
...    90 C-G ...
 -132.5238  -26.1992   10.3856
   -0.6396    0.3374    0.6907
    0.6680   -0.2007    0.7166
    0.3804    0.9197   -0.0970
...    91 T-A ...
 -131.6011  -22.9304    9.8785
   -0.1732    0.1200    0.9776
    0.9149   -0.3480    0.2048
    0.3648    0.9298   -0.0495
...    92 T-A ...
 -130.6283  -19.8889    9.8002
    0.3283   -0.1557    0.9317
    0.8658   -0.3446   -0.3627
    0.3775    0.9257    0.0216
...    93 C-G ...
 -129.4580  -16.8433   10.1877
    0.7170   -0.4053    0.5671
    0.5462   -0.1787   -0.8184
    0.4330    0.8965    0.0933
...    94 C-G ...
 -127.9764  -13.7702   11.0818
    0.8584   -0.5125    0.0202
    0.0806    0.0959   -0.9921
    0.5066    0.8533    0.1236
...    95 T-A ...
 -126.0538  -11.2404   11.7794
    0.7441   -0.4535   -0.4906
   -0.3391    0.3763   -0.8622
    0.5756    0.8079    0.1262
...    96 C-G ...
 -123.8263   -8.8495   12.0096
    0.4084   -0.2015   -0.8903
   -0.6594    0.6093   -0.4404
    0.6312    0.7669    0.1160
...    97 A-T ...
 -121.3953   -6.5389   12.5990
   -0.0628    0.0772   -0.9950
   -0.7156    0.6915    0.0988
    0.6957    0.7183    0.0118
...    98 T-A ...
 -118.8042   -4.5561   12.4378
   -0.4271    0.4002   -0.8108
   -0.5806    0.5660    0.5852
    0.6932    0.7207   -0.0094
...    99 G-C ...
 -116.3472   -2.1937   12.2465
   -0.7142    0.6321   -0.3006
   -0.2148    0.2108    0.9536
    0.6661    0.7457   -0.0148
...   100 T-A ...
 -114.0768    0.2139   11.5915
   -0.7104    0.6527    0.2634
    0.1947   -0.1773    0.9647
    0.6763    0.7366   -0.0011
...   101 T-A ...
 -111.9968    2.6289   11.4232
   -0.4841    0.4351    0.7591
    0.5541   -0.5190    0.6509
    0.6772    0.7357    0.0102
...   102 A-T ...
 -109.5549    4.9214   11.6551
   -0.0991    0.0075    0.9950
    0.7265   -0.6828    0.0775
    0.6800    0.7305    0.0622
...   103 T-A ...
 -107.9151    7.7013   12.0048
    0.2736   -0.3387    0.9002
    0.6732   -0.6010   -0.4307
    0.6870    0.7239    0.0635
...   104 A-T ...
 -105.5016    9.9794   12.2418
    0.5459   -0.6789    0.4910
    0.4220   -0.2835   -0.8611
    0.7238    0.6773    0.1318
...   105 A-T ...
 -103.2152   12.0657   12.9038
    0.6514   -0.7563   -0.0604
    0.0721    0.1409   -0.9874
    0.7553    0.6389    0.1463
...   106 C-G ...
 -100.5532   13.8537   14.0799
    0.5695   -0.5750   -0.5874
   -0.2831    0.5337   -0.7969
    0.7717    0.6201    0.1411
...   107 G-C ...
  -97.9828   15.8745   14.0712
    0.2285   -0.2475   -0.9416
   -0.4989    0.8007   -0.3316
    0.8360    0.5455    0.0594
...   108 G-C ...
  -95.0900   17.4360   13.8643
   -0.1482    0.1560   -0.9766
   -0.4932    0.8442    0.2098
    0.8572    0.5128   -0.0482
...   109 A-T ...
  -92.2902   19.0925   13.5556
   -0.4153    0.6217   -0.6641
   -0.2919    0.6003    0.7446
    0.8616    0.5031   -0.0678
...   110 G-C ...
  -89.4096   20.5663   13.1029
   -0.5452    0.8194   -0.1771
   -0.0265    0.1943    0.9806
    0.8379    0.5394   -0.0842
...   111 G-C ...
  -86.6070   22.4742   12.5569
   -0.5030    0.7524    0.4253
    0.2957   -0.3125    0.9027
    0.8121    0.5798   -0.0653
...   112 C-G ...
  -84.2328   24.7806   12.0308
   -0.2874    0.4325    0.8546
    0.5261   -0.6743    0.5182
    0.8004    0.5985   -0.0338
...   113 T-A ...
  -81.7257   26.9464   11.9058
   -0.0012   -0.0119    0.9999
    0.6042   -0.7967   -0.0088
    0.7968    0.6042    0.0081
...   114 C-G ...
  -79.0402   28.9023   12.0463
    0.3196   -0.4947    0.8082
    0.5066   -0.6316   -0.5869
    0.8008    0.5970    0.0488
...   115 G-C ...
  -76.1546   30.5551   11.8760
    0.4804   -0.8193    0.3129
    0.2347   -0.2237   -0.9460
    0.8451    0.5279    0.0849
...   116 T-A ...
  -73.3124   31.9648   12.8561
    0.4830   -0.8414   -0.2424
   -0.0502    0.2497   -0.9670
    0.8742    0.4792    0.0783
...   117 A-T ...
  -70.1554   33.1412   13.5618
    0.2818   -0.5964   -0.7516
   -0.2785    0.6988   -0.6589
    0.9182    0.3950    0.0308
...   118 T-A ...
  -66.9969   33.7876   13.9980
    0.1056   -0.1647   -0.9807
   -0.3777    0.9056   -0.1928
    0.9199    0.3908    0.0334
...   119 A-T ...
  -63.9757   35.2589   14.0860
   -0.1738    0.3892   -0.9046
   -0.3382    0.8391    0.4260
    0.9249    0.3800   -0.0142
...   120 A-T ...
  -60.9030   36.2480   13.7849
   -0.3494    0.7889   -0.5055
   -0.1678    0.4781    0.8621
    0.9218    0.3861   -0.0347
...   121 T-A ...
  -57.8404   37.3277   12.9971
   -0.3760    0.9265    0.0174
    0.0440   -0.0008    0.9990
    0.9256    0.3764   -0.0405
...   122 G-C ...
  -54.7301   38.7255   12.7076
   -0.3261    0.7217    0.6105
    0.2682   -0.5487    0.7918
    0.9065    0.4220   -0.0147
...   123 T-A ...
  -51.9628   40.4743   12.3834
   -0.1476    0.3435    0.9275
    0.3966   -0.8385    0.3737
    0.9061    0.4230   -0.0124
...   124 G-C ...
  -48.9668   41.9638   12.4058
    0.0563   -0.2330    0.9708
    0.4296   -0.8721   -0.2342
    0.9013    0.4303    0.0510
...   125 T-A ...
  -46.3082   43.7461   12.7857
    0.2338   -0.6691    0.7054
    0.3382   -0.6243   -0.7042
    0.9116    0.4032    0.0803
...   126 C-G ...
  -43.4166   45.0142   13.1301
    0.3867   -0.9086    0.1582
    0.1404   -0.1116   -0.9838
    0.9115    0.4026    0.0844
...   127 G-C ...
  -40.3202   46.1511   12.9137
    0.2288   -0.9004   -0.3700
   -0.0495    0.3688   -0.9282
    0.9722    0.2307    0.0398
...   128 A-T ...
  -37.2718   46.9501   13.1399
    0.1407   -0.5230   -0.8406
   -0.1906    0.8189   -0.5414
    0.9715    0.2364    0.0155
...   129 C-G ...
  -33.9926   46.9675   13.4809
   -0.0313   -0.0272   -0.9991
   -0.2187    0.9756   -0.0197
    0.9753    0.2179   -0.0365
...   130 C-G ...
  -30.6437   47.2213   12.8281
   -0.2540    0.4533   -0.8544
   -0.1194    0.8619    0.4928
    0.9598    0.2272   -0.1648
...   131 A-T ...
  -27.5754   48.5780   12.5217
   -0.3769    0.8330   -0.4050
    0.0866    0.4670    0.8800
    0.9222    0.2966   -0.2482
...   132 A-T ...
  -24.6377   49.6113   11.4750
   -0.2533    0.9522    0.1710
    0.3022   -0.0900    0.9490
    0.9190    0.2920   -0.2649
...   133 A-T ...
  -21.7817   50.6438   10.2304
    0.0270    0.7282    0.6848
    0.3813   -0.6408    0.6663
    0.9241    0.2431   -0.2950
...   134 T-A ...
  -19.0159   52.0244    8.9250
    0.2452    0.2905    0.9249
    0.3073   -0.9281    0.2101
    0.9195    0.2328   -0.3169
...   135 G-C ...
  -16.4637   53.8824    7.5153
    0.5339   -0.3333    0.7771
    0.0346   -0.9097   -0.4139
    0.8449    0.2479   -0.4741
...   136 T-A ...
  -14.1748   56.5546    6.1808
    0.5795   -0.7269    0.3685
   -0.3141   -0.6164   -0.7221
    0.7521    0.3026   -0.5855
...   137 G-C ...
  -11.6537   57.9992    4.7205
    0.2452   -0.9542   -0.1714
   -0.6323   -0.0234   -0.7744
    0.7349    0.2983   -0.6091
...   138 A-T ...
   -8.6758   58.7133    3.6025
   -0.0345   -0.7815   -0.6229
   -0.6536    0.4891   -0.5775
    0.7560    0.3872   -0.5277
...   139 G-C ...
   -6.3274   59.0726    1.6297
   -0.2969   -0.3279   -0.8968
   -0.5657    0.8171   -0.1114
    0.7693    0.4742   -0.4281
...   140 C-G ...
   -3.4368   60.2278    1.0287
   -0.4426    0.2287   -0.8671
   -0.1681    0.9286    0.3308
    0.8808    0.2922   -0.3725
...   141 G-C ...
   -0.6976   63.8911   -2.2509
   -0.9992    0.0157   -0.0376
   -0.0024    0.8991    0.4378
    0.0407    0.4375   -0.8983
...   142 C-G ...
   -1.0064   65.5987   -4.9400
   -0.8337    0.5216    0.1813
    0.5170    0.6219    0.5881
    0.1940    0.5841   -0.7882
...   143 T-A ...
   -0.1332   66.2084   -7.8195
   -0.3753    0.8566    0.3540
    0.8856    0.2187    0.4098
    0.2736    0.4673   -0.8407
...   144 C-G ...
   -0.1665   67.4019  -10.8067
    0.1797    0.8793    0.4411
    0.9277   -0.3007    0.2214
    0.3273    0.3694   -0.8697
...   145 A-T ...
    0.5268   69.2312  -13.4659
    0.7352    0.4964    0.4616
    0.6118   -0.7791   -0.1367
    0.2918    0.3829   -0.8765
...   146 C-G ...
    1.4339   72.0891  -15.6018
    0.9809    0.0621    0.1844
    0.1264   -0.9240   -0.3608
    0.1480    0.3772   -0.9142
...   147 A-T ...
    2.3048   74.2222  -18.3862
    0.8657   -0.4292   -0.2575
   -0.4984   -0.7868   -0.3642
   -0.0463    0.4436   -0.8950
