  147 base-pairs
...     1 A-T ...
    0.0000    0.0000    0.0000
    1.0000    0.0000    0.0000
    0.0000    1.0000    0.0000
    0.0000    0.0000    1.0000
...     2 G-C ...
   -0.1394   -1.2357    3.2268
    0.7529    0.6366    0.1670
   -0.6386    0.7680   -0.0486
   -0.1592   -0.0700    0.9848
...     3 T-A ...
   -0.0365   -3.2932    6.3751
    0.2722    0.9301    0.2466
   -0.9238    0.3243   -0.2033
   -0.2691   -0.1725    0.9475
...     4 G-C ...
   -0.3505   -4.1660    9.4928
   -0.3756    0.9250    0.0579
   -0.8781   -0.3352   -0.3415
   -0.2965   -0.1791    0.9381
...     5 A-T ...
   -0.4462   -4.1476   12.7498
   -0.8116    0.5840   -0.0165
   -0.5523   -0.7762   -0.3042
   -0.1905   -0.2378    0.9524
...     6 G-C ...
   -1.5908   -4.1730   15.6201
   -0.9976    0.0246   -0.0651
   -0.0043   -0.9555   -0.2950
   -0.0695   -0.2940    0.9533
...     7 C-G ...
   -1.1030   -4.4824   18.7362
   -0.8441   -0.5304   -0.0787
    0.5345   -0.8441   -0.0432
   -0.0435   -0.0785    0.9960
...     8 G-C ...
   -2.4028   -7.7290   23.1475
   -0.2754   -0.3293   -0.9032
    0.6650   -0.7437    0.0684
   -0.6942   -0.5818    0.4238
...     9 C-G ...
   -4.4690   -9.9728   24.1132
    0.1145   -0.7025   -0.7024
    0.8512   -0.2952    0.4340
   -0.5122   -0.6476    0.5642
...    10 T-A ...
   -6.7405  -10.8752   25.9697
    0.4841   -0.8363   -0.2574
    0.6595    0.1553    0.7355
   -0.5751   -0.5258    0.6267
...    11 C-G ...
   -9.1656  -12.6208   27.1640
    0.7073   -0.6682    0.2307
    0.3448    0.6110    0.7126
   -0.6171   -0.4245    0.6626
...    12 A-T ...
  -10.9234  -14.6633   29.0693
    0.7515   -0.1377    0.6452
   -0.2029    0.8824    0.4246
   -0.6277   -0.4500    0.6352
...    13 C-G ...
  -11.8476  -17.4863   31.2451
    0.4295    0.2823    0.8578
   -0.5708    0.8209    0.0156
   -0.6998   -0.4963    0.5137
...    14 A-T ...
  -13.5897  -19.7827   33.4259
   -0.1504    0.6104    0.7777
   -0.6874    0.5008   -0.5260
   -0.7106   -0.6136    0.3443
...    15 A-T ...
  -15.7124  -21.8015   34.8030
   -0.4888    0.7976    0.3534
   -0.4999    0.0759   -0.8627
   -0.7149   -0.5984    0.3617
...    16 T-A ...
  -17.7657  -23.6133   36.6163
   -0.6631    0.7384   -0.1229
   -0.1993   -0.3324   -0.9218
   -0.7216   -0.5867    0.3676
...    17 T-A ...
  -20.0816  -25.3458   38.0813
   -0.6594    0.4332   -0.6144
    0.1956   -0.6903   -0.6966
   -0.7259   -0.5795    0.3704
...    18 T-A ...
  -22.5246  -26.9734   39.4617
   -0.4411   -0.0251   -0.8971
    0.5259   -0.8173   -0.2357
   -0.7273   -0.5757    0.3737
...    19 A-T ...
  -24.9124  -28.9509   40.6453
   -0.0230   -0.4634   -0.8859
    0.6696   -0.6651    0.3306
   -0.7424   -0.5855    0.3255
...    20 T-A ...
  -27.7547  -30.4665   41.3227
    0.3126   -0.7339   -0.6030
    0.5916   -0.3463    0.7281
   -0.7432   -0.5843    0.3259
...    21 T-A ...
  -30.3154  -32.2892   42.1273
    0.5849   -0.8060   -0.0912
    0.3182    0.1246    0.9398
   -0.7461   -0.5787    0.3294
...    22 C-G ...
  -32.7100  -34.2825   43.1030
    0.6849   -0.5685    0.4557
   -0.0824    0.5609    0.8238
   -0.7239   -0.6018    0.3373
...    23 G-C ...
  -35.0751  -36.0949   44.5688
    0.6084   -0.1042    0.7868
   -0.4575    0.7641    0.4549
   -0.6486   -0.6367    0.4172
...    24 C-G ...
  -36.8760  -38.5099   45.9101
    0.3038    0.3502    0.8860
   -0.7173    0.6962   -0.0292
   -0.6271   -0.6266    0.4627
...    25 A-T ...
  -38.9675  -40.5059   47.5406
   -0.0684    0.7393    0.6699
   -0.7860    0.3735   -0.4925
   -0.6144   -0.5603    0.5556
...    26 A-T ...
  -40.7340  -42.3262   49.5580
   -0.4831    0.8293    0.2808
   -0.6186   -0.0964   -0.7797
   -0.6196   -0.5504    0.5596
...    27 A-T ...
  -42.6168  -43.9718   51.6172
   -0.7340    0.6479   -0.2036
   -0.2525   -0.5386   -0.8038
   -0.6305   -0.5386    0.5589
...    28 G-C ...
  -44.7163  -45.4512   53.6847
   -0.7096    0.3266   -0.6244
    0.1441   -0.8001   -0.5823
   -0.6897   -0.5032    0.5207
...    29 G-C ...
  -47.2561  -46.7648   55.4618
   -0.4600   -0.0929   -0.8831
    0.4700   -0.8692   -0.1533
   -0.7533   -0.4856    0.4435
...    30 C-G ...
  -50.0154  -47.9998   56.7628
   -0.1013   -0.5157   -0.8507
    0.6241   -0.6989    0.3493
   -0.7747   -0.4956    0.3927
...    31 C-G ...
  -52.8086  -49.6119   57.7059
    0.3066   -0.7661   -0.5649
    0.5531   -0.3396    0.7608
   -0.7747   -0.5456    0.3196
...    32 G-C ...
  -55.0882  -51.6640   58.9936
    0.6283   -0.7735   -0.0827
    0.2578    0.1068    0.9603
   -0.7340   -0.6247    0.2665
...    33 G-C ...
  -57.4534  -53.9869   59.5875
    0.7147   -0.5540    0.4270
   -0.1388    0.4860    0.8629
   -0.6856   -0.6760    0.2704
...    34 C-G ...
  -59.5137  -56.4995   60.2268
    0.5474   -0.1826    0.8167
   -0.5085    0.7026    0.4979
   -0.6647   -0.6878    0.2918
...    35 C-G ...
  -61.4758  -59.0646   61.2153
    0.2388    0.2696    0.9329
   -0.7274    0.6861   -0.0121
   -0.6434   -0.6757    0.3599
...    36 C-G ...
  -63.3459  -61.5286   62.5807
   -0.1264    0.6471    0.7518
   -0.7448    0.4387   -0.5028
   -0.6552   -0.6235    0.4265
...    37 G-C ...
  -65.7480  -63.4550   63.8230
   -0.4148    0.8573    0.3048
   -0.5641    0.0206   -0.8255
   -0.7140   -0.5143    0.4751
...    38 A-T ...
  -68.0109  -65.1009   65.4779
   -0.6156    0.7496   -0.2431
   -0.2330   -0.4679   -0.8525
   -0.7528   -0.4682    0.4627
...    39 C-G ...
  -70.4167  -66.1520   67.4337
   -0.6072    0.4386   -0.6625
    0.0956   -0.7875   -0.6089
   -0.7888   -0.4330    0.4362
...    40 A-T ...
  -73.1425  -67.5150   68.7733
   -0.3481    0.0082   -0.9374
    0.3610   -0.9216   -0.1422
   -0.8651   -0.3879    0.3179
...    41 C-G ...
  -76.2330  -68.1829   69.6483
   -0.0808   -0.4412   -0.8937
    0.4613   -0.8114    0.3589
   -0.8836   -0.3833    0.2691
...    42 G-C ...
  -78.9928  -69.8686   70.4223
    0.2736   -0.7677   -0.5795
    0.3644   -0.4749    0.8011
   -0.8901   -0.4303    0.1498
...    43 A-T ...
  -81.9075  -71.3323   70.7297
    0.4460   -0.8950   -0.0076
    0.1140    0.0484    0.9923
   -0.8878   -0.4434    0.1236
...    44 C-G ...
  -84.7674  -73.0277   70.5256
    0.4421   -0.7398    0.5072
   -0.1450    0.4991    0.8543
   -0.8852   -0.4513    0.1133
...    45 T-A ...
  -87.5452  -74.8246   70.7467
    0.3239   -0.3589    0.8754
   -0.3627    0.8075    0.4652
   -0.8738   -0.4682    0.1313
...    46 T-A ...
  -90.2520  -76.6146   71.0257
    0.0337    0.1480    0.9884
   -0.4619    0.8793   -0.1160
   -0.8863   -0.4526    0.0980
...    47 A-T ...
  -93.2275  -78.0619   71.3387
   -0.1921    0.6521    0.7334
   -0.3828    0.6383   -0.6678
   -0.9036   -0.4091    0.1270
...    48 C-G ...
  -95.9554  -79.6346   72.2795
   -0.3147    0.9047    0.2871
   -0.2259    0.2224   -0.9484
   -0.9219   -0.3633    0.1344
...    49 T-A ...
  -98.9700  -80.6804   73.0783
   -0.2881    0.9271   -0.2398
   -0.0473   -0.2639   -0.9634
   -0.9564   -0.2662    0.1199
...    50 G-C ...
 -102.2454  -81.2498   73.4020
   -0.1041    0.6844   -0.7216
    0.0751   -0.7181   -0.6919
   -0.9917   -0.1263    0.0234
...    51 T-A ...
 -105.4790  -81.0335   73.6943
    0.0130    0.2417   -0.9703
    0.0920   -0.9665   -0.2396
   -0.9957   -0.0861   -0.0348
...    52 A-T ...
 -108.7660  -81.0191   73.2649
    0.1950   -0.2992   -0.9341
    0.0004   -0.9523    0.3051
   -0.9808   -0.0599   -0.1856
...    53 G-C ...
 -111.9372  -80.9454   72.3525
    0.2193   -0.7438   -0.6314
   -0.1509   -0.6653    0.7312
   -0.9639   -0.0651   -0.2581
...    54 G-C ...
 -115.0187  -81.2755   71.0123
    0.1476   -0.9815   -0.1223
   -0.3025   -0.1625    0.9392
   -0.9417   -0.1016   -0.3208
...    55 T-A ...
 -117.8953  -81.6939   69.3579
   -0.0453   -0.9210    0.3869
   -0.3425    0.3781    0.8601
   -0.9384   -0.0936   -0.3326
...    56 A-T ...
 -121.1981  -81.4465   68.5704
   -0.3472   -0.4538    0.8207
   -0.1888    0.8910    0.4129
   -0.9186   -0.0116   -0.3950
...    57 T-A ...
 -124.1000  -82.1393   67.1208
   -0.4169    0.0653    0.9066
    0.0368    0.9978   -0.0550
   -0.9082    0.0104   -0.4184
...    58 C-G ...
 -127.0535  -82.2166   65.6821
   -0.2802    0.6357    0.7193
    0.3030    0.7696   -0.5621
   -0.9108    0.0604   -0.4083
...    59 T-A ...
 -130.1782  -82.0941   64.6288
    0.0033    0.9294    0.3692
    0.4152    0.3346   -0.8460
   -0.9097    0.1561   -0.3848
...    60 C-G ...
 -133.1599  -81.5404   63.4725
    0.3216    0.9372   -0.1353
    0.3375   -0.2469   -0.9084
   -0.8847    0.2464   -0.3957
...    61 G-C ...
 -135.9165  -80.5178   61.9145
    0.6159    0.6062   -0.5031
    0.0732   -0.6799   -0.7297
   -0.7844    0.4126   -0.4631
...    62 A-T ...
 -138.2895  -78.9567   60.3454
    0.6091    0.0819   -0.7888
   -0.3259   -0.8809   -0.3432
   -0.7230    0.4661   -0.5099
...    63 G-C ...
 -140.3720  -77.0983   58.5903
    0.4069   -0.4169   -0.8128
   -0.6357   -0.7682    0.0757
   -0.6560    0.4859   -0.5776
...    64 C-G ...
 -142.0828  -75.3686   56.3346
    0.0117   -0.7793   -0.6265
   -0.7915   -0.3901    0.4705
   -0.6111    0.4903   -0.6214
...    65 T-A ...
 -143.8082  -73.7942   53.9744
   -0.4084   -0.8709   -0.2734
   -0.7035    0.1094    0.7022
   -0.5816    0.4792   -0.6574
...    66 C-G ...
 -145.6686  -72.3029   51.6908
   -0.7666   -0.6150    0.1847
   -0.3172    0.6128    0.7238
   -0.5583    0.4962   -0.6648
...    67 G-C ...
 -147.4772  -70.2061   49.8197
   -0.7854   -0.1712    0.5949
    0.1951    0.8436    0.5003
   -0.5875    0.5090   -0.6291
...    68 G-C ...
 -149.4013  -68.6753   47.4979
   -0.5111    0.2834    0.8114
    0.6148    0.7803    0.1147
   -0.6007    0.5575   -0.5731
...    69 G-C ...
 -151.5405  -67.0336   45.4689
   -0.0425    0.5957    0.8021
    0.8127    0.4876   -0.3191
   -0.5811    0.6383   -0.5049
...    70 A-T ...
 -153.4815  -65.0256   43.8234
    0.4703    0.7105    0.5235
    0.7039    0.0558   -0.7081
   -0.5324    0.7014   -0.4739
...    71 T-A ...
 -155.4885  -62.6534   42.8807
    0.7815    0.6074    0.1423
    0.3858   -0.2913   -0.8754
   -0.4903    0.7390   -0.4620
...    72 C-G ...
 -156.9007  -60.1030   41.4920
    0.9066    0.2693   -0.3248
   -0.1314   -0.5512   -0.8240
   -0.4009    0.7897   -0.4644
...    73 C-G ...
 -157.7027  -57.1607   40.0772
    0.7472   -0.1534   -0.6466
   -0.6076   -0.5518   -0.5713
   -0.2692    0.8198   -0.5055
...    74 G-C ...
 -158.3903  -54.6973   37.9237
    0.3216   -0.5192   -0.7918
   -0.9385   -0.2856   -0.1939
   -0.1255    0.8055   -0.5792
...    75 C-G ...
 -158.2887  -52.1432   35.7980
   -0.2408   -0.6064   -0.7578
   -0.9674    0.0869    0.2379
   -0.0784    0.7904   -0.6076
...    76 T-A ...
 -158.2442  -49.6901   33.5538
   -0.7214   -0.4692   -0.5093
   -0.6904    0.4294    0.5822
   -0.0545    0.7716   -0.6337
...    77 T-A ...
 -158.1162  -47.3316   31.2890
   -0.9907   -0.0658   -0.1191
   -0.1345    0.6067    0.7835
    0.0207    0.7922   -0.6099
...    78 T-A ...
 -157.9350  -44.9650   29.0431
   -0.8788    0.3487    0.3259
    0.4687    0.5020    0.7268
    0.0898    0.7914   -0.6046
...    79 A-T ...
 -157.1875  -42.2302   27.2255
   -0.3900    0.5883    0.7083
    0.9113    0.1362    0.3886
    0.1322    0.7971   -0.5893
...    80 A-T ...
 -156.9637  -39.6430   25.2930
    0.1893    0.5413    0.8192
    0.9688   -0.2387   -0.0662
    0.1597    0.8062   -0.5697
...    81 C-G ...
 -156.9502  -36.8003   23.6880
    0.6476    0.2849    0.7067
    0.7339   -0.4827   -0.4779
    0.2050    0.8281   -0.5217
...    82 A-T ...
 -156.1028  -33.9785   22.0860
    0.8939   -0.1645    0.4170
    0.2799   -0.5217   -0.8059
    0.3501    0.8371   -0.4203
...    83 C-G ...
 -154.8679  -31.0393   21.3756
    0.8852   -0.4645   -0.0248
   -0.2019   -0.3355   -0.9201
    0.4191    0.8195   -0.3908
...    84 T-A ...
 -153.1211  -28.4080   20.4207
    0.6130   -0.6384   -0.4655
   -0.5998    0.0075   -0.8001
    0.5143    0.7696   -0.3783
...    85 T-A ...
 -151.1973  -26.0074   19.3885
    0.1672   -0.5176   -0.8391
   -0.8271    0.3896   -0.4051
    0.5366    0.7618   -0.3630
...    86 T-A ...
 -149.1519  -23.7117   18.3112
   -0.3174   -0.1670   -0.9335
   -0.7654    0.6263    0.1482
    0.5599    0.7615   -0.3266
...    87 C-G ...
 -147.2439  -21.3058   17.1144
   -0.7041    0.2509   -0.6643
   -0.4171    0.6110    0.6728
    0.5747    0.7508   -0.3256
...    88 A-T ...
 -145.3783  -18.6725   16.3541
   -0.8365    0.5327   -0.1281
    0.0790    0.3485    0.9340
    0.5422    0.7712   -0.3336
...    89 T-A ...
 -143.7723  -16.3405   14.6344
   -0.6659    0.6522    0.3622
    0.4866    0.0116    0.8736
    0.5656    0.7579   -0.3251
...    90 G-C ...
 -141.7627  -13.8267   13.8036
   -0.3246    0.4688    0.8215
    0.7733   -0.3685    0.5159
    0.5446    0.8028   -0.2429
...    91 T-A ...
 -140.4997  -10.9203   12.8996
    0.0937    0.1715    0.9807
    0.8225   -0.5684    0.0208
    0.5610    0.8047   -0.1943
...    92 T-A ...
 -138.8439   -8.1977   12.3775
    0.5064   -0.2104    0.8362
    0.6317   -0.5696   -0.5259
    0.5870    0.7945   -0.1555
...    93 A-T ...
 -136.8568   -5.5202   12.3393
    0.6531   -0.6110    0.4475
    0.2979   -0.3360   -0.8935
    0.6963    0.7168   -0.0375
...    94 T-A ...
 -134.6613   -3.1669   12.9110
    0.6919   -0.7201   -0.0514
   -0.0529    0.0204   -0.9984
    0.7200    0.6935   -0.0240
...    95 A-T ...
 -132.0325   -1.1185   12.9773
    0.4609   -0.6603   -0.5929
   -0.3834    0.4543   -0.8041
    0.8004    0.5979   -0.0437
...    96 A-T ...
 -129.2659    0.5810   12.9930
    0.1670   -0.2852   -0.9438
   -0.5614    0.7594   -0.3288
    0.8105    0.5847   -0.0333
...    97 C-G ...
 -126.2201    1.9298   12.8891
   -0.1606    0.1482   -0.9758
   -0.5468    0.8097    0.2130
    0.8217    0.5678   -0.0490
...    98 G-C ...
 -123.7291    4.1571   12.7759
   -0.4950    0.5423   -0.6789
   -0.3295    0.6058    0.7242
    0.8040    0.5822   -0.1212
...    99 G-C ...
 -120.9794    6.0022   12.1152
   -0.6380    0.7526   -0.1626
    0.0038    0.2142    0.9768
    0.7700    0.6226   -0.1395
...   100 A-T ...
 -118.4196    7.9822   11.5643
   -0.5255    0.7230    0.4485
    0.3712   -0.2795    0.8855
    0.7655    0.6318   -0.1215
...   101 T-A ...
 -116.2750   10.3210   10.6725
   -0.2641    0.4824    0.8352
    0.5778   -0.6142    0.5374
    0.7723    0.6245   -0.1165
...   102 A-T ...
 -113.6301   12.3282   10.4038
    0.0686   -0.0135    0.9976
    0.6253   -0.7786   -0.0535
    0.7774    0.6274   -0.0449
...   103 T-A ...
 -111.5159   14.8323   10.5113
    0.3552   -0.4139    0.8381
    0.5061   -0.6687   -0.5447
    0.7859    0.6177   -0.0280
...   104 G-C ...
 -108.7365   16.6832   10.5976
    0.4663   -0.7901    0.3978
    0.2535   -0.3115   -0.9158
    0.8475    0.5279    0.0550
...   105 C-G ...
 -105.9506   18.3120   11.2954
    0.4754   -0.8652   -0.1594
   -0.0148    0.1733   -0.9848
    0.8796    0.4705    0.0696
...   106 T-A ...
 -102.9281   19.5527   11.8177
    0.3335   -0.6811   -0.6518
   -0.2225    0.6150   -0.7565
    0.9161    0.3973    0.0536
...   107 T-A ...
  -99.8734   20.5937   12.1587
    0.1480   -0.2163   -0.9650
   -0.3612    0.8966   -0.2563
    0.9207    0.3865    0.0545
...   108 C-G ...
  -96.7981   21.7238   12.2161
   -0.1136    0.3402   -0.9335
   -0.3587    0.8621    0.3578
    0.9265    0.3755    0.0241
...   109 C-G ...
  -93.6143   22.8183   11.9673
   -0.3522    0.7281   -0.5881
   -0.2112    0.5503    0.8078
    0.9118    0.4087   -0.0400
...   110 G-C ...
  -90.6856   24.4228   12.1772
   -0.4856    0.8737   -0.0279
    0.0492    0.0592    0.9970
    0.8728    0.4828   -0.0717
...   111 G-C ...
  -87.8369   26.1527   11.6810
   -0.4394    0.7292    0.5246
    0.3182   -0.4197    0.8500
    0.8401    0.5404   -0.0476
...   112 C-G ...
  -85.2631   28.2018   11.2788
   -0.2272    0.3604    0.9047
    0.5092   -0.7480    0.4258
    0.8302    0.5574   -0.0136
...   113 T-A ...
  -82.7187   30.3222   11.3273
    0.0261   -0.1184    0.9926
    0.5617   -0.8197   -0.1126
    0.8270    0.5605    0.0451
...   114 C-G ...
  -80.0594   32.2153   11.5840
    0.3163   -0.5960    0.7381
    0.4441   -0.5945   -0.6704
    0.8383    0.5398    0.0766
...   115 G-C ...
  -77.0928   33.7483   11.6677
    0.3975   -0.8866    0.2363
    0.2187   -0.1586   -0.9628
    0.8911    0.4344    0.1309
...   116 T-A ...
  -74.2395   35.0282   12.7295
    0.4144   -0.8593   -0.2997
   -0.0133    0.3236   -0.9461
    0.9100    0.3960    0.1227
...   117 A-T ...
  -71.1270   36.1343   13.1669
    0.2411   -0.5641   -0.7897
   -0.2149    0.7625   -0.6103
    0.9464    0.3168    0.0626
...   118 T-A ...
  -67.8984   36.5354   13.6233
    0.0879   -0.1118   -0.9898
   -0.3004    0.9445   -0.1333
    0.9498    0.3090    0.0494
...   119 A-T ...
  -64.7282   37.5533   13.6587
   -0.1734    0.4285   -0.8867
   -0.2646    0.8470    0.4611
    0.9486    0.3146   -0.0335
...   120 A-T ...
  -61.6089   38.3830   13.3282
   -0.2925    0.8324   -0.4706
   -0.1117    0.4590    0.8814
    0.9497    0.3104   -0.0413
...   121 T-A ...
  -58.5255   39.2177   12.5213
   -0.3061    0.9512    0.0389
    0.0560   -0.0229    0.9982
    0.9504    0.3077   -0.0463
...   122 G-C ...
  -55.4101   40.3652   12.6593
   -0.2911    0.7405    0.6057
    0.2514   -0.5517    0.7953
    0.9231    0.3838   -0.0256
...   123 T-A ...
  -52.6085   42.0999   12.2336
   -0.1314    0.3357    0.9327
    0.3696   -0.8565    0.3603
    0.9199    0.3921   -0.0116
...   124 G-C ...
  -49.4818   43.2076   12.4119
    0.0328   -0.2444    0.9691
    0.3954   -0.8874   -0.2371
    0.9179    0.3910    0.0675
...   125 T-A ...
  -46.7126   44.9563   12.9820
    0.2127   -0.6805    0.7012
    0.3152   -0.6314   -0.7085
    0.9249    0.3717    0.0802
...   126 C-G ...
  -43.7004   46.1930   13.3685
    0.3233   -0.9339    0.1524
    0.1292   -0.1160   -0.9848
    0.9374    0.3381    0.0831
...   127 G-C ...
  -40.5370   47.2611   13.3225
    0.2142   -0.8826   -0.4186
   -0.0574    0.4164   -0.9074
    0.9751    0.2184    0.0385
...   128 A-T ...
  -37.3412   47.8813   13.5282
    0.0855   -0.4947   -0.8649
   -0.1640    0.8492   -0.5020
    0.9827    0.1848   -0.0085
...   129 C-G ...
  -34.0557   47.8417   13.6220
   -0.0602    0.0009   -0.9982
   -0.1680    0.9857    0.0110
    0.9839    0.1684   -0.0592
...   130 C-G ...
  -30.7334   48.0808   13.1226
   -0.2420    0.5051   -0.8285
   -0.0718    0.8422    0.5344
    0.9676    0.1888   -0.1675
...   131 A-T ...
  -27.5587   48.8762   12.5000
   -0.3456    0.8628   -0.3689
    0.1282    0.4329    0.8923
    0.9296    0.2610   -0.2602
...   132 A-T ...
  -24.6347   49.7081   11.3648
   -0.2059    0.9578    0.2004
    0.3153   -0.1289    0.9402
    0.9264    0.2568   -0.2754
...   133 A-T ...
  -21.7518   50.6784   10.2133
    0.0359    0.7184    0.6947
    0.3807   -0.6525    0.6552
    0.9240    0.2409   -0.2970
...   134 T-A ...
  -19.0159   52.0244    8.9249
    0.2452    0.2905    0.9249
    0.3073   -0.9281    0.2101
    0.9195    0.2328   -0.3169
...   135 G-C ...
  -16.4637   53.8824    7.5152
    0.5339   -0.3333    0.7771
    0.0346   -0.9097   -0.4139
    0.8449    0.2479   -0.4741
...   136 T-A ...
  -14.1749   56.5546    6.1807
    0.5795   -0.7269    0.3685
   -0.3141   -0.6164   -0.7221
    0.7521    0.3026   -0.5855
...   137 G-C ...
  -11.6538   57.9992    4.7203
    0.2452   -0.9542   -0.1714
   -0.6323   -0.0234   -0.7744
    0.7349    0.2983   -0.6091
...   138 A-T ...
   -8.6758   58.7133    3.6024
   -0.0345   -0.7815   -0.6229
   -0.6536    0.4891   -0.5775
    0.7560    0.3872   -0.5277
...   139 G-C ...
   -6.3275   59.0726    1.6296
   -0.2969   -0.3279   -0.8968
   -0.5657    0.8171   -0.1114
    0.7693    0.4742   -0.4281
...   140 C-G ...
   -3.4369   60.2278    1.0286
   -0.4426    0.2287   -0.8671
   -0.1681    0.9286    0.3308
    0.8808    0.2922   -0.3725
...   141 G-C ...
   -0.6976   63.8911   -2.2510
   -0.9992    0.0157   -0.0376
   -0.0024    0.8991    0.4378
    0.0407    0.4375   -0.8983
...   142 C-G ...
   -1.0064   65.5987   -4.9402
   -0.8337    0.5216    0.1813
    0.5170    0.6219    0.5881
    0.1940    0.5840   -0.7882
...   143 T-A ...
   -0.1332   66.2084   -7.8197
   -0.3753    0.8566    0.3540
    0.8856    0.2187    0.4098
    0.2736    0.4673   -0.8407
...   144 C-G ...
   -0.1666   67.4019  -10.8068
    0.1798    0.8793    0.4411
    0.9277   -0.3007    0.2214
    0.3273    0.3694   -0.8697
...   145 A-T ...
    0.5267   69.2312  -13.4660
    0.7352    0.4964    0.4616
    0.6118   -0.7791   -0.1367
    0.2918    0.3829   -0.8765
...   146 C-G ...
    1.4338   72.0891  -15.6020
    0.9809    0.0621    0.1844
    0.1264   -0.9240   -0.3608
    0.1480    0.3772   -0.9142
...   147 A-T ...
    2.3047   74.2222  -18.3864
    0.8657   -0.4292   -0.2575
   -0.4984   -0.7868   -0.3642
   -0.0463    0.4436   -0.8950
