  147 base-pairs
...     1 A-T ...
    0.0000    0.0000    0.0000
    1.0000    0.0000    0.0000
    0.0000    1.0000    0.0000
    0.0000    0.0000    1.0000
...     2 G-C ...
   -0.1394   -1.2357    3.2268
    0.7529    0.6366    0.1670
   -0.6386    0.7680   -0.0486
   -0.1592   -0.0700    0.9848
...     3 T-A ...
   -0.0365   -3.2932    6.3751
    0.2722    0.9301    0.2466
   -0.9238    0.3243   -0.2033
   -0.2691   -0.1725    0.9475
...     4 G-C ...
   -0.3505   -4.1660    9.4928
   -0.3756    0.9250    0.0579
   -0.8781   -0.3352   -0.3415
   -0.2965   -0.1791    0.9381
...     5 A-T ...
   -0.4462   -4.1476   12.7498
   -0.8116    0.5840   -0.0165
   -0.5523   -0.7762   -0.3042
   -0.1905   -0.2378    0.9524
...     6 G-C ...
   -1.5908   -4.1730   15.6201
   -0.9976    0.0246   -0.0651
   -0.0043   -0.9555   -0.2950
   -0.0695   -0.2940    0.9533
...     7 C-G ...
   -1.1030   -4.4824   18.7362
   -0.8441   -0.5304   -0.0787
    0.5345   -0.8441   -0.0432
   -0.0435   -0.0785    0.9960
...     8 G-C ...
   -2.4028   -7.7290   23.1475
   -0.2754   -0.3293   -0.9032
    0.6650   -0.7437    0.0684
   -0.6942   -0.5818    0.4238
...     9 C-G ...
   -4.4690   -9.9728   24.1132
    0.1145   -0.7025   -0.7024
    0.8512   -0.2952    0.4340
   -0.5122   -0.6476    0.5642
...    10 T-A ...
   -6.7405  -10.8752   25.9697
    0.4841   -0.8363   -0.2574
    0.6595    0.1553    0.7355
   -0.5751   -0.5258    0.6267
...    11 C-G ...
   -9.1656  -12.6208   27.1640
    0.7073   -0.6682    0.2307
    0.3448    0.6110    0.7126
   -0.6171   -0.4245    0.6626
...    12 A-T ...
  -10.9234  -14.6633   29.0693
    0.7515   -0.1377    0.6452
   -0.2029    0.8824    0.4246
   -0.6277   -0.4500    0.6352
...    13 C-G ...
  -11.8476  -17.4863   31.2451
    0.4295    0.2823    0.8578
   -0.5708    0.8209    0.0156
   -0.6998   -0.4963    0.5137
...    14 A-T ...
  -13.5897  -19.7827   33.4259
   -0.1504    0.6104    0.7777
   -0.6874    0.5008   -0.5260
   -0.7106   -0.6136    0.3443
...    15 A-T ...
  -15.8144  -21.8021   34.6419
   -0.4860    0.8088    0.3310
   -0.4882    0.0629   -0.8705
   -0.7249   -0.5847    0.3643
...    16 T-A ...
  -17.9103  -23.6483   36.5603
   -0.6965    0.6970   -0.1707
   -0.1489   -0.3731   -0.9158
   -0.7020   -0.6124    0.3636
...    17 T-A ...
  -20.1754  -25.4386   38.1316
   -0.6796    0.3250   -0.6576
    0.2878   -0.7065   -0.6466
   -0.6747   -0.6287    0.3866
...    18 T-A ...
  -22.4668  -27.2525   39.5219
   -0.4005   -0.1144   -0.9091
    0.6132   -0.7707   -0.1732
   -0.6808   -0.6269    0.3788
...    19 A-T ...
  -24.6235  -29.4978   40.6954
    0.0523   -0.4900   -0.8701
    0.7224   -0.5831    0.3718
   -0.6895   -0.6480    0.3235
...    20 T-A ...
  -27.3623  -31.2364   41.4083
    0.3982   -0.7314   -0.5536
    0.6014   -0.2475    0.7596
   -0.6926   -0.6354    0.3413
...    21 T-A ...
  -29.7845  -33.2737   42.2457
    0.6630   -0.7480   -0.0317
    0.2728    0.2019    0.9407
   -0.6972   -0.6323    0.3379
...    22 C-G ...
  -32.0455  -35.3943   43.3057
    0.7236   -0.4758    0.5000
   -0.1637    0.5854    0.7940
   -0.6706   -0.6564    0.3457
...    23 G-C ...
  -34.3048  -37.2262   45.0036
    0.6060    0.0214    0.7952
   -0.5554    0.7271    0.4036
   -0.5695   -0.6862    0.4525
...    24 C-G ...
  -35.8944  -39.7185   46.3854
    0.2649    0.4356    0.8603
   -0.7865    0.6138   -0.0686
   -0.5579   -0.6585    0.5052
...    25 A-T ...
  -37.9522  -41.7097   47.9728
   -0.1538    0.7577    0.6342
   -0.8087    0.2722   -0.5214
   -0.5677   -0.5931    0.5709
...    26 A-T ...
  -39.6624  -43.5951   50.0371
   -0.5662    0.7907    0.2330
   -0.5938   -0.1951   -0.7806
   -0.5718   -0.5803    0.5799
...    27 A-T ...
  -41.2961  -45.3305   52.2459
   -0.8045    0.5414   -0.2442
   -0.1695   -0.6034   -0.7792
   -0.5692   -0.5856    0.5772
...    28 G-C ...
  -43.3030  -46.8388   54.4864
   -0.7366    0.1902   -0.6490
    0.2519   -0.8134   -0.5243
   -0.6277   -0.5497    0.5512
...    29 G-C ...
  -45.7592  -48.3523   56.3665
   -0.4221   -0.2379   -0.8748
    0.5983   -0.7981   -0.0716
   -0.6811   -0.5536    0.4792
...    30 C-G ...
  -48.3215  -49.8794   57.6906
    0.0027   -0.5958   -0.8031
    0.7115   -0.5633    0.4202
   -0.7027   -0.5725    0.4224
...    31 C-G ...
  -50.9028  -51.5913   58.9587
    0.4395   -0.7621   -0.4754
    0.5790   -0.1643    0.7986
   -0.6867   -0.6263    0.3690
...    32 G-C ...
  -52.7220  -53.6841   60.2245
    0.7292   -0.6826   -0.0488
    0.2549    0.2047    0.9451
   -0.6351   -0.7016    0.3232
...    33 G-C ...
  -54.4663  -56.4523   61.0704
    0.7789   -0.4286    0.4578
   -0.2090    0.5108    0.8339
   -0.5913   -0.7452    0.3083
...    34 C-G ...
  -56.1541  -59.1309   61.8701
    0.5606   -0.0563    0.8262
   -0.6056    0.6526    0.4554
   -0.5648   -0.7556    0.3317
...    35 C-G ...
  -57.6547  -61.8898   63.1713
    0.1634    0.3461    0.9239
   -0.8202    0.5681   -0.0678
   -0.5483   -0.7467    0.3767
...    36 C-G ...
  -59.2026  -64.5036   64.6001
   -0.2702    0.6350    0.7237
   -0.7877    0.2864   -0.5454
   -0.5536   -0.7175    0.4228
...    37 G-C ...
  -61.4226  -66.8721   65.3427
   -0.5905    0.7571    0.2795
   -0.5138   -0.0856   -0.8537
   -0.6224   -0.6477    0.4395
...    38 A-T ...
  -63.2451  -69.0178   66.7309
   -0.7637    0.5882   -0.2659
   -0.0676   -0.4825   -0.8733
   -0.6420   -0.6490    0.4083
...    39 C-G ...
  -65.4944  -70.6512   68.2918
   -0.6482    0.3116   -0.6948
    0.3142   -0.7217   -0.6168
   -0.6936   -0.6182    0.3699
...    40 A-T ...
  -67.9792  -72.5347   69.4331
   -0.2881   -0.0445   -0.9566
    0.5820   -0.8014   -0.1380
   -0.7605   -0.5965    0.2568
...    41 C-G ...
  -70.8082  -74.1180   69.8945
    0.0854   -0.3993   -0.9128
    0.6269   -0.6906    0.3608
   -0.7744   -0.6031    0.1913
...    42 G-C ...
  -73.0736  -76.4491   70.5695
    0.4751   -0.6807   -0.5576
    0.4099   -0.3895    0.8248
   -0.7786   -0.6204    0.0939
...    43 A-T ...
  -75.5592  -78.4032   70.7980
    0.6195   -0.7846    0.0273
    0.0549    0.0779    0.9954
   -0.7831   -0.6151    0.0913
...    44 C-G ...
  -77.9912  -80.6418   70.4510
    0.5737   -0.6153    0.5406
   -0.2907    0.4641    0.8367
   -0.7657   -0.6372    0.0874
...    45 T-A ...
  -80.2972  -83.4696   70.3309
    0.3139   -0.2720    0.9097
   -0.5482    0.7303    0.4076
   -0.7752   -0.6266    0.0801
...    46 T-A ...
  -82.5395  -85.8477   70.3293
   -0.0334    0.1090    0.9935
   -0.6067    0.7878   -0.1068
   -0.7943   -0.6063    0.0398
...    47 A-T ...
  -85.1267  -87.8997   70.5744
   -0.2941    0.5764    0.7624
   -0.4874    0.5958   -0.6384
   -0.8222   -0.5593    0.1057
...    48 C-G ...
  -87.4881  -90.0258   71.4193
   -0.4612    0.8272    0.3209
   -0.2627    0.2182   -0.9399
   -0.8476   -0.5177    0.1166
...    49 T-A ...
  -90.2718  -91.6526   72.3086
   -0.4444    0.8699   -0.2141
   -0.0154   -0.2464   -0.9691
   -0.8957   -0.4273    0.1228
...    50 G-C ...
  -93.5103  -92.6781   72.6807
   -0.2074    0.6759   -0.7073
    0.1797   -0.6843   -0.7067
   -0.9616   -0.2737    0.0205
...    51 T-A ...
  -96.6618  -93.0263   72.9988
   -0.0127    0.3084   -0.9512
    0.2307   -0.9247   -0.3029
   -0.9730   -0.2232   -0.0594
...    52 A-T ...
  -99.9315  -93.0123   72.3534
    0.2940   -0.1541   -0.9433
    0.1197   -0.9732    0.1962
   -0.9483   -0.1706   -0.2677
...    53 G-C ...
 -102.9641  -93.1394   71.2935
    0.3882   -0.5921   -0.7062
   -0.0948   -0.7879    0.6085
   -0.9167   -0.1693   -0.3620
...    54 G-C ...
 -105.9622  -93.2872   69.1874
    0.3191   -0.9127   -0.2554
   -0.3296   -0.3595    0.8730
   -0.8886   -0.1944   -0.4155
...    55 T-A ...
 -108.6106  -94.0007   67.3376
    0.0783   -0.9721    0.2213
   -0.4617    0.1614    0.8722
   -0.8836   -0.1705   -0.4361
...    56 A-T ...
 -111.3810  -94.7386   65.5583
   -0.2272   -0.6912    0.6861
   -0.4199    0.7051    0.5714
   -0.8787   -0.1583   -0.4504
...    57 T-A ...
 -113.9271  -95.8367   63.7351
   -0.4480   -0.2422    0.8606
   -0.2202    0.9628    0.1564
   -0.8665   -0.1195   -0.4847
...    58 C-G ...
 -116.8402  -96.5386   62.2059
   -0.4911    0.3941    0.7769
    0.1312    0.9151   -0.3813
   -0.8612   -0.0854   -0.5011
...    59 T-A ...
 -119.8568  -96.9366   60.8326
   -0.2826    0.8102    0.5136
    0.3713    0.5861   -0.7201
   -0.8845   -0.0128   -0.4665
...    60 C-G ...
 -122.9037  -96.9847   59.4058
    0.0429    0.9965    0.0723
    0.4654    0.0441   -0.8840
   -0.8841    0.0716   -0.4619
...    61 G-C ...
 -125.5739  -96.3567   57.5703
    0.5051    0.8422   -0.1889
    0.3499   -0.3998   -0.8472
   -0.7890    0.3618   -0.4966
...    62 A-T ...
 -128.1363  -95.0173   55.9533
    0.6888    0.4539   -0.5653
    0.0063   -0.7835   -0.6214
   -0.7250    0.4244   -0.5425
...    63 G-C ...
 -130.2289  -93.1293   54.1757
    0.6602   -0.0385   -0.7501
   -0.3824   -0.8768   -0.2916
   -0.6465    0.4794   -0.5936
...    64 C-G ...
 -131.9595  -91.1146   52.0437
    0.3441   -0.5499   -0.7611
   -0.7221   -0.6730    0.1598
   -0.6001    0.4946   -0.6287
...    65 T-A ...
 -133.7183  -89.3759   49.8962
   -0.0986   -0.8182   -0.5664
   -0.8247   -0.2513    0.5067
   -0.5569    0.5171   -0.6500
...    66 C-G ...
 -135.7867  -87.8952   47.8431
   -0.5830   -0.7959   -0.1632
   -0.6254    0.3114    0.7155
   -0.5186    0.5192   -0.6793
...    67 G-C ...
 -138.0764  -85.5986   46.4142
   -0.8317   -0.4751    0.2871
   -0.1775    0.7177    0.6734
   -0.5260    0.5091   -0.6812
...    68 G-C ...
 -139.6405  -83.8546   44.0142
   -0.7634   -0.0228    0.6456
    0.3502    0.8252    0.4433
   -0.5428    0.5644   -0.6219
...    69 G-C ...
 -141.4767  -82.1408   41.8052
   -0.3991    0.3560    0.8450
    0.7101    0.7031    0.0392
   -0.5802    0.6156   -0.5333
...    70 A-T ...
 -143.5526  -80.2401   40.0714
    0.1173    0.6611    0.7411
    0.8178    0.3590   -0.4498
   -0.5634    0.6589   -0.4985
...    71 T-A ...
 -145.8249  -78.1717   38.9082
    0.5448    0.7146    0.4388
    0.6444   -0.0219   -0.7643
   -0.5366    0.6992   -0.4724
...    72 C-G ...
 -147.5447  -75.7272   37.5994
    0.8542    0.5190   -0.0313
    0.2120   -0.4026   -0.8905
   -0.4748    0.7540   -0.4540
...    73 C-G ...
 -149.0523  -73.1316   36.3018
    0.9053    0.1303   -0.4044
   -0.2587   -0.5859   -0.7680
   -0.3370    0.7998   -0.4967
...    74 G-C ...
 -150.0273  -70.7107   34.2661
    0.6735   -0.3230   -0.6649
   -0.7183   -0.4984   -0.4854
   -0.1746    0.8045   -0.5677
...    75 C-G ...
 -149.9466  -67.8734   32.2600
    0.1419   -0.5555   -0.8193
   -0.9821   -0.1827   -0.0462
   -0.1240    0.8112   -0.5715
...    76 T-A ...
 -149.8609  -65.3840   29.7864
   -0.4462   -0.5365   -0.7163
   -0.8942    0.2345    0.3813
   -0.0366    0.8107   -0.5843
...    77 T-A ...
 -149.6138  -62.8638   27.7060
   -0.8902   -0.2168   -0.4007
   -0.4537    0.5014    0.7367
    0.0412    0.8376   -0.5447
...    78 T-A ...
 -149.2111  -60.3291   25.6394
   -0.9809    0.1843    0.0620
    0.1485    0.5047    0.8504
    0.1254    0.8434   -0.5224
...    79 A-T ...
 -148.1487  -57.3656   24.4969
   -0.6725    0.5169    0.5297
    0.7070    0.2373    0.6662
    0.2186    0.8225   -0.5250
...    80 A-T ...
 -147.5539  -54.7569   22.7626
   -0.1735    0.5420    0.8222
    0.9524   -0.1200    0.2801
    0.2505    0.8317   -0.4954
...    81 C-G ...
 -147.3153  -51.8459   21.1303
    0.3376    0.3585    0.8704
    0.8976   -0.4009   -0.1830
    0.2833    0.8431   -0.4571
...    82 A-T ...
 -146.3447  -48.9335   19.8066
    0.7316   -0.0424    0.6805
    0.5702   -0.5091   -0.6448
    0.3737    0.8597   -0.3483
...    83 C-G ...
 -145.0883  -45.8860   19.3465
    0.8982   -0.3466    0.2704
    0.1243   -0.3899   -0.9124
    0.4217    0.8532   -0.3071
...    84 T-A ...
 -143.2986  -42.8172   18.9013
    0.7689   -0.5784   -0.2726
   -0.3899   -0.0862   -0.9168
    0.5068    0.8112   -0.2918
...    85 T-A ...
 -141.3903  -40.2454   18.2595
    0.4108   -0.4990   -0.7630
   -0.7541    0.2844   -0.5920
    0.5124    0.8186   -0.2595
...    86 T-A ...
 -139.5822  -37.6251   17.6044
   -0.0986   -0.2076   -0.9732
   -0.8543    0.5191   -0.0242
    0.5103    0.8291   -0.2285
...    87 C-G ...
 -138.1058  -34.7416   16.8072
   -0.5784    0.1658   -0.7988
   -0.6106    0.5614    0.5586
    0.5410    0.8108   -0.2235
...    88 A-T ...
 -136.1433  -32.0384   16.3407
   -0.8590    0.3898   -0.3319
   -0.1700    0.3944    0.9031
    0.4829    0.8322   -0.2726
...    89 T-A ...
 -134.6059  -29.4928   14.9804
   -0.8334    0.5248    0.1734
    0.2851    0.1394    0.9483
    0.4735    0.8397   -0.2658
...    90 G-C ...
 -133.0286  -26.6044   13.9356
   -0.5329    0.4520    0.7154
    0.7071   -0.2265    0.6698
    0.4648    0.8628   -0.1989
...    91 T-A ...
 -132.0141  -23.5608   12.9873
   -0.0879    0.2504    0.9641
    0.8721   -0.4484    0.1959
    0.4813    0.8581   -0.1790
...    92 T-A ...
 -130.6446  -20.7526   12.5691
    0.3600   -0.0911    0.9285
    0.7819   -0.5135   -0.3536
    0.5090    0.8532   -0.1137
...    93 A-T ...
 -128.7589  -18.0656   12.3346
    0.6496   -0.4627    0.6032
    0.4804   -0.3651   -0.7975
    0.5893    0.8078   -0.0149
...    94 T-A ...
 -127.0858  -15.3748   12.9987
    0.7917   -0.5975    0.1276
    0.1008   -0.0783   -0.9918
    0.6026    0.7981   -0.0018
...    95 A-T ...
 -124.9477  -12.8416   12.9399
    0.6580   -0.6087   -0.4433
   -0.3184    0.3086   -0.8963
    0.6824    0.7309    0.0093
...    96 A-T ...
 -122.6227  -10.6854   13.1278
    0.3556   -0.3554   -0.8644
   -0.6077    0.6148   -0.5028
    0.7101    0.7041    0.0026
...    97 C-G ...
 -119.6895   -8.8711   13.2808
   -0.0288    0.0475   -0.9985
   -0.6959    0.7161    0.0542
    0.7175    0.6964    0.0124
...    98 G-C ...
 -117.5536   -6.3908   13.1504
   -0.4640    0.4335   -0.7725
   -0.5082    0.5840    0.6330
    0.7256    0.6862   -0.0507
...    99 G-C ...
 -115.1766   -4.1423   12.7273
   -0.7144    0.6244   -0.3158
   -0.1672    0.2860    0.9435
    0.6794    0.7269   -0.0999
...   100 A-T ...
 -112.8458   -1.8078   12.1206
   -0.6663    0.6751    0.3168
    0.2918   -0.1549    0.9438
    0.6862    0.7213   -0.0938
...   101 T-A ...
 -110.9950    0.7827   11.2623
   -0.4180    0.5061    0.7544
    0.5819   -0.4885    0.6502
    0.6976    0.7108   -0.0903
...   102 A-T ...
 -108.8230    3.3912   10.8870
    0.0048    0.0802    0.9968
    0.7152   -0.6969    0.0526
    0.6989    0.7127   -0.0607
...   103 T-A ...
 -107.0864    6.1194   10.9780
    0.3004   -0.2964    0.9066
    0.6298   -0.6522   -0.4219
    0.7163    0.6977   -0.0093
...   104 G-C ...
 -104.7451    8.4815   11.2784
    0.5406   -0.7008    0.4655
    0.3506   -0.3153   -0.8819
    0.7648    0.6399    0.0752
...   105 C-G ...
 -102.1354   10.3001   12.0211
    0.5882   -0.8040   -0.0876
    0.0081    0.1141   -0.9934
    0.8087    0.5836    0.0736
...   106 T-A ...
  -99.0996   11.8619   12.6508
    0.4672   -0.6152   -0.6350
   -0.2776    0.5798   -0.7660
    0.8394    0.5342    0.1001
...   107 T-A ...
  -96.2780   13.3290   13.0608
    0.1948   -0.2113   -0.9578
   -0.4613    0.8421   -0.2795
    0.8656    0.4963    0.0666
...   108 C-G ...
  -93.2628   14.7552   13.1277
   -0.1294    0.3079   -0.9426
   -0.4684    0.8188    0.3318
    0.8740    0.4845    0.0382
...   109 C-G ...
  -90.3309   16.2530   13.0729
   -0.4322    0.6481   -0.6270
   -0.3105    0.5459    0.7782
    0.8466    0.5310   -0.0347
...   110 G-C ...
  -87.8600   18.0813   13.2167
   -0.5975    0.7909   -0.1320
   -0.0220    0.1484    0.9887
    0.8016    0.5936   -0.0713
...   111 G-C ...
  -85.4259   20.3657   12.7651
   -0.5487    0.7074    0.4456
    0.3318   -0.3049    0.8927
    0.7674    0.6377   -0.0674
...   112 C-G ...
  -83.2217   22.8339   12.2366
   -0.3037    0.3976    0.8658
    0.5794   -0.6444    0.4991
    0.7564    0.6532   -0.0346
...   113 T-A ...
  -80.8708   25.1689   12.1125
    0.0135   -0.0277    0.9995
    0.6556   -0.7545   -0.0298
    0.7550    0.6557    0.0080
...   114 C-G ...
  -78.3254   27.3116   12.2411
    0.3601   -0.4855    0.7966
    0.5370   -0.5904   -0.6026
    0.7628    0.6448    0.0481
...   115 G-C ...
  -75.5471   29.1399   12.0597
    0.5298   -0.7948    0.2961
    0.2359   -0.1972   -0.9516
    0.8147    0.5740    0.0830
...   116 T-A ...
  -72.7799   30.6881   13.0307
    0.5250   -0.8109   -0.2583
   -0.0742    0.2587   -0.9631
    0.8478    0.5248    0.0757
...   117 A-T ...
  -69.6739   32.0050   13.7276
    0.3021   -0.5752   -0.7602
   -0.3188    0.6906   -0.6492
    0.8984    0.4385    0.0252
...   118 T-A ...
  -66.5460   32.7938   14.1370
    0.1027   -0.1515   -0.9831
   -0.4210    0.8889   -0.1809
    0.9012    0.4324    0.0275
...   119 A-T ...
  -63.5927   34.3951   14.2029
   -0.1996    0.3877   -0.8999
   -0.3700    0.8206    0.4356
    0.9073    0.4199   -0.0203
...   120 A-T ...
  -60.5669   35.5116   13.8772
   -0.3843    0.7784   -0.4963
   -0.1796    0.4643    0.8673
    0.9056    0.4225   -0.0386
...   121 T-A ...
  -57.5528   36.7125   13.0694
   -0.4097    0.9118    0.0280
    0.0517   -0.0074    0.9986
    0.9107    0.4106   -0.0441
...   122 G-C ...
  -54.4965   38.2133   12.7635
   -0.3439    0.7060    0.6191
    0.2916   -0.5464    0.7851
    0.8926    0.4505   -0.0180
...   123 T-A ...
  -51.7809   40.0406   12.4244
   -0.1507    0.3315    0.9313
    0.4235   -0.8296    0.3638
    0.8933    0.4493   -0.0153
...   124 G-C ...
  -48.8285   41.6133   12.4333
    0.0680   -0.2385    0.9688
    0.4514   -0.8586   -0.2430
    0.8897    0.4539    0.0493
...   125 T-A ...
  -46.2165   43.4599   12.8114
    0.2536   -0.6679    0.6997
    0.3502   -0.6109   -0.7101
    0.9017    0.4251    0.0790
...   126 C-G ...
  -43.3563   44.7958   13.1512
    0.4084   -0.9002    0.1510
    0.1388   -0.1022   -0.9850
    0.9022    0.4232    0.0832
...   127 G-C ...
  -40.2821   45.9884   12.9425
    0.2413   -0.8959   -0.3730
   -0.0579    0.3704   -0.9271
    0.9687    0.2453    0.0374
...   128 A-T ...
  -37.2439   46.8258   13.1590
    0.1456   -0.5195   -0.8420
   -0.2032    0.8172   -0.5393
    0.9683    0.2496    0.0135
...   129 C-G ...
  -33.9649   46.8820   13.4947
   -0.0336   -0.0265   -0.9991
   -0.2304    0.9729   -0.0180
    0.9725    0.2296   -0.0387
...   130 C-G ...
  -30.6207   47.1724   12.8289
   -0.2606    0.4510   -0.8536
   -0.1269    0.8605    0.4934
    0.9571    0.2369   -0.1670
...   131 A-T ...
  -27.5643   48.5545   12.5281
   -0.3818    0.8316   -0.4033
    0.0846    0.4660    0.8807
    0.9203    0.3022   -0.2483
...   132 A-T ...
  -24.6327   49.6024   11.4768
   -0.2559    0.9512    0.1722
    0.3026   -0.0904    0.9488
    0.9181    0.2949   -0.2647
...   133 A-T ...
  -21.7804   50.6416   10.2317
    0.0261    0.7278    0.6853
    0.3822   -0.6408    0.6659
    0.9237    0.2445   -0.2949
...   134 T-A ...
  -19.0160   52.0245    8.9250
    0.2452    0.2905    0.9249
    0.3073   -0.9281    0.2101
    0.9195    0.2328   -0.3169
...   135 G-C ...
  -16.4638   53.8825    7.5153
    0.5339   -0.3333    0.7771
    0.0346   -0.9097   -0.4139
    0.8449    0.2479   -0.4741
...   136 T-A ...
  -14.1750   56.5548    6.1808
    0.5795   -0.7269    0.3685
   -0.3141   -0.6164   -0.7221
    0.7521    0.3026   -0.5855
...   137 G-C ...
  -11.6539   57.9993    4.7204
    0.2452   -0.9542   -0.1714
   -0.6323   -0.0234   -0.7744
    0.7349    0.2983   -0.6091
...   138 A-T ...
   -8.6759   58.7134    3.6025
   -0.0345   -0.7815   -0.6229
   -0.6536    0.4891   -0.5775
    0.7560    0.3872   -0.5277
...   139 G-C ...
   -6.3276   59.0728    1.6297
   -0.2969   -0.3279   -0.8968
   -0.5657    0.8171   -0.1114
    0.7693    0.4742   -0.4281
...   140 C-G ...
   -3.4370   60.2280    1.0287
   -0.4426    0.2287   -0.8671
   -0.1681    0.9286    0.3308
    0.8808    0.2922   -0.3725
...   141 G-C ...
   -0.6977   63.8913   -2.2509
   -0.9992    0.0157   -0.0376
   -0.0024    0.8991    0.4378
    0.0407    0.4375   -0.8983
...   142 C-G ...
   -1.0065   65.5989   -4.9401
   -0.8337    0.5216    0.1813
    0.5170    0.6219    0.5881
    0.1940    0.5841   -0.7882
...   143 T-A ...
   -0.1334   66.2085   -7.8196
   -0.3753    0.8566    0.3540
    0.8856    0.2187    0.4098
    0.2736    0.4673   -0.8407
...   144 C-G ...
   -0.1667   67.4021  -10.8067
    0.1797    0.8793    0.4411
    0.9277   -0.3007    0.2214
    0.3273    0.3694   -0.8697
...   145 A-T ...
    0.5266   69.2313  -13.4659
    0.7352    0.4964    0.4616
    0.6118   -0.7791   -0.1367
    0.2918    0.3829   -0.8765
...   146 C-G ...
    1.4337   72.0893  -15.6019
    0.9809    0.0621    0.1844
    0.1264   -0.9240   -0.3608
    0.1480    0.3772   -0.9142
...   147 A-T ...
    2.3046   74.2223  -18.3863
    0.8657   -0.4292   -0.2575
   -0.4984   -0.7868   -0.3642
   -0.0463    0.4436   -0.8950
