  147 base-pairs
...     1 A-T ...
    0.0000    0.0000    0.0000
    1.0000    0.0000    0.0000
    0.0000    1.0000    0.0000
    0.0000    0.0000    1.0000
...     2 G-C ...
   -0.1394   -1.2357    3.2268
    0.7529    0.6366    0.1670
   -0.6386    0.7680   -0.0486
   -0.1592   -0.0700    0.9848
...     3 T-A ...
   -0.0365   -3.2932    6.3751
    0.2722    0.9301    0.2466
   -0.9238    0.3243   -0.2033
   -0.2691   -0.1725    0.9475
...     4 G-C ...
   -0.3505   -4.1660    9.4928
   -0.3756    0.9250    0.0579
   -0.8781   -0.3352   -0.3415
   -0.2965   -0.1791    0.9381
...     5 A-T ...
   -0.4462   -4.1476   12.7498
   -0.8116    0.5840   -0.0165
   -0.5523   -0.7762   -0.3042
   -0.1905   -0.2378    0.9524
...     6 G-C ...
   -1.5908   -4.1730   15.6201
   -0.9976    0.0246   -0.0651
   -0.0043   -0.9555   -0.2950
   -0.0695   -0.2940    0.9533
...     7 C-G ...
   -1.1030   -4.4824   18.7362
   -0.8441   -0.5304   -0.0787
    0.5345   -0.8441   -0.0432
   -0.0435   -0.0785    0.9960
...     8 G-C ...
   -2.4028   -7.7290   23.1475
   -0.2754   -0.3293   -0.9032
    0.6650   -0.7437    0.0684
   -0.6942   -0.5818    0.4238
...     9 C-G ...
   -4.4690   -9.9728   24.1132
    0.1145   -0.7025   -0.7024
    0.8512   -0.2952    0.4340
   -0.5122   -0.6476    0.5642
...    10 T-A ...
   -6.7405  -10.8752   25.9697
    0.4841   -0.8363   -0.2574
    0.6595    0.1553    0.7355
   -0.5751   -0.5258    0.6267
...    11 C-G ...
   -9.1656  -12.6208   27.1640
    0.7073   -0.6682    0.2307
    0.3448    0.6110    0.7126
   -0.6171   -0.4245    0.6626
...    12 A-T ...
  -10.9234  -14.6633   29.0693
    0.7515   -0.1377    0.6452
   -0.2029    0.8824    0.4246
   -0.6277   -0.4500    0.6352
...    13 C-G ...
  -11.8476  -17.4863   31.2451
    0.4295    0.2823    0.8578
   -0.5708    0.8209    0.0156
   -0.6998   -0.4963    0.5137
...    14 A-T ...
  -13.5897  -19.7827   33.4259
   -0.1504    0.6104    0.7777
   -0.6874    0.5008   -0.5260
   -0.7106   -0.6136    0.3443
...    15 A-T ...
  -15.7205  -21.8076   34.7874
   -0.4952    0.7967    0.3466
   -0.4937    0.0702   -0.8668
   -0.7149   -0.6003    0.3585
...    16 T-A ...
  -17.7818  -23.6270   36.5877
   -0.6669    0.7326   -0.1361
   -0.1860   -0.3405   -0.9217
   -0.7216   -0.5893    0.3634
...    17 T-A ...
  -20.1050  -25.3760   38.0235
   -0.6531    0.4187   -0.6310
    0.2144   -0.6970   -0.6843
   -0.7263   -0.5821    0.3655
...    18 T-A ...
  -22.5532  -27.0240   39.3726
   -0.4209   -0.0474   -0.9058
    0.5408   -0.8148   -0.2087
   -0.7282   -0.5778    0.3687
...    19 A-T ...
  -24.8891  -29.0812   40.5625
    0.0071   -0.5000   -0.8660
    0.6717   -0.6391    0.3745
   -0.7408   -0.5844    0.3313
...    20 T-A ...
  -27.7240  -30.6215   41.2322
    0.3414   -0.7563   -0.5582
    0.5761   -0.3009    0.7600
   -0.7427   -0.5810    0.3329
...    21 T-A ...
  -30.2780  -32.4497   42.0598
    0.5983   -0.8009   -0.0250
    0.2840    0.1829    0.9412
   -0.7492   -0.5702    0.3369
...    22 C-G ...
  -32.6899  -34.4181   43.0745
    0.6712   -0.5284    0.5199
   -0.1232    0.6121    0.7812
   -0.7309   -0.5884    0.3458
...    23 G-C ...
  -35.1261  -36.1475   44.5538
    0.5672   -0.0394    0.8226
   -0.4866    0.7898    0.3734
   -0.6644   -0.6121    0.4288
...    24 C-G ...
  -36.9957  -38.4845   45.9615
    0.2487    0.4219    0.8718
   -0.7193    0.6833   -0.1254
   -0.6486   -0.5959    0.4734
...    25 A-T ...
  -39.1916  -40.3730   47.5990
   -0.1188    0.7920    0.5989
   -0.7542    0.3204   -0.5732
   -0.6459   -0.5197    0.5593
...    26 A-T ...
  -41.0891  -42.0400   49.6290
   -0.5073    0.8449    0.1696
   -0.5615   -0.1749   -0.8088
   -0.6537   -0.5055    0.5631
...    27 A-T ...
  -43.1121  -43.5206   51.6788
   -0.7199    0.6161   -0.3197
   -0.1891   -0.6173   -0.7637
   -0.6678   -0.4893    0.5609
...    28 G-C ...
  -45.3634  -44.8226   53.7128
   -0.6598    0.2494   -0.7088
    0.1936   -0.8550   -0.4810
   -0.7260   -0.4547    0.5159
...    29 G-C ...
  -48.0432  -45.9900   55.3856
   -0.3861   -0.2005   -0.9004
    0.4846   -0.8746   -0.0131
   -0.7849   -0.4414    0.4348
...    30 C-G ...
  -50.9059  -47.1201   56.5796
   -0.0287   -0.6196   -0.7844
    0.5941   -0.6416    0.4851
   -0.8039   -0.4521    0.3865
...    31 C-G ...
  -53.7526  -48.6668   57.4905
    0.3527   -0.8343   -0.4238
    0.4829   -0.2256    0.8461
   -0.8015   -0.5031    0.3233
...    32 G-C ...
  -56.1509  -50.5284   58.8847
    0.6242   -0.7752    0.0971
    0.1686    0.2550    0.9521
   -0.7628   -0.5780    0.2899
...    33 G-C ...
  -58.6191  -52.7084   59.6215
    0.6597   -0.4758    0.5818
   -0.2137    0.6234    0.7521
   -0.7205   -0.6205    0.3095
...    34 C-G ...
  -60.8075  -55.0674   60.4463
    0.4581   -0.0388    0.8880
   -0.5402    0.7812    0.3128
   -0.7059   -0.6231    0.3370
...    35 C-G ...
  -62.9423  -57.4167   61.6187
    0.1495    0.4352    0.8878
   -0.7026    0.6785   -0.2143
   -0.6957   -0.5918    0.4072
...    36 C-G ...
  -65.0187  -59.5880   63.1803
   -0.1808    0.7822    0.5963
   -0.6734    0.3434   -0.6547
   -0.7168   -0.5199    0.4646
...    37 G-C ...
  -67.6062  -61.2034   64.5212
   -0.4061    0.9103    0.0801
   -0.4758   -0.1358   -0.8690
   -0.7802   -0.3911    0.4883
...    38 A-T ...
  -70.1141  -62.4047   66.2072
   -0.5508    0.6966   -0.4598
   -0.1681   -0.6322   -0.7564
   -0.8176   -0.3393    0.4653
...    39 C-G ...
  -72.7588  -62.9425   68.0620
   -0.5135    0.2983   -0.8046
    0.1160   -0.9049   -0.4096
   -0.8502   -0.3036    0.4301
...    40 A-T ...
  -75.6777  -63.9366   69.3243
   -0.2548   -0.2033   -0.9454
    0.3232   -0.9393    0.1149
   -0.9114   -0.2763    0.3051
...    41 C-G ...
  -78.8855  -64.2914   69.9899
   -0.0224   -0.6473   -0.7619
    0.3783   -0.7109    0.5928
   -0.9254   -0.2750    0.2608
...    42 G-C ...
  -81.7937  -65.6589   70.9039
    0.2672   -0.9078   -0.3232
    0.2582   -0.2557    0.9316
   -0.9284   -0.3324    0.1661
...    43 A-T ...
  -84.8443  -66.8227   71.2998
    0.3684   -0.8831    0.2906
    0.0330    0.3248    0.9452
   -0.9291   -0.3386    0.1488
...    44 C-G ...
  -87.8307  -68.3277   71.2802
    0.3276   -0.5814    0.7448
   -0.1697    0.7392    0.6517
   -0.9295   -0.3399    0.1435
...    45 T-A ...
  -90.7934  -69.7752   71.7071
    0.2142   -0.0925    0.9724
   -0.3153    0.9357    0.1585
   -0.9245   -0.3405    0.1712
...    46 T-A ...
  -93.6928  -71.1635   72.2185
   -0.0213    0.4515    0.8920
   -0.3561    0.8303   -0.4287
   -0.9342   -0.3268    0.1431
...    47 A-T ...
  -96.8037  -72.2284   72.7383
   -0.1400    0.8702    0.4723
   -0.2719    0.4249   -0.8634
   -0.9521   -0.2493    0.1772
...    48 C-G ...
  -99.7340  -73.1142   73.9090
   -0.2017    0.9785   -0.0440
   -0.1613   -0.0775   -0.9839
   -0.9661   -0.1913    0.1734
...    49 T-A ...
 -102.8887  -73.4711   74.7673
   -0.1477    0.8203   -0.5525
   -0.0595   -0.5650   -0.8229
   -0.9872   -0.0886    0.1322
...    50 G-C ...
 -106.2263  -73.4886   74.9716
    0.0063    0.3964   -0.9180
   -0.0222   -0.9178   -0.3965
   -0.9997    0.0229    0.0031
...    51 T-A ...
 -109.4056  -72.7488   74.9504
    0.0505   -0.1270   -0.9906
   -0.0545   -0.9907    0.1243
   -0.9972    0.0477   -0.0569
...    52 T-A ...
 -112.5952  -72.3281   74.6024
    0.0195   -0.6595   -0.7515
   -0.1034   -0.7489    0.6546
   -0.9945    0.0649   -0.0828
...    53 C-G ...
 -115.8233  -72.2186   74.0665
   -0.0393   -0.9733   -0.2263
   -0.1376   -0.2190    0.9660
   -0.9897    0.0691   -0.1253
...    54 A-T ...
 -119.1257  -72.0919   73.9163
   -0.0784   -0.9213    0.3809
   -0.1267    0.3882    0.9128
   -0.9888    0.0234   -0.1471
...    55 T-A ...
 -122.2621  -72.4121   72.8533
   -0.1739   -0.5879    0.7900
   -0.0567    0.8069    0.5879
   -0.9831    0.0574   -0.1737
...    56 G-C ...
 -125.5106  -71.9615   72.4323
   -0.1268   -0.0146    0.9918
    0.0656    0.9976    0.0231
   -0.9898    0.0680   -0.1255
...    57 T-A ...
 -128.8112  -72.3290   72.1427
   -0.0517    0.5051    0.8615
    0.1495    0.8569   -0.4934
   -0.9874    0.1033   -0.1198
...    58 T-A ...
 -132.0381  -72.1873   71.8975
    0.0654    0.8945    0.4423
    0.1784    0.4256   -0.8872
   -0.9818    0.1369   -0.1317
...    59 A-T ...
 -135.3221  -71.5895   71.8837
    0.3327    0.9414   -0.0550
    0.1005   -0.0934   -0.9905
   -0.9376    0.3241   -0.1257
...    60 T-A ...
 -138.2864  -70.2773   72.0865
    0.3922    0.7590   -0.5197
   -0.0803   -0.5346   -0.8413
   -0.9164    0.3717   -0.1487
...    61 A-T ...
 -141.0187  -68.3648   71.7375
    0.5058    0.2965   -0.8101
   -0.3241   -0.8050   -0.4970
   -0.7995    0.5139   -0.3111
...    62 A-T ...
 -143.3927  -66.4642   70.6738
    0.2867   -0.2176   -0.9330
   -0.5807   -0.8140    0.0114
   -0.7620    0.5385   -0.3598
...    63 C-G ...
 -145.3752  -64.2692   69.2198
   -0.0269   -0.6212   -0.7832
   -0.6815   -0.5617    0.4690
   -0.7313    0.5464   -0.4083
...    64 G-C ...
 -148.0725  -62.9106   67.7785
   -0.3624   -0.8594   -0.3607
   -0.6207   -0.0662    0.7813
   -0.6953    0.5070   -0.5094
...    65 G-C ...
 -150.3415  -61.4493   65.7369
   -0.6276   -0.7651    0.1439
   -0.3467    0.4401    0.8283
   -0.6971    0.4700   -0.5415
...    66 A-T ...
 -152.5641  -59.9347   63.8178
   -0.7282   -0.3319    0.5997
    0.1097    0.8072    0.5800
   -0.6766    0.4881   -0.5513
...    67 A-T ...
 -154.7850  -58.6066   61.8221
   -0.5651    0.2330    0.7914
    0.5432    0.8271    0.1444
   -0.6210    0.5115   -0.5940
...    68 G-C ...
 -156.9994  -57.1108   59.8634
   -0.1552    0.6047    0.7811
    0.7858    0.5548   -0.2734
   -0.5987    0.5714   -0.5613
...    69 G-C ...
 -159.2106  -55.3751   57.9965
    0.3554    0.7366    0.5754
    0.7637    0.1260   -0.6331
   -0.5389    0.6644   -0.5178
...    70 T-A ...
 -161.2805  -53.1353   56.8317
    0.7330    0.6453    0.2153
    0.4831   -0.2709   -0.8326
   -0.4789    0.7143   -0.5103
...    71 A-T ...
 -162.6906  -50.3157   55.6782
    0.9665    0.2388   -0.0942
    0.0425   -0.5106   -0.8587
   -0.2532    0.8260   -0.5037
...    72 T-A ...
 -163.2563  -47.3074   54.5968
    0.8781   -0.0850   -0.4709
   -0.4368   -0.5441   -0.7163
   -0.1953    0.8347   -0.5149
...    73 C-G ...
 -163.5392  -44.6010   52.8328
    0.4875   -0.4321   -0.7587
   -0.8659   -0.3508   -0.3565
   -0.1122    0.8308   -0.5452
...    74 T-A ...
 -163.4110  -41.8972   50.9478
   -0.0268   -0.5982   -0.8009
   -0.9989   -0.0152    0.0447
   -0.0389    0.8012   -0.5971
...    75 C-G ...
 -163.4199  -39.4400   48.7722
   -0.6093   -0.4890   -0.6242
   -0.7929    0.3743    0.4808
   -0.0015    0.7879   -0.6158
...    76 G-C ...
 -163.8296  -36.6979   46.9085
   -0.9537   -0.2068   -0.2186
   -0.3006    0.6238    0.7215
   -0.0129    0.7537   -0.6571
...    77 A-T ...
 -163.7530  -34.2919   44.6503
   -0.9429    0.2252    0.2454
    0.3329    0.6108    0.7184
    0.0119    0.7591   -0.6509
...    78 G-C ...
 -163.8177  -31.9450   42.3018
   -0.6198    0.4935    0.6102
    0.7845    0.3720    0.4961
    0.0179    0.7862   -0.6177
...    79 C-G ...
 -164.0321  -29.5116   40.0572
   -0.0945    0.5780    0.8106
    0.9945    0.0179    0.1032
    0.0451    0.8159   -0.5765
...    80 T-A ...
 -164.1327  -26.7241   38.2968
    0.4248    0.4301    0.7966
    0.9001   -0.2944   -0.3211
    0.0964    0.8534   -0.5122
...    81 C-G ...
 -163.8415  -23.9014   36.7145
    0.8490    0.1131    0.5161
    0.5004   -0.4856   -0.7168
    0.1695    0.8669   -0.4688
...    82 G-C ...
 -162.9235  -21.1322   35.1113
    0.9358   -0.3205    0.1469
   -0.0060   -0.4310   -0.9023
    0.3525    0.8435   -0.4053
...    83 G-C ...
 -161.2578  -18.3486   34.1872
    0.7445   -0.6002   -0.2922
   -0.4633   -0.1494   -0.8735
    0.4807    0.7857   -0.3893
...    84 G-C ...
 -159.0563  -16.0314   33.0648
    0.3371   -0.6635   -0.6679
   -0.7446    0.2462   -0.6205
    0.5762    0.7065   -0.4110
...    85 A-T ...
 -156.9813  -13.9147   31.6488
   -0.1733   -0.4079   -0.8965
   -0.7743    0.6189   -0.1319
    0.6086    0.6713   -0.4231
...    86 T-A ...
 -154.4893  -12.2497   30.2357
   -0.5280   -0.0182   -0.8491
   -0.5727    0.7459    0.3401
    0.6271    0.6658   -0.4042
...    87 C-G ...
 -152.3980  -10.1615   28.7833
   -0.7572    0.4372   -0.4853
   -0.1414    0.6156    0.7752
    0.6377    0.6557   -0.4044
...    88 C-G ...
 -150.2744   -8.0837   27.1755
   -0.7393    0.6723    0.0384
    0.2973    0.2747    0.9144
    0.6042    0.6874   -0.4030
...    89 G-C ...
 -147.9711   -5.8385   26.2688
   -0.4963    0.6490    0.5766
    0.6477   -0.1655    0.7437
    0.5781    0.7426   -0.3382
...    90 C-G ...
 -146.3434   -3.3119   24.8952
   -0.0999    0.4178    0.9030
    0.8023   -0.5030    0.3214
    0.5885    0.7566   -0.2850
...    91 T-A ...
 -144.6380   -0.6108   24.0877
    0.2727    0.0361    0.9614
    0.7405   -0.6458   -0.1858
    0.6142    0.7626   -0.2029
...    92 T-A ...
 -142.7841    1.9830   23.5905
    0.6028   -0.3608    0.7117
    0.4712   -0.5589   -0.6824
    0.6439    0.7467   -0.1669
...    93 T-A ...
 -140.7265    4.4516   23.3149
    0.7281   -0.6450    0.2320
    0.0751   -0.2614   -0.9623
    0.6813    0.7181   -0.1418
...    94 A-T ...
 -138.1919    6.6143   23.2226
    0.5457   -0.7860   -0.2906
   -0.2769    0.1582   -0.9478
    0.7909    0.5976   -0.1313
...    95 A-T ...
 -135.4690    8.3554   23.0160
    0.2879   -0.5753   -0.7656
   -0.5140    0.5818   -0.6304
    0.8081    0.5750   -0.1282
...    96 C-G ...
 -132.4399    9.6920   22.8147
   -0.0362   -0.2056   -0.9780
   -0.5652    0.8113   -0.1497
    0.8242    0.5473   -0.1456
...    97 A-T ...
 -129.7862   11.5951   22.2412
   -0.4062    0.2508   -0.8787
   -0.4102    0.8093    0.4206
    0.8165    0.5312   -0.2259
...    98 C-G ...
 -126.9304   12.8661   21.0815
   -0.5650    0.6338   -0.5283
   -0.1296    0.5642    0.8154
    0.8148    0.5292   -0.2366
...    99 T-A ...
 -124.2917   14.5374   19.9691
   -0.5764    0.8171   -0.0115
    0.1949    0.1511    0.9691
    0.7936    0.5563   -0.2464
...   100 T-A ...
 -121.7804   16.2948   18.8832
   -0.3475    0.7680    0.5379
    0.4746   -0.3507    0.8073
    0.8087    0.5358   -0.2426
...   101 T-A ...
 -119.2995   18.1432   17.9045
   -0.0198    0.4346    0.9004
    0.5756   -0.7314    0.3657
    0.8175    0.5255   -0.2357
...   102 A-T ...
 -116.5526   19.8938   17.2516
    0.2355   -0.1078    0.9659
    0.4932   -0.8431   -0.2144
    0.8374    0.5269   -0.1454
...   103 T-A ...
 -114.1291   22.0951   17.1382
    0.4293   -0.5242    0.7355
    0.3122   -0.6781   -0.6654
    0.8475    0.5152   -0.1274
...   104 G-C ...
 -111.1467   23.5692   16.8786
    0.4126   -0.8715    0.2650
    0.0592   -0.2647   -0.9625
    0.9090    0.4129   -0.0577
...   105 C-G ...
 -108.0892   24.7681   17.1942
    0.3251   -0.9011   -0.2868
   -0.1450    0.2522   -0.9568
    0.9345    0.3526   -0.0487
...   106 T-A ...
 -104.8864   25.5853   17.2916
    0.1394   -0.6630   -0.7355
   -0.2530    0.6943   -0.6738
    0.9574    0.2800   -0.0710
...   107 T-A ...
 -101.7037   26.2214   17.2144
   -0.0236   -0.1566   -0.9874
   -0.2785    0.9496   -0.1440
    0.9601    0.2716   -0.0660
...   108 C-G ...
  -98.5342   26.9762   16.8767
   -0.2029    0.4205   -0.8843
   -0.1945    0.8678    0.4573
    0.9597    0.2648   -0.0943
...   109 C-G ...
  -95.3022   27.6990   16.2312
   -0.3413    0.8029   -0.4887
   -0.0302    0.5103    0.8595
    0.9395    0.3081   -0.1499
...   110 G-C ...
  -92.2039   28.9353   16.1004
   -0.3845    0.9191    0.0866
    0.1871   -0.0143    0.9822
    0.9040    0.3939   -0.1665
...   111 G-C ...
  -89.2782   30.3926   15.2945
   -0.2895    0.7339    0.6144
    0.3771   -0.5025    0.7780
    0.8797    0.4570   -0.1313
...   112 C-G ...
  -86.5873   32.2062   14.6604
   -0.0780    0.3249    0.9425
    0.4780   -0.8175    0.3214
    0.8749    0.4756   -0.0916
...   113 T-A ...
  -83.8650   34.0754   14.4976
    0.1271   -0.1765    0.9761
    0.4617   -0.8604   -0.2157
    0.8779    0.4781   -0.0278
...   114 C-G ...
  -81.0250   35.6929   14.5463
    0.3347   -0.6610    0.6716
    0.3102   -0.5957   -0.7409
    0.8898    0.4563    0.0057
...   115 G-C ...
  -77.9316   36.9234   14.3892
    0.3349   -0.9292    0.1561
    0.1056   -0.1276   -0.9862
    0.9363    0.3468    0.0554
...   116 T-A ...
  -74.8820   37.8940   15.2033
    0.3038   -0.8762   -0.3742
   -0.0754    0.3694   -0.9262
    0.9498    0.3096    0.0462
...   117 A-T ...
  -71.6630   38.7221   15.3666
    0.1211   -0.5421   -0.8316
   -0.2048    0.8061   -0.5553
    0.9713    0.2375   -0.0134
...   118 T-A ...
  -68.3825   38.8440   15.5409
   -0.0075   -0.0706   -0.9975
   -0.2331    0.9702   -0.0669
    0.9724    0.2320   -0.0238
...   119 A-T ...
  -65.1505   39.6023   15.3441
   -0.2109    0.4792   -0.8520
   -0.1590    0.8432    0.5136
    0.9645    0.2438   -0.1017
...   120 A-T ...
  -62.0132   40.2056   14.7831
   -0.2652    0.8697   -0.4162
   -0.0072    0.4298    0.9029
    0.9642    0.2425   -0.1077
...   121 T-A ...
  -58.9519   40.8496   13.7593
   -0.2338    0.9678    0.0931
    0.1305   -0.0637    0.9894
    0.9635    0.2435   -0.1114
...   122 G-C ...
  -55.7719   41.7984   13.6563
   -0.2025    0.7380    0.6436
    0.2702   -0.5897    0.7611
    0.9413    0.3280   -0.0800
...   123 T-A ...
  -52.9137   43.3743   13.0865
   -0.0536    0.3178    0.9466
    0.3408   -0.8853    0.3165
    0.9386    0.3396   -0.0608
...   124 G-C ...
  -49.7357   44.3331   13.1176
    0.0691   -0.2667    0.9613
    0.3335   -0.9020   -0.2742
    0.9402    0.3396    0.0266
...   125 T-A ...
  -46.8561   45.9157   13.5815
    0.2089   -0.7036    0.6792
    0.2481   -0.6337   -0.7327
    0.9460    0.3215    0.0422
...   126 C-G ...
  -43.7683   46.9715   13.8631
    0.2825   -0.9510    0.1254
    0.0822   -0.1063   -0.9909
    0.9557    0.2902    0.0482
...   127 G-C ...
  -40.5628   47.8672   13.6952
    0.1602   -0.8844   -0.4383
   -0.0702    0.4327   -0.8988
    0.9846    0.1747    0.0072
...   128 A-T ...
  -37.3374   48.3456   13.8074
    0.0398   -0.4845   -0.8739
   -0.1448    0.8625   -0.4848
    0.9887    0.1458   -0.0359
...   129 C-G ...
  -34.0515   48.1795   13.8046
   -0.0855    0.0170   -0.9962
   -0.1313    0.9909    0.0282
    0.9877    0.1332   -0.0824
...   130 C-G ...
  -30.7303   48.2940   13.2527
   -0.2433    0.5222   -0.8174
   -0.0342    0.8376    0.5453
    0.9693    0.1606   -0.1859
...   131 A-T ...
  -27.5441   48.9767   12.5744
   -0.3305    0.8741   -0.3560
    0.1544    0.4221    0.8933
    0.9311    0.2403   -0.2744
...   132 A-T ...
  -24.6238   49.7498   11.3973
   -0.1877    0.9600    0.2076
    0.3263   -0.1384    0.9351
    0.9264    0.2433   -0.2873
...   133 A-T ...
  -21.7457   50.6881   10.2198
    0.0446    0.7169    0.6957
    0.3817   -0.6558    0.6513
    0.9232    0.2365   -0.3029
...   134 T-A ...
  -19.0159   52.0244    8.9251
    0.2452    0.2905    0.9249
    0.3073   -0.9281    0.2101
    0.9195    0.2328   -0.3169
...   135 G-C ...
  -16.4637   53.8824    7.5154
    0.5339   -0.3333    0.7771
    0.0346   -0.9097   -0.4139
    0.8449    0.2479   -0.4741
...   136 T-A ...
  -14.1749   56.5547    6.1809
    0.5795   -0.7269    0.3685
   -0.3141   -0.6164   -0.7221
    0.7521    0.3026   -0.5855
...   137 G-C ...
  -11.6538   57.9992    4.7205
    0.2452   -0.9542   -0.1714
   -0.6323   -0.0234   -0.7744
    0.7349    0.2983   -0.6091
...   138 A-T ...
   -8.6758   58.7133    3.6025
   -0.0345   -0.7815   -0.6229
   -0.6536    0.4891   -0.5775
    0.7560    0.3872   -0.5277
...   139 G-C ...
   -6.3275   59.0727    1.6297
   -0.2969   -0.3279   -0.8968
   -0.5657    0.8171   -0.1114
    0.7693    0.4742   -0.4281
...   140 C-G ...
   -3.4369   60.2278    1.0288
   -0.4426    0.2287   -0.8671
   -0.1681    0.9286    0.3308
    0.8808    0.2922   -0.3725
...   141 G-C ...
   -0.6976   63.8911   -2.2508
   -0.9992    0.0157   -0.0376
   -0.0024    0.8991    0.4378
    0.0407    0.4375   -0.8983
...   142 C-G ...
   -1.0064   65.5988   -4.9400
   -0.8337    0.5216    0.1813
    0.5170    0.6219    0.5881
    0.1940    0.5841   -0.7882
...   143 T-A ...
   -0.1332   66.2084   -7.8195
   -0.3753    0.8566    0.3540
    0.8856    0.2187    0.4098
    0.2736    0.4673   -0.8407
...   144 C-G ...
   -0.1666   67.4020  -10.8066
    0.1798    0.8793    0.4411
    0.9277   -0.3007    0.2214
    0.3273    0.3694   -0.8697
...   145 A-T ...
    0.5267   69.2312  -13.4658
    0.7352    0.4964    0.4616
    0.6118   -0.7791   -0.1367
    0.2918    0.3829   -0.8765
...   146 C-G ...
    1.4338   72.0892  -15.6018
    0.9809    0.0621    0.1844
    0.1264   -0.9240   -0.3608
    0.1480    0.3772   -0.9142
...   147 A-T ...
    2.3048   74.2222  -18.3862
    0.8657   -0.4292   -0.2575
   -0.4984   -0.7868   -0.3642
   -0.0463    0.4436   -0.8950
