  147 base-pairs
...     1 A-T ...
    0.0000    0.0000    0.0000
    1.0000    0.0000    0.0000
    0.0000    1.0000    0.0000
    0.0000    0.0000    1.0000
...     2 G-C ...
   -0.1394   -1.2357    3.2268
    0.7529    0.6366    0.1670
   -0.6386    0.7680   -0.0486
   -0.1592   -0.0700    0.9848
...     3 T-A ...
   -0.0365   -3.2932    6.3751
    0.2722    0.9301    0.2466
   -0.9238    0.3243   -0.2033
   -0.2691   -0.1725    0.9475
...     4 G-C ...
   -0.3505   -4.1660    9.4928
   -0.3756    0.9250    0.0579
   -0.8781   -0.3352   -0.3415
   -0.2965   -0.1791    0.9381
...     5 A-T ...
   -0.4462   -4.1476   12.7498
   -0.8116    0.5840   -0.0165
   -0.5523   -0.7762   -0.3042
   -0.1905   -0.2378    0.9524
...     6 G-C ...
   -1.5908   -4.1730   15.6201
   -0.9976    0.0246   -0.0651
   -0.0043   -0.9555   -0.2950
   -0.0695   -0.2940    0.9533
...     7 C-G ...
   -1.1030   -4.4824   18.7362
   -0.8441   -0.5304   -0.0787
    0.5345   -0.8441   -0.0432
   -0.0435   -0.0785    0.9960
...     8 G-C ...
   -2.4028   -7.7290   23.1475
   -0.2754   -0.3293   -0.9032
    0.6650   -0.7437    0.0684
   -0.6942   -0.5818    0.4238
...     9 C-G ...
   -4.4690   -9.9728   24.1132
    0.1145   -0.7025   -0.7024
    0.8512   -0.2952    0.4340
   -0.5122   -0.6476    0.5642
...    10 T-A ...
   -6.7405  -10.8752   25.9697
    0.4841   -0.8363   -0.2574
    0.6595    0.1553    0.7355
   -0.5751   -0.5258    0.6267
...    11 C-G ...
   -9.1656  -12.6208   27.1640
    0.7073   -0.6682    0.2307
    0.3448    0.6110    0.7126
   -0.6171   -0.4245    0.6626
...    12 A-T ...
  -10.9234  -14.6633   29.0693
    0.7515   -0.1377    0.6452
   -0.2029    0.8824    0.4246
   -0.6277   -0.4500    0.6352
...    13 C-G ...
  -11.8476  -17.4863   31.2451
    0.4295    0.2823    0.8578
   -0.5708    0.8209    0.0156
   -0.6998   -0.4963    0.5137
...    14 A-T ...
  -13.5897  -19.7827   33.4259
   -0.1504    0.6104    0.7777
   -0.6874    0.5008   -0.5260
   -0.7106   -0.6136    0.3443
...    15 A-T ...
  -15.8318  -21.7894   34.6319
   -0.4881    0.8105    0.3237
   -0.4837    0.0575   -0.8733
   -0.7265   -0.5828    0.3640
...    16 T-A ...
  -17.9415  -23.6229   36.5452
   -0.6953    0.6948   -0.1840
   -0.1406   -0.3825   -0.9132
   -0.7049   -0.6091    0.3636
...    17 T-A ...
  -20.2240  -25.4006   38.1058
   -0.6713    0.3166   -0.6702
    0.2954   -0.7150   -0.6337
   -0.6798   -0.6234    0.3864
...    18 T-A ...
  -22.5378  -27.2100   39.4795
   -0.3848   -0.1332   -0.9133
    0.6170   -0.7731   -0.1472
   -0.6865   -0.6202    0.3797
...    19 A-T ...
  -24.6903  -29.4785   40.7145
    0.0762   -0.5456   -0.8346
    0.7161   -0.5525    0.4266
   -0.6938   -0.6301    0.3487
...    20 T-A ...
  -27.4390  -31.1881   41.4855
    0.4158   -0.7704   -0.4833
    0.5803   -0.1844    0.7932
   -0.7002   -0.6103    0.3704
...    21 T-A ...
  -29.8737  -33.1607   42.4203
    0.6594   -0.7489    0.0660
    0.2348    0.2886    0.9282
   -0.7142   -0.5966    0.3662
...    22 C-G ...
  -32.2036  -35.1549   43.5929
    0.6933   -0.4247    0.5822
   -0.1988    0.6638    0.7210
   -0.6927   -0.6156    0.3757
...    23 G-C ...
  -34.6235  -36.7645   45.3026
    0.5643    0.1032    0.8191
   -0.5629    0.7739    0.2903
   -0.6039   -0.6249    0.4948
...    24 C-G ...
  -36.3387  -39.0772   46.8500
    0.2265    0.5280    0.8185
   -0.7697    0.6119   -0.1818
   -0.5968   -0.5889    0.5450
...    25 A-T ...
  -38.5405  -40.8640   48.5003
   -0.1746    0.8328    0.5254
   -0.7696    0.2174   -0.6004
   -0.6142   -0.5091    0.6029
...    26 A-T ...
  -40.4335  -42.4524   50.6488
   -0.5580    0.8251    0.0882
   -0.5485   -0.2870   -0.7853
   -0.6227   -0.4866    0.6128
...    27 A-T ...
  -42.2621  -43.8417   52.9471
   -0.7680    0.5203   -0.3735
   -0.1375   -0.7034   -0.6973
   -0.6256   -0.4842    0.6117
...    28 G-C ...
  -44.4680  -44.9692   55.2290
   -0.6822    0.1111   -0.7227
    0.2593   -0.8874   -0.3812
   -0.6837   -0.4474    0.5765
...    29 G-C ...
  -47.1180  -46.1356   57.0981
   -0.3664   -0.3645   -0.8561
    0.5723   -0.8137    0.1015
   -0.7336   -0.4527    0.5068
...    30 C-G ...
  -49.8250  -47.4132   58.4154
    0.0393   -0.7260   -0.6866
    0.6534   -0.5012    0.5674
   -0.7560   -0.4709    0.4547
...    31 C-G ...
  -52.5601  -48.8257   59.7515
    0.4394   -0.8514   -0.2864
    0.5035   -0.0307    0.8635
   -0.7439   -0.5236    0.4152
...    32 G-C ...
  -54.5872  -50.5563   61.2594
    0.6911   -0.7052    0.1585
    0.1834    0.3833    0.9052
   -0.6991   -0.5965    0.3942
...    33 G-C ...
  -56.6077  -52.9817   62.4796
    0.7065   -0.3507    0.6147
   -0.2494    0.6895    0.6800
   -0.6623   -0.6338    0.3997
...    34 C-G ...
  -58.5942  -55.3215   63.6159
    0.4777    0.1097    0.8716
   -0.5970    0.7684    0.2304
   -0.6445   -0.6304    0.4326
...    35 C-G ...
  -60.4149  -57.6337   65.3197
    0.1089    0.5524    0.8264
   -0.7619    0.5804   -0.2876
   -0.6385   -0.5983    0.4841
...    36 C-G ...
  -62.2925  -59.7448   67.1497
   -0.2785    0.8150    0.5082
   -0.7062    0.1848   -0.6834
   -0.6509   -0.5492    0.5241
...    37 G-C ...
  -64.7413  -61.7019   68.2401
   -0.5384    0.8427    0.0082
   -0.4404   -0.2730   -0.8553
   -0.7185   -0.4641    0.5181
...    38 A-T ...
  -66.9048  -63.2486   69.9234
   -0.6762    0.5447   -0.4961
   -0.0365   -0.6973   -0.7159
   -0.7358   -0.4660    0.4914
...    39 C-G ...
  -69.4331  -64.2244   71.5963
   -0.5489    0.1479   -0.8227
    0.2933   -0.8875   -0.3553
   -0.7827   -0.4363    0.4438
...    40 A-T ...
  -72.2073  -65.5575   72.8859
   -0.2058   -0.3117   -0.9276
    0.5070   -0.8447    0.1714
   -0.8370   -0.4351    0.3319
...    41 C-G ...
  -75.2328  -66.7263   73.4757
    0.1181   -0.6752   -0.7281
    0.5156   -0.5850    0.6261
   -0.8487   -0.4493    0.2790
...    42 G-C ...
  -77.7908  -68.5237   74.5908
    0.4316   -0.8694   -0.2407
    0.2915   -0.1181    0.9492
   -0.8537   -0.4798    0.2024
...    43 A-T ...
  -80.5230  -70.0355   75.1704
    0.5100   -0.7785    0.3658
   -0.0150    0.4172    0.9087
   -0.8601   -0.4689    0.2011
...    44 C-G ...
  -83.1933  -72.0157   75.3441
    0.4394   -0.4328    0.7872
   -0.2915    0.7602    0.5806
   -0.8497   -0.4846    0.2079
...    45 T-A ...
  -85.8686  -74.4169   75.9299
    0.2045    0.0589    0.9771
   -0.4688    0.8821    0.0450
   -0.8593   -0.4673    0.2080
...    46 T-A ...
  -88.4479  -76.2840   76.5569
   -0.0852    0.4958    0.8642
   -0.4751    0.7422   -0.4727
   -0.8758   -0.4509    0.1724
...    47 A-T ...
  -91.2878  -77.7938   77.3484
   -0.2221    0.8669    0.4462
   -0.3600    0.3524   -0.8639
   -0.9061   -0.3525    0.2338
...    48 C-G ...
  -93.9813  -79.0520   78.7173
   -0.3165    0.9454   -0.0772
   -0.1961   -0.1448   -0.9698
   -0.9281   -0.2918    0.2312
...    49 T-A ...
  -97.0245  -79.7357   79.9219
   -0.2751    0.7637   -0.5840
   -0.0448   -0.6170   -0.7857
   -0.9604   -0.1900    0.2039
...    50 G-C ...
 -100.4104  -79.9762   80.3768
   -0.0696    0.3389   -0.9383
    0.0465   -0.9384   -0.3424
   -0.9965   -0.0674    0.0496
...    51 T-A ...
 -103.5743  -79.6114   80.5057
    0.0367   -0.1460   -0.9886
    0.0409   -0.9882    0.1474
   -0.9985   -0.0459   -0.0303
...    52 A-T ...
 -106.8226  -79.6631   79.9908
    0.1621   -0.6619   -0.7319
   -0.0691   -0.7474    0.6607
   -0.9844   -0.0565   -0.1669
...    53 G-C ...
 -109.9173  -79.6597   79.0820
    0.1588   -0.9422   -0.2950
   -0.1946   -0.3228    0.9263
   -0.9680   -0.0897   -0.2346
...    54 G-C ...
 -113.1145  -80.0636   77.3474
    0.0583   -0.9628    0.2637
   -0.2839    0.2372    0.9290
   -0.9571   -0.1290   -0.2595
...    55 T-A ...
 -116.1040  -80.8117   76.1303
   -0.1296   -0.6995    0.7028
   -0.2737    0.7065    0.6527
   -0.9531   -0.1078   -0.2830
...    56 A-T ...
 -119.2204  -81.4672   74.9916
   -0.2765   -0.1368    0.9512
   -0.1287    0.9862    0.1044
   -0.9524   -0.0935   -0.2903
...    57 T-A ...
 -122.2332  -82.4842   74.0934
   -0.3298    0.3855    0.8618
    0.0599    0.9195   -0.3884
   -0.9422   -0.0765   -0.3263
...    58 C-G ...
 -125.4857  -82.9012   73.2551
   -0.2063    0.8702    0.4474
    0.2756    0.4904   -0.8268
   -0.9389   -0.0472   -0.3410
...    59 T-A ...
 -128.7061  -82.9161   72.4313
    0.0558    0.9984   -0.0077
    0.3401   -0.0263   -0.9400
   -0.9387    0.0498   -0.3410
...    60 C-G ...
 -131.8346  -82.5609   71.3502
    0.3164    0.8098   -0.4942
    0.2235   -0.5699   -0.7908
   -0.9219    0.1397   -0.3613
...    61 G-C ...
 -134.6181  -82.0008   69.6265
    0.6321    0.3784   -0.6762
   -0.0256   -0.8620   -0.5063
   -0.7744    0.3373   -0.5352
...    62 A-T ...
 -137.0538  -80.6835   67.7176
    0.5613   -0.1925   -0.8049
   -0.4062   -0.9114   -0.0652
   -0.7211    0.3636   -0.5898
...    63 G-C ...
 -139.1130  -79.2469   65.5249
    0.3148   -0.6557   -0.6863
   -0.6789   -0.6608    0.3199
   -0.6633    0.3652   -0.6532
...    64 C-G ...
 -140.9539  -77.9363   62.9434
   -0.1321   -0.9239   -0.3591
   -0.7620   -0.1371    0.6329
   -0.6339    0.3573   -0.6859
...    65 T-A ...
 -142.9168  -76.7878   60.5702
   -0.5437   -0.8390    0.0210
   -0.5907    0.4003    0.7006
   -0.5962    0.3685   -0.7133
...    66 C-G ...
 -145.0144  -75.4823   58.3645
   -0.8059   -0.4091    0.4279
   -0.1379    0.8327    0.5363
   -0.5757    0.3732   -0.7275
...    67 G-C ...
 -146.8239  -73.1901   56.3925
   -0.7243    0.1407    0.6749
    0.3612    0.9113    0.1976
   -0.5873    0.3869   -0.7109
...    68 G-C ...
 -148.9539  -72.0537   53.9282
   -0.3510    0.5671    0.7451
    0.7202    0.6720   -0.1722
   -0.5984    0.4762   -0.6444
...    69 T-A ...
 -151.5326  -70.7314   52.3467
    0.1150    0.8051    0.5818
    0.8066    0.2662   -0.5278
   -0.5799    0.5300   -0.6188
...    70 C-G ...
 -153.2891  -68.9710   50.3691
    0.5855    0.7675    0.2610
    0.6102   -0.2053   -0.7652
   -0.5337    0.6073   -0.5885
...    71 A-T ...
 -155.2939  -66.7827   48.6845
    0.8920    0.4445   -0.0822
    0.1865   -0.5276   -0.8288
   -0.4117    0.7239   -0.5535
...    72 T-A ...
 -156.4337  -64.1287   47.2603
    0.9055    0.0687   -0.4188
   -0.2754   -0.6557   -0.7030
   -0.3228    0.7519   -0.5748
...    73 G-C ...
 -157.0859  -61.3927   45.2457
    0.6286   -0.4201   -0.6545
   -0.7572   -0.5225   -0.3919
   -0.1774    0.7420   -0.6466
...    74 T-A ...
 -156.9872  -58.7323   43.2030
    0.1409   -0.6445   -0.7515
   -0.9808   -0.1943   -0.0173
   -0.1348    0.7395   -0.6595
...    75 T-A ...
 -157.1468  -56.3546   41.0568
   -0.4359   -0.6152   -0.6569
   -0.8959    0.2267    0.3822
   -0.0862    0.7550   -0.6500
...    76 A-T ...
 -157.5916  -53.5848   39.0485
   -0.9211   -0.2568   -0.2926
   -0.3886    0.5625    0.7298
   -0.0228    0.7859   -0.6179
...    77 T-A ...
 -157.4702  -51.4926   36.5434
   -0.9918    0.0995    0.0806
    0.1244    0.6020    0.7887
    0.0300    0.7923   -0.6094
...    78 A-T ...
 -157.0350  -48.6374   34.6771
   -0.6720    0.5035    0.5430
    0.7351    0.3651    0.5713
    0.0894    0.7831   -0.6154
...    79 A-T ...
 -156.8403  -46.1851   32.6383
   -0.1541    0.6162    0.7724
    0.9793   -0.0088    0.2024
    0.1315    0.7876   -0.6020
...    80 C-G ...
 -157.0483  -43.4756   30.6305
    0.3881    0.4832    0.7848
    0.9062   -0.3549   -0.2297
    0.1676    0.8003   -0.5756
...    81 G-C ...
 -155.9317  -40.9462   28.9357
    0.7300    0.0554    0.6812
    0.5968   -0.5374   -0.5958
    0.3331    0.8415   -0.4254
...    82 G-C ...
 -154.3860  -38.1763   28.1029
    0.8747   -0.3447    0.3408
    0.1769   -0.4276   -0.8865
    0.4513    0.8357   -0.3130
...    83 A-T ...
 -152.6437  -35.5858   27.2940
    0.7965   -0.5709   -0.1991
   -0.3188   -0.1169   -0.9406
    0.5137    0.8127   -0.2751
...    84 G-C ...
 -150.6910  -32.9678   26.6690
    0.4814   -0.6114   -0.6280
   -0.6558    0.2242   -0.7209
    0.5816    0.7589   -0.2930
...    85 A-T ...
 -148.4380  -30.5500   25.9531
   -0.0131   -0.3456   -0.9383
   -0.7968    0.5705   -0.1991
    0.6041    0.7450   -0.2828
...    86 T-A ...
 -145.9849  -28.5486   24.9827
   -0.4250   -0.0025   -0.9052
   -0.6680    0.6757    0.3118
    0.6109    0.7372   -0.2889
...    87 C-G ...
 -143.8126  -26.2741   23.8158
   -0.7283    0.4195   -0.5418
   -0.2819    0.5372    0.7949
    0.6246    0.7317   -0.2730
...    88 C-G ...
 -141.7190  -23.9525   22.7901
   -0.8180    0.5747   -0.0259
    0.1394    0.2418    0.9603
    0.5581    0.7818   -0.2779
...    89 G-C ...
 -139.8206  -21.3059   22.3824
   -0.6586    0.5324    0.5318
    0.5676   -0.1126    0.8156
    0.4941    0.8390   -0.2280
...    90 C-G ...
 -138.4169  -18.3632   21.2322
   -0.2338    0.3490    0.9075
    0.8291   -0.4160    0.3736
    0.5079    0.8397   -0.1921
...    91 T-A ...
 -137.0761  -15.2725   20.6019
    0.2374    0.0135    0.9713
    0.8255   -0.5299   -0.1944
    0.5121    0.8480   -0.1370
...    92 T-A ...
 -135.6753  -12.3581   20.4246
    0.6450   -0.3050    0.7007
    0.5496   -0.4520   -0.7026
    0.5310    0.8383   -0.1239
...    93 T-A ...
 -133.9613   -9.6405   20.2290
    0.8063   -0.5531    0.2097
    0.1163   -0.1994   -0.9730
    0.5800    0.8089   -0.0965
...    94 A-T ...
 -131.7823   -7.1381   19.8846
    0.6532   -0.6714   -0.3500
   -0.3146    0.1798   -0.9320
    0.6887    0.7190   -0.0938
...    95 A-T ...
 -129.4443   -5.0132   19.7609
    0.3545   -0.4989   -0.7908
   -0.5941    0.5329   -0.6025
    0.7220    0.6834   -0.1075
...    96 C-G ...
 -126.5937   -3.2577   19.6307
   -0.0070   -0.1460   -0.9893
   -0.6766    0.7291   -0.1028
    0.7363    0.6686   -0.1038
...    97 A-T ...
 -124.0987   -1.1138   19.0986
   -0.4345    0.2532   -0.8643
   -0.5357    0.6988    0.4740
    0.7240    0.6690   -0.1680
...    98 C-G ...
 -121.4495    0.6963   18.0025
   -0.6562    0.5723   -0.4919
   -0.2291    0.4699    0.8524
    0.7190    0.6721   -0.1772
...    99 T-A ...
 -118.9529    2.9431   16.6183
   -0.6803    0.7303    0.0615
    0.1650    0.0708    0.9838
    0.7141    0.6794   -0.1687
...   100 T-A ...
 -116.7777    5.1855   15.7041
   -0.4389    0.6595    0.6103
    0.5154   -0.3715    0.7722
    0.7360    0.6535   -0.1769
...   101 T-A ...
 -114.5350    7.4179   14.9584
   -0.0763    0.3332    0.9398
    0.6655   -0.6848    0.2968
    0.7425    0.6481   -0.1695
...   102 A-T ...
 -111.9119    9.4121   14.5455
    0.2463   -0.1597    0.9560
    0.5937   -0.7548   -0.2790
    0.7661    0.6363   -0.0910
...   103 T-A ...
 -109.8272   11.8774   14.7400
    0.4473   -0.5273    0.7224
    0.4181   -0.5908   -0.6901
    0.7906    0.6107   -0.0438
...   104 G-C ...
 -107.1584   13.8752   14.9408
    0.5220   -0.8369    0.1648
    0.0999   -0.1320   -0.9862
    0.8471    0.5313    0.0147
...   105 C-G ...
 -104.2173   15.2306   15.3835
    0.4372   -0.8108   -0.3890
   -0.1887    0.3403   -0.9212
    0.8793    0.4762   -0.0042
...   106 T-A ...
 -100.9285   16.3089   15.5762
    0.2381   -0.4918   -0.8375
   -0.3479    0.7619   -0.5463
    0.9068    0.4215    0.0103
...   107 T-A ...
  -97.9135   17.3984   15.6371
   -0.0297   -0.0033   -0.9996
   -0.3959    0.9183    0.0087
    0.9178    0.3960   -0.0286
...   108 C-G ...
  -94.7903   18.5096   15.3303
   -0.2711    0.5172   -0.8118
   -0.2895    0.7606    0.5812
    0.9180    0.3925   -0.0565
...   109 C-G ...
  -91.7488   19.7064   14.9817
   -0.4660    0.7964   -0.3855
   -0.0930    0.3892    0.9165
    0.8799    0.4629   -0.1073
...   110 G-C ...
  -89.1098   21.2544   14.9423
   -0.5250    0.8395    0.1401
    0.1728   -0.0560    0.9834
    0.8334    0.5404   -0.1157
...   111 G-C ...
  -86.5974   23.4303   14.4377
   -0.3911    0.6370    0.6643
    0.4518   -0.4960    0.7416
    0.8019    0.5901   -0.0938
...   112 C-G ...
  -84.3090   25.8309   13.9648
   -0.1153    0.2413    0.9636
    0.5927   -0.7617    0.2617
    0.7971    0.6013   -0.0552
...   113 T-A ...
  -81.8441   28.0365   13.8293
    0.1663   -0.2145    0.9625
    0.5728   -0.7734   -0.2714
    0.8026    0.5965   -0.0057
...   114 C-G ...
  -79.1403   29.9402   13.9587
    0.4239   -0.6418    0.6390
    0.3970   -0.5024   -0.7681
    0.8140    0.5793    0.0418
...   115 G-C ...
  -76.2700   31.5891   13.7059
    0.4975   -0.8632    0.0863
    0.0985   -0.0426   -0.9942
    0.8619    0.5031    0.0639
...   116 T-A ...
  -73.3188   32.8056   14.4807
    0.4276   -0.7859   -0.4467
   -0.1642    0.4184   -0.8933
    0.8889    0.4553    0.0499
...   117 A-T ...
  -70.0620   33.7877   15.0093
    0.1758   -0.4650   -0.8677
   -0.3336    0.8011   -0.4969
    0.9262    0.3769   -0.0143
...   118 T-A ...
  -66.8687   34.3214   15.1767
   -0.0068   -0.0081   -0.9999
   -0.3722    0.9281   -0.0049
    0.9281    0.3722   -0.0093
...   119 A-T ...
  -63.8284   35.7049   15.1296
   -0.2621    0.5078   -0.8207
   -0.2695    0.7780    0.5675
    0.9266    0.3699   -0.0671
...   120 A-T ...
  -60.7887   36.6910   14.6043
   -0.3795    0.8508   -0.3636
   -0.0671    0.3667    0.9279
    0.9228    0.3765   -0.0820
...   121 T-A ...
  -57.7977   37.8199   13.6359
   -0.3511    0.9217    0.1648
    0.1410   -0.1220    0.9825
    0.9256    0.3682   -0.0871
...   122 G-C ...
  -54.7177   39.2363   13.1716
   -0.2612    0.6548    0.7093
    0.3249   -0.6322    0.7033
    0.9090    0.4142   -0.0476
...   123 T-A ...
  -51.9721   40.9833   12.8107
   -0.0742    0.2535    0.9645
    0.4118   -0.8731    0.2611
    0.9082    0.4166   -0.0396
...   124 G-C ...
  -48.9932   42.4694   12.7898
    0.1065   -0.3139    0.9435
    0.4042   -0.8533   -0.3295
    0.9085    0.4164    0.0360
...   125 T-A ...
  -46.3022   44.1940   13.1688
    0.2575   -0.7239    0.6400
    0.2954   -0.5716   -0.7655
    0.9200    0.3862    0.0666
...   126 C-G ...
  -43.3866   45.3820   13.4839
    0.3796   -0.9219    0.0777
    0.0993   -0.0428   -0.9941
    0.9198    0.3851    0.0753
...   127 G-C ...
  -40.2947   46.4576   13.2703
    0.2001   -0.8830   -0.4245
   -0.0680    0.4197   -0.9051
    0.9774    0.2100    0.0239
...   128 A-T ...
  -37.2307   47.1760   13.4490
    0.1086   -0.4842   -0.8682
   -0.1875    0.8477   -0.4962
    0.9763    0.2166    0.0013
...   129 C-G ...
  -33.9443   47.1114   13.7022
   -0.0546    0.0163   -0.9984
   -0.1994    0.9796    0.0269
    0.9784    0.2005   -0.0502
...   130 C-G ...
  -30.6086   47.3059   12.9686
   -0.2628    0.4863   -0.8333
   -0.0936    0.8468    0.5236
    0.9603    0.2156   -0.1770
...   131 A-T ...
  -27.5417   48.5920   12.5982
   -0.3771    0.8429   -0.3838
    0.1043    0.4504    0.8867
    0.9203    0.2944   -0.2578
...   132 A-T ...
  -24.6164   49.6119   11.5099
   -0.2473    0.9515    0.1832
    0.3127   -0.1006    0.9445
    0.9171    0.2909   -0.2727
...   133 A-T ...
  -21.7726   50.6470   10.2402
    0.0342    0.7238    0.6892
    0.3841   -0.6461    0.6595
    0.9227    0.2421   -0.3001
...   134 T-A ...
  -19.0159   52.0243    8.9250
    0.2452    0.2905    0.9249
    0.3073   -0.9281    0.2101
    0.9195    0.2328   -0.3169
...   135 G-C ...
  -16.4637   53.8824    7.5153
    0.5339   -0.3333    0.7771
    0.0346   -0.9097   -0.4139
    0.8449    0.2479   -0.4741
...   136 T-A ...
  -14.1748   56.5546    6.1808
    0.5795   -0.7269    0.3685
   -0.3141   -0.6164   -0.7221
    0.7521    0.3026   -0.5855
...   137 G-C ...
  -11.6538   57.9991    4.7204
    0.2452   -0.9542   -0.1714
   -0.6323   -0.0234   -0.7744
    0.7349    0.2983   -0.6091
...   138 A-T ...
   -8.6758   58.7132    3.6024
   -0.0345   -0.7815   -0.6229
   -0.6536    0.4891   -0.5775
    0.7560    0.3872   -0.5277
...   139 G-C ...
   -6.3274   59.0726    1.6296
   -0.2969   -0.3279   -0.8968
   -0.5657    0.8171   -0.1114
    0.7693    0.4742   -0.4281
...   140 C-G ...
   -3.4368   60.2278    1.0287
   -0.4426    0.2287   -0.8671
   -0.1681    0.9286    0.3308
    0.8808    0.2922   -0.3725
...   141 G-C ...
   -0.6976   63.8910   -2.2510
   -0.9992    0.0157   -0.0376
   -0.0024    0.8991    0.4378
    0.0407    0.4375   -0.8983
...   142 C-G ...
   -1.0064   65.5987   -4.9401
   -0.8337    0.5216    0.1813
    0.5170    0.6219    0.5881
    0.1940    0.5841   -0.7882
...   143 T-A ...
   -0.1332   66.2083   -7.8196
   -0.3753    0.8566    0.3540
    0.8856    0.2187    0.4098
    0.2736    0.4673   -0.8407
...   144 C-G ...
   -0.1665   67.4019  -10.8067
    0.1798    0.8793    0.4411
    0.9277   -0.3007    0.2214
    0.3273    0.3694   -0.8697
...   145 A-T ...
    0.5267   69.2311  -13.4659
    0.7352    0.4964    0.4616
    0.6118   -0.7791   -0.1367
    0.2918    0.3829   -0.8765
...   146 C-G ...
    1.4339   72.0891  -15.6019
    0.9809    0.0621    0.1844
    0.1264   -0.9240   -0.3608
    0.1480    0.3772   -0.9142
...   147 A-T ...
    2.3048   74.2221  -18.3863
    0.8657   -0.4292   -0.2575
   -0.4984   -0.7868   -0.3642
   -0.0463    0.4436   -0.8950
