  147 base-pairs
...     1 A-T ...
    0.0000    0.0000    0.0000
    1.0000    0.0000    0.0000
    0.0000    1.0000    0.0000
    0.0000    0.0000    1.0000
...     2 G-C ...
   -0.1394   -1.2357    3.2268
    0.7529    0.6366    0.1670
   -0.6386    0.7680   -0.0486
   -0.1592   -0.0700    0.9848
...     3 T-A ...
   -0.0365   -3.2932    6.3751
    0.2722    0.9301    0.2466
   -0.9238    0.3243   -0.2033
   -0.2691   -0.1725    0.9475
...     4 G-C ...
   -0.3505   -4.1660    9.4928
   -0.3756    0.9250    0.0579
   -0.8781   -0.3352   -0.3415
   -0.2965   -0.1791    0.9381
...     5 A-T ...
   -0.4462   -4.1476   12.7498
   -0.8116    0.5840   -0.0165
   -0.5523   -0.7762   -0.3042
   -0.1905   -0.2378    0.9524
...     6 G-C ...
   -1.5908   -4.1730   15.6201
   -0.9976    0.0246   -0.0651
   -0.0043   -0.9555   -0.2950
   -0.0695   -0.2940    0.9533
...     7 C-G ...
   -1.1030   -4.4824   18.7362
   -0.8441   -0.5304   -0.0787
    0.5345   -0.8441   -0.0432
   -0.0435   -0.0785    0.9960
...     8 G-C ...
   -2.4028   -7.7290   23.1475
   -0.2754   -0.3293   -0.9032
    0.6650   -0.7437    0.0684
   -0.6942   -0.5818    0.4238
...     9 C-G ...
   -4.4690   -9.9728   24.1132
    0.1145   -0.7025   -0.7024
    0.8512   -0.2952    0.4340
   -0.5122   -0.6476    0.5642
...    10 T-A ...
   -6.7405  -10.8752   25.9697
    0.4841   -0.8363   -0.2574
    0.6595    0.1553    0.7355
   -0.5751   -0.5258    0.6267
...    11 C-G ...
   -9.1656  -12.6208   27.1640
    0.7073   -0.6682    0.2307
    0.3448    0.6110    0.7126
   -0.6171   -0.4245    0.6626
...    12 A-T ...
  -10.9234  -14.6633   29.0693
    0.7515   -0.1377    0.6452
   -0.2029    0.8824    0.4246
   -0.6277   -0.4500    0.6352
...    13 C-G ...
  -11.8476  -17.4863   31.2451
    0.4295    0.2823    0.8578
   -0.5708    0.8209    0.0156
   -0.6998   -0.4963    0.5137
...    14 A-T ...
  -13.5897  -19.7827   33.4259
   -0.1504    0.6104    0.7777
   -0.6874    0.5008   -0.5260
   -0.7106   -0.6136    0.3443
...    15 A-T ...
  -15.8118  -21.8048   34.6414
   -0.4866    0.8082    0.3317
   -0.4878    0.0636   -0.8706
   -0.7247   -0.5855    0.3633
...    16 T-A ...
  -17.9071  -23.6554   36.5566
   -0.6969    0.6967   -0.1698
   -0.1482   -0.3716   -0.9165
   -0.7017   -0.6136    0.3623
...    17 T-A ...
  -20.1714  -25.4508   38.1234
   -0.6796    0.3257   -0.6573
    0.2890   -0.7047   -0.6479
   -0.6743   -0.6303    0.3848
...    18 T-A ...
  -22.4606  -27.2709   39.5067
   -0.3993   -0.1112   -0.9100
    0.6139   -0.7697   -0.1753
   -0.6809   -0.6287    0.3756
...    19 A-T ...
  -24.6208  -29.5160   40.6605
    0.0535   -0.4809   -0.8751
    0.7219   -0.5869    0.3667
   -0.6899   -0.6514    0.3158
...    20 T-A ...
  -27.3593  -31.2625   41.3480
    0.3997   -0.7241   -0.5620
    0.6004   -0.2565    0.7575
   -0.6927   -0.6402    0.3323
...    21 T-A ...
  -29.7806  -33.3134   42.1547
    0.6644   -0.7462   -0.0417
    0.2715    0.1889    0.9437
   -0.6963   -0.6384    0.3281
...    22 C-G ...
  -32.0352  -35.4562   43.1807
    0.7243   -0.4817    0.4933
   -0.1656    0.5730    0.8027
   -0.6693   -0.6631    0.3352
...    23 G-C ...
  -34.2785  -37.3254   44.8571
    0.6046    0.0099    0.7965
   -0.5588    0.7179    0.4152
   -0.5677   -0.6961    0.4396
...    24 C-G ...
  -35.8589  -39.8463   46.1960
    0.2615    0.4213    0.8684
   -0.7890    0.6116   -0.0592
   -0.5560   -0.6697    0.4924
...    25 A-T ...
  -37.9163  -41.8712   47.7417
   -0.1605    0.7442    0.6484
   -0.8086    0.2776   -0.5188
   -0.5660   -0.6076    0.5572
...    26 A-T ...
  -39.6196  -43.8089   49.7636
   -0.5730    0.7814    0.2474
   -0.5892   -0.1829   -0.7870
   -0.5697   -0.5967    0.5652
...    27 A-T ...
  -41.2482  -45.6054   51.9275
   -0.8083    0.5396   -0.2357
   -0.1608   -0.5873   -0.7932
   -0.5664   -0.6032    0.5615
...    28 G-C ...
  -43.2509  -47.1814   54.1245
   -0.7354    0.1983   -0.6480
    0.2618   -0.7988   -0.5416
   -0.6250   -0.5679    0.5355
...    29 G-C ...
  -45.7005  -48.7601   55.9599
   -0.4151   -0.2198   -0.8828
    0.6063   -0.7903   -0.0883
   -0.6783   -0.5719    0.4613
...    30 C-G ...
  -48.2566  -50.3393   57.2330
    0.0133   -0.5737   -0.8190
    0.7148   -0.5673    0.4090
   -0.6992   -0.5909    0.4025
...    31 C-G ...
  -50.8253  -52.1138   58.4326
    0.4509   -0.7430   -0.4946
    0.5757   -0.1814    0.7973
   -0.6821   -0.6443    0.3460
...    32 G-C ...
  -52.6247  -54.2706   59.6155
    0.7377   -0.6720   -0.0651
    0.2457    0.1774    0.9530
   -0.6289   -0.7190    0.2960
...    33 G-C ...
  -54.3318  -57.0910   60.3587
    0.7807   -0.4343    0.4493
   -0.2220    0.4793    0.8491
   -0.5841   -0.7627    0.2777
...    34 C-G ...
  -55.9811  -59.8203   61.0605
    0.5540   -0.0785    0.8288
   -0.6185    0.6275    0.4729
   -0.5572   -0.7746    0.2990
...    35 C-G ...
  -57.4572  -62.6415   62.2508
    0.1475    0.3125    0.9384
   -0.8281    0.5578   -0.0556
   -0.5408   -0.7689    0.3411
...    36 C-G ...
  -58.9818  -65.3320   63.5590
   -0.2896    0.6011    0.7448
   -0.7854    0.2955   -0.5439
   -0.5470   -0.7425    0.3866
...    37 G-C ...
  -61.1810  -67.7672   64.1627
   -0.6080    0.7346    0.3012
   -0.4996   -0.0591   -0.8643
   -0.6171   -0.6759    0.4029
...    38 A-T ...
  -62.9795  -70.0045   65.4301
   -0.7700    0.5856   -0.2532
   -0.0453   -0.4459   -0.8939
   -0.6364   -0.6769    0.3699
...    39 C-G ...
  -65.2225  -71.7433   66.8809
   -0.6425    0.3303   -0.6915
    0.3374   -0.6883   -0.6422
   -0.6880   -0.6459    0.3307
...    40 A-T ...
  -67.6886  -73.7173   67.8999
   -0.2707   -0.0050   -0.9627
    0.5987   -0.7839   -0.1643
   -0.7538   -0.6208    0.2152
...    41 C-G ...
  -70.4928  -75.3679   68.2333
    0.1100   -0.3527   -0.9292
    0.6330   -0.6959    0.3391
   -0.7663   -0.6256    0.1467
...    42 G-C ...
  -72.7255  -77.7727   68.7430
    0.5000   -0.6418   -0.5815
    0.4007   -0.4238    0.8123
   -0.7678   -0.6391    0.0452
...    43 A-T ...
  -75.1724  -79.7875   68.8131
    0.6347   -0.7728   -0.0000
    0.0319    0.0262    0.9991
   -0.7721   -0.6341    0.0413
...    44 C-G ...
  -77.5508  -82.0495   68.2924
    0.5746   -0.6318    0.5202
   -0.3188    0.4126    0.8533
   -0.7538   -0.6562    0.0357
...    45 T-A ...
  -79.7913  -84.9148   67.9639
    0.2978   -0.3157    0.9009
   -0.5734    0.6953    0.4332
   -0.7632   -0.6456    0.0261
...    46 T-A ...
  -81.9786  -87.3391   67.7654
   -0.0620    0.0512    0.9968
   -0.6205    0.7802   -0.0787
   -0.7817   -0.6234   -0.0166
...    47 A-T ...
  -84.5441  -89.4348   67.7965
   -0.3361    0.5249    0.7820
   -0.4789    0.6198   -0.6218
   -0.8110   -0.5835    0.0430
...    48 C-G ...
  -86.8807  -91.6628   68.4273
   -0.4949    0.7958    0.3490
   -0.2324    0.2658   -0.9356
   -0.8373   -0.5441    0.0534
...    49 T-A ...
  -89.6557  -93.4035   69.1051
   -0.4590    0.8695   -0.1825
    0.0306   -0.1898   -0.9813
   -0.8879   -0.4560    0.0605
...    50 G-C ...
  -92.8769  -94.5301   69.2788
   -0.1964    0.7111   -0.6751
    0.2288   -0.6363   -0.7367
   -0.9535   -0.2992   -0.0378
...    51 T-A ...
  -96.0279  -94.9777   69.4382
    0.0205    0.3658   -0.9305
    0.2701   -0.8981   -0.3471
   -0.9626   -0.2442   -0.1172
...    52 A-T ...
  -99.2730  -94.9499   68.6309
    0.3483   -0.0795   -0.9340
    0.1390   -0.9810    0.1353
   -0.9270   -0.1770   -0.3307
...    53 G-C ...
 -102.2397  -95.0773   67.3995
    0.4461   -0.5291   -0.7219
   -0.1032   -0.8316    0.5457
   -0.8890   -0.1689   -0.4255
...    54 G-C ...
 -105.1062  -95.1597   65.1128
    0.3639   -0.8823   -0.2986
   -0.3674   -0.4306    0.8244
   -0.8559   -0.1903   -0.4808
...    55 T-A ...
 -107.6126  -95.8191   63.0575
    0.0988   -0.9826    0.1574
   -0.5181    0.0843    0.8511
   -0.8496   -0.1656   -0.5008
...    56 A-T ...
 -110.2417  -96.5140   61.0610
   -0.2440   -0.7455    0.6203
   -0.4789    0.6488    0.5914
   -0.8433   -0.1528   -0.5153
...    57 T-A ...
 -112.6274  -97.5555   59.0012
   -0.4924   -0.3171    0.8105
   -0.2637    0.9418    0.2083
   -0.8294   -0.1112   -0.5474
...    58 C-G ...
 -115.4082  -98.2344   57.2371
   -0.5543    0.3220    0.7675
    0.1229    0.9437   -0.3072
   -0.8232   -0.0759   -0.5627
...    59 T-A ...
 -118.3121  -98.6276   55.6360
   -0.3455    0.7626    0.5469
    0.3971    0.6469   -0.6511
   -0.8503   -0.0078   -0.5263
...    60 C-G ...
 -121.2499  -98.6764   53.9933
    0.0009    0.9900    0.1409
    0.5236    0.1196   -0.8436
   -0.8520    0.0745   -0.5182
...    61 G-C ...
 -123.8023  -98.0185   52.0092
    0.4837    0.8697   -0.0977
    0.4248   -0.3309   -0.8427
   -0.7652    0.3661   -0.5295
...    62 A-T ...
 -126.2920  -96.6799   50.2898
    0.7098    0.5135   -0.4823
    0.0834   -0.7411   -0.6662
   -0.6995    0.4326   -0.5688
...    63 G-C ...
 -128.3154  -94.7524   48.4749
    0.7158    0.0331   -0.6975
   -0.3233   -0.8697   -0.3730
   -0.6190    0.4925   -0.6118
...    64 C-G ...
 -129.9583  -92.6678   46.3432
    0.4244   -0.4877   -0.7629
   -0.7033   -0.7082    0.0615
   -0.5703    0.5105   -0.6436
...    65 T-A ...
 -131.6103  -90.8577   44.1690
   -0.0171   -0.7855   -0.6186
   -0.8501   -0.3143    0.4226
   -0.5264    0.5331   -0.6624
...    66 C-G ...
 -133.5696  -89.3464   42.0356
   -0.5298   -0.8088   -0.2554
   -0.6954    0.2419    0.6767
   -0.4855    0.5361   -0.6906
...    67 G-C ...
 -135.8427  -87.0827   40.5400
   -0.8283   -0.5273    0.1896
   -0.2674    0.6693    0.6933
   -0.4925    0.5235   -0.6953
...    68 G-C ...
 -137.2942  -85.2847   38.1099
   -0.8125   -0.0936    0.5754
    0.2695    0.8148    0.5132
   -0.5169    0.5721   -0.6368
...    69 G-C ...
 -139.0286  -83.5389   35.8452
   -0.4863    0.2914    0.8238
    0.6671    0.7327    0.1346
   -0.5644    0.6150   -0.5507
...    70 A-T ...
 -141.0490  -81.6517   34.0296
    0.0197    0.6282    0.7778
    0.8330    0.4200   -0.3603
   -0.5530    0.6550   -0.5150
...    71 T-A ...
 -143.3201  -79.6399   32.7664
    0.4671    0.7186    0.5152
    0.7069    0.0465   -0.7058
   -0.5312    0.6938   -0.4863
...    72 C-G ...
 -145.0542  -77.2240   31.4187
    0.8241    0.5629    0.0632
    0.3074   -0.3507   -0.8846
   -0.4757    0.7484   -0.4621
...    73 C-G ...
 -146.5949  -74.6573   30.1004
    0.9273    0.1948   -0.3197
   -0.1605   -0.5647   -0.8095
   -0.3382    0.8020   -0.4924
...    74 G-C ...
 -147.5318  -72.2076   28.0826
    0.7444   -0.2585   -0.6157
   -0.6452   -0.5158   -0.5635
   -0.1719    0.8167   -0.5508
...    75 C-G ...
 -147.4527  -69.2858   26.2043
    0.2426   -0.5138   -0.8229
   -0.9623   -0.2352   -0.1369
   -0.1232    0.8251   -0.5514
...    76 T-A ...
 -147.3080  -66.6944   23.8460
   -0.3507   -0.5347   -0.7688
   -0.9357    0.1669    0.3108
   -0.0379    0.8284   -0.5589
...    77 T-A ...
 -147.0476  -64.0923   21.8726
   -0.8376   -0.2584   -0.4813
   -0.5454    0.4461    0.7096
    0.0313    0.8569   -0.5146
...    78 T-A ...
 -146.6508  -61.4676   19.9257
   -0.9932    0.1152   -0.0161
    0.0421    0.4854    0.8733
    0.1085    0.8667   -0.4870
...    79 A-T ...
 -145.7296  -58.4039   18.9469
   -0.7507    0.4497    0.4840
    0.6300    0.2665    0.7295
    0.1991    0.8525   -0.4834
...    80 A-T ...
 -145.1931  -55.7067   17.3334
   -0.2813    0.5030    0.8172
    0.9325   -0.0577    0.3566
    0.2265    0.8624   -0.4528
...    81 C-G ...
 -145.0453  -52.7381   15.7967
    0.2369    0.3588    0.9029
    0.9379   -0.3269   -0.1162
    0.2534    0.8743   -0.4139
...    82 A-T ...
 -144.2004  -49.7285   14.6177
    0.6762   -0.0024    0.7368
    0.6580   -0.4479   -0.6054
    0.3315    0.8941   -0.3012
...    83 C-G ...
 -143.1635  -46.5780   14.3129
    0.8988   -0.2810    0.3364
    0.2268   -0.3587   -0.9055
    0.3752    0.8901   -0.2587
...    84 T-A ...
 -141.5955  -43.3668   14.0648
    0.8336   -0.5080   -0.2170
   -0.3073   -0.1001   -0.9463
    0.4590    0.8555   -0.2395
...    85 T-A ...
 -139.8625  -40.6371   13.6134
    0.5108   -0.4509   -0.7320
   -0.7256    0.2307   -0.6483
    0.4612    0.8623   -0.2093
...    86 T-A ...
 -138.0945  -37.9409   13.1190
    0.0188   -0.2104   -0.9774
   -0.8860    0.4496   -0.1138
    0.4634    0.8681   -0.1780
...    87 A-T ...
 -136.7229  -34.8226   12.6399
   -0.5355    0.1805   -0.8250
   -0.6912    0.4677    0.5510
    0.4853    0.8653   -0.1257
...    88 T-A ...
 -134.7460  -32.3628   11.7208
   -0.8038    0.3754   -0.4614
   -0.3520    0.3252    0.8777
    0.4796    0.8679   -0.1293
...    89 G-C ...
 -133.2778  -29.4703   11.0344
   -0.8911    0.4168    0.1798
    0.2227    0.0564    0.9733
    0.3955    0.9073   -0.1430
...    90 C-G ...
 -132.3605  -26.4050   10.3736
   -0.6465    0.3333    0.6862
    0.6606   -0.2054    0.7221
    0.3816    0.9202   -0.0874
...    91 T-A ...
 -131.4298  -23.1346    9.8941
   -0.1833    0.1137    0.9764
    0.9124   -0.3500    0.2121
    0.3659    0.9298   -0.0396
...    92 T-A ...
 -130.4538  -20.0938    9.8455
    0.3181   -0.1622    0.9341
    0.8694   -0.3430   -0.3557
    0.3781    0.9252    0.0319
...    93 C-G ...
 -129.2851  -17.0528   10.2664
    0.7099   -0.4105    0.5723
    0.5552   -0.1738   -0.8133
    0.4333    0.8952    0.1045
...    94 C-G ...
 -127.9060  -14.1268   10.8212
    0.8285   -0.5568    0.0598
    0.1245    0.0790   -0.9891
    0.5460    0.8269    0.1348
...    95 G-C ...
 -125.9920  -11.5052   10.9952
    0.6763   -0.5480   -0.4922
   -0.2813    0.4254   -0.8602
    0.6808    0.7202    0.1335
...    96 T-A ...
 -123.5118   -9.5023   11.8989
    0.4211   -0.2698   -0.8660
   -0.5909    0.6427   -0.4876
    0.6882    0.7170    0.1112
...    97 C-G ...
 -121.0672   -7.4003   12.0387
   -0.0025    0.1196   -0.9928
   -0.6960    0.7127    0.0876
    0.7181    0.6912    0.0814
...    98 A-T ...
 -118.4811   -5.2512   12.4230
   -0.4410    0.4247   -0.7907
   -0.5381    0.5799    0.6117
    0.7183    0.6952   -0.0272
...    99 T-A ...
 -115.9582   -3.2336   11.9234
   -0.6643    0.6473   -0.3739
   -0.2393    0.2897    0.9267
    0.7081    0.7051   -0.0375
...   100 G-C ...
 -113.5189   -0.8423   11.6282
   -0.7081    0.6589    0.2539
    0.1934   -0.1649    0.9672
    0.6791    0.7340   -0.0107
...   101 T-A ...
 -111.4761    1.7663   11.0433
   -0.4928    0.4675    0.7339
    0.5314   -0.5061    0.6793
    0.6890    0.7248    0.0010
...   102 T-A ...
 -109.4318    4.2006   11.0075
   -0.1357    0.0875    0.9869
    0.7117   -0.6843    0.1586
    0.6892    0.7239    0.0306
...   103 A-T ...
 -106.9629    6.4363   11.2228
    0.2442   -0.3758    0.8939
    0.6622   -0.6087   -0.4369
    0.7084    0.6987    0.1002
...   104 T-A ...
 -105.1257    8.9850   12.0375
    0.5361   -0.6360    0.5552
    0.4505   -0.3407   -0.8252
    0.7139    0.6925    0.1039
...   105 A-T ...
 -102.6363   11.1705   12.3537
    0.6350   -0.7723   -0.0175
    0.0973    0.1024   -0.9900
    0.7663    0.6270    0.1401
...   106 A-T ...
 -100.1459   13.0207   13.0063
    0.5539   -0.6155   -0.5607
   -0.2490    0.5202   -0.8170
    0.7945    0.5921    0.1349
...   107 C-G ...
  -97.1552   14.4436   13.8867
    0.3196   -0.2411   -0.9164
   -0.5021    0.7770   -0.3796
    0.8036    0.5815    0.1273
...   108 G-C ...
  -94.6325   16.5277   13.9309
   -0.0933    0.1917   -0.9770
   -0.5454    0.8111    0.2113
    0.8330    0.5525    0.0289
...   109 G-C ...
  -91.8762   18.3034   13.6203
   -0.4401    0.5386   -0.7185
   -0.3729    0.6182    0.6919
    0.8168    0.5724   -0.0712
...   110 A-T ...
  -89.2340   20.2079   13.2969
   -0.5789    0.7979   -0.1684
   -0.0294    0.1859    0.9821
    0.8149    0.5735   -0.0841
...   111 G-C ...
  -86.5930   22.1469   12.8690
   -0.5264    0.7592    0.3827
    0.2778   -0.2718    0.9214
    0.8036    0.5914   -0.0678
...   112 C-G ...
  -84.0698   24.3965   12.3129
   -0.2905    0.4387    0.8504
    0.5349   -0.6624    0.5245
    0.7934    0.6072   -0.0422
...   113 T-A ...
  -81.5865   26.5883   12.1583
    0.0012   -0.0011    1.0000
    0.6130   -0.7901   -0.0016
    0.7901    0.6130   -0.0002
...   114 C-G ...
  -78.9222   28.5768   12.2689
    0.3267   -0.4828    0.8125
    0.5117   -0.6324   -0.5815
    0.7946    0.6058    0.0404
...   115 G-C ...
  -76.0535   30.2572   12.0732
    0.4892   -0.8114    0.3200
    0.2345   -0.2310   -0.9443
    0.8401    0.5370    0.0773
...   116 T-A ...
  -73.2222   31.7031   13.0337
    0.4903   -0.8392   -0.2354
   -0.0552    0.2397   -0.9693
    0.8698    0.4882    0.0712
...   117 A-T ...
  -70.0738   32.9149   13.7181
    0.2851   -0.6011   -0.7466
   -0.2866    0.6899   -0.6648
    0.9147    0.4035    0.0244
...   118 T-A ...
  -66.9195   33.5932   14.1388
    0.1042   -0.1728   -0.9794
   -0.3861    0.9005   -0.2000
    0.9165    0.3990    0.0271
...   119 A-T ...
  -63.9101   35.0931   14.2066
   -0.1790    0.3813   -0.9070
   -0.3442    0.8393    0.4208
    0.9217    0.3875   -0.0190
...   120 A-T ...
  -60.8457   36.1038   13.8922
   -0.3562    0.7829   -0.5100
   -0.1698    0.4825    0.8593
    0.9188    0.3927   -0.0389
...   121 T-A ...
  -57.7921   37.2005   13.0913
   -0.3824    0.9239    0.0124
    0.0458    0.0056    0.9989
    0.9229    0.3826   -0.0445
...   122 G-C ...
  -54.6906   38.6150   12.7887
   -0.3292    0.7230    0.6073
    0.2731   -0.5428    0.7942
    0.9039    0.4273   -0.0188
...   123 T-A ...
  -51.9326   40.3765   12.4478
   -0.1476    0.3472    0.9261
    0.4019   -0.8345    0.3769
    0.9037    0.4279   -0.0164
...   124 G-C ...
  -48.9434   41.8812   12.4555
    0.0595   -0.2284    0.9717
    0.4336   -0.8709   -0.2313
    0.8991    0.4351    0.0472
...   125 T-A ...
  -46.2930   43.6777   12.8219
    0.2383   -0.6651    0.7077
    0.3398   -0.6256   -0.7023
    0.9098    0.4079    0.0769
...   126 C-G ...
  -43.4066   44.9605   13.1556
    0.3912   -0.9061    0.1611
    0.1391   -0.1148   -0.9836
    0.9098    0.4071    0.0811
...   127 G-C ...
  -40.3142   46.1088   12.9290
    0.2316   -0.9008   -0.3673
   -0.0525    0.3655   -0.9293
    0.9714    0.2345    0.0374
...   128 A-T ...
  -37.2675   46.9184   13.1467
    0.1414   -0.5251   -0.8392
   -0.1943    0.8165   -0.5436
    0.9707    0.2399    0.0134
...   129 C-G ...
  -33.9878   46.9478   13.4837
   -0.0326   -0.0301   -0.9990
   -0.2220    0.9748   -0.0221
    0.9745    0.2210   -0.0384
...   130 C-G ...
  -30.6404   47.2121   12.8271
   -0.2562    0.4507   -0.8551
   -0.1213    0.8627    0.4910
    0.9590    0.2295   -0.1664
...   131 A-T ...
  -27.5741   48.5763   12.5237
   -0.3780    0.8323   -0.4055
    0.0863    0.4677    0.8796
    0.9218    0.2975   -0.2486
...   132 A-T ...
  -24.6372   49.6114   11.4757
   -0.2537    0.9521    0.1707
    0.3024   -0.0896    0.9490
    0.9188    0.2924   -0.2651
...   133 A-T ...
  -21.7819   50.6443   10.2306
    0.0269    0.7284    0.6846
    0.3815   -0.6405    0.6665
    0.9240    0.2433   -0.2951
...   134 T-A ...
  -19.0160   52.0243    8.9250
    0.2452    0.2905    0.9249
    0.3073   -0.9281    0.2101
    0.9195    0.2328   -0.3169
...   135 G-C ...
  -16.4637   53.8824    7.5153
    0.5339   -0.3333    0.7771
    0.0346   -0.9097   -0.4139
    0.8449    0.2479   -0.4741
...   136 T-A ...
  -14.1749   56.5546    6.1808
    0.5795   -0.7269    0.3685
   -0.3141   -0.6164   -0.7221
    0.7521    0.3026   -0.5855
...   137 G-C ...
  -11.6538   57.9992    4.7205
    0.2452   -0.9542   -0.1714
   -0.6323   -0.0234   -0.7744
    0.7349    0.2983   -0.6091
...   138 A-T ...
   -8.6758   58.7133    3.6025
   -0.0345   -0.7815   -0.6229
   -0.6536    0.4891   -0.5775
    0.7560    0.3872   -0.5277
...   139 G-C ...
   -6.3275   59.0726    1.6297
   -0.2969   -0.3279   -0.8968
   -0.5657    0.8171   -0.1114
    0.7693    0.4742   -0.4281
...   140 C-G ...
   -3.4369   60.2278    1.0287
   -0.4426    0.2287   -0.8671
   -0.1681    0.9286    0.3308
    0.8808    0.2922   -0.3725
...   141 G-C ...
   -0.6976   63.8911   -2.2509
   -0.9992    0.0157   -0.0376
   -0.0024    0.8991    0.4378
    0.0407    0.4375   -0.8983
...   142 C-G ...
   -1.0064   65.5987   -4.9400
   -0.8337    0.5216    0.1813
    0.5170    0.6219    0.5881
    0.1940    0.5841   -0.7882
...   143 T-A ...
   -0.1332   66.2084   -7.8196
   -0.3753    0.8566    0.3540
    0.8856    0.2187    0.4098
    0.2736    0.4673   -0.8407
...   144 C-G ...
   -0.1666   67.4019  -10.8067
    0.1797    0.8793    0.4411
    0.9277   -0.3007    0.2214
    0.3273    0.3694   -0.8697
...   145 A-T ...
    0.5267   69.2312  -13.4659
    0.7352    0.4964    0.4616
    0.6118   -0.7791   -0.1367
    0.2918    0.3829   -0.8765
...   146 C-G ...
    1.4338   72.0891  -15.6018
    0.9809    0.0621    0.1844
    0.1264   -0.9240   -0.3608
    0.1480    0.3772   -0.9142
...   147 A-T ...
    2.3048   74.2222  -18.3863
    0.8657   -0.4292   -0.2575
   -0.4984   -0.7868   -0.3642
   -0.0463    0.4436   -0.8950
