  147 base-pairs
...     1 A-T ...
    0.0000    0.0000    0.0000
    1.0000    0.0000    0.0000
    0.0000    1.0000    0.0000
    0.0000    0.0000    1.0000
...     2 G-C ...
   -0.1394   -1.2357    3.2268
    0.7529    0.6366    0.1670
   -0.6386    0.7680   -0.0486
   -0.1592   -0.0700    0.9848
...     3 T-A ...
   -0.0365   -3.2932    6.3751
    0.2722    0.9301    0.2466
   -0.9238    0.3243   -0.2033
   -0.2691   -0.1725    0.9475
...     4 G-C ...
   -0.3505   -4.1660    9.4928
   -0.3756    0.9250    0.0579
   -0.8781   -0.3352   -0.3415
   -0.2965   -0.1791    0.9381
...     5 A-T ...
   -0.4462   -4.1476   12.7498
   -0.8116    0.5840   -0.0165
   -0.5523   -0.7762   -0.3042
   -0.1905   -0.2378    0.9524
...     6 G-C ...
   -1.5908   -4.1730   15.6201
   -0.9976    0.0246   -0.0651
   -0.0043   -0.9555   -0.2950
   -0.0695   -0.2940    0.9533
...     7 C-G ...
   -1.1030   -4.4824   18.7362
   -0.8441   -0.5304   -0.0787
    0.5345   -0.8441   -0.0432
   -0.0435   -0.0785    0.9960
...     8 G-C ...
   -2.4028   -7.7290   23.1475
   -0.2754   -0.3293   -0.9032
    0.6650   -0.7437    0.0684
   -0.6942   -0.5818    0.4238
...     9 C-G ...
   -4.4690   -9.9728   24.1132
    0.1145   -0.7025   -0.7024
    0.8512   -0.2952    0.4340
   -0.5122   -0.6476    0.5642
...    10 T-A ...
   -6.7405  -10.8752   25.9697
    0.4841   -0.8363   -0.2574
    0.6595    0.1553    0.7355
   -0.5751   -0.5258    0.6267
...    11 C-G ...
   -9.1656  -12.6208   27.1640
    0.7073   -0.6682    0.2307
    0.3448    0.6110    0.7126
   -0.6171   -0.4245    0.6626
...    12 A-T ...
  -10.9234  -14.6633   29.0693
    0.7515   -0.1377    0.6452
   -0.2029    0.8824    0.4246
   -0.6277   -0.4500    0.6352
...    13 C-G ...
  -11.8476  -17.4863   31.2451
    0.4295    0.2823    0.8578
   -0.5708    0.8209    0.0156
   -0.6998   -0.4963    0.5137
...    14 A-T ...
  -13.5897  -19.7827   33.4259
   -0.1504    0.6104    0.7777
   -0.6874    0.5008   -0.5260
   -0.7106   -0.6136    0.3443
...    15 A-T ...
  -15.8224  -21.7956   34.6393
   -0.4875    0.8094    0.3276
   -0.4862    0.0600   -0.8718
   -0.7252   -0.5842    0.3642
...    16 T-A ...
  -17.9237  -23.6373   36.5559
   -0.6966    0.6953   -0.1769
   -0.1447   -0.3777   -0.9145
   -0.7027   -0.6115    0.3638
...    17 T-A ...
  -20.1945  -25.4239   38.1230
   -0.6764    0.3200   -0.6634
    0.2923   -0.7102   -0.6405
   -0.6761   -0.6271    0.3868
...    18 T-A ...
  -22.4934  -27.2384   39.5085
   -0.3935   -0.1245   -0.9108
    0.6165   -0.7707   -0.1610
   -0.6820   -0.6249    0.3801
...    19 A-T ...
  -24.6427  -29.4981   40.7145
    0.0642   -0.5167   -0.8538
    0.7215   -0.5671    0.3974
   -0.6895   -0.6415    0.3364
...    20 T-A ...
  -27.3802  -31.2309   41.4580
    0.4086   -0.7492   -0.5213
    0.5931   -0.2162    0.7756
   -0.6938   -0.6261    0.3560
...    21 T-A ...
  -29.8002  -33.2468   42.3449
    0.6648   -0.7469    0.0129
    0.2553    0.2434    0.9357
   -0.7020   -0.6188    0.3525
...    22 C-G ...
  -32.0818  -35.3199   43.4634
    0.7128   -0.4501    0.5379
   -0.1820    0.6219    0.7616
   -0.6773   -0.6408    0.3614
...    23 G-C ...
  -34.4009  -37.0622   45.1797
    0.5878    0.0619    0.8067
   -0.5632    0.7471    0.3531
   -0.5808   -0.6618    0.4740
...    24 C-G ...
  -36.0309  -39.4831   46.6453
    0.2452    0.4800    0.8423
   -0.7833    0.6100   -0.1195
   -0.5712   -0.6305    0.5256
...    25 A-T ...
  -38.1454  -41.3899   48.2708
   -0.1697    0.7924    0.5860
   -0.7936    0.2427   -0.5580
   -0.5843   -0.5597    0.5877
...    26 A-T ...
  -39.9245  -43.1543   50.3821
   -0.5705    0.8039    0.1680
   -0.5713   -0.2416   -0.7844
   -0.5900   -0.5434    0.5971
...    27 A-T ...
  -41.6323  -44.7509   52.6395
   -0.7943    0.5265   -0.3031
   -0.1479   -0.6515   -0.7441
   -0.5892   -0.5462    0.5954
...    28 G-C ...
  -43.7161  -46.1105   54.9081
   -0.7143    0.1480   -0.6840
    0.2658   -0.8468   -0.4608
   -0.6474   -0.5110    0.5655
...    29 G-C ...
  -46.2425  -47.4970   56.7957
   -0.3931   -0.3005   -0.8690
    0.5978   -0.8016    0.0067
   -0.6986   -0.5169    0.4948
...    30 C-G ...
  -48.8522  -48.9401   58.1293
    0.0289   -0.6571   -0.7533
    0.6936   -0.5295    0.4885
   -0.7198   -0.5366    0.4404
...    31 C-G ...
  -51.4811  -50.5523   59.4399
    0.4525   -0.8009   -0.3922
    0.5470   -0.0981    0.8314
   -0.7043   -0.5907    0.3937
...    32 G-C ...
  -53.3659  -52.5154   60.8298
    0.7246   -0.6877    0.0442
    0.2179    0.2894    0.9321
   -0.6538   -0.6658    0.3595
...    33 G-C ...
  -55.1918  -55.1672   61.8622
    0.7542   -0.3865    0.5308
   -0.2385    0.5919    0.7699
   -0.6118   -0.7073    0.3543
...    34 C-G ...
  -56.9683  -57.7332   62.8345
    0.5231    0.0252    0.8519
   -0.6164    0.7014    0.3578
   -0.5885   -0.7123    0.3825
...    35 C-G ...
  -58.5674  -60.3294   64.3401
    0.1287    0.4438    0.8869
   -0.8071    0.5666   -0.1664
   -0.5763   -0.6943    0.4311
...    36 C-G ...
  -60.2202  -62.7595   65.9725
   -0.2917    0.7174    0.6326
   -0.7568    0.2313   -0.6113
   -0.5849   -0.6572    0.4755
...    37 G-C ...
  -62.5060  -65.0017   66.8833
   -0.5881    0.7929    0.1594
   -0.4754   -0.1794   -0.8613
   -0.6543   -0.5823    0.4825
...    38 A-T ...
  -64.4437  -66.9334   68.4307
   -0.7392    0.5612   -0.3723
   -0.0366   -0.5855   -0.8099
   -0.6724   -0.5850    0.4534
...    39 C-G ...
  -66.7935  -68.3300   70.0702
   -0.6088    0.2293   -0.7594
    0.3282   -0.7988   -0.5042
   -0.7222   -0.5562    0.4111
...    40 A-T ...
  -69.3725  -70.0343   71.3041
   -0.2435   -0.1719   -0.9545
    0.5727   -0.8198    0.0016
   -0.7828   -0.5463    0.2981
...    41 C-G ...
  -72.2570  -71.5087   71.8435
    0.1194   -0.5285   -0.8405
    0.5949   -0.6396    0.4868
   -0.7948   -0.5582    0.2381
...    42 G-C ...
  -74.6006  -73.6817   72.7452
    0.4829   -0.7676   -0.4215
    0.3614   -0.2638    0.8943
   -0.7976   -0.5842    0.1500
...    43 A-T ...
  -77.1502  -75.5257   73.1552
    0.5958   -0.7821    0.1824
    0.0106    0.2348    0.9720
   -0.8031   -0.5772    0.1482
...    44 C-G ...
  -79.6266  -77.7435   73.0573
    0.5284   -0.5310    0.6624
   -0.3161    0.6011    0.7340
   -0.7879   -0.5973    0.1498
...    45 T-A ...
  -82.0206  -80.4858   73.2826
    0.2630   -0.1191    0.9574
   -0.5433    0.8018    0.2489
   -0.7973   -0.5856    0.1461
...    46 T-A ...
  -84.3508  -82.7422   73.5961
   -0.0752    0.2879    0.9547
   -0.5740    0.7704   -0.2775
   -0.8154   -0.5689    0.1073
...    47 A-T ...
  -87.0054  -84.6590   74.1002
   -0.2986    0.7167    0.6302
   -0.4400    0.4825   -0.7573
   -0.8469   -0.5035    0.1713
...    48 C-G ...
  -89.4735  -86.5120   75.2202
   -0.4350    0.8893    0.1409
   -0.2215    0.0460   -0.9741
   -0.8727   -0.4550    0.1769
...    49 T-A ...
  -92.3534  -87.8386   76.2866
   -0.3973    0.8290   -0.3935
    0.0029   -0.4277   -0.9039
   -0.9177   -0.3602    0.1675
...    50 G-C ...
  -95.6486  -88.6472   76.7189
   -0.1543    0.5299   -0.8339
    0.1640   -0.8186   -0.5505
   -0.9743   -0.2217    0.0394
...    51 T-A ...
  -98.8229  -88.7880   76.9709
    0.0237    0.1025   -0.9945
    0.1894   -0.9772   -0.0962
   -0.9816   -0.1860   -0.0425
...    52 A-T ...
 -102.0615  -88.9584   76.3244
    0.2749   -0.3944   -0.8768
    0.0638   -0.9025    0.4260
   -0.9593   -0.1730   -0.2230
...    53 G-C ...
 -105.1092  -89.1893   75.3129
    0.3358   -0.7740   -0.5368
   -0.1352   -0.6036    0.7858
   -0.9322   -0.1913   -0.3073
...    54 G-C ...
 -108.1536  -89.6568   73.3315
    0.2471   -0.9689   -0.0157
   -0.3343   -0.1004    0.9371
   -0.9095   -0.2263   -0.3487
...    55 T-A ...
 -110.9020  -90.5984   71.7433
    0.0100   -0.8859    0.4638
   -0.4235    0.4164    0.8045
   -0.9058   -0.2045   -0.3710
...    56 A-T ...
 -113.7836  -91.5166   70.2396
   -0.2593   -0.4660    0.8459
   -0.3416    0.8635    0.3710
   -0.9034   -0.1928   -0.3831
...    57 T-A ...
 -116.4770  -92.8177   68.8148
   -0.4321    0.0343    0.9012
   -0.1340    0.9857   -0.1018
   -0.8918   -0.1648   -0.4213
...    58 C-G ...
 -119.5101  -93.6252   67.5802
   -0.4184    0.6314    0.6530
    0.1889    0.7637   -0.6174
   -0.8884   -0.1349   -0.4388
...    59 T-A ...
 -122.6105  -94.0772   66.4403
   -0.1827    0.9418    0.2821
    0.3809    0.3324   -0.8628
   -0.9064   -0.0502   -0.4194
...    60 C-G ...
 -125.5944  -93.9919   65.2033
    0.1499    0.9700   -0.1916
    0.4097   -0.2373   -0.8808
   -0.8998    0.0535   -0.4330
...    61 A-T ...
 -128.8512  -93.5584   64.1942
    0.4775    0.6925   -0.5408
    0.1980   -0.6845   -0.7017
   -0.8560    0.2280   -0.4639
...    62 T-A ...
 -131.5344  -92.3466   62.8863
    0.5861    0.2556   -0.7689
   -0.0819   -0.9254   -0.3700
   -0.8061    0.2799   -0.5215
...    63 G-C ...
 -134.0266  -91.1121   60.8656
    0.5294   -0.3541   -0.7710
   -0.4624   -0.8823    0.0878
   -0.7113    0.3100   -0.6308
...    64 T-A ...
 -135.9365  -89.6105   58.5374
    0.2055   -0.7705   -0.6034
   -0.6994   -0.5469    0.4601
   -0.6845    0.3274   -0.6513
...    65 T-A ...
 -137.9391  -88.4313   56.3077
   -0.2684   -0.9236   -0.2739
   -0.7116   -0.0015    0.7026
   -0.6493    0.3835   -0.6568
...    66 A-T ...
 -140.3276  -86.8660   54.3331
   -0.7373   -0.6440    0.2042
   -0.3255    0.6035    0.7279
   -0.5920    0.4702   -0.6545
...    67 T-A ...
 -142.0629  -85.8330   51.7649
   -0.8296   -0.2305    0.5086
    0.1029    0.8321    0.5450
   -0.5489    0.5044   -0.6666
...    68 A-T ...
 -143.6878  -83.8261   49.5146
   -0.5857    0.3689    0.7217
    0.6315    0.7659    0.1209
   -0.5081    0.5266   -0.6815
...    69 A-T ...
 -145.3938  -82.2339   47.3513
   -0.1329    0.7112    0.6903
    0.8687    0.4189   -0.2644
   -0.4772    0.5645   -0.6735
...    70 C-G ...
 -147.5405  -80.5050   45.4311
    0.3759    0.7901    0.4841
    0.8145   -0.0326   -0.5793
   -0.4419    0.6121   -0.6558
...    71 G-C ...
 -148.3715  -78.2713   43.2341
    0.8111    0.5003    0.3031
    0.5240   -0.3912   -0.7565
   -0.2600    0.7724   -0.5795
...    72 G-C ...
 -148.5443  -75.3791   41.6815
    0.9932    0.1111   -0.0357
    0.0266   -0.5134   -0.8577
   -0.1136    0.8509   -0.5129
...    73 A-T ...
 -148.7399  -72.4660   40.1917
    0.8330   -0.2498   -0.4937
   -0.5513   -0.4510   -0.7019
   -0.0473    0.8569   -0.5134
...    74 T-A ...
 -148.3355  -69.4825   38.8476
    0.4327   -0.4686   -0.7702
   -0.9015   -0.2366   -0.3625
   -0.0124    0.8512   -0.5248
...    75 C-G ...
 -148.2173  -66.8307   36.8322
   -0.1958   -0.5234   -0.8293
   -0.9793    0.1478    0.1380
    0.0504    0.8392   -0.5416
...    76 G-C ...
 -148.5982  -64.0352   35.1866
   -0.6945   -0.3795   -0.6113
   -0.7154    0.4543    0.5308
    0.0763    0.8060   -0.5870
...    77 A-T ...
 -148.3255  -61.2310   33.4541
   -0.9848   -0.0200   -0.1728
   -0.1523    0.5792    0.8008
    0.0840    0.8149   -0.5735
...    78 G-C ...
 -147.9884  -58.5945   31.5230
   -0.9121    0.2978    0.2818
    0.3965    0.4660    0.7910
    0.1043    0.8332   -0.5431
...    79 C-G ...
 -147.8456  -55.9351   29.3684
   -0.5144    0.4836    0.7082
    0.8512    0.1876    0.4901
    0.1042    0.8549   -0.5082
...    80 T-A ...
 -147.7558  -53.1034   27.6274
   -0.0153    0.4469    0.8944
    0.9924   -0.1023    0.0681
    0.1219    0.8887   -0.4420
...    81 C-G ...
 -147.4097  -50.0783   26.2315
    0.5297    0.2470    0.8114
    0.8333   -0.3301   -0.4435
    0.1583    0.9110   -0.3807
...    82 G-C ...
 -146.3139  -47.2830   25.0598
    0.8586   -0.0739    0.5074
    0.4479   -0.3733   -0.8124
    0.2494    0.9248   -0.2874
...    83 G-C ...
 -145.3305  -44.1568   24.4666
    0.9362   -0.3508    0.0221
   -0.0729   -0.2553   -0.9641
    0.3438    0.9010   -0.2646
...    84 G-C ...
 -143.7049  -41.2541   23.9044
    0.7077   -0.5325   -0.4643
   -0.5306    0.0333   -0.8470
    0.4665    0.8458   -0.2590
...    85 A-T ...
 -141.9281  -38.5382   23.2399
    0.2552   -0.4194   -0.8712
   -0.8299    0.3673   -0.4199
    0.4961    0.8302   -0.2543
...    86 T-A ...
 -139.7527  -36.1557   22.5018
   -0.2150   -0.1726   -0.9612
   -0.8345    0.5437    0.0890
    0.5073    0.8213   -0.2609
...    87 C-G ...
 -137.8487  -33.5879   21.4676
   -0.6638    0.2084   -0.7183
   -0.5360    0.5372    0.6512
    0.5216    0.8173   -0.2449
...    88 C-G ...
 -136.0919  -30.9721   20.5091
   -0.8828    0.3973   -0.2506
   -0.1038    0.3552    0.9290
    0.4581    0.8462   -0.2723
...    89 G-C ...
 -134.6207  -28.0622   20.1102
   -0.8265    0.4530    0.3341
    0.4082    0.0736    0.9099
    0.3877    0.8884   -0.2458
...    90 C-G ...
 -133.4955  -25.0432   18.8485
   -0.4555    0.3900    0.8003
    0.7967   -0.2225    0.5619
    0.3972    0.8935   -0.2094
...    91 T-A ...
 -132.5381  -21.8523   18.0328
    0.0460    0.1514    0.9874
    0.9178   -0.3966    0.0181
    0.3943    0.9054   -0.1572
...    92 T-A ...
 -131.5777  -18.7755   17.7125
    0.5430   -0.1183    0.8314
    0.7308   -0.4211   -0.5372
    0.4136    0.8993   -0.1421
...    93 T-A ...
 -130.2676  -15.8457   17.4406
    0.8259   -0.3886    0.4084
    0.3193   -0.2746   -0.9070
    0.4646    0.8795   -0.1027
...    94 A-T ...
 -128.4215  -13.0651   17.1619
    0.7845   -0.6018   -0.1498
   -0.1618    0.0345   -0.9862
    0.5986    0.7979   -0.0703
...    95 A-T ...
 -126.3717  -10.6617   17.1474
    0.5452   -0.5264   -0.6525
   -0.5365    0.3790   -0.7540
    0.6442    0.7611   -0.0758
...    96 C-G ...
 -123.7648   -8.5585   17.2534
    0.1827   -0.2499   -0.9509
   -0.7278    0.6158   -0.3017
    0.6609    0.7472   -0.0694
...    97 A-T ...
 -121.4734   -6.1627   16.8323
   -0.3067    0.1014   -0.9464
   -0.6827    0.6693    0.2930
    0.6632    0.7360   -0.1360
...    98 C-G ...
 -118.8967   -4.1456   15.9339
   -0.6233    0.4302   -0.6530
   -0.4165    0.5241    0.7429
    0.6618    0.7350   -0.1475
...    99 T-A ...
 -116.4472   -1.7685   14.6789
   -0.7522    0.6462   -0.1290
   -0.0033    0.1920    0.9814
    0.6590    0.7386   -0.1423
...   100 T-A ...
 -114.3801    0.6053   13.8339
   -0.5880    0.6668    0.4579
    0.4233   -0.2287    0.8766
    0.6893    0.7093   -0.1478
...   101 T-A ...
 -112.2624    2.9806   13.1333
   -0.2406    0.4223    0.8739
    0.6728   -0.5764    0.4638
    0.6996    0.6996   -0.1455
...   102 A-T ...
 -109.7458    5.1518   12.8099
    0.1425   -0.0333    0.9892
    0.6835   -0.7196   -0.1227
    0.7159    0.6936   -0.0797
...   103 T-A ...
 -107.9010    7.8039   12.9517
    0.4020   -0.4047    0.8213
    0.5413   -0.6184   -0.5697
    0.7385    0.6737   -0.0295
...   104 G-C ...
 -105.4419   10.0505   13.1981
    0.5651   -0.7634    0.3127
    0.2219   -0.2245   -0.9489
    0.7946    0.6056    0.0425
...   105 C-G ...
 -102.6856   11.7023   13.7876
    0.5395   -0.8048   -0.2477
   -0.1106    0.2239   -0.9683
    0.8347    0.5498    0.0318
...   106 T-A ...
  -99.5304   13.0881   14.1893
    0.3637   -0.5531   -0.7495
   -0.3439    0.6681   -0.6599
    0.8657    0.4977    0.0528
...   107 T-A ...
  -96.6272   14.4305   14.4154
    0.0750   -0.1089   -0.9912
   -0.4600    0.8782   -0.1312
    0.8847    0.4658    0.0157
...   108 C-G ...
  -93.5758   15.7650   14.2819
   -0.2231    0.4104   -0.8842
   -0.3998    0.7887    0.4670
    0.8890    0.4577   -0.0119
...   109 C-G ...
  -90.6130   17.1788   14.0692
   -0.4773    0.7183   -0.5062
   -0.2074    0.4676    0.8592
    0.8539    0.5151   -0.0742
...   110 G-C ...
  -88.0866   18.9186   14.1197
   -0.5860    0.8103    0.0104
    0.0840    0.0480    0.9953
    0.8060    0.5841   -0.0962
...   111 G-C ...
  -85.6605   21.1990   13.6322
   -0.4844    0.6677    0.5652
    0.4114   -0.3963    0.8208
    0.7720    0.6302   -0.0827
...   112 C-G ...
  -83.4686   23.6810   13.1231
   -0.2106    0.3170    0.9248
    0.6094   -0.6971    0.3777
    0.7644    0.6431   -0.0463
...   113 T-A ...
  -81.1078   26.0017   12.9879
    0.1005   -0.1212    0.9875
    0.6337   -0.7574   -0.1575
    0.7670    0.6416    0.0007
...   114 C-G ...
  -78.5245   28.0831   13.1173
    0.4108   -0.5606    0.7191
    0.4763   -0.5405   -0.6935
    0.7774    0.6274    0.0450
...   115 G-C ...
  -75.7317   29.8748   12.8978
    0.5336   -0.8246    0.1879
    0.1646   -0.1167   -0.9794
    0.8296    0.5535    0.0734
...   116 T-A ...
  -72.8882   31.3011   13.7718
    0.4916   -0.7938   -0.3580
   -0.1311    0.3390   -0.9316
    0.8609    0.5049    0.0625
...   117 A-T ...
  -69.7179   32.4982   14.3863
    0.2449   -0.5181   -0.8195
   -0.3435    0.7440   -0.5731
    0.9067    0.4218    0.0043
...   118 T-A ...
  -66.5622   33.2052   14.6704
    0.0447   -0.0789   -0.9959
   -0.4138    0.9059   -0.0904
    0.9093    0.4161    0.0079
...   119 A-T ...
  -63.5856   34.7430   14.6776
   -0.2418    0.4465   -0.8615
   -0.3313    0.7965    0.5058
    0.9120    0.4077   -0.0447
...   120 A-T ...
  -60.5654   35.8337   14.2468
   -0.3959    0.8122   -0.4285
   -0.1269    0.4137    0.9015
    0.9095    0.4112   -0.0607
...   121 T-A ...
  -57.5774   37.0365   13.3538
   -0.3934    0.9140    0.0997
    0.1002   -0.0651    0.9928
    0.9139    0.4005   -0.0660
...   122 G-C ...
  -54.5256   38.5280   12.9653
   -0.3091    0.6772    0.6677
    0.3177   -0.5882    0.7437
    0.8964    0.4421   -0.0333
...   123 T-A ...
  -51.8136   40.3434   12.6120
   -0.1134    0.2901    0.9503
    0.4282   -0.8488    0.3102
    0.8965    0.4421   -0.0279
...   124 G-C ...
  -48.8638   41.9030   12.6033
    0.0917   -0.2772    0.9564
    0.4363   -0.8522   -0.2888
    0.8951    0.4438    0.0427
...   125 T-A ...
  -46.2289   43.7128   12.9832
    0.2632   -0.6953    0.6688
    0.3275   -0.5877   -0.7398
    0.9074    0.4138    0.0730
...   126 C-G ...
  -43.3517   45.0004   13.3117
    0.4024   -0.9085    0.1126
    0.1185   -0.0702   -0.9905
    0.9077    0.4119    0.0795
...   127 G-C ...
  -40.2765   46.1560   13.1056
    0.2258   -0.8885   -0.3995
   -0.0662    0.3951   -0.9162
    0.9719    0.2333    0.0304
...   128 A-T ...
  -37.2289   46.9497   13.3018
    0.1293   -0.5013   -0.8556
   -0.2003    0.8318   -0.5176
    0.9712    0.2383    0.0071
...   129 C-G ...
  -33.9458   46.9610   13.5971
   -0.0448   -0.0054   -0.9990
   -0.2197    0.9756    0.0046
    0.9745    0.2197   -0.0449
...   130 C-G ...
  -30.6068   47.2181   12.8950
   -0.2642    0.4675   -0.8436
   -0.1135    0.8535    0.5085
    0.9578    0.2301   -0.1725
...   131 A-T ...
  -27.5491   48.5632   12.5638
   -0.3814    0.8366   -0.3932
    0.0934    0.4581    0.8840
    0.9197    0.3004   -0.2528
...   132 A-T ...
  -24.6229   49.6032   11.4931
   -0.2527    0.9510    0.1780
    0.3076   -0.0955    0.9467
    0.9173    0.2940   -0.2684
...   133 A-T ...
  -21.7761   50.6431   10.2361
    0.0297    0.7257    0.6874
    0.3834   -0.6434    0.6626
    0.9231    0.2439   -0.2973
...   134 T-A ...
  -19.0160   52.0245    8.9250
    0.2452    0.2905    0.9249
    0.3073   -0.9281    0.2101
    0.9195    0.2328   -0.3169
...   135 G-C ...
  -16.4638   53.8825    7.5153
    0.5339   -0.3333    0.7771
    0.0346   -0.9097   -0.4139
    0.8449    0.2479   -0.4741
...   136 T-A ...
  -14.1750   56.5547    6.1808
    0.5795   -0.7269    0.3685
   -0.3141   -0.6164   -0.7221
    0.7521    0.3026   -0.5855
...   137 G-C ...
  -11.6539   57.9993    4.7205
    0.2452   -0.9542   -0.1714
   -0.6323   -0.0234   -0.7744
    0.7349    0.2983   -0.6091
...   138 A-T ...
   -8.6759   58.7134    3.6025
   -0.0345   -0.7815   -0.6229
   -0.6536    0.4891   -0.5775
    0.7560    0.3872   -0.5277
...   139 G-C ...
   -6.3275   59.0728    1.6297
   -0.2969   -0.3279   -0.8968
   -0.5657    0.8171   -0.1114
    0.7693    0.4742   -0.4281
...   140 C-G ...
   -3.4369   60.2279    1.0287
   -0.4426    0.2287   -0.8671
   -0.1681    0.9286    0.3308
    0.8808    0.2922   -0.3725
...   141 G-C ...
   -0.6977   63.8912   -2.2509
   -0.9992    0.0157   -0.0376
   -0.0024    0.8991    0.4378
    0.0407    0.4375   -0.8983
...   142 C-G ...
   -1.0065   65.5989   -4.9400
   -0.8337    0.5216    0.1813
    0.5170    0.6219    0.5881
    0.1940    0.5840   -0.7882
...   143 T-A ...
   -0.1333   66.2085   -7.8196
   -0.3754    0.8566    0.3540
    0.8856    0.2187    0.4098
    0.2736    0.4673   -0.8407
...   144 C-G ...
   -0.1666   67.4021  -10.8067
    0.1797    0.8793    0.4411
    0.9277   -0.3007    0.2214
    0.3273    0.3694   -0.8697
...   145 A-T ...
    0.5266   69.2313  -13.4659
    0.7352    0.4964    0.4616
    0.6118   -0.7791   -0.1367
    0.2918    0.3829   -0.8765
...   146 C-G ...
    1.4338   72.0893  -15.6018
    0.9809    0.0621    0.1844
    0.1264   -0.9240   -0.3608
    0.1480    0.3772   -0.9142
...   147 A-T ...
    2.3047   74.2223  -18.3863
    0.8657   -0.4292   -0.2575
   -0.4984   -0.7868   -0.3642
   -0.0463    0.4436   -0.8950
