  147 base-pairs
...     1 A-T ...
    0.0000    0.0000    0.0000
    1.0000    0.0000    0.0000
    0.0000    1.0000    0.0000
    0.0000    0.0000    1.0000
...     2 G-C ...
   -0.1394   -1.2357    3.2268
    0.7529    0.6366    0.1670
   -0.6386    0.7680   -0.0486
   -0.1592   -0.0700    0.9848
...     3 T-A ...
   -0.0365   -3.2932    6.3751
    0.2722    0.9301    0.2466
   -0.9238    0.3243   -0.2033
   -0.2691   -0.1725    0.9475
...     4 G-C ...
   -0.3505   -4.1660    9.4928
   -0.3756    0.9250    0.0579
   -0.8781   -0.3352   -0.3415
   -0.2965   -0.1791    0.9381
...     5 A-T ...
   -0.4462   -4.1476   12.7498
   -0.8116    0.5840   -0.0165
   -0.5523   -0.7762   -0.3042
   -0.1905   -0.2378    0.9524
...     6 G-C ...
   -1.5908   -4.1730   15.6201
   -0.9976    0.0246   -0.0651
   -0.0043   -0.9555   -0.2950
   -0.0695   -0.2940    0.9533
...     7 C-G ...
   -1.1030   -4.4824   18.7362
   -0.8441   -0.5304   -0.0787
    0.5345   -0.8441   -0.0432
   -0.0435   -0.0785    0.9960
...     8 G-C ...
   -2.4028   -7.7290   23.1475
   -0.2754   -0.3293   -0.9032
    0.6650   -0.7437    0.0684
   -0.6942   -0.5818    0.4238
...     9 C-G ...
   -4.4690   -9.9728   24.1132
    0.1145   -0.7025   -0.7024
    0.8512   -0.2952    0.4340
   -0.5122   -0.6476    0.5642
...    10 T-A ...
   -6.7405  -10.8752   25.9697
    0.4841   -0.8363   -0.2574
    0.6595    0.1553    0.7355
   -0.5751   -0.5258    0.6267
...    11 C-G ...
   -9.1656  -12.6208   27.1640
    0.7073   -0.6682    0.2307
    0.3448    0.6110    0.7126
   -0.6171   -0.4245    0.6626
...    12 A-T ...
  -10.9234  -14.6633   29.0693
    0.7515   -0.1377    0.6452
   -0.2029    0.8824    0.4246
   -0.6277   -0.4500    0.6352
...    13 C-G ...
  -11.8476  -17.4863   31.2451
    0.4295    0.2823    0.8578
   -0.5708    0.8209    0.0156
   -0.6998   -0.4963    0.5137
...    14 A-T ...
  -13.5897  -19.7827   33.4259
   -0.1504    0.6104    0.7777
   -0.6874    0.5008   -0.5260
   -0.7106   -0.6136    0.3443
...    15 A-T ...
  -15.8096  -21.8092   34.6332
   -0.4834    0.8092    0.3339
   -0.4882    0.0674   -0.8701
   -0.7266   -0.5836    0.3625
...    16 T-A ...
  -17.9093  -23.6541   36.5455
   -0.6932    0.7013   -0.1662
   -0.1515   -0.3674   -0.9177
   -0.7046   -0.6110    0.3609
...    17 T-A ...
  -20.1841  -25.4401   38.1088
   -0.6779    0.3343   -0.6548
    0.2826   -0.7037   -0.6519
   -0.6787   -0.6269    0.3826
...    18 T-A ...
  -22.4860  -27.2462   39.4768
   -0.4004   -0.0973   -0.9111
    0.6048   -0.7751   -0.1830
   -0.6884   -0.6244    0.3692
...    19 A-T ...
  -24.6897  -29.4546   40.5814
    0.0454   -0.4583   -0.8877
    0.7122   -0.6082    0.3504
   -0.7005   -0.6481    0.2987
...    20 T-A ...
  -27.4581  -31.1693   41.2206
    0.3863   -0.7140   -0.5839
    0.5963   -0.2896    0.7487
   -0.7037   -0.6374    0.3139
...    21 T-A ...
  -29.9185  -33.1989   41.9636
    0.6503   -0.7567   -0.0677
    0.2769    0.1531    0.9486
   -0.7075   -0.6356    0.3091
...    22 C-G ...
  -32.2116  -35.3310   42.9183
    0.7160   -0.5127    0.4737
   -0.1515    0.5483    0.8225
   -0.6814   -0.6607    0.3149
...    23 G-C ...
  -34.4850  -37.2059   44.5367
    0.6064   -0.0319    0.7945
   -0.5421    0.7145    0.4424
   -0.5818   -0.6989    0.4159
...    24 C-G ...
  -36.1171  -39.7358   45.7883
    0.2732    0.3834    0.8823
   -0.7751    0.6309   -0.0341
   -0.5697   -0.6746    0.4695
...    25 A-T ...
  -38.2050  -41.7731   47.2621
   -0.1384    0.7223    0.6776
   -0.8035    0.3182   -0.5032
   -0.5790   -0.6141    0.5363
...    26 A-T ...
  -39.9441  -43.7440   49.2187
   -0.5496    0.7860    0.2830
   -0.5985   -0.1341   -0.7898
   -0.5828   -0.6035    0.5442
...    27 A-T ...
  -41.6079  -45.5778   51.3214
   -0.7932    0.5729   -0.2063
   -0.1835   -0.5480   -0.8161
   -0.5806   -0.6095    0.5398
...    28 G-C ...
  -43.6433  -47.1782   53.4662
   -0.7329    0.2510   -0.6324
    0.2314   -0.7820   -0.5787
   -0.6398   -0.5704    0.5150
...    29 G-C ...
  -46.1397  -48.7422   55.2492
   -0.4287   -0.1605   -0.8891
    0.5766   -0.8062   -0.1325
   -0.6955   -0.5694    0.4382
...    30 C-G ...
  -48.7498  -50.2783   56.4586
   -0.0141   -0.5285   -0.8488
    0.6957   -0.6149    0.3713
   -0.7182   -0.5853    0.3764
...    31 C-G ...
  -51.3796  -52.0127   57.5729
    0.4188   -0.7293   -0.5411
    0.5743   -0.2489    0.7799
   -0.7035   -0.6373    0.3145
...    32 G-C ...
  -53.2473  -54.1686   58.6252
    0.7107   -0.6941   -0.1150
    0.2600    0.1073    0.9596
   -0.6537   -0.7119    0.2567
...    33 G-C ...
  -55.0417  -56.9741   59.1974
    0.7668   -0.4933    0.4107
   -0.1965    0.4287    0.8818
   -0.6110   -0.7569    0.2318
...    34 C-G ...
  -56.7804  -59.6815   59.7348
    0.5574   -0.1584    0.8150
   -0.5896    0.6155    0.5230
   -0.5844   -0.7721    0.2497
...    35 C-G ...
  -58.3560  -62.5186   60.7355
    0.1664    0.2355    0.9575
   -0.8063    0.5915   -0.0053
   -0.5677   -0.7711    0.2883
...    36 C-G ...
  -59.9735  -65.2361   61.8503
   -0.2590    0.5517    0.7929
   -0.7775    0.3680   -0.5100
   -0.5732   -0.7485    0.3336
...    37 G-C ...
  -62.2614  -67.6213   62.2845
   -0.5743    0.7318    0.3669
   -0.5092    0.0316   -0.8601
   -0.6410   -0.6808    0.3545
...    38 A-T ...
  -64.1314  -69.8831   63.3825
   -0.7466    0.6365   -0.1936
   -0.0719   -0.3665   -0.9276
   -0.6614   -0.6787    0.3194
...    39 C-G ...
  -66.4362  -71.6400   64.7052
   -0.6336    0.4168   -0.6519
    0.3015   -0.6430   -0.7041
   -0.7125   -0.6426    0.2817
...    40 A-T ...
  -68.9766  -73.5741   65.5877
   -0.2793    0.0990   -0.9551
    0.5602   -0.7910   -0.2458
   -0.7798   -0.6037    0.1655
...    41 C-G ...
  -71.8470  -75.1151   65.7946
    0.0858   -0.2621   -0.9612
    0.6033   -0.7541    0.2594
   -0.7929   -0.6022    0.0934
...    42 G-C ...
  -74.1840  -77.4532   66.0789
    0.4661   -0.5966   -0.6533
    0.3881   -0.5257    0.7570
   -0.7951   -0.6064   -0.0135
...    43 A-T ...
  -76.7135  -79.3564   65.9599
    0.6003   -0.7943   -0.0933
    0.0417   -0.0854    0.9955
   -0.7987   -0.6015   -0.0182
...    44 C-G ...
  -79.1937  -81.4377   65.2178
    0.5524   -0.7094    0.4377
   -0.2930    0.3264    0.8987
   -0.7804   -0.6247   -0.0275
...    45 T-A ...
  -81.5492  -84.1594   64.5949
    0.2925   -0.4313    0.8535
   -0.5397    0.6623    0.5197
   -0.7894   -0.6126   -0.0390
...    46 T-A ...
  -83.8287  -86.4641   64.1235
   -0.0497   -0.0698    0.9963
   -0.5891    0.8076    0.0272
   -0.8065   -0.5856   -0.0812
...    47 A-T ...
  -86.4803  -88.4349   63.9250
   -0.3094    0.4340    0.8461
   -0.4593    0.7108   -0.5327
   -0.8326   -0.5535   -0.0206
...    48 C-G ...
  -88.8996  -90.6333   64.3005
   -0.4631    0.7613    0.4539
   -0.2289    0.3920   -0.8910
   -0.8562   -0.5165   -0.0073
...    49 T-A ...
  -91.7308  -92.3445   64.7825
   -0.4291    0.9011   -0.0623
    0.0177   -0.0606   -0.9980
   -0.9031   -0.4293    0.0100
...    50 G-C ...
  -94.9866  -93.3685   64.8424
   -0.1771    0.8012   -0.5716
    0.2045   -0.5382   -0.8177
   -0.9627   -0.2617   -0.0685
...    51 T-A ...
  -98.1485  -93.7339   64.9742
    0.0282    0.4919   -0.8702
    0.2412   -0.8482   -0.4716
   -0.9701   -0.1966   -0.1425
...    52 A-T ...
 -101.4052  -93.3676   64.2071
    0.3565    0.0608   -0.9323
    0.1128   -0.9934   -0.0217
   -0.9275   -0.0974   -0.3610
...    53 G-C ...
 -104.3594  -93.1929   62.9565
    0.4453   -0.4127   -0.7946
   -0.1271   -0.9076    0.4002
   -0.8863   -0.0772   -0.4566
...    54 G-C ...
 -107.1945  -92.8136   60.6508
    0.3560   -0.8249   -0.4392
   -0.3854   -0.5577    0.7351
   -0.8513   -0.0924   -0.5164
...    55 T-A ...
 -109.6703  -93.0777   58.4803
    0.0881   -0.9961   -0.0112
   -0.5310   -0.0564    0.8455
   -0.8428   -0.0685   -0.5339
...    56 A-T ...
 -112.2540  -93.4110   56.3356
   -0.2523   -0.8411    0.4784
   -0.4890    0.5374    0.6871
   -0.8350   -0.0605   -0.5469
...    57 T-A ...
 -114.6003  -94.0761   54.0836
   -0.5025   -0.4554    0.7349
   -0.2724    0.8901    0.3654
   -0.8205   -0.0165   -0.5713
...    58 C-G ...
 -117.3454  -94.4491   52.1832
   -0.5696    0.1780    0.8024
    0.1192    0.9838   -0.1336
   -0.8132    0.0196   -0.5816
...    59 T-A ...
 -120.2144  -94.5760   50.4848
   -0.3649    0.6503    0.6663
    0.4004    0.7557   -0.5182
   -0.8406    0.0777   -0.5361
...    60 C-G ...
 -123.1094  -94.3471   48.7989
   -0.0184    0.9496    0.3128
    0.5376    0.2732   -0.7977
   -0.8430    0.1535   -0.5156
...    61 G-C ...
 -125.6226  -93.4009   46.9021
    0.4609    0.8851    0.0645
    0.4518   -0.1715   -0.8755
   -0.7638    0.4327   -0.4789
...    62 A-T ...
 -128.1111  -91.8764   45.3646
    0.7047    0.6074   -0.3667
    0.1238   -0.6143   -0.7793
   -0.6986    0.5038   -0.5081
...    63 G-C ...
 -130.1418  -89.7189   43.8461
    0.7324    0.1743   -0.6582
   -0.2800   -0.8040   -0.5245
   -0.6207    0.5685   -0.5400
...    64 C-G ...
 -131.8064  -87.3566   42.0559
    0.4680   -0.3364   -0.8172
   -0.6738   -0.7341   -0.0837
   -0.5718    0.5898   -0.5703
...    65 T-A ...
 -133.4446  -85.2458   40.1583
    0.0472   -0.6733   -0.7378
   -0.8466   -0.4190    0.3282
   -0.5301    0.6092   -0.5898
...    66 C-G ...
 -135.3772  -83.5067   38.1895
   -0.4639   -0.7865   -0.4076
   -0.7378    0.0884    0.6692
   -0.4903    0.6112   -0.6214
...    67 G-C ...
 -137.7082  -81.2266   36.9036
   -0.7918   -0.6081    0.0579
   -0.3505    0.5299    0.7722
   -0.5002    0.5911   -0.6327
...    68 G-C ...
 -139.2087  -79.2113   34.6945
   -0.8288   -0.2464    0.5025
    0.1701    0.7445    0.6456
   -0.5331    0.6205   -0.5751
...    69 G-C ...
 -141.0038  -77.2952   32.6264
   -0.5534    0.1207    0.8241
    0.5869    0.7586    0.2830
   -0.5910    0.6403   -0.4906
...    70 A-T ...
 -143.1022  -75.3443   30.9744
   -0.0845    0.5076    0.8574
    0.8055    0.5414   -0.2411
   -0.5866    0.6702   -0.4546
...    71 T-A ...
 -145.4919  -73.3847   29.8481
    0.3615    0.6793    0.6387
    0.7364    0.2121   -0.6424
   -0.5719    0.7025   -0.4236
...    72 C-G ...
 -147.3979  -70.9817   28.7175
    0.7531    0.6295    0.1914
    0.3924   -0.1962   -0.8987
   -0.5282    0.7518   -0.3947
...    73 C-G ...
 -149.1533  -68.4422   27.6314
    0.9160    0.3316   -0.2260
   -0.0485   -0.4678   -0.8825
   -0.3983    0.8193   -0.4124
...    74 G-C ...
 -150.2538  -65.8764   25.8689
    0.8066   -0.0942   -0.5836
   -0.5427   -0.5095   -0.6677
   -0.2345    0.8553   -0.4621
...    75 C-G ...
 -150.4415  -62.7451   24.3876
    0.3565   -0.3783   -0.8543
   -0.9144   -0.3290   -0.2359
   -0.1918    0.8652   -0.4632
...    76 T-A ...
 -150.4862  -59.8796   22.3916
   -0.2244   -0.4846   -0.8454
   -0.9677    0.0083    0.2521
   -0.1151    0.8747   -0.4708
...    77 T-A ...
 -150.4627  -57.0730   20.7118
   -0.7559   -0.3228   -0.5696
   -0.6516    0.2870    0.7021
   -0.0632    0.9019   -0.4273
...    78 T-A ...
 -150.3655  -54.2368   19.0669
   -0.9953   -0.0430   -0.0870
   -0.0970    0.3975    0.9125
   -0.0047    0.9166   -0.3997
...    79 A-T ...
 -149.9816  -51.0058   18.3701
   -0.8534    0.2575    0.4533
    0.5168    0.3034    0.8006
    0.0687    0.9174   -0.3920
...    80 A-T ...
 -149.8609  -48.1195   17.0326
   -0.4338    0.3608    0.8256
    0.8969    0.0854    0.4340
    0.0861    0.9287   -0.3607
...    81 C-G ...
 -150.2005  -45.0484   15.7607
    0.0900    0.3150    0.9448
    0.9906   -0.1261   -0.0523
    0.1026    0.9407   -0.3234
...    82 A-T ...
 -149.9772  -41.6803   14.9320
    0.6145    0.0489    0.7874
    0.7716   -0.2450   -0.5870
    0.1643    0.9683   -0.1883
...    83 T-A ...
 -149.7869  -38.4433   14.8782
    0.9103   -0.1042    0.4006
    0.3699   -0.2296   -0.9003
    0.1858    0.9677   -0.1705
...    84 C-G ...
 -149.1275  -35.2731   14.5144
    0.9368   -0.2802   -0.2095
   -0.2438   -0.0933   -0.9653
    0.2510    0.9554   -0.1557
...    85 A-T ...
 -147.9341  -32.0430   14.6286
    0.6455   -0.3960   -0.6531
   -0.6456    0.1741   -0.7436
    0.4081    0.9016   -0.1433
...    86 T-A ...
 -146.1758  -29.3073   14.4091
    0.2254   -0.2839   -0.9320
   -0.8733    0.3651   -0.3225
    0.4318    0.8866   -0.1656
...    87 G-C ...
 -144.4641  -26.4292   13.8186
   -0.3534   -0.0413   -0.9346
   -0.8289    0.4770    0.2923
    0.4337    0.8779   -0.2028
...    88 T-A ...
 -142.5370  -23.8064   12.8835
   -0.7399    0.2425   -0.6275
   -0.5063    0.4136    0.7567
    0.4430    0.8776   -0.1832
...    89 T-A ...
 -140.9926  -21.0905   12.1397
   -0.8850    0.4572   -0.0879
    0.0024    0.1932    0.9812
    0.4655    0.8681   -0.1721
...    90 A-T ...
 -139.2985  -18.1584   11.9178
   -0.6997    0.4715    0.5368
    0.5343   -0.1534    0.8313
    0.4743    0.8684   -0.1446
...    91 T-A ...
 -138.2693  -15.2178   10.9941
   -0.3366    0.3330    0.8808
    0.8047   -0.3841    0.4528
    0.4891    0.8612   -0.1387
...    92 A-T ...
 -136.4702  -12.4292   10.6712
    0.1450   -0.0170    0.9893
    0.8607   -0.4911   -0.1346
    0.4881    0.8710   -0.0565
...    93 A-T ...
 -135.0531   -9.6054   10.6772
    0.5554   -0.3288    0.7638
    0.6536   -0.3953   -0.6454
    0.5141    0.8577   -0.0046
...    94 C-G ...
 -133.6223   -6.6032   11.3668
    0.7996   -0.5212    0.2981
    0.2593   -0.1481   -0.9544
    0.5416    0.8405    0.0168
...    95 G-C ...
 -131.4801   -4.1449   11.1556
    0.7298   -0.6294   -0.2669
   -0.1694    0.2117   -0.9625
    0.6623    0.7477    0.0479
...    96 G-C ...
 -128.8770   -2.1241   11.2475
    0.4601   -0.5024   -0.7320
   -0.4708    0.5610   -0.6809
    0.7528    0.6579    0.0215
...    97 A-T ...
 -126.2393   -0.2191   11.2069
    0.0607   -0.1138   -0.9916
   -0.6239    0.7712   -0.1267
    0.7791    0.6264   -0.0242
...    98 C-G ...
 -123.2843    1.2862   11.0609
   -0.3071    0.2929   -0.9055
   -0.5437    0.7269    0.4195
    0.7811    0.6211   -0.0640
...    99 T-A ...
 -120.2322    3.0869   10.2698
   -0.5730    0.6437   -0.5073
   -0.2732    0.4336    0.8587
    0.7727    0.6306   -0.0726
...   100 T-A ...
 -117.6765    5.0288    9.6729
   -0.5922    0.8009    0.0888
    0.1064   -0.0315    0.9938
    0.7987    0.5980   -0.0666
...   101 T-A ...
 -115.1136    6.9981    9.1978
   -0.4149    0.6439    0.6429
    0.4174   -0.4931    0.7633
    0.8085    0.5850   -0.0642
...   102 A-T ...
 -112.2401    8.7788    9.2045
   -0.1028    0.1913    0.9761
    0.5752   -0.7892    0.2152
    0.8115    0.5836   -0.0289
...   103 T-A ...
 -110.0902   11.2046    9.2562
    0.1413   -0.2340    0.9619
    0.5584   -0.7835   -0.2727
    0.8174    0.5757    0.0200
...   104 G-C ...
 -107.4452   13.2022    9.6318
    0.3646   -0.7167    0.5945
    0.3915   -0.4613   -0.7962
    0.8449    0.5230    0.1124
...   105 C-G ...
 -104.6726   14.7189   10.5052
    0.4654   -0.8832    0.0588
    0.1319    0.0035   -0.9913
    0.8752    0.4691    0.1181
...   106 T-A ...
 -101.5352   15.9432   11.3479
    0.4341   -0.7368   -0.5183
   -0.1109    0.5272   -0.8425
    0.8940    0.4232    0.1471
...   107 T-A ...
  -98.5891   17.0657   11.9431
    0.2582   -0.3336   -0.9067
   -0.3088    0.8608   -0.4046
    0.9154    0.3844    0.1193
...   108 C-G ...
  -95.4281   18.1023   12.2331
    0.0024    0.2232   -0.9748
   -0.3840    0.9003    0.2052
    0.9233    0.3738    0.0879
...   109 C-G ...
  -92.3337   19.2157   12.3952
   -0.2891    0.6266   -0.7237
   -0.3093    0.6543    0.6901
    0.9059    0.4234    0.0046
...   110 G-C ...
  -89.6758   20.7736   12.6163
   -0.4874    0.8336   -0.2600
   -0.0892    0.2487    0.9645
    0.8686    0.4933   -0.0469
...   111 G-C ...
  -86.9724   22.7382   12.2028
   -0.5018    0.8012    0.3259
    0.2204   -0.2459    0.9439
    0.8364    0.5455   -0.0532
...   112 C-G ...
  -84.4898   24.9299   11.6733
   -0.3268    0.5092    0.7962
    0.4665   -0.6457    0.6045
    0.8219    0.5690   -0.0265
...   113 T-A ...
  -81.8958   26.9942   11.5529
   -0.0607    0.0675    0.9959
    0.5773   -0.8116    0.0902
    0.8143    0.5804    0.0104
...   114 C-G ...
  -79.1484   28.8660   11.6975
    0.2629   -0.4399    0.8587
    0.5180   -0.6866   -0.5102
    0.8140    0.5789    0.0474
...   115 G-C ...
  -76.2143   30.4382   11.5473
    0.4463   -0.8040    0.3929
    0.2724   -0.2962   -0.9155
    0.8525    0.5155    0.0868
...   116 T-A ...
  -73.3790   31.8669   12.5685
    0.4754   -0.8644   -0.1638
   -0.0051    0.1834   -0.9830
    0.8798    0.4681    0.0828
...   117 A-T ...
  -70.2386   33.0638   13.3026
    0.3024   -0.6452   -0.7016
   -0.2435    0.6594   -0.7113
    0.9216    0.3859    0.0422
...   118 T-A ...
  -67.0864   33.7063   13.8176
    0.1389   -0.2234   -0.9648
   -0.3599    0.8962   -0.2593
    0.9226    0.3832    0.0441
...   119 A-T ...
  -64.0554   35.1732   13.9366
   -0.1382    0.3446   -0.9285
   -0.3451    0.8620    0.3713
    0.9284    0.3717   -0.0002
...   120 A-T ...
  -60.9662   36.1324   13.7005
   -0.3286    0.7648   -0.5542
   -0.1919    0.5205    0.8320
    0.9248    0.3798   -0.0243
...   121 T-A ...
  -57.8764   37.1666   12.9619
   -0.3720    0.9275   -0.0373
    0.0145    0.0460    0.9988
    0.9281    0.3710   -0.0306
...   122 G-C ...
  -54.7490   38.5429   12.7120
   -0.3397    0.7477    0.5705
    0.2463   -0.5147    0.8212
    0.9077    0.4196   -0.0094
...   123 T-A ...
  -51.9691   40.2809   12.3842
   -0.1672    0.3799    0.9098
    0.3865   -0.8236    0.4150
    0.9070    0.4210   -0.0092
...   124 G-C ...
  -48.9615   41.7635   12.4030
    0.0414   -0.1990    0.9791
    0.4327   -0.8797   -0.1971
    0.9006    0.4318    0.0497
...   125 T-A ...
  -46.3060   43.5607   12.7577
    0.2254   -0.6456    0.7297
    0.3474   -0.6465   -0.6793
    0.9102    0.4066    0.0786
...   126 C-G ...
  -43.4174   44.8500   13.0908
    0.3865   -0.9026    0.1894
    0.1503   -0.1410   -0.9785
    0.9100    0.4067    0.0812
...   127 G-C ...
  -40.3191   46.0073   12.8443
    0.2376   -0.9068   -0.3482
   -0.0467    0.3473   -0.9366
    0.9702    0.2388    0.0401
...   128 A-T ...
  -37.2763   46.8392   13.0703
    0.1492   -0.5386   -0.8292
   -0.1943    0.8063   -0.5587
    0.9695    0.2445    0.0156
...   129 C-G ...
  -33.9986   46.8934   13.4257
   -0.0265   -0.0451   -0.9986
   -0.2269    0.9732   -0.0379
    0.9736    0.2256   -0.0360
...   130 C-G ...
  -30.6488   47.1775   12.7909
   -0.2539    0.4397   -0.8615
   -0.1283    0.8675    0.4805
    0.9587    0.2326   -0.1639
...   131 A-T ...
  -27.5830   48.5679   12.5043
   -0.3778    0.8291   -0.4121
    0.0815    0.4732    0.8772
    0.9223    0.2979   -0.2464
...   132 A-T ...
  -24.6432   49.6091   11.4668
   -0.2553    0.9524    0.1669
    0.2996   -0.0862    0.9502
    0.9193    0.2926   -0.2633
...   133 A-T ...
  -21.7846   50.6420   10.2279
    0.0249    0.7298    0.6832
    0.3808   -0.6388    0.6685
    0.9243    0.2435   -0.2938
...   134 T-A ...
  -19.0158   52.0243    8.9251
    0.2452    0.2905    0.9249
    0.3073   -0.9281    0.2101
    0.9195    0.2328   -0.3169
...   135 G-C ...
  -16.4635   53.8823    7.5154
    0.5339   -0.3333    0.7771
    0.0346   -0.9097   -0.4139
    0.8449    0.2479   -0.4741
...   136 T-A ...
  -14.1747   56.5545    6.1809
    0.5795   -0.7269    0.3685
   -0.3141   -0.6164   -0.7221
    0.7521    0.3026   -0.5855
...   137 G-C ...
  -11.6536   57.9991    4.7205
    0.2452   -0.9542   -0.1714
   -0.6323   -0.0234   -0.7744
    0.7349    0.2983   -0.6091
...   138 A-T ...
   -8.6756   58.7132    3.6025
   -0.0345   -0.7815   -0.6229
   -0.6536    0.4891   -0.5775
    0.7560    0.3872   -0.5277
...   139 G-C ...
   -6.3273   59.0726    1.6297
   -0.2969   -0.3279   -0.8968
   -0.5657    0.8171   -0.1114
    0.7693    0.4742   -0.4281
...   140 C-G ...
   -3.4367   60.2277    1.0288
   -0.4426    0.2287   -0.8671
   -0.1681    0.9286    0.3308
    0.8808    0.2922   -0.3725
...   141 G-C ...
   -0.6974   63.8910   -2.2508
   -0.9992    0.0157   -0.0376
   -0.0024    0.8991    0.4378
    0.0407    0.4375   -0.8983
...   142 C-G ...
   -1.0062   65.5987   -4.9400
   -0.8337    0.5216    0.1813
    0.5170    0.6219    0.5881
    0.1940    0.5841   -0.7882
...   143 T-A ...
   -0.1330   66.2083   -7.8195
   -0.3753    0.8566    0.3540
    0.8856    0.2187    0.4098
    0.2736    0.4673   -0.8407
...   144 C-G ...
   -0.1664   67.4019  -10.8066
    0.1798    0.8793    0.4411
    0.9277   -0.3007    0.2214
    0.3273    0.3694   -0.8697
...   145 A-T ...
    0.5269   69.2311  -13.4658
    0.7352    0.4964    0.4616
    0.6118   -0.7791   -0.1367
    0.2918    0.3829   -0.8765
...   146 C-G ...
    1.4340   72.0891  -15.6018
    0.9809    0.0621    0.1844
    0.1264   -0.9240   -0.3608
    0.1480    0.3772   -0.9142
...   147 A-T ...
    2.3050   74.2221  -18.3862
    0.8657   -0.4292   -0.2575
   -0.4984   -0.7868   -0.3642
   -0.0463    0.4436   -0.8950
