  147 base-pairs
...     1 A-T ...
    0.0000    0.0000    0.0000
    1.0000    0.0000    0.0000
    0.0000    1.0000    0.0000
    0.0000    0.0000    1.0000
...     2 G-C ...
   -0.1394   -1.2357    3.2268
    0.7529    0.6366    0.1670
   -0.6386    0.7680   -0.0486
   -0.1592   -0.0700    0.9848
...     3 T-A ...
   -0.0365   -3.2932    6.3751
    0.2722    0.9301    0.2466
   -0.9238    0.3243   -0.2033
   -0.2691   -0.1725    0.9475
...     4 G-C ...
   -0.3505   -4.1660    9.4928
   -0.3756    0.9250    0.0579
   -0.8781   -0.3352   -0.3415
   -0.2965   -0.1791    0.9381
...     5 A-T ...
   -0.4462   -4.1476   12.7498
   -0.8116    0.5840   -0.0165
   -0.5523   -0.7762   -0.3042
   -0.1905   -0.2378    0.9524
...     6 G-C ...
   -1.5908   -4.1730   15.6201
   -0.9976    0.0246   -0.0651
   -0.0043   -0.9555   -0.2950
   -0.0695   -0.2940    0.9533
...     7 C-G ...
   -1.1030   -4.4824   18.7362
   -0.8441   -0.5304   -0.0787
    0.5345   -0.8441   -0.0432
   -0.0435   -0.0785    0.9960
...     8 G-C ...
   -2.4028   -7.7290   23.1475
   -0.2754   -0.3293   -0.9032
    0.6650   -0.7437    0.0684
   -0.6942   -0.5818    0.4238
...     9 C-G ...
   -4.4690   -9.9728   24.1132
    0.1145   -0.7025   -0.7024
    0.8512   -0.2952    0.4340
   -0.5122   -0.6476    0.5642
...    10 T-A ...
   -6.7405  -10.8752   25.9697
    0.4841   -0.8363   -0.2574
    0.6595    0.1553    0.7355
   -0.5751   -0.5258    0.6267
...    11 C-G ...
   -9.1656  -12.6208   27.1640
    0.7073   -0.6682    0.2307
    0.3448    0.6110    0.7126
   -0.6171   -0.4245    0.6626
...    12 A-T ...
  -10.9234  -14.6633   29.0693
    0.7515   -0.1377    0.6452
   -0.2029    0.8824    0.4246
   -0.6277   -0.4500    0.6352
...    13 C-G ...
  -11.8476  -17.4863   31.2451
    0.4295    0.2823    0.8578
   -0.5708    0.8209    0.0156
   -0.6998   -0.4963    0.5137
...    14 A-T ...
  -13.5897  -19.7827   33.4259
   -0.1504    0.6104    0.7777
   -0.6874    0.5008   -0.5260
   -0.7106   -0.6136    0.3443
...    15 A-T ...
  -15.7114  -21.7977   34.8072
   -0.4864    0.7985    0.3547
   -0.5018    0.0770   -0.8615
   -0.7152   -0.5971    0.3632
...    16 T-A ...
  -17.7635  -23.6034   36.6259
   -0.6612    0.7405   -0.1202
   -0.2034   -0.3312   -0.9214
   -0.7221   -0.5848    0.3696
...    17 T-A ...
  -20.0795  -25.3264   38.1007
   -0.6604    0.4368   -0.6107
    0.1896   -0.6900   -0.6985
   -0.7265   -0.5771    0.3729
...    18 T-A ...
  -22.5229  -26.9425   39.4929
   -0.4464   -0.0208   -0.8946
    0.5206   -0.8192   -0.2407
   -0.7278   -0.5731    0.3765
...    19 A-T ...
  -24.9194  -28.8994   40.6852
   -0.0319   -0.4584   -0.8881
    0.6679   -0.6708    0.3223
   -0.7435   -0.5830    0.3276
...    20 T-A ...
  -27.7657  -30.4001   41.3756
    0.3034   -0.7321   -0.6100
    0.5950   -0.3544    0.7213
   -0.7442   -0.5818    0.3281
...    21 T-A ...
  -30.3318  -32.2102   42.1882
    0.5790   -0.8089   -0.1024
    0.3274    0.1156    0.9378
   -0.7467   -0.5765    0.3317
...    22 C-G ...
  -32.7284  -34.1945   43.1697
    0.6861   -0.5767    0.4435
   -0.0704    0.5542    0.8294
   -0.7241   -0.6003    0.3396
...    23 G-C ...
  -35.0842  -36.0052   44.6447
    0.6174   -0.1158    0.7780
   -0.4470    0.7622    0.4682
   -0.6473   -0.6369    0.4189
...    24 C-G ...
  -36.8788  -38.4208   45.9870
    0.3183    0.3386    0.8855
   -0.7131    0.7009   -0.0117
   -0.6246   -0.6277    0.4646
...    25 A-T ...
  -38.9529  -40.4214   47.6299
   -0.0527    0.7316    0.6797
   -0.7910    0.3848   -0.4756
   -0.6095   -0.5627    0.5585
...    26 A-T ...
  -40.6972  -42.2528   49.6560
   -0.4721    0.8291    0.2996
   -0.6322   -0.0816   -0.7705
   -0.6144   -0.5532    0.5626
...    27 A-T ...
  -42.5556  -43.9101   51.7276
   -0.7322    0.6565   -0.1814
   -0.2707   -0.5249   -0.8070
   -0.6250   -0.5418    0.5620
...    28 G-C ...
  -44.6282  -45.4009   53.8116
   -0.7177    0.3429   -0.6061
    0.1266   -0.7917   -0.5977
   -0.6848   -0.5057    0.5247
...    29 G-C ...
  -47.1441  -46.7175   55.6189
   -0.4766   -0.0721   -0.8761
    0.4590   -0.8704   -0.1780
   -0.7498   -0.4870    0.4480
...    30 C-G ...
  -49.8883  -47.9477   56.9491
   -0.1216   -0.4967   -0.8594
    0.6236   -0.7118    0.3231
   -0.7722   -0.4966    0.3963
...    31 C-G ...
  -52.6805  -49.5480   57.9079
    0.2891   -0.7549   -0.5887
    0.5640   -0.3626    0.7419
   -0.7736   -0.5464    0.3209
...    32 G-C ...
  -54.9516  -51.6136   59.1800
    0.6202   -0.7758   -0.1158
    0.2767    0.0782    0.9578
   -0.7340   -0.6261    0.2632
...    33 G-C ...
  -57.3166  -53.9392   59.7515
    0.7184   -0.5717    0.3963
   -0.1186    0.4607    0.8796
   -0.6855   -0.6789    0.2631
...    34 C-G ...
  -59.3774  -56.4569   60.3580
    0.5616   -0.2123    0.7997
   -0.4938    0.6896    0.5297
   -0.6640   -0.6924    0.2825
...    35 C-G ...
  -61.3340  -59.0379   61.3089
    0.2579    0.2361    0.9369
   -0.7229    0.6905    0.0250
   -0.6410   -0.6837    0.3488
...    36 C-G ...
  -63.1935  -61.5335   62.6275
   -0.1089    0.6202    0.7769
   -0.7511    0.4605   -0.4730
   -0.6511   -0.6350    0.4157
...    37 G-C ...
  -65.5823  -63.4921   63.8361
   -0.4049    0.8469    0.3448
   -0.5779    0.0551   -0.8142
   -0.7086   -0.5290    0.4671
...    38 A-T ...
  -67.8200  -65.1958   65.4644
   -0.6156    0.7617   -0.2021
   -0.2495   -0.4316   -0.8669
   -0.7475   -0.4832    0.4558
...    39 C-G ...
  -70.1967  -66.3161   67.4147
   -0.6151    0.4697   -0.6332
    0.0814   -0.7610   -0.6436
   -0.7842   -0.4475    0.4299
...    40 A-T ...
  -72.9097  -67.7094   68.7485
   -0.3612    0.0548   -0.9309
    0.3528   -0.9160   -0.1908
   -0.8632   -0.3973    0.3115
...    41 C-G ...
  -75.9877  -68.3974   69.6349
   -0.0950   -0.3946   -0.9139
    0.4605   -0.8314    0.3111
   -0.8826   -0.3912    0.2607
...    42 G-C ...
  -78.7515  -70.0973   70.3430
    0.2640   -0.7347   -0.6249
    0.3705   -0.5209    0.7690
   -0.8905   -0.4345    0.1347
...    43 A-T ...
  -81.6641  -71.5698   70.5906
    0.4434   -0.8939   -0.0658
    0.1234   -0.0118    0.9923
   -0.8878   -0.4481    0.1051
...    44 C-G ...
  -84.5262  -73.2450   70.3096
    0.4455   -0.7706    0.4558
   -0.1368    0.4446    0.8852
   -0.8848   -0.4567    0.0927
...    45 T-A ...
  -87.3002  -75.0521   70.4402
    0.3301   -0.4152    0.8477
   -0.3592    0.7752    0.5196
   -0.8729   -0.4760    0.1068
...    46 T-A ...
  -90.0028  -76.8623   70.6163
    0.0376    0.0811    0.9960
   -0.4628    0.8848   -0.0546
   -0.8857   -0.4589    0.0708
...    47 A-T ...
  -92.9874  -78.3080   70.8201
   -0.1991    0.5993    0.7754
   -0.3826    0.6809   -0.6245
   -0.9022   -0.4210    0.0937
...    48 C-G ...
  -95.7143  -79.9539   71.6335
   -0.3225    0.8805    0.3476
   -0.2207    0.2871   -0.9321
   -0.9205   -0.3773    0.1017
...    49 T-A ...
  -98.7271  -81.0726   72.3314
   -0.2932    0.9399   -0.1748
   -0.0362   -0.1936   -0.9804
   -0.9554   -0.2811    0.0908
...    50 G-C ...
 -101.9993  -81.6873   72.5925
   -0.1008    0.7367   -0.6687
    0.0897   -0.6627   -0.7435
   -0.9909   -0.1350    0.0007
...    51 T-A ...
 -105.2346  -81.5174   72.8577
    0.0256    0.3178   -0.9478
    0.1044   -0.9438   -0.3136
   -0.9942   -0.0909   -0.0573
...    52 A-T ...
 -108.5134  -81.4201   72.3633
    0.2268   -0.2100   -0.9510
    0.0034   -0.9763    0.2163
   -0.9739   -0.0523   -0.2207
...    53 G-C ...
 -111.6503  -81.2921   71.3559
    0.2530   -0.6774   -0.6907
   -0.1652   -0.7337    0.6591
   -0.9533   -0.0526   -0.2975
...    54 G-C ...
 -114.6663  -81.5397   69.8601
    0.1720   -0.9623   -0.2109
   -0.3353   -0.2584    0.9060
   -0.9263   -0.0851   -0.3671
...    55 T-A ...
 -117.4619  -81.8433   68.0567
   -0.0399   -0.9554    0.2924
   -0.3860    0.2847    0.8775
   -0.9216   -0.0778   -0.3802
...    56 A-T ...
 -120.7333  -81.5857   67.1568
   -0.3717   -0.5406    0.7547
   -0.2292    0.8413    0.4896
   -0.8996    0.0090   -0.4366
...    57 T-A ...
 -123.5478  -82.1913   65.5070
   -0.4610   -0.0343    0.8867
    0.0134    0.9989    0.0456
   -0.8873    0.0329   -0.4600
...    58 C-G ...
 -126.4263  -82.1884   63.9219
   -0.3347    0.5551    0.7615
    0.3096    0.8280   -0.4675
   -0.8900    0.0793   -0.4490
...    59 T-A ...
 -129.4923  -82.0341   62.7138
   -0.0461    0.8888    0.4560
    0.4508    0.4258   -0.7845
   -0.8914    0.1693   -0.4203
...    60 C-G ...
 -132.4222  -81.4583   61.4401
    0.2970    0.9545   -0.0266
    0.3979   -0.1490   -0.9052
   -0.8680    0.2583   -0.4241
...    61 G-C ...
 -135.1217  -80.3923   59.8205
    0.6237    0.6700   -0.4026
    0.1449   -0.6053   -0.7827
   -0.7681    0.4298   -0.4746
...    62 A-T ...
 -137.4503  -78.7718   58.2534
    0.6581    0.1764   -0.7320
   -0.2661   -0.8550   -0.4452
   -0.7044    0.4877   -0.5157
...    63 G-C ...
 -139.4719  -76.8260   56.5287
    0.4843   -0.3238   -0.8128
   -0.6051   -0.7949   -0.0439
   -0.6319    0.5131   -0.5809
...    64 C-G ...
 -141.0722  -74.9555   54.3129
    0.0989   -0.7173   -0.6897
   -0.8064   -0.4639    0.3668
   -0.5831    0.5199   -0.6243
...    65 T-A ...
 -142.6686  -73.2469   51.9615
   -0.3364   -0.8610   -0.3815
   -0.7648    0.0134    0.6442
   -0.5495    0.5084   -0.6630
...    66 C-G ...
 -144.4120  -71.6651   49.6530
   -0.7418   -0.6677    0.0626
   -0.4149    0.5302    0.7395
   -0.5269    0.5226   -0.6703
...    67 G-C ...
 -146.1961  -69.5359   47.8028
   -0.8236   -0.2638    0.5020
    0.0938    0.8096    0.5794
   -0.5593    0.5243   -0.6421
...    68 G-C ...
 -148.0092  -67.9389   45.4413
   -0.6031    0.1886    0.7751
    0.5472    0.8048    0.2299
   -0.5804    0.5628   -0.5885
...    69 G-C ...
 -150.0521  -66.2737   43.3374
   -0.1610    0.5329    0.8307
    0.8036    0.5594   -0.2031
   -0.5730    0.6349   -0.5183
...    70 A-T ...
 -151.9628  -64.2849   41.6298
    0.3644    0.7043    0.6093
    0.7638    0.1482   -0.6282
   -0.5327    0.6943   -0.4839
...    71 T-A ...
 -154.0388  -61.9948   40.6233
    0.7162    0.6502    0.2537
    0.4902   -0.2100   -0.8459
   -0.4967    0.7302   -0.4691
...    72 C-G ...
 -155.5126  -59.4789   39.2327
    0.9106    0.3520   -0.2164
   -0.0063   -0.5118   -0.8591
   -0.4132    0.7837   -0.4638
...    73 C-G ...
 -156.4242  -56.5298   37.9018
    0.8193   -0.0630   -0.5699
   -0.4995   -0.5665   -0.6555
   -0.2815    0.8217   -0.4956
...    74 G-C ...
 -157.0890  -54.0112   35.8154
    0.4478   -0.4577   -0.7681
   -0.8845   -0.3526   -0.3055
   -0.1310    0.8162   -0.5627
...    75 C-G ...
 -156.9690  -51.3738   33.8054
   -0.1007   -0.5969   -0.7959
   -0.9916   -0.0049    0.1292
   -0.0810    0.8023   -0.5914
...    76 T-A ...
 -156.8898  -48.8577   31.6405
   -0.6117   -0.5183   -0.5976
   -0.7892    0.3477    0.5062
   -0.0546    0.7813   -0.6218
...    77 T-A ...
 -156.7394  -46.4419   29.4432
   -0.9589   -0.1610   -0.2336
   -0.2835    0.5725    0.7694
    0.0099    0.8040   -0.5946
...    78 T-A ...
 -156.5517  -44.0249   27.2543
   -0.9421    0.2495    0.2240
    0.3268    0.5342    0.7796
    0.0749    0.8077   -0.5848
...    79 A-T ...
 -155.8906  -41.1924   25.5592
   -0.5284    0.5373    0.6573
    0.8410    0.2257    0.4917
    0.1158    0.8126   -0.5711
...    80 A-T ...
 -155.7257  -38.5804   23.6506
    0.0370    0.5563    0.8302
    0.9894   -0.1368    0.0476
    0.1401    0.8196   -0.5555
...    81 C-G ...
 -155.8197  -35.7463   22.0233
    0.5298    0.3544    0.7706
    0.8298   -0.4044   -0.3845
    0.1753    0.8431   -0.5083
...    82 A-T ...
 -155.0955  -32.8772   20.4578
    0.8552   -0.0619    0.5146
    0.4207   -0.4971   -0.7589
    0.3028    0.8655   -0.3991
...    83 C-G ...
 -154.1143  -29.8295   19.8086
    0.9279   -0.3637    0.0827
   -0.0625   -0.3702   -0.9269
    0.3677    0.8548   -0.3662
...    84 T-A ...
 -152.5757  -27.0364   18.9695
    0.7271   -0.5750   -0.3751
   -0.5056   -0.0790   -0.8591
    0.4644    0.8143   -0.3482
...    85 T-A ...
 -150.8295  -24.4612   18.0582
    0.3150   -0.5220   -0.7926
   -0.8147    0.2796   -0.5080
    0.4868    0.8058   -0.3372
...    86 T-A ...
 -148.9479  -21.9892   17.0905
   -0.1918   -0.2446   -0.9505
   -0.8417    0.5390    0.0311
    0.5047    0.8060   -0.3093
...    87 A-T ...
 -147.5194  -19.0474   16.2698
   -0.6545    0.1944   -0.7306
   -0.5311    0.5696    0.6273
    0.5382    0.7986   -0.2696
...    88 T-A ...
 -145.4824  -16.8301   14.8762
   -0.8180    0.4820   -0.3139
   -0.1263    0.3819    0.9156
    0.5612    0.7886   -0.2515
...    89 G-C ...
 -143.6464  -14.1238   14.3385
   -0.7772    0.5606    0.2858
    0.3662    0.0337    0.9299
    0.5117    0.8274   -0.2315
...    90 C-G ...
 -142.1409  -11.3888   13.2375
   -0.4774    0.4509    0.7542
    0.7216   -0.2885    0.6293
    0.5014    0.8446   -0.1877
...    91 T-A ...
 -140.7759   -8.4462   12.6268
   -0.0738    0.1720    0.9823
    0.8642   -0.4806    0.1491
    0.4978    0.8599   -0.1132
...    92 T-A ...
 -139.3675   -5.5529   12.3289
    0.3978   -0.1549    0.9043
    0.7591   -0.4980   -0.4192
    0.5153    0.8532   -0.0805
...    93 C-G ...
 -137.6832   -2.7712   12.2595
    0.7232   -0.4678    0.5081
    0.4076   -0.3048   -0.8608
    0.5575    0.8296   -0.0297
...    94 C-G ...
 -135.6838   -0.0840   12.6558
    0.7631   -0.6460   -0.0191
   -0.0072    0.0211   -0.9998
    0.6462    0.7631    0.0115
...    95 G-C ...
 -133.3075    2.2447   12.4024
    0.5490   -0.6223   -0.5580
   -0.3686    0.4189   -0.8298
    0.7502    0.6612    0.0006
...    96 G-C ...
 -130.4479    4.0587   12.4893
    0.2054   -0.3519   -0.9132
   -0.5648    0.7194   -0.4042
    0.7992    0.5988   -0.0510
...    97 C-G ...
 -127.5347    5.6367   12.2656
   -0.1609    0.0783   -0.9839
   -0.5635    0.8111    0.1567
    0.8103    0.5796   -0.0864
...    98 T-A ...
 -124.7017    7.2874   11.7484
   -0.4631    0.4752   -0.7481
   -0.3716    0.6622    0.6507
    0.8046    0.5794   -0.1301
...    99 C-G ...
 -122.0451    9.1464   11.2116
   -0.6020    0.7686   -0.2166
   -0.0237    0.2539    0.9669
    0.7981    0.5872   -0.1346
...   100 G-C ...
 -119.3595   11.1415   11.2241
   -0.5814    0.7225    0.3742
    0.3234   -0.2168    0.9211
    0.7466    0.6565   -0.1076
...   101 T-A ...
 -117.2213   13.5389   10.4094
   -0.3488    0.4854    0.8017
    0.5734   -0.5661    0.5922
    0.7413    0.6663   -0.0809
...   102 T-A ...
 -114.9887   15.8628   10.0487
    0.0293    0.0751    0.9967
    0.6636   -0.7472    0.0368
    0.7475    0.6604   -0.0717
...   103 C-G ...
 -112.5963   18.0852    9.9262
    0.3711   -0.4044    0.8359
    0.5292   -0.6476   -0.5482
    0.7630    0.6458   -0.0263
...   104 A-T ...
 -109.9527   20.1178    9.9073
    0.5047   -0.7697    0.3909
    0.2642   -0.2933   -0.9188
    0.8218    0.5670    0.0553
...   105 T-A ...
 -107.3776   21.9602   10.7743
    0.5547   -0.8233   -0.1204
   -0.0175    0.1331   -0.9909
    0.8318    0.5518    0.0594
...   106 G-C ...
 -104.4593   23.5745   10.8315
    0.3528   -0.6685   -0.6548
   -0.2871    0.5887   -0.7557
    0.8906    0.4546    0.0157
...   107 T-A ...
 -101.3133   24.5297   11.2006
    0.1231   -0.2818   -0.9515
   -0.4161    0.8558   -0.3073
    0.9010    0.4338   -0.0119
...   108 T-A ...
  -98.2677   25.6565   11.1986
   -0.1298    0.2538   -0.9585
   -0.4076    0.8676    0.2849
    0.9039    0.4277   -0.0092
...   109 A-T ...
  -95.3205   27.2277   11.2376
   -0.3740    0.7107   -0.5959
   -0.2337    0.5496    0.8021
    0.8975    0.4393   -0.0395
...   110 T-A ...
  -92.3290   28.3886   10.4759
   -0.4359    0.8935   -0.1082
   -0.0120    0.1145    0.9934
    0.8999    0.4343   -0.0392
...   111 A-T ...
  -89.2997   29.8041   10.6313
   -0.3686    0.7718    0.5182
    0.2598   -0.4497    0.8546
    0.8926    0.4496   -0.0347
...   112 A-T ...
  -86.5133   31.4487   10.3392
   -0.1460    0.3832    0.9121
    0.4175   -0.8120    0.4080
    0.8969    0.4403   -0.0414
...   113 C-G ...
  -83.8769   33.4482   10.1798
    0.0691   -0.1068    0.9919
    0.4374   -0.8903   -0.1264
    0.8966    0.4426   -0.0148
...   114 G-C ...
  -80.7284   34.5643   10.1402
    0.1966   -0.6279    0.7531
    0.3459   -0.6743   -0.6525
    0.9175    0.3887    0.0847
...   115 G-C ...
  -77.7134   35.9359   10.8107
    0.2670   -0.9232    0.2765
    0.2037   -0.2264   -0.9525
    0.9419    0.3106    0.1276
...   116 A-T ...
  -74.6417   36.9140   11.3582
    0.2928   -0.8969   -0.3315
    0.0186    0.3520   -0.9358
    0.9560    0.2679    0.1197
...   117 A-T ...
  -71.5247   37.5784   11.9518
    0.2382   -0.5504   -0.8002
   -0.1451    0.7945   -0.5897
    0.9603    0.2565    0.1094
...   118 T-A ...
  -68.2993   37.7715   12.5445
    0.1196   -0.0840   -0.9893
   -0.2401    0.9644   -0.1109
    0.9633    0.2508    0.0952
...   119 A-T ...
  -65.0743   38.5743   12.7203
   -0.1221    0.4583   -0.8803
   -0.2339    0.8487    0.4743
    0.9646    0.2638    0.0035
...   120 A-T ...
  -61.9113   39.2533   12.5043
   -0.2389    0.8548   -0.4606
   -0.1148    0.4461    0.8876
    0.9642    0.2649   -0.0085
...   121 T-A ...
  -58.7754   39.9617   11.7996
   -0.2654    0.9629    0.0487
    0.0273   -0.0430    0.9987
    0.9638    0.2664   -0.0149
...   122 G-C ...
  -55.6255   40.9968   12.0323
   -0.2793    0.7421    0.6093
    0.2085   -0.5726    0.7929
    0.9373    0.3486    0.0052
...   123 T-A ...
  -52.7547   42.6367   11.7130
   -0.1441    0.3276    0.9338
    0.3295   -0.8739    0.3574
    0.9331    0.3592    0.0180
...   124 G-C ...
  -49.5991   43.6336   11.9965
    0.0021   -0.2577    0.9662
    0.3725   -0.8965   -0.2399
    0.9280    0.3604    0.0941
...   125 T-A ...
  -46.7881   45.2914   12.6512
    0.1779   -0.6950    0.6966
    0.3117   -0.6317   -0.7098
    0.9334    0.3434    0.1043
...   126 C-G ...
  -43.7508   46.4449   13.1139
    0.2968   -0.9436    0.1465
    0.1445   -0.1073   -0.9837
    0.9439    0.3132    0.1045
...   127 G-C ...
  -40.5699   47.4617   13.1295
    0.2024   -0.8818   -0.4259
   -0.0355    0.4280   -0.9031
    0.9787    0.1979    0.0553
...   128 A-T ...
  -37.3694   48.0303   13.3972
    0.0878   -0.4871   -0.8689
   -0.1425    0.8572   -0.4949
    0.9859    0.1673    0.0058
...   129 C-G ...
  -34.0894   47.9368   13.5350
   -0.0493    0.0107   -0.9987
   -0.1524    0.9882    0.0181
    0.9871    0.1531   -0.0470
...   130 C-G ...
  -30.7590   48.1246   13.0799
   -0.2288    0.5135   -0.8270
   -0.0656    0.8395    0.5394
    0.9713    0.1777   -0.1584
...   131 A-T ...
  -27.5716   48.8827   12.4697
   -0.3371    0.8666   -0.3678
    0.1276    0.4291    0.8942
    0.9328    0.2545   -0.2552
...   132 A-T ...
  -24.6405   49.7049   11.3500
   -0.2033    0.9582    0.2013
    0.3122   -0.1314    0.9409
    0.9280    0.2541   -0.2724
...   133 A-T ...
  -21.7541   50.6759   10.2086
    0.0352    0.7180    0.6951
    0.3791   -0.6532    0.6554
    0.9247    0.2405   -0.2952
...   134 T-A ...
  -19.0160   52.0244    8.9249
    0.2452    0.2905    0.9249
    0.3073   -0.9281    0.2101
    0.9195    0.2328   -0.3169
...   135 G-C ...
  -16.4638   53.8825    7.5152
    0.5339   -0.3333    0.7771
    0.0346   -0.9097   -0.4139
    0.8449    0.2479   -0.4741
...   136 T-A ...
  -14.1749   56.5547    6.1807
    0.5795   -0.7269    0.3685
   -0.3141   -0.6164   -0.7221
    0.7521    0.3026   -0.5855
...   137 G-C ...
  -11.6539   57.9992    4.7203
    0.2452   -0.9542   -0.1714
   -0.6323   -0.0234   -0.7744
    0.7349    0.2983   -0.6091
...   138 A-T ...
   -8.6759   58.7133    3.6023
   -0.0345   -0.7815   -0.6229
   -0.6536    0.4891   -0.5775
    0.7560    0.3872   -0.5277
...   139 G-C ...
   -6.3275   59.0727    1.6295
   -0.2969   -0.3279   -0.8968
   -0.5657    0.8171   -0.1114
    0.7693    0.4742   -0.4281
...   140 C-G ...
   -3.4369   60.2279    1.0286
   -0.4426    0.2287   -0.8671
   -0.1681    0.9286    0.3308
    0.8808    0.2922   -0.3725
...   141 G-C ...
   -0.6977   63.8912   -2.2511
   -0.9992    0.0157   -0.0376
   -0.0024    0.8991    0.4378
    0.0407    0.4375   -0.8983
...   142 C-G ...
   -1.0065   65.5988   -4.9402
   -0.8337    0.5216    0.1813
    0.5170    0.6219    0.5881
    0.1940    0.5841   -0.7882
...   143 T-A ...
   -0.1333   66.2084   -7.8197
   -0.3753    0.8566    0.3540
    0.8856    0.2187    0.4098
    0.2736    0.4673   -0.8407
...   144 C-G ...
   -0.1666   67.4020  -10.8068
    0.1798    0.8793    0.4411
    0.9277   -0.3007    0.2214
    0.3273    0.3694   -0.8697
...   145 A-T ...
    0.5266   69.2312  -13.4660
    0.7352    0.4964    0.4616
    0.6118   -0.7791   -0.1367
    0.2918    0.3829   -0.8765
...   146 C-G ...
    1.4338   72.0892  -15.6020
    0.9809    0.0621    0.1844
    0.1264   -0.9240   -0.3608
    0.1480    0.3772   -0.9142
...   147 A-T ...
    2.3047   74.2222  -18.3864
    0.8657   -0.4292   -0.2575
   -0.4984   -0.7868   -0.3642
   -0.0463    0.4436   -0.8950
