  147 base-pairs
...     1 A-T ...
    0.0000    0.0000    0.0000
    1.0000    0.0000    0.0000
    0.0000    1.0000    0.0000
    0.0000    0.0000    1.0000
...     2 G-C ...
   -0.1394   -1.2357    3.2268
    0.7529    0.6366    0.1670
   -0.6386    0.7680   -0.0486
   -0.1592   -0.0700    0.9848
...     3 T-A ...
   -0.0365   -3.2932    6.3751
    0.2722    0.9301    0.2466
   -0.9238    0.3243   -0.2033
   -0.2691   -0.1725    0.9475
...     4 G-C ...
   -0.3505   -4.1660    9.4928
   -0.3756    0.9250    0.0579
   -0.8781   -0.3352   -0.3415
   -0.2965   -0.1791    0.9381
...     5 A-T ...
   -0.4462   -4.1476   12.7498
   -0.8116    0.5840   -0.0165
   -0.5523   -0.7762   -0.3042
   -0.1905   -0.2378    0.9524
...     6 G-C ...
   -1.5908   -4.1730   15.6201
   -0.9976    0.0246   -0.0651
   -0.0043   -0.9555   -0.2950
   -0.0695   -0.2940    0.9533
...     7 C-G ...
   -1.1030   -4.4824   18.7362
   -0.8441   -0.5304   -0.0787
    0.5345   -0.8441   -0.0432
   -0.0435   -0.0785    0.9960
...     8 G-C ...
   -2.4028   -7.7290   23.1475
   -0.2754   -0.3293   -0.9032
    0.6650   -0.7437    0.0684
   -0.6942   -0.5818    0.4238
...     9 C-G ...
   -4.4690   -9.9728   24.1132
    0.1145   -0.7025   -0.7024
    0.8512   -0.2952    0.4340
   -0.5122   -0.6476    0.5642
...    10 T-A ...
   -6.7405  -10.8752   25.9697
    0.4841   -0.8363   -0.2574
    0.6595    0.1553    0.7355
   -0.5751   -0.5258    0.6267
...    11 C-G ...
   -9.1656  -12.6208   27.1640
    0.7073   -0.6682    0.2307
    0.3448    0.6110    0.7126
   -0.6171   -0.4245    0.6626
...    12 A-T ...
  -10.9234  -14.6633   29.0693
    0.7515   -0.1377    0.6452
   -0.2029    0.8824    0.4246
   -0.6277   -0.4500    0.6352
...    13 C-G ...
  -11.8476  -17.4863   31.2451
    0.4295    0.2823    0.8578
   -0.5708    0.8209    0.0156
   -0.6998   -0.4963    0.5137
...    14 A-T ...
  -13.5897  -19.7827   33.4259
   -0.1504    0.6104    0.7777
   -0.6874    0.5008   -0.5260
   -0.7106   -0.6136    0.3443
...    15 A-T ...
  -15.7189  -21.8017   34.7938
   -0.4903    0.7984    0.3496
   -0.4969    0.0735   -0.8647
   -0.7160   -0.5977    0.3607
...    16 T-A ...
  -17.7807  -23.6090   36.6010
   -0.6622    0.7379   -0.1300
   -0.1940   -0.3365   -0.9215
   -0.7237   -0.5850    0.3660
...    17 T-A ...
  -20.1098  -25.3371   38.0492
   -0.6532    0.4297   -0.6235
    0.2011   -0.6953   -0.6900
   -0.7300   -0.5761    0.3678
...    18 T-A ...
  -22.5686  -26.9575   39.4095
   -0.4299   -0.0331   -0.9023
    0.5274   -0.8203   -0.2213
   -0.7328   -0.5710    0.3701
...    19 A-T ...
  -24.9517  -28.9545   40.5882
   -0.0104   -0.4821   -0.8760
    0.6641   -0.6583    0.3544
   -0.7475   -0.5781    0.3270
...    20 T-A ...
  -27.8069  -30.4551   41.2562
    0.3210   -0.7493   -0.5792
    0.5791   -0.3287    0.7461
   -0.7494   -0.5749    0.3284
...    21 T-A ...
  -30.3870  -32.2517   42.0675
    0.5826   -0.8110   -0.0542
    0.3002    0.1527    0.9416
   -0.7553   -0.5648    0.3324
...    22 C-G ...
  -32.8194  -34.1992   43.0607
    0.6692   -0.5561    0.4928
   -0.0984    0.5911    0.8006
   -0.7365   -0.5842    0.3408
...    23 G-C ...
  -35.2571  -35.9235   44.5288
    0.5827   -0.0772    0.8090
   -0.4628    0.7868    0.4084
   -0.6681   -0.6124    0.4227
...    24 C-G ...
  -37.1400  -38.2640   45.9011
    0.2774    0.3863    0.8797
   -0.7071    0.7019   -0.0852
   -0.6504   -0.5984    0.4679
...    25 A-T ...
  -39.3263  -40.1623   47.5317
   -0.0843    0.7716    0.6304
   -0.7613    0.3583   -0.5404
   -0.6429   -0.5255    0.5572
...    26 A-T ...
  -41.2030  -41.8587   49.5559
   -0.4810    0.8494    0.2172
   -0.5882   -0.1289   -0.7984
   -0.6501   -0.5118    0.5616
...    27 A-T ...
  -43.2007  -43.3670   51.6098
   -0.7124    0.6473   -0.2711
   -0.2281   -0.5789   -0.7828
   -0.6637   -0.4958    0.5601
...    28 G-C ...
  -45.4211  -44.6916   53.6582
   -0.6741    0.3003   -0.6749
    0.1540   -0.8364   -0.5260
   -0.7224   -0.4585    0.5175
...    29 G-C ...
  -48.0779  -45.8515   55.3710
   -0.4202   -0.1423   -0.8962
    0.4574   -0.8862   -0.0738
   -0.7837   -0.4410    0.4375
...    30 C-G ...
  -50.9298  -46.9529   56.6031
   -0.0727   -0.5730   -0.8163
    0.5897   -0.6848    0.4281
   -0.8043   -0.4503    0.3877
...    31 C-G ...
  -53.7965  -48.4545   57.5168
    0.3136   -0.8152   -0.4869
    0.5044   -0.2914    0.8128
   -0.8045   -0.5005    0.3198
...    32 G-C ...
  -56.1958  -50.3389   58.8606
    0.6059   -0.7953    0.0200
    0.2093    0.1836    0.9605
   -0.7675   -0.5777    0.2777
...    33 G-C ...
  -58.6832  -52.5134   59.5301
    0.6683   -0.5333    0.5186
   -0.1692    0.5699    0.8041
   -0.7244   -0.6251    0.2907
...    34 C-G ...
  -60.8886  -54.8787   60.2684
    0.4909   -0.1187    0.8631
   -0.5080    0.7658    0.3943
   -0.7078   -0.6320    0.3156
...    35 C-G ...
  -63.0249  -57.2631   61.3537
    0.1944    0.3569    0.9137
   -0.6943    0.7081   -0.1288
   -0.6929   -0.6093    0.3854
...    36 C-G ...
  -65.0857  -59.5076   62.8243
   -0.1398    0.7305    0.6684
   -0.6911    0.4114   -0.5942
   -0.7091   -0.5450    0.4473
...    37 G-C ...
  -67.6494  -61.1859   64.1174
   -0.3848    0.9055    0.1791
   -0.5121   -0.0480   -0.8576
   -0.7679   -0.4217    0.4821
...    38 A-T ...
  -70.1032  -62.5062   65.7910
   -0.5553    0.7455   -0.3686
   -0.2092   -0.5541   -0.8057
   -0.8049   -0.3703    0.4636
...    39 C-G ...
  -72.6803  -63.1834   67.6919
   -0.5388    0.3848   -0.7494
    0.0834   -0.8608   -0.5020
   -0.8383   -0.3330    0.4317
...    40 A-T ...
  -75.5657  -64.2331   68.9820
   -0.2923   -0.0959   -0.9515
    0.3098   -0.9508    0.0007
   -0.9047   -0.2946    0.3076
...    41 C-G ...
  -78.7458  -64.6093   69.7275
   -0.0592   -0.5551   -0.8296
    0.3864   -0.7791    0.4937
   -0.9204   -0.2913    0.2607
...    42 G-C ...
  -81.6462  -66.0255   70.5590
    0.2470   -0.8619   -0.4428
    0.2852   -0.3720    0.8833
   -0.9261   -0.3444    0.1540
...    43 A-T ...
  -84.6846  -67.2217   70.8984
    0.3724   -0.9143    0.1591
    0.0652    0.1968    0.9783
   -0.9258   -0.3540    0.1329
...    44 C-G ...
  -87.6693  -68.7120   70.7755
    0.3502   -0.6775    0.6468
   -0.1467    0.6423    0.7523
   -0.9251   -0.3583    0.1256
...    45 T-A ...
  -90.6104  -70.2194   71.0960
    0.2447   -0.2291    0.9421
   -0.3115    0.9016    0.3001
   -0.9182   -0.3669    0.1493
...    46 T-A ...
  -93.4852  -71.6968   71.4897
    0.0008    0.3156    0.9489
   -0.3716    0.8811   -0.2927
   -0.9284   -0.3524    0.1180
...    47 A-T ...
  -96.5854  -72.8316   71.8923
   -0.1473    0.7876    0.5984
   -0.2930    0.5431   -0.7869
   -0.9447   -0.2912    0.1508
...    48 C-G ...
  -99.4852  -73.9390   72.9553
   -0.2232    0.9689    0.1071
   -0.1732    0.0687   -0.9825
   -0.9593   -0.2379    0.1525
...    49 T-A ...
 -102.6180  -74.5020   73.7817
   -0.1752    0.8920   -0.4167
   -0.0535   -0.4313   -0.9006
   -0.9831   -0.1355    0.1233
...    50 T-A ...
 -105.7862  -74.7205   74.3126
   -0.1118    0.5242   -0.8442
    0.0324   -0.8472   -0.5303
   -0.9932   -0.0866    0.0777
...    51 C-G ...
 -109.0241  -74.7966   74.3887
   -0.0043   -0.0396   -0.9992
    0.0452   -0.9982    0.0393
   -0.9990   -0.0450    0.0061
...    52 A-T ...
 -112.3358  -75.0101   74.1522
    0.1344   -0.5717   -0.8094
   -0.0380   -0.8192    0.5723
   -0.9902   -0.0462   -0.1318
...    53 T-A ...
 -115.4660  -74.7040   73.1733
    0.0883   -0.9065   -0.4129
   -0.1182   -0.4211    0.8993
   -0.9891   -0.0306   -0.1443
...    54 G-C ...
 -118.7449  -75.0923   72.9196
    0.0424   -0.9805    0.1917
   -0.1937    0.1801    0.9644
   -0.9801   -0.0780   -0.1823
...    55 T-A ...
 -121.8434  -75.6273   71.7606
   -0.0793   -0.7386    0.6695
   -0.1872    0.6707    0.7177
   -0.9791   -0.0684   -0.1915
...    56 T-A ...
 -124.9521  -76.0713   70.8573
   -0.2329   -0.2150    0.9484
   -0.0774    0.9763    0.2023
   -0.9694   -0.0262   -0.2440
...    57 A-T ...
 -128.1489  -75.7839   69.8784
   -0.2422    0.4382    0.8656
    0.1262    0.8988   -0.4197
   -0.9620    0.0076   -0.2730
...    58 T-A ...
 -131.3693  -76.2557   69.4078
   -0.1329    0.8298    0.5420
    0.2498    0.5573   -0.7919
   -0.9591    0.0301   -0.2813
...    59 A-T ...
 -134.6425  -76.0805   68.8005
    0.1851    0.9789    0.0867
    0.2718    0.0338   -0.9618
   -0.9444    0.2016   -0.2598
...    60 A-T ...
 -137.6870  -75.2711   68.1539
    0.3748    0.8235   -0.4259
    0.1171   -0.4978   -0.8594
   -0.9197    0.2722   -0.2830
...    61 C-G ...
 -140.5745  -73.8734   67.6635
    0.4548    0.4395   -0.7746
   -0.1145   -0.8337   -0.5402
   -0.8832    0.3344   -0.3289
...    62 G-C ...
 -143.3003  -72.7812   66.0822
    0.4597   -0.1282   -0.8787
   -0.4236   -0.9013   -0.0902
   -0.7805    0.4137   -0.4687
...    63 G-C ...
 -145.4645  -71.1758   64.0394
    0.2289   -0.6230   -0.7480
   -0.6682   -0.6593    0.3447
   -0.7079    0.4209   -0.5672
...    64 A-T ...
 -147.6433  -69.8567   61.9497
   -0.2113   -0.8926   -0.3983
   -0.7062   -0.1424    0.6936
   -0.6758    0.4278   -0.6002
...    65 G-C ...
 -149.6535  -68.4892   59.6729
   -0.5561   -0.8303    0.0382
   -0.5002    0.3710    0.7824
   -0.6637    0.4159   -0.6216
...    66 T-A ...
 -151.6080  -67.4513   57.1356
   -0.7514   -0.4942    0.4371
   -0.1211    0.7545    0.6450
   -0.6486    0.4317   -0.6268
...    67 A-T ...
 -153.4686  -65.3174   55.2112
   -0.6983    0.1757    0.6939
    0.4485    0.8629    0.2329
   -0.5578    0.4739   -0.6814
...    68 G-C ...
 -155.4551  -63.9555   52.9337
   -0.3210    0.5795    0.7491
    0.7746    0.6158   -0.1445
   -0.5450    0.5339   -0.6465
...    69 G-C ...
 -157.4653  -62.3591   50.7425
    0.2050    0.7535    0.6247
    0.8416    0.1900   -0.5055
   -0.4996    0.6294   -0.5952
...    70 T-A ...
 -159.4897  -60.2618   49.2677
    0.6406    0.6951    0.3263
    0.6254   -0.2256   -0.7470
   -0.4456    0.6826   -0.5792
...    71 A-T ...
 -160.9032  -57.5520   47.8841
    0.9490    0.3110    0.0516
    0.2096   -0.5001   -0.8402
   -0.2355    0.8082   -0.5398
...    72 T-A ...
 -161.5226  -54.5867   46.7148
    0.9426   -0.0163   -0.3334
   -0.2826   -0.5707   -0.7710
   -0.1777    0.8210   -0.5426
...    73 C-G ...
 -161.7428  -51.8975   44.9139
    0.6258   -0.3907   -0.6751
   -0.7747   -0.4124   -0.4793
   -0.0912    0.8229   -0.5608
...    74 T-A ...
 -161.5373  -49.1817   43.0510
    0.1363   -0.5954   -0.7918
   -0.9906   -0.0892   -0.1034
   -0.0091    0.7984   -0.6020
...    75 C-G ...
 -161.4066  -46.7232   40.8799
   -0.4732   -0.5310   -0.7030
   -0.8804    0.3133    0.3559
    0.0312    0.7873   -0.6158
...    76 G-C ...
 -161.7388  -44.0153   38.9478
   -0.8937   -0.2764   -0.3534
   -0.4478    0.5990    0.6638
    0.0282    0.7515   -0.6591
...    77 A-T ...
 -161.5133  -41.6072   36.7002
   -0.9824    0.1555    0.1038
    0.1798    0.6335    0.7525
    0.0513    0.7579   -0.6503
...    78 G-C ...
 -161.4056  -39.2700   34.3416
   -0.7349    0.4481    0.5091
    0.6763    0.4285    0.5991
    0.0503    0.7846   -0.6180
...    79 C-G ...
 -161.4688  -36.8583   32.0616
   -0.2497    0.5720    0.7813
    0.9659    0.0896    0.2430
    0.0690    0.8153   -0.5749
...    80 T-A ...
 -161.5121  -34.0895   30.2660
    0.2778    0.4630    0.8417
    0.9546   -0.2310   -0.1880
    0.1074    0.8557   -0.5062
...    81 C-G ...
 -161.1998  -31.2607   28.6938
    0.7599    0.1764    0.6256
    0.6269   -0.4532   -0.6337
    0.1717    0.8738   -0.4550
...    82 G-C ...
 -160.2689  -28.4456   27.1749
    0.9276   -0.2517    0.2761
    0.1454   -0.4374   -0.8874
    0.3441    0.8633   -0.3691
...    83 G-C ...
 -158.7004  -25.5545   26.4255
    0.8167   -0.5479   -0.1812
   -0.3323   -0.1897   -0.9239
    0.4718    0.8147   -0.3370
...    84 G-C ...
 -156.5442  -23.0897   25.5578
    0.4667   -0.6438   -0.6063
   -0.6729    0.1864   -0.7159
    0.5739    0.7421   -0.3463
...    85 A-T ...
 -154.4582  -20.8410   24.3817
   -0.0276   -0.4283   -0.9032
   -0.7922    0.5604   -0.2415
    0.6096    0.7089   -0.3548
...    86 T-A ...
 -151.9291  -19.0164   23.2644
   -0.4129   -0.0654   -0.9084
   -0.6620    0.7066    0.2500
    0.6256    0.7046   -0.3351
...    87 C-G ...
 -149.8234  -16.7985   22.0426
   -0.7186    0.3760   -0.5850
   -0.2805    0.6130    0.7386
    0.6363    0.6948   -0.3351
...    88 C-G ...
 -147.6710  -14.5877   20.6661
   -0.7829    0.6185   -0.0671
    0.1619    0.3067    0.9379
    0.6007    0.7234   -0.3403
...    89 G-C ...
 -145.4376  -12.1890   20.0022
   -0.6054    0.6206    0.4984
    0.5626   -0.1093    0.8195
    0.5630    0.7765   -0.2829
...    90 C-G ...
 -143.8298   -9.5708   18.7790
   -0.2342    0.4229    0.8754
    0.7905   -0.4413    0.4247
    0.5660    0.7914   -0.2309
...    91 T-A ...
 -142.2229   -6.7695   18.1139
    0.1568    0.0693    0.9852
    0.7984   -0.5960   -0.0851
    0.5813    0.8000   -0.1488
...    92 T-A ...
 -140.5013   -4.0608   17.7679
    0.5420   -0.3069    0.7823
    0.5812   -0.5355   -0.6127
    0.6070    0.7868   -0.1119
...    93 T-A ...
 -138.5969   -1.4584   17.6602
    0.7405   -0.5887    0.3242
    0.1976   -0.2704   -0.9423
    0.6423    0.7618   -0.0839
...    94 A-T ...
 -136.2240    0.8801   17.7736
    0.6271   -0.7486   -0.2152
   -0.1855    0.1248   -0.9747
    0.7565    0.6511   -0.0607
...    95 A-T ...
 -133.6248    2.8118   17.8118
    0.4055   -0.5637   -0.7196
   -0.4848    0.5347   -0.6921
    0.7750    0.6295   -0.0565
...    96 C-G ...
 -130.6926    4.3593   17.8948
    0.0788   -0.2214   -0.9720
   -0.6018    0.7667   -0.2234
    0.7947    0.6026   -0.0728
...    97 A-T ...
 -128.1311    6.4392   17.5492
   -0.3321    0.2084   -0.9200
   -0.5056    0.7840    0.3601
    0.7963    0.5847   -0.1550
...    98 C-G ...
 -125.2689    7.8934   16.6497
   -0.5524    0.5843   -0.5946
   -0.2487    0.5653    0.7865
    0.7957    0.5823   -0.1670
...    99 T-A ...
 -122.6556    9.7336   15.7637
   -0.6273    0.7742   -0.0840
    0.0890    0.1784    0.9799
    0.7737    0.6072   -0.1808
...   100 T-A ...
 -120.1771   11.6485   14.8862
   -0.4481    0.7497    0.4870
    0.4181   -0.3057    0.8554
    0.7902    0.5869   -0.1765
...   101 T-A ...
 -117.7435   13.6494   14.1044
   -0.1312    0.4450    0.8858
    0.5863   -0.6857    0.4313
    0.7994    0.5760   -0.1710
...   102 A-T ...
 -115.0468   15.5434   13.6606
    0.1622   -0.0790    0.9836
    0.5620   -0.8119   -0.1579
    0.8111    0.5784   -0.0873
...   103 T-A ...
 -112.7669   17.8980   13.6988
    0.4023   -0.4851    0.7765
    0.4069   -0.6650   -0.6263
    0.8201    0.5679   -0.0701
...   104 G-C ...
 -109.8746   19.5630   13.6337
    0.4467   -0.8390    0.3106
    0.1496   -0.2722   -0.9505
    0.8821    0.4711    0.0039
...   105 C-G ...
 -106.9362   20.9725   14.1554
    0.4031   -0.8813   -0.2467
   -0.0894    0.2304   -0.9690
    0.9108    0.4127    0.0141
...   106 T-A ...
 -103.8090   22.0024   14.4716
    0.2345   -0.6612   -0.7126
   -0.2475    0.6683   -0.7016
    0.9401    0.3409   -0.0069
...   107 T-A ...
 -100.6776   22.8463   14.6061
    0.0557   -0.1699   -0.9839
   -0.3272    0.9279   -0.1788
    0.9433    0.3319   -0.0040
...   108 C-G ...
  -97.5471   23.8011   14.4710
   -0.1680    0.3959   -0.9028
   -0.2793    0.8592    0.4287
    0.9454    0.3242   -0.0338
...   109 C-G ...
  -94.3336   24.7285   14.0248
   -0.3570    0.7742   -0.5226
   -0.1183    0.5175    0.8475
    0.9266    0.3643   -0.0931
...   110 G-C ...
  -91.3174   26.1650   14.0741
   -0.4431    0.8951    0.0487
    0.1255    0.0081    0.9921
    0.8876    0.4457   -0.1159
...   111 G-C ...
  -88.4390   27.7917   13.4338
   -0.3679    0.7221    0.5858
    0.3581   -0.4714    0.8060
    0.8581    0.5063   -0.0851
...   112 C-G ...
  -85.8198   29.7530   12.9366
   -0.1504    0.3291    0.9323
    0.5043   -0.7855    0.3586
    0.8503    0.5241   -0.0478
...   113 T-A ...
  -83.1985   31.7722   12.9012
    0.0837   -0.1604    0.9835
    0.5199   -0.8350   -0.1804
    0.8501    0.5264    0.0135
...   114 C-G ...
  -80.4580   33.5502   13.0727
    0.3358   -0.6360    0.6948
    0.3800   -0.5835   -0.7177
    0.8619    0.5050    0.0457
...   115 G-C ...
  -77.4352   34.9601   13.0470
    0.3764   -0.9085    0.1815
    0.1592   -0.1296   -0.9787
    0.9127    0.3973    0.0958
...   116 T-A ...
  -74.4843   36.1014   13.9925
    0.3664   -0.8617   -0.3512
   -0.0519    0.3579   -0.9323
    0.9290    0.3598    0.0864
...   117 A-T ...
  -71.3202   37.0904   14.2988
    0.1826   -0.5433   -0.8194
   -0.2198    0.7898   -0.5727
    0.9583    0.2847    0.0248
...   118 T-A ...
  -68.0610   37.3746   14.6067
    0.0366   -0.0805   -0.9961
   -0.2761    0.9571   -0.0875
    0.9604    0.2782    0.0128
...   119 A-T ...
  -64.8630   38.2875   14.5233
   -0.2006    0.4606   -0.8646
   -0.2174    0.8396    0.4977
    0.9553    0.2878   -0.0683
...   120 A-T ...
  -61.7386   39.0341   14.0716
   -0.2889    0.8533   -0.4342
   -0.0594    0.4366    0.8977
    0.9555    0.2851   -0.0754
...   121 T-A ...
  -58.6730   39.8076   13.1507
   -0.2784    0.9574    0.0763
    0.0981   -0.0506    0.9939
    0.9554    0.2842   -0.0798
...   122 G-C ...
  -55.5316   40.8842   13.1636
   -0.2512    0.7329    0.6323
    0.2691   -0.5747    0.7729
    0.9298    0.3642   -0.0529
...   123 T-A ...
  -52.7156   42.5678   12.6698
   -0.0921    0.3195    0.9431
    0.3641   -0.8707    0.3305
    0.9268    0.3739   -0.0361
...   124 G-C ...
  -49.5723   43.6319   12.7726
    0.0555   -0.2614    0.9636
    0.3713   -0.8905   -0.2629
    0.9268    0.3724    0.0476
...   125 T-A ...
  -46.7592   45.3178   13.2943
    0.2176   -0.6947    0.6856
    0.2852   -0.6265   -0.7254
    0.9335    0.3533    0.0618
...   126 C-G ...
  -43.7165   46.4858   13.6308
    0.3097   -0.9415    0.1333
    0.1050   -0.1055   -0.9889
    0.9450    0.3202    0.0662
...   127 G-C ...
  -40.5375   47.4880   13.5276
    0.1917   -0.8809   -0.4327
   -0.0674    0.4280   -0.9013
    0.9791    0.2019    0.0227
...   128 A-T ...
  -37.3292   48.0525   13.6847
    0.0640   -0.4866   -0.8713
   -0.1593    0.8569   -0.4902
    0.9852    0.1702   -0.0227
...   129 C-G ...
  -34.0427   47.9647   13.7254
   -0.0740    0.0112   -0.9972
   -0.1541    0.9878    0.0225
    0.9853    0.1553   -0.0714
...   130 C-G ...
  -30.7231   48.1585   13.1925
   -0.2453    0.5145   -0.8217
   -0.0556    0.8387    0.5418
    0.9678    0.1786   -0.1771
...   131 A-T ...
  -27.5466   48.9120   12.5412
   -0.3406    0.8682   -0.3608
    0.1407    0.4265    0.8935
    0.9296    0.2535   -0.2674
...   132 A-T ...
  -24.6270   49.7227   11.3829
   -0.1981    0.9585    0.2051
    0.3212   -0.1342    0.9375
    0.9261    0.2516   -0.2813
...   133 A-T ...
  -21.7482   50.6818   10.2168
    0.0401    0.7174    0.6955
    0.3816   -0.6543    0.6529
    0.9235    0.2392   -0.3000
...   134 T-A ...
  -19.0160   52.0244    8.9251
    0.2452    0.2905    0.9249
    0.3073   -0.9281    0.2101
    0.9195    0.2328   -0.3169
...   135 G-C ...
  -16.4637   53.8825    7.5154
    0.5339   -0.3333    0.7771
    0.0346   -0.9097   -0.4139
    0.8449    0.2479   -0.4741
...   136 T-A ...
  -14.1749   56.5547    6.1809
    0.5795   -0.7269    0.3685
   -0.3141   -0.6164   -0.7221
    0.7521    0.3026   -0.5855
...   137 G-C ...
  -11.6538   57.9992    4.7205
    0.2452   -0.9542   -0.1714
   -0.6323   -0.0234   -0.7744
    0.7349    0.2983   -0.6091
...   138 A-T ...
   -8.6758   58.7133    3.6025
   -0.0345   -0.7815   -0.6229
   -0.6536    0.4891   -0.5775
    0.7560    0.3872   -0.5277
...   139 G-C ...
   -6.3275   59.0727    1.6297
   -0.2969   -0.3279   -0.8968
   -0.5657    0.8171   -0.1114
    0.7693    0.4742   -0.4281
...   140 C-G ...
   -3.4369   60.2279    1.0288
   -0.4426    0.2287   -0.8671
   -0.1681    0.9286    0.3308
    0.8808    0.2922   -0.3725
...   141 G-C ...
   -0.6976   63.8912   -2.2509
   -0.9992    0.0157   -0.0376
   -0.0024    0.8991    0.4378
    0.0407    0.4375   -0.8983
...   142 C-G ...
   -1.0064   65.5988   -4.9400
   -0.8337    0.5216    0.1813
    0.5170    0.6219    0.5881
    0.1940    0.5841   -0.7882
...   143 T-A ...
   -0.1332   66.2084   -7.8195
   -0.3753    0.8566    0.3540
    0.8856    0.2187    0.4098
    0.2736    0.4673   -0.8407
...   144 C-G ...
   -0.1666   67.4020  -10.8066
    0.1797    0.8793    0.4411
    0.9277   -0.3007    0.2214
    0.3273    0.3694   -0.8697
...   145 A-T ...
    0.5267   69.2313  -13.4658
    0.7352    0.4964    0.4616
    0.6118   -0.7791   -0.1367
    0.2918    0.3829   -0.8765
...   146 C-G ...
    1.4338   72.0892  -15.6018
    0.9809    0.0621    0.1844
    0.1264   -0.9240   -0.3608
    0.1480    0.3772   -0.9142
...   147 A-T ...
    2.3047   74.2223  -18.3862
    0.8657   -0.4292   -0.2575
   -0.4984   -0.7868   -0.3642
   -0.0463    0.4436   -0.8950
