  147 base-pairs
...     1 A-T ...
    0.0000    0.0000    0.0000
    1.0000    0.0000    0.0000
    0.0000    1.0000    0.0000
    0.0000    0.0000    1.0000
...     2 G-C ...
   -0.1394   -1.2357    3.2268
    0.7529    0.6366    0.1670
   -0.6386    0.7680   -0.0486
   -0.1592   -0.0700    0.9848
...     3 T-A ...
   -0.0365   -3.2932    6.3751
    0.2722    0.9301    0.2466
   -0.9238    0.3243   -0.2033
   -0.2691   -0.1725    0.9475
...     4 G-C ...
   -0.3505   -4.1660    9.4928
   -0.3756    0.9250    0.0579
   -0.8781   -0.3352   -0.3415
   -0.2965   -0.1791    0.9381
...     5 A-T ...
   -0.4462   -4.1476   12.7498
   -0.8116    0.5840   -0.0165
   -0.5523   -0.7762   -0.3042
   -0.1905   -0.2378    0.9524
...     6 G-C ...
   -1.5908   -4.1730   15.6201
   -0.9976    0.0246   -0.0651
   -0.0043   -0.9555   -0.2950
   -0.0695   -0.2940    0.9533
...     7 C-G ...
   -1.1030   -4.4824   18.7362
   -0.8441   -0.5304   -0.0787
    0.5345   -0.8441   -0.0432
   -0.0435   -0.0785    0.9960
...     8 G-C ...
   -2.4028   -7.7290   23.1475
   -0.2754   -0.3293   -0.9032
    0.6650   -0.7437    0.0684
   -0.6942   -0.5818    0.4238
...     9 C-G ...
   -4.4690   -9.9728   24.1132
    0.1145   -0.7025   -0.7024
    0.8512   -0.2952    0.4340
   -0.5122   -0.6476    0.5642
...    10 T-A ...
   -6.7405  -10.8752   25.9697
    0.4841   -0.8363   -0.2574
    0.6595    0.1553    0.7355
   -0.5751   -0.5258    0.6267
...    11 C-G ...
   -9.1656  -12.6208   27.1640
    0.7073   -0.6682    0.2307
    0.3448    0.6110    0.7126
   -0.6171   -0.4245    0.6626
...    12 A-T ...
  -10.9234  -14.6633   29.0693
    0.7515   -0.1377    0.6452
   -0.2029    0.8824    0.4246
   -0.6277   -0.4500    0.6352
...    13 C-G ...
  -11.8476  -17.4863   31.2451
    0.4295    0.2823    0.8578
   -0.5708    0.8209    0.0156
   -0.6998   -0.4963    0.5137
...    14 A-T ...
  -13.5897  -19.7827   33.4259
   -0.1504    0.6104    0.7777
   -0.6874    0.5008   -0.5260
   -0.7106   -0.6136    0.3443
...    15 A-T ...
  -15.8332  -21.7838   34.6456
   -0.4938    0.8083    0.3207
   -0.4827    0.0519   -0.8742
   -0.7233   -0.5865    0.3645
...    16 T-A ...
  -17.9352  -23.6300   36.5611
   -0.7015    0.6872   -0.1890
   -0.1345   -0.3881   -0.9118
   -0.6999   -0.6142    0.3646
...    17 T-A ...
  -20.1998  -25.4269   38.1241
   -0.6737    0.3033   -0.6739
    0.3067   -0.7149   -0.6284
   -0.6723   -0.6300    0.3886
...    18 T-A ...
  -22.4907  -27.2633   39.5177
   -0.3814   -0.1527   -0.9117
    0.6320   -0.7629   -0.1365
   -0.6747   -0.6282    0.3875
...    19 A-T ...
  -24.5753  -29.5827   40.8196
    0.0922   -0.5715   -0.8154
    0.7291   -0.5190    0.4462
   -0.6782   -0.6356    0.3688
...    20 T-A ...
  -27.2771  -31.3415   41.6473
    0.4393   -0.7758   -0.4529
    0.5823   -0.1380    0.8012
   -0.6840   -0.6157    0.3911
...    21 T-A ...
  -29.6518  -33.3479   42.6563
    0.6816   -0.7250    0.0993
    0.2204    0.3328    0.9169
   -0.6977   -0.6030    0.3867
...    22 C-G ...
  -31.9227  -35.3653   43.9091
    0.7023   -0.3763    0.6044
   -0.2262    0.6870    0.6906
   -0.6750   -0.6217    0.3973
...    23 G-C ...
  -34.2933  -36.9914   45.6829
    0.5544    0.1595    0.8169
   -0.5928    0.7646    0.2530
   -0.5842   -0.6245    0.5184
...    24 C-G ...
  -35.9329  -39.2988   47.3246
    0.1997    0.5719    0.7957
   -0.7910    0.5734   -0.2135
   -0.5783   -0.5867    0.5668
...    25 A-T ...
  -38.1015  -41.0876   49.0354
   -0.2183    0.8475    0.4838
   -0.7712    0.1540   -0.6177
   -0.5980   -0.5080    0.6199
...    26 A-T ...
  -39.9521  -42.6622   51.2331
   -0.5993    0.7995    0.0405
   -0.5223   -0.3522   -0.7767
   -0.6067   -0.4866    0.6286
...    27 A-T ...
  -41.7448  -44.0383   53.5708
   -0.7889    0.4580   -0.4097
   -0.0884   -0.7443   -0.6620
   -0.6081   -0.4860    0.6277
...    28 G-C ...
  -43.9208  -45.1802   55.8794
   -0.6756    0.0314   -0.7366
    0.3172   -0.8895   -0.3288
   -0.6656   -0.4558    0.5910
...    29 G-C ...
  -46.5148  -46.4193   57.7825
   -0.3284   -0.4380   -0.8368
    0.6208   -0.7678    0.1583
   -0.7119   -0.4675    0.5241
...    30 C-G ...
  -49.1490  -47.7981   59.1525
    0.0988   -0.7654   -0.6360
    0.6745   -0.4184    0.6083
   -0.7316   -0.4890    0.4749
...    31 C-G ...
  -51.8009  -49.3062   60.5563
    0.4997   -0.8382   -0.2183
    0.4874    0.0638    0.8709
   -0.7161   -0.5416    0.4404
...    32 G-C ...
  -53.7430  -51.0537   62.1759
    0.7329   -0.6423    0.2244
    0.1375    0.4629    0.8757
   -0.6663   -0.6109    0.4275
...    33 G-C ...
  -55.6411  -53.4968   63.5527
    0.7140   -0.2503    0.6539
   -0.3103    0.7241    0.6159
   -0.6276   -0.6427    0.4394
...    34 C-G ...
  -57.5032  -55.8671   64.8409
    0.4474    0.2170    0.8676
   -0.6528    0.7424    0.1510
   -0.6113   -0.6339    0.4738
...    35 C-G ...
  -59.2100  -58.1455   66.7089
    0.0504    0.6310    0.7741
   -0.7913    0.4982   -0.3546
   -0.6094   -0.5947    0.5244
...    36 C-G ...
  -60.9913  -60.2140   68.6928
   -0.3484    0.8379    0.4202
   -0.6977    0.0676   -0.7132
   -0.6260   -0.5416    0.5610
...    37 G-C ...
  -63.3362  -62.2372   69.9095
   -0.5972    0.7971   -0.0896
   -0.3936   -0.3885   -0.8331
   -0.6989   -0.4623    0.5458
...    38 A-T ...
  -65.4445  -63.7596   71.6935
   -0.6985    0.4377   -0.5661
    0.0359   -0.7687   -0.6386
   -0.7147   -0.4664    0.5212
...    39 C-G ...
  -67.9425  -64.7463   73.4074
   -0.5325    0.0153   -0.8463
    0.3684   -0.8960   -0.2481
   -0.7620   -0.4439    0.4715
...    40 A-T ...
  -70.6495  -66.1670   74.7698
   -0.1529   -0.4361   -0.8868
    0.5641   -0.7754    0.2840
   -0.8115   -0.4568    0.3645
...    41 C-G ...
  -73.6016  -67.4955   75.4404
    0.1904   -0.7514   -0.6318
    0.5377   -0.4587    0.7075
   -0.8213   -0.4744    0.3167
...    42 G-C ...
  -76.0536  -69.3258   76.7358
    0.4992   -0.8598   -0.1073
    0.2684    0.0357    0.9626
   -0.8239   -0.5094    0.2486
...    43 A-T ...
  -78.6965  -70.9378   77.4638
    0.5498   -0.6795    0.4857
   -0.0740    0.5396    0.8387
   -0.8320   -0.4971    0.2464
...    44 C-G ...
  -81.2307  -73.0617   77.8706
    0.4392   -0.2810    0.8533
   -0.3621    0.8139    0.4544
   -0.8222   -0.5085    0.2557
...    45 T-A ...
  -83.7699  -75.5222   78.7353
    0.1666    0.2227    0.9606
   -0.5268    0.8436   -0.1042
   -0.8335   -0.4887    0.2578
...    46 T-A ...
  -86.2587  -77.4079   79.5922
   -0.1465    0.6234    0.7681
   -0.5037    0.6213   -0.6003
   -0.8514   -0.4748    0.2230
...    47 A-T ...
  -89.0193  -78.9597   80.5764
   -0.2834    0.9145    0.2888
   -0.3525    0.1807   -0.9182
   -0.8918   -0.3621    0.2712
...    48 C-G ...
  -91.6730  -80.1347   82.0823
   -0.3615    0.8995   -0.2454
   -0.1597   -0.3191   -0.9342
   -0.9186   -0.2985    0.2590
...    49 T-A ...
  -94.7126  -80.7717   83.3257
   -0.2944    0.6346   -0.7145
    0.0067   -0.7463   -0.6656
   -0.9557   -0.2007    0.2155
...    50 G-C ...
  -98.0972  -81.1140   83.7475
   -0.0587    0.1595   -0.9854
    0.0941   -0.9819   -0.1645
   -0.9938   -0.1024    0.0427
...    51 T-A ...
 -101.2774  -80.8846   83.7361
    0.0631   -0.3314   -0.9414
    0.0741   -0.9391    0.3356
   -0.9953   -0.0909   -0.0346
...    52 A-T ...
 -104.5267  -81.3140   83.3931
    0.1620   -0.8072   -0.5677
   -0.0543   -0.5817    0.8116
   -0.9853   -0.1007   -0.1381
...    53 G-C ...
 -107.6371  -81.5778   82.5578
    0.1536   -0.9855   -0.0728
   -0.1805   -0.1004    0.9784
   -0.9715   -0.1371   -0.1933
...    54 G-C ...
 -110.8660  -82.3517   81.0265
    0.0531   -0.8748    0.4815
   -0.2649    0.4526    0.8514
   -0.9628   -0.1728   -0.2077
...    55 T-A ...
 -113.9270  -83.3959   79.8225
   -0.1498   -0.4751    0.8671
   -0.2374    0.8686    0.4350
   -0.9598   -0.1407   -0.2429
...    56 T-A ...
 -116.9630  -84.0191   78.9242
   -0.2876    0.1170    0.9506
   -0.0698    0.9873   -0.1426
   -0.9552   -0.1074   -0.2758
...    57 C-G ...
 -120.0911  -84.2228   77.6547
   -0.2424    0.6879    0.6841
    0.1522    0.7234   -0.6734
   -0.9582   -0.0591   -0.2800
...    58 A-T ...
 -123.2083  -84.5078   76.3513
    0.0127    0.9741    0.2256
    0.2757    0.2134   -0.9373
   -0.9612    0.0741   -0.2658
...    59 T-A ...
 -126.3940  -84.1486   75.9496
    0.2274    0.9448   -0.2360
    0.2257   -0.2868   -0.9310
   -0.9473    0.1584   -0.2784
...    60 G-C ...
 -129.6489  -83.1811   75.0099
    0.4850    0.5838   -0.6512
    0.0245   -0.7534   -0.6571
   -0.8742    0.3027   -0.3797
...    61 T-A ...
 -132.3260  -81.4958   74.0203
    0.4819    0.1080   -0.8696
   -0.2551   -0.9321   -0.2571
   -0.8383    0.3457   -0.4216
...    62 T-A ...
 -134.7999  -80.1968   72.5717
    0.3241   -0.4189   -0.8482
   -0.5134   -0.8310    0.2142
   -0.7946    0.3660   -0.4844
...    63 A-T ...
 -137.5337  -79.1862   70.8923
   -0.0220   -0.8426   -0.5382
   -0.6453   -0.3991    0.6513
   -0.7636    0.3616   -0.5350
...    64 T-A ...
 -139.4821  -77.8722   68.6327
   -0.3757   -0.9125   -0.1621
   -0.5614    0.0848    0.8232
   -0.7374    0.4003   -0.5441
...    65 A-T ...
 -142.0670  -76.1960   67.0284
   -0.7341   -0.5694    0.3701
   -0.1527    0.6694    0.7270
   -0.6617    0.4772   -0.5783
...    66 A-T ...
 -144.1253  -74.7320   64.9962
   -0.7298   -0.0368    0.6826
    0.3378    0.8487    0.4069
   -0.5943    0.5276   -0.6070
...    67 C-G ...
 -146.3648  -73.5155   62.6632
   -0.4363    0.4495    0.7795
    0.7085    0.7056   -0.0103
   -0.5546    0.5478   -0.6263
...    68 G-C ...
 -147.8783  -71.4348   60.6885
    0.1019    0.6695    0.7358
    0.8561    0.3178   -0.4076
   -0.5067    0.6714   -0.5408
...    69 G-C ...
 -149.6665  -69.1531   59.1544
    0.5824    0.6484    0.4903
    0.6804   -0.0586   -0.7305
   -0.4449    0.7591   -0.4753
...    70 A-T ...
 -151.1280  -66.5796   57.8313
    0.9059    0.4144    0.0868
    0.2583   -0.3786   -0.8888
   -0.3355    0.8276   -0.4501
...    71 A-T ...
 -152.0012  -63.6622   56.6277
    0.9296    0.0908   -0.3573
   -0.2647   -0.5103   -0.8183
   -0.2567    0.8552   -0.4503
...    72 T-A ...
 -152.3619  -60.5623   55.6631
    0.7060   -0.2089   -0.6767
   -0.6802   -0.4660   -0.5658
   -0.1971    0.8598   -0.4711
...    73 C-G ...
 -152.6279  -57.5628   54.0092
    0.1617   -0.4866   -0.8585
   -0.9759   -0.2082   -0.0658
   -0.1467    0.8485   -0.5085
...    74 T-A ...
 -152.7597  -54.8717   52.1410
   -0.3607   -0.5674   -0.7402
   -0.9250    0.1159    0.3619
   -0.1195    0.8153   -0.5666
...    75 C-G ...
 -153.5485  -52.3774   50.2267
   -0.8347   -0.3855   -0.3933
   -0.5460    0.4863    0.6822
   -0.0718    0.7842   -0.6164
...    76 G-C ...
 -153.9842  -49.5280   48.7399
   -0.9973   -0.0638    0.0362
   -0.0122    0.6311    0.7756
   -0.0723    0.7730   -0.6302
...    77 A-T ...
 -153.8540  -46.8327   46.9052
   -0.8093    0.3139    0.4966
    0.5848    0.5101    0.6307
   -0.0553    0.8008   -0.5964
...    78 G-C ...
 -154.1026  -44.2495   44.9139
   -0.3784    0.5222    0.7643
    0.9255    0.2285    0.3021
   -0.0169    0.8217   -0.5697
...    79 C-G ...
 -154.6004  -41.5378   42.9224
    0.2161    0.5127    0.8309
    0.9763   -0.1265   -0.1759
    0.0150    0.8492   -0.5279
...    80 T-A ...
 -154.8482  -38.6202   41.3430
    0.6664    0.2918    0.6861
    0.7397   -0.3745   -0.5591
    0.0938    0.8801   -0.4655
...    81 C-G ...
 -154.4105  -35.6230   40.0176
    0.9466   -0.0371    0.3204
    0.2721   -0.4412   -0.8552
    0.1731    0.8966   -0.4075
...    82 G-C ...
 -153.3202  -33.0110   38.5292
    0.9226   -0.3719   -0.1023
   -0.2265   -0.3077   -0.9241
    0.3122    0.8758   -0.3682
...    83 G-C ...
 -151.8440  -30.1764   37.5739
    0.6371   -0.5525   -0.5374
   -0.6594   -0.0296   -0.7512
    0.3991    0.8330   -0.3831
...    84 G-C ...
 -149.9757  -27.6884   36.2719
    0.1462   -0.5658   -0.8115
   -0.8617    0.3300   -0.3854
    0.4859    0.7556   -0.4393
...    85 A-T ...
 -148.0836  -25.3464   34.8766
   -0.3846   -0.2551   -0.8871
   -0.7679    0.6218    0.1541
    0.5123    0.7405   -0.4350
...    86 T-A ...
 -146.0075  -23.3678   33.2156
   -0.7237    0.1060   -0.6820
   -0.4544    0.6706    0.5864
    0.5195    0.7342   -0.4371
...    87 C-G ...
 -144.2224  -21.0906   31.5217
   -0.8371    0.5072   -0.2049
    0.0635    0.4622    0.8845
    0.5433    0.7274   -0.4192
...    88 C-G ...
 -142.3878  -18.8094   30.0251
   -0.7299    0.6056    0.3169
    0.4823    0.1277    0.8667
    0.4844    0.7854   -0.3853
...    89 G-C ...
 -140.5609  -16.2126   29.2290
   -0.4050    0.4885    0.7729
    0.7985   -0.2228    0.5593
    0.4454    0.8437   -0.2998
...    90 C-G ...
 -139.4256  -13.2134   27.9475
    0.1006    0.2477    0.9636
    0.8750   -0.4830    0.0328
    0.4736    0.8398   -0.2653
...    91 T-A ...
 -138.1635  -10.1183   27.2250
    0.5328   -0.1113    0.8389
    0.6822   -0.5301   -0.5035
    0.5008    0.8406   -0.2065
...    92 T-A ...
 -136.6862   -7.2574   26.9301
    0.8023   -0.4147    0.4294
    0.2741   -0.3830   -0.8821
    0.5303    0.8254   -0.1936
...    93 T-A ...
 -134.9027   -4.6240   26.5075
    0.7842   -0.6122   -0.1017
   -0.1909   -0.0821   -0.9782
    0.5905    0.7865   -0.1812
...    94 A-T ...
 -132.6865   -2.2343   25.8315
    0.4703   -0.6546   -0.5919
   -0.5493    0.3078   -0.7769
    0.6908    0.6904   -0.2148
...    95 A-T ...
 -130.3105   -0.2256   25.2734
    0.0806   -0.4132   -0.9071
   -0.6920    0.6318   -0.3492
    0.7174    0.6559   -0.2350
...    96 C-G ...
 -127.4718    1.3889   24.5332
   -0.2855   -0.0181   -0.9582
   -0.6163    0.7692    0.1690
    0.7340    0.6388   -0.2308
...    97 A-T ...
 -125.0424    3.4471   23.5948
   -0.6221    0.3867   -0.6808
   -0.3334    0.6559    0.6773
    0.7084    0.6483   -0.2791
...    98 C-G ...
 -122.6064    5.2339   22.0503
   -0.7099    0.6647   -0.2329
    0.0343    0.3630    0.9312
    0.7035    0.6531   -0.2805
...    99 T-A ...
 -120.3697    7.5202   20.3293
   -0.5817    0.7501    0.3146
    0.4048   -0.0685    0.9119
    0.7055    0.6578   -0.2638
...   100 T-A ...
 -118.3141    9.7508   19.1645
   -0.2310    0.5931    0.7713
    0.6509   -0.4950    0.5756
    0.7231    0.6350   -0.2717
...   101 T-A ...
 -116.1347   11.9438   18.1914
    0.1566    0.2056    0.9660
    0.6635   -0.7464    0.0513
    0.7316    0.6329   -0.2533
...   102 A-T ...
 -113.5687   13.8855   17.5154
    0.3986   -0.2928    0.8691
    0.4832   -0.7385   -0.4703
    0.7795    0.6074   -0.1529
...   103 T-A ...
 -111.3280   16.2066   17.6292
    0.5240   -0.6363    0.5662
    0.2562   -0.5162   -0.8172
    0.8123    0.5733   -0.1074
...   104 G-C ...
 -108.5283   18.0310   17.6118
    0.4828   -0.8754   -0.0262
   -0.0714   -0.0095   -0.9974
    0.8728    0.4834   -0.0670
...   105 C-G ...
 -105.4640   19.1644   17.7128
    0.3128   -0.7755   -0.5484
   -0.3068    0.4640   -0.8310
    0.8989    0.4282   -0.0928
...   106 T-A ...
 -102.1089   20.0076   17.4717
    0.0756   -0.3928   -0.9165
   -0.3698    0.8426   -0.3916
    0.9260    0.3685   -0.0816
...   107 T-A ...
  -99.0453   20.9172   17.2038
   -0.1713    0.1269   -0.9770
   -0.3259    0.9285    0.1777
    0.9297    0.3489   -0.1177
...   108 C-G ...
  -95.9226   21.8861   16.5801
   -0.3402    0.6308   -0.6974
   -0.1543    0.6941    0.7031
    0.9276    0.3468   -0.1388
...   109 C-G ...
  -92.8670   22.9263   15.9739
   -0.4564    0.8616   -0.2220
    0.0523    0.2751    0.9600
    0.8882    0.4265   -0.1707
...   110 G-C ...
  -90.1497   24.2920   15.7578
   -0.4477    0.8416    0.3020
    0.2853   -0.1857    0.9403
    0.8475    0.5071   -0.1570
...   111 G-C ...
  -87.5829   26.3756   15.1855
   -0.2716    0.5697    0.7757
    0.5004   -0.6049    0.6195
    0.8221    0.5564   -0.1208
...   112 C-G ...
  -85.2203   28.7007   14.7199
    0.0049    0.1305    0.9914
    0.5678   -0.8164    0.1047
    0.8231    0.5625   -0.0781
...   113 T-A ...
  -82.6707   30.8013   14.5620
    0.2447   -0.3332    0.9106
    0.4929   -0.7660   -0.4127
    0.8350    0.5498   -0.0232
...   114 C-G ...
  -79.8547   32.5092   14.6675
    0.4333   -0.7313    0.5267
    0.2994   -0.4343   -0.8495
    0.8500    0.5258    0.0308
...   115 G-C ...
  -76.9098   33.9956   14.3625
    0.4465   -0.8938   -0.0422
    0.0239    0.0591   -0.9980
    0.8945    0.4446    0.0478
...   116 T-A ...
  -73.8576   34.9654   15.0018
    0.3469   -0.7590   -0.5509
   -0.1948    0.5163   -0.8340
    0.9175    0.3966    0.0312
...   117 A-T ...
  -70.5169   35.6806   15.4121
    0.0952   -0.3878   -0.9168
   -0.3108    0.8634   -0.3974
    0.9457    0.3228   -0.0384
...   118 T-A ...
  -67.2974   36.0104   15.4345
   -0.0607    0.0851   -0.9945
   -0.3138    0.9442    0.1000
    0.9476    0.3181   -0.0306
...   119 A-T ...
  -64.1881   37.1990   15.3272
   -0.2741    0.5860   -0.7626
   -0.1931    0.7432    0.6405
    0.9421    0.3229   -0.0906
...   120 A-T ...
  -61.1288   38.0529   14.7041
   -0.3464    0.8956   -0.2791
   -0.0011    0.2971    0.9548
    0.9381    0.3310   -0.1020
...   121 T-A ...
  -58.1281   39.0845   13.6689
   -0.2916    0.9242    0.2467
    0.1780   -0.2010    0.9633
    0.9398    0.3248   -0.1059
...   122 G-C ...
  -55.0074   40.3903   13.1486
   -0.2028    0.6183    0.7593
    0.3190   -0.6914    0.6482
    0.9258    0.3737   -0.0571
...   123 T-A ...
  -52.2070   42.0288   12.8117
   -0.0337    0.1991    0.9794
    0.3794   -0.9041    0.1968
    0.9246    0.3782   -0.0450
...   124 G-C ...
  -49.1827   43.3919   12.8147
    0.1112   -0.3664    0.9238
    0.3594   -0.8518   -0.3811
    0.9265    0.3744    0.0369
...   125 T-A ...
  -46.4143   44.9776   13.2286
    0.2365   -0.7639    0.6004
    0.2581   -0.5464   -0.7968
    0.9367    0.3434    0.0679
...   126 C-G ...
  -43.4492   46.0108   13.5569
    0.3415   -0.9393    0.0317
    0.0856   -0.0025   -0.9963
    0.9360    0.3430    0.0795
...   127 G-C ...
  -40.3302   46.9545   13.3746
    0.1638   -0.8738   -0.4579
   -0.0576    0.4549   -0.8887
    0.9848    0.1720    0.0242
...   128 A-T ...
  -37.2457   47.5521   13.5602
    0.0861   -0.4587   -0.8844
   -0.1593    0.8699   -0.4668
    0.9835    0.1811    0.0019
...   129 C-G ...
  -33.9620   47.3636   13.7880
   -0.0584    0.0483   -0.9971
   -0.1655    0.9845    0.0574
    0.9845    0.1683   -0.0495
...   130 C-G ...
  -30.6269   47.4503   13.0370
   -0.2515    0.5138   -0.8202
   -0.0659    0.8364    0.5441
    0.9656    0.1909   -0.1765
...   131 A-T ...
  -27.5428   48.6410   12.6195
   -0.3676    0.8519   -0.3730
    0.1163    0.4401    0.8904
    0.9227    0.2839   -0.2609
...   132 A-T ...
  -24.6136   49.6268   11.5214
   -0.2398    0.9523    0.1889
    0.3166   -0.1072    0.9425
    0.9177    0.2858   -0.2758
...   133 A-T ...
  -21.7694   50.6521   10.2425
    0.0392    0.7214    0.6914
    0.3836   -0.6498    0.6562
    0.9227    0.2395   -0.3022
...   134 T-A ...
  -19.0160   52.0243    8.9251
    0.2452    0.2905    0.9249
    0.3073   -0.9281    0.2101
    0.9195    0.2328   -0.3169
...   135 G-C ...
  -16.4637   53.8824    7.5154
    0.5339   -0.3333    0.7771
    0.0346   -0.9097   -0.4139
    0.8449    0.2479   -0.4741
...   136 T-A ...
  -14.1749   56.5546    6.1809
    0.5795   -0.7269    0.3685
   -0.3141   -0.6164   -0.7221
    0.7521    0.3026   -0.5855
...   137 G-C ...
  -11.6538   57.9991    4.7206
    0.2452   -0.9542   -0.1714
   -0.6323   -0.0234   -0.7744
    0.7349    0.2983   -0.6091
...   138 A-T ...
   -8.6758   58.7132    3.6026
   -0.0345   -0.7815   -0.6229
   -0.6536    0.4891   -0.5775
    0.7560    0.3872   -0.5277
...   139 G-C ...
   -6.3275   59.0726    1.6298
   -0.2969   -0.3279   -0.8968
   -0.5657    0.8171   -0.1114
    0.7693    0.4742   -0.4281
...   140 C-G ...
   -3.4369   60.2278    1.0288
   -0.4426    0.2287   -0.8671
   -0.1681    0.9286    0.3308
    0.8808    0.2922   -0.3725
...   141 G-C ...
   -0.6976   63.8911   -2.2508
   -0.9992    0.0157   -0.0376
   -0.0024    0.8991    0.4378
    0.0407    0.4375   -0.8983
...   142 C-G ...
   -1.0064   65.5987   -4.9399
   -0.8337    0.5216    0.1813
    0.5170    0.6219    0.5881
    0.1940    0.5841   -0.7882
...   143 T-A ...
   -0.1332   66.2083   -7.8195
   -0.3753    0.8566    0.3540
    0.8856    0.2187    0.4098
    0.2736    0.4673   -0.8407
...   144 C-G ...
   -0.1666   67.4019  -10.8066
    0.1797    0.8793    0.4411
    0.9277   -0.3007    0.2214
    0.3273    0.3694   -0.8697
...   145 A-T ...
    0.5267   69.2312  -13.4658
    0.7352    0.4964    0.4616
    0.6118   -0.7791   -0.1367
    0.2918    0.3829   -0.8765
...   146 C-G ...
    1.4338   72.0891  -15.6017
    0.9809    0.0621    0.1844
    0.1264   -0.9240   -0.3608
    0.1480    0.3772   -0.9142
...   147 A-T ...
    2.3048   74.2221  -18.3861
    0.8657   -0.4292   -0.2575
   -0.4984   -0.7868   -0.3642
   -0.0463    0.4436   -0.8950
