  147 base-pairs
...     1 A-T ...
    0.0000    0.0000    0.0000
    1.0000    0.0000    0.0000
    0.0000    1.0000    0.0000
    0.0000    0.0000    1.0000
...     2 G-C ...
   -0.1394   -1.2357    3.2268
    0.7529    0.6366    0.1670
   -0.6386    0.7680   -0.0486
   -0.1592   -0.0700    0.9848
...     3 T-A ...
   -0.0365   -3.2932    6.3751
    0.2722    0.9301    0.2466
   -0.9238    0.3243   -0.2033
   -0.2691   -0.1725    0.9475
...     4 G-C ...
   -0.3505   -4.1660    9.4928
   -0.3756    0.9250    0.0579
   -0.8781   -0.3352   -0.3415
   -0.2965   -0.1791    0.9381
...     5 A-T ...
   -0.4462   -4.1476   12.7498
   -0.8116    0.5840   -0.0165
   -0.5523   -0.7762   -0.3042
   -0.1905   -0.2378    0.9524
...     6 G-C ...
   -1.5908   -4.1730   15.6201
   -0.9976    0.0246   -0.0651
   -0.0043   -0.9555   -0.2950
   -0.0695   -0.2940    0.9533
...     7 C-G ...
   -1.1030   -4.4824   18.7362
   -0.8441   -0.5304   -0.0787
    0.5345   -0.8441   -0.0432
   -0.0435   -0.0785    0.9960
...     8 G-C ...
   -2.4028   -7.7290   23.1475
   -0.2754   -0.3293   -0.9032
    0.6650   -0.7437    0.0684
   -0.6942   -0.5818    0.4238
...     9 C-G ...
   -4.4690   -9.9728   24.1132
    0.1145   -0.7025   -0.7024
    0.8512   -0.2952    0.4340
   -0.5122   -0.6476    0.5642
...    10 T-A ...
   -6.7405  -10.8752   25.9697
    0.4841   -0.8363   -0.2574
    0.6595    0.1553    0.7355
   -0.5751   -0.5258    0.6267
...    11 C-G ...
   -9.1656  -12.6208   27.1640
    0.7073   -0.6682    0.2307
    0.3448    0.6110    0.7126
   -0.6171   -0.4245    0.6626
...    12 A-T ...
  -10.9234  -14.6633   29.0693
    0.7515   -0.1377    0.6452
   -0.2029    0.8824    0.4246
   -0.6277   -0.4500    0.6352
...    13 C-G ...
  -11.8476  -17.4863   31.2451
    0.4295    0.2823    0.8578
   -0.5708    0.8209    0.0156
   -0.6998   -0.4963    0.5137
...    14 A-T ...
  -13.5897  -19.7827   33.4259
   -0.1504    0.6104    0.7777
   -0.6874    0.5008   -0.5260
   -0.7106   -0.6136    0.3443
...    15 A-T ...
  -15.8231  -21.7974   34.6272
   -0.4810    0.8122    0.3300
   -0.4875    0.0650   -0.8707
   -0.7287   -0.5797    0.3647
...    16 T-A ...
  -17.9323  -23.6214   36.5452
   -0.6896    0.7033   -0.1727
   -0.1516   -0.3734   -0.9152
   -0.7081   -0.6050    0.3641
...    17 T-A ...
  -20.2217  -25.3829   38.1148
   -0.6736    0.3329   -0.6599
    0.2796   -0.7117   -0.6444
   -0.6842   -0.6186    0.3863
...    18 T-A ...
  -22.5448  -27.1631   39.4874
   -0.3972   -0.1070   -0.9114
    0.6001   -0.7817   -0.1697
   -0.6943   -0.6144    0.3748
...    19 A-T ...
  -24.7580  -29.3655   40.6458
    0.0483   -0.4962   -0.8668
    0.7064   -0.5966    0.3809
   -0.7062   -0.6307    0.3217
...    20 T-A ...
  -27.5447  -31.0334   41.3527
    0.3836   -0.7469   -0.5431
    0.5885   -0.2556    0.7671
   -0.7117   -0.6138    0.3415
...    21 T-A ...
  -30.0298  -32.9930   42.1874
    0.6385   -0.7695   -0.0112
    0.2669    0.2079    0.9410
   -0.7218   -0.6039    0.3382
...    22 C-G ...
  -32.3843  -35.0114   43.2481
    0.6978   -0.4923    0.5203
   -0.1550    0.6053    0.7807
   -0.6993   -0.6255    0.3461
...    23 G-C ...
  -34.7760  -36.6947   44.9088
    0.5928    0.0129    0.8052
   -0.5292    0.7599    0.3775
   -0.6070   -0.6499    0.4573
...    24 C-G ...
  -36.5062  -39.0816   46.3061
    0.2704    0.4434    0.8546
   -0.7555    0.6479   -0.0971
   -0.5968   -0.6194    0.5101
...    25 A-T ...
  -38.6714  -40.9517   47.8846
   -0.1213    0.7818    0.6116
   -0.7844    0.3021   -0.5418
   -0.6083   -0.5454    0.5766
...    26 A-T ...
  -40.5197  -42.6796   49.9622
   -0.5193    0.8306    0.2008
   -0.5936   -0.1816   -0.7840
   -0.6147   -0.5263    0.5874
...    27 A-T ...
  -42.2920  -44.2311   52.1967
   -0.7613    0.5875   -0.2743
   -0.2001   -0.6153   -0.7625
   -0.6168   -0.5256    0.5860
...    28 G-C ...
  -44.4332  -45.5093   54.4531
   -0.7102    0.2238   -0.6675
    0.1975   -0.8468   -0.4940
   -0.6758   -0.4826    0.5571
...    29 G-C ...
  -47.0461  -46.7505   56.3218
   -0.4259   -0.2324   -0.8744
    0.5327   -0.8456   -0.0347
   -0.7313   -0.4806    0.4839
...    30 C-G ...
  -49.7552  -48.0280   57.6179
   -0.0344   -0.6218   -0.7824
    0.6531   -0.6065    0.4533
   -0.7565   -0.4954    0.4270
...    31 C-G ...
  -52.5000  -49.4699   58.8822
    0.3785   -0.8156   -0.4377
    0.5467   -0.1846    0.8167
   -0.7469   -0.5484    0.3759
...    32 G-C ...
  -54.5236  -51.3349   60.1852
    0.6620   -0.7495   -0.0048
    0.2540    0.2183    0.9423
   -0.7052   -0.6250    0.3348
...    33 G-C ...
  -56.5512  -53.8817   61.0972
    0.7228   -0.4824    0.4949
   -0.1755    0.5645    0.8065
   -0.6684   -0.6698    0.3234
...    34 C-G ...
  -58.5384  -56.3270   61.9493
    0.5337   -0.0751    0.8424
   -0.5450    0.7310    0.4105
   -0.6466   -0.6782    0.3492
...    35 C-G ...
  -60.3519  -58.8525   63.3135
    0.1805    0.3712    0.9108
   -0.7521    0.6489   -0.1154
   -0.6339   -0.6642    0.3963
...    36 C-G ...
  -62.2028  -61.2180   64.8076
   -0.2109    0.6966    0.6858
   -0.7381    0.3464   -0.5789
   -0.6408   -0.6283    0.4411
...    37 G-C ...
  -64.6671  -63.2815   65.6216
   -0.4996    0.8355    0.2286
   -0.5041   -0.0659   -0.8611
   -0.7044   -0.5455    0.4541
...    38 A-T ...
  -66.7640  -65.1151   67.0642
   -0.6801    0.6633   -0.3122
   -0.1106   -0.5139   -0.8507
   -0.7247   -0.5440    0.4229
...    39 C-G ...
  -69.2292  -66.3713   68.6391
   -0.5903    0.3553   -0.7248
    0.2313   -0.7858   -0.5736
   -0.7734   -0.5062    0.3816
...    40 A-T ...
  -71.9647  -67.8532   69.7969
   -0.2732   -0.0541   -0.9604
    0.4738   -0.8765   -0.0854
   -0.8372   -0.4783    0.2651
...    41 C-G ...
  -74.9892  -69.0257   70.2572
    0.0477   -0.4533   -0.8901
    0.5219   -0.7485    0.4092
   -0.8517   -0.4840    0.2009
...    42 G-C ...
  -77.5615  -70.9896   70.9795
    0.3856   -0.7687   -0.5103
    0.3367   -0.3977    0.8535
   -0.8590   -0.5009    0.1054
...    43 A-T ...
  -80.3004  -72.5625   71.2445
    0.5020   -0.8608    0.0831
    0.0477    0.1235    0.9912
   -0.8635   -0.4936    0.1030
...    44 C-G ...
  -83.0199  -74.4527   70.9545
    0.4696   -0.6600    0.5863
   -0.2358    0.5462    0.8038
   -0.8508   -0.5157    0.1009
...    45 T-A ...
  -85.7089  -76.9190   70.9214
    0.2553   -0.2634    0.9303
   -0.4421    0.8239    0.3546
   -0.8599   -0.5018    0.0939
...    46 T-A ...
  -88.2779  -78.9306   70.9963
   -0.0323    0.1702    0.9849
   -0.4813    0.8610   -0.1646
   -0.8760   -0.4793    0.0541
...    47 A-T ...
  -91.1326  -80.5709   71.3124
   -0.2057    0.6563    0.7259
   -0.3867    0.6269   -0.6764
   -0.8990   -0.4198    0.1248
...    48 C-G ...
  -93.7940  -82.2513   72.2402
   -0.3263    0.9060    0.2698
   -0.2228    0.2037   -0.9533
   -0.9186   -0.3712    0.1354
...    49 T-A ...
  -96.7973  -83.3651   73.1916
   -0.3005    0.9161   -0.2653
   -0.0545   -0.2942   -0.9542
   -0.9522   -0.2723    0.1384
...    50 G-C ...
 -100.1614  -83.8225   73.5945
   -0.0966    0.6603   -0.7448
    0.0647   -0.7425   -0.6667
   -0.9932   -0.1126    0.0290
...    51 T-A ...
 -103.3264  -83.6320   73.9025
    0.0336    0.2521   -0.9671
    0.0758   -0.9655   -0.2490
   -0.9966   -0.0649   -0.0515
...    52 A-T ...
 -106.5512  -83.1418   73.2497
    0.2531   -0.2569   -0.9327
   -0.0395   -0.9661    0.2553
   -0.9666   -0.0277   -0.2547
...    53 G-C ...
 -109.5740  -82.8248   72.1982
    0.2739   -0.6893   -0.6707
   -0.2142   -0.7236    0.6562
   -0.9376   -0.0361   -0.3458
...    54 G-C ...
 -112.5893  -82.5825   70.1209
    0.1591   -0.9664   -0.2021
   -0.3684   -0.2480    0.8960
   -0.9160   -0.0681   -0.3955
...    55 T-A ...
 -115.3553  -82.9411   68.3462
   -0.0782   -0.9569    0.2797
   -0.4105    0.2865    0.8657
   -0.9085   -0.0471   -0.4152
...    56 A-T ...
 -118.2443  -83.3119   66.6396
   -0.3178   -0.6036    0.7312
   -0.2861    0.7963    0.5330
   -0.9040   -0.0398   -0.4258
...    57 T-A ...
 -120.9795  -84.0837   64.9348
   -0.4547   -0.1165    0.8830
   -0.0602    0.9932    0.1001
   -0.8886   -0.0077   -0.4586
...    58 C-G ...
 -124.0172  -84.3964   63.5164
   -0.3958    0.5124    0.7621
    0.2598    0.8584   -0.4423
   -0.8808    0.0230   -0.4729
...    59 T-A ...
 -127.1006  -84.3832   62.2522
   -0.1331    0.8737    0.4679
    0.4305    0.4762   -0.7668
   -0.8927    0.0994   -0.4395
...    60 C-G ...
 -130.1440  -83.9925   60.9116
    0.1983    0.9801    0.0041
    0.4258   -0.0823   -0.9011
   -0.8828    0.1804   -0.4337
...    61 G-C ...
 -132.7604  -83.0714   59.1290
    0.6100    0.7438   -0.2735
    0.2408   -0.5027   -0.8302
   -0.7550    0.4405   -0.4858
...    62 A-T ...
 -135.1878  -81.4696   57.5321
    0.7085    0.3083   -0.6348
   -0.1454   -0.8165   -0.5588
   -0.6906    0.4882   -0.5336
...    63 G-C ...
 -137.1149  -79.4346   55.7327
    0.5931   -0.1841   -0.7838
   -0.5191   -0.8316   -0.1975
   -0.6155    0.5240   -0.5888
...    64 C-G ...
 -138.7185  -77.3429   53.5716
    0.2087   -0.6449   -0.7352
   -0.7918   -0.5526    0.2600
   -0.5740    0.5279   -0.6260
...    65 T-A ...
 -140.3806  -75.5173   51.4129
   -0.2455   -0.8369   -0.4892
   -0.8078   -0.1023    0.5805
   -0.5359    0.5377   -0.6509
...    66 C-G ...
 -142.3661  -73.9019   49.3707
   -0.6846   -0.7268   -0.0551
   -0.5229    0.4370    0.7319
   -0.5078    0.5299   -0.6792
...    67 G-C ...
 -144.4704  -71.4996   47.9055
   -0.8506   -0.3558    0.3872
   -0.0413    0.7792    0.6254
   -0.5242    0.5160   -0.6775
...    68 G-C ...
 -146.0609  -69.7805   45.5135
   -0.7025    0.1058    0.7038
    0.4679    0.8138    0.3447
   -0.5362    0.5715   -0.6212
...    69 G-C ...
 -147.9373  -68.0485   43.3538
   -0.2858    0.4578    0.8419
    0.7730    0.6293   -0.0798
   -0.5663    0.6280   -0.5337
...    70 A-T ...
 -149.9829  -66.0873   41.6507
    0.2436    0.7045    0.6666
    0.8007    0.2417   -0.5481
   -0.5472    0.6673   -0.5052
...    71 T-A ...
 -152.1646  -63.9100   40.5058
    0.6422    0.6959    0.3214
    0.5644   -0.1456   -0.8126
   -0.5186    0.7033   -0.4862
...    72 C-G ...
 -153.8050  -61.4311   39.1346
    0.8832    0.4394   -0.1638
    0.0883   -0.4989   -0.8622
   -0.4606    0.7470   -0.4794
...    73 C-G ...
 -155.2293  -58.8380   37.7319
    0.8624    0.0203   -0.5058
   -0.3812   -0.6314   -0.6753
   -0.3331    0.7752   -0.5368
...    74 G-C ...
 -156.2797  -56.5536   35.5857
    0.5691   -0.4313   -0.7001
   -0.7997   -0.4885   -0.3491
   -0.1914    0.7585   -0.6229
...    75 C-G ...
 -156.2988  -53.9012   33.3463
    0.0110   -0.6405   -0.7679
   -0.9885   -0.1227    0.0883
   -0.1508    0.7581   -0.6345
...    76 T-A ...
 -156.3864  -51.6323   30.6909
   -0.5550   -0.5831   -0.5933
   -0.8279    0.3184    0.4616
   -0.0803    0.7474   -0.6595
...    77 T-A ...
 -156.3298  -49.3661   28.3305
   -0.9400   -0.2256   -0.2558
   -0.3409    0.5960    0.7270
   -0.0116    0.7707   -0.6372
...    78 T-A ...
 -156.1820  -47.0763   25.9815
   -0.9625    0.2083    0.1737
    0.2657    0.5956    0.7580
    0.0544    0.7758   -0.6286
...    79 A-T ...
 -155.7199  -44.2761   24.1034
   -0.5865    0.5378    0.6056
    0.8050    0.3045    0.5092
    0.0894    0.7862   -0.6115
...    80 T-A ...
 -156.0647  -41.8608   21.9190
   -0.1030    0.6098    0.7858
    0.9892   -0.0201    0.1453
    0.1044    0.7923   -0.6012
...    81 C-G ...
 -155.7896  -39.3346   19.8936
    0.5044    0.4106    0.7596
    0.8479   -0.4020   -0.3457
    0.1634    0.8184   -0.5509
...    82 A-T ...
 -155.4604  -36.4346   18.1551
    0.8457    0.0159    0.5334
    0.4674   -0.5044   -0.7260
    0.2575    0.8633   -0.4340
...    83 T-A ...
 -154.6149  -33.4508   17.2333
    0.9442   -0.2968    0.1426
    0.0018   -0.4284   -0.9036
    0.3293    0.8535   -0.4040
...    84 G-C ...
 -153.1446  -30.5382   16.0799
    0.7275   -0.5892   -0.3515
   -0.5175   -0.1349   -0.8450
    0.4505    0.7966   -0.4030
...    85 T-A ...
 -151.1440  -27.9737   15.2248
    0.3379   -0.5820   -0.7397
   -0.8114    0.2182   -0.5423
    0.4770    0.7834   -0.3985
...    86 T-A ...
 -149.3967  -25.5615   14.0487
   -0.1646   -0.3456   -0.9238
   -0.8488    0.5267   -0.0458
    0.5024    0.7766   -0.3801
...    87 A-T ...
 -147.8641  -22.7398   12.8602
   -0.6503    0.0982   -0.7533
   -0.5523    0.6198    0.5575
    0.5216    0.7786   -0.3488
...    88 T-A ...
 -145.8832  -20.6834   11.2769
   -0.8210    0.4236   -0.3828
   -0.1563    0.4781    0.8643
    0.5491    0.7694   -0.3263
...    89 A-T ...
 -143.8800  -18.0196   10.5100
   -0.7205    0.6487    0.2450
    0.3915    0.0889    0.9159
    0.5724    0.7558   -0.3180
...    90 A-T ...
 -142.1313  -15.6023    9.3659
   -0.3841    0.5836    0.7155
    0.7110   -0.3075    0.6325
    0.5891    0.7516   -0.2968
...    91 C-G ...
 -140.7006  -12.7935    8.0917
    0.0479    0.3059    0.9508
    0.7971   -0.5854    0.1482
    0.6020    0.7508   -0.2719
...    92 G-C ...
 -138.3969  -10.5579    7.5516
    0.3538   -0.1780    0.9182
    0.6662   -0.6411   -0.3810
    0.6565    0.7465   -0.1082
...    93 G-C ...
 -136.1314   -8.1908    7.7649
    0.5610   -0.5722    0.5981
    0.4327   -0.4133   -0.8012
    0.7057    0.7083    0.0158
...    94 A-T ...
 -133.8006   -5.8790    8.1205
    0.6540   -0.7555    0.0386
    0.0637    0.0041   -0.9980
    0.7538    0.6551    0.0509
...    95 A-T ...
 -131.3184   -3.8333    8.4959
    0.5655   -0.6286   -0.5339
   -0.3011    0.4453   -0.8432
    0.7678    0.6376    0.0625
...    96 C-G ...
 -128.4663   -2.1815    9.1377
    0.3196   -0.3004   -0.8986
   -0.5417    0.7202   -0.4335
    0.7774    0.6254    0.0674
...    97 A-T ...
 -125.7735   -0.1965    9.2051
   -0.1012    0.1242   -0.9871
   -0.6081    0.7775    0.1602
    0.7874    0.6165   -0.0032
...    98 C-G ...
 -122.7951    1.3676    8.8124
   -0.4146    0.5035   -0.7580
   -0.4588    0.6037    0.6520
    0.7858    0.6181   -0.0193
...    99 T-A ...
 -119.8291    3.3157    8.0557
   -0.6147    0.7437   -0.2629
   -0.1490    0.2179    0.9645
    0.7746    0.6320   -0.0231
...   100 T-A ...
 -117.3281    5.3552    7.5932
   -0.5602    0.7534    0.3442
    0.2273   -0.2598    0.9385
    0.7965    0.6040   -0.0258
...   101 T-A ...
 -114.8161    7.4073    7.2786
   -0.3286    0.4746    0.8166
    0.4977   -0.6478    0.5768
    0.8027    0.5960   -0.0234
...   102 A-T ...
 -111.9927    9.2200    7.3769
   -0.0140   -0.0273    0.9995
    0.5921   -0.8057   -0.0137
    0.8057    0.5916    0.0274
...   103 T-A ...
 -109.8530   11.6262    7.7629
    0.2242   -0.4311    0.8740
    0.5341   -0.6957   -0.4803
    0.8151    0.5745    0.0743
...   104 G-C ...
 -107.1909   13.5522    8.3421
    0.4151   -0.8191    0.3960
    0.3238   -0.2738   -0.9056
    0.8502    0.5042    0.1516
...   105 C-G ...
 -104.3619   14.9010    9.2916
    0.4703   -0.8669   -0.1652
    0.0501    0.2132   -0.9757
    0.8811    0.4506    0.1437
...   106 T-A ...
 -101.1740   15.9754   10.1241
    0.3936   -0.6072   -0.6902
   -0.1783    0.6862   -0.7053
    0.9019    0.4006    0.1618
...   107 T-A ...
  -98.1977   17.0108   10.7184
    0.1885   -0.1401   -0.9720
   -0.3424    0.9183   -0.1988
    0.9204    0.3703    0.1251
...   108 C-G ...
  -95.0334   18.0201   10.9689
   -0.0724    0.4060   -0.9110
   -0.3706    0.8371    0.4025
    0.9260    0.3668    0.0899
...   109 C-G ...
  -91.9386   19.1236   11.1206
   -0.3452    0.7442   -0.5719
   -0.2617    0.5088    0.8201
    0.9013    0.4328    0.0191
...   110 G-C ...
  -89.2915   20.6608   11.4204
   -0.5112    0.8564   -0.0728
   -0.0234    0.0708    0.9972
    0.8591    0.5115   -0.0161
...   111 G-C ...
  -86.6568   22.7407   11.1655
   -0.4864    0.7217    0.4925
    0.2872   -0.4003    0.8702
    0.8252    0.5647   -0.0126
...   112 C-G ...
  -84.2457   25.0514   10.8579
   -0.2798    0.3616    0.8894
    0.5119   -0.7275    0.4569
    0.8122    0.5831    0.0184
...   113 T-A ...
  -81.7057   27.1788   10.9156
   -0.0023   -0.0958    0.9954
    0.5902   -0.8037   -0.0760
    0.8073    0.5873    0.0584
...   114 C-G ...
  -78.9910   29.0659   11.2265
    0.3103   -0.5639    0.7653
    0.4978   -0.5895   -0.6362
    0.8099    0.5784    0.0978
...   115 G-C ...
  -76.0888   30.6902   11.1914
    0.4698   -0.8471    0.2485
    0.2331   -0.1525   -0.9604
    0.8515    0.5091    0.1258
...   116 T-A ...
  -73.2372   31.9969   12.2590
    0.4744   -0.8262   -0.3039
   -0.0452    0.3219   -0.9457
    0.8792    0.4623    0.1154
...   117 A-T ...
  -70.0725   33.0868   13.0638
    0.2779   -0.5443   -0.7915
   -0.2700    0.7465   -0.6082
    0.9219    0.3827    0.0605
...   118 T-A ...
  -66.9133   33.6701   13.5513
    0.1070   -0.0991   -0.9893
   -0.3692    0.9199   -0.1321
    0.9232    0.3793    0.0618
...   119 A-T ...
  -63.8887   35.0997   13.7247
   -0.1728    0.4367   -0.8829
   -0.3316    0.8182    0.4696
    0.9275    0.3739    0.0034
...   120 A-T ...
  -60.8148   36.0903   13.4595
   -0.3482    0.8133   -0.4662
   -0.1629    0.4372    0.8845
    0.9232    0.3839   -0.0198
...   121 T-A ...
  -57.7543   37.1987   12.7090
   -0.3740    0.9255    0.0601
    0.0476   -0.0455    0.9978
    0.9262    0.3760   -0.0270
...   122 G-C ...
  -54.6522   38.6199   12.4542
   -0.3258    0.6968    0.6390
    0.2702   -0.5791    0.7692
    0.9060    0.4233    0.0004
...   123 T-A ...
  -51.8944   40.3912   12.1972
   -0.1476    0.3101    0.9392
    0.3991   -0.8502    0.3434
    0.9050    0.4255    0.0017
...   124 G-C ...
  -48.9127   41.8999   12.2710
    0.0562   -0.2634    0.9631
    0.4324   -0.8630   -0.2612
    0.8999    0.4311    0.0654
...   125 T-A ...
  -46.2625   43.6857   12.7049
    0.2352   -0.6886    0.6859
    0.3409   -0.6024   -0.7217
    0.9102    0.4036    0.0931
...   126 C-G ...
  -43.3787   44.9571   13.0873
    0.3891   -0.9114    0.1341
    0.1421   -0.0844   -0.9862
    0.9102    0.4028    0.0967
...   127 G-C ...
  -40.2906   46.1098   12.9138
    0.2298   -0.8924   -0.3883
   -0.0483    0.3881   -0.9204
    0.9720    0.2303    0.0461
...   128 A-T ...
  -37.2471   46.9086   13.1626
    0.1418   -0.5076   -0.8499
   -0.1905    0.8285   -0.5266
    0.9714    0.2366    0.0208
...   129 C-G ...
  -33.9695   46.9219   13.5041
   -0.0303   -0.0113   -0.9995
   -0.2189    0.9757   -0.0044
    0.9753    0.2187   -0.0321
...   130 C-G ...
  -30.6212   47.1791   12.8463
   -0.2537    0.4636   -0.8489
   -0.1196    0.8559    0.5032
    0.9599    0.2292   -0.1617
...   131 A-T ...
  -27.5618   48.5415   12.5283
   -0.3794    0.8347   -0.3992
    0.0862    0.4615    0.8829
    0.9212    0.3006   -0.2471
...   132 A-T ...
  -24.6309   49.5923   11.4765
   -0.2549    0.9510    0.1747
    0.3028   -0.0931    0.9485
    0.9183    0.2947   -0.2642
...   133 A-T ...
  -21.7787   50.6348   10.2318
    0.0266    0.7266    0.6866
    0.3819   -0.6421    0.6647
    0.9238    0.2446   -0.2946
...   134 T-A ...
  -19.0159   52.0243    8.9250
    0.2452    0.2905    0.9249
    0.3073   -0.9281    0.2101
    0.9195    0.2328   -0.3169
...   135 G-C ...
  -16.4637   53.8823    7.5153
    0.5339   -0.3333    0.7771
    0.0346   -0.9097   -0.4139
    0.8449    0.2479   -0.4741
...   136 T-A ...
  -14.1749   56.5546    6.1808
    0.5795   -0.7269    0.3685
   -0.3141   -0.6164   -0.7221
    0.7521    0.3026   -0.5855
...   137 G-C ...
  -11.6538   57.9991    4.7204
    0.2452   -0.9542   -0.1714
   -0.6323   -0.0234   -0.7744
    0.7349    0.2983   -0.6091
...   138 A-T ...
   -8.6758   58.7132    3.6024
   -0.0345   -0.7815   -0.6229
   -0.6536    0.4891   -0.5775
    0.7560    0.3872   -0.5277
...   139 G-C ...
   -6.3274   59.0726    1.6296
   -0.2969   -0.3279   -0.8968
   -0.5657    0.8171   -0.1114
    0.7693    0.4742   -0.4281
...   140 C-G ...
   -3.4368   60.2278    1.0287
   -0.4426    0.2287   -0.8671
   -0.1681    0.9286    0.3308
    0.8808    0.2922   -0.3725
...   141 G-C ...
   -0.6976   63.8910   -2.2509
   -0.9992    0.0157   -0.0376
   -0.0024    0.8991    0.4378
    0.0407    0.4375   -0.8983
...   142 C-G ...
   -1.0064   65.5987   -4.9401
   -0.8337    0.5216    0.1813
    0.5170    0.6219    0.5881
    0.1940    0.5841   -0.7882
...   143 T-A ...
   -0.1332   66.2083   -7.8196
   -0.3753    0.8566    0.3540
    0.8856    0.2187    0.4098
    0.2736    0.4673   -0.8407
...   144 C-G ...
   -0.1665   67.4019  -10.8067
    0.1798    0.8793    0.4411
    0.9277   -0.3007    0.2214
    0.3273    0.3694   -0.8697
...   145 A-T ...
    0.5267   69.2311  -13.4659
    0.7352    0.4964    0.4616
    0.6118   -0.7791   -0.1367
    0.2918    0.3829   -0.8765
...   146 C-G ...
    1.4339   72.0891  -15.6019
    0.9809    0.0621    0.1844
    0.1264   -0.9240   -0.3608
    0.1480    0.3772   -0.9142
...   147 A-T ...
    2.3048   74.2221  -18.3863
    0.8657   -0.4292   -0.2575
   -0.4984   -0.7868   -0.3642
   -0.0463    0.4436   -0.8950
