  147 base-pairs
...     1 A-T ...
    0.0000    0.0000    0.0000
    1.0000    0.0000    0.0000
    0.0000    1.0000    0.0000
    0.0000    0.0000    1.0000
...     2 G-C ...
   -0.1394   -1.2357    3.2268
    0.7529    0.6366    0.1670
   -0.6386    0.7680   -0.0486
   -0.1592   -0.0700    0.9848
...     3 T-A ...
   -0.0365   -3.2932    6.3751
    0.2722    0.9301    0.2466
   -0.9238    0.3243   -0.2033
   -0.2691   -0.1725    0.9475
...     4 G-C ...
   -0.3505   -4.1660    9.4928
   -0.3756    0.9250    0.0579
   -0.8781   -0.3352   -0.3415
   -0.2965   -0.1791    0.9381
...     5 A-T ...
   -0.4462   -4.1476   12.7498
   -0.8116    0.5840   -0.0165
   -0.5523   -0.7762   -0.3042
   -0.1905   -0.2378    0.9524
...     6 G-C ...
   -1.5908   -4.1730   15.6201
   -0.9976    0.0246   -0.0651
   -0.0043   -0.9555   -0.2950
   -0.0695   -0.2940    0.9533
...     7 C-G ...
   -1.1030   -4.4824   18.7362
   -0.8441   -0.5304   -0.0787
    0.5345   -0.8441   -0.0432
   -0.0435   -0.0785    0.9960
...     8 G-C ...
   -2.4028   -7.7290   23.1475
   -0.2754   -0.3293   -0.9032
    0.6650   -0.7437    0.0684
   -0.6942   -0.5818    0.4238
...     9 C-G ...
   -4.4690   -9.9728   24.1132
    0.1145   -0.7025   -0.7024
    0.8512   -0.2952    0.4340
   -0.5122   -0.6476    0.5642
...    10 T-A ...
   -6.7405  -10.8752   25.9697
    0.4841   -0.8363   -0.2574
    0.6595    0.1553    0.7355
   -0.5751   -0.5258    0.6267
...    11 C-G ...
   -9.1656  -12.6208   27.1640
    0.7073   -0.6682    0.2307
    0.3448    0.6110    0.7126
   -0.6171   -0.4245    0.6626
...    12 A-T ...
  -10.9234  -14.6633   29.0693
    0.7515   -0.1377    0.6452
   -0.2029    0.8824    0.4246
   -0.6277   -0.4500    0.6352
...    13 C-G ...
  -11.8476  -17.4863   31.2451
    0.4295    0.2823    0.8578
   -0.5708    0.8209    0.0156
   -0.6998   -0.4963    0.5137
...    14 A-T ...
  -13.5897  -19.7827   33.4259
   -0.1504    0.6104    0.7777
   -0.6874    0.5008   -0.5260
   -0.7106   -0.6136    0.3443
...    15 A-T ...
  -15.7183  -21.7990   34.7977
   -0.4893    0.7985    0.3508
   -0.4983    0.0741   -0.8638
   -0.7157   -0.5975    0.3616
...    16 T-A ...
  -17.7784  -23.6042   36.6094
   -0.6623    0.7383   -0.1276
   -0.1966   -0.3356   -0.9213
   -0.7230   -0.5850    0.3674
...    17 T-A ...
  -20.1038  -25.3303   38.0670
   -0.6560    0.4302   -0.6201
    0.1985   -0.6943   -0.6917
   -0.7282   -0.5769    0.3701
...    18 T-A ...
  -22.5565  -26.9504   39.4402
   -0.4354   -0.0321   -0.8997
    0.5269   -0.8194   -0.2258
   -0.7299   -0.5724    0.3736
...    19 A-T ...
  -24.9380  -28.9388   40.6316
   -0.0166   -0.4783   -0.8780
    0.6677   -0.6590    0.3464
   -0.7443   -0.5805    0.3303
...    20 T-A ...
  -27.7860  -30.4446   41.3165
    0.3173   -0.7455   -0.5860
    0.5860   -0.3317    0.7393
   -0.7456   -0.5781    0.3317
...    21 T-A ...
  -30.3550  -32.2498   42.1406
    0.5848   -0.8084   -0.0666
    0.3094    0.1465    0.9396
   -0.7498   -0.5701    0.3358
...    22 C-G ...
  -32.7684  -34.2124   43.1432
    0.6784   -0.5573    0.4788
   -0.0910    0.5830    0.8074
   -0.7290   -0.5913    0.3448
...    23 G-C ...
  -35.1684  -35.9711   44.6283
    0.5966   -0.0820    0.7984
   -0.4617    0.7786    0.4249
   -0.6565   -0.6221    0.4267
...    24 C-G ...
  -37.0029  -38.3402   46.0115
    0.2904    0.3777    0.8792
   -0.7145    0.6968   -0.0633
   -0.6365   -0.6098    0.4722
...    25 A-T ...
  -39.1388  -40.2727   47.6659
   -0.0790    0.7620    0.6427
   -0.7758    0.3579   -0.5197
   -0.6260   -0.5397    0.5629
...    26 A-T ...
  -40.9528  -42.0169   49.7080
   -0.4867    0.8398    0.2406
   -0.6035   -0.1241   -0.7877
   -0.6316   -0.5286    0.5672
...    27 A-T ...
  -42.8836  -43.5827   51.7850
   -0.7286    0.6401   -0.2437
   -0.2368   -0.5693   -0.7873
   -0.6428   -0.5159    0.5663
...    28 G-C ...
  -45.0328  -44.9789   53.8629
   -0.6959    0.2998   -0.6526
    0.1562   -0.8237   -0.5450
   -0.7010   -0.4812    0.5264
...    29 G-C ...
  -47.6155  -46.2215   55.6323
   -0.4406   -0.1335   -0.8877
    0.4736   -0.8746   -0.1035
   -0.7626   -0.4661    0.4486
...    30 C-G ...
  -50.4049  -47.4038   56.9281
   -0.0821   -0.5567   -0.8267
    0.6169   -0.6799    0.3965
   -0.7828   -0.4774    0.3992
...    31 C-G ...
  -53.2158  -48.9760   57.8940
    0.3200   -0.7941   -0.5168
    0.5361   -0.2980    0.7898
   -0.7812   -0.5297    0.3303
...    32 G-C ...
  -55.5276  -50.9548   59.2486
    0.6305   -0.7758   -0.0240
    0.2357    0.1619    0.9582
   -0.7395   -0.6098    0.2850
...    33 G-C ...
  -57.9139  -53.2347   59.9261
    0.7047   -0.5258    0.4763
   -0.1592    0.5370    0.8284
   -0.6914   -0.6596    0.2947
...    34 C-G ...
  -59.9937  -55.7063   60.6652
    0.5279   -0.1298    0.8393
   -0.5205    0.7315    0.4405
   -0.6711   -0.6694    0.3186
...    35 C-G ...
  -61.9831  -58.2056   61.7638
    0.2160    0.3306    0.9187
   -0.7274    0.6822   -0.0744
   -0.6513   -0.6522    0.3878
...    36 C-G ...
  -63.8875  -60.5758   63.2436
   -0.1456    0.6963    0.7029
   -0.7331    0.4012   -0.5493
   -0.6644   -0.5952    0.4520
...    37 G-C ...
  -66.3221  -62.4155   64.5626
   -0.4244    0.8749    0.2334
   -0.5444   -0.0405   -0.8378
   -0.7235   -0.4827    0.4935
...    38 A-T ...
  -68.6257  -63.9450   66.2765
   -0.6132    0.7257   -0.3120
   -0.2108   -0.5309   -0.8208
   -0.7613   -0.4375    0.4785
...    39 C-G ...
  -71.0756  -64.8633   68.2497
   -0.5943    0.3818   -0.7079
    0.1146   -0.8310   -0.5444
   -0.7961   -0.4046    0.4501
...    40 A-T ...
  -73.8194  -66.1584   69.6217
   -0.3279   -0.0724   -0.9420
    0.3723   -0.9263   -0.0584
   -0.8683   -0.3698    0.3306
...    41 C-G ...
  -76.9258  -66.7873   70.4870
   -0.0581   -0.5172   -0.8539
    0.4616   -0.7723    0.4364
   -0.8852   -0.3688    0.2836
...    42 G-C ...
  -79.6844  -68.4308   71.3675
    0.2920   -0.8142   -0.5019
    0.3541   -0.3954    0.8475
   -0.8885   -0.4252    0.1728
...    43 A-T ...
  -82.5946  -69.8875   71.7635
    0.4547   -0.8866    0.0851
    0.0957    0.1436    0.9850
   -0.8855   -0.4397    0.1501
...    44 C-G ...
  -85.4373  -71.6238   71.6738
    0.4404   -0.6816    0.5843
   -0.1650    0.5783    0.7990
   -0.8825   -0.4483    0.1422
...    45 T-A ...
  -88.2040  -73.4202   72.0250
    0.3130   -0.2651    0.9120
   -0.3789    0.8457    0.3759
   -0.8709   -0.4632    0.1643
...    46 T-A ...
  -90.8986  -75.1997   72.4464
    0.0178    0.2496    0.9682
   -0.4699    0.8568   -0.2122
   -0.8825   -0.4512    0.1325
...    47 A-T ...
  -93.8654  -76.6413   72.8739
   -0.2083    0.7242    0.6574
   -0.3819    0.5586   -0.7363
   -0.9004   -0.4044    0.1602
...    48 C-G ...
  -96.5872  -78.1381   73.9510
   -0.3288    0.9264    0.1833
   -0.2178    0.1145   -0.9693
   -0.9190   -0.3586    0.1641
...    49 T-A ...
  -99.6007  -79.1294   74.8291
   -0.2983    0.8897   -0.3456
   -0.0342   -0.3718   -0.9277
   -0.9538   -0.2649    0.1413
...    50 G-C ...
 -102.8703  -79.7215   75.1715
   -0.1109    0.5916   -0.7986
    0.0918   -0.7940   -0.6009
   -0.9896   -0.1399    0.0338
...    51 T-A ...
 -106.1144  -79.5303   75.4222
    0.0125    0.1205   -0.9926
    0.1103   -0.9868   -0.1184
   -0.9938   -0.1080   -0.0256
...    52 A-T ...
 -109.4016  -79.6939   75.0214
    0.1911   -0.4211   -0.8867
    0.0194   -0.9015    0.4323
   -0.9814   -0.0998   -0.1641
...    53 G-C ...
 -112.5876  -79.7968   74.1525
    0.2232   -0.8218   -0.5242
   -0.1302   -0.5581    0.8195
   -0.9660   -0.1147   -0.2316
...    54 G-C ...
 -115.6903  -80.3420   72.9359
    0.1616   -0.9867    0.0166
   -0.2837   -0.0304    0.9584
   -0.9452   -0.1596   -0.2848
...    55 T-A ...
 -118.5892  -81.0335   71.4156
   -0.0223   -0.8556    0.5171
   -0.3322    0.4942    0.8034
   -0.9429   -0.1539   -0.2953
...    56 A-T ...
 -121.9072  -80.9719   70.6675
   -0.3155   -0.3355    0.8876
   -0.1978    0.9381    0.2843
   -0.9281   -0.0858   -0.3623
...    57 T-A ...
 -124.8302  -81.9207   69.4237
   -0.3919    0.1897    0.9002
    0.0122    0.9795   -0.2011
   -0.9199   -0.0678   -0.3862
...    58 T-A ...
 -127.8120  -82.3985   68.2271
   -0.3136    0.7126    0.6275
    0.2613    0.7001   -0.6645
   -0.9129   -0.0444   -0.4058
...    59 C-G ...
 -130.8117  -82.6165   66.9443
   -0.0391    0.9866    0.1586
    0.4097    0.1606   -0.8980
   -0.9114    0.0299   -0.4105
...    60 A-T ...
 -133.8690  -82.3918   65.5887
    0.3425    0.8983   -0.2752
    0.3399   -0.3915   -0.8551
   -0.8759    0.1993   -0.4394
...    61 T-A ...
 -136.7805  -81.2902   64.6601
    0.5123    0.5812   -0.6322
    0.1163   -0.7763   -0.6195
   -0.8509    0.2438   -0.4653
...    62 G-C ...
 -139.3696  -80.2730   62.7994
    0.6192    0.0252   -0.7848
   -0.2364   -0.9471   -0.2169
   -0.7488    0.3199   -0.5805
...    63 T-A ...
 -141.4281  -78.6634   60.8209
    0.4399   -0.4802   -0.7589
   -0.5515   -0.8114    0.1937
   -0.7088    0.3333   -0.6217
...    64 T-A ...
 -143.4877  -77.3710   58.6681
    0.0303   -0.8487   -0.5280
   -0.7226   -0.3836    0.5751
   -0.6906    0.3641   -0.6249
...    65 A-T ...
 -146.1424  -76.1462   56.9519
   -0.4980   -0.8632   -0.0830
   -0.5737    0.2562    0.7780
   -0.6503    0.4350   -0.6228
...    66 T-A ...
 -147.9112  -75.0180   54.3665
   -0.7522   -0.5860    0.3012
   -0.2280    0.6604    0.7155
   -0.6182    0.4695   -0.6304
...    67 A-T ...
 -149.7634  -72.8308   52.5273
   -0.7674    0.0326    0.6404
    0.3531    0.8552    0.3795
   -0.5352    0.5173   -0.6678
...    68 A-T ...
 -151.5998  -71.3864   50.2623
   -0.4367    0.5292    0.7275
    0.7503    0.6604   -0.0300
   -0.4964    0.5327   -0.6854
...    69 C-G ...
 -153.6924  -69.9457   48.1725
    0.0384    0.7680    0.6393
    0.8772    0.2805   -0.3897
   -0.4786    0.5757   -0.6629
...    70 G-C ...
 -155.0017  -67.9710   45.8155
    0.5800    0.6795    0.4493
    0.7248   -0.1787   -0.6653
   -0.3718    0.7116   -0.5962
...    71 G-C ...
 -156.2962  -65.3294   44.1981
    0.9173    0.3783    0.1238
    0.3098   -0.4833   -0.8188
   -0.2500    0.7895   -0.5605
...    72 A-T ...
 -156.9041  -62.6471   42.4824
    0.9502   -0.0303   -0.3101
   -0.2697   -0.5787   -0.7696
   -0.1561    0.8150   -0.5581
...    73 C-G ...
 -156.9180  -59.6795   41.0929
    0.6876   -0.3645   -0.6280
   -0.7210   -0.4449   -0.5312
   -0.0857    0.8180   -0.5688
...    74 T-A ...
 -156.7038  -56.9551   39.2413
    0.2154   -0.5885   -0.7793
   -0.9765   -0.1323   -0.1700
   -0.0030    0.7976   -0.6032
...    75 C-G ...
 -156.5376  -54.4837   37.0870
   -0.4015   -0.5508   -0.7317
   -0.9151    0.2729    0.2967
    0.0362    0.7888   -0.6136
...    76 G-C ...
 -156.8607  -51.7841   35.1418
   -0.8550   -0.3183   -0.4094
   -0.5175    0.5752    0.6335
    0.0338    0.7535   -0.6565
...    77 A-T ...
 -156.6131  -49.3619   32.9138
   -0.9936    0.1050    0.0422
    0.1000    0.6399    0.7619
    0.0530    0.7613   -0.6463
...    78 G-C ...
 -156.4865  -47.0151   30.5671
   -0.7875    0.4065    0.4632
    0.6146    0.4620    0.6394
    0.0460    0.7882   -0.6137
...    79 C-G ...
 -156.5504  -44.5995   28.2929
   -0.3275    0.5545    0.7651
    0.9431    0.1420    0.3008
    0.0581    0.8200   -0.5694
...    80 T-A ...
 -156.6444  -41.8288   26.5018
    0.2008    0.4746    0.8570
    0.9757   -0.1754   -0.1314
    0.0880    0.8625   -0.4983
...    81 C-G ...
 -156.4028  -38.9771   24.9579
    0.7111    0.2179    0.6685
    0.6878   -0.4133   -0.5968
    0.1462    0.8841   -0.4437
...    82 G-C ...
 -155.5524  -36.1066   23.4957
    0.9246   -0.1962    0.3266
    0.2204   -0.4239   -0.8785
    0.3108    0.8842   -0.3486
...    83 G-C ...
 -154.1317  -33.1194   22.8321
    0.8578   -0.4951   -0.1381
   -0.2702   -0.2057   -0.9406
    0.4373    0.8441   -0.3102
...    84 G-C ...
 -152.1034  -30.5129   22.0819
    0.5376   -0.6095   -0.5826
   -0.6458    0.1466   -0.7493
    0.5421    0.7791   -0.3149
...    85 A-T ...
 -150.1139  -28.1232   21.0231
    0.0460   -0.4241   -0.9044
   -0.8140    0.5089   -0.2800
    0.5790    0.7491   -0.3218
...    86 T-A ...
 -147.6581  -26.1300   20.0396
   -0.3618   -0.0874   -0.9281
   -0.7188    0.6601    0.2181
    0.5936    0.7461   -0.3016
...    87 C-G ...
 -145.6467  -23.7697   18.9323
   -0.7126    0.3302   -0.6190
   -0.3570    0.5889    0.7251
    0.6039    0.7377   -0.3018
...    88 C-G ...
 -143.5869  -21.4100   17.6677
   -0.8191    0.5641   -0.1040
    0.0949    0.3121    0.9453
    0.5657    0.7644   -0.3092
...    89 G-C ...
 -141.5014  -18.8551   17.1153
   -0.6703    0.5745    0.4698
    0.5292   -0.0738    0.8453
    0.5203    0.8152   -0.2546
...    90 C-G ...
 -140.0293  -16.1212   15.9771
   -0.3043    0.4013    0.8639
    0.7988   -0.3865    0.4609
    0.5189    0.8304   -0.2030
...    91 T-A ...
 -138.5966  -13.2087   15.3926
    0.1060    0.0757    0.9915
    0.8419   -0.5374   -0.0489
    0.5291    0.8400   -0.1207
...    92 T-A ...
 -137.0599  -10.3814   15.1289
    0.5272   -0.2705    0.8055
    0.6449   -0.4899   -0.5866
    0.5533    0.8288   -0.0838
...    93 T-A ...
 -135.3469   -7.6467   15.1077
    0.7666   -0.5346    0.3556
    0.2574   -0.2515   -0.9330
    0.5882    0.8068   -0.0552
...    94 A-T ...
 -133.1626   -5.1376   15.3150
    0.6898   -0.6985   -0.1905
   -0.1540    0.1155   -0.9813
    0.7074    0.7062   -0.0279
...    95 A-T ...
 -130.7214   -3.0148   15.4644
    0.4757   -0.5279   -0.7036
   -0.4952    0.5004   -0.7102
    0.7270    0.6863   -0.0234
...    96 C-G ...
 -127.9219   -1.2501   15.6717
    0.1341   -0.2097   -0.9685
   -0.6485    0.7204   -0.2458
    0.7493    0.6611   -0.0394
...    97 A-T ...
 -125.5158    1.0222   15.4339
   -0.3104    0.1875   -0.9319
   -0.5772    0.7418    0.3415
    0.7553    0.6439   -0.1221
...    98 C-G ...
 -122.7403    2.6936   14.6502
   -0.5715    0.5439   -0.6144
   -0.3210    0.5409    0.7774
    0.7552    0.6415   -0.1346
...    99 T-A ...
 -120.2437    4.7327   13.8700
   -0.6803    0.7252   -0.1062
    0.0380    0.1797    0.9830
    0.7320    0.6647   -0.1498
...   100 T-A ...
 -117.8861    6.8342   13.0917
   -0.5207    0.7117    0.4715
    0.4077   -0.2780    0.8698
    0.7501    0.6452   -0.1454
...   101 T-A ...
 -115.5820    9.0158   12.4052
   -0.1956    0.4297    0.8815
    0.6196   -0.6426    0.4508
    0.7601    0.6344   -0.1406
...   102 A-T ...
 -113.0130   11.1000   12.0607
    0.1353   -0.0716    0.9882
    0.6248   -0.7679   -0.1412
    0.7690    0.6365   -0.0592
...   103 T-A ...
 -110.9141   13.6155   12.1782
    0.4116   -0.4581    0.7878
    0.4742   -0.6305   -0.6145
    0.7782    0.6265   -0.0423
...   104 G-C ...
 -108.1527   15.4906   12.2078
    0.4965   -0.8059    0.3225
    0.1985   -0.2562   -0.9460
    0.8450    0.5337    0.0327
...   105 C-G ...
 -105.3443   17.1105   12.8245
    0.4728   -0.8489   -0.2362
   -0.0762    0.2276   -0.9708
    0.8779    0.4770    0.0430
...   106 T-A ...
 -102.3114   18.3621   13.2381
    0.3020   -0.6399   -0.7066
   -0.2734    0.6519   -0.7073
    0.9133    0.4068    0.0219
...   107 T-A ...
  -99.2541   19.4263   13.4648
    0.0955   -0.1620   -0.9822
   -0.3863    0.9033   -0.1866
    0.9174    0.3972    0.0236
...   108 C-G ...
  -96.1966   20.5993   13.4166
   -0.1700    0.3864   -0.9065
   -0.3500    0.8363    0.4221
    0.9212    0.3890   -0.0069
...   109 C-G ...
  -93.0478   21.7549   13.0565
   -0.3946    0.7501   -0.5306
   -0.1758    0.5052    0.8449
    0.9019    0.4267   -0.0675
...   110 G-C ...
  -90.1413   23.3982   13.1900
   -0.5021    0.8639    0.0394
    0.0996    0.0125    0.9949
    0.8590    0.5035   -0.0924
...   111 G-C ...
  -87.3607   25.2141   12.6290
   -0.4274    0.6946    0.5787
    0.3683   -0.4508    0.8131
    0.8256    0.5607   -0.0631
...   112 C-G ...
  -84.8583   27.3395   12.1995
   -0.1919    0.3148    0.9296
    0.5445   -0.7539    0.3677
    0.8165    0.5767   -0.0268
...   113 T-A ...
  -82.3671   29.5189   12.2281
    0.0724   -0.1595    0.9845
    0.5740   -0.8006   -0.1719
    0.8156    0.5776    0.0336
...   114 C-G ...
  -79.7458   31.4633   12.4573
    0.3593   -0.6178    0.6994
    0.4290   -0.5563   -0.7117
    0.8288    0.5557    0.0652
...   115 G-C ...
  -76.8171   33.0597   12.4954
    0.4246   -0.8860    0.1862
    0.1851   -0.1163   -0.9758
    0.8863    0.4488    0.1146
...   116 T-A ...
  -73.9568   34.3638   13.5005
    0.4204   -0.8386   -0.3464
   -0.0544    0.3578   -0.9322
    0.9057    0.4107    0.1048
...   117 A-T ...
  -70.8536   35.5090   13.8780
    0.2232   -0.5334   -0.8159
   -0.2501    0.7777   -0.5768
    0.9422    0.3328    0.0402
...   118 T-A ...
  -67.6194   35.9565   14.2366
    0.0557   -0.0791   -0.9953
   -0.3216    0.9423   -0.0929
    0.9452    0.3253    0.0271
...   119 A-T ...
  -64.4707   37.0292   14.1957
   -0.2100    0.4504   -0.8678
   -0.2642    0.8284    0.4939
    0.9413    0.3330   -0.0549
...   120 A-T ...
  -61.3789   37.9230   13.7862
   -0.3214    0.8395   -0.4381
   -0.0919    0.4328    0.8968
    0.9425    0.3284   -0.0619
...   121 T-A ...
  -58.3376   38.8351   12.9075
   -0.3208    0.9443    0.0732
    0.0866   -0.0477    0.9951
    0.9432    0.3255   -0.0665
...   122 G-C ...
  -55.2438   40.0377   12.9727
   -0.2872    0.7207    0.6310
    0.2828   -0.5655    0.7747
    0.9152    0.4009   -0.0414
...   123 T-A ...
  -52.4877   41.8314   12.5122
   -0.1135    0.3130    0.9429
    0.3934   -0.8574    0.3320
    0.9123    0.4086   -0.0258
...   124 G-C ...
  -49.3866   43.0088   12.6396
    0.0565   -0.2621    0.9634
    0.4047   -0.8761   -0.2621
    0.9127    0.4047    0.0566
...   125 T-A ...
  -46.6390   44.7914   13.1871
    0.2351   -0.6891    0.6855
    0.3118   -0.6145   -0.7247
    0.9206    0.3841    0.0704
...   126 C-G ...
  -43.6417   46.0625   13.5470
    0.3371   -0.9319    0.1338
    0.1158   -0.0999   -0.9882
    0.9343    0.3486    0.0743
...   127 G-C ...
  -40.4926   47.1571   13.4778
    0.2172   -0.8755   -0.4317
   -0.0724    0.4266   -0.9015
    0.9734    0.2271    0.0293
...   128 A-T ...
  -37.3011   47.7965   13.6505
    0.0798   -0.4856   -0.8706
   -0.1760    0.8528   -0.4918
    0.9812    0.1925   -0.0174
...   129 C-G ...
  -34.0156   47.7793   13.7060
   -0.0697    0.0084   -0.9975
   -0.1745    0.9844    0.0205
    0.9822    0.1755   -0.0671
...   130 C-G ...
  -30.7027   48.0451   13.1702
   -0.2510    0.5092   -0.8232
   -0.0719    0.8383    0.5404
    0.9653    0.1948   -0.1738
...   131 A-T ...
  -27.5399   48.8599   12.5313
   -0.3504    0.8636   -0.3626
    0.1319    0.4287    0.8938
    0.9273    0.2653   -0.2641
...   132 A-T ...
  -24.6249   49.7022   11.3793
   -0.2061    0.9569    0.2045
    0.3190   -0.1319    0.9385
    0.9251    0.2586   -0.2781
...   133 A-T ...
  -21.7485   50.6778   10.2164
    0.0374    0.7174    0.6956
    0.3821   -0.6535    0.6534
    0.9233    0.2414   -0.2986
...   134 T-A ...
  -19.0159   52.0244    8.9250
    0.2452    0.2905    0.9249
    0.3073   -0.9281    0.2101
    0.9195    0.2328   -0.3169
...   135 G-C ...
  -16.4637   53.8825    7.5153
    0.5339   -0.3333    0.7771
    0.0346   -0.9097   -0.4139
    0.8449    0.2479   -0.4741
...   136 T-A ...
  -14.1749   56.5547    6.1808
    0.5795   -0.7269    0.3685
   -0.3141   -0.6164   -0.7221
    0.7521    0.3026   -0.5855
...   137 G-C ...
  -11.6538   57.9992    4.7205
    0.2452   -0.9542   -0.1714
   -0.6323   -0.0234   -0.7744
    0.7349    0.2983   -0.6091
...   138 A-T ...
   -8.6758   58.7133    3.6025
   -0.0345   -0.7815   -0.6229
   -0.6536    0.4891   -0.5775
    0.7560    0.3872   -0.5277
...   139 G-C ...
   -6.3275   59.0727    1.6297
   -0.2969   -0.3279   -0.8968
   -0.5657    0.8171   -0.1114
    0.7693    0.4742   -0.4281
...   140 C-G ...
   -3.4369   60.2279    1.0287
   -0.4426    0.2287   -0.8671
   -0.1681    0.9286    0.3308
    0.8808    0.2922   -0.3725
...   141 G-C ...
   -0.6976   63.8912   -2.2509
   -0.9992    0.0157   -0.0376
   -0.0024    0.8991    0.4378
    0.0407    0.4375   -0.8983
...   142 C-G ...
   -1.0064   65.5988   -4.9400
   -0.8337    0.5216    0.1813
    0.5170    0.6219    0.5881
    0.1940    0.5841   -0.7882
...   143 T-A ...
   -0.1332   66.2084   -7.8196
   -0.3753    0.8566    0.3540
    0.8856    0.2187    0.4098
    0.2736    0.4673   -0.8407
...   144 C-G ...
   -0.1666   67.4020  -10.8067
    0.1798    0.8793    0.4411
    0.9277   -0.3007    0.2214
    0.3273    0.3694   -0.8697
...   145 A-T ...
    0.5267   69.2313  -13.4659
    0.7352    0.4964    0.4616
    0.6118   -0.7791   -0.1367
    0.2918    0.3829   -0.8765
...   146 C-G ...
    1.4338   72.0892  -15.6018
    0.9809    0.0621    0.1844
    0.1264   -0.9240   -0.3608
    0.1480    0.3772   -0.9142
...   147 A-T ...
    2.3048   74.2222  -18.3863
    0.8657   -0.4292   -0.2575
   -0.4984   -0.7868   -0.3642
   -0.0463    0.4436   -0.8950
