  147 base-pairs
...     1 A-T ...
    0.0000    0.0000    0.0000
    1.0000    0.0000    0.0000
    0.0000    1.0000    0.0000
    0.0000    0.0000    1.0000
...     2 G-C ...
   -0.1394   -1.2357    3.2268
    0.7529    0.6366    0.1670
   -0.6386    0.7680   -0.0486
   -0.1592   -0.0700    0.9848
...     3 T-A ...
   -0.0365   -3.2932    6.3751
    0.2722    0.9301    0.2466
   -0.9238    0.3243   -0.2033
   -0.2691   -0.1725    0.9475
...     4 G-C ...
   -0.3505   -4.1660    9.4928
   -0.3756    0.9250    0.0579
   -0.8781   -0.3352   -0.3415
   -0.2965   -0.1791    0.9381
...     5 A-T ...
   -0.4462   -4.1476   12.7498
   -0.8116    0.5840   -0.0165
   -0.5523   -0.7762   -0.3042
   -0.1905   -0.2378    0.9524
...     6 G-C ...
   -1.5908   -4.1730   15.6201
   -0.9976    0.0246   -0.0651
   -0.0043   -0.9555   -0.2950
   -0.0695   -0.2940    0.9533
...     7 C-G ...
   -1.1030   -4.4824   18.7362
   -0.8441   -0.5304   -0.0787
    0.5345   -0.8441   -0.0432
   -0.0435   -0.0785    0.9960
...     8 G-C ...
   -2.4028   -7.7290   23.1475
   -0.2754   -0.3293   -0.9032
    0.6650   -0.7437    0.0684
   -0.6942   -0.5818    0.4238
...     9 C-G ...
   -4.4690   -9.9728   24.1132
    0.1145   -0.7025   -0.7024
    0.8512   -0.2952    0.4340
   -0.5122   -0.6476    0.5642
...    10 T-A ...
   -6.7405  -10.8752   25.9697
    0.4841   -0.8363   -0.2574
    0.6595    0.1553    0.7355
   -0.5751   -0.5258    0.6267
...    11 C-G ...
   -9.1656  -12.6208   27.1640
    0.7073   -0.6682    0.2307
    0.3448    0.6110    0.7126
   -0.6171   -0.4245    0.6626
...    12 A-T ...
  -10.9234  -14.6633   29.0693
    0.7515   -0.1377    0.6452
   -0.2029    0.8824    0.4246
   -0.6277   -0.4500    0.6352
...    13 C-G ...
  -11.8476  -17.4863   31.2451
    0.4295    0.2823    0.8578
   -0.5708    0.8209    0.0156
   -0.6998   -0.4963    0.5137
...    14 A-T ...
  -13.5897  -19.7827   33.4259
   -0.1504    0.6104    0.7777
   -0.6874    0.5008   -0.5260
   -0.7106   -0.6136    0.3443
...    15 A-T ...
  -15.7166  -21.7969   34.8013
   -0.4870    0.7992    0.3522
   -0.5001    0.0754   -0.8627
   -0.7161   -0.5963    0.3629
...    16 T-A ...
  -17.7749  -23.5979   36.6175
   -0.6604    0.7405   -0.1248
   -0.2006   -0.3341   -0.9210
   -0.7236   -0.5832    0.3691
...    17 T-A ...
  -20.1005  -25.3158   38.0833
   -0.6567    0.4345   -0.6164
    0.1924   -0.6938   -0.6940
   -0.7292   -0.5744    0.3720
...    18 T-A ...
  -22.5548  -26.9246   39.4657
   -0.4402   -0.0269   -0.8975
    0.5212   -0.8216   -0.2310
   -0.7311   -0.5695    0.3757
...    19 A-T ...
  -24.9456  -28.8950   40.6614
   -0.0254   -0.4731   -0.8806
    0.6653   -0.6655    0.3384
   -0.7462   -0.5773    0.3316
...    20 T-A ...
  -27.7997  -30.3839   41.3560
    0.3076   -0.7441   -0.5930
    0.5887   -0.3408    0.7330
   -0.7475   -0.5746    0.3332
...    21 T-A ...
  -30.3776  -32.1737   42.1847
    0.5775   -0.8127   -0.0771
    0.3181    0.1370    0.9381
   -0.7519   -0.5663    0.3377
...    22 C-G ...
  -32.7983  -34.1229   43.1909
    0.6777   -0.5672    0.4680
   -0.0784    0.5770    0.8130
   -0.7311   -0.5876    0.3466
...    23 G-C ...
  -35.1983  -35.8716   44.6811
    0.6044   -0.0952    0.7910
   -0.4492    0.7793    0.4370
   -0.6580   -0.6194    0.4282
...    24 C-G ...
  -37.0393  -38.2340   46.0621
    0.3053    0.3660    0.8791
   -0.7075    0.7051   -0.0478
   -0.6373   -0.6074    0.4742
...    25 A-T ...
  -39.1660  -40.1642   47.7286
   -0.0597    0.7563    0.6515
   -0.7786    0.3732   -0.5045
   -0.6247   -0.5374    0.5666
...    26 A-T ...
  -40.9702  -41.9043   49.7818
   -0.4700    0.8443    0.2573
   -0.6177   -0.1064   -0.7792
   -0.6305   -0.5252    0.5716
...    27 A-T ...
  -42.8902  -43.4609   51.8745
   -0.7212    0.6555   -0.2241
   -0.2597   -0.5558   -0.7897
   -0.6422   -0.5113    0.5711
...    28 G-C ...
  -45.0267  -44.8407   53.9733
   -0.7009    0.3219   -0.6365
    0.1306   -0.8194   -0.5582
   -0.7012   -0.4744    0.5323
...    29 G-C ...
  -47.6044  -46.0498   55.7712
   -0.4588   -0.1110   -0.8816
    0.4528   -0.8829   -0.1245
   -0.7645   -0.4563    0.4553
...    30 C-G ...
  -50.3950  -47.1899   57.0964
   -0.1092   -0.5413   -0.8337
    0.6082   -0.6998    0.3747
   -0.7863   -0.4661    0.4056
...    31 C-G ...
  -53.2233  -48.7140   58.0832
    0.2916   -0.7922   -0.5360
    0.5428   -0.3243    0.7747
   -0.7876   -0.5169    0.3354
...    32 G-C ...
  -55.5534  -50.6625   59.4436
    0.6101   -0.7907   -0.0498
    0.2568    0.1378    0.9566
   -0.7495   -0.5964    0.2872
...    33 G-C ...
  -57.9828  -52.8949   60.1210
    0.6991   -0.5535    0.4527
   -0.1299    0.5243    0.8416
   -0.7032   -0.6471    0.2946
...    34 C-G ...
  -60.1139  -55.3236   60.8504
    0.5395   -0.1616    0.8264
   -0.4921    0.7359    0.4651
   -0.6833   -0.6576    0.3175
...    35 C-G ...
  -62.1499  -57.7922   61.9315
    0.2428    0.3040    0.9212
   -0.7086    0.7041   -0.0455
   -0.6625   -0.6418    0.3864
...    36 C-G ...
  -64.0907  -60.1434   63.3935
   -0.1104    0.6839    0.7212
   -0.7308    0.4359   -0.5252
   -0.6736   -0.5850    0.4517
...    37 G-C ...
  -66.5490  -61.9408   64.7193
   -0.3898    0.8826    0.2628
   -0.5618   -0.0017   -0.8273
   -0.7297   -0.4701    0.4965
...    38 A-T ...
  -68.8658  -63.4333   66.4434
   -0.5922    0.7553   -0.2808
   -0.2462   -0.5013   -0.8295
   -0.7673   -0.4221    0.4828
...    39 C-G ...
  -71.3062  -64.3119   68.4415
   -0.5926    0.4238   -0.6850
    0.0718   -0.8192   -0.5689
   -0.8023   -0.3863    0.4551
...    40 A-T ...
  -74.0758  -65.5234   69.8363
   -0.3476   -0.0293   -0.9372
    0.3321   -0.9386   -0.0938
   -0.8768   -0.3439    0.3360
...    41 C-G ...
  -77.1879  -66.0484   70.7401
   -0.0952   -0.4856   -0.8690
    0.4357   -0.8052    0.4022
   -0.8951   -0.3403    0.2882
...    42 G-C ...
  -79.9977  -67.6039   71.6076
    0.2471   -0.8078   -0.5352
    0.3499   -0.4407    0.8267
   -0.9036   -0.3916    0.1738
...    43 A-T ...
  -82.9617  -68.9460   72.0005
    0.4150   -0.9087    0.0447
    0.1178    0.1024    0.9877
   -0.9022   -0.4046    0.1495
...    44 C-G ...
  -85.8814  -70.5484   71.8978
    0.4171   -0.7232    0.5504
   -0.1253    0.5541    0.8230
   -0.9002   -0.4122    0.1405
...    45 T-A ...
  -88.7227  -72.2267   72.2280
    0.3134   -0.3160    0.8955
   -0.3320    0.8470    0.4151
   -0.8897   -0.4274    0.1606
...    46 T-A ...
  -91.4926  -73.8937   72.6207
    0.0435    0.2080    0.9772
   -0.4300    0.8867   -0.1696
   -0.9018   -0.4128    0.1280
...    47 A-T ...
  -94.5142  -75.2136   73.0403
   -0.1608    0.7040    0.6918
   -0.3636    0.6093   -0.7046
   -0.9176   -0.3648    0.1580
...    48 C-G ...
  -97.2918  -76.6147   74.0965
   -0.2764    0.9330    0.2306
   -0.2258    0.1702   -0.9592
   -0.9342   -0.3172    0.1636
...    49 T-A ...
 -100.3381  -77.4843   74.9820
   -0.2534    0.9205   -0.2975
   -0.0678   -0.3237   -0.9437
   -0.9650   -0.2190    0.1444
...    50 G-C ...
 -103.6312  -77.8971   75.3627
   -0.0852    0.6385   -0.7649
    0.0381   -0.7650   -0.6429
   -0.9956   -0.0840    0.0408
...    51 T-A ...
 -106.8514  -77.5294   75.6689
    0.0100    0.1746   -0.9846
    0.0499   -0.9835   -0.1739
   -0.9987   -0.0474   -0.0186
...    52 A-T ...
 -110.1426  -77.4355   75.2843
    0.1643   -0.3747   -0.9125
   -0.0331   -0.9266    0.3745
   -0.9859   -0.0314   -0.1646
...    53 G-C ...
 -113.3277  -77.2926   74.4246
    0.1739   -0.7976   -0.5776
   -0.1633   -0.6018    0.7818
   -0.9711   -0.0417   -0.2349
...    54 G-C ...
 -116.4527  -77.5781   73.1779
    0.1018   -0.9935   -0.0499
   -0.2872   -0.0774    0.9547
   -0.9524   -0.0829   -0.2932
...    55 T-A ...
 -119.3845  -77.9873   71.6186
   -0.0765   -0.8859    0.4576
   -0.3043    0.4578    0.8354
   -0.9495   -0.0754   -0.3046
...    56 A-T ...
 -122.6912  -77.6495   70.8828
   -0.3446   -0.3735    0.8612
   -0.1385    0.9276    0.3469
   -0.9285    0.0003   -0.3714
...    57 T-A ...
 -125.6585  -78.3165   69.5612
   -0.3880    0.1534    0.9088
    0.0788    0.9880   -0.1331
   -0.9183    0.0200   -0.3954
...    58 C-G ...
 -128.6528  -78.3658   68.2086
   -0.2304    0.7009    0.6750
    0.3198    0.7097   -0.6278
   -0.9191    0.0712   -0.3876
...    59 T-A ...
 -131.7997  -78.1775   67.2339
    0.0563    0.9537    0.2956
    0.4028    0.2492   -0.8807
   -0.9135    0.1686   -0.3702
...    60 C-G ...
 -134.7881  -77.5688   66.1228
    0.3585    0.9078   -0.2175
    0.2959   -0.3315   -0.8958
   -0.8854    0.2568   -0.3875
...    61 G-C ...
 -137.5439  -76.5347   64.5677
    0.6239    0.5357   -0.5690
    0.0162   -0.7368   -0.6759
   -0.7813    0.4125   -0.4684
...    62 A-T ...
 -139.9010  -74.9871   62.9576
    0.5812   -0.0088   -0.8137
   -0.3783   -0.8882   -0.2606
   -0.7204    0.4594   -0.5196
...    63 G-C ...
 -141.9680  -73.1723   61.1366
    0.3535   -0.4980   -0.7918
   -0.6664   -0.7281    0.1604
   -0.6564    0.4710   -0.5893
...    64 C-G ...
 -143.6956  -71.5382   58.8207
   -0.0515   -0.8251   -0.5626
   -0.7875   -0.3129    0.5310
   -0.6142    0.4704   -0.6337
...    65 T-A ...
 -145.4505  -70.0647   56.4157
   -0.4608   -0.8677   -0.1864
   -0.6650    0.1985    0.7200
   -0.5878    0.4557   -0.6685
...    66 C-G ...
 -147.3389  -68.6555   54.1022
   -0.7852   -0.5594    0.2656
   -0.2536    0.6818    0.6862
   -0.5649    0.4715   -0.6772
...    67 G-C ...
 -149.1302  -66.6169   52.1490
   -0.7624   -0.0858    0.6414
    0.2589    0.8680    0.4238
   -0.5930    0.4892   -0.6396
...    68 G-C ...
 -151.0941  -65.1698   49.8069
   -0.4556    0.3688    0.8102
    0.6556    0.7546    0.0252
   -0.6021    0.5427   -0.5856
...    69 G-C ...
 -153.2576  -63.5756   47.7661
    0.0270    0.6549    0.7553
    0.8168    0.4212   -0.3943
   -0.5763    0.6275   -0.5235
...    70 A-T ...
 -155.1856  -61.5950   46.0720
    0.5299    0.7226    0.4439
    0.6669   -0.0318   -0.7445
   -0.5238    0.6905   -0.4987
...    71 T-A ...
 -157.1284  -59.2003   45.0534
    0.8154    0.5763    0.0559
    0.3238   -0.3739   -0.8691
   -0.4799    0.7267   -0.4914
...    72 C-G ...
 -158.4931  -56.6891   43.5478
    0.8983    0.1992   -0.3916
   -0.2027   -0.6028   -0.7717
   -0.3898    0.7726   -0.5011
...    73 C-G ...
 -159.2392  -53.8230   41.9551
    0.7003   -0.2368   -0.6734
   -0.6646   -0.5607   -0.4939
   -0.2606    0.7935   -0.5500
...    74 G-C ...
 -159.9490  -51.4899   39.6660
    0.2483   -0.5893   -0.7688
   -0.9607   -0.2515   -0.1176
   -0.1241    0.7678   -0.6286
...    75 C-G ...
 -159.8662  -49.0952   37.3595
   -0.3154   -0.6450   -0.6961
   -0.9455    0.1513    0.2882
   -0.0806    0.7491   -0.6575
...    76 T-A ...
 -159.8538  -46.8060   34.9467
   -0.7733   -0.4664   -0.4295
   -0.6312    0.5023    0.5911
   -0.0599    0.7282   -0.6828
...    77 T-A ...
 -159.7661  -44.6153   32.5176
   -0.9983   -0.0243   -0.0524
   -0.0553    0.6645    0.7452
    0.0167    0.7469   -0.6647
...    78 T-A ...
 -159.6267  -42.4161   30.1052
   -0.8387    0.4125    0.3555
    0.5379    0.5262    0.6586
    0.0846    0.7436   -0.6632
...    79 A-T ...
 -158.8891  -39.8477   28.0559
   -0.3160    0.6512    0.6900
    0.9403    0.1181    0.3191
    0.1263    0.7497   -0.6496
...    80 A-T ...
 -158.6843  -37.4042   25.9428
    0.2673    0.5835    0.7669
    0.9511   -0.2877   -0.1126
    0.1549    0.7595   -0.6318
...    81 C-G ...
 -158.6595  -34.6729   24.1536
    0.7061    0.2988    0.6420
    0.6782   -0.5461   -0.4917
    0.2037    0.7826   -0.5883
...    82 A-T ...
 -157.8033  -32.0024   22.3135
    0.9133   -0.1791    0.3659
    0.2005   -0.5841   -0.7865
    0.3546    0.7917   -0.4975
...    83 C-G ...
 -156.4998  -29.1724   21.3277
    0.8611   -0.5055   -0.0549
   -0.2808   -0.3827   -0.8801
    0.4239    0.7733   -0.4715
...    84 T-A ...
 -154.7197  -26.6867   20.0837
    0.5508   -0.6931   -0.4651
   -0.6555   -0.0142   -0.7551
    0.5167    0.7207   -0.4621
...    85 T-A ...
 -152.7802  -24.4414   18.7684
    0.0840   -0.5737   -0.8148
   -0.8380    0.4017   -0.3692
    0.5391    0.7138   -0.4470
...    86 T-A ...
 -150.7285  -22.3062   17.4089
   -0.3920   -0.2065   -0.8965
   -0.7262    0.6677    0.1637
    0.5648    0.7152   -0.4117
...    87 T-A ...
 -148.6191  -20.2356   16.0190
   -0.7060    0.2646   -0.6569
   -0.3659    0.6579    0.6583
    0.6063    0.7051   -0.3677
...    88 C-G ...
 -146.5771  -17.9891   14.7281
   -0.7796    0.6118   -0.1342
    0.1241    0.3610    0.9243
    0.6139    0.7039   -0.3573
...    89 A-T ...
 -144.3759  -15.6534   13.8747
   -0.5994    0.6607    0.4518
    0.5497   -0.0705    0.8324
    0.5818    0.7473   -0.3209
...    90 T-A ...
 -142.9427  -13.0924   12.3781
   -0.2398    0.5328    0.8116
    0.7677   -0.4076    0.4944
    0.5942    0.7416   -0.3113
...    91 G-C ...
 -140.8473  -10.6365   11.5529
    0.1467    0.1201    0.9819
    0.7739   -0.6322   -0.0383
    0.6161    0.7655   -0.1857
...    92 T-A ...
 -139.2621   -7.7846   11.2472
    0.4818   -0.2670    0.8346
    0.5903   -0.6050   -0.5343
    0.6476    0.7501   -0.1339
...    93 T-A ...
 -137.2303   -5.2855   11.0534
    0.6923   -0.5944    0.4092
    0.2361   -0.3492   -0.9068
    0.6819    0.7244   -0.1014
...    94 A-T ...
 -134.7499   -3.0548   11.1223
    0.5987   -0.7907   -0.1279
   -0.1281    0.0631   -0.9898
    0.7906    0.6090   -0.0636
...    95 T-A ...
 -131.9939   -1.3269   11.5543
    0.4418   -0.6641   -0.6032
   -0.3960    0.4590   -0.7953
    0.8050    0.5902   -0.0602
...    96 A-T ...
 -129.2527    0.5462   11.2453
    0.0870   -0.2972   -0.9508
   -0.5446    0.7850   -0.2952
    0.8342    0.5435   -0.0935
...    97 A-T ...
 -126.3660    2.0221   10.9523
   -0.2167    0.2202   -0.9511
   -0.4916    0.8171    0.3012
    0.8434    0.5329   -0.0688
...    98 C-G ...
 -123.3339    3.2885   10.3668
   -0.4465    0.6143   -0.6505
   -0.2953    0.5851    0.7553
    0.8446    0.5294   -0.0799
...    99 G-C ...
 -120.6357    5.2592   10.4948
   -0.5953    0.7968   -0.1039
    0.0190    0.1432    0.9895
    0.8033    0.5871   -0.1004
...   100 G-C ...
 -117.9704    7.2363    9.9067
   -0.5428    0.7041    0.4579
    0.3396   -0.3146    0.8864
    0.7681    0.6366   -0.0683
...   101 A-T ...
 -115.4711    9.3235    9.5916
   -0.2691    0.3657    0.8910
    0.5845   -0.6732    0.4529
    0.7655    0.6427   -0.0326
...   102 A-T ...
 -113.1621   11.5938    9.4764
    0.0949   -0.0847    0.9919
    0.6281   -0.7679   -0.1256
    0.7723    0.6349   -0.0197
...   103 T-A ...
 -111.0626   14.1009    9.7115
    0.3784   -0.4694    0.7978
    0.4968   -0.6242   -0.6030
    0.7810    0.6245   -0.0030
...   104 G-C ...
 -108.2988   15.9665    9.8752
    0.4806   -0.8118    0.3318
    0.2351   -0.2452   -0.9405
    0.8448    0.5300    0.0730
...   105 C-G ...
 -105.5118   17.5679   10.6238
    0.4785   -0.8480   -0.2278
   -0.0370    0.2397   -0.9701
    0.8773    0.4726    0.0834
...   106 T-A ...
 -102.4918   18.7997   11.1717
    0.3264   -0.6331   -0.7019
   -0.2428    0.6615   -0.7095
    0.9135    0.4020    0.0622
...   107 T-A ...
  -99.4406   19.8455   11.5276
    0.1320   -0.1517   -0.9796
   -0.3743    0.9074   -0.1910
    0.9179    0.3919    0.0630
...   108 C-G ...
  -96.3773   21.0014   11.6069
   -0.1338    0.3969   -0.9081
   -0.3610    0.8338    0.4176
    0.9229    0.3837    0.0317
...   109 C-G ...
  -93.2108   22.1426   11.3743
   -0.3705    0.7579   -0.5369
   -0.2039    0.4976    0.8431
    0.9062    0.4219   -0.0299
...   110 G-C ...
  -90.3022   23.7691   11.6304
   -0.4978    0.8668    0.0303
    0.0641    0.0019    0.9979
    0.8649    0.4987   -0.0565
...   111 G-C ...
  -87.4918   25.5724   11.1890
   -0.4426    0.6918    0.5705
    0.3367   -0.4615    0.8208
    0.8311    0.5554   -0.0287
...   112 C-G ...
  -84.9604   27.6840   10.8695
   -0.2210    0.3070    0.9257
    0.5265   -0.7614    0.3783
    0.8209    0.5710    0.0067
...   113 T-A ...
  -82.4547   29.8438   11.0040
    0.0392   -0.1696    0.9847
    0.5736   -0.8031   -0.1611
    0.8182    0.5712    0.0658
...   114 C-G ...
  -79.8275   31.7670   11.3355
    0.3329   -0.6271    0.7042
    0.4472   -0.5524   -0.7034
    0.8302    0.5491    0.0966
...   115 G-C ...
  -76.8907   33.3445   11.4756
    0.4129   -0.8907    0.1902
    0.2134   -0.1084   -0.9709
    0.8854    0.4415    0.1453
...   116 T-A ...
  -74.0524   34.6194   12.5778
    0.4248   -0.8382   -0.3420
   -0.0249    0.3668   -0.9300
    0.9049    0.4036    0.1350
...   117 A-T ...
  -70.9521   35.7343   13.0618
    0.2417   -0.5287   -0.8137
   -0.2279    0.7841   -0.5772
    0.9432    0.3250    0.0691
...   118 T-A ...
  -67.7262   36.1534   13.5129
    0.0820   -0.0722   -0.9940
   -0.3116    0.9455   -0.0944
    0.9467    0.3175    0.0550
...   119 A-T ...
  -64.5647   37.1884   13.5574
   -0.1857    0.4556   -0.8706
   -0.2702    0.8282    0.4910
    0.9447    0.3264   -0.0307
...   120 A-T ...
  -61.4586   38.0634   13.2258
   -0.3059    0.8431   -0.4423
   -0.1097    0.4302    0.8960
    0.9457    0.3226   -0.0391
...   121 T-A ...
  -58.3926   38.9592   12.4200
   -0.3167    0.9460    0.0693
    0.0640   -0.0516    0.9966
    0.9464    0.3200   -0.0442
...   122 G-C ...
  -55.2940   40.1438   12.5625
   -0.2959    0.7203    0.6274
    0.2632   -0.5699    0.7784
    0.9183    0.3954   -0.0209
...   123 T-A ...
  -52.5172   41.9226   12.1657
   -0.1300    0.3105    0.9417
    0.3816   -0.8609    0.3365
    0.9151    0.4031   -0.0066
...   124 G-C ...
  -49.4089   43.0726   12.3559
    0.0388   -0.2661    0.9632
    0.4042   -0.8774   -0.2587
    0.9139    0.3993    0.0735
...   125 T-A ...
  -46.6591   44.8388   12.9550
    0.2211   -0.6929    0.6863
    0.3198   -0.6133   -0.7222
    0.9213    0.3792    0.0860
...   126 C-G ...
  -43.6613   46.0978   13.3625
    0.3313   -0.9339    0.1346
    0.1289   -0.0965   -0.9869
    0.9347    0.3443    0.0884
...   127 G-C ...
  -40.5096   47.1892   13.3392
    0.2190   -0.8747   -0.4324
   -0.0606    0.4301   -0.9008
    0.9738    0.2235    0.0412
...   128 A-T ...
  -37.3192   47.8209   13.5521
    0.0868   -0.4833   -0.8711
   -0.1683    0.8547   -0.4910
    0.9819    0.1893   -0.0071
...   129 C-G ...
  -34.0358   47.7931   13.6408
   -0.0613    0.0109   -0.9981
   -0.1717    0.9849    0.0213
    0.9832    0.1727   -0.0585
...   130 C-G ...
  -30.7176   48.0473   13.1328
   -0.2444    0.5109   -0.8242
   -0.0736    0.8377    0.5411
    0.9669    0.1929   -0.1671
...   131 A-T ...
  -27.5493   48.8550   12.5068
   -0.3480    0.8639   -0.3640
    0.1282    0.4285    0.8944
    0.9287    0.2646   -0.2599
...   132 A-T ...
  -24.6298   49.6980   11.3679
   -0.2070    0.9569    0.2038
    0.3160   -0.1318    0.9396
    0.9259    0.2589   -0.2751
...   133 A-T ...
  -21.7506   50.6761   10.2134
    0.0360    0.7175    0.6957
    0.3812   -0.6533    0.6541
    0.9238    0.2416   -0.2970
...   134 T-A ...
  -19.0160   52.0244    8.9250
    0.2452    0.2905    0.9249
    0.3073   -0.9281    0.2101
    0.9195    0.2328   -0.3169
...   135 G-C ...
  -16.4637   53.8825    7.5153
    0.5339   -0.3333    0.7771
    0.0346   -0.9097   -0.4139
    0.8449    0.2479   -0.4741
...   136 T-A ...
  -14.1749   56.5547    6.1808
    0.5795   -0.7269    0.3685
   -0.3141   -0.6164   -0.7221
    0.7521    0.3026   -0.5855
...   137 G-C ...
  -11.6538   57.9992    4.7205
    0.2452   -0.9542   -0.1714
   -0.6323   -0.0234   -0.7744
    0.7349    0.2983   -0.6091
...   138 A-T ...
   -8.6758   58.7133    3.6025
   -0.0345   -0.7815   -0.6229
   -0.6536    0.4891   -0.5775
    0.7560    0.3872   -0.5277
...   139 G-C ...
   -6.3275   59.0727    1.6297
   -0.2969   -0.3279   -0.8968
   -0.5657    0.8171   -0.1114
    0.7693    0.4742   -0.4281
...   140 C-G ...
   -3.4369   60.2279    1.0287
   -0.4426    0.2287   -0.8671
   -0.1681    0.9286    0.3308
    0.8808    0.2922   -0.3725
...   141 G-C ...
   -0.6976   63.8912   -2.2509
   -0.9992    0.0157   -0.0376
   -0.0024    0.8991    0.4378
    0.0407    0.4375   -0.8983
...   142 C-G ...
   -1.0064   65.5988   -4.9400
   -0.8337    0.5216    0.1813
    0.5170    0.6219    0.5881
    0.1940    0.5841   -0.7882
...   143 T-A ...
   -0.1332   66.2084   -7.8195
   -0.3753    0.8566    0.3540
    0.8856    0.2187    0.4098
    0.2736    0.4673   -0.8407
...   144 C-G ...
   -0.1666   67.4020  -10.8067
    0.1797    0.8793    0.4411
    0.9277   -0.3007    0.2214
    0.3273    0.3694   -0.8697
...   145 A-T ...
    0.5267   69.2313  -13.4659
    0.7352    0.4964    0.4616
    0.6118   -0.7791   -0.1367
    0.2918    0.3829   -0.8765
...   146 C-G ...
    1.4338   72.0892  -15.6018
    0.9809    0.0621    0.1844
    0.1264   -0.9240   -0.3608
    0.1480    0.3772   -0.9142
...   147 A-T ...
    2.3047   74.2222  -18.3862
    0.8657   -0.4292   -0.2575
   -0.4984   -0.7868   -0.3642
   -0.0463    0.4436   -0.8950
