  147 base-pairs
...     1 A-T ...
    0.0000    0.0000    0.0000
    1.0000    0.0000    0.0000
    0.0000    1.0000    0.0000
    0.0000    0.0000    1.0000
...     2 G-C ...
   -0.1394   -1.2357    3.2268
    0.7529    0.6366    0.1670
   -0.6386    0.7680   -0.0486
   -0.1592   -0.0700    0.9848
...     3 T-A ...
   -0.0365   -3.2932    6.3751
    0.2722    0.9301    0.2466
   -0.9238    0.3243   -0.2033
   -0.2691   -0.1725    0.9475
...     4 G-C ...
   -0.3505   -4.1660    9.4928
   -0.3756    0.9250    0.0579
   -0.8781   -0.3352   -0.3415
   -0.2965   -0.1791    0.9381
...     5 A-T ...
   -0.4462   -4.1476   12.7498
   -0.8116    0.5840   -0.0165
   -0.5523   -0.7762   -0.3042
   -0.1905   -0.2378    0.9524
...     6 G-C ...
   -1.5908   -4.1730   15.6201
   -0.9976    0.0246   -0.0651
   -0.0043   -0.9555   -0.2950
   -0.0695   -0.2940    0.9533
...     7 C-G ...
   -1.1030   -4.4824   18.7362
   -0.8441   -0.5304   -0.0787
    0.5345   -0.8441   -0.0432
   -0.0435   -0.0785    0.9960
...     8 G-C ...
   -2.4028   -7.7290   23.1475
   -0.2754   -0.3293   -0.9032
    0.6650   -0.7437    0.0684
   -0.6942   -0.5818    0.4238
...     9 C-G ...
   -4.4690   -9.9728   24.1132
    0.1145   -0.7025   -0.7024
    0.8512   -0.2952    0.4340
   -0.5122   -0.6476    0.5642
...    10 T-A ...
   -6.7405  -10.8752   25.9697
    0.4841   -0.8363   -0.2574
    0.6595    0.1553    0.7355
   -0.5751   -0.5258    0.6267
...    11 C-G ...
   -9.1656  -12.6208   27.1640
    0.7073   -0.6682    0.2307
    0.3448    0.6110    0.7126
   -0.6171   -0.4245    0.6626
...    12 A-T ...
  -10.9234  -14.6633   29.0693
    0.7515   -0.1377    0.6452
   -0.2029    0.8824    0.4246
   -0.6277   -0.4500    0.6352
...    13 C-G ...
  -11.8476  -17.4863   31.2451
    0.4295    0.2823    0.8578
   -0.5708    0.8209    0.0156
   -0.6998   -0.4963    0.5137
...    14 A-T ...
  -13.5897  -19.7827   33.4259
   -0.1504    0.6104    0.7777
   -0.6874    0.5008   -0.5260
   -0.7106   -0.6136    0.3443
...    15 A-T ...
  -15.7332  -21.8895   34.6883
   -0.5427    0.7765    0.3202
   -0.4517    0.0515   -0.8907
   -0.7081   -0.6280    0.3228
...    16 T-A ...
  -17.8177  -23.8328   36.3543
   -0.6978    0.6902   -0.1916
   -0.0973   -0.3563   -0.9293
   -0.7096   -0.6298    0.3158
...    17 T-A ...
  -20.1316  -25.7723   37.5549
   -0.6156    0.3549   -0.7037
    0.3346   -0.6907   -0.6411
   -0.7135   -0.6301    0.3064
...    18 T-A ...
  -22.5584  -27.6500   38.6191
   -0.2944   -0.1102   -0.9493
    0.6303   -0.7691   -0.1062
   -0.7184   -0.6296    0.2959
...    19 A-T ...
  -24.7737  -30.0280   39.5632
    0.1965   -0.5501   -0.8117
    0.6592   -0.5387    0.5246
   -0.7258   -0.6382    0.2568
...    20 T-A ...
  -27.5095  -31.8541   39.8755
    0.5099   -0.7515   -0.4187
    0.4565   -0.1762    0.8721
   -0.7291   -0.6358    0.2532
...    21 T-A ...
  -29.9681  -33.9210   40.4337
    0.6661   -0.7228    0.1840
    0.0656    0.3025    0.9509
   -0.7429   -0.6213    0.2489
...    22 C-G ...
  -32.3655  -36.0779   41.1812
    0.5767   -0.3799    0.7233
   -0.3609    0.6758    0.6427
   -0.7329   -0.6317    0.2526
...    23 G-C ...
  -35.0003  -37.9156   42.2636
    0.3186    0.1420    0.9372
   -0.6426    0.7592    0.1034
   -0.6969   -0.6352    0.3331
...    24 C-G ...
  -37.0192  -40.3226   43.4219
   -0.0710    0.5707    0.8181
   -0.7099    0.5472   -0.4434
   -0.7007   -0.6123    0.3663
...    25 A-T ...
  -39.5523  -42.2622   44.4757
   -0.4089    0.8389    0.3593
   -0.5417    0.0937   -0.8353
   -0.7344   -0.5362    0.4161
...    26 A-T ...
  -41.8548  -43.9537   46.0187
   -0.6403    0.7413   -0.2014
   -0.2005   -0.4144   -0.8878
   -0.7415   -0.5281    0.4139
...    27 A-T ...
  -44.2844  -45.5043   47.5120
   -0.6284    0.3654   -0.6868
    0.2060   -0.7731   -0.5999
   -0.7501   -0.5184    0.4105
...    28 G-C ...
  -46.9510  -46.9504   48.8863
   -0.3636   -0.0856   -0.9276
    0.4982   -0.8593   -0.1160
   -0.7871   -0.5043    0.3551
...    29 G-C ...
  -49.8350  -48.4856   49.7919
    0.0373   -0.5192   -0.8538
    0.5844   -0.6818    0.4401
   -0.8106   -0.5153    0.2780
...    30 C-G ...
  -52.7416  -50.0712   50.3144
    0.3838   -0.7995   -0.4620
    0.4437   -0.2792    0.8516
   -0.8098   -0.5318    0.2476
...    31 C-G ...
  -55.4919  -52.0095   50.8233
    0.6136   -0.7844    0.0903
    0.1276    0.2114    0.9690
   -0.7792   -0.5831    0.2298
...    32 G-C ...
  -58.0893  -53.8465   51.9918
    0.6347   -0.4612    0.6200
   -0.2646    0.6241    0.7352
   -0.7260   -0.6307    0.2741
...    33 G-C ...
  -60.4402  -56.1826   52.7617
    0.4300    0.0208    0.9026
   -0.5762    0.7760    0.2566
   -0.6951   -0.6304    0.3456
...    34 C-G ...
  -62.4610  -58.5963   53.8789
    0.0708    0.4843    0.8720
   -0.7153    0.6340   -0.2940
   -0.6953   -0.6029    0.3913
...    35 C-G ...
  -64.6025  -60.7429   55.3886
   -0.2653    0.8135    0.5175
   -0.6439    0.2500   -0.7231
   -0.7176   -0.5251    0.4575
...    36 C-G ...
  -66.9138  -62.3951   57.2121
   -0.5005    0.8655   -0.0201
   -0.4103   -0.2575   -0.8748
   -0.7623   -0.4296    0.4840
...    37 G-C ...
  -69.7387  -63.7810   58.4685
   -0.5454    0.6106   -0.5743
   -0.0997   -0.7275   -0.6788
   -0.8323   -0.3130    0.4576
...    38 A-T ...
  -72.5718  -64.6613   59.9073
   -0.4689    0.0557   -0.8815
    0.2224   -0.9584   -0.1789
   -0.8548   -0.2799    0.4370
...    39 C-G ...
  -75.6385  -64.9720   61.1995
   -0.2621   -0.4697   -0.8430
    0.4192   -0.8422    0.3390
   -0.8692   -0.2645    0.4177
...    40 A-T ...
  -78.4079  -66.1528   62.6665
    0.0851   -0.8699   -0.4859
    0.4633   -0.3972    0.7922
   -0.8821   -0.2925    0.3692
...    41 C-G ...
  -81.5925  -67.0649   63.2898
    0.3223   -0.9462    0.0297
    0.3378    0.1443    0.9301
   -0.8843   -0.2897    0.3661
...    42 G-C ...
  -84.4551  -67.8470   64.9226
    0.5201   -0.6571    0.5457
    0.0871    0.6764    0.7314
   -0.8496   -0.3329    0.4090
...    43 A-T ...
  -87.3182  -68.9560   66.1428
    0.4877   -0.1032    0.8669
   -0.2285    0.9433    0.2408
   -0.8426   -0.3155    0.4364
...    44 C-G ...
  -89.8633  -70.5644   67.5432
    0.3226    0.4329    0.8417
   -0.4491    0.8528   -0.2665
   -0.8332   -0.2920    0.4695
...    45 T-A ...
  -92.4440  -71.6735   69.3192
    0.1055    0.8487    0.5182
   -0.5626    0.4807   -0.6726
   -0.8200   -0.2206    0.5282
...    46 T-A ...
  -94.9884  -72.3822   71.1839
   -0.1958    0.9806    0.0132
   -0.5309   -0.0946   -0.8422
   -0.8245   -0.1719    0.5391
...    47 A-T ...
  -97.8465  -72.7658   72.8901
   -0.3813    0.7447   -0.5477
   -0.3559   -0.6651   -0.6565
   -0.8532   -0.0554    0.5187
...    48 C-G ...
 -100.5053  -72.3154   74.8167
   -0.4845    0.2721   -0.8314
   -0.1281   -0.9622   -0.2403
   -0.8654   -0.0100    0.5011
...    49 T-A ...
 -103.4718  -71.9815   76.3018
   -0.4428   -0.3055   -0.8430
    0.1109   -0.9516    0.2866
   -0.8897    0.0334    0.4553
...    50 G-C ...
 -106.4407  -72.2961   77.8294
   -0.2566   -0.8257   -0.5024
    0.3198   -0.5631    0.7620
   -0.9121    0.0349    0.4085
...    51 T-A ...
 -109.7174  -72.0021   78.6148
   -0.0498   -0.9987    0.0091
    0.4110   -0.0122    0.9115
   -0.9103    0.0491    0.4111
...    52 A-T ...
 -112.4995  -71.3331   80.5869
    0.1590   -0.7142    0.6817
    0.3845    0.6807    0.6235
   -0.9093    0.1630    0.3828
...    53 G-C ...
 -115.6270  -70.9983   81.7389
    0.3914   -0.2214    0.8932
    0.2585    0.9580    0.1242
   -0.8832    0.1822    0.4321
...    54 G-C ...
 -118.7209  -70.5879   83.0905
    0.5557    0.3354    0.7608
    0.0149    0.9108   -0.4125
   -0.8313    0.2406    0.5011
...    55 T-A ...
 -121.3139  -70.2592   85.1066
    0.5306    0.7523    0.3907
   -0.2765    0.5892   -0.7592
   -0.8013    0.2948    0.5206
...    56 A-T ...
 -123.8415  -69.1080   86.9751
    0.4060    0.8913   -0.2016
   -0.5623    0.0698   -0.8240
   -0.7204    0.4479    0.5295
...    57 T-A ...
 -125.6929  -67.5025   89.1269
    0.0946    0.7834   -0.6143
   -0.7043   -0.3835   -0.5974
   -0.7036    0.4892    0.5155
...    58 C-G ...
 -127.9382  -65.6597   90.6392
   -0.3092    0.3756   -0.8737
   -0.6601   -0.7461   -0.0871
   -0.6846    0.5498    0.4786
...    59 T-A ...
 -130.0884  -63.4906   91.9643
   -0.5926   -0.1223   -0.7962
   -0.4286   -0.7890    0.4402
   -0.6820    0.6021    0.4152
...    60 C-G ...
 -132.4503  -61.4624   93.1028
   -0.7437   -0.5705   -0.3485
    0.0037   -0.5247    0.8513
   -0.6685    0.6318    0.3924
...    61 G-C ...
 -134.7016  -59.6125   94.8412
   -0.5814   -0.7802    0.2309
    0.4295   -0.0533    0.9015
   -0.6910    0.6233    0.3661
...    62 A-T ...
 -136.9964  -57.4498   95.9099
   -0.2024   -0.6276    0.7518
    0.7157    0.4292    0.5510
   -0.6685    0.6496    0.3622
...    63 G-C ...
 -139.4150  -55.3952   96.9885
    0.2575   -0.3034    0.9174
    0.7315    0.6816    0.0201
   -0.6314    0.6659    0.3974
...    64 C-G ...
 -141.8268  -53.4322   98.2365
    0.6586    0.0947    0.7465
    0.4812    0.7097   -0.5146
   -0.5785    0.6982    0.4218
...    65 T-A ...
 -143.7426  -51.2605   99.8629
    0.8687    0.3898    0.3057
    0.0532    0.5401   -0.8399
   -0.4925    0.7459    0.4484
...    66 C-G ...
 -145.2918  -48.8071  101.3657
    0.7755    0.5618   -0.2879
   -0.4730    0.2151   -0.8544
   -0.4181    0.7988    0.4326
...    67 G-C ...
 -146.5980  -45.8781  102.4369
    0.4468    0.4342   -0.7822
   -0.8494   -0.0686   -0.5233
   -0.2809    0.8982    0.3381
...    68 G-C ...
 -147.0472  -42.6210  103.2363
   -0.0668    0.2237   -0.9724
   -0.9752   -0.2207    0.0162
   -0.2110    0.9493    0.2329
...    69 G-C ...
 -147.5360  -39.2548  103.4090
   -0.5871   -0.0085   -0.8094
   -0.7877   -0.2243    0.5737
   -0.1864    0.9745    0.1250
...    70 A-T ...
 -148.2056  -35.9971  103.5656
   -0.9511   -0.1321   -0.2792
   -0.2627   -0.1296    0.9561
   -0.1625    0.9827    0.0886
...    71 T-A ...
 -148.6810  -32.7173  103.1325
   -0.9511   -0.1301    0.2803
    0.2876   -0.0409    0.9569
   -0.1130    0.9907    0.0763
...    72 C-G ...
 -149.0815  -29.4098  103.2602
   -0.5645   -0.0944    0.8200
    0.8214    0.0341    0.5693
   -0.0817    0.9949    0.0583
...    73 C-G ...
 -149.5137  -26.0272  103.2496
    0.0146   -0.1023    0.9946
    0.9984    0.0555   -0.0089
   -0.0543    0.9932    0.1030
...    74 G-C ...
 -149.2282  -22.6374  103.1931
    0.5951   -0.1564    0.7883
    0.8019    0.0510   -0.5952
    0.0529    0.9864    0.1558
...    75 C-G ...
 -149.3862  -19.4007  103.9398
    0.9331   -0.1734    0.3151
    0.3354    0.1029   -0.9365
    0.1299    0.9795    0.1541
...    76 T-A ...
 -148.8140  -16.2398  104.7202
    0.9472   -0.2027   -0.2483
   -0.2109    0.1895   -0.9590
    0.2414    0.9607    0.1367
...    77 T-A ...
 -147.8567  -13.2077  105.2388
    0.6434   -0.1319   -0.7541
   -0.7026    0.2894   -0.6501
    0.3040    0.9481    0.0935
...    78 C-G ...
 -146.6499  -10.1783  105.3336
    0.0866   -0.0027   -0.9962
   -0.9293    0.3602   -0.0818
    0.3591    0.9329    0.0287
...    79 A-T ...
 -145.5419   -7.0150  105.1103
   -0.5008    0.1104   -0.8585
   -0.7795    0.3737    0.5027
    0.3763    0.9210   -0.1011
...    80 T-A ...
 -143.8890   -4.2759  104.2545
   -0.8271    0.3057   -0.4717
   -0.3967    0.2771    0.8751
    0.3982    0.9109   -0.1079
...    81 G-C ...
 -142.7875   -1.1228  104.1476
   -0.9051    0.3924    0.1640
    0.2082    0.0725    0.9754
    0.3708    0.9169   -0.1473
...    82 T-A ...
 -141.8071    1.9297  103.0579
   -0.6329    0.3845    0.6720
    0.6708   -0.1610    0.7239
    0.3865    0.9090   -0.1560
...    83 T-A ...
 -140.7185    4.9132  102.2568
   -0.0738    0.2659    0.9612
    0.9027   -0.3919    0.1778
    0.4239    0.8808   -0.2111
...    84 A-T ...
 -138.7452    7.5248  101.2053
    0.5661   -0.0356    0.8235
    0.6959   -0.5149   -0.5006
    0.4418    0.8565   -0.2667
...    85 T-A ...
 -137.6594   10.6040  100.7810
    0.8397   -0.3090    0.4466
    0.2931   -0.4345   -0.8517
    0.4572    0.8460   -0.2742
...    86 A-T ...
 -136.0154   13.3303   99.7113
    0.7898   -0.5996   -0.1287
   -0.2681   -0.1489   -0.9518
    0.5516    0.7863   -0.2784
...    87 A-T ...
 -134.0726   15.7900   98.9217
    0.4626   -0.6154   -0.6382
   -0.6645    0.2358   -0.7091
    0.5868    0.7521   -0.2999
...    88 C-G ...
 -131.6302   17.8787   98.1785
    0.0044   -0.4330   -0.9014
   -0.7892    0.5521   -0.2691
    0.6142    0.7125   -0.3393
...    89 G-C ...
 -129.8547   20.3041   96.5900
   -0.5173   -0.1110   -0.8486
   -0.5918    0.7627    0.2609
    0.6183    0.6371   -0.4602
...    90 G-C ...
 -127.8413   22.1853   94.5771
   -0.7984    0.3028   -0.5205
   -0.1579    0.7288    0.6662
    0.5811    0.6141   -0.5341
...    91 A-T ...
 -125.9818   24.1681   92.6601
   -0.7201    0.6938    0.0003
    0.3821    0.3963    0.8348
    0.5791    0.6013   -0.5505
...    92 T-A ...
 -124.4515   25.9383   90.2862
   -0.3851    0.8188    0.4258
    0.7029   -0.0388    0.7102
    0.5980    0.5728   -0.5606
...    93 T-A ...
 -122.6969   27.7761   88.2239
    0.1492    0.6558    0.7400
    0.7783   -0.5395    0.3212
    0.6099    0.5280   -0.5909
...    94 A-T ...
 -120.2400   28.9482   86.0970
    0.6635    0.1356    0.7357
    0.4454   -0.8618   -0.2428
    0.6011    0.4889   -0.6322
...    95 A-T ...
 -118.3526   30.7057   84.1116
    0.7992   -0.4039    0.4451
   -0.0478   -0.7809   -0.6228
    0.5991    0.4765   -0.6435
...    96 C-G ...
 -116.2113   32.6267   82.4591
    0.6190   -0.7831    0.0596
   -0.4733   -0.4325   -0.7674
    0.6267    0.4469   -0.6384
...    97 A-T ...
 -114.2064   33.9471   80.0902
    0.1444   -0.9313   -0.3345
   -0.7274    0.1293   -0.6740
    0.6709    0.3407   -0.6587
...    98 C-G ...
 -111.5459   34.7168   78.2549
   -0.3006   -0.7237   -0.6212
   -0.6747    0.6217   -0.3978
    0.6741    0.2996   -0.6752
...    99 T-A ...
 -109.2056   35.3267   75.9457
   -0.6649   -0.2728   -0.6953
   -0.3662    0.9304   -0.0149
    0.6510    0.2448   -0.7185
...   100 T-A ...
 -107.0490   35.8607   73.5600
   -0.7413    0.3394   -0.5790
    0.1067    0.9113    0.3977
    0.6626    0.2331   -0.7118
...   101 T-A ...
 -104.9543   36.3724   71.1075
   -0.5083    0.8249   -0.2473
    0.5293    0.5258    0.6659
    0.6793    0.2075   -0.7039
...   102 A-T ...
 -102.2232   37.0789   69.1360
    0.0208    0.9724    0.2322
    0.7221   -0.1752    0.6692
    0.6914    0.1537   -0.7059
...   103 T-A ...
 -100.4591   37.8244   66.4234
    0.4128    0.7347    0.5383
    0.5961   -0.6648    0.4503
    0.6887    0.1350   -0.7124
...   104 G-C ...
  -97.9517   38.0113   64.1894
    0.6392    0.1714    0.7497
    0.2326   -0.9723    0.0239
    0.7330    0.1591   -0.6613
...   105 C-G ...
  -95.5392   38.9371   62.0620
    0.6262   -0.4174    0.6585
   -0.1726   -0.8979   -0.4050
    0.7603    0.1399   -0.6344
...   106 T-A ...
  -92.8458   39.5237   60.1804
    0.3748   -0.8529    0.3635
   -0.4783   -0.5138   -0.7122
    0.7942    0.0931   -0.6005
...   107 T-A ...
  -90.1498   39.8624   58.3972
    0.0132   -0.9925   -0.1214
   -0.6070    0.0885   -0.7898
    0.7946    0.0842   -0.6012
...   108 C-G ...
  -87.5009   39.9872   56.4334
   -0.3855   -0.7360   -0.5565
   -0.4751    0.6754   -0.5641
    0.7910    0.0469   -0.6100
...   109 C-G ...
  -84.8527   39.7461   54.3165
   -0.6446   -0.2235   -0.7312
   -0.1422    0.9747   -0.1725
    0.7512   -0.0072   -0.6600
...   110 G-C ...
  -82.4490   40.0901   51.9336
   -0.6694    0.3926   -0.6307
    0.2941    0.9197    0.2603
    0.6822   -0.0112   -0.7311
...   111 G-C ...
  -80.3507   39.8898   49.2566
   -0.4275    0.8464   -0.3175
    0.6379    0.5313    0.5575
    0.6405    0.0358   -0.7671
...   112 C-G ...
  -78.5456   39.9187   46.4250
   -0.0114    0.9964    0.0842
    0.7723   -0.0447    0.6337
    0.6351    0.0722   -0.7690
...   113 T-A ...
  -76.6471   40.3360   43.6987
    0.3868    0.7969    0.4640
    0.6584   -0.5910    0.4661
    0.6456    0.1252   -0.7533
...   114 C-G ...
  -74.5351   40.8164   41.1997
    0.6883    0.2646    0.6754
    0.2872   -0.9544    0.0812
    0.6661    0.1380   -0.7329
...   115 G-C ...
  -72.1414   40.8531   38.7774
    0.6509   -0.3581    0.6694
   -0.1474   -0.9246   -0.3512
    0.7447    0.1299   -0.6546
...   116 T-A ...
  -69.4593   41.7204   37.0060
    0.4422   -0.8084    0.3884
   -0.4727   -0.5781   -0.6651
    0.7623    0.1105   -0.6378
...   117 A-T ...
  -67.1632   41.9157   34.4837
    0.0239   -0.9893   -0.1437
   -0.6402    0.0953   -0.7623
    0.7678    0.1103   -0.6311
...   118 T-A ...
  -64.2517   42.0125   32.9109
   -0.3092   -0.7898   -0.5297
   -0.5555    0.6021   -0.5735
    0.7719    0.1170   -0.6249
...   119 A-T ...
  -61.8524   42.8671   30.6131
   -0.5736   -0.1793   -0.7993
   -0.2118    0.9750   -0.0667
    0.7913    0.1310   -0.5973
...   120 A-T ...
  -59.2539   43.0263   28.6407
   -0.5619    0.4446   -0.6976
    0.1644    0.8865    0.4326
    0.8107    0.1284   -0.5712
...   121 T-A ...
  -56.8205   42.9245   26.3881
   -0.3809    0.8468   -0.3712
    0.4293    0.5176    0.7402
    0.8189    0.1226   -0.5607
...   122 G-C ...
  -53.9721   43.5045   24.6976
   -0.1178    0.9740    0.1936
    0.5824   -0.0902    0.8079
    0.8044    0.2079   -0.5566
...   123 T-A ...
  -51.7067   44.4227   22.4293
    0.1884    0.7602    0.6218
    0.5498   -0.6063    0.5745
    0.8137    0.2336   -0.5322
...   124 G-C ...
  -48.8026   45.1074   20.8680
    0.3855    0.2268    0.8944
    0.3553   -0.9311    0.0830
    0.8516    0.2858   -0.4395
...   125 T-A ...
  -46.1421   46.6300   19.6116
    0.4795   -0.3255    0.8149
    0.0999   -0.9024   -0.4192
    0.8719    0.2824   -0.4002
...   126 C-G ...
  -43.1996   47.5346   18.4411
    0.4096   -0.8164    0.4071
   -0.1876   -0.5121   -0.8382
    0.8928    0.2670   -0.3629
...   127 G-C ...
  -40.1938   48.0237   16.9132
    0.1426   -0.9808   -0.1328
   -0.3322    0.0790   -0.9399
    0.9324    0.1782   -0.3146
...   128 A-T ...
  -37.0580   48.4740   15.9220
   -0.0976   -0.7231   -0.6838
   -0.3297    0.6718   -0.6634
    0.9390    0.1607   -0.3040
...   129 C-G ...
  -33.7752   48.4156   15.1635
   -0.2637   -0.2314   -0.9365
   -0.2119    0.9610   -0.1778
    0.9411    0.1516   -0.3024
...   130 C-G ...
  -30.5768   48.6596   14.0078
   -0.3838    0.3570   -0.8516
   -0.0103    0.9205    0.3905
    0.9233    0.1586   -0.3497
...   131 A-T ...
  -27.4460   49.4220   13.0603
   -0.3723    0.8306   -0.4141
    0.2228    0.5131    0.8289
    0.9010    0.2163   -0.3761
...   132 A-T ...
  -24.5782   50.0310   11.6405
   -0.1642    0.9739    0.1569
    0.3821   -0.0839    0.9203
    0.9094    0.2110   -0.3584
...   133 A-T ...
  -21.7109   50.7857   10.3147
    0.0729    0.7343    0.6749
    0.3991   -0.6416    0.6550
    0.9140    0.2216   -0.3398
...   134 T-A ...
  -19.0083   52.0402    8.9384
    0.2450    0.2904    0.9250
    0.3072   -0.9282    0.2101
    0.9196    0.2327   -0.3166
...   135 G-C ...
  -16.4569   53.8981    7.5290
    0.5336   -0.3334    0.7773
    0.0348   -0.9096   -0.4140
    0.8450    0.2479   -0.4738
...   136 T-A ...
  -14.1681   56.5698    6.1948
    0.5795   -0.7269    0.3684
   -0.3140   -0.6163   -0.7222
    0.7521    0.3028   -0.5854
...   137 G-C ...
  -11.6469   58.0147    4.7336
    0.2454   -0.9541   -0.1717
   -0.6318   -0.0231   -0.7748
    0.7352    0.2986   -0.6085
...   138 A-T ...
   -8.6698   58.7289    3.6170
   -0.0344   -0.7815   -0.6230
   -0.6534    0.4892   -0.5777
    0.7562    0.3872   -0.5274
...   139 G-C ...
   -6.3211   59.0880    1.6440
   -0.2967   -0.3277   -0.8970
   -0.5657    0.8170   -0.1114
    0.7694    0.4744   -0.4278
...   140 C-G ...
   -3.4296   60.2437    1.0435
   -0.4424    0.2288   -0.8671
   -0.1682    0.9286    0.3309
    0.8809    0.2922   -0.3723
...   141 G-C ...
   -0.6893   63.9063   -2.2356
   -0.9992    0.0156   -0.0375
   -0.0024    0.8991    0.4378
    0.0405    0.4375   -0.8983
...   142 C-G ...
   -0.9980   65.6138   -4.9249
   -0.8337    0.5217    0.1810
    0.5169    0.6220    0.5881
    0.1942    0.5839   -0.7882
...   143 T-A ...
   -0.1244   66.2250   -7.8042
   -0.3751    0.8568    0.3538
    0.8856    0.2185    0.4098
    0.2739    0.4670   -0.8408
...   144 C-G ...
   -0.1580   67.4197  -10.7922
    0.1799    0.8792    0.4411
    0.9276   -0.3009    0.2214
    0.3274    0.3694   -0.8697
...   145 A-T ...
    0.5353   69.2487  -13.4514
    0.7352    0.4961    0.4620
    0.6117   -0.7791   -0.1369
    0.2921    0.3832   -0.8763
...   146 C-G ...
    1.4421   72.1064  -15.5859
    0.9808    0.0622    0.1849
    0.1266   -0.9240   -0.3608
    0.1484    0.3773   -0.9141
...   147 A-T ...
    2.3150   74.2411  -18.3714
    0.8657   -0.4292   -0.2574
   -0.4984   -0.7868   -0.3642
   -0.0462    0.4436   -0.8950
