  147 base-pairs
...     1 A-T ...
    0.0000    0.0000    0.0000
    1.0000    0.0000    0.0000
    0.0000    1.0000    0.0000
    0.0000    0.0000    1.0000
...     2 G-C ...
   -0.1394   -1.2357    3.2268
    0.7529    0.6366    0.1670
   -0.6386    0.7680   -0.0486
   -0.1592   -0.0700    0.9848
...     3 T-A ...
   -0.0365   -3.2932    6.3751
    0.2722    0.9301    0.2466
   -0.9238    0.3243   -0.2033
   -0.2691   -0.1725    0.9475
...     4 G-C ...
   -0.3505   -4.1660    9.4928
   -0.3756    0.9250    0.0579
   -0.8781   -0.3352   -0.3415
   -0.2965   -0.1791    0.9381
...     5 A-T ...
   -0.4462   -4.1476   12.7498
   -0.8116    0.5840   -0.0165
   -0.5523   -0.7762   -0.3042
   -0.1905   -0.2378    0.9524
...     6 G-C ...
   -1.5908   -4.1730   15.6201
   -0.9976    0.0246   -0.0651
   -0.0043   -0.9555   -0.2950
   -0.0695   -0.2940    0.9533
...     7 C-G ...
   -1.1030   -4.4824   18.7362
   -0.8441   -0.5304   -0.0787
    0.5345   -0.8441   -0.0432
   -0.0435   -0.0785    0.9960
...     8 G-C ...
   -2.4028   -7.7290   23.1475
   -0.2754   -0.3293   -0.9032
    0.6650   -0.7437    0.0684
   -0.6942   -0.5818    0.4238
...     9 C-G ...
   -4.4690   -9.9728   24.1132
    0.1145   -0.7025   -0.7024
    0.8512   -0.2952    0.4340
   -0.5122   -0.6476    0.5642
...    10 T-A ...
   -6.7405  -10.8752   25.9697
    0.4841   -0.8363   -0.2574
    0.6595    0.1553    0.7355
   -0.5751   -0.5258    0.6267
...    11 C-G ...
   -9.1656  -12.6208   27.1640
    0.7073   -0.6682    0.2307
    0.3448    0.6110    0.7126
   -0.6171   -0.4245    0.6626
...    12 A-T ...
  -10.9234  -14.6633   29.0693
    0.7515   -0.1377    0.6452
   -0.2029    0.8824    0.4246
   -0.6277   -0.4500    0.6352
...    13 C-G ...
  -11.8476  -17.4863   31.2451
    0.4295    0.2823    0.8578
   -0.5708    0.8209    0.0156
   -0.6998   -0.4963    0.5137
...    14 A-T ...
  -13.5897  -19.7827   33.4259
   -0.1504    0.6104    0.7777
   -0.6874    0.5008   -0.5260
   -0.7106   -0.6136    0.3443
...    15 A-T ...
  -15.7354  -21.8955   34.6877
   -0.5537    0.7716    0.3133
   -0.4475    0.0417   -0.8933
   -0.7023   -0.6348    0.3222
...    16 T-A ...
  -17.8040  -23.8673   36.3591
   -0.7123    0.6716   -0.2039
   -0.0818   -0.3680   -0.9262
   -0.6971   -0.6431    0.3170
...    17 T-A ...
  -20.0700  -25.8647   37.5781
   -0.6248    0.3132   -0.7152
    0.3669   -0.6909   -0.6230
   -0.6892   -0.6516    0.3168
...    18 T-A ...
  -22.4159  -27.8259   38.6957
   -0.2843   -0.1632   -0.9447
    0.6702   -0.7385   -0.0741
   -0.6856   -0.6542    0.3193
...    19 A-T ...
  -24.3979  -30.3611   39.8442
    0.2315   -0.6037   -0.7629
    0.6885   -0.4523    0.5668
   -0.6873   -0.6565    0.3110
...    20 T-A ...
  -27.0230  -32.3167   40.3254
    0.5572   -0.7538   -0.3484
    0.4624   -0.0668    0.8842
   -0.6897   -0.6538    0.3113
...    21 T-A ...
  -29.3481  -34.4696   41.0981
    0.7118   -0.6545    0.2551
    0.0388    0.3992    0.9160
   -0.7014   -0.6421    0.3095
...    22 C-G ...
  -31.6149  -36.6878   42.0672
    0.5969   -0.2575    0.7599
   -0.4132    0.7131    0.5663
   -0.6877   -0.6520    0.3192
...    23 G-C ...
  -34.1206  -38.5985   43.3628
    0.2992    0.2743    0.9139
   -0.7011    0.7129    0.0156
   -0.6472   -0.6454    0.4056
...    24 C-G ...
  -35.9469  -41.0051   44.8231
   -0.1269    0.6579    0.7424
   -0.7497    0.4264   -0.5061
   -0.6495   -0.6208    0.4391
...    25 A-T ...
  -38.3493  -42.9949   46.1021
   -0.4921    0.8349    0.2464
   -0.5367   -0.0681   -0.8410
   -0.6854   -0.5461    0.4816
...    26 A-T ...
  -40.5036  -44.6942   47.8485
   -0.7134    0.6319   -0.3029
   -0.1401   -0.5521   -0.8219
   -0.6866   -0.5439    0.4824
...    27 A-T ...
  -42.7698  -46.2919   49.5506
   -0.6586    0.1774   -0.7313
    0.3086   -0.8227   -0.4774
   -0.6864   -0.5401    0.4871
...    28 G-C ...
  -45.2560  -47.8527   51.1550
   -0.3365   -0.2865   -0.8970
    0.6098   -0.7922    0.0242
   -0.7176   -0.5389    0.4413
...    29 G-C ...
  -47.8989  -49.5976   52.3890
    0.1200   -0.6560   -0.7451
    0.6699   -0.5005    0.5485
   -0.7327   -0.5649    0.3794
...    30 C-G ...
  -50.5733  -51.4355   53.2812
    0.5009   -0.8101   -0.3047
    0.4711   -0.0401    0.8812
   -0.7260   -0.5849    0.3616
...    31 C-G ...
  -53.0564  -53.5673   54.2379
    0.7240   -0.6483    0.2355
    0.0872    0.4248    0.9011
   -0.6842   -0.6319    0.3641
...    32 G-C ...
  -55.3982  -55.4695   55.8172
    0.6979   -0.2105    0.6846
   -0.3595    0.7237    0.5890
   -0.6194   -0.6572    0.4294
...    33 G-C ...
  -57.3688  -57.8960   57.1652
    0.4228    0.2955    0.8567
   -0.6925    0.7151    0.0951
   -0.5845   -0.6334    0.5070
...    34 C-G ...
  -58.9585  -60.2653   58.9053
   -0.0062    0.6832    0.7302
   -0.8113    0.4235   -0.4031
   -0.5846   -0.5949    0.5517
...    35 C-G ...
  -60.7328  -62.2512   60.9960
   -0.3987    0.8607    0.3165
   -0.6830   -0.0484   -0.7288
   -0.6120   -0.5067    0.6072
...    36 C-G ...
  -62.7586  -63.7056   63.2751
   -0.6522    0.7285   -0.2097
   -0.3661   -0.5449   -0.7544
   -0.6638   -0.4152    0.6221
...    37 G-C ...
  -65.3077  -65.1858   64.9865
   -0.6687    0.3133   -0.6743
    0.0329   -0.8935   -0.4478
   -0.7428   -0.3216    0.5872
...    38 A-T ...
  -67.8884  -66.1455   66.8331
   -0.4956   -0.2998   -0.8152
    0.4141   -0.9066    0.0817
   -0.7635   -0.2971    0.5734
...    39 C-G ...
  -70.7940  -66.6448   68.4551
   -0.1832   -0.7511   -0.6343
    0.6039   -0.5951    0.5303
   -0.7758   -0.2859    0.5626
...    40 A-T ...
  -73.1427  -67.8003   70.5590
    0.2557   -0.9480   -0.1896
    0.5739   -0.0089    0.8189
   -0.7780   -0.3182    0.5418
...    41 C-G ...
  -76.0290  -69.0268   71.8176
    0.5292   -0.7938    0.2998
    0.3392    0.5218    0.7828
   -0.7777   -0.3126    0.5454
...    42 G-C ...
  -78.6152  -69.6831   73.9335
    0.6896   -0.3007    0.6588
   -0.0274    0.8982    0.4387
   -0.7237   -0.3206    0.6111
...    43 A-T ...
  -81.0746  -70.7868   75.8441
    0.5577    0.3212    0.7654
   -0.4266    0.9019   -0.0677
   -0.7121   -0.2888    0.6400
...    44 C-G ...
  -83.0569  -72.2171   78.0786
    0.2745    0.7722    0.5730
   -0.6594    0.5848   -0.4723
   -0.6999   -0.2482    0.6698
...    45 T-A ...
  -85.1487  -73.0253   80.5319
   -0.0608    0.9863    0.1536
   -0.7201    0.0632   -0.6910
   -0.6912   -0.1526    0.7064
...    46 T-A ...
  -87.2787  -73.4124   82.9351
   -0.4347    0.8462   -0.3082
   -0.5657   -0.5229   -0.6376
   -0.7007   -0.1029    0.7060
...    47 A-T ...
  -89.8475  -73.7892   85.0923
   -0.6450    0.3403   -0.6842
   -0.2108   -0.9399   -0.2687
   -0.7345   -0.0290    0.6780
...    48 C-G ...
  -92.3109  -73.1918   87.2687
   -0.6439   -0.2295   -0.7299
    0.1481   -0.9733    0.1753
   -0.7506    0.0048    0.6607
...    49 T-A ...
  -95.0258  -72.9490   89.2213
   -0.4366   -0.7398   -0.5120
    0.4492   -0.6723    0.5884
   -0.7795    0.0269    0.6259
...    50 G-C ...
  -97.4260  -73.1685   91.5597
   -0.0520   -0.9980   -0.0359
    0.6038   -0.0600    0.7949
   -0.7954    0.0196    0.6057
...    51 T-A ...
 -100.4601  -73.2275   93.0858
    0.2832   -0.8600    0.4245
    0.5423    0.5087    0.6687
   -0.7910    0.0409    0.6105
...    52 A-T ...
 -102.9410  -72.3089   95.3415
    0.5194   -0.2543    0.8158
    0.2447    0.9590    0.1431
   -0.8187    0.1253    0.5604
...    53 G-C ...
 -105.7019  -72.1222   97.2269
    0.6239    0.3176    0.7141
   -0.0634    0.9313   -0.3588
   -0.7789    0.1786    0.6011
...    54 G-C ...
 -108.3544  -71.7320   99.3103
    0.5678    0.7615    0.3127
   -0.3935    0.5847   -0.7094
   -0.7230    0.2798    0.6316
...    55 T-A ...
 -110.3262  -70.9628  101.8279
    0.3192    0.9335   -0.1635
   -0.6393    0.0848   -0.7643
   -0.6996    0.3485    0.6238
...    56 A-T ...
 -112.6031  -69.5302  103.8344
   -0.0102    0.7384   -0.6743
   -0.7450   -0.4554   -0.4874
   -0.6670    0.4974    0.5547
...    57 T-A ...
 -114.2710  -67.4635  105.7458
   -0.3740    0.3813   -0.8454
   -0.6488   -0.7589   -0.0553
   -0.6627    0.5279    0.5312
...    58 C-G ...
 -116.5452  -65.5826  107.2170
   -0.6776   -0.1728   -0.7149
   -0.3238   -0.8026    0.5009
   -0.6603    0.5709    0.4879
...    59 T-A ...
 -118.8354  -63.4818  108.4759
   -0.7318   -0.6063   -0.3114
    0.0770   -0.5275    0.8461
   -0.6772    0.5952    0.4327
...    60 C-G ...
 -121.2080  -61.5361  109.7840
   -0.5448   -0.7802    0.3074
    0.5113   -0.0186    0.8592
   -0.6646    0.6252    0.4091
...    61 G-C ...
 -123.0739  -59.2945  111.5450
   -0.1063   -0.6354    0.7648
    0.7418    0.4615    0.4865
   -0.6621    0.6191    0.4223
...    62 A-T ...
 -125.3421  -57.1682  112.7419
    0.3766   -0.1997    0.9046
    0.6708    0.7322   -0.1177
   -0.6389    0.6511    0.4097
...    63 G-C ...
 -127.6148  -55.1551  114.1533
    0.7270    0.2053    0.6552
    0.3685    0.6885   -0.6246
   -0.5794    0.6956    0.4249
...    64 C-G ...
 -129.7100  -53.1405  115.8033
    0.8490    0.5040    0.1588
   -0.0892    0.4329   -0.8970
   -0.5208    0.7474    0.4125
...    65 T-A ...
 -131.2340  -50.6551  117.3865
    0.7195    0.5669   -0.4013
   -0.5426    0.0982   -0.8342
   -0.4335    0.8180    0.3782
...    66 C-G ...
 -132.5251  -47.8894  118.5518
    0.2938    0.4381   -0.8495
   -0.8765   -0.2312   -0.4223
   -0.3814    0.8687    0.3161
...    67 G-C ...
 -133.9829  -44.8559  119.0743
   -0.2018    0.0920   -0.9751
   -0.9253   -0.3444    0.1590
   -0.3212    0.9343    0.1546
...    68 G-C ...
 -134.9583  -41.5936  118.9338
   -0.6634   -0.1952   -0.7224
   -0.6779   -0.2519    0.6906
   -0.3168    0.9479    0.0347
...    69 G-C ...
 -136.2263  -38.4463  118.4859
   -0.9187   -0.3460   -0.1906
   -0.1959   -0.0199    0.9804
   -0.3430    0.9380   -0.0496
...    70 A-T ...
 -137.4688  -35.3544  118.1698
   -0.8462   -0.2481    0.4715
    0.4234    0.2242    0.8778
   -0.3235    0.9424   -0.0847
...    71 T-A ...
 -138.9158  -32.4516  117.3180
   -0.4969   -0.0308    0.8673
    0.8204    0.3091    0.4810
   -0.2829    0.9505   -0.1283
...    72 C-G ...
 -139.8933  -29.3043  116.7303
    0.1316    0.1930    0.9723
    0.9582    0.2266   -0.1746
   -0.2540    0.9547   -0.1551
...    73 C-G ...
 -140.9953  -26.1340  116.0874
    0.6787    0.2238    0.6995
    0.7111    0.0380   -0.7021
   -0.1837    0.9739   -0.1333
...    74 G-C ...
 -141.5103  -22.9069  115.0648
    0.9822    0.0711    0.1737
    0.1825   -0.1445   -0.9725
   -0.0440    0.9869   -0.1549
...    75 C-G ...
 -141.6509  -19.5872  114.9703
    0.9171   -0.1020   -0.3854
   -0.3978   -0.1711   -0.9014
    0.0260    0.9800   -0.1975
...    76 T-A ...
 -141.2202  -16.3508  114.4011
    0.5454   -0.2898   -0.7865
   -0.8303   -0.0582   -0.5543
    0.1148    0.9553   -0.2724
...    77 T-A ...
 -140.6430  -13.3168  113.4541
   -0.0412   -0.3253   -0.9447
   -0.9891    0.1468   -0.0074
    0.1411    0.9341   -0.3278
...    78 T-A ...
 -139.9956  -10.3849  112.2317
   -0.6148   -0.1980   -0.7634
   -0.7734    0.3409    0.5344
    0.1544    0.9190   -0.3628
...    79 A-T ...
 -139.7635   -7.1429  111.2005
   -0.9676    0.0969   -0.2333
   -0.1723    0.4224    0.8899
    0.1847    0.9012   -0.3920
...    80 T-A ...
 -139.1941   -4.4968  109.2544
   -0.9025    0.3430    0.2605
    0.3708    0.3113    0.8750
    0.2191    0.8863   -0.4081
...    81 C-G ...
 -138.5571   -1.5691  107.7983
   -0.4655    0.4901    0.7370
    0.8534    0.0279    0.5205
    0.2345    0.8712   -0.4313
...    82 A-T ...
 -137.2998    1.1973  106.3859
    0.1600    0.3799    0.9111
    0.9535   -0.2982   -0.0431
    0.2553    0.8756   -0.4100
...    83 T-A ...
 -137.0767    4.2802  105.1690
    0.6463    0.1826    0.7410
    0.7176   -0.4759   -0.5086
    0.2597    0.8604   -0.4385
...    84 G-C ...
 -136.0117    6.9740  103.4644
    0.9147   -0.2213    0.3382
    0.1900   -0.5030   -0.8431
    0.3567    0.8355   -0.4180
...    85 T-A ...
 -134.7484    9.9117  102.6429
    0.8515   -0.5050   -0.1410
   -0.3339   -0.3149   -0.8884
    0.4043    0.8036   -0.4368
...    86 T-A ...
 -133.2969   12.4822  101.3291
    0.4809   -0.6393   -0.5999
   -0.7595    0.0381   -0.6494
    0.4380    0.7680   -0.4673
...    87 A-T ...
 -131.6994   14.8349   99.5520
   -0.1170   -0.5948   -0.7953
   -0.8714    0.4456   -0.2051
    0.4764    0.6691   -0.5704
...    88 T-A ...
 -129.6383   16.5393   97.6472
   -0.5583   -0.2936   -0.7759
   -0.6773    0.7014    0.2220
    0.4791    0.6495   -0.5905
...    89 A-T ...
 -128.2436   18.8875   95.6473
   -0.8676    0.2122   -0.4498
   -0.1472    0.7542    0.6399
    0.4750    0.6214   -0.6231
...    90 A-T ...
 -126.7285   20.6903   93.3819
   -0.7616    0.6480   -0.0069
    0.4028    0.4817    0.7782
    0.5076    0.5900   -0.6279
...    91 C-G ...
 -125.4452   22.4419   90.7940
   -0.4092    0.8122    0.4159
    0.7601    0.0513    0.6477
    0.5047    0.5812   -0.6383
...    92 G-C ...
 -123.3190   24.2673   88.8851
    0.0981    0.6530    0.7510
    0.8540   -0.4427    0.2733
    0.5110    0.6145   -0.6011
...    93 G-C ...
 -121.7735   26.3791   86.7198
    0.5350    0.2455    0.8084
    0.6353   -0.7477   -0.1934
    0.5569    0.6170   -0.5560
...    94 A-T ...
 -120.0370   28.4283   84.8129
    0.7899   -0.2780    0.5466
    0.1705   -0.7567   -0.6311
    0.5891    0.5917   -0.5503
...    95 A-T ...
 -118.0983   30.4497   83.1798
    0.7279   -0.6796    0.0912
   -0.3255   -0.4595   -0.8264
    0.6036    0.5718   -0.5556
...    96 C-G ...
 -115.7794   32.3936   81.8777
    0.4094   -0.8493   -0.3333
   -0.6558   -0.0200   -0.7547
    0.6343    0.5275   -0.5651
...    97 A-T ...
 -113.7100   34.0082   79.7757
   -0.1244   -0.7648   -0.6322
   -0.7404    0.4957   -0.4540
    0.6606    0.4115   -0.6279
...    98 C-G ...
 -111.1492   34.8005   77.8216
   -0.5268   -0.3959   -0.7522
   -0.5395    0.8395   -0.0640
    0.6568    0.3721   -0.6559
...    99 T-A ...
 -108.9594   35.6465   75.4496
   -0.7703    0.1091   -0.6282
   -0.1324    0.9364    0.3250
    0.6237    0.3335   -0.7069
...   100 T-A ...
 -106.9426   36.4548   73.0169
   -0.6812    0.6510   -0.3350
    0.3520    0.6925    0.6298
    0.6419    0.3110   -0.7008
...   101 T-A ...
 -104.9772   37.2546   70.5330
   -0.3115    0.9472    0.0760
    0.6842    0.1681    0.7097
    0.6594    0.2731   -0.7004
...   102 A-T ...
 -102.3098   37.9273   68.4902
    0.2593    0.8302    0.4935
    0.7011   -0.5132    0.4950
    0.6643    0.2177   -0.7151
...   103 T-A ...
 -100.5877   39.0802   65.9045
    0.5969    0.4417    0.6698
    0.4546   -0.8741    0.1713
    0.6611    0.2022   -0.7225
...   104 G-C ...
  -98.2300   39.4566   63.5492
    0.6901   -0.1792    0.7011
    0.0188   -0.9641   -0.2649
    0.7234    0.1960   -0.6620
...   105 C-G ...
  -95.7579   40.4598   61.5586
    0.5445   -0.6962    0.4677
   -0.3694   -0.6997   -0.6115
    0.7530    0.1602   -0.6382
...   106 T-A ...
  -93.0483   40.9873   59.7070
    0.1998   -0.9739    0.1074
   -0.5890   -0.2070   -0.7812
    0.7831    0.0928   -0.6150
...   107 T-A ...
  -90.3725   41.2301   57.8875
   -0.1914   -0.9147   -0.3559
   -0.5906    0.3970   -0.7026
    0.7839    0.0757   -0.6162
...   108 C-G ...
  -87.7970   41.2800   55.8403
   -0.5341   -0.4958   -0.6848
   -0.3388    0.8676   -0.3639
    0.7746    0.0376   -0.6314
...   109 C-G ...
  -85.2903   41.0025   53.5637
   -0.6865    0.0738   -0.7234
    0.0495    0.9973    0.0548
    0.7255    0.0018   -0.6882
...   110 G-C ...
  -82.9108   41.4003   51.1903
   -0.5902    0.6373   -0.4955
    0.4676    0.7703    0.4336
    0.6580    0.0242   -0.7526
...   111 G-C ...
  -80.9208   41.3745   48.4309
   -0.2674    0.9569   -0.1136
    0.7310    0.2782    0.6231
    0.6278    0.0836   -0.7739
...   112 C-G ...
  -79.1702   41.6563   45.5912
    0.1671    0.9438    0.2852
    0.7571   -0.3082    0.5760
    0.6315    0.1197   -0.7660
...   113 T-A ...
  -77.2587   42.2899   42.9304
    0.5188    0.6124    0.5965
    0.5506   -0.7731    0.3147
    0.6539    0.1652   -0.7383
...   114 C-G ...
  -75.1138   42.9057   40.5049
    0.7219    0.0156    0.6918
    0.1289   -0.9853   -0.1122
    0.6799    0.1702   -0.7133
...   115 G-C ...
  -72.7408   43.0375   38.0905
    0.5827   -0.5705    0.5788
   -0.2857   -0.8105   -0.5113
    0.7608    0.1326   -0.6352
...   116 T-A ...
  -69.9462   43.7842   36.4659
    0.3120   -0.9208    0.2341
   -0.5466   -0.3755   -0.7485
    0.7771    0.1056   -0.6205
...   117 A-T ...
  -67.5455   44.0258   34.0897
   -0.1203   -0.9510   -0.2848
   -0.6076    0.2973   -0.7364
    0.7851    0.0845   -0.6136
...   118 T-A ...
  -64.6306   43.9075   32.5325
   -0.4129   -0.6568   -0.6310
   -0.4543    0.7490   -0.4823
    0.7894    0.0875   -0.6076
...   119 A-T ...
  -62.0934   44.5763   30.3720
   -0.5941   -0.0108   -0.8043
   -0.0783    0.9959    0.0445
    0.8006    0.0894   -0.5925
...   120 A-T ...
  -59.5079   44.5921   28.3825
   -0.5051    0.5816   -0.6376
    0.2786    0.8091    0.5174
    0.8169    0.0837   -0.5707
...   121 T-A ...
  -57.1264   44.4157   26.0878
   -0.2797    0.9186   -0.2791
    0.4948    0.3871    0.7780
    0.8228    0.0795   -0.5628
...   122 G-C ...
  -54.2751   44.8276   24.3720
   -0.0135    0.9589    0.2833
    0.5764   -0.2240    0.7859
    0.8171    0.1739   -0.5497
...   123 T-A ...
  -51.9548   45.7075   22.1627
    0.2648    0.6823    0.6815
    0.4928   -0.7032    0.5126
    0.8289    0.2001   -0.5224
...   124 G-C ...
  -49.0196   46.2813   20.6381
    0.4049    0.1218    0.9062
    0.2735   -0.9618    0.0070
    0.8725    0.2450   -0.4227
...   125 T-A ...
  -46.2457   47.6620   19.4888
    0.4510   -0.4212    0.7869
    0.0267   -0.8749   -0.4836
    0.8921    0.2391   -0.3834
...   126 C-G ...
  -43.2389   48.4072   18.3928
    0.3458   -0.8699    0.3517
   -0.2235   -0.4404   -0.8695
    0.9113    0.2221   -0.3467
...   127 G-C ...
  -40.2123   48.7659   16.9076
    0.0742   -0.9790   -0.1897
   -0.3230    0.1564   -0.9334
    0.9435    0.1305   -0.3047
...   128 A-T ...
  -37.0532   49.0615   15.9590
   -0.1431   -0.6799   -0.7192
   -0.2843    0.7243   -0.6281
    0.9480    0.1146   -0.2970
...   129 C-G ...
  -33.7859   48.8324   15.1980
   -0.2768   -0.1749   -0.9449
   -0.1538    0.9787   -0.1360
    0.9485    0.1077   -0.2978
...   130 C-G ...
  -30.5736   48.9072   14.0722
   -0.3684    0.4041   -0.8372
    0.0368    0.9062    0.4213
    0.9290    0.1244   -0.3487
...   131 A-T ...
  -27.4256   49.5044   13.0959
   -0.3466    0.8517   -0.3930
    0.2481    0.4873    0.8373
    0.9046    0.1927   -0.3802
...   132 A-T ...
  -24.5634   50.0557   11.6559
   -0.1433    0.9748    0.1711
    0.3889   -0.1035    0.9154
    0.9101    0.1977   -0.3643
...   133 A-T ...
  -21.7050   50.7896   10.3143
    0.0806    0.7301    0.6786
    0.3980   -0.6478    0.6496
    0.9138    0.2177   -0.3428
...   134 T-A ...
  -19.0084   52.0402    8.9384
    0.2450    0.2904    0.9250
    0.3072   -0.9282    0.2101
    0.9196    0.2327   -0.3166
...   135 G-C ...
  -16.4569   53.8980    7.5290
    0.5336   -0.3334    0.7773
    0.0348   -0.9096   -0.4140
    0.8450    0.2479   -0.4738
...   136 T-A ...
  -14.1681   56.5698    6.1949
    0.5795   -0.7269    0.3684
   -0.3140   -0.6163   -0.7222
    0.7521    0.3028   -0.5854
...   137 G-C ...
  -11.6469   58.0146    4.7336
    0.2454   -0.9541   -0.1717
   -0.6318   -0.0231   -0.7748
    0.7352    0.2986   -0.6085
...   138 A-T ...
   -8.6698   58.7289    3.6170
   -0.0344   -0.7815   -0.6230
   -0.6534    0.4892   -0.5777
    0.7562    0.3872   -0.5274
...   139 G-C ...
   -6.3211   59.0879    1.6440
   -0.2967   -0.3277   -0.8970
   -0.5657    0.8170   -0.1114
    0.7694    0.4744   -0.4278
...   140 C-G ...
   -3.4296   60.2437    1.0435
   -0.4424    0.2288   -0.8671
   -0.1682    0.9286    0.3309
    0.8809    0.2922   -0.3723
...   141 G-C ...
   -0.6894   63.9063   -2.2356
   -0.9992    0.0156   -0.0375
   -0.0024    0.8991    0.4378
    0.0405    0.4375   -0.8983
...   142 C-G ...
   -0.9980   65.6137   -4.9249
   -0.8337    0.5217    0.1810
    0.5169    0.6220    0.5881
    0.1942    0.5839   -0.7882
...   143 T-A ...
   -0.1245   66.2250   -7.8042
   -0.3751    0.8568    0.3538
    0.8856    0.2185    0.4098
    0.2739    0.4670   -0.8408
...   144 C-G ...
   -0.1580   67.4197  -10.7922
    0.1799    0.8792    0.4411
    0.9276   -0.3009    0.2214
    0.3274    0.3694   -0.8697
...   145 A-T ...
    0.5352   69.2487  -13.4514
    0.7352    0.4961    0.4620
    0.6117   -0.7791   -0.1369
    0.2921    0.3832   -0.8763
...   146 C-G ...
    1.4421   72.1064  -15.5859
    0.9808    0.0622    0.1849
    0.1266   -0.9240   -0.3608
    0.1484    0.3773   -0.9141
...   147 A-T ...
    2.3150   74.2410  -18.3714
    0.8657   -0.4292   -0.2574
   -0.4984   -0.7868   -0.3642
   -0.0462    0.4436   -0.8950
