  147 base-pairs
...     1 A-T ...
    0.0000    0.0000    0.0000
    1.0000    0.0000    0.0000
    0.0000    1.0000    0.0000
    0.0000    0.0000    1.0000
...     2 G-C ...
   -0.1394   -1.2357    3.2268
    0.7529    0.6366    0.1670
   -0.6386    0.7680   -0.0486
   -0.1592   -0.0700    0.9848
...     3 T-A ...
   -0.0365   -3.2932    6.3751
    0.2722    0.9301    0.2466
   -0.9238    0.3243   -0.2033
   -0.2691   -0.1725    0.9475
...     4 G-C ...
   -0.3505   -4.1660    9.4928
   -0.3756    0.9250    0.0579
   -0.8781   -0.3352   -0.3415
   -0.2965   -0.1791    0.9381
...     5 A-T ...
   -0.4462   -4.1476   12.7498
   -0.8116    0.5840   -0.0165
   -0.5523   -0.7762   -0.3042
   -0.1905   -0.2378    0.9524
...     6 G-C ...
   -1.5908   -4.1730   15.6201
   -0.9976    0.0246   -0.0651
   -0.0043   -0.9555   -0.2950
   -0.0695   -0.2940    0.9533
...     7 C-G ...
   -1.1030   -4.4824   18.7362
   -0.8441   -0.5304   -0.0787
    0.5345   -0.8441   -0.0432
   -0.0435   -0.0785    0.9960
...     8 G-C ...
   -2.4028   -7.7290   23.1475
   -0.2754   -0.3293   -0.9032
    0.6650   -0.7437    0.0684
   -0.6942   -0.5818    0.4238
...     9 C-G ...
   -4.4690   -9.9728   24.1132
    0.1145   -0.7025   -0.7024
    0.8512   -0.2952    0.4340
   -0.5122   -0.6476    0.5642
...    10 T-A ...
   -6.7405  -10.8752   25.9697
    0.4841   -0.8363   -0.2574
    0.6595    0.1553    0.7355
   -0.5751   -0.5258    0.6267
...    11 C-G ...
   -9.1656  -12.6208   27.1640
    0.7073   -0.6682    0.2307
    0.3448    0.6110    0.7126
   -0.6171   -0.4245    0.6626
...    12 A-T ...
  -10.9234  -14.6633   29.0693
    0.7515   -0.1377    0.6452
   -0.2029    0.8824    0.4246
   -0.6277   -0.4500    0.6352
...    13 C-G ...
  -11.8476  -17.4863   31.2451
    0.4295    0.2823    0.8578
   -0.5708    0.8209    0.0156
   -0.6998   -0.4963    0.5137
...    14 A-T ...
  -13.5897  -19.7827   33.4259
   -0.1504    0.6104    0.7777
   -0.6874    0.5008   -0.5260
   -0.7106   -0.6136    0.3443
...    15 A-T ...
  -15.8212  -21.8473   34.5604
   -0.5236    0.7936    0.3099
   -0.4507    0.0506   -0.8912
   -0.7230   -0.6063    0.3312
...    16 T-A ...
  -17.9565  -23.7976   36.3395
   -0.7129    0.6657   -0.2206
   -0.0729   -0.3832   -0.9208
   -0.6975   -0.6403    0.3217
...    17 T-A ...
  -20.2467  -25.7194   37.7123
   -0.6372    0.2841   -0.7164
    0.3791   -0.6938   -0.6123
   -0.6710   -0.6618    0.3344
...    18 T-A ...
  -22.5452  -27.7493   38.8249
   -0.2830   -0.1521   -0.9470
    0.6751   -0.7329   -0.0840
   -0.6813   -0.6631    0.3101
...    19 A-T ...
  -24.6489  -30.2353   39.8476
    0.2266   -0.5690   -0.7905
    0.6931   -0.4760    0.5413
   -0.6843   -0.6705    0.2865
...    20 T-A ...
  -27.3116  -32.1854   40.2909
    0.5513   -0.7466   -0.3724
    0.4674   -0.0934    0.8791
   -0.6911   -0.6587    0.2975
...    21 T-A ...
  -29.6399  -34.3649   40.9822
    0.7004   -0.6732    0.2370
    0.0342    0.3633    0.9310
   -0.7129   -0.6440    0.2775
...    22 C-G ...
  -31.9497  -36.5357   41.9049
    0.5928   -0.3060    0.7450
   -0.4062    0.6852    0.6046
   -0.6955   -0.6610    0.2819
...    23 G-C ...
  -34.5150  -38.3146   43.2192
    0.3577    0.2245    0.9064
   -0.6881    0.7196    0.0933
   -0.6313   -0.6571    0.4119
...    24 C-G ...
  -36.2971  -40.7400   44.5554
   -0.0233    0.6085    0.7932
   -0.7688    0.4963   -0.4033
   -0.6391   -0.6192    0.4562
...    25 A-T ...
  -38.7959  -42.6951   45.6266
   -0.4318    0.8261    0.3620
   -0.5999    0.0366   -0.7992
   -0.6735   -0.5623    0.4798
...    26 A-T ...
  -40.9759  -44.4679   47.3206
   -0.6899    0.7013   -0.1792
   -0.2404   -0.4555   -0.8572
   -0.6828   -0.5483    0.4828
...    27 A-T ...
  -43.1372  -46.0696   49.1657
   -0.7038    0.2961   -0.6457
    0.2159   -0.7768   -0.5916
   -0.6768   -0.5558    0.4828
...    28 G-C ...
  -45.6697  -47.5300   50.8731
   -0.4332   -0.1439   -0.8897
    0.5465   -0.8269   -0.1323
   -0.7167   -0.5436    0.4369
...    29 G-C ...
  -48.4073  -49.2172   52.1361
    0.0135   -0.5692   -0.8221
    0.6774   -0.5995    0.4262
   -0.7354   -0.5627    0.3775
...    30 C-G ...
  -51.0225  -51.0446   52.9726
    0.4237   -0.7877   -0.4472
    0.5286   -0.1858    0.8283
   -0.7355   -0.5874    0.3377
...    31 C-G ...
  -53.6703  -52.9422   53.8884
    0.6880   -0.7208    0.0845
    0.1835    0.2854    0.9407
   -0.7021   -0.6317    0.3286
...    32 G-C ...
  -55.7706  -54.7919   55.2313
    0.7400   -0.4008    0.5402
   -0.2209    0.6137    0.7580
   -0.6353   -0.6803    0.3656
...    33 G-C ...
  -57.6278  -57.3052   56.5061
    0.5239    0.0632    0.8494
   -0.6069    0.7274    0.3202
   -0.5976   -0.6833    0.4195
...    34 C-G ...
  -59.3435  -59.8197   57.7810
    0.1247    0.5029    0.8553
   -0.7936    0.5680   -0.2182
   -0.5955   -0.6515    0.4699
...    35 C-G ...
  -61.0847  -61.9865   59.7579
   -0.2897    0.7896    0.5409
   -0.7353    0.1782   -0.6539
   -0.6127   -0.5872    0.5290
...    36 C-G ...
  -63.0482  -63.8171   61.7916
   -0.6160    0.7870    0.0349
   -0.4690   -0.3308   -0.8189
   -0.6330   -0.5208    0.5728
...    37 G-C ...
  -65.3231  -66.0429   63.0135
   -0.7207    0.5008   -0.4795
   -0.0487   -0.7264   -0.6856
   -0.6916   -0.4707    0.5478
...    38 A-T ...
  -67.5436  -67.4944   64.7910
   -0.6060   -0.0317   -0.7948
    0.3884   -0.8838   -0.2608
   -0.6942   -0.4667    0.5479
...    39 C-G ...
  -70.1414  -68.5838   66.3574
   -0.2841   -0.4820   -0.8289
    0.6323   -0.7440    0.2159
   -0.7208   -0.4627    0.5161
...    40 A-T ...
  -72.6153  -70.2930   67.9190
    0.1883   -0.8160   -0.5465
    0.6644   -0.3040    0.6828
   -0.7233   -0.4916    0.4849
...    41 C-G ...
  -75.2295  -72.0861   69.0207
    0.5218   -0.8463   -0.1072
    0.4571    0.1713    0.8728
   -0.7203   -0.5044    0.4762
...    42 G-C ...
  -77.4437  -73.5276   71.0289
    0.7212   -0.5487    0.4229
    0.0540    0.6531    0.7553
   -0.6906   -0.5219    0.5007
...    43 A-T ...
  -79.7718  -75.1178   72.4836
    0.6176   -0.0507    0.7848
   -0.3602    0.8689    0.3396
   -0.6991   -0.4925    0.5184
...    44 C-G ...
  -81.7320  -77.2875   74.0138
    0.3703    0.4539    0.8105
   -0.6434    0.7547   -0.1287
   -0.6700   -0.4738    0.5714
...    45 T-A ...
  -83.6560  -79.1945   76.3440
   -0.0101    0.8520    0.5234
   -0.7414    0.3448   -0.5757
   -0.6710   -0.3939    0.6282
...    46 T-A ...
  -85.7286  -80.3731   78.4441
   -0.3600    0.9273    0.1028
   -0.6324   -0.1615   -0.7576
   -0.6859   -0.3378    0.6445
...    47 A-T ...
  -88.1054  -81.2075   80.5985
   -0.5648    0.7057   -0.4278
   -0.3536   -0.6754   -0.6472
   -0.7456   -0.2143    0.6310
...    48 C-G ...
  -90.5109  -81.1950   82.8992
   -0.6386    0.2400   -0.7312
   -0.0275   -0.9566   -0.2900
   -0.7691   -0.1651    0.6175
...    49 T-A ...
  -93.2261  -81.2025   84.9076
   -0.5001   -0.2997   -0.8125
    0.2661   -0.9460    0.1852
   -0.8241   -0.1236    0.5528
...    50 G-C ...
  -96.0305  -81.8216   86.6438
   -0.1909   -0.7947   -0.5763
    0.4807   -0.5875    0.6509
   -0.8558   -0.1528    0.4942
...    51 T-A ...
  -99.0287  -82.2684   87.7538
    0.0907   -0.9894   -0.1138
    0.4997   -0.0536    0.8645
   -0.8614   -0.1352    0.4896
...    52 A-T ...
 -101.4878  -82.1084   90.3142
    0.3155   -0.7528    0.5777
    0.3397    0.6581    0.6720
   -0.8860   -0.0158    0.4633
...    53 G-C ...
 -104.3822  -82.4025   91.8778
    0.5063   -0.2425    0.8275
    0.1305    0.9701    0.2045
   -0.8524    0.0045    0.5228
...    54 T-A ...
 -107.0317  -82.9798   93.7776
    0.5493    0.3216    0.7713
   -0.1588    0.9463   -0.2815
   -0.8204    0.0321    0.5709
...    55 C-G ...
 -109.6462  -82.7876   95.6349
    0.4239    0.7950    0.4339
   -0.4488    0.6005   -0.6618
   -0.7867    0.0858    0.6113
...    56 A-T ...
 -112.3824  -82.6124   97.6563
    0.2107    0.9723   -0.1016
   -0.6466    0.0607   -0.7604
   -0.7332    0.2259    0.6414
...    57 T-A ...
 -114.4072  -81.6685  100.0190
   -0.0887    0.8479   -0.5227
   -0.6835   -0.4335   -0.5873
   -0.7245    0.3052    0.6180
...    58 G-C ...
 -116.9266  -80.3486  101.9956
   -0.4021    0.3689   -0.8380
   -0.5417   -0.8337   -0.1072
   -0.7382    0.4108    0.5351
...    59 T-A ...
 -119.1756  -78.3897  103.6192
   -0.6399   -0.1582   -0.7520
   -0.2475   -0.8840    0.3966
   -0.7275    0.4399    0.5265
...    60 T-A ...
 -121.4818  -76.7482  105.1955
   -0.7059   -0.6248   -0.3338
    0.1682   -0.6056    0.7778
   -0.6881    0.4928    0.5326
...    61 A-T ...
 -123.6250  -75.0039  107.4019
   -0.4527   -0.7990    0.3959
    0.6551    0.0033    0.7555
   -0.6049    0.6014    0.5219
...    62 T-A ...
 -126.0715  -73.1459  108.6120
   -0.0711   -0.6493    0.7572
    0.8096    0.4059    0.4240
   -0.5827    0.6432    0.4968
...    63 A-T ...
 -127.8473  -70.5656  110.1664
    0.4745   -0.1410    0.8689
    0.6651    0.7040   -0.2490
   -0.5766    0.6960    0.4278
...    64 A-T ...
 -129.7860  -68.4297  111.5687
    0.7795    0.2821    0.5593
    0.2896    0.6294   -0.7211
   -0.5554    0.7241    0.4089
...    65 C-G ...
 -131.6916  -66.3623  113.4181
    0.8359    0.5471    0.0445
   -0.1843    0.3561   -0.9161
   -0.5170    0.7576    0.3985
...    66 G-C ...
 -133.2154  -63.5883  114.2465
    0.6972    0.4902   -0.5230
   -0.6156    0.0358   -0.7872
   -0.3672    0.8709    0.3267
...    67 G-C ...
 -133.8801  -60.4186  114.8556
    0.3074    0.3047   -0.9015
   -0.9205   -0.1451   -0.3629
   -0.2413    0.9413    0.2358
...    68 A-T ...
 -134.6406  -57.2676  115.2042
   -0.2985    0.1235   -0.9464
   -0.9358   -0.2329    0.2648
   -0.1877    0.9646    0.1851
...    69 G-C ...
 -135.0425  -53.9093  115.2229
   -0.7556   -0.0920   -0.6485
   -0.6256   -0.1923    0.7561
   -0.1942    0.9770    0.0878
...    70 T-A ...
 -135.5348  -50.6116  114.7906
   -0.9760   -0.1775   -0.1263
   -0.1123   -0.0871    0.9899
   -0.1867    0.9803    0.0650
...    71 A-T ...
 -136.2244  -47.3017  114.6828
   -0.8381   -0.1644    0.5202
    0.5187    0.0557    0.8532
   -0.1692    0.9848    0.0386
...    72 T-A ...
 -137.2066  -44.1660  114.1629
   -0.4275   -0.0463    0.9028
    0.8957    0.1134    0.4299
   -0.1223    0.9925   -0.0070
...    73 C-G ...
 -137.8596  -40.8544  114.1325
    0.2435    0.0536    0.9684
    0.9656    0.0806   -0.2472
   -0.0913    0.9953   -0.0321
...    74 T-A ...
 -138.3206  -37.5120  114.2871
    0.7382    0.0332    0.6737
    0.6731    0.0284   -0.7390
   -0.0436    0.9990   -0.0014
...    75 C-G ...
 -138.5748  -34.1103  114.2142
    0.9954   -0.0047    0.0953
    0.0952   -0.0194   -0.9953
    0.0065    0.9998   -0.0188
...    76 G-C ...
 -138.3307  -30.8144  113.4895
    0.8663   -0.2594   -0.4268
   -0.4381    0.0155   -0.8988
    0.2398    0.9656   -0.1003
...    77 A-T ...
 -137.6120  -27.6154  113.0044
    0.4272   -0.2843   -0.8583
   -0.8623    0.1574   -0.4813
    0.2719    0.9457   -0.1779
...    78 G-C ...
 -136.3448  -24.6340  112.1820
   -0.1241   -0.2392   -0.9630
   -0.9445    0.3259    0.0408
    0.3040    0.9147   -0.2664
...    79 C-G ...
 -134.9193  -21.7833  110.9107
   -0.6672   -0.0320   -0.7442
   -0.6774    0.4416    0.5883
    0.3099    0.8966   -0.3163
...    80 T-A ...
 -133.8581  -18.9047  109.6663
   -0.9330    0.2129   -0.2902
   -0.1763    0.4325    0.8842
    0.3137    0.8762   -0.3660
...    81 C-G ...
 -132.9941  -15.8756  108.6505
   -0.8342    0.4512    0.3170
    0.4579    0.2464    0.8542
    0.3073    0.8577   -0.4121
...    82 G-C ...
 -131.2104  -12.7664  108.1997
   -0.3914    0.5022    0.7711
    0.8749   -0.0566    0.4809
    0.2852    0.8629   -0.4172
...    83 G-C ...
 -130.2847   -9.9116  106.5868
    0.1840    0.3300    0.9259
    0.9217   -0.3852   -0.0459
    0.3415    0.8618   -0.3750
...    84 G-C ...
 -129.3063   -6.9674  105.3002
    0.6311   -0.0266    0.7752
    0.6615   -0.5036   -0.5558
    0.4052    0.8635   -0.3002
...    85 A-T ...
 -128.0947   -3.9636  104.4316
    0.8888   -0.3562    0.2885
    0.1369   -0.3945   -0.9086
    0.4374    0.8471   -0.3019
...    86 T-A ...
 -126.5591   -1.0761  104.0442
    0.8082   -0.5458   -0.2212
   -0.3505   -0.1438   -0.9255
    0.4733    0.8255   -0.3075
...    87 C-G ...
 -124.7530    1.5658  103.1438
    0.4139   -0.5630   -0.7153
   -0.7548    0.2270   -0.6154
    0.5089    0.7947   -0.3310
...    88 C-G ...
 -122.9151    4.0468  102.0017
   -0.1194   -0.4467   -0.8867
   -0.8424    0.5182   -0.1476
    0.5254    0.7293   -0.4382
...    89 G-C ...
 -121.5678    6.6239  100.3289
   -0.6409   -0.1498   -0.7529
   -0.5888    0.7252    0.3569
    0.4925    0.6721   -0.5529
...    90 C-G ...
 -119.8440    8.5320   97.9793
   -0.8676    0.2987   -0.3975
   -0.0875    0.6953    0.7134
    0.4895    0.6537   -0.5771
...    91 T-A ...
 -118.5419   10.6538   95.5049
   -0.7477    0.6574    0.0933
    0.4691    0.4235    0.7750
    0.4700    0.6233   -0.6250
...    92 T-A ...
 -117.2175   12.5670   93.1868
   -0.2798    0.8191    0.5008
    0.8230   -0.0640    0.5645
    0.4944    0.5701   -0.6562
...    93 T-A ...
 -115.8450   14.4251   90.8332
    0.2869    0.6442    0.7090
    0.8168   -0.5512    0.1703
    0.5005    0.5303   -0.6843
...    94 A-T ...
 -113.7401   15.5106   88.3797
    0.7533    0.1604    0.6379
    0.4351   -0.8488   -0.3004
    0.4933    0.5038   -0.7092
...    95 A-T ...
 -112.1859   17.2610   86.1817
    0.8615   -0.3719    0.3457
   -0.0971   -0.7889   -0.6067
    0.4984    0.4891   -0.7158
...    96 C-G ...
 -110.3213   19.2730   84.1907
    0.6546   -0.7547   -0.0445
   -0.5655   -0.4498   -0.6913
    0.5017    0.4777   -0.7212
...    97 A-T ...
 -108.5252   20.6949   81.6810
    0.1364   -0.9103   -0.3908
   -0.8349    0.1067   -0.5400
    0.5333    0.3999   -0.7454
...    98 C-G ...
 -106.2338   21.5416   79.3516
   -0.3541   -0.7168   -0.6007
   -0.7636    0.5924   -0.2568
    0.5399    0.3677   -0.7572
...    99 T-A ...
 -103.9774   22.2644   76.6289
   -0.7658   -0.2423   -0.5957
   -0.3913    0.9107    0.1326
    0.5103    0.3346   -0.7922
...   100 T-A ...
 -102.2628   23.0200   73.9371
   -0.8240    0.3683   -0.4305
    0.1503    0.8748    0.4607
    0.5463    0.3149   -0.7762
...   101 T-A ...
 -100.5335   23.8034   71.2494
   -0.5569    0.8247   -0.0989
    0.6034    0.4835    0.6341
    0.5708    0.2934   -0.7669
...   102 A-T ...
  -98.2649   24.7740   68.7884
    0.0420    0.9452    0.3237
    0.8053   -0.2237    0.5490
    0.5913    0.2377   -0.7706
...   103 T-A ...
  -96.9306   25.8555   66.0153
    0.4159    0.7056    0.5737
    0.6818   -0.6594    0.3168
    0.6018    0.2594   -0.7553
...   104 G-C ...
  -94.9569   26.9873   63.5887
    0.6860    0.1271    0.7164
    0.3052   -0.9441   -0.1247
    0.6605    0.3042   -0.6864
...   105 C-G ...
  -92.6587   28.3003   61.6154
    0.7062   -0.4387    0.5558
   -0.1378   -0.8551   -0.4998
    0.6945    0.2763   -0.6643
...   106 T-A ...
  -89.9879   29.4392   59.6946
    0.4693   -0.8648    0.1787
   -0.4989   -0.4267   -0.7543
    0.7286    0.2648   -0.6317
...   107 T-A ...
  -87.4773   30.2307   57.8521
    0.0666   -0.9645   -0.2556
   -0.6575    0.1503   -0.7383
    0.7505    0.2173   -0.6241
...   108 C-G ...
  -84.8425   30.7238   55.8186
   -0.3688   -0.6802   -0.6335
   -0.5497    0.7092   -0.4415
    0.7496    0.1854   -0.6354
...   109 C-G ...
  -82.3770   31.1048   53.6409
   -0.6765   -0.1971   -0.7096
   -0.2398    0.9700   -0.0408
    0.6964    0.1425   -0.7034
...   110 G-C ...
  -80.3801   31.8950   51.3704
   -0.7587    0.3429   -0.5539
    0.1835    0.9283    0.3234
    0.6251    0.1437   -0.7672
...   111 G-C ...
  -78.5910   32.3694   48.5349
   -0.5521    0.8029   -0.2246
    0.5956    0.5683    0.5677
    0.5835    0.1797   -0.7920
...   112 C-G ...
  -77.1196   32.9074   45.5583
   -0.1377    0.9752    0.1731
    0.8063    0.0089    0.5914
    0.5752    0.2210   -0.7876
...   113 T-A ...
  -75.3651   33.6841   42.8275
    0.3000    0.8090    0.5055
    0.7582   -0.5238    0.3882
    0.5788    0.2669   -0.7706
...   114 C-G ...
  -73.3293   34.5332   40.3054
    0.6817    0.3156    0.6601
    0.4333   -0.9011   -0.0167
    0.5895    0.2974   -0.7510
...   115 G-C ...
  -71.1750   35.0012   37.7638
    0.7531   -0.3209    0.5743
   -0.0548   -0.9005   -0.4313
    0.6556    0.2934   -0.6958
...   116 T-A ...
  -68.6037   36.3348   36.0506
    0.5652   -0.7787    0.2724
   -0.4551   -0.5697   -0.6843
    0.6880    0.2628   -0.6764
...   117 A-T ...
  -65.9606   37.2163   34.0680
    0.1348   -0.9774   -0.1632
   -0.6804    0.0284   -0.7323
    0.7204    0.2097   -0.6611
...   118 T-A ...
  -63.1482   37.6765   32.4152
   -0.2301   -0.8107   -0.5384
   -0.6467    0.5408   -0.5379
    0.7272    0.2244   -0.6487
...   119 A-T ...
  -60.7573   38.7950   30.1316
   -0.5634   -0.1962   -0.8025
   -0.3200    0.9474   -0.0069
    0.7617    0.2529   -0.5966
...   120 A-T ...
  -58.2114   39.2723   28.1532
   -0.6313    0.4007   -0.6641
    0.0638    0.8801    0.4704
    0.7729    0.2546   -0.5812
...   121 T-A ...
  -55.8181   39.6000   25.8205
   -0.4839    0.8161   -0.3160
    0.3849    0.5228    0.7606
    0.7859    0.2464   -0.5671
...   122 G-C ...
  -53.1328   40.4302   23.7597
   -0.1957    0.9445    0.2637
    0.5935   -0.1000    0.7986
    0.7807    0.3128   -0.5410
...   123 T-A ...
  -50.8615   41.5655   21.6370
    0.1270    0.7404    0.6601
    0.5936   -0.5899    0.5474
    0.7947    0.3223   -0.5144
...   124 G-C ...
  -48.1586   42.7117   19.9227
    0.3799    0.2095    0.9010
    0.4230   -0.9055    0.0321
    0.8226    0.3689   -0.4326
...   125 T-A ...
  -45.7174   44.3064   18.6233
    0.4937   -0.3277    0.8055
    0.1715   -0.8714   -0.4596
    0.8526    0.3650   -0.3740
...   126 C-G ...
  -42.9243   45.4243   17.6042
    0.4991   -0.7823    0.3726
   -0.1322   -0.4938   -0.8595
    0.8564    0.3797   -0.3499
...   127 G-C ...
  -40.0957   46.2269   15.9203
    0.2298   -0.9639   -0.1346
   -0.3122    0.0580   -0.9482
    0.9218    0.2600   -0.2876
...   128 A-T ...
  -37.1083   47.0180   15.0487
    0.0040   -0.7279   -0.6856
   -0.3822    0.6325   -0.6737
    0.9241    0.2648   -0.2757
...   129 C-G ...
  -33.8212   47.2404   14.5705
   -0.2301   -0.2707   -0.9348
   -0.3118    0.9304   -0.1926
    0.9219    0.2471   -0.2985
...   130 C-G ...
  -30.6620   47.6883   13.3314
   -0.4275    0.2786   -0.8600
   -0.1013    0.9306    0.3517
    0.8983    0.2374   -0.3696
...   131 A-T ...
  -27.5381   49.1262   12.9720
   -0.3959    0.8097   -0.4331
    0.1670    0.5273    0.8331
    0.9030    0.2576   -0.3440
...   132 A-T ...
  -24.6082   49.9276   11.7093
   -0.2181    0.9650    0.1455
    0.3592   -0.0592    0.9314
    0.9074    0.2554   -0.3337
...   133 A-T ...
  -21.7888   50.8379   10.2898
    0.0643    0.7455    0.6634
    0.3984   -0.6287    0.6678
    0.9149    0.2214   -0.3375
...   134 T-A ...
  -19.0083   52.0402    8.9383
    0.2450    0.2904    0.9250
    0.3072   -0.9282    0.2101
    0.9196    0.2327   -0.3167
...   135 G-C ...
  -16.4569   53.8980    7.5289
    0.5336   -0.3334    0.7773
    0.0348   -0.9096   -0.4140
    0.8450    0.2479   -0.4738
...   136 T-A ...
  -14.1680   56.5697    6.1948
    0.5795   -0.7269    0.3684
   -0.3140   -0.6163   -0.7222
    0.7521    0.3028   -0.5854
...   137 G-C ...
  -11.6468   58.0146    4.7336
    0.2454   -0.9541   -0.1717
   -0.6318   -0.0231   -0.7748
    0.7352    0.2986   -0.6085
...   138 A-T ...
   -8.6697   58.7289    3.6169
   -0.0344   -0.7815   -0.6230
   -0.6534    0.4892   -0.5777
    0.7562    0.3872   -0.5274
...   139 G-C ...
   -6.3211   59.0879    1.6439
   -0.2967   -0.3277   -0.8970
   -0.5657    0.8170   -0.1114
    0.7694    0.4744   -0.4278
...   140 C-G ...
   -3.4296   60.2436    1.0434
   -0.4424    0.2288   -0.8671
   -0.1682    0.9286    0.3309
    0.8809    0.2922   -0.3723
...   141 G-C ...
   -0.6893   63.9062   -2.2357
   -0.9992    0.0156   -0.0375
   -0.0024    0.8991    0.4378
    0.0405    0.4375   -0.8983
...   142 C-G ...
   -0.9979   65.6137   -4.9250
   -0.8337    0.5217    0.1810
    0.5169    0.6220    0.5881
    0.1942    0.5839   -0.7882
...   143 T-A ...
   -0.1244   66.2250   -7.8042
   -0.3751    0.8568    0.3538
    0.8856    0.2185    0.4098
    0.2739    0.4670   -0.8408
...   144 C-G ...
   -0.1580   67.4196  -10.7922
    0.1799    0.8792    0.4411
    0.9276   -0.3009    0.2214
    0.3274    0.3694   -0.8697
...   145 A-T ...
    0.5353   69.2486  -13.4514
    0.7352    0.4961    0.4620
    0.6117   -0.7791   -0.1369
    0.2921    0.3832   -0.8763
...   146 C-G ...
    1.4421   72.1063  -15.5859
    0.9808    0.0622    0.1849
    0.1266   -0.9240   -0.3608
    0.1484    0.3773   -0.9141
...   147 A-T ...
    2.3151   74.2410  -18.3715
    0.8657   -0.4292   -0.2574
   -0.4984   -0.7868   -0.3642
   -0.0462    0.4436   -0.8950
