  147 base-pairs
...     1 A-T ...
    0.0000    0.0000    0.0000
    1.0000    0.0000    0.0000
    0.0000    1.0000    0.0000
    0.0000    0.0000    1.0000
...     2 G-C ...
   -0.1394   -1.2357    3.2268
    0.7529    0.6366    0.1670
   -0.6386    0.7680   -0.0486
   -0.1592   -0.0700    0.9848
...     3 T-A ...
   -0.0365   -3.2932    6.3751
    0.2722    0.9301    0.2466
   -0.9238    0.3243   -0.2033
   -0.2691   -0.1725    0.9475
...     4 G-C ...
   -0.3505   -4.1660    9.4928
   -0.3756    0.9250    0.0579
   -0.8781   -0.3352   -0.3415
   -0.2965   -0.1791    0.9381
...     5 A-T ...
   -0.4462   -4.1476   12.7498
   -0.8116    0.5840   -0.0165
   -0.5523   -0.7762   -0.3042
   -0.1905   -0.2378    0.9524
...     6 G-C ...
   -1.5908   -4.1730   15.6201
   -0.9976    0.0246   -0.0651
   -0.0043   -0.9555   -0.2950
   -0.0695   -0.2940    0.9533
...     7 C-G ...
   -1.1030   -4.4824   18.7362
   -0.8441   -0.5304   -0.0787
    0.5345   -0.8441   -0.0432
   -0.0435   -0.0785    0.9960
...     8 G-C ...
   -2.4028   -7.7290   23.1475
   -0.2754   -0.3293   -0.9032
    0.6650   -0.7437    0.0684
   -0.6942   -0.5818    0.4238
...     9 C-G ...
   -4.4690   -9.9728   24.1132
    0.1145   -0.7025   -0.7024
    0.8512   -0.2952    0.4340
   -0.5122   -0.6476    0.5642
...    10 T-A ...
   -6.7405  -10.8752   25.9697
    0.4841   -0.8363   -0.2574
    0.6595    0.1553    0.7355
   -0.5751   -0.5258    0.6267
...    11 C-G ...
   -9.1656  -12.6208   27.1640
    0.7073   -0.6682    0.2307
    0.3448    0.6110    0.7126
   -0.6171   -0.4245    0.6626
...    12 A-T ...
  -10.9234  -14.6633   29.0693
    0.7515   -0.1377    0.6452
   -0.2029    0.8824    0.4246
   -0.6277   -0.4500    0.6352
...    13 C-G ...
  -11.8476  -17.4863   31.2451
    0.4295    0.2823    0.8578
   -0.5708    0.8209    0.0156
   -0.6998   -0.4963    0.5137
...    14 A-T ...
  -13.5897  -19.7827   33.4259
   -0.1504    0.6104    0.7777
   -0.6874    0.5008   -0.5260
   -0.7106   -0.6136    0.3443
...    15 A-T ...
  -15.7360  -21.8920   34.6892
   -0.5507    0.7730    0.3149
   -0.4491    0.0436   -0.8924
   -0.7036   -0.6329    0.3231
...    16 T-A ...
  -17.8083  -23.8549   36.3628
   -0.7092    0.6758   -0.2009
   -0.0864   -0.3661   -0.9266
   -0.6997   -0.6398    0.3180
...    17 T-A ...
  -20.0848  -25.8372   37.5833
   -0.6243    0.3213   -0.7120
    0.3589   -0.6917   -0.6268
   -0.6939   -0.6468    0.3165
...    18 T-A ...
  -22.4470  -27.7786   38.6982
   -0.2892   -0.1539   -0.9448
    0.6619   -0.7452   -0.0812
   -0.6915   -0.6489    0.3174
...    19 A-T ...
  -24.4733  -30.2822   39.8182
    0.2210   -0.5958   -0.7722
    0.6852   -0.4686    0.5576
   -0.6940   -0.6523    0.3047
...    20 T-A ...
  -27.1209  -32.2106   40.2820
    0.5459   -0.7554   -0.3625
    0.4656   -0.0862    0.8808
   -0.6966   -0.6496    0.3046
...    21 T-A ...
  -29.4712  -34.3446   41.0290
    0.7042   -0.6682    0.2398
    0.0494    0.3831    0.9224
   -0.7082   -0.6377    0.3029
...    22 C-G ...
  -31.7608  -36.5482   41.9719
    0.5984   -0.2798    0.7508
   -0.3991    0.7084    0.5821
   -0.6948   -0.6479    0.3122
...    23 G-C ...
  -34.2827  -38.4448   43.2477
    0.3111    0.2516    0.9164
   -0.6898    0.7231    0.0356
   -0.6538   -0.6432    0.3986
...    24 C-G ...
  -36.1328  -40.8502   44.6745
   -0.1088    0.6444    0.7569
   -0.7473    0.4491   -0.4898
   -0.6556   -0.6189    0.4326
...    25 A-T ...
  -38.5493  -42.8262   45.9419
   -0.4733    0.8384    0.2703
   -0.5474   -0.0395   -0.8360
   -0.6902   -0.5436    0.4776
...    26 A-T ...
  -40.7151  -44.5201   47.6778
   -0.7035    0.6536   -0.2791
   -0.1616   -0.5295   -0.8328
   -0.6921   -0.5407    0.4782
...    27 A-T ...
  -42.9947  -46.1065   49.3707
   -0.6632    0.2111   -0.7181
    0.2835   -0.8171   -0.5021
   -0.6927   -0.5365    0.4820
...    28 G-C ...
  -45.4969  -47.6464   50.9657
   -0.3549   -0.2526   -0.9001
    0.5902   -0.8072   -0.0061
   -0.7251   -0.5334    0.4356
...    29 G-C ...
  -48.1705  -49.3557   52.1800
    0.0933   -0.6353   -0.7666
    0.6637   -0.5342    0.5235
   -0.7421   -0.5577    0.3719
...    30 C-G ...
  -50.8782  -51.1516   53.0472
    0.4752   -0.8122   -0.3384
    0.4817   -0.0817    0.8725
   -0.7363   -0.5777    0.3524
...    31 C-G ...
  -53.4009  -53.2528   53.9623
    0.7097   -0.6751    0.2014
    0.1113    0.3898    0.9141
   -0.6956   -0.6264    0.3518
...    32 G-C ...
  -55.7632  -55.1517   55.5073
    0.7022   -0.2548    0.6648
   -0.3309    0.7099    0.6217
   -0.6304   -0.6565    0.4142
...    33 G-C ...
  -57.7732  -57.5780   56.7936
    0.4444    0.2495    0.8604
   -0.6710    0.7291    0.1351
   -0.5936   -0.6373    0.4914
...    34 C-G ...
  -59.3991  -59.9704   58.4643
    0.0252    0.6523    0.7575
   -0.8056    0.4619   -0.3710
   -0.5919   -0.6009    0.5372
...    35 C-G ...
  -61.1898  -61.9945   60.5029
   -0.3678    0.8574    0.3601
   -0.6964    0.0027   -0.7176
   -0.6162   -0.5147    0.5961
...    36 C-G ...
  -63.2126  -63.4903   62.7567
   -0.6329    0.7565   -0.1650
   -0.3955   -0.4990   -0.7711
   -0.6656   -0.4227    0.6150
...    37 G-C ...
  -65.7705  -64.9685   64.4490
   -0.6691    0.3662   -0.6467
   -0.0034   -0.8717   -0.4901
   -0.7432   -0.3257    0.5845
...    38 A-T ...
  -68.3475  -65.9319   66.2943
   -0.5181   -0.2418   -0.8204
    0.3846   -0.9226    0.0290
   -0.7639   -0.3005    0.5710
...    39 C-G ...
  -71.2403  -66.4171   67.9371
   -0.2186   -0.7097   -0.6697
    0.5911   -0.6424    0.4878
   -0.7764   -0.2892    0.5600
...    40 A-T ...
  -73.6022  -67.6031   70.0055
    0.2197   -0.9436   -0.2476
    0.5854   -0.0755    0.8073
   -0.7804   -0.3223    0.5358
...    41 C-G ...
  -76.5075  -68.8044   71.2381
    0.5054   -0.8280    0.2429
    0.3691    0.4619    0.8065
   -0.7799   -0.3179    0.5391
...    42 G-C ...
  -79.0757  -69.5082   73.3547
    0.6885   -0.3652    0.6265
    0.0110    0.8691    0.4945
   -0.7251   -0.3336    0.6024
...    43 A-T ...
  -81.5394  -70.6492   75.2354
    0.5806    0.2511    0.7745
   -0.3949    0.9187   -0.0018
   -0.7120   -0.3048    0.6326
...    44 C-G ...
  -83.5358  -72.1523   77.4085
    0.3114    0.7220    0.6178
   -0.6447    0.6382   -0.4208
   -0.6981   -0.2672    0.6642
...    45 T-A ...
  -85.6153  -73.0501   79.8396
   -0.0211    0.9749    0.2215
   -0.7275    0.1370   -0.6723
   -0.6858   -0.1753    0.7063
...    46 T-A ...
  -87.7191  -73.5252   82.2499
   -0.4059    0.8816   -0.2409
   -0.5949   -0.4549   -0.6627
   -0.6938   -0.1257    0.7091
...    47 A-T ...
  -90.2576  -73.9368   84.4291
   -0.6367    0.4171   -0.6485
   -0.2552   -0.9076   -0.3333
   -0.7277   -0.0467    0.6843
...    48 C-G ...
  -92.6656  -73.3957   86.6762
   -0.6604   -0.1451   -0.7367
    0.1054   -0.9894    0.1003
   -0.7434   -0.0115    0.6687
...    49 T-A ...
  -95.3481  -73.1795   88.6717
   -0.4740   -0.6770   -0.5630
    0.4219   -0.7359    0.5296
   -0.7728    0.0135    0.6345
...    50 G-C ...
  -97.7468  -73.4755   91.0005
   -0.0984   -0.9883   -0.1165
    0.6045   -0.1524    0.7819
   -0.7905    0.0065    0.6125
...    51 T-A ...
 -100.7707  -73.5246   92.5422
    0.2444   -0.9047    0.3490
    0.5684    0.4252    0.7044
   -0.7856    0.0262    0.6182
...    52 A-T ...
 -103.1981  -72.7020   94.8836
    0.5096   -0.3489    0.7865
    0.2907    0.9302    0.2242
   -0.8098    0.1144    0.5754
...    53 G-C ...
 -105.9401  -72.5555   96.7984
    0.6399    0.2224    0.7356
   -0.0188    0.9615   -0.2742
   -0.7682    0.1616    0.6194
...    54 G-C ...
 -108.5686  -72.2333   98.9243
    0.6047    0.7013    0.3774
   -0.3644    0.6650   -0.6519
   -0.7082    0.2567    0.6577
...    55 T-A ...
 -110.5023  -71.6046  101.5094
    0.3659    0.9273   -0.0786
   -0.6332    0.1862   -0.7512
   -0.6820    0.3246    0.6553
...    56 A-T ...
 -112.6855  -70.2482  103.6635
    0.0353    0.7967   -0.6034
   -0.7663   -0.3660   -0.5281
   -0.6415    0.4810    0.5975
...    57 T-A ...
 -114.2462  -68.2774  105.7548
   -0.3442    0.4784   -0.8079
   -0.6906   -0.7119   -0.1274
   -0.6361    0.5141    0.5754
...    58 C-G ...
 -116.4204  -66.4136  107.3829
   -0.6770   -0.0659   -0.7330
   -0.3760   -0.8252    0.4215
   -0.6327    0.5610    0.5339
...    59 T-A ...
 -118.6027  -64.3100  108.8083
   -0.7599   -0.5304   -0.3757
    0.0319   -0.6078    0.7935
   -0.6492    0.5910    0.4788
...    60 C-G ...
 -120.8898  -62.3685  110.2602
   -0.5946   -0.7724    0.2232
    0.4914   -0.1294    0.8613
   -0.6364    0.6218    0.4565
...    61 G-C ...
 -122.6731  -60.2152  112.2012
   -0.1607   -0.6972    0.6986
    0.7539    0.3701    0.5429
   -0.6371    0.6139    0.4661
...    62 A-T ...
 -124.8528  -58.0899  113.5524
    0.3399   -0.3048    0.8897
    0.7132    0.7002   -0.0327
   -0.6130    0.6456    0.4554
...    63 G-C ...
 -127.0530  -56.0939  115.0964
    0.7169    0.1014    0.6897
    0.4245    0.7213   -0.5473
   -0.5530    0.6852    0.4741
...    64 C-G ...
 -129.0910  -54.1256  116.8696
    0.8698    0.4374    0.2284
   -0.0361    0.5181   -0.8546
   -0.4921    0.7350    0.4664
...    65 T-A ...
 -130.5319  -51.7177  118.6375
    0.7635    0.5583   -0.3246
   -0.5062    0.2052   -0.8376
   -0.4010    0.8038    0.4393
...    66 C-G ...
 -131.7153  -49.0068  120.0199
    0.3508    0.4944   -0.7953
   -0.8707   -0.1404   -0.4713
   -0.3447    0.8578    0.3812
...    67 G-C ...
 -133.0159  -45.9561  120.7743
   -0.1525    0.1872   -0.9704
   -0.9489   -0.3021    0.0908
   -0.2762    0.9347    0.2237
...    68 G-C ...
 -133.8005  -42.6446  120.8765
   -0.6365   -0.0957   -0.7653
   -0.7236   -0.2692    0.6355
   -0.2668    0.9583    0.1021
...    69 G-C ...
 -134.8839  -39.4094  120.6275
   -0.9239   -0.2773   -0.2636
   -0.2488   -0.0880    0.9646
   -0.2907    0.9567    0.0123
...    70 A-T ...
 -135.9606  -36.2440  120.5064
   -0.8827   -0.2381    0.4050
    0.3841    0.1307    0.9140
   -0.2706    0.9624   -0.0239
...    71 T-A ...
 -137.2136  -33.2101  119.8199
   -0.5470   -0.0712    0.8341
    0.8057    0.2258    0.5476
   -0.2274    0.9716   -0.0661
...    72 C-G ...
 -138.0054  -29.9809  119.4403
    0.0827    0.1119    0.9903
    0.9768    0.1878   -0.1028
   -0.1975    0.9758   -0.0938
...    73 C-G ...
 -138.9180  -26.7192  118.9841
    0.6444    0.1364    0.7524
    0.7539    0.0517   -0.6550
   -0.1283    0.9893   -0.0695
...    74 G-C ...
 -139.2287  -23.4112  118.1687
    0.9714    0.0077    0.2372
    0.2370   -0.0867   -0.9676
    0.0131    0.9962   -0.0861
...    75 C-G ...
 -139.2208  -20.0919  118.3019
    0.9346   -0.1239   -0.3333
   -0.3452   -0.0908   -0.9341
    0.0855    0.9881   -0.1276
...    76 T-A ...
 -138.6037  -16.8546  117.9871
    0.5843   -0.2686   -0.7658
   -0.7917    0.0187   -0.6106
    0.1783    0.9631   -0.2017
...    77 T-A ...
 -137.8214  -13.8056  117.2743
    0.0123   -0.2703   -0.9627
   -0.9780    0.1971   -0.0678
    0.2081    0.9424   -0.2619
...    78 T-A ...
 -136.9558  -10.8518  116.2664
   -0.5642   -0.1313   -0.8152
   -0.7954    0.3512    0.4939
    0.2214    0.9271   -0.3026
...    79 A-T ...
 -136.5015   -7.6056  115.3660
   -0.9426    0.1392   -0.3036
   -0.2286    0.3941    0.8902
    0.2435    0.9085   -0.3397
...    80 A-T ...
 -135.7022   -4.7713  113.9359
   -0.8718    0.4073    0.2720
    0.3875    0.2338    0.8918
    0.2996    0.8829   -0.3616
...    81 C-G ...
 -135.1000   -1.9218  112.1933
   -0.5030    0.4903    0.7118
    0.8074   -0.0273    0.5894
    0.3084    0.8711   -0.3821
...    82 A-T ...
 -133.6161    0.8213  110.9812
    0.0996    0.3498    0.9315
    0.9400   -0.3401    0.0272
    0.3263    0.8729   -0.3627
...    83 C-G ...
 -133.0809    3.9294  109.8349
    0.5969    0.0998    0.7961
    0.7229   -0.4972   -0.4798
    0.3479    0.8619   -0.3689
...    84 T-A ...
 -132.0070    6.9089  108.7899
    0.8708   -0.2469    0.4252
    0.2672   -0.4882   -0.8308
    0.4127    0.8371   -0.3591
...    85 T-A ...
 -130.6692    9.6745  107.7687
    0.8467   -0.5187   -0.1182
   -0.2917   -0.2668   -0.9186
    0.4449    0.8122   -0.3772
...    86 T-A ...
 -129.0929   12.2626  106.6525
    0.4993   -0.6265   -0.5985
   -0.7204    0.0836   -0.6885
    0.4814    0.7749   -0.4096
...    87 A-T ...
 -127.3033   14.6176  105.0796
   -0.0831   -0.5711   -0.8167
   -0.8467    0.4726   -0.2443
    0.5255    0.6712   -0.5228
...    88 T-A ...
 -125.0956   16.3137  103.3450
   -0.5176   -0.2630   -0.8142
   -0.6732    0.7125    0.1978
    0.5281    0.6505   -0.5459
...    89 G-C ...
 -123.6674   18.5748  101.3054
   -0.8563    0.1603   -0.4910
   -0.1995    0.7742    0.6007
    0.4764    0.6123   -0.6310
...    90 C-G ...
 -122.2852   20.3487   98.8027
   -0.8246    0.5633   -0.0517
    0.3412    0.5682    0.7488
    0.4511    0.5998   -0.6608
...    91 T-A ...
 -121.0341   22.2581   96.3377
   -0.4946    0.7785    0.3864
    0.7579    0.1687    0.6302
    0.4254    0.6045   -0.6735
...    92 T-A ...
 -119.8707   24.1329   93.9169
    0.0924    0.7569    0.6470
    0.8927   -0.3507    0.2829
    0.4411    0.5514   -0.7081
...    93 C-G ...
 -118.4907   25.9339   91.4865
    0.6234    0.3737    0.6868
    0.6336   -0.7562   -0.1635
    0.4583    0.5371   -0.7082
...    94 C-G ...
 -117.0900   27.9073   89.1066
    0.8328   -0.1651    0.5284
    0.1606   -0.8414   -0.5160
    0.5297    0.5146   -0.6742
...    95 G-C ...
 -115.3447   29.2688   86.5266
    0.6968   -0.6823    0.2215
   -0.3531   -0.5950   -0.7220
    0.6244    0.4249   -0.6555
...    96 G-C ...
 -113.0462   30.6866   84.5063
    0.3098   -0.9397   -0.1448
   -0.6717   -0.1085   -0.7328
    0.6729    0.3243   -0.6648
...    97 C-G ...
 -110.4685   31.5215   82.5881
   -0.1593   -0.8615   -0.4822
   -0.7154    0.4373   -0.5450
    0.6803    0.2581   -0.6859
...    98 T-A ...
 -108.0740   31.9748   80.3231
   -0.5742   -0.5026   -0.6462
   -0.4825    0.8455   -0.2288
    0.6614    0.1804   -0.7280
...    99 T-A ...
 -105.8803   32.2894   77.9441
   -0.7479    0.0866   -0.6581
   -0.0447    0.9826    0.1801
    0.6623    0.1642   -0.7311
...   100 C-G ...
 -103.8404   32.7518   75.3856
   -0.6285    0.6639   -0.4053
    0.4369    0.7324    0.5222
    0.6435    0.1511   -0.7504
...   101 A-T ...
 -101.5818   33.4365   73.0087
   -0.2734    0.9614    0.0305
    0.7457    0.1918    0.6381
    0.6077    0.1972   -0.7693
...   102 T-A ...
 -100.1527   34.0690   70.0750
    0.1756    0.9227    0.3433
    0.7733   -0.3451    0.5318
    0.6092    0.1721   -0.7741
...   103 G-C ...
  -97.8646   34.4808   67.6606
    0.5667    0.5169    0.6416
    0.5167   -0.8295    0.2120
    0.6418    0.2114   -0.7371
...   104 T-A ...
  -95.9717   35.7415   65.2132
    0.7405   -0.0210    0.6717
    0.1199   -0.9794   -0.1628
    0.6613    0.2011   -0.7227
...   105 T-A ...
  -93.8319   36.5946   62.9201
    0.6660   -0.5933    0.4521
   -0.3449   -0.7824   -0.5186
    0.6614    0.1895   -0.7257
...   106 A-T ...
  -91.7347   36.9849   60.3036
    0.2668   -0.9613    0.0688
   -0.6776   -0.2378   -0.6960
    0.6854    0.1390   -0.7148
...   107 T-A ...
  -89.0389   37.3689   58.4577
   -0.1307   -0.9477   -0.2912
   -0.7147    0.2936   -0.6348
    0.6871    0.1251   -0.7157
...   108 A-T ...
  -86.9311   37.8085   55.8563
   -0.5779   -0.5588   -0.5948
   -0.4576    0.8253   -0.3307
    0.6757    0.0811   -0.7327
...   109 A-T ...
  -84.6950   37.8003   53.4895
   -0.7298    0.0343   -0.6828
   -0.0257    0.9967    0.0775
    0.6832    0.0741   -0.7265
...   110 C-G ...
  -82.6113   37.4187   50.8932
   -0.6371    0.5688   -0.5201
    0.3852    0.8195    0.4244
    0.6676    0.0701   -0.7412
...   111 G-C ...
  -80.2301   37.9948   48.5539
   -0.3448    0.9319   -0.1124
    0.7039    0.3359    0.6259
    0.6210    0.1367   -0.7718
...   112 G-C ...
  -78.3484   38.4623   45.7612
    0.0708    0.9466    0.3146
    0.7816   -0.2486    0.5722
    0.6198    0.2053   -0.7574
...   113 A-T ...
  -76.3750   39.1381   43.2038
    0.5130    0.5959    0.6179
    0.5765   -0.7725    0.2663
    0.6360    0.2196   -0.7398
...   114 C-G ...
  -74.5594   40.4171   40.7307
    0.7228    0.0772    0.6867
    0.2118   -0.9707   -0.1138
    0.6578    0.2277   -0.7180
...   115 G-C ...
  -72.2355   40.7490   38.2839
    0.6317   -0.5203    0.5747
   -0.2227   -0.8318   -0.5084
    0.7426    0.1932   -0.6413
...   116 T-A ...
  -69.5252   41.7168   36.6358
    0.3856   -0.8928    0.2328
   -0.5208   -0.4189   -0.7439
    0.7616    0.1656   -0.6265
...   117 A-T ...
  -67.1650   42.1357   34.2431
   -0.0508   -0.9588   -0.2795
   -0.6332    0.2474   -0.7334
    0.7723    0.1397   -0.6197
...   118 T-A ...
  -64.2625   42.2241   32.6637
   -0.3685   -0.6886   -0.6245
   -0.5110    0.7112   -0.4828
    0.7766    0.1412   -0.6140
...   119 A-T ...
  -61.8028   43.0755   30.4712
   -0.5961   -0.0543   -0.8011
   -0.1464    0.9883    0.0419
    0.7894    0.1422   -0.5971
...   120 A-T ...
  -59.2343   43.2606   28.4665
   -0.5440    0.5459   -0.6372
    0.2269    0.8268    0.5147
    0.8078    0.1354   -0.5737
...   121 T-A ...
  -56.8514   43.2315   26.1625
   -0.3362    0.8990   -0.2805
    0.4715    0.4185    0.7762
    0.8152    0.1287   -0.5646
...   122 G-C ...
  -54.0235   43.8047   24.4542
   -0.0651    0.9574    0.2815
    0.5892   -0.1908    0.7851
    0.8054    0.2170   -0.5516
...   123 T-A ...
  -51.7548   44.7997   22.2335
    0.2315    0.6961    0.6797
    0.5289   -0.6764    0.5126
    0.8165    0.2409   -0.5247
...   124 G-C ...
  -48.8570   45.5037   20.6898
    0.4014    0.1422    0.9048
    0.3180   -0.9481    0.0079
    0.8589    0.2845   -0.4258
...   125 T-A ...
  -46.1543   47.0079   19.5259
    0.4710   -0.3994    0.7865
    0.0640   -0.8738   -0.4820
    0.8798    0.2774   -0.3860
...   126 C-G ...
  -43.1891   47.8820   18.4139
    0.3813   -0.8542    0.3536
   -0.2068   -0.4516   -0.8679
    0.9010    0.2578   -0.3488
...   127 G-C ...
  -40.1759   48.3524   16.9294
    0.1088   -0.9767   -0.1849
   -0.3289    0.1402   -0.9339
    0.9381    0.1624   -0.3060
...   128 A-T ...
  -37.0305   48.7418   15.9704
   -0.1216   -0.6883   -0.7152
   -0.3073    0.7113   -0.6322
    0.9438    0.1429   -0.2980
...   129 C-G ...
  -33.7590   48.6055   15.2059
   -0.2717   -0.1882   -0.9438
   -0.1821    0.9730   -0.1416
    0.9450    0.1334   -0.2987
...   130 C-G ...
  -30.5578   48.7704   14.0581
   -0.3771    0.3911   -0.8396
    0.0148    0.9089    0.4167
    0.9260    0.1447   -0.3486
...   131 A-T ...
  -27.4238   49.4491   13.0901
   -0.3601    0.8445   -0.3964
    0.2373    0.4939    0.8365
    0.9022    0.2072   -0.3782
...   132 A-T ...
  -24.5640   50.0364   11.6539
   -0.1533    0.9736    0.1689
    0.3868   -0.0982    0.9169
    0.9093    0.2059   -0.3615
...   133 A-T ...
  -21.7059   50.7864   10.3150
    0.0774    0.7308    0.6782
    0.3989   -0.6461    0.6507
    0.9137    0.2201   -0.3415
...   134 T-A ...
  -19.0084   52.0402    8.9384
    0.2450    0.2904    0.9250
    0.3072   -0.9282    0.2101
    0.9196    0.2327   -0.3166
...   135 G-C ...
  -16.4570   53.8980    7.5290
    0.5336   -0.3334    0.7773
    0.0348   -0.9096   -0.4140
    0.8450    0.2479   -0.4738
...   136 T-A ...
  -14.1682   56.5698    6.1949
    0.5795   -0.7269    0.3684
   -0.3140   -0.6163   -0.7222
    0.7521    0.3028   -0.5854
...   137 G-C ...
  -11.6469   58.0147    4.7337
    0.2454   -0.9541   -0.1717
   -0.6318   -0.0231   -0.7748
    0.7352    0.2986   -0.6085
...   138 A-T ...
   -8.6699   58.7289    3.6170
   -0.0344   -0.7815   -0.6230
   -0.6534    0.4892   -0.5777
    0.7562    0.3872   -0.5274
...   139 G-C ...
   -6.3212   59.0880    1.6441
   -0.2967   -0.3277   -0.8970
   -0.5657    0.8170   -0.1114
    0.7694    0.4744   -0.4278
...   140 C-G ...
   -3.4297   60.2437    1.0435
   -0.4424    0.2288   -0.8671
   -0.1682    0.9286    0.3309
    0.8809    0.2922   -0.3723
...   141 G-C ...
   -0.6894   63.9063   -2.2356
   -0.9992    0.0156   -0.0375
   -0.0024    0.8991    0.4378
    0.0405    0.4375   -0.8983
...   142 C-G ...
   -0.9980   65.6138   -4.9249
   -0.8337    0.5217    0.1810
    0.5169    0.6220    0.5881
    0.1942    0.5839   -0.7882
...   143 T-A ...
   -0.1245   66.2250   -7.8041
   -0.3751    0.8568    0.3538
    0.8856    0.2185    0.4098
    0.2739    0.4670   -0.8408
...   144 C-G ...
   -0.1581   67.4197  -10.7921
    0.1799    0.8792    0.4411
    0.9276   -0.3009    0.2214
    0.3274    0.3694   -0.8697
...   145 A-T ...
    0.5352   69.2487  -13.4513
    0.7352    0.4961    0.4620
    0.6117   -0.7791   -0.1369
    0.2921    0.3832   -0.8763
...   146 C-G ...
    1.4420   72.1064  -15.5858
    0.9808    0.0622    0.1849
    0.1266   -0.9240   -0.3608
    0.1484    0.3773   -0.9141
...   147 A-T ...
    2.3149   74.2411  -18.3714
    0.8657   -0.4292   -0.2574
   -0.4984   -0.7868   -0.3642
   -0.0462    0.4436   -0.8950
