  147 base-pairs
...     1 A-T ...
    0.0000    0.0000    0.0000
    1.0000    0.0000    0.0000
    0.0000    1.0000    0.0000
    0.0000    0.0000    1.0000
...     2 G-C ...
   -0.1394   -1.2357    3.2268
    0.7529    0.6366    0.1670
   -0.6386    0.7680   -0.0486
   -0.1592   -0.0700    0.9848
...     3 T-A ...
   -0.0365   -3.2932    6.3751
    0.2722    0.9301    0.2466
   -0.9238    0.3243   -0.2033
   -0.2691   -0.1725    0.9475
...     4 G-C ...
   -0.3505   -4.1660    9.4928
   -0.3756    0.9250    0.0579
   -0.8781   -0.3352   -0.3415
   -0.2965   -0.1791    0.9381
...     5 A-T ...
   -0.4462   -4.1476   12.7498
   -0.8116    0.5840   -0.0165
   -0.5523   -0.7762   -0.3042
   -0.1905   -0.2378    0.9524
...     6 G-C ...
   -1.5908   -4.1730   15.6201
   -0.9976    0.0246   -0.0651
   -0.0043   -0.9555   -0.2950
   -0.0695   -0.2940    0.9533
...     7 C-G ...
   -1.1030   -4.4824   18.7362
   -0.8441   -0.5304   -0.0787
    0.5345   -0.8441   -0.0432
   -0.0435   -0.0785    0.9960
...     8 G-C ...
   -2.4028   -7.7290   23.1475
   -0.2754   -0.3293   -0.9032
    0.6650   -0.7437    0.0684
   -0.6942   -0.5818    0.4238
...     9 C-G ...
   -4.4690   -9.9728   24.1132
    0.1145   -0.7025   -0.7024
    0.8512   -0.2952    0.4340
   -0.5122   -0.6476    0.5642
...    10 T-A ...
   -6.7405  -10.8752   25.9697
    0.4841   -0.8363   -0.2574
    0.6595    0.1553    0.7355
   -0.5751   -0.5258    0.6267
...    11 C-G ...
   -9.1656  -12.6208   27.1640
    0.7073   -0.6682    0.2307
    0.3448    0.6110    0.7126
   -0.6171   -0.4245    0.6626
...    12 A-T ...
  -10.9234  -14.6633   29.0693
    0.7515   -0.1377    0.6452
   -0.2029    0.8824    0.4246
   -0.6277   -0.4500    0.6352
...    13 C-G ...
  -11.8476  -17.4863   31.2451
    0.4295    0.2823    0.8578
   -0.5708    0.8209    0.0156
   -0.6998   -0.4963    0.5137
...    14 A-T ...
  -13.5897  -19.7827   33.4259
   -0.1504    0.6104    0.7777
   -0.6874    0.5008   -0.5260
   -0.7106   -0.6136    0.3443
...    15 A-T ...
  -15.8218  -21.8421   34.5789
   -0.5334    0.7892    0.3043
   -0.4482    0.0415   -0.8930
   -0.7174   -0.6127    0.3316
...    16 T-A ...
  -17.9422  -23.8164   36.3586
   -0.7224    0.6521   -0.2300
   -0.0614   -0.3918   -0.9180
   -0.6887   -0.6491    0.3231
...    17 T-A ...
  -20.1999  -25.7722   37.7329
   -0.6391    0.2614   -0.7234
    0.3984   -0.6919   -0.6021
   -0.6579   -0.6730    0.3380
...    18 T-A ...
  -22.4567  -27.8504   38.8769
   -0.2739   -0.1841   -0.9440
    0.6981   -0.7132   -0.0634
   -0.6616   -0.6763    0.3239
...    19 A-T ...
  -24.4457  -30.4201   40.0261
    0.2562   -0.6101   -0.7498
    0.7042   -0.4136    0.5771
   -0.6622   -0.6758    0.3237
...    20 T-A ...
  -27.0335  -32.4460   40.5791
    0.5854   -0.7490   -0.3103
    0.4578   -0.0105    0.8890
   -0.6691   -0.6625    0.3368
...    21 T-A ...
  -29.2774  -34.6594   41.4137
    0.7211   -0.6231    0.3029
    0.0002    0.4374    0.8993
   -0.6928   -0.6484    0.3155
...    22 C-G ...
  -31.5222  -36.8388   42.4829
    0.5852   -0.2158    0.7816
   -0.4497    0.7157    0.5343
   -0.6747   -0.6642    0.3218
...    23 G-C ...
  -34.0530  -38.6188   43.8844
    0.3247    0.3204    0.8899
   -0.7202    0.6936    0.0131
   -0.6130   -0.6452    0.4560
...    24 C-G ...
  -35.7647  -40.9995   45.3955
   -0.0714    0.6765    0.7330
   -0.7787    0.4215   -0.4648
   -0.6234   -0.6039    0.4967
...    25 A-T ...
  -38.2373  -42.9635   46.5630
   -0.4860    0.8327    0.2653
   -0.5738   -0.0750   -0.8156
   -0.6592   -0.5486    0.5143
...    26 A-T ...
  -40.3868  -44.6835   48.3511
   -0.7208    0.6364   -0.2747
   -0.1822   -0.5563   -0.8107
   -0.6687   -0.5343    0.5170
...    27 A-T ...
  -42.5217  -46.2247   50.2825
   -0.6944    0.1769   -0.6975
    0.2860   -0.8217   -0.4930
   -0.6603   -0.5418    0.5200
...    28 G-C ...
  -45.0207  -47.6676   52.0637
   -0.3864   -0.2785   -0.8793
    0.6054   -0.7958   -0.0140
   -0.6958   -0.5378    0.4761
...    29 G-C ...
  -47.6644  -49.4048   53.4559
    0.0868   -0.6714   -0.7360
    0.6987   -0.4855    0.5254
   -0.7101   -0.5598    0.4270
...    30 C-G ...
  -50.1717  -51.2972   54.4830
    0.4964   -0.8105   -0.3111
    0.5026   -0.0239    0.8642
   -0.7078   -0.5853    0.3955
...    31 C-G ...
  -52.7308  -53.2195   55.6063
    0.7293   -0.6473    0.2214
    0.1199    0.4395    0.8902
   -0.6736   -0.6227    0.3982
...    32 G-C ...
  -54.8115  -54.9537   57.1549
    0.7363   -0.2511    0.6283
   -0.2974    0.7140    0.6338
   -0.6078   -0.6535    0.4510
...    33 G-C ...
  -56.6178  -57.3235   58.7394
    0.4748    0.2497    0.8440
   -0.6653    0.7296    0.1584
   -0.5762   -0.6367    0.5125
...    34 C-G ...
  -58.2578  -59.6991   60.3575
    0.0490    0.6613    0.7486
   -0.8121    0.4627   -0.3555
   -0.5814   -0.5905    0.5597
...    35 C-G ...
  -59.9798  -61.5632   62.6412
   -0.3599    0.8609    0.3596
   -0.7072   -0.0004   -0.7070
   -0.6085   -0.5087    0.6090
...    36 C-G ...
  -61.9737  -63.0614   64.9094
   -0.6594    0.7348   -0.1589
   -0.4041   -0.5248   -0.7492
   -0.6339   -0.4298    0.6430
...    37 G-C ...
  -64.2134  -65.1246   66.4691
   -0.7216    0.3330   -0.6069
    0.0301   -0.8608   -0.5081
   -0.6916   -0.3849    0.6111
...    38 A-T ...
  -66.4764  -66.2905   68.4191
   -0.5596   -0.2551   -0.7885
    0.4510   -0.8919   -0.0316
   -0.6953   -0.3733    0.6142
...    39 C-G ...
  -69.0978  -67.1547   70.0984
   -0.2121   -0.6863   -0.6957
    0.6606   -0.6253    0.4154
   -0.7201   -0.3715    0.5860
...    40 A-T ...
  -71.5381  -68.6174   71.9651
    0.2619   -0.9181   -0.2976
    0.6435   -0.0637    0.7628
   -0.7193   -0.3913    0.5741
...    41 C-G ...
  -74.1219  -70.2090   73.4351
    0.5694   -0.8068    0.1576
    0.3987    0.4387    0.8053
   -0.7189   -0.3957    0.5715
...    42 G-C ...
  -76.3944  -71.1102   75.6798
    0.7204   -0.3531    0.5969
   -0.0162    0.8519    0.5235
   -0.6933   -0.3868    0.6080
...    43 A-T ...
  -78.7570  -72.3055   77.4302
    0.5760    0.2275    0.7852
   -0.4128    0.9100    0.0391
   -0.7056   -0.3466    0.6180
...    44 C-G ...
  -80.7214  -74.0048   79.4586
    0.3100    0.7061    0.6367
   -0.6656    0.6394   -0.3849
   -0.6788   -0.3045    0.6682
...    45 T-A ...
  -82.7145  -75.1501   82.1748
   -0.0637    0.9772    0.2024
   -0.7252    0.0940   -0.6821
   -0.6855   -0.1902    0.7027
...    46 T-A ...
  -84.8983  -75.6017   84.4198
   -0.3878    0.8879   -0.2474
   -0.5930   -0.4458   -0.6705
   -0.7056   -0.1133    0.6994
...    47 A-T ...
  -87.3776  -75.6820   86.6227
   -0.5608    0.4775   -0.6763
   -0.3090   -0.8786   -0.3641
   -0.7681    0.0048    0.6403
...    48 C-G ...
  -89.9182  -74.8907   88.6399
   -0.6125   -0.0752   -0.7869
    0.0043   -0.9958    0.0919
   -0.7905    0.0529    0.6102
...    49 T-A ...
  -92.7239  -74.2312   90.4138
   -0.4621   -0.6058   -0.6477
    0.2765   -0.7923    0.5438
   -0.8426    0.0722    0.5336
...    50 G-C ...
  -95.5455  -74.2115   92.2152
   -0.1641   -0.9644   -0.2074
    0.4720   -0.2613    0.8420
   -0.8662    0.0403    0.4980
...    51 T-A ...
  -98.5688  -74.2480   93.3708
    0.1023   -0.9411    0.3222
    0.4793    0.3305    0.8131
   -0.8717    0.0712    0.4849
...    52 A-T ...
 -101.0205  -72.7482   95.6583
    0.2838   -0.3825    0.8793
    0.3253    0.9010    0.2869
   -0.9020    0.2046    0.3802
...    53 G-C ...
 -104.0482  -72.0189   96.7523
    0.4835    0.1564    0.8613
    0.1483    0.9551   -0.2566
   -0.8627    0.2518    0.4385
...    54 G-C ...
 -107.0211  -71.6344   98.6608
    0.5664    0.6512    0.5050
   -0.1554    0.6863   -0.7106
   -0.8093    0.3240    0.4899
...    55 T-A ...
 -109.4658  -70.7392  100.5640
    0.4463    0.8946    0.0233
   -0.4237    0.2341   -0.8750
   -0.7882    0.3807    0.4835
...    56 A-T ...
 -111.7890  -69.1882  102.6136
    0.2374    0.7906   -0.5645
   -0.6383   -0.3111   -0.7041
   -0.7323    0.5275    0.4308
...    57 T-A ...
 -113.6579  -67.1346  104.2792
   -0.0928    0.4785   -0.8732
   -0.6903   -0.6629   -0.2898
   -0.7175    0.5758    0.3918
...    58 C-G ...
 -116.0462  -64.8952  105.4249
   -0.4799   -0.0920   -0.8725
   -0.5046   -0.7846    0.3603
   -0.7177    0.6132    0.3301
...    59 T-A ...
 -118.4799  -62.7289  106.1057
   -0.6506   -0.5453   -0.5285
   -0.1849   -0.5613    0.8067
   -0.7365    0.6226    0.2644
...    60 C-G ...
 -121.0948  -61.0205  107.1803
   -0.6450   -0.7561    0.1109
    0.2200   -0.0447    0.9745
   -0.7319    0.6529    0.1952
...    61 G-C ...
 -123.1777  -58.7363  108.4867
   -0.3964   -0.6083    0.6876
    0.5628    0.4307    0.7055
   -0.7254    0.6666    0.1716
...    62 A-T ...
 -125.2320  -56.1745  109.0040
    0.0515   -0.1853    0.9813
    0.7241    0.6836    0.0911
   -0.6877    0.7059    0.1694
...    63 G-C ...
 -127.4876  -53.7924  109.4621
    0.4666    0.2237    0.8557
    0.6054    0.6246   -0.4934
   -0.6448    0.7482    0.1560
...    64 C-G ...
 -129.9340  -51.4969  110.2381
    0.7653    0.5160    0.3847
    0.2227    0.3485   -0.9105
   -0.6039    0.7825    0.1518
...    65 T-A ...
 -131.9319  -48.9082  110.9652
    0.8235    0.5369   -0.1832
   -0.2265    0.0151   -0.9739
   -0.5201    0.8435    0.1340
...    66 C-G ...
 -133.5601  -46.0151  111.2865
    0.5684    0.3808   -0.7294
   -0.6899   -0.2625   -0.6747
   -0.4484    0.8866    0.1135
...    67 G-C ...
 -135.3370  -43.1697  110.8352
    0.1196    0.0791   -0.9897
   -0.9239   -0.3560   -0.1402
   -0.3634    0.9311    0.0305
...    68 G-C ...
 -136.2496  -39.8932  110.5084
   -0.4115   -0.2071   -0.8876
   -0.8437   -0.2817    0.4569
   -0.3447    0.9369   -0.0588
...    69 G-C ...
 -137.4388  -36.8216  109.6883
   -0.7920   -0.4024   -0.4592
   -0.4891   -0.0319    0.8716
   -0.3654    0.9149   -0.1715
...    70 A-T ...
 -138.5378  -33.7408  108.7681
   -0.9387   -0.2901    0.1864
    0.1162    0.2427    0.9631
   -0.3246    0.9257   -0.1941
...    71 T-A ...
 -139.8121  -30.9056  107.5886
   -0.7295   -0.0957    0.6773
    0.6084    0.3617    0.7064
   -0.3125    0.9274   -0.2056
...    72 C-G ...
 -141.0932  -27.8635  106.7094
   -0.1880    0.1991    0.9618
    0.9435    0.3087    0.1205
   -0.2729    0.9301   -0.2458
...    73 C-G ...
 -142.0057  -24.8579  105.6429
    0.3882    0.2355    0.8910
    0.8976    0.1224   -0.4235
   -0.2088    0.9641   -0.1639
...    74 G-C ...
 -142.2314  -21.6221  104.8115
    0.8561    0.1472    0.4954
    0.5066   -0.0493   -0.8608
   -0.1022    0.9879   -0.1168
...    75 C-G ...
 -142.8276  -18.2100  104.8126
    0.9948    0.0496   -0.0890
   -0.0804   -0.1544   -0.9847
   -0.0626    0.9868   -0.1496
...    76 T-A ...
 -142.7916  -14.7506  104.6544
    0.7679   -0.1201   -0.6292
   -0.6405   -0.1312   -0.7567
    0.0083    0.9841   -0.1777
...    77 T-A ...
 -142.4139  -11.5586  104.1491
    0.2503   -0.2010   -0.9471
   -0.9676   -0.0189   -0.2517
    0.0327    0.9794   -0.1992
...    78 T-A ...
 -142.1498   -8.4161  103.3690
   -0.3527   -0.2144   -0.9108
   -0.9348    0.1249    0.3326
    0.0424    0.9687   -0.2445
...    79 A-T ...
 -142.5544   -5.1246  102.7117
   -0.8576   -0.0795   -0.5081
   -0.5095    0.2653    0.8185
    0.0697    0.9609   -0.2681
...    80 A-T ...
 -142.2616   -2.0925  101.6032
   -0.9858    0.1489    0.0774
    0.1149    0.2630    0.9579
    0.1223    0.9532   -0.2764
...    81 C-G ...
 -142.0542    0.9906  100.1098
   -0.7294    0.3250    0.6019
    0.6644    0.1268    0.7366
    0.1631    0.9372   -0.3084
...    82 A-T ...
 -141.4491    4.1447   99.1093
   -0.1551    0.3199    0.9347
    0.9687   -0.1362    0.2074
    0.1936    0.9376   -0.2888
...    83 C-G ...
 -141.4782    7.4169   98.1887
    0.3918    0.1875    0.9007
    0.8939   -0.3093   -0.3244
    0.2178    0.9323   -0.2888
...    84 T-A ...
 -141.0678   10.9217   97.5637
    0.8225   -0.0986    0.5602
    0.4883   -0.3826   -0.7843
    0.2917    0.9186   -0.2665
...    85 T-A ...
 -140.1284   13.9039   96.8842
    0.9314   -0.3612    0.0446
   -0.0527   -0.2551   -0.9655
    0.3602    0.8969   -0.2566
...    86 C-G ...
 -138.8625   16.6628   95.7144
    0.6830   -0.5312   -0.5014
   -0.5759    0.0307   -0.8169
    0.4493    0.8467   -0.2850
...    87 A-T ...
 -137.1190   19.4684   94.9016
    0.1905   -0.5406   -0.8194
   -0.8096    0.3855   -0.4426
    0.5551    0.7477   -0.3643
...    88 T-A ...
 -134.9158   21.5460   93.6883
   -0.2824   -0.3136   -0.9066
   -0.7781    0.6276    0.0253
    0.5610    0.7126   -0.4213
...    89 G-C ...
 -132.9575   23.8172   92.0133
   -0.7385    0.0875   -0.6685
   -0.4111    0.7274    0.5494
    0.5344    0.6806   -0.5012
...    90 T-A ...
 -131.0408   25.6711   89.8782
   -0.8299    0.4980   -0.2515
    0.0851    0.5585    0.8251
    0.5514    0.6634   -0.5058
...    91 T-A ...
 -129.2287   27.6313   88.0291
   -0.5764    0.7739    0.2624
    0.5665    0.1471    0.8108
    0.5889    0.6160   -0.5232
...    92 A-T ...
 -126.8137   29.5556   86.3717
    0.0366    0.7061    0.7071
    0.7779   -0.4643    0.4235
    0.6274    0.5346   -0.5662
...    93 T-A ...
 -125.3154   31.6612   84.3352
    0.4526    0.3705    0.8111
    0.6297   -0.7769    0.0035
    0.6314    0.5091   -0.5850
...    94 A-T ...
 -123.0352   33.0050   82.1223
    0.7591   -0.2327    0.6079
    0.1588   -0.8395   -0.5196
    0.6313    0.4910   -0.6004
...    95 A-T ...
 -120.9696   34.6601   80.3374
    0.6937   -0.6861    0.2190
   -0.3093   -0.5584   -0.7697
    0.6504    0.4663   -0.5996
...    96 C-G ...
 -118.4466   36.3758   78.8711
    0.3809   -0.8963   -0.2270
   -0.6420   -0.0796   -0.7626
    0.6655    0.4362   -0.6057
...    97 G-C ...
 -116.4500   37.4898   76.5108
   -0.1342   -0.8299   -0.5415
   -0.7063    0.4634   -0.5352
    0.6951    0.3106   -0.6483
...    98 G-C ...
 -114.2740   37.9548   74.0663
   -0.5696   -0.4785   -0.6682
   -0.4692    0.8569   -0.2136
    0.6748    0.1919   -0.7126
...    99 A-T ...
 -111.9326   38.3043   71.6782
   -0.7402    0.1470   -0.6561
   -0.0112    0.9730    0.2306
    0.6723    0.1780   -0.7186
...   100 T-A ...
 -109.8714   38.1807   69.0159
   -0.6243    0.6359   -0.4537
    0.3751    0.7535    0.5400
    0.6852    0.1669   -0.7089
...   101 T-A ...
 -107.8525   38.5290   66.4815
   -0.2789    0.9582   -0.0632
    0.6700    0.2414    0.7020
    0.6879    0.1535   -0.7094
...   102 A-T ...
 -105.2099   38.9016   64.2483
    0.2899    0.8713    0.3960
    0.6599   -0.4817    0.5767
    0.6932    0.0941   -0.7146
...   103 T-A ...
 -103.4037   39.6874   61.6485
    0.5559    0.5208    0.6479
    0.4337   -0.8466    0.3084
    0.7091    0.1095   -0.6965
...   104 G-C ...
 -100.9992   40.3127   59.4362
    0.6338   -0.1172    0.7646
    0.0277   -0.9844   -0.1739
    0.7730    0.1314   -0.6207
...   105 C-G ...
  -98.2617   40.9835   57.7288
    0.5012   -0.6523    0.5687
   -0.3374   -0.7524   -0.5657
    0.7969    0.0916   -0.5972
...   106 T-A ...
  -95.2199   41.3645   56.0839
    0.1852   -0.9709    0.1518
   -0.5352   -0.2292   -0.8130
    0.8241    0.0694   -0.5621
...   107 T-A ...
  -92.4408   41.4687   54.4761
   -0.1903   -0.9310   -0.3116
   -0.5233    0.3647   -0.7702
    0.8307    0.0165   -0.5565
...   108 C-G ...
  -89.6167   41.2514   52.6686
   -0.4929   -0.5228   -0.6955
   -0.2883    0.8523   -0.4364
    0.8209   -0.0146   -0.5709
...   109 C-G ...
  -86.9633   40.9778   50.7077
   -0.6459    0.0255   -0.7630
    0.0445    0.9990   -0.0042
    0.7621   -0.0367   -0.6464
...   110 G-C ...
  -84.6471   41.2221   48.6396
   -0.5910    0.5563   -0.5842
    0.4047    0.8309    0.3818
    0.6978   -0.0108   -0.7162
...   111 G-C ...
  -82.5931   41.2624   45.9538
   -0.2974    0.9292   -0.2193
    0.6822    0.3675    0.6321
    0.6680    0.0384   -0.7432
...   112 C-G ...
  -80.8160   41.4590   43.1063
    0.1134    0.9711    0.2100
    0.7334   -0.2244    0.6416
    0.6702    0.0812   -0.7377
...   113 T-A ...
  -78.7333   41.8145   40.5290
    0.4622    0.6872    0.5605
    0.5650   -0.7154    0.4112
    0.6835    0.1266   -0.7189
...   114 C-G ...
  -76.3458   42.1643   38.2270
    0.6890    0.1120    0.7160
    0.1927   -0.9807   -0.0320
    0.6987    0.1601   -0.6973
...   115 G-C ...
  -73.9535   42.1482   35.8690
    0.6096   -0.5142    0.6033
   -0.2418   -0.8455   -0.4761
    0.7549    0.1443   -0.6397
...   116 T-A ...
  -71.0353   42.8455   34.3661
    0.3432   -0.8997    0.2697
   -0.5284   -0.4223   -0.7365
    0.7766    0.1103   -0.6203
...   117 A-T ...
  -68.1246   43.1323   32.5986
   -0.0832   -0.9760   -0.2013
   -0.6038    0.2100   -0.7690
    0.7928    0.0576   -0.6068
...   118 T-A ...
  -65.1771   42.9808   31.1394
   -0.3698   -0.7197   -0.5876
   -0.4711    0.6904   -0.5491
    0.8008    0.0738   -0.5943
...   119 A-T ...
  -62.4469   43.5485   29.0648
   -0.5468   -0.0534   -0.8356
   -0.1069    0.9943    0.0064
    0.8304    0.0928   -0.5493
...   120 A-T ...
  -59.7544   43.5083   27.2286
   -0.5031    0.5358   -0.6781
    0.2231    0.8386    0.4971
    0.8350    0.0988   -0.5414
...   121 T-A ...
  -57.2392   43.3819   25.0179
   -0.2985    0.9019   -0.3123
    0.4491    0.4214    0.7879
    0.8422    0.0949   -0.5308
...   122 G-C ...
  -54.3676   43.7395   23.0614
   -0.0345    0.9590    0.2813
    0.5362   -0.2197    0.8150
    0.8434    0.1790   -0.5066
...   123 T-A ...
  -51.8659   44.5327   21.0706
    0.2250    0.6972    0.6806
    0.4675   -0.6901    0.5524
    0.8548    0.1939   -0.4813
...   124 G-C ...
  -48.9517   45.2660   19.5052
    0.3774    0.1321    0.9166
    0.2743   -0.9613    0.0256
    0.8845    0.2418   -0.3990
...   125 T-A ...
  -46.2444   46.4882   18.3238
    0.4137   -0.4119    0.8119
    0.0528   -0.8794   -0.4731
    0.9089    0.2386   -0.3421
...   126 C-G ...
  -43.2820   47.1825   17.4231
    0.3698   -0.8527    0.3689
   -0.1751   -0.4539   -0.8737
    0.9125    0.2585   -0.3172
...   127 G-C ...
  -40.3468   47.6336   15.8157
    0.1195   -0.9796   -0.1615
   -0.2819    0.1225   -0.9516
    0.9520    0.1592   -0.2615
...   128 A-T ...
  -37.2766   48.1245   15.0344
   -0.0621   -0.7034   -0.7081
   -0.2977    0.6902   -0.6595
    0.9526    0.1698   -0.2522
...   129 C-G ...
  -33.9761   48.0119   14.5931
   -0.2393   -0.2176   -0.9463
   -0.2128    0.9626   -0.1675
    0.9474    0.1612   -0.2766
...   130 C-G ...
  -30.7679   48.1598   13.4199
   -0.3900    0.3376   -0.8567
   -0.0241    0.9263    0.3760
    0.9205    0.1672   -0.3531
...   131 A-T ...
  -27.5762   49.3157   12.9812
   -0.3614    0.8289   -0.4270
    0.1945    0.5149    0.8349
    0.9119    0.2187   -0.3474
...   132 A-T ...
  -24.6215   49.9975   11.7239
   -0.1956    0.9695    0.1479
    0.3639   -0.0683    0.9289
    0.9107    0.2356   -0.3394
...   133 A-T ...
  -21.7892   50.8614   10.2909
    0.0761    0.7436    0.6643
    0.3943   -0.6344    0.6649
    0.9158    0.2114   -0.3414
...   134 T-A ...
  -19.0083   52.0403    8.9385
    0.2450    0.2904    0.9250
    0.3072   -0.9282    0.2101
    0.9196    0.2327   -0.3166
...   135 G-C ...
  -16.4569   53.8981    7.5292
    0.5336   -0.3334    0.7773
    0.0348   -0.9096   -0.4140
    0.8450    0.2479   -0.4738
...   136 T-A ...
  -14.1681   56.5698    6.1950
    0.5795   -0.7269    0.3684
   -0.3140   -0.6163   -0.7222
    0.7521    0.3028   -0.5854
...   137 G-C ...
  -11.6469   58.0147    4.7338
    0.2454   -0.9541   -0.1717
   -0.6318   -0.0231   -0.7748
    0.7352    0.2986   -0.6085
...   138 A-T ...
   -8.6698   58.7290    3.6172
   -0.0344   -0.7815   -0.6230
   -0.6534    0.4892   -0.5777
    0.7562    0.3872   -0.5274
...   139 G-C ...
   -6.3211   59.0880    1.6442
   -0.2967   -0.3277   -0.8970
   -0.5657    0.8170   -0.1114
    0.7694    0.4744   -0.4278
...   140 C-G ...
   -3.4296   60.2438    1.0436
   -0.4424    0.2288   -0.8671
   -0.1682    0.9286    0.3309
    0.8809    0.2922   -0.3723
...   141 G-C ...
   -0.6893   63.9064   -2.2355
   -0.9992    0.0156   -0.0375
   -0.0024    0.8991    0.4378
    0.0405    0.4375   -0.8983
...   142 C-G ...
   -0.9979   65.6138   -4.9248
   -0.8337    0.5217    0.1810
    0.5169    0.6220    0.5881
    0.1942    0.5839   -0.7882
...   143 T-A ...
   -0.1244   66.2251   -7.8040
   -0.3751    0.8568    0.3538
    0.8856    0.2185    0.4098
    0.2739    0.4670   -0.8407
...   144 C-G ...
   -0.1580   67.4198  -10.7920
    0.1799    0.8792    0.4411
    0.9276   -0.3009    0.2214
    0.3274    0.3694   -0.8697
...   145 A-T ...
    0.5353   69.2488  -13.4512
    0.7352    0.4961    0.4620
    0.6117   -0.7791   -0.1369
    0.2921    0.3832   -0.8763
...   146 C-G ...
    1.4421   72.1065  -15.5857
    0.9808    0.0622    0.1849
    0.1266   -0.9240   -0.3608
    0.1484    0.3773   -0.9141
...   147 A-T ...
    2.3150   74.2411  -18.3713
    0.8657   -0.4292   -0.2574
   -0.4984   -0.7868   -0.3642
   -0.0462    0.4436   -0.8950
