  147 base-pairs
...     1 A-T ...
    0.0000    0.0000    0.0000
    1.0000    0.0000    0.0000
    0.0000    1.0000    0.0000
    0.0000    0.0000    1.0000
...     2 G-C ...
   -0.1394   -1.2357    3.2268
    0.7529    0.6366    0.1670
   -0.6386    0.7680   -0.0486
   -0.1592   -0.0700    0.9848
...     3 T-A ...
   -0.0365   -3.2932    6.3751
    0.2722    0.9301    0.2466
   -0.9238    0.3243   -0.2033
   -0.2691   -0.1725    0.9475
...     4 G-C ...
   -0.3505   -4.1660    9.4928
   -0.3756    0.9250    0.0579
   -0.8781   -0.3352   -0.3415
   -0.2965   -0.1791    0.9381
...     5 A-T ...
   -0.4462   -4.1476   12.7498
   -0.8116    0.5840   -0.0165
   -0.5523   -0.7762   -0.3042
   -0.1905   -0.2378    0.9524
...     6 G-C ...
   -1.5908   -4.1730   15.6201
   -0.9976    0.0246   -0.0651
   -0.0043   -0.9555   -0.2950
   -0.0695   -0.2940    0.9533
...     7 C-G ...
   -1.1030   -4.4824   18.7362
   -0.8441   -0.5304   -0.0787
    0.5345   -0.8441   -0.0432
   -0.0435   -0.0785    0.9960
...     8 G-C ...
   -2.4028   -7.7290   23.1475
   -0.2754   -0.3293   -0.9032
    0.6650   -0.7437    0.0684
   -0.6942   -0.5818    0.4238
...     9 C-G ...
   -4.4690   -9.9728   24.1132
    0.1145   -0.7025   -0.7024
    0.8512   -0.2952    0.4340
   -0.5122   -0.6476    0.5642
...    10 T-A ...
   -6.7405  -10.8752   25.9697
    0.4841   -0.8363   -0.2574
    0.6595    0.1553    0.7355
   -0.5751   -0.5258    0.6267
...    11 C-G ...
   -9.1656  -12.6208   27.1640
    0.7073   -0.6682    0.2307
    0.3448    0.6110    0.7126
   -0.6171   -0.4245    0.6626
...    12 A-T ...
  -10.9234  -14.6633   29.0693
    0.7515   -0.1377    0.6452
   -0.2029    0.8824    0.4246
   -0.6277   -0.4500    0.6352
...    13 C-G ...
  -11.8476  -17.4863   31.2451
    0.4295    0.2823    0.8578
   -0.5708    0.8209    0.0156
   -0.6998   -0.4963    0.5137
...    14 A-T ...
  -13.5897  -19.7827   33.4259
   -0.1504    0.6104    0.7777
   -0.6874    0.5008   -0.5260
   -0.7106   -0.6136    0.3443
...    15 A-T ...
  -15.7390  -21.8853   34.6858
   -0.5435    0.7773    0.3170
   -0.4508    0.0483   -0.8913
   -0.7081   -0.6273    0.3242
...    16 T-A ...
  -17.8262  -23.8228   36.3566
   -0.6985    0.6880   -0.1969
   -0.0950   -0.3619   -0.9274
   -0.7093   -0.6290    0.3181
...    17 T-A ...
  -20.1405  -25.7607   37.5627
   -0.6152    0.3454   -0.7087
    0.3390   -0.6957   -0.6333
   -0.7118   -0.6298    0.3109
...    18 T-A ...
  -22.5621  -27.6394   38.6432
   -0.2916   -0.1272   -0.9481
    0.6351   -0.7668   -0.0925
   -0.7152   -0.6291    0.3044
...    19 A-T ...
  -24.7231  -30.0543   39.6615
    0.2009   -0.5776   -0.7912
    0.6619   -0.5154    0.5443
   -0.7222   -0.6331    0.2788
...    20 T-A ...
  -27.4521  -31.8837   40.0406
    0.5144   -0.7652   -0.3870
    0.4556   -0.1385    0.8794
   -0.7265   -0.6287    0.2774
...    21 T-A ...
  -29.9070  -33.9334   40.6831
    0.6673   -0.7117    0.2194
    0.0608    0.3456    0.9364
   -0.7423   -0.6116    0.2739
...    22 C-G ...
  -32.3149  -36.0511   41.5187
    0.5729   -0.3424    0.7447
   -0.3658    0.7062    0.6062
   -0.7335   -0.6197    0.2793
...    23 G-C ...
  -34.9691  -37.8303   42.6679
    0.3115    0.1926    0.9305
   -0.6433    0.7635    0.0573
   -0.6994   -0.6165    0.3617
...    24 C-G ...
  -36.9989  -40.1731   43.9388
   -0.0780    0.6162    0.7837
   -0.7060    0.5209   -0.4798
   -0.7039   -0.5907    0.3944
...    25 A-T ...
  -39.5515  -42.0447   45.0774
   -0.4125    0.8587    0.3041
   -0.5335    0.0428   -0.8447
   -0.7384   -0.5107    0.4405
...    26 A-T ...
  -41.8740  -43.6392   46.6922
   -0.6384    0.7263   -0.2549
   -0.1909   -0.4702   -0.8617
   -0.7457   -0.5014    0.4388
...    27 A-T ...
  -44.3211  -45.0949   48.2528
   -0.6214    0.3168   -0.7166
    0.2140   -0.8112   -0.5442
   -0.7537   -0.4915    0.4363
...    28 G-C ...
  -47.0041  -46.4539   49.6925
   -0.3532   -0.1540   -0.9228
    0.5018   -0.8637   -0.0479
   -0.7896   -0.4800    0.3823
...    29 G-C ...
  -49.8926  -47.9357   50.6804
    0.0480   -0.5843   -0.8101
    0.5816   -0.6430    0.4982
   -0.8120   -0.4951    0.3089
...    30 C-G ...
  -52.8042  -49.4855   51.3059
    0.3910   -0.8337   -0.3900
    0.4352   -0.2060    0.8765
   -0.8110   -0.5125    0.2823
...    31 C-G ...
  -55.5640  -51.3703   51.9579
    0.6142   -0.7715    0.1657
    0.1164    0.2962    0.9480
   -0.7805   -0.5630    0.2718
...    32 G-C ...
  -58.1884  -53.0866   53.2572
    0.6283   -0.4001    0.6672
   -0.2731    0.6896    0.6707
   -0.7285   -0.6036    0.3240
...    33 G-C ...
  -60.5592  -55.3325   54.2133
    0.4198    0.1092    0.9010
   -0.5793    0.7965    0.1733
   -0.6987   -0.5947    0.3976
...    34 C-G ...
  -62.5923  -57.6292   55.5383
    0.0607    0.5692    0.8199
   -0.7122    0.6002   -0.3640
   -0.6994   -0.5619    0.4418
...    35 C-G ...
  -64.7565  -59.6059   57.2338
   -0.2722    0.8619    0.4277
   -0.6363    0.1722   -0.7520
   -0.7218   -0.4769    0.5016
...    36 C-G ...
  -67.0965  -61.0503   59.1917
   -0.5031    0.8562   -0.1176
   -0.4007   -0.3516   -0.8461
   -0.7658   -0.3785    0.5199
...    37 G-C ...
  -69.9431  -62.2942   60.5576
   -0.5442    0.5389   -0.6430
   -0.0907   -0.7997   -0.5935
   -0.8341   -0.2646    0.4841
...    38 A-T ...
  -72.7894  -63.0228   62.0643
   -0.4642   -0.0514   -0.8842
    0.2302   -0.9710   -0.0644
   -0.8553   -0.2334    0.4626
...    39 C-G ...
  -75.8659  -63.2021   63.3736
   -0.2547   -0.5709   -0.7805
    0.4247   -0.7912    0.4401
   -0.8688   -0.2194    0.4440
...    40 A-T ...
  -78.6229  -64.2190   64.9855
    0.0936   -0.9243   -0.3701
    0.4656   -0.2880    0.8368
   -0.8800   -0.2507    0.4034
...    41 C-G ...
  -81.8049  -65.0622   65.7250
    0.3312   -0.9308    0.1544
    0.3358    0.2692    0.9027
   -0.8818   -0.2472    0.4017
...    42 G-C ...
  -84.6719  -65.6246   67.4491
    0.5276   -0.5713    0.6287
    0.0820    0.7709    0.6317
   -0.8456   -0.2817    0.4535
...    43 A-T ...
  -87.5251  -66.5739   68.8200
    0.4918    0.0237    0.8704
   -0.2378    0.9653    0.1080
   -0.8376   -0.2601    0.4803
...    44 C-G ...
  -90.0475  -67.9940   70.4434
    0.3214    0.5516    0.7697
   -0.4606    0.8013   -0.3819
   -0.8274   -0.2318    0.5116
...    45 T-A ...
  -92.6074  -68.8599   72.3783
    0.0969    0.9162    0.3889
   -0.5739    0.3706   -0.7302
   -0.8132   -0.1525    0.5617
...    46 T-A ...
  -95.1318  -69.3176   74.3468
   -0.2125    0.9686   -0.1293
   -0.5357   -0.2261   -0.8136
   -0.8172   -0.1037    0.5669
...    47 A-T ...
  -97.9958  -69.5220   76.0864
   -0.4122    0.6408   -0.6477
   -0.3433   -0.7677   -0.5411
   -0.8439   -0.0007    0.5365
...    48 C-G ...
 -100.6481  -68.8573   77.9724
   -0.5080    0.1238   -0.8524
   -0.0981   -0.9915   -0.0855
   -0.8557    0.0402    0.5158
...    49 T-A ...
 -103.6005  -68.3928   79.4630
   -0.4495   -0.4508   -0.7712
    0.1540   -0.8895    0.4302
   -0.8799    0.0746    0.4692
...    50 G-C ...
 -106.5091  -68.5531   81.1276
   -0.2370   -0.9052   -0.3529
    0.3636   -0.4195    0.8318
   -0.9009    0.0688    0.4285
...    51 T-A ...
 -109.7724  -68.2394   81.9717
   -0.0071   -0.9847    0.1743
    0.4394    0.1535    0.8851
   -0.8983    0.0829    0.4315
...    52 A-T ...
 -112.5205  -67.3523   83.9061
    0.2175   -0.5863    0.7803
    0.3744    0.7884    0.4880
   -0.9014    0.1860    0.3910
...    53 G-C ...
 -115.6127  -66.9553   85.1302
    0.4386   -0.0555    0.8969
    0.2152    0.9755   -0.0449
   -0.8725    0.2127    0.4399
...    54 G-C ...
 -118.6517  -66.4506   86.5642
    0.5714    0.4798    0.6658
   -0.0523    0.8310   -0.5539
   -0.8190    0.2817    0.4999
...    55 T-A ...
 -121.1535  -65.9033   88.6448
    0.5064    0.8302    0.2330
   -0.3460    0.4431   -0.8270
   -0.7898    0.3382    0.5116
...    56 A-T ...
 -123.6782  -64.5654   90.3941
    0.3285    0.8690   -0.3700
   -0.6098   -0.1040   -0.7857
   -0.7213    0.4837    0.4957
...    57 T-A ...
 -125.5230  -62.7397   92.3774
   -0.0034    0.6752   -0.7376
   -0.7060   -0.5240   -0.4764
   -0.7082    0.5191    0.4785
...    58 C-G ...
 -127.8168  -60.8238   93.7360
   -0.3986    0.2032   -0.8943
   -0.5995   -0.7957    0.0864
   -0.6940    0.5706    0.4390
...    59 T-A ...
 -130.0485  -58.6244   94.8852
   -0.6400   -0.2946   -0.7097
   -0.3219   -0.7359    0.5957
   -0.6977    0.6097    0.3762
...    60 C-G ...
 -132.4639  -56.5990   95.9283
   -0.7167   -0.6738   -0.1797
    0.1251   -0.3777    0.9175
   -0.6861    0.6351    0.3550
...    61 G-C ...
 -134.6744  -54.6232   97.5850
   -0.4812   -0.7768    0.4063
    0.5186    0.1214    0.8464
   -0.7068    0.6180    0.3444
...    62 A-T ...
 -137.0309  -52.4890   98.5698
   -0.0636   -0.5206    0.8514
    0.7247    0.5625    0.3980
   -0.6861    0.6423    0.3415
...    63 G-C ...
 -139.5016  -50.4899   99.6296
    0.3844   -0.1450    0.9117
    0.6600    0.7337   -0.1616
   -0.6454    0.6639    0.3778
...    64 C-G ...
 -141.9298  -48.5749  100.9109
    0.7267    0.2525    0.6388
    0.3475    0.6671   -0.6590
   -0.5926    0.7009    0.3970
...    65 T-A ...
 -143.8382  -46.3552  102.4801
    0.8554    0.4995    0.1371
   -0.1029    0.4233   -0.9001
   -0.5076    0.7559    0.4135
...    66 C-G ...
 -145.4079  -43.8398  103.8589
    0.6696    0.5854   -0.4572
   -0.5973    0.0585   -0.7999
   -0.4415    0.8087    0.3888
...    67 G-C ...
 -146.8661  -40.9050  104.7233
    0.2832    0.3765   -0.8821
   -0.9012   -0.2103   -0.3790
   -0.3282    0.9022    0.2797
...    68 G-C ...
 -147.5702  -37.6284  105.2416
   -0.2361    0.1055   -0.9660
   -0.9306   -0.3106    0.1935
   -0.2796    0.9447    0.1715
...    69 G-C ...
 -148.4046  -34.3226  105.2189
   -0.7040   -0.1496   -0.6943
   -0.6552   -0.2404    0.7162
   -0.2741    0.9591    0.0713
...    70 A-T ...
 -149.3746  -31.1340  105.2403
   -0.9634   -0.2503   -0.0960
   -0.0826   -0.0632    0.9946
   -0.2550    0.9661    0.0402
...    71 T-A ...
 -150.2750  -27.9681  104.6544
   -0.8685   -0.1966    0.4551
    0.4494    0.0752    0.8901
   -0.2093    0.9776    0.0231
...    72 T-A ...
 -151.0525  -24.7909  104.3891
   -0.4249   -0.0323    0.9047
    0.8930    0.1487    0.4248
   -0.1483    0.9883   -0.0343
...    73 C-G ...
 -151.5773  -21.5101  104.1134
    0.2260    0.0671    0.9718
    0.9673    0.1024   -0.2321
   -0.1151    0.9925   -0.0418
...    74 A-T ...
 -151.6535  -18.1750  103.6551
    0.7733    0.0260    0.6336
    0.6333    0.0191   -0.7737
   -0.0322    0.9995   -0.0017
...    75 T-A ...
 -152.0047  -14.9624  104.2305
    0.9899    0.0069    0.1413
    0.1414   -0.0085   -0.9899
   -0.0056    0.9999   -0.0093
...    76 G-C ...
 -151.8011  -11.6057  103.9753
    0.8804   -0.1482   -0.4505
   -0.4534    0.0155   -0.8912
    0.1391    0.9888   -0.0535
...    77 T-A ...
 -150.7970   -8.4858  104.1403
    0.4912   -0.1832   -0.8516
   -0.8502    0.1117   -0.5144
    0.1894    0.9767   -0.1009
...    78 T-A ...
 -149.9515   -5.3837  103.7646
   -0.0997   -0.1177   -0.9880
   -0.9717    0.2252    0.0712
    0.2141    0.9672   -0.1368
...    79 A-T ...
 -149.5064   -2.0746  103.2075
   -0.6994    0.0309   -0.7141
   -0.6761    0.2954    0.6750
    0.2318    0.9549   -0.1857
...    80 T-A ...
 -148.4175    0.8205  102.0000
   -0.9447    0.2061   -0.2550
   -0.2024    0.2451    0.9481
    0.2579    0.9473   -0.1899
...    81 A-T ...
 -147.2695    4.0980  102.0486
   -0.7839    0.4248    0.4528
    0.5032    0.0077    0.8641
    0.3636    0.9053   -0.2198
...    82 A-T ...
 -146.2299    7.0368  101.0376
   -0.2925    0.4038    0.8668
    0.8636   -0.2776    0.4208
    0.4106    0.8717   -0.2675
...    83 C-G ...
 -145.4187   10.1234   99.9796
    0.2299    0.1826    0.9559
    0.8752   -0.4684   -0.1210
    0.4257    0.8644   -0.2675
...    84 G-C ...
 -143.6383   12.7399   98.7349
    0.6480   -0.2151    0.7307
    0.5604   -0.5151   -0.6486
    0.5158    0.8297   -0.2132
...    85 G-C ...
 -142.0119   15.6369   98.1292
    0.7909   -0.5513    0.2657
    0.0957   -0.3174   -0.9435
    0.6045    0.7716   -0.1982
...    86 A-T ...
 -139.9995   18.1415   97.5157
    0.6491   -0.6855   -0.3298
   -0.3881    0.0745   -0.9186
    0.6542    0.7243   -0.2177
...    87 C-G ...
 -137.4780   20.2319   97.2565
    0.3051   -0.5847   -0.7517
   -0.6571    0.4420   -0.6106
    0.6893    0.6803   -0.2494
...    88 C-G ...
 -134.8742   22.1287   96.2298
   -0.1798   -0.3099   -0.9336
   -0.6748    0.7295   -0.1121
    0.7158    0.6098   -0.3403
...    89 G-C ...
 -132.7816   24.3205   94.7065
   -0.6068    0.1031   -0.7882
   -0.3884    0.8267    0.4071
    0.6935    0.5531   -0.4616
...    90 C-G ...
 -130.5316   25.8461   92.7414
   -0.7374    0.5379   -0.4085
    0.0482    0.6451    0.7625
    0.6737    0.5426   -0.5017
...    91 T-A ...
 -128.4540   27.5460   90.7327
   -0.6004    0.7937    0.0973
    0.4726    0.2541    0.8439
    0.6451    0.5526   -0.5277
...    92 T-A ...
 -126.4935   29.2451   88.7394
   -0.1614    0.8151    0.5563
    0.7287   -0.2818    0.6242
    0.6656    0.5062   -0.5485
...    93 T-A ...
 -124.5340   30.9418   86.7484
    0.3352    0.5035    0.7963
    0.6650   -0.7252    0.1787
    0.6674    0.4696   -0.5779
...    94 A-T ...
 -122.0522   31.9625   84.6154
    0.7057   -0.0958    0.7020
    0.2543   -0.8905   -0.3772
    0.6613    0.4447   -0.6041
...    95 A-T ...
 -119.9195   33.5718   82.7625
    0.7171   -0.6046    0.3467
   -0.2196   -0.6681   -0.7109
    0.6615    0.4337   -0.6118
...    96 C-G ...
 -117.4836   35.2368   81.2559
    0.4566   -0.8871   -0.0670
   -0.5676   -0.2325   -0.7898
    0.6851    0.3987   -0.6097
...    97 A-T ...
 -115.2924   36.4312   78.9965
   -0.0425   -0.8932   -0.4477
   -0.7026    0.3453   -0.6222
    0.7103    0.2881   -0.6422
...    98 C-G ...
 -112.5676   36.9079   77.1562
   -0.4415   -0.5752   -0.6886
   -0.5531    0.7788   -0.2960
    0.7065    0.2502   -0.6620
...    99 T-A ...
 -110.1874   37.3463   74.8533
   -0.7136   -0.0643   -0.6976
   -0.1902    0.9761    0.1046
    0.6743    0.2074   -0.7088
...   100 T-A ...
 -107.9978   37.7527   72.4733
   -0.6759    0.5298   -0.5123
    0.2729    0.8256    0.4939
    0.6847    0.1940   -0.7026
...   101 T-A ...
 -105.8755   38.1634   70.0277
   -0.3605    0.9224   -0.1383
    0.6202    0.3478    0.7031
    0.6967    0.1678   -0.6975
...   102 A-T ...
 -103.1337   38.6328   68.0309
    0.1716    0.9254    0.3381
    0.6932   -0.3572    0.6260
    0.7001    0.1269   -0.7027
...   103 T-A ...
 -101.3017   39.4111   65.3791
    0.5203    0.6011    0.6067
    0.4945   -0.7912    0.3598
    0.6963    0.1128   -0.7089
...   104 G-C ...
  -98.8039   39.5166   63.1364
    0.6569   -0.0021    0.7539
    0.0946   -0.9919   -0.0852
    0.7480    0.1273   -0.6514
...   105 C-G ...
  -96.2778   40.3275   61.1067
    0.5620   -0.5660    0.6031
   -0.2910   -0.8179   -0.4963
    0.7742    0.1034   -0.6244
...   106 T-A ...
  -93.5183   40.7449   59.2840
    0.2581   -0.9275    0.2705
   -0.5372   -0.3705   -0.7577
    0.8030    0.0502   -0.5939
...   107 T-A ...
  -90.7837   40.9131   57.5364
   -0.1120   -0.9688   -0.2210
   -0.5854    0.2440   -0.7731
    0.8030    0.0428   -0.5945
...   108 C-G ...
  -88.1239   40.8939   55.5880
   -0.4692   -0.6245   -0.6244
   -0.3837    0.7810   -0.4927
    0.7954    0.0085   -0.6061
...   109 C-G ...
  -85.4994   40.5325   53.4614
   -0.6612   -0.0740   -0.7465
   -0.0241    0.9967   -0.0774
    0.7498   -0.0332   -0.6609
...   110 G-C ...
  -83.0499   40.8106   51.1292
   -0.6168    0.5232   -0.5880
    0.3940    0.8520    0.3449
    0.6814   -0.0189   -0.7317
...   111 G-C ...
  -80.9688   40.6167   48.4433
   -0.3328    0.9130   -0.2360
    0.6874    0.4062    0.6021
    0.6456    0.0381   -0.7628
...   112 C-G ...
  -79.1580   40.7128   45.6254
    0.0890    0.9805    0.1750
    0.7596   -0.1805    0.6249
    0.6443    0.0773   -0.7608
...   113 T-A ...
  -77.2142   41.1901   42.9490
    0.4568    0.7121    0.5332
    0.5959   -0.6900    0.4109
    0.6605    0.1300   -0.7395
...   114 C-G ...
  -75.0453   41.6997   40.5132
    0.7024    0.1422    0.6974
    0.2006   -0.9797   -0.0022
    0.6829    0.1414   -0.7167
...   115 G-C ...
  -72.6254   41.7449   38.1299
    0.6104   -0.4665    0.6401
   -0.2191   -0.8761   -0.4295
    0.7612    0.1219   -0.6370
...   116 T-A ...
  -69.8598   42.5324   36.4582
    0.3712   -0.8703    0.3238
   -0.5081   -0.4823   -0.7136
    0.7772    0.1004   -0.6212
...   117 A-T ...
  -67.4958   42.7443   34.0183
   -0.0492   -0.9756   -0.2141
   -0.6197    0.1980   -0.7595
    0.7833    0.0953   -0.6143
...   118 T-A ...
  -64.5616   42.7295   32.4873
   -0.3589   -0.7265   -0.5860
   -0.5011    0.6796   -0.5357
    0.7874    0.1013   -0.6080
...   119 A-T ...
  -62.0647   43.5044   30.2899
   -0.5788   -0.0945   -0.8100
   -0.1445    0.9894   -0.0122
    0.8026    0.1100   -0.5863
...   120 A-T ...
  -59.4514   43.5940   28.3368
   -0.5300    0.5151   -0.6736
    0.2183    0.8505    0.4786
    0.8194    0.1066   -0.5632
...   121 T-A ...
  -57.0247   43.4584   26.0843
   -0.3300    0.8852   -0.3279
    0.4573    0.4538    0.7648
    0.8258    0.1024   -0.5546
...   122 G-C ...
  -54.1627   43.9664   24.4016
   -0.0700    0.9685    0.2391
    0.5759   -0.1565    0.8024
    0.8145    0.1938   -0.5468
...   123 T-A ...
  -51.8567   44.8809   22.1821
    0.2206    0.7229    0.6548
    0.5211   -0.6549    0.5474
    0.8245    0.2204   -0.5212
...   124 G-C ...
  -48.9288   45.5305   20.6615
    0.3900    0.1751    0.9040
    0.3183   -0.9469    0.0461
    0.8640    0.2698   -0.4250
...   125 T-A ...
  -46.2086   46.9994   19.4770
    0.4634   -0.3730    0.8038
    0.0694   -0.8891   -0.4525
    0.8834    0.2654   -0.3861
...   126 C-G ...
  -43.2305   47.8440   18.3608
    0.3802   -0.8430    0.3804
   -0.2000   -0.4765   -0.8561
    0.9030    0.2495   -0.3498
...   127 G-C ...
  -40.2103   48.2928   16.8674
    0.1136   -0.9802   -0.1623
   -0.3255    0.1176   -0.9382
    0.9387    0.1594   -0.3057
...   128 A-T ...
  -37.0606   48.6873   15.9105
   -0.1152   -0.7018   -0.7030
   -0.3088    0.6980   -0.6461
    0.9441    0.1426   -0.2971
...   129 C-G ...
  -33.7820   48.5618   15.1620
   -0.2672   -0.2036   -0.9419
   -0.1871    0.9698   -0.1565
    0.9453    0.1344   -0.2973
...   130 C-G ...
  -30.5754   48.7413   14.0267
   -0.3761    0.3798   -0.8452
    0.0087    0.9136    0.4066
    0.9265    0.1456   -0.3469
...   131 A-T ...
  -27.4370   49.4409   13.0711
   -0.3617    0.8403   -0.4038
    0.2324    0.5007    0.8338
    0.9029    0.2078   -0.3764
...   132 A-T ...
  -24.5716   50.0326   11.6450
   -0.1562    0.9740    0.1641
    0.3844   -0.0931    0.9185
    0.9099    0.2066   -0.3598
...   133 A-T ...
  -21.7086   50.7846   10.3137
    0.0756    0.7322    0.6769
    0.3986   -0.6445    0.6526
    0.9140    0.2204   -0.3406
...   134 T-A ...
  -19.0083   52.0401    8.9385
    0.2450    0.2904    0.9250
    0.3072   -0.9282    0.2101
    0.9196    0.2327   -0.3166
...   135 G-C ...
  -16.4569   53.8980    7.5291
    0.5336   -0.3334    0.7773
    0.0348   -0.9096   -0.4140
    0.8450    0.2479   -0.4738
...   136 T-A ...
  -14.1680   56.5697    6.1949
    0.5795   -0.7269    0.3684
   -0.3140   -0.6163   -0.7222
    0.7521    0.3028   -0.5854
...   137 G-C ...
  -11.6468   58.0146    4.7337
    0.2454   -0.9541   -0.1717
   -0.6318   -0.0231   -0.7748
    0.7352    0.2986   -0.6085
...   138 A-T ...
   -8.6697   58.7288    3.6171
   -0.0344   -0.7815   -0.6230
   -0.6534    0.4892   -0.5777
    0.7562    0.3872   -0.5274
...   139 G-C ...
   -6.3210   59.0879    1.6441
   -0.2967   -0.3277   -0.8970
   -0.5657    0.8170   -0.1114
    0.7694    0.4744   -0.4278
...   140 C-G ...
   -3.4295   60.2436    1.0436
   -0.4424    0.2288   -0.8671
   -0.1682    0.9286    0.3309
    0.8809    0.2922   -0.3723
...   141 G-C ...
   -0.6892   63.9062   -2.2355
   -0.9992    0.0156   -0.0375
   -0.0024    0.8991    0.4378
    0.0405    0.4375   -0.8983
...   142 C-G ...
   -0.9979   65.6136   -4.9248
   -0.8337    0.5217    0.1810
    0.5169    0.6220    0.5881
    0.1942    0.5839   -0.7882
...   143 T-A ...
   -0.1243   66.2249   -7.8041
   -0.3751    0.8568    0.3538
    0.8856    0.2185    0.4098
    0.2739    0.4670   -0.8408
...   144 C-G ...
   -0.1579   67.4196  -10.7921
    0.1799    0.8792    0.4411
    0.9276   -0.3009    0.2214
    0.3274    0.3694   -0.8697
...   145 A-T ...
    0.5353   69.2486  -13.4513
    0.7352    0.4961    0.4620
    0.6117   -0.7791   -0.1369
    0.2921    0.3832   -0.8763
...   146 C-G ...
    1.4422   72.1063  -15.5858
    0.9808    0.0622    0.1849
    0.1266   -0.9240   -0.3608
    0.1484    0.3773   -0.9141
...   147 A-T ...
    2.3151   74.2409  -18.3713
    0.8657   -0.4292   -0.2574
   -0.4984   -0.7868   -0.3642
   -0.0462    0.4436   -0.8950
