  147 base-pairs
...     1 A-T ...
    0.0000    0.0000    0.0000
    1.0000    0.0000    0.0000
    0.0000    1.0000    0.0000
    0.0000    0.0000    1.0000
...     2 G-C ...
   -0.1394   -1.2357    3.2268
    0.7529    0.6366    0.1670
   -0.6386    0.7680   -0.0486
   -0.1592   -0.0700    0.9848
...     3 T-A ...
   -0.0365   -3.2932    6.3751
    0.2722    0.9301    0.2466
   -0.9238    0.3243   -0.2033
   -0.2691   -0.1725    0.9475
...     4 G-C ...
   -0.3505   -4.1660    9.4928
   -0.3756    0.9250    0.0579
   -0.8781   -0.3352   -0.3415
   -0.2965   -0.1791    0.9381
...     5 A-T ...
   -0.4462   -4.1476   12.7498
   -0.8116    0.5840   -0.0165
   -0.5523   -0.7762   -0.3042
   -0.1905   -0.2378    0.9524
...     6 G-C ...
   -1.5908   -4.1730   15.6201
   -0.9976    0.0246   -0.0651
   -0.0043   -0.9555   -0.2950
   -0.0695   -0.2940    0.9533
...     7 C-G ...
   -1.1030   -4.4824   18.7362
   -0.8441   -0.5304   -0.0787
    0.5345   -0.8441   -0.0432
   -0.0435   -0.0785    0.9960
...     8 G-C ...
   -2.4028   -7.7290   23.1475
   -0.2754   -0.3293   -0.9032
    0.6650   -0.7437    0.0684
   -0.6942   -0.5818    0.4238
...     9 C-G ...
   -4.4690   -9.9728   24.1132
    0.1145   -0.7025   -0.7024
    0.8512   -0.2952    0.4340
   -0.5122   -0.6476    0.5642
...    10 T-A ...
   -6.7405  -10.8752   25.9697
    0.4841   -0.8363   -0.2574
    0.6595    0.1553    0.7355
   -0.5751   -0.5258    0.6267
...    11 C-G ...
   -9.1656  -12.6208   27.1640
    0.7073   -0.6682    0.2307
    0.3448    0.6110    0.7126
   -0.6171   -0.4245    0.6626
...    12 A-T ...
  -10.9234  -14.6633   29.0693
    0.7515   -0.1377    0.6452
   -0.2029    0.8824    0.4246
   -0.6277   -0.4500    0.6352
...    13 C-G ...
  -11.8476  -17.4863   31.2451
    0.4295    0.2823    0.8578
   -0.5708    0.8209    0.0156
   -0.6998   -0.4963    0.5137
...    14 A-T ...
  -13.5897  -19.7827   33.4259
   -0.1504    0.6104    0.7777
   -0.6874    0.5008   -0.5260
   -0.7106   -0.6136    0.3443
...    15 A-T ...
  -15.7343  -21.8951   34.6853
   -0.5495    0.7734    0.3160
   -0.4483    0.0462   -0.8927
   -0.7050   -0.6322    0.3213
...    16 T-A ...
  -17.8115  -23.8565   36.3498
   -0.7058    0.6798   -0.1993
   -0.0870   -0.3624   -0.9280
   -0.7031   -0.6376    0.3149
...    17 T-A ...
  -20.1011  -25.8306   37.5520
   -0.6188    0.3328   -0.7116
    0.3540   -0.6905   -0.6308
   -0.7013   -0.6422    0.3095
...    18 T-A ...
  -22.4872  -27.7573   38.6330
   -0.2855   -0.1375   -0.9484
    0.6523   -0.7529   -0.0872
   -0.7021   -0.6436    0.3047
...    19 A-T ...
  -24.5863  -30.2253   39.6676
    0.2190   -0.5774   -0.7865
    0.6729   -0.4944    0.5503
   -0.7066   -0.6498    0.2803
...    20 T-A ...
  -27.2648  -32.1259   40.0492
    0.5376   -0.7526   -0.3801
    0.4556   -0.1200    0.8820
   -0.7095   -0.6474    0.2784
...    21 T-A ...
  -29.6554  -34.2462   40.7017
    0.6898   -0.6880    0.2255
    0.0460    0.3526    0.9346
   -0.7225   -0.6344    0.2749
...    22 C-G ...
  -31.9883  -36.4438   41.5466
    0.5829   -0.3170    0.7482
   -0.3931    0.6958    0.6011
   -0.7111   -0.6445    0.2810
...    23 G-C ...
  -34.5669  -38.3262   42.7163
    0.3008    0.2108    0.9301
   -0.6748    0.7362    0.0513
   -0.6739   -0.6431    0.3637
...    24 C-G ...
  -36.4977  -40.7444   44.0085
   -0.1083    0.6170    0.7794
   -0.7275    0.4852   -0.4852
   -0.6775   -0.6196    0.3963
...    25 A-T ...
  -38.9760  -42.7202   45.1440
   -0.4577    0.8385    0.2956
   -0.5308    0.0091   -0.8475
   -0.7133   -0.5448    0.4409
...    26 A-T ...
  -41.2182  -44.4281   46.7622
   -0.6783    0.6856   -0.2644
   -0.1586   -0.4879   -0.8584
   -0.7175   -0.5403    0.4397
...    27 A-T ...
  -43.5802  -46.0175   48.3299
   -0.6379    0.2675   -0.7222
    0.2681   -0.8019   -0.5339
   -0.7219   -0.5342    0.4399
...    28 G-C ...
  -46.1719  -47.5394   49.7836
   -0.3392   -0.1921   -0.9209
    0.5604   -0.8275   -0.0338
   -0.7556   -0.5275    0.3884
...    29 G-C ...
  -48.9451  -49.2066   50.8125
    0.0915   -0.5942   -0.7991
    0.6264   -0.5895    0.5101
   -0.7741   -0.5472    0.3183
...    30 C-G ...
  -51.7404  -50.9474   51.4788
    0.4527   -0.8098   -0.3731
    0.4494   -0.1542    0.8799
   -0.7701   -0.5660    0.2941
...    31 C-G ...
  -54.3587  -53.0125   52.1779
    0.6729   -0.7173    0.1809
    0.0946    0.3260    0.9406
   -0.7336   -0.6159    0.2872
...    32 G-C ...
  -56.8415  -54.9055   53.5214
    0.6622   -0.3309    0.6723
   -0.3251    0.6815    0.6556
   -0.6751   -0.6527    0.3437
...    33 G-C ...
  -59.0096  -57.3176   54.5556
    0.4155    0.1679    0.8939
   -0.6430    0.7494    0.1581
   -0.6433   -0.6405    0.4194
...    34 C-G ...
  -60.8255  -59.7414   55.9693
    0.0183    0.5950    0.8035
   -0.7645    0.5262   -0.3723
   -0.6444   -0.6075    0.4645
...    35 C-G ...
  -62.8007  -61.8357   57.7532
   -0.3444    0.8466    0.4059
   -0.6569    0.0915   -0.7484
   -0.6707   -0.5244    0.5246
...    36 C-G ...
  -64.9933  -63.4117   59.7816
   -0.5832    0.8007   -0.1371
   -0.3762   -0.4158   -0.8280
   -0.7200   -0.4313    0.5437
...    37 G-C ...
  -67.7014  -64.8790   61.2218
   -0.6062    0.4570   -0.6508
   -0.0201   -0.8269   -0.5619
   -0.7950   -0.3276    0.5105
...    38 A-T ...
  -70.4356  -65.8345   62.8188
   -0.4745   -0.1371   -0.8695
    0.3285   -0.9440   -0.0304
   -0.8167   -0.3001    0.4929
...    39 C-G ...
  -73.4529  -66.2766   64.2175
   -0.2112   -0.6308   -0.7467
    0.5163   -0.7206    0.4627
   -0.8299   -0.2878    0.4779
...    40 A-T ...
  -76.0344  -67.4985   65.9772
    0.1819   -0.9279   -0.3255
    0.5166   -0.1914    0.8346
   -0.8367   -0.3199    0.4445
...    41 C-G ...
  -79.0887  -68.6281   66.8689
    0.4342   -0.8800    0.1922
    0.3311    0.3544    0.8745
   -0.8377   -0.3161    0.4453
...    42 G-C ...
  -81.8404  -69.3797   68.7149
    0.6085   -0.4727    0.6374
    0.0199    0.8120    0.5833
   -0.7933   -0.3422    0.5035
...    43 A-T ...
  -84.5240  -70.5392   70.2560
    0.5205    0.1303    0.8439
   -0.3375    0.9392    0.0631
   -0.7844   -0.3176    0.5328
...    44 C-G ...
  -86.8057  -72.1172   72.0730
    0.2923    0.6311    0.7185
   -0.5618    0.7213   -0.4051
   -0.7739   -0.2853    0.5654
...    45 T-A ...
  -89.1660  -73.1226   74.1865
    0.0143    0.9454    0.3257
   -0.6455    0.2575   -0.7190
   -0.7636   -0.2000    0.6139
...    46 T-A ...
  -91.5296  -73.7069   76.3149
   -0.3241    0.9291   -0.1784
   -0.5481   -0.3380   -0.7651
   -0.7711   -0.1502    0.6188
...    47 A-T ...
  -94.2838  -74.1278   78.1997
   -0.5240    0.5378   -0.6604
   -0.2792   -0.8410   -0.4634
   -0.8046   -0.0584    0.5909
...    48 C-G ...
  -96.8880  -73.6330   80.2138
   -0.5730   -0.0043   -0.8196
    0.0189   -0.9998   -0.0079
   -0.8194   -0.0200    0.5729
...    49 T-A ...
  -99.7753  -73.4049   81.8880
   -0.4445   -0.5637   -0.6962
    0.2927   -0.8259    0.4818
   -0.8466    0.0104    0.5322
...    50 G-C ...
 -102.4940  -73.7624   83.8244
   -0.1528   -0.9550   -0.2543
    0.4769   -0.2966    0.8274
   -0.8656    0.0051    0.5007
...    51 T-A ...
 -105.6983  -73.7353   84.9366
    0.1257   -0.9579    0.2582
    0.4903    0.2862    0.8232
   -0.8625    0.0231    0.5056
...    52 A-T ...
 -108.3634  -72.9632   87.0345
    0.3547   -0.4784    0.8033
    0.3199    0.8694    0.3765
   -0.8786    0.1235    0.4614
...    53 G-C ...
 -111.3574  -72.7833   88.5266
    0.5263    0.0826    0.8463
    0.0944    0.9834   -0.1547
   -0.8450    0.1613    0.5098
...    54 G-C ...
 -114.2824  -72.4650   90.2285
    0.5789    0.6011    0.5510
   -0.2025    0.7605   -0.6170
   -0.7899    0.2456    0.5620
...    55 T-A ...
 -116.5918  -71.9615   92.5227
    0.4346    0.8956    0.0950
   -0.4795    0.3193   -0.8174
   -0.7624    0.3097    0.5682
...    56 A-T ...
 -119.0226  -70.6806   94.4428
    0.1965    0.8506   -0.4878
   -0.6812   -0.2394   -0.6918
   -0.7052    0.4682    0.5324
...    57 T-A ...
 -120.8018  -68.8206   96.4542
   -0.1556    0.5897   -0.7925
   -0.7015   -0.6308   -0.3316
   -0.6955    0.5044    0.5118
...    58 C-G ...
 -123.1072  -66.9636   97.8851
   -0.5244    0.0711   -0.8485
   -0.5046   -0.8286    0.2425
   -0.6858    0.5553    0.4704
...    59 T-A ...
 -125.3832  -64.8416   99.1082
   -0.6993   -0.4209   -0.5778
   -0.1692   -0.6878    0.7059
   -0.6945    0.5914    0.4098
...    60 C-G ...
 -127.8094  -62.8938  100.2896
   -0.6733   -0.7394    0.0027
    0.2887   -0.2596    0.9215
   -0.6807    0.6212    0.3883
...    61 G-C ...
 -129.8768  -60.8601  102.0664
   -0.3490   -0.7506    0.5611
    0.6330    0.2527    0.7317
   -0.6910    0.6105    0.3870
...    62 A-T ...
 -132.1995  -58.7402  103.1672
    0.1135   -0.4161    0.9022
    0.7360    0.6452    0.2050
   -0.6674    0.6408    0.3794
...    63 G-C ...
 -134.6001  -56.7527  104.3979
    0.5410   -0.0148    0.8409
    0.5722    0.7392   -0.3552
   -0.6163    0.6733    0.4084
...    64 C-G ...
 -136.9123  -54.8193  105.8531
    0.8089    0.3572    0.4670
    0.1874    0.5962   -0.7807
   -0.5573    0.7190    0.4153
...    65 T-A ...
 -138.6449  -52.5010  107.4776
    0.8386    0.5392   -0.0779
   -0.2831    0.3091   -0.9079
   -0.4654    0.7834    0.4119
...    66 C-G ...
 -140.0543  -49.8764  108.8168
    0.5493    0.5419   -0.6361
   -0.7340   -0.0509   -0.6772
   -0.3994    0.8389    0.3698
...    67 G-C ...
 -141.4211  -46.8582  109.5603
    0.1004    0.2734   -0.9566
   -0.9488   -0.2631   -0.1748
   -0.2995    0.9252    0.2330
...    68 G-C ...
 -142.1201  -43.5397  109.7778
   -0.4207   -0.0082   -0.9072
   -0.8679   -0.2876    0.4051
   -0.2643    0.9577    0.1138
...    69 G-C ...
 -143.0407  -40.2587  109.5209
   -0.8263   -0.2234   -0.5170
   -0.4947   -0.1509    0.8559
   -0.2693    0.9630    0.0142
...    70 A-T ...
 -144.0280  -37.0696  109.3695
   -0.9608   -0.2415    0.1358
    0.1267    0.0529    0.9905
   -0.2464    0.9689   -0.0202
...    71 T-A ...
 -145.0365  -33.9651  108.6123
   -0.7519   -0.1180    0.6487
    0.6292    0.1654    0.7594
   -0.1969    0.9791   -0.0501
...    72 C-G ...
 -145.7074  -30.7045  108.2981
   -0.1894    0.0408    0.9811
    0.9680    0.1755    0.1796
   -0.1648    0.9836   -0.0727
...    73 C-G ...
 -146.4701  -27.4026  107.8664
    0.4145    0.0777    0.9067
    0.9034    0.0851   -0.4203
   -0.1098    0.9933   -0.0349
...    74 G-C ...
 -146.5703  -24.0518  107.2030
    0.8704   -0.0122    0.4921
    0.4917   -0.0284   -0.8703
    0.0246    0.9995   -0.0187
...    75 C-G ...
 -146.6597  -20.7443  107.5179
    0.9917   -0.1054   -0.0733
   -0.0774   -0.0356   -0.9964
    0.1024    0.9938   -0.0435
...    76 T-A ...
 -146.0439  -17.4932  107.5651
    0.7758   -0.2234   -0.5901
   -0.5957    0.0494   -0.8017
    0.2083    0.9735   -0.0948
...    77 T-A ...
 -145.1615  -14.4063  107.2534
    0.2813   -0.2208   -0.9339
   -0.9258    0.1936   -0.3246
    0.2524    0.9559   -0.1500
...    78 T-A ...
 -144.1231  -11.4011  106.6556
   -0.3142   -0.1026   -0.9438
   -0.9090    0.3194    0.2679
    0.2740    0.9420   -0.1936
...    79 A-T ...
 -143.4841   -8.1496  105.9618
   -0.8240    0.1145   -0.5549
   -0.4859    0.3610    0.7960
    0.2915    0.9255   -0.2418
...    80 A-T ...
 -142.4539   -5.2477  104.8609
   -0.9325    0.3606    0.0196
    0.1086    0.2283    0.9675
    0.3444    0.9044   -0.2520
...    81 C-G ...
 -141.5501   -2.3290  103.3909
   -0.7091    0.4473    0.5451
    0.6091   -0.0009    0.7931
    0.3552    0.8944   -0.2718
...    82 A-T ...
 -139.9691    0.5270  102.6732
   -0.1870    0.3346    0.9236
    0.9132   -0.2872    0.2890
    0.3620    0.8975   -0.2518
...    83 C-G ...
 -139.3274    3.6901  101.7387
    0.3439    0.1197    0.9313
    0.8576   -0.4439   -0.2596
    0.3824    0.8880   -0.2553
...    84 T-A ...
 -138.2034    6.7516  101.0333
    0.7342   -0.1978    0.6495
    0.5175   -0.4561   -0.7239
    0.4394    0.8677   -0.2326
...    85 T-A ...
 -136.8381    9.6233  100.4148
    0.8818   -0.4564    0.1185
   -0.0114   -0.2718   -0.9623
    0.4714    0.8472   -0.2449
...    86 T-A ...
 -135.2183   12.3403   99.7612
    0.6877   -0.5786   -0.4386
   -0.5123    0.0413   -0.8578
    0.5144    0.8146   -0.2680
...    87 A-T ...
 -133.2618   14.8504   98.7237
    0.1835   -0.5664   -0.8034
   -0.7837    0.4091   -0.4674
    0.5934    0.7154   -0.3688
...    88 T-A ...
 -130.8118   16.7293   97.6264
   -0.2587   -0.2963   -0.9194
   -0.7551    0.6556    0.0012
    0.6024    0.6945   -0.3933
...    89 G-C ...
 -129.0703   19.1009   95.9969
   -0.7056    0.0884   -0.7031
   -0.4153    0.7523    0.5115
    0.5741    0.6529   -0.4941
...    90 C-G ...
 -127.2434   20.9909   93.9027
   -0.8272    0.4877   -0.2792
    0.0814    0.5956    0.7992
    0.5560    0.6383   -0.5323
...    91 T-A ...
 -125.5717   23.0099   91.8047
   -0.6464    0.7292    0.2245
    0.5480    0.2390    0.8016
    0.5308    0.6412   -0.5541
...    92 T-A ...
 -123.9971   24.9875   89.7221
   -0.1496    0.7633    0.6284
    0.8162   -0.2634    0.5142
    0.5580    0.5899   -0.5837
...    93 C-G ...
 -122.2093   26.9162   87.6888
    0.3863    0.4348    0.8134
    0.7221   -0.6913    0.0266
    0.5739    0.5771   -0.5811
...    94 C-G ...
 -120.4378   29.0122   85.6901
    0.6807   -0.0793    0.7283
    0.3668   -0.8236   -0.4326
    0.6341    0.5616   -0.5315
...    95 G-C ...
 -118.2413   30.5275   83.5876
    0.6796   -0.6072    0.4116
   -0.0993   -0.6321   -0.7685
    0.7268    0.4814   -0.4899
...    96 G-C ...
 -115.6686   32.1702   82.1572
    0.4258   -0.9043   -0.0313
   -0.4515   -0.1824   -0.8734
    0.7841    0.3860   -0.4860
...    97 T-A ...
 -112.7467   33.2319   81.0634
    0.0758   -0.8823   -0.4645
   -0.5996    0.3319   -0.7282
    0.7967    0.3337   -0.5039
...    98 C-G ...
 -110.0939   34.1081   79.3412
   -0.3363   -0.5256   -0.7814
   -0.5000    0.8028   -0.3247
    0.7980    0.2815   -0.5328
...    99 A-T ...
 -107.5744   35.0873   77.3459
   -0.6380    0.0182   -0.7698
   -0.1648    0.9733    0.1596
    0.7522    0.2287   -0.6180
...   100 T-A ...
 -105.1560   35.1685   75.0855
   -0.6220    0.5261   -0.5799
    0.1988    0.8225    0.5329
    0.7573    0.2162   -0.6162
...   101 G-C ...
 -102.6415   36.1814   73.1168
   -0.4166    0.9027   -0.1079
    0.5594    0.3481    0.7523
    0.7166    0.2530   -0.6499
...   102 T-A ...
 -100.6931   36.9448   70.4826
   -0.0462    0.9448    0.3245
    0.6951   -0.2029    0.6897
    0.7174    0.2574   -0.6473
...   103 T-A ...
  -98.5553   37.8154   68.1734
    0.4004    0.6451    0.6508
    0.5727   -0.7306    0.3718
    0.7153    0.2239   -0.6619
...   104 A-T ...
  -95.9887   38.0285   65.9298
    0.6841    0.0088    0.7293
    0.1544   -0.9790   -0.1331
    0.7129    0.2037   -0.6711
...   105 T-A ...
  -93.6690   39.3106   63.9681
    0.6610   -0.5032    0.5567
   -0.2286   -0.8416   -0.4894
    0.7148    0.1962   -0.6713
...   106 A-T ...
  -91.3831   39.6906   61.5022
    0.3345   -0.9299    0.1530
   -0.5880   -0.3327   -0.7373
    0.7365    0.1567   -0.6581
...   107 A-T ...
  -88.8429   40.1480   59.5306
   -0.0813   -0.9502   -0.3009
   -0.6677    0.2760   -0.6913
    0.7400    0.1447   -0.6569
...   108 C-G ...
  -86.0475   40.1871   57.7217
   -0.4514   -0.6538   -0.6073
   -0.5031    0.7486   -0.4319
    0.7370    0.1106   -0.6668
...   109 G-C ...
  -83.8486   40.7460   55.1965
   -0.7260   -0.1040   -0.6798
   -0.1103    0.9933   -0.0341
    0.6788    0.0502   -0.7326
...   110 G-C ...
  -81.7157   40.6156   52.5445
   -0.7048    0.4737   -0.5281
    0.3394    0.8788    0.3353
    0.6230    0.0571   -0.7801
...   111 A-T ...
  -79.7182   40.7267   49.9054
   -0.3600    0.9112   -0.2001
    0.7028    0.4059    0.5842
    0.6136    0.0697   -0.7865
...   112 C-G ...
  -78.2034   40.8535   46.9220
    0.0702    0.9836    0.1663
    0.7884   -0.1568    0.5948
    0.6111    0.0893   -0.7865
...   113 T-A ...
  -76.3793   41.3511   44.1642
    0.4609    0.7260    0.5104
    0.6271   -0.6734    0.3916
    0.6280    0.1396   -0.7656
...   114 C-G ...
  -74.3245   41.8785   41.6337
    0.7254    0.1618    0.6691
    0.2202   -0.9755   -0.0028
    0.6522    0.1493   -0.7432
...   115 G-C ...
  -72.0052   41.9455   39.1509
    0.6414   -0.4496    0.6217
   -0.2191   -0.8839   -0.4132
    0.7353    0.1288   -0.6654
...   116 T-A ...
  -69.3154   42.7567   37.3761
    0.3962   -0.8609    0.3193
   -0.5249   -0.4977   -0.6905
    0.7533    0.1059   -0.6490
...   117 A-T ...
  -67.0329   42.9638   34.8606
   -0.0435   -0.9791   -0.1988
   -0.6468    0.1793   -0.7413
    0.7615    0.0963   -0.6410
...   118 T-A ...
  -64.1516   42.9583   33.2329
   -0.3689   -0.7390   -0.5637
   -0.5262    0.6660   -0.5288
    0.7662    0.1015   -0.6346
...   119 A-T ...
  -61.7382   43.7328   30.9402
   -0.6008   -0.1097   -0.7918
   -0.1545    0.9878   -0.0196
    0.7843    0.1105   -0.6104
...   120 A-T ...
  -59.1801   43.8183   28.9130
   -0.5511    0.5037   -0.6653
    0.2241    0.8573    0.4634
    0.8038    0.1063   -0.5853
...   121 T-A ...
  -56.8080   43.6710   26.6009
   -0.3428    0.8798   -0.3293
    0.4732    0.4646    0.7485
    0.8115    0.1008   -0.5756
...   122 G-C ...
  -53.9841   44.1623   24.8505
   -0.0675    0.9707    0.2305
    0.5943   -0.1465    0.7908
    0.8014    0.1904   -0.5670
...   123 T-A ...
  -51.7303   45.0520   22.5677
    0.2332    0.7299    0.6426
    0.5341   -0.6484    0.5426
    0.8126    0.2166   -0.5410
...   124 G-C ...
  -48.8362   45.6827   20.9747
    0.4074    0.1844    0.8944
    0.3202   -0.9461    0.0492
    0.8552    0.2664   -0.4445
...   125 T-A ...
  -46.1415   47.1389   19.7259
    0.4779   -0.3650    0.7990
    0.0617   -0.8934   -0.4451
    0.8762    0.2620   -0.4044
...   126 C-G ...
  -43.1821   47.9666   18.5524
    0.3861   -0.8395    0.3823
   -0.2137   -0.4845   -0.8483
    0.8974    0.2459   -0.3665
...   127 G-C ...
  -40.1793   48.3833   17.0122
    0.1108   -0.9816   -0.1554
   -0.3374    0.1099   -0.9349
    0.9348    0.1560   -0.3190
...   128 A-T ...
  -37.0398   48.7573   16.0098
   -0.1237   -0.7067   -0.6966
   -0.3151    0.6936   -0.6477
    0.9410    0.1394   -0.3085
...   129 C-G ...
  -33.7672   48.6195   15.2249
   -0.2762   -0.2087   -0.9381
   -0.1874    0.9691   -0.1604
    0.9426    0.1314   -0.3068
...   130 C-G ...
  -30.5677   48.7866   14.0633
   -0.3816    0.3768   -0.8441
    0.0130    0.9153    0.4026
    0.9243    0.1426   -0.3541
...   131 A-T ...
  -27.4306   49.4723   13.0934
   -0.3617    0.8402   -0.4041
    0.2375    0.5022    0.8315
    0.9015    0.2048   -0.3812
...   132 A-T ...
  -24.5684   50.0496   11.6555
   -0.1534    0.9746    0.1632
    0.3875   -0.0926    0.9172
    0.9090    0.2039   -0.3634
...   133 A-T ...
  -21.7067   50.7896   10.3168
    0.0776    0.7325    0.6763
    0.3992   -0.6444    0.6522
    0.9136    0.2194   -0.3424
...   134 T-A ...
  -19.0082   52.0401    8.9385
    0.2450    0.2904    0.9250
    0.3072   -0.9282    0.2101
    0.9196    0.2327   -0.3166
...   135 G-C ...
  -16.4568   53.8979    7.5291
    0.5336   -0.3334    0.7773
    0.0348   -0.9096   -0.4140
    0.8450    0.2479   -0.4738
...   136 T-A ...
  -14.1680   56.5697    6.1949
    0.5795   -0.7269    0.3684
   -0.3140   -0.6163   -0.7222
    0.7521    0.3028   -0.5854
...   137 G-C ...
  -11.6467   58.0145    4.7337
    0.2454   -0.9541   -0.1717
   -0.6318   -0.0231   -0.7748
    0.7352    0.2986   -0.6085
...   138 A-T ...
   -8.6697   58.7288    3.6171
   -0.0344   -0.7815   -0.6230
   -0.6534    0.4892   -0.5777
    0.7562    0.3872   -0.5274
...   139 G-C ...
   -6.3210   59.0878    1.6441
   -0.2967   -0.3277   -0.8970
   -0.5657    0.8170   -0.1114
    0.7694    0.4744   -0.4278
...   140 C-G ...
   -3.4295   60.2436    1.0436
   -0.4424    0.2288   -0.8671
   -0.1682    0.9286    0.3309
    0.8809    0.2922   -0.3723
...   141 G-C ...
   -0.6892   63.9061   -2.2355
   -0.9992    0.0156   -0.0375
   -0.0024    0.8991    0.4378
    0.0405    0.4375   -0.8983
...   142 C-G ...
   -0.9978   65.6136   -4.9248
   -0.8337    0.5217    0.1810
    0.5169    0.6220    0.5881
    0.1942    0.5839   -0.7882
...   143 T-A ...
   -0.1243   66.2249   -7.8041
   -0.3751    0.8568    0.3538
    0.8856    0.2185    0.4098
    0.2739    0.4670   -0.8408
...   144 C-G ...
   -0.1579   67.4195  -10.7920
    0.1799    0.8792    0.4411
    0.9276   -0.3009    0.2214
    0.3274    0.3694   -0.8697
...   145 A-T ...
    0.5354   69.2485  -13.4512
    0.7352    0.4961    0.4620
    0.6117   -0.7791   -0.1369
    0.2921    0.3832   -0.8763
...   146 C-G ...
    1.4422   72.1062  -15.5857
    0.9808    0.0622    0.1849
    0.1266   -0.9240   -0.3608
    0.1484    0.3773   -0.9141
...   147 A-T ...
    2.3152   74.2409  -18.3713
    0.8657   -0.4292   -0.2574
   -0.4984   -0.7868   -0.3642
   -0.0462    0.4436   -0.8950
