  147 base-pairs
...     1 A-T ...
    0.0000    0.0000    0.0000
    1.0000    0.0000    0.0000
    0.0000    1.0000    0.0000
    0.0000    0.0000    1.0000
...     2 G-C ...
   -0.1394   -1.2357    3.2268
    0.7529    0.6366    0.1670
   -0.6386    0.7680   -0.0486
   -0.1592   -0.0700    0.9848
...     3 T-A ...
   -0.0365   -3.2932    6.3751
    0.2722    0.9301    0.2466
   -0.9238    0.3243   -0.2033
   -0.2691   -0.1725    0.9475
...     4 G-C ...
   -0.3505   -4.1660    9.4928
   -0.3756    0.9250    0.0579
   -0.8781   -0.3352   -0.3415
   -0.2965   -0.1791    0.9381
...     5 A-T ...
   -0.4462   -4.1476   12.7498
   -0.8116    0.5840   -0.0165
   -0.5523   -0.7762   -0.3042
   -0.1905   -0.2378    0.9524
...     6 G-C ...
   -1.5908   -4.1730   15.6201
   -0.9976    0.0246   -0.0651
   -0.0043   -0.9555   -0.2950
   -0.0695   -0.2940    0.9533
...     7 C-G ...
   -1.1030   -4.4824   18.7362
   -0.8441   -0.5304   -0.0787
    0.5345   -0.8441   -0.0432
   -0.0435   -0.0785    0.9960
...     8 G-C ...
   -2.4028   -7.7290   23.1475
   -0.2754   -0.3293   -0.9032
    0.6650   -0.7437    0.0684
   -0.6942   -0.5818    0.4238
...     9 C-G ...
   -4.4690   -9.9728   24.1132
    0.1145   -0.7025   -0.7024
    0.8512   -0.2952    0.4340
   -0.5122   -0.6476    0.5642
...    10 T-A ...
   -6.7405  -10.8752   25.9697
    0.4841   -0.8363   -0.2574
    0.6595    0.1553    0.7355
   -0.5751   -0.5258    0.6267
...    11 C-G ...
   -9.1656  -12.6208   27.1640
    0.7073   -0.6682    0.2307
    0.3448    0.6110    0.7126
   -0.6171   -0.4245    0.6626
...    12 A-T ...
  -10.9234  -14.6633   29.0693
    0.7515   -0.1377    0.6452
   -0.2029    0.8824    0.4246
   -0.6277   -0.4500    0.6352
...    13 C-G ...
  -11.8476  -17.4863   31.2451
    0.4295    0.2823    0.8578
   -0.5708    0.8209    0.0156
   -0.6998   -0.4963    0.5137
...    14 A-T ...
  -13.5897  -19.7827   33.4259
   -0.1504    0.6104    0.7777
   -0.6874    0.5008   -0.5260
   -0.7106   -0.6136    0.3443
...    15 A-T ...
  -15.8261  -21.8433   34.5624
   -0.5284    0.7920    0.3058
   -0.4477    0.0462   -0.8930
   -0.7214   -0.6087    0.3301
...    16 T-A ...
  -17.9612  -23.8018   36.3361
   -0.7161    0.6597   -0.2280
   -0.0649   -0.3881   -0.9193
   -0.6950   -0.6435    0.3207
...    17 T-A ...
  -20.2449  -25.7367   37.7005
   -0.6344    0.2737   -0.7229
    0.3899   -0.6942   -0.6050
   -0.6674   -0.6657    0.3337
...    18 T-A ...
  -22.5335  -27.7890   38.8116
   -0.2727   -0.1673   -0.9474
    0.6849   -0.7254   -0.0691
   -0.6757   -0.6677    0.3124
...    19 A-T ...
  -24.6051  -30.3092   39.8824
    0.2461   -0.5937   -0.7661
    0.6922   -0.4456    0.5677
   -0.6784   -0.6700    0.3013
...    20 T-A ...
  -27.2446  -32.2860   40.3635
    0.5689   -0.7525   -0.3319
    0.4535   -0.0496    0.8899
   -0.6861   -0.6567    0.3131
...    21 T-A ...
  -29.5481  -34.4696   41.1131
    0.7036   -0.6511    0.2845
    0.0071    0.4067    0.9135
   -0.7105   -0.6408    0.2908
...    22 C-G ...
  -31.8550  -36.6248   42.0921
    0.5753   -0.2591    0.7758
   -0.4329    0.7083    0.5576
   -0.6939   -0.6567    0.2953
...    23 G-C ...
  -34.4427  -38.3744   43.4135
    0.3273    0.2771    0.9034
   -0.7003    0.7130    0.0350
   -0.6344   -0.6441    0.4275
...    24 C-G ...
  -36.2328  -40.7580   44.8221
   -0.0569    0.6495    0.7582
   -0.7628    0.4617   -0.4528
   -0.6442   -0.6041    0.4691
...    25 A-T ...
  -38.7645  -42.6942   45.8922
   -0.4623    0.8354    0.2972
   -0.5699   -0.0231   -0.8214
   -0.6794   -0.5491    0.4867
...    26 A-T ...
  -40.9770  -44.4193   47.5962
   -0.6985    0.6706   -0.2496
   -0.1942   -0.5134   -0.8359
   -0.6887   -0.5354    0.4889
...    27 A-T ...
  -43.1748  -45.9715   49.4454
   -0.6832    0.2327   -0.6921
    0.2621   -0.8066   -0.5299
   -0.6815   -0.5434    0.4901
...    28 G-C ...
  -45.7382  -47.4033   51.1404
   -0.3889   -0.2196   -0.8947
    0.5772   -0.8150   -0.0509
   -0.7181   -0.5362    0.4437
...    29 G-C ...
  -48.4677  -49.1025   52.4136
    0.0697   -0.6300   -0.7735
    0.6766   -0.5399    0.5007
   -0.7331   -0.5582    0.3886
...    30 C-G ...
  -51.0561  -50.9560   53.2948
    0.4710   -0.8056   -0.3593
    0.4944   -0.0962    0.8639
   -0.7305   -0.5845    0.3530
...    31 C-G ...
  -53.6820  -52.8659   54.2640
    0.7066   -0.6841    0.1807
    0.1267    0.3736    0.9189
   -0.6962   -0.6264    0.3507
...    32 G-C ...
  -55.8110  -54.6501   55.6765
    0.7238   -0.3188    0.6119
   -0.2811    0.6737    0.6835
   -0.6301   -0.6667    0.3980
...    33 G-C ...
  -57.6759  -57.0826   57.0868
    0.4749    0.1688    0.8637
   -0.6471    0.7321    0.2128
   -0.5964   -0.6600    0.4569
...    34 C-G ...
  -59.3837  -59.5209   58.5215
    0.0589    0.5947    0.8018
   -0.7989    0.5097   -0.3193
   -0.5986   -0.6217    0.5052
...    35 C-G ...
  -61.1722  -61.5233   60.6281
   -0.3490    0.8311    0.4330
   -0.7022    0.0741   -0.7081
   -0.6206   -0.5512    0.5577
...    36 C-G ...
  -63.2029  -63.1897   62.7432
   -0.6487    0.7554   -0.0926
   -0.4059   -0.4464   -0.7975
   -0.6438   -0.4797    0.5962
...    37 G-C ...
  -65.4741  -65.3865   64.0772
   -0.7142    0.3977   -0.5759
    0.0262   -0.8071   -0.5898
   -0.6994   -0.4363    0.5661
...    38 A-T ...
  -67.7406  -66.7234   65.9005
   -0.5560   -0.1684   -0.8140
    0.4454   -0.8871   -0.1207
   -0.7018   -0.4297    0.5682
...    39 C-G ...
  -70.3739  -67.7428   67.4658
   -0.2107   -0.6060   -0.7671
    0.6553   -0.6699    0.3492
   -0.7254   -0.4291    0.5382
...    40 A-T ...
  -72.8396  -69.3716   69.1427
    0.2622   -0.8761   -0.4046
    0.6390   -0.1566    0.7531
   -0.7231   -0.4561    0.5188
...    41 C-G ...
  -75.4219  -71.1266   70.3884
    0.5719   -0.8185    0.0555
    0.3951    0.3341    0.8557
   -0.7189   -0.4675    0.5145
...    42 G-C ...
  -77.6833  -72.3443   72.4967
    0.7246   -0.4239    0.5434
   -0.0252    0.7717    0.6355
   -0.6888   -0.4741    0.5485
...    43 A-T ...
  -80.0128  -73.8088   74.0816
    0.5735    0.1230    0.8099
   -0.4264    0.8890    0.1669
   -0.6995   -0.4410    0.5623
...    44 C-G ...
  -81.9455  -75.8077   75.8550
    0.2981    0.6120    0.7325
   -0.6774    0.6763   -0.2894
   -0.6725   -0.4099    0.6162
...    45 T-A ...
  -83.8985  -77.3901   78.3870
   -0.0883    0.9319    0.3519
   -0.7288    0.1803   -0.6606
   -0.6790   -0.3148    0.6632
...    46 T-A ...
  -86.0375  -78.2761   80.5582
   -0.4216    0.9015   -0.0981
   -0.5789   -0.3508   -0.7361
   -0.6980   -0.2535    0.6697
...    47 A-T ...
  -88.5223  -78.9100   82.6783
   -0.6045    0.5435   -0.5825
   -0.2586   -0.8254   -0.5018
   -0.7535   -0.1527    0.6394
...    48 C-G ...
  -91.0581  -78.6511   84.8432
   -0.6261    0.0136   -0.7796
    0.0764   -0.9940   -0.0787
   -0.7760   -0.1088    0.6213
...    49 T-A ...
  -93.8574  -78.5302   86.7449
   -0.4343   -0.5208   -0.7350
    0.3532   -0.8491    0.3929
   -0.8286   -0.0890    0.5527
...    50 G-C ...
  -96.6221  -79.0513   88.5643
   -0.0910   -0.9212   -0.3782
    0.5209   -0.3678    0.7703
   -0.8487   -0.1269    0.5134
...    51 T-A ...
  -99.7993  -79.3539   89.8345
    0.1933   -0.9677    0.1621
    0.4941    0.2387    0.8360
   -0.8477   -0.0816    0.5242
...    52 T-A ...
 -102.6421  -79.6222   91.3667
    0.4268   -0.6365    0.6424
    0.3072    0.7702    0.5590
   -0.8506   -0.0413    0.5243
...    53 C-G ...
 -105.6164  -79.3810   93.0223
    0.5472   -0.0190    0.8368
    0.0031    0.9998    0.0206
   -0.8370   -0.0087    0.5472
...    54 A-T ...
 -108.6907  -79.0001   94.4954
    0.5467    0.5706    0.6128
   -0.3072    0.8175   -0.4872
   -0.7790    0.0781    0.6222
...    55 T-A ...
 -110.9658  -78.9868   96.8308
    0.3709    0.9000    0.2291
   -0.5520    0.4120   -0.7249
   -0.7468    0.1425    0.6496
...    56 G-C ...
 -113.4988  -78.2270   99.1572
    0.0812    0.9326   -0.3518
   -0.6969   -0.1992   -0.6890
   -0.7126    0.3011    0.6337
...    57 T-A ...
 -115.3905  -76.8309  101.5560
   -0.2850    0.6670   -0.6884
   -0.6545   -0.6601   -0.3687
   -0.7003    0.3455    0.6247
...    58 T-A ...
 -117.5272  -75.5026  103.5158
   -0.5943    0.1669   -0.7868
   -0.4051   -0.9072    0.1136
   -0.6948    0.3862    0.6067
...    59 A-T ...
 -120.0149  -74.4689  105.7054
   -0.7481   -0.4697   -0.4688
    0.0923   -0.7732    0.6274
   -0.6572    0.4261    0.6218
...    60 T-A ...
 -122.3117  -72.6208  107.1818
   -0.6221   -0.7820   -0.0396
    0.4660   -0.4104    0.7838
   -0.6292    0.4691    0.6197
...    61 A-T ...
 -124.1388  -70.7541  109.5767
   -0.1768   -0.7596    0.6259
    0.8046    0.2547    0.5364
   -0.5668    0.5985    0.5661
...    62 A-T ...
 -126.1060  -68.7935  111.2749
    0.3101   -0.4117    0.8570
    0.7818    0.6233    0.0165
   -0.5409    0.6649    0.5151
...    63 C-G ...
 -128.4271  -66.9249  112.9829
    0.6961    0.0158    0.7177
    0.4905    0.7195   -0.4917
   -0.5242    0.6943    0.4931
...    64 G-C ...
 -129.8756  -64.3560  114.3853
    0.9232    0.3015    0.2383
    0.0302    0.5611   -0.8272
   -0.3831    0.7708    0.5089
...    65 G-C ...
 -130.8211  -61.7882  116.1943
    0.8427    0.4443   -0.3041
   -0.4738    0.3440   -0.8107
   -0.2556    0.8272    0.5004
...    66 A-T ...
 -131.3848  -59.0363  117.8833
    0.4525    0.4569   -0.7658
   -0.8759    0.0665   -0.4779
   -0.1674    0.8870    0.4303
...    67 A-T ...
 -131.6797  -56.0984  119.0886
   -0.0891    0.3319   -0.9391
   -0.9858   -0.1642    0.0355
   -0.1424    0.9289    0.3418
...    68 G-C ...
 -131.6931  -52.8260  119.9227
   -0.5878    0.1261   -0.7991
   -0.7962   -0.2652    0.5438
   -0.1434    0.9559    0.2563
...    69 G-C ...
 -131.9039  -49.1864  120.0065
   -0.9278   -0.1054   -0.3579
   -0.3281   -0.2262    0.9172
   -0.1776    0.9684    0.1753
...    70 T-A ...
 -132.6047  -45.9368  119.9873
   -0.9641   -0.1821    0.1935
    0.2151   -0.1074    0.9707
   -0.1560    0.9774    0.1427
...    71 A-T ...
 -133.2438  -42.6271  120.1722
   -0.6257   -0.1703    0.7613
    0.7686    0.0324    0.6389
   -0.1334    0.9849    0.1106
...    72 T-A ...
 -134.2897  -39.4712  120.0612
   -0.1167   -0.0643    0.9911
    0.9883    0.0909    0.1223
   -0.0979    0.9938    0.0529
...    73 C-G ...
 -134.8538  -36.1560  120.3138
    0.5376    0.0202    0.8429
    0.8402    0.0718   -0.5376
   -0.0714    0.9972    0.0216
...    74 T-A ...
 -135.1418  -32.8215  120.6834
    0.9103   -0.0105    0.4139
    0.4140    0.0398   -0.9094
   -0.0069    0.9992    0.0406
...    75 C-G ...
 -135.2329  -29.4289  120.8154
    0.9779   -0.0449   -0.2041
   -0.2031    0.0263   -0.9788
    0.0493    0.9986    0.0165
...    76 G-C ...
 -134.9575  -26.1231  120.1941
    0.6926   -0.2886   -0.6611
   -0.6679    0.0896   -0.7388
    0.2725    0.9533   -0.1307
...    77 A-T ...
 -134.0571  -22.9698  119.6239
    0.1567   -0.2636   -0.9518
   -0.9430    0.2467   -0.2235
    0.2937    0.9326   -0.2099
...    78 G-C ...
 -132.7745  -20.0593  118.5891
   -0.3912   -0.1713   -0.9042
   -0.8678    0.3959    0.3005
    0.3065    0.9022   -0.3035
...    79 C-G ...
 -131.4773  -17.2561  117.0879
   -0.8360    0.0689   -0.5444
   -0.4577    0.4595    0.7612
    0.3026    0.8855   -0.3526
...    80 T-A ...
 -130.4812  -14.4110  115.7276
   -0.9484    0.3153   -0.0333
    0.0971    0.3889    0.9161
    0.3018    0.8656   -0.3995
...    81 C-G ...
 -129.5423  -11.4315  114.6204
   -0.6753    0.5068    0.5358
    0.6771    0.1381    0.7228
    0.2923    0.8509   -0.4364
...    82 G-C ...
 -127.5632   -8.5251  113.8500
   -0.1374    0.4805    0.8662
    0.9503   -0.1827    0.2521
    0.2794    0.8577   -0.4315
...    83 G-C ...
 -126.6797   -5.7069  112.1756
    0.4270    0.2366    0.8728
    0.8327   -0.4791   -0.2776
    0.3525    0.8453   -0.4016
...    84 G-C ...
 -125.6661   -2.7995  110.8359
    0.7758   -0.1561    0.6113
    0.4557   -0.5316   -0.7140
    0.4365    0.8325   -0.3413
...    85 A-T ...
 -124.2855    0.0849  109.8691
    0.8743   -0.4797    0.0738
   -0.1068   -0.3386   -0.9349
    0.4734    0.8095   -0.3473
...    86 T-A ...
 -122.4858    2.7823  109.3063
    0.6665   -0.6219   -0.4110
   -0.5459   -0.0317   -0.8373
    0.5077    0.7824   -0.3607
...    87 C-G ...
 -120.5534    5.2286  108.1689
    0.1849   -0.5585   -0.8086
   -0.8227    0.3621   -0.4382
    0.5375    0.7463   -0.3925
...    88 C-G ...
 -118.6282    7.4964  106.7543
   -0.3452   -0.3635   -0.8653
   -0.7748    0.6306    0.0442
    0.5296    0.6857   -0.4994
...    89 G-C ...
 -117.2725    9.9826  104.9733
   -0.7823   -0.0124   -0.6228
   -0.4064    0.7679    0.4952
    0.4721    0.6405   -0.6058
...    90 C-G ...
 -115.7479   11.8124  102.4323
   -0.8748    0.4353   -0.2125
    0.1409    0.6484    0.7481
    0.4635    0.6246   -0.6286
...    91 T-A ...
 -114.6099   13.9012   99.8613
   -0.6209    0.7394    0.2604
    0.6525    0.3034    0.6944
    0.4344    0.6011   -0.6708
...    92 T-A ...
 -113.4644   15.7846   97.4295
   -0.0744    0.8100    0.5817
    0.8910   -0.2080    0.4036
    0.4479    0.5483   -0.7062
...    93 T-A ...
 -112.2673   17.6124   94.9650
    0.4846    0.5497    0.6805
    0.7521   -0.6590   -0.0033
    0.4466    0.5134   -0.7328
...    94 A-T ...
 -110.4765   18.6613   92.2688
    0.8524    0.0166    0.5226
    0.2709   -0.8689   -0.4142
    0.4473    0.4947   -0.7452
...    95 A-T ...
 -109.0270   20.3706   89.9818
    0.8436   -0.4986    0.1994
   -0.2779   -0.7232   -0.6323
    0.4594    0.4780   -0.7486
...    96 C-G ...
 -107.1812   22.2792   87.8883
    0.5421   -0.8225   -0.1720
   -0.7001   -0.3288   -0.6339
    0.4648    0.4640   -0.7541
...    97 A-T ...
 -105.5189   23.6307   85.2551
   -0.0262   -0.8931   -0.4490
   -0.8725    0.2397   -0.4258
    0.4879    0.3806   -0.7856
...    98 C-G ...
 -103.4256   24.3410   82.7029
   -0.5074   -0.6315   -0.5863
   -0.7085    0.6930   -0.1334
    0.4905    0.3477   -0.7991
...    99 T-A ...
 -101.4148   24.9428   79.7606
   -0.8494   -0.1156   -0.5150
   -0.2611    0.9400    0.2196
    0.4587    0.3210   -0.8286
...   100 T-A ...
  -99.9143   25.6479   76.9310
   -0.8138    0.4859   -0.3189
    0.3023    0.8225    0.4818
    0.4964    0.2957   -0.8162
...   101 T-A ...
  -98.3895   26.3688   74.1063
   -0.4602    0.8878   -0.0013
    0.7185    0.3733    0.5869
    0.5216    0.2692   -0.8096
...   102 A-T ...
  -96.2852   27.2108   71.4718
    0.1764    0.9159    0.3606
    0.8250   -0.3374    0.4534
    0.5370    0.2175   -0.8151
...   103 T-A ...
  -95.1101   28.3039   68.6346
    0.5410    0.6262    0.5614
    0.6335   -0.7425    0.2177
    0.5532    0.2379   -0.7984
...   104 G-C ...
  -93.2589   29.3638   66.0803
    0.7584    0.0168    0.6516
    0.1903   -0.9618   -0.1966
    0.6234    0.2731   -0.7326
...   105 C-G ...
  -91.0148   30.5419   63.9739
    0.7020   -0.5363    0.4686
   -0.2699   -0.8092   -0.5219
    0.6591    0.2398   -0.7128
...   106 T-A ...
  -88.4002   31.4923   61.8828
    0.3919   -0.9147    0.0987
   -0.6013   -0.3359   -0.7250
    0.6963    0.2248   -0.6816
...   107 T-A ...
  -85.9808   32.1257   59.8664
   -0.0524   -0.9522   -0.3010
   -0.6971    0.2507   -0.6718
    0.7151    0.1746   -0.6769
...   108 C-G ...
  -83.4832   32.4533   57.6387
   -0.4825   -0.6106   -0.6280
   -0.5103    0.7787   -0.3650
    0.7119    0.1443   -0.6873
...   109 C-G ...
  -81.1698   32.6902   55.2802
   -0.7441   -0.0998   -0.6606
   -0.1475    0.9889    0.0168
    0.6516    0.1099   -0.7506
...   110 G-C ...
  -79.2750   33.3857   52.9055
   -0.7618    0.4347   -0.4803
    0.2921    0.8923    0.3442
    0.5782    0.1219   -0.8068
...   111 G-C ...
  -77.6596   33.8142   49.9615
   -0.4915    0.8576   -0.1512
    0.6835    0.4875    0.5433
    0.5397    0.1637   -0.8258
...   112 C-G ...
  -76.3551   34.3369   46.9064
   -0.0393    0.9748    0.2196
    0.8425   -0.0858    0.5318
    0.5373    0.2059   -0.8179
...   113 T-A ...
  -74.7427   35.0807   44.0823
    0.3982    0.7594    0.5146
    0.7354   -0.5996    0.3158
    0.5484    0.2527   -0.7971
...   114 C-G ...
  -72.8091   35.8839   41.4741
    0.7420    0.2355    0.6277
    0.3609   -0.9293   -0.0779
    0.5650    0.2843   -0.7746
...   115 G-C ...
  -70.7682   36.3000   38.8343
    0.7582   -0.3961    0.5179
   -0.1431   -0.8760   -0.4605
    0.6361    0.2750   -0.7209
...   116 T-A ...
  -68.2179   37.5053   37.0241
    0.5241   -0.8244    0.2138
   -0.5275   -0.5113   -0.6785
    0.6686    0.2429   -0.7028
...   117 A-T ...
  -65.6107   38.2811   34.9529
    0.0632   -0.9775   -0.2011
   -0.7113    0.0972   -0.6961
    0.7000    0.1871   -0.6892
...   118 T-A ...
  -62.8571   38.6205   33.1821
   -0.3041   -0.7767   -0.5516
   -0.6362    0.5965   -0.4894
    0.7091    0.2021   -0.6755
...   119 A-T ...
  -60.5046   39.6517   30.8279
   -0.6094   -0.1415   -0.7802
   -0.2650    0.9637    0.0323
    0.7473    0.2264   -0.6247
...   120 A-T ...
  -58.0271   40.0347   28.7458
   -0.6356    0.4520   -0.6258
    0.1320    0.8623    0.4889
    0.7606    0.2281   -0.6078
...   121 T-A ...
  -55.7182   40.2925   26.3218
   -0.4531    0.8477   -0.2758
    0.4426    0.4824    0.7559
    0.7739    0.2204   -0.5938
...   122 G-C ...
  -53.0883   41.0409   24.1569
   -0.1433    0.9457    0.2918
    0.6183   -0.1447    0.7725
    0.7728    0.2912   -0.5640
...   123 T-A ...
  -50.8534   42.1274   21.9822
    0.1787    0.7206    0.6700
    0.5884   -0.6240    0.5142
    0.7886    0.3023   -0.5355
...   124 G-C ...
  -48.1723   43.2212   20.2133
    0.4111    0.1801    0.8936
    0.3928   -0.9196    0.0046
    0.8226    0.3491   -0.4488
...   125 T-A ...
  -45.7166   44.7574   18.8780
    0.5023   -0.3566    0.7878
    0.1327   -0.8684   -0.4777
    0.8545    0.3445   -0.3889
...   126 C-G ...
  -42.9119   45.7971   17.8232
    0.4839   -0.8021    0.3500
   -0.1644   -0.4761   -0.8639
    0.8596    0.3605   -0.3622
...   127 G-C ...
  -40.0947   46.5379   16.1105
    0.2041   -0.9673   -0.1508
   -0.3253    0.0783   -0.9424
    0.9233    0.2414   -0.2987
...   128 A-T ...
  -37.1028   47.2632   15.2032
   -0.0224   -0.7193   -0.6944
   -0.3768    0.6494   -0.6605
    0.9260    0.2468   -0.2855
...   129 C-G ...
  -33.8177   47.4162   14.6785
   -0.2476   -0.2549   -0.9347
   -0.2942    0.9390   -0.1781
    0.9231    0.2309   -0.3075
...   130 C-G ...
  -30.6648   47.8062   13.4072
   -0.4317    0.2947   -0.8525
   -0.0801    0.9289    0.3617
    0.8985    0.2244   -0.3774
...   131 A-T ...
  -27.5273   49.1772   13.0156
   -0.3915    0.8159   -0.4256
    0.1802    0.5215    0.8340
    0.9024    0.2498   -0.3511
...   132 A-T ...
  -24.6003   49.9480   11.7315
   -0.2114    0.9659    0.1492
    0.3656   -0.0635    0.9286
    0.9065    0.2508   -0.3397
...   133 A-T ...
  -21.7856   50.8484   10.2950
    0.0699    0.7442    0.6643
    0.3994   -0.6311    0.6649
    0.9141    0.2189   -0.3413
...   134 T-A ...
  -19.0083   52.0403    8.9385
    0.2450    0.2904    0.9250
    0.3072   -0.9282    0.2101
    0.9196    0.2327   -0.3166
...   135 G-C ...
  -16.4569   53.8981    7.5291
    0.5336   -0.3334    0.7773
    0.0348   -0.9096   -0.4140
    0.8450    0.2479   -0.4738
...   136 T-A ...
  -14.1680   56.5699    6.1950
    0.5795   -0.7269    0.3684
   -0.3140   -0.6163   -0.7222
    0.7521    0.3028   -0.5854
...   137 G-C ...
  -11.6468   58.0147    4.7337
    0.2454   -0.9541   -0.1717
   -0.6318   -0.0231   -0.7748
    0.7352    0.2986   -0.6085
...   138 A-T ...
   -8.6697   58.7290    3.6171
   -0.0344   -0.7815   -0.6230
   -0.6534    0.4892   -0.5777
    0.7562    0.3872   -0.5274
...   139 G-C ...
   -6.3211   59.0880    1.6441
   -0.2967   -0.3277   -0.8970
   -0.5657    0.8170   -0.1114
    0.7694    0.4744   -0.4278
...   140 C-G ...
   -3.4296   60.2438    1.0436
   -0.4424    0.2288   -0.8671
   -0.1682    0.9286    0.3309
    0.8809    0.2922   -0.3723
...   141 G-C ...
   -0.6893   63.9064   -2.2355
   -0.9992    0.0156   -0.0375
   -0.0024    0.8991    0.4378
    0.0405    0.4375   -0.8983
...   142 C-G ...
   -0.9979   65.6138   -4.9248
   -0.8337    0.5217    0.1810
    0.5169    0.6220    0.5881
    0.1942    0.5839   -0.7882
...   143 T-A ...
   -0.1244   66.2251   -7.8040
   -0.3751    0.8568    0.3538
    0.8856    0.2185    0.4098
    0.2739    0.4670   -0.8408
...   144 C-G ...
   -0.1580   67.4198  -10.7920
    0.1799    0.8792    0.4411
    0.9276   -0.3009    0.2214
    0.3274    0.3694   -0.8697
...   145 A-T ...
    0.5353   69.2488  -13.4512
    0.7352    0.4961    0.4620
    0.6117   -0.7791   -0.1369
    0.2921    0.3832   -0.8763
...   146 C-G ...
    1.4421   72.1065  -15.5857
    0.9808    0.0622    0.1849
    0.1266   -0.9240   -0.3608
    0.1484    0.3773   -0.9141
...   147 A-T ...
    2.3151   74.2411  -18.3713
    0.8657   -0.4292   -0.2574
   -0.4984   -0.7868   -0.3642
   -0.0462    0.4436   -0.8950
