  147 base-pairs
...     1 A-T ...
    0.0000    0.0000    0.0000
    1.0000    0.0000    0.0000
    0.0000    1.0000    0.0000
    0.0000    0.0000    1.0000
...     2 G-C ...
   -0.1394   -1.2357    3.2268
    0.7529    0.6366    0.1670
   -0.6386    0.7680   -0.0486
   -0.1592   -0.0700    0.9848
...     3 T-A ...
   -0.0365   -3.2932    6.3751
    0.2722    0.9301    0.2466
   -0.9238    0.3243   -0.2033
   -0.2691   -0.1725    0.9475
...     4 G-C ...
   -0.3505   -4.1660    9.4928
   -0.3756    0.9250    0.0579
   -0.8781   -0.3352   -0.3415
   -0.2965   -0.1791    0.9381
...     5 A-T ...
   -0.4462   -4.1476   12.7498
   -0.8116    0.5840   -0.0165
   -0.5523   -0.7762   -0.3042
   -0.1905   -0.2378    0.9524
...     6 G-C ...
   -1.5908   -4.1730   15.6201
   -0.9976    0.0246   -0.0651
   -0.0043   -0.9555   -0.2950
   -0.0695   -0.2940    0.9533
...     7 C-G ...
   -1.1030   -4.4824   18.7362
   -0.8441   -0.5304   -0.0787
    0.5345   -0.8441   -0.0432
   -0.0435   -0.0785    0.9960
...     8 G-C ...
   -2.4028   -7.7290   23.1475
   -0.2754   -0.3293   -0.9032
    0.6650   -0.7437    0.0684
   -0.6942   -0.5818    0.4238
...     9 C-G ...
   -4.4690   -9.9728   24.1132
    0.1145   -0.7025   -0.7024
    0.8512   -0.2952    0.4340
   -0.5122   -0.6476    0.5642
...    10 T-A ...
   -6.7405  -10.8752   25.9697
    0.4841   -0.8363   -0.2574
    0.6595    0.1553    0.7355
   -0.5751   -0.5258    0.6267
...    11 C-G ...
   -9.1656  -12.6208   27.1640
    0.7073   -0.6682    0.2307
    0.3448    0.6110    0.7126
   -0.6171   -0.4245    0.6626
...    12 A-T ...
  -10.9234  -14.6633   29.0693
    0.7515   -0.1377    0.6452
   -0.2029    0.8824    0.4246
   -0.6277   -0.4500    0.6352
...    13 C-G ...
  -11.8476  -17.4863   31.2451
    0.4295    0.2823    0.8578
   -0.5708    0.8209    0.0156
   -0.6998   -0.4963    0.5137
...    14 A-T ...
  -13.5897  -19.7827   33.4259
   -0.1504    0.6104    0.7777
   -0.6874    0.5008   -0.5260
   -0.7106   -0.6136    0.3443
...    15 A-T ...
  -15.8165  -21.8476   34.5795
   -0.5335    0.7884    0.3062
   -0.4485    0.0432   -0.8927
   -0.7171   -0.6136    0.3306
...    16 T-A ...
  -17.9343  -23.8282   36.3568
   -0.7230    0.6525   -0.2271
   -0.0621   -0.3888   -0.9192
   -0.6881   -0.6505    0.3216
...    17 T-A ...
  -20.1893  -25.7903   37.7278
   -0.6402    0.2640   -0.7214
    0.3982   -0.6890   -0.6056
   -0.6569   -0.6750    0.3360
...    18 T-A ...
  -22.4415  -27.8744   38.8651
   -0.2752   -0.1773   -0.9449
    0.6980   -0.7127   -0.0695
   -0.6611   -0.6787    0.3199
...    19 A-T ...
  -24.4329  -30.4440   39.9788
    0.2537   -0.5940   -0.7634
    0.7065   -0.4253    0.5657
   -0.6607   -0.6829    0.3118
...    20 T-A ...
  -27.0152  -32.4837   40.4932
    0.5855   -0.7398   -0.3316
    0.4621   -0.0315    0.8863
   -0.6661   -0.6721    0.3234
...    21 T-A ...
  -29.2488  -34.7260   41.2812
    0.7266   -0.6278    0.2791
    0.0058    0.4119    0.9112
   -0.6871   -0.6604    0.3029
...    22 C-G ...
  -31.4665  -36.9515   42.3062
    0.5946   -0.2358    0.7687
   -0.4480    0.6968    0.5602
   -0.6677   -0.6774    0.3087
...    23 G-C ...
  -33.9533  -38.7939   43.7028
    0.3318    0.2944    0.8963
   -0.7263    0.6860    0.0436
   -0.6020   -0.6654    0.4414
...    24 C-G ...
  -35.6245  -41.2359   45.1589
   -0.0694    0.6511    0.7558
   -0.7882    0.4287   -0.4416
   -0.6115   -0.6263    0.4834
...    25 A-T ...
  -38.0631  -43.2609   46.2920
   -0.4925    0.8168    0.3005
   -0.5831   -0.0533   -0.8107
   -0.6461   -0.5745    0.5025
...    26 A-T ...
  -40.1648  -45.0711   48.0494
   -0.7333    0.6357   -0.2411
   -0.1856   -0.5283   -0.8285
   -0.6541   -0.5628    0.5054
...    27 A-T ...
  -42.2488  -46.7155   49.9520
   -0.7074    0.1922   -0.6802
    0.2914   -0.7974   -0.5284
   -0.6439   -0.5720    0.5081
...    28 G-C ...
  -44.6969  -48.2663   51.7123
   -0.3956   -0.2500   -0.8837
    0.6177   -0.7845   -0.0546
   -0.6796   -0.5675    0.4648
...    29 G-C ...
  -47.2908  -50.0983   53.0771
    0.0860   -0.6377   -0.7655
    0.7155   -0.4951    0.4929
   -0.6933   -0.5901    0.4137
...    30 C-G ...
  -49.7515  -52.0717   54.0588
    0.5053   -0.7860   -0.3563
    0.5186   -0.0534    0.8533
   -0.6898   -0.6159    0.3806
...    31 C-G ...
  -52.2504  -54.0953   55.1317
    0.7462   -0.6420    0.1764
    0.1287    0.3990    0.9079
   -0.6532   -0.6548    0.3803
...    32 G-C ...
  -54.2511  -55.9565   56.6334
    0.7549   -0.2659    0.5995
   -0.2989    0.6742    0.6754
   -0.5838   -0.6891    0.4294
...    33 G-C ...
  -55.9546  -58.4511   58.1393
    0.4882    0.2157    0.8457
   -0.6782    0.7037    0.2120
   -0.5493   -0.6770    0.4898
...    34 C-G ...
  -57.4925  -60.9447   59.6747
    0.0512    0.6199    0.7830
   -0.8317    0.4605   -0.3101
   -0.5528   -0.6353    0.5392
...    35 C-G ...
  -59.1100  -62.9772   61.8917
   -0.3737    0.8282    0.4176
   -0.7250    0.0200   -0.6884
   -0.5785   -0.5600    0.5930
...    36 C-G ...
  -61.0000  -64.6628   64.1184
   -0.6836    0.7233   -0.0977
   -0.4096   -0.4910   -0.7689
   -0.6041   -0.4856    0.6319
...    37 G-C ...
  -63.1370  -66.8921   65.6017
   -0.7476    0.3467   -0.5664
    0.0413   -0.8270   -0.5607
   -0.6629   -0.4426    0.6039
...    38 A-T ...
  -65.3018  -68.2462   67.5382
   -0.5738   -0.2227   -0.7881
    0.4765   -0.8735   -0.1001
   -0.6661   -0.4330    0.6074
...    39 C-G ...
  -67.8464  -69.2987   69.2281
   -0.2114   -0.6465   -0.7331
    0.6912   -0.6292    0.3556
   -0.6911   -0.4315    0.5798
...    40 A-T ...
  -70.1873  -70.9533   71.0582
    0.2808   -0.8864   -0.3679
    0.6678   -0.0949    0.7383
   -0.6893   -0.4530    0.5653
...    41 C-G ...
  -72.6714  -72.7288   72.4824
    0.5991   -0.7964    0.0824
    0.4100    0.3936    0.8228
   -0.6877   -0.4592    0.5623
...    42 G-C ...
  -74.8372  -73.8730   74.7235
    0.7513   -0.3711    0.5458
   -0.0262    0.8095    0.5865
   -0.6595   -0.4549    0.5985
...    43 A-T ...
  -77.0941  -75.2807   76.4554
    0.5950    0.1878    0.7815
   -0.4409    0.8892    0.1219
   -0.6720   -0.4171    0.6119
...    44 C-G ...
  -78.9276  -77.2005   78.4100
    0.3091    0.6657    0.6792
   -0.6994    0.6431   -0.3120
   -0.6445   -0.3785    0.6643
...    45 T-A ...
  -80.7797  -78.6251   81.0976
   -0.0888    0.9551    0.2827
   -0.7521    0.1218   -0.6477
   -0.6531   -0.2701    0.7075
...    46 T-A ...
  -82.8540  -79.3421   83.3807
   -0.4260    0.8907   -0.1586
   -0.6027   -0.4101   -0.6845
   -0.6748   -0.1960    0.7115
...    47 A-T ...
  -85.2422  -79.7060   85.6541
   -0.6028    0.5112   -0.6127
   -0.2926   -0.8560   -0.4262
   -0.7423   -0.0776    0.6655
...    48 C-G ...
  -87.7257  -79.1852   87.8254
   -0.6404   -0.0313   -0.7674
    0.0421   -0.9991    0.0056
   -0.7669   -0.0287    0.6411
...    49 T-A ...
  -90.4785  -78.7850   89.7518
   -0.4669   -0.5651   -0.6803
    0.3251   -0.8250    0.4623
   -0.8224   -0.0053    0.5688
...    50 G-C ...
  -93.2222  -79.0306   91.6535
   -0.1401   -0.9482   -0.2850
    0.5147   -0.3156    0.7972
   -0.8459   -0.0350    0.5322
...    51 T-A ...
  -96.1923  -79.2823   92.9151
    0.1464   -0.9615    0.2324
    0.5015    0.2747    0.8204
   -0.8526   -0.0036    0.5225
...    52 A-T ...
  -98.5992  -78.1123   95.4111
    0.3346   -0.4522    0.8268
    0.3086    0.8815    0.3573
   -0.8904    0.1356    0.4345
...    53 G-C ...
 -101.5977  -77.6091   96.6939
    0.5162    0.0904    0.8517
    0.1080    0.9796   -0.1694
   -0.8497    0.1794    0.4959
...    54 G-C ...
 -104.4981  -77.5238   98.7537
    0.5698    0.6169    0.5430
   -0.2052    0.7466   -0.6328
   -0.7958    0.2491    0.5520
...    55 T-A ...
 -106.8805  -76.8974  100.8329
    0.4243    0.9007    0.0929
   -0.4672    0.3057   -0.8296
   -0.7757    0.3086    0.5505
...    56 A-T ...
 -109.1401  -75.6201  103.1324
    0.1986    0.8471   -0.4930
   -0.6610   -0.2557   -0.7055
   -0.7236    0.4660    0.5092
...    57 T-A ...
 -110.9762  -73.7844  105.0644
   -0.1347    0.5591   -0.8181
   -0.6904   -0.6451   -0.3272
   -0.7107    0.5208    0.4729
...    58 C-G ...
 -113.3541  -71.7121  106.5108
   -0.5106   -0.0162   -0.8597
   -0.4797   -0.8244    0.3004
   -0.7136    0.5658    0.4132
...    59 T-A ...
 -115.7891  -69.6682  107.4837
   -0.6622   -0.5027   -0.5557
   -0.1487   -0.6387    0.7550
   -0.7344    0.5826    0.3482
...    60 C-G ...
 -118.3937  -68.1405  108.8163
   -0.6330   -0.7717    0.0610
    0.2527   -0.1316    0.9585
   -0.7317    0.6222    0.2783
...    61 G-C ...
 -120.4453  -66.0126  110.4000
   -0.3734   -0.6671    0.6446
    0.5834    0.3714    0.7223
   -0.7213    0.6457    0.2505
...    62 A-T ...
 -122.4800  -63.5086  111.1955
    0.0814   -0.2657    0.9606
    0.7263    0.6759    0.1254
   -0.6826    0.6875    0.2480
...    63 G-C ...
 -124.7170  -61.1767  111.9131
    0.4911    0.1548    0.8572
    0.5928    0.6617   -0.4591
   -0.6383    0.7336    0.2332
...    64 C-G ...
 -127.1422  -58.9538  112.9290
    0.7782    0.4815    0.4032
    0.2003    0.4181   -0.8860
   -0.5952    0.7703    0.2289
...    65 T-A ...
 -129.1145  -56.4314  113.9238
    0.8258    0.5405   -0.1610
   -0.2481    0.0920   -0.9644
   -0.5064    0.8363    0.2101
...    66 C-G ...
 -130.6935  -53.5535  114.5242
    0.5630    0.4246   -0.7090
   -0.7052   -0.2004   -0.6801
   -0.4309    0.8829    0.1866
...    67 G-C ...
 -132.3724  -50.6439  114.3169
    0.1126    0.1461   -0.9828
   -0.9327   -0.3255   -0.1553
   -0.3426    0.9342    0.0997
...    68 G-C ...
 -133.2040  -47.3357  114.2019
   -0.4203   -0.1364   -0.8970
   -0.8492   -0.2892    0.4419
   -0.3197    0.9475    0.0057
...    69 G-C ...
 -134.3249  -44.1926  113.5597
   -0.8043   -0.3490   -0.4810
   -0.4889   -0.0716    0.8694
   -0.3379    0.9344   -0.1130
...    70 A-T ...
 -135.3327  -41.0315  112.8290
   -0.9482   -0.2683    0.1702
    0.1238    0.1812    0.9756
   -0.2926    0.9461   -0.1386
...    71 T-A ...
 -136.5076  -38.0877  111.8193
   -0.7339   -0.1062    0.6709
    0.6201    0.2983    0.7256
   -0.2772    0.9485   -0.1531
...    72 C-G ...
 -137.6721  -34.9529  111.1013
   -0.1823    0.1591    0.9703
    0.9554    0.2618    0.1366
   -0.2323    0.9519   -0.1997
...    73 C-G ...
 -138.4517  -31.8656  110.1648
    0.3938    0.1767    0.9020
    0.9044    0.1008   -0.4146
   -0.1642    0.9791   -0.1201
...    74 G-C ...
 -138.5262  -28.5974  109.4672
    0.8579    0.0849    0.5068
    0.5111   -0.0391   -0.8586
   -0.0530    0.9956   -0.0769
...    75 C-G ...
 -138.9908  -25.1666  109.5868
    0.9970    0.0011   -0.0779
   -0.0772   -0.1161   -0.9902
   -0.0101    0.9932   -0.1157
...    76 T-A ...
 -138.8134  -21.7131  109.5551
    0.7695   -0.1465   -0.6217
   -0.6354   -0.0772   -0.7683
    0.0646    0.9862   -0.1525
...    77 T-A ...
 -138.2450  -18.5431  109.1235
    0.2568   -0.2023   -0.9450
   -0.9619    0.0409   -0.2702
    0.0933    0.9785   -0.1841
...    78 T-A ...
 -137.8041  -15.4213  108.3712
   -0.3435   -0.1942   -0.9189
   -0.9334    0.1790    0.3111
    0.1040    0.9645   -0.2427
...    79 A-T ...
 -138.0000  -12.1271  107.6363
   -0.8479   -0.0427   -0.5284
   -0.5148    0.3041    0.8016
    0.1264    0.9517   -0.2798
...    80 A-T ...
 -137.5264   -9.1359  106.4805
   -0.9778    0.2037    0.0497
    0.1061    0.2762    0.9552
    0.1809    0.9393   -0.2917
...    81 C-G ...
 -137.1200   -6.0992  104.9284
   -0.7222    0.3834    0.5758
    0.6541    0.1076    0.7487
    0.2251    0.9173   -0.3285
...    82 A-T ...
 -136.3003   -3.0213  103.8567
   -0.1516    0.3620    0.9198
    0.9534   -0.1921    0.2327
    0.2609    0.9122   -0.3160
...    83 C-G ...
 -136.1028    0.2106  102.8008
    0.3867    0.1964    0.9010
    0.8762   -0.3828   -0.2926
    0.2875    0.9027   -0.3202
...    84 T-A ...
 -135.4419    3.6512  102.0427
    0.8023   -0.1289    0.5829
    0.4752   -0.4531   -0.7542
    0.3613    0.8821   -0.3022
...    85 T-A ...
 -134.2728    6.6059  101.3811
    0.9192   -0.3907    0.0499
   -0.0797   -0.3085   -0.9479
    0.3857    0.8673   -0.3147
...    86 T-A ...
 -132.8913    9.3571  100.3843
    0.6766   -0.5710   -0.4649
   -0.5779   -0.0206   -0.8158
    0.4563    0.8207   -0.3439
...    87 A-T ...
 -131.3887   11.9431   98.9254
    0.1639   -0.5718   -0.8039
   -0.8401    0.3463   -0.4176
    0.5172    0.7437   -0.4236
...    88 T-A ...
 -129.1193   13.8691   97.7004
   -0.2906   -0.3797   -0.8783
   -0.7944    0.6074    0.0002
    0.5333    0.6978   -0.4782
...    89 G-C ...
 -127.2739   15.9500   95.8683
   -0.7618    0.0025   -0.6478
   -0.4302    0.7457    0.5088
    0.4844    0.6663   -0.5670
...    90 C-G ...
 -125.7458   17.9156   93.6009
   -0.8739    0.4249   -0.2359
    0.0948    0.6251    0.7747
    0.4767    0.6547   -0.5866
...    91 T-A ...
 -124.5530   20.1230   91.1461
   -0.6391    0.7259    0.2543
    0.6198    0.2902    0.7292
    0.4555    0.6236   -0.6353
...    92 T-A ...
 -123.2704   22.0999   88.9345
   -0.1535    0.7659    0.6244
    0.8725   -0.1917    0.4495
    0.4640    0.6138   -0.6388
...    93 C-G ...
 -121.8832   24.2338   86.6815
    0.4266    0.4798    0.7667
    0.7661   -0.6423   -0.0243
    0.4808    0.5977   -0.6415
...    94 C-G ...
 -120.4554   26.1026   84.3513
    0.7046   -0.0213    0.7093
    0.4008   -0.8130   -0.4224
    0.5856    0.5819   -0.5643
...    95 G-C ...
 -118.5715   27.5889   82.3182
    0.7247   -0.5217    0.4501
   -0.0360   -0.6810   -0.7314
    0.6881    0.5139   -0.5123
...    96 G-C ...
 -116.0585   29.1687   80.8189
    0.5044   -0.8634    0.0122
   -0.4260   -0.2611   -0.8662
    0.7511    0.4317   -0.4995
...    97 C-G ...
 -113.1416   30.2740   79.5921
    0.1319   -0.8837   -0.4491
   -0.6192    0.2804   -0.7335
    0.7741    0.3748   -0.5102
...    98 T-A ...
 -110.4153   31.2705   77.9774
   -0.2750   -0.6147   -0.7393
   -0.5563    0.7289   -0.3991
    0.7842    0.3015   -0.5423
...    99 C-G ...
 -108.0894   31.9614   75.7459
   -0.5873   -0.0919   -0.8041
   -0.2367    0.9696    0.0621
    0.7740    0.2268   -0.5912
...   100 A-T ...
 -105.4037   32.4593   73.7173
   -0.6907    0.4391   -0.5746
    0.1896    0.8767    0.4420
    0.6979    0.1964   -0.6888
...   101 T-A ...
 -103.3471   32.7365   71.1596
   -0.5019    0.8289   -0.2470
    0.5295    0.5203    0.6700
    0.6839    0.2055   -0.7000
...   102 G-C ...
 -101.0823   33.3544   68.6487
   -0.0785    0.9657    0.2473
    0.7235   -0.1155    0.6806
    0.6858    0.2324   -0.6897
...   103 T-A ...
  -99.2137   34.2596   65.9410
    0.3596    0.7343    0.5758
    0.6271   -0.6471    0.4335
    0.6910    0.2052   -0.6932
...   104 T-A ...
  -97.1357   35.0224   63.6060
    0.6630    0.2106    0.7184
    0.2842   -0.9586    0.0188
    0.6926    0.1917   -0.6954
...   105 A-T ...
  -94.7638   35.2307   61.1311
    0.6821   -0.4654    0.5641
   -0.2262   -0.8678   -0.4424
    0.6954    0.1741   -0.6972
...   106 T-A ...
  -92.2474   36.2749   59.3107
    0.4603   -0.8515    0.2512
   -0.5520   -0.4961   -0.6702
    0.6953    0.1698   -0.6984
...   107 A-T ...
  -90.1049   36.7430   56.6882
   -0.0130   -0.9743   -0.2251
   -0.7079    0.1679   -0.6861
    0.7062    0.1504   -0.6918
...   108 A-T ...
  -87.7216   37.0280   54.5617
   -0.4303   -0.6943   -0.5769
   -0.5584    0.7068   -0.4343
    0.7093    0.1353   -0.6918
...   109 C-G ...
  -85.0687   36.8196   52.3750
   -0.6677   -0.1711   -0.7245
   -0.2128    0.9765   -0.0345
    0.7133    0.1311   -0.6885
...   110 G-C ...
  -82.8988   37.5235   50.0027
   -0.6883    0.4546   -0.5653
    0.2644    0.8829    0.3880
    0.6755    0.1176   -0.7279
...   111 G-C ...
  -80.8681   37.8855   47.4093
   -0.4881    0.8499   -0.1985
    0.6180    0.4972    0.6090
    0.6163    0.1746   -0.7679
...   112 A-T ...
  -78.9782   38.3300   44.6474
   -0.0051    0.9750    0.2221
    0.7841   -0.1339    0.6060
    0.6206    0.1772   -0.7639
...   113 T-A ...
  -77.4255   39.1548   41.8479
    0.3998    0.7493    0.5279
    0.6671   -0.6329    0.3929
    0.6285    0.1951   -0.7529
...   114 C-G ...
  -75.2685   39.9025   39.4183
    0.7036    0.1939    0.6836
    0.2888   -0.9570   -0.0257
    0.6493    0.2155   -0.7294
...   115 G-C ...
  -72.9935   40.0692   36.9466
    0.6787   -0.4420    0.5865
   -0.1798   -0.8743   -0.4509
    0.7121    0.2006   -0.6728
...   116 T-A ...
  -70.2070   41.0065   35.3234
    0.4333   -0.8593    0.2719
   -0.5161   -0.4839   -0.7067
    0.7388    0.1659   -0.6531
...   117 A-T ...
  -67.3982   41.4996   33.4364
   -0.0071   -0.9842   -0.1768
   -0.6472    0.1393   -0.7495
    0.7623    0.1091   -0.6380
...   118 T-A ...
  -64.5035   41.5523   31.8668
   -0.3306   -0.7615   -0.5575
   -0.5452    0.6363   -0.5458
    0.7703    0.1235   -0.6255
...   119 A-T ...
  -61.9012   42.2914   29.6751
   -0.5664   -0.1106   -0.8167
   -0.1825    0.9832   -0.0065
    0.8037    0.1454   -0.5771
...   120 A-T ...
  -59.2673   42.4129   27.7585
   -0.5570    0.4862   -0.6733
    0.1747    0.8612    0.4774
    0.8119    0.1483   -0.5646
...   121 T-A ...
  -56.8038   42.4175   25.4810
   -0.3654    0.8743   -0.3195
    0.4373    0.4643    0.7702
    0.8217    0.1417   -0.5520
...   122 G-C ...
  -53.9999   42.9067   23.4615
   -0.0836    0.9602    0.2664
    0.5640   -0.1748    0.8071
    0.8216    0.2177   -0.5269
...   123 T-A ...
  -51.5801   43.7801   21.3940
    0.2012    0.7186    0.6657
    0.5128   -0.6563    0.5535
    0.8346    0.2300   -0.5005
...   124 G-C ...
  -48.7336   44.6196   19.7498
    0.3865    0.1635    0.9077
    0.3203   -0.9467    0.0341
    0.8649    0.2775   -0.4183
...   125 T-A ...
  -46.1088   45.9434   18.5026
    0.4446   -0.3813    0.8106
    0.0848   -0.8829   -0.4618
    0.8917    0.2741   -0.3602
...   126 C-G ...
  -43.1945   46.7547   17.5424
    0.4116   -0.8308    0.3747
   -0.1687   -0.4734   -0.8645
    0.8956    0.2926   -0.3350
...   127 G-C ...
  -40.2926   47.2884   15.8903
    0.1507   -0.9775   -0.1473
   -0.2965    0.0975   -0.9501
    0.9431    0.1868   -0.2751
...   128 A-T ...
  -37.2447   47.8549   15.0620
   -0.0467   -0.7156   -0.6969
   -0.3253    0.6706   -0.6667
    0.9445    0.1956   -0.2641
...   129 C-G ...
  -33.9452   47.8326   14.5973
   -0.2411   -0.2381   -0.9408
   -0.2418    0.9536   -0.1793
    0.9399    0.1842   -0.2875
...   130 C-G ...
  -30.7506   48.0608   13.3964
   -0.4038    0.3175   -0.8580
   -0.0444    0.9299    0.3650
    0.9138    0.1855   -0.3614
...   131 A-T ...
  -27.5700   49.2878   12.9817
   -0.3704    0.8232   -0.4302
    0.1887    0.5202    0.8329
    0.9095    0.2273   -0.3480
...   132 A-T ...
  -24.6195   49.9907   11.7221
   -0.2006    0.9687    0.1460
    0.3634   -0.0648    0.9294
    0.9098    0.2395   -0.3390
...   133 A-T ...
  -21.7901   50.8614   10.2905
    0.0737    0.7447    0.6633
    0.3954   -0.6324    0.6661
    0.9155    0.2132   -0.3411
...   134 T-A ...
  -19.0083   52.0402    8.9385
    0.2450    0.2904    0.9250
    0.3072   -0.9282    0.2101
    0.9196    0.2327   -0.3166
...   135 G-C ...
  -16.4568   53.8980    7.5291
    0.5336   -0.3334    0.7773
    0.0348   -0.9096   -0.4140
    0.8450    0.2479   -0.4738
...   136 T-A ...
  -14.1680   56.5698    6.1949
    0.5795   -0.7269    0.3684
   -0.3140   -0.6163   -0.7222
    0.7521    0.3028   -0.5854
...   137 G-C ...
  -11.6468   58.0147    4.7337
    0.2454   -0.9541   -0.1717
   -0.6318   -0.0231   -0.7748
    0.7352    0.2986   -0.6085
...   138 A-T ...
   -8.6697   58.7289    3.6171
   -0.0344   -0.7815   -0.6230
   -0.6534    0.4892   -0.5777
    0.7562    0.3872   -0.5274
...   139 G-C ...
   -6.3210   59.0879    1.6441
   -0.2967   -0.3277   -0.8970
   -0.5657    0.8170   -0.1114
    0.7694    0.4744   -0.4278
...   140 C-G ...
   -3.4295   60.2437    1.0436
   -0.4424    0.2288   -0.8671
   -0.1682    0.9286    0.3309
    0.8809    0.2922   -0.3723
...   141 G-C ...
   -0.6892   63.9063   -2.2355
   -0.9992    0.0156   -0.0375
   -0.0024    0.8991    0.4378
    0.0405    0.4375   -0.8983
...   142 C-G ...
   -0.9979   65.6137   -4.9248
   -0.8337    0.5217    0.1810
    0.5169    0.6220    0.5881
    0.1942    0.5839   -0.7882
...   143 T-A ...
   -0.1243   66.2250   -7.8041
   -0.3751    0.8568    0.3538
    0.8856    0.2185    0.4098
    0.2739    0.4670   -0.8408
...   144 C-G ...
   -0.1579   67.4197  -10.7921
    0.1799    0.8792    0.4411
    0.9276   -0.3009    0.2214
    0.3274    0.3694   -0.8697
...   145 A-T ...
    0.5354   69.2487  -13.4513
    0.7352    0.4961    0.4620
    0.6117   -0.7791   -0.1369
    0.2921    0.3832   -0.8763
...   146 C-G ...
    1.4422   72.1064  -15.5858
    0.9808    0.0622    0.1849
    0.1266   -0.9240   -0.3608
    0.1484    0.3773   -0.9141
...   147 A-T ...
    2.3151   74.2410  -18.3713
    0.8657   -0.4292   -0.2574
   -0.4984   -0.7868   -0.3642
   -0.0462    0.4436   -0.8950
