  147 base-pairs
...     1 A-T ...
    0.0000    0.0000    0.0000
    1.0000    0.0000    0.0000
    0.0000    1.0000    0.0000
    0.0000    0.0000    1.0000
...     2 G-C ...
   -0.1394   -1.2357    3.2268
    0.7529    0.6366    0.1670
   -0.6386    0.7680   -0.0486
   -0.1592   -0.0700    0.9848
...     3 T-A ...
   -0.0365   -3.2932    6.3751
    0.2722    0.9301    0.2466
   -0.9238    0.3243   -0.2033
   -0.2691   -0.1725    0.9475
...     4 G-C ...
   -0.3505   -4.1660    9.4928
   -0.3756    0.9250    0.0579
   -0.8781   -0.3352   -0.3415
   -0.2965   -0.1791    0.9381
...     5 A-T ...
   -0.4462   -4.1476   12.7498
   -0.8116    0.5840   -0.0165
   -0.5523   -0.7762   -0.3042
   -0.1905   -0.2378    0.9524
...     6 G-C ...
   -1.5908   -4.1730   15.6201
   -0.9976    0.0246   -0.0651
   -0.0043   -0.9555   -0.2950
   -0.0695   -0.2940    0.9533
...     7 C-G ...
   -1.1030   -4.4824   18.7362
   -0.8441   -0.5304   -0.0787
    0.5345   -0.8441   -0.0432
   -0.0435   -0.0785    0.9960
...     8 G-C ...
   -2.4028   -7.7290   23.1475
   -0.2754   -0.3293   -0.9032
    0.6650   -0.7437    0.0684
   -0.6942   -0.5818    0.4238
...     9 C-G ...
   -4.4690   -9.9728   24.1132
    0.1145   -0.7025   -0.7024
    0.8512   -0.2952    0.4340
   -0.5122   -0.6476    0.5642
...    10 T-A ...
   -6.7405  -10.8752   25.9697
    0.4841   -0.8363   -0.2574
    0.6595    0.1553    0.7355
   -0.5751   -0.5258    0.6267
...    11 C-G ...
   -9.1656  -12.6208   27.1640
    0.7073   -0.6682    0.2307
    0.3448    0.6110    0.7126
   -0.6171   -0.4245    0.6626
...    12 A-T ...
  -10.9234  -14.6633   29.0693
    0.7515   -0.1377    0.6452
   -0.2029    0.8824    0.4246
   -0.6277   -0.4500    0.6352
...    13 C-G ...
  -11.8476  -17.4863   31.2451
    0.4295    0.2823    0.8578
   -0.5708    0.8209    0.0156
   -0.6998   -0.4963    0.5137
...    14 A-T ...
  -13.5897  -19.7827   33.4259
   -0.1504    0.6104    0.7777
   -0.6874    0.5008   -0.5260
   -0.7106   -0.6136    0.3443
...    15 A-T ...
  -15.7358  -21.8869   34.6883
   -0.5430    0.7769    0.3188
   -0.4516    0.0499   -0.8908
   -0.7080   -0.6276    0.3238
...    16 T-A ...
  -17.8209  -23.8272   36.3582
   -0.6984    0.6890   -0.1938
   -0.0967   -0.3591   -0.9283
   -0.7092   -0.6295    0.3174
...    17 T-A ...
  -20.1335  -25.7661   37.5645
   -0.6162    0.3497   -0.7057
    0.3366   -0.6931   -0.6374
   -0.7120   -0.6303    0.3094
...    18 T-A ...
  -22.5555  -27.6451   38.6410
   -0.2942   -0.1192   -0.9483
    0.6331   -0.7676   -0.1000
   -0.7159   -0.6298    0.3013
...    19 A-T ...
  -24.7397  -30.0430   39.6278
    0.1978   -0.5641   -0.8017
    0.6620   -0.5263    0.5337
   -0.7229   -0.6362    0.2693
...    20 T-A ...
  -27.4698  -31.8731   39.9796
    0.5122   -0.7581   -0.4036
    0.4579   -0.1566    0.8751
   -0.7267   -0.6330    0.2669
...    21 T-A ...
  -29.9228  -33.9342   40.5859
    0.6681   -0.7165    0.2004
    0.0649    0.3244    0.9437
   -0.7412   -0.6175    0.2632
...    22 C-G ...
  -32.3200  -36.0753   41.3840
    0.5773   -0.3604    0.7327
   -0.3629    0.6906    0.6256
   -0.7315   -0.6270    0.2679
...    23 G-C ...
  -34.9568  -37.8893   42.5090
    0.3175    0.1678    0.9333
   -0.6442    0.7604    0.0825
   -0.6959   -0.6274    0.3495
...    24 C-G ...
  -36.9720  -40.2685   43.7316
   -0.0731    0.5933    0.8016
   -0.7106    0.5330   -0.4593
   -0.6998   -0.6032    0.3826
...    25 A-T ...
  -39.5063  -42.1800   44.8381
   -0.4114    0.8482    0.3336
   -0.5407    0.0675   -0.8385
   -0.7337   -0.5254    0.4308
...    26 A-T ...
  -41.8092  -43.8293   46.4261
   -0.6420    0.7328   -0.2256
   -0.1977   -0.4425   -0.8747
   -0.7408   -0.5170    0.4290
...    27 A-T ...
  -44.2377  -45.3398   47.9627
   -0.6285    0.3401   -0.6995
    0.2100   -0.7917   -0.5736
   -0.7490   -0.5074    0.4261
...    28 G-C ...
  -46.9027  -46.7510   49.3807
   -0.3616   -0.1201   -0.9246
    0.5022   -0.8606   -0.0846
   -0.7855   -0.4949    0.3715
...    29 G-C ...
  -49.7803  -48.2686   50.3397
    0.0411   -0.5512   -0.8334
    0.5869   -0.6617    0.4666
   -0.8086   -0.5083    0.2963
...    30 C-G ...
  -52.6820  -49.8462   50.9241
    0.3884   -0.8155   -0.4290
    0.4437   -0.2425    0.8627
   -0.8076   -0.5254    0.2676
...    31 C-G ...
  -55.4276  -51.7695   51.5139
    0.6172   -0.7769    0.1244
    0.1250    0.2529    0.9594
   -0.7768   -0.5765    0.2532
...    32 G-C ...
  -58.0257  -53.5600   52.7577
    0.6357   -0.4301    0.6410
   -0.2686    0.6552    0.7061
   -0.7237   -0.6210    0.3010
...    33 G-C ...
  -60.3725  -55.8645   53.6286
    0.4282    0.0646    0.9014
   -0.5801    0.7845    0.2193
   -0.6930   -0.6168    0.3734
...    34 C-G ...
  -62.3848  -58.2327   54.8550
    0.0668    0.5256    0.8481
   -0.7176    0.6159   -0.3252
   -0.6932   -0.5869    0.4183
...    35 C-G ...
  -64.5224  -60.3096   56.4637
   -0.2708    0.8364    0.4766
   -0.6438    0.2107   -0.7356
   -0.7157   -0.5060    0.4815
...    36 C-G ...
  -66.8332  -61.8763   58.3622
   -0.5060    0.8601   -0.0646
   -0.4072   -0.3042   -0.8612
   -0.7604   -0.4095    0.5041
...    37 G-C ...
  -69.6563  -63.2118   59.6822
   -0.5496    0.5752   -0.6059
   -0.0935   -0.7631   -0.6395
   -0.8302   -0.2948    0.4731
...    38 A-T ...
  -72.4862  -64.0366   61.1644
   -0.4692    0.0033   -0.8831
    0.2307   -0.9648   -0.1262
   -0.8524   -0.2630    0.4520
...    39 C-G ...
  -75.5518  -64.3021   62.4754
   -0.2580   -0.5191   -0.8148
    0.4272   -0.8178    0.3857
   -0.8666   -0.2485    0.4328
...    40 A-T ...
  -78.3059  -65.4239   64.0186
    0.0931   -0.8963   -0.4335
    0.4682   -0.3448    0.8135
   -0.8787   -0.2787    0.3876
...    41 C-G ...
  -81.4822  -66.3246   64.7036
    0.3322   -0.9392    0.0866
    0.3377    0.2042    0.9188
   -0.8807   -0.2759    0.3850
...    42 G-C ...
  -84.3380  -67.0270   66.3890
    0.5284   -0.6159    0.5843
    0.0815    0.7218    0.6873
   -0.8451   -0.3155    0.4316
...    43 A-T ...
  -87.1869  -68.0846   67.6868
    0.4911   -0.0421    0.8701
   -0.2387    0.9541    0.1808
   -0.8378   -0.2965    0.4585
...    44 C-G ...
  -89.7095  -69.6278   69.1965
    0.3196    0.4905    0.8107
   -0.4603    0.8282   -0.3197
   -0.8282   -0.2710    0.4905
...    45 T-A ...
  -92.2722  -70.6467   71.0518
    0.0956    0.8825    0.4605
   -0.5713    0.4275   -0.7006
   -0.8151   -0.1961    0.5451
...    46 T-A ...
  -94.8018  -71.2628   72.9698
   -0.2110    0.9761   -0.0517
   -0.5322   -0.1591   -0.8315
   -0.8199   -0.1479    0.5531
...    47 A-T ...
  -97.6598  -71.5902   74.6939
   -0.4015    0.6961   -0.5952
   -0.3444   -0.7170   -0.6061
   -0.8486   -0.0384    0.5276
...    48 C-G ...
 -100.3196  -71.0660   76.6062
   -0.4971    0.2009   -0.8441
   -0.1060   -0.9796   -0.1707
   -0.8612    0.0046    0.5083
...    49 T-A ...
 -103.2831  -70.7005   78.0951
   -0.4424   -0.3767   -0.8139
    0.1386   -0.9253    0.3529
   -0.8860    0.0433    0.4616
...    50 G-C ...
 -106.2245  -70.9766   79.6840
   -0.2395   -0.8669   -0.4372
    0.3437   -0.4968    0.7969
   -0.9080    0.0405    0.4170
...    51 T-A ...
 -109.4990  -70.7090   80.4913
   -0.0211   -0.9963    0.0834
    0.4225    0.0668    0.9039
   -0.9061    0.0543    0.4195
...    52 A-T ...
 -112.2762  -69.9734   82.4467
    0.1912   -0.6575    0.7288
    0.3721    0.7356    0.5661
   -0.9083    0.1629    0.3853
...    53 G-C ...
 -115.3942  -69.6483   83.6268
    0.4129   -0.1432    0.8995
    0.2289    0.9722    0.0497
   -0.8815    0.1854    0.4342
...    54 G-C ...
 -118.4716  -69.2344   85.0117
    0.5572    0.4083    0.7231
   -0.0239    0.8783   -0.4775
   -0.8301    0.2487    0.4991
...    55 T-A ...
 -121.0350  -68.8423   87.0545
    0.5102    0.7969    0.3235
   -0.3120    0.5221   -0.7938
   -0.8015    0.3041    0.5150
...    56 A-T ...
 -123.5841  -67.6381   88.8617
    0.3608    0.8908   -0.2763
   -0.5819   -0.0166   -0.8131
   -0.7289    0.4541    0.5124
...    57 T-A ...
 -125.4625  -65.9586   90.9362
    0.0427    0.7392   -0.6721
   -0.6983   -0.4590   -0.5492
   -0.7145    0.4928    0.4967
...    58 C-G ...
 -127.7614  -64.1153   92.3733
   -0.3511    0.2947   -0.8888
   -0.6232   -0.7820   -0.0131
   -0.6988    0.5493    0.4582
...    59 T-A ...
 -129.9855  -61.9633   93.6102
   -0.6093   -0.2100   -0.7646
   -0.3724   -0.7756    0.5097
   -0.7001    0.5953    0.3943
...    60 C-G ...
 -132.4083  -59.9739   94.6940
   -0.7228   -0.6321   -0.2791
    0.0613   -0.4609    0.8853
   -0.6883    0.6229    0.3719
...    61 G-C ...
 -134.6825  -58.1070   96.3870
   -0.5273   -0.7923    0.3069
    0.4658    0.0325    0.8843
   -0.7106    0.6093    0.3519
...    62 A-T ...
 -137.0485  -55.9977   97.4043
   -0.1356   -0.5858    0.7990
    0.7111    0.5040    0.4902
   -0.6898    0.6347    0.3482
...    63 T-A ...
 -139.7808  -54.3240   98.3009
    0.2464   -0.2131    0.9454
    0.6929    0.7208   -0.0181
   -0.6777    0.6595    0.3253
...    64 C-G ...
 -142.1095  -52.1597   99.2492
    0.6474    0.2439    0.7220
    0.4190    0.6775   -0.6046
   -0.6366    0.6939    0.3364
...    65 A-T ...
 -144.1985  -49.6800  100.1809
    0.8525    0.4898    0.1826
   -0.0400    0.4094   -0.9115
   -0.5212    0.7697    0.3686
...    66 T-A ...
 -145.6470  -47.3536  101.9472
    0.7379    0.5917   -0.3246
   -0.4714    0.1077   -0.8753
   -0.4830    0.7989    0.3584
...    67 G-C ...
 -147.1106  -44.4496  102.8504
    0.4021    0.4167   -0.8153
   -0.8350   -0.1984   -0.5132
   -0.3756    0.8871    0.2682
...    68 T-A ...
 -147.6874  -41.3258  103.7013
   -0.0900    0.1985   -0.9760
   -0.9341   -0.3567    0.0136
   -0.3454    0.9129    0.2175
...    69 T-A ...
 -148.5816  -38.2523  104.2647
   -0.6269   -0.0405   -0.7780
   -0.7115   -0.3769    0.5930
   -0.3172    0.9254    0.2075
...    70 A-T ...
 -149.9201  -35.3137  105.4811
   -0.9688   -0.2008   -0.1454
   -0.0950   -0.2407    0.9659
   -0.2290    0.9496    0.2141
...    71 T-A ...
 -150.7248  -32.0691  105.4705
   -0.8810   -0.2473    0.4033
    0.4375   -0.1020    0.8934
   -0.1798    0.9636    0.1981
...    72 A-T ...
 -150.4110  -28.7355  106.5404
   -0.3254   -0.1031    0.9399
    0.9434    0.0314    0.3300
   -0.0635    0.9942    0.0871
...    73 A-T ...
 -150.8627  -25.4998  106.6818
    0.3060   -0.0164    0.9519
    0.9514    0.0418   -0.3052
   -0.0348    0.9990    0.0284
...    74 C-G ...
 -151.4868  -22.2507  107.0352
    0.7751   -0.0233    0.6314
    0.6318    0.0211   -0.7748
    0.0048    0.9995    0.0311
...    75 G-C ...
 -151.3453  -18.8727  106.6907
    0.9831   -0.1673    0.0741
    0.0766    0.0087   -0.9970
    0.1662    0.9859    0.0214
...    76 G-C ...
 -150.6112  -15.6036  106.9898
    0.8329   -0.2668   -0.4848
   -0.4721    0.1146   -0.8741
    0.2888    0.9569   -0.0305
...    77 A-T ...
 -149.4863  -12.5418  106.8077
    0.3692   -0.2251   -0.9017
   -0.8608    0.2830   -0.4231
    0.3504    0.9323   -0.0893
...    78 G-C ...
 -147.9703   -9.6255  106.3438
   -0.1856   -0.1203   -0.9752
   -0.9048    0.4080    0.1219
    0.3833    0.9050   -0.1846
...    79 C-G ...
 -146.4146   -6.8808  105.2388
   -0.6748    0.0949   -0.7319
   -0.6237    0.4569    0.6342
    0.3946    0.8845   -0.2491
...    80 T-A ...
 -145.0737   -4.0805  103.9897
   -0.9170    0.3115   -0.2491
   -0.1213    0.3771    0.9182
    0.3799    0.8722   -0.3080
...    81 C-G ...
 -143.9195   -1.1906  102.8252
   -0.7861    0.4981    0.3659
    0.4785    0.1159    0.8704
    0.3912    0.8593   -0.3294
...    82 G-C ...
 -142.2472    1.6642  102.0797
   -0.3539    0.4386    0.8261
    0.8559   -0.2042    0.4751
    0.3771    0.8752   -0.3031
...    83 G-C ...
 -141.1027    4.6225  100.8462
    0.1831    0.1967    0.9632
    0.8942   -0.4405   -0.0800
    0.4086    0.8759   -0.2565
...    84 G-C ...
 -139.9159    7.6440   99.8563
    0.6229   -0.1571    0.7664
    0.6193   -0.4995   -0.6058
    0.4780    0.8519   -0.2138
...    85 A-T ...
 -138.4234   10.4709   99.1143
    0.8409   -0.4724    0.2640
    0.1147   -0.3212   -0.9400
    0.5289    0.8208   -0.2159
...    86 T-A ...
 -136.6119   13.1933   99.0487
    0.7628   -0.5987   -0.2444
   -0.3302   -0.0357   -0.9432
    0.5560    0.8002   -0.2249
...    87 C-G ...
 -134.6524   15.7003   98.2930
    0.3786   -0.5594   -0.7374
   -0.7021    0.3455   -0.6226
    0.6030    0.7535   -0.2619
...    88 C-G ...
 -132.2946   17.8753   97.2262
   -0.1364   -0.3492   -0.9271
   -0.7566    0.6408   -0.1301
    0.6395    0.6837   -0.3516
...    89 G-C ...
 -130.4752   20.2681   95.6495
   -0.6109    0.0144   -0.7916
   -0.4842    0.7843    0.3879
    0.6264    0.6202   -0.4721
...    90 C-G ...
 -128.4141   22.0060   93.6501
   -0.7925    0.4410   -0.4213
   -0.0291    0.6627    0.7483
    0.6092    0.6053   -0.5123
...    91 T-A ...
 -126.5359   23.8909   91.6072
   -0.6855    0.7237    0.0797
    0.4386    0.3231    0.8386
    0.5811    0.6097   -0.5390
...    92 T-A ...
 -124.7688   25.7522   89.5763
   -0.2493    0.8050    0.5383
    0.7536   -0.1879    0.6300
    0.6083    0.5627   -0.5598
...    93 T-A ...
 -122.9986   27.6024   87.5433
    0.2806    0.5539    0.7839
    0.7373   -0.6473    0.1934
    0.6145    0.5237   -0.5900
...    94 A-T ...
 -120.6318   28.8085   85.3679
    0.7153   -0.0079    0.6988
    0.3413   -0.8686   -0.3592
    0.6098    0.4954   -0.6186
...    95 A-T ...
 -118.6832   30.5789   83.4601
    0.7756   -0.5224    0.3543
   -0.1559   -0.7024   -0.6945
    0.6117    0.4834   -0.6262
...    96 C-G ...
 -116.4355   32.4437   81.8974
    0.5408   -0.8396   -0.0514
   -0.5467   -0.3043   -0.7800
    0.6393    0.4500   -0.6236
...    97 A-T ...
 -114.3860   33.7930   79.5895
    0.0404   -0.9029   -0.4280
   -0.7363    0.2627   -0.6236
    0.6755    0.3403   -0.6541
...    98 C-G ...
 -111.7312   34.4839   77.7152
   -0.3899   -0.6291   -0.6725
   -0.6257    0.7168   -0.3077
    0.6756    0.3008   -0.6731
...    99 T-A ...
 -109.4194   35.0923   75.3798
   -0.7092   -0.1440   -0.6902
   -0.2780    0.9567    0.0860
    0.6479    0.2528   -0.7185
...   100 T-A ...
 -107.2910   35.6457   72.9728
   -0.7229    0.4574   -0.5179
    0.2013    0.8565    0.4753
    0.6610    0.2393   -0.7112
...   101 T-A ...
 -105.2245   36.1893   70.5038
   -0.4379    0.8857   -0.1545
    0.5916    0.4132    0.6922
    0.6769    0.2117   -0.7049
...   102 A-T ...
 -102.5108   36.8333   68.5025
    0.1050    0.9424    0.3174
    0.7207   -0.2921    0.6287
    0.6852    0.1628   -0.7099
...   103 T-A ...
 -100.7541   37.6835   65.8199
    0.4799    0.6493    0.5900
    0.5516   -0.7463    0.3726
    0.6822    0.1466   -0.7163
...   104 G-C ...
  -98.2855   37.9033   63.5508
    0.6609    0.0584    0.7482
    0.1612   -0.9847   -0.0655
    0.7329    0.1639   -0.6603
...   105 C-G ...
  -95.8388   38.8399   61.4764
    0.6027   -0.5148    0.6097
   -0.2401   -0.8456   -0.4768
    0.7610    0.1410   -0.6332
...   106 T-A ...
  -93.1275   39.3963   59.6180
    0.3188   -0.9033    0.2872
   -0.5180   -0.4198   -0.7453
    0.7937    0.0889   -0.6017
...   107 T-A ...
  -90.4248   39.6968   57.8397
   -0.0536   -0.9784   -0.1998
   -0.6049    0.1910   -0.7730
    0.7945    0.0794   -0.6021
...   108 C-G ...
  -87.7851   39.7947   55.8658
   -0.4353   -0.6645   -0.6074
   -0.4333    0.7460   -0.5057
    0.7892    0.0431   -0.6126
...   109 C-G ...
  -85.1651   39.5421   53.7167
   -0.6605   -0.1274   -0.7400
   -0.0818    0.9918   -0.0978
    0.7464   -0.0041   -0.6655
...   110 G-C ...
  -82.7527   39.9125   51.3548
   -0.6470    0.4769   -0.5950
    0.3492    0.8790    0.3248
    0.6778    0.0024   -0.7352
...   111 G-C ...
  -80.6750   39.7768   48.6607
   -0.3797    0.8899   -0.2529
    0.6684    0.4529    0.5901
    0.6396    0.0550   -0.7667
...   112 C-G ...
  -78.8782   39.9029   45.8314
    0.0424    0.9871    0.1546
    0.7698   -0.1309    0.6248
    0.6369    0.0926   -0.7654
...   113 T-A ...
  -76.9668   40.4122   43.1349
    0.4263    0.7426    0.5165
    0.6280   -0.6540    0.4218
    0.6510    0.1446   -0.7452
...   114 C-G ...
  -74.8343   40.9620   40.6731
    0.6987    0.1859    0.6909
    0.2420   -0.9701    0.0162
    0.6732    0.1559   -0.7228
...   115 G-C ...
  -72.4330   41.0574   38.2685
    0.6314   -0.4289    0.6460
   -0.1859   -0.8925   -0.4109
    0.7528    0.1393   -0.6433
...   116 T-A ...
  -69.7078   41.9182   36.5672
    0.4057   -0.8489    0.3387
   -0.4923   -0.5152   -0.7015
    0.7701    0.1178   -0.6270
...   117 A-T ...
  -67.3653   42.1679   34.1070
   -0.0151   -0.9806   -0.1955
   -0.6294    0.1612   -0.7602
    0.7769    0.1116   -0.6196
...   118 T-A ...
  -64.4393   42.2272   32.5618
   -0.3357   -0.7493   -0.5709
   -0.5265    0.6518   -0.5458
    0.7811    0.1173   -0.6133
...   119 A-T ...
  -61.9825   43.0609   30.3338
   -0.5767   -0.1251   -0.8074
   -0.1762    0.9840   -0.0266
    0.7978    0.1269   -0.5895
...   120 A-T ...
  -59.3746   43.2045   28.3750
   -0.5451    0.4899   -0.6804
    0.1929    0.8630    0.4668
    0.8159    0.1233   -0.5649
...   121 T-A ...
  -56.9427   43.1085   26.1236
   -0.3540    0.8714   -0.3396
    0.4440    0.4762    0.7590
    0.8232    0.1179   -0.5554
...   122 G-C ...
  -54.0855   43.6670   24.4469
   -0.0927    0.9694    0.2273
    0.5785   -0.1333    0.8047
    0.8104    0.2061   -0.5485
...   123 T-A ...
  -51.7965   44.6049   22.2162
    0.2048    0.7348    0.6466
    0.5343   -0.6375    0.5551
    0.8201    0.2318   -0.5232
...   124 G-C ...
  -48.8790   45.2865   20.6863
    0.3867    0.1918    0.9020
    0.3359   -0.9402    0.0559
    0.8588    0.2814   -0.4280
...   125 T-A ...
  -46.1856   46.7920   19.4857
    0.4699   -0.3571    0.8073
    0.0847   -0.8921   -0.4439
    0.8787    0.2770   -0.3889
...   126 C-G ...
  -43.2229   47.6757   18.3573
    0.3936   -0.8334    0.3880
   -0.1924   -0.4874   -0.8517
    0.8989    0.2605   -0.3522
...   127 G-C ...
  -40.2064   48.1551   16.8608
    0.1273   -0.9799   -0.1539
   -0.3268    0.1050   -0.9393
    0.9365    0.1699   -0.3068
...   128 A-T ...
  -37.0615   48.5800   15.8982
   -0.1060   -0.7086   -0.6976
   -0.3172    0.6890   -0.6517
    0.9424    0.1521   -0.2978
...   129 C-G ...
  -33.7803   48.4875   15.1515
   -0.2643   -0.2130   -0.9406
   -0.1980    0.9665   -0.1632
    0.9439    0.1431   -0.2976
...   130 C-G ...
  -30.5762   48.6977   14.0118
   -0.3787    0.3716   -0.8476
   -0.0003    0.9158    0.4016
    0.9255    0.1524   -0.3467
...   131 A-T ...
  -27.4413   49.4264   13.0625
   -0.3665    0.8365   -0.4074
    0.2274    0.5051    0.8325
    0.9022    0.2124   -0.3754
...   132 A-T ...
  -24.5747   50.0286   11.6411
   -0.1602    0.9738    0.1617
    0.3829   -0.0897    0.9194
    0.9098    0.2092   -0.3585
...   133 A-T ...
  -21.7100   50.7843   10.3133
    0.0741    0.7329    0.6763
    0.3987   -0.6434    0.6535
    0.9141    0.2212   -0.3399
...   134 T-A ...
  -19.0085   52.0403    8.9384
    0.2450    0.2904    0.9250
    0.3072   -0.9282    0.2101
    0.9196    0.2327   -0.3167
...   135 G-C ...
  -16.4571   53.8981    7.5290
    0.5336   -0.3334    0.7773
    0.0348   -0.9096   -0.4140
    0.8450    0.2479   -0.4738
...   136 T-A ...
  -14.1682   56.5699    6.1948
    0.5795   -0.7269    0.3684
   -0.3140   -0.6163   -0.7222
    0.7521    0.3028   -0.5854
...   137 G-C ...
  -11.6470   58.0147    4.7336
    0.2454   -0.9541   -0.1717
   -0.6318   -0.0231   -0.7748
    0.7352    0.2986   -0.6085
...   138 A-T ...
   -8.6700   58.7290    3.6170
   -0.0344   -0.7815   -0.6230
   -0.6534    0.4892   -0.5777
    0.7562    0.3872   -0.5274
...   139 G-C ...
   -6.3213   59.0880    1.6440
   -0.2967   -0.3277   -0.8970
   -0.5657    0.8170   -0.1114
    0.7694    0.4744   -0.4278
...   140 C-G ...
   -3.4298   60.2438    1.0435
   -0.4424    0.2288   -0.8671
   -0.1682    0.9286    0.3309
    0.8809    0.2922   -0.3723
...   141 G-C ...
   -0.6895   63.9064   -2.2356
   -0.9992    0.0156   -0.0375
   -0.0024    0.8991    0.4378
    0.0405    0.4375   -0.8983
...   142 C-G ...
   -0.9981   65.6138   -4.9249
   -0.8337    0.5217    0.1810
    0.5169    0.6220    0.5881
    0.1942    0.5839   -0.7882
...   143 T-A ...
   -0.1246   66.2251   -7.8042
   -0.3751    0.8568    0.3538
    0.8856    0.2185    0.4098
    0.2739    0.4670   -0.8408
...   144 C-G ...
   -0.1582   67.4198  -10.7922
    0.1799    0.8792    0.4411
    0.9276   -0.3009    0.2214
    0.3274    0.3694   -0.8697
...   145 A-T ...
    0.5351   69.2488  -13.4514
    0.7352    0.4961    0.4620
    0.6117   -0.7791   -0.1369
    0.2921    0.3832   -0.8763
...   146 C-G ...
    1.4419   72.1065  -15.5859
    0.9808    0.0622    0.1849
    0.1266   -0.9240   -0.3608
    0.1484    0.3773   -0.9141
...   147 A-T ...
    2.3148   74.2411  -18.3714
    0.8657   -0.4292   -0.2574
   -0.4984   -0.7868   -0.3642
   -0.0462    0.4436   -0.8950
