  147 base-pairs
...     1 A-T ...
    0.0000    0.0000    0.0000
    1.0000    0.0000    0.0000
    0.0000    1.0000    0.0000
    0.0000    0.0000    1.0000
...     2 G-C ...
   -0.1394   -1.2357    3.2268
    0.7529    0.6366    0.1670
   -0.6386    0.7680   -0.0486
   -0.1592   -0.0700    0.9848
...     3 T-A ...
   -0.0365   -3.2932    6.3751
    0.2722    0.9301    0.2466
   -0.9238    0.3243   -0.2033
   -0.2691   -0.1725    0.9475
...     4 G-C ...
   -0.3505   -4.1660    9.4928
   -0.3756    0.9250    0.0579
   -0.8781   -0.3352   -0.3415
   -0.2965   -0.1791    0.9381
...     5 A-T ...
   -0.4462   -4.1476   12.7498
   -0.8116    0.5840   -0.0165
   -0.5523   -0.7762   -0.3042
   -0.1905   -0.2378    0.9524
...     6 G-C ...
   -1.5908   -4.1730   15.6201
   -0.9976    0.0246   -0.0651
   -0.0043   -0.9555   -0.2950
   -0.0695   -0.2940    0.9533
...     7 C-G ...
   -1.1030   -4.4824   18.7362
   -0.8441   -0.5304   -0.0787
    0.5345   -0.8441   -0.0432
   -0.0435   -0.0785    0.9960
...     8 G-C ...
   -2.4028   -7.7290   23.1475
   -0.2754   -0.3293   -0.9032
    0.6650   -0.7437    0.0684
   -0.6942   -0.5818    0.4238
...     9 C-G ...
   -4.4690   -9.9728   24.1132
    0.1145   -0.7025   -0.7024
    0.8512   -0.2952    0.4340
   -0.5122   -0.6476    0.5642
...    10 T-A ...
   -6.7405  -10.8752   25.9697
    0.4841   -0.8363   -0.2574
    0.6595    0.1553    0.7355
   -0.5751   -0.5258    0.6267
...    11 C-G ...
   -9.1656  -12.6208   27.1640
    0.7073   -0.6682    0.2307
    0.3448    0.6110    0.7126
   -0.6171   -0.4245    0.6626
...    12 A-T ...
  -10.9234  -14.6633   29.0693
    0.7515   -0.1377    0.6452
   -0.2029    0.8824    0.4246
   -0.6277   -0.4500    0.6352
...    13 C-G ...
  -11.8476  -17.4863   31.2451
    0.4295    0.2823    0.8578
   -0.5708    0.8209    0.0156
   -0.6998   -0.4963    0.5137
...    14 A-T ...
  -13.5897  -19.7827   33.4259
   -0.1504    0.6104    0.7777
   -0.6874    0.5008   -0.5260
   -0.7106   -0.6136    0.3443
...    15 A-T ...
  -15.7387  -21.8922   34.6864
   -0.5531    0.7725    0.3119
   -0.4475    0.0403   -0.8934
   -0.7028   -0.6337    0.3234
...    16 T-A ...
  -17.8097  -23.8578   36.3613
   -0.7116    0.6717   -0.2060
   -0.0820   -0.3706   -0.9252
   -0.6978   -0.6414    0.3188
...    17 T-A ...
  -20.0793  -25.8489   37.5841
   -0.6242    0.3103   -0.7170
    0.3667   -0.6941   -0.6195
   -0.6899   -0.6496    0.3195
...    18 T-A ...
  -22.4276  -27.8032   38.7108
   -0.2840   -0.1701   -0.9436
    0.6700   -0.7392   -0.0684
   -0.6859   -0.6516    0.3239
...    19 A-T ...
  -24.3889  -30.3461   39.8978
    0.2309   -0.6171   -0.7522
    0.6881   -0.4430    0.5747
   -0.6879   -0.6503    0.3223
...    20 T-A ...
  -27.0185  -32.2894   40.4149
    0.5559   -0.7617   -0.3330
    0.4618   -0.0501    0.8856
   -0.6912   -0.6460    0.3238
...    21 T-A ...
  -29.3525  -34.4183   41.2303
    0.7087   -0.6513    0.2712
    0.0385    0.4196    0.9069
   -0.7045   -0.6322    0.3225
...    22 C-G ...
  -31.6382  -36.5998   42.2431
    0.5932   -0.2416    0.7679
   -0.4114    0.7289    0.5472
   -0.6920   -0.6405    0.3330
...    23 G-C ...
  -34.1675  -38.4611   43.5691
    0.2975    0.2968    0.9074
   -0.6962    0.7178   -0.0065
   -0.6532   -0.6298    0.4202
...    24 C-G ...
  -36.0170  -40.8163   45.0834
   -0.1250    0.6795    0.7229
   -0.7442    0.4176   -0.5213
   -0.6562   -0.6032    0.4535
...    25 A-T ...
  -38.4427  -42.7490   46.4088
   -0.4857    0.8463    0.2190
   -0.5335   -0.0885   -0.8411
   -0.6924   -0.5253    0.4945
...    26 A-T ...
  -40.6235  -44.3734   48.1919
   -0.7052    0.6294   -0.3263
   -0.1418   -0.5762   -0.8049
   -0.6946   -0.5214    0.4956
...    27 A-T ...
  -42.9167  -45.8927   49.9288
   -0.6525    0.1604   -0.7406
    0.3021   -0.8412   -0.4484
   -0.6950   -0.5163    0.5004
...    28 G-C ...
  -45.4312  -47.3726   51.5677
   -0.3345   -0.3139   -0.8886
    0.6004   -0.7977    0.0558
   -0.7263   -0.5149    0.4553
...    29 G-C ...
  -48.1016  -49.0464   52.8429
    0.1166   -0.6850   -0.7192
    0.6601   -0.4876    0.5714
   -0.7421   -0.5413    0.3953
...    30 C-G ...
  -50.8054  -50.8173   53.7890
    0.4923   -0.8280   -0.2685
    0.4644   -0.0110    0.8856
   -0.7362   -0.5607    0.3791
...    31 C-G ...
  -53.3271  -52.8704   54.8166
    0.7128   -0.6478    0.2688
    0.0861    0.4612    0.8831
   -0.6960   -0.6064    0.3845
...    32 G-C ...
  -55.7195  -54.6599   56.4543
    0.6882   -0.1903    0.7001
   -0.3532    0.7550    0.5524
   -0.6337   -0.6275    0.4524
...    33 G-C ...
  -57.7509  -56.9869   57.8850
    0.4192    0.3284    0.8464
   -0.6812    0.7301    0.0541
   -0.6002   -0.5993    0.5298
...    34 C-G ...
  -59.3995  -59.2467   59.7138
   -0.0017    0.7176    0.6965
   -0.7995    0.4174   -0.4320
   -0.6007   -0.5575    0.5730
...    35 C-G ...
  -61.2320  -61.0977   61.8757
   -0.3860    0.8824    0.2689
   -0.6760   -0.0722   -0.7334
   -0.6278   -0.4649    0.6243
...    36 C-G ...
  -63.3121  -62.3952   64.1994
   -0.6356    0.7289   -0.2542
   -0.3683   -0.5758   -0.7300
   -0.6785   -0.3704    0.6344
...    37 G-C ...
  -65.9154  -63.7284   65.9521
   -0.6546    0.2904   -0.6980
    0.0195   -0.9165   -0.3995
   -0.7558   -0.2751    0.5943
...    38 A-T ...
  -68.5406  -64.5353   67.8109
   -0.4925   -0.3338   -0.8038
    0.3940   -0.9090    0.1361
   -0.7760   -0.2497    0.5792
...    39 C-G ...
  -71.4763  -64.8843   69.4213
   -0.1916   -0.7817   -0.5934
    0.5850   -0.5765    0.5705
   -0.7881   -0.2378    0.5678
...    40 A-T ...
  -73.8694  -65.8695   71.5625
    0.2373   -0.9627   -0.1299
    0.5639    0.0277    0.8254
   -0.7910   -0.2691    0.5494
...    41 C-G ...
  -76.7992  -66.9542   72.8544
    0.5079   -0.7850    0.3547
    0.3408    0.5613    0.7542
   -0.7911   -0.2622    0.5526
...    42 G-C ...
  -79.4300  -67.4123   74.9703
    0.6736   -0.2732    0.6867
   -0.0130    0.9247    0.3806
   -0.7390   -0.2653    0.6193
...    43 A-T ...
  -81.9435  -68.3347   76.9075
    0.5537    0.3580    0.7518
   -0.4051    0.9046   -0.1325
   -0.7275   -0.2312    0.6459
...    44 C-G ...
  -83.9908  -69.5719   79.1973
    0.2830    0.8023    0.5256
   -0.6392    0.5663   -0.5203
   -0.7151   -0.1887    0.6731
...    45 T-A ...
  -86.1386  -70.1684   81.6630
   -0.0416    0.9954    0.0865
   -0.7080    0.0318   -0.7055
   -0.7050   -0.0906    0.7034
...    46 T-A ...
  -88.3150  -70.3471   84.0488
   -0.4117    0.8320   -0.3719
   -0.5669   -0.5533   -0.6103
   -0.7136   -0.0404    0.6994
...    47 A-T ...
  -90.9273  -70.5233   86.1813
   -0.6275    0.3045   -0.7166
   -0.2258   -0.9520   -0.2068
   -0.7452    0.0320    0.6661
...    48 C-G ...
  -93.4118  -69.7280   88.2701
   -0.6372   -0.2679   -0.7226
    0.1262   -0.9612    0.2451
   -0.7603    0.0650    0.6463
...    49 T-A ...
  -96.1505  -69.2965   90.1575
   -0.4429   -0.7663   -0.4656
    0.4274   -0.6369    0.6416
   -0.7881    0.0851    0.6096
...    50 G-C ...
  -98.5882  -69.3022   92.4679
   -0.0698   -0.9970    0.0347
    0.5908   -0.0132    0.8067
   -0.8038    0.0768    0.5899
...    51 T-A ...
 -101.6455  -69.1956   93.9447
    0.2617   -0.8316    0.4899
    0.5413    0.5467    0.6388
   -0.7991    0.0980    0.5932
...    52 A-T ...
 -104.1397  -68.0609   96.0905
    0.5027   -0.2008    0.8408
    0.2582    0.9631    0.0757
   -0.8250    0.1790    0.5360
...    53 G-C ...
 -106.9256  -67.6890   97.9108
    0.6176    0.3616    0.6984
   -0.0440    0.9026   -0.4283
   -0.7853    0.2338    0.5733
...    54 G-C ...
 -109.6000  -67.0985   99.9151
    0.5727    0.7762    0.2637
   -0.3754    0.5343   -0.7574
   -0.7288    0.3347    0.5974
...    55 T-A ...
 -111.5987  -66.1148  102.3369
    0.3314    0.9155   -0.2282
   -0.6273    0.0331   -0.7781
   -0.7048    0.4010    0.5853
...    56 A-T ...
 -113.9134  -64.5252  104.1786
   -0.0019    0.6866   -0.7270
   -0.7410   -0.4892   -0.4601
   -0.6715    0.5378    0.5097
...    57 T-A ...
 -115.5970  -62.3195  105.9163
   -0.3668    0.3183   -0.8741
   -0.6487   -0.7610   -0.0050
   -0.6668    0.5652    0.4856
...    58 C-G ...
 -117.8797  -60.3351  107.2348
   -0.6729   -0.2253   -0.7046
   -0.3260   -0.7647    0.5558
   -0.6641    0.6037    0.4411
...    59 T-A ...
 -120.1775  -58.1496  108.3287
   -0.7286   -0.6293   -0.2705
    0.0745   -0.4654    0.8820
   -0.6809    0.6224    0.3860
...    60 C-G ...
 -122.5547  -56.1161  109.4862
   -0.5423   -0.7595    0.3594
    0.5085    0.0439    0.8600
   -0.6689    0.6491    0.3624
...    61 G-C ...
 -124.4393  -53.7634  111.0765
   -0.1034   -0.5840    0.8052
    0.7379    0.4977    0.4558
   -0.6669    0.6413    0.3794
...    62 A-T ...
 -126.7205  -51.5797  112.1343
    0.3779   -0.1384    0.9154
    0.6649    0.7286   -0.1643
   -0.6443    0.6708    0.3674
...    63 G-C ...
 -129.0067  -49.4984  113.4187
    0.7257    0.2527    0.6399
    0.3608    0.6521   -0.6667
   -0.5858    0.7147    0.3821
...    64 C-G ...
 -131.1073  -47.4006  114.9532
    0.8430    0.5231    0.1252
   -0.0972    0.3772   -0.9210
   -0.5290    0.7643    0.3688
...    65 T-A ...
 -132.6550  -44.8400  116.3905
    0.7082    0.5539   -0.4378
   -0.5485    0.0412   -0.8351
   -0.4445    0.8316    0.3330
...    66 C-G ...
 -133.9834  -42.0284  117.4034
    0.2778    0.3964   -0.8750
   -0.8754   -0.2705   -0.4005
   -0.3955    0.8773    0.2719
...    67 G-C ...
 -135.5092  -39.0056  117.7880
   -0.2172    0.0388   -0.9753
   -0.9149   -0.3565    0.1896
   -0.3403    0.9335    0.1129
...    68 G-C ...
 -136.5576  -35.7728  117.5287
   -0.6707   -0.2441   -0.7004
   -0.6593   -0.2363    0.7138
   -0.3398    0.9405   -0.0024
...    69 G-C ...
 -137.8905  -32.6692  116.9846
   -0.9127   -0.3774   -0.1567
   -0.1755    0.0157    0.9844
   -0.3690    0.9259   -0.0805
...    70 A-T ...
 -139.2078  -29.6217  116.5737
   -0.8284   -0.2540    0.4992
    0.4353    0.2687    0.8592
   -0.3524    0.9291   -0.1120
...    71 T-A ...
 -140.7552  -26.7963  115.6537
   -0.4765   -0.0168    0.8790
    0.8206    0.3503    0.4515
   -0.3155    0.9365   -0.1532
...    72 C-G ...
 -141.8432  -23.7018  114.9961
    0.1471    0.2249    0.9632
    0.9459    0.2528   -0.2035
   -0.2893    0.9410   -0.1755
...    73 C-G ...
 -143.0552  -20.5829  114.3171
    0.6872    0.2644    0.6767
    0.6918    0.0463   -0.7206
   -0.2218    0.9633   -0.1511
...    74 G-C ...
 -143.6848  -17.3895  113.2560
    0.9831    0.1123    0.1447
    0.1611   -0.1541   -0.9748
   -0.0872    0.9817   -0.1696
...    75 C-G ...
 -143.9413  -14.0758  113.1109
    0.9083   -0.0694   -0.4125
   -0.4178   -0.1989   -0.8865
   -0.0206    0.9776   -0.2096
...    76 T-A ...
 -143.6632  -10.8272  112.4926
    0.5299   -0.2717   -0.8033
   -0.8457   -0.0982   -0.5246
    0.0636    0.9574   -0.2818
...    77 T-A ...
 -143.2495   -7.7704  111.5218
   -0.0632   -0.3254   -0.9435
   -0.9943    0.1024    0.0312
    0.0865    0.9400   -0.3300
...    78 T-A ...
 -142.7743   -4.8037  110.2965
   -0.6366   -0.2175   -0.7399
   -0.7647    0.3023    0.5691
    0.0999    0.9281   -0.3587
...    79 A-T ...
 -142.7171   -1.5269  109.3336
   -0.9799    0.0640   -0.1890
   -0.1483    0.4000    0.9044
    0.1335    0.9143   -0.3825
...    80 A-T ...
 -142.2904    1.3234  107.7787
   -0.8590    0.3511    0.3726
    0.4757    0.2781    0.8345
    0.1894    0.8941   -0.4059
...    81 T-A ...
 -142.1020    4.0834  105.9033
   -0.4607    0.4876    0.7416
    0.8598    0.0379    0.5092
    0.2202    0.8723   -0.4367
...    82 C-G ...
 -141.4268    6.9458  104.3363
    0.1804    0.4165    0.8911
    0.9539   -0.2950   -0.0552
    0.2398    0.8599   -0.4505
...    83 A-T ...
 -140.2853    9.5719  102.5768
    0.7099    0.0944    0.6979
    0.6375   -0.5073   -0.5799
    0.2993    0.8566   -0.4203
...    84 T-A ...
 -139.6081   12.6722  101.6811
    0.9361   -0.1902    0.2958
    0.1681   -0.4966   -0.8516
    0.3089    0.8469   -0.4328
...    85 G-C ...
 -138.4371   15.3453  100.0035
    0.8113   -0.5505   -0.1967
   -0.4040   -0.2847   -0.8693
    0.4226    0.7848   -0.4534
...    86 T-A ...
 -136.5989   17.8639   98.9555
    0.4424   -0.6665   -0.6001
   -0.7713    0.0586   -0.6338
    0.4576    0.7432   -0.4881
...    87 T-A ...
 -134.9278   20.1498   97.3903
   -0.1031   -0.5424   -0.8337
   -0.8761    0.4464   -0.1821
    0.4710    0.7117   -0.5213
...    88 A-T ...
 -133.4906   22.4760   95.4265
   -0.6510   -0.2067   -0.7304
   -0.6058    0.7213    0.3358
    0.4574    0.6610   -0.5948
...    89 T-A ...
 -131.7451   24.0763   93.1199
   -0.8688    0.2036   -0.4514
   -0.1705    0.7328    0.6587
    0.4649    0.6492   -0.6020
...    90 A-T ...
 -130.0776   26.5555   91.4536
   -0.7338    0.6758    0.0694
    0.4550    0.4130    0.7889
    0.5045    0.6104   -0.6106
...    91 A-T ...
 -128.5965   28.4242   89.2121
   -0.2840    0.8218    0.4940
    0.7974   -0.0837    0.5976
    0.5325    0.5637   -0.6315
...    92 C-G ...
 -127.3685   30.4405   86.8115
    0.2015    0.6421    0.7396
    0.8199   -0.5237    0.2312
    0.5358    0.5598   -0.6320
...    93 G-C ...
 -125.2234   31.9074   84.6266
    0.5986    0.1655    0.7837
    0.5355   -0.8103   -0.2379
    0.5957    0.5621   -0.5737
...    94 G-C ...
 -123.3332   33.9544   82.7073
    0.7423   -0.3662    0.5611
    0.0973   -0.7697   -0.6310
    0.6629    0.5229   -0.5358
...    95 A-T ...
 -121.1696   35.7038   80.9670
    0.6174   -0.7802    0.1010
   -0.3692   -0.4007   -0.8385
    0.6946    0.4804   -0.5354
...    96 C-G ...
 -118.5548   37.2938   79.7411
    0.2906   -0.8970   -0.3330
   -0.6325    0.0810   -0.7703
    0.7180    0.4345   -0.5438
...    97 A-T ...
 -116.2211   38.6136   77.7157
   -0.2148   -0.7336   -0.6447
   -0.6507    0.5998   -0.4657
    0.7283    0.3195   -0.6062
...    98 C-G ...
 -113.5208   39.0584   75.8398
   -0.5563   -0.3115   -0.7704
   -0.4158    0.9070   -0.0665
    0.7195    0.2833   -0.6341
...    99 T-A ...
 -111.1679   39.6152   73.5416
   -0.7312    0.2184   -0.6463
   -0.0136    0.9425    0.3339
    0.6821    0.2529   -0.6862
...   100 T-A ...
 -108.9951   40.1688   71.1746
   -0.5816    0.7375   -0.3432
    0.4228    0.6345    0.6471
    0.6950    0.2313   -0.6808
...   101 T-A ...
 -106.8799   40.7357   68.7533
   -0.1935    0.9777    0.0816
    0.6815    0.0741    0.7280
    0.7058    0.1965   -0.6806
...   102 A-T ...
 -104.1341   41.1346   66.7630
    0.3326    0.7906    0.5141
    0.6265   -0.5927    0.5062
    0.7049    0.1537   -0.6924
...   103 T-A ...
 -102.2205   42.1321   64.2511
    0.6188    0.3672    0.6944
    0.3546   -0.9194    0.1702
    0.7010    0.1409   -0.6991
...   104 G-C ...
  -99.7555   42.3044   61.9867
    0.6453   -0.2579    0.7191
   -0.0703   -0.9573   -0.2803
    0.7607    0.1303   -0.6359
...   105 C-G ...
  -97.1253   43.0753   60.0990
    0.4576   -0.7533    0.4724
   -0.4162   -0.6510   -0.6348
    0.7857    0.0939   -0.6114
...   106 T-A ...
  -94.3155   43.3631   58.3465
    0.1025   -0.9901    0.0961
   -0.5804   -0.1380   -0.8026
    0.8079    0.0265   -0.5887
...   107 T-A ...
  -91.5657   43.3827   56.6216
   -0.2629   -0.8871   -0.3794
   -0.5284    0.4613   -0.7127
    0.8073    0.0131   -0.5900
...   108 C-G ...
  -88.9253   43.2370   54.6640
   -0.5539   -0.4342   -0.7104
   -0.2483    0.9006   -0.3569
    0.7947   -0.0213   -0.6066
...   109 C-G ...
  -86.3693   42.7773   52.4756
   -0.6551    0.1449   -0.7415
    0.1324    0.9883    0.0761
    0.7438   -0.0483   -0.6666
...   110 G-C ...
  -83.8893   43.0069   50.1893
   -0.5232    0.6914   -0.4983
    0.5146    0.7223    0.4620
    0.6793   -0.0147   -0.7337
...   111 G-C ...
  -81.8341   42.8734   47.4842
   -0.1918    0.9762   -0.1008
    0.7323    0.2108    0.6476
    0.6535    0.0504   -0.7553
...   112 C-G ...
  -79.9963   43.0852   44.6993
    0.2259    0.9239    0.3088
    0.7175   -0.3722    0.5887
    0.6589    0.0886   -0.7470
...   113 T-A ...
  -77.9761   43.6405   42.1057
    0.5424    0.5647    0.6220
    0.4892   -0.8142    0.3127
    0.6830    0.1347   -0.7179
...   114 C-G ...
  -75.7257   44.1662   39.7588
    0.7028   -0.0436    0.7100
    0.0691   -0.9892   -0.1292
    0.7080    0.1399   -0.6922
...   115 G-C ...
  -73.2800   44.1943   37.4196
    0.5324   -0.6159    0.5806
   -0.3202   -0.7815   -0.5354
    0.7836    0.0992   -0.6133
...   116 T-A ...
  -70.4051   44.8091   35.8789
    0.2528   -0.9418    0.2217
   -0.5484   -0.3282   -0.7691
    0.7971    0.0728   -0.5994
...   117 A-T ...
  -67.9374   44.9699   33.5679
   -0.1640   -0.9369   -0.3088
   -0.5731    0.3453   -0.7432
    0.8029    0.0551   -0.5936
...   118 T-A ...
  -64.9951   44.7312   32.0768
   -0.4314   -0.6209   -0.6545
   -0.4035    0.7817   -0.4756
    0.8069    0.0589   -0.5877
...   119 A-T ...
  -62.3748   45.2893   29.9949
   -0.5793    0.0307   -0.8145
   -0.0315    0.9977    0.0600
    0.8145    0.0604   -0.5770
...   120 A-T ...
  -59.7589   45.2168   28.0496
   -0.4695    0.6128   -0.6356
    0.3062    0.7883    0.5337
    0.8281    0.0560   -0.5577
...   121 T-A ...
  -57.3571   44.9734   25.7866
   -0.2386    0.9331   -0.2689
    0.4998    0.3554    0.7898
    0.8326    0.0540   -0.5512
...   122 G-C ...
  -54.4800   45.3081   24.0988
    0.0162    0.9549    0.2964
    0.5587   -0.2545    0.7893
    0.8292    0.1528   -0.5377
...   123 T-A ...
  -52.1071   46.1428   21.9327
    0.2782    0.6648    0.6933
    0.4642   -0.7250    0.5089
    0.8409    0.1803   -0.5103
...   124 G-C ...
  -49.1381   46.6563   20.4564
    0.3979    0.0991    0.9120
    0.2457   -0.9693   -0.0019
    0.8839    0.2249   -0.4101
...   125 T-A ...
  -46.3135   47.9731   19.3538
    0.4316   -0.4421    0.7863
    0.0083   -0.8697   -0.4936
    0.9020    0.2195   -0.3717
...   126 C-G ...
  -43.2767   48.6542   18.2985
    0.3214   -0.8820    0.3446
   -0.2264   -0.4249   -0.8765
    0.9195    0.2037   -0.3362
...   127 G-C ...
  -40.2362   48.9685   16.8380
    0.0546   -0.9782   -0.2004
   -0.3134    0.1738   -0.9336
    0.9481    0.1138   -0.2970
...   128 A-T ...
  -37.0659   49.2191   15.9185
   -0.1521   -0.6695   -0.7271
   -0.2670    0.7361   -0.6220
    0.9516    0.0996   -0.2907
...   129 C-G ...
  -33.8007   48.9403   15.1745
   -0.2756   -0.1615   -0.9476
   -0.1363    0.9824   -0.1277
    0.9515    0.0940   -0.2928
...   130 C-G ...
  -30.5811   48.9668   14.0710
   -0.3605    0.4153   -0.8352
    0.0483    0.9025    0.4279
    0.9315    0.1139   -0.3454
...   131 A-T ...
  -27.4265   49.5208   13.0932
   -0.3385    0.8566   -0.3893
    0.2526    0.4813    0.8394
    0.9064    0.1858   -0.3793
...   132 A-T ...
  -24.5629   50.0585   11.6544
   -0.1384    0.9750    0.1738
    0.3891   -0.1078    0.9149
    0.9107    0.1942   -0.3645
...   133 A-T ...
  -21.7048   50.7892   10.3131
    0.0818    0.7292    0.6794
    0.3973   -0.6490    0.6488
    0.9141    0.2169   -0.3428
...   134 T-A ...
  -19.0083   52.0403    8.9384
    0.2450    0.2904    0.9250
    0.3072   -0.9282    0.2101
    0.9196    0.2327   -0.3167
...   135 G-C ...
  -16.4569   53.8981    7.5291
    0.5336   -0.3334    0.7773
    0.0348   -0.9096   -0.4140
    0.8450    0.2479   -0.4738
...   136 T-A ...
  -14.1680   56.5698    6.1949
    0.5795   -0.7269    0.3684
   -0.3140   -0.6163   -0.7222
    0.7521    0.3028   -0.5854
...   137 G-C ...
  -11.6468   58.0147    4.7337
    0.2454   -0.9541   -0.1717
   -0.6318   -0.0231   -0.7748
    0.7352    0.2986   -0.6085
...   138 A-T ...
   -8.6697   58.7290    3.6171
   -0.0344   -0.7815   -0.6230
   -0.6534    0.4892   -0.5777
    0.7562    0.3872   -0.5274
...   139 G-C ...
   -6.3210   59.0880    1.6441
   -0.2967   -0.3277   -0.8970
   -0.5657    0.8170   -0.1114
    0.7694    0.4744   -0.4278
...   140 C-G ...
   -3.4295   60.2437    1.0435
   -0.4424    0.2288   -0.8671
   -0.1682    0.9286    0.3309
    0.8809    0.2922   -0.3723
...   141 G-C ...
   -0.6893   63.9063   -2.2356
   -0.9992    0.0156   -0.0375
   -0.0024    0.8991    0.4378
    0.0405    0.4375   -0.8983
...   142 C-G ...
   -0.9979   65.6138   -4.9249
   -0.8337    0.5217    0.1810
    0.5169    0.6220    0.5881
    0.1942    0.5839   -0.7882
...   143 T-A ...
   -0.1244   66.2251   -7.8041
   -0.3751    0.8568    0.3538
    0.8856    0.2185    0.4098
    0.2739    0.4670   -0.8408
...   144 C-G ...
   -0.1579   67.4197  -10.7921
    0.1799    0.8792    0.4411
    0.9276   -0.3009    0.2214
    0.3274    0.3694   -0.8697
...   145 A-T ...
    0.5353   69.2487  -13.4513
    0.7352    0.4961    0.4620
    0.6117   -0.7791   -0.1369
    0.2921    0.3832   -0.8763
...   146 C-G ...
    1.4422   72.1064  -15.5858
    0.9808    0.0622    0.1849
    0.1266   -0.9240   -0.3608
    0.1484    0.3773   -0.9141
...   147 A-T ...
    2.3151   74.2411  -18.3714
    0.8657   -0.4292   -0.2574
   -0.4984   -0.7868   -0.3642
   -0.0462    0.4436   -0.8950
