  147 base-pairs
...     1 A-T ...
    0.0000    0.0000    0.0000
    1.0000    0.0000    0.0000
    0.0000    1.0000    0.0000
    0.0000    0.0000    1.0000
...     2 G-C ...
   -0.1394   -1.2357    3.2268
    0.7529    0.6366    0.1670
   -0.6386    0.7680   -0.0486
   -0.1592   -0.0700    0.9848
...     3 T-A ...
   -0.0365   -3.2932    6.3751
    0.2722    0.9301    0.2466
   -0.9238    0.3243   -0.2033
   -0.2691   -0.1725    0.9475
...     4 G-C ...
   -0.3505   -4.1660    9.4928
   -0.3756    0.9250    0.0579
   -0.8781   -0.3352   -0.3415
   -0.2965   -0.1791    0.9381
...     5 A-T ...
   -0.4462   -4.1476   12.7498
   -0.8116    0.5840   -0.0165
   -0.5523   -0.7762   -0.3042
   -0.1905   -0.2378    0.9524
...     6 G-C ...
   -1.5908   -4.1730   15.6201
   -0.9976    0.0246   -0.0651
   -0.0043   -0.9555   -0.2950
   -0.0695   -0.2940    0.9533
...     7 C-G ...
   -1.1030   -4.4824   18.7362
   -0.8441   -0.5304   -0.0787
    0.5345   -0.8441   -0.0432
   -0.0435   -0.0785    0.9960
...     8 G-C ...
   -2.4028   -7.7290   23.1475
   -0.2754   -0.3293   -0.9032
    0.6650   -0.7437    0.0684
   -0.6942   -0.5818    0.4238
...     9 C-G ...
   -4.4690   -9.9728   24.1132
    0.1145   -0.7025   -0.7024
    0.8512   -0.2952    0.4340
   -0.5122   -0.6476    0.5642
...    10 T-A ...
   -6.7405  -10.8752   25.9697
    0.4841   -0.8363   -0.2574
    0.6595    0.1553    0.7355
   -0.5751   -0.5258    0.6267
...    11 C-G ...
   -9.1656  -12.6208   27.1640
    0.7073   -0.6682    0.2307
    0.3448    0.6110    0.7126
   -0.6171   -0.4245    0.6626
...    12 A-T ...
  -10.9234  -14.6633   29.0693
    0.7515   -0.1377    0.6452
   -0.2029    0.8824    0.4246
   -0.6277   -0.4500    0.6352
...    13 C-G ...
  -11.8476  -17.4863   31.2451
    0.4295    0.2823    0.8578
   -0.5708    0.8209    0.0156
   -0.6998   -0.4963    0.5137
...    14 A-T ...
  -13.5897  -19.7827   33.4259
   -0.1504    0.6104    0.7777
   -0.6874    0.5008   -0.5260
   -0.7106   -0.6136    0.3443
...    15 A-T ...
  -15.7299  -21.8991   34.6892
   -0.5529    0.7710    0.3160
   -0.4484    0.0444   -0.8928
   -0.7023   -0.6353    0.3211
...    16 T-A ...
  -17.7952  -23.8758   36.3565
   -0.7117    0.6736   -0.1994
   -0.0841   -0.3635   -0.9278
   -0.6975   -0.6435    0.3153
...    17 T-A ...
  -20.0605  -25.8742   37.5706
   -0.6254    0.3212   -0.7111
    0.3628   -0.6871   -0.6295
   -0.6908   -0.6517    0.3132
...    18 T-A ...
  -22.4109  -27.8343   38.6744
   -0.2875   -0.1494   -0.9461
    0.6659   -0.7411   -0.0853
   -0.6884   -0.6545    0.3125
...    19 A-T ...
  -24.4345  -30.3482   39.7610
    0.2259   -0.5834   -0.7801
    0.6873   -0.4721    0.5520
   -0.6903   -0.6609    0.2943
...    20 T-A ...
  -27.0660  -32.3024   40.1902
    0.5520   -0.7453   -0.3740
    0.4652   -0.0970    0.8799
   -0.6920   -0.6597    0.2931
...    21 T-A ...
  -29.3953  -34.4706   40.8980
    0.7105   -0.6659    0.2277
    0.0458    0.3666    0.9293
   -0.7022   -0.6498    0.2909
...    22 C-G ...
  -31.6551  -36.7189   41.8001
    0.6019   -0.2885    0.7446
   -0.4060    0.6923    0.5965
   -0.6876   -0.6614    0.2996
...    23 G-C ...
  -34.1443  -38.6741   43.0435
    0.3098    0.2353    0.9212
   -0.6982    0.7139    0.0524
   -0.6454   -0.6595    0.3855
...    24 C-G ...
  -35.9613  -41.1323   44.4210
   -0.1149    0.6258    0.7714
   -0.7538    0.4509   -0.4781
   -0.6470   -0.6365    0.4199
...    25 A-T ...
  -38.3450  -43.1699   45.6478
   -0.4830    0.8258    0.2910
   -0.5489   -0.0266   -0.8354
   -0.6822   -0.5633    0.4662
...    26 A-T ...
  -40.4819  -44.9335   47.3491
   -0.7125    0.6512   -0.2613
   -0.1572   -0.5111   -0.8450
   -0.6838   -0.5610    0.4665
...    27 A-T ...
  -42.7344  -46.5907   49.0089
   -0.6678    0.2210   -0.7108
    0.2921   -0.8005   -0.5233
   -0.6846   -0.5571    0.4701
...    28 G-C ...
  -45.2095  -48.2027   50.5700
   -0.3545   -0.2329   -0.9056
    0.5999   -0.7995   -0.0291
   -0.7173   -0.5536    0.4231
...    29 G-C ...
  -47.8559  -49.9781   51.7421
    0.0985   -0.6127   -0.7842
    0.6715   -0.5406    0.5068
   -0.7344   -0.5765    0.3581
...    30 C-G ...
  -50.5366  -51.8325   52.5614
    0.4835   -0.7966   -0.3629
    0.4851   -0.1012    0.8686
   -0.7286   -0.5960    0.3375
...    31 C-G ...
  -53.0267  -53.9946   53.4188
    0.7177   -0.6729    0.1795
    0.1096    0.3636    0.9251
   -0.6877   -0.6442    0.3347
...    32 G-C ...
  -55.3581  -55.9685   54.9101
    0.7067   -0.2677    0.6549
   -0.3367    0.6869    0.6441
   -0.6223   -0.6757    0.3953
...    33 G-C ...
  -57.3357  -58.4588   56.1233
    0.4445    0.2268    0.8666
   -0.6777    0.7178    0.1598
   -0.5858   -0.6583    0.4727
...    34 C-G ...
  -58.9332  -60.9205   57.7180
    0.0219    0.6283    0.7777
   -0.8108    0.4663   -0.3539
   -0.5849   -0.6228    0.5196
...    35 C-G ...
  -60.6937  -63.0326   59.6928
   -0.3724    0.8429    0.3884
   -0.6985    0.0209   -0.7153
   -0.6110   -0.5377    0.5810
...    36 C-G ...
  -62.6923  -64.6198   61.9036
   -0.6366    0.7586   -0.1388
   -0.3950   -0.4753   -0.7862
   -0.6624   -0.4457    0.6022
...    37 G-C ...
  -65.2377  -66.1603   63.5531
   -0.6703    0.3867   -0.6334
   -0.0025   -0.8546   -0.5192
   -0.7421   -0.3465    0.5738
...    38 A-T ...
  -67.8127  -67.1882   65.3622
   -0.5181   -0.2130   -0.8284
    0.3844   -0.9232   -0.0030
   -0.7641   -0.3200    0.5601
...    39 C-G ...
  -70.7054  -67.7300   66.9828
   -0.2190   -0.6853   -0.6946
    0.5897   -0.6601    0.4653
   -0.7774   -0.3077    0.5487
...    40 A-T ...
  -73.0692  -68.9911   69.0016
    0.2172   -0.9349   -0.2806
    0.5835   -0.1061    0.8052
   -0.7825   -0.3386    0.5225
...    41 C-G ...
  -75.9800  -70.2300   70.1845
    0.5009   -0.8384    0.2148
    0.3689    0.4313    0.8233
   -0.7829   -0.3332    0.5254
...    42 G-C ...
  -78.5552  -70.9923   72.2678
    0.6828   -0.3914    0.6169
    0.0141    0.8513    0.5246
   -0.7304   -0.3495    0.5868
...    43 A-T ...
  -81.0403  -72.1817   74.0894
    0.5773    0.2193    0.7865
   -0.3875    0.9215    0.0275
   -0.7187   -0.3206    0.6170
...    44 C-G ...
  -83.0656  -73.7427   76.1934
    0.3134    0.6972    0.6448
   -0.6354    0.6586   -0.4033
   -0.7058   -0.2833    0.6493
...    45 T-A ...
  -85.1727  -74.7064   78.5735
   -0.0114    0.9669    0.2549
   -0.7195    0.1691   -0.6735
   -0.6943   -0.1911    0.6938
...    46 T-A ...
  -87.3052  -75.2366   80.9442
   -0.3890    0.8958   -0.2149
   -0.5949   -0.4225   -0.6838
   -0.7033   -0.1381    0.6973
...    47 A-T ...
  -89.8585  -75.6371   83.0986
   -0.6123    0.4571   -0.6451
   -0.2739   -0.8880   -0.3693
   -0.7417   -0.0494    0.6689
...    48 C-G ...
  -92.2906  -75.1038   85.3140
   -0.6478   -0.0992   -0.7553
    0.0736   -0.9950    0.0676
   -0.7582   -0.0118    0.6519
...    49 T-A ...
  -95.0109  -74.8735   87.2508
   -0.4803   -0.6413   -0.5984
    0.3844   -0.7671    0.5135
   -0.7883    0.0166    0.6150
...    50 G-C ...
  -97.4815  -75.1829   89.5010
   -0.1275   -0.9799   -0.1534
    0.5759   -0.1991    0.7929
   -0.8075    0.0127    0.5897
...    51 T-A ...
 -100.5503  -75.1838   90.9530
    0.2022   -0.9236    0.3258
    0.5599    0.3820    0.7353
   -0.8035    0.0337    0.5943
...    52 A-T ...
 -103.0105  -74.3140   93.2559
    0.4643   -0.3849    0.7976
    0.3148    0.9135    0.2576
   -0.8278    0.1315    0.5453
...    53 G-C ...
 -105.8253  -74.1061   95.0574
    0.6142    0.1836    0.7675
    0.0282    0.9669   -0.2538
   -0.7887    0.1775    0.5886
...    54 G-C ...
 -108.5468  -73.7309   97.0552
    0.6108    0.6715    0.4195
   -0.3081    0.6897   -0.6553
   -0.7294    0.2710    0.6282
...    55 T-A ...
 -110.5834  -73.0796   99.5547
    0.4031    0.9142   -0.0427
   -0.5871    0.2226   -0.7783
   -0.7020    0.3388    0.6265
...    56 A-T ...
 -112.8020  -71.6754  101.6386
    0.1037    0.8030   -0.5869
   -0.7505   -0.3240   -0.5760
   -0.6526    0.5002    0.5691
...    57 T-A ...
 -114.3915  -69.6680  103.6674
   -0.2734    0.5040   -0.8193
   -0.7130   -0.6779   -0.1791
   -0.6457    0.5352    0.5446
...    58 C-G ...
 -116.5731  -67.7287  105.1856
   -0.6295   -0.0264   -0.7766
   -0.4399   -0.8117    0.3841
   -0.6405    0.5834    0.4994
...    59 T-A ...
 -118.7481  -65.5433  106.4855
   -0.7537   -0.4918   -0.4360
   -0.0520   -0.6166    0.7856
   -0.6552    0.6147    0.4391
...    60 C-G ...
 -121.0576  -63.5278  107.7876
   -0.6424   -0.7479    0.1675
    0.4181   -0.1587    0.8944
   -0.6423    0.6446    0.4146
...    61 G-C ...
 -122.9101  -61.3396  109.6192
   -0.2453   -0.6945    0.6764
    0.7208    0.3360    0.6063
   -0.6483    0.6363    0.4181
...    62 A-T ...
 -125.1123  -59.1423  110.8117
    0.2512   -0.3200    0.9135
    0.7393    0.6726    0.0323
   -0.6247    0.6672    0.4056
...    63 G-C ...
 -127.3636  -57.0665  112.1680
    0.6563    0.0770    0.7506
    0.4958    0.7059   -0.5059
   -0.5688    0.7041    0.4251
...    64 C-G ...
 -129.4874  -55.0222  113.7486
    0.8589    0.4107    0.3060
    0.0575    0.5164   -0.8544
   -0.5089    0.7514    0.4200
...    65 T-A ...
 -131.0131  -52.5643  115.3728
    0.8053    0.5358   -0.2537
   -0.4205    0.2146   -0.8815
   -0.4179    0.8166    0.3982
...    66 C-G ...
 -132.2591  -49.8236  116.6382
    0.4364    0.4806   -0.7606
   -0.8253   -0.1228   -0.5512
   -0.3583    0.8683    0.3431
...    67 G-C ...
 -133.5567  -46.7477  117.2714
   -0.0517    0.1806   -0.9822
   -0.9589   -0.2838   -0.0017
   -0.2791    0.9417    0.1878
...    68 G-C ...
 -134.2774  -43.4227  117.2749
   -0.5555   -0.0958   -0.8260
   -0.7893   -0.2517    0.5601
   -0.2616    0.9630    0.0642
...    69 G-C ...
 -135.2785  -40.1784  116.8686
   -0.8931   -0.2731   -0.3576
   -0.3515   -0.0729    0.9334
   -0.2809    0.9592   -0.0309
...    70 A-T ...
 -136.3194  -37.0144  116.5885
   -0.9229   -0.2305    0.3084
    0.2815    0.1426    0.9489
   -0.2627    0.9626   -0.0667
...    71 T-A ...
 -137.4814  -33.9919  115.7277
   -0.6366   -0.0612    0.7688
    0.7396    0.2342    0.6310
   -0.2187    0.9703   -0.1038
...    72 C-G ...
 -138.2389  -30.7723  115.2354
   -0.0299    0.1258    0.9916
    0.9813    0.1925    0.0051
   -0.1903    0.9732   -0.1292
...    73 C-G ...
 -139.1046  -27.5213  114.6532
    0.5546    0.1555    0.8175
    0.8219    0.0513   -0.5673
   -0.1301    0.9865   -0.0993
...    74 G-C ...
 -139.3481  -24.2336  113.7477
    0.9393    0.0316    0.3417
    0.3431   -0.0972   -0.9343
    0.0037    0.9948   -0.1022
...    75 C-G ...
 -139.4241  -20.9107  113.8108
    0.9678   -0.1055   -0.2286
   -0.2402   -0.1144   -0.9639
    0.0755    0.9878   -0.1361
...    76 T-A ...
 -138.8618  -17.6612  113.5018
    0.6701   -0.2618   -0.6946
   -0.7225   -0.0154   -0.6912
    0.1703    0.9650   -0.1995
...    77 T-A ...
 -138.1019  -14.5972  112.8263
    0.1229   -0.2828   -0.9513
   -0.9714    0.1618   -0.1736
    0.2030    0.9454   -0.2548
...    78 T-A ...
 -137.2380  -11.6278  111.8665
   -0.4695   -0.1653   -0.8673
   -0.8557    0.3271    0.4009
    0.2174    0.9304   -0.2950
...    79 A-T ...
 -136.7902   -8.4070  110.9073
   -0.9100    0.0789   -0.4070
   -0.3448    0.4009    0.8488
    0.2301    0.9127   -0.3376
...    80 A-T ...
 -136.0066   -5.5621  109.4969
   -0.9203    0.3546    0.1653
    0.2729    0.2791    0.9207
    0.2803    0.8924   -0.3536
...    81 C-G ...
 -135.4125   -2.7221  107.7466
   -0.6099    0.4675    0.6399
    0.7389    0.0435    0.6724
    0.2865    0.8829   -0.3719
...    82 A-T ...
 -134.0309    0.1129  106.6282
   -0.0293    0.3735    0.9271
    0.9550   -0.2635    0.1363
    0.2952    0.8894   -0.3490
...    83 C-G ...
 -133.6227    3.2373  105.4693
    0.4985    0.1629    0.8514
    0.8080   -0.4432   -0.3883
    0.3141    0.8815   -0.3526
...    84 T-A ...
 -132.6937    6.2819  104.4684
    0.8406   -0.1619    0.5168
    0.3926   -0.4752   -0.7874
    0.3731    0.8649   -0.3359
...    85 T-A ...
 -131.5161    9.1499  103.5247
    0.8997   -0.4358   -0.0263
   -0.1752   -0.3053   -0.9360
    0.3999    0.8467   -0.3510
...    86 T-A ...
 -130.1028   11.8769  102.5158
    0.6135   -0.5748   -0.5414
   -0.6595    0.0041   -0.7517
    0.4343    0.8183   -0.3766
...    87 A-T ...
 -128.5005   14.4348  101.0586
    0.0492   -0.5660   -0.8229
   -0.8704    0.3798   -0.3133
    0.4899    0.7317   -0.4739
...    88 T-A ...
 -126.3571   16.3918   99.5261
   -0.4153   -0.3059   -0.8567
   -0.7632    0.6296    0.1451
    0.4950    0.7141   -0.4950
...    89 G-C ...
 -125.0175   18.8326   97.6394
   -0.8264    0.0676   -0.5590
   -0.3383    0.7340    0.5889
    0.4501    0.6758   -0.5837
...    90 C-G ...
 -123.6475   20.7971   95.2815
   -0.8813    0.4588   -0.1131
    0.2067    0.5894    0.7809
    0.4250    0.6649   -0.6143
...    91 T-A ...
 -122.4562   22.9012   92.9531
   -0.6215    0.6978    0.3562
    0.6769    0.2493    0.6926
    0.3945    0.6716   -0.6272
...    92 T-A ...
 -121.3632   24.9835   90.6778
   -0.0656    0.7412    0.6680
    0.9073   -0.2344    0.3491
    0.4154    0.6290   -0.6572
...    93 C-G ...
 -120.0579   27.0507   88.4299
    0.5062    0.4330    0.7459
    0.7470   -0.6524   -0.1281
    0.4311    0.6220   -0.6537
...    94 C-G ...
 -118.7510   29.2995   86.2536
    0.8047   -0.0632    0.5904
    0.3238   -0.7867   -0.5256
    0.4977    0.6141   -0.6125
...    95 G-C ...
 -117.0152   31.0002   83.8779
    0.7761   -0.5786    0.2509
   -0.2021   -0.6051   -0.7701
    0.5974    0.5469   -0.5866
...    96 G-C ...
 -114.8238   32.8493   82.0993
    0.4652   -0.8703   -0.1616
   -0.5921   -0.1703   -0.7877
    0.6581    0.4621   -0.5945
...    97 C-G ...
 -112.2900   34.1979   80.4222
    0.0166   -0.8440   -0.5360
   -0.7374    0.3517   -0.5766
    0.6752    0.4049   -0.6166
...    98 T-A ...
 -109.8506   35.1803   78.3790
   -0.4368   -0.5428   -0.7173
   -0.5996    0.7701   -0.2176
    0.6705    0.3350   -0.6619
...    99 C-G ...
 -107.6930   36.1100   76.0671
   -0.7296    0.0223   -0.6835
   -0.1952    0.9511    0.2395
    0.6554    0.3082   -0.6895
...   100 G-C ...
 -105.6928   37.5107   73.7132
   -0.7588    0.5460   -0.3551
    0.3012    0.7776    0.5519
    0.5774    0.3119   -0.7545
...   101 T-A ...
 -104.1407   38.1655   70.8111
   -0.4780    0.8783    0.0131
    0.6707    0.3553    0.6511
    0.5672    0.3201   -0.7589
...   102 A-T ...
 -101.7810   39.1546   68.5383
    0.1100    0.9031    0.4151
    0.8105   -0.3232    0.4885
    0.5753    0.2827   -0.7675
...   103 T-A ...
 -100.4400   40.4089   65.7801
    0.5263    0.6023    0.6003
    0.6280   -0.7512    0.2031
    0.5733    0.2701   -0.7736
...   104 C-G ...
  -98.5771   41.3541   63.2160
    0.7860    0.0111    0.6181
    0.1742   -0.9633   -0.2042
    0.5931    0.2682   -0.7591
...   105 A-T ...
  -96.5735   41.9205   60.5761
    0.6786   -0.5884    0.4396
   -0.3184   -0.7751   -0.5458
    0.6619    0.2304   -0.7133
...   106 T-A ...
  -94.1017   43.0424   58.7059
    0.4105   -0.9069    0.0953
   -0.6255   -0.3561   -0.6943
    0.6635    0.2254   -0.7134
...   107 G-C ...
  -92.0185   43.5297   56.1113
   -0.1026   -0.9581   -0.2676
   -0.7247    0.2562   -0.6397
    0.6814    0.1283   -0.7206
...   108 T-A ...
  -89.3991   43.5231   54.0517
   -0.4990   -0.6696   -0.5502
   -0.5477    0.7357   -0.3986
    0.6716    0.1024   -0.7338
...   109 T-A ...
  -87.1189   43.6215   51.7281
   -0.7195   -0.1058   -0.6864
   -0.1477    0.9890    0.0023
    0.6786    0.1031   -0.7272
...   110 A-T ...
  -84.8104   44.2959   49.3330
   -0.6467    0.5570   -0.5211
    0.3544    0.8243    0.4414
    0.6754    0.1008   -0.7305
...   111 T-A ...
  -82.9683   44.1641   46.5846
   -0.3616    0.9064   -0.2184
    0.6387    0.4115    0.6502
    0.6792    0.0955   -0.7277
...   112 A-T ...
  -80.4015   44.4770   44.3829
    0.1326    0.9572    0.2572
    0.7201   -0.2713    0.6387
    0.6811    0.1005   -0.7252
...   113 A-T ...
  -78.3525   44.9187   41.8920
    0.5361    0.6135    0.5799
    0.5004   -0.7842    0.3671
    0.6799    0.0933   -0.7273
...   114 C-G ...
  -76.3377   45.8114   39.3960
    0.7026    0.0874    0.7062
    0.1371   -0.9905   -0.0138
    0.6983    0.1065   -0.7079
...   115 G-C ...
  -73.8912   45.7188   37.0410
    0.5762   -0.5143    0.6352
   -0.2701   -0.8534   -0.4459
    0.7713    0.0853   -0.6307
...   116 G-C ...
  -71.1016   46.0523   35.1552
    0.2619   -0.9111    0.3182
   -0.5261   -0.4112   -0.7444
    0.8091    0.0275   -0.5871
...   117 A-T ...
  -68.3710   46.0801   33.2925
   -0.1307   -0.9731   -0.1895
   -0.5653    0.2302   -0.7921
    0.8144    0.0036   -0.5802
...   118 T-A ...
  -65.3879   45.7484   31.8957
   -0.3995   -0.7083   -0.5820
   -0.4136    0.7059   -0.5750
    0.8181    0.0110   -0.5749
...   119 A-T ...
  -62.7376   46.2015   29.7971
   -0.5565   -0.0695   -0.8279
   -0.0550    0.9974   -0.0468
    0.8290    0.0195   -0.5589
...   120 A-T ...
  -60.0638   46.0032   27.9389
   -0.4637    0.5361   -0.7054
    0.2764    0.8439    0.4597
    0.8418    0.0182   -0.5395
...   121 T-A ...
  -57.5961   45.5931   25.7708
   -0.2474    0.8983   -0.3631
    0.4727    0.4390    0.7641
    0.8458    0.0174   -0.5332
...   122 G-C ...
  -54.6670   45.8250   24.1395
   -0.0021    0.9777    0.2099
    0.5431   -0.1752    0.8212
    0.8397    0.1157   -0.5306
...   123 T-A ...
  -52.2497   46.5022   21.9583
    0.2580    0.7234    0.6404
    0.4596   -0.6749    0.5772
    0.8498    0.1455   -0.5066
...   124 G-C ...
  -49.2417   46.8923   20.5051
    0.3847    0.1702    0.9072
    0.2504   -0.9652    0.0749
    0.8884    0.1984   -0.4139
...   125 T-A ...
  -46.4013   48.1399   19.3411
    0.4252   -0.3850    0.8192
    0.0162   -0.9016   -0.4322
    0.9050    0.1970   -0.3771
...   126 C-G ...
  -43.3524   48.7583   18.2570
    0.3227   -0.8582    0.3992
   -0.2199   -0.4782   -0.8502
    0.9206    0.1866   -0.3431
...   127 G-C ...
  -40.3044   49.0054   16.7673
    0.0613   -0.9866   -0.1514
   -0.3119    0.1252   -0.9418
    0.9481    0.1049   -0.3001
...   128 A-T ...
  -37.1285   49.2413   15.8357
   -0.1452   -0.6997   -0.6995
   -0.2706    0.7081   -0.6522
    0.9517    0.0946   -0.2921
...   129 C-G ...
  -33.8518   48.9611   15.1115
   -0.2714   -0.1950   -0.9425
   -0.1427    0.9766   -0.1609
    0.9518    0.0908   -0.2929
...   130 C-G ...
  -30.6208   48.9882   14.0260
   -0.3596    0.3916   -0.8470
    0.0414    0.9135    0.4048
    0.9322    0.1105   -0.3447
...   131 A-T ...
  -27.4535   49.5504   13.0650
   -0.3394    0.8487   -0.4055
    0.2469    0.4964    0.8322
    0.9077    0.1823   -0.3780
...   132 A-T ...
  -24.5779   50.0754   11.6423
   -0.1409    0.9766    0.1627
    0.3860   -0.0971    0.9174
    0.9117    0.1921   -0.3632
...   133 A-T ...
  -21.7093   50.7935   10.3129
    0.0798    0.7323    0.6763
    0.3965   -0.6458    0.6525
    0.9145    0.2161   -0.3419
...   134 T-A ...
  -19.0084   52.0403    8.9385
    0.2450    0.2904    0.9250
    0.3072   -0.9282    0.2101
    0.9196    0.2327   -0.3166
...   135 G-C ...
  -16.4570   53.8981    7.5291
    0.5336   -0.3334    0.7773
    0.0348   -0.9096   -0.4140
    0.8450    0.2479   -0.4738
...   136 T-A ...
  -14.1681   56.5699    6.1949
    0.5795   -0.7269    0.3684
   -0.3140   -0.6163   -0.7222
    0.7521    0.3029   -0.5854
...   137 G-C ...
  -11.6469   58.0148    4.7337
    0.2454   -0.9541   -0.1717
   -0.6318   -0.0231   -0.7748
    0.7352    0.2986   -0.6085
...   138 A-T ...
   -8.6698   58.7290    3.6171
   -0.0344   -0.7815   -0.6230
   -0.6534    0.4892   -0.5777
    0.7562    0.3872   -0.5274
...   139 G-C ...
   -6.3212   59.0880    1.6441
   -0.2967   -0.3277   -0.8970
   -0.5657    0.8170   -0.1114
    0.7694    0.4744   -0.4278
...   140 C-G ...
   -3.4297   60.2438    1.0436
   -0.4424    0.2288   -0.8671
   -0.1682    0.9286    0.3309
    0.8809    0.2922   -0.3723
...   141 G-C ...
   -0.6894   63.9064   -2.2355
   -0.9992    0.0156   -0.0375
   -0.0024    0.8991    0.4378
    0.0405    0.4375   -0.8983
...   142 C-G ...
   -0.9980   65.6138   -4.9248
   -0.8337    0.5217    0.1810
    0.5169    0.6220    0.5881
    0.1942    0.5839   -0.7882
...   143 T-A ...
   -0.1245   66.2251   -7.8041
   -0.3751    0.8568    0.3538
    0.8856    0.2185    0.4098
    0.2739    0.4670   -0.8408
...   144 C-G ...
   -0.1581   67.4198  -10.7920
    0.1799    0.8792    0.4411
    0.9276   -0.3009    0.2214
    0.3274    0.3694   -0.8697
...   145 A-T ...
    0.5352   69.2488  -13.4512
    0.7352    0.4961    0.4620
    0.6117   -0.7791   -0.1369
    0.2921    0.3832   -0.8763
...   146 C-G ...
    1.4420   72.1065  -15.5857
    0.9808    0.0622    0.1849
    0.1266   -0.9240   -0.3608
    0.1484    0.3773   -0.9141
...   147 A-T ...
    2.3150   74.2412  -18.3713
    0.8657   -0.4292   -0.2574
   -0.4984   -0.7868   -0.3642
   -0.0462    0.4436   -0.8950
