  147 base-pairs
...     1 A-T ...
    0.0000    0.0000    0.0000
    1.0000    0.0000    0.0000
    0.0000    1.0000    0.0000
    0.0000    0.0000    1.0000
...     2 G-C ...
   -0.1394   -1.2357    3.2268
    0.7529    0.6366    0.1670
   -0.6386    0.7680   -0.0486
   -0.1592   -0.0700    0.9848
...     3 T-A ...
   -0.0365   -3.2932    6.3751
    0.2722    0.9301    0.2466
   -0.9238    0.3243   -0.2033
   -0.2691   -0.1725    0.9475
...     4 G-C ...
   -0.3505   -4.1660    9.4928
   -0.3756    0.9250    0.0579
   -0.8781   -0.3352   -0.3415
   -0.2965   -0.1791    0.9381
...     5 A-T ...
   -0.4462   -4.1476   12.7498
   -0.8116    0.5840   -0.0165
   -0.5523   -0.7762   -0.3042
   -0.1905   -0.2378    0.9524
...     6 G-C ...
   -1.5908   -4.1730   15.6201
   -0.9976    0.0246   -0.0651
   -0.0043   -0.9555   -0.2950
   -0.0695   -0.2940    0.9533
...     7 C-G ...
   -1.1030   -4.4824   18.7362
   -0.8441   -0.5304   -0.0787
    0.5345   -0.8441   -0.0432
   -0.0435   -0.0785    0.9960
...     8 G-C ...
   -2.4028   -7.7290   23.1475
   -0.2754   -0.3293   -0.9032
    0.6650   -0.7437    0.0684
   -0.6942   -0.5818    0.4238
...     9 C-G ...
   -4.4690   -9.9728   24.1132
    0.1145   -0.7025   -0.7024
    0.8512   -0.2952    0.4340
   -0.5122   -0.6476    0.5642
...    10 T-A ...
   -6.7405  -10.8752   25.9697
    0.4841   -0.8363   -0.2574
    0.6595    0.1553    0.7355
   -0.5751   -0.5258    0.6267
...    11 C-G ...
   -9.1656  -12.6208   27.1640
    0.7073   -0.6682    0.2307
    0.3448    0.6110    0.7126
   -0.6171   -0.4245    0.6626
...    12 A-T ...
  -10.9234  -14.6633   29.0693
    0.7515   -0.1377    0.6452
   -0.2029    0.8824    0.4246
   -0.6277   -0.4500    0.6352
...    13 C-G ...
  -11.8476  -17.4863   31.2451
    0.4295    0.2823    0.8578
   -0.5708    0.8209    0.0156
   -0.6998   -0.4963    0.5137
...    14 A-T ...
  -13.5897  -19.7827   33.4259
   -0.1504    0.6104    0.7777
   -0.6874    0.5008   -0.5260
   -0.7106   -0.6136    0.3443
...    15 A-T ...
  -15.8253  -21.8283   34.6081
   -0.5387    0.7865    0.3021
   -0.4504    0.0342   -0.8922
   -0.7120   -0.6166    0.3359
...    16 T-A ...
  -17.9290  -23.8128   36.4050
   -0.7306    0.6422   -0.2321
   -0.0595   -0.3984   -0.9153
   -0.6802   -0.6549    0.3293
...    17 T-A ...
  -20.1523  -25.7865   37.8050
   -0.6474    0.2437   -0.7222
    0.4070   -0.6906   -0.5979
   -0.6444   -0.6810    0.3478
...    18 T-A ...
  -22.3702  -27.8838   39.0157
   -0.2809   -0.2114   -0.9362
    0.7152   -0.6965   -0.0573
   -0.6400   -0.6857    0.3468
...    19 A-T ...
  -24.2690  -30.4828   40.2949
    0.2653   -0.6340   -0.7264
    0.7244   -0.3660    0.5841
   -0.6362   -0.6812    0.3622
...    20 T-A ...
  -26.7822  -32.5628   40.9807
    0.6069   -0.7421   -0.2843
    0.4702    0.0469    0.8813
   -0.6407   -0.6686    0.3774
...    21 T-A ...
  -28.9332  -34.8060   41.9625
    0.7516   -0.5785    0.3170
   -0.0009    0.4796    0.8775
   -0.6597   -0.6598    0.3600
...    22 C-G ...
  -31.0640  -37.0159   43.1932
    0.6110   -0.1502    0.7772
   -0.4698    0.7215    0.5088
   -0.6372   -0.6760    0.3702
...    23 G-C ...
  -33.4598  -38.8442   44.7836
    0.3314    0.3837    0.8619
   -0.7554    0.6553   -0.0013
   -0.5653   -0.6506    0.5071
...    24 C-G ...
  -34.9952  -41.2204   46.4827
   -0.0887    0.7102    0.6984
   -0.8140    0.3524   -0.4617
   -0.5740   -0.6095    0.5469
...    25 A-T ...
  -37.3660  -43.2147   47.8448
   -0.5352    0.8118    0.2335
   -0.5908   -0.1622   -0.7903
   -0.6037   -0.5609    0.5664
...    26 A-T ...
  -39.3430  -44.9594   49.8080
   -0.7781    0.5591   -0.2863
   -0.1615   -0.6186   -0.7689
   -0.6071   -0.5520    0.5716
...    27 A-T ...
  -41.2771  -46.5549   51.9092
   -0.7319    0.0658   -0.6782
    0.3439   -0.8236   -0.4511
   -0.5882   -0.5634    0.5802
...    28 G-C ...
  -43.5573  -48.1113   53.8904
   -0.3900   -0.3813   -0.8382
    0.6829   -0.7304    0.0145
   -0.6177   -0.5668    0.5452
...    29 G-C ...
  -45.9173  -49.9902   55.5815
    0.1285   -0.7192   -0.6829
    0.7702   -0.3614    0.5255
   -0.6247   -0.5935    0.5075
...    30 C-G ...
  -48.1715  -51.9886   56.9464
    0.5723   -0.7749   -0.2684
    0.5439    0.1138    0.8314
   -0.6137   -0.6218    0.4866
...    31 C-G ...
  -50.4465  -54.0410   58.4066
    0.8141   -0.5336    0.2292
    0.1160    0.5362    0.8361
   -0.5690   -0.6541    0.4984
...    32 G-C ...
  -52.2402  -55.8330   60.2465
    0.8018   -0.0915    0.5905
   -0.3448    0.7362    0.5823
   -0.4880   -0.6705    0.5588
...    33 G-C ...
  -53.6278  -58.2026   62.1918
    0.4972    0.4006    0.7696
   -0.7431    0.6545    0.1393
   -0.4479   -0.6412    0.6231
...    34 C-G ...
  -54.7854  -60.5395   64.2269
    0.0151    0.7455    0.6664
   -0.8939    0.3086   -0.3250
   -0.4479   -0.5908    0.6710
...    35 C-G ...
  -56.0585  -62.2859   66.8758
   -0.4515    0.8408    0.2987
   -0.7581   -0.1850   -0.6253
   -0.4705   -0.5088    0.7209
...    36 C-G ...
  -57.6502  -63.7132   69.4860
   -0.7800    0.6028   -0.1680
   -0.3854   -0.6743   -0.6299
   -0.4929   -0.4266    0.7583
...    37 G-C ...
  -59.4182  -65.9096   71.4945
   -0.8275    0.1231   -0.5478
    0.1251   -0.9108   -0.3936
   -0.5473   -0.3942    0.7383
...    38 A-T ...
  -61.2381  -67.1161   73.8533
   -0.5871   -0.4593   -0.6666
    0.5956   -0.8028    0.0285
   -0.5482   -0.3803    0.7449
...    39 C-G ...
  -63.4722  -68.1085   75.9861
   -0.1621   -0.8154   -0.5557
    0.8060   -0.4343    0.4021
   -0.5692   -0.3828    0.7276
...    40 A-T ...
  -65.3645  -69.5858   78.3988
    0.3913   -0.9007   -0.1885
    0.7316    0.1803    0.6574
   -0.5582   -0.3952    0.7296
...    41 C-G ...
  -67.4065  -71.2718   80.4780
    0.7296   -0.6572    0.1890
    0.4063    0.6389    0.6533
   -0.5501   -0.3999    0.7331
...    42 G-C ...
  -69.1731  -72.0794   83.1818
    0.8541   -0.1062    0.5091
   -0.1078    0.9215    0.3730
   -0.5088   -0.3735    0.7756
...    43 A-T ...
  -70.9819  -73.2920   85.4916
    0.6308    0.4693    0.6180
   -0.5738    0.8182   -0.0357
   -0.5224   -0.3321    0.7854
...    44 C-G ...
  -72.2489  -74.8838   88.0771
    0.2607    0.8617    0.4354
   -0.8324    0.4290   -0.3508
   -0.4890   -0.2710    0.8291
...    45 T-A ...
  -73.5198  -75.7557   91.2803
   -0.2263    0.9735    0.0336
   -0.8336   -0.1758   -0.5236
   -0.5039   -0.1465    0.8513
...    46 T-A ...
  -75.1634  -76.0734   93.9710
   -0.6012    0.7341   -0.3157
   -0.5954   -0.6750   -0.4357
   -0.5329   -0.0740    0.8429
...    47 A-T ...
  -77.2039  -76.2828   96.6140
   -0.7956    0.1705   -0.5814
   -0.1358   -0.9854   -0.1031
   -0.5904   -0.0031    0.8071
...    48 C-G ...
  -79.4272  -75.5773   99.0548
   -0.7327   -0.3978   -0.5521
    0.2936   -0.9167    0.2709
   -0.6139    0.0364    0.7885
...    49 T-A ...
  -81.8292  -75.1299  101.4178
   -0.4175   -0.8376   -0.3522
    0.6100   -0.5456    0.5746
   -0.6735    0.0250    0.7388
...    50 G-C ...
  -83.9431  -75.2001  103.9923
    0.0601   -0.9966    0.0564
    0.7344    0.0824    0.6737
   -0.6760    0.0009    0.7369
...    51 T-A ...
  -86.4195  -75.5003  106.0632
    0.4447   -0.7742    0.4504
    0.5770    0.6322    0.5171
   -0.6851    0.0300    0.7279
...    52 A-T ...
  -88.4568  -74.1293  108.7062
    0.6505   -0.0848    0.7547
    0.1438    0.9895   -0.0129
   -0.7457    0.1169    0.6559
...    53 G-C ...
  -91.0760  -73.7176  110.6874
    0.6981    0.4551    0.5527
   -0.2104    0.8683   -0.4492
   -0.6844    0.1973    0.7019
...    54 G-C ...
  -93.1456  -73.3436  113.5372
    0.5264    0.8445    0.0991
   -0.5816    0.4426   -0.6825
   -0.6203    0.3016    0.7241
...    55 T-A ...
  -94.7903  -72.3692  116.1213
    0.1842    0.9271   -0.3265
   -0.7746   -0.0675   -0.6289
   -0.6050    0.3687    0.7057
...    56 A-T ...
  -96.4048  -70.6553  118.6640
   -0.2042    0.6434   -0.7378
   -0.7747   -0.5669   -0.2800
   -0.5985    0.5144    0.6142
...    57 T-A ...
  -97.8483  -68.5138  120.6320
   -0.5586    0.2195   -0.7998
   -0.5695   -0.8026    0.1776
   -0.6030    0.5547    0.5734
...    58 C-G ...
  -99.9769  -66.4085  122.3683
   -0.7747   -0.3733   -0.5104
   -0.0988   -0.7257    0.6809
   -0.6246    0.5779    0.5253
...    59 T-A ...
 -102.3023  -64.4394  123.7662
   -0.6775   -0.7346   -0.0371
    0.3343   -0.3525    0.8741
   -0.6551    0.5798    0.4844
...    60 C-G ...
 -104.3954  -62.6788  125.6647
   -0.3320   -0.7592    0.5599
    0.6721    0.2261    0.7051
   -0.6618    0.6104    0.4352
...    61 G-C ...
 -105.9161  -60.2406  127.4075
    0.1342   -0.4375    0.8892
    0.7559    0.6254    0.1936
   -0.6408    0.6461    0.4146
...    62 A-T ...
 -107.7404  -57.6484  128.3329
    0.5968    0.0494    0.8009
    0.5475    0.7046   -0.4515
   -0.5866    0.7079    0.3934
...    63 G-C ...
 -109.6890  -55.2824  129.5784
    0.8273    0.4076    0.3865
    0.1463    0.5079   -0.8489
   -0.5423    0.7589    0.3606
...    64 C-G ...
 -111.5328  -52.9081  131.2225
    0.7875    0.5789   -0.2114
   -0.3604    0.1543   -0.9200
   -0.4999    0.8007    0.3301
...    65 T-A ...
 -113.0131  -50.1975  132.5183
    0.5279    0.4658   -0.7102
   -0.7351   -0.1682   -0.6568
   -0.4254    0.8688    0.2536
...    66 C-G ...
 -114.3813  -47.2385  133.0237
    0.0304    0.2122   -0.9768
   -0.9371   -0.3339   -0.1017
   -0.3478    0.9184    0.1887
...    67 G-C ...
 -116.2809  -44.3896  133.0842
   -0.4800   -0.0955   -0.8720
   -0.8224   -0.2969    0.4852
   -0.3053    0.9501    0.0640
...    68 G-C ...
 -117.2954  -41.1233  132.6655
   -0.8520   -0.3003   -0.4289
   -0.4135   -0.1168    0.9030
   -0.3213    0.9467   -0.0246
...    69 G-C ...
 -118.7533  -38.1047  132.1415
   -0.9126   -0.3700    0.1737
    0.1223    0.1583    0.9798
   -0.3900    0.9154   -0.0992
...    70 A-T ...
 -120.1278  -35.0582  131.4186
   -0.6470   -0.1233    0.7524
    0.6770    0.3611    0.6413
   -0.3508    0.9244   -0.1501
...    71 T-A ...
 -121.7551  -32.2607  130.6424
   -0.1787    0.1145    0.9772
    0.9234    0.3624    0.1264
   -0.3397    0.9250   -0.1704
...    72 C-G ...
 -123.1753  -29.2161  130.0394
    0.4382    0.3578    0.8246
    0.8395    0.1649   -0.5177
   -0.3212    0.9191   -0.2281
...    73 C-G ...
 -124.4405  -26.3266  128.9710
    0.8609    0.2683    0.4323
    0.4706   -0.0973   -0.8769
   -0.1932    0.9584   -0.2100
...    74 G-C ...
 -124.8371  -23.2097  127.7794
    0.9929    0.0250   -0.1163
   -0.1068   -0.2417   -0.9645
   -0.0522    0.9700   -0.2373
...    75 C-G ...
 -124.9195  -19.7702  127.4218
    0.7509   -0.1646   -0.6396
   -0.6597   -0.2324   -0.7147
   -0.0310    0.9586   -0.2831
...    76 T-A ...
 -124.5318  -16.4428  126.5148
    0.2332   -0.3368   -0.9122
   -0.9721   -0.0582   -0.2271
    0.0234    0.9398   -0.3410
...    77 T-A ...
 -124.1261  -13.4614  125.2658
   -0.3805   -0.3274   -0.8649
   -0.9239    0.1744    0.3405
    0.0393    0.9286   -0.3689
...    78 T-A ...
 -123.9088  -10.5304  123.8681
   -0.8454   -0.1855   -0.5010
   -0.5330    0.3548    0.7681
    0.0352    0.9164   -0.3988
...    79 A-T ...
 -124.0574   -7.2429  123.1041
   -0.9872    0.1447    0.0670
    0.1213    0.4083    0.9048
    0.1035    0.9013   -0.4206
...    80 A-T ...
 -123.7595   -4.4232  121.5046
   -0.6966    0.4320    0.5728
    0.6982    0.2245    0.6798
    0.1651    0.8735   -0.4581
...    81 C-G ...
 -123.6754   -1.5516  119.6189
   -0.1510    0.5318    0.8333
    0.9713   -0.0770    0.2252
    0.1839    0.8433   -0.5049
...    82 A-T ...
 -122.9701    1.2219  117.8736
    0.4852    0.3535    0.7998
    0.8433   -0.4309   -0.3212
    0.2311    0.8303   -0.5071
...    83 C-G ...
 -122.6569    4.3257  116.5526
    0.8582    0.0541    0.5104
    0.4443   -0.5762   -0.6860
    0.2570    0.8155   -0.5186
...    84 T-A ...
 -121.7179    7.4860  115.1889
    0.9275   -0.3682    0.0639
   -0.1475   -0.5178   -0.8427
    0.3434    0.7722   -0.5346
...    85 T-A ...
 -120.3822   10.0458  113.7123
    0.6618   -0.6276   -0.4101
   -0.6553   -0.2185   -0.7231
    0.3642    0.7473   -0.5559
...    86 T-A ...
 -119.0807   12.3509  111.8573
    0.1445   -0.7059   -0.6934
   -0.9056    0.1881   -0.3802
    0.3988    0.6829   -0.6120
...    87 A-T ...
 -117.9172   14.5018  109.5793
   -0.4507   -0.5279   -0.7198
   -0.7999    0.5968    0.0632
    0.3962    0.6042   -0.6913
...    88 T-A ...
 -116.1714   15.8334  107.2044
   -0.7986   -0.2049   -0.5659
   -0.4686    0.8017    0.3710
    0.3777    0.5615   -0.7363
...    89 G-C ...
 -115.0434   17.4725  104.5398
   -0.9490    0.2749   -0.1544
    0.1295    0.7864    0.6040
    0.2874    0.5532   -0.7819
...    90 C-G ...
 -114.3702   19.1249  101.6792
   -0.7023    0.6767    0.2211
    0.6557    0.4939    0.5711
    0.2773    0.5460   -0.7906
...    91 T-A ...
 -113.9437   21.0600   98.7999
   -0.1757    0.8458    0.5037
    0.9552    0.0227    0.2950
    0.2380    0.5330   -0.8119
...    92 T-A ...
 -113.3990   22.8008   96.1359
    0.4117    0.7042    0.5784
    0.8771   -0.4785   -0.0418
    0.2473    0.5245   -0.8147
...    93 C-G ...
 -112.7236   24.6870   93.4051
    0.8627    0.2490    0.4401
    0.4281   -0.8229   -0.3736
    0.2692    0.5107   -0.8165
...    94 C-G ...
 -112.0876   26.3411   90.6120
    0.9115   -0.3012    0.2800
   -0.1119   -0.8368   -0.5359
    0.3958    0.4572   -0.7965
...    95 G-C ...
 -110.9457   27.4399   87.8989
    0.6533   -0.7542    0.0655
   -0.5728   -0.5490   -0.6087
    0.4950    0.3602   -0.7907
...    96 G-C ...
 -109.0078   28.3813   85.3578
    0.1678   -0.9638   -0.2073
   -0.8269   -0.0231   -0.5619
    0.5367    0.2657   -0.8008
...    97 C-G ...
 -106.7629   28.7443   82.8849
   -0.3574   -0.8215   -0.4443
   -0.7624    0.5314   -0.3692
    0.5394    0.2068   -0.8163
...    98 T-A ...
 -104.8720   29.1527   80.1841
   -0.7431   -0.4121   -0.5273
   -0.4221    0.9000   -0.1086
    0.5193    0.1419   -0.8427
...    99 C-G ...
 -103.1779   29.5618   77.3542
   -0.8518    0.2117   -0.4792
    0.1182    0.9688    0.2180
    0.5104    0.1290   -0.8502
...   100 T-A ...
 -101.7673   29.7879   74.3235
   -0.6646    0.7066   -0.2430
    0.5841    0.6941    0.4207
    0.4660    0.1376   -0.8740
...   101 C-G ...
 -100.3785   30.4458   71.4067
   -0.2113    0.9758    0.0555
    0.8698    0.1618    0.4661
    0.4458    0.1467   -0.8830
...   102 A-T ...
  -98.6375   30.6109   68.4861
    0.2908    0.8724    0.3929
    0.8399   -0.4295    0.3319
    0.4582    0.2334   -0.8576
...   103 T-A ...
  -97.5117   31.6864   65.5954
    0.6709    0.5165    0.5321
    0.5680   -0.8192    0.0789
    0.4766    0.2493   -0.8430
...   104 G-C ...
  -95.8479   32.6021   62.6833
    0.8385   -0.1143    0.5327
    0.0326   -0.9655   -0.2585
    0.5439    0.2341   -0.8059
...   105 T-A ...
  -93.9166   33.9210   60.2507
    0.7139   -0.6281    0.3096
   -0.4367   -0.7450   -0.5043
    0.5474    0.2248   -0.8061
...   106 T-A ...
  -92.0197   34.6834   57.8062
    0.3197   -0.9475   -0.0067
   -0.7617   -0.2527   -0.5967
    0.5636    0.1959   -0.8025
...   107 A-T ...
  -90.3514   35.2441   54.8921
   -0.2478   -0.9007   -0.3570
   -0.7858    0.4023   -0.4697
    0.5667    0.1642   -0.8074
...   108 T-A ...
  -88.0483   35.2857   52.5573
   -0.6155   -0.5594   -0.5553
   -0.5390    0.8127   -0.2213
    0.5750    0.1631   -0.8017
...   109 A-T ...
  -86.1260   36.0465   49.8119
   -0.8051    0.1101   -0.5828
   -0.0013    0.9823    0.1873
    0.5931    0.1516   -0.7907
...   110 A-T ...
  -84.2740   36.3312   47.1916
   -0.6425    0.6681   -0.3753
    0.4679    0.7299    0.4983
    0.6068    0.1445   -0.7816
...   111 C-G ...
  -82.6357   36.4115   44.1549
   -0.2594    0.9651   -0.0373
    0.7428    0.2240    0.6310
    0.6173    0.1360   -0.7749
...   112 G-C ...
  -80.3948   37.0101   41.8342
    0.1889    0.8962    0.4015
    0.7598   -0.3924    0.5184
    0.6221    0.2071   -0.7550
...   113 G-C ...
  -78.4049   37.9273   39.3639
    0.5057    0.5197    0.6886
    0.5567   -0.8063    0.1998
    0.6591    0.2823   -0.6971
...   114 A-T ...
  -76.2146   38.7823   37.0782
    0.7160   -0.0809    0.6933
    0.1412   -0.9559   -0.2574
    0.6836    0.2822   -0.6731
...   115 G-C ...
  -73.6739   40.1040   35.2861
    0.6067   -0.6167    0.5016
   -0.2561   -0.7489   -0.6112
    0.7526    0.2423   -0.6123
...   116 T-A ...
  -70.8817   41.1431   33.8322
    0.3433   -0.9315    0.1201
   -0.5329   -0.2984   -0.7918
    0.7735    0.2078   -0.5988
...   117 A-T ...
  -67.9423   41.6707   32.1629
   -0.0886   -0.9375   -0.3365
   -0.6029    0.3194   -0.7311
    0.7929    0.1381   -0.5936
...   118 T-A ...
  -65.0041   41.6967   30.7013
   -0.3736   -0.6334   -0.6776
   -0.4674    0.7596   -0.4524
    0.8012    0.1477   -0.5799
...   119 A-T ...
  -62.2901   42.4552   28.7076
   -0.5557    0.0359   -0.8306
   -0.1061    0.9878    0.1137
    0.8246    0.1513   -0.5452
...   120 A-T ...
  -59.6261   42.5984   26.8416
   -0.5084    0.6015   -0.6163
    0.2282    0.7841    0.5771
    0.8304    0.1527   -0.5359
...   121 T-A ...
  -57.1340   42.6791   24.6021
   -0.3001    0.9278   -0.2217
    0.4555    0.3436    0.8213
    0.8382    0.1454   -0.5257
...   122 G-C ...
  -54.3007   43.2085   22.6501
   -0.0317    0.9309    0.3639
    0.5401   -0.2904    0.7899
    0.8410    0.2216   -0.4936
...   123 T-A ...
  -51.8115   44.1549   20.7208
    0.2272    0.6402    0.7339
    0.4698   -0.7321    0.4932
    0.8530    0.2327   -0.4671
...   124 G-C ...
  -48.9157   45.0183   19.2160
    0.3761    0.0662    0.9242
    0.2768   -0.9599   -0.0439
    0.8842    0.2724   -0.3794
...   125 T-A ...
  -46.2138   46.3300   18.1305
    0.4125   -0.4648    0.7835
    0.0564   -0.8454   -0.5312
    0.9092    0.2633   -0.3225
...   126 C-G ...
  -43.2566   47.0904   17.2899
    0.3702   -0.8734    0.3165
   -0.1700   -0.3986   -0.9012
    0.9133    0.2798   -0.2961
...   127 G-C ...
  -40.3116   47.6251   15.7723
    0.1152   -0.9723   -0.2035
   -0.2737    0.1659   -0.9474
    0.9549    0.1648   -0.2470
...   128 A-T ...
  -37.2392   48.1290   15.0390
   -0.0615   -0.6754   -0.7349
   -0.2889    0.7168   -0.6346
    0.9554    0.1733   -0.2392
...   129 C-G ...
  -33.9398   48.0060   14.6190
   -0.2348   -0.1843   -0.9544
   -0.2047    0.9692   -0.1368
    0.9502    0.1633   -0.2653
...   130 C-G ...
  -30.7310   48.1409   13.4487
   -0.3845    0.3613   -0.8495
   -0.0197    0.9168    0.3988
    0.9229    0.1701   -0.3454
...   131 A-T ...
  -27.5553   49.2744   12.9905
   -0.3629    0.8340   -0.4157
    0.1947    0.5041    0.8414
    0.9113    0.2244   -0.3453
...   132 A-T ...
  -24.6099   49.9741   11.7259
   -0.1972    0.9680    0.1552
    0.3643   -0.0746    0.9283
    0.9102    0.2396   -0.3380
...   133 A-T ...
  -21.7828   50.8510   10.2936
    0.0759    0.7405    0.6677
    0.3947   -0.6373    0.6619
    0.9157    0.2133   -0.3406
...   134 T-A ...
  -19.0083   52.0402    8.9385
    0.2450    0.2904    0.9250
    0.3072   -0.9282    0.2101
    0.9196    0.2327   -0.3166
...   135 G-C ...
  -16.4569   53.8980    7.5291
    0.5336   -0.3334    0.7773
    0.0348   -0.9096   -0.4140
    0.8450    0.2479   -0.4738
...   136 T-A ...
  -14.1680   56.5698    6.1949
    0.5795   -0.7269    0.3684
   -0.3140   -0.6163   -0.7222
    0.7521    0.3028   -0.5854
...   137 G-C ...
  -11.6468   58.0146    4.7337
    0.2454   -0.9541   -0.1717
   -0.6318   -0.0231   -0.7748
    0.7352    0.2986   -0.6085
...   138 A-T ...
   -8.6697   58.7289    3.6171
   -0.0344   -0.7815   -0.6230
   -0.6534    0.4892   -0.5777
    0.7562    0.3872   -0.5274
...   139 G-C ...
   -6.3210   59.0879    1.6441
   -0.2967   -0.3277   -0.8970
   -0.5657    0.8170   -0.1114
    0.7694    0.4744   -0.4278
...   140 C-G ...
   -3.4295   60.2437    1.0436
   -0.4424    0.2288   -0.8671
   -0.1682    0.9286    0.3309
    0.8809    0.2922   -0.3723
...   141 G-C ...
   -0.6892   63.9062   -2.2355
   -0.9992    0.0156   -0.0375
   -0.0024    0.8991    0.4378
    0.0405    0.4375   -0.8983
...   142 C-G ...
   -0.9979   65.6137   -4.9248
   -0.8337    0.5217    0.1810
    0.5169    0.6220    0.5881
    0.1942    0.5839   -0.7882
...   143 T-A ...
   -0.1243   66.2250   -7.8041
   -0.3751    0.8568    0.3538
    0.8856    0.2185    0.4098
    0.2739    0.4670   -0.8408
...   144 C-G ...
   -0.1579   67.4196  -10.7921
    0.1799    0.8792    0.4411
    0.9276   -0.3009    0.2214
    0.3274    0.3694   -0.8697
...   145 A-T ...
    0.5354   69.2486  -13.4513
    0.7352    0.4961    0.4620
    0.6117   -0.7791   -0.1369
    0.2921    0.3832   -0.8763
...   146 C-G ...
    1.4422   72.1063  -15.5858
    0.9808    0.0622    0.1849
    0.1266   -0.9240   -0.3608
    0.1484    0.3773   -0.9141
...   147 A-T ...
    2.3151   74.2410  -18.3713
    0.8657   -0.4292   -0.2574
   -0.4984   -0.7868   -0.3642
   -0.0462    0.4436   -0.8950
