  147 base-pairs
...     1 A-T ...
    0.0000    0.0000    0.0000
    1.0000    0.0000    0.0000
    0.0000    1.0000    0.0000
    0.0000    0.0000    1.0000
...     2 G-C ...
   -0.1394   -1.2357    3.2268
    0.7529    0.6366    0.1670
   -0.6386    0.7680   -0.0486
   -0.1592   -0.0700    0.9848
...     3 T-A ...
   -0.0365   -3.2932    6.3751
    0.2722    0.9301    0.2466
   -0.9238    0.3243   -0.2033
   -0.2691   -0.1725    0.9475
...     4 G-C ...
   -0.3505   -4.1660    9.4928
   -0.3756    0.9250    0.0579
   -0.8781   -0.3352   -0.3415
   -0.2965   -0.1791    0.9381
...     5 A-T ...
   -0.4462   -4.1476   12.7498
   -0.8116    0.5840   -0.0165
   -0.5523   -0.7762   -0.3042
   -0.1905   -0.2378    0.9524
...     6 G-C ...
   -1.5908   -4.1730   15.6201
   -0.9976    0.0246   -0.0651
   -0.0043   -0.9555   -0.2950
   -0.0695   -0.2940    0.9533
...     7 C-G ...
   -1.1030   -4.4824   18.7362
   -0.8441   -0.5304   -0.0787
    0.5345   -0.8441   -0.0432
   -0.0435   -0.0785    0.9960
...     8 G-C ...
   -2.4028   -7.7290   23.1475
   -0.2754   -0.3293   -0.9032
    0.6650   -0.7437    0.0684
   -0.6942   -0.5818    0.4238
...     9 C-G ...
   -4.4690   -9.9728   24.1132
    0.1145   -0.7025   -0.7024
    0.8512   -0.2952    0.4340
   -0.5122   -0.6476    0.5642
...    10 T-A ...
   -6.7405  -10.8752   25.9697
    0.4841   -0.8363   -0.2574
    0.6595    0.1553    0.7355
   -0.5751   -0.5258    0.6267
...    11 C-G ...
   -9.1656  -12.6208   27.1640
    0.7073   -0.6682    0.2307
    0.3448    0.6110    0.7126
   -0.6171   -0.4245    0.6626
...    12 A-T ...
  -10.9234  -14.6633   29.0693
    0.7515   -0.1377    0.6452
   -0.2029    0.8824    0.4246
   -0.6277   -0.4500    0.6352
...    13 C-G ...
  -11.8476  -17.4863   31.2451
    0.4295    0.2823    0.8578
   -0.5708    0.8209    0.0156
   -0.6998   -0.4963    0.5137
...    14 A-T ...
  -13.5897  -19.7827   33.4259
   -0.1504    0.6104    0.7777
   -0.6874    0.5008   -0.5260
   -0.7106   -0.6136    0.3443
...    15 A-T ...
  -15.7349  -21.8912   34.6869
   -0.5466    0.7750    0.3172
   -0.4499    0.0477   -0.8918
   -0.7063   -0.6301    0.3226
...    16 T-A ...
  -17.8151  -23.8431   36.3546
   -0.7026    0.6838   -0.1969
   -0.0915   -0.3612   -0.9280
   -0.7057   -0.6340    0.3164
...    17 T-A ...
  -20.1143  -25.8015   37.5601
   -0.6181    0.3398   -0.7089
    0.3462   -0.6920   -0.6335
   -0.7058   -0.6370    0.3101
...    18 T-A ...
  -22.5154  -27.7071   38.6416
   -0.2900   -0.1304   -0.9481
    0.6441   -0.7593   -0.0925
   -0.7079   -0.6375    0.3042
...    19 A-T ...
  -24.6468  -30.1476   39.6617
    0.2090   -0.5735   -0.7921
    0.6689   -0.5071    0.5436
   -0.7134   -0.6434    0.2776
...    20 T-A ...
  -27.3476  -32.0173   40.0371
    0.5261   -0.7562   -0.3890
    0.4577   -0.1338    0.8790
   -0.7168   -0.6405    0.2757
...    21 T-A ...
  -29.7653  -34.1102   40.6771
    0.6805   -0.7002    0.2159
    0.0555    0.3430    0.9377
   -0.7306   -0.6262    0.2722
...    22 C-G ...
  -32.1268  -36.2798   41.5097
    0.5814   -0.3340    0.7419
   -0.3789    0.6958    0.6102
   -0.7200   -0.6359    0.2780
...    23 G-C ...
  -34.7309  -38.1284   42.6669
    0.3099    0.1950    0.9306
   -0.6609    0.7478    0.0634
   -0.6835   -0.6347    0.3606
...    24 C-G ...
  -36.6981  -40.5247   43.9391
   -0.0908    0.6099    0.7873
   -0.7207    0.5054   -0.4746
   -0.6873   -0.6105    0.3936
...    25 A-T ...
  -39.2000  -42.4664   45.0750
   -0.4355    0.8451    0.3100
   -0.5372    0.0323   -0.8428
   -0.7223   -0.5336    0.4400
...    26 A-T ...
  -41.4688  -44.1386   46.6905
   -0.6618    0.7072   -0.2489
   -0.1790   -0.4715   -0.8635
   -0.7280   -0.5269    0.4385
...    27 A-T ...
  -43.8607  -45.6821   48.2551
   -0.6352    0.2982   -0.7125
    0.2394   -0.8010   -0.5487
   -0.7343   -0.5191    0.4374
...    28 G-C ...
  -46.4861  -47.1434   49.7039
   -0.3522   -0.1638   -0.9215
    0.5327   -0.8446   -0.0535
   -0.7696   -0.5097    0.3847
...    29 G-C ...
  -49.3084  -48.7349   50.7129
    0.0653   -0.5801   -0.8119
    0.6089   -0.6215    0.4930
   -0.7906   -0.5266    0.3126
...    30 C-G ...
  -52.1553  -50.3942   51.3567
    0.4208   -0.8169   -0.3946
    0.4491   -0.1904    0.8730
   -0.7882   -0.5445    0.2867
...    31 C-G ...
  -54.8361  -52.3857   52.0240
    0.6464   -0.7462    0.1591
    0.1119    0.2990    0.9476
   -0.7547   -0.5948    0.2768
...    32 G-C ...
  -57.3767  -54.2152   53.3385
    0.6512   -0.3742    0.6602
   -0.2954    0.6764    0.6747
   -0.6990   -0.6344    0.3299
...    33 G-C ...
  -59.6353  -56.5660   54.3167
    0.4248    0.1261    0.8965
   -0.6113    0.7703    0.1813
   -0.6677   -0.6251    0.4043
...    34 C-G ...
  -61.5479  -58.9514   55.6647
    0.0455    0.5705    0.8200
   -0.7424    0.5685   -0.3544
   -0.6684   -0.5927    0.4494
...    35 C-G ...
  -63.6013  -61.0205   57.3886
   -0.3054    0.8485    0.4322
   -0.6533    0.1435   -0.7434
   -0.6928   -0.5093    0.5105
...    36 C-G ...
  -65.8502  -62.5669   59.3763
   -0.5440    0.8318   -0.1102
   -0.3958   -0.3702   -0.8404
   -0.7398   -0.4136    0.5306
...    37 G-C ...
  -68.6186  -63.9448   60.7789
   -0.5798    0.5108   -0.6348
   -0.0614   -0.8042   -0.5911
   -0.8125   -0.3038    0.4976
...    38 A-T ...
  -71.4020  -64.8099   62.3339
   -0.4765   -0.0772   -0.8758
    0.2768   -0.9587   -0.0661
   -0.8345   -0.2739    0.4781
...    39 C-G ...
  -74.4438  -65.1387   63.6995
   -0.2405   -0.5864   -0.7735
    0.4718   -0.7670    0.4348
   -0.8483   -0.2604    0.4611
...    40 A-T ...
  -77.1098  -66.2872   65.3766
    0.1321   -0.9210   -0.3665
    0.4963   -0.2586    0.8287
   -0.8580   -0.2914    0.4229
...    41 C-G ...
  -80.2305  -67.2834   66.1885
    0.3804   -0.9120    0.1536
    0.3409    0.2926    0.8934
   -0.8597   -0.2875    0.4222
...    42 G-C ...
  -83.0333  -67.9689   67.9752
    0.5697   -0.5389    0.6205
    0.0584    0.7796    0.6235
   -0.8198   -0.3190    0.4756
...    43 A-T ...
  -85.8043  -69.0445   69.4195
    0.5115    0.0560    0.8575
   -0.2822    0.9535    0.1060
   -0.8116   -0.2962    0.5035
...    44 C-G ...
  -88.2115  -70.5716   71.1171
    0.3143    0.5743    0.7559
   -0.5090    0.7741   -0.3764
   -0.8013   -0.2664    0.5356
...    45 T-A ...
  -90.6729  -71.5419   73.1286
    0.0639    0.9239    0.3772
   -0.6112    0.3350   -0.7171
   -0.7889   -0.1847    0.5861
...    46 T-A ...
  -93.1171  -72.0945   75.1720
   -0.2607    0.9562   -0.1331
   -0.5481   -0.2601   -0.7950
   -0.7948   -0.1343    0.5919
...    47 A-T ...
  -95.9199  -72.4099   76.9942
   -0.4608    0.6127   -0.6421
   -0.3239   -0.7896   -0.5211
   -0.8263   -0.0321    0.5623
...    48 C-G ...
  -98.5428  -71.8408   78.9537
   -0.5400    0.0885   -0.8370
   -0.0554   -0.9960   -0.0697
   -0.8399    0.0087    0.5427
...    49 T-A ...
 -101.4657  -71.4901   80.5337
   -0.4547   -0.4826   -0.7486
    0.2082   -0.8748    0.4376
   -0.8660    0.0431    0.4982
...    50 G-C ...
 -104.2988  -71.7583   82.3121
   -0.2106   -0.9211   -0.3273
    0.4115   -0.3872    0.8250
   -0.8868    0.0390    0.4606
...    51 T-A ...
 -107.5421  -71.5640   83.2744
    0.0404   -0.9801    0.1942
    0.4657    0.1904    0.8642
   -0.8840    0.0555    0.4641
...    52 A-T ...
 -110.2455  -70.7297   85.3008
    0.2693   -0.5568    0.7858
    0.3616    0.8147    0.4534
   -0.8926    0.1621    0.4208
...    53 G-C ...
 -113.3032  -70.4147   86.6331
    0.4753   -0.0148    0.8797
    0.1770    0.9810   -0.0791
   -0.8619    0.1933    0.4689
...    54 G-C ...
 -116.3059  -69.9812   88.1673
    0.5813    0.5174    0.6280
   -0.1033    0.8125   -0.5738
   -0.8071    0.2686    0.5258
...    55 T-A ...
 -118.7352  -69.4571   90.3342
    0.4890    0.8519    0.1875
   -0.3945    0.4077   -0.8235
   -0.7780    0.3287    0.5355
...    56 A-T ...
 -121.2040  -68.1378   92.1754
    0.2934    0.8639   -0.4094
   -0.6402   -0.1405   -0.7552
   -0.7099    0.4837    0.5119
...    57 T-A ...
 -123.0005  -66.2890   94.1787
   -0.0480    0.6512   -0.7573
   -0.7151   -0.5518   -0.4291
   -0.6973    0.5210    0.4922
...    58 C-G ...
 -125.2737  -64.3674   95.5639
   -0.4405    0.1671   -0.8821
   -0.5813   -0.8018    0.1384
   -0.6841    0.5737    0.4503
...    59 T-A ...
 -127.4925  -62.1653   96.7350
   -0.6670   -0.3278   -0.6691
   -0.2835   -0.7188    0.6348
   -0.6890    0.6131    0.3865
...    60 C-G ...
 -129.8925  -60.1367   97.8146
   -0.7164   -0.6873   -0.1200
    0.1732   -0.3418    0.9237
   -0.6759    0.6410    0.3639
...    61 G-C ...
 -132.0343  -58.1165   99.5114
   -0.4545   -0.7616    0.4620
    0.5597    0.1593    0.8132
   -0.6930    0.6282    0.3539
...    62 A-T ...
 -134.3493  -55.9432  100.5171
   -0.0172   -0.4819    0.8761
    0.7419    0.5812    0.3343
   -0.6703    0.6557    0.3475
...    63 G-C ...
 -136.7687  -53.8967  101.6079
    0.4323   -0.1021    0.8959
    0.6495    0.7245   -0.2309
   -0.6255    0.6817    0.3795
...    64 C-G ...
 -139.1365  -51.9190  102.9102
    0.7603    0.2804    0.5859
    0.3128    0.6325   -0.7086
   -0.5693    0.7220    0.3932
...    65 T-A ...
 -140.9538  -49.6151  104.4646
    0.8644    0.4985    0.0652
   -0.1493    0.3784   -0.9135
   -0.4801    0.7799    0.4015
...    66 C-G ...
 -142.4295  -47.0196  105.7929
    0.6497    0.5521   -0.5226
   -0.6392    0.0247   -0.7686
   -0.4115    0.8334    0.3690
...    67 G-C ...
 -143.7883  -44.0126  106.5717
    0.2412    0.3225   -0.9153
   -0.9236   -0.2135   -0.3185
   -0.2981    0.9222    0.2463
...    68 G-C ...
 -144.4023  -40.6939  106.9181
   -0.2858    0.0560   -0.9567
   -0.9249   -0.2775    0.2600
   -0.2509    0.9591    0.1311
...    69 G-C ...
 -145.1772  -37.3762  106.7225
   -0.7443   -0.1712   -0.6455
   -0.6206   -0.1797    0.7633
   -0.2467    0.9687    0.0275
...    70 A-T ...
 -146.0742  -34.1652  106.5946
   -0.9739   -0.2255   -0.0270
   -0.0278    0.0003    0.9996
   -0.2254    0.9742   -0.0066
...    71 T-A ...
 -146.9141  -31.0107  105.8573
   -0.8461   -0.1370    0.5151
    0.5029    0.1152    0.8567
   -0.1766    0.9839   -0.0286
...    72 C-G ...
 -147.5200  -27.7349  105.6295
   -0.3450   -0.0057    0.9386
    0.9271    0.1540    0.3417
   -0.1465    0.9881   -0.0478
...    73 A-T ...
 -147.5088  -24.3895  105.3224
    0.3110    0.0454    0.9493
    0.9448    0.0933   -0.3140
   -0.1028    0.9946   -0.0138
...    74 T-A ...
 -148.3970  -21.2169  105.5927
    0.7614    0.0874    0.6424
    0.6424    0.0320   -0.7657
   -0.0875    0.9957   -0.0318
...    75 G-C ...
 -148.4889  -17.8637  105.2786
    0.9959   -0.0442    0.0783
    0.0772   -0.0274   -0.9966
    0.0462    0.9986   -0.0239
...    76 T-A ...
 -148.0986  -14.6414  105.7652
    0.8777   -0.1249   -0.4626
   -0.4660    0.0025   -0.8848
    0.1117    0.9922   -0.0560
...    77 T-A ...
 -147.5387  -11.4659  105.6191
    0.4429   -0.1637   -0.8815
   -0.8822    0.0957   -0.4610
    0.1598    0.9819   -0.1020
...    78 A-T ...
 -146.9362   -8.2275  104.9549
   -0.1938   -0.1802   -0.9643
   -0.9592    0.2408    0.1478
    0.2056    0.9537   -0.2196
...    79 T-A ...
 -145.6803   -5.3618  103.9146
   -0.6660   -0.0298   -0.7454
   -0.7127    0.3204    0.6240
    0.2202    0.9468   -0.2346
...    80 A-T ...
 -145.1693   -1.9894  103.5325
   -0.9556    0.2556   -0.1464
   -0.0744    0.2715    0.9596
    0.2850    0.9279   -0.2405
...    81 A-T ...
 -144.2405    0.9476  102.4115
   -0.7815    0.4359    0.4464
    0.5162    0.0498    0.8550
    0.3505    0.8986   -0.2640
...    82 C-G ...
 -143.4982    3.9557  101.0457
   -0.3584    0.4063    0.8405
    0.8602   -0.2061    0.4665
    0.3628    0.8902   -0.2756
...    83 G-C ...
 -141.7349    6.6915  100.0722
    0.1998    0.1481    0.9686
    0.8916   -0.4374   -0.1171
    0.4063    0.8870   -0.2195
...    84 G-C ...
 -140.5599    9.7524   99.1979
    0.6337   -0.1970    0.7481
    0.6073   -0.4724   -0.6388
    0.4792    0.8591   -0.1797
...    85 A-T ...
 -139.0656   12.6020   98.5674
    0.8403   -0.4906    0.2306
    0.1002   -0.2774   -0.9555
    0.5328    0.8260   -0.1840
...    86 T-A ...
 -137.2300   15.3051   98.6049
    0.7536   -0.5948   -0.2798
   -0.3407    0.0106   -0.9401
    0.5621    0.8038   -0.1947
...    87 C-G ...
 -135.2461   17.8140   97.9389
    0.3645   -0.5325   -0.7639
   -0.7028    0.3808   -0.6008
    0.6108    0.7559   -0.2355
...    88 C-G ...
 -132.8607   19.9871   96.9330
   -0.1487   -0.3101   -0.9390
   -0.7474    0.6570   -0.0986
    0.6475    0.6871   -0.3295
...    89 G-C ...
 -131.0156   22.3985   95.4183
   -0.6156    0.0542   -0.7862
   -0.4671    0.7784    0.4194
    0.6348    0.6254   -0.4538
...    90 C-G ...
 -128.9403   24.1692   93.4627
   -0.7861    0.4708   -0.4005
   -0.0114    0.6368    0.7709
    0.6180    0.6106   -0.4952
...    91 T-A ...
 -127.0350   26.0817   91.4713
   -0.6691    0.7354    0.1076
    0.4500    0.2856    0.8461
    0.5915    0.6145   -0.5220
...    92 T-A ...
 -125.2372   27.9645   89.4862
   -0.2268    0.7937    0.5645
    0.7519   -0.2257    0.6194
    0.6190    0.5649   -0.5456
...    93 T-A ...
 -123.4336   29.8295   87.4959
    0.2992    0.5231    0.7980
    0.7213   -0.6715    0.1698
    0.6247    0.5248   -0.5782
...    94 A-T ...
 -121.0487   31.0297   85.3375
    0.7181   -0.0466    0.6943
    0.3160   -0.8671   -0.3850
    0.6200    0.4959   -0.6080
...    95 A-T ...
 -119.0610   32.7958   83.4681
    0.7618   -0.5530    0.3374
   -0.1776   -0.6792   -0.7122
    0.6230    0.4826   -0.6156
...    96 C-G ...
 -116.7669   34.6333   81.9472
    0.5163   -0.8532   -0.0736
   -0.5569   -0.2692   -0.7858
    0.6506    0.4467   -0.6141
...    97 A-T ...
 -114.6739   35.9720   79.6729
    0.0131   -0.8944   -0.4470
   -0.7287    0.2976   -0.6168
    0.6847    0.3338   -0.6479
...    98 C-G ...
 -112.0025   36.6165   77.8087
   -0.4093   -0.6040   -0.6839
   -0.6040    0.7412   -0.2931
    0.6839    0.2931   -0.6682
...    99 T-A ...
 -109.6758   37.1930   75.4807
   -0.7138   -0.1102   -0.6916
   -0.2484    0.9632    0.1028
    0.6548    0.2452   -0.7149
...   100 T-A ...
 -107.5337   37.7186   73.0798
   -0.7086    0.4879   -0.5098
    0.2280    0.8420    0.4890
    0.6678    0.2302   -0.7079
...   101 T-A ...
 -105.4524   38.2333   70.6164
   -0.4094    0.9014   -0.1409
    0.6044    0.3837    0.6982
    0.6834    0.2007   -0.7019
...   102 A-T ...
 -102.7136   38.8123   68.6283
    0.1374    0.9339    0.3300
    0.7101   -0.3251    0.6245
    0.6905    0.1485   -0.7079
...   103 T-A ...
 -100.9288   39.6347   65.9553
    0.5022    0.6247    0.5979
    0.5253   -0.7696    0.3630
    0.6869    0.1318   -0.7147
...   104 G-C ...
  -98.4563   39.7915   63.6862
    0.6625    0.0266    0.7486
    0.1266   -0.9890   -0.0768
    0.7383    0.1457   -0.6586
...   105 C-G ...
  -95.9805   40.6641   61.6204
    0.5840   -0.5421    0.6042
   -0.2696   -0.8316   -0.4855
    0.7657    0.1206   -0.6318
...   106 T-A ...
  -93.2507   41.1411   59.7689
    0.2866   -0.9165    0.2790
   -0.5322   -0.3945   -0.7491
    0.7967    0.0662   -0.6008
...   107 T-A ...
  -90.5384   41.3589   57.9942
   -0.0883   -0.9743   -0.2070
   -0.5973    0.2181   -0.7718
    0.7971    0.0555   -0.6013
...   108 C-G ...
  -87.8967   41.3730   56.0222
   -0.4585   -0.6449   -0.6114
   -0.4063    0.7640   -0.5012
    0.7904    0.0186   -0.6123
...   109 C-G ...
  -85.2879   41.0337   53.8711
   -0.6647   -0.1003   -0.7404
   -0.0466    0.9946   -0.0929
    0.7457   -0.0273   -0.6658
...   110 G-C ...
  -82.8678   41.3246   51.5078
   -0.6305    0.5015   -0.5925
    0.3800    0.8650    0.3278
    0.6768   -0.0185   -0.7359
...   111 G-C ...
  -80.8010   41.1236   48.8093
   -0.3493    0.9032   -0.2495
    0.6843    0.4278    0.5906
    0.6401    0.0355   -0.7674
...   112 C-G ...
  -79.0051   41.1954   45.9783
    0.0760    0.9846    0.1573
    0.7658   -0.1587    0.6232
    0.6386    0.0731   -0.7660
...   113 T-A ...
  -77.0827   41.6458   43.2800
    0.4516    0.7267    0.5176
    0.6065   -0.6755    0.4193
    0.6544    0.1246   -0.7458
...   114 C-G ...
  -74.9371   42.1299   40.8166
    0.7055    0.1614    0.6901
    0.2101   -0.9776    0.0139
    0.6769    0.1353   -0.7236
...   115 G-C ...
  -72.5379   42.1491   38.4094
    0.6184   -0.4502    0.6441
   -0.2152   -0.8853   -0.4121
    0.7558    0.1163   -0.6444
...   116 T-A ...
  -69.7893   42.9239   36.7051
    0.3793   -0.8619    0.3367
   -0.5097   -0.4983   -0.7014
    0.7723    0.0944   -0.6282
...   117 A-T ...
  -67.4444   43.1018   34.2420
   -0.0456   -0.9794   -0.1967
   -0.6256    0.1815   -0.7587
    0.7788    0.0885   -0.6210
...   118 T-A ...
  -64.5209   43.0723   32.6909
   -0.3594   -0.7381   -0.5710
   -0.5076    0.6681   -0.5441
    0.7830    0.0943   -0.6148
...   119 A-T ...
  -62.0425   43.8229   30.4610
   -0.5827   -0.1086   -0.8054
   -0.1476    0.9887   -0.0266
    0.7992    0.1033   -0.5921
...   120 A-T ...
  -59.4384   43.8890   28.4937
   -0.5338    0.5043   -0.6788
    0.2188    0.8577    0.4652
    0.8168    0.0998   -0.5682
...   121 T-A ...
  -57.0195   43.7230   26.2335
   -0.3319    0.8803   -0.3391
    0.4599    0.4649    0.7566
    0.8236    0.0951   -0.5591
...   122 G-C ...
  -54.1597   44.2031   24.5376
   -0.0681    0.9717    0.2264
    0.5785   -0.1464    0.8024
    0.8128    0.1856   -0.5522
...   123 T-A ...
  -51.8595   45.0818   22.2967
    0.2243    0.7307    0.6448
    0.5217   -0.6489    0.5538
    0.8231    0.2122   -0.5268
...   124 G-C ...
  -48.9330   45.6973   20.7571
    0.3940    0.1846    0.9004
    0.3158   -0.9472    0.0560
    0.8632    0.2623   -0.4315
...   125 T-A ...
  -46.2123   47.1428   19.5462
    0.4653   -0.3656    0.8061
    0.0648   -0.8942   -0.4430
    0.8828    0.2583   -0.3924
...   126 C-G ...
  -43.2344   47.9623   18.4097
    0.3789   -0.8405    0.3873
   -0.2048   -0.4843   -0.8506
    0.9025    0.2430   -0.3556
...   127 G-C ...
  -40.2162   48.3806   16.8991
    0.1101   -0.9818   -0.1545
   -0.3281    0.1109   -0.9381
    0.9382    0.1540   -0.3099
...   128 A-T ...
  -37.0671   48.7554   15.9279
   -0.1191   -0.7062   -0.6979
   -0.3085    0.6944   -0.6501
    0.9437    0.1379   -0.3006
...   129 C-G ...
  -33.7891   48.6147   15.1713
   -0.2699   -0.2080   -0.9402
   -0.1847    0.9694   -0.1615
    0.9450    0.1301   -0.3000
...   130 C-G ...
  -30.5813   48.7785   14.0330
   -0.3765    0.3772   -0.8461
    0.0116    0.9152    0.4028
    0.9263    0.1418   -0.3490
...   131 A-T ...
  -27.4396   49.4635   13.0742
   -0.3601    0.8400   -0.4057
    0.2344    0.5024    0.8322
    0.9030    0.2046   -0.3779
...   132 A-T ...
  -24.5730   50.0438   11.6465
   -0.1544    0.9745    0.1625
    0.3851   -0.0921    0.9183
    0.9099    0.2044   -0.3611
...   133 A-T ...
  -21.7087   50.7877   10.3145
    0.0764    0.7326    0.6763
    0.3985   -0.6442    0.6528
    0.9140    0.2197   -0.3411
...   134 T-A ...
  -19.0084   52.0402    8.9384
    0.2450    0.2904    0.9250
    0.3072   -0.9282    0.2101
    0.9196    0.2327   -0.3167
...   135 G-C ...
  -16.4570   53.8981    7.5291
    0.5336   -0.3334    0.7773
    0.0348   -0.9096   -0.4140
    0.8450    0.2479   -0.4738
...   136 T-A ...
  -14.1682   56.5698    6.1949
    0.5795   -0.7269    0.3684
   -0.3140   -0.6163   -0.7222
    0.7521    0.3028   -0.5854
...   137 G-C ...
  -11.6470   58.0147    4.7337
    0.2454   -0.9541   -0.1717
   -0.6318   -0.0231   -0.7748
    0.7352    0.2986   -0.6085
...   138 A-T ...
   -8.6699   58.7289    3.6171
   -0.0344   -0.7815   -0.6230
   -0.6534    0.4892   -0.5777
    0.7562    0.3872   -0.5274
...   139 G-C ...
   -6.3212   59.0880    1.6441
   -0.2967   -0.3277   -0.8970
   -0.5657    0.8170   -0.1114
    0.7694    0.4744   -0.4278
...   140 C-G ...
   -3.4297   60.2437    1.0435
   -0.4424    0.2288   -0.8671
   -0.1682    0.9286    0.3309
    0.8809    0.2922   -0.3723
...   141 G-C ...
   -0.6894   63.9063   -2.2356
   -0.9992    0.0156   -0.0375
   -0.0024    0.8991    0.4378
    0.0405    0.4375   -0.8983
...   142 C-G ...
   -0.9981   65.6138   -4.9249
   -0.8337    0.5217    0.1810
    0.5169    0.6220    0.5881
    0.1942    0.5839   -0.7882
...   143 T-A ...
   -0.1245   66.2251   -7.8041
   -0.3751    0.8568    0.3538
    0.8856    0.2185    0.4098
    0.2739    0.4670   -0.8408
...   144 C-G ...
   -0.1581   67.4197  -10.7921
    0.1799    0.8792    0.4411
    0.9276   -0.3009    0.2214
    0.3274    0.3694   -0.8697
...   145 A-T ...
    0.5351   69.2487  -13.4513
    0.7352    0.4961    0.4620
    0.6117   -0.7791   -0.1369
    0.2921    0.3832   -0.8763
...   146 C-G ...
    1.4420   72.1064  -15.5858
    0.9808    0.0622    0.1849
    0.1266   -0.9240   -0.3608
    0.1484    0.3773   -0.9141
...   147 A-T ...
    2.3149   74.2411  -18.3714
    0.8657   -0.4292   -0.2574
   -0.4984   -0.7868   -0.3642
   -0.0462    0.4436   -0.8950
