  147 base-pairs
...     1 A-T ...
    0.0000    0.0000    0.0000
    1.0000    0.0000    0.0000
    0.0000    1.0000    0.0000
    0.0000    0.0000    1.0000
...     2 G-C ...
   -0.1394   -1.2357    3.2268
    0.7529    0.6366    0.1670
   -0.6386    0.7680   -0.0486
   -0.1592   -0.0700    0.9848
...     3 T-A ...
   -0.0365   -3.2932    6.3751
    0.2722    0.9301    0.2466
   -0.9238    0.3243   -0.2033
   -0.2691   -0.1725    0.9475
...     4 G-C ...
   -0.3505   -4.1660    9.4928
   -0.3756    0.9250    0.0579
   -0.8781   -0.3352   -0.3415
   -0.2965   -0.1791    0.9381
...     5 A-T ...
   -0.4462   -4.1476   12.7498
   -0.8116    0.5840   -0.0165
   -0.5523   -0.7762   -0.3042
   -0.1905   -0.2378    0.9524
...     6 G-C ...
   -1.5908   -4.1730   15.6201
   -0.9976    0.0246   -0.0651
   -0.0043   -0.9555   -0.2950
   -0.0695   -0.2940    0.9533
...     7 C-G ...
   -1.1030   -4.4824   18.7362
   -0.8441   -0.5304   -0.0787
    0.5345   -0.8441   -0.0432
   -0.0435   -0.0785    0.9960
...     8 G-C ...
   -2.4028   -7.7290   23.1475
   -0.2754   -0.3293   -0.9032
    0.6650   -0.7437    0.0684
   -0.6942   -0.5818    0.4238
...     9 C-G ...
   -4.4690   -9.9728   24.1132
    0.1145   -0.7025   -0.7024
    0.8512   -0.2952    0.4340
   -0.5122   -0.6476    0.5642
...    10 T-A ...
   -6.7405  -10.8752   25.9697
    0.4841   -0.8363   -0.2574
    0.6595    0.1553    0.7355
   -0.5751   -0.5258    0.6267
...    11 C-G ...
   -9.1656  -12.6208   27.1640
    0.7073   -0.6682    0.2307
    0.3448    0.6110    0.7126
   -0.6171   -0.4245    0.6626
...    12 A-T ...
  -10.9234  -14.6633   29.0693
    0.7515   -0.1377    0.6452
   -0.2029    0.8824    0.4246
   -0.6277   -0.4500    0.6352
...    13 C-G ...
  -11.8476  -17.4863   31.2451
    0.4295    0.2823    0.8578
   -0.5708    0.8209    0.0156
   -0.6998   -0.4963    0.5137
...    14 A-T ...
  -13.5897  -19.7827   33.4259
   -0.1504    0.6104    0.7777
   -0.6874    0.5008   -0.5260
   -0.7106   -0.6136    0.3443
...    15 A-T ...
  -15.7335  -21.8955   34.6871
   -0.5498    0.7730    0.3166
   -0.4486    0.0465   -0.8925
   -0.7046   -0.6327    0.3212
...    16 T-A ...
  -17.8092  -23.8591   36.3522
   -0.7066    0.6793   -0.1982
   -0.0872   -0.3616   -0.9282
   -0.7022   -0.6386    0.3148
...    17 T-A ...
  -20.0956  -25.8364   37.5568
   -0.6203    0.3326   -0.7103
    0.3543   -0.6891   -0.6321
   -0.6998   -0.6438    0.3096
...    18 T-A ...
  -22.4772  -27.7676   38.6406
   -0.2871   -0.1365   -0.9481
    0.6537   -0.7514   -0.0898
   -0.7002   -0.6455    0.3050
...    19 A-T ...
  -24.5776  -30.2333   39.6715
    0.2186   -0.5730   -0.7898
    0.6756   -0.4952    0.5462
   -0.7041   -0.6530    0.2789
...    20 T-A ...
  -27.2495  -32.1429   40.0507
    0.5391   -0.7486   -0.3860
    0.4586   -0.1235    0.8800
   -0.7065   -0.6514    0.2767
...    21 T-A ...
  -29.6289  -34.2763   40.6985
    0.6942   -0.6860    0.2179
    0.0480    0.3462    0.9369
   -0.7182   -0.6399    0.2733
...    22 C-G ...
  -31.9439  -36.4934   41.5383
    0.5888   -0.3192    0.7426
   -0.3943    0.6886    0.6086
   -0.7056   -0.6511    0.2796
...    23 G-C ...
  -34.4981  -38.4053   42.7137
    0.3053    0.2051    0.9299
   -0.6803    0.7303    0.0622
   -0.6664   -0.6516    0.3625
...    24 C-G ...
  -36.3989  -40.8484   44.0030
   -0.1081    0.6088    0.7859
   -0.7353    0.4831   -0.4754
   -0.6691   -0.6293    0.3954
...    25 A-T ...
  -38.8518  -42.8546   45.1395
   -0.4641    0.8308    0.3074
   -0.5375    0.0117   -0.8432
   -0.7041   -0.5565    0.4411
...    26 A-T ...
  -41.0615  -44.6031   46.7612
   -0.6889    0.6797   -0.2517
   -0.1597   -0.4811   -0.8620
   -0.7070   -0.5537    0.4400
...    27 A-T ...
  -43.3887  -46.2385   48.3355
   -0.6485    0.2656   -0.7133
    0.2745   -0.7925   -0.5446
   -0.7100   -0.5490    0.4411
...    28 G-C ...
  -45.9432  -47.8131   49.8005
   -0.3457   -0.1877   -0.9194
    0.5728   -0.8183   -0.0483
   -0.7432   -0.5433    0.3904
...    29 G-C ...
  -48.6780  -49.5312   50.8494
    0.0925   -0.5836   -0.8067
    0.6420   -0.5843    0.4963
   -0.7611   -0.5638    0.3207
...    30 C-G ...
  -51.4368  -51.3224   51.5305
    0.4626   -0.7969   -0.3884
    0.4630   -0.1564    0.8724
   -0.7560   -0.5835    0.2966
...    31 C-G ...
  -54.0108  -53.4408   52.2344
    0.6894   -0.7060    0.1622
    0.1014    0.3157    0.9434
   -0.7173   -0.6339    0.2892
...    32 G-C ...
  -56.4321  -55.4067   53.5852
    0.6800   -0.3256    0.6569
   -0.3292    0.6650    0.6704
   -0.6551   -0.6721    0.3450
...    33 G-C ...
  -58.5217  -57.8843   54.6248
    0.4274    0.1644    0.8890
   -0.6573    0.7317    0.1807
   -0.6207   -0.6615    0.4208
...    34 C-G ...
  -60.2511  -60.3689   56.0402
    0.0190    0.5830    0.8122
   -0.7840    0.5128   -0.3498
   -0.6204   -0.6302    0.4668
...    35 C-G ...
  -62.1413  -62.5316   57.8346
   -0.3583    0.8307    0.4262
   -0.6740    0.0857   -0.7337
   -0.6460   -0.5501    0.5292
...    36 C-G ...
  -64.2537  -64.1927   59.8814
   -0.6084    0.7857   -0.1118
   -0.3819   -0.4133   -0.8266
   -0.6957   -0.4602    0.5515
...    37 G-C ...
  -66.8858  -65.7664   61.3515
   -0.6350    0.4479   -0.6294
   -0.0074   -0.8182   -0.5749
   -0.7725   -0.3604    0.5229
...    38 A-T ...
  -69.5476  -66.8347   63.0003
   -0.4911   -0.1390   -0.8600
    0.3582   -0.9321   -0.0539
   -0.7941   -0.3345    0.5075
...    39 C-G ...
  -72.5126  -67.3992   64.4674
   -0.2093   -0.6257   -0.7515
    0.5519   -0.7100    0.4374
   -0.8072   -0.3232    0.4939
...    40 A-T ...
  -75.0056  -68.7316   66.2745
    0.2051   -0.9153   -0.3466
    0.5455   -0.1871    0.8170
   -0.8126   -0.3566    0.4610
...    41 C-G ...
  -77.9917  -69.9823   67.2277
    0.4707   -0.8670    0.1635
    0.3431    0.3506    0.8714
   -0.8129   -0.3541    0.4625
...    42 G-C ...
  -80.6611  -70.8727   69.1321
    0.6457   -0.4616    0.6083
    0.0082    0.8008    0.5989
   -0.7636   -0.3817    0.5208
...    43 A-T ...
  -83.2443  -72.1649   70.7358
    0.5438    0.1331    0.8286
   -0.3704    0.9240    0.0946
   -0.7531   -0.3583    0.5518
...    44 C-G ...
  -85.3976  -73.8669   72.5956
    0.2937    0.6270    0.7215
   -0.6031    0.7072   -0.3690
   -0.7416   -0.3268    0.5858
...    45 T-A ...
  -87.6370  -75.0075   74.7710
   -0.0100    0.9381    0.3463
   -0.6817    0.2470   -0.6887
   -0.7316   -0.2430    0.6370
...    46 T-A ...
  -89.8920  -75.7310   76.9744
   -0.3676    0.9187   -0.1441
   -0.5636   -0.3433   -0.7513
   -0.7397   -0.1950    0.6440
...    47 A-T ...
  -92.5566  -76.3246   78.9432
   -0.5760    0.5272   -0.6248
   -0.2606   -0.8428   -0.4709
   -0.7748   -0.1084    0.6228
...    48 C-G ...
  -95.0920  -75.9959   81.0796
   -0.6088   -0.0135   -0.7932
    0.0645   -0.9974   -0.0326
   -0.7907   -0.0710    0.6081
...    49 T-A ...
  -97.9067  -75.9418   82.8886
   -0.4508   -0.5689   -0.6878
    0.3535   -0.8214    0.4476
   -0.8196   -0.0413    0.5714
...    50 G-C ...
 -100.5052  -76.4667   84.9471
   -0.1210   -0.9553   -0.2696
    0.5312   -0.2918    0.7954
   -0.8386   -0.0470    0.5428
...    51 T-A ...
 -103.6469  -76.6154   86.2178
    0.1831   -0.9564    0.2274
    0.5186    0.2904    0.8042
   -0.8352   -0.0293    0.5492
...    52 A-T ...
 -106.2390  -76.0428   88.4549
    0.4220   -0.4835    0.7669
    0.2998    0.8728    0.3853
   -0.8556    0.0673    0.5132
...    53 G-C ...
 -109.1452  -76.0548   90.1196
    0.5717    0.0819    0.8163
    0.0399    0.9910   -0.1274
   -0.8195    0.1054    0.5634
...    54 G-C ...
 -111.9696  -75.9338   92.0075
    0.5853    0.6093    0.5350
   -0.2738    0.7696   -0.5769
   -0.7632    0.1912    0.6172
...    55 T-A ...
 -114.1474  -75.6105   94.4548
    0.4017    0.9104    0.0990
   -0.5438    0.3241   -0.7741
   -0.7368    0.2571    0.6253
...    56 A-T ...
 -116.4880  -74.4956   96.5792
    0.1329    0.8732   -0.4690
   -0.7152   -0.2431   -0.6553
   -0.6862    0.4225    0.5922
...    57 T-A ...
 -118.1998  -72.7743   98.7651
   -0.2284    0.6091   -0.7595
   -0.6983   -0.6461   -0.3081
   -0.6783    0.4600    0.5729
...    58 C-G ...
 -120.4740  -71.0533  100.4028
   -0.5827    0.0796   -0.8088
   -0.4578   -0.8544    0.2457
   -0.6715    0.5135    0.5343
...    59 T-A ...
 -122.7354  -69.0598  101.8504
   -0.7238   -0.4261   -0.5428
   -0.0965   -0.7164    0.6910
   -0.6833    0.5525    0.4774
...    60 C-G ...
 -125.1347  -67.2367  103.2666
   -0.6483   -0.7609    0.0250
    0.3624   -0.2796    0.8891
   -0.6696    0.5855    0.4570
...    61 G-C ...
 -127.1159  -65.3208  105.2595
   -0.2854   -0.7780    0.5598
    0.6790    0.2481    0.6909
   -0.6764    0.5773    0.4574
...    62 A-T ...
 -129.4036  -63.2984  106.5931
    0.1920   -0.4411    0.8767
    0.7333    0.6581    0.1705
   -0.6522    0.6102    0.4498
...    63 G-C ...
 -131.7508  -61.4165  108.0672
    0.6045   -0.0290    0.7961
    0.5272    0.7637   -0.3725
   -0.5972    0.6449    0.4770
...    64 C-G ...
 -133.9894  -59.5912  109.7563
    0.8363    0.3581    0.4153
    0.1157    0.6251   -0.7720
   -0.5360    0.6936    0.4813
...    65 T-A ...
 -135.6289  -57.3651  111.5893
    0.8230    0.5543   -0.1242
   -0.3569    0.3346   -0.8721
   -0.4419    0.7621    0.4732
...    66 C-G ...
 -136.9555  -54.8061  113.1193
    0.4942    0.5680   -0.6582
   -0.7837   -0.0366   -0.6200
   -0.3762    0.8222    0.4271
...    67 G-C ...
 -138.2661  -51.8156  114.0516
    0.0263    0.3035   -0.9525
   -0.9589   -0.2615   -0.1098
   -0.2824    0.9162    0.2842
...    68 G-C ...
 -138.9511  -48.5047  114.4035
   -0.4889    0.0190   -0.8721
   -0.8350   -0.2995    0.4615
   -0.2524    0.9539    0.1623
...    69 G-C ...
 -139.8918  -45.2190  114.3011
   -0.8651   -0.2048   -0.4578
   -0.4284   -0.1730    0.8869
   -0.2608    0.9634    0.0619
...    70 A-T ...
 -140.8684  -42.0201  114.3127
   -0.9500   -0.2361    0.2046
    0.2045    0.0248    0.9785
   -0.2361    0.9714    0.0247
...    71 T-A ...
 -141.8943  -38.8830  113.7150
   -0.6999   -0.1240    0.7034
    0.6899    0.1376    0.7107
   -0.1849    0.9827   -0.0108
...    72 C-G ...
 -142.5289  -35.6033  113.5202
   -0.1095    0.0220    0.9937
    0.9825    0.1538    0.1048
   -0.1505    0.9879   -0.0385
...    73 C-G ...
 -143.2589  -32.2789  113.1932
    0.4870    0.0490    0.8720
    0.8690    0.0730   -0.4894
   -0.0876    0.9961   -0.0071
...    74 G-C ...
 -143.3443  -28.9155  112.5843
    0.9052   -0.0477    0.4223
    0.4215   -0.0275   -0.9064
    0.0549    0.9985   -0.0047
...    75 C-G ...
 -143.3121  -25.6156  112.9583
    0.9789   -0.1388   -0.1500
   -0.1538   -0.0168   -0.9880
    0.1346    0.9902   -0.0378
...    76 T-A ...
 -142.5726  -22.3940  113.0013
    0.7206   -0.2469   -0.6478
   -0.6502    0.0838   -0.7552
    0.2408    0.9654   -0.1002
...    77 T-A ...
 -141.5858  -19.3470  112.6435
    0.2038   -0.2269   -0.9523
   -0.9367    0.2375   -0.2571
    0.2846    0.9445   -0.1642
...    78 T-A ...
 -140.4570  -16.3920  111.9733
   -0.3841   -0.0857   -0.9193
   -0.8717    0.3618    0.3305
    0.3043    0.9283   -0.2137
...    79 A-T ...
 -139.7160  -13.1775  111.2156
   -0.8537    0.1552   -0.4971
   -0.4107    0.3863    0.8259
    0.3202    0.9092   -0.2660
...    80 A-T ...
 -138.6164  -10.3363  110.0234
   -0.9076    0.4119    0.0815
    0.1877    0.2244    0.9562
    0.3756    0.8832   -0.2810
...    81 C-G ...
 -137.6534   -7.4740  108.4723
   -0.6418    0.4914    0.5888
    0.6617   -0.0333    0.7490
    0.3877    0.8703   -0.3038
...    82 A-T ...
 -135.9396   -4.7364  107.6195
   -0.0980    0.3543    0.9300
    0.9111   -0.3440    0.2271
    0.4003    0.8696   -0.2891
...    83 C-G ...
 -135.1585   -1.6332  106.5898
    0.4177    0.1068    0.9023
    0.8048   -0.5045   -0.3129
    0.4218    0.8568   -0.2966
...    84 T-A ...
 -133.8841    1.3323  105.7466
    0.7632   -0.2402    0.5999
    0.4307   -0.5030   -0.7494
    0.4817    0.8303   -0.2804
...    85 T-A ...
 -132.3646    4.0839  104.9711
    0.8512   -0.5203    0.0690
   -0.0982   -0.2870   -0.9529
    0.5156    0.8043   -0.2954
...    86 T-A ...
 -130.5908    6.6484  104.1399
    0.6080   -0.6432   -0.4653
   -0.5632    0.0636   -0.8239
    0.5595    0.7630   -0.3236
...    87 A-T ...
 -128.4466    8.9188  102.9376
    0.0819   -0.6161   -0.7834
   -0.7719    0.4580   -0.4409
    0.6305    0.6408   -0.4380
...    88 T-A ...
 -125.9164   10.5071  101.6017
   -0.3420   -0.3163   -0.8849
   -0.6916    0.7223    0.0092
    0.6362    0.6151   -0.4658
...    89 C-G ...
 -123.8956   12.3633   99.7885
   -0.7058    0.1621   -0.6896
   -0.3158    0.7994    0.5111
    0.6341    0.5785   -0.5130
...    90 A-T ...
 -121.9493   14.4818   98.0737
   -0.7867    0.5762   -0.2215
    0.2025    0.5798    0.7892
    0.5832    0.5760   -0.5729
...    91 T-A ...
 -120.3044   16.0245   95.6178
   -0.5362    0.8182    0.2076
    0.5885    0.1860    0.7868
    0.6052    0.5441   -0.5812
...    92 G-C ...
 -118.0340   17.8311   93.9595
   -0.0768    0.7469    0.6605
    0.7987   -0.3504    0.4891
    0.5968    0.5651   -0.5697
...    93 T-A ...
 -116.5501   19.9848   91.8312
    0.3730    0.4314    0.8214
    0.6977   -0.7140    0.0581
    0.6116    0.5514   -0.5674
...    94 T-A ...
 -114.7457   21.9285   89.9364
    0.7244   -0.0684    0.6859
    0.3215   -0.8467   -0.4240
    0.6098    0.5277   -0.5914
...    95 A-T ...
 -112.6840   23.3964   87.6944
    0.7304   -0.6146    0.2981
   -0.2143   -0.6205   -0.7544
    0.6486    0.4871   -0.5849
...    96 T-A ...
 -110.3123   25.2060   86.3387
    0.4978   -0.8596   -0.1149
   -0.5594   -0.2171   -0.8000
    0.6627    0.4625   -0.5890
...    97 A-T ...
 -108.0612   26.5381   84.2376
   -0.0121   -0.8662   -0.4995
   -0.7191    0.3547   -0.5975
    0.6948    0.3520   -0.6272
...    98 A-T ...
 -105.6824   27.4548   82.2350
   -0.4445   -0.5087   -0.7373
   -0.5631    0.7988   -0.2117
    0.6967    0.3211   -0.6416
...    99 C-G ...
 -103.1942   27.8360   80.0500
   -0.6971   -0.0060   -0.7169
   -0.2122    0.9569    0.1983
    0.6848    0.2903   -0.6684
...   100 G-C ...
 -101.1392   29.1783   77.7055
   -0.7376    0.5336   -0.4139
    0.2803    0.7995    0.5312
    0.6143    0.2758   -0.7393
...   101 G-C ...
  -99.3120   30.0154   74.9509
   -0.4745    0.8803    0.0008
    0.6692    0.3601    0.6500
    0.5719    0.3089   -0.7600
...   102 A-T ...
  -97.4871   30.9772   72.3504
    0.0401    0.9151    0.4013
    0.8174   -0.2610    0.5135
    0.5746    0.3074   -0.7585
...   103 T-A ...
  -96.1620   32.2604   69.5902
    0.4764    0.6447    0.5978
    0.6660   -0.7085    0.2332
    0.5739    0.2871   -0.7669
...   104 G-C ...
  -94.0283   32.9381   67.0850
    0.7326    0.0669    0.6774
    0.2501   -0.9520   -0.1765
    0.6331    0.2987   -0.7141
...   105 C-G ...
  -91.9553   34.3078   64.8578
    0.7130   -0.4954    0.4962
   -0.2081   -0.8253   -0.5250
    0.6696    0.2711   -0.6915
...   106 T-A ...
  -89.5293   35.2805   62.7974
    0.4299   -0.8852    0.1778
   -0.5516   -0.4134   -0.7244
    0.7148    0.2133   -0.6660
...   107 T-A ...
  -87.0693   35.9603   60.7936
    0.0130   -0.9637   -0.2667
   -0.6943    0.1832   -0.6960
    0.7196    0.1942   -0.6667
...   108 C-G ...
  -84.6671   36.4044   58.5845
   -0.4345   -0.6635   -0.6091
   -0.5425    0.7326   -0.4110
    0.7189    0.1519   -0.6783
...   109 C-G ...
  -82.2815   36.4903   56.1644
   -0.7146   -0.1416   -0.6850
   -0.1700    0.9851   -0.0263
    0.6785    0.0976   -0.7280
...   110 G-C ...
  -80.1577   37.1923   53.6099
   -0.7305    0.4552   -0.5090
    0.3113    0.8854    0.3451
    0.6078    0.0937   -0.7885
...   111 G-C ...
  -78.3182   37.3516   50.7457
   -0.4596    0.8714   -0.1714
    0.6837    0.4703    0.5580
    0.5669    0.1393   -0.8119
...   112 C-G ...
  -76.7644   37.7271   47.7926
   -0.0083    0.9791    0.2031
    0.8251   -0.1081    0.5546
    0.5650    0.1721   -0.8070
...   113 T-A ...
  -75.1128   38.4730   44.9803
    0.4208    0.7441    0.5190
    0.6971   -0.6313    0.3398
    0.5805    0.2188   -0.7843
...   114 C-G ...
  -73.2278   39.2445   42.3797
    0.7372    0.1978    0.6461
    0.2970   -0.9537   -0.0469
    0.6069    0.2265   -0.7618
...   115 G-C ...
  -71.0389   39.5791   39.8013
    0.6967   -0.4169    0.5838
   -0.1668   -0.8856   -0.4334
    0.6977    0.2046   -0.6866
...   116 T-A ...
  -68.4881   40.6402   37.9636
    0.4696   -0.8372    0.2804
   -0.5107   -0.5166   -0.6872
    0.7202    0.1795   -0.6702
...   117 A-T ...
  -66.2893   41.0660   35.4091
    0.0176   -0.9765   -0.2149
   -0.6798    0.1459   -0.7187
    0.7332    0.1587   -0.6612
...   118 T-A ...
  -63.4679   41.2781   33.6970
   -0.3356   -0.7542   -0.5643
   -0.5849    0.6365   -0.5027
    0.7384    0.1614   -0.6548
...   119 A-T ...
  -61.1866   42.2403   31.3389
   -0.6139   -0.1367   -0.7774
   -0.2170    0.9762   -0.0003
    0.7589    0.1685   -0.6290
...   120 A-T ...
  -58.6927   42.5090   29.2466
   -0.5955    0.4790   -0.6449
    0.1834    0.8626    0.4714
    0.7821    0.1625   -0.6016
...   121 T-A ...
  -56.3665   42.5308   26.8792
   -0.3981    0.8636   -0.3093
    0.4621    0.4801    0.7456
    0.7924    0.1539   -0.5902
...   122 G-C ...
  -53.6001   43.1879   25.0952
   -0.1106    0.9632    0.2450
    0.6156   -0.1271    0.7777
    0.7802    0.2368   -0.5789
...   123 T-A ...
  -51.4322   44.2065   22.7791
    0.2110    0.7321    0.6477
    0.5729   -0.6295    0.5249
    0.7920    0.2603   -0.5523
...   124 G-C ...
  -48.6026   44.9760   21.1334
    0.4133    0.1924    0.8900
    0.3610   -0.9320    0.0339
    0.8360    0.3073   -0.4546
...   125 T-A ...
  -45.9941   46.5546   19.8588
    0.5029   -0.3526    0.7891
    0.0917   -0.8861   -0.4544
    0.8595    0.3009   -0.4133
...   126 C-G ...
  -43.0891   47.5080   18.6534
    0.4207   -0.8272    0.3725
   -0.2044   -0.4865   -0.8494
    0.8839    0.2812   -0.3738
...   127 G-C ...
  -40.1102   48.0300   17.1017
    0.1406   -0.9772   -0.1589
   -0.3471    0.1017   -0.9323
    0.9272    0.1862   -0.3249
...   128 A-T ...
  -36.9911   48.4856   16.0745
   -0.1080   -0.7096   -0.6963
   -0.3377    0.6849   -0.6456
    0.9350    0.1654   -0.3136
...   129 C-G ...
  -33.7219   48.4295   15.2681
   -0.2754   -0.2161   -0.9367
   -0.2123    0.9640   -0.1600
    0.9376    0.1548   -0.3113
...   130 C-G ...
  -30.5401   48.6742   14.0724
   -0.3916    0.3681   -0.8433
   -0.0043    0.9157    0.4017
    0.9201    0.1610   -0.3570
...   131 A-T ...
  -27.4209   49.4277   13.1015
   -0.3739    0.8348   -0.4041
    0.2305    0.5056    0.8314
    0.8984    0.2177   -0.3814
...   132 A-T ...
  -24.5647   50.0350   11.6595
   -0.1611    0.9734    0.1631
    0.3872   -0.0897    0.9176
    0.9078    0.2110   -0.3624
...   133 A-T ...
  -21.7061   50.7879   10.3184
    0.0758    0.7327    0.6763
    0.4004   -0.6435    0.6523
    0.9132    0.2214   -0.3422
...   134 T-A ...
  -19.0083   52.0403    8.9385
    0.2450    0.2904    0.9250
    0.3072   -0.9282    0.2101
    0.9196    0.2327   -0.3166
...   135 G-C ...
  -16.4569   53.8981    7.5292
    0.5336   -0.3334    0.7773
    0.0348   -0.9096   -0.4140
    0.8450    0.2479   -0.4738
...   136 T-A ...
  -14.1681   56.5699    6.1950
    0.5795   -0.7269    0.3684
   -0.3140   -0.6163   -0.7222
    0.7521    0.3028   -0.5854
...   137 G-C ...
  -11.6469   58.0147    4.7338
    0.2454   -0.9541   -0.1717
   -0.6318   -0.0231   -0.7748
    0.7352    0.2986   -0.6085
...   138 A-T ...
   -8.6698   58.7290    3.6172
   -0.0344   -0.7815   -0.6230
   -0.6534    0.4892   -0.5777
    0.7562    0.3872   -0.5274
...   139 G-C ...
   -6.3211   59.0880    1.6442
   -0.2967   -0.3277   -0.8970
   -0.5657    0.8170   -0.1114
    0.7694    0.4744   -0.4278
...   140 C-G ...
   -3.4296   60.2438    1.0436
   -0.4424    0.2288   -0.8671
   -0.1682    0.9286    0.3309
    0.8809    0.2922   -0.3723
...   141 G-C ...
   -0.6893   63.9064   -2.2355
   -0.9992    0.0156   -0.0375
   -0.0024    0.8991    0.4378
    0.0405    0.4375   -0.8983
...   142 C-G ...
   -0.9980   65.6138   -4.9248
   -0.8337    0.5217    0.1810
    0.5169    0.6220    0.5881
    0.1942    0.5839   -0.7882
...   143 T-A ...
   -0.1244   66.2251   -7.8040
   -0.3751    0.8568    0.3538
    0.8856    0.2185    0.4098
    0.2739    0.4670   -0.8408
...   144 C-G ...
   -0.1580   67.4198  -10.7920
    0.1799    0.8792    0.4411
    0.9276   -0.3009    0.2214
    0.3274    0.3694   -0.8697
...   145 A-T ...
    0.5353   69.2488  -13.4512
    0.7352    0.4961    0.4620
    0.6117   -0.7791   -0.1369
    0.2921    0.3832   -0.8763
...   146 C-G ...
    1.4421   72.1065  -15.5857
    0.9808    0.0622    0.1849
    0.1266   -0.9240   -0.3608
    0.1484    0.3773   -0.9141
...   147 A-T ...
    2.3150   74.2411  -18.3713
    0.8657   -0.4292   -0.2574
   -0.4984   -0.7868   -0.3642
   -0.0462    0.4436   -0.8950
