  147 base-pairs
...     1 A-T ...
    0.0000    0.0000    0.0000
    1.0000    0.0000    0.0000
    0.0000    1.0000    0.0000
    0.0000    0.0000    1.0000
...     2 G-C ...
   -0.1394   -1.2357    3.2268
    0.7529    0.6366    0.1670
   -0.6386    0.7680   -0.0486
   -0.1592   -0.0700    0.9848
...     3 T-A ...
   -0.0365   -3.2932    6.3751
    0.2722    0.9301    0.2466
   -0.9238    0.3243   -0.2033
   -0.2691   -0.1725    0.9475
...     4 G-C ...
   -0.3505   -4.1660    9.4928
   -0.3756    0.9250    0.0579
   -0.8781   -0.3352   -0.3415
   -0.2965   -0.1791    0.9381
...     5 A-T ...
   -0.4462   -4.1476   12.7498
   -0.8116    0.5840   -0.0165
   -0.5523   -0.7762   -0.3042
   -0.1905   -0.2378    0.9524
...     6 G-C ...
   -1.5908   -4.1730   15.6201
   -0.9976    0.0246   -0.0651
   -0.0043   -0.9555   -0.2950
   -0.0695   -0.2940    0.9533
...     7 C-G ...
   -1.1030   -4.4824   18.7362
   -0.8441   -0.5304   -0.0787
    0.5345   -0.8441   -0.0432
   -0.0435   -0.0785    0.9960
...     8 G-C ...
   -2.4028   -7.7290   23.1475
   -0.2754   -0.3293   -0.9032
    0.6650   -0.7437    0.0684
   -0.6942   -0.5818    0.4238
...     9 C-G ...
   -4.4690   -9.9728   24.1132
    0.1145   -0.7025   -0.7024
    0.8512   -0.2952    0.4340
   -0.5122   -0.6476    0.5642
...    10 T-A ...
   -6.7405  -10.8752   25.9697
    0.4841   -0.8363   -0.2574
    0.6595    0.1553    0.7355
   -0.5751   -0.5258    0.6267
...    11 C-G ...
   -9.1656  -12.6208   27.1640
    0.7073   -0.6682    0.2307
    0.3448    0.6110    0.7126
   -0.6171   -0.4245    0.6626
...    12 A-T ...
  -10.9234  -14.6633   29.0693
    0.7515   -0.1377    0.6452
   -0.2029    0.8824    0.4246
   -0.6277   -0.4500    0.6352
...    13 C-G ...
  -11.8476  -17.4863   31.2451
    0.4295    0.2823    0.8578
   -0.5708    0.8209    0.0156
   -0.6998   -0.4963    0.5137
...    14 A-T ...
  -13.5897  -19.7827   33.4259
   -0.1504    0.6104    0.7777
   -0.6874    0.5008   -0.5260
   -0.7106   -0.6136    0.3443
...    15 A-T ...
  -15.8358  -21.8187   34.6056
   -0.5402    0.7872    0.2975
   -0.4482    0.0301   -0.8934
   -0.7123   -0.6159    0.3366
...    16 T-A ...
  -17.9450  -23.7963   36.4023
   -0.7304    0.6396   -0.2397
   -0.0548   -0.4047   -0.9128
   -0.6809   -0.6535    0.3306
...    17 T-A ...
  -20.1725  -25.7645   37.8018
   -0.6434    0.2364   -0.7281
    0.4116   -0.6951   -0.5894
   -0.6455   -0.6789    0.3499
...    18 T-A ...
  -22.3965  -27.8603   39.0171
   -0.2732   -0.2264   -0.9349
    0.7181   -0.6947   -0.0417
   -0.6400   -0.6828    0.3524
...    19 A-T ...
  -24.2860  -30.4636   40.3657
    0.2784   -0.6650   -0.6930
    0.7171   -0.3361    0.6105
   -0.6389   -0.6670    0.3833
...    20 T-A ...
  -26.8055  -32.5198   41.1175
    0.6129   -0.7549   -0.2335
    0.4539    0.0945    0.8860
   -0.6468   -0.6490    0.4005
...    21 T-A ...
  -28.9731  -34.7051   42.1820
    0.7402   -0.5597    0.3726
   -0.0241    0.5316    0.8466
   -0.6720   -0.6357    0.3800
...    22 C-G ...
  -31.1611  -36.8223   43.4848
    0.5831   -0.1015    0.8061
   -0.4839    0.7536    0.4449
   -0.6526   -0.6495    0.3903
...    23 G-C ...
  -33.6542  -38.5347   45.0605
    0.3029    0.4393    0.8457
   -0.7477    0.6598   -0.0749
   -0.5909   -0.6097    0.5283
...    24 C-G ...
  -35.2815  -40.7841   46.8497
   -0.1078    0.7580    0.6433
   -0.7911    0.3265   -0.5173
   -0.6022   -0.5647    0.5644
...    25 A-T ...
  -37.7380  -42.6687   48.2308
   -0.5350    0.8316    0.1487
   -0.5572   -0.2151   -0.8020
   -0.6350   -0.5120    0.5785
...    26 A-T ...
  -39.8300  -44.2481   50.2127
   -0.7554    0.5430   -0.3668
   -0.1333   -0.6753   -0.7254
   -0.6416   -0.4990    0.5825
...    27 A-T ...
  -41.8901  -45.6560   52.3287
   -0.6949    0.0194   -0.7188
    0.3533   -0.8615   -0.3648
   -0.6263   -0.5075    0.5918
...    28 G-C ...
  -44.2963  -47.0216   54.3057
   -0.3503   -0.4459   -0.8237
    0.6699   -0.7339    0.1124
   -0.6547   -0.5124    0.5558
...    29 G-C ...
  -46.7708  -48.7341   56.0125
    0.1555   -0.7799   -0.6063
    0.7328   -0.3205    0.6002
   -0.6624   -0.5377    0.5217
...    30 C-G ...
  -49.1240  -50.5853   57.4271
    0.5741   -0.8038   -0.1560
    0.4933    0.1874    0.8494
   -0.6535   -0.5646    0.5041
...    31 C-G ...
  -51.5259  -52.4534   58.9426
    0.7861   -0.5181    0.3370
    0.0704    0.6167    0.7840
   -0.6141   -0.5926    0.5213
...    32 G-C ...
  -53.5060  -54.0027   60.8264
    0.7542   -0.0385    0.6556
   -0.3704    0.7994    0.4730
   -0.5423   -0.5995    0.5886
...    33 G-C ...
  -55.1233  -56.1190   62.8847
    0.4447    0.4779    0.7576
   -0.7357    0.6773    0.0046
   -0.5109   -0.5594    0.6528
...    34 C-G ...
  -56.5141  -58.2061   65.0482
   -0.0221    0.8181    0.5746
   -0.8556    0.2818   -0.4342
   -0.5172   -0.5012    0.6938
...    35 C-G ...
  -58.0580  -59.6088   67.7555
   -0.4531    0.8781    0.1540
   -0.7046   -0.2469   -0.6653
   -0.5461   -0.4099    0.7306
...    36 C-G ...
  -59.9211  -60.6811   70.3592
   -0.7453    0.5878   -0.3145
   -0.3429   -0.7426   -0.5752
   -0.5717   -0.3209    0.7551
...    37 G-C ...
  -61.9279  -62.5745   72.4494
   -0.7685    0.0624   -0.6368
    0.1383   -0.9555   -0.2605
   -0.6247   -0.2883    0.7257
...    38 A-T ...
  -64.0101  -63.4427   74.7474
   -0.5315   -0.5366   -0.6554
    0.5690   -0.7993    0.1930
   -0.6275   -0.2704    0.7302
...    39 C-G ...
  -66.4668  -64.1100   76.7593
   -0.1266   -0.8821   -0.4537
    0.7508   -0.3841    0.5374
   -0.6483   -0.2726    0.7109
...    40 A-T ...
  -68.6211  -65.2256   79.1573
    0.3870   -0.9220   -0.0133
    0.6641    0.2687    0.6977
   -0.6397   -0.2789    0.7163
...    41 C-G ...
  -70.9158  -66.5628   81.2371
    0.6894   -0.6260    0.3646
    0.3485    0.7278    0.5906
   -0.6351   -0.2801    0.7199
...    42 G-C ...
  -72.9935  -66.9233   83.8142
    0.7877   -0.0279    0.6155
   -0.1289    0.9694    0.2090
   -0.6025   -0.2439    0.7600
...    43 A-T ...
  -75.0908  -67.7457   86.0540
    0.5639    0.5609    0.6061
   -0.5482    0.8032   -0.2333
   -0.6177   -0.2007    0.7604
...    44 C-G ...
  -76.6941  -68.8912   88.6878
    0.2227    0.9212    0.3191
   -0.7763    0.3656   -0.5135
   -0.5897   -0.1334    0.7965
...    45 T-A ...
  -78.3688  -69.2351   91.8000
   -0.2124    0.9643   -0.1580
   -0.7661   -0.2647   -0.5857
   -0.6066   -0.0034    0.7950
...    46 T-A ...
  -80.3640  -69.1016   94.2540
   -0.5484    0.6617   -0.5113
   -0.5431   -0.7468   -0.3840
   -0.6359    0.0671    0.7688
...    47 A-T ...
  -82.7389  -68.8854   96.6095
   -0.7164    0.0505   -0.6959
   -0.1260   -0.9903    0.0579
   -0.6862    0.1292    0.7158
...    48 C-G ...
  -85.2491  -67.7980   98.5898
   -0.6585   -0.5049   -0.5581
    0.2550   -0.8474    0.4658
   -0.7081    0.1644    0.6867
...    49 T-A ...
  -87.9298  -66.9896  100.5228
   -0.3695   -0.8970   -0.2424
    0.5334   -0.4184    0.7351
   -0.7609    0.1424    0.6331
...    50 G-C ...
  -90.3519  -66.6328  102.7863
    0.0562   -0.9675    0.2466
    0.6427    0.2241    0.7326
   -0.7640    0.1173    0.6344
...    51 T-A ...
  -93.0707  -66.6109  104.5545
    0.3888   -0.6624    0.6404
    0.5015    0.7352    0.4560
   -0.7729    0.1439    0.6180
...    52 A-T ...
  -95.4402  -64.7406  106.6042
    0.5418    0.0930    0.8354
    0.1303    0.9726   -0.1927
   -0.8304    0.2132    0.5148
...    53 G-C ...
  -98.3137  -64.0296  108.0936
    0.6055    0.5906    0.5333
   -0.1656    0.7490   -0.6415
   -0.7784    0.3001    0.5514
...    54 G-C ...
 -100.7600  -63.1643  110.4921
    0.4823    0.8759   -0.0148
   -0.4973    0.2598   -0.8278
   -0.7212    0.4066    0.5609
...    55 T-A ...
 -102.7717  -61.7764  112.5893
    0.1910    0.8515   -0.4884
   -0.6807   -0.2436   -0.6908
   -0.7072    0.4644    0.5331
...    56 A-T ...
 -104.8087  -59.7205  114.4851
   -0.1438    0.4655   -0.8733
   -0.7029   -0.6692   -0.2410
   -0.6966    0.5792    0.4235
...    57 T-A ...
 -106.5993  -57.3441  115.7939
   -0.4731    0.0101   -0.8810
   -0.5384   -0.7948    0.2800
   -0.6974    0.6068    0.3814
...    58 C-G ...
 -109.0344  -55.1190  116.8378
   -0.6884   -0.5301   -0.4950
   -0.1290   -0.5822    0.8028
   -0.7137    0.6165    0.3324
...    59 T-A ...
 -111.6230  -53.1072  117.5744
   -0.6202   -0.7827    0.0519
    0.2605   -0.1431    0.9548
   -0.7399    0.6057    0.2927
...    60 C-G ...
 -114.0219  -51.1564  118.8352
   -0.3348   -0.6626    0.6700
    0.5803    0.4153    0.7006
   -0.7424    0.6233    0.2455
...    61 G-C ...
 -115.8926  -48.5715  119.9338
    0.0868   -0.2569    0.9625
    0.6832    0.7186    0.1302
   -0.7251    0.6463    0.2379
...    62 A-T ...
 -118.0086  -46.0487  120.2597
    0.5172    0.2478    0.8192
    0.5235    0.6657   -0.5318
   -0.6771    0.7039    0.2146
...    63 G-C ...
 -120.2560  -43.7012  120.9141
    0.7529    0.5501    0.3614
    0.1697    0.3682   -0.9141
   -0.6359    0.7495    0.1839
...    64 C-G ...
 -122.4215  -41.2642  121.9850
    0.7418    0.6171   -0.2624
   -0.3021   -0.0417   -0.9523
   -0.5987    0.7858    0.1555
...    65 T-A ...
 -124.2586  -38.5490  122.6558
    0.5185    0.4051   -0.7530
   -0.6693   -0.3557   -0.6523
   -0.5321    0.8422    0.0867
...    66 C-G ...
 -126.0064  -35.7421  122.6063
    0.0508    0.0614   -0.9968
   -0.8851   -0.4595   -0.0734
   -0.4625    0.8861    0.0310
...    67 G-C ...
 -128.3221  -33.1918  122.2421
   -0.4393   -0.2810   -0.8533
   -0.7936   -0.3237    0.5152
   -0.4210    0.9035   -0.0808
...    68 G-C ...
 -129.7094  -30.1451  121.4039
   -0.8003   -0.4632   -0.3808
   -0.4082   -0.0445    0.9118
   -0.4393    0.8851   -0.1535
...    69 G-C ...
 -131.4817  -27.4007  120.5102
   -0.8582   -0.4595    0.2286
    0.0943    0.2967    0.9503
   -0.5045    0.8372   -0.2113
...    70 A-T ...
 -133.2300  -24.6662  119.4326
   -0.6250   -0.1182    0.7716
    0.6221    0.5216    0.5839
   -0.4715    0.8450   -0.2524
...    71 T-A ...
 -135.2193  -22.2255  118.3664
   -0.1882    0.1978    0.9620
    0.8659    0.4957    0.0674
   -0.4636    0.8456   -0.2646
...    72 C-G ...
 -137.0376  -19.4808  117.4824
    0.3931    0.4939    0.7756
    0.8032    0.2262   -0.5511
   -0.4476    0.8396   -0.3078
...    73 C-G ...
 -138.6686  -16.8724  116.2259
    0.8217    0.4257    0.3789
    0.4629   -0.1107   -0.8795
   -0.3325    0.8980   -0.2880
...    74 G-C ...
 -139.5269  -13.9462  114.7857
    0.9739    0.1580   -0.1630
   -0.1023   -0.3356   -0.9364
   -0.2026    0.9287   -0.3107
...    75 C-G ...
 -140.0714  -10.5882  114.1423
    0.7402   -0.1033   -0.6644
   -0.6473   -0.3767   -0.6626
   -0.1818    0.9205   -0.3457
...    76 T-A ...
 -140.1843   -7.3139  112.9581
    0.2320   -0.3553   -0.9055
   -0.9644   -0.2053   -0.1666
   -0.1267    0.9119   -0.3903
...    77 T-A ...
 -140.2725   -4.3641  111.5589
   -0.3850   -0.4105   -0.8266
   -0.9166    0.0656    0.3944
   -0.1077    0.9095   -0.4015
...    78 T-A ...
 -140.4947   -1.4663  110.0635
   -0.8485   -0.2971   -0.4378
   -0.5192    0.3078    0.7973
   -0.1022    0.9039   -0.4154
...    79 A-T ...
 -141.0282    1.8002  109.3294
   -0.9894    0.0378    0.1405
    0.1429    0.4307    0.8911
   -0.0268    0.9017   -0.4315
...    80 A-T ...
 -141.2058    4.5297  107.5578
   -0.7139    0.3397    0.6123
    0.7000    0.3214    0.6378
    0.0199    0.8839   -0.4672
...    81 T-A ...
 -141.7822    7.2382  105.5719
   -0.2263    0.5082    0.8310
    0.9729    0.0757    0.2186
    0.0482    0.8579   -0.5116
...    82 C-G ...
 -141.7034   10.0131  103.7422
    0.4473    0.4249    0.7870
    0.8898   -0.3000   -0.3437
    0.0901    0.8541   -0.5123
...    83 A-T ...
 -141.1145   12.4201  101.3408
    0.8782    0.0675    0.4735
    0.4343   -0.5269   -0.7305
    0.2002    0.8472   -0.4921
...    84 T-A ...
 -140.4939   15.3993  100.1494
    0.9636   -0.2609    0.0577
   -0.0791   -0.4849   -0.8710
    0.2552    0.8347   -0.4879
...    85 G-C ...
 -139.4102   18.2622   98.4151
    0.6801   -0.6100   -0.4067
   -0.6379   -0.2190   -0.7383
    0.3613    0.7615   -0.5381
...    86 T-A ...
 -137.6352   20.7129   96.9686
    0.2190   -0.6574   -0.7210
   -0.8971    0.1550   -0.4138
    0.3838    0.7374   -0.5558
...    87 T-A ...
 -136.2197   22.8837   95.1370
   -0.3388   -0.4942   -0.8006
   -0.8550    0.5168    0.0429
    0.3925    0.6991   -0.5976
...    88 A-T ...
 -135.0815   25.3162   93.0375
   -0.8112   -0.0693   -0.5806
   -0.4350    0.7351    0.5201
    0.3908    0.6744   -0.6265
...    89 T-A ...
 -133.6681   26.9280   90.5441
   -0.9096    0.3393   -0.2399
    0.0566    0.6732    0.7373
    0.4116    0.6571   -0.6315
...    90 A-T ...
 -132.0151   29.2521   88.5471
   -0.5896    0.7586    0.2773
    0.6594    0.2538    0.7077
    0.4664    0.6001   -0.6498
...    91 A-T ...
 -130.6255   31.1060   86.2807
   -0.0553    0.7883    0.6128
    0.8680   -0.2654    0.4197
    0.4935    0.5552   -0.6695
...    92 C-G ...
 -129.5244   33.1870   83.7518
    0.4587    0.5100    0.7277
    0.7333   -0.6797    0.0141
    0.5018    0.5271   -0.6858
...    93 G-C ...
 -127.6102   34.6700   81.5424
    0.7602   -0.0374    0.6486
    0.3112   -0.8553   -0.4142
    0.5702    0.5167   -0.6386
...    94 G-C ...
 -125.6116   36.4407   79.6146
    0.7445   -0.5423    0.3894
   -0.1318   -0.6911   -0.7106
    0.6545    0.4777   -0.5861
...    95 A-T ...
 -123.3058   37.8865   77.8383
    0.4712   -0.8798   -0.0623
   -0.5312   -0.2268   -0.8163
    0.7041    0.4178   -0.5742
...    96 C-G ...
 -120.7042   38.9397   76.3222
    0.0774   -0.8938   -0.4417
   -0.6849    0.2743   -0.6750
    0.7245    0.3547   -0.5910
...    97 A-T ...
 -118.2340   39.8568   74.2030
   -0.4045   -0.6000   -0.6902
   -0.5753    0.7536   -0.3180
    0.7109    0.2684   -0.6501
...    98 C-G ...
 -115.7361   40.0278   71.9384
   -0.6680   -0.1138   -0.7354
   -0.2532    0.9640    0.0809
    0.6997    0.2402   -0.6728
...    99 T-A ...
 -113.3142   40.2042   69.2480
   -0.7141    0.4568   -0.5305
    0.1956    0.8577    0.4754
    0.6722    0.2357   -0.7018
...   100 T-A ...
 -111.2648   40.6878   66.7372
   -0.4236    0.8878   -0.1798
    0.5827    0.4190    0.6964
    0.6936    0.1903   -0.6948
...   101 T-A ...
 -109.1882   41.1597   64.2379
    0.0230    0.9718    0.2346
    0.7106   -0.1810    0.6799
    0.7032    0.1511   -0.6948
...   102 A-T ...
 -106.5665   41.4249   62.0187
    0.5033    0.6178    0.6041
    0.5030   -0.7780    0.3766
    0.7026    0.1143   -0.7023
...   103 T-A ...
 -104.5748   42.4399   59.6525
    0.6587    0.1617    0.7348
    0.1974   -0.9796    0.0385
    0.7260    0.1197   -0.6772
...   104 G-C ...
 -102.0427   43.0463   57.5775
    0.5677   -0.4789    0.6697
   -0.2180   -0.8718   -0.4386
    0.7939    0.1030   -0.5993
...   105 C-G ...
  -99.1776   43.4424   56.0260
    0.3075   -0.8840    0.3521
   -0.4991   -0.4649   -0.7313
    0.8101    0.0491   -0.5842
...   106 T-A ...
  -96.0832   43.4449   54.4471
   -0.0602   -0.9916   -0.1144
   -0.5491    0.1286   -0.8258
    0.8336    0.0131   -0.5522
...   107 T-A ...
  -93.3086   43.2894   52.8409
   -0.3974   -0.7461   -0.5343
   -0.3963    0.6647   -0.6334
    0.8277   -0.0400   -0.5598
...   108 C-G ...
  -90.5693   42.8580   50.9617
   -0.5793   -0.2049   -0.7890
   -0.0679    0.9767   -0.2038
    0.8123   -0.0645   -0.5797
...   109 C-G ...
  -87.9840   42.4449   48.9430
   -0.6004    0.3540   -0.7171
    0.2694    0.9338    0.2354
    0.7530   -0.0519   -0.6560
...   110 G-C ...
  -85.6184   42.6101   46.9583
   -0.4388    0.7924   -0.4238
    0.5635    0.6100    0.5571
    0.7000    0.0056   -0.7142
...   111 G-C ...
  -83.5466   42.8244   44.3031
   -0.0890    0.9960    0.0076
    0.7261    0.0596    0.6850
    0.6818    0.0665   -0.7285
...   112 C-G ...
  -81.6962   43.2777   41.5371
    0.3024    0.8551    0.4211
    0.6535   -0.5076    0.5614
    0.6938    0.1054   -0.7124
...   113 T-A ...
  -79.5347   43.7854   39.0630
    0.5685    0.4448    0.6921
    0.4020   -0.8842    0.2380
    0.7178    0.1429   -0.6815
...   114 C-G ...
  -77.0412   44.1695   36.9099
    0.6703   -0.1696    0.7224
    0.0137   -0.9705   -0.2406
    0.7419    0.1712   -0.6483
...   115 G-C ...
  -74.5926   44.2088   34.6274
    0.4881   -0.7234    0.4883
   -0.3627   -0.6770   -0.6404
    0.7939    0.1355   -0.5928
...   116 T-A ...
  -71.5785   44.6582   33.2937
    0.1808   -0.9793    0.0907
   -0.5575   -0.1780   -0.8109
    0.8102    0.0961   -0.5782
...   117 A-T ...
  -68.5591   44.7689   31.6978
   -0.2260   -0.8981   -0.3774
   -0.5291    0.4385   -0.7265
    0.8179    0.0355   -0.5743
...   118 T-A ...
  -65.6176   44.4057   30.2925
   -0.4481   -0.5432   -0.7100
   -0.3384    0.8382   -0.4277
    0.8275    0.0486   -0.5594
...   119 A-T ...
  -62.7803   44.8208   28.3868
   -0.5318    0.1403   -0.8351
    0.0313    0.9888    0.1462
    0.8463    0.0516   -0.5302
...   120 A-T ...
  -60.0953   44.6616   26.5537
   -0.4191    0.6826   -0.5987
    0.3231    0.7284    0.6042
    0.8485    0.0598   -0.5258
...   121 T-A ...
  -57.5912   44.4994   24.3413
   -0.1824    0.9642   -0.1925
    0.4880    0.2587    0.8336
    0.8536    0.0581   -0.5177
...   122 G-C ...
  -54.7048   44.7843   22.4032
    0.0623    0.9174    0.3931
    0.5018   -0.3693    0.7822
    0.8627    0.1485   -0.4833
...   123 T-A ...
  -52.1249   45.5665   20.5418
    0.2809    0.5952    0.7529
    0.3962   -0.7864    0.4739
    0.8742    0.1652   -0.4567
...   124 G-C ...
  -49.1535   46.2311   19.1038
    0.3722    0.0107    0.9281
    0.1947   -0.9786   -0.0668
    0.9075    0.2055   -0.3663
...   125 T-A ...
  -46.3398   47.3466   18.0735
    0.3676   -0.5150    0.7744
   -0.0068   -0.8341   -0.5515
    0.9299    0.1975   -0.3102
...   126 C-G ...
  -43.3245   47.8856   17.2806
    0.3003   -0.9061    0.2981
   -0.1912   -0.3634   -0.9118
    0.9345    0.2168   -0.2824
...   127 G-C ...
  -40.3500   48.2603   15.7952
    0.0590   -0.9716   -0.2290
   -0.2566    0.2069   -0.9441
    0.9647    0.1145   -0.2371
...   128 A-T ...
  -37.2532   48.6195   15.0997
   -0.0943   -0.6524   -0.7520
   -0.2456    0.7473   -0.6175
    0.9648    0.1265   -0.2307
...   129 C-G ...
  -33.9633   48.3364   14.6791
   -0.2386   -0.1492   -0.9596
   -0.1552    0.9813   -0.1140
    0.9586    0.1217   -0.2573
...   130 C-G ...
  -30.7485   48.3306   13.5243
   -0.3656    0.3948   -0.8429
    0.0183    0.9085    0.4175
    0.9306    0.1372   -0.3394
...   131 A-T ...
  -27.5575   49.3372   13.0126
   -0.3481    0.8442   -0.4077
    0.2090    0.4938    0.8441
    0.9139    0.2086   -0.3483
...   132 A-T ...
  -24.6086   49.9931   11.7395
   -0.1870    0.9693    0.1596
    0.3682   -0.0815    0.9262
    0.9108    0.2319   -0.3416
...   133 A-T ...
  -21.7800   50.8558   10.2965
    0.0819    0.7383    0.6695
    0.3935   -0.6411    0.6589
    0.9157    0.2095   -0.3430
...   134 T-A ...
  -19.0082   52.0402    8.9385
    0.2450    0.2904    0.9250
    0.3072   -0.9282    0.2101
    0.9196    0.2327   -0.3166
...   135 G-C ...
  -16.4568   53.8980    7.5291
    0.5336   -0.3334    0.7773
    0.0348   -0.9096   -0.4140
    0.8450    0.2479   -0.4738
...   136 T-A ...
  -14.1680   56.5698    6.1950
    0.5795   -0.7269    0.3684
   -0.3140   -0.6163   -0.7222
    0.7521    0.3028   -0.5854
...   137 G-C ...
  -11.6467   58.0146    4.7338
    0.2454   -0.9541   -0.1717
   -0.6318   -0.0231   -0.7748
    0.7352    0.2986   -0.6085
...   138 A-T ...
   -8.6697   58.7289    3.6171
   -0.0344   -0.7815   -0.6230
   -0.6534    0.4892   -0.5777
    0.7562    0.3872   -0.5274
...   139 G-C ...
   -6.3210   59.0879    1.6441
   -0.2967   -0.3277   -0.8970
   -0.5657    0.8170   -0.1114
    0.7694    0.4744   -0.4278
...   140 C-G ...
   -3.4295   60.2437    1.0436
   -0.4424    0.2288   -0.8671
   -0.1682    0.9286    0.3309
    0.8809    0.2922   -0.3723
...   141 G-C ...
   -0.6892   63.9063   -2.2355
   -0.9992    0.0156   -0.0375
   -0.0024    0.8991    0.4378
    0.0405    0.4375   -0.8983
...   142 C-G ...
   -0.9978   65.6137   -4.9248
   -0.8337    0.5217    0.1810
    0.5169    0.6220    0.5881
    0.1942    0.5839   -0.7882
...   143 T-A ...
   -0.1243   66.2250   -7.8040
   -0.3751    0.8568    0.3538
    0.8856    0.2185    0.4098
    0.2739    0.4670   -0.8407
...   144 C-G ...
   -0.1579   67.4197  -10.7920
    0.1799    0.8792    0.4411
    0.9276   -0.3009    0.2214
    0.3274    0.3694   -0.8697
...   145 A-T ...
    0.5354   69.2487  -13.4512
    0.7352    0.4961    0.4620
    0.6117   -0.7791   -0.1369
    0.2921    0.3832   -0.8763
...   146 C-G ...
    1.4422   72.1064  -15.5857
    0.9808    0.0622    0.1849
    0.1266   -0.9240   -0.3608
    0.1484    0.3773   -0.9141
...   147 A-T ...
    2.3152   74.2410  -18.3713
    0.8657   -0.4292   -0.2574
   -0.4984   -0.7868   -0.3642
   -0.0462    0.4436   -0.8950
