  147 base-pairs
...     1 A-T ...
    0.0000    0.0000    0.0000
    1.0000    0.0000    0.0000
    0.0000    1.0000    0.0000
    0.0000    0.0000    1.0000
...     2 G-C ...
   -0.1394   -1.2357    3.2268
    0.7529    0.6366    0.1670
   -0.6386    0.7680   -0.0486
   -0.1592   -0.0700    0.9848
...     3 T-A ...
   -0.0365   -3.2932    6.3751
    0.2722    0.9301    0.2466
   -0.9238    0.3243   -0.2033
   -0.2691   -0.1725    0.9475
...     4 G-C ...
   -0.3505   -4.1660    9.4928
   -0.3756    0.9250    0.0579
   -0.8781   -0.3352   -0.3415
   -0.2965   -0.1791    0.9381
...     5 A-T ...
   -0.4462   -4.1476   12.7498
   -0.8116    0.5840   -0.0165
   -0.5523   -0.7762   -0.3042
   -0.1905   -0.2378    0.9524
...     6 G-C ...
   -1.5908   -4.1730   15.6201
   -0.9976    0.0246   -0.0651
   -0.0043   -0.9555   -0.2950
   -0.0695   -0.2940    0.9533
...     7 C-G ...
   -1.1030   -4.4824   18.7362
   -0.8441   -0.5304   -0.0787
    0.5345   -0.8441   -0.0432
   -0.0435   -0.0785    0.9960
...     8 G-C ...
   -2.4028   -7.7290   23.1475
   -0.2754   -0.3293   -0.9032
    0.6650   -0.7437    0.0684
   -0.6942   -0.5818    0.4238
...     9 C-G ...
   -4.4690   -9.9728   24.1132
    0.1145   -0.7025   -0.7024
    0.8512   -0.2952    0.4340
   -0.5122   -0.6476    0.5642
...    10 T-A ...
   -6.7405  -10.8752   25.9697
    0.4841   -0.8363   -0.2574
    0.6595    0.1553    0.7355
   -0.5751   -0.5258    0.6267
...    11 C-G ...
   -9.1656  -12.6208   27.1640
    0.7073   -0.6682    0.2307
    0.3448    0.6110    0.7126
   -0.6171   -0.4245    0.6626
...    12 A-T ...
  -10.9234  -14.6633   29.0693
    0.7515   -0.1377    0.6452
   -0.2029    0.8824    0.4246
   -0.6277   -0.4500    0.6352
...    13 C-G ...
  -11.8476  -17.4863   31.2451
    0.4295    0.2823    0.8578
   -0.5708    0.8209    0.0156
   -0.6998   -0.4963    0.5137
...    14 A-T ...
  -13.5897  -19.7827   33.4259
   -0.1504    0.6104    0.7777
   -0.6874    0.5008   -0.5260
   -0.7106   -0.6136    0.3443
...    15 A-T ...
  -15.7310  -21.8960   34.6881
   -0.5477    0.7736    0.3187
   -0.4496    0.0490   -0.8919
   -0.7055   -0.6318    0.3210
...    16 T-A ...
  -17.8078  -23.8569   36.3511
   -0.7040    0.6830   -0.1947
   -0.0905   -0.3582   -0.9292
   -0.7044   -0.6366    0.3140
...    17 T-A ...
  -20.1014  -25.8253   37.5514
   -0.6190    0.3421   -0.7070
    0.3477   -0.6878   -0.6372
   -0.7043   -0.6402    0.3067
...    18 T-A ...
  -22.4973  -27.7425   38.6223
   -0.2896   -0.1231   -0.9492
    0.6457   -0.7572   -0.0988
   -0.7065   -0.6415    0.2988
...    19 A-T ...
  -24.6482  -30.1742   39.6007
    0.2114   -0.5572   -0.8031
    0.6700   -0.5156    0.5341
   -0.7116   -0.6509    0.2643
...    20 T-A ...
  -27.3405  -32.0604   39.9346
    0.5297   -0.7449   -0.4057
    0.4579   -0.1515    0.8760
   -0.7140   -0.6498    0.2608
...    21 T-A ...
  -29.7439  -34.1826   40.5247
    0.6858   -0.7006    0.1972
    0.0540    0.3192    0.9462
   -0.7258   -0.6382    0.2567
...    22 C-G ...
  -32.0792  -36.3972   41.3046
    0.5860   -0.3496    0.7310
   -0.3837    0.6749    0.6303
   -0.7137   -0.6498    0.2614
...    23 G-C ...
  -34.6522  -38.3084   42.4247
    0.3104    0.1698    0.9353
   -0.6693    0.7378    0.0882
   -0.6751   -0.6533    0.3426
...    24 C-G ...
  -36.5865  -40.7645   43.6321
   -0.0961    0.5829    0.8068
   -0.7286    0.5110   -0.4560
   -0.6781   -0.6317    0.3756
...    25 A-T ...
  -39.0581  -42.7754   44.7086
   -0.4471    0.8274    0.3398
   -0.5402    0.0530   -0.8399
   -0.7129   -0.5591    0.4233
...    26 A-T ...
  -41.2926  -44.5400   46.2752
   -0.6748    0.7040   -0.2216
   -0.1737   -0.4432   -0.8794
   -0.7173   -0.5549    0.4214
...    27 A-T ...
  -43.6494  -46.1821   47.7936
   -0.6436    0.3124   -0.6987
    0.2521   -0.7754   -0.5790
   -0.7226   -0.5488    0.4203
...    28 G-C ...
  -46.2381  -47.7471   49.1979
   -0.3530   -0.1344   -0.9259
    0.5491   -0.8311   -0.0888
   -0.7576   -0.5397    0.3672
...    29 G-C ...
  -49.0225  -49.4302   50.1600
    0.0736   -0.5439   -0.8359
    0.6244   -0.6285    0.4639
   -0.7776   -0.5561    0.2934
...    30 C-G ...
  -51.8295  -51.1735   50.7422
    0.4368   -0.7888   -0.4324
    0.4581   -0.2187    0.8616
   -0.7742   -0.5744    0.2658
...    31 C-G ...
  -54.4579  -53.2585   51.3251
    0.6653   -0.7369    0.1202
    0.1109    0.2567    0.9601
   -0.7383   -0.6254    0.2525
...    32 G-C ...
  -56.9329  -55.2243   52.5628
    0.6660   -0.3891    0.6364
   -0.3082    0.6334    0.7098
   -0.6793   -0.6689    0.3019
...    33 G-C ...
  -59.1078  -57.6906   53.4416
    0.4287    0.0912    0.8988
   -0.6314    0.7419    0.2259
   -0.6462   -0.6643    0.3756
...    34 C-G ...
  -60.9373  -60.1969   54.6815
    0.0359    0.5268    0.8493
   -0.7621    0.5642   -0.3177
   -0.6465   -0.6358    0.4217
...    35 C-G ...
  -62.9116  -62.4166   56.3099
   -0.3277    0.8132    0.4809
   -0.6643    0.1636   -0.7293
   -0.6718   -0.5585    0.4866
...    36 C-G ...
  -65.0903  -64.1463   58.2253
   -0.5721    0.8181   -0.0584
   -0.3914   -0.3349   -0.8571
   -0.7208   -0.4675    0.5118
...    37 G-C ...
  -67.7911  -65.7065   59.5663
   -0.6035    0.5261   -0.5992
   -0.0387   -0.7699   -0.6370
   -0.7964   -0.3612    0.4850
...    38 A-T ...
  -70.5215  -66.7645   61.0943
   -0.4821   -0.0418   -0.8751
    0.3106   -0.9421   -0.1262
   -0.8192   -0.3327    0.4672
...    39 C-G ...
  -73.5334  -67.2886   62.4620
   -0.2268   -0.5461   -0.8065
    0.5041   -0.7743    0.3825
   -0.8333   -0.3198    0.4509
...    40 A-T ...
  -76.1410  -68.6365   64.0815
    0.1630   -0.8895   -0.4268
    0.5143   -0.2926    0.8062
   -0.8420   -0.3509    0.4098
...    41 C-G ...
  -79.2101  -69.8068   64.8493
    0.4169   -0.9046    0.0888
    0.3391    0.2454    0.9082
   -0.8433   -0.3485    0.4091
...    42 G-C ...
  -81.9606  -70.7344   66.6056
    0.5983   -0.5571    0.5759
    0.0346    0.7361    0.6760
   -0.8006   -0.3845    0.4596
...    43 A-T ...
  -84.6640  -72.0261   67.9992
    0.5200    0.0159    0.8540
   -0.3192    0.9310    0.1770
   -0.7923   -0.3646    0.4892
...    44 C-G ...
  -86.9831  -73.7711   69.6084
    0.3011    0.5306    0.7923
   -0.5450    0.7776   -0.3136
   -0.7825   -0.3374    0.5233
...    45 T-A ...
  -89.3732  -74.9904   71.5706
    0.0317    0.8955    0.4439
   -0.6343    0.3612   -0.6835
   -0.7724   -0.2599    0.5795
...    46 T-A ...
  -91.7617  -75.7972   73.5961
   -0.3015    0.9517   -0.0578
   -0.5483   -0.2227   -0.8061
   -0.7800   -0.2113    0.5890
...    47 A-T ...
  -94.5206  -76.3713   75.4214
   -0.4949    0.6399   -0.5878
   -0.2990   -0.7606   -0.5763
   -0.8159   -0.1094    0.5678
...    48 C-G ...
  -97.1340  -76.0661   77.4503
   -0.5556    0.1301   -0.8212
   -0.0159   -0.9892   -0.1460
   -0.8313   -0.0681    0.5517
...    49 T-A ...
 -100.0443  -75.9624   79.0864
   -0.4462   -0.4412   -0.7786
    0.2498   -0.8969    0.3650
   -0.8594   -0.0316    0.5104
...    50 G-C ...
 -102.8369  -76.4899   80.8709
   -0.1788   -0.9003   -0.3969
    0.4390   -0.4340    0.7867
   -0.8805   -0.0335    0.4728
...    51 T-A ...
 -106.0705  -76.5089   81.8837
    0.0815   -0.9901    0.1146
    0.4709    0.1396    0.8711
   -0.8784   -0.0171    0.4776
...    52 A-T ...
 -108.7765  -75.9596   83.9968
    0.3025   -0.6079    0.7341
    0.3372    0.7886    0.5141
   -0.8915    0.0920    0.4436
...    53 G-C ...
 -111.8232  -75.8796   85.3886
    0.4892   -0.0690    0.8694
    0.1395    0.9902    0.0001
   -0.8609    0.1213    0.4940
...    54 G-C ...
 -114.8201  -75.6981   86.9885
    0.5729    0.4841    0.6614
   -0.1404    0.8530   -0.5027
   -0.8075    0.1951    0.5566
...    55 T-A ...
 -117.2334  -75.4478   89.2203
    0.4640    0.8493    0.2519
   -0.4203    0.4614   -0.7813
   -0.7798    0.2567    0.5710
...    56 A-T ...
 -119.6906  -74.3744   91.2282
    0.2692    0.9015   -0.3389
   -0.6471   -0.0913   -0.7569
   -0.7133    0.4230    0.5588
...    57 T-A ...
 -121.4987  -72.7430   93.3992
   -0.0695    0.7108   -0.7000
   -0.7095   -0.5285   -0.4662
   -0.7013    0.4642    0.5410
...    58 C-G ...
 -123.7922  -70.9876   94.9555
   -0.4518    0.2315   -0.8615
   -0.5665   -0.8205    0.0767
   -0.6891    0.5228    0.5019
...    59 T-A ...
 -126.0368  -68.9290   96.3170
   -0.6678   -0.2822   -0.6888
   -0.2681   -0.7721    0.5762
   -0.6944    0.5694    0.4399
...    60 C-G ...
 -128.4654  -67.0366   97.5669
   -0.7093   -0.6842   -0.1698
    0.1838   -0.4120    0.8924
   -0.6805    0.6018    0.4180
...    61 G-C ...
 -130.6209  -65.1938   99.4388
   -0.4458   -0.7978    0.4058
    0.5633    0.1022    0.8199
   -0.6956    0.5941    0.4039
...    62 A-T ...
 -132.9479  -63.1171  100.6126
   -0.0104   -0.5437    0.8392
    0.7407    0.5596    0.3717
   -0.6717    0.6255    0.3969
...    63 G-C ...
 -135.3742  -61.1653  101.8548
    0.4360   -0.1630    0.8851
    0.6472    0.7401   -0.1825
   -0.6253    0.6524    0.4281
...    64 C-G ...
 -137.7519  -59.2853  103.2822
    0.7625    0.2393    0.6012
    0.3118    0.6782   -0.6654
   -0.5669    0.6948    0.4425
...    65 T-A ...
 -139.5664  -57.0912  104.9892
    0.8677    0.4876    0.0963
   -0.1477    0.4380   -0.8868
   -0.4746    0.7552    0.4521
...    66 C-G ...
 -141.0293  -54.5840  106.4833
    0.6575    0.5753   -0.4866
   -0.6374    0.0803   -0.7663
   -0.4018    0.8140    0.4195
...    67 G-C ...
 -142.3323  -51.6089  107.4470
    0.2539    0.3683   -0.8944
   -0.9253   -0.1769   -0.3355
   -0.2818    0.9127    0.2958
...    68 G-C ...
 -142.8722  -48.2991  107.9478
   -0.2740    0.1117   -0.9552
   -0.9341   -0.2673    0.2367
   -0.2289    0.9571    0.1776
...    69 G-C ...
 -143.5746  -44.9593  107.8736
   -0.7401   -0.1199   -0.6618
   -0.6358   -0.1959    0.7466
   -0.2192    0.9733    0.0687
...    70 A-T ...
 -144.3959  -41.7233  107.8647
   -0.9802   -0.1919   -0.0488
   -0.0420   -0.0395    0.9983
   -0.1935    0.9806    0.0307
...    71 T-A ...
 -145.1215  -38.5127  107.2416
   -0.8577   -0.1244    0.4989
    0.4948    0.0639    0.8666
   -0.1397    0.9902    0.0067
...    72 C-G ...
 -145.6030  -35.2080  107.1231
   -0.3574   -0.0205    0.9337
    0.9281    0.1040    0.3575
   -0.1045    0.9944   -0.0181
...    73 C-G ...
 -146.1339  -31.8452  106.8432
    0.2494   -0.0052    0.9684
    0.9667    0.0610   -0.2486
   -0.0578    0.9981    0.0203
...    74 G-C ...
 -145.9762  -28.4684  106.3771
    0.7669   -0.0858    0.6361
    0.6378   -0.0086   -0.7701
    0.0715    0.9963    0.0481
...    75 C-G ...
 -146.0070  -25.1783  106.8483
    0.9829   -0.1552    0.0994
    0.1028    0.0142   -0.9946
    0.1529    0.9878    0.0299
...    76 T-A ...
 -145.2806  -21.9719  107.1787
    0.8607   -0.2426   -0.4475
   -0.4340    0.1098   -0.8942
    0.2661    0.9639   -0.0107
...    77 T-A ...
 -144.2200  -18.9312  107.1641
    0.4421   -0.2144   -0.8709
   -0.8366    0.2515   -0.4866
    0.3234    0.9438   -0.0681
...    78 T-A ...
 -142.9478  -15.9804  106.8515
   -0.1307   -0.0809   -0.9881
   -0.9265    0.3648    0.0927
    0.3529    0.9276   -0.1226
...    79 A-T ...
 -141.9460  -12.8284  106.2214
   -0.6902    0.1193   -0.7138
   -0.6250    0.3990    0.6710
    0.3648    0.9092   -0.2008
...    80 A-T ...
 -140.6446   -9.9901  105.2650
   -0.9078    0.3768   -0.1842
   -0.0846    0.2655    0.9604
    0.4107    0.8874   -0.2092
...    81 C-G ...
 -139.4143   -7.1454  103.8951
   -0.7949    0.4815    0.3692
    0.4353    0.0286    0.8998
    0.4227    0.8760   -0.2323
...    82 A-T ...
 -137.6858   -4.3370  103.3928
   -0.3608    0.3882    0.8480
    0.8308   -0.2793    0.4813
    0.4237    0.8782   -0.2218
...    83 C-G ...
 -136.8073   -1.2305  102.4314
    0.1569    0.1765    0.9717
    0.8826   -0.4665   -0.0578
    0.4431    0.8667   -0.2290
...    84 T-A ...
 -135.5131    1.7724  101.7555
    0.5927   -0.1533    0.7907
    0.6376   -0.5105   -0.5769
    0.4921    0.8461   -0.2048
...    85 T-A ...
 -134.0220    4.5963  101.1980
    0.8376   -0.4454    0.3162
    0.1641   -0.3470   -0.9234
    0.5210    0.8254   -0.2175
...    86 T-A ...
 -132.2826    7.2598  100.6433
    0.7486   -0.6127   -0.2534
   -0.3442   -0.0325   -0.9383
    0.5667    0.7896   -0.2353
...    87 T-A ...
 -130.2932    9.7075   99.9684
    0.3825   -0.5739   -0.7241
   -0.6974    0.3347   -0.6337
    0.6060    0.7474   -0.2722
...    88 C-G ...
 -128.1816   11.9580   98.8910
   -0.1412   -0.3121   -0.9395
   -0.7590    0.6434   -0.0997
    0.6356    0.6990   -0.3277
...    89 A-T ...
 -126.1986   14.2947   97.5132
   -0.6154    0.0516   -0.7865
   -0.4892    0.7574    0.4325
    0.6180    0.6509   -0.4409
...    90 T-A ...
 -123.9858   15.8847   95.6272
   -0.7693    0.4514   -0.4521
   -0.0861    0.6279    0.7735
    0.6330    0.6340   -0.4442
...    91 G-C ...
 -121.9792   18.2390   94.3574
   -0.6797    0.7225    0.1264
    0.4254    0.2479    0.8704
    0.5975    0.6454   -0.4758
...    92 T-A ...
 -120.3555   20.3176   92.2411
   -0.3255    0.7473    0.5792
    0.7262   -0.1947    0.6593
    0.6055    0.6353   -0.4794
...    93 T-A ...
 -118.5885   22.3959   90.4339
    0.2099    0.5121    0.8329
    0.7571   -0.6242    0.1929
    0.6186    0.5901   -0.5187
...    94 A-T ...
 -116.1765   23.8213   88.4497
    0.6772   -0.0205    0.7355
    0.3973   -0.8312   -0.3890
    0.6193    0.5556   -0.5547
...    95 T-A ...
 -114.3132   26.1287   87.0185
    0.7780   -0.4562    0.4319
   -0.0206   -0.7057   -0.7082
    0.6279    0.5421   -0.5585
...    96 A-T ...
 -112.1879   27.7445   84.9681
    0.5415   -0.8395   -0.0437
   -0.4858   -0.2701   -0.8313
    0.6861    0.4714   -0.5541
...    97 A-T ...
 -109.8146   29.1806   83.2981
    0.1338   -0.8577   -0.4964
   -0.7001    0.2727   -0.6599
    0.7014    0.4358   -0.5640
...    98 C-G ...
 -107.0761   30.1606   81.7151
   -0.2943   -0.5951   -0.7478
   -0.6419    0.7028   -0.3067
    0.7081    0.3898   -0.5888
...    99 G-C ...
 -105.0305   31.5462   79.3802
   -0.6812   -0.1144   -0.7231
   -0.2994    0.9449    0.1325
    0.6680    0.3068   -0.6780
...   100 G-C ...
 -102.9530   32.2718   76.7737
   -0.7705    0.4241   -0.4759
    0.1718    0.8571    0.4856
    0.6139    0.2924   -0.7333
...   101 A-T ...
 -100.9974   33.1713   74.2430
   -0.4997    0.8630   -0.0743
    0.6192    0.4158    0.6661
    0.6057    0.2869   -0.7422
...   102 A-T ...
  -99.2130   33.9990   71.6306
    0.0009    0.9509    0.3096
    0.7860   -0.1921    0.5877
    0.6183    0.2428   -0.7475
...   103 T-A ...
  -97.7305   35.0331   68.8440
    0.4293    0.7093    0.5591
    0.6594   -0.6691    0.3426
    0.6171    0.2216   -0.7550
...   104 G-C ...
  -95.4475   35.4940   66.4187
    0.6923    0.1437    0.7072
    0.2708   -0.9601   -0.0699
    0.6689    0.2399   -0.7036
...   105 C-G ...
  -93.2665   36.6787   64.1804
    0.6913   -0.4357    0.5764
   -0.1710   -0.8737   -0.4554
    0.7020    0.2163   -0.6785
...   106 T-A ...
  -90.7503   37.4984   62.1546
    0.4303   -0.8593    0.2766
   -0.5115   -0.4846   -0.7096
    0.7438    0.1639   -0.6480
...   107 T-A ...
  -88.2069   38.0423   60.2110
    0.0362   -0.9825   -0.1829
   -0.6637    0.1132   -0.7394
    0.7471    0.1481   -0.6480
...   108 C-G ...
  -85.7110   38.3507   58.0794
   -0.4001   -0.7170   -0.5709
   -0.5322    0.6889   -0.4921
    0.7461    0.1069   -0.6572
...   109 C-G ...
  -83.2193   38.2895   55.7671
   -0.6839   -0.2050   -0.7002
   -0.1796    0.9775   -0.1108
    0.7071    0.0500   -0.7053
...   110 G-C ...
  -80.9946   38.8231   53.2517
   -0.7151    0.4050   -0.5698
    0.2876    0.9134    0.2882
    0.6372    0.0422   -0.7696
...   111 G-C ...
  -79.0503   38.7992   50.4521
   -0.4622    0.8501   -0.2523
    0.6574    0.5195    0.5459
    0.5951    0.0864   -0.7990
...   112 C-G ...
  -77.3973   38.9858   47.5329
   -0.0253    0.9911    0.1306
    0.8061   -0.0571    0.5891
    0.5913    0.1202   -0.7975
...   113 T-A ...
  -75.6543   39.5512   44.7307
    0.3969    0.7834    0.4783
    0.6912   -0.5979    0.4059
    0.6039    0.1695   -0.7788
...   114 C-G ...
  -73.6878   40.1628   42.1444
    0.7160    0.2487    0.6523
    0.3055   -0.9518    0.0275
    0.6277    0.1795   -0.7575
...   115 G-C ...
  -71.4225   40.3364   39.6097
    0.6845   -0.3723    0.6268
   -0.1498   -0.9132   -0.3789
    0.7135    0.1655   -0.6808
...   116 T-A ...
  -68.8320   41.3014   37.7653
    0.4683   -0.8147    0.3421
   -0.4917   -0.5619   -0.6652
    0.7342    0.1433   -0.6637
...   117 A-T ...
  -66.6112   41.5961   35.1972
    0.0287   -0.9856   -0.1666
   -0.6676    0.1051   -0.7371
    0.7440    0.1323   -0.6550
...   118 T-A ...
  -63.7595   41.7515   33.5261
   -0.3200   -0.7821   -0.5347
   -0.5804    0.6079   -0.5418
    0.7488    0.1370   -0.6485
...   119 A-T ...
  -61.4477   42.6550   31.1630
   -0.5980   -0.1707   -0.7831
   -0.2221    0.9741   -0.0426
    0.7701    0.1484   -0.6204
...   120 A-T ...
  -58.9147   42.8632   29.1105
   -0.5857    0.4518   -0.6729
    0.1708    0.8804    0.4424
    0.7923    0.1442   -0.5928
...   121 T-A ...
  -56.5456   42.8122   26.7862
   -0.3961    0.8502   -0.3467
    0.4469    0.5084    0.7361
    0.8021    0.1366   -0.5813
...   122 G-C ...
  -53.7455   43.4230   25.0319
   -0.1169    0.9705    0.2110
    0.6033   -0.0994    0.7913
    0.7889    0.2198   -0.5738
...   123 T-A ...
  -51.5418   44.3752   22.7183
    0.2004    0.7524    0.6275
    0.5659   -0.6117    0.5528
    0.7998    0.2443   -0.5483
...   124 G-C ...
  -48.6821   45.0898   21.0934
    0.4030    0.2177    0.8889
    0.3605   -0.9305    0.0645
    0.8412    0.2945   -0.4534
...   125 T-A ...
  -46.0558   46.6341   19.8038
    0.4952   -0.3322    0.8027
    0.0956   -0.8976   -0.4304
    0.8635    0.2899   -0.4128
...   126 C-G ...
  -43.1375   47.5561   18.5963
    0.4179   -0.8186    0.3941
   -0.1986   -0.5056   -0.8396
    0.8865    0.2725   -0.3739
...   127 G-C ...
  -40.1492   48.0495   17.0415
    0.1423   -0.9798   -0.1403
   -0.3428    0.0842   -0.9356
    0.9286    0.1812   -0.3239
...   128 A-T ...
  -37.0243   48.4966   16.0184
   -0.1039   -0.7201   -0.6861
   -0.3361    0.6747   -0.6572
    0.9361    0.1623   -0.3121
...   129 C-G ...
  -33.7489   48.4373   15.2272
   -0.2714   -0.2279   -0.9351
   -0.2132    0.9617   -0.1725
    0.9386    0.1525   -0.3096
...   130 C-G ...
  -30.5599   48.6792   14.0453
   -0.3892    0.3596   -0.8480
   -0.0071    0.9194    0.3932
    0.9211    0.1591   -0.3553
...   131 A-T ...
  -27.4343   49.4351   13.0839
   -0.3734    0.8319   -0.4105
    0.2273    0.5110    0.8290
    0.8994    0.2162   -0.3799
...   132 A-T ...
  -24.5721   50.0388   11.6513
   -0.1622    0.9739    0.1588
    0.3851   -0.0857    0.9189
    0.9085    0.2103   -0.3612
...   133 A-T ...
  -21.7085   50.7884   10.3171
    0.0746    0.7339    0.6752
    0.3999   -0.6423    0.6539
    0.9135    0.2212   -0.3414
...   134 T-A ...
  -19.0084   52.0402    8.9383
    0.2450    0.2904    0.9250
    0.3072   -0.9282    0.2101
    0.9196    0.2327   -0.3167
...   135 G-C ...
  -16.4570   53.8980    7.5290
    0.5336   -0.3334    0.7773
    0.0348   -0.9096   -0.4140
    0.8450    0.2479   -0.4738
...   136 T-A ...
  -14.1681   56.5698    6.1948
    0.5795   -0.7269    0.3684
   -0.3140   -0.6163   -0.7222
    0.7521    0.3028   -0.5854
...   137 G-C ...
  -11.6469   58.0146    4.7336
    0.2454   -0.9541   -0.1717
   -0.6318   -0.0231   -0.7748
    0.7352    0.2986   -0.6085
...   138 A-T ...
   -8.6698   58.7289    3.6170
   -0.0344   -0.7815   -0.6230
   -0.6534    0.4892   -0.5777
    0.7562    0.3872   -0.5274
...   139 G-C ...
   -6.3212   59.0879    1.6440
   -0.2967   -0.3277   -0.8970
   -0.5657    0.8170   -0.1114
    0.7694    0.4744   -0.4278
...   140 C-G ...
   -3.4297   60.2437    1.0434
   -0.4424    0.2288   -0.8671
   -0.1682    0.9286    0.3309
    0.8809    0.2922   -0.3723
...   141 G-C ...
   -0.6894   63.9063   -2.2357
   -0.9992    0.0156   -0.0375
   -0.0024    0.8991    0.4378
    0.0405    0.4375   -0.8983
...   142 C-G ...
   -0.9980   65.6137   -4.9250
   -0.8337    0.5217    0.1810
    0.5169    0.6220    0.5881
    0.1942    0.5839   -0.7882
...   143 T-A ...
   -0.1245   66.2250   -7.8042
   -0.3751    0.8568    0.3538
    0.8856    0.2185    0.4098
    0.2739    0.4670   -0.8408
...   144 C-G ...
   -0.1581   67.4197  -10.7922
    0.1799    0.8792    0.4411
    0.9276   -0.3009    0.2214
    0.3274    0.3694   -0.8697
...   145 A-T ...
    0.5352   69.2487  -13.4514
    0.7352    0.4961    0.4620
    0.6117   -0.7791   -0.1369
    0.2921    0.3832   -0.8763
...   146 C-G ...
    1.4420   72.1064  -15.5859
    0.9808    0.0622    0.1849
    0.1266   -0.9240   -0.3608
    0.1484    0.3773   -0.9141
...   147 A-T ...
    2.3150   74.2410  -18.3715
    0.8657   -0.4292   -0.2574
   -0.4984   -0.7868   -0.3642
   -0.0462    0.4436   -0.8950
