  147 base-pairs
...     1 A-T ...
    0.0000    0.0000    0.0000
    1.0000    0.0000    0.0000
    0.0000    1.0000    0.0000
    0.0000    0.0000    1.0000
...     2 G-C ...
   -0.1394   -1.2357    3.2268
    0.7529    0.6366    0.1670
   -0.6386    0.7680   -0.0486
   -0.1592   -0.0700    0.9848
...     3 T-A ...
   -0.0365   -3.2932    6.3751
    0.2722    0.9301    0.2466
   -0.9238    0.3243   -0.2033
   -0.2691   -0.1725    0.9475
...     4 G-C ...
   -0.3505   -4.1660    9.4928
   -0.3756    0.9250    0.0579
   -0.8781   -0.3352   -0.3415
   -0.2965   -0.1791    0.9381
...     5 A-T ...
   -0.4462   -4.1476   12.7498
   -0.8116    0.5840   -0.0165
   -0.5523   -0.7762   -0.3042
   -0.1905   -0.2378    0.9524
...     6 G-C ...
   -1.5908   -4.1730   15.6201
   -0.9976    0.0246   -0.0651
   -0.0043   -0.9555   -0.2950
   -0.0695   -0.2940    0.9533
...     7 C-G ...
   -1.1030   -4.4824   18.7362
   -0.8441   -0.5304   -0.0787
    0.5345   -0.8441   -0.0432
   -0.0435   -0.0785    0.9960
...     8 G-C ...
   -2.4028   -7.7290   23.1475
   -0.2754   -0.3293   -0.9032
    0.6650   -0.7437    0.0684
   -0.6942   -0.5818    0.4238
...     9 C-G ...
   -4.4690   -9.9728   24.1132
    0.1145   -0.7025   -0.7024
    0.8512   -0.2952    0.4340
   -0.5122   -0.6476    0.5642
...    10 T-A ...
   -6.7405  -10.8752   25.9697
    0.4841   -0.8363   -0.2574
    0.6595    0.1553    0.7355
   -0.5751   -0.5258    0.6267
...    11 C-G ...
   -9.1656  -12.6208   27.1640
    0.7073   -0.6682    0.2307
    0.3448    0.6110    0.7126
   -0.6171   -0.4245    0.6626
...    12 A-T ...
  -10.9234  -14.6633   29.0693
    0.7515   -0.1377    0.6452
   -0.2029    0.8824    0.4246
   -0.6277   -0.4500    0.6352
...    13 C-G ...
  -11.8476  -17.4863   31.2451
    0.4295    0.2823    0.8578
   -0.5708    0.8209    0.0156
   -0.6998   -0.4963    0.5137
...    14 A-T ...
  -13.5897  -19.7827   33.4259
   -0.1504    0.6104    0.7777
   -0.6874    0.5008   -0.5260
   -0.7106   -0.6136    0.3443
...    15 A-T ...
  -15.8124  -21.8535   34.5755
   -0.5323    0.7885    0.3082
   -0.4488    0.0459   -0.8924
   -0.7178   -0.6134    0.3295
...    16 T-A ...
  -17.9312  -23.8355   36.3495
   -0.7218    0.6548   -0.2241
   -0.0638   -0.3853   -0.9206
   -0.6892   -0.6502    0.3199
...    17 T-A ...
  -20.1902  -25.7974   37.7158
   -0.6402    0.2694   -0.7194
    0.3955   -0.6872   -0.6093
   -0.6586   -0.6746    0.3334
...    18 T-A ...
  -22.4465  -27.8793   38.8400
   -0.2764   -0.1673   -0.9464
    0.6944   -0.7155   -0.0763
   -0.6644   -0.6782    0.3140
...    19 A-T ...
  -24.4579  -30.4379   39.9067
    0.2484   -0.5768   -0.7782
    0.7054   -0.4429    0.5534
   -0.6639   -0.6864    0.2969
...    20 T-A ...
  -27.0499  -32.4743   40.3733
    0.5805   -0.7333   -0.3541
    0.4650   -0.0585    0.8834
   -0.6685   -0.6774    0.3070
...    21 T-A ...
  -29.2926  -34.7290   41.1031
    0.7258   -0.6389    0.2550
    0.0132    0.3835    0.9234
   -0.6878   -0.6668    0.2868
...    22 C-G ...
  -31.5076  -36.9810   42.0693
    0.5997   -0.2631    0.7558
   -0.4407    0.6798    0.5863
   -0.6680   -0.6846    0.2917
...    23 G-C ...
  -33.9790  -38.8615   43.4364
    0.3396    0.2620    0.9034
   -0.7242    0.6857    0.0733
   -0.6002   -0.6791    0.4225
...    24 C-G ...
  -35.6441  -41.3475   44.8210
   -0.0615    0.6239    0.7791
   -0.7907    0.4459   -0.4195
   -0.6091   -0.6419    0.4659
...    25 A-T ...
  -38.0702  -43.4085   45.9045
   -0.4870    0.8061    0.3363
   -0.5909   -0.0206   -0.8065
   -0.6432   -0.5914    0.4863
...    26 A-T ...
  -40.1568  -45.2802   47.6154
   -0.7337    0.6471   -0.2073
   -0.1961   -0.4938   -0.8472
   -0.6506   -0.5809    0.4892
...    27 A-T ...
  -42.2253  -46.9925   49.4737
   -0.7142    0.2229   -0.6634
    0.2825   -0.7754   -0.5647
   -0.6403   -0.5908    0.4909
...    28 G-C ...
  -44.6600  -48.6052   51.1939
   -0.4069   -0.2089   -0.8893
    0.6132   -0.7840   -0.0964
   -0.6771   -0.5845    0.4471
...    29 G-C ...
  -47.2527  -50.4798   52.5016
    0.0737   -0.6000   -0.7966
    0.7187   -0.5218    0.4595
   -0.6914   -0.6064    0.3928
...    30 C-G ...
  -49.7142  -52.4864   53.4053
    0.4966   -0.7687   -0.4031
    0.5290   -0.1002    0.8427
   -0.6881   -0.6318    0.3569
...    31 C-G ...
  -52.2060  -54.5573   54.3944
    0.7456   -0.6534    0.1309
    0.1424    0.3481    0.9266
   -0.6510   -0.6722    0.3526
...    32 G-C ...
  -54.1792  -56.5025   55.8159
    0.7622   -0.3028    0.5721
   -0.2868    0.6344    0.7179
   -0.5803   -0.7112    0.3967
...    33 G-C ...
  -55.8540  -59.0853   57.2036
    0.5013    0.1619    0.8500
   -0.6729    0.6905    0.2653
   -0.5440   -0.7050    0.4551
...    34 C-G ...
  -57.3712  -61.6637   58.6102
    0.0650    0.5682    0.8203
   -0.8353    0.4807   -0.2668
   -0.5459   -0.6679    0.5059
...    35 C-G ...
  -58.9562  -63.8368   60.7148
   -0.3658    0.7986    0.4780
   -0.7359    0.0663   -0.6739
   -0.5698   -0.5982    0.5634
...    36 C-G ...
  -60.8052  -65.6743   62.8540
   -0.6834    0.7291   -0.0355
   -0.4230   -0.4352   -0.7948
   -0.5949   -0.5282    0.6058
...    37 G-C ...
  -62.9159  -68.0034   64.2122
   -0.7554    0.3885   -0.5277
    0.0301   -0.7838   -0.6203
   -0.6546   -0.4845    0.5804
...    38 A-T ...
  -65.0444  -69.4945   66.0819
   -0.5869   -0.1613   -0.7935
    0.4725   -0.8640   -0.1738
   -0.6575   -0.4769    0.5833
...    39 C-G ...
  -67.5632  -70.6706   67.7251
   -0.2249   -0.5862   -0.7783
    0.6949   -0.6564    0.2937
   -0.6831   -0.4748    0.5550
...    40 A-T ...
  -69.8837  -72.4578   69.4484
    0.2720   -0.8523   -0.4468
    0.6790   -0.1590    0.7167
   -0.6819   -0.4983    0.5355
...    41 C-G ...
  -72.3470  -74.3475   70.7501
    0.5979   -0.8016    0.0016
    0.4249    0.3186    0.8473
   -0.6797   -0.5060    0.5311
...    42 G-C ...
  -74.4721  -75.6963   72.9150
    0.7595   -0.4209    0.4960
   -0.0144    0.7514    0.6597
   -0.6504   -0.5081    0.5646
...    43 A-T ...
  -76.6963  -77.2621   74.5504
    0.6085    0.1126    0.7855
   -0.4369    0.8739    0.2132
   -0.6624   -0.4730    0.5810
...    44 C-G ...
  -78.4967  -79.3599   76.3492
    0.3218    0.5965    0.7352
   -0.7029    0.6708   -0.2366
   -0.6344   -0.4406    0.6352
...    45 T-A ...
  -80.3008  -81.0443   78.9217
   -0.0823    0.9214    0.3799
   -0.7620    0.1875   -0.6198
   -0.6423   -0.3405    0.6867
...    46 T-A ...
  -82.3259  -82.0014   81.1643
   -0.4267    0.9027   -0.0562
   -0.6148   -0.3350   -0.7140
   -0.6633   -0.2701    0.6979
...    47 A-T ...
  -84.6639  -82.5988   83.4371
   -0.6080    0.5782   -0.5441
   -0.3046   -0.8027   -0.5128
   -0.7332   -0.1461    0.6641
...    48 C-G ...
  -87.1035  -82.3118   85.6940
   -0.6505    0.0581   -0.7573
    0.0349   -0.9937   -0.1062
   -0.7587   -0.0955    0.6444
...    49 T-A ...
  -89.8249  -82.1101   87.6908
   -0.4795   -0.4811   -0.7339
    0.3236   -0.8743    0.3618
   -0.8157   -0.0640    0.5750
...    50 G-C ...
  -92.5556  -82.5555   89.5781
   -0.1502   -0.9074   -0.3926
    0.5191   -0.4103    0.7498
   -0.8414   -0.0911    0.5327
...    51 T-A ...
  -95.5157  -82.9359   90.8275
    0.1404   -0.9836    0.1137
    0.5104    0.1703    0.8429
   -0.8484   -0.0603    0.5259
...    52 A-T ...
  -97.8971  -82.0887   93.4539
    0.3374   -0.5549    0.7604
    0.3186    0.8274    0.4625
   -0.8858    0.0863    0.4560
...    53 G-C ...
 -100.8783  -81.7511   94.8212
    0.5212   -0.0242    0.8531
    0.1162    0.9923   -0.0429
   -0.8455    0.1215    0.5200
...    54 G-C ...
 -103.7753  -81.9278   96.8925
    0.5774    0.5341    0.6175
   -0.1981    0.8254   -0.5286
   -0.7920    0.1829    0.5824
...    55 T-A ...
 -106.1507  -81.5577   99.0412
    0.4348    0.8756    0.2105
   -0.4635    0.4180   -0.7813
   -0.7721    0.2422    0.5876
...    56 A-T ...
 -108.3903  -80.5767  101.5033
    0.2130    0.9019   -0.3759
   -0.6627   -0.1494   -0.7338
   -0.7180    0.4054    0.5659
...    57 T-A ...
 -110.2044  -78.9875  103.6592
   -0.1191    0.6656   -0.7367
   -0.6999   -0.5826   -0.4132
   -0.7043    0.4664    0.5353
...    58 C-G ...
 -112.5529  -77.0778  105.3574
   -0.5018    0.1091   -0.8581
   -0.4991   -0.8467    0.1842
   -0.7065    0.5207    0.4793
...    59 T-A ...
 -114.9536  -75.1367  106.5734
   -0.6639   -0.4093   -0.6259
   -0.1729   -0.7302    0.6609
   -0.7276    0.5470    0.4140
...    60 C-G ...
 -117.5625  -73.7805  108.0604
   -0.6500   -0.7580   -0.0537
    0.2283   -0.2622    0.9376
   -0.7248    0.5972    0.3436
...    61 G-C ...
 -119.6133  -71.8449  109.8680
   -0.4065   -0.7340    0.5440
    0.5707    0.2609    0.7786
   -0.7135    0.6270    0.3128
...    62 A-T ...
 -121.6306  -69.4242  110.9289
    0.0447   -0.3847    0.9220
    0.7357    0.6371    0.2301
   -0.6759    0.6679    0.3115
...    63 G-C ...
 -123.8399  -67.1451  111.8609
    0.4628    0.0378    0.8857
    0.6231    0.6968   -0.3553
   -0.6305    0.7163    0.2989
...    64 C-G ...
 -126.2592  -64.9983  113.0457
    0.7728    0.4094    0.4849
    0.2434    0.5145   -0.8222
   -0.5861    0.7534    0.2980
...    65 T-A ...
 -128.2232  -62.5694  114.2710
    0.8454    0.5303   -0.0636
   -0.2040    0.2106   -0.9560
   -0.4936    0.8212    0.2863
...    66 C-G ...
 -129.7657  -59.7432  115.1760
    0.6088    0.4828   -0.6294
   -0.6753   -0.1009   -0.7306
   -0.4163    0.8699    0.2646
...    67 G-C ...
 -131.3083  -56.7795  115.2389
    0.1744    0.2462   -0.9534
   -0.9306   -0.2752   -0.2413
   -0.3217    0.9293    0.1812
...    68 G-C ...
 -132.0377  -53.4599  115.4250
   -0.3653   -0.0286   -0.9305
   -0.8840   -0.3027    0.3563
   -0.2919    0.9527    0.0853
...    69 G-C ...
 -133.0279  -50.2317  115.0173
   -0.7795   -0.2705   -0.5650
   -0.5492   -0.1389    0.8241
   -0.3014    0.9526   -0.0403
...    70 A-T ...
 -133.8974  -46.9880  114.5379
   -0.9655   -0.2486    0.0778
    0.0587    0.0832    0.9948
   -0.2538    0.9650   -0.0657
...    71 T-A ...
 -134.9131  -43.9217  113.7393
   -0.7842   -0.1401    0.6045
    0.5740    0.2065    0.7924
   -0.2358    0.9684   -0.0815
...    72 C-G ...
 -135.9296  -40.6917  113.2353
   -0.2488    0.0821    0.9651
    0.9508    0.2105    0.2272
   -0.1845    0.9741   -0.1305
...    73 C-G ...
 -136.5433  -37.5071  112.5322
    0.3292    0.0881    0.9401
    0.9363    0.0988   -0.3371
   -0.1226    0.9912   -0.0500
...    74 G-C ...
 -136.4599  -34.2035  112.0879
    0.8179    0.0140    0.5752
    0.5752    0.0042   -0.8180
   -0.0138    0.9999   -0.0046
...    75 C-G ...
 -136.8536  -30.7753  112.4108
    0.9994   -0.0343   -0.0001
   -0.0017   -0.0464   -0.9989
    0.0342    0.9983   -0.0464
...    76 T-A ...
 -136.6037  -27.3387  112.6370
    0.8124   -0.1436   -0.5652
   -0.5719   -0.0071   -0.8203
    0.1138    0.9896   -0.0879
...    77 T-A ...
 -135.8746  -24.1837  112.4321
    0.3302   -0.1711   -0.9283
   -0.9322    0.0953   -0.3491
    0.1482    0.9806   -0.1280
...    78 T-A ...
 -135.2678  -21.0623  111.8465
   -0.2666   -0.1532   -0.9516
   -0.9497    0.2100    0.2323
    0.1642    0.9656   -0.2015
...    79 A-T ...
 -135.2433  -17.7616  111.1100
   -0.7976   -0.0151   -0.6030
   -0.5762    0.3145    0.7544
    0.1783    0.9491   -0.2596
...    80 A-T ...
 -134.5955  -14.7858  110.0099
   -0.9727    0.2290   -0.0381
    0.0272    0.2753    0.9610
    0.2306    0.9337   -0.2740
...    81 C-G ...
 -133.9851  -11.7642  108.4941
   -0.7589    0.4081    0.5074
    0.5883    0.0956    0.8030
    0.2792    0.9079   -0.3127
...    82 A-T ...
 -132.9919   -8.7184  107.4822
   -0.2166    0.3814    0.8987
    0.9235   -0.2186    0.3154
    0.3167    0.8982   -0.3048
...    83 C-G ...
 -132.6069   -5.5103  106.3809
    0.3177    0.2026    0.9263
    0.8834   -0.4182   -0.2115
    0.3446    0.8855   -0.3118
...    84 T-A ...
 -131.7772   -2.1048  105.6091
    0.7477   -0.1362    0.6499
    0.5190   -0.4907   -0.6999
    0.4143    0.8606   -0.2962
...    85 T-A ...
 -130.4634    0.7897  104.9614
    0.8977   -0.4185    0.1381
   -0.0133   -0.3390   -0.9407
    0.4405    0.8426   -0.3099
...    86 T-A ...
 -128.9120    3.4507  103.9796
    0.6888   -0.6151   -0.3838
   -0.5085   -0.0325   -0.8604
    0.5167    0.7878   -0.3352
...    87 A-T ...
 -127.1745    5.8770  102.5546
    0.2088   -0.6331   -0.7454
   -0.7808    0.3510   -0.5168
    0.5888    0.6899   -0.4211
...    88 T-A ...
 -124.7372    7.6814  101.3737
   -0.2507   -0.3904   -0.8858
   -0.7568    0.6497   -0.0722
    0.6037    0.6523   -0.4583
...    89 C-G ...
 -122.6597    9.6058   99.6785
   -0.6821    0.0794   -0.7269
   -0.4082    0.7834    0.4686
    0.6067    0.6164   -0.5020
...    90 A-T ...
 -120.4888   11.3620   97.7238
   -0.8418    0.4435   -0.3077
    0.0911    0.6785    0.7289
    0.5320    0.5856   -0.6116
...    91 T-A ...
 -118.9284   12.9836   95.3081
   -0.6670    0.7352    0.1211
    0.5250    0.3483    0.7766
    0.5287    0.5815   -0.6183
...    92 G-C ...
 -117.1636   14.8216   93.0449
   -0.1762    0.7941    0.5816
    0.8163   -0.2123    0.5372
    0.5501    0.5695   -0.6108
...    93 T-A ...
 -115.7814   16.8597   90.6693
    0.3430    0.5465    0.7640
    0.7493   -0.6497    0.1283
    0.5665    0.5285   -0.6324
...    94 T-A ...
 -114.1261   18.6461   88.5634
    0.7235    0.0536    0.6882
    0.3810   -0.8624   -0.3334
    0.5756    0.5034   -0.6444
...    95 A-T ...
 -112.1181   19.9476   86.1266
    0.7803   -0.5256    0.3388
   -0.1819   -0.7091   -0.6812
    0.5983    0.4700   -0.6489
...    96 T-A ...
 -109.9114   21.7946   84.5797
    0.5580   -0.8281   -0.0544
   -0.5662   -0.3319   -0.7545
    0.6067    0.4518   -0.6540
...    97 A-T ...
 -108.0278   23.1672   82.1401
    0.0516   -0.8875   -0.4579
   -0.7690    0.2572   -0.5853
    0.6372    0.3823   -0.6692
...    98 A-T ...
 -105.8501   24.1258   80.0202
   -0.4234   -0.5917   -0.6860
   -0.6377    0.7325   -0.2383
    0.6435    0.3365   -0.6875
...    99 C-G ...
 -103.4001   24.5440   77.6444
   -0.7116   -0.0752   -0.6986
   -0.2745    0.9450    0.1779
    0.6468    0.3183   -0.6931
...   100 G-C ...
 -101.4999   25.8401   75.2797
   -0.7419    0.5179   -0.4258
    0.2627    0.8089    0.5260
    0.6169    0.2784   -0.7362
...   101 G-C ...
  -99.6954   26.7811   72.6613
   -0.5195    0.8544   -0.0115
    0.6503    0.4041    0.6432
    0.5542    0.3266   -0.7656
...   102 A-T ...
  -98.0222   27.7280   69.8627
    0.0130    0.9258    0.3778
    0.8272   -0.2222    0.5161
    0.5617    0.3058   -0.7687
...   103 T-A ...
  -96.7440   28.9402   67.1226
    0.4343    0.6866    0.5831
    0.7017   -0.6637    0.2589
    0.5648    0.2967   -0.7701
...   104 G-C ...
  -94.8912   30.1820   64.6559
    0.7160    0.1052    0.6901
    0.3066   -0.9356   -0.1754
    0.6272    0.3371   -0.7021
...   105 C-G ...
  -92.6863   31.5793   62.6580
    0.7281   -0.4532    0.5144
   -0.1538   -0.8392   -0.5216
    0.6680    0.3006   -0.6807
...   106 T-A ...
  -90.1064   32.7930   60.6679
    0.4735   -0.8695    0.1403
   -0.5264   -0.4071   -0.7464
    0.7062    0.2796   -0.6505
...   107 T-A ...
  -87.6566   33.6044   58.7597
    0.0504   -0.9605   -0.2735
   -0.6785    0.1681   -0.7152
    0.7329    0.2216   -0.6432
...   108 C-G ...
  -85.0896   34.0762   56.6471
   -0.3958   -0.6709   -0.6271
   -0.5537    0.7191   -0.4199
    0.7327    0.1810   -0.6561
...   109 C-G ...
  -82.7037   34.3845   54.3631
   -0.6966   -0.1825   -0.6939
   -0.2237    0.9741   -0.0317
    0.6817    0.1332   -0.7194
...   110 G-C ...
  -80.7707   35.1303   52.0289
   -0.7620    0.3597   -0.5385
    0.2116    0.9242    0.3180
    0.6120    0.1284   -0.7803
...   111 G-C ...
  -79.0345   35.5522   49.1445
   -0.5339    0.8168   -0.2187
    0.6213    0.5544    0.5538
    0.5735    0.1598   -0.8034
...   112 C-G ...
  -77.5868   36.0038   46.1405
   -0.1055    0.9800    0.1690
    0.8158   -0.0119    0.5782
    0.5686    0.1989   -0.7982
...   113 T-A ...
  -75.8451   36.6857   43.3764
    0.3358    0.8027    0.4929
    0.7458   -0.5462    0.3814
    0.5754    0.2395   -0.7820
...   114 C-G ...
  -73.8317   37.4095   40.7879
    0.7039    0.2958    0.6458
    0.3957   -0.9183   -0.0107
    0.5898    0.2631   -0.7635
...   115 G-C ...
  -71.7013   37.7400   38.2003
    0.7454   -0.3457    0.5700
   -0.1012   -0.9038   -0.4158
    0.6589    0.2522   -0.7087
...   116 T-A ...
  -69.0907   38.9208   36.4393
    0.5313   -0.7998    0.2794
   -0.4898   -0.5591   -0.6689
    0.6912    0.2186   -0.6888
...   117 A-T ...
  -66.4232   39.6251   34.4160
    0.0844   -0.9859   -0.1444
   -0.6858    0.0477   -0.7263
    0.7229    0.1604   -0.6721
...   118 T-A ...
  -63.6084   39.8986   32.7254
   -0.2765   -0.8087   -0.5192
   -0.6237    0.5620   -0.5433
    0.7311    0.1736   -0.6598
...   119 A-T ...
  -61.1721   40.8166   30.4014
   -0.5801   -0.1829   -0.7938
   -0.2706    0.9624   -0.0240
    0.7683    0.2009   -0.6077
...   120 A-T ...
  -58.6186   41.1144   28.3964
   -0.6141    0.4201   -0.6681
    0.1134    0.8847    0.4521
    0.7811    0.2019   -0.5909
...   121 T-A ...
  -56.2242   41.2615   26.0450
   -0.4420    0.8343   -0.3296
    0.4171    0.5165    0.7479
    0.7942    0.1931   -0.5762
...   122 G-C ...
  -53.5075   41.8981   23.9535
   -0.1440    0.9583    0.2467
    0.5920   -0.1163    0.7975
    0.7930    0.2609   -0.5505
...   123 T-A ...
  -51.1895   42.8598   21.7978
    0.1689    0.7443    0.6461
    0.5643   -0.6105    0.5558
    0.8081    0.2708   -0.5231
...   124 G-C ...
  -48.4312   43.8209   20.0599
    0.3940    0.2042    0.8961
    0.3756   -0.9257    0.0458
    0.8389    0.3185   -0.4414
...   125 T-A ...
  -45.9133   45.2606   18.7316
    0.4794   -0.3402    0.8090
    0.1252   -0.8859   -0.4467
    0.8686    0.3154   -0.3821
...   126 C-G ...
  -43.0654   46.2106   17.6976
    0.4613   -0.8007    0.3823
   -0.1587   -0.4984   -0.8523
    0.8729    0.3325   -0.3570
...   127 G-C ...
  -40.2094   46.8444   15.9871
    0.1900   -0.9732   -0.1295
   -0.3128    0.0650   -0.9476
    0.9306    0.2206   -0.2920
...   128 A-T ...
  -37.1931   47.5055   15.1009
   -0.0262   -0.7303   -0.6826
   -0.3589    0.6442   -0.6754
    0.9330    0.2273   -0.2790
...   129 C-G ...
  -33.8989   47.5977   14.6058
   -0.2420   -0.2641   -0.9336
   -0.2782    0.9407   -0.1940
    0.9296    0.2128   -0.3011
...   130 C-G ...
  -30.7249   47.9276   13.3695
   -0.4203    0.2916   -0.8593
   -0.0706    0.9336    0.3513
    0.9047    0.2083   -0.3718
...   131 A-T ...
  -27.5613   49.2483   12.9830
   -0.3818    0.8159   -0.4343
    0.1810    0.5268    0.8305
    0.9064    0.2384   -0.3488
...   132 A-T ...
  -24.6169   49.9802   11.7202
   -0.2070    0.9677    0.1436
    0.3626   -0.0604    0.9300
    0.9087    0.2446   -0.3384
...   133 A-T ...
  -21.7913   50.8605   10.2904
    0.0706    0.7461    0.6621
    0.3970   -0.6300    0.6675
    0.9151    0.2157   -0.3406
...   134 T-A ...
  -19.0083   52.0403    8.9385
    0.2450    0.2904    0.9250
    0.3072   -0.9282    0.2101
    0.9196    0.2327   -0.3166
...   135 G-C ...
  -16.4569   53.8981    7.5292
    0.5336   -0.3334    0.7773
    0.0348   -0.9096   -0.4140
    0.8450    0.2479   -0.4738
...   136 T-A ...
  -14.1681   56.5699    6.1950
    0.5795   -0.7269    0.3684
   -0.3140   -0.6163   -0.7222
    0.7521    0.3028   -0.5854
...   137 G-C ...
  -11.6468   58.0147    4.7338
    0.2454   -0.9541   -0.1717
   -0.6318   -0.0231   -0.7748
    0.7352    0.2986   -0.6085
...   138 A-T ...
   -8.6698   58.7290    3.6172
   -0.0344   -0.7815   -0.6230
   -0.6534    0.4892   -0.5777
    0.7562    0.3872   -0.5274
...   139 G-C ...
   -6.3211   59.0880    1.6442
   -0.2967   -0.3277   -0.8970
   -0.5657    0.8170   -0.1114
    0.7694    0.4744   -0.4278
...   140 C-G ...
   -3.4296   60.2438    1.0436
   -0.4424    0.2288   -0.8671
   -0.1682    0.9286    0.3309
    0.8809    0.2922   -0.3723
...   141 G-C ...
   -0.6893   63.9064   -2.2354
   -0.9992    0.0156   -0.0375
   -0.0024    0.8991    0.4378
    0.0405    0.4375   -0.8983
...   142 C-G ...
   -0.9979   65.6138   -4.9247
   -0.8337    0.5217    0.1810
    0.5169    0.6220    0.5881
    0.1942    0.5839   -0.7882
...   143 T-A ...
   -0.1244   66.2251   -7.8040
   -0.3751    0.8568    0.3538
    0.8856    0.2185    0.4098
    0.2739    0.4670   -0.8407
...   144 C-G ...
   -0.1580   67.4198  -10.7920
    0.1799    0.8792    0.4411
    0.9276   -0.3009    0.2214
    0.3274    0.3694   -0.8697
...   145 A-T ...
    0.5353   69.2488  -13.4512
    0.7352    0.4961    0.4620
    0.6117   -0.7791   -0.1369
    0.2921    0.3832   -0.8763
...   146 C-G ...
    1.4421   72.1065  -15.5857
    0.9808    0.0622    0.1849
    0.1266   -0.9240   -0.3608
    0.1484    0.3773   -0.9141
...   147 A-T ...
    2.3150   74.2411  -18.3712
    0.8657   -0.4292   -0.2574
   -0.4984   -0.7868   -0.3642
   -0.0462    0.4436   -0.8950
