  147 base-pairs
...     1 A-T ...
    0.0000    0.0000    0.0000
    1.0000    0.0000    0.0000
    0.0000    1.0000    0.0000
    0.0000    0.0000    1.0000
...     2 G-C ...
   -0.1394   -1.2357    3.2268
    0.7529    0.6366    0.1670
   -0.6386    0.7680   -0.0486
   -0.1592   -0.0700    0.9848
...     3 T-A ...
   -0.0365   -3.2932    6.3751
    0.2722    0.9301    0.2466
   -0.9238    0.3243   -0.2033
   -0.2691   -0.1725    0.9475
...     4 G-C ...
   -0.3505   -4.1660    9.4928
   -0.3756    0.9250    0.0579
   -0.8781   -0.3352   -0.3415
   -0.2965   -0.1791    0.9381
...     5 A-T ...
   -0.4462   -4.1476   12.7498
   -0.8116    0.5840   -0.0165
   -0.5523   -0.7762   -0.3042
   -0.1905   -0.2378    0.9524
...     6 G-C ...
   -1.5908   -4.1730   15.6201
   -0.9976    0.0246   -0.0651
   -0.0043   -0.9555   -0.2950
   -0.0695   -0.2940    0.9533
...     7 C-G ...
   -1.1030   -4.4824   18.7362
   -0.8441   -0.5304   -0.0787
    0.5345   -0.8441   -0.0432
   -0.0435   -0.0785    0.9960
...     8 G-C ...
   -2.4028   -7.7290   23.1475
   -0.2754   -0.3293   -0.9032
    0.6650   -0.7437    0.0684
   -0.6942   -0.5818    0.4238
...     9 C-G ...
   -4.4690   -9.9728   24.1132
    0.1145   -0.7025   -0.7024
    0.8512   -0.2952    0.4340
   -0.5122   -0.6476    0.5642
...    10 T-A ...
   -6.7405  -10.8752   25.9697
    0.4841   -0.8363   -0.2574
    0.6595    0.1553    0.7355
   -0.5751   -0.5258    0.6267
...    11 C-G ...
   -9.1656  -12.6208   27.1640
    0.7073   -0.6682    0.2307
    0.3448    0.6110    0.7126
   -0.6171   -0.4245    0.6626
...    12 A-T ...
  -10.9234  -14.6633   29.0693
    0.7515   -0.1377    0.6452
   -0.2029    0.8824    0.4246
   -0.6277   -0.4500    0.6352
...    13 C-G ...
  -11.8476  -17.4863   31.2451
    0.4295    0.2823    0.8578
   -0.5708    0.8209    0.0156
   -0.6998   -0.4963    0.5137
...    14 A-T ...
  -13.5897  -19.7827   33.4259
   -0.1504    0.6104    0.7777
   -0.6874    0.5008   -0.5260
   -0.7106   -0.6136    0.3443
...    15 A-T ...
  -15.7282  -21.9033   34.6858
   -0.5536    0.7704    0.3162
   -0.4470    0.0454   -0.8934
   -0.7026   -0.6359    0.3192
...    16 T-A ...
  -17.7951  -23.8839   36.3452
   -0.7109    0.6743   -0.1996
   -0.0822   -0.3616   -0.9287
   -0.6984   -0.6438    0.3125
...    17 T-A ...
  -20.0642  -25.8848   37.5448
   -0.6219    0.3256   -0.7122
    0.3634   -0.6856   -0.6308
   -0.6937   -0.6511    0.3080
...    18 T-A ...
  -22.4233  -27.8453   38.6248
   -0.2825   -0.1415   -0.9488
    0.6634   -0.7433   -0.0866
   -0.6929   -0.6539    0.3039
...    19 A-T ...
  -24.4798  -30.3488   39.6600
    0.2297   -0.5727   -0.7869
    0.6806   -0.4834    0.5505
   -0.6957   -0.6621    0.2787
...    20 T-A ...
  -27.1216  -32.2986   40.0349
    0.5521   -0.7415   -0.3812
    0.4568   -0.1134    0.8823
   -0.6975   -0.6613    0.2762
...    21 T-A ...
  -29.4654  -34.4699   40.6829
    0.7048   -0.6733    0.2232
    0.0382    0.3503    0.9359
   -0.7083   -0.6511    0.2726
...    22 C-G ...
  -31.7414  -36.7265   41.5228
    0.5912   -0.3057    0.7463
   -0.4093    0.6836    0.6043
   -0.6950   -0.6627    0.2791
...    23 G-C ...
  -34.2595  -38.6862   42.6969
    0.2970    0.2148    0.9304
   -0.6945    0.7173    0.0561
   -0.6553   -0.6628    0.3623
...    24 C-G ...
  -36.1174  -41.1619   43.9888
   -0.1241    0.6103    0.7824
   -0.7424    0.4660   -0.4812
   -0.6583   -0.6406    0.3953
...    25 A-T ...
  -38.5344  -43.2143   45.1208
   -0.4830    0.8226    0.3002
   -0.5328   -0.0040   -0.8462
   -0.6949   -0.5686    0.4402
...    26 A-T ...
  -40.7149  -45.0023   46.7383
   -0.7019    0.6631   -0.2602
   -0.1440   -0.4898   -0.8598
   -0.6976   -0.5660    0.4393
...    27 A-T ...
  -43.0140  -46.6803   48.3084
   -0.6497    0.2457   -0.7194
    0.2956   -0.7902   -0.5369
   -0.7004   -0.5614    0.4407
...    28 G-C ...
  -45.5395  -48.3045   49.7688
   -0.3352   -0.2038   -0.9198
    0.5915   -0.8054   -0.0370
   -0.7333   -0.5565    0.3905
...    29 G-C ...
  -48.2359  -50.0818   50.8142
    0.1113   -0.5903   -0.7995
    0.6515   -0.5642    0.5072
   -0.7504   -0.5773    0.3218
...    30 C-G ...
  -50.9566  -51.9315   51.4967
    0.4830   -0.7914   -0.3748
    0.4597   -0.1351    0.8778
   -0.7453   -0.5962    0.2985
...    31 C-G ...
  -53.4866  -54.0984   52.2124
    0.7027   -0.6888    0.1780
    0.0866    0.3312    0.9396
   -0.7062   -0.6448    0.2924
...    32 G-C ...
  -55.8819  -56.0912   53.5703
    0.6802   -0.3013    0.6682
   -0.3484    0.6692    0.6564
   -0.6449   -0.6793    0.3502
...    33 G-C ...
  -57.9368  -58.5918   54.6266
    0.4157    0.1883    0.8898
   -0.6725    0.7223    0.1613
   -0.6123   -0.6654    0.4269
...    34 C-G ...
  -59.6342  -61.0857   56.0648
    0.0009    0.5988    0.8009
   -0.7893    0.4922   -0.3671
   -0.6140   -0.6318    0.4731
...    35 C-G ...
  -61.5011  -63.2526   57.8782
   -0.3751    0.8337    0.4052
   -0.6678    0.0602   -0.7419
   -0.6429   -0.5489    0.5342
...    36 C-G ...
  -63.6065  -64.9041   59.9377
   -0.6173    0.7750   -0.1355
   -0.3677   -0.4364   -0.8212
   -0.6956   -0.4571    0.5543
...    37 G-C ...
  -66.2399  -66.4691   61.4145
   -0.6324    0.4263   -0.6468
    0.0072   -0.8317   -0.5551
   -0.7746   -0.3557    0.5229
...    38 A-T ...
  -68.9151  -67.5227   63.0510
   -0.4796   -0.1652   -0.8618
    0.3666   -0.9300   -0.0258
   -0.7972   -0.3283    0.5066
...    39 C-G ...
  -71.8944  -68.0750   64.4947
   -0.1954   -0.6476   -0.7365
    0.5517   -0.6935    0.4634
   -0.8109   -0.3157    0.4928
...    40 A-T ...
  -74.3910  -69.3833   66.3138
    0.2141   -0.9248   -0.3146
    0.5360   -0.1580    0.8293
   -0.8166   -0.3462    0.4618
...    41 C-G ...
  -77.3854  -70.6193   67.2706
    0.4712   -0.8591    0.1998
    0.3299    0.3817    0.8634
   -0.8180   -0.3409    0.4633
...    42 G-C ...
  -80.0830  -71.4344   69.1693
    0.6358   -0.4373    0.6360
   -0.0015    0.8233    0.5676
   -0.7719   -0.3618    0.5227
...    43 A-T ...
  -82.7004  -72.6599   70.7715
    0.5291    0.1663    0.8321
   -0.3705    0.9275    0.0503
   -0.7634   -0.3349    0.5523
...    44 C-G ...
  -84.8927  -74.2811   72.6561
    0.2820    0.6563    0.6998
   -0.5940    0.6922   -0.4098
   -0.7534   -0.3001    0.5851
...    45 T-A ...
  -87.1781  -75.3221   74.8321
   -0.0117    0.9525    0.3042
   -0.6669    0.2193   -0.7122
   -0.7451   -0.2112    0.6326
...    46 T-A ...
  -89.4834  -75.9309   77.0149
   -0.3559    0.9141   -0.1942
   -0.5514   -0.3732   -0.7461
   -0.7545   -0.1585    0.6369
...    47 A-T ...
  -92.1866  -76.3738   78.9651
   -0.5496    0.5068   -0.6642
   -0.2645   -0.8597   -0.4370
   -0.7925   -0.0644    0.6065
...    48 C-G ...
  -94.7688  -75.8937   81.0106
   -0.5868   -0.0408   -0.8087
    0.0446   -0.9988    0.0181
   -0.8085   -0.0255    0.5879
...    49 T-A ...
  -97.6323  -75.6931   82.7287
   -0.4428   -0.5941   -0.6715
    0.3216   -0.8044    0.4996
   -0.8370    0.0053    0.5472
...    50 G-C ...
 -100.3000  -76.0634   84.7325
   -0.1356   -0.9659   -0.2204
    0.4990   -0.2587    0.8271
   -0.8559    0.0022    0.5171
...    51 T-A ...
 -103.4847  -76.0675   85.9072
    0.1513   -0.9455    0.2885
    0.4994    0.3250    0.8031
   -0.8531    0.0225    0.5213
...    52 A-T ...
 -106.1191  -75.2466   88.0368
    0.3765   -0.4374    0.8166
    0.3092    0.8903    0.3343
   -0.8733    0.1267    0.4704
...    53 G-C ...
 -109.0929  -75.0531   89.5673
    0.5382    0.1291    0.8328
    0.0741    0.9771   -0.1994
   -0.8395    0.1690    0.5164
...    54 G-C ...
 -112.0007  -74.7066   91.2924
    0.5775    0.6351    0.5130
   -0.2251    0.7279   -0.6477
   -0.7848    0.2586    0.5633
...    55 T-A ...
 -114.2785  -74.1310   93.5984
    0.4221    0.9054    0.0453
   -0.4978    0.2732   -0.8231
   -0.7577    0.3249    0.5660
...    56 A-T ...
 -116.6854  -72.7862   95.5047
    0.1797    0.8275   -0.5320
   -0.6895   -0.2797   -0.6681
   -0.7016    0.4869    0.5203
...    57 T-A ...
 -118.4515  -70.8446   97.4474
   -0.1734    0.5477   -0.8185
   -0.7004   -0.6528   -0.2885
   -0.6923    0.5233    0.4968
...    58 C-G ...
 -120.7532  -68.9348   98.8131
   -0.5378    0.0231   -0.8427
   -0.4936   -0.8190    0.2925
   -0.6834    0.5734    0.4519
...    59 T-A ...
 -123.0281  -66.7680   99.9586
   -0.7046   -0.4560   -0.5436
   -0.1527   -0.6507    0.7438
   -0.6929    0.6071    0.3889
...    60 C-G ...
 -125.4526  -64.7772  101.0719
   -0.6676   -0.7426    0.0537
    0.3053   -0.2072    0.9294
   -0.6791    0.6368    0.3650
...    61 G-C ...
 -127.5026  -62.6594  102.7702
   -0.3347   -0.7197    0.6083
    0.6432    0.2973    0.7056
   -0.6887    0.6274    0.3634
...    62 A-T ...
 -129.8191  -60.4892  103.7851
    0.1311   -0.3621    0.9229
    0.7352    0.6600    0.1545
   -0.6650    0.6582    0.3528
...    63 G-C ...
 -132.2097  -58.4416  104.9342
    0.5552    0.0387    0.8308
    0.5612    0.7198   -0.4086
   -0.6139    0.6931    0.3779
...    64 C-G ...
 -134.5096  -56.4349  106.3077
    0.8141    0.3901    0.4302
    0.1698    0.5486   -0.8186
   -0.5554    0.7395    0.3804
...    65 T-A ...
 -136.2285  -54.0286  107.8145
    0.8327    0.5392   -0.1261
   -0.3015    0.2504   -0.9200
   -0.4645    0.8041    0.3711
...    66 C-G ...
 -137.6350  -51.3345  109.0125
    0.5327    0.5057   -0.6786
   -0.7457   -0.0987   -0.6589
   -0.4001    0.8571    0.3245
...    67 G-C ...
 -139.0142  -48.2850  109.5921
    0.0796    0.2142   -0.9735
   -0.9493   -0.2818   -0.1396
   -0.3042    0.9353    0.1809
...    68 G-C ...
 -139.7393  -44.9633  109.6165
   -0.4381   -0.0688   -0.8963
   -0.8567   -0.2702    0.4394
   -0.2724    0.9603    0.0594
...    69 G-C ...
 -140.6943  -41.7107  109.1755
   -0.8335   -0.2642   -0.4852
   -0.4759   -0.1029    0.8735
   -0.2807    0.9590   -0.0399
...    70 A-T ...
 -141.7195  -38.5474  108.8475
   -0.9545   -0.2447    0.1703
    0.1457    0.1154    0.9826
   -0.2600    0.9627   -0.0745
...    71 T-A ...
 -142.7833  -35.5087  107.9221
   -0.7368   -0.0887    0.6703
    0.6418    0.2203    0.7346
   -0.2128    0.9714   -0.1054
...    72 C-G ...
 -143.5091  -32.2830  107.4273
   -0.1698    0.0968    0.9807
    0.9684    0.2009    0.1479
   -0.1827    0.9748   -0.1279
...    73 C-G ...
 -144.3290  -29.0240  106.8243
    0.4326    0.1390    0.8908
    0.8922    0.0759   -0.4452
   -0.1295    0.9874   -0.0912
...    74 G-C ...
 -144.4937  -25.7183  105.9714
    0.8820    0.0357    0.4698
    0.4712   -0.0686   -0.8794
    0.0009    0.9970   -0.0773
...    75 C-G ...
 -144.6425  -22.3986  106.0953
    0.9919   -0.0852   -0.0942
   -0.1022   -0.0943   -0.9903
    0.0754    0.9919   -0.1023
...    76 T-A ...
 -144.1089  -19.1336  105.9385
    0.7649   -0.2339   -0.6002
   -0.6194   -0.0112   -0.7850
    0.1769    0.9722   -0.1535
...    77 T-A ...
 -143.3273  -16.0417  105.4401
    0.2594   -0.2588   -0.9305
   -0.9412    0.1484   -0.3036
    0.2166    0.9545   -0.2051
...    78 T-A ...
 -142.4042  -13.0366  104.6675
   -0.3408   -0.1562   -0.9271
   -0.9101    0.3021    0.2837
    0.2358    0.9404   -0.2451
...    79 A-T ...
 -141.8916   -9.7986  103.8166
   -0.8458    0.0627   -0.5298
   -0.4711    0.3783    0.7968
    0.2504    0.9236   -0.2904
...    80 A-T ...
 -141.0018   -6.9117  102.5658
   -0.9445    0.3262    0.0384
    0.1329    0.2724    0.9530
    0.3004    0.9052   -0.3006
...    81 C-G ...
 -140.2592   -4.0295  100.9480
   -0.7077    0.4397    0.5530
    0.6358    0.0550    0.7699
    0.3081    0.8965   -0.3185
...    82 A-T ...
 -138.8344   -1.1346  100.0644
   -0.1709    0.3588    0.9176
    0.9347   -0.2356    0.2662
    0.3117    0.9032   -0.2951
...    83 C-G ...
 -138.3734    2.0189   99.0053
    0.3693    0.1666    0.9143
    0.8686   -0.4116   -0.2758
    0.3303    0.8960   -0.2967
...    84 T-A ...
 -137.4204    5.1065   98.1709
    0.7661   -0.1411    0.6270
    0.5141   -0.4510   -0.7296
    0.3858    0.8813   -0.2730
...    85 T-A ...
 -136.2281    8.0269   97.4252
    0.9099   -0.4040    0.0940
   -0.0340   -0.2983   -0.9539
    0.4134    0.8647   -0.2852
...    86 T-A ...
 -134.7924   10.8167   96.6448
    0.7027   -0.5450   -0.4575
   -0.5504   -0.0088   -0.8349
    0.4509    0.8384   -0.3062
...    87 A-T ...
 -133.1130   13.4544   95.4396
    0.1820   -0.5513   -0.8142
   -0.8338    0.3524   -0.4250
    0.5212    0.7562   -0.3955
...    88 T-A ...
 -130.8591   15.5114   94.2318
   -0.2833   -0.3082   -0.9081
   -0.7996    0.5988    0.0462
    0.5295    0.7392   -0.4161
...    89 G-C ...
 -129.3728   18.0272   92.5666
   -0.7453    0.0444   -0.6653
   -0.4435    0.7121    0.5444
    0.4979    0.7007   -0.5110
...    90 C-G ...
 -127.7780   20.0757   90.4328
   -0.8756    0.4262   -0.2273
    0.0756    0.5857    0.8070
    0.4771    0.6895   -0.5450
...    91 T-A ...
 -126.3715   22.2579   88.3053
   -0.6918    0.6676    0.2750
    0.5665    0.2657    0.7801
    0.4477    0.6955   -0.5620
...    92 T-A ...
 -125.0690   24.4149   86.2179
   -0.1860    0.7281    0.6597
    0.8607   -0.2031    0.4668
    0.4739    0.6547   -0.5890
...    93 C-G ...
 -123.5606   26.5662   84.1870
    0.3819    0.4419    0.8117
    0.7841   -0.6198   -0.0315
    0.4892    0.6485   -0.5832
...    94 C-G ...
 -122.0690   28.8990   82.2287
    0.7191   -0.0395    0.6938
    0.4250   -0.7649   -0.4840
    0.5498    0.6429   -0.5332
...    95 G-C ...
 -120.1008   30.7040   80.1277
    0.7586   -0.5503    0.3489
   -0.0697   -0.6010   -0.7962
    0.6479    0.5797   -0.4942
...    96 G-C ...
 -117.7693   32.6667   78.6815
    0.5195   -0.8480   -0.1050
   -0.4714   -0.1820   -0.8629
    0.7127    0.4978   -0.4943
...    97 C-G ...
 -115.0907   34.1424   77.3791
    0.1257   -0.8340   -0.5372
   -0.6661    0.3304   -0.6687
    0.7352    0.4419   -0.5140
...    98 T-A ...
 -112.4402   35.2558   75.6986
   -0.3107   -0.5484   -0.7764
   -0.5965    0.7484   -0.2899
    0.7400    0.3730   -0.5596
...    99 C-G ...
 -110.0279   36.3105   73.7151
   -0.6287    0.0042   -0.7777
   -0.2667    0.9382    0.2207
    0.7305    0.3462   -0.5887
...   100 G-C ...
 -107.7830   37.8318   71.6789
   -0.7246    0.5211   -0.4511
    0.1884    0.7793    0.5976
    0.6629    0.3480   -0.6629
...   101 T-A ...
 -105.8716   38.5994   69.0291
   -0.5119    0.8580   -0.0435
    0.5577    0.3704    0.7429
    0.6534    0.3560   -0.6680
...   102 A-T ...
 -103.2688   39.7221   67.1149
    0.0107    0.8991    0.4376
    0.7471   -0.2981    0.5942
    0.6646    0.3205   -0.6749
...   103 T-A ...
 -101.6094   41.0812   64.5902
    0.4087    0.6125    0.6766
    0.6256   -0.7278    0.2809
    0.6645    0.3085   -0.6807
...   104 T-A ...
  -99.5968   42.2579   62.3160
    0.7072    0.0650    0.7040
    0.2543   -0.9525   -0.1675
    0.6597    0.2975   -0.6902
...   105 C-G ...
  -97.3986   43.2848   60.0771
    0.6943   -0.5376    0.4785
   -0.2266   -0.7943   -0.5638
    0.6831    0.2830   -0.6732
...   106 A-T ...
  -95.1778   43.9628   57.6445
    0.3574   -0.9274    0.1104
   -0.5763   -0.3120   -0.7553
    0.7349    0.2063   -0.6460
...   107 T-A ...
  -92.3607   44.6340   56.0653
    0.0025   -0.9549   -0.2970
   -0.6767    0.2170   -0.7035
    0.7362    0.2027   -0.6457
...   108 G-C ...
  -90.1065   45.2043   53.6361
   -0.4627   -0.6521   -0.6006
   -0.5193    0.7484   -0.4126
    0.7185    0.1210   -0.6849
...   109 T-A ...
  -87.5676   44.9762   51.4730
   -0.6875   -0.1425   -0.7121
   -0.1791    0.9835   -0.0239
    0.7038    0.1111   -0.7017
...   110 T-A ...
  -85.2687   45.0696   49.1630
   -0.6487    0.4693   -0.5990
    0.2598    0.8765    0.4054
    0.7153    0.1074   -0.6905
...   111 A-T ...
  -82.6739   45.6543   47.0486
   -0.3267    0.9253   -0.1927
    0.6168    0.3632    0.6983
    0.7161    0.1092   -0.6894
...   112 T-A ...
  -80.8165   45.9123   44.3235
    0.0459    0.9790    0.1986
    0.6945   -0.1742    0.6981
    0.7180    0.1059   -0.6879
...   113 A-T ...
  -78.1602   46.0607   42.2146
    0.4677    0.6360    0.6138
    0.5044   -0.7623    0.4056
    0.7258    0.1199   -0.6774
...   114 A-T ...
  -75.8823   46.6587   39.9711
    0.6754    0.0643    0.7346
    0.1320   -0.9906   -0.0346
    0.7255    0.1204   -0.6776
...   115 C-G ...
  -73.4500   47.6623   37.9324
    0.6189   -0.4871    0.6162
   -0.2446   -0.8650   -0.4381
    0.7464    0.1204   -0.6545
...   116 G-C ...
  -70.9907   47.6101   35.5840
    0.2877   -0.9088    0.3023
   -0.5254   -0.4136   -0.7435
    0.8007    0.0550   -0.5965
...   117 G-C ...
  -68.1058   47.6373   33.8017
   -0.1168   -0.9840   -0.1344
   -0.5717    0.1773   -0.8011
    0.8121   -0.0167   -0.5833
...   118 A-T ...
  -65.3823   47.4898   31.9216
   -0.4538   -0.6680   -0.5898
   -0.3726    0.7435   -0.5554
    0.8095   -0.0323   -0.5862
...   119 A-T ...
  -62.6864   47.1487   30.1134
   -0.5655   -0.0938   -0.8194
   -0.0373    0.9954   -0.0882
    0.8239   -0.0193   -0.5664
...   120 A-T ...
  -60.0307   46.8286   28.2449
   -0.4600    0.5164   -0.7223
    0.2956    0.8562    0.4238
    0.8373   -0.0185   -0.5465
...   121 T-A ...
  -57.5889   46.2914   26.0755
   -0.2348    0.8882   -0.3949
    0.4870    0.4591    0.7430
    0.8413   -0.0178   -0.5403
...   122 G-C ...
  -54.6680   46.4123   24.4103
    0.0152    0.9844    0.1751
    0.5472   -0.1548    0.8226
    0.8368    0.0833   -0.5411
...   123 T-A ...
  -52.2588   46.9786   22.1894
    0.2741    0.7403    0.6139
    0.4541   -0.6623    0.5959
    0.8477    0.1155   -0.5177
...   124 G-C ...
  -49.2520   47.2782   20.7050
    0.3944    0.1923    0.8986
    0.2374   -0.9660    0.1025
    0.8877    0.1729   -0.4266
...   125 T-A ...
  -46.4012   48.4508   19.4851
    0.4267   -0.3676    0.8263
    0.0004   -0.9136   -0.4067
    0.9044    0.1739   -0.3897
...   126 C-G ...
  -43.3489   48.9941   18.3619
    0.3158   -0.8519    0.4178
   -0.2332   -0.4965   -0.8361
    0.9197    0.1666   -0.3554
...   127 G-C ...
  -40.3099   49.1650   16.8318
    0.0509   -0.9899   -0.1323
   -0.3185    0.1095   -0.9416
    0.9466    0.0900   -0.3097
...   128 A-T ...
  -37.1361   49.3586   15.8697
   -0.1552   -0.7093   -0.6876
   -0.2699    0.7000   -0.6612
    0.9503    0.0830   -0.3000
...   129 C-G ...
  -33.8616   49.0468   15.1289
   -0.2778   -0.2047   -0.9386
   -0.1373    0.9755   -0.1721
    0.9508    0.0810   -0.2991
...   130 C-G ...
  -30.6297   49.0465   14.0384
   -0.3609    0.3860   -0.8490
    0.0479    0.9168    0.3964
    0.9314    0.1024   -0.3493
...   131 A-T ...
  -27.4568   49.5864   13.0723
   -0.3363    0.8481   -0.4094
    0.2514    0.4998    0.8289
    0.9076    0.1758   -0.3812
...   132 A-T ...
  -24.5797   50.0921   11.6455
   -0.1374    0.9776    0.1595
    0.3876   -0.0952    0.9169
    0.9115    0.1878   -0.3659
...   133 A-T ...
  -21.7092   50.7972   10.3143
    0.0812    0.7332    0.6751
    0.3966   -0.6452    0.6530
    0.9144    0.2147   -0.3432
...   134 T-A ...
  -19.0082   52.0402    8.9385
    0.2450    0.2904    0.9250
    0.3072   -0.9282    0.2101
    0.9196    0.2327   -0.3166
...   135 G-C ...
  -16.4568   53.8980    7.5292
    0.5336   -0.3334    0.7773
    0.0348   -0.9096   -0.4140
    0.8450    0.2479   -0.4738
...   136 T-A ...
  -14.1679   56.5698    6.1950
    0.5795   -0.7269    0.3684
   -0.3140   -0.6163   -0.7222
    0.7521    0.3028   -0.5854
...   137 G-C ...
  -11.6467   58.0147    4.7338
    0.2454   -0.9541   -0.1717
   -0.6318   -0.0231   -0.7748
    0.7352    0.2986   -0.6085
...   138 A-T ...
   -8.6696   58.7289    3.6172
   -0.0344   -0.7815   -0.6230
   -0.6534    0.4892   -0.5777
    0.7562    0.3872   -0.5274
...   139 G-C ...
   -6.3210   59.0879    1.6442
   -0.2967   -0.3277   -0.8970
   -0.5657    0.8170   -0.1114
    0.7694    0.4744   -0.4278
...   140 C-G ...
   -3.4295   60.2437    1.0437
   -0.4424    0.2288   -0.8671
   -0.1682    0.9286    0.3309
    0.8809    0.2922   -0.3723
...   141 G-C ...
   -0.6892   63.9063   -2.2354
   -0.9992    0.0156   -0.0375
   -0.0024    0.8991    0.4378
    0.0405    0.4375   -0.8983
...   142 C-G ...
   -0.9978   65.6137   -4.9247
   -0.8337    0.5217    0.1810
    0.5169    0.6220    0.5881
    0.1942    0.5839   -0.7882
...   143 T-A ...
   -0.1243   66.2250   -7.8040
   -0.3751    0.8568    0.3538
    0.8856    0.2185    0.4098
    0.2739    0.4670   -0.8407
...   144 C-G ...
   -0.1578   67.4197  -10.7920
    0.1799    0.8792    0.4411
    0.9276   -0.3009    0.2214
    0.3274    0.3694   -0.8697
...   145 A-T ...
    0.5354   69.2487  -13.4512
    0.7352    0.4961    0.4620
    0.6117   -0.7791   -0.1369
    0.2921    0.3832   -0.8763
...   146 C-G ...
    1.4423   72.1064  -15.5857
    0.9808    0.0622    0.1849
    0.1266   -0.9240   -0.3608
    0.1484    0.3773   -0.9141
...   147 A-T ...
    2.3152   74.2410  -18.3712
    0.8657   -0.4292   -0.2574
   -0.4984   -0.7868   -0.3642
   -0.0462    0.4436   -0.8950
