  147 base-pairs
...     1 A-T ...
    0.0000    0.0000    0.0000
    1.0000    0.0000    0.0000
    0.0000    1.0000    0.0000
    0.0000    0.0000    1.0000
...     2 G-C ...
   -0.1394   -1.2357    3.2268
    0.7529    0.6366    0.1670
   -0.6386    0.7680   -0.0486
   -0.1592   -0.0700    0.9848
...     3 T-A ...
   -0.0365   -3.2932    6.3751
    0.2722    0.9301    0.2466
   -0.9238    0.3243   -0.2033
   -0.2691   -0.1725    0.9475
...     4 G-C ...
   -0.3505   -4.1660    9.4928
   -0.3756    0.9250    0.0579
   -0.8781   -0.3352   -0.3415
   -0.2965   -0.1791    0.9381
...     5 A-T ...
   -0.4462   -4.1476   12.7498
   -0.8116    0.5840   -0.0165
   -0.5523   -0.7762   -0.3042
   -0.1905   -0.2378    0.9524
...     6 G-C ...
   -1.5908   -4.1730   15.6201
   -0.9976    0.0246   -0.0651
   -0.0043   -0.9555   -0.2950
   -0.0695   -0.2940    0.9533
...     7 C-G ...
   -1.1030   -4.4824   18.7362
   -0.8441   -0.5304   -0.0787
    0.5345   -0.8441   -0.0432
   -0.0435   -0.0785    0.9960
...     8 G-C ...
   -2.4028   -7.7290   23.1475
   -0.2754   -0.3293   -0.9032
    0.6650   -0.7437    0.0684
   -0.6942   -0.5818    0.4238
...     9 C-G ...
   -4.4690   -9.9728   24.1132
    0.1145   -0.7025   -0.7024
    0.8512   -0.2952    0.4340
   -0.5122   -0.6476    0.5642
...    10 T-A ...
   -6.7405  -10.8752   25.9697
    0.4841   -0.8363   -0.2574
    0.6595    0.1553    0.7355
   -0.5751   -0.5258    0.6267
...    11 C-G ...
   -9.1656  -12.6208   27.1640
    0.7073   -0.6682    0.2307
    0.3448    0.6110    0.7126
   -0.6171   -0.4245    0.6626
...    12 A-T ...
  -10.9234  -14.6633   29.0693
    0.7515   -0.1377    0.6452
   -0.2029    0.8824    0.4246
   -0.6277   -0.4500    0.6352
...    13 C-G ...
  -11.8476  -17.4863   31.2451
    0.4295    0.2823    0.8578
   -0.5708    0.8209    0.0156
   -0.6998   -0.4963    0.5137
...    14 A-T ...
  -13.5897  -19.7827   33.4259
   -0.1504    0.6104    0.7777
   -0.6874    0.5008   -0.5260
   -0.7106   -0.6136    0.3443
...    15 A-T ...
  -15.8281  -21.8395   34.5652
   -0.5276    0.7928    0.3050
   -0.4487    0.0447   -0.8925
   -0.7213   -0.6078    0.3322
...    16 T-A ...
  -17.9614  -23.7926   36.3456
   -0.7159    0.6596   -0.2288
   -0.0665   -0.3906   -0.9182
   -0.6950   -0.6421    0.3235
...    17 T-A ...
  -20.2432  -25.7213   37.7201
   -0.6356    0.2716   -0.7226
    0.3881   -0.6968   -0.6032
   -0.6673   -0.6639    0.3375
...    18 T-A ...
  -22.5319  -27.7657   38.8484
   -0.2760   -0.1736   -0.9453
    0.6846   -0.7259   -0.0666
   -0.6746   -0.6656    0.3192
...    19 A-T ...
  -24.5876  -30.2909   39.9630
    0.2431   -0.6078   -0.7559
    0.6937   -0.4357    0.5735
   -0.6780   -0.6638    0.3157
...    20 T-A ...
  -27.2286  -32.2554   40.4941
    0.5655   -0.7612   -0.3175
    0.4564   -0.0318    0.8892
   -0.6870   -0.6477    0.3294
...    21 T-A ...
  -29.5375  -34.4126   41.2990
    0.7006   -0.6480    0.2989
    0.0111    0.4287    0.9034
   -0.7135   -0.6296    0.3075
...    22 C-G ...
  -31.8606  -36.5256   42.3324
    0.5750   -0.2432    0.7812
   -0.4273    0.7250    0.5402
   -0.6977   -0.6444    0.3129
...    23 G-C ...
  -34.4768  -38.2186   43.6749
    0.3325    0.2990    0.8944
   -0.6922    0.7215    0.0161
   -0.6405   -0.6245    0.4469
...    24 C-G ...
  -36.2918  -40.5438   45.1472
   -0.0470    0.6719    0.7392
   -0.7579    0.4580   -0.4645
   -0.6506   -0.5821    0.4877
...    25 A-T ...
  -38.8304  -42.4201   46.2893
   -0.4446    0.8531    0.2731
   -0.5739   -0.0372   -0.8181
   -0.6877   -0.5204    0.5061
...    26 A-T ...
  -41.0705  -44.0460   48.0497
   -0.6831    0.6791   -0.2687
   -0.2103   -0.5353   -0.8181
   -0.6994   -0.5023    0.5085
...    27 A-T ...
  -43.2991  -45.4765   49.9556
   -0.6787    0.2295   -0.6976
    0.2368   -0.8308   -0.5037
   -0.6952   -0.5071    0.5095
...    28 G-C ...
  -45.8960  -46.7742   51.7031
   -0.3985   -0.2367   -0.8861
    0.5514   -0.8339   -0.0252
   -0.7329   -0.4986    0.4628
...    29 G-C ...
  -48.6728  -48.3465   53.0292
    0.0455   -0.6594   -0.7504
    0.6591   -0.5446    0.5186
   -0.7507   -0.5182    0.4098
...    30 C-G ...
  -51.3133  -50.0900   53.9784
    0.4396   -0.8360   -0.3284
    0.4918   -0.0819    0.8668
   -0.7516   -0.5425    0.3752
...    31 C-G ...
  -54.0143  -51.8545   55.0234
    0.6777   -0.7050    0.2093
    0.1426    0.4052    0.9031
   -0.7214   -0.5821    0.3751
...    32 G-C ...
  -56.2255  -53.4741   56.5013
    0.7076   -0.3251    0.6274
   -0.2502    0.7150    0.6528
   -0.6608   -0.6189    0.4246
...    33 G-C ...
  -58.2190  -55.7512   57.9956
    0.4808    0.1847    0.8572
   -0.6099    0.7727    0.1756
   -0.6299   -0.6073    0.4841
...    34 C-G ...
  -60.0632  -58.0441   59.5047
    0.0891    0.6287    0.7725
   -0.7684    0.5368   -0.3483
   -0.6337   -0.5626    0.5309
...    35 C-G ...
  -61.9574  -59.8525   61.6904
   -0.2965    0.8728    0.3877
   -0.6931    0.0827   -0.7161
   -0.6571   -0.4810    0.5804
...    36 C-G ...
  -64.0917  -61.2792   63.8713
   -0.5938    0.7928   -0.1370
   -0.4315   -0.4575   -0.7775
   -0.6791   -0.4026    0.6138
...    37 G-C ...
  -66.5063  -63.1981   65.3194
   -0.6769    0.4222   -0.6029
   -0.0329   -0.8357   -0.5483
   -0.7353   -0.3513    0.5796
...    38 A-T ...
  -68.8943  -64.2538   67.1732
   -0.5613   -0.1653   -0.8109
    0.3728   -0.9253   -0.0694
   -0.7389   -0.3413    0.5810
...    39 C-G ...
  -71.6159  -64.9699   68.7514
   -0.2535   -0.6263   -0.7372
    0.5931   -0.7027    0.3930
   -0.7642   -0.3376    0.5496
...    40 A-T ...
  -74.2266  -66.3058   70.4683
    0.1889   -0.9170   -0.3513
    0.6140   -0.1689    0.7710
   -0.7664   -0.3613    0.5311
...    41 C-G ...
  -76.9757  -67.7549   71.7671
    0.4923   -0.8629    0.1141
    0.4123    0.3466    0.8425
   -0.7666   -0.3678    0.5264
...    42 G-C ...
  -79.3748  -68.6189   73.8883
    0.6683   -0.4573    0.5867
    0.0397    0.8095    0.5857
   -0.7428   -0.3681    0.5592
...    43 A-T ...
  -81.8772  -69.7339   75.4898
    0.5666    0.1172    0.8156
   -0.3359    0.9367    0.0988
   -0.7524   -0.3300    0.5701
...    44 C-G ...
  -84.0402  -71.4012   77.3373
    0.3444    0.6249    0.7006
   -0.5957    0.7223   -0.3514
   -0.7257   -0.2963    0.6210
...    45 T-A ...
  -86.2117  -72.5909   79.8989
    0.0075    0.9581    0.2864
   -0.6876    0.2129   -0.6942
   -0.7260   -0.1917    0.6604
...    46 T-A ...
  -88.4976  -73.0637   82.0391
   -0.3077    0.9352   -0.1750
   -0.5975   -0.3331   -0.7294
   -0.7404   -0.1199    0.6613
...    47 A-T ...
  -91.0470  -73.1361   84.1566
   -0.4888    0.5867   -0.6456
   -0.3622   -0.8097   -0.4617
   -0.7936    0.0081    0.6083
...    48 C-G ...
  -93.5901  -72.3420   86.1566
   -0.5768    0.0562   -0.8149
   -0.0800   -0.9967   -0.0121
   -0.8129    0.0582    0.5794
...    49 T-A ...
  -96.4136  -71.6281   87.8731
   -0.4743   -0.4940   -0.7287
    0.1841   -0.8651    0.4667
   -0.8609    0.0872    0.5013
...    50 G-C ...
  -99.3370  -71.5553   89.5134
   -0.2221   -0.9185   -0.3270
    0.3996   -0.3917    0.8288
   -0.8894    0.0534    0.4541
...    51 T-A ...
 -102.4166  -71.4744   90.4935
    0.0158   -0.9784    0.2059
    0.4498    0.1909    0.8725
   -0.8930    0.0789    0.4431
...    52 A-T ...
 -104.9227  -70.1697   92.7775
    0.2067   -0.5214    0.8279
    0.3633    0.8266    0.4298
   -0.9084    0.2119    0.3603
...    53 G-C ...
 -107.9570  -69.4297   93.8222
    0.4355   -0.0046    0.9002
    0.2201    0.9702   -0.1016
   -0.8729    0.2424    0.4235
...    54 G-C ...
 -111.0270  -69.1550   95.6078
    0.5650    0.5286    0.6335
   -0.0674    0.7948   -0.6031
   -0.8223    0.2981    0.4847
...    55 T-A ...
 -113.5497  -68.4031   97.4806
    0.4877    0.8514    0.1931
   -0.3469    0.3920   -0.8521
   -0.8011    0.3486    0.4865
...    56 A-T ...
 -115.9445  -67.0685   99.5918
    0.3108    0.8570   -0.4110
   -0.5967   -0.1607   -0.7862
   -0.7398    0.4896    0.4614
...    57 T-A ...
 -117.8470  -65.2147  101.4490
   -0.0085    0.6198   -0.7847
   -0.6908   -0.5710   -0.4435
   -0.7230    0.5383    0.4330
...    58 C-G ...
 -120.2201  -63.0786  102.7919
   -0.4132    0.0808   -0.9070
   -0.5586   -0.8091    0.1824
   -0.7192    0.5820    0.3795
...    59 T-A ...
 -122.6170  -60.9482  103.6667
   -0.6205   -0.4143   -0.6658
   -0.2698   -0.6844    0.6773
   -0.7363    0.5999    0.3129
...    60 C-G ...
 -125.2627  -59.3354  104.7931
   -0.6705   -0.7368   -0.0872
    0.1269   -0.2297    0.9649
   -0.7310    0.6359    0.2475
...    61 G-C ...
 -127.4459  -57.2803  106.2867
   -0.4670   -0.7214    0.5113
    0.4904    0.2699    0.8286
   -0.7358    0.6378    0.2278
...    62 A-T ...
 -129.5860  -54.8665  107.0981
   -0.0531   -0.3804    0.9233
    0.7074    0.6383    0.3036
   -0.7048    0.6693    0.2352
...    63 G-C ...
 -131.9059  -52.6099  107.8019
    0.3672    0.0358    0.9295
    0.6495    0.7054   -0.2837
   -0.6658    0.7079    0.2358
...    64 C-G ...
 -134.4419  -50.4921  108.7720
    0.7105    0.4175    0.5665
    0.3170    0.5289   -0.7873
   -0.6283    0.7389    0.2434
...    65 T-A ...
 -136.5510  -48.1023  109.7917
    0.8262    0.5626    0.0295
   -0.1155    0.2204   -0.9685
   -0.5514    0.7968    0.2471
...    66 C-G ...
 -138.2945  -45.3538  110.5365
    0.6363    0.5288   -0.5617
   -0.5994   -0.1195   -0.7915
   -0.4857    0.8403    0.2409
...    67 G-C ...
 -140.1214  -42.5131  110.5040
    0.2319    0.2875   -0.9293
   -0.8866   -0.3305   -0.3236
   -0.4002    0.8989    0.1783
...    68 G-C ...
 -141.1414  -39.2778  110.7914
   -0.2917   -0.0215   -0.9563
   -0.8782   -0.3902    0.2766
   -0.3791    0.9205    0.0949
...    69 G-C ...
 -142.3573  -36.1263  110.5118
   -0.7067   -0.3144   -0.6337
   -0.5900   -0.2323    0.7732
   -0.3903    0.9204   -0.0214
...    70 A-T ...
 -143.5111  -32.9633  110.1302
   -0.9345   -0.3559   -0.0097
   -0.0222    0.0309    0.9993
   -0.3553    0.9340   -0.0368
...    71 T-A ...
 -144.8118  -29.9917  109.4124
   -0.8020   -0.2703    0.5327
    0.4869    0.2207    0.8451
   -0.3460    0.9371   -0.0454
...    72 C-G ...
 -146.1558  -26.9083  109.1176
   -0.3072   -0.0377    0.9509
    0.9003    0.3123    0.3033
   -0.3084    0.9492   -0.0620
...    73 T-A ...
 -147.4781  -23.7821  109.0226
    0.2605    0.1102    0.9592
    0.9212    0.2690   -0.2811
   -0.2890    0.9568   -0.0314
...    74 C-G ...
 -148.3070  -20.6167  108.8812
    0.7618    0.1956    0.6176
    0.6060    0.1217   -0.7861
   -0.2289    0.9731   -0.0259
...    75 A-T ...
 -149.1193  -17.3643  108.1673
    0.9947    0.0960    0.0376
    0.0405   -0.0280   -0.9988
   -0.0948    0.9950   -0.0318
...    76 T-A ...
 -149.1953  -14.1252  108.4850
    0.8803   -0.0130   -0.4743
   -0.4742   -0.0569   -0.8786
   -0.0155    0.9983   -0.0562
...    77 G-C ...
 -148.9797  -10.6425  108.1047
    0.4113   -0.1937   -0.8907
   -0.9062    0.0186   -0.4225
    0.0984    0.9809   -0.1679
...    78 T-A ...
 -147.9706   -7.4787  107.5125
   -0.1532   -0.1741   -0.9727
   -0.9797    0.1557    0.1264
    0.1294    0.9724   -0.1944
...    79 T-A ...
 -147.3539   -4.4285  106.7371
   -0.6906   -0.0459   -0.7218
   -0.7056    0.2619    0.6584
    0.1588    0.9640   -0.2132
...    80 A-T ...
 -146.8713   -1.0113  106.2260
   -0.9719    0.2200   -0.0835
   -0.0340    0.2201    0.9749
    0.2329    0.9503   -0.2064
...    81 T-A ...
 -146.2107    1.9182  104.8527
   -0.8333    0.3479    0.4296
    0.4799    0.0693    0.8746
    0.2745    0.9350   -0.2247
...    82 A-T ...
 -144.7692    5.0529  104.1177
   -0.2060    0.3954    0.8951
    0.9148   -0.2470    0.3197
    0.3475    0.8847   -0.3108
...    83 A-T ...
 -143.7808    7.9265  102.9988
    0.3932    0.2014    0.8971
    0.8402   -0.4751   -0.2615
    0.3736    0.8566   -0.3560
...    84 C-G ...
 -143.0155   11.0943  101.9872
    0.7956   -0.1104    0.5956
    0.4601   -0.5295   -0.7127
    0.3941    0.8411   -0.3705
...    85 G-C ...
 -141.4292   13.5627  100.5342
    0.8487   -0.5092    0.1425
   -0.0711   -0.3769   -0.9235
    0.5240    0.7737   -0.3561
...    86 G-C ...
 -139.3148   15.8345   99.4622
    0.6054   -0.7256   -0.3269
   -0.4819   -0.0074   -0.8762
    0.6334    0.6880   -0.3542
...    87 A-T ...
 -137.0259   17.7945   98.2211
    0.1482   -0.6453   -0.7494
   -0.7172    0.4517   -0.5307
    0.6809    0.6162   -0.3958
...    88 C-G ...
 -134.3310   19.2197   96.9172
   -0.2562   -0.3289   -0.9090
   -0.6602    0.7464   -0.0840
    0.7061    0.5786   -0.4083
...    89 G-C ...
 -132.0061   21.1047   95.1205
   -0.6613    0.1050   -0.7428
   -0.3495    0.8330    0.4290
    0.6637    0.5433   -0.5141
...    90 C-G ...
 -129.8037   22.6107   92.8824
   -0.7448    0.5686   -0.3493
    0.1215    0.6302    0.7669
    0.6562    0.5287   -0.5384
...    91 T-A ...
 -127.9336   24.4367   90.5511
   -0.5256    0.8353    0.1614
    0.5712    0.2058    0.7946
    0.6305    0.5098   -0.5853
...    92 T-A ...
 -126.1144   26.0628   88.3557
   -0.0349    0.8220    0.5684
    0.7673   -0.3423    0.5422
    0.6403    0.4551   -0.6188
...    93 T-A ...
 -124.2508   27.6266   86.1356
    0.4508    0.4769    0.7545
    0.6252   -0.7720    0.1144
    0.6371    0.4201   -0.6462
...    94 A-T ...
 -121.8960   28.3044   83.7739
    0.7511   -0.1096    0.6510
    0.1883   -0.9096   -0.3705
    0.6327    0.4008   -0.6625
...    95 A-T ...
 -119.8459   29.7103   81.7527
    0.7114   -0.6226    0.3259
   -0.2897   -0.6823   -0.6712
    0.6402    0.3831   -0.6658
...    96 C-G ...
 -117.4138   31.2549   79.9799
    0.4232   -0.9015   -0.0900
   -0.6381   -0.2260   -0.7361
    0.6432    0.3690   -0.6709
...    97 A-T ...
 -115.1703   32.2764   77.6471
   -0.0990   -0.8866   -0.4518
   -0.7484    0.3656   -0.5534
    0.6559    0.2833   -0.6997
...    98 C-G ...
 -112.6247   32.6013   75.4532
   -0.5058   -0.5562   -0.6594
   -0.5623    0.7923   -0.2370
    0.6542    0.2509   -0.7135
...    99 T-A ...
 -110.1263   32.8266   72.8530
   -0.7711    0.0065   -0.6366
   -0.1413    0.9733    0.1811
    0.6208    0.2296   -0.7496
...   100 T-A ...
 -108.1353   33.2349   70.2803
   -0.6750    0.5970   -0.4336
    0.3508    0.7766    0.5233
    0.6491    0.2011   -0.7336
...   101 T-A ...
 -106.1249   33.6712   67.7163
   -0.3186    0.9457   -0.0642
    0.6746    0.2737    0.6856
    0.6659    0.1751   -0.7252
...   102 A-T ...
 -103.5674   34.1589   65.4196
    0.2517    0.8876    0.3858
    0.6960   -0.4430    0.5651
    0.6725    0.1263   -0.7292
...   103 T-A ...
 -101.8627   35.0279   62.7794
    0.5397    0.5532    0.6346
    0.4858   -0.8203    0.3019
    0.6875    0.1453   -0.7115
...   104 G-C ...
  -99.5422   35.7783   60.5164
    0.6551   -0.0788    0.7515
    0.0789   -0.9820   -0.1718
    0.7515    0.1718   -0.6370
...   105 C-G ...
  -96.8840   36.5993   58.7420
    0.5500   -0.6218    0.5575
   -0.3062   -0.7712   -0.5581
    0.7770    0.1363   -0.6146
...   106 T-A ...
  -93.9044   37.1527   57.0311
    0.2452   -0.9585    0.1456
   -0.5388   -0.2596   -0.8015
    0.8060    0.1181   -0.5800
...   107 T-A ...
  -91.1728   37.4290   55.3615
   -0.1405   -0.9398   -0.3116
   -0.5619    0.3348   -0.7565
    0.8152    0.0688   -0.5751
...   108 C-G ...
  -88.3789   37.3991   53.4915
   -0.4750   -0.5480   -0.6885
   -0.3500    0.8355   -0.4236
    0.8074    0.0397   -0.5887
...   109 C-G ...
  -85.7531   37.3168   51.4790
   -0.6635   -0.0094   -0.7481
   -0.0183    0.9998    0.0037
    0.7480    0.0161   -0.6635
...   110 G-C ...
  -83.5007   37.7290   49.3644
   -0.6382    0.5226   -0.5653
    0.3597    0.8516    0.3813
    0.6807    0.0400   -0.7315
...   111 G-C ...
  -81.5139   37.9270   46.6362
   -0.3613    0.9102   -0.2024
    0.6713    0.4046    0.6210
    0.6471    0.0885   -0.7572
...   112 C-G ...
  -79.8208   38.2755   43.7523
    0.0553    0.9743    0.2185
    0.7608   -0.1828    0.6227
    0.6466    0.1318   -0.7514
...   113 T-A ...
  -77.8255   38.7987   41.1336
    0.4286    0.7101    0.5586
    0.6194   -0.6811    0.3905
    0.6577    0.1786   -0.7318
...   114 C-G ...
  -75.5202   39.3391   38.7839
    0.6952    0.1499    0.7030
    0.2561   -0.9655   -0.0474
    0.6716    0.2131   -0.7096
...   115 G-C ...
  -73.1832   39.5090   36.3771
    0.6543   -0.4789    0.5853
   -0.1954   -0.8547   -0.4809
    0.7306    0.2003   -0.6528
...   116 T-A ...
  -70.3492   40.4161   34.8257
    0.4067   -0.8779    0.2529
   -0.5142   -0.4488   -0.7309
    0.7551    0.1672   -0.6339
...   117 A-T ...
  -67.4988   40.9137   33.0070
   -0.0237   -0.9775   -0.2096
   -0.6309    0.1773   -0.7553
    0.7755    0.1143   -0.6210
...   118 T-A ...
  -64.5763   40.9696   31.4927
   -0.3340   -0.7368   -0.5878
   -0.5248    0.6634   -0.5334
    0.7830    0.1303   -0.6082
...   119 A-T ...
  -61.9342   41.7458   29.3699
   -0.5569   -0.0799   -0.8267
   -0.1691    0.9854    0.0187
    0.8132    0.1502   -0.5623
...   120 A-T ...
  -59.2782   41.8917   27.4872
   -0.5454    0.5101   -0.6651
    0.1789    0.8460    0.5022
    0.8188    0.1550   -0.5527
...   121 T-A ...
  -56.7958   41.9400   25.2345
   -0.3563    0.8852   -0.2992
    0.4345    0.4404    0.7857
    0.8272    0.1499   -0.5415
...   122 G-C ...
  -53.9803   42.4789   23.2426
   -0.0839    0.9534    0.2898
    0.5582   -0.1960    0.8062
    0.8254    0.2295   -0.5157
...   123 T-A ...
  -51.5504   43.4188   21.2215
    0.1961    0.7032    0.6834
    0.5106   -0.6682    0.5410
    0.8372    0.2429   -0.4901
...   124 G-C ...
  -48.7023   44.3185   19.6174
    0.3803    0.1456    0.9133
    0.3238   -0.9460    0.0160
    0.8663    0.2897   -0.4069
...   125 T-A ...
  -46.0775   45.6856   18.4112
    0.4420   -0.3951    0.8053
    0.0918   -0.8731   -0.4788
    0.8923    0.2855   -0.3496
...   126 C-G ...
  -43.1650   46.5355   17.4803
    0.4140   -0.8355    0.3613
   -0.1618   -0.4581   -0.8741
    0.8958    0.3034   -0.3248
...   127 G-C ...
  -40.2612   47.1254   15.8586
    0.1561   -0.9746   -0.1605
   -0.2929    0.1095   -0.9499
    0.9433    0.1953   -0.2684
...   128 A-T ...
  -37.2163   47.7255   15.0536
   -0.0407   -0.7073   -0.7058
   -0.3267    0.6770   -0.6595
    0.9442    0.2038   -0.2586
...   129 C-G ...
  -33.9171   47.7283   14.5994
   -0.2372   -0.2293   -0.9440
   -0.2462    0.9542   -0.1699
    0.9398    0.1921   -0.2827
...   130 C-G ...
  -30.7234   47.9817   13.4018
   -0.4035    0.3225   -0.8563
   -0.0497    0.9267    0.3724
    0.9136    0.1928   -0.3579
...   131 A-T ...
  -27.5571   49.2352   12.9850
   -0.3743    0.8235   -0.4263
    0.1855    0.5170    0.8357
    0.9086    0.2337   -0.3463
...   132 A-T ...
  -24.6136   49.9656   11.7215
   -0.2038    0.9676    0.1489
    0.3629   -0.0666    0.9295
    0.9093    0.2434   -0.3376
...   133 A-T ...
  -21.7876   50.8497   10.2919
    0.0721    0.7435    0.6648
    0.3961   -0.6331    0.6651
    0.9154    0.2154   -0.3401
...   134 T-A ...
  -19.0083   52.0402    8.9384
    0.2450    0.2904    0.9250
    0.3072   -0.9282    0.2101
    0.9196    0.2327   -0.3167
...   135 G-C ...
  -16.4569   53.8981    7.5291
    0.5336   -0.3334    0.7773
    0.0348   -0.9096   -0.4140
    0.8450    0.2479   -0.4738
...   136 T-A ...
  -14.1681   56.5698    6.1949
    0.5795   -0.7269    0.3684
   -0.3140   -0.6163   -0.7222
    0.7521    0.3028   -0.5854
...   137 G-C ...
  -11.6468   58.0147    4.7337
    0.2454   -0.9541   -0.1717
   -0.6318   -0.0231   -0.7748
    0.7352    0.2986   -0.6085
...   138 A-T ...
   -8.6698   58.7289    3.6171
   -0.0344   -0.7815   -0.6230
   -0.6534    0.4892   -0.5777
    0.7562    0.3872   -0.5274
...   139 G-C ...
   -6.3211   59.0880    1.6441
   -0.2967   -0.3277   -0.8970
   -0.5657    0.8170   -0.1114
    0.7694    0.4744   -0.4278
...   140 C-G ...
   -3.4296   60.2437    1.0435
   -0.4424    0.2288   -0.8671
   -0.1682    0.9286    0.3309
    0.8809    0.2922   -0.3723
...   141 G-C ...
   -0.6893   63.9063   -2.2356
   -0.9992    0.0156   -0.0375
   -0.0024    0.8991    0.4378
    0.0405    0.4375   -0.8983
...   142 C-G ...
   -0.9979   65.6137   -4.9249
   -0.8337    0.5217    0.1810
    0.5169    0.6220    0.5881
    0.1942    0.5839   -0.7882
...   143 T-A ...
   -0.1244   66.2250   -7.8041
   -0.3751    0.8568    0.3538
    0.8856    0.2185    0.4098
    0.2739    0.4670   -0.8408
...   144 C-G ...
   -0.1580   67.4197  -10.7921
    0.1799    0.8792    0.4411
    0.9276   -0.3009    0.2214
    0.3274    0.3694   -0.8697
...   145 A-T ...
    0.5353   69.2487  -13.4513
    0.7352    0.4961    0.4620
    0.6117   -0.7791   -0.1369
    0.2921    0.3832   -0.8763
...   146 C-G ...
    1.4421   72.1064  -15.5858
    0.9808    0.0622    0.1849
    0.1266   -0.9240   -0.3608
    0.1484    0.3773   -0.9141
...   147 A-T ...
    2.3150   74.2411  -18.3714
    0.8657   -0.4292   -0.2574
   -0.4984   -0.7868   -0.3642
   -0.0462    0.4436   -0.8950
