  147 base-pairs
...     1 A-T ...
    0.0000    0.0000    0.0000
    1.0000    0.0000    0.0000
    0.0000    1.0000    0.0000
    0.0000    0.0000    1.0000
...     2 G-C ...
   -0.1394   -1.2357    3.2268
    0.7529    0.6366    0.1670
   -0.6386    0.7680   -0.0486
   -0.1592   -0.0700    0.9848
...     3 T-A ...
   -0.0365   -3.2932    6.3751
    0.2722    0.9301    0.2466
   -0.9238    0.3243   -0.2033
   -0.2691   -0.1725    0.9475
...     4 G-C ...
   -0.3505   -4.1660    9.4928
   -0.3756    0.9250    0.0579
   -0.8781   -0.3352   -0.3415
   -0.2965   -0.1791    0.9381
...     5 A-T ...
   -0.4462   -4.1476   12.7498
   -0.8116    0.5840   -0.0165
   -0.5523   -0.7762   -0.3042
   -0.1905   -0.2378    0.9524
...     6 G-C ...
   -1.5908   -4.1730   15.6201
   -0.9976    0.0246   -0.0651
   -0.0043   -0.9555   -0.2950
   -0.0695   -0.2940    0.9533
...     7 C-G ...
   -1.1030   -4.4824   18.7362
   -0.8441   -0.5304   -0.0787
    0.5345   -0.8441   -0.0432
   -0.0435   -0.0785    0.9960
...     8 G-C ...
   -2.4028   -7.7290   23.1475
   -0.2754   -0.3293   -0.9032
    0.6650   -0.7437    0.0684
   -0.6942   -0.5818    0.4238
...     9 C-G ...
   -4.4690   -9.9728   24.1132
    0.1145   -0.7025   -0.7024
    0.8512   -0.2952    0.4340
   -0.5122   -0.6476    0.5642
...    10 T-A ...
   -6.7405  -10.8752   25.9697
    0.4841   -0.8363   -0.2574
    0.6595    0.1553    0.7355
   -0.5751   -0.5258    0.6267
...    11 C-G ...
   -9.1656  -12.6208   27.1640
    0.7073   -0.6682    0.2307
    0.3448    0.6110    0.7126
   -0.6171   -0.4245    0.6626
...    12 A-T ...
  -10.9234  -14.6633   29.0693
    0.7515   -0.1377    0.6452
   -0.2029    0.8824    0.4246
   -0.6277   -0.4500    0.6352
...    13 C-G ...
  -11.8476  -17.4863   31.2451
    0.4295    0.2823    0.8578
   -0.5708    0.8209    0.0156
   -0.6998   -0.4963    0.5137
...    14 A-T ...
  -13.5897  -19.7827   33.4259
   -0.1504    0.6104    0.7777
   -0.6874    0.5008   -0.5260
   -0.7106   -0.6136    0.3443
...    15 A-T ...
  -15.8254  -21.8429   34.5627
   -0.5261    0.7931    0.3069
   -0.4493    0.0471   -0.8921
   -0.7221   -0.6072    0.3316
...    16 T-A ...
  -17.9601  -23.7950   36.3418
   -0.7146    0.6621   -0.2258
   -0.0687   -0.3876   -0.9193
   -0.6962   -0.6414    0.3225
...    17 T-A ...
  -20.2463  -25.7210   37.7142
   -0.6358    0.2768   -0.7205
    0.3847   -0.6956   -0.6067
   -0.6691   -0.6630    0.3358
...    18 T-A ...
  -22.5397  -27.7602   38.8335
   -0.2779   -0.1646   -0.9464
    0.6806   -0.7290   -0.0731
   -0.6779   -0.6645    0.3146
...    19 A-T ...
  -24.6164  -30.2705   39.9077
    0.2373   -0.5924   -0.7699
    0.6926   -0.4526    0.5617
   -0.6812   -0.6665    0.3029
...    20 T-A ...
  -27.2676  -32.2291   40.3989
    0.5601   -0.7559   -0.3389
    0.4595   -0.0570    0.8864
   -0.6893   -0.6522    0.3154
...    21 T-A ...
  -29.5859  -34.3956   41.1541
    0.6996   -0.6592    0.2758
    0.0186    0.4026    0.9152
   -0.7143   -0.6351    0.2940
...    22 C-G ...
  -31.9070  -36.5314   42.1386
    0.5800   -0.2692    0.7689
   -0.4199    0.7100    0.5653
   -0.6981   -0.6507    0.2987
...    23 G-C ...
  -34.5080  -38.2560   43.4634
    0.3401    0.2687    0.9012
   -0.6902    0.7222    0.0451
   -0.6387   -0.6374    0.4311
...    24 C-G ...
  -36.3166  -40.6214   44.8756
   -0.0394    0.6469    0.7616
   -0.7606    0.4749   -0.4428
   -0.6481   -0.5967    0.4733
...    25 A-T ...
  -38.8446  -42.5297   45.9783
   -0.4401    0.8436    0.3077
   -0.5813   -0.0065   -0.8137
   -0.6844   -0.5370    0.4932
...    26 A-T ...
  -41.0687  -44.2145   47.7039
   -0.6844    0.6899   -0.2357
   -0.2193   -0.5032   -0.8359
   -0.6953   -0.5204    0.4957
...    27 A-T ...
  -43.2801  -45.7125   49.5772
   -0.6855    0.2582   -0.6807
    0.2301   -0.8103   -0.5390
   -0.6907   -0.5261    0.4961
...    28 G-C ...
  -45.8613  -47.0724   51.2983
   -0.4084   -0.1983   -0.8910
    0.5488   -0.8333   -0.0661
   -0.7294   -0.5160    0.4491
...    29 G-C ...
  -48.6329  -48.6877   52.5834
    0.0361   -0.6236   -0.7809
    0.6632   -0.5696    0.4855
   -0.7476   -0.5355    0.3930
...    30 C-G ...
  -51.2701  -50.4656   53.4692
    0.4344   -0.8189   -0.3750
    0.5014   -0.1261    0.8560
   -0.7483   -0.5599    0.3558
...    31 C-G ...
  -53.9570  -52.2842   54.4459
    0.6799   -0.7149    0.1634
    0.1532    0.3563    0.9217
   -0.7172   -0.6016    0.3518
...    32 G-C ...
  -56.1351  -53.9966   55.8599
    0.7156   -0.3594    0.5990
   -0.2430    0.6758    0.6958
   -0.6549   -0.6435    0.3963
...    33 G-C ...
  -58.0899  -56.3697   57.2543
    0.4910    0.1334    0.8609
   -0.6098    0.7583    0.2304
   -0.6221   -0.6381    0.4537
...    34 C-G ...
  -59.9018  -58.7529   58.6537
    0.0967    0.5783    0.8101
   -0.7752    0.5542   -0.3031
   -0.6242   -0.5987    0.5019
...    35 C-G ...
  -61.7591  -60.7092   60.7415
   -0.2974    0.8425    0.4492
   -0.7030    0.1252   -0.7001
   -0.6460   -0.5240    0.5550
...    36 C-G ...
  -63.8484  -62.3032   62.8502
   -0.6012    0.7958   -0.0731
   -0.4383   -0.4049   -0.8025
   -0.6682   -0.4504    0.5922
...    37 G-C ...
  -66.2239  -64.3494   64.1867
   -0.6875    0.4594   -0.5624
   -0.0329   -0.7934   -0.6079
   -0.7254   -0.3994    0.5606
...    38 A-T ...
  -68.5690  -65.5643   65.9910
   -0.5696   -0.1080   -0.8148
    0.3801   -0.9136   -0.1446
   -0.7288   -0.3920    0.5614
...    39 C-G ...
  -71.2624  -66.4285   67.5392
   -0.2564   -0.5679   -0.7821
    0.6041   -0.7258    0.3290
   -0.7545   -0.3882    0.5292
...    40 A-T ...
  -73.8431  -67.9187   69.1660
    0.1940   -0.8808   -0.4320
    0.6240   -0.2290    0.7471
   -0.7569   -0.4145    0.5052
...    41 C-G ...
  -76.5578  -69.5098   70.3554
    0.5034   -0.8635    0.0299
    0.4182    0.2737    0.8661
   -0.7561   -0.4235    0.4989
...    42 G-C ...
  -78.9151  -70.6115   72.4138
    0.6813   -0.5017    0.5330
    0.0353    0.7498    0.6607
   -0.7312   -0.4313    0.5285
...    43 A-T ...
  -81.3748  -71.9208   73.9327
    0.5740    0.0455    0.8176
   -0.3490    0.9168    0.1940
   -0.7408   -0.3967    0.5421
...    44 C-G ...
  -83.4879  -73.7986   75.6335
    0.3418    0.5569    0.7570
   -0.6106    0.7439   -0.2716
   -0.7144   -0.3694    0.5943
...    45 T-A ...
  -85.6063  -75.2874   78.0875
   -0.0071    0.9221    0.3869
   -0.6977    0.2726   -0.6625
   -0.7163   -0.2746    0.6414
...    46 T-A ...
  -87.8498  -76.0467   80.1959
   -0.3288    0.9420   -0.0675
   -0.5971   -0.2627   -0.7579
   -0.7317   -0.2089    0.6489
...    47 A-T ...
  -90.3727  -76.4264   82.3120
   -0.5085    0.6446   -0.5709
   -0.3478   -0.7603   -0.5487
   -0.7877   -0.0805    0.6108
...    48 C-G ...
  -92.9056  -75.9372   84.4161
   -0.5853    0.1363   -0.7993
   -0.0561   -0.9902   -0.1278
   -0.8088   -0.0300    0.5873
...    49 T-A ...
  -95.7279  -75.5017   86.2225
   -0.4681   -0.4161   -0.7796
    0.2095   -0.9093    0.3596
   -0.8585    0.0050    0.5128
...    50 G-C ...
  -98.6458  -75.7025   87.8666
   -0.1993   -0.8769   -0.4374
    0.4147   -0.4798    0.7732
   -0.8879   -0.0273    0.4593
...    51 T-A ...
 -101.7199  -75.8278   88.8535
    0.0445   -0.9959    0.0783
    0.4488    0.0899    0.8891
   -0.8925   -0.0044    0.4510
...    52 A-T ...
 -104.2670  -74.9639   91.2551
    0.2308   -0.6257    0.7452
    0.3397    0.7695    0.5409
   -0.9118    0.1283    0.3901
...    53 G-C ...
 -107.3140  -74.5079   92.4084
    0.4413   -0.1203    0.8893
    0.1871    0.9815    0.0399
   -0.8776    0.1488    0.4557
...    54 G-C ...
 -110.3866  -74.6209   94.2225
    0.5498    0.4470    0.7056
   -0.0959    0.8729   -0.4783
   -0.8298    0.1953    0.5228
...    55 T-A ...
 -112.9267  -74.2427   96.1862
    0.4594    0.8286    0.3199
   -0.3621    0.5036   -0.7844
   -0.8111    0.2445    0.5314
...    56 A-T ...
 -115.3583  -73.3320   98.4737
    0.2813    0.9196   -0.2743
   -0.5917   -0.0589   -0.8040
   -0.7555    0.3885    0.5275
...    57 T-A ...
 -117.3209  -71.8521  100.5871
   -0.0283    0.7329   -0.6797
   -0.6711   -0.5179   -0.5305
   -0.7408    0.4412    0.5065
...    58 C-G ...
 -119.7614  -70.0265  102.2304
   -0.4128    0.2083   -0.8867
   -0.5325   -0.8450    0.0495
   -0.7389    0.4926    0.4597
...    59 T-A ...
 -122.2258  -68.1403  103.4088
   -0.6022   -0.3233   -0.7300
   -0.2518   -0.7907    0.5580
   -0.7576    0.5198    0.3947
...    60 C-G ...
 -124.9388  -66.8280  104.7340
   -0.6446   -0.7339   -0.2142
    0.1224   -0.3756    0.9187
   -0.7546    0.5660    0.3320
...    61 G-C ...
 -127.2192  -65.1189  106.4882
   -0.4507   -0.8082    0.3791
    0.4660    0.1492    0.8721
   -0.7614    0.5697    0.3094
...    62 A-T ...
 -129.7623  -63.0900  107.3831
   -0.0544   -0.5192    0.8529
    0.6699    0.6144    0.4168
   -0.7404    0.5941    0.3144
...    63 T-A ...
 -132.5707  -61.5746  108.2821
    0.3194   -0.1097    0.9412
    0.6042    0.7888   -0.1131
   -0.7300    0.6048    0.3182
...    64 C-G ...
 -135.0628  -59.6155  109.1493
    0.6695    0.3728    0.6425
    0.3055    0.6502   -0.6956
   -0.6771    0.6620    0.3214
...    65 A-T ...
 -137.4975  -57.2667  109.6973
    0.8096    0.5835    0.0649
   -0.1421    0.3020   -0.9427
   -0.5696    0.7539    0.3274
...    66 T-A ...
 -139.0762  -54.8242  111.1543
    0.6709    0.5875   -0.4525
   -0.5450   -0.0232   -0.8381
   -0.5029    0.8089    0.3046
...    67 G-C ...
 -140.6264  -51.7960  112.0270
    0.2802    0.3207   -0.9048
   -0.8689   -0.3160   -0.3810
   -0.4081    0.8929    0.1901
...    68 T-A ...
 -141.3546  -48.5499  112.5824
   -0.2319    0.0749   -0.9699
   -0.8967   -0.4029    0.1833
   -0.3770    0.9122    0.1605
...    69 T-A ...
 -142.3818  -45.5287  112.9379
   -0.7152   -0.1587   -0.6806
   -0.6096   -0.3347    0.7186
   -0.3419    0.9288    0.1427
...    70 A-T ...
 -143.6137  -42.3413  113.7382
   -0.9664   -0.2542    0.0369
    0.0725   -0.1324    0.9885
   -0.2464    0.9580    0.1464
...    71 T-A ...
 -144.5678  -39.1854  113.5108
   -0.7973   -0.2306    0.5577
    0.5702    0.0150    0.8214
   -0.1978    0.9729    0.1195
...    72 A-T ...
 -144.7237  -35.6619  113.8859
   -0.1540   -0.0179    0.9879
    0.9817    0.1110    0.1550
   -0.1125    0.9937    0.0005
...    73 A-T ...
 -145.2231  -32.4602  113.7821
    0.4600    0.0907    0.8833
    0.8844    0.0419   -0.4649
   -0.0792    0.9950   -0.0609
...    74 C-G ...
 -146.0012  -29.1479  113.8596
    0.8799    0.0809    0.4682
    0.4727   -0.0492   -0.8799
   -0.0481    0.9955   -0.0815
...    75 G-C ...
 -145.8102  -25.9456  113.2272
    0.9878   -0.1340   -0.0789
   -0.0922   -0.0961   -0.9911
    0.1253    0.9863   -0.1072
...    76 G-C ...
 -144.8720  -22.8261  112.8448
    0.7602   -0.3005   -0.5761
   -0.5912    0.0480   -0.8051
    0.2696    0.9526   -0.1411
...    77 A-T ...
 -143.8724  -19.8149  112.1508
    0.2440   -0.2722   -0.9308
   -0.9135    0.2576   -0.3148
    0.3255    0.9271   -0.1858
...    78 G-C ...
 -142.4543  -16.9279  111.2296
   -0.3046   -0.1714   -0.9369
   -0.8867    0.4102    0.2133
    0.3478    0.8957   -0.2769
...    79 C-G ...
 -140.9767  -14.1511  109.8473
   -0.7785    0.0788   -0.6227
   -0.5215    0.4709    0.7116
    0.3493    0.8787   -0.3255
...    80 T-A ...
 -139.8066  -11.3281  108.5821
   -0.9349    0.3318   -0.1257
    0.0154    0.3920    0.9198
    0.3545    0.8580   -0.3716
...    81 C-G ...
 -138.7013   -8.3732  107.5599
   -0.7133    0.5225    0.4671
    0.6071    0.1277    0.7843
    0.3501    0.8430   -0.4083
...    82 G-C ...
 -136.5875   -5.5142  106.9759
   -0.2093    0.4872    0.8478
    0.9175   -0.2021    0.3427
    0.3383    0.8496   -0.4047
...    83 G-C ...
 -135.4795   -2.7272  105.3846
    0.3466    0.2304    0.9093
    0.8441   -0.4994   -0.1952
    0.4091    0.8352   -0.3675
...    84 G-C ...
 -134.2735    0.1499  104.1419
    0.7094   -0.1719    0.6835
    0.5094   -0.5453   -0.6657
    0.4872    0.8204   -0.2992
...    85 A-T ...
 -132.7349    2.9952  103.3077
    0.8509   -0.5007    0.1589
   -0.0243   -0.3398   -0.9402
    0.5247    0.7961   -0.3013
...    86 T-A ...
 -130.8213    5.6441  102.9170
    0.6872   -0.6402   -0.3434
   -0.4629   -0.0217   -0.8861
    0.5598    0.7679   -0.3112
...    87 C-G ...
 -128.7250    8.0354  101.9674
    0.2479   -0.5665   -0.7859
   -0.7667    0.3811   -0.5166
    0.5922    0.7306   -0.3399
...    88 C-G ...
 -126.6113   10.2440  100.7389
   -0.2690   -0.3578   -0.8942
   -0.7585    0.6509   -0.0323
    0.5936    0.6695   -0.4465
...    89 G-C ...
 -125.0221   12.6869   99.0954
   -0.7181    0.0065   -0.6959
   -0.4315    0.7804    0.4526
    0.5460    0.6253   -0.5576
...    90 C-G ...
 -123.2075   14.4657   96.7134
   -0.8377    0.4583   -0.2970
    0.0854    0.6470    0.7577
    0.5394    0.6094   -0.5811
...    91 T-A ...
 -121.7662   16.5132   94.2636
   -0.6222    0.7573    0.1983
    0.5903    0.2875    0.7543
    0.5142    0.5864   -0.6259
...    92 T-A ...
 -120.3364   18.3549   91.9531
   -0.1070    0.8140    0.5710
    0.8414   -0.2318    0.4881
    0.5297    0.5326   -0.6601
...    93 T-A ...
 -118.8539   20.1384   89.6137
    0.4328    0.5382    0.7232
    0.7294   -0.6805    0.0699
    0.5298    0.4972   -0.6871
...    94 A-T ...
 -116.7787   21.1172   87.0990
    0.7993   -0.0062    0.6008
    0.2828   -0.8783   -0.3854
    0.5301    0.4780   -0.7003
...    95 A-T ...
 -115.0673   22.7725   84.9566
    0.8060   -0.5226    0.2780
   -0.2393   -0.7172   -0.6545
    0.5415    0.4610   -0.7031
...    96 C-G ...
 -112.9766   24.6163   83.0411
    0.5305   -0.8391   -0.1200
   -0.6478   -0.3101   -0.6958
    0.5466    0.4469   -0.7082
...    97 A-T ...
 -111.0357   25.9079   80.5723
   -0.0119   -0.8936   -0.4488
   -0.8218    0.2645   -0.5047
    0.5697    0.3628   -0.7375
...    98 C-G ...
 -108.6950   26.5460   78.2241
   -0.4705   -0.6178   -0.6300
   -0.6716    0.7138   -0.1985
    0.5723    0.3297   -0.7508
...    99 T-A ...
 -106.4054   27.0782   75.4793
   -0.8024   -0.0912   -0.5898
   -0.2507    0.9484    0.1943
    0.5417    0.3037   -0.7838
...   100 T-A ...
 -104.6338   27.7273   72.7966
   -0.7664    0.5095   -0.3912
    0.2831    0.8145    0.5064
    0.5767    0.2773   -0.7684
...   101 T-A ...
 -102.8393   28.3932   70.1209
   -0.4307    0.9015   -0.0428
    0.6744    0.3530    0.6485
    0.5998    0.2505   -0.7600
...   102 A-T ...
 -100.4774   29.1613   67.6872
    0.1739    0.9109    0.3742
    0.7704   -0.3626    0.5245
    0.6134    0.1971   -0.7648
...   103 T-A ...
  -99.0223   30.2055   64.9628
    0.5105    0.6100    0.6060
    0.5871   -0.7622    0.2726
    0.6282    0.2167   -0.7473
...   104 G-C ...
  -96.9221   31.1939   62.5788
    0.6993   -0.0059    0.7148
    0.1744   -0.9683   -0.1787
    0.6932    0.2496   -0.6761
...   105 C-G ...
  -94.4666   32.2892   60.6703
    0.6412   -0.5579    0.5268
   -0.2514   -0.8014   -0.5427
    0.7250    0.2156   -0.6541
...   106 T-A ...
  -91.6565   33.1491   58.8056
    0.3512   -0.9270    0.1316
   -0.5492   -0.3178   -0.7729
    0.7583    0.1992   -0.6207
...   107 T-A ...
  -89.0574   33.6964   56.9983
   -0.0590   -0.9508   -0.3041
   -0.6302    0.2717   -0.7273
    0.7742    0.1488   -0.6152
...   108 C-G ...
  -86.3737   33.9374   54.9867
   -0.4502   -0.5963   -0.6647
   -0.4525    0.7940   -0.4059
    0.7698    0.1181   -0.6273
...   109 C-G ...
  -83.8646   34.0972   52.8322
   -0.6926   -0.0776   -0.7171
   -0.1158    0.9933    0.0044
    0.7120    0.0861   -0.6969
...   110 G-C ...
  -81.7661   34.7224   50.6120
   -0.7083    0.4575   -0.5376
    0.2937    0.8835    0.3650
    0.6419    0.1007   -0.7601
...   111 G-C ...
  -79.9200   35.0939   47.8006
   -0.4512    0.8723   -0.1884
    0.6561    0.4673    0.5925
    0.6049    0.1437   -0.7832
...   112 C-G ...
  -78.3782   35.5741   44.8511
   -0.0239    0.9763    0.2153
    0.7981   -0.1110    0.5922
    0.6020    0.1860   -0.7765
...   113 T-A ...
  -76.5370   36.2584   42.1557
    0.3857    0.7476    0.5407
    0.6911   -0.6224    0.3675
    0.6112    0.2319   -0.7567
...   114 C-G ...
  -74.3911   36.9839   39.6976
    0.7054    0.2121    0.6763
    0.3342   -0.9410   -0.0534
    0.6251    0.2637   -0.7347
...   115 G-C ...
  -72.1675   37.3274   37.2000
    0.7101   -0.4204    0.5648
   -0.1425   -0.8714   -0.4695
    0.6896    0.2529   -0.6786
...   116 T-A ...
  -69.4644   38.4485   35.5553
    0.4819   -0.8415    0.2443
   -0.5014   -0.4935   -0.7107
    0.7185    0.2200   -0.6598
...   117 A-T ...
  -66.7165   39.1421   33.6430
    0.0427   -0.9788   -0.2005
   -0.6654    0.1218   -0.7365
    0.7453    0.1649   -0.6461
...   118 T-A ...
  -63.8537   39.3947   32.0371
   -0.2973   -0.7653   -0.5709
   -0.5871    0.6181   -0.5227
    0.7529    0.1798   -0.6331
...   119 A-T ...
  -61.3387   40.3450   29.8252
   -0.5714   -0.1232   -0.8113
   -0.2359    0.9716    0.0186
    0.7860    0.2020   -0.5843
...   120 A-T ...
  -58.7460   40.6542   27.8752
   -0.5915    0.4697   -0.6553
    0.1341    0.8588    0.4945
    0.7950    0.2046   -0.5710
...   121 T-A ...
  -56.3194   40.8446   25.5656
   -0.4160    0.8599   -0.2960
    0.4215    0.4707    0.7751
    0.8058    0.1976   -0.5583
...   122 G-C ...
  -53.5757   41.5269   23.5233
   -0.1304    0.9492    0.2865
    0.5817   -0.1607    0.7974
    0.8029    0.2706   -0.5312
...   123 T-A ...
  -51.2286   42.5670   21.4469
    0.1713    0.7157    0.6770
    0.5521   -0.6389    0.5358
    0.8160    0.2820   -0.5046
...   124 G-C ...
  -48.4534   43.5901   19.7839
    0.3860    0.1682    0.9070
    0.3684   -0.9295    0.0155
    0.8457    0.3282   -0.4208
...   125 T-A ...
  -45.9140   45.0682   18.5331
    0.4696   -0.3706    0.8013
    0.1249   -0.8706   -0.4758
    0.8740    0.3236   -0.3625
...   126 C-G ...
  -43.0554   46.0434   17.5581
    0.4540   -0.8148    0.3604
   -0.1525   -0.4696   -0.8696
    0.8778    0.3398   -0.3375
...   127 G-C ...
  -40.1867   46.7340   15.9087
    0.1879   -0.9702   -0.1528
   -0.3044    0.0903   -0.9483
    0.9338    0.2247   -0.2783
...   128 A-T ...
  -37.1672   47.4187   15.0693
   -0.0231   -0.7147   -0.6990
   -0.3528    0.6600   -0.6632
    0.9354    0.2313   -0.2674
...   129 C-G ...
  -33.8722   47.5174   14.5991
   -0.2365   -0.2451   -0.9402
   -0.2751    0.9450   -0.1771
    0.9319    0.2168   -0.2909
...   130 C-G ...
  -30.6943   47.8563   13.3777
   -0.4157    0.3052   -0.8568
   -0.0713    0.9282    0.3652
    0.9067    0.2129   -0.3641
...   131 A-T ...
  -27.5459   49.1875   12.9845
   -0.3842    0.8181   -0.4279
    0.1785    0.5205    0.8350
    0.9058    0.2444   -0.3460
...   132 A-T ...
  -24.6095   49.9486   11.7183
   -0.2098    0.9664    0.1482
    0.3620   -0.0640    0.9300
    0.9083    0.2488   -0.3364
...   133 A-T ...
  -21.7874   50.8447   10.2915
    0.0691    0.7441    0.6645
    0.3974   -0.6315    0.6658
    0.9151    0.2180   -0.3393
...   134 T-A ...
  -19.0083   52.0401    8.9383
    0.2450    0.2904    0.9250
    0.3072   -0.9282    0.2101
    0.9196    0.2327   -0.3167
...   135 G-C ...
  -16.4569   53.8979    7.5290
    0.5336   -0.3334    0.7773
    0.0348   -0.9096   -0.4140
    0.8450    0.2479   -0.4738
...   136 T-A ...
  -14.1680   56.5697    6.1948
    0.5795   -0.7269    0.3684
   -0.3140   -0.6163   -0.7222
    0.7521    0.3028   -0.5854
...   137 G-C ...
  -11.6468   58.0145    4.7336
    0.2454   -0.9541   -0.1717
   -0.6318   -0.0231   -0.7748
    0.7352    0.2986   -0.6085
...   138 A-T ...
   -8.6697   58.7288    3.6170
   -0.0344   -0.7815   -0.6230
   -0.6534    0.4892   -0.5777
    0.7562    0.3872   -0.5274
...   139 G-C ...
   -6.3210   59.0878    1.6440
   -0.2967   -0.3277   -0.8970
   -0.5657    0.8170   -0.1114
    0.7694    0.4744   -0.4278
...   140 C-G ...
   -3.4295   60.2436    1.0434
   -0.4424    0.2288   -0.8671
   -0.1682    0.9286    0.3309
    0.8809    0.2922   -0.3723
...   141 G-C ...
   -0.6893   63.9062   -2.2357
   -0.9992    0.0156   -0.0375
   -0.0024    0.8991    0.4378
    0.0405    0.4375   -0.8983
...   142 C-G ...
   -0.9979   65.6136   -4.9250
   -0.8337    0.5217    0.1810
    0.5169    0.6220    0.5881
    0.1942    0.5839   -0.7882
...   143 T-A ...
   -0.1244   66.2249   -7.8042
   -0.3751    0.8568    0.3538
    0.8856    0.2185    0.4098
    0.2739    0.4670   -0.8408
...   144 C-G ...
   -0.1579   67.4196  -10.7922
    0.1799    0.8792    0.4411
    0.9276   -0.3009    0.2214
    0.3274    0.3694   -0.8697
...   145 A-T ...
    0.5353   69.2486  -13.4514
    0.7352    0.4961    0.4620
    0.6117   -0.7791   -0.1369
    0.2921    0.3832   -0.8763
...   146 C-G ...
    1.4422   72.1063  -15.5859
    0.9808    0.0622    0.1849
    0.1266   -0.9240   -0.3608
    0.1484    0.3773   -0.9141
...   147 A-T ...
    2.3151   74.2409  -18.3715
    0.8657   -0.4292   -0.2574
   -0.4984   -0.7868   -0.3642
   -0.0462    0.4436   -0.8950
