  147 base-pairs
...     1 A-T ...
    0.0000    0.0000    0.0000
    1.0000    0.0000    0.0000
    0.0000    1.0000    0.0000
    0.0000    0.0000    1.0000
...     2 G-C ...
   -0.1394   -1.2357    3.2268
    0.7529    0.6366    0.1670
   -0.6386    0.7680   -0.0486
   -0.1592   -0.0700    0.9848
...     3 T-A ...
   -0.0365   -3.2932    6.3751
    0.2722    0.9301    0.2466
   -0.9238    0.3243   -0.2033
   -0.2691   -0.1725    0.9475
...     4 G-C ...
   -0.3505   -4.1660    9.4928
   -0.3756    0.9250    0.0579
   -0.8781   -0.3352   -0.3415
   -0.2965   -0.1791    0.9381
...     5 A-T ...
   -0.4462   -4.1476   12.7498
   -0.8116    0.5840   -0.0165
   -0.5523   -0.7762   -0.3042
   -0.1905   -0.2378    0.9524
...     6 G-C ...
   -1.5908   -4.1730   15.6201
   -0.9976    0.0246   -0.0651
   -0.0043   -0.9555   -0.2950
   -0.0695   -0.2940    0.9533
...     7 C-G ...
   -1.1030   -4.4824   18.7362
   -0.8441   -0.5304   -0.0787
    0.5345   -0.8441   -0.0432
   -0.0435   -0.0785    0.9960
...     8 G-C ...
   -2.4028   -7.7290   23.1475
   -0.2754   -0.3293   -0.9032
    0.6650   -0.7437    0.0684
   -0.6942   -0.5818    0.4238
...     9 C-G ...
   -4.4690   -9.9728   24.1132
    0.1145   -0.7025   -0.7024
    0.8512   -0.2952    0.4340
   -0.5122   -0.6476    0.5642
...    10 T-A ...
   -6.7405  -10.8752   25.9697
    0.4841   -0.8363   -0.2574
    0.6595    0.1553    0.7355
   -0.5751   -0.5258    0.6267
...    11 C-G ...
   -9.1656  -12.6208   27.1640
    0.7073   -0.6682    0.2307
    0.3448    0.6110    0.7126
   -0.6171   -0.4245    0.6626
...    12 A-T ...
  -10.9234  -14.6633   29.0693
    0.7515   -0.1377    0.6452
   -0.2029    0.8824    0.4246
   -0.6277   -0.4500    0.6352
...    13 C-G ...
  -11.8476  -17.4863   31.2451
    0.4295    0.2823    0.8578
   -0.5708    0.8209    0.0156
   -0.6998   -0.4963    0.5137
...    14 A-T ...
  -13.5897  -19.7827   33.4259
   -0.1504    0.6104    0.7777
   -0.6874    0.5008   -0.5260
   -0.7106   -0.6136    0.3443
...    15 A-T ...
  -15.8134  -21.8499   34.5805
   -0.5335    0.7881    0.3069
   -0.4490    0.0437   -0.8925
   -0.7168   -0.6140    0.3305
...    16 T-A ...
  -17.9289  -23.8329   36.3577
   -0.7233    0.6525   -0.2259
   -0.0627   -0.3879   -0.9196
   -0.6877   -0.6510    0.3214
...    17 T-A ...
  -20.1815  -25.7970   37.7292
   -0.6411    0.2647   -0.7204
    0.3978   -0.6881   -0.6069
   -0.6563   -0.6756    0.3359
...    18 T-A ...
  -22.4302  -27.8829   38.8668
   -0.2764   -0.1754   -0.9449
    0.6980   -0.7125   -0.0720
   -0.6606   -0.6794    0.3193
...    19 A-T ...
  -24.4147  -30.4563   39.9731
    0.2520   -0.5893   -0.7676
    0.7078   -0.4287    0.5615
   -0.6599   -0.6848    0.3091
...    20 T-A ...
  -26.9939  -32.5004   40.4791
    0.5848   -0.7372   -0.3385
    0.4645   -0.0377    0.8848
   -0.6650   -0.6747    0.3203
...    21 T-A ...
  -29.2238  -34.7503   41.2559
    0.7281   -0.6295    0.2713
    0.0089    0.4045    0.9145
   -0.6854   -0.6634    0.3001
...    22 C-G ...
  -31.4332  -36.9877   42.2703
    0.5982   -0.2419    0.7639
   -0.4459    0.6916    0.5682
   -0.6658   -0.6806    0.3058
...    23 G-C ...
  -33.9081  -38.8455   43.6650
    0.3357    0.2865    0.8973
   -0.7268    0.6848    0.0533
   -0.5992   -0.6701    0.4381
...    24 C-G ...
  -35.5697  -41.3020   45.1064
   -0.0662    0.6440    0.7622
   -0.7907    0.4320   -0.4337
   -0.6086   -0.6314    0.4806
...    25 A-T ...
  -37.9930  -43.3421   46.2363
   -0.4901    0.8141    0.3115
   -0.5878   -0.0448   -0.8077
   -0.6437   -0.5790    0.5005
...    26 A-T ...
  -40.0835  -45.1689   47.9885
   -0.7337    0.6395   -0.2299
   -0.1916   -0.5192   -0.8329
   -0.6519   -0.5670    0.5035
...    27 A-T ...
  -42.1580  -46.8281   49.8869
   -0.7110    0.2016   -0.6736
    0.2859   -0.7924   -0.5389
   -0.6424   -0.5758    0.5057
...    28 G-C ...
  -44.5985  -48.3904   51.6447
   -0.4019   -0.2380   -0.8842
    0.6144   -0.7861   -0.0677
   -0.6790   -0.5704    0.4622
...    29 G-C ...
  -47.1917  -50.2283   52.9993
    0.0785   -0.6281   -0.7742
    0.7161   -0.5047    0.4821
   -0.6935   -0.5922    0.4102
...    30 C-G ...
  -49.6528  -52.2079   53.9641
    0.4988   -0.7838   -0.3700
    0.5231   -0.0681    0.8496
   -0.6910   -0.6173    0.3760
...    31 C-G ...
  -52.1539  -54.2354   55.0208
    0.7432   -0.6489    0.1632
    0.1357    0.3851    0.9128
   -0.6552   -0.6562    0.3743
...    32 G-C ...
  -54.1513  -56.1094   56.5051
    0.7557   -0.2805    0.5918
   -0.2910    0.6657    0.6871
   -0.5867   -0.6915    0.4215
...    33 G-C ...
  -55.8622  -58.6192   57.9798
    0.4933    0.1981    0.8470
   -0.6718    0.7053    0.2263
   -0.5526   -0.6806    0.4811
...    34 C-G ...
  -57.4147  -61.1285   59.4746
    0.0598    0.6063    0.7930
   -0.8287    0.4730   -0.2991
   -0.5565   -0.6393    0.5307
...    35 C-G ...
  -59.0372  -63.1900   61.6602
   -0.3628    0.8252    0.4328
   -0.7269    0.0400   -0.6856
   -0.5831   -0.5634    0.5853
...    36 C-G ...
  -60.9311  -64.8985   63.8645
   -0.6739    0.7342   -0.0827
   -0.4177   -0.4709   -0.7770
   -0.6094   -0.4891    0.6240
...    37 G-C ...
  -63.0864  -67.1133   65.3217
   -0.7421    0.3707   -0.5585
    0.0270   -0.8160   -0.5774
   -0.6698   -0.4436    0.5955
...    38 A-T ...
  -65.2712  -68.4696   67.2316
   -0.5778   -0.1957   -0.7924
    0.4609   -0.8794   -0.1189
   -0.6736   -0.4339    0.5983
...    39 C-G ...
  -67.8327  -69.5125   68.8970
   -0.2227   -0.6258   -0.7475
    0.6789   -0.6498    0.3418
   -0.6997   -0.4313    0.5695
...    40 A-T ...
  -70.2066  -71.1677   70.6815
    0.2639   -0.8826   -0.3890
    0.6639   -0.1263    0.7371
   -0.6997   -0.4527    0.5526
...    41 C-G ...
  -72.7301  -72.9299   72.0547
    0.5815   -0.8110    0.0646
    0.4154    0.3642    0.8336
   -0.6996   -0.4579    0.5486
...    42 G-C ...
  -74.9264  -74.0861   74.2557
    0.7387   -0.4023    0.5408
   -0.0114    0.7948    0.6068
   -0.6739   -0.4544    0.5825
...    43 A-T ...
  -77.2271  -75.4837   75.9361
    0.5931    0.1533    0.7904
   -0.4204    0.8962    0.1417
   -0.6866   -0.4163    0.5960
...    44 C-G ...
  -79.1195  -77.4060   77.8324
    0.3189    0.6395    0.6996
   -0.6802    0.6684   -0.3010
   -0.6601   -0.3799    0.6481
...    45 T-A ...
  -81.0320  -78.8554   80.4635
   -0.0668    0.9488    0.3086
   -0.7409    0.1600   -0.6523
   -0.6683   -0.2722    0.6923
...    46 T-A ...
  -83.1498  -79.5778   82.7022
   -0.3980    0.9069   -0.1382
   -0.6052   -0.3728   -0.7034
   -0.6894   -0.1963    0.6973
...    47 A-T ...
  -85.5523  -79.8890   84.9603
   -0.5657    0.5570   -0.6080
   -0.3212   -0.8280   -0.4597
   -0.7594   -0.0648    0.6473
...    48 C-G ...
  -88.0465  -79.3275   87.0956
   -0.6202    0.0241   -0.7841
   -0.0048   -0.9996   -0.0270
   -0.7844   -0.0129    0.6201
...    49 T-A ...
  -90.8231  -78.8497   88.9627
   -0.4733   -0.5177   -0.7128
    0.2693   -0.8554    0.4424
   -0.8387    0.0174    0.5443
...    50 G-C ...
  -93.6457  -79.0203   90.7590
   -0.1760   -0.9292   -0.3250
    0.4678   -0.3695    0.8029
   -0.8662   -0.0107    0.4997
...    51 T-A ...
  -96.6691  -79.1699   91.9007
    0.0886   -0.9753    0.2021
    0.4807    0.2196    0.8489
   -0.8724    0.0220    0.4883
...    52 A-T ...
  -99.0988  -77.9148   94.3626
    0.2669   -0.4902    0.8298
    0.3364    0.8542    0.3964
   -0.9031    0.1733    0.3929
...    53 G-C ...
 -102.1239  -77.2890   95.5176
    0.4698    0.0421    0.8818
    0.1692    0.9760   -0.1367
   -0.8664    0.2134    0.4514
...    54 G-C ...
 -105.1365  -77.1029   97.4050
    0.5652    0.5726    0.5938
   -0.1256    0.7712   -0.6241
   -0.8153    0.2782    0.5078
...    55 T-A ...
 -107.6205  -76.4012   99.3391
    0.4616    0.8753    0.1443
   -0.3942    0.3481   -0.8505
   -0.7947    0.3357    0.5058
...    56 A-T ...
 -109.9714  -75.0701  101.5131
    0.2742    0.8465   -0.4563
   -0.6206   -0.2066   -0.7564
   -0.7346    0.4906    0.4687
...    57 T-A ...
 -111.8506  -73.1837  103.3483
   -0.0447    0.5825   -0.8116
   -0.6951   -0.6017   -0.3935
   -0.7175    0.5465    0.4318
...    58 C-G ...
 -114.2250  -71.0171  104.6601
   -0.4403    0.0274   -0.8974
   -0.5431   -0.8041    0.2419
   -0.7150    0.5939    0.3689
...    59 T-A ...
 -116.6231  -68.8757  105.4809
   -0.6353   -0.4575   -0.6221
   -0.2443   -0.6451    0.7240
   -0.7326    0.6120    0.2981
...    60 C-G ...
 -119.2736  -67.2739  106.6042
   -0.6706   -0.7416   -0.0176
    0.1526   -0.1611    0.9751
   -0.7260    0.6512    0.2212
...    61 G-C ...
 -121.3958  -65.1006  108.0201
   -0.4643   -0.6630    0.5872
    0.5177    0.3348    0.7873
   -0.7186    0.6696    0.1878
...    62 A-T ...
 -123.4498  -62.5591  108.6596
   -0.0344   -0.2810    0.9591
    0.7290    0.6494    0.2164
   -0.6836    0.7067    0.1825
...    63 G-C ...
 -125.6766  -60.1587  109.1497
    0.3931    0.1322    0.9099
    0.6604    0.6481   -0.3794
   -0.6399    0.7500    0.1675
...    64 C-G ...
 -128.1396  -57.8660  109.8971
    0.7376    0.4590    0.4952
    0.3123    0.4183   -0.8529
   -0.5987    0.7838    0.1652
...    65 T-A ...
 -130.1532  -55.2983  110.6641
    0.8486    0.5258   -0.0584
   -0.1303    0.1007   -0.9863
   -0.5127    0.8446    0.1540
...    66 C-G ...
 -131.7749  -52.4043  111.1143
    0.6489    0.4185   -0.6354
   -0.6197   -0.1937   -0.7605
   -0.4414    0.8873    0.1337
...    67 G-C ...
 -133.3953  -49.4912  110.7302
    0.2347    0.1431   -0.9615
   -0.9076   -0.3219   -0.2695
   -0.3481    0.9359    0.0543
...    68 G-C ...
 -134.2093  -46.1906  110.5234
   -0.3035   -0.1410   -0.9423
   -0.8976   -0.2896    0.3324
   -0.3198    0.9467   -0.0387
...    69 G-C ...
 -135.2413  -43.0516  109.7324
   -0.7334   -0.3571   -0.5784
   -0.5961   -0.0710    0.7998
   -0.3267    0.9314   -0.1608
...    70 A-T ...
 -136.1809  -39.9120  108.8621
   -0.9585   -0.2814    0.0461
   -0.0080    0.1882    0.9821
   -0.2850    0.9410   -0.1827
...    71 T-A ...
 -137.2609  -36.9962  107.6845
   -0.8141   -0.1162    0.5690
    0.5136    0.3134    0.7988
   -0.2711    0.9425   -0.1954
...    72 C-G ...
 -138.3858  -33.8902  106.8005
   -0.3125    0.1598    0.9364
    0.9230    0.2842    0.2596
   -0.2246    0.9454   -0.2363
...    73 C-G ...
 -139.1236  -30.8202  105.7883
    0.2664    0.1965    0.9436
    0.9478    0.1243   -0.2935
   -0.1750    0.9726   -0.1532
...    74 G-C ...
 -139.2048  -27.5665  105.0373
    0.7825    0.1233    0.6104
    0.6179   -0.0318   -0.7856
   -0.0775    0.9919   -0.1011
...    75 C-G ...
 -139.8020  -24.1528  105.0290
    0.9981    0.0392    0.0485
    0.0534   -0.1332   -0.9897
   -0.0323    0.9903   -0.1350
...    76 T-A ...
 -139.7706  -20.6962  104.9524
    0.8467   -0.1229   -0.5177
   -0.5303   -0.1163   -0.8398
    0.0430    0.9856   -0.1637
...    77 T-A ...
 -139.2864  -17.5111  104.5321
    0.3816   -0.2048   -0.9013
   -0.9215   -0.0077   -0.3884
    0.0726    0.9788   -0.1917
...    78 T-A ...
 -138.9000  -14.3835  103.7745
   -0.2168   -0.2271   -0.9494
   -0.9721    0.1391    0.1887
    0.0892    0.9639   -0.2509
...    79 A-T ...
 -139.1281  -11.1236  102.9063
   -0.7720   -0.1119   -0.6257
   -0.6269    0.2959    0.7207
    0.1045    0.9486   -0.2986
...    80 A-T ...
 -138.7056   -8.1518  101.6974
   -0.9879    0.1336   -0.0781
   -0.0323    0.3157    0.9483
    0.1514    0.9394   -0.3076
...    81 C-G ...
 -138.3276   -5.1534  100.0728
   -0.8144    0.3452    0.4665
    0.5460    0.1833    0.8175
    0.1967    0.9204   -0.3378
...    82 A-T ...
 -137.6308   -2.0458   98.9850
   -0.2926    0.3778    0.8784
    0.9296   -0.1031    0.3539
    0.2243    0.9201   -0.3210
...    83 C-G ...
 -137.5655    1.1590   97.8289
    0.2572    0.2586    0.9311
    0.9339   -0.3141   -0.1707
    0.2483    0.9135   -0.3223
...    84 T-A ...
 -137.1223    4.6256   97.0048
    0.7368   -0.0328    0.6753
    0.5988   -0.4322   -0.6743
    0.3140    0.9012   -0.2988
...    85 T-A ...
 -136.1633    7.6578   96.3403
    0.9413   -0.2944    0.1654
    0.0562   -0.3464   -0.9364
    0.3329    0.8907   -0.3095
...    86 T-A ...
 -134.9651   10.5155   95.3904
    0.7783   -0.5070   -0.3704
   -0.4833   -0.1072   -0.8689
    0.4008    0.8553   -0.3284
...    87 A-T ...
 -133.6325   13.2320   93.9795
    0.3034   -0.5624   -0.7692
   -0.8299    0.2407   -0.5033
    0.4682    0.7911   -0.3937
...    88 T-A ...
 -131.4924   15.3849   92.9069
   -0.1611   -0.4241   -0.8912
   -0.8559    0.5097   -0.0878
    0.4915    0.7486   -0.4451
...    89 G-C ...
 -129.7381   17.6441   91.1999
   -0.6934   -0.0969   -0.7140
   -0.5596    0.6967    0.4489
    0.4539    0.7108   -0.5373
...    90 C-G ...
 -128.2597   19.7407   89.0282
   -0.8939    0.3105   -0.3234
   -0.0534    0.6424    0.7645
    0.4451    0.7006   -0.5576
...    91 T-A ...
 -127.1233   22.0446   86.6376
   -0.7455    0.6417    0.1803
    0.5098    0.3746    0.7745
    0.4295    0.6692   -0.6064
...    92 T-A ...
 -125.9119   24.1497   84.5077
   -0.3071    0.7442    0.5932
    0.8466   -0.0710    0.5275
    0.4347    0.6642   -0.6082
...    93 C-G ...
 -124.6246   26.4373   82.3520
    0.2886    0.5381    0.7920
    0.8445   -0.5327    0.0542
    0.4511    0.6532   -0.6082
...    94 C-G ...
 -123.3753   28.9760   80.2486
    0.6893    0.0917    0.7187
    0.5183   -0.7555   -0.4007
    0.5062    0.6487   -0.5683
...    95 T-A ...
 -121.6566   31.2546   78.6501
    0.8220   -0.3681    0.4345
    0.0766   -0.6846   -0.7249
    0.5643    0.6291   -0.5346
...    96 C-G ...
 -119.5203   33.0278   76.9373
    0.6636   -0.7476   -0.0276
   -0.3997   -0.3231   -0.8578
    0.6324    0.5802   -0.5133
...    97 A-T ...
 -117.4111   35.0284   75.1930
    0.2373   -0.8671   -0.4381
   -0.6634    0.1848   -0.7251
    0.7097    0.4627   -0.5313
...    98 T-A ...
 -114.7612   36.2014   73.6766
   -0.1779   -0.6729   -0.7180
   -0.6754    0.6141   -0.4082
    0.7157    0.4123   -0.5638
...    99 G-C ...
 -112.2666   37.4136   71.6152
   -0.6109   -0.1816   -0.7706
   -0.3921    0.9150    0.0952
    0.6878    0.3603   -0.6302
...   100 T-A ...
 -109.8409   38.0311   69.2969
   -0.7165    0.3711   -0.5907
    0.0275    0.8611    0.5076
    0.6971    0.3475   -0.6272
...   101 T-A ...
 -107.5873   38.9242   67.1536
   -0.5314    0.8243   -0.1952
    0.4515    0.4705    0.7581
    0.7168    0.3147   -0.6222
...   102 A-T ...
 -104.8466   39.9367   65.2492
   -0.0284    0.9393    0.3419
    0.6698   -0.2360    0.7040
    0.7420    0.2490   -0.6224
...   103 T-A ...
 -102.9219   41.0098   62.8007
    0.3427    0.6797    0.6486
    0.5747   -0.6978    0.4276
    0.7432    0.2262   -0.6297
...   104 A-T ...
 -100.2553   41.3497   60.6191
    0.6540    0.0422    0.7553
    0.1847   -0.9771   -0.1053
    0.7336    0.2084   -0.6469
...   105 A-T ...
  -97.8862   42.1693   58.6215
    0.6303   -0.5374    0.5604
   -0.2357   -0.8201   -0.5214
    0.7397    0.1965   -0.6435
...   106 C-G ...
  -95.1343   43.2164   56.9104
    0.3751   -0.9096    0.1788
   -0.5507   -0.3738   -0.7463
    0.7457    0.1815   -0.6411
...   107 G-C ...
  -92.8386   43.4547   54.5646
   -0.0882   -0.9679   -0.2354
   -0.6316    0.2371   -0.7381
    0.7702    0.0835   -0.6323
...   108 G-C ...
  -90.3522   43.2236   52.4033
   -0.4946   -0.6872   -0.5321
   -0.4354    0.7258   -0.5326
    0.7522   -0.0317   -0.6582
...   109 A-T ...
  -87.9986   43.0514   50.1036
   -0.6650   -0.0973   -0.7405
   -0.0242    0.9938   -0.1089
    0.7465   -0.0545   -0.6632
...   110 G-C ...
  -85.5932   42.6185   47.9026
   -0.6091    0.4557   -0.6491
    0.3438    0.8893    0.3017
    0.7147   -0.0394   -0.6983
...   111 G-C ...
  -83.3117   42.3134   45.3064
   -0.3236    0.8968   -0.3016
    0.6436    0.4423    0.6246
    0.6935    0.0081   -0.7204
...   112 C-G ...
  -81.4374   42.3690   42.5142
    0.0717    0.9877    0.1388
    0.7173   -0.1477    0.6809
    0.6930    0.0507   -0.7191
...   113 T-A ...
  -79.2677   42.6024   39.9928
    0.4219    0.7416    0.5215
    0.5733   -0.6638    0.4803
    0.7024    0.0964   -0.7052
...   114 C-G ...
  -76.8174   42.8456   37.7364
    0.6649    0.1820    0.7244
    0.2192   -0.9747    0.0437
    0.7141    0.1298   -0.6879
...   115 G-C ...
  -74.3643   42.7255   35.4405
    0.6057   -0.4568    0.6515
   -0.2103   -0.8816   -0.4226
    0.7674    0.1190   -0.6300
...   116 T-A ...
  -71.4135   43.3982   33.9659
    0.3549   -0.8726    0.3355
   -0.5026   -0.4807   -0.7186
    0.7883    0.0864   -0.6092
...   117 A-T ...
  -68.4814   43.6346   32.2266
   -0.0608   -0.9877   -0.1440
   -0.5915    0.1518   -0.7919
    0.8040    0.0371   -0.5935
...   118 T-A ...
  -65.5001   43.4534   30.8316
   -0.3460   -0.7584   -0.5524
   -0.4716    0.6496   -0.5964
    0.8111    0.0542   -0.5824
...   119 A-T ...
  -62.7329   43.9647   28.7776
   -0.5271   -0.1013   -0.8437
   -0.1205    0.9917   -0.0438
    0.8412    0.0786   -0.5350
...   120 A-T ...
  -59.9965   43.8805   27.0067
   -0.4952    0.4976   -0.7122
    0.2023    0.8632    0.4625
    0.8449    0.0850   -0.5281
...   121 T-A ...
  -57.4326   43.6894   24.8566
   -0.3016    0.8839   -0.3575
    0.4283    0.4606    0.7774
    0.8518    0.0813   -0.5175
...   122 G-C ...
  -54.5155   43.9922   22.9558
   -0.0462    0.9692    0.2421
    0.5222   -0.1831    0.8329
    0.8516    0.1649   -0.4977
...   123 T-A ...
  -51.9796   44.7223   20.9767
    0.2108    0.7227    0.6583
    0.4607   -0.6674    0.5851
    0.8622    0.1799   -0.4736
...   124 G-C ...
  -49.0355   45.3963   19.4279
    0.3658    0.1619    0.9165
    0.2747   -0.9597    0.0599
    0.8892    0.2298   -0.3956
...   125 T-A ...
  -46.3121   46.5810   18.2418
    0.4050   -0.3876    0.8281
    0.0578   -0.8931   -0.4462
    0.9125    0.2286   -0.3393
...   126 C-G ...
  -43.3384   47.2501   17.3477
    0.3659   -0.8425    0.3954
   -0.1675   -0.4776   -0.8625
    0.9155    0.2493   -0.3159
...   127 G-C ...
  -40.3911   47.6619   15.7326
    0.1218   -0.9824   -0.1419
   -0.2768    0.1037   -0.9553
    0.9532    0.1556   -0.2593
...   128 A-T ...
  -37.3150   48.1445   14.9578
   -0.0575   -0.7153   -0.6964
   -0.2952    0.6786   -0.6726
    0.9537    0.1669   -0.2502
...   129 C-G ...
  -34.0111   48.0308   14.5344
   -0.2345   -0.2317   -0.9441
   -0.2134    0.9598   -0.1826
    0.9484    0.1587   -0.2745
...   130 C-G ...
  -30.7951   48.1756   13.3809
   -0.3865    0.3274   -0.8622
   -0.0269    0.9305    0.3654
    0.9219    0.1644   -0.3508
...   131 A-T ...
  -27.5941   49.3356   12.9571
   -0.3590    0.8263   -0.4340
    0.1917    0.5204    0.8321
    0.9135    0.2155   -0.3452
...   132 A-T ...
  -24.6311   50.0080   11.7139
   -0.1955    0.9701    0.1436
    0.3613   -0.0649    0.9302
    0.9117    0.2337   -0.3378
...   133 A-T ...
  -21.7930   50.8648   10.2871
    0.0750    0.7452    0.6626
    0.3932   -0.6328    0.6671
    0.9164    0.2105   -0.3404
...   134 T-A ...
  -19.0082   52.0400    8.9384
    0.2450    0.2904    0.9250
    0.3072   -0.9282    0.2101
    0.9196    0.2327   -0.3166
...   135 G-C ...
  -16.4568   53.8979    7.5290
    0.5336   -0.3334    0.7773
    0.0348   -0.9096   -0.4140
    0.8450    0.2479   -0.4738
...   136 T-A ...
  -14.1680   56.5696    6.1949
    0.5795   -0.7269    0.3684
   -0.3140   -0.6163   -0.7222
    0.7521    0.3028   -0.5854
...   137 G-C ...
  -11.6468   58.0145    4.7336
    0.2454   -0.9541   -0.1717
   -0.6318   -0.0231   -0.7748
    0.7352    0.2986   -0.6085
...   138 A-T ...
   -8.6697   58.7287    3.6170
   -0.0344   -0.7815   -0.6230
   -0.6534    0.4892   -0.5777
    0.7562    0.3872   -0.5274
...   139 G-C ...
   -6.3210   59.0878    1.6440
   -0.2967   -0.3277   -0.8970
   -0.5657    0.8170   -0.1114
    0.7694    0.4744   -0.4278
...   140 C-G ...
   -3.4295   60.2435    1.0435
   -0.4424    0.2288   -0.8671
   -0.1682    0.9286    0.3309
    0.8809    0.2922   -0.3723
...   141 G-C ...
   -0.6892   63.9061   -2.2356
   -0.9992    0.0156   -0.0375
   -0.0024    0.8991    0.4378
    0.0405    0.4375   -0.8983
...   142 C-G ...
   -0.9978   65.6135   -4.9249
   -0.8337    0.5217    0.1810
    0.5169    0.6220    0.5881
    0.1942    0.5839   -0.7882
...   143 T-A ...
   -0.1243   66.2248   -7.8041
   -0.3751    0.8568    0.3538
    0.8856    0.2185    0.4098
    0.2739    0.4670   -0.8408
...   144 C-G ...
   -0.1579   67.4195  -10.7921
    0.1799    0.8792    0.4411
    0.9276   -0.3009    0.2214
    0.3274    0.3694   -0.8697
...   145 A-T ...
    0.5354   69.2485  -13.4513
    0.7352    0.4961    0.4620
    0.6117   -0.7791   -0.1369
    0.2921    0.3832   -0.8763
...   146 C-G ...
    1.4422   72.1062  -15.5858
    0.9808    0.0622    0.1849
    0.1266   -0.9240   -0.3608
    0.1484    0.3773   -0.9141
...   147 A-T ...
    2.3152   74.2408  -18.3714
    0.8657   -0.4292   -0.2574
   -0.4984   -0.7868   -0.3642
   -0.0462    0.4436   -0.8950
