  147 base-pairs
...     1 A-T ...
    0.0000    0.0000    0.0000
    1.0000    0.0000    0.0000
    0.0000    1.0000    0.0000
    0.0000    0.0000    1.0000
...     2 G-C ...
   -0.1394   -1.2357    3.2268
    0.7529    0.6366    0.1670
   -0.6386    0.7680   -0.0486
   -0.1592   -0.0700    0.9848
...     3 T-A ...
   -0.0365   -3.2932    6.3751
    0.2722    0.9301    0.2466
   -0.9238    0.3243   -0.2033
   -0.2691   -0.1725    0.9475
...     4 G-C ...
   -0.3505   -4.1660    9.4928
   -0.3756    0.9250    0.0579
   -0.8781   -0.3352   -0.3415
   -0.2965   -0.1791    0.9381
...     5 A-T ...
   -0.4462   -4.1476   12.7498
   -0.8116    0.5840   -0.0165
   -0.5523   -0.7762   -0.3042
   -0.1905   -0.2378    0.9524
...     6 G-C ...
   -1.5908   -4.1730   15.6201
   -0.9976    0.0246   -0.0651
   -0.0043   -0.9555   -0.2950
   -0.0695   -0.2940    0.9533
...     7 C-G ...
   -1.1030   -4.4824   18.7362
   -0.8441   -0.5304   -0.0787
    0.5345   -0.8441   -0.0432
   -0.0435   -0.0785    0.9960
...     8 G-C ...
   -2.4028   -7.7290   23.1475
   -0.2754   -0.3293   -0.9032
    0.6650   -0.7437    0.0684
   -0.6942   -0.5818    0.4238
...     9 C-G ...
   -4.4690   -9.9728   24.1132
    0.1145   -0.7025   -0.7024
    0.8512   -0.2952    0.4340
   -0.5122   -0.6476    0.5642
...    10 T-A ...
   -6.7405  -10.8752   25.9697
    0.4841   -0.8363   -0.2574
    0.6595    0.1553    0.7355
   -0.5751   -0.5258    0.6267
...    11 C-G ...
   -9.1656  -12.6208   27.1640
    0.7073   -0.6682    0.2307
    0.3448    0.6110    0.7126
   -0.6171   -0.4245    0.6626
...    12 A-T ...
  -10.9234  -14.6633   29.0693
    0.7515   -0.1377    0.6452
   -0.2029    0.8824    0.4246
   -0.6277   -0.4500    0.6352
...    13 C-G ...
  -11.8476  -17.4863   31.2451
    0.4295    0.2823    0.8578
   -0.5708    0.8209    0.0156
   -0.6998   -0.4963    0.5137
...    14 A-T ...
  -13.5897  -19.7827   33.4259
   -0.1504    0.6104    0.7777
   -0.6874    0.5008   -0.5260
   -0.7106   -0.6136    0.3443
...    15 A-T ...
  -15.7330  -21.8958   34.6870
   -0.5503    0.7728    0.3160
   -0.4486    0.0456   -0.8926
   -0.7042   -0.6330    0.3216
...    16 T-A ...
  -17.8063  -23.8610   36.3536
   -0.7075    0.6781   -0.1993
   -0.0865   -0.3630   -0.9278
   -0.7014   -0.6391    0.3155
...    17 T-A ...
  -20.0884  -25.8414   37.5614
   -0.6211    0.3291   -0.7112
    0.3562   -0.6899   -0.6303
   -0.6981   -0.6448    0.3113
...    18 T-A ...
  -22.4634  -27.7770   38.6522
   -0.2869   -0.1418   -0.9474
    0.6562   -0.7496   -0.0865
   -0.6979   -0.6466    0.3081
...    19 A-T ...
  -24.5360  -30.2605   39.7091
    0.2200   -0.5809   -0.7837
    0.6777   -0.4868    0.5511
   -0.7016   -0.6524    0.2866
...    20 T-A ...
  -27.2009  -32.1757   40.1118
    0.5412   -0.7516   -0.3772
    0.4594   -0.1114    0.8812
   -0.7043   -0.6502    0.2850
...    21 T-A ...
  -29.5737  -34.3078   40.7883
    0.6958   -0.6813    0.2272
    0.0472    0.3590    0.9321
   -0.7167   -0.6379    0.2820
...    22 C-G ...
  -31.8861  -36.5165   41.6582
    0.5892   -0.3071    0.7473
   -0.3957    0.6967    0.5983
   -0.7044   -0.6483    0.2890
...    23 G-C ...
  -34.4392  -38.4155   42.8567
    0.3050    0.2204    0.9265
   -0.6810    0.7306    0.0503
   -0.6658   -0.6463    0.3729
...    24 C-G ...
  -36.3374  -40.8403   44.1834
   -0.1083    0.6221    0.7754
   -0.7354    0.4747   -0.4836
   -0.6689   -0.6226    0.4061
...    25 A-T ...
  -38.7879  -42.8285   45.3573
   -0.4631    0.8367    0.2924
   -0.5377   -0.0030   -0.8431
   -0.7046   -0.5477    0.4513
...    26 A-T ...
  -41.0003  -44.5435   47.0090
   -0.6873    0.6765   -0.2647
   -0.1610   -0.4971   -0.8526
   -0.7084   -0.5434    0.4505
...    27 A-T ...
  -43.3321  -46.1423   48.6125
   -0.6473    0.2535   -0.7188
    0.2720   -0.8041   -0.5286
   -0.7120   -0.5377    0.4516
...    28 G-C ...
  -45.8925  -47.6790   50.1067
   -0.3460   -0.2059   -0.9154
    0.5694   -0.8215   -0.0304
   -0.7457   -0.5317    0.4014
...    29 G-C ...
  -48.6334  -49.3672   51.1857
    0.0902   -0.6027   -0.7929
    0.6385   -0.5760    0.5105
   -0.7644   -0.5522    0.3329
...    30 C-G ...
  -51.4013  -51.1309   51.9061
    0.4581   -0.8092   -0.3678
    0.4607   -0.1377    0.8768
   -0.7602   -0.5711    0.3098
...    31 C-G ...
  -53.9894  -53.2134   52.6629
    0.6833   -0.7069    0.1827
    0.1016    0.3399    0.9350
   -0.7230   -0.6203    0.3040
...    32 G-C ...
  -56.4368  -55.1139   54.0597
    0.6743   -0.3134    0.6686
   -0.3248    0.6873    0.6498
   -0.6632   -0.6553    0.3617
...    33 G-C ...
  -58.5636  -57.5354   55.1556
    0.4255    0.1862    0.8856
   -0.6494    0.7444    0.1555
   -0.6303   -0.6412    0.4377
...    34 C-G ...
  -60.3306  -59.9577   56.6310
    0.0230    0.6078    0.7937
   -0.7755    0.5119   -0.3695
   -0.6309   -0.6071    0.4831
...    35 C-G ...
  -62.2556  -62.0435   58.4781
   -0.3473    0.8495    0.3972
   -0.6689    0.0724   -0.7398
   -0.6572   -0.5226    0.5431
...    36 C-G ...
  -64.4017  -63.6046   60.5663
   -0.5933    0.7924   -0.1415
   -0.3847   -0.4336   -0.8149
   -0.7071   -0.4290    0.5621
...    37 G-C ...
  -67.0753  -65.0687   62.0729
   -0.6210    0.4396   -0.6489
   -0.0213   -0.8371   -0.5466
   -0.7835   -0.3256    0.5293
...    38 A-T ...
  -69.7756  -66.0192   63.7303
   -0.4876   -0.1577   -0.8587
    0.3367   -0.9414   -0.0183
   -0.8055   -0.2980    0.5122
...    39 C-G ...
  -72.7653  -66.4616   65.1888
   -0.2183   -0.6472   -0.7304
    0.5307   -0.7068    0.4677
   -0.8190   -0.2855    0.4977
...    40 A-T ...
  -75.3009  -67.6716   67.0217
    0.1839   -0.9332   -0.3089
    0.5329   -0.1694    0.8291
   -0.8259   -0.3171    0.4661
...    41 C-G ...
  -78.3300  -68.8052   67.9931
    0.4446   -0.8722    0.2038
    0.3438    0.3763    0.8604
   -0.8271   -0.3125    0.4672
...    42 G-C ...
  -81.0444  -69.5291   69.9044
    0.6234   -0.4536    0.6369
    0.0248    0.8256    0.5638
   -0.7815   -0.3356    0.5259
...    43 A-T ...
  -83.6929  -70.6678   71.5195
    0.5352    0.1536    0.8306
   -0.3423    0.9384    0.0471
   -0.7722   -0.3096    0.5548
...    44 C-G ...
  -85.9298  -72.2147   73.4155
    0.3021    0.6500    0.6973
   -0.5737    0.7081   -0.4116
   -0.7613   -0.2757    0.5869
...    45 T-A ...
  -88.2428  -73.1800   75.5980
    0.0158    0.9532    0.3018
   -0.6607    0.2366   -0.7124
   -0.7505   -0.1881    0.6335
...    46 T-A ...
  -90.5623  -73.7192   77.7851
   -0.3309    0.9232   -0.1955
   -0.5617   -0.3592   -0.7453
   -0.7583   -0.1368    0.6374
...    47 A-T ...
  -93.2755  -74.0906   79.7371
   -0.5370    0.5202   -0.6641
   -0.2868   -0.8529   -0.4362
   -0.7934   -0.0438    0.6072
...    48 C-G ...
  -95.8422  -73.5446   81.7855
   -0.5881   -0.0260   -0.8084
    0.0195   -0.9996    0.0179
   -0.8086   -0.0052    0.5884
...    49 T-A ...
  -98.6981  -73.2723   83.5061
   -0.4572   -0.5821   -0.6724
    0.3018   -0.8127    0.4984
   -0.8366    0.0249    0.5473
...    50 G-C ...
 -101.3780  -73.5778   85.5043
   -0.1579   -0.9617   -0.2243
    0.4922   -0.2735    0.8264
   -0.8561    0.0201    0.5165
...    51 T-A ...
 -104.5615  -73.5144   86.6758
    0.1297   -0.9502    0.2835
    0.5058    0.3093    0.8053
   -0.8528    0.0390    0.5207
...    52 A-T ...
 -107.1823  -72.6635   88.8040
    0.3675   -0.4531    0.8122
    0.3280    0.8803    0.3427
   -0.8702    0.1405    0.4722
...    53 G-C ...
 -110.1501  -72.4258   90.3397
    0.5408    0.1091    0.8340
    0.0939    0.9775   -0.1887
   -0.8359    0.1804    0.5184
...    54 G-C ...
 -113.0467  -72.0411   92.0756
    0.5895    0.6176    0.5206
   -0.2109    0.7398   -0.6389
   -0.7797    0.2668    0.5664
...    55 T-A ...
 -115.3152  -71.4518   94.3894
    0.4385    0.8969    0.0570
   -0.4922    0.2928   -0.8197
   -0.7519    0.3314    0.5699
...    56 A-T ...
 -117.7064  -70.0948   96.3071
    0.1919    0.8322   -0.5202
   -0.6934   -0.2601   -0.6720
   -0.6945    0.4897    0.5271
...    57 T-A ...
 -119.4448  -68.1569   98.2796
   -0.1657    0.5622   -0.8102
   -0.7094   -0.6386   -0.2981
   -0.6850    0.5254    0.5047
...    58 C-G ...
 -121.7187  -66.2385   99.6792
   -0.5372    0.0435   -0.8423
   -0.5045   -0.8169    0.2796
   -0.6759    0.5751    0.4608
...    59 T-A ...
 -123.9652  -64.0620  100.8601
   -0.7098   -0.4379   -0.5517
   -0.1615   -0.6612    0.7326
   -0.6856    0.6091    0.3986
...    60 C-G ...
 -126.3650  -62.0612  102.0060
   -0.6763   -0.7356    0.0394
    0.3013   -0.2274    0.9260
   -0.6722    0.6381    0.3755
...    61 G-C ...
 -128.3979  -59.9551  103.7382
   -0.3437   -0.7279    0.5933
    0.6446    0.2766    0.7127
   -0.6829    0.6274    0.3741
...    62 A-T ...
 -130.6958  -57.7855  104.7938
    0.1249   -0.3825    0.9155
    0.7412    0.6493    0.1701
   -0.6595    0.6573    0.3646
...    63 G-C ...
 -133.0707  -55.7420  105.9820
    0.5528    0.0153    0.8332
    0.5693    0.7231   -0.3911
   -0.6085    0.6905    0.3910
...    64 C-G ...
 -135.3552  -53.7448  107.3946
    0.8161    0.3727    0.4416
    0.1777    0.5652   -0.8056
   -0.5498    0.7360    0.3950
...    65 T-A ...
 -137.0591  -51.3593  108.9515
    0.8380    0.5344   -0.1105
   -0.2955    0.2741   -0.9152
   -0.4587    0.7996    0.3876
...    66 C-G ...
 -138.4480  -48.6825  110.2076
    0.5402    0.5165   -0.6644
   -0.7436   -0.0768   -0.6642
   -0.3940    0.8529    0.3426
...    67 G-C ...
 -139.8065  -45.6384  110.8555
    0.0864    0.2361   -0.9679
   -0.9509   -0.2704   -0.1509
   -0.2973    0.9334    0.2011
...    68 G-C ...
 -140.5058  -42.3141  110.9580
   -0.4335   -0.0443   -0.9001
   -0.8613   -0.2733    0.4283
   -0.2649    0.9609    0.0804
...    69 G-C ...
 -141.4341  -39.0461  110.5896
   -0.8326   -0.2459   -0.4963
   -0.4821   -0.1193    0.8680
   -0.2726    0.9619   -0.0192
...    70 A-T ...
 -142.4343  -35.8688  110.3296
   -0.9576   -0.2406    0.1583
    0.1400    0.0915    0.9859
   -0.2517    0.9663   -0.0539
...    71 T-A ...
 -143.4691  -32.8013  109.4686
   -0.7423   -0.0978    0.6629
    0.6383    0.1978    0.7439
   -0.2039    0.9753   -0.0845
...    72 C-G ...
 -144.1671  -29.5596  109.0441
   -0.1765    0.0761    0.9813
    0.9689    0.1891    0.1596
   -0.1734    0.9790   -0.1072
...    73 C-G ...
 -144.9591  -26.2812  108.5083
    0.4263    0.1151    0.8972
    0.8966    0.0775   -0.4359
   -0.1198    0.9903   -0.0702
...    74 G-C ...
 -145.0938  -22.9574  107.7269
    0.8777    0.0161    0.4789
    0.4790   -0.0546   -0.8761
    0.0120    0.9984   -0.0557
...    75 C-G ...
 -145.2154  -19.6405  107.9211
    0.9918   -0.0947   -0.0855
   -0.0926   -0.0727   -0.9930
    0.0878    0.9928   -0.0809
...    76 T-A ...
 -144.6453  -16.3803  107.8404
    0.7692   -0.2321   -0.5954
   -0.6099    0.0119   -0.7924
    0.1910    0.9726   -0.1324
...    77 T-A ...
 -143.8192  -13.2911  107.4095
    0.2684   -0.2468   -0.9312
   -0.9348    0.1667   -0.3136
    0.2326    0.9546   -0.1859
...    78 T-A ...
 -142.8456  -10.2882  106.6975
   -0.3296   -0.1381   -0.9340
   -0.9097    0.3111    0.2750
    0.2526    0.9403   -0.2281
...    79 A-T ...
 -142.2767   -7.0496  105.8919
   -0.8364    0.0804   -0.5421
   -0.4783    0.3759    0.7937
    0.2676    0.9232   -0.2759
...    80 A-T ...
 -141.3298   -4.1623  104.6851
   -0.9401    0.3398    0.0268
    0.1215    0.2607    0.9577
    0.3185    0.9036   -0.2864
...    81 C-G ...
 -140.5227   -1.2726  103.1095
   -0.7096    0.4461    0.5454
    0.6239    0.0381    0.7805
    0.3274    0.8942   -0.3054
...    82 A-T ...
 -139.0356    1.6038  102.2765
   -0.1790    0.3559    0.9172
    0.9260   -0.2539    0.2793
    0.3323    0.8994   -0.2841
...    83 C-G ...
 -138.5011    4.7560  101.2440
    0.3578    0.1553    0.9208
    0.8650   -0.4265   -0.2642
    0.3517    0.8911   -0.2869
...    84 T-A ...
 -137.4796    7.8288  100.4367
    0.7527   -0.1581    0.6391
    0.5169   -0.4594   -0.7224
    0.4078    0.8741   -0.2640
...    85 T-A ...
 -136.2179   10.7256   99.7174
    0.8989   -0.4241    0.1098
   -0.0233   -0.2966   -0.9547
    0.4374    0.8557   -0.2765
...    86 T-A ...
 -134.7068   13.4808   98.9634
    0.6978   -0.5635   -0.4423
   -0.5337    0.0030   -0.8457
    0.4778    0.8261   -0.2987
...    87 A-T ...
 -132.9006   16.0530   97.8077
    0.1848   -0.5692   -0.8012
   -0.8123    0.3705   -0.4505
    0.5533    0.7340   -0.3939
...    88 T-A ...
 -130.5596   18.0187   96.6223
   -0.2710   -0.3170   -0.9089
   -0.7815    0.6237    0.0156
    0.5619    0.7146   -0.4167
...    89 G-C ...
 -128.9613   20.4482   94.9324
   -0.7277    0.0519   -0.6839
   -0.4333    0.7382    0.5171
    0.5317    0.6726   -0.5147
...    90 C-G ...
 -127.2674   22.3957   92.7808
   -0.8555    0.4483   -0.2590
    0.0765    0.6042    0.7932
    0.5121    0.6588   -0.5512
...    91 T-A ...
 -125.7454   24.4737   90.6282
   -0.6736    0.6993    0.2394
    0.5580    0.2687    0.7852
    0.4847    0.6625   -0.5711
...    92 T-A ...
 -124.3230   26.5165   88.5016
   -0.1708    0.7566    0.6312
    0.8420   -0.2207    0.4924
    0.5118    0.6155   -0.5994
...    93 C-G ...
 -122.6896   28.5328   86.4261
    0.3844    0.4552    0.8031
    0.7577   -0.6526    0.0073
    0.5274    0.6057   -0.5958
...    94 T-A ...
 -121.0637   30.7558   84.5315
    0.7125   -0.0156    0.7015
    0.4126   -0.7993   -0.4369
    0.5676    0.6007   -0.5631
...    95 C-G ...
 -119.2207   32.7680   82.6749
    0.7903   -0.5242    0.3173
   -0.1106   -0.6313   -0.7676
    0.6027    0.5715   -0.5569
...    96 A-T ...
 -117.2108   34.4850   80.5916
    0.4979   -0.8580   -0.1265
   -0.5379   -0.1912   -0.8210
    0.6802    0.4768   -0.5567
...    97 T-A ...
 -114.5724   35.9324   79.2838
    0.1339   -0.8448   -0.5180
   -0.7128    0.2810   -0.6426
    0.6885    0.4553   -0.5645
...    98 G-C ...
 -112.4132   37.2832   77.0803
   -0.3837   -0.5643   -0.7309
   -0.6206    0.7438   -0.2485
    0.6839    0.3582   -0.6356
...    99 T-A ...
 -109.9348   37.8260   74.9239
   -0.6786   -0.0814   -0.7300
   -0.2999    0.9379    0.1743
    0.6705    0.3372   -0.6608
...   100 T-A ...
 -107.7223   38.6498   72.6752
   -0.7088    0.4977   -0.4998
    0.1649    0.8059    0.5687
    0.6858    0.3207   -0.6533
...   101 A-T ...
 -105.1706   39.9656   70.8195
   -0.3892    0.9208   -0.0238
    0.5905    0.2693    0.7608
    0.7069    0.2821   -0.6486
...   102 T-A ...
 -103.3293   40.8202   68.1898
   -0.0043    0.9305    0.3663
    0.7025   -0.2579    0.6633
    0.7117    0.2602   -0.6525
...   103 A-T ...
 -100.5739   41.2460   66.1946
    0.4902    0.5302    0.6919
    0.5090   -0.8185    0.2666
    0.7076    0.2215   -0.6710
...   104 A-T ...
  -98.3762   42.1669   63.9739
    0.7052   -0.0556    0.7068
    0.1090   -0.9765   -0.1857
    0.7006    0.2080   -0.6826
...   105 C-G ...
  -96.0231   43.4070   61.9795
    0.6296   -0.5826    0.5140
   -0.2885   -0.7896   -0.5416
    0.7214    0.1927   -0.6652
...   106 G-C ...
  -93.7064   43.6750   59.5107
    0.2593   -0.9485    0.1821
   -0.5796   -0.3036   -0.7562
    0.7725    0.0906   -0.6285
...   107 G-C ...
  -90.9122   43.7860   57.6051
   -0.1805   -0.9592   -0.2178
   -0.6031    0.2828   -0.7458
    0.7769   -0.0033   -0.6296
...   108 A-T ...
  -88.3361   43.6307   55.5485
   -0.5350   -0.5913   -0.6034
   -0.3559    0.8055   -0.4738
    0.7662   -0.0387   -0.6414
...   109 C-G ...
  -85.7515   42.8481   53.5830
   -0.6609   -0.0591   -0.7482
    0.0044    0.9966   -0.0826
    0.7505   -0.0579   -0.6583
...   110 G-C ...
  -83.2977   43.0355   51.2471
   -0.5994    0.5373   -0.5933
    0.4188    0.8422    0.3397
    0.6822   -0.0449   -0.7298
...   111 G-C ...
  -81.2199   42.7548   48.5647
   -0.3034    0.9210   -0.2444
    0.6986    0.3894    0.6003
    0.6481    0.0114   -0.7615
...   112 C-G ...
  -79.3985   42.7640   45.7509
    0.1206    0.9786    0.1664
    0.7519   -0.1995    0.6283
    0.6481    0.0494   -0.7599
...   113 T-A ...
  -77.4352   43.1454   43.0732
    0.4798    0.7013    0.5272
    0.5714   -0.7057    0.4188
    0.6658    0.1003   -0.7394
...   114 C-G ...
  -75.2482   43.5509   40.6336
    0.7061    0.1247    0.6971
    0.1662   -0.9861    0.0081
    0.6884    0.1101   -0.7169
...   115 G-C ...
  -72.8295   43.4782   38.2493
    0.5930   -0.4812    0.6456
   -0.2501   -0.8722   -0.4204
    0.7654    0.0878   -0.6376
...   116 T-A ...
  -70.0361   44.1440   36.5727
    0.3395   -0.8795    0.3334
   -0.5249   -0.4713   -0.7088
    0.7805    0.0656   -0.6217
...   117 A-T ...
  -67.6653   44.2378   34.1319
   -0.0845   -0.9754   -0.2034
   -0.6119    0.2119   -0.7620
    0.7864    0.0601   -0.6148
...   118 T-A ...
  -64.7339   44.0969   32.6019
   -0.3849   -0.7195   -0.5781
   -0.4761    0.6914   -0.5434
    0.7907    0.0660   -0.6087
...   119 A-T ...
  -62.2083   44.7421   30.3984
   -0.5827   -0.0835   -0.8084
   -0.1090    0.9937   -0.0241
    0.8053    0.0741   -0.5882
...   120 A-T ...
  -59.5955   44.7134   28.4428
   -0.5126    0.5253   -0.6792
    0.2489    0.8480    0.4679
    0.8218    0.0708   -0.5654
...   121 T-A ...
  -57.1785   44.4637   26.1904
   -0.2999    0.8921   -0.3380
    0.4743    0.4468    0.7586
    0.8278    0.0672   -0.5571
...   122 G-C ...
  -54.3053   44.8492   24.4937
   -0.0377    0.9729    0.2280
    0.5720   -0.1661    0.8033
    0.8194    0.1607   -0.5503
...   123 T-A ...
  -51.9760   45.6592   22.2604
    0.2448    0.7227    0.6463
    0.5010   -0.6650    0.5539
    0.8301    0.1882   -0.5249
...   124 G-C ...
  -49.0287   46.1936   20.7323
    0.3972    0.1722    0.9014
    0.2891   -0.9557    0.0552
    0.8710    0.2387   -0.4294
...   125 T-A ...
  -46.2663   47.5643   19.5302
    0.4541   -0.3790    0.8063
    0.0416   -0.8950   -0.4442
    0.8900    0.2353   -0.3906
...   126 C-G ...
  -43.2643   48.3053   18.4028
    0.3576   -0.8503    0.3861
   -0.2159   -0.4775   -0.8517
    0.9086    0.2212   -0.3543
...   127 G-C ...
  -40.2387   48.6533   16.8916
    0.0885   -0.9836   -0.1574
   -0.3253    0.1208   -0.9379
    0.9415    0.1342   -0.3092
...   128 A-T ...
  -37.0814   48.9681   15.9258
   -0.1331   -0.7013   -0.7003
   -0.2945    0.7027   -0.6477
    0.9463    0.1200   -0.3000
...   129 C-G ...
  -33.8061   48.7674   15.1703
   -0.2737   -0.1999   -0.9408
   -0.1669    0.9732   -0.1582
    0.9472    0.1137   -0.2997
...   130 C-G ...
  -30.5912   48.8725   14.0447
   -0.3713    0.3853   -0.8448
    0.0258    0.9137    0.4055
    0.9281    0.1287   -0.3493
...   131 A-T ...
  -27.4404   49.5031   13.0796
   -0.3516    0.8446   -0.4037
    0.2416    0.4985    0.8325
    0.9044    0.1952   -0.3794
...   132 A-T ...
  -24.5723   50.0588   11.6489
   -0.1479    0.9754    0.1638
    0.3867   -0.0954    0.9173
    0.9103    0.1990   -0.3630
...   133 A-T ...
  -21.7079   50.7907   10.3145
    0.0785    0.7322    0.6766
    0.3980   -0.6452    0.6521
    0.9140    0.2180   -0.3421
...   134 T-A ...
  -19.0084   52.0403    8.9384
    0.2450    0.2904    0.9250
    0.3072   -0.9282    0.2101
    0.9196    0.2327   -0.3166
...   135 G-C ...
  -16.4570   53.8981    7.5291
    0.5336   -0.3334    0.7773
    0.0348   -0.9096   -0.4140
    0.8450    0.2479   -0.4738
...   136 T-A ...
  -14.1681   56.5699    6.1949
    0.5795   -0.7269    0.3684
   -0.3140   -0.6163   -0.7222
    0.7521    0.3028   -0.5854
...   137 G-C ...
  -11.6469   58.0147    4.7337
    0.2454   -0.9541   -0.1717
   -0.6318   -0.0231   -0.7748
    0.7352    0.2986   -0.6085
...   138 A-T ...
   -8.6698   58.7290    3.6171
   -0.0344   -0.7815   -0.6230
   -0.6534    0.4892   -0.5777
    0.7562    0.3872   -0.5274
...   139 G-C ...
   -6.3211   59.0880    1.6441
   -0.2967   -0.3277   -0.8970
   -0.5657    0.8170   -0.1114
    0.7694    0.4744   -0.4278
...   140 C-G ...
   -3.4296   60.2438    1.0435
   -0.4424    0.2288   -0.8671
   -0.1682    0.9286    0.3309
    0.8809    0.2922   -0.3723
...   141 G-C ...
   -0.6894   63.9064   -2.2356
   -0.9992    0.0156   -0.0375
   -0.0024    0.8991    0.4378
    0.0405    0.4375   -0.8983
...   142 C-G ...
   -0.9980   65.6138   -4.9249
   -0.8337    0.5217    0.1810
    0.5169    0.6220    0.5881
    0.1942    0.5839   -0.7882
...   143 T-A ...
   -0.1245   66.2251   -7.8041
   -0.3751    0.8568    0.3538
    0.8856    0.2185    0.4098
    0.2739    0.4670   -0.8408
...   144 C-G ...
   -0.1580   67.4198  -10.7921
    0.1799    0.8792    0.4411
    0.9276   -0.3009    0.2214
    0.3274    0.3694   -0.8697
...   145 A-T ...
    0.5352   69.2488  -13.4513
    0.7352    0.4961    0.4620
    0.6117   -0.7791   -0.1369
    0.2921    0.3832   -0.8763
...   146 C-G ...
    1.4421   72.1065  -15.5858
    0.9808    0.0622    0.1849
    0.1266   -0.9240   -0.3608
    0.1484    0.3773   -0.9141
...   147 A-T ...
    2.3150   74.2411  -18.3714
    0.8657   -0.4292   -0.2574
   -0.4984   -0.7868   -0.3642
   -0.0462    0.4436   -0.8950
