  147 base-pairs
...     1 A-T ...
    0.0000    0.0000    0.0000
    1.0000    0.0000    0.0000
    0.0000    1.0000    0.0000
    0.0000    0.0000    1.0000
...     2 G-C ...
   -0.1394   -1.2357    3.2268
    0.7529    0.6366    0.1670
   -0.6386    0.7680   -0.0486
   -0.1592   -0.0700    0.9848
...     3 T-A ...
   -0.0365   -3.2932    6.3751
    0.2722    0.9301    0.2466
   -0.9238    0.3243   -0.2033
   -0.2691   -0.1725    0.9475
...     4 G-C ...
   -0.3505   -4.1660    9.4928
   -0.3756    0.9250    0.0579
   -0.8781   -0.3352   -0.3415
   -0.2965   -0.1791    0.9381
...     5 A-T ...
   -0.4462   -4.1476   12.7498
   -0.8116    0.5840   -0.0165
   -0.5523   -0.7762   -0.3042
   -0.1905   -0.2378    0.9524
...     6 G-C ...
   -1.5908   -4.1730   15.6201
   -0.9976    0.0246   -0.0651
   -0.0043   -0.9555   -0.2950
   -0.0695   -0.2940    0.9533
...     7 C-G ...
   -1.1030   -4.4824   18.7362
   -0.8441   -0.5304   -0.0787
    0.5345   -0.8441   -0.0432
   -0.0435   -0.0785    0.9960
...     8 G-C ...
   -2.4028   -7.7290   23.1475
   -0.2754   -0.3293   -0.9032
    0.6650   -0.7437    0.0684
   -0.6942   -0.5818    0.4238
...     9 C-G ...
   -4.4690   -9.9728   24.1132
    0.1145   -0.7025   -0.7024
    0.8512   -0.2952    0.4340
   -0.5122   -0.6476    0.5642
...    10 T-A ...
   -6.7405  -10.8752   25.9697
    0.4841   -0.8363   -0.2574
    0.6595    0.1553    0.7355
   -0.5751   -0.5258    0.6267
...    11 C-G ...
   -9.1656  -12.6208   27.1640
    0.7073   -0.6682    0.2307
    0.3448    0.6110    0.7126
   -0.6171   -0.4245    0.6626
...    12 A-T ...
  -10.9234  -14.6633   29.0693
    0.7515   -0.1377    0.6452
   -0.2029    0.8824    0.4246
   -0.6277   -0.4500    0.6352
...    13 C-G ...
  -11.8476  -17.4863   31.2451
    0.4295    0.2823    0.8578
   -0.5708    0.8209    0.0156
   -0.6998   -0.4963    0.5137
...    14 A-T ...
  -13.5897  -19.7827   33.4259
   -0.1504    0.6104    0.7777
   -0.6874    0.5008   -0.5260
   -0.7106   -0.6136    0.3443
...    15 A-T ...
  -15.7292  -21.8951   34.6888
   -0.5451    0.7747    0.3205
   -0.4510    0.0513   -0.8910
   -0.7067   -0.6303    0.3214
...    16 T-A ...
  -17.8075  -23.8505   36.3516
   -0.7009    0.6871   -0.1914
   -0.0947   -0.3556   -0.9298
   -0.7070   -0.6336    0.3143
...    17 T-A ...
  -20.1096  -25.8064   37.5505
   -0.6176    0.3513   -0.7036
    0.3399   -0.6876   -0.6416
   -0.7092   -0.6354    0.3053
...    18 T-A ...
  -22.5214  -27.7046   38.6133
   -0.2931   -0.1116   -0.9495
    0.6367   -0.7637   -0.1068
   -0.7132   -0.6358    0.2950
...    19 A-T ...
  -24.7150  -30.1037   39.5544
    0.2021   -0.5462   -0.8129
    0.6642   -0.5336    0.5236
   -0.7198   -0.6457    0.2549
...    20 T-A ...
  -27.4308  -31.9589   39.8599
    0.5180   -0.7447   -0.4209
    0.4580   -0.1741    0.8717
   -0.7224   -0.6443    0.2509
...    21 T-A ...
  -29.8635  -34.0572   40.4115
    0.6752   -0.7152    0.1808
    0.0621    0.2993    0.9521
   -0.7350   -0.6316    0.2465
...    22 C-G ...
  -32.2287  -36.2511   41.1515
    0.5825   -0.3754    0.7209
   -0.3695    0.6677    0.6463
   -0.7240   -0.6429    0.2502
...    23 G-C ...
  -34.8294  -38.1382   42.2322
    0.3180    0.1420    0.9374
   -0.6540    0.7487    0.1085
   -0.6864   -0.6475    0.3309
...    24 C-G ...
  -36.8071  -40.5830   43.3841
   -0.0786    0.5652    0.8212
   -0.7195    0.5380   -0.4391
   -0.6900   -0.6254    0.3644
...    25 A-T ...
  -39.3048  -42.5711   44.4327
   -0.4224    0.8298    0.3646
   -0.5449    0.0889   -0.8338
   -0.7243   -0.5509    0.4146
...    26 A-T ...
  -41.5732  -44.3127   45.9717
   -0.6542    0.7305   -0.1961
   -0.1947   -0.4132   -0.8896
   -0.7309   -0.5437    0.4125
...    27 A-T ...
  -43.9692  -45.9175   47.4628
   -0.6370    0.3566   -0.6835
    0.2195   -0.7660   -0.6042
   -0.7390   -0.5349    0.4097
...    28 G-C ...
  -46.6021  -47.4246   48.8373
   -0.3645   -0.0888   -0.9270
    0.5149   -0.8486   -0.1212
   -0.7759   -0.5215    0.3550
...    29 G-C ...
  -49.4494  -49.0243   49.7461
    0.0451   -0.5151   -0.8559
    0.5995   -0.6715    0.4356
   -0.7991   -0.5328    0.2785
...    30 C-G ...
  -52.3209  -50.6720   50.2722
    0.3984   -0.7900   -0.4661
    0.4521   -0.2730    0.8491
   -0.7980   -0.5490    0.2484
...    31 C-G ...
  -55.0290  -52.6690   50.7838
    0.6297   -0.7721    0.0856
    0.1268    0.2109    0.9692
   -0.7664   -0.5994    0.2307
...    32 G-C ...
  -57.5851  -54.5624   51.9542
    0.6465   -0.4500    0.6161
   -0.2740    0.6167    0.7379
   -0.7120   -0.6459    0.2754
...    33 G-C ...
  -59.8849  -56.9499   52.7254
    0.4338    0.0273    0.9006
   -0.5902    0.7638    0.2612
   -0.6807   -0.6449    0.3475
...    34 C-G ...
  -61.8514  -59.4075   53.8448
    0.0661    0.4840    0.8726
   -0.7290    0.6206   -0.2890
   -0.6814   -0.6170    0.3938
...    35 C-G ...
  -63.9403  -61.6019   55.3609
   -0.2772    0.8077    0.5204
   -0.6526    0.2392   -0.7189
   -0.7052   -0.5389    0.4608
...    36 C-G ...
  -66.2086  -63.3002   57.1961
   -0.5156    0.8567   -0.0160
   -0.4112   -0.2637   -0.8726
   -0.7517   -0.4433    0.4882
...    37 G-C ...
  -69.0034  -64.7330   58.4682
   -0.5590    0.6018   -0.5703
   -0.0924   -0.7288   -0.6785
   -0.8240   -0.3266    0.4630
...    38 A-T ...
  -71.8145  -65.6586   59.9224
   -0.4759    0.0481   -0.8782
    0.2360   -0.9549   -0.1802
   -0.8473   -0.2930    0.4431
...    39 C-G ...
  -74.8682  -66.0168   61.2346
   -0.2614   -0.4746   -0.8405
    0.4341   -0.8355    0.3367
   -0.8621   -0.2769    0.4244
...    40 A-T ...
  -77.6042  -67.2437   62.7266
    0.0928   -0.8703   -0.4837
    0.4750   -0.3883    0.7897
   -0.8751   -0.3031    0.3773
...    41 C-G ...
  -80.7724  -68.1986   63.3794
    0.3340   -0.9420    0.0313
    0.3437    0.1526    0.9266
   -0.8777   -0.2988    0.3747
...    42 G-C ...
  -83.6139  -68.9990   65.0404
    0.5313   -0.6483    0.5454
    0.0864    0.6819    0.7263
   -0.8428   -0.3387    0.4183
...    43 A-T ...
  -86.4597  -70.1250   66.2866
    0.4959   -0.0927    0.8634
   -0.2345    0.9431    0.2359
   -0.8361   -0.3194    0.4460
...    44 C-G ...
  -88.9805  -71.7439   67.7177
    0.3270    0.4419    0.8353
   -0.4576    0.8474   -0.2692
   -0.8268   -0.2943    0.4794
...    45 T-A ...
  -91.5370  -72.8584   69.5240
    0.1065    0.8537    0.5097
   -0.5715    0.4721   -0.6712
   -0.8136   -0.2199    0.5382
...    46 T-A ...
  -94.0610  -73.5584   71.4175
   -0.1967    0.9805    0.0057
   -0.5396   -0.1034   -0.8355
   -0.8186   -0.1674    0.5494
...    47 A-T ...
  -96.8915  -73.9063   73.1732
   -0.3802    0.7421   -0.5520
   -0.3667   -0.6689   -0.6466
   -0.8491   -0.0434    0.5265
...    48 C-G ...
  -99.5290  -73.4129   75.1153
   -0.4886    0.2678   -0.8304
   -0.1393   -0.9635   -0.2288
   -0.8613    0.0039    0.5080
...    49 T-A ...
 -102.4813  -73.0320   76.6161
   -0.4531   -0.3105   -0.8356
    0.1019   -0.9493    0.2975
   -0.8856    0.0497    0.4617
...    50 G-C ...
 -105.4406  -73.3025   78.1722
   -0.2731   -0.8296   -0.4871
    0.3182   -0.5557    0.7681
   -0.9079    0.0547    0.4157
...    51 T-A ...
 -108.7086  -72.9471   78.9815
   -0.0665   -0.9974    0.0277
    0.4189   -0.0028    0.9080
   -0.9056    0.0720    0.4180
...    52 A-T ...
 -111.4477  -72.1623   80.9883
    0.1465   -0.6979    0.7010
    0.4046    0.6890    0.6014
   -0.9027    0.1955    0.3833
...    53 G-C ...
 -114.5606  -71.7139   82.1451
    0.3910   -0.2035    0.8976
    0.2841    0.9543    0.0926
   -0.8755    0.2188    0.4309
...    54 G-C ...
 -117.6442  -71.1747   83.4803
    0.5697    0.3445    0.7462
    0.0390    0.8956   -0.4432
   -0.8210    0.2816    0.4967
...    55 T-A ...
 -120.2152  -70.7024   85.4938
    0.5564    0.7482    0.3614
   -0.2625    0.5709   -0.7780
   -0.7884    0.3380    0.5140
...    56 A-T ...
 -122.6725  -69.4087   87.3631
    0.4435    0.8648   -0.2355
   -0.5640    0.0650   -0.8232
   -0.6966    0.4979    0.5165
...    57 T-A ...
 -124.4356  -67.6448   89.4594
    0.1283    0.7544   -0.6437
   -0.7248   -0.3717   -0.5801
   -0.6769    0.5410    0.4991
...    58 C-G ...
 -126.5815  -65.6357   90.8975
   -0.2928    0.3559   -0.8875
   -0.6974   -0.7144   -0.0565
   -0.6541    0.6024    0.4574
...    59 T-A ...
 -128.6132  -63.3058   92.1301
   -0.6001   -0.1239   -0.7903
   -0.4692   -0.7457    0.4731
   -0.6479    0.6547    0.3894
...    60 C-G ...
 -130.8692  -61.1100   93.1701
   -0.7751   -0.5430   -0.3230
   -0.0240   -0.4856    0.8738
   -0.6313    0.6851    0.3634
...    61 A-T ...
 -132.9167  -58.9904   94.7455
   -0.6216   -0.7282    0.2888
    0.4518   -0.0320    0.8916
   -0.6400    0.6846    0.3489
...    62 T-A ...
 -135.3894  -56.8012   95.2948
   -0.3152   -0.5940    0.7402
    0.7290    0.3479    0.5895
   -0.6077    0.7254    0.3234
...    63 G-C ...
 -137.0902  -54.1584   96.4417
    0.2221   -0.2926    0.9301
    0.7866    0.6175    0.0064
   -0.5762    0.7302    0.3673
...    64 T-A ...
 -139.4199  -52.1449   97.7514
    0.6326    0.0637    0.7718
    0.5586    0.6527   -0.5118
   -0.5364    0.7549    0.3773
...    65 T-A ...
 -141.2203  -49.7973   99.0658
    0.8638    0.3927    0.3156
    0.0999    0.4804   -0.8714
   -0.4938    0.7842    0.3757
...    66 A-T ...
 -142.6327  -47.1123  100.4787
    0.8494    0.4350   -0.2989
   -0.4173    0.2066   -0.8850
   -0.3232    0.8764    0.3570
...    67 T-A ...
 -143.1856  -44.3325  102.0701
    0.5406    0.4299   -0.7232
   -0.7938   -0.0242   -0.6077
   -0.2788    0.9026    0.3281
...    68 A-T ...
 -143.8560  -41.1542  102.8787
    0.0221    0.1983   -0.9799
   -0.9798   -0.1906   -0.0606
   -0.1988    0.9614    0.1900
...    69 A-T ...
 -144.2701  -37.9650  103.3096
   -0.5533    0.0437   -0.8318
   -0.8156   -0.2313    0.5304
   -0.1692    0.9719    0.1636
...    70 C-G ...
 -144.4599  -34.6085  103.2363
   -0.9096   -0.0869   -0.4063
   -0.3872   -0.1777    0.9047
   -0.1509    0.9802    0.1280
...    71 G-C ...
 -145.2763  -31.4118  104.0431
   -0.9577   -0.1858    0.2197
    0.2291   -0.0307    0.9729
   -0.1740    0.9821    0.0720
...    72 G-C ...
 -145.9559  -28.0701  104.0676
   -0.6413   -0.1827    0.7452
    0.7453    0.0823    0.6616
   -0.1822    0.9797    0.0834
...    73 A-T ...
 -146.5307  -24.7943  104.1144
   -0.0399   -0.0782    0.9961
    0.9889    0.1397    0.0506
   -0.1431    0.9871    0.0718
...    74 T-A ...
 -147.6347  -21.6822  104.4197
    0.4868    0.0193    0.8733
    0.8646    0.1320   -0.4848
   -0.1246    0.9911    0.0476
...    75 C-G ...
 -148.1445  -18.4152  104.4861
    0.9175    0.0359    0.3962
    0.3935    0.0634   -0.9171
   -0.0581    0.9973    0.0440
...    76 G-C ...
 -148.2303  -15.0273  104.2483
    0.9739   -0.1149   -0.1956
   -0.1930    0.0332   -0.9806
    0.1192    0.9928    0.0102
...    77 A-T ...
 -147.6832  -11.8082  104.2544
    0.6575   -0.1604   -0.7362
   -0.7270    0.1218   -0.6758
    0.1980    0.9795   -0.0365
...    78 G-C ...
 -146.6288   -8.6701  104.0666
    0.1366   -0.1687   -0.9762
   -0.9554    0.2379   -0.1748
    0.2617    0.9565   -0.1287
...    79 C-G ...
 -145.2984   -5.7200  103.2441
   -0.4346   -0.0506   -0.8992
   -0.8512    0.3495    0.3917
    0.2944    0.9356   -0.1949
...    80 T-A ...
 -144.1662   -2.7554  102.1859
   -0.8449    0.1236   -0.5205
   -0.4442    0.3801    0.8113
    0.2981    0.9167   -0.2662
...    81 C-G ...
 -143.2847    0.2661  101.1144
   -0.9303    0.3556    0.0900
    0.1852    0.2434    0.9521
    0.3166    0.9024   -0.2923
...    82 G-C ...
 -142.0328    3.3804  100.5827
   -0.6328    0.4122    0.6555
    0.7168   -0.0085    0.6972
    0.2929    0.9111   -0.2900
...    83 G-C ...
 -141.1110    6.4312   99.3685
   -0.1081    0.2953    0.9493
    0.9444   -0.2678    0.1909
    0.3106    0.9171   -0.2499
...    84 G-C ...
 -140.2109    9.5356   98.3006
    0.4319    0.0250    0.9016
    0.8223   -0.4215   -0.3822
    0.3705    0.9065   -0.2026
...    85 A-T ...
 -139.0863   12.5303   97.5264
    0.8214   -0.2799    0.4970
    0.3831   -0.3750   -0.8442
    0.4227    0.8838   -0.2008
...    86 T-A ...
 -137.7905   15.5360   97.4893
    0.8866   -0.4626   -0.0005
   -0.0956   -0.1822   -0.9786
    0.4526    0.8677   -0.2057
...    87 C-G ...
 -136.1861   18.3114   96.8262
    0.6185   -0.5453   -0.5658
   -0.5946    0.1460   -0.7906
    0.5137    0.8254   -0.2340
...    88 C-G ...
 -134.0632   20.7933   95.9680
    0.1232   -0.4606   -0.8790
   -0.8056    0.4708   -0.3596
    0.5795    0.7525   -0.3131
...    89 G-C ...
 -132.3588   23.3008   94.4201
   -0.4296   -0.1868   -0.8835
   -0.6729    0.7187    0.1753
    0.6022    0.6698   -0.4344
...    90 C-G ...
 -130.2581   25.1479   92.5595
   -0.7519    0.2369   -0.6152
   -0.2818    0.7281    0.6249
    0.5959    0.6432   -0.4807
...    91 T-A ...
 -128.3467   27.1008   90.6063
   -0.7912    0.5938   -0.1462
    0.2152    0.4942    0.8423
    0.5724    0.6350   -0.5188
...    92 T-A ...
 -126.5358   28.9916   88.6363
   -0.4591    0.8110    0.3625
    0.6439    0.0226    0.7648
    0.6121    0.5846   -0.5326
...    93 T-A ...
 -124.7145   30.8430   86.6410
    0.0622    0.6893    0.7218
    0.7745   -0.4894    0.4007
    0.6295    0.5342   -0.5643
...    94 A-T ...
 -122.1267   31.9929   84.6355
    0.6113    0.1918    0.7678
    0.4906   -0.8531   -0.1774
    0.6211    0.4851   -0.6156
...    95 A-T ...
 -120.1894   33.7355   82.6832
    0.7856   -0.3549    0.5068
    0.0153   -0.8078   -0.5893
    0.6185    0.4707   -0.6292
...    96 C-G ...
 -118.0282   35.6629   81.0637
    0.6400   -0.7576    0.1279
   -0.4153   -0.4812   -0.7719
    0.6464    0.4409   -0.6227
...    97 A-T ...
 -115.9451   36.9511   78.7409
    0.1903   -0.9398   -0.2839
   -0.6940    0.0758   -0.7160
    0.6944    0.3333   -0.6377
...    98 C-G ...
 -113.2175   37.7223   77.0111
   -0.2472   -0.7598   -0.6013
   -0.6707    0.5821   -0.4598
    0.6993    0.2896   -0.6535
...    99 T-A ...
 -110.7828   38.2956   74.7910
   -0.6221   -0.3235   -0.7130
   -0.3894    0.9179   -0.0768
    0.6792    0.2299   -0.6970
...   100 T-A ...
 -108.5306   38.7820   72.4849
   -0.7212    0.2918   -0.6283
    0.0648    0.9314    0.3581
    0.6897    0.2175   -0.6906
...   101 T-A ...
 -106.3367   39.2357   70.1080
   -0.5147    0.7996   -0.3095
    0.4856    0.5694    0.6633
    0.7066    0.1911   -0.6813
...   102 A-T ...
 -103.5106   39.9118   68.2485
   -0.0017    0.9827    0.1853
    0.6932   -0.1324    0.7085
    0.7207    0.1296   -0.6810
...   103 T-A ...
 -101.6354   40.5473   65.5796
    0.3821    0.7648    0.5187
    0.5823   -0.6351    0.5075
    0.7176    0.1081   -0.6880
...   104 G-C ...
  -99.0357   40.6303   63.4447
    0.6086    0.2121    0.7646
    0.2368   -0.9682    0.0802
    0.7573    0.1323   -0.6395
...   105 C-G ...
  -96.5521   41.4644   61.3572
    0.6031   -0.3820    0.7002
   -0.1547   -0.9172   -0.3671
    0.7825    0.1131   -0.6123
...   106 T-A ...
  -93.7962   41.9700   59.5410
    0.3635   -0.8334    0.4163
   -0.4528   -0.5486   -0.7028
    0.8141    0.0670   -0.5768
...   107 T-A ...
  -91.0440   42.2296   57.8318
    0.0172   -0.9971   -0.0736
   -0.5804    0.0500   -0.8128
    0.8141    0.0567   -0.5779
...   108 C-G ...
  -88.3330   42.2666   55.9500
   -0.3687   -0.7617   -0.5328
   -0.4561    0.6477   -0.6104
    0.8100    0.0179   -0.5862
...   109 C-G ...
  -85.6219   41.9217   53.9279
   -0.6228   -0.2573   -0.7388
   -0.1343    0.9655   -0.2230
    0.7707   -0.0397   -0.6359
...   110 G-C ...
  -83.1520   42.1416   51.5947
   -0.6498    0.3637   -0.6674
    0.2906    0.9302    0.2241
    0.7023   -0.0483   -0.7102
...   111 G-C ...
  -80.9872   41.8095   48.9824
   -0.4142    0.8321   -0.3688
    0.6260    0.5546    0.5482
    0.6607   -0.0038   -0.7506
...   112 C-G ...
  -79.1094   41.6983   46.1980
   -0.0063    0.9993    0.0366
    0.7558   -0.0191    0.6545
    0.6547    0.0318   -0.7552
...   113 T-A ...
  -77.1397   41.9714   43.5016
    0.3832    0.8146    0.4354
    0.6419   -0.5738    0.5086
    0.6641    0.0845   -0.7428
...   114 C-G ...
  -74.9647   42.3144   41.0310
    0.6769    0.2883    0.6773
    0.2746   -0.9526    0.1310
    0.6829    0.0973   -0.7240
...   115 G-C ...
  -72.5231   42.2042   38.6541
    0.6344   -0.3360    0.6962
   -0.1532   -0.9374   -0.3128
    0.7577    0.0918   -0.6461
...   116 T-A ...
  -69.7985   42.9594   36.8913
    0.4249   -0.7969    0.4295
   -0.4699   -0.5997   -0.6478
    0.7737    0.0735   -0.6293
...   117 A-T ...
  -67.4787   43.0189   34.3743
    0.0127   -0.9940   -0.1086
   -0.6288    0.0765   -0.7738
    0.7774    0.0781   -0.6241
...   118 T-A ...
  -64.5458   43.0228   32.8368
   -0.3130   -0.8032   -0.5068
   -0.5400    0.5895   -0.6007
    0.7813    0.0857   -0.6183
...   119 A-T ...
  -62.1066   43.7754   30.5402
   -0.5662   -0.1959   -0.8007
   -0.1969    0.9754   -0.0994
    0.8004    0.1013   -0.5908
...   120 A-T ...
  -59.4819   43.8401   28.5971
   -0.5473    0.4317   -0.7170
    0.1725    0.8965    0.4081
    0.8190    0.0997   -0.5651
...   121 T-A ...
  -57.0247   43.6368   26.3773
   -0.3643    0.8412   -0.3995
    0.4290    0.5324    0.7298
    0.8266    0.0945   -0.5548
...   122 G-C ...
  -54.1473   44.1270   24.7027
   -0.1048    0.9805    0.1660
    0.5731   -0.0769    0.8159
    0.8128    0.1806   -0.5539
...   123 T-A ...
  -51.8459   44.9494   22.4326
    0.1949    0.7729    0.6039
    0.5352   -0.5997    0.5949
    0.8220    0.2072   -0.5305
...   124 G-C ...
  -48.9119   45.5391   20.8840
    0.3835    0.2414    0.8915
    0.3395   -0.9345    0.1070
    0.8589    0.2616   -0.4403
...   125 T-A ...
  -46.2167   46.9886   19.6102
    0.4703   -0.3157    0.8241
    0.0872   -0.9127   -0.3993
    0.8782    0.2596   -0.4017
...   126 C-G ...
  -43.2520   47.8189   18.4332
    0.3960   -0.8148    0.4235
   -0.1931   -0.5248   -0.8291
    0.8977    0.2465   -0.3651
...   127 G-C ...
  -40.2366   48.2353   16.8940
    0.1301   -0.9844   -0.1184
   -0.3300    0.0697   -0.9414
    0.9350    0.1615   -0.3158
...   128 A-T ...
  -37.0922   48.6370   15.8999
   -0.1051   -0.7296   -0.6757
   -0.3214    0.6679   -0.6713
    0.9411    0.1466   -0.3047
...   129 C-G ...
  -33.8066   48.5352   15.1462
   -0.2651   -0.2369   -0.9347
   -0.2016    0.9615   -0.1865
    0.9429    0.1390   -0.3027
...   130 C-G ...
  -30.5985   48.7370   14.0032
   -0.3801    0.3547   -0.8542
   -0.0025    0.9232    0.3844
    0.9249    0.1482   -0.3500
...   131 A-T ...
  -27.4561   49.4625   13.0554
   -0.3666    0.8312   -0.4180
    0.2262    0.5155    0.8265
    0.9025    0.2085   -0.3769
...   132 A-T ...
  -24.5830   50.0488   11.6384
   -0.1602    0.9750    0.1540
    0.3823   -0.0825    0.9204
    0.9101    0.2064   -0.3595
...   133 A-T ...
  -21.7118   50.7898   10.3148
    0.0738    0.7351    0.6739
    0.3985   -0.6412    0.6558
    0.9142    0.2201   -0.3402
...   134 T-A ...
  -19.0083   52.0403    8.9384
    0.2450    0.2904    0.9250
    0.3072   -0.9282    0.2101
    0.9196    0.2327   -0.3166
...   135 G-C ...
  -16.4569   53.8981    7.5290
    0.5336   -0.3334    0.7773
    0.0348   -0.9096   -0.4140
    0.8450    0.2479   -0.4738
...   136 T-A ...
  -14.1681   56.5698    6.1948
    0.5795   -0.7269    0.3684
   -0.3140   -0.6163   -0.7222
    0.7521    0.3028   -0.5854
...   137 G-C ...
  -11.6469   58.0147    4.7336
    0.2454   -0.9541   -0.1717
   -0.6318   -0.0231   -0.7748
    0.7352    0.2986   -0.6085
...   138 A-T ...
   -8.6698   58.7290    3.6170
   -0.0344   -0.7815   -0.6230
   -0.6534    0.4892   -0.5777
    0.7562    0.3872   -0.5274
...   139 G-C ...
   -6.3211   59.0880    1.6440
   -0.2967   -0.3277   -0.8970
   -0.5657    0.8170   -0.1114
    0.7694    0.4744   -0.4278
...   140 C-G ...
   -3.4296   60.2437    1.0435
   -0.4424    0.2288   -0.8671
   -0.1682    0.9286    0.3309
    0.8809    0.2922   -0.3723
...   141 G-C ...
   -0.6893   63.9063   -2.2356
   -0.9992    0.0156   -0.0375
   -0.0024    0.8991    0.4378
    0.0405    0.4375   -0.8983
...   142 C-G ...
   -0.9979   65.6138   -4.9249
   -0.8337    0.5217    0.1810
    0.5169    0.6220    0.5881
    0.1942    0.5839   -0.7882
...   143 T-A ...
   -0.1244   66.2251   -7.8042
   -0.3751    0.8568    0.3538
    0.8856    0.2185    0.4098
    0.2739    0.4670   -0.8408
...   144 C-G ...
   -0.1580   67.4197  -10.7922
    0.1799    0.8792    0.4411
    0.9276   -0.3009    0.2214
    0.3274    0.3694   -0.8697
...   145 A-T ...
    0.5353   69.2487  -13.4514
    0.7352    0.4961    0.4620
    0.6117   -0.7791   -0.1369
    0.2921    0.3832   -0.8763
...   146 C-G ...
    1.4421   72.1064  -15.5859
    0.9808    0.0622    0.1849
    0.1266   -0.9240   -0.3608
    0.1484    0.3773   -0.9141
...   147 A-T ...
    2.3150   74.2411  -18.3714
    0.8657   -0.4292   -0.2574
   -0.4984   -0.7868   -0.3642
   -0.0462    0.4436   -0.8950
