  147 base-pairs
...     1 A-T ...
    0.0000    0.0000    0.0000
    1.0000    0.0000    0.0000
    0.0000    1.0000    0.0000
    0.0000    0.0000    1.0000
...     2 G-C ...
   -0.1394   -1.2357    3.2268
    0.7529    0.6366    0.1670
   -0.6386    0.7680   -0.0486
   -0.1592   -0.0700    0.9848
...     3 T-A ...
   -0.0365   -3.2932    6.3751
    0.2722    0.9301    0.2466
   -0.9238    0.3243   -0.2033
   -0.2691   -0.1725    0.9475
...     4 G-C ...
   -0.3505   -4.1660    9.4928
   -0.3756    0.9250    0.0579
   -0.8781   -0.3352   -0.3415
   -0.2965   -0.1791    0.9381
...     5 A-T ...
   -0.4462   -4.1476   12.7498
   -0.8116    0.5840   -0.0165
   -0.5523   -0.7762   -0.3042
   -0.1905   -0.2378    0.9524
...     6 G-C ...
   -1.5908   -4.1730   15.6201
   -0.9976    0.0246   -0.0651
   -0.0043   -0.9555   -0.2950
   -0.0695   -0.2940    0.9533
...     7 C-G ...
   -1.1030   -4.4824   18.7362
   -0.8441   -0.5304   -0.0787
    0.5345   -0.8441   -0.0432
   -0.0435   -0.0785    0.9960
...     8 G-C ...
   -2.4028   -7.7290   23.1475
   -0.2754   -0.3293   -0.9032
    0.6650   -0.7437    0.0684
   -0.6942   -0.5818    0.4238
...     9 C-G ...
   -4.4690   -9.9728   24.1132
    0.1145   -0.7025   -0.7024
    0.8512   -0.2952    0.4340
   -0.5122   -0.6476    0.5642
...    10 T-A ...
   -6.7405  -10.8752   25.9697
    0.4841   -0.8363   -0.2574
    0.6595    0.1553    0.7355
   -0.5751   -0.5258    0.6267
...    11 C-G ...
   -9.1656  -12.6208   27.1640
    0.7073   -0.6682    0.2307
    0.3448    0.6110    0.7126
   -0.6171   -0.4245    0.6626
...    12 A-T ...
  -10.9234  -14.6633   29.0693
    0.7515   -0.1377    0.6452
   -0.2029    0.8824    0.4246
   -0.6277   -0.4500    0.6352
...    13 C-G ...
  -11.8476  -17.4863   31.2451
    0.4295    0.2823    0.8578
   -0.5708    0.8209    0.0156
   -0.6998   -0.4963    0.5137
...    14 A-T ...
  -13.5897  -19.7827   33.4259
   -0.1504    0.6104    0.7777
   -0.6874    0.5008   -0.5260
   -0.7106   -0.6136    0.3443
...    15 A-T ...
  -15.8280  -21.8389   34.5702
   -0.5310    0.7911    0.3037
   -0.4474    0.0426   -0.8933
   -0.7196   -0.6102    0.3313
...    16 T-A ...
  -17.9581  -23.8017   36.3477
   -0.7189    0.6555   -0.2313
   -0.0621   -0.3920   -0.9179
   -0.6923   -0.6455    0.3226
...    17 T-A ...
  -20.2310  -25.7438   37.7180
   -0.6356    0.2657   -0.7249
    0.3950   -0.6949   -0.6010
   -0.6633   -0.6683    0.3367
...    18 T-A ...
  -22.5071  -27.8068   38.8479
   -0.2716   -0.1803   -0.9454
    0.6919   -0.7194   -0.0615
   -0.6690   -0.6708    0.3201
...    19 A-T ...
  -24.5385  -30.3520   39.9791
    0.2539   -0.6124   -0.7486
    0.6963   -0.4215    0.5810
   -0.6714   -0.6688    0.3194
...    20 T-A ...
  -27.1559  -32.3458   40.5178
    0.5779   -0.7565   -0.3062
    0.4518   -0.0159    0.8920
   -0.6796   -0.6538    0.3326
...    21 T-A ...
  -29.4358  -34.5275   41.3372
    0.7088   -0.6333    0.3107
   -0.0017    0.4390    0.8985
   -0.7054   -0.6374    0.3100
...    22 C-G ...
  -31.7292  -36.6670   42.3862
    0.5728   -0.2236    0.7886
   -0.4441    0.7240    0.5278
   -0.6890   -0.6526    0.3154
...    23 G-C ...
  -34.3162  -38.3944   43.7472
    0.3191    0.3163    0.8934
   -0.7072    0.7070    0.0023
   -0.6309   -0.6325    0.4493
...    24 C-G ...
  -36.0932  -40.7396   45.2381
   -0.0681    0.6794    0.7306
   -0.7640    0.4354   -0.4761
   -0.6416   -0.5907    0.4894
...    25 A-T ...
  -38.6206  -42.6551   46.3678
   -0.4730    0.8428    0.2567
   -0.5630   -0.0651   -0.8239
   -0.6777   -0.5343    0.5053
...    26 A-T ...
  -40.8327  -44.3271   48.1245
   -0.7030    0.6509   -0.2867
   -0.1814   -0.5539   -0.8126
   -0.6877   -0.5192    0.5074
...    27 A-T ...
  -43.0320  -45.8173   50.0234
   -0.6788    0.1913   -0.7090
    0.2757   -0.8285   -0.4875
   -0.6806   -0.5263    0.5096
...    28 G-C ...
  -45.5954  -47.1976   51.7635
   -0.3774   -0.2699   -0.8859
    0.5871   -0.8095   -0.0035
   -0.7161   -0.5215    0.4639
...    29 G-C ...
  -48.3103  -48.8691   53.1027
    0.0849   -0.6723   -0.7354
    0.6775   -0.5023    0.5374
   -0.7306   -0.5438    0.4128
...    30 C-G ...
  -50.8820  -50.7045   54.0742
    0.4836   -0.8208   -0.3038
    0.4853   -0.0374    0.8735
   -0.7284   -0.5699    0.3803
...    31 C-G ...
  -53.5036  -52.5742   55.1404
    0.7102   -0.6642    0.2335
    0.1117    0.4337    0.8941
   -0.6951   -0.6089    0.3822
...    32 G-C ...
  -55.6525  -54.2678   56.6424
    0.7172   -0.2696    0.6425
   -0.2954    0.7175    0.6308
   -0.6311   -0.6423    0.4349
...    33 G-C ...
  -57.5411  -56.6023   58.1819
    0.4609    0.2352    0.8557
   -0.6538    0.7420    0.1482
   -0.6002   -0.6277    0.4957
...    34 C-G ...
  -59.2670  -58.9455   59.7544
    0.0439    0.6552    0.7542
   -0.7950    0.4801   -0.3708
   -0.6050   -0.5833    0.5420
...    35 C-G ...
  -61.0840  -60.7866   61.9814
   -0.3558    0.8631    0.3583
   -0.6899    0.0160   -0.7237
   -0.6304   -0.5047    0.5898
...    36 C-G ...
  -63.1566  -62.2739   64.1882
   -0.6460    0.7446   -0.1680
   -0.3922   -0.5126   -0.7638
   -0.6549   -0.4276    0.6232
...    37 G-C ...
  -65.4597  -64.3395   65.6658
   -0.7030    0.3460   -0.6213
    0.0347   -0.8559   -0.5159
   -0.7104   -0.3842    0.5897
...    38 A-T ...
  -67.7753  -65.5051   67.5516
   -0.5417   -0.2415   -0.8051
    0.4444   -0.8953   -0.0305
   -0.7134   -0.3744    0.5923
...    39 C-G ...
  -70.4430  -66.3685   69.1559
   -0.1991   -0.6760   -0.7095
    0.6458   -0.6351    0.4238
   -0.7371   -0.3738    0.5630
...    40 A-T ...
  -72.9424  -67.8319   70.9418
    0.2651   -0.9145   -0.3058
    0.6238   -0.0792    0.7775
   -0.7352   -0.3969    0.5495
...    41 C-G ...
  -75.5652  -69.4341   72.3190
    0.5641   -0.8107    0.1566
    0.3799    0.4232    0.8225
   -0.7331   -0.4045    0.5467
...    42 G-C ...
  -77.8887  -70.3823   74.4957
    0.7072   -0.3643    0.6059
   -0.0306    0.8404    0.5411
   -0.7063   -0.4013    0.5832
...    43 A-T ...
  -80.2807  -71.6259   76.1739
    0.5563    0.2123    0.8034
   -0.4184    0.9069    0.0500
   -0.7180   -0.3639    0.5933
...    44 C-G ...
  -82.2841  -73.3786   78.1187
    0.2896    0.6930    0.6603
   -0.6611    0.6436   -0.3856
   -0.6922   -0.3248    0.6445
...    45 T-A ...
  -84.3275  -74.6109   80.7640
   -0.0805    0.9705    0.2273
   -0.7103    0.1041   -0.6962
   -0.6993   -0.2175    0.6809
...    46 T-A ...
  -86.5505  -75.1628   82.9539
   -0.4001    0.8872   -0.2296
   -0.5683   -0.4367   -0.6974
   -0.7190   -0.1485    0.6789
...    47 A-T ...
  -89.0997  -75.4301   85.0731
   -0.5725    0.4730   -0.6698
   -0.2684   -0.8799   -0.3920
   -0.7747   -0.0446    0.6307
...    48 C-G ...
  -91.6931  -74.8056   87.0906
   -0.6029   -0.0794   -0.7938
    0.0481   -0.9968    0.0633
   -0.7964   -0.0000    0.6048
...    49 T-A ...
  -94.5419  -74.3396   88.8629
   -0.4293   -0.6082   -0.6677
    0.3136   -0.7936    0.5214
   -0.8470    0.0145    0.5314
...    50 G-C ...
  -97.3679  -74.5125   90.6516
   -0.1125   -0.9642   -0.2400
    0.4852   -0.2641    0.8336
   -0.8671   -0.0226    0.4976
...    51 T-A ...
 -100.3859  -74.7405   91.7973
    0.1562   -0.9460    0.2841
    0.4623    0.3242    0.8253
   -0.8728    0.0024    0.4880
...    52 A-T ...
 -102.9387  -73.6052   94.1081
    0.3263   -0.4179    0.8479
    0.2720    0.9005    0.3392
   -0.9053    0.1199    0.4075
...    53 G-C ...
 -105.9845  -73.1650   95.2951
    0.4940    0.1302    0.8597
    0.0773    0.9782   -0.1926
   -0.8660    0.1616    0.4732
...    54 G-C ...
 -108.9213  -73.1209   97.3026
    0.5350    0.6520    0.5372
   -0.2228    0.7223   -0.6548
   -0.8150    0.2306    0.5317
...    55 T-A ...
 -111.3568  -72.5355   99.3388
    0.3825    0.9206    0.0790
   -0.4670    0.2664   -0.8432
   -0.7973    0.2856    0.5318
...    56 A-T ...
 -113.7192  -71.3197  101.5563
    0.1547    0.8485   -0.5061
   -0.6378   -0.3055   -0.7071
   -0.7545    0.4322    0.4939
...    57 T-A ...
 -115.6767  -69.5630  103.4546
   -0.1680    0.5382   -0.8259
   -0.6456   -0.6932   -0.3204
   -0.7450    0.4794    0.4639
...    58 C-G ...
 -118.1812  -67.6411  104.8781
   -0.5113   -0.0580   -0.8574
   -0.4200   -0.8536    0.3082
   -0.7498    0.5177    0.4121
...    59 T-A ...
 -120.7512  -65.7555  105.8565
   -0.6291   -0.5511   -0.5482
   -0.0958   -0.6448    0.7583
   -0.7714    0.5296    0.3529
...    60 C-G ...
 -123.4261  -64.3452  107.1977
   -0.5719   -0.8176    0.0671
    0.2794   -0.1172    0.9530
   -0.7713    0.5637    0.2954
...    61 G-C ...
 -125.7325  -62.4139  108.5790
   -0.2734   -0.7053    0.6541
    0.5780    0.4231    0.6978
   -0.7689    0.5688    0.2919
...    62 T-A ...
 -128.6333  -60.8159  109.1120
    0.0863   -0.3783    0.9216
    0.6606    0.7142    0.2313
   -0.7458    0.5889    0.3116
...    63 C-G ...
 -131.0867  -58.9146  110.1268
    0.4792    0.1088    0.8710
    0.4914    0.7890   -0.3689
   -0.7273    0.6047    0.3246
...    64 A-T ...
 -133.5041  -56.4687  110.4816
    0.7650    0.4813    0.4279
    0.1290    0.5365   -0.8340
   -0.6310    0.6932    0.3484
...    65 T-A ...
 -135.4408  -54.3578  112.0390
    0.7702    0.6315   -0.0890
   -0.2876    0.2193   -0.9323
   -0.5692    0.7437    0.3505
...    66 G-C ...
 -137.2398  -51.5384  113.1893
    0.5315    0.5011   -0.6830
   -0.7142   -0.1685   -0.6794
   -0.4555    0.8488    0.2683
...    67 T-A ...
 -138.1170  -48.4811  114.2529
    0.0814    0.2973   -0.9513
   -0.9038   -0.3802   -0.1961
   -0.4200    0.8758    0.2377
...    68 T-A ...
 -139.2573  -45.5755  114.8712
   -0.4315    0.0022   -0.9021
   -0.8097   -0.4417    0.3863
   -0.3976    0.8971    0.1924
...    69 A-T ...
 -140.8371  -42.5941  115.6547
   -0.8809   -0.2563   -0.3978
   -0.3178   -0.3025    0.8986
   -0.3507    0.9180    0.1850
...    70 T-A ...
 -141.8717  -39.4624  115.5348
   -0.9331   -0.3302    0.1425
    0.1887   -0.1122    0.9756
   -0.3062    0.9372    0.1670
...    71 A-T ...
 -142.4843  -36.0450  116.3001
   -0.5354   -0.1573    0.8299
    0.8251    0.1127    0.5536
   -0.1805    0.9811    0.0694
...    72 A-T ...
 -143.1644  -32.8543  116.3340
    0.0674    0.0173    0.9976
    0.9899    0.1235   -0.0690
   -0.1244    0.9922   -0.0088
...    73 C-G ...
 -144.1984  -29.5709  116.2887
    0.6182    0.0975    0.7800
    0.7798    0.0491   -0.6241
   -0.0992    0.9940   -0.0457
...    74 G-C ...
 -144.1752  -26.3282  115.8699
    0.9571   -0.0327    0.2878
    0.2858   -0.0548   -0.9567
    0.0470    0.9980   -0.0431
...    75 G-C ...
 -143.7626  -23.0727  115.8811
    0.9476   -0.1865   -0.2594
   -0.2643   -0.0012   -0.9645
    0.1796    0.9824   -0.0504
...    76 A-T ...
 -142.9280  -19.8983  115.8009
    0.6022   -0.2670   -0.7524
   -0.7486    0.1387   -0.6484
    0.2775    0.9537   -0.1164
...    77 A-T ...
 -141.7880  -16.9623  115.2904
    0.0614   -0.2379   -0.9694
   -0.9475    0.2916   -0.1315
    0.3139    0.9265   -0.2075
...    78 G-C ...
 -140.3518  -14.0374  114.1472
   -0.5111   -0.0800   -0.8558
   -0.7952    0.4220    0.4355
    0.3263    0.9031   -0.2793
...    79 C-G ...
 -139.0673  -11.2002  112.6873
   -0.8889    0.1651   -0.4273
   -0.3259    0.4275    0.8432
    0.3219    0.8888   -0.3262
...    80 T-A ...
 -138.0135   -8.3327  111.4291
   -0.9152    0.3892    0.1048
    0.2356    0.3054    0.9226
    0.3271    0.8691   -0.3712
...    81 C-G ...
 -136.8976   -5.3781  110.3944
   -0.5600    0.5161    0.6481
    0.7616    0.0127    0.6479
    0.3261    0.8564   -0.4002
...    82 G-C ...
 -134.7174   -2.6451  109.5897
    0.0004    0.4118    0.9113
    0.9455   -0.2969    0.1337
    0.3256    0.8615   -0.3895
...    83 G-C ...
 -133.6769    0.1706  108.0291
    0.5269    0.1107    0.8427
    0.7446   -0.5383   -0.3947
    0.4099    0.8354   -0.3661
...    84 G-C ...
 -132.4643    3.0631  106.8316
    0.7985   -0.2948    0.5249
    0.3307   -0.5138   -0.7916
    0.5030    0.8057   -0.3129
...    85 A-T ...
 -130.8166    5.8250  105.9772
    0.8105   -0.5848   -0.0327
   -0.2128   -0.2420   -0.9466
    0.5456    0.7743   -0.3206
...    86 T-A ...
 -128.7265    8.3162  105.4856
    0.5536   -0.6623   -0.5049
   -0.5985    0.1052   -0.7942
    0.5791    0.7418   -0.3382
...    87 C-G ...
 -126.5668   10.5768  104.3879
    0.0615   -0.5114   -0.8571
   -0.7927    0.4968   -0.3533
    0.6065    0.7012   -0.3749
...    88 C-G ...
 -124.4285   12.6463  102.9672
   -0.4355   -0.2451   -0.8662
   -0.6789    0.7213    0.1372
    0.5911    0.6478   -0.4806
...    89 G-C ...
 -122.8374   15.0569  101.2970
   -0.8043    0.1427   -0.5769
   -0.2728    0.7737    0.5718
    0.5279    0.6172   -0.5834
...    90 C-G ...
 -121.1807   16.8586   98.8197
   -0.8141    0.5654   -0.1324
    0.2625    0.5616    0.7847
    0.5180    0.6041   -0.6056
...    91 T-A ...
 -119.8547   18.9514   96.3531
   -0.5005    0.7940    0.3450
    0.7153    0.1548    0.6815
    0.4877    0.5878   -0.6454
...    92 T-A ...
 -118.5537   20.8435   94.0106
    0.0604    0.7639    0.6424
    0.8667   -0.3594    0.3459
    0.4951    0.5359   -0.6839
...    93 T-A ...
 -117.1923   22.6730   91.6389
    0.5763    0.4221    0.6998
    0.6531   -0.7526   -0.0840
    0.4912    0.5054   -0.7094
...    94 A-T ...
 -115.3486   23.7268   88.9865
    0.8517   -0.1442    0.5038
    0.1436   -0.8603   -0.4891
    0.5040    0.4889   -0.7121
...    95 A-T ...
 -113.6844   25.3934   86.8293
    0.7661   -0.6244    0.1525
   -0.3740   -0.6260   -0.6842
    0.5227    0.4672   -0.7131
...    96 C-G ...
 -111.5755   27.1763   84.8904
    0.4255   -0.8745   -0.2329
   -0.7336   -0.1826   -0.6546
    0.5299    0.4494   -0.7192
...    97 A-T ...
 -109.6991   28.4525   82.3685
   -0.1418   -0.8499   -0.5076
   -0.8260    0.3842   -0.4125
    0.5456    0.3607   -0.7564
...    98 C-G ...
 -107.4930   29.0293   79.8780
   -0.5795   -0.5182   -0.6289
   -0.6058    0.7902   -0.0929
    0.5452    0.3271   -0.7719
...    99 T-A ...
 -105.3671   29.5204   76.9916
   -0.8464    0.0321   -0.5316
   -0.1369    0.9515    0.2754
    0.5146    0.3059   -0.8010
...   100 T-A ...
 -103.7214   30.1779   74.2318
   -0.7331    0.6102   -0.3004
    0.3990    0.7436    0.5365
    0.5507    0.2735   -0.7886
...   101 T-A ...
 -102.0459   30.8353   71.4781
   -0.3352    0.9411    0.0436
    0.7471    0.2373    0.6210
    0.5741    0.2407   -0.7826
...   102 A-T ...
  -99.7719   31.5230   68.9482
    0.2841    0.8632    0.4173
    0.7602   -0.4680    0.4506
    0.5843    0.1892   -0.7892
...   103 T-A ...
  -98.3780   32.6074   66.2098
    0.6001    0.5186    0.6090
    0.5248   -0.8299    0.1895
    0.6037    0.2058   -0.7702
...   104 G-C ...
  -96.3257   33.5524   63.7658
    0.7332   -0.1173    0.6698
    0.0705   -0.9666   -0.2465
    0.6764    0.2280   -0.7004
...   105 C-G ...
  -93.8751   34.5330   61.8001
    0.6108   -0.6463    0.4574
   -0.3537   -0.7396   -0.5726
    0.7083    0.1880   -0.6804
...   106 T-A ...
  -91.0826   35.2306   59.8459
    0.2689   -0.9612    0.0611
   -0.6127   -0.2196   -0.7592
    0.7432    0.1668   -0.6480
...   107 T-A ...
  -88.5298   35.6436   57.9411
   -0.1612   -0.9223   -0.3512
   -0.6350    0.3693   -0.6785
    0.7555    0.1136   -0.6452
...   108 C-G ...
  -85.9317   35.7474   55.8132
   -0.5315   -0.5166   -0.6713
   -0.3957    0.8521   -0.3425
    0.7490    0.0836   -0.6573
...   109 C-G ...
  -83.5165   35.7881   53.5482
   -0.7263    0.0212   -0.6871
   -0.0260    0.9980    0.0582
    0.6869    0.0601   -0.7243
...   110 G-C ...
  -81.4619   36.3310   51.2769
   -0.6867    0.5428   -0.4836
    0.3838    0.8356    0.3929
    0.6174    0.0842   -0.7822
...   111 G-C ...
  -79.7061   36.6772   48.4061
   -0.3819    0.9153   -0.1281
    0.7161    0.3807    0.5850
    0.5842    0.1317   -0.8008
...   112 C-G ...
  -78.2417   37.1573   45.4184
    0.0653    0.9634    0.2599
    0.8074   -0.2041    0.5536
    0.5864    0.1737   -0.7912
...   113 T-A ...
  -76.4602   37.8179   42.6798
    0.4623    0.6889    0.5583
    0.6512   -0.6911    0.3135
    0.6018    0.2187   -0.7681
...   114 C-G ...
  -74.3462   38.4944   40.1873
    0.7396    0.1285    0.6607
    0.2606   -0.9597   -0.1051
    0.6205    0.2499   -0.7433
...   115 G-C ...
  -72.1719   38.7859   37.6430
    0.6932   -0.4935    0.5253
   -0.2172   -0.8380   -0.5006
    0.6873    0.2329   -0.6880
...   116 T-A ...
  -69.4526   39.7733   35.9621
    0.4291   -0.8814    0.1975
   -0.5516   -0.4288   -0.7155
    0.7153    0.1981   -0.6702
...   117 A-T ...
  -66.6999   40.3521   34.0194
   -0.0264   -0.9712   -0.2367
   -0.6723    0.1925   -0.7148
    0.7398    0.1402   -0.6580
...   118 T-A ...
  -63.8646   40.4770   32.3567
   -0.3573   -0.7242   -0.5898
   -0.5578    0.6719   -0.4872
    0.7491    0.1549   -0.6440
...   119 A-T ...
  -61.3407   41.3247   30.1245
   -0.5960   -0.0658   -0.8003
   -0.1773    0.9828    0.0512
    0.7831    0.1724   -0.5975
...   120 A-T ...
  -58.7803   41.5337   28.1202
   -0.5779    0.5203   -0.6288
    0.1936    0.8358    0.5137
    0.7928    0.1751   -0.5837
...   121 T-A ...
  -56.3968   41.6480   25.7629
   -0.3748    0.8885   -0.2647
    0.4630    0.4267    0.7769
    0.8032    0.1687   -0.5713
...   122 G-C ...
  -53.6722   42.2416   23.6660
   -0.0797    0.9470    0.3112
    0.5890   -0.2072    0.7811
    0.8042    0.2456   -0.5413
...   123 T-A ...
  -51.3230   43.2246   21.5748
    0.2136    0.6927    0.6889
    0.5335   -0.6735    0.5117
    0.8184    0.2582   -0.5134
...   124 G-C ...
  -48.5393   44.1781   19.8979
    0.4039    0.1359    0.9047
    0.3327   -0.9430   -0.0069
    0.8522    0.3037   -0.4261
...   125 T-A ...
  -45.9624   45.5833   18.6436
    0.4648   -0.4015    0.7892
    0.0880   -0.8659   -0.4924
    0.8811    0.2983   -0.3671
...   126 C-G ...
  -43.0800   46.4662   17.6631
    0.4293   -0.8357    0.3425
   -0.1762   -0.4495   -0.8757
    0.8858    0.3156   -0.3402
...   127 G-C ...
  -40.2068   47.0847   16.0106
    0.1591   -0.9728   -0.1686
   -0.3077    0.1134   -0.9447
    0.9381    0.2022   -0.2813
...   128 A-T ...
  -37.1760   47.6955   15.1626
   -0.0466   -0.7040   -0.7087
   -0.3386    0.6786   -0.6518
    0.9398    0.2096   -0.2699
...   129 C-G ...
  -33.8822   47.7129   14.6695
   -0.2475   -0.2267   -0.9420
   -0.2521    0.9538   -0.1633
    0.9355    0.1971   -0.2932
...   130 C-G ...
  -30.7035   47.9809   13.4360
   -0.4132    0.3235   -0.8512
   -0.0492    0.9255    0.3756
    0.9093    0.1970   -0.3665
...   131 A-T ...
  -27.5418   49.2373   13.0124
   -0.3775    0.8244   -0.4218
    0.1896    0.5147    0.8362
    0.9064    0.2357   -0.3506
...   132 A-T ...
  -24.6053   49.9672   11.7334
   -0.2033    0.9674    0.1513
    0.3664   -0.0682    0.9280
    0.9080    0.2441   -0.3406
...   133 A-T ...
  -21.7851   50.8530   10.2948
    0.0738    0.7428    0.6654
    0.3975   -0.6338    0.6635
    0.9146    0.2155   -0.3420
...   134 T-A ...
  -19.0084   52.0402    8.9384
    0.2450    0.2904    0.9250
    0.3072   -0.9282    0.2101
    0.9196    0.2327   -0.3167
...   135 G-C ...
  -16.4569   53.8980    7.5291
    0.5336   -0.3334    0.7773
    0.0348   -0.9096   -0.4140
    0.8450    0.2479   -0.4738
...   136 T-A ...
  -14.1681   56.5697    6.1949
    0.5795   -0.7269    0.3684
   -0.3140   -0.6163   -0.7222
    0.7521    0.3028   -0.5854
...   137 G-C ...
  -11.6469   58.0146    4.7337
    0.2454   -0.9541   -0.1717
   -0.6318   -0.0231   -0.7748
    0.7352    0.2986   -0.6085
...   138 A-T ...
   -8.6698   58.7289    3.6171
   -0.0344   -0.7815   -0.6230
   -0.6534    0.4892   -0.5777
    0.7562    0.3872   -0.5274
...   139 G-C ...
   -6.3211   59.0879    1.6441
   -0.2967   -0.3277   -0.8970
   -0.5657    0.8170   -0.1114
    0.7694    0.4744   -0.4278
...   140 C-G ...
   -3.4296   60.2436    1.0435
   -0.4424    0.2288   -0.8671
   -0.1682    0.9286    0.3309
    0.8809    0.2922   -0.3723
...   141 G-C ...
   -0.6893   63.9062   -2.2356
   -0.9992    0.0156   -0.0375
   -0.0024    0.8991    0.4378
    0.0405    0.4375   -0.8983
...   142 C-G ...
   -0.9980   65.6137   -4.9249
   -0.8337    0.5217    0.1810
    0.5169    0.6220    0.5881
    0.1942    0.5839   -0.7882
...   143 T-A ...
   -0.1244   66.2250   -7.8041
   -0.3751    0.8568    0.3538
    0.8856    0.2185    0.4098
    0.2739    0.4670   -0.8408
...   144 C-G ...
   -0.1580   67.4196  -10.7921
    0.1799    0.8792    0.4411
    0.9276   -0.3009    0.2214
    0.3274    0.3694   -0.8697
...   145 A-T ...
    0.5352   69.2486  -13.4513
    0.7352    0.4961    0.4620
    0.6117   -0.7791   -0.1369
    0.2921    0.3832   -0.8763
...   146 C-G ...
    1.4421   72.1063  -15.5858
    0.9808    0.0622    0.1849
    0.1266   -0.9240   -0.3608
    0.1484    0.3773   -0.9141
...   147 A-T ...
    2.3150   74.2410  -18.3714
    0.8657   -0.4292   -0.2574
   -0.4984   -0.7868   -0.3642
   -0.0462    0.4436   -0.8950
