  147 base-pairs
...     1 A-T ...
    0.0000    0.0000    0.0000
    1.0000    0.0000    0.0000
    0.0000    1.0000    0.0000
    0.0000    0.0000    1.0000
...     2 G-C ...
   -0.1394   -1.2357    3.2268
    0.7529    0.6366    0.1670
   -0.6386    0.7680   -0.0486
   -0.1592   -0.0700    0.9848
...     3 T-A ...
   -0.0365   -3.2932    6.3751
    0.2722    0.9301    0.2466
   -0.9238    0.3243   -0.2033
   -0.2691   -0.1725    0.9475
...     4 G-C ...
   -0.3505   -4.1660    9.4928
   -0.3756    0.9250    0.0579
   -0.8781   -0.3352   -0.3415
   -0.2965   -0.1791    0.9381
...     5 A-T ...
   -0.4462   -4.1476   12.7498
   -0.8116    0.5840   -0.0165
   -0.5523   -0.7762   -0.3042
   -0.1905   -0.2378    0.9524
...     6 G-C ...
   -1.5908   -4.1730   15.6201
   -0.9976    0.0246   -0.0651
   -0.0043   -0.9555   -0.2950
   -0.0695   -0.2940    0.9533
...     7 C-G ...
   -1.1030   -4.4824   18.7362
   -0.8441   -0.5304   -0.0787
    0.5345   -0.8441   -0.0432
   -0.0435   -0.0785    0.9960
...     8 G-C ...
   -2.4028   -7.7290   23.1475
   -0.2754   -0.3293   -0.9032
    0.6650   -0.7437    0.0684
   -0.6942   -0.5818    0.4238
...     9 C-G ...
   -4.4690   -9.9728   24.1132
    0.1145   -0.7025   -0.7024
    0.8512   -0.2952    0.4340
   -0.5122   -0.6476    0.5642
...    10 T-A ...
   -6.7405  -10.8752   25.9697
    0.4841   -0.8363   -0.2574
    0.6595    0.1553    0.7355
   -0.5751   -0.5258    0.6267
...    11 C-G ...
   -9.1656  -12.6208   27.1640
    0.7073   -0.6682    0.2307
    0.3448    0.6110    0.7126
   -0.6171   -0.4245    0.6626
...    12 A-T ...
  -10.9234  -14.6633   29.0693
    0.7515   -0.1377    0.6452
   -0.2029    0.8824    0.4246
   -0.6277   -0.4500    0.6352
...    13 C-G ...
  -11.8476  -17.4863   31.2451
    0.4295    0.2823    0.8578
   -0.5708    0.8209    0.0156
   -0.6998   -0.4963    0.5137
...    14 A-T ...
  -13.5897  -19.7827   33.4259
   -0.1504    0.6104    0.7777
   -0.6874    0.5008   -0.5260
   -0.7106   -0.6136    0.3443
...    15 A-T ...
  -15.8285  -21.8257   34.6090
   -0.5414    0.7855    0.2996
   -0.4482    0.0318   -0.8934
   -0.7113   -0.6180    0.3349
...    16 T-A ...
  -17.9330  -23.8149   36.4018
   -0.7320    0.6389   -0.2366
   -0.0543   -0.4009   -0.9145
   -0.6791   -0.6566    0.3282
...    17 T-A ...
  -20.1540  -25.7960   37.7952
   -0.6447    0.2383   -0.7263
    0.4134   -0.6905   -0.5935
   -0.6430   -0.6829    0.3467
...    18 T-A ...
  -22.3672  -27.9063   39.0011
   -0.2730   -0.2186   -0.9368
    0.7201   -0.6922   -0.0484
   -0.6379   -0.6878    0.3464
...    19 A-T ...
  -24.2526  -30.5191   40.3020
    0.2786   -0.6448   -0.7118
    0.7207   -0.3496    0.5987
   -0.6349   -0.6798    0.3673
...    20 T-A ...
  -26.7566  -32.6085   40.9988
    0.6170   -0.7425   -0.2607
    0.4576    0.0690    0.8865
   -0.6402   -0.6663    0.3824
...    21 T-A ...
  -28.8996  -34.8486   42.0014
    0.7497   -0.5648    0.3447
   -0.0215    0.4999    0.8658
   -0.6614   -0.6565    0.3627
...    22 C-G ...
  -31.0392  -37.0446   43.2484
    0.5939   -0.1255    0.7947
   -0.4875    0.7297    0.4795
   -0.6401   -0.6722    0.3722
...    23 G-C ...
  -33.4604  -38.8527   44.8259
    0.3062    0.4081    0.8600
   -0.7606    0.6482   -0.0369
   -0.5725   -0.6428    0.5089
...    24 C-G ...
  -35.0197  -41.2022   46.5453
   -0.1137    0.7268    0.6774
   -0.8046    0.3326   -0.4919
   -0.5829   -0.6010    0.5469
...    25 A-T ...
  -37.4249  -43.1949   47.8712
   -0.5539    0.8094    0.1949
   -0.5632   -0.1919   -0.8038
   -0.6132   -0.5550    0.5621
...    26 A-T ...
  -39.4402  -44.9226   49.8121
   -0.7772    0.5370   -0.3280
   -0.1250   -0.6426   -0.7559
   -0.6167   -0.5465    0.5666
...    27 A-T ...
  -41.4178  -46.5006   51.8889
   -0.7084    0.0315   -0.7051
    0.3752   -0.8294   -0.4140
   -0.5979   -0.5578    0.5757
...    28 G-C ...
  -43.7382  -48.0482   53.8351
   -0.3504   -0.4153   -0.8395
    0.6971   -0.7143    0.0623
   -0.6255   -0.5633    0.5398
...    29 G-C ...
  -46.1185  -49.9307   55.4998
    0.1717   -0.7383   -0.6523
    0.7568   -0.3250    0.5671
   -0.6307   -0.5910    0.5029
...    30 C-G ...
  -48.3773  -51.9409   56.8476
    0.6014   -0.7692   -0.2159
    0.5055    0.1571    0.8484
   -0.6187   -0.6194    0.4833
...    31 C-G ...
  -50.6563  -54.0011   58.2942
    0.8157   -0.5032    0.2853
    0.0645    0.5693    0.8196
   -0.5748   -0.6501    0.4969
...    32 G-C ...
  -52.4962  -55.7662   60.1289
    0.7738   -0.0459    0.6318
   -0.3925    0.7481    0.5351
   -0.4972   -0.6620    0.5609
...    33 G-C ...
  -53.9314  -58.0906   62.0967
    0.4449    0.4456    0.7768
   -0.7669    0.6375    0.0736
   -0.4625   -0.6285    0.6254
...    34 C-G ...
  -55.1407  -60.3759   64.1644
   -0.0441    0.7723    0.6337
   -0.8832    0.2663   -0.3860
   -0.4668   -0.5768    0.6704
...    35 C-G ...
  -56.5213  -62.0496   66.8081
   -0.4962    0.8355    0.2361
   -0.7139   -0.2378   -0.6587
   -0.4942   -0.4953    0.7144
...    36 C-G ...
  -58.2202  -63.4278   69.3849
   -0.7908    0.5627   -0.2408
   -0.3209   -0.7162   -0.6198
   -0.5212   -0.4128    0.7469
...    37 G-C ...
  -60.0214  -65.6346   71.3795
   -0.7971    0.0597   -0.6009
    0.1883   -0.9209   -0.3413
   -0.5738   -0.3852    0.7228
...    38 A-T ...
  -61.9314  -66.8176   73.6837
   -0.5234   -0.5180   -0.6765
    0.6282   -0.7710    0.1042
   -0.5756   -0.3705    0.7290
...    39 C-G ...
  -64.2453  -67.8152   75.7289
   -0.0883   -0.8489   -0.5211
    0.7987   -0.3729    0.4722
   -0.5952   -0.3746    0.7109
...    40 A-T ...
  -66.2110  -69.2682   78.1075
    0.4473   -0.8873   -0.1120
    0.6777    0.2546    0.6899
   -0.5837   -0.3845    0.7152
...    41 C-G ...
  -68.2981  -70.9441   80.1532
    0.7492   -0.6034    0.2732
    0.3280    0.6963    0.6384
   -0.5755   -0.3887    0.7195
...    42 G-C ...
  -70.1979  -71.6949   82.7875
    0.8220   -0.0247    0.5689
   -0.1847    0.9335    0.3075
   -0.5386   -0.3578    0.7628
...    43 A-T ...
  -72.0890  -72.8794   85.0505
    0.5577    0.5436    0.6273
   -0.6172    0.7769   -0.1244
   -0.5549   -0.3178    0.7688
...    44 C-G ...
  -73.4436  -74.3926   87.6400
    0.1756    0.9016    0.3954
   -0.8308    0.3512   -0.4318
   -0.5281   -0.2527    0.8107
...    45 T-A ...
  -74.8847  -75.1609   90.7982
   -0.2922    0.9552   -0.0469
   -0.7813   -0.2667   -0.5643
   -0.5515   -0.1283    0.8243
...    46 T-A ...
  -76.7044  -75.4318   93.3799
   -0.6303    0.6625   -0.4047
   -0.5111   -0.7466   -0.4259
   -0.5843   -0.0616    0.8092
...    47 A-T ...
  -78.9202  -75.7142   95.8917
   -0.7739    0.0503   -0.6313
   -0.0362   -0.9987   -0.0352
   -0.6323   -0.0044    0.7747
...    48 C-G ...
  -81.3418  -75.0619   98.1632
   -0.6605   -0.5085   -0.5524
    0.3661   -0.8605    0.3543
   -0.6555    0.0317    0.7545
...    49 T-A ...
  -83.8985  -74.7042  100.3828
   -0.3128   -0.9008   -0.3013
    0.6332   -0.4342    0.6407
   -0.7079    0.0096    0.7062
...    50 G-C ...
  -86.1105  -74.7927  102.8741
    0.1596   -0.9771    0.1407
    0.6909    0.2124    0.6910
   -0.7051   -0.0131    0.7090
...    51 T-A ...
  -88.6363  -75.1866  104.8718
    0.5034   -0.6832    0.5290
    0.4847    0.7301    0.4816
   -0.7152    0.0139    0.6987
...    52 A-T ...
  -90.9196  -73.8556  107.3286
    0.6294    0.0461    0.7757
    0.0380    0.9952   -0.0900
   -0.7762    0.0861    0.6246
...    53 G-C ...
  -93.6436  -73.5685  109.1942
    0.6279    0.5729    0.5268
   -0.2901    0.8004   -0.5246
   -0.7222    0.1766    0.6687
...    54 G-C ...
  -95.8226  -73.1747  111.9540
    0.4264    0.9039    0.0335
   -0.6101    0.3148   -0.7271
   -0.6677    0.2896    0.6857
...    55 T-A ...
  -97.6235  -72.1718  114.4231
    0.0853    0.9110   -0.4036
   -0.7484   -0.2088   -0.6295
   -0.6577    0.3557    0.6640
...    56 A-T ...
  -99.4903  -70.4541  116.7794
   -0.2685    0.5500   -0.7908
   -0.6981   -0.6768   -0.2336
   -0.6637    0.4894    0.5657
...    57 T-A ...
 -101.2007  -68.3397  118.5602
   -0.5760    0.0815   -0.8134
   -0.4691   -0.8478    0.2472
   -0.6694    0.5240    0.5266
...    58 C-G ...
 -103.5741  -66.3733  120.1295
   -0.7240   -0.5063   -0.4685
   -0.0093   -0.6719    0.7406
   -0.6898    0.5405    0.4817
...    59 T-A ...
 -106.1256  -64.5812  121.3876
   -0.5843   -0.8106    0.0380
    0.3806   -0.2324    0.8950
   -0.7167    0.5374    0.4443
...    60 C-G ...
 -108.3980  -62.8744  123.1441
   -0.2313   -0.7394    0.6323
    0.6536    0.3633    0.6639
   -0.7206    0.5668    0.3993
...    61 G-C ...
 -110.1552  -60.4634  124.7087
    0.2074   -0.3412    0.9168
    0.6853    0.7195    0.1128
   -0.6981    0.6049    0.3831
...    62 A-T ...
 -112.2248  -58.0046  125.4650
    0.6137    0.1796    0.7689
    0.4539    0.7165   -0.5297
   -0.6460    0.6741    0.3582
...    63 G-C ...
 -114.3676  -55.7532  126.6069
    0.7952    0.5185    0.3143
    0.0608    0.4476   -0.8922
   -0.6033    0.7286    0.3245
...    64 C-G ...
 -116.3676  -53.4409  128.1510
    0.7160    0.6334   -0.2935
   -0.4113    0.0430   -0.9105
   -0.5641    0.7726    0.2913
...    65 T-A ...
 -118.0557  -50.7858  129.2968
    0.4459    0.4549   -0.7709
   -0.7447   -0.2892   -0.6014
   -0.4965    0.8423    0.2098
...    66 C-G ...
 -119.6956  -47.9463  129.6116
   -0.0423    0.1365   -0.9897
   -0.9063   -0.4222   -0.0195
   -0.4205    0.8962    0.1416
...    67 G-C ...
 -121.8985  -45.2845  129.5932
   -0.5248   -0.2012   -0.8271
   -0.7606   -0.3253    0.5618
   -0.3821    0.9239    0.0177
...    68 G-C ...
 -123.2160  -42.1416  129.0193
   -0.8524   -0.3966   -0.3409
   -0.3379   -0.0798    0.9378
   -0.3991    0.9145   -0.0660
...    69 G-C ...
 -124.9322  -39.2799  128.4171
   -0.8656   -0.4212    0.2710
    0.1825    0.2387    0.9538
   -0.4664    0.8750   -0.1297
...    70 A-T ...
 -126.5811  -36.3909  127.5925
   -0.5755   -0.1100    0.8103
    0.6972    0.4519    0.5565
   -0.4274    0.8853   -0.1834
...    71 T-A ...
 -128.4579  -33.7705  126.7629
   -0.1073    0.1740    0.9789
    0.9028    0.4294    0.0227
   -0.4164    0.8862   -0.2032
...    72 C-G ...
 -130.1252  -30.8741  126.0749
    0.4792    0.4407    0.7590
    0.7815    0.1794   -0.5976
   -0.3995    0.8795   -0.2584
...    73 C-G ...
 -131.6693  -28.1575  124.9110
    0.8760    0.3434    0.3387
    0.4018   -0.1311   -0.9063
   -0.2668    0.9300   -0.2528
...    74 G-C ...
 -132.3367  -25.1408  123.5681
    0.9772    0.0650   -0.2020
   -0.1729   -0.3081   -0.9355
   -0.1231    0.9491   -0.2899
...    75 C-G ...
 -132.6009  -21.7381  123.0070
    0.7024   -0.1692   -0.6914
   -0.7045   -0.3045   -0.6411
   -0.1021    0.9374   -0.3330
...    76 T-A ...
 -132.4277  -18.4624  121.8518
    0.1697   -0.3768   -0.9106
   -0.9844   -0.1082   -0.1387
   -0.0463    0.9199   -0.3893
...    77 T-A ...
 -132.2595  -15.5329  120.4272
   -0.4423   -0.3810   -0.8119
   -0.8964    0.1604    0.4131
   -0.0272    0.9106   -0.4125
...    78 T-A ...
 -132.2469  -12.6610  118.8820
   -0.8812   -0.2238   -0.4164
   -0.4721    0.3724    0.7990
   -0.0238    0.9007   -0.4339
...    79 A-T ...
 -132.5017   -9.3768  118.0990
   -0.9775    0.1532    0.1448
    0.1983    0.4353    0.8782
    0.0715    0.8872   -0.4559
...    80 A-T ...
 -132.3049   -6.6056  116.3893
   -0.6396    0.4621    0.6143
    0.7558    0.2320    0.6123
    0.1404    0.8559   -0.4977
...    81 C-G ...
 -132.3147   -3.7938  114.4082
   -0.0707    0.5585    0.8265
    0.9847   -0.0930    0.1471
    0.1590    0.8242   -0.5434
...    82 A-T ...
 -131.6920   -1.0987  112.5148
    0.5562    0.3610    0.7485
    0.8039   -0.4620   -0.3746
    0.2106    0.8101   -0.5472
...    83 C-G ...
 -131.3946    1.9546  111.0914
    0.8963    0.0411    0.4416
    0.3738   -0.6058   -0.7023
    0.2386    0.7946   -0.5583
...    84 T-A ...
 -130.4637    5.0357  109.5673
    0.9154   -0.4025    0.0062
   -0.2277   -0.5304   -0.8166
    0.3320    0.7461   -0.5772
...    85 T-A ...
 -129.1369    7.5010  107.9311
    0.6049   -0.6648   -0.4383
   -0.7128   -0.2068   -0.6702
    0.3549    0.7178   -0.5990
...    86 T-A ...
 -127.8712    9.6964  105.9248
    0.0655   -0.7279   -0.6825
   -0.9204    0.2201   -0.3230
    0.3854    0.6494   -0.6556
...    87 A-T ...
 -126.7655   11.7482  103.5155
   -0.5256   -0.5117   -0.6796
   -0.7611    0.6398    0.1069
    0.3801    0.5734   -0.7257
...    88 T-A ...
 -125.1002   13.0549  100.9533
   -0.8458   -0.0883   -0.5261
   -0.3607    0.8213    0.4420
    0.3931    0.5636   -0.7266
...    89 T-A ...
 -123.8102   14.6262   98.3978
   -0.8690    0.4573   -0.1889
    0.2392    0.7226    0.6486
    0.4331    0.5185   -0.7373
...    90 C-G ...
 -122.3108   16.5419   96.0743
   -0.5203    0.8239    0.2244
    0.7351    0.2984    0.6088
    0.4346    0.4818   -0.7609
...    91 A-T ...
 -120.5088   17.8883   93.5316
   -0.0290    0.8084    0.5879
    0.9069   -0.2261    0.3556
    0.4204    0.5435   -0.7266
...    92 T-A ...
 -119.5913   19.8423   91.0501
    0.4418    0.5678    0.6946
    0.7871   -0.6168    0.0036
    0.4305    0.5451   -0.7194
...    93 G-C ...
 -118.1710   21.7513   88.5199
    0.8023    0.0375    0.5958
    0.3351   -0.8542   -0.3975
    0.4940    0.5186   -0.6979
...    94 T-A ...
 -116.6226   23.9724   86.5244
    0.8491   -0.4397    0.2929
   -0.1649   -0.7473   -0.6437
    0.5019    0.4982   -0.7070
...    95 T-A ...
 -114.8916   25.5836   84.4220
    0.5779   -0.8133   -0.0677
   -0.6100   -0.3754   -0.6979
    0.5422    0.4446   -0.7130
...    96 A-T ...
 -113.1984   26.8315   81.8253
    0.0586   -0.9185   -0.3909
   -0.8177    0.1805   -0.5467
    0.5727    0.3517   -0.7405
...    97 T-A ...
 -110.7939   27.5814   79.7537
   -0.3766   -0.6993   -0.6076
   -0.7227    0.6321   -0.2795
    0.5795    0.3338   -0.7434
...    98 A-T ...
 -108.9781   28.7789   77.1556
   -0.7552   -0.1672   -0.6338
   -0.3126    0.9417    0.1242
    0.5761    0.2919   -0.7635
...    99 A-T ...
 -107.1533   29.4697   74.6038
   -0.7892    0.4158   -0.4519
    0.1947    0.8674    0.4579
    0.5824    0.2734   -0.7655
...   100 C-G ...
 -105.4721   29.8478   71.5873
   -0.5246    0.8405   -0.1356
    0.6058    0.4805    0.6342
    0.5982    0.2505   -0.7612
...   101 G-C ...
 -103.3845   30.8415   69.2552
   -0.0519    0.9524    0.3005
    0.8106   -0.1356    0.5696
    0.5832    0.2731   -0.7650
...   102 G-C ...
 -101.6066   31.8058   66.6239
    0.3482    0.7047    0.6182
    0.7151   -0.6261    0.3109
    0.6062    0.3338   -0.7219
...   103 A-T ...
  -99.6453   32.7710   64.1544
    0.6927    0.1762    0.6994
    0.3464   -0.9318   -0.1083
    0.6326    0.3173   -0.7065
...   104 G-C ...
  -97.4978   33.9352   61.9244
    0.7300   -0.3731    0.5726
   -0.0907   -0.8833   -0.4599
    0.6774    0.2838   -0.6787
...   105 C-G ...
  -95.0147   35.2153   59.9669
    0.5053   -0.8306    0.2339
   -0.4917   -0.4999   -0.7130
    0.7092    0.2453   -0.6610
...   106 T-A ...
  -92.1853   35.9087   58.0763
    0.1056   -0.9756   -0.1926
   -0.6584    0.0766   -0.7487
    0.7452    0.2059   -0.6343
...   107 T-A ...
  -89.6404   36.3583   56.1775
   -0.3225   -0.7729   -0.5464
   -0.5763    0.6183   -0.5344
    0.7509    0.1425   -0.6449
...   108 C-G ...
  -87.1204   36.5163   53.9795
   -0.6218   -0.2604   -0.7386
   -0.2544    0.9591   -0.1241
    0.7407    0.1108   -0.6626
...   109 C-G ...
  -84.7934   36.6427   51.6259
   -0.7212    0.2849   -0.6315
    0.1398    0.9526    0.2701
    0.6785    0.1064   -0.7268
...   110 G-C ...
  -82.7146   37.2974   49.4384
   -0.5933    0.7325   -0.3338
    0.5168    0.6646    0.5397
    0.6171    0.1477   -0.7729
...   111 G-C ...
  -80.9591   37.9401   46.6200
   -0.2304    0.9705    0.0713
    0.7710    0.1373    0.6219
    0.5937    0.1982   -0.7799
...   112 C-G ...
  -79.4479   38.7353   43.7276
    0.2161    0.8717    0.4398
    0.7658   -0.4308    0.4775
    0.6057    0.2336   -0.7606
...   113 T-A ...
  -77.6036   39.6329   41.1092
    0.5600    0.4931    0.6658
    0.5368   -0.8281    0.1619
    0.6311    0.2667   -0.7284
...   114 C-G ...
  -75.4084   40.4495   38.7426
    0.7432   -0.1024    0.6612
    0.1182   -0.9526   -0.2804
    0.6585    0.2866   -0.6959
...   115 G-C ...
  -73.1786   40.8657   36.2739
    0.6068   -0.6697    0.4281
   -0.3255   -0.7007   -0.6348
    0.7251    0.2459   -0.6432
...   116 T-A ...
  -70.3434   41.7025   34.7625
    0.2998   -0.9527    0.0500
   -0.5897   -0.2263   -0.7753
    0.7500    0.2029   -0.6296
...   117 A-T ...
  -67.4578   42.1641   32.9836
   -0.1516   -0.9137   -0.3771
   -0.6217    0.3848   -0.6822
    0.7684    0.1310   -0.6264
...   118 T-A ...
  -64.5973   42.1283   31.3821
   -0.4340   -0.5821   -0.6876
   -0.4521    0.8009   -0.3926
    0.7793    0.1404   -0.6108
...   119 A-T ...
  -61.9437   42.8482   29.3032
   -0.5904    0.0955   -0.8014
   -0.0582    0.9854    0.1603
    0.8050    0.1413   -0.5762
...   120 A-T ...
  -59.3623   42.9561   27.3233
   -0.5074    0.6469   -0.5693
    0.2839    0.7492    0.5983
    0.8136    0.1419   -0.5638
...   121 T-A ...
  -56.9604   43.0270   24.9877
   -0.2717    0.9467   -0.1730
    0.5002    0.2925    0.8150
    0.8222    0.1349   -0.5530
...   122 G-C ...
  -54.1923   43.5332   22.9364
    0.0115    0.9173    0.3980
    0.5576   -0.3363    0.7589
    0.8300    0.2133   -0.5153
...   123 T-A ...
  -51.7440   44.4728   20.9653
    0.2676    0.6087    0.7469
    0.4642   -0.7607    0.4536
    0.8443    0.2253   -0.4862
...   124 G-C ...
  -48.8757   45.3248   19.4187
    0.3990    0.0312    0.9164
    0.2534   -0.9643   -0.0775
    0.8813    0.2631   -0.3926
...   125 T-A ...
  -46.1710   46.6058   18.3119
    0.4180   -0.4937    0.7626
    0.0276   -0.8321   -0.5539
    0.9080    0.2526   -0.3342
...   126 C-G ...
  -43.2146   47.3176   17.4442
    0.3583   -0.8877    0.2891
   -0.1928   -0.3734   -0.9074
    0.9135    0.2694   -0.3049
...   127 G-C ...
  -40.2823   47.8227   15.9161
    0.0959   -0.9702   -0.2225
   -0.2815    0.1880   -0.9410
    0.9548    0.1529   -0.2551
...   128 A-T ...
  -37.2115   48.2832   15.1579
   -0.0801   -0.6620   -0.7452
   -0.2834    0.7319   -0.6197
    0.9556    0.1615   -0.2463
...   129 C-G ...
  -33.9182   48.1134   14.7029
   -0.2463   -0.1664   -0.9548
   -0.1909    0.9742   -0.1205
    0.9502    0.1526   -0.2717
...   130 C-G ...
  -30.7192   48.2095   13.5058
   -0.3865    0.3766   -0.8419
   -0.0042    0.9121    0.4099
    0.9223    0.1620   -0.3509
...   131 A-T ...
  -27.5417   49.2965   13.0227
   -0.3603    0.8390   -0.4077
    0.2039    0.4973    0.8433
    0.9103    0.2207   -0.3502
...   132 A-T ...
  -24.6015   49.9806   11.7409
   -0.1929    0.9681    0.1596
    0.3690   -0.0792    0.9261
    0.9092    0.2376   -0.3420
...   133 A-T ...
  -21.7793   50.8547   10.2969
    0.0797    0.7388    0.6692
    0.3955   -0.6397    0.6591
    0.9150    0.2121   -0.3432
...   134 T-A ...
  -19.0083   52.0403    8.9385
    0.2450    0.2904    0.9250
    0.3072   -0.9282    0.2101
    0.9196    0.2327   -0.3166
...   135 G-C ...
  -16.4569   53.8981    7.5292
    0.5336   -0.3334    0.7773
    0.0348   -0.9096   -0.4140
    0.8450    0.2479   -0.4738
...   136 T-A ...
  -14.1680   56.5699    6.1950
    0.5795   -0.7269    0.3684
   -0.3140   -0.6163   -0.7222
    0.7521    0.3028   -0.5854
...   137 G-C ...
  -11.6468   58.0147    4.7338
    0.2454   -0.9541   -0.1717
   -0.6318   -0.0231   -0.7748
    0.7352    0.2986   -0.6085
...   138 A-T ...
   -8.6697   58.7290    3.6172
   -0.0344   -0.7815   -0.6230
   -0.6534    0.4892   -0.5777
    0.7562    0.3872   -0.5274
...   139 G-C ...
   -6.3211   59.0880    1.6442
   -0.2967   -0.3277   -0.8970
   -0.5657    0.8170   -0.1114
    0.7694    0.4744   -0.4278
...   140 C-G ...
   -3.4296   60.2438    1.0436
   -0.4424    0.2288   -0.8671
   -0.1682    0.9286    0.3309
    0.8809    0.2922   -0.3723
...   141 G-C ...
   -0.6893   63.9064   -2.2355
   -0.9992    0.0156   -0.0375
   -0.0024    0.8991    0.4378
    0.0405    0.4375   -0.8983
...   142 C-G ...
   -0.9979   65.6138   -4.9248
   -0.8337    0.5217    0.1810
    0.5169    0.6220    0.5881
    0.1942    0.5839   -0.7882
...   143 T-A ...
   -0.1244   66.2251   -7.8040
   -0.3751    0.8568    0.3538
    0.8856    0.2185    0.4098
    0.2739    0.4670   -0.8408
...   144 C-G ...
   -0.1580   67.4198  -10.7920
    0.1799    0.8792    0.4411
    0.9276   -0.3009    0.2214
    0.3274    0.3694   -0.8697
...   145 A-T ...
    0.5353   69.2488  -13.4512
    0.7352    0.4961    0.4620
    0.6117   -0.7791   -0.1369
    0.2921    0.3832   -0.8763
...   146 C-G ...
    1.4421   72.1065  -15.5857
    0.9808    0.0622    0.1849
    0.1266   -0.9240   -0.3608
    0.1484    0.3773   -0.9141
...   147 A-T ...
    2.3151   74.2411  -18.3713
    0.8657   -0.4292   -0.2574
   -0.4984   -0.7868   -0.3642
   -0.0462    0.4436   -0.8950
