  147 base-pairs
...     1 A-T ...
    0.0000    0.0000    0.0000
    1.0000    0.0000    0.0000
    0.0000    1.0000    0.0000
    0.0000    0.0000    1.0000
...     2 G-C ...
   -0.1394   -1.2357    3.2268
    0.7529    0.6366    0.1670
   -0.6386    0.7680   -0.0486
   -0.1592   -0.0700    0.9848
...     3 T-A ...
   -0.0365   -3.2932    6.3751
    0.2722    0.9301    0.2466
   -0.9238    0.3243   -0.2033
   -0.2691   -0.1725    0.9475
...     4 G-C ...
   -0.3505   -4.1660    9.4928
   -0.3756    0.9250    0.0579
   -0.8781   -0.3352   -0.3415
   -0.2965   -0.1791    0.9381
...     5 A-T ...
   -0.4462   -4.1476   12.7498
   -0.8116    0.5840   -0.0165
   -0.5523   -0.7762   -0.3042
   -0.1905   -0.2378    0.9524
...     6 G-C ...
   -1.5908   -4.1730   15.6201
   -0.9976    0.0246   -0.0651
   -0.0043   -0.9555   -0.2950
   -0.0695   -0.2940    0.9533
...     7 C-G ...
   -1.1030   -4.4824   18.7362
   -0.8441   -0.5304   -0.0787
    0.5345   -0.8441   -0.0432
   -0.0435   -0.0785    0.9960
...     8 G-C ...
   -2.4028   -7.7290   23.1475
   -0.2754   -0.3293   -0.9032
    0.6650   -0.7437    0.0684
   -0.6942   -0.5818    0.4238
...     9 C-G ...
   -4.4690   -9.9728   24.1132
    0.1145   -0.7025   -0.7024
    0.8512   -0.2952    0.4340
   -0.5122   -0.6476    0.5642
...    10 T-A ...
   -6.7405  -10.8752   25.9697
    0.4841   -0.8363   -0.2574
    0.6595    0.1553    0.7355
   -0.5751   -0.5258    0.6267
...    11 C-G ...
   -9.1656  -12.6208   27.1640
    0.7073   -0.6682    0.2307
    0.3448    0.6110    0.7126
   -0.6171   -0.4245    0.6626
...    12 A-T ...
  -10.9234  -14.6633   29.0693
    0.7515   -0.1377    0.6452
   -0.2029    0.8824    0.4246
   -0.6277   -0.4500    0.6352
...    13 C-G ...
  -11.8476  -17.4863   31.2451
    0.4295    0.2823    0.8578
   -0.5708    0.8209    0.0156
   -0.6998   -0.4963    0.5137
...    14 A-T ...
  -13.5897  -19.7827   33.4259
   -0.1504    0.6104    0.7777
   -0.6874    0.5008   -0.5260
   -0.7106   -0.6136    0.3443
...    15 A-T ...
  -15.7325  -21.8842   34.6949
   -0.5401    0.7775    0.3221
   -0.4544    0.0528   -0.8892
   -0.7084   -0.6266    0.3248
...    16 T-A ...
  -17.8158  -23.8206   36.3689
   -0.6966    0.6925   -0.1876
   -0.1028   -0.3551   -0.9292
   -0.7101   -0.6280    0.3185
...    17 T-A ...
  -20.1300  -25.7500   37.5842
   -0.6190    0.3586   -0.6987
    0.3278   -0.6905   -0.6448
   -0.7137   -0.6281    0.3099
...    18 T-A ...
  -22.5575  -27.6163   38.6661
   -0.3032   -0.1060   -0.9470
    0.6263   -0.7712   -0.1141
   -0.7183   -0.6277    0.3002
...    19 A-T ...
  -24.7849  -29.9721   39.6197
    0.1852   -0.5446   -0.8180
    0.6626   -0.5455    0.5132
   -0.7257   -0.6371    0.2599
...    20 T-A ...
  -27.5249  -31.7866   39.9496
    0.5017   -0.7496   -0.4318
    0.4664   -0.1860    0.8648
   -0.7286   -0.6352    0.2563
...    21 T-A ...
  -29.9839  -33.8480   40.5185
    0.6667   -0.7266    0.1660
    0.0803    0.2915    0.9532
   -0.7410   -0.6222    0.2527
...    22 C-G ...
  -32.3718  -36.0066   41.2769
    0.5885   -0.3903    0.7080
   -0.3483    0.6679    0.6577
   -0.7296   -0.6337    0.2571
...    23 G-C ...
  -34.9800  -37.8578   42.3880
    0.3385    0.1279    0.9322
   -0.6395    0.7580    0.1282
   -0.6902   -0.6396    0.3384
...    24 C-G ...
  -36.9702  -40.2769   43.5617
   -0.0514    0.5577    0.8285
   -0.7198    0.5544   -0.4178
   -0.6923   -0.6178    0.3729
...    25 A-T ...
  -39.4712  -42.2301   44.6568
   -0.3983    0.8328    0.3844
   -0.5634    0.1086   -0.8190
   -0.7238   -0.5428    0.4259
...    26 A-T ...
  -41.7310  -43.9453   46.2362
   -0.6450    0.7451   -0.1695
   -0.2253   -0.3974   -0.8896
   -0.7302   -0.5356    0.4242
...    27 A-T ...
  -44.1174  -45.5212   47.7721
   -0.6479    0.3794   -0.6605
    0.1881   -0.7606   -0.6214
   -0.7381   -0.5269    0.4214
...    28 G-C ...
  -46.7400  -46.9936   49.1983
   -0.3916   -0.0643   -0.9179
    0.4941   -0.8562   -0.1508
   -0.7762   -0.5126    0.3671
...    29 G-C ...
  -49.5938  -48.5435   50.1655
    0.0107   -0.4968   -0.8678
    0.5982   -0.6922    0.4037
   -0.8013   -0.5235    0.2898
...    30 C-G ...
  -52.4801  -50.1401   50.7398
    0.3698   -0.7850   -0.4970
    0.4715   -0.3024    0.8284
   -0.8006   -0.5407    0.2583
...    31 C-G ...
  -55.2077  -52.0976   51.2781
    0.6186   -0.7844    0.0444
    0.1600    0.1811    0.9704
   -0.7692   -0.5932    0.2375
...    32 G-C ...
  -57.7467  -53.9909   52.4738
    0.6589   -0.4787    0.5802
   -0.2412    0.5962    0.7658
   -0.7125   -0.6445    0.2774
...    33 G-C ...
  -60.0422  -56.3751   53.2519
    0.4633   -0.0100    0.8861
   -0.5713    0.7611    0.3073
   -0.6775   -0.6486    0.3469
...    34 C-G ...
  -61.9983  -58.8432   54.3594
    0.1005    0.4499    0.8874
   -0.7308    0.6386   -0.2409
   -0.6751   -0.6243    0.3930
...    35 C-G ...
  -64.0599  -61.0646   55.8707
   -0.2520    0.7882    0.5614
   -0.6739    0.2734   -0.6863
   -0.6945   -0.5513    0.4623
...    36 C-G ...
  -66.2789  -62.8183   57.7148
   -0.5092    0.8598    0.0383
   -0.4421   -0.2231   -0.8688
   -0.7384   -0.4593    0.4937
...    37 G-C ...
  -69.0276  -64.3001   59.0194
   -0.5740    0.6303   -0.5228
   -0.1182   -0.6955   -0.7087
   -0.8103   -0.3450    0.4737
...    38 A-T ...
  -71.7837  -65.2878   60.5304
   -0.5033    0.0943   -0.8589
    0.2263   -0.9450   -0.2363
   -0.8340   -0.3133    0.4543
...    39 C-G ...
  -74.7888  -65.7053   61.9243
   -0.2886   -0.4270   -0.8570
    0.4417   -0.8535    0.2765
   -0.8495   -0.2988    0.4349
...    40 A-T ...
  -77.4927  -66.9921   63.4197
    0.0788   -0.8375   -0.5407
    0.4975   -0.4370    0.7493
   -0.8639   -0.3280    0.3822
...    41 C-G ...
  -80.6341  -67.9909   64.0981
    0.3373   -0.9404   -0.0434
    0.3698    0.0900    0.9248
   -0.8658   -0.3279    0.3781
...    42 G-C ...
  -83.4128  -68.9491   65.7739
    0.5513   -0.6829    0.4793
    0.1018    0.6253    0.7737
   -0.8281   -0.3778    0.4142
...    43 A-T ...
  -86.1991  -70.2091   67.0199
    0.5210   -0.1554    0.8393
   -0.2377    0.9180    0.3175
   -0.8198   -0.3649    0.4413
...    44 C-G ...
  -88.6554  -71.9732   68.3929
    0.3437    0.3755    0.8607
   -0.4755    0.8600   -0.1853
   -0.8098   -0.3456    0.4742
...    45 T-A ...
  -91.1444  -73.2745   70.1693
    0.1047    0.8078    0.5801
   -0.5959    0.5179   -0.6137
   -0.7962   -0.2814    0.5357
...    46 T-A ...
  -93.6017  -74.1994   72.0584
   -0.2199    0.9704    0.1000
   -0.5561   -0.0405   -0.8301
   -0.8015   -0.2382    0.5486
...    47 A-T ...
  -96.3840  -74.8125   73.8193
   -0.4200    0.7765   -0.4698
   -0.3585   -0.6175   -0.7001
   -0.8337   -0.1256    0.5377
...    48 C-G ...
  -98.9857  -74.6171   75.8607
   -0.5182    0.3287   -0.7896
   -0.1079   -0.9409   -0.3209
   -0.8484   -0.0812    0.5231
...    49 T-A ...
 -101.9074  -74.5100   77.4577
   -0.4578   -0.2406   -0.8559
    0.1475   -0.9699    0.1937
   -0.8767   -0.0376    0.4795
...    50 G-C ...
 -104.8264  -75.0480   79.0142
   -0.2421   -0.7800   -0.5770
    0.3566   -0.6246    0.6947
   -0.9023   -0.0376    0.4294
...    51 T-A ...
 -108.0850  -74.9533   79.8906
   -0.0152   -0.9954   -0.0944
    0.4320   -0.0917    0.8972
   -0.9018   -0.0271    0.4314
...    52 A-T ...
 -110.8551  -74.6392   81.9436
    0.2037   -0.7816    0.5896
    0.3713    0.6189    0.6922
   -0.9059    0.0780    0.4163
...    53 G-C ...
 -113.9629  -74.5881   83.1865
    0.4193   -0.3101    0.8533
    0.2205    0.9465    0.2357
   -0.8807    0.0893    0.4652
...    54 G-C ...
 -117.0327  -74.4964   84.6443
    0.5544    0.2640    0.7893
   -0.0337    0.9547   -0.2957
   -0.8316    0.1373    0.5382
...    55 T-A ...
 -119.6031  -74.5471   86.7198
    0.5011    0.7218    0.4774
   -0.3161    0.6662   -0.6754
   -0.8055    0.1876    0.5621
...    56 C-G ...
 -122.1826  -73.8911   88.6227
    0.2809    0.9579   -0.0593
   -0.5631    0.1145   -0.8184
   -0.7772    0.2633    0.5716
...    57 A-T ...
 -124.8206  -72.7991   90.4079
    0.0210    0.8045   -0.5936
   -0.6704   -0.4291   -0.6053
   -0.7417    0.4106    0.5303
...    58 T-A ...
 -126.7591  -71.0115   92.3533
   -0.3101    0.4617   -0.8311
   -0.6033   -0.7712   -0.2033
   -0.7348    0.4384    0.5176
...    59 G-C ...
 -129.5018  -69.6810   93.7683
   -0.5577   -0.1230   -0.8209
   -0.3534   -0.8597    0.3689
   -0.7511    0.4958    0.4359
...    60 T-A ...
 -131.9109  -67.5592   94.7470
   -0.6645   -0.5720   -0.4809
   -0.0063   -0.6392    0.7690
   -0.7473    0.5140    0.4212
...    61 T-A ...
 -134.3432  -65.6559   95.8449
   -0.5896   -0.7991    0.1177
    0.4071   -0.1681    0.8978
   -0.6976    0.5772    0.4244
...    62 A-T ...
 -136.0514  -63.3535   97.8551
   -0.2163   -0.6002    0.7701
    0.7494    0.4035    0.5249
   -0.6258    0.6906    0.3625
...    63 T-A ...
 -138.6124  -61.4355   98.7712
    0.1977   -0.2763    0.9405
    0.7659    0.6424    0.0278
   -0.6118    0.7149    0.3386
...    64 A-T ...
 -140.4221  -58.6914   99.6418
    0.6592    0.1930    0.7268
    0.4772    0.6396   -0.6026
   -0.5812    0.7441    0.3295
...    65 A-T ...
 -142.3336  -56.3682  100.8419
    0.8361    0.4993    0.2274
    0.0110    0.3992   -0.9168
   -0.5485    0.7690    0.3282
...    66 C-G ...
 -143.9298  -54.0169  102.4779
    0.7492    0.5798   -0.3200
   -0.4441    0.0813   -0.8923
   -0.4914    0.8107    0.3184
...    67 G-C ...
 -145.5291  -51.0975  103.1337
    0.4398    0.3830   -0.8123
   -0.8193   -0.1994   -0.5376
   -0.3679    0.9020    0.2261
...    68 G-C ...
 -146.3257  -47.8364  103.5804
   -0.0571    0.1123   -0.9920
   -0.9503   -0.3109    0.0195
   -0.3062    0.9438    0.1244
...    69 A-T ...
 -147.2869  -44.6670  103.7044
   -0.6212   -0.1195   -0.7745
   -0.7318   -0.2651    0.6278
   -0.2803    0.9568    0.0772
...    70 T-A ...
 -147.8074  -41.4025  103.3691
   -0.9226   -0.2135   -0.3212
   -0.2939   -0.1501    0.9440
   -0.2498    0.9653    0.0758
...    71 A-T ...
 -148.4127  -38.1250  104.4543
   -0.8842   -0.1206    0.4512
    0.4534    0.0097    0.8912
   -0.1119    0.9927    0.0461
...    72 T-A ...
 -149.1843  -34.8996  104.0272
   -0.5083   -0.0475    0.8599
    0.8582    0.0547    0.5104
   -0.0713    0.9974    0.0130
...    73 C-G ...
 -149.4492  -31.5813  103.9102
    0.1355   -0.0004    0.9908
    0.9900    0.0385   -0.1354
   -0.0381    0.9993    0.0056
...    74 T-A ...
 -149.7819  -28.2566  104.0480
    0.6628   -0.0356    0.7480
    0.7486    0.0085   -0.6629
    0.0173    0.9993    0.0323
...    75 C-G ...
 -149.8022  -24.9602  104.1254
    0.9770   -0.0860    0.1952
    0.1967    0.0084   -0.9804
    0.0827    0.9963    0.0251
...    76 G-C ...
 -149.4215  -21.6059  103.8329
    0.8898   -0.2382   -0.3892
   -0.3838    0.0708   -0.9207
    0.2469    0.9686   -0.0284
...    77 A-T ...
 -148.4460  -18.4889  103.6876
    0.4687   -0.2261   -0.8539
   -0.8270    0.2275   -0.5142
    0.3105    0.9472   -0.0803
...    78 G-C ...
 -147.0516  -15.5013  103.2992
   -0.0826   -0.1525   -0.9848
   -0.9330    0.3591    0.0227
    0.3502    0.9208   -0.1719
...    79 C-G ...
 -145.5458  -12.6963  102.2846
   -0.6054    0.0382   -0.7950
   -0.7069    0.4330    0.5592
    0.3656    0.9006   -0.2352
...    80 T-A ...
 -144.2627   -9.8462  101.0910
   -0.9066    0.2472   -0.3419
   -0.2301    0.3896    0.8918
    0.3537    0.8872   -0.2963
...    81 C-G ...
 -143.1947   -6.9122   99.9576
   -0.8471    0.4530    0.2779
    0.3872    0.1678    0.9066
    0.3641    0.8756   -0.3175
...    82 G-C ...
 -141.6757   -3.9527   99.2884
   -0.4562    0.4322    0.7779
    0.8217   -0.1309    0.5546
    0.3416    0.8922   -0.2955
...    83 G-C ...
 -140.6454   -0.9382   98.0881
    0.0839    0.2335    0.9687
    0.9271   -0.3746    0.0100
    0.3652    0.8973   -0.2479
...    84 G-C ...
 -139.5990    2.1434   97.1177
    0.5667   -0.0897    0.8190
    0.7032   -0.4653   -0.5376
    0.4293    0.8806   -0.2006
...    85 A-T ...
 -138.2697    5.0630   96.4086
    0.8513   -0.3975    0.3425
    0.2133   -0.3342   -0.9181
    0.4794    0.8546   -0.1997
...    86 T-A ...
 -136.6798    7.9244   96.3973
    0.8244   -0.5401   -0.1691
   -0.2532   -0.0849   -0.9637
    0.5061    0.8373   -0.2067
...    87 C-G ...
 -134.8863   10.5765   95.7158
    0.4760   -0.5422   -0.6925
   -0.6806    0.2716   -0.6805
    0.5570    0.7952   -0.2397
...    88 C-G ...
 -132.6562   12.9312   94.7659
   -0.0412   -0.3792   -0.9244
   -0.7964    0.5712   -0.1988
    0.6034    0.7280   -0.3255
...    89 G-C ...
 -130.9407   15.4469   93.2604
   -0.5547   -0.0546   -0.8302
   -0.5743    0.7471    0.3347
    0.6020    0.6625   -0.4458
...    90 C-G ...
 -128.9072   17.3168   91.3539
   -0.7976    0.3619   -0.4826
   -0.1351    0.6725    0.7277
    0.5879    0.6456   -0.4874
...    91 T-A ...
 -127.0719   19.3227   89.3879
   -0.7487    0.6627    0.0189
    0.3548    0.3765    0.8558
    0.5600    0.6474   -0.5170
...    92 T-A ...
 -125.3474   21.2956   87.4268
   -0.3503    0.7904    0.5025
    0.7262   -0.1096    0.6787
    0.5915    0.6027   -0.5356
...    93 T-A ...
 -123.6205   23.2557   85.4596
    0.1854    0.5909    0.7852
    0.7766   -0.5777    0.2514
    0.6021    0.5632   -0.5660
...    94 A-T ...
 -121.2293   24.6014   83.3847
    0.6766    0.0655    0.7334
    0.4297   -0.8440   -0.3210
    0.5979    0.5323   -0.5992
...    95 A-T ...
 -119.3424   26.4929   81.5298
    0.7982   -0.4492    0.4013
   -0.0642   -0.7259   -0.6848
    0.5989    0.5208   -0.6083
...    96 C-G ...
 -117.1887   28.5144   80.0259
    0.6097   -0.7926   -0.0096
   -0.4838   -0.3625   -0.7966
    0.6279    0.4903   -0.6044
...    97 A-T ...
 -115.1679   29.9954   77.7720
    0.1325   -0.9030   -0.4087
   -0.7279    0.1911   -0.6585
    0.6727    0.3848   -0.6320
...    98 C-G ...
 -112.5027   30.8786   75.9963
   -0.3092   -0.6688   -0.6761
   -0.6686    0.6585   -0.3455
    0.6763    0.3452   -0.6507
...    99 T-A ...
 -110.1558   31.6443   73.7430
   -0.6670   -0.2105   -0.7147
   -0.3572    0.9322    0.0588
    0.6539    0.2945   -0.6969
...   100 T-A ...
 -107.9872   32.3394   71.4104
   -0.7363    0.3911   -0.5522
    0.1139    0.8761    0.4686
    0.6670    0.2821   -0.6896
...   101 T-A ...
 -105.8775   33.0183   69.0124
   -0.4998    0.8463   -0.1842
    0.5306    0.4673    0.7071
    0.6846    0.2557   -0.6827
...   102 A-T ...
 -103.1365   33.8503   67.1122
    0.0242    0.9515    0.3068
    0.7167   -0.2305    0.6582
    0.6969    0.2039   -0.6875
...   103 T-A ...
 -101.3498   34.7942   64.4797
    0.4110    0.6894    0.5965
    0.5900   -0.7000    0.4024
    0.6949    0.1866   -0.6945
...   104 G-C ...
  -98.8250   35.1547   62.2903
    0.6305    0.1130    0.7679
    0.2312   -0.9718   -0.0468
    0.7409    0.2071   -0.6388
...   105 C-G ...
  -96.3853   36.2352   60.2750
    0.6170   -0.4657    0.6344
   -0.1669   -0.8652   -0.4728
    0.7691    0.1858   -0.6116
...   106 T-A ...
  -93.6639   36.9566   58.4873
    0.3697   -0.8769    0.3072
   -0.4663   -0.4610   -0.7550
    0.8037    0.1359   -0.5794
...   107 T-A ...
  -90.9380   37.4199   56.7812
    0.0165   -0.9816   -0.1900
   -0.5933    0.1434   -0.7921
    0.8048    0.1258   -0.5801
...   108 C-G ...
  -88.2555   37.6754   54.8799
   -0.3742   -0.6967   -0.6120
   -0.4659    0.7118   -0.5256
    0.8018    0.0884   -0.5910
...   109 C-G ...
  -85.5690   37.5753   52.8024
   -0.6304   -0.1752   -0.7563
   -0.1412    0.9838   -0.1103
    0.7634    0.0373   -0.6449
...   110 G-C ...
  -83.1242   38.0785   50.4957
   -0.6583    0.4315   -0.6169
    0.2863    0.9014    0.3249
    0.6962    0.0372   -0.7169
...   111 G-C ...
  -80.9737   38.0534   47.8556
   -0.4242    0.8639   -0.2716
    0.6249    0.4963    0.6026
    0.6554    0.0859   -0.7504
...   112 C-G ...
  -79.1123   38.2647   45.0710
   -0.0173    0.9891    0.1459
    0.7596   -0.0819    0.6453
    0.6502    0.1220   -0.7499
...   113 T-A ...
  -77.1618   38.8575   42.4173
    0.3729    0.7687    0.5197
    0.6516   -0.6157    0.4431
    0.6605    0.1734   -0.7305
...   114 C-G ...
  -75.0026   39.4980   39.9982
    0.6719    0.2271    0.7049
    0.2912   -0.9562    0.0305
    0.6810    0.1847   -0.7086
...   115 G-C ...
  -72.5605   39.6941   37.6381
    0.6376   -0.3923    0.6630
   -0.1331   -0.9038   -0.4068
    0.7588    0.1711   -0.6285
...   116 T-A ...
  -69.8453   40.6749   35.9848
    0.4384   -0.8261    0.3540
   -0.4526   -0.5432   -0.7072
    0.7765    0.1499   -0.6120
...   117 A-T ...
  -67.4701   41.0192   33.5650
    0.0334   -0.9815   -0.1884
   -0.6206    0.1274   -0.7737
    0.7834    0.1428   -0.6049
...   118 T-A ...
  -64.5206   41.2009   32.0766
   -0.2910   -0.7672   -0.5716
   -0.5439    0.6241   -0.5609
    0.7870    0.1477   -0.5990
...   119 A-T ...
  -62.0632   42.1343   29.8848
   -0.5553   -0.1537   -0.8173
   -0.2168    0.9756   -0.0362
    0.8029    0.1571   -0.5750
...   120 A-T ...
  -59.4272   42.3782   27.9739
   -0.5512    0.4642   -0.6933
    0.1491    0.8724    0.4655
    0.8209    0.1532   -0.5501
...   121 T-A ...
  -56.9504   42.3688   25.7684
   -0.3804    0.8557   -0.3508
    0.4107    0.4962    0.7649
    0.8286    0.1469   -0.5402
...   122 G-C ...
  -54.0780   43.0290   24.1548
   -0.1293    0.9666    0.2211
    0.5679   -0.1106    0.8157
    0.8129    0.2311   -0.5346
...   123 T-A ...
  -51.7786   44.0343   21.9597
    0.1709    0.7431    0.6470
    0.5442   -0.6186    0.5667
    0.8213    0.2553   -0.5101
...   124 G-C ...
  -48.8554   44.7872   20.4731
    0.3681    0.2052    0.9068
    0.3611   -0.9303    0.0639
    0.8568    0.3040   -0.4166
...   125 T-A ...
  -46.1867   46.3635   19.3030
    0.4683   -0.3426    0.8144
    0.1140   -0.8906   -0.4402
    0.8762    0.2990   -0.3780
...   126 C-G ...
  -43.2363   47.3244   18.2033
    0.4089   -0.8227    0.3948
   -0.1702   -0.4938   -0.8527
    0.8966    0.2815   -0.3420
...   127 G-C ...
  -40.2146   47.8800   16.7414
    0.1500   -0.9774   -0.1493
   -0.3191    0.0951   -0.9430
    0.9358    0.1890   -0.2976
...   128 A-T ...
  -37.0707   48.3674   15.8071
   -0.0857   -0.7131   -0.6958
   -0.3243    0.6803   -0.6573
    0.9421    0.1693   -0.2896
...   129 C-G ...
  -33.7830   48.3337   15.0910
   -0.2528   -0.2211   -0.9419
   -0.2137    0.9623   -0.1685
    0.9436    0.1587   -0.2905
...   130 C-G ...
  -30.5789   48.5988   13.9642
   -0.3781    0.3630   -0.8516
   -0.0168    0.9171    0.3984
    0.9256    0.1649   -0.3407
...   131 A-T ...
  -27.4498   49.3802   13.0342
   -0.3734    0.8312   -0.4119
    0.2163    0.5098    0.8327
    0.9021    0.2218   -0.3701
...   132 A-T ...
  -24.5800   50.0094   11.6281
   -0.1681    0.9728    0.1593
    0.3785   -0.0856    0.9216
    0.9102    0.2152   -0.3538
...   133 A-T ...
  -21.7124   50.7797   10.3106
    0.0705    0.7336    0.6760
    0.3984   -0.6420    0.6551
    0.9145    0.2231   -0.3375
...   134 T-A ...
  -19.0082   52.0402    8.9385
    0.2450    0.2904    0.9250
    0.3072   -0.9282    0.2101
    0.9196    0.2327   -0.3166
...   135 G-C ...
  -16.4568   53.8980    7.5292
    0.5336   -0.3334    0.7773
    0.0348   -0.9096   -0.4140
    0.8450    0.2479   -0.4738
...   136 T-A ...
  -14.1679   56.5698    6.1950
    0.5795   -0.7269    0.3684
   -0.3140   -0.6163   -0.7222
    0.7521    0.3028   -0.5854
...   137 G-C ...
  -11.6467   58.0146    4.7338
    0.2454   -0.9541   -0.1717
   -0.6318   -0.0231   -0.7748
    0.7352    0.2986   -0.6085
...   138 A-T ...
   -8.6697   58.7289    3.6172
   -0.0344   -0.7815   -0.6230
   -0.6534    0.4892   -0.5777
    0.7562    0.3872   -0.5274
...   139 G-C ...
   -6.3210   59.0879    1.6442
   -0.2967   -0.3277   -0.8970
   -0.5657    0.8170   -0.1114
    0.7694    0.4744   -0.4278
...   140 C-G ...
   -3.4295   60.2437    1.0436
   -0.4424    0.2288   -0.8671
   -0.1682    0.9286    0.3309
    0.8809    0.2922   -0.3723
...   141 G-C ...
   -0.6892   63.9063   -2.2354
   -0.9992    0.0156   -0.0375
   -0.0024    0.8991    0.4378
    0.0405    0.4375   -0.8983
...   142 C-G ...
   -0.9978   65.6137   -4.9247
   -0.8337    0.5217    0.1810
    0.5169    0.6220    0.5881
    0.1942    0.5839   -0.7882
...   143 T-A ...
   -0.1243   66.2250   -7.8040
   -0.3751    0.8568    0.3538
    0.8856    0.2185    0.4098
    0.2739    0.4670   -0.8408
...   144 C-G ...
   -0.1579   67.4197  -10.7920
    0.1799    0.8792    0.4411
    0.9276   -0.3009    0.2214
    0.3274    0.3694   -0.8697
...   145 A-T ...
    0.5354   69.2487  -13.4512
    0.7352    0.4961    0.4620
    0.6117   -0.7791   -0.1369
    0.2921    0.3832   -0.8763
...   146 C-G ...
    1.4422   72.1064  -15.5857
    0.9808    0.0622    0.1849
    0.1266   -0.9240   -0.3608
    0.1484    0.3773   -0.9141
...   147 A-T ...
    2.3152   74.2410  -18.3712
    0.8657   -0.4292   -0.2574
   -0.4984   -0.7868   -0.3642
   -0.0462    0.4436   -0.8950
