  147 base-pairs
...     1 A-T ...
    0.0000    0.0000    0.0000
    1.0000    0.0000    0.0000
    0.0000    1.0000    0.0000
    0.0000    0.0000    1.0000
...     2 G-C ...
   -0.1394   -1.2357    3.2268
    0.7529    0.6366    0.1670
   -0.6386    0.7680   -0.0486
   -0.1592   -0.0700    0.9848
...     3 T-A ...
   -0.0365   -3.2932    6.3751
    0.2722    0.9301    0.2466
   -0.9238    0.3243   -0.2033
   -0.2691   -0.1725    0.9475
...     4 G-C ...
   -0.3505   -4.1660    9.4928
   -0.3756    0.9250    0.0579
   -0.8781   -0.3352   -0.3415
   -0.2965   -0.1791    0.9381
...     5 A-T ...
   -0.4462   -4.1476   12.7498
   -0.8116    0.5840   -0.0165
   -0.5523   -0.7762   -0.3042
   -0.1905   -0.2378    0.9524
...     6 G-C ...
   -1.5908   -4.1730   15.6201
   -0.9976    0.0246   -0.0651
   -0.0043   -0.9555   -0.2950
   -0.0695   -0.2940    0.9533
...     7 C-G ...
   -1.1030   -4.4824   18.7362
   -0.8441   -0.5304   -0.0787
    0.5345   -0.8441   -0.0432
   -0.0435   -0.0785    0.9960
...     8 G-C ...
   -2.4028   -7.7290   23.1475
   -0.2754   -0.3293   -0.9032
    0.6650   -0.7437    0.0684
   -0.6942   -0.5818    0.4238
...     9 C-G ...
   -4.4690   -9.9728   24.1132
    0.1145   -0.7025   -0.7024
    0.8512   -0.2952    0.4340
   -0.5122   -0.6476    0.5642
...    10 T-A ...
   -6.7405  -10.8752   25.9697
    0.4841   -0.8363   -0.2574
    0.6595    0.1553    0.7355
   -0.5751   -0.5258    0.6267
...    11 C-G ...
   -9.1656  -12.6208   27.1640
    0.7073   -0.6682    0.2307
    0.3448    0.6110    0.7126
   -0.6171   -0.4245    0.6626
...    12 A-T ...
  -10.9234  -14.6633   29.0693
    0.7515   -0.1377    0.6452
   -0.2029    0.8824    0.4246
   -0.6277   -0.4500    0.6352
...    13 C-G ...
  -11.8476  -17.4863   31.2451
    0.4295    0.2823    0.8578
   -0.5708    0.8209    0.0156
   -0.6998   -0.4963    0.5137
...    14 A-T ...
  -13.5897  -19.7827   33.4259
   -0.1504    0.6104    0.7777
   -0.6874    0.5008   -0.5260
   -0.7106   -0.6136    0.3443
...    15 A-T ...
  -15.7289  -21.8862   34.6966
   -0.5390    0.7775    0.3241
   -0.4554    0.0547   -0.8886
   -0.7086   -0.6266    0.3246
...    16 T-A ...
  -17.8100  -23.8244   36.3694
   -0.6956    0.6944   -0.1843
   -0.1052   -0.3522   -0.9300
   -0.7107   -0.6276    0.3180
...    17 T-A ...
  -20.1246  -25.7518   37.5840
   -0.6194    0.3645   -0.6954
    0.3237   -0.6883   -0.6492
   -0.7153   -0.6271    0.3083
...    18 T-A ...
  -22.5565  -27.6133   38.6602
   -0.3061   -0.0967   -0.9471
    0.6220   -0.7734   -0.1221
   -0.7207   -0.6265    0.2968
...    19 A-T ...
  -24.8099  -29.9486   39.5818
    0.1799   -0.5316   -0.8277
    0.6607   -0.5581    0.5020
   -0.7288   -0.6371    0.2508
...    20 T-A ...
  -27.5579  -31.7530   39.8849
    0.4959   -0.7441   -0.4476
    0.4679   -0.2052    0.8596
   -0.7315   -0.6358    0.2464
...    21 T-A ...
  -30.0257  -33.8125   40.4176
    0.6631   -0.7338    0.1476
    0.0860    0.2706    0.9588
   -0.7436   -0.6231    0.2426
...    22 C-G ...
  -32.4176  -35.9769   41.1377
    0.5899   -0.4103    0.6955
   -0.3408    0.6544    0.6750
   -0.7321   -0.6352    0.2462
...    23 G-C ...
  -35.0244  -37.8410   42.2172
    0.3458    0.1022    0.9327
   -0.6335    0.7587    0.1517
   -0.6922   -0.6433    0.3271
...    24 C-G ...
  -37.0215  -40.2759   43.3402
   -0.0404    0.5360    0.8433
   -0.7187    0.5707   -0.3972
   -0.6942   -0.6221    0.3622
...    25 A-T ...
  -39.5186  -42.2444   44.4091
   -0.3859    0.8257    0.4115
   -0.5702    0.1371   -0.8100
   -0.7252   -0.5472    0.4179
...    26 A-T ...
  -41.7786  -43.9796   45.9642
   -0.6371    0.7579   -0.1403
   -0.2399   -0.3680   -0.8984
   -0.7325   -0.5387    0.4163
...    27 A-T ...
  -44.1684  -45.5676   47.4789
   -0.6488    0.4102   -0.6409
    0.1694   -0.7432   -0.6472
   -0.7419   -0.5285    0.4127
...    28 G-C ...
  -46.7970  -47.0405   48.8856
   -0.4025   -0.0255   -0.9151
    0.4769   -0.8591   -0.1858
   -0.7814   -0.5112    0.3580
...    29 G-C ...
  -49.6703  -48.5689   49.8211
   -0.0084   -0.4642   -0.8857
    0.5883   -0.7185    0.3710
   -0.8086   -0.5180    0.2791
...    30 C-G ...
  -52.5789  -50.1316   50.3595
    0.3477   -0.7725   -0.5314
    0.4734   -0.3446    0.8106
   -0.8093   -0.5334    0.2459
...    31 C-G ...
  -55.3363  -52.0592   50.8434
    0.6007   -0.7994    0.0053
    0.1738    0.1371    0.9752
   -0.7803   -0.5849    0.2213
...    32 G-C ...
  -57.9004  -53.9442   51.9865
    0.6521   -0.5195    0.5522
   -0.2191    0.5681    0.7932
   -0.7258   -0.6382    0.2567
...    33 G-C ...
  -60.2471  -56.3053   52.6789
    0.4711   -0.0620    0.8799
   -0.5478    0.7613    0.3469
   -0.6914   -0.6455    0.3247
...    34 C-G ...
  -62.2612  -58.7677   53.6879
    0.1219    0.4056    0.9059
   -0.7144    0.6695   -0.2036
   -0.6890   -0.6223    0.3714
...    35 C-G ...
  -64.3654  -61.0096   55.1087
   -0.2209    0.7683    0.6008
   -0.6712    0.3271   -0.6651
   -0.7076   -0.5502    0.4435
...    36 C-G ...
  -66.6120  -62.7896   56.8922
   -0.4769    0.8747    0.0861
   -0.4578   -0.1636   -0.8739
   -0.7503   -0.4562    0.4784
...    37 G-C ...
  -69.3948  -64.2298   58.1580
   -0.5505    0.6803   -0.4839
   -0.1525   -0.6519   -0.7428
   -0.8208   -0.3351    0.4626
...    38 A-T ...
  -72.1791  -65.1739   59.6361
   -0.5029    0.1644   -0.8486
    0.1812   -0.9399   -0.2895
   -0.8451   -0.2994    0.4428
...    39 C-G ...
  -75.1910  -65.5278   61.0220
   -0.3121   -0.3625   -0.8782
    0.4008   -0.8883    0.2242
   -0.8614   -0.2820    0.4226
...    40 A-T ...
  -77.9537  -66.7670   62.4427
    0.0346   -0.8061   -0.5907
    0.4755   -0.5066    0.7192
   -0.8790   -0.3058    0.3658
...    41 C-G ...
  -81.1406  -67.6479   63.0694
    0.2862   -0.9527   -0.1026
    0.3746    0.0127    0.9271
   -0.8819   -0.3037    0.3605
...    42 G-C ...
  -83.9586  -68.5623   64.6949
    0.5101   -0.7419    0.4352
    0.1353    0.5689    0.8112
   -0.8494   -0.3549    0.3905
...    43 A-T ...
  -86.8191  -69.7350   65.8551
    0.5066   -0.2389    0.8284
   -0.1838    0.9088    0.3745
   -0.8423   -0.3420    0.4166
...    44 C-G ...
  -89.3865  -71.4300   67.1091
    0.3609    0.2976    0.8838
   -0.4198    0.8981   -0.1310
   -0.8328   -0.3238    0.4491
...    45 T-A ...
  -91.9640  -72.6864   68.7869
    0.1532    0.7596    0.6320
   -0.5553    0.5952   -0.5808
   -0.8174   -0.2620    0.5130
...    46 T-A ...
  -94.4923  -73.5662   70.5996
   -0.1508    0.9750    0.1631
   -0.5503    0.0542   -0.8332
   -0.8212   -0.2154    0.5284
...    47 A-T ...
  -97.2928  -74.0567   72.3590
   -0.3397    0.8426   -0.4179
   -0.4037   -0.5319   -0.7444
   -0.8495   -0.0842    0.5209
...    48 C-G ...
  -99.8884  -73.7602   74.3829
   -0.4692    0.4323   -0.7700
   -0.1925   -0.9011   -0.3886
   -0.8618   -0.0341    0.5060
...    49 T-A ...
 -102.8132  -73.4727   75.9404
   -0.4591   -0.1304   -0.8787
    0.0437   -0.9913    0.1243
   -0.8873    0.0186    0.4608
...    50 G-C ...
 -105.8190  -73.8176   77.3799
   -0.3052   -0.7057   -0.6394
    0.2686   -0.7080    0.6532
   -0.9136    0.0276    0.4056
...    51 T-A ...
 -109.0748  -73.4455   78.1831
   -0.1187   -0.9783   -0.1700
    0.3901   -0.2034    0.8980
   -0.9131    0.0403    0.4057
...    52 A-T ...
 -111.8478  -72.9656   80.2114
    0.0891   -0.8359    0.5416
    0.4138    0.5256    0.7433
   -0.9060    0.1579    0.3927
...    53 G-C ...
 -114.9768  -72.6230   81.3518
    0.3421   -0.4103    0.8454
    0.3212    0.8965    0.3051
   -0.8831    0.1671    0.4385
...    54 G-C ...
 -118.0847  -72.2389   82.6792
    0.5441    0.1461    0.8262
    0.0974    0.9671   -0.2352
   -0.8334    0.2085    0.5119
...    55 T-A ...
 -120.7468  -72.0908   84.6333
    0.5620    0.6233    0.5437
   -0.1956    0.7389   -0.6448
   -0.8037    0.2561    0.5372
...    56 T-A ...
 -123.2547  -71.3104   86.5100
    0.4022    0.9144    0.0465
   -0.4849    0.2558   -0.8363
   -0.7766    0.3138    0.5463
...    57 C-G ...
 -125.6923  -70.1155   88.3187
    0.1006    0.8627   -0.4956
   -0.6563   -0.3169   -0.6848
   -0.7478    0.3941    0.5343
...    58 A-T ...
 -128.2772  -68.6221   89.8650
   -0.2015    0.4710   -0.8588
   -0.6537   -0.7176   -0.2402
   -0.7294    0.5130    0.4526
...    59 T-A ...
 -130.2329  -66.3825   91.2829
   -0.5118    0.0316   -0.8585
   -0.4710   -0.8460    0.2496
   -0.7185    0.5322    0.4479
...    60 G-C ...
 -132.9052  -64.9343   92.6981
   -0.6689   -0.5077   -0.5430
   -0.1069   -0.6571    0.7462
   -0.7356    0.5572    0.3852
...    61 T-A ...
 -135.4212  -62.7870   93.3935
   -0.6318   -0.7745   -0.0321
    0.2754   -0.2630    0.9247
   -0.7246    0.5753    0.3795
...    62 T-A ...
 -137.8512  -60.7759   94.2983
   -0.3921   -0.7241    0.5674
    0.6244    0.2435    0.7422
   -0.6756    0.6453    0.3567
...    63 A-T ...
 -139.5006  -58.0394   95.6526
    0.0923   -0.2922    0.9519
    0.7685    0.6287    0.1185
   -0.6331    0.7206    0.2826
...    64 T-A ...
 -142.0326  -56.1376   96.6134
    0.4809    0.0832    0.8728
    0.6205    0.6710   -0.4058
   -0.6194    0.7368    0.2710
...    65 A-T ...
 -144.0155  -53.5256   97.3816
    0.8169    0.4047    0.4110
    0.1990    0.4711   -0.8594
   -0.5414    0.7838    0.3043
...    66 A-T ...
 -145.6863  -51.0058   98.5151
    0.8157    0.5510   -0.1764
   -0.3103    0.1594   -0.9372
   -0.4883    0.8192    0.3010
...    67 C-G ...
 -146.8490  -48.3232   99.9878
    0.5586    0.4913   -0.6682
   -0.7101   -0.1329   -0.6914
   -0.4286    0.8608    0.2747
...    68 G-C ...
 -148.3048  -45.2747  100.3689
    0.1106    0.2020   -0.9731
   -0.9398   -0.2972   -0.1685
   -0.3233    0.9332    0.1570
...    69 G-C ...
 -149.0910  -41.9630  100.3623
   -0.4157   -0.0725   -0.9066
   -0.8636   -0.2811    0.4185
   -0.2852    0.9569    0.0543
...    70 A-T ...
 -150.0517  -38.7749  100.2831
   -0.8647   -0.2226   -0.4502
   -0.4301   -0.1346    0.8927
   -0.2593    0.9656    0.0207
...    71 A-T ...
 -150.7876  -35.5890  100.0307
   -0.9646   -0.1821    0.1909
    0.1905    0.0200    0.9815
   -0.1826    0.9831    0.0154
...    72 T-A ...
 -151.6203  -32.4067   99.4097
   -0.7185   -0.0899    0.6896
    0.6826    0.0991    0.7241
   -0.1335    0.9910   -0.0098
...    73 C-G ...
 -152.0582  -29.1044   99.2165
   -0.1337    0.0040    0.9910
    0.9860    0.1007    0.1326
   -0.0993    0.9949   -0.0174
...    74 T-A ...
 -152.6204  -25.7998   99.2015
    0.4456    0.0124    0.8952
    0.8936    0.0546   -0.4456
   -0.0544    0.9984    0.0132
...    75 C-G ...
 -152.8868  -22.5041   99.1674
    0.8984   -0.0137    0.4389
    0.4390    0.0094   -0.8984
    0.0082    0.9999    0.0145
...    76 G-C ...
 -152.7201  -19.1274   98.8352
    0.9728   -0.1781   -0.1479
   -0.1468    0.0196   -0.9890
    0.1791    0.9838   -0.0071
...    77 A-T ...
 -151.9848  -15.9421   98.7997
    0.6784   -0.2125   -0.7033
   -0.6894    0.1466   -0.7093
    0.2539    0.9661   -0.0470
...    78 G-C ...
 -150.7584  -12.8644   98.6078
    0.1684   -0.1929   -0.9666
   -0.9337    0.2830   -0.2192
    0.3158    0.9395   -0.1325
...    79 C-G ...
 -149.2497   -9.9910   97.8207
   -0.3990   -0.0435   -0.9159
   -0.8489    0.3952    0.3511
    0.3467    0.9176   -0.1946
...    80 T-A ...
 -147.9351   -7.0951   96.7829
   -0.8163    0.1540   -0.5568
   -0.4602    0.4092    0.7879
    0.3491    0.8994   -0.2631
...    81 C-G ...
 -146.8714   -4.1293   95.7267
   -0.9184    0.3927    0.0473
    0.1544    0.2459    0.9569
    0.3642    0.8862   -0.2865
...    82 G-C ...
 -145.4876   -1.0673   95.2175
   -0.6470    0.4372    0.6247
    0.6848   -0.0270    0.7282
    0.3352    0.8990   -0.2819
...    83 G-C ...
 -144.4337    1.9550   94.0457
   -0.1426    0.3024    0.9425
    0.9270   -0.2930    0.2342
    0.3470    0.9070   -0.2385
...    84 G-C ...
 -143.4093    5.0401   93.0425
    0.3904    0.0165    0.9205
    0.8290   -0.4412   -0.3437
    0.4004    0.8973   -0.1859
...    85 A-T ...
 -142.1760    8.0096   92.3357
    0.7921   -0.2966    0.5334
    0.4134   -0.3822   -0.8264
    0.4490    0.8752   -0.1801
...    86 T-A ...
 -140.8228   10.9931   92.3642
    0.8777   -0.4778    0.0375
   -0.0553   -0.1789   -0.9823
    0.4760    0.8601   -0.1834
...    87 C-G ...
 -139.1452   13.7472   91.7834
    0.6348   -0.5508   -0.5418
   -0.5582    0.1579   -0.8145
    0.5342    0.8195   -0.2073
...    88 C-G ...
 -136.9651   16.2181   91.0397
    0.1554   -0.4546   -0.8771
   -0.7851    0.4820   -0.3889
    0.5995    0.7490   -0.2820
...    89 G-C ...
 -135.1829   18.7417   89.6127
   -0.3936   -0.1728   -0.9029
   -0.6757    0.7204    0.1566
    0.6233    0.6717   -0.4003
...    90 C-G ...
 -132.9899   20.6054   87.8817
   -0.7250    0.2488   -0.6423
   -0.3055    0.7196    0.6236
    0.6174    0.6483   -0.4457
...    91 T-A ...
 -130.9943   22.5850   86.0454
   -0.7844    0.5968   -0.1692
    0.1798    0.4799    0.8587
    0.5937    0.6431   -0.4837
...    92 T-A ...
 -129.1058   24.5144   84.1919
   -0.4776    0.8024    0.3577
    0.6111    0.0108    0.7915
    0.6312    0.5966   -0.4955
...    93 T-A ...
 -127.2115   26.4163   82.3184
    0.0251    0.6745    0.7379
    0.7604   -0.4920    0.4239
    0.6489    0.5505   -0.5252
...    94 A-T ...
 -124.5623   27.6583   80.4655
    0.5707    0.1810    0.8010
    0.5096   -0.8429   -0.1726
    0.6439    0.5067   -0.5733
...    95 A-T ...
 -122.5547   29.4729   78.6548
    0.7650   -0.3566    0.5363
    0.0556   -0.7931   -0.6066
    0.6417    0.4938   -0.5869
...    96 C-G ...
 -120.3443   31.4708   77.1908
    0.6448   -0.7513    0.1405
   -0.3699   -0.4676   -0.8028
    0.6689    0.4657   -0.5794
...    97 A-T ...
 -118.1757   32.8525   75.0058
    0.2200   -0.9285   -0.2991
   -0.6601    0.0841   -0.7465
    0.7183    0.3617   -0.5944
...    98 C-G ...
 -115.3821   33.7221   73.4331
   -0.2040   -0.7465   -0.6333
   -0.6586    0.5833   -0.4754
    0.7243    0.3201   -0.6106
...    99 T-A ...
 -112.8540   34.4068   71.3542
   -0.5806   -0.3137   -0.7513
   -0.4034    0.9124   -0.0692
    0.7072    0.2630   -0.6563
...   100 T-A ...
 -110.5031   35.0056   69.1775
   -0.6963    0.2965   -0.6537
    0.0282    0.9213    0.3878
    0.7172    0.2515   -0.6499
...   101 T-A ...
 -108.2088   35.5771   66.9252
   -0.5173    0.7977   -0.3100
    0.4410    0.5589    0.7022
    0.7334    0.2266   -0.6409
...   102 A-T ...
 -105.3243   36.3771   65.2165
   -0.0370    0.9760    0.2145
    0.6628   -0.1367    0.7362
    0.7479    0.1695   -0.6419
...   103 T-A ...
 -103.3448   37.1481   62.6623
    0.3357    0.7579    0.5594
    0.5756   -0.6351    0.5151
    0.7457    0.1491   -0.6494
...   104 G-C ...
 -100.6507   37.3792   60.6608
    0.5653    0.2044    0.7991
    0.2613   -0.9633    0.0616
    0.7824    0.1739   -0.5980
...   105 C-G ...
  -98.0949   38.3513   58.7258
    0.5807   -0.3870    0.7162
   -0.1094   -0.9089   -0.4024
    0.8067    0.1553   -0.5702
...   106 T-A ...
  -95.2730   38.9981   57.0618
    0.3690   -0.8356    0.4070
   -0.4022   -0.5383   -0.7405
    0.8379    0.1096   -0.5348
...   107 T-A ...
  -92.4527   39.3974   55.4964
    0.0519   -0.9932   -0.1042
   -0.5432    0.0595   -0.8375
    0.8380    0.1000   -0.5364
...   108 C-G ...
  -89.6591   39.5821   53.7495
   -0.3194   -0.7544   -0.5734
   -0.4476    0.6535   -0.6104
    0.8352    0.0617   -0.5465
...   109 C-G ...
  -86.8466   39.3919   51.8515
   -0.5800   -0.2516   -0.7748
   -0.1549    0.9678   -0.1984
    0.7998    0.0050   -0.6003
...   110 G-C ...
  -84.2819   39.7673   49.6450
   -0.6306    0.3652   -0.6848
    0.2500    0.9309    0.2663
    0.7347   -0.0032   -0.6784
...   111 G-C ...
  -81.9949   39.5934   47.1253
   -0.4242    0.8305   -0.3611
    0.5828    0.5555    0.5930
    0.6931    0.0411   -0.7197
...   112 C-G ...
  -79.9951   39.6368   44.4263
   -0.0402    0.9969    0.0671
    0.7268   -0.0169    0.6866
    0.6857    0.0764   -0.7239
...   113 T-A ...
  -77.9196   40.0614   41.8311
    0.3379    0.8117    0.4764
    0.6375   -0.5698    0.5186
    0.6924    0.1285   -0.7100
...   114 C-G ...
  -75.6529   40.5520   39.4702
    0.6383    0.2872    0.7142
    0.2989   -0.9475    0.1139
    0.7094    0.1408   -0.6906
...   115 G-C ...
  -73.1147   40.5926   37.1961
    0.6153   -0.3383    0.7120
   -0.1110   -0.9314   -0.3466
    0.7805    0.1342   -0.6106
...   116 T-A ...
  -70.3458   41.4850   35.5710
    0.4314   -0.7966    0.4234
   -0.4245   -0.5934   -0.6839
    0.7961    0.1153   -0.5941
...   117 A-T ...
  -67.9220   41.6943   33.1669
    0.0465   -0.9900   -0.1334
   -0.5988    0.0793   -0.7970
    0.7995    0.1169   -0.5891
...   118 T-A ...
  -64.9319   41.8239   31.7531
   -0.2692   -0.7984   -0.5385
   -0.5324    0.5893   -0.6077
    0.8026    0.1231   -0.5837
...   119 A-T ...
  -62.4240   42.6868   29.5779
   -0.5313   -0.1949   -0.8245
   -0.2208    0.9714   -0.0874
    0.8179    0.1356   -0.5591
...   120 A-T ...
  -59.7372   42.8662   27.7309
   -0.5346    0.4303   -0.7273
    0.1331    0.8928    0.4304
    0.8345    0.1333   -0.5346
...   121 T-A ...
  -57.2031   42.7751   25.5927
   -0.3742    0.8384   -0.3963
    0.3894    0.5299    0.7533
    0.8416    0.1276   -0.5248
...   122 G-C ...
  -54.2865   43.3830   24.0302
   -0.1352    0.9744    0.1796
    0.5488   -0.0773    0.8324
    0.8250    0.2110   -0.5243
...   123 T-A ...
  -51.9354   44.3070   21.8493
    0.1578    0.7667    0.6223
    0.5314   -0.5971    0.6009
    0.8323    0.2359   -0.5016
...   124 G-C ...
  -48.9715   44.9870   20.4004
    0.3537    0.2348    0.9054
    0.3571   -0.9286    0.1013
    0.8645    0.2874   -0.4123
...   125 T-A ...
  -46.2749   46.5168   19.2198
    0.4559   -0.3190    0.8309
    0.1165   -0.9042   -0.4110
    0.8824    0.2842   -0.3750
...   126 C-G ...
  -43.3045   47.4340   18.1233
    0.4020   -0.8131    0.4210
   -0.1632   -0.5161   -0.8408
    0.9010    0.2693   -0.3402
...   127 G-C ...
  -40.2684   47.9483   16.6611
    0.1492   -0.9806   -0.1269
   -0.3122    0.0750   -0.9471
    0.9382    0.1809   -0.2949
...   128 A-T ...
  -37.1156   48.4182   15.7353
   -0.0821   -0.7252   -0.6836
   -0.3196    0.6689   -0.6712
    0.9440    0.1634   -0.2867
...   129 C-G ...
  -33.8206   48.3721   15.0401
   -0.2477   -0.2345   -0.9400
   -0.2120    0.9599   -0.1836
    0.9454    0.1538   -0.2875
...   130 C-G ...
  -30.6060   48.6241   13.9330
   -0.3739    0.3537   -0.8574
   -0.0182    0.9215    0.3880
    0.9273    0.1607   -0.3381
...   131 A-T ...
  -27.4672   49.3982   13.0131
   -0.3713    0.8282   -0.4197
    0.2133    0.5160    0.8296
    0.9037    0.2185   -0.3683
...   132 A-T ...
  -24.5893   50.0181   11.6187
   -0.1685    0.9736    0.1541
    0.3760   -0.0810    0.9231
    0.9112    0.2135   -0.3524
...   133 A-T ...
  -21.7154   50.7817   10.3095
    0.0693    0.7350    0.6745
    0.3975   -0.6405    0.6570
    0.9150    0.2226   -0.3366
...   134 T-A ...
  -19.0084   52.0403    8.9384
    0.2450    0.2904    0.9250
    0.3072   -0.9282    0.2101
    0.9196    0.2327   -0.3167
...   135 G-C ...
  -16.4570   53.8981    7.5291
    0.5336   -0.3334    0.7773
    0.0348   -0.9096   -0.4140
    0.8450    0.2479   -0.4738
...   136 T-A ...
  -14.1681   56.5698    6.1949
    0.5795   -0.7269    0.3684
   -0.3140   -0.6163   -0.7222
    0.7521    0.3028   -0.5854
...   137 G-C ...
  -11.6469   58.0147    4.7337
    0.2454   -0.9541   -0.1717
   -0.6318   -0.0231   -0.7748
    0.7352    0.2986   -0.6085
...   138 A-T ...
   -8.6699   58.7290    3.6171
   -0.0344   -0.7815   -0.6230
   -0.6534    0.4892   -0.5777
    0.7562    0.3872   -0.5274
...   139 G-C ...
   -6.3212   59.0880    1.6441
   -0.2967   -0.3277   -0.8970
   -0.5657    0.8170   -0.1114
    0.7694    0.4744   -0.4278
...   140 C-G ...
   -3.4297   60.2438    1.0435
   -0.4424    0.2288   -0.8671
   -0.1682    0.9286    0.3309
    0.8809    0.2922   -0.3723
...   141 G-C ...
   -0.6894   63.9063   -2.2356
   -0.9992    0.0156   -0.0375
   -0.0024    0.8991    0.4378
    0.0405    0.4375   -0.8983
...   142 C-G ...
   -0.9980   65.6138   -4.9249
   -0.8337    0.5217    0.1810
    0.5169    0.6220    0.5881
    0.1942    0.5839   -0.7882
...   143 T-A ...
   -0.1245   66.2251   -7.8041
   -0.3751    0.8568    0.3538
    0.8856    0.2185    0.4098
    0.2739    0.4670   -0.8408
...   144 C-G ...
   -0.1581   67.4198  -10.7921
    0.1799    0.8792    0.4411
    0.9276   -0.3009    0.2214
    0.3274    0.3694   -0.8697
...   145 A-T ...
    0.5352   69.2488  -13.4513
    0.7352    0.4961    0.4620
    0.6117   -0.7791   -0.1369
    0.2921    0.3832   -0.8763
...   146 C-G ...
    1.4420   72.1065  -15.5858
    0.9808    0.0622    0.1849
    0.1266   -0.9240   -0.3608
    0.1484    0.3773   -0.9141
...   147 A-T ...
    2.3149   74.2411  -18.3714
    0.8657   -0.4292   -0.2574
   -0.4984   -0.7868   -0.3642
   -0.0462    0.4436   -0.8950
