  147 base-pairs
...     1 A-T ...
    0.0000    0.0000    0.0000
    1.0000    0.0000    0.0000
    0.0000    1.0000    0.0000
    0.0000    0.0000    1.0000
...     2 G-C ...
   -0.1394   -1.2357    3.2268
    0.7529    0.6366    0.1670
   -0.6386    0.7680   -0.0486
   -0.1592   -0.0700    0.9848
...     3 T-A ...
   -0.0365   -3.2932    6.3751
    0.2722    0.9301    0.2466
   -0.9238    0.3243   -0.2033
   -0.2691   -0.1725    0.9475
...     4 G-C ...
   -0.3505   -4.1660    9.4928
   -0.3756    0.9250    0.0579
   -0.8781   -0.3352   -0.3415
   -0.2965   -0.1791    0.9381
...     5 A-T ...
   -0.4462   -4.1476   12.7498
   -0.8116    0.5840   -0.0165
   -0.5523   -0.7762   -0.3042
   -0.1905   -0.2378    0.9524
...     6 G-C ...
   -1.5908   -4.1730   15.6201
   -0.9976    0.0246   -0.0651
   -0.0043   -0.9555   -0.2950
   -0.0695   -0.2940    0.9533
...     7 C-G ...
   -1.1030   -4.4824   18.7362
   -0.8441   -0.5304   -0.0787
    0.5345   -0.8441   -0.0432
   -0.0435   -0.0785    0.9960
...     8 G-C ...
   -2.4028   -7.7290   23.1475
   -0.2754   -0.3293   -0.9032
    0.6650   -0.7437    0.0684
   -0.6942   -0.5818    0.4238
...     9 C-G ...
   -4.4690   -9.9728   24.1132
    0.1145   -0.7025   -0.7024
    0.8512   -0.2952    0.4340
   -0.5122   -0.6476    0.5642
...    10 T-A ...
   -6.7405  -10.8752   25.9697
    0.4841   -0.8363   -0.2574
    0.6595    0.1553    0.7355
   -0.5751   -0.5258    0.6267
...    11 C-G ...
   -9.1656  -12.6208   27.1640
    0.7073   -0.6682    0.2307
    0.3448    0.6110    0.7126
   -0.6171   -0.4245    0.6626
...    12 A-T ...
  -10.9234  -14.6633   29.0693
    0.7515   -0.1377    0.6452
   -0.2029    0.8824    0.4246
   -0.6277   -0.4500    0.6352
...    13 C-G ...
  -11.8476  -17.4863   31.2451
    0.4295    0.2823    0.8578
   -0.5708    0.8209    0.0156
   -0.6998   -0.4963    0.5137
...    14 A-T ...
  -13.5897  -19.7827   33.4259
   -0.1504    0.6104    0.7777
   -0.6874    0.5008   -0.5260
   -0.7106   -0.6136    0.3443
...    15 A-T ...
  -15.7369  -21.8940   34.6836
   -0.5503    0.7736    0.3142
   -0.4475    0.0445   -0.8932
   -0.7049   -0.6321    0.3218
...    16 T-A ...
  -17.8150  -23.8542   36.3495
   -0.7063    0.6783   -0.2024
   -0.0851   -0.3652   -0.9270
   -0.7027   -0.6376    0.3156
...    17 T-A ...
  -20.1039  -25.8295   37.5530
   -0.6181    0.3276   -0.7145
    0.3571   -0.6928   -0.6265
   -0.7003   -0.6425    0.3112
...    18 T-A ...
  -22.4864  -27.7587   38.6402
   -0.2828   -0.1462   -0.9480
    0.6552   -0.7512   -0.0797
   -0.7005   -0.6436    0.3082
...    19 A-T ...
  -24.5558  -30.2463   39.7113
    0.2230   -0.5908   -0.7754
    0.6733   -0.4818    0.5608
   -0.7049   -0.6472    0.2904
...    20 T-A ...
  -27.2303  -32.1494   40.1228
    0.5410   -0.7587   -0.3629
    0.4532   -0.1005    0.8857
   -0.7085   -0.6437    0.2894
...    21 T-A ...
  -29.6193  -34.2608   40.8138
    0.6898   -0.6813    0.2448
    0.0409    0.3742    0.9264
   -0.7228   -0.6291    0.2860
...    22 C-G ...
  -31.9593  -36.4383   41.6986
    0.5783   -0.2973    0.7597
   -0.3976    0.7104    0.5807
   -0.7124   -0.6379    0.2926
...    23 G-C ...
  -34.5532  -38.2892   42.8940
    0.2930    0.2364    0.9264
   -0.6752    0.7372    0.0255
   -0.6770   -0.6329    0.3756
...    24 C-G ...
  -36.4971  -40.6728   44.2340
   -0.1155    0.6392    0.7603
   -0.7227    0.4710   -0.5058
   -0.6815   -0.6079    0.4075
...    25 A-T ...
  -38.9917  -42.6142   45.3994
   -0.4606    0.8471    0.2650
   -0.5216   -0.0168   -0.8530
   -0.7181   -0.5312    0.4496
...    26 A-T ...
  -41.2543  -44.2718   47.0415
   -0.6748    0.6768   -0.2942
   -0.1489   -0.5153   -0.8440
   -0.7228   -0.5257    0.4485
...    27 A-T ...
  -43.6363  -45.8107   48.6294
   -0.6288    0.2428   -0.7387
    0.2744   -0.8195   -0.5030
   -0.7275   -0.5190    0.4487
...    28 G-C ...
  -46.2484  -47.2841   50.1008
   -0.3271   -0.2256   -0.9177
    0.5606   -0.8281    0.0037
   -0.7607   -0.5132    0.3974
...    29 G-C ...
  -49.0347  -48.9179   51.1523
    0.1022   -0.6251   -0.7739
    0.6190   -0.5691    0.5414
   -0.7787   -0.5343    0.3287
...    30 C-G ...
  -51.8417  -50.6328   51.8507
    0.4572   -0.8248   -0.3325
    0.4364   -0.1177    0.8920
   -0.7749   -0.5530    0.3061
...    31 C-G ...
  -54.4748  -52.6619   52.6034
    0.6686   -0.7094    0.2231
    0.0803    0.3671    0.9267
   -0.7393   -0.6017    0.3024
...    32 G-C ...
  -56.9921  -54.4814   53.9913
    0.6492   -0.3006    0.6987
   -0.3344    0.7123    0.6171
   -0.6832   -0.6342    0.3619
...    33 G-C ...
  -59.1954  -56.8309   55.0957
    0.3991    0.2103    0.8925
   -0.6430    0.7581    0.1089
   -0.6537   -0.6173    0.4377
...    34 C-G ...
  -61.0499  -59.1786   56.5888
    0.0046    0.6346    0.7728
   -0.7547    0.5092   -0.4137
   -0.6560   -0.5814    0.4813
...    35 C-G ...
  -63.0727  -61.1736   58.4325
   -0.3494    0.8675    0.3541
   -0.6408    0.0545   -0.7658
   -0.6836   -0.4945    0.5368
...    36 C-G ...
  -65.3177  -62.6329   60.4910
   -0.5770    0.7937   -0.1924
   -0.3599   -0.4586   -0.8125
   -0.7331   -0.3996    0.5504
...    37 G-C ...
  -68.0679  -64.0093   61.9479
   -0.5903    0.4215   -0.6884
   -0.0111   -0.8570   -0.5152
   -0.8071   -0.2965    0.5105
...    38 A-T ...
  -70.8438  -64.8665   63.5325
   -0.4559   -0.1861   -0.8704
    0.3256   -0.9450    0.0315
   -0.8283   -0.2690    0.4914
...    39 C-G ...
  -73.8948  -65.2185   64.8883
   -0.1969   -0.6741   -0.7119
    0.5035   -0.6926    0.5165
   -0.8412   -0.2568    0.4758
...    40 A-T ...
  -76.5151  -66.3283   66.6684
    0.1855   -0.9472   -0.2617
    0.4974   -0.1391    0.8563
   -0.8475   -0.2890    0.4453
...    41 C-G ...
  -79.5957  -67.3884   67.5634
    0.4264   -0.8665    0.2596
    0.3127    0.4105    0.8566
   -0.8488   -0.2841    0.4459
...    42 G-C ...
  -82.3965  -67.9989   69.3933
    0.5911   -0.4295    0.6827
    0.0097    0.8502    0.5264
   -0.8065   -0.3045    0.5068
...    43 A-T ...
  -85.1252  -69.0378   70.9444
    0.5000    0.1883    0.8453
   -0.3350    0.9422   -0.0118
   -0.7986   -0.2773    0.5341
...    44 C-G ...
  -87.4599  -70.4770   72.8096
    0.2763    0.6808    0.6784
   -0.5488    0.6912   -0.4702
   -0.7890   -0.2424    0.5646
...    45 T-A ...
  -89.8798  -71.3201   74.9282
    0.0084    0.9668    0.2553
   -0.6261    0.2041   -0.7525
   -0.7797   -0.1535    0.6070
...    46 T-A ...
  -92.3019  -71.7418   77.0294
   -0.3178    0.9129   -0.2562
   -0.5286   -0.3949   -0.7514
   -0.7871   -0.1034    0.6081
...    47 A-T ...
  -95.1132  -72.0315   78.8597
   -0.5090    0.4826   -0.7127
   -0.2659   -0.8757   -0.4030
   -0.8187   -0.0157    0.5741
...    48 C-G ...
  -97.7693  -71.3909   80.7659
   -0.5533   -0.0723   -0.8298
    0.0223   -0.9972    0.0720
   -0.8327    0.0213    0.5534
...    49 T-A ...
 -100.6974  -71.0454   82.3509
   -0.4262   -0.6211   -0.6577
    0.2851   -0.7822    0.5539
   -0.8585    0.0485    0.5104
...    50 G-C ...
 -103.4553  -71.2575   84.2555
   -0.1427   -0.9739   -0.1765
    0.4601   -0.2232    0.8593
   -0.8763    0.0414    0.4800
...    51 T-A ...
 -106.6845  -71.1546   85.2938
    0.1252   -0.9315    0.3415
    0.4711    0.3588    0.8058
   -0.8731    0.0600    0.4838
...    52 A-T ...
 -109.3954  -70.2102   87.2667
    0.3404   -0.4027    0.8497
    0.3065    0.9018    0.3045
   -0.8889    0.1568    0.4304
...    53 G-C ...
 -112.4220  -69.9187   88.6752
    0.5082    0.1631    0.8457
    0.0903    0.9664   -0.2407
   -0.8565    0.1987    0.4764
...    54 G-C ...
 -115.3815  -69.4675   90.2836
    0.5623    0.6550    0.5048
   -0.1971    0.6990   -0.6874
   -0.8031    0.2870    0.5221
...    55 T-A ...
 -117.7395  -68.7781   92.4794
    0.4229    0.9060    0.0199
   -0.4673    0.2368   -0.8518
   -0.7764    0.3509    0.5235
...    56 A-T ...
 -120.2443  -67.3610   94.2025
    0.1871    0.8057   -0.5620
   -0.6654   -0.3170   -0.6759
   -0.7227    0.5004    0.4768
...    57 T-A ...
 -122.0928  -65.3593   96.0085
   -0.1577    0.5100   -0.8456
   -0.6829   -0.6749   -0.2797
   -0.7133    0.5334    0.4546
...    58 C-G ...
 -124.4590  -63.4310   97.2390
   -0.5172   -0.0209   -0.8556
   -0.4873   -0.8147    0.3144
   -0.7036    0.5795    0.4112
...    59 T-A ...
 -126.7979  -61.2600   98.2470
   -0.6845   -0.4905   -0.5393
   -0.1568   -0.6234    0.7660
   -0.7120    0.6089    0.3498
...    60 C-G ...
 -129.2738  -59.2657   99.2373
   -0.6538   -0.7534    0.0701
    0.2914   -0.1653    0.9422
   -0.6983    0.6364    0.3276
...    61 T-A ...
 -131.7997  -57.1892  100.0671
   -0.3742   -0.7063    0.6009
    0.6098    0.3008    0.7333
   -0.6987    0.6409    0.3181
...    62 C-G ...
 -134.1630  -55.0104  100.9798
    0.0822   -0.3485    0.9337
    0.7325    0.6564    0.1805
   -0.6758    0.6691    0.3092
...    63 A-T ...
 -136.1642  -52.4356  101.8100
    0.5618    0.0797    0.8234
    0.5481    0.7097   -0.4427
   -0.6197    0.7000    0.3550
...    64 T-A ...
 -138.4194  -50.5980  103.3509
    0.7764    0.4251    0.4653
    0.1862    0.5505   -0.8138
   -0.6021    0.7184    0.3482
...    65 G-C ...
 -140.3163  -48.0056  104.3888
    0.8259    0.5455   -0.1425
   -0.3015    0.2138   -0.9292
   -0.4764    0.8104    0.3410
...    66 T-A ...
 -141.4209  -45.3512  105.9491
    0.5742    0.5096   -0.6408
   -0.7012   -0.0978   -0.7062
   -0.4225    0.8548    0.3012
...    67 T-A ...
 -142.5861  -42.4952  106.9000
    0.0904    0.3088   -0.9468
   -0.9172   -0.3446   -0.2000
   -0.3881    0.8865    0.2521
...    68 A-T ...
 -144.0585  -39.5169  107.4773
   -0.4718   -0.0312   -0.8812
   -0.8024   -0.3991    0.4438
   -0.3655    0.9164    0.1632
...    69 T-A ...
 -144.7932  -36.2886  107.5050
   -0.8301   -0.2207   -0.5120
   -0.4403   -0.3038    0.8449
   -0.3420    0.9268    0.1550
...    70 A-T ...
 -145.9320  -33.2530  108.8062
   -0.9369   -0.2444    0.2499
    0.2755   -0.0761    0.9583
   -0.2152    0.9667    0.1387
...    71 A-T ...
 -146.7165  -30.0648  108.9036
   -0.5894   -0.1486    0.7940
    0.7962    0.0596    0.6021
   -0.1368    0.9871    0.0832
...    72 C-G ...
 -147.7106  -26.8288  108.8812
   -0.0510   -0.0739    0.9960
    0.9921    0.1106    0.0590
   -0.1145    0.9911    0.0677
...    73 G-C ...
 -147.5817  -23.4328  108.7016
    0.5503   -0.0798    0.8311
    0.8347    0.0749   -0.5455
   -0.0187    0.9940    0.1078
...    74 G-C ...
 -147.8988  -20.0741  109.0313
    0.9193   -0.1288    0.3720
    0.3825    0.0693   -0.9213
    0.0929    0.9892    0.1130
...    75 A-T ...
 -147.6397  -16.8432  109.4045
    0.9575   -0.1470   -0.2480
   -0.2315    0.1210   -0.9653
    0.1719    0.9817    0.0818
...    76 G-C ...
 -146.7663  -13.6924  109.8162
    0.6628   -0.1846   -0.7257
   -0.6985    0.1969   -0.6880
    0.2699    0.9629    0.0016
...    77 A-T ...
 -145.6882  -10.6151  109.6491
    0.1051   -0.1117   -0.9882
   -0.9405    0.3118   -0.1353
    0.3232    0.9436   -0.0723
...    78 G-C ...
 -144.3003   -7.6445  109.1297
   -0.4421   -0.0036   -0.8969
   -0.8304    0.3796    0.4078
    0.3390    0.9251   -0.1708
...    79 C-G ...
 -143.0416   -4.7630  107.9835
   -0.8406    0.1835   -0.5097
   -0.4208    0.3714    0.8277
    0.3411    0.9102   -0.2350
...    80 T-A ...
 -141.9666   -1.8299  106.7788
   -0.9368    0.3477    0.0390
    0.1341    0.2538    0.9579
    0.3232    0.9026   -0.2844
...    81 C-G ...
 -140.9899    1.1633  105.7133
   -0.6426    0.4565    0.6153
    0.6873   -0.0113    0.7262
    0.3385    0.8897   -0.3065
...    82 G-C ...
 -139.3572    4.0142  104.8918
   -0.1170    0.3260    0.9381
    0.9302   -0.2948    0.2184
    0.3478    0.8982   -0.2688
...    83 G-C ...
 -138.3481    7.0616  103.7723
    0.4122    0.0465    0.9099
    0.8187   -0.4572   -0.3475
    0.3999    0.8881   -0.2265
...    84 G-C ...
 -137.2109   10.1428  102.9470
    0.7596   -0.2977    0.5783
    0.4333   -0.4314   -0.7913
    0.4850    0.8516   -0.1987
...    85 A-T ...
 -135.6777   12.9557  102.2920
    0.8335   -0.5523    0.0137
   -0.1055   -0.1834   -0.9774
    0.5423    0.8132   -0.2112
...    86 T-A ...
 -133.6797   15.5337  102.2091
    0.6427   -0.6037   -0.4717
   -0.5092    0.1234   -0.8518
    0.5724    0.7876   -0.2280
...    87 C-G ...
 -131.6546   17.9555  101.3861
    0.1796   -0.4739   -0.8621
   -0.7685    0.4796   -0.4236
    0.6142    0.7386   -0.2780
...    88 C-G ...
 -129.3167   20.0502  100.1261
   -0.3333   -0.2037   -0.9206
   -0.6984    0.7092    0.0960
    0.6333    0.6749   -0.3786
...    89 G-C ...
 -127.5750   22.4755   98.5268
   -0.7304    0.1769   -0.6597
   -0.3239    0.7606    0.5626
    0.6013    0.6247   -0.4983
...    90 C-G ...
 -125.6915   24.2937   96.4264
   -0.7967    0.5639   -0.2174
    0.1674    0.5516    0.8171
    0.5807    0.6146   -0.5339
...    91 T-A ...
 -123.9577   26.2548   94.3312
   -0.5773    0.7663    0.2821
    0.5982    0.1618    0.7848
    0.5557    0.6218   -0.5518
...    92 T-A ...
 -122.3229   28.1925   92.2613
   -0.0699    0.7444    0.6641
    0.8132   -0.3431    0.4701
    0.5777    0.5729   -0.5814
...    93 T-A ...
 -120.6736   30.1167   90.1995
    0.4524    0.4131    0.7904
    0.6782   -0.7349   -0.0041
    0.5791    0.5379   -0.6126
...    94 A-T ...
 -118.5352   31.4343   87.8892
    0.7866   -0.1675    0.5944
    0.2003   -0.8413   -0.5021
    0.5841    0.5139   -0.6282
...    95 A-T ...
 -116.6257   33.2368   85.9806
    0.7457   -0.6363    0.1979
   -0.3041   -0.5892   -0.7486
    0.5929    0.4980   -0.6329
...    96 C-G ...
 -114.3516   35.0395   84.4037
    0.4366   -0.8762   -0.2041
   -0.6505   -0.1508   -0.7444
    0.6214    0.4578   -0.6358
...    97 A-T ...
 -112.3545   36.4156   82.0709
   -0.0991   -0.8481   -0.5206
   -0.7554    0.4046   -0.5153
    0.6477    0.3422   -0.6808
...    98 C-G ...
 -109.8170   37.0260   80.0170
   -0.5141   -0.5091   -0.6903
   -0.5666    0.8058   -0.1724
    0.6440    0.3025   -0.7027
...    99 T-A ...
 -107.6575   37.6326   77.5418
   -0.7751    0.0023   -0.6318
   -0.1625    0.9656    0.2030
    0.6106    0.2600   -0.7481
...   100 T-A ...
 -105.6777   38.1995   75.0126
   -0.7051    0.5804   -0.4074
    0.3312    0.7776    0.5344
    0.6270    0.2419   -0.7405
...   101 T-A ...
 -103.7554   38.7604   72.4323
   -0.3458    0.9376   -0.0362
    0.6830    0.2779    0.6755
    0.6434    0.2089   -0.7365
...   102 A-T ...
 -101.1410   39.2942   70.2807
    0.2295    0.8919    0.3898
    0.7257   -0.4236    0.5421
    0.6486    0.1585   -0.7445
...   103 T-A ...
  -99.4894   40.2078   67.5559
    0.5849    0.5389    0.6062
    0.4914   -0.8300    0.2638
    0.6453    0.1435   -0.7503
...   104 G-C ...
  -97.1667   40.4010   65.1395
    0.7063   -0.0740    0.7041
    0.0538   -0.9860   -0.1576
    0.7059    0.1492   -0.6924
...   105 C-G ...
  -94.7595   41.2726   63.0031
    0.5794   -0.6211    0.5277
   -0.3508   -0.7745   -0.5264
    0.7357    0.1199   -0.6666
...   106 T-A ...
  -92.1051   41.7099   61.0427
    0.2406   -0.9498    0.2000
   -0.5944   -0.3070   -0.7432
    0.7673    0.0599   -0.6385
...   107 T-A ...
  -89.4750   41.8798   59.1452
   -0.1605   -0.9510   -0.2642
   -0.6196    0.3054   -0.7231
    0.7684    0.0477   -0.6382
...   108 C-G ...
  -86.9388   41.8525   57.0425
   -0.5263   -0.5755   -0.6260
   -0.3807    0.8177   -0.4317
    0.7603    0.0112   -0.6495
...   109 C-G ...
  -84.4597   41.4884   54.7465
   -0.7022   -0.0147   -0.7119
    0.0103    0.9995   -0.0307
    0.7119   -0.0289   -0.7016
...   110 G-C ...
  -82.1301   41.7824   52.3013
   -0.6239    0.5719   -0.5327
    0.4443    0.8202    0.3603
    0.6430   -0.0119   -0.7658
...   111 G-C ...
  -80.1853   41.6148   49.5129
   -0.3064    0.9344   -0.1820
    0.7306    0.3534    0.5843
    0.6102    0.0460   -0.7909
...   112 C-G ...
  -78.4992   41.7440   46.6209
    0.1361    0.9683    0.2094
    0.7786   -0.2353    0.5817
    0.6125    0.0839   -0.7860
...   113 T-A ...
  -76.6587   42.2466   43.8797
    0.5067    0.6727    0.5392
    0.5847   -0.7277    0.3585
    0.6335    0.1336   -0.7621
...   114 C-G ...
  -74.5790   42.7612   41.3718
    0.7340    0.0899    0.6732
    0.1622   -0.9857   -0.0453
    0.6595    0.1424   -0.7381
...   115 G-C ...
  -72.2520   42.8044   38.9025
    0.6142   -0.5100    0.6022
   -0.2669   -0.8524   -0.4496
    0.7426    0.1154   -0.6597
...   116 T-A ...
  -69.5173   43.5378   37.1662
    0.3487   -0.8929    0.2849
   -0.5488   -0.4409   -0.7103
    0.7598    0.0913   -0.6437
...   117 A-T ...
  -67.2036   43.7194   34.6863
   -0.0927   -0.9681   -0.2328
   -0.6339    0.2377   -0.7360
    0.7678    0.0794   -0.6357
...   118 T-A ...
  -64.3189   43.6238   33.0677
   -0.4029   -0.7005   -0.5891
   -0.4904    0.7086   -0.5073
    0.7728    0.0845   -0.6290
...   119 A-T ...
  -61.8561   44.3274   30.8164
   -0.6045   -0.0598   -0.7943
   -0.1090    0.9940    0.0080
    0.7891    0.0914   -0.6074
...   120 A-T ...
  -59.2961   44.3504   28.7917
   -0.5293    0.5440   -0.6511
    0.2609    0.8346    0.4852
    0.8073    0.0869   -0.5836
...   121 T-A ...
  -56.9353   44.1625   26.4741
   -0.3076    0.9008   -0.3065
    0.4925    0.4263    0.7588
    0.8142    0.0825   -0.5748
...   122 G-C ...
  -54.1061   44.5896   24.7192
   -0.0337    0.9668    0.2533
    0.5898   -0.1854    0.7860
    0.8069    0.1759   -0.5639
...   123 T-A ...
  -51.8284   45.4565   22.4572
    0.2564    0.7078    0.6582
    0.5137   -0.6766    0.5275
    0.8188    0.2029   -0.5371
...   124 G-C ...
  -48.9192   46.0466   20.8816
    0.4114    0.1548    0.8982
    0.2935   -0.9555    0.0302
    0.8629    0.2512   -0.4385
...   125 T-A ...
  -46.1846   47.4526   19.6666
    0.4670   -0.3923    0.7925
    0.0391   -0.8862   -0.4617
    0.8834    0.2466   -0.3985
...   126 C-G ...
  -43.2020   48.2257   18.5187
    0.3651   -0.8550    0.3682
   -0.2237   -0.4645   -0.8569
    0.9037    0.2305   -0.3609
...   127 G-C ...
  -40.1911   48.5996   16.9929
    0.0897   -0.9812   -0.1707
   -0.3334    0.1319   -0.9335
    0.9385    0.1407   -0.3153
...   128 A-T ...
  -37.0433   48.9270   16.0065
   -0.1369   -0.6944   -0.7065
   -0.3006    0.7087   -0.6383
    0.9439    0.1250   -0.3057
...   129 C-G ...
  -33.7744   48.7381   15.2249
   -0.2793   -0.1925   -0.9407
   -0.1697    0.9742   -0.1490
    0.9451    0.1180   -0.3048
...   130 C-G ...
  -30.5694   48.8553   14.0762
   -0.3762    0.3904   -0.8403
    0.0267    0.9111    0.4113
    0.9261    0.1323   -0.3532
...   131 A-T ...
  -27.4265   49.4937   13.1002
   -0.3538    0.8463   -0.3983
    0.2445    0.4947    0.8340
    0.9028    0.1977   -0.3819
...   132 A-T ...
  -24.5651   50.0550   11.6581
   -0.1474    0.9748    0.1672
    0.3891   -0.0982    0.9160
    0.9093    0.2001   -0.3648
...   133 A-T ...
  -21.7056   50.7902   10.3161
    0.0796    0.7313    0.6774
    0.3988   -0.6462    0.6507
    0.9136    0.2183   -0.3431
...   134 T-A ...
  -19.0084   52.0403    8.9384
    0.2450    0.2904    0.9250
    0.3072   -0.9282    0.2101
    0.9196    0.2327   -0.3167
...   135 G-C ...
  -16.4570   53.8981    7.5291
    0.5336   -0.3334    0.7773
    0.0348   -0.9096   -0.4140
    0.8450    0.2479   -0.4738
...   136 T-A ...
  -14.1681   56.5699    6.1949
    0.5795   -0.7269    0.3684
   -0.3140   -0.6163   -0.7222
    0.7521    0.3028   -0.5854
...   137 G-C ...
  -11.6469   58.0148    4.7337
    0.2454   -0.9541   -0.1717
   -0.6318   -0.0231   -0.7748
    0.7352    0.2986   -0.6085
...   138 A-T ...
   -8.6698   58.7290    3.6171
   -0.0344   -0.7815   -0.6230
   -0.6534    0.4892   -0.5777
    0.7562    0.3872   -0.5274
...   139 G-C ...
   -6.3212   59.0881    1.6441
   -0.2967   -0.3277   -0.8970
   -0.5657    0.8170   -0.1114
    0.7694    0.4744   -0.4278
...   140 C-G ...
   -3.4297   60.2438    1.0435
   -0.4424    0.2288   -0.8671
   -0.1682    0.9286    0.3309
    0.8809    0.2922   -0.3723
...   141 G-C ...
   -0.6894   63.9064   -2.2356
   -0.9992    0.0156   -0.0375
   -0.0024    0.8991    0.4378
    0.0405    0.4375   -0.8983
...   142 C-G ...
   -0.9980   65.6138   -4.9249
   -0.8337    0.5217    0.1810
    0.5169    0.6220    0.5881
    0.1942    0.5839   -0.7882
...   143 T-A ...
   -0.1245   66.2251   -7.8041
   -0.3751    0.8568    0.3538
    0.8856    0.2185    0.4098
    0.2739    0.4670   -0.8407
...   144 C-G ...
   -0.1581   67.4198  -10.7921
    0.1799    0.8792    0.4411
    0.9276   -0.3009    0.2214
    0.3274    0.3694   -0.8697
...   145 A-T ...
    0.5352   69.2488  -13.4513
    0.7352    0.4961    0.4620
    0.6117   -0.7791   -0.1369
    0.2921    0.3832   -0.8763
...   146 C-G ...
    1.4420   72.1065  -15.5858
    0.9808    0.0622    0.1849
    0.1266   -0.9240   -0.3608
    0.1484    0.3773   -0.9141
...   147 A-T ...
    2.3150   74.2412  -18.3714
    0.8657   -0.4292   -0.2574
   -0.4984   -0.7868   -0.3642
   -0.0462    0.4436   -0.8950
