  147 base-pairs
...     1 A-T ...
    0.0000    0.0000    0.0000
    1.0000    0.0000    0.0000
    0.0000    1.0000    0.0000
    0.0000    0.0000    1.0000
...     2 G-C ...
   -0.1394   -1.2357    3.2268
    0.7529    0.6366    0.1670
   -0.6386    0.7680   -0.0486
   -0.1592   -0.0700    0.9848
...     3 T-A ...
   -0.0365   -3.2932    6.3751
    0.2722    0.9301    0.2466
   -0.9238    0.3243   -0.2033
   -0.2691   -0.1725    0.9475
...     4 G-C ...
   -0.3505   -4.1660    9.4928
   -0.3756    0.9250    0.0579
   -0.8781   -0.3352   -0.3415
   -0.2965   -0.1791    0.9381
...     5 A-T ...
   -0.4462   -4.1476   12.7498
   -0.8116    0.5840   -0.0165
   -0.5523   -0.7762   -0.3042
   -0.1905   -0.2378    0.9524
...     6 G-C ...
   -1.5908   -4.1730   15.6201
   -0.9976    0.0246   -0.0651
   -0.0043   -0.9555   -0.2950
   -0.0695   -0.2940    0.9533
...     7 C-G ...
   -1.1030   -4.4824   18.7362
   -0.8441   -0.5304   -0.0787
    0.5345   -0.8441   -0.0432
   -0.0435   -0.0785    0.9960
...     8 G-C ...
   -2.4028   -7.7290   23.1475
   -0.2754   -0.3293   -0.9032
    0.6650   -0.7437    0.0684
   -0.6942   -0.5818    0.4238
...     9 C-G ...
   -4.4690   -9.9728   24.1132
    0.1145   -0.7025   -0.7024
    0.8512   -0.2952    0.4340
   -0.5122   -0.6476    0.5642
...    10 T-A ...
   -6.7405  -10.8752   25.9697
    0.4841   -0.8363   -0.2574
    0.6595    0.1553    0.7355
   -0.5751   -0.5258    0.6267
...    11 C-G ...
   -9.1656  -12.6208   27.1640
    0.7073   -0.6682    0.2307
    0.3448    0.6110    0.7126
   -0.6171   -0.4245    0.6626
...    12 A-T ...
  -10.9234  -14.6633   29.0693
    0.7515   -0.1377    0.6452
   -0.2029    0.8824    0.4246
   -0.6277   -0.4500    0.6352
...    13 C-G ...
  -11.8476  -17.4863   31.2451
    0.4295    0.2823    0.8578
   -0.5708    0.8209    0.0156
   -0.6998   -0.4963    0.5137
...    14 A-T ...
  -13.5897  -19.7827   33.4259
   -0.1504    0.6104    0.7777
   -0.6874    0.5008   -0.5260
   -0.7106   -0.6136    0.3443
...    15 A-T ...
  -15.8247  -21.8470   34.5532
   -0.5238    0.7942    0.3079
   -0.4490    0.0498   -0.8922
   -0.7239   -0.6056    0.3305
...    16 T-A ...
  -17.9650  -23.7942   36.3279
   -0.7117    0.6657   -0.2244
   -0.0702   -0.3852   -0.9202
   -0.6990   -0.6391    0.3209
...    17 T-A ...
  -20.2624  -25.7124   37.6940
   -0.6335    0.2831   -0.7201
    0.3808   -0.6960   -0.6087
   -0.6735   -0.6599    0.3331
...    18 T-A ...
  -22.5693  -27.7416   38.7943
   -0.2769   -0.1553   -0.9483
    0.6742   -0.7345   -0.0766
   -0.6846   -0.6606    0.3081
...    19 A-T ...
  -24.6784  -30.2334   39.8263
    0.2328   -0.5828   -0.7786
    0.6862   -0.4689    0.5561
   -0.6891   -0.6637    0.2907
...    20 T-A ...
  -27.3531  -32.1692   40.2777
    0.5518   -0.7567   -0.3506
    0.4566   -0.0777    0.8863
   -0.6978   -0.6492    0.3027
...    21 T-A ...
  -29.7004  -34.3209   40.9867
    0.6899   -0.6733    0.2657
    0.0215    0.3859    0.9223
   -0.7235   -0.6306    0.2808
...    22 C-G ...
  -32.0537  -36.4429   41.9217
    0.5738   -0.2921    0.7651
   -0.4111    0.7053    0.5776
   -0.7083   -0.6460    0.2846
...    23 G-C ...
  -34.6889  -38.1487   43.1951
    0.3410    0.2454    0.9075
   -0.6782    0.7327    0.0567
   -0.6510   -0.6348    0.4163
...    24 C-G ...
  -36.5437  -40.5106   44.5500
   -0.0309    0.6324    0.7740
   -0.7502    0.4970   -0.4360
   -0.6604   -0.5942    0.4591
...    25 A-T ...
  -39.0977  -42.4028   45.6044
   -0.4226    0.8463    0.3244
   -0.5786    0.0235   -0.8152
   -0.6975   -0.5322    0.4798
...    26 A-T ...
  -41.3622  -44.0755   47.2864
   -0.6665    0.7118   -0.2219
   -0.2291   -0.4787   -0.8476
   -0.7095   -0.5140    0.4821
...    27 A-T ...
  -43.6169  -45.5544   49.1200
   -0.6756    0.2932   -0.6764
    0.2094   -0.8034   -0.5574
   -0.7069   -0.5182    0.4814
...    28 G-C ...
  -46.2429  -46.8766   50.7984
   -0.4103   -0.1627   -0.8973
    0.5236   -0.8477   -0.0857
   -0.7467   -0.5050    0.4330
...    29 G-C ...
  -49.0757  -48.4341   52.0178
    0.0200   -0.6017   -0.7985
    0.6420   -0.6045    0.4716
   -0.7665   -0.5220    0.3742
...    30 C-G ...
  -51.7728  -50.1570   52.8259
    0.4086   -0.8212   -0.3982
    0.4918   -0.1695    0.8541
   -0.7689   -0.5448    0.3346
...    31 C-G ...
  -54.5256  -51.9158   53.7243
    0.6535   -0.7431    0.1438
    0.1595    0.3209    0.9336
   -0.7399   -0.5872    0.3282
...    32 G-C ...
  -56.7653  -53.5988   55.0655
    0.6977   -0.4056    0.5905
   -0.2233    0.6601    0.7172
   -0.6807   -0.6323    0.3700
...    33 G-C ...
  -58.8114  -55.9509   56.3641
    0.4888    0.0840    0.8684
   -0.5830    0.7719    0.2535
   -0.6490   -0.6302    0.4263
...    34 C-G ...
  -60.7254  -58.3143   57.6550
    0.1123    0.5438    0.8316
   -0.7506    0.5949   -0.2877
   -0.6511   -0.5919    0.4750
...    35 C-G ...
  -62.6714  -60.2794   59.6495
   -0.2665    0.8364    0.4790
   -0.6909    0.1807   -0.7000
   -0.6720   -0.5174    0.5297
...    36 C-G ...
  -64.8368  -61.8712   61.6778
   -0.5651    0.8238   -0.0454
   -0.4476   -0.3523   -0.8219
   -0.6931   -0.4441    0.5678
...    37 G-C ...
  -67.3032  -63.8515   62.9212
   -0.6589    0.5152   -0.5481
   -0.0635   -0.7641   -0.6420
   -0.7496   -0.3882    0.5362
...    38 A-T ...
  -69.7203  -65.0296   64.6491
   -0.5646   -0.0438   -0.8242
    0.3373   -0.9236   -0.1820
   -0.7533   -0.3808    0.5363
...    39 C-G ...
  -72.4700  -65.8303   66.1262
   -0.2741   -0.5175   -0.8106
    0.5635   -0.7694    0.3007
   -0.7793   -0.3744    0.5025
...    40 A-T ...
  -75.1449  -67.2632   67.6439
    0.1553   -0.8665   -0.4743
    0.6011   -0.2981    0.7415
   -0.7839   -0.4003    0.4746
...    41 C-G ...
  -77.9526  -68.7738   68.7154
    0.4576   -0.8891   -0.0098
    0.4192    0.2060    0.8842
   -0.7841   -0.4087    0.4670
...    42 G-C ...
  -80.3915  -69.8621   70.6798
    0.6451   -0.5657    0.5136
    0.0642    0.7100    0.7013
   -0.7614   -0.4195    0.4943
...    43 A-T ...
  -82.9399  -71.1182   72.0912
    0.5620   -0.0307    0.8266
   -0.3026    0.9224    0.2400
   -0.7698   -0.3850    0.5091
...    44 C-G ...
  -85.1764  -72.9697   73.6590
    0.3582    0.4937    0.7924
   -0.5643    0.7907   -0.2375
   -0.7438   -0.3621    0.5618
...    45 T-A ...
  -87.4132  -74.4766   75.9950
    0.0369    0.8967    0.4412
   -0.6687    0.3502   -0.6559
   -0.7426   -0.2708    0.6125
...    46 T-A ...
  -89.7295  -75.2339   78.0233
   -0.2726    0.9620   -0.0142
   -0.5966   -0.1806   -0.7819
   -0.7548   -0.2047    0.6232
...    47 A-T ...
  -92.2891  -75.5658   80.0962
   -0.4484    0.7145   -0.5370
   -0.3866   -0.6968   -0.6042
   -0.8059   -0.0633    0.5887
...    48 C-G ...
  -94.8254  -75.0367   82.1775
   -0.5522    0.2307   -0.8011
   -0.1233   -0.9730   -0.1952
   -0.8245   -0.0090    0.5658
...    49 T-A ...
  -97.6519  -74.5077   83.9459
   -0.4746   -0.3264   -0.8174
    0.1310   -0.9446    0.3011
   -0.8704    0.0358    0.4911
...    50 G-C ...
 -100.6331  -74.5926   85.4864
   -0.2490   -0.8267   -0.5046
    0.3512   -0.5626    0.7484
   -0.9026    0.0091    0.4304
...    51 T-A ...
 -103.7390  -74.5510   86.3703
   -0.0330   -0.9994    0.0060
    0.4223   -0.0085    0.9064
   -0.9059    0.0324    0.4223
...    52 A-T ...
 -106.2974  -73.6671   88.7457
    0.1530   -0.6936    0.7039
    0.3761    0.6996    0.6076
   -0.9139    0.1718    0.3679
...    53 G-C ...
 -109.3432  -73.0688   89.8277
    0.3922   -0.2196    0.8933
    0.2606    0.9578    0.1211
   -0.8822    0.1853    0.4329
...    54 G-C ...
 -112.4968  -73.0768   91.5075
    0.5499    0.3470    0.7598
   -0.0048    0.9109   -0.4125
   -0.8352    0.2232    0.5026
...    55 T-A ...
 -115.0915  -72.6388   93.3863
    0.5070    0.7620    0.4029
   -0.2829    0.5886   -0.7573
   -0.8142    0.2699    0.5140
...    56 A-T ...
 -117.5528  -71.7105   95.6349
    0.3673    0.9109   -0.1880
   -0.5527    0.0512   -0.8318
   -0.7480    0.4094    0.5223
...    57 T-A ...
 -119.4962  -70.2328   97.7660
    0.0681    0.7821   -0.6194
   -0.6817   -0.4168   -0.6012
   -0.7284    0.4632    0.5048
...    58 C-G ...
 -121.8615  -68.3306   99.4318
   -0.3432    0.3103   -0.8865
   -0.6028   -0.7966   -0.0455
   -0.7203    0.5188    0.4604
...    59 T-A ...
 -124.2210  -66.3346  100.6306
   -0.5814   -0.2121   -0.7855
   -0.3505   -0.8060    0.4770
   -0.7343    0.5526    0.3942
...    60 C-G ...
 -126.9006  -64.9071  101.8907
   -0.6876   -0.6553   -0.3127
    0.0280   -0.4543    0.8904
   -0.7255    0.6035    0.3307
...    61 G-C ...
 -129.1579  -63.1520  103.6205
   -0.5418   -0.7929    0.2789
    0.4102    0.0401    0.9111
   -0.7336    0.6081    0.3035
...    62 A-T ...
 -131.3325  -60.9074  104.7696
   -0.1671   -0.5805    0.7969
    0.6875    0.5107    0.5162
   -0.7067    0.6342    0.3138
...    63 G-C ...
 -134.0905  -59.2627  105.8962
    0.3023   -0.2382    0.9230
    0.6791    0.7333   -0.0331
   -0.6690    0.6368    0.3834
...    64 T-A ...
 -136.5107  -57.6373  107.4743
    0.6614    0.1612    0.7325
    0.4145    0.7354   -0.5360
   -0.6251    0.6582    0.4196
...    65 C-G ...
 -138.4731  -55.4416  108.7589
    0.8268    0.4944    0.2682
   -0.0314    0.5167   -0.8556
   -0.5616    0.6990    0.4427
...    66 A-T ...
 -140.5198  -53.1066  110.1514
    0.7427    0.5850   -0.3260
   -0.5092    0.1770   -0.8423
   -0.4350    0.7915    0.4293
...    67 T-A ...
 -141.4967  -50.4814  111.7870
    0.4220    0.5206   -0.7422
   -0.8250   -0.1189   -0.5524
   -0.3758    0.8455    0.3793
...    68 G-C ...
 -142.6228  -47.3602  112.8257
   -0.1099    0.2247   -0.9682
   -0.9415   -0.3356    0.0290
   -0.3185    0.9148    0.2485
...    69 T-A ...
 -143.1431  -44.0515  113.3365
   -0.6109   -0.0027   -0.7917
   -0.7361   -0.3664    0.5692
   -0.2917    0.9304    0.2218
...    70 T-A ...
 -143.9172  -40.9556  113.8627
   -0.9427   -0.1652   -0.2898
   -0.2403   -0.2659    0.9336
   -0.2312    0.9497    0.2110
...    71 A-T ...
 -144.5096  -37.6417  114.9333
   -0.8508   -0.1785    0.4943
    0.5159   -0.1045    0.8502
   -0.1001    0.9784    0.1810
...    72 T-A ...
 -145.2578  -34.4271  114.9675
   -0.4608   -0.1531    0.8742
    0.8857   -0.0174    0.4639
   -0.0558    0.9881    0.1436
...    73 A-T ...
 -144.9809  -30.9359  115.2244
    0.2923   -0.0372    0.9556
    0.9561    0.0309   -0.2913
   -0.0187    0.9988    0.0446
...    74 A-T ...
 -145.1702  -27.7313  115.3770
    0.7930   -0.0143    0.6090
    0.6091    0.0014   -0.7931
    0.0105    0.9999    0.0099
...    75 C-G ...
 -145.4000  -24.4165  115.9321
    0.9963   -0.0558    0.0656
    0.0651   -0.0104   -0.9978
    0.0563    0.9984   -0.0067
...    76 G-C ...
 -144.9194  -21.2254  115.4122
    0.8484   -0.2507   -0.4662
   -0.4716    0.0421   -0.8808
    0.2404    0.9671   -0.0825
...    77 G-C ...
 -143.5257  -18.3137  114.7658
    0.4264   -0.3261   -0.8437
   -0.8215    0.2507   -0.5121
    0.3785    0.9115   -0.1610
...    78 A-T ...
 -142.0664  -15.5283  113.8771
   -0.1725   -0.1919   -0.9661
   -0.8902    0.4502    0.0696
    0.4216    0.8721   -0.2485
...    79 C-G ...
 -140.1367  -13.0452  112.8578
   -0.6491    0.0340   -0.7599
   -0.6374    0.5210    0.5677
    0.4152    0.8529   -0.3165
...    80 T-A ...
 -138.4336  -10.5975  111.2164
   -0.9190    0.2654   -0.2917
   -0.1393    0.4736    0.8696
    0.3690    0.8398   -0.3983
...    81 C-G ...
 -137.3648   -7.6732  110.0895
   -0.7978    0.5192    0.3065
    0.4811    0.2419    0.8426
    0.3633    0.8197   -0.4428
...    82 G-C ...
 -135.3482   -4.7223  109.5227
   -0.3474    0.5552    0.7557
    0.8722   -0.1045    0.4778
    0.3442    0.8251   -0.4480
...    83 G-C ...
 -134.2150   -2.0119  107.7985
    0.2148    0.3462    0.9132
    0.8896   -0.4553   -0.0366
    0.4031    0.8202   -0.4058
...    84 G-C ...
 -133.0255    0.7998  106.3976
    0.6318   -0.0485    0.7736
    0.6174   -0.5719   -0.5401
    0.4686    0.8189   -0.3314
...    85 A-T ...
 -131.5881    3.6662  105.4210
    0.8595   -0.4145    0.2992
    0.1015   -0.4352   -0.8946
    0.5010    0.7992   -0.3320
...    86 T-A ...
 -129.8300    6.4072  104.9313
    0.7618   -0.6152   -0.2028
   -0.3642   -0.1479   -0.9195
    0.5357    0.7744   -0.3368
...    87 C-G ...
 -127.8217    8.8614  103.9352
    0.3656   -0.6192   -0.6949
   -0.7362    0.2645   -0.6230
    0.5695    0.7394   -0.3591
...    88 C-G ...
 -125.7858   11.1352  102.6973
   -0.1564   -0.4664   -0.8706
   -0.7983    0.5787   -0.1666
    0.5816    0.6690   -0.4628
...    89 G-C ...
 -124.2373   13.5340  100.9368
   -0.6516   -0.1238   -0.7484
   -0.5281    0.7823    0.3303
    0.5446    0.6105   -0.5751
...    90 C-G ...
 -122.3642   15.2133   98.5271
   -0.8410    0.3536   -0.4095
   -0.0308    0.7244    0.6887
    0.5401    0.5918   -0.5983
...    91 T-A ...
 -120.8903   17.1324   95.9858
   -0.6926    0.7180    0.0689
    0.5015    0.4107    0.7615
    0.5185    0.5619   -0.6445
...    92 T-A ...
 -119.4164   18.8524   93.6072
   -0.2139    0.8552    0.4721
    0.8150   -0.1103    0.5689
    0.5386    0.5065   -0.6733
...    93 T-A ...
 -117.8963   20.5143   91.1988
    0.3358    0.6425    0.6887
    0.7705   -0.6080    0.1915
    0.5418    0.4664   -0.6993
...    94 A-T ...
 -115.7047   21.3531   88.7230
    0.7613    0.1211    0.6370
    0.3682   -0.8894   -0.2710
    0.5337    0.4408   -0.7217
...    95 A-T ...
 -114.0067   22.9053   86.4831
    0.8283   -0.4268    0.3631
   -0.1557   -0.7978   -0.5825
    0.5382    0.4259   -0.7273
...    96 C-G ...
 -111.9782   24.7005   84.4451
    0.5943   -0.8041   -0.0166
   -0.5955   -0.4261   -0.6811
    0.5406    0.4146   -0.7320
...    97 A-T ...
 -110.0603   25.8979   81.9070
    0.0678   -0.9297   -0.3620
   -0.8215    0.1539   -0.5491
    0.5662    0.3346   -0.7533
...    98 C-G ...
 -107.6961   26.4953   79.5708
   -0.4048   -0.7057   -0.5815
   -0.7148    0.6408   -0.2800
    0.5702    0.3023   -0.7639
...    99 T-A ...
 -105.3745   26.9600   76.8444
   -0.7785   -0.2018   -0.5943
   -0.3222    0.9411    0.1026
    0.5386    0.2714   -0.7977
...   100 T-A ...
 -103.5918   27.5023   74.1454
   -0.7920    0.4155   -0.4474
    0.2125    0.8745    0.4359
    0.5724    0.2502   -0.7809
...   101 T-A ...
 -101.7936   28.0767   71.4507
   -0.4948    0.8598   -0.1264
    0.6342    0.4566    0.6239
    0.5942    0.2286   -0.7712
...   102 A-T ...
  -99.4516   28.8120   68.9805
    0.1049    0.9490    0.2974
    0.7854   -0.2626    0.5606
    0.6100    0.1748   -0.7729
...   103 T-A ...
  -98.0338   29.7209   66.1873
    0.4597    0.6917    0.5570
    0.6341   -0.6948    0.3394
    0.6217    0.1971   -0.7580
...   104 G-C ...
  -95.9757   30.6504   63.7445
    0.6894    0.1007    0.7174
    0.2418   -0.9655   -0.0968
    0.6829    0.2401   -0.6899
...   105 C-G ...
  -93.5832   31.7526   61.7509
    0.6730   -0.4695    0.5716
   -0.1920   -0.8572   -0.4779
    0.7143    0.2119   -0.6670
...   106 T-A ...
  -90.8282   32.6565   59.8218
    0.4112   -0.8886    0.2033
   -0.5221   -0.4124   -0.7465
    0.7472    0.2008   -0.6335
...   107 T-A ...
  -88.2620   33.2382   57.9760
    0.0060   -0.9726   -0.2323
   -0.6435    0.1740   -0.7454
    0.7654    0.1540   -0.6249
...   108 C-G ...
  -85.5900   33.5173   55.9473
   -0.4079   -0.6699   -0.6204
   -0.5022    0.7321   -0.4603
    0.7625    0.1238   -0.6350
...   109 C-G ...
  -83.0907   33.7007   53.7823
   -0.6847   -0.1707   -0.7085
   -0.1795    0.9817   -0.0630
    0.7063    0.0841   -0.7029
...   110 G-C ...
  -81.0318   34.3175   51.5135
   -0.7351    0.3759   -0.5641
    0.2375    0.9222    0.3050
    0.6350    0.0902   -0.7673
...   111 G-C ...
  -79.2055   34.6230   48.6801
   -0.5039    0.8291   -0.2423
    0.6259    0.5438    0.5590
    0.5952    0.1300   -0.7930
...   112 C-G ...
  -77.6975   35.0157   45.6992
   -0.0822    0.9847    0.1539
    0.8039   -0.0258    0.5943
    0.5891    0.1726   -0.7894
...   113 T-A ...
  -75.8970   35.6411   42.9594
    0.3429    0.8002    0.4921
    0.7270   -0.5578    0.4005
    0.5949    0.2204   -0.7730
...   114 C-G ...
  -73.8019   36.3348   40.4437
    0.6957    0.2902    0.6571
    0.3855   -0.9227   -0.0006
    0.6062    0.2537   -0.7538
...   115 G-C ...
  -71.6144   36.6506   37.9073
    0.7351   -0.3496    0.5809
   -0.0990   -0.9029   -0.4182
    0.6707    0.2499   -0.6983
...   116 T-A ...
  -68.9782   37.8265   36.1779
    0.5263   -0.8013    0.2844
   -0.4812   -0.5565   -0.6773
    0.7010    0.2196   -0.6785
...   117 A-T ...
  -66.2964   38.5544   34.1863
    0.0895   -0.9843   -0.1520
   -0.6779    0.0516   -0.7333
    0.7297    0.1687   -0.6627
...   118 T-A ...
  -63.4640   38.8681   32.5309
   -0.2659   -0.8051   -0.5302
   -0.6216    0.5636   -0.5441
    0.7369    0.1849   -0.6503
...   119 A-T ...
  -61.0195   39.8552   30.2420
   -0.5710   -0.1786   -0.8013
   -0.2785    0.9603   -0.0156
    0.7723    0.2143   -0.5980
...   120 A-T ...
  -58.4533   40.2064   28.2622
   -0.6144    0.4210   -0.6673
    0.1007    0.8807    0.4629
    0.7825    0.2172   -0.5835
...   121 T-A ...
  -56.0492   40.4177   25.9288
   -0.4514    0.8321   -0.3222
    0.4064    0.5132    0.7560
    0.7944    0.2103   -0.5698
...   122 G-C ...
  -53.3356   41.1335   23.8549
   -0.1621    0.9526    0.2573
    0.5911   -0.1151    0.7983
    0.7901    0.2815   -0.5445
...   123 T-A ...
  -51.0329   42.1823   21.7256
    0.1522    0.7404    0.6548
    0.5751   -0.6051    0.5506
    0.8038    0.2928   -0.5178
...   124 G-C ...
  -48.2962   43.2352   20.0059
    0.3873    0.2035    0.8992
    0.3953   -0.9178    0.0375
    0.8329    0.3410   -0.4359
...   125 T-A ...
  -45.8091   44.7487   18.6948
    0.4852   -0.3372    0.8068
    0.1455   -0.8787   -0.4547
    0.8622    0.3380   -0.3773
...   126 C-G ...
  -42.9840   45.7772   17.6705
    0.4780   -0.7938    0.3761
   -0.1467   -0.4943   -0.8568
    0.8660    0.3543   -0.3527
...   127 G-C ...
  -40.1420   46.4996   15.9713
    0.2093   -0.9686   -0.1345
   -0.3131    0.0639   -0.9476
    0.9264    0.2404   -0.2899
...   128 A-T ...
  -37.1407   47.2303   15.0929
   -0.0118   -0.7278   -0.6857
   -0.3712    0.6399   -0.6728
    0.9285    0.2466   -0.2777
...   129 C-G ...
  -33.8505   47.3908   14.6019
   -0.2368   -0.2656   -0.9345
   -0.2956    0.9360   -0.1912
    0.9255    0.2309   -0.3002
...   130 C-G ...
  -30.6852   47.7857   13.3612
   -0.4248    0.2864   -0.8588
   -0.0862    0.9315    0.3533
    0.9012    0.2240   -0.3710
...   131 A-T ...
  -27.5447   49.1727   12.9846
   -0.3899    0.8130   -0.4324
    0.1742    0.5262    0.8323
    0.9042    0.2492   -0.3468
...   132 A-T ...
  -24.6101   49.9469   11.7176
   -0.2130    0.9662    0.1454
    0.3615   -0.0603    0.9304
    0.9077    0.2507   -0.3364
...   133 A-T ...
  -21.7892   50.8459   10.2915
    0.0674    0.7455    0.6631
    0.3981   -0.6295    0.6672
    0.9149    0.2190   -0.3392
...   134 T-A ...
  -19.0082   52.0403    8.9385
    0.2450    0.2904    0.9250
    0.3072   -0.9282    0.2101
    0.9196    0.2327   -0.3166
...   135 G-C ...
  -16.4568   53.8981    7.5292
    0.5336   -0.3334    0.7773
    0.0348   -0.9096   -0.4140
    0.8450    0.2479   -0.4738
...   136 T-A ...
  -14.1680   56.5699    6.1950
    0.5795   -0.7269    0.3684
   -0.3140   -0.6163   -0.7222
    0.7521    0.3028   -0.5854
...   137 G-C ...
  -11.6468   58.0147    4.7338
    0.2454   -0.9541   -0.1717
   -0.6318   -0.0231   -0.7748
    0.7352    0.2986   -0.6085
...   138 A-T ...
   -8.6697   58.7290    3.6172
   -0.0344   -0.7815   -0.6230
   -0.6534    0.4892   -0.5777
    0.7562    0.3872   -0.5274
...   139 G-C ...
   -6.3210   59.0880    1.6442
   -0.2967   -0.3277   -0.8970
   -0.5657    0.8170   -0.1114
    0.7694    0.4744   -0.4278
...   140 C-G ...
   -3.4295   60.2438    1.0437
   -0.4424    0.2288   -0.8671
   -0.1682    0.9286    0.3309
    0.8809    0.2922   -0.3723
...   141 G-C ...
   -0.6892   63.9064   -2.2354
   -0.9992    0.0156   -0.0375
   -0.0024    0.8991    0.4378
    0.0405    0.4375   -0.8983
...   142 C-G ...
   -0.9978   65.6138   -4.9247
   -0.8337    0.5217    0.1810
    0.5169    0.6220    0.5881
    0.1942    0.5839   -0.7882
...   143 T-A ...
   -0.1243   66.2251   -7.8040
   -0.3751    0.8568    0.3538
    0.8856    0.2185    0.4098
    0.2739    0.4670   -0.8407
...   144 C-G ...
   -0.1579   67.4198  -10.7920
    0.1799    0.8792    0.4411
    0.9276   -0.3009    0.2214
    0.3274    0.3694   -0.8697
...   145 A-T ...
    0.5354   69.2488  -13.4512
    0.7352    0.4961    0.4620
    0.6117   -0.7791   -0.1369
    0.2921    0.3832   -0.8763
...   146 C-G ...
    1.4422   72.1065  -15.5857
    0.9808    0.0622    0.1849
    0.1266   -0.9240   -0.3608
    0.1484    0.3773   -0.9141
...   147 A-T ...
    2.3152   74.2411  -18.3712
    0.8657   -0.4292   -0.2574
   -0.4984   -0.7868   -0.3642
   -0.0462    0.4436   -0.8950
