  147 base-pairs
...     1 A-T ...
    0.0000    0.0000    0.0000
    1.0000    0.0000    0.0000
    0.0000    1.0000    0.0000
    0.0000    0.0000    1.0000
...     2 G-C ...
   -0.1394   -1.2357    3.2268
    0.7529    0.6366    0.1670
   -0.6386    0.7680   -0.0486
   -0.1592   -0.0700    0.9848
...     3 T-A ...
   -0.0365   -3.2932    6.3751
    0.2722    0.9301    0.2466
   -0.9238    0.3243   -0.2033
   -0.2691   -0.1725    0.9475
...     4 G-C ...
   -0.3505   -4.1660    9.4928
   -0.3756    0.9250    0.0579
   -0.8781   -0.3352   -0.3415
   -0.2965   -0.1791    0.9381
...     5 A-T ...
   -0.4462   -4.1476   12.7498
   -0.8116    0.5840   -0.0165
   -0.5523   -0.7762   -0.3042
   -0.1905   -0.2378    0.9524
...     6 G-C ...
   -1.5908   -4.1730   15.6201
   -0.9976    0.0246   -0.0651
   -0.0043   -0.9555   -0.2950
   -0.0695   -0.2940    0.9533
...     7 C-G ...
   -1.1030   -4.4824   18.7362
   -0.8441   -0.5304   -0.0787
    0.5345   -0.8441   -0.0432
   -0.0435   -0.0785    0.9960
...     8 G-C ...
   -2.4028   -7.7290   23.1475
   -0.2754   -0.3293   -0.9032
    0.6650   -0.7437    0.0684
   -0.6942   -0.5818    0.4238
...     9 C-G ...
   -4.4690   -9.9728   24.1132
    0.1145   -0.7025   -0.7024
    0.8512   -0.2952    0.4340
   -0.5122   -0.6476    0.5642
...    10 T-A ...
   -6.7405  -10.8752   25.9697
    0.4841   -0.8363   -0.2574
    0.6595    0.1553    0.7355
   -0.5751   -0.5258    0.6267
...    11 C-G ...
   -9.1656  -12.6208   27.1640
    0.7073   -0.6682    0.2307
    0.3448    0.6110    0.7126
   -0.6171   -0.4245    0.6626
...    12 A-T ...
  -10.9234  -14.6633   29.0693
    0.7515   -0.1377    0.6452
   -0.2029    0.8824    0.4246
   -0.6277   -0.4500    0.6352
...    13 C-G ...
  -11.8476  -17.4863   31.2451
    0.4295    0.2823    0.8578
   -0.5708    0.8209    0.0156
   -0.6998   -0.4963    0.5137
...    14 A-T ...
  -13.5897  -19.7827   33.4259
   -0.1504    0.6104    0.7777
   -0.6874    0.5008   -0.5260
   -0.7106   -0.6136    0.3443
...    15 A-T ...
  -15.8238  -21.8318   34.6022
   -0.5370    0.7872    0.3031
   -0.4504    0.0362   -0.8921
   -0.7133   -0.6156    0.3351
...    16 T-A ...
  -17.9308  -23.8137   36.3963
   -0.7286    0.6450   -0.2306
   -0.0609   -0.3964   -0.9161
   -0.6822   -0.6534    0.3281
...    17 T-A ...
  -20.1617  -25.7826   37.7921
   -0.6462    0.2487   -0.7215
    0.4039   -0.6907   -0.5998
   -0.6476   -0.6790    0.3458
...    18 T-A ...
  -22.3886  -27.8739   38.9894
   -0.2809   -0.2037   -0.9379
    0.7106   -0.7009   -0.0606
   -0.6450   -0.6835    0.3417
...    19 A-T ...
  -24.3100  -30.4643   40.2346
    0.2606   -0.6259   -0.7351
    0.7210   -0.3802    0.5793
   -0.6421   -0.6810    0.3521
...    20 T-A ...
  -26.8412  -32.5324   40.8871
    0.6004   -0.7431   -0.2957
    0.4702    0.0289    0.8821
   -0.6469   -0.6686    0.3668
...    21 T-A ...
  -29.0134  -34.7728   41.8301
    0.7457   -0.5911    0.3075
    0.0036    0.4650    0.8853
   -0.6663   -0.6591    0.3488
...    22 C-G ...
  -31.1658  -36.9832   43.0196
    0.6092   -0.1705    0.7745
   -0.4621    0.7174    0.5214
   -0.6445   -0.6755    0.3583
...    23 G-C ...
  -33.5834  -38.8108   44.5715
    0.3350    0.3636    0.8692
   -0.7474    0.6644    0.0101
   -0.5738   -0.6530    0.4943
...    24 C-G ...
  -35.1506  -41.1997   46.2219
   -0.0804    0.6980    0.7115
   -0.8088    0.3715   -0.4559
   -0.5825   -0.6122    0.5347
...    25 A-T ...
  -37.5354  -43.1952   47.5438
   -0.5219    0.8156    0.2496
   -0.5927   -0.1363   -0.7938
   -0.6134   -0.5623    0.5546
...    26 A-T ...
  -39.5403  -44.9482   49.4694
   -0.7670    0.5799   -0.2747
   -0.1726   -0.5987   -0.7822
   -0.6180   -0.5525    0.5593
...    27 A-T ...
  -41.5082  -46.5471   51.5342
   -0.7291    0.0973   -0.6775
    0.3265   -0.8205   -0.4693
   -0.6015   -0.5634    0.5664
...    28 G-C ...
  -43.8275  -48.0934   53.4741
   -0.3969   -0.3506   -0.8483
    0.6649   -0.7469   -0.0024
   -0.6328   -0.5650    0.5295
...    29 G-C ...
  -46.2456  -49.9549   55.0997
    0.1120   -0.7027   -0.7026
    0.7587   -0.3961    0.5172
   -0.6418   -0.5910    0.4888
...    30 C-G ...
  -48.5528  -51.9425   56.3866
    0.5518   -0.7820   -0.2898
    0.5431    0.0732    0.8365
   -0.6329   -0.6190    0.4651
...    31 C-G ...
  -50.8864  -53.9822   57.7679
    0.7972   -0.5637    0.2159
    0.1263    0.5055    0.8535
   -0.5903   -0.6532    0.4742
...    32 G-C ...
  -52.7307  -55.7849   59.5393
    0.7943   -0.1360    0.5921
   -0.3270    0.7257    0.6053
   -0.5120   -0.6745    0.5320
...    33 G-C ...
  -54.1965  -58.1838   61.3933
    0.5024    0.3566    0.7877
   -0.7239    0.6716    0.1578
   -0.4728   -0.6495    0.5955
...    34 C-G ...
  -55.4478  -60.5614   63.3226
    0.0323    0.7187    0.6946
   -0.8804    0.3495   -0.3206
   -0.4732   -0.6012    0.6440
...    35 C-G ...
  -56.7980  -62.3761   65.8848
   -0.4262    0.8433    0.3274
   -0.7565   -0.1338   -0.6401
   -0.4960   -0.5205    0.6950
...    36 C-G ...
  -58.4551  -63.8606   68.4201
   -0.7551    0.6379   -0.1513
   -0.4010   -0.6320   -0.6632
   -0.5186   -0.4401    0.7330
...    37 G-C ...
  -60.3177  -66.0606   70.3182
   -0.8130    0.1814   -0.5534
    0.0953   -0.8960   -0.4336
   -0.5745   -0.4052    0.7112
...    38 A-T ...
  -62.2184  -67.2995   72.5917
   -0.5938   -0.4021   -0.6969
    0.5619   -0.8272   -0.0016
   -0.5759   -0.3925    0.7172
...    39 C-G ...
  -64.5264  -68.3019   74.6343
   -0.1855   -0.7787   -0.5993
    0.7796   -0.4879    0.3926
   -0.5982   -0.3944    0.6976
...    40 A-T ...
  -66.5276  -69.8252   76.9262
    0.3559   -0.9053   -0.2317
    0.7251    0.1111    0.6796
   -0.5895   -0.4099    0.6960
...    41 C-G ...
  -68.6820  -71.5375   78.8671
    0.6954   -0.6995    0.1649
    0.4198    0.5816    0.6968
   -0.5833   -0.4153    0.6981
...    42 G-C ...
  -70.5365  -72.4269   81.4817
    0.8352   -0.1759    0.5211
   -0.0758    0.9017    0.4258
   -0.5447   -0.3951    0.7397
...    43 A-T ...
  -72.4542  -73.6912   83.6724
    0.6345    0.4010    0.6608
   -0.5351    0.8448    0.0012
   -0.5577   -0.3544    0.7506
...    44 C-G ...
  -73.8584  -75.3731   86.1288
    0.2867    0.8194    0.4963
   -0.8015    0.4890   -0.3443
   -0.5248   -0.2991    0.7970
...    45 T-A ...
  -75.2574  -76.3868   89.2372
   -0.1819    0.9789    0.0928
   -0.8240   -0.1002   -0.5577
   -0.5367   -0.1779    0.8248
...    46 T-A ...
  -76.9920  -76.8027   91.8557
   -0.5545    0.7831   -0.2816
   -0.6125   -0.6131   -0.4990
   -0.5634   -0.1042    0.8196
...    47 A-T ...
  -79.1081  -77.0362   94.4246
   -0.7560    0.2625   -0.5996
   -0.1914   -0.9647   -0.1811
   -0.6259   -0.0222    0.7796
...    48 C-G ...
  -81.3818  -76.3655   96.8150
   -0.7268   -0.3071   -0.6144
    0.2215   -0.9515    0.2136
   -0.6502    0.0191    0.7595
...    49 T-A ...
  -83.8672  -75.9256   99.0855
   -0.4503   -0.7784   -0.4374
    0.5405   -0.6276    0.5604
   -0.7107    0.0159    0.7033
...    50 G-C ...
  -86.1403  -76.0550  101.5233
   -0.0063   -0.9997   -0.0233
    0.6943   -0.0211    0.7194
   -0.7197   -0.0117    0.6942
...    51 T-A ...
  -88.7538  -76.3578  103.4157
    0.3648   -0.8360    0.4099
    0.5800    0.5484    0.6023
   -0.7284    0.0181    0.6849
...    52 A-T ...
  -90.8646  -75.0191  106.0381
    0.5829   -0.1819    0.7919
    0.2033    0.9763    0.0746
   -0.7867    0.1175    0.6060
...    53 G-C ...
  -93.5923  -74.5914  107.8590
    0.6732    0.3677    0.6415
   -0.1213    0.9107   -0.3948
   -0.7294    0.1880    0.6577
...    54 G-C ...
  -95.8800  -74.3151  110.5543
    0.5610    0.8001    0.2123
   -0.4918    0.5284   -0.6920
   -0.6659    0.2838    0.6900
...    55 T-A ...
  -97.7096  -73.4476  113.0533
    0.2628    0.9366   -0.2319
   -0.7142    0.0272   -0.6994
   -0.6487    0.3494    0.6761
...    56 A-T ...
  -99.4697  -71.8506  115.5769
   -0.0972    0.7086   -0.6989
   -0.7712   -0.4975   -0.3971
   -0.6291    0.5004    0.5948
...    57 T-A ...
 -100.9946  -69.7857  117.5600
   -0.4606    0.3120   -0.8309
   -0.6253   -0.7785    0.0543
   -0.6299    0.5446    0.5537
...    58 C-G ...
 -103.1871  -67.6914  119.2348
   -0.7319   -0.2886   -0.6173
   -0.2089   -0.7672    0.6065
   -0.6486    0.5728    0.5012
...    59 T-A ...
 -105.5513  -65.7101  120.5294
   -0.7026   -0.6906   -0.1716
    0.2146   -0.4354    0.8743
   -0.6785    0.5774    0.4541
...    60 C-G ...
 -107.7809  -64.0301  122.3285
   -0.4305   -0.7812    0.4521
    0.5876    0.1376    0.7974
   -0.6851    0.6089    0.3998
...    61 G-C ...
 -109.4244  -61.6769  124.0732
    0.0004   -0.5077    0.8615
    0.7448    0.5750    0.3385
   -0.6673    0.6415    0.3784
...    62 A-T ...
 -111.2927  -59.1059  124.9871
    0.4834   -0.0297    0.8749
    0.6215    0.7155   -0.3191
   -0.6165    0.6980    0.3643
...    63 G-C ...
 -113.3396  -56.7660  126.1203
    0.7731    0.3551    0.5256
    0.2737    0.5609   -0.7814
   -0.5723    0.7479    0.3364
...    64 C-G ...
 -115.3617  -54.4551  127.6505
    0.8184    0.5716   -0.0586
   -0.2250    0.2250   -0.9480
   -0.5287    0.7891    0.3128
...    65 T-A ...
 -116.9795  -51.8063  128.9132
    0.6291    0.5012   -0.5942
   -0.6354   -0.1087   -0.7645
   -0.4477    0.8585    0.2501
...    66 C-G ...
 -118.3851  -48.8638  129.4671
    0.1730    0.2751   -0.9457
   -0.9132   -0.3149   -0.2587
   -0.3690    0.9084    0.1968
...    67 G-C ...
 -120.2419  -46.0056  129.4515
   -0.3433   -0.0357   -0.9385
   -0.8852   -0.3216    0.3360
   -0.3138    0.9462    0.0788
...    68 G-C ...
 -121.1987  -42.7218  129.1048
   -0.7743   -0.2704   -0.5721
   -0.5455   -0.1730    0.8201
   -0.3207    0.9471   -0.0135
...    69 G-C ...
 -122.5950  -39.6791  128.5404
   -0.9244   -0.3813    0.0071
   -0.0324    0.0973    0.9947
   -0.3800    0.9193   -0.1023
...    70 A-T ...
 -123.8866  -36.6048  127.8063
   -0.7547   -0.1739    0.6326
    0.5626    0.3245    0.7604
   -0.3375    0.9298   -0.1471
...    71 T-A ...
 -125.4221  -33.7766  126.9579
   -0.3318    0.0526    0.9419
    0.8857    0.3612    0.2918
   -0.3248    0.9310   -0.1664
...    72 C-G ...
 -126.7917  -30.7123  126.3230
    0.2963    0.3135    0.9022
    0.9069    0.2039   -0.3687
   -0.2995    0.9275   -0.2239
...    73 C-G ...
 -127.9300  -27.7722  125.2583
    0.7758    0.2577    0.5759
    0.6040   -0.0393   -0.7960
   -0.1825    0.9654   -0.1861
...    74 G-C ...
 -128.2277  -24.6088  124.1788
    0.9977    0.0537    0.0404
    0.0500   -0.1919   -0.9801
   -0.0449    0.9799   -0.1941
...    75 C-G ...
 -128.3876  -21.1580  123.9819
    0.8450   -0.1131   -0.5227
   -0.5344   -0.2126   -0.8180
   -0.0186    0.9706   -0.2401
...    76 T-A ...
 -128.0067  -17.7767  123.3205
    0.3822   -0.2876   -0.8782
   -0.9232   -0.0766   -0.3767
    0.0410    0.9547   -0.2948
...    77 T-A ...
 -127.5249  -14.7347  122.2665
   -0.2294   -0.3042   -0.9246
   -0.9715    0.1292    0.1986
    0.0590    0.9438   -0.3252
...    78 T-A ...
 -127.2332  -11.7464  121.0211
   -0.7489   -0.2022   -0.6311
   -0.6605    0.3063    0.6855
    0.0547    0.9302   -0.3629
...    79 A-T ...
 -127.4344   -8.4568  120.2780
   -0.9932    0.0846   -0.0803
   -0.0413    0.3888    0.9204
    0.1091    0.9174   -0.3827
...    80 A-T ...
 -127.0953   -5.5819  118.7949
   -0.8015    0.3703    0.4696
    0.5730    0.2507    0.7803
    0.1712    0.8944   -0.4132
...    81 C-G ...
 -126.9401   -2.6593  116.9934
   -0.3080    0.4999    0.8095
    0.9308   -0.0178    0.3651
    0.1969    0.8659   -0.4599
...    82 A-T ...
 -126.1868    0.2036  115.4182
    0.3398    0.3682    0.8654
    0.9087   -0.3658   -0.2012
    0.2424    0.8548   -0.4589
...    83 C-G ...
 -125.9166    3.3522  114.1838
    0.7719    0.1031    0.6274
    0.5761   -0.5308   -0.6216
    0.2689    0.8412   -0.4691
...    84 T-A ...
 -125.0333    6.6024  112.9964
    0.9349   -0.3005    0.1891
    0.0089   -0.5125   -0.8586
    0.3549    0.8044   -0.4765
...    85 T-A ...
 -123.7079    9.2806  111.7362
    0.7572   -0.5695   -0.3198
   -0.5325   -0.2547   -0.8072
    0.3782    0.7815   -0.4961
...    86 T-A ...
 -122.3527   11.7089  110.0886
    0.2900   -0.6828   -0.6706
   -0.8577    0.1255   -0.4987
    0.4246    0.7197   -0.5492
...    87 A-T ...
 -121.0707   13.9666  107.9945
   -0.3067   -0.5573   -0.7716
   -0.8457    0.5316   -0.0478
    0.4368    0.6378   -0.6344
...    88 T-A ...
 -119.1407   15.4409  105.8658
   -0.6976   -0.2663   -0.6652
   -0.5763    0.7601    0.3001
    0.4257    0.5927   -0.6837
...    89 G-C ...
 -117.8067   17.1744  103.3591
   -0.9395    0.1974   -0.2800
   -0.0152    0.7925    0.6096
    0.3422    0.5770   -0.7416
...    90 C-G ...
 -116.9103   18.8847  100.5949
   -0.7780    0.6163    0.1218
    0.5333    0.5455    0.6465
    0.3320    0.5679   -0.7531
...    91 T-A ...
 -116.2956   20.8703   97.7796
   -0.3071    0.8295    0.4666
    0.9050    0.1028    0.4128
    0.2944    0.5490   -0.7822
...    92 T-A ...
 -115.5681   22.6462   95.1817
    0.2778    0.7386    0.6142
    0.9115   -0.4045    0.0743
    0.3034    0.5392   -0.7856
...    93 C-G ...
 -114.7188   24.5674   92.5196
    0.7810    0.3224    0.5348
    0.5345   -0.7880   -0.3055
    0.3229    0.5245   -0.7878
...    94 C-G ...
 -113.8972   26.2419   89.7859
    0.8934   -0.2229    0.3900
    0.0195   -0.8481   -0.5294
    0.4488    0.4806   -0.7534
...    95 G-C ...
 -112.5624   27.4122   87.1920
    0.6997   -0.6974    0.1550
   -0.4535   -0.6012   -0.6579
    0.5520    0.3901   -0.7370
...    96 G-C ...
 -110.4431   28.4901   84.8623
    0.2656   -0.9498   -0.1656
   -0.7544   -0.0978   -0.6490
    0.6002    0.2973   -0.7425
...    97 C-G ...
 -107.9752   29.0060   82.6452
   -0.2401   -0.8543   -0.4610
   -0.7567    0.4621   -0.4623
    0.6080    0.2379   -0.7574
...    98 T-A ...
 -105.7214   29.1613   79.9674
   -0.6468   -0.4346   -0.6267
   -0.4367    0.8847   -0.1629
    0.6252    0.1683   -0.7621
...    99 T-A ...
 -103.7452   29.3898   77.4401
   -0.8025    0.1417   -0.5796
    0.0348    0.9808    0.1917
    0.5957    0.1336   -0.7920
...   100 C-G ...
 -101.8571   30.1063   74.7927
   -0.6154    0.7094   -0.3435
    0.5373    0.6964    0.4757
    0.5767    0.1082   -0.8098
...   101 A-T ...
  -99.7910   30.2879   72.1047
   -0.2489    0.9669    0.0564
    0.8172    0.1784    0.5480
    0.5198    0.1825   -0.8346
...   102 T-A ...
  -98.5361   30.9130   69.1273
    0.2044    0.9151    0.3475
    0.8284   -0.3509    0.4367
    0.5215    0.1985   -0.8298
...   103 G-C ...
  -96.8148   31.6150   66.2102
    0.6464    0.4900    0.5848
    0.5143   -0.8460    0.1404
    0.5636    0.2101   -0.7989
...   104 T-A ...
  -95.1669   32.8623   63.5267
    0.8249   -0.0625    0.5619
    0.0591   -0.9789   -0.1957
    0.5622    0.1946   -0.8038
...   105 T-A ...
  -93.3341   33.6423   61.0310
    0.6930   -0.6196    0.3685
   -0.4283   -0.7651   -0.4809
    0.5799    0.1754   -0.7956
...   106 A-T ...
  -91.5564   33.9532   58.1482
    0.2487   -0.9685    0.0156
   -0.7651   -0.2063   -0.6100
    0.5940    0.1397   -0.7923
...   107 T-A ...
  -89.0783   34.3151   56.0390
   -0.1861   -0.9347   -0.3028
   -0.7798    0.3280   -0.5332
    0.5977    0.1369   -0.7900
...   108 A-T ...
  -87.2223   34.8951   53.2278
   -0.6439   -0.5084   -0.5718
   -0.4684    0.8528   -0.2309
    0.6050    0.1191   -0.7873
...   109 A-T ...
  -85.2673   35.0367   50.6798
   -0.7923    0.0872   -0.6039
    0.0002    0.9898    0.1427
    0.6102    0.1130   -0.7842
...   110 C-G ...
  -83.3652   34.7448   47.8093
   -0.6457    0.6327   -0.4275
    0.4462    0.7669    0.4612
    0.6197    0.1070   -0.7775
...   111 G-C ...
  -81.2656   35.3902   45.3671
   -0.2749    0.9612   -0.0211
    0.7593    0.2305    0.6086
    0.5898    0.1513   -0.7932
...   112 G-C ...
  -79.4833   36.0098   42.6460
    0.1273    0.9154    0.3818
    0.8015   -0.3217    0.5041
    0.5842    0.2419   -0.7747
...   113 A-T ...
  -77.6233   36.9679   40.1526
    0.5450    0.5272    0.6520
    0.5751   -0.8009    0.1669
    0.6101    0.2840   -0.7396
...   114 C-G ...
  -75.8408   38.5146   37.8293
    0.7546    0.0246    0.6558
    0.2185   -0.9517   -0.2157
    0.6188    0.3060   -0.7235
...   115 G-C ...
  -73.5016   39.6015   35.5465
    0.6384   -0.5737    0.5131
   -0.2255   -0.7768   -0.5879
    0.7359    0.2596   -0.6253
...   116 T-A ...
  -70.6510   40.5885   34.1164
    0.3757   -0.9160    0.1406
   -0.5279   -0.3362   -0.7799
    0.7617    0.2188   -0.6099
...   117 A-T ...
  -67.7459   41.1727   32.4058
   -0.0604   -0.9477   -0.3135
   -0.6184    0.2820   -0.7335
    0.7836    0.1496   -0.6030
...   118 T-A ...
  -64.8199   41.2586   30.9186
   -0.3585   -0.6602   -0.6600
   -0.4944    0.7340   -0.4657
    0.7919    0.1593   -0.5895
...   119 A-T ...
  -62.1428   42.0659   28.8862
   -0.5605    0.0049   -0.8282
   -0.1340    0.9863    0.0966
    0.8172    0.1651   -0.5521
...   120 A-T ...
  -59.4909   42.2511   27.0057
   -0.5266    0.5769   -0.6244
    0.2089    0.7998    0.5628
    0.8240    0.1659   -0.5417
...   121 T-A ...
  -57.0090   42.3602   24.7542
   -0.3243    0.9161   -0.2359
    0.4490    0.3685    0.8140
    0.8326    0.1580   -0.5309
...   122 G-C ...
  -54.1909   42.9226   22.7891
   -0.0510    0.9355    0.3497
    0.5487   -0.2664    0.7925
    0.8345    0.2323   -0.4997
...   123 T-A ...
  -51.7259   43.8872   20.8325
    0.2167    0.6549    0.7240
    0.4857   -0.7157    0.5019
    0.8468    0.2429   -0.4731
...   124 G-C ...
  -48.8498   44.7799   19.3003
    0.3782    0.0848    0.9218
    0.2939   -0.9553   -0.0327
    0.8778    0.2833   -0.3862
...   125 T-A ...
  -46.1754   46.1235   18.1873
    0.4231   -0.4482    0.7875
    0.0689   -0.8507   -0.5212
    0.9035    0.2748   -0.3290
...   126 C-G ...
  -43.2339   46.9238   17.3247
    0.3855   -0.8636    0.3250
   -0.1669   -0.4117   -0.8959
    0.9075    0.2911   -0.3029
...   127 G-C ...
  -40.2996   47.4849   15.7862
    0.1277   -0.9727   -0.1939
   -0.2791    0.1524   -0.9481
    0.9517    0.1752   -0.2520
...   128 A-T ...
  -37.2346   48.0189   15.0357
   -0.0549   -0.6829   -0.7284
   -0.2998    0.7071   -0.6404
    0.9524    0.1832   -0.2436
...   129 C-G ...
  -33.9343   47.9325   14.6097
   -0.2351   -0.1953   -0.9522
   -0.2166    0.9655   -0.1446
    0.9475    0.1722   -0.2692
...   130 C-G ...
  -30.7289   48.1003   13.4326
   -0.3896    0.3514   -0.8513
   -0.0283    0.9193    0.3925
    0.9205    0.1771   -0.3483
...   131 A-T ...
  -27.5559   49.2644   12.9871
   -0.3662    0.8312   -0.4183
    0.1918    0.5073    0.8402
    0.9106    0.2274   -0.3452
...   132 A-T ...
  -24.6108   49.9721   11.7237
   -0.1992    0.9678    0.1537
    0.3637   -0.0726    0.9287
    0.9100    0.2409   -0.3376
...   133 A-T ...
  -21.7840   50.8510   10.2929
    0.0748    0.7412    0.6671
    0.3950   -0.6362    0.6627
    0.9156    0.2139   -0.3403
...   134 T-A ...
  -19.0082   52.0402    8.9384
    0.2450    0.2904    0.9250
    0.3072   -0.9282    0.2101
    0.9196    0.2327   -0.3166
...   135 G-C ...
  -16.4568   53.8980    7.5291
    0.5336   -0.3334    0.7773
    0.0348   -0.9096   -0.4140
    0.8450    0.2479   -0.4738
...   136 T-A ...
  -14.1680   56.5697    6.1949
    0.5795   -0.7269    0.3684
   -0.3140   -0.6163   -0.7222
    0.7521    0.3028   -0.5854
...   137 G-C ...
  -11.6468   58.0146    4.7337
    0.2454   -0.9541   -0.1717
   -0.6318   -0.0231   -0.7748
    0.7352    0.2986   -0.6085
...   138 A-T ...
   -8.6697   58.7288    3.6171
   -0.0344   -0.7815   -0.6230
   -0.6534    0.4892   -0.5777
    0.7562    0.3872   -0.5274
...   139 G-C ...
   -6.3210   59.0879    1.6441
   -0.2967   -0.3277   -0.8970
   -0.5657    0.8170   -0.1114
    0.7694    0.4744   -0.4278
...   140 C-G ...
   -3.4295   60.2436    1.0435
   -0.4424    0.2288   -0.8671
   -0.1682    0.9286    0.3309
    0.8809    0.2922   -0.3723
...   141 G-C ...
   -0.6892   63.9062   -2.2356
   -0.9992    0.0156   -0.0375
   -0.0024    0.8991    0.4378
    0.0405    0.4375   -0.8983
...   142 C-G ...
   -0.9978   65.6136   -4.9249
   -0.8337    0.5217    0.1810
    0.5169    0.6220    0.5881
    0.1942    0.5839   -0.7882
...   143 T-A ...
   -0.1243   66.2249   -7.8041
   -0.3751    0.8568    0.3538
    0.8856    0.2185    0.4098
    0.2739    0.4670   -0.8408
...   144 C-G ...
   -0.1579   67.4196  -10.7921
    0.1799    0.8792    0.4411
    0.9276   -0.3009    0.2214
    0.3274    0.3694   -0.8697
...   145 A-T ...
    0.5354   69.2486  -13.4513
    0.7352    0.4961    0.4620
    0.6117   -0.7791   -0.1369
    0.2921    0.3832   -0.8763
...   146 C-G ...
    1.4422   72.1063  -15.5858
    0.9808    0.0622    0.1849
    0.1266   -0.9240   -0.3608
    0.1484    0.3773   -0.9141
...   147 A-T ...
    2.3151   74.2409  -18.3714
    0.8657   -0.4292   -0.2574
   -0.4984   -0.7868   -0.3642
   -0.0462    0.4436   -0.8950
