  147 base-pairs
...     1 A-T ...
    0.0000    0.0000    0.0000
    1.0000    0.0000    0.0000
    0.0000    1.0000    0.0000
    0.0000    0.0000    1.0000
...     2 G-C ...
   -0.1394   -1.2357    3.2268
    0.7529    0.6366    0.1670
   -0.6386    0.7680   -0.0486
   -0.1592   -0.0700    0.9848
...     3 T-A ...
   -0.0365   -3.2932    6.3751
    0.2722    0.9301    0.2466
   -0.9238    0.3243   -0.2033
   -0.2691   -0.1725    0.9475
...     4 G-C ...
   -0.3505   -4.1660    9.4928
   -0.3756    0.9250    0.0579
   -0.8781   -0.3352   -0.3415
   -0.2965   -0.1791    0.9381
...     5 A-T ...
   -0.4462   -4.1476   12.7498
   -0.8116    0.5840   -0.0165
   -0.5523   -0.7762   -0.3042
   -0.1905   -0.2378    0.9524
...     6 G-C ...
   -1.5908   -4.1730   15.6201
   -0.9976    0.0246   -0.0651
   -0.0043   -0.9555   -0.2950
   -0.0695   -0.2940    0.9533
...     7 C-G ...
   -1.1030   -4.4824   18.7362
   -0.8441   -0.5304   -0.0787
    0.5345   -0.8441   -0.0432
   -0.0435   -0.0785    0.9960
...     8 G-C ...
   -2.4028   -7.7290   23.1475
   -0.2754   -0.3293   -0.9032
    0.6650   -0.7437    0.0684
   -0.6942   -0.5818    0.4238
...     9 C-G ...
   -4.4690   -9.9728   24.1132
    0.1145   -0.7025   -0.7024
    0.8512   -0.2952    0.4340
   -0.5122   -0.6476    0.5642
...    10 T-A ...
   -6.7405  -10.8752   25.9697
    0.4841   -0.8363   -0.2574
    0.6595    0.1553    0.7355
   -0.5751   -0.5258    0.6267
...    11 C-G ...
   -9.1656  -12.6208   27.1640
    0.7073   -0.6682    0.2307
    0.3448    0.6110    0.7126
   -0.6171   -0.4245    0.6626
...    12 A-T ...
  -10.9234  -14.6633   29.0693
    0.7515   -0.1377    0.6452
   -0.2029    0.8824    0.4246
   -0.6277   -0.4500    0.6352
...    13 C-G ...
  -11.8476  -17.4863   31.2451
    0.4295    0.2823    0.8578
   -0.5708    0.8209    0.0156
   -0.6998   -0.4963    0.5137
...    14 A-T ...
  -13.5897  -19.7827   33.4259
   -0.1504    0.6104    0.7777
   -0.6874    0.5008   -0.5260
   -0.7106   -0.6136    0.3443
...    15 A-T ...
  -15.8134  -21.8517   34.5764
   -0.5333    0.7882    0.3070
   -0.4482    0.0444   -0.8928
   -0.7174   -0.6138    0.3296
...    16 T-A ...
  -17.9315  -23.8346   36.3501
   -0.7225    0.6533   -0.2262
   -0.0620   -0.3871   -0.9199
   -0.6886   -0.6506    0.3202
...    17 T-A ...
  -20.1882  -25.7981   37.7163
   -0.6396    0.2663   -0.7211
    0.3979   -0.6880   -0.6069
   -0.6577   -0.6751    0.3341
...    18 T-A ...
  -22.4414  -27.8841   38.8431
   -0.2741   -0.1725   -0.9461
    0.6967   -0.7138   -0.0717
   -0.6630   -0.6788    0.3158
...    19 A-T ...
  -24.4375  -30.4544   39.9319
    0.2532   -0.5865   -0.7694
    0.7048   -0.4330    0.5620
   -0.6627   -0.6845    0.3037
...    20 T-A ...
  -27.0238  -32.4941   40.4185
    0.5842   -0.7371   -0.3398
    0.4610   -0.0432    0.8863
   -0.6680   -0.6744    0.3146
...    21 T-A ...
  -29.2626  -34.7423   41.1751
    0.7248   -0.6331    0.2718
    0.0058    0.4001    0.9165
   -0.6890   -0.6626    0.2937
...    22 C-G ...
  -31.4842  -36.9779   42.1674
    0.5932   -0.2478    0.7660
   -0.4467    0.6903    0.5692
   -0.6698   -0.6798    0.2988
...    23 G-C ...
  -33.9744  -38.8324   43.5367
    0.3311    0.2803    0.9010
   -0.7244    0.6874    0.0524
   -0.6046   -0.6700    0.4307
...    24 C-G ...
  -35.6552  -41.2906   44.9530
   -0.0686    0.6401    0.7652
   -0.7861    0.4376   -0.4365
   -0.6143   -0.6315    0.4731
...    25 A-T ...
  -38.0942  -43.3306   46.0495
   -0.4891    0.8142    0.3127
   -0.5819   -0.0376   -0.8124
   -0.6497   -0.5793    0.4922
...    26 A-T ...
  -40.2049  -45.1606   47.7738
   -0.7291    0.6440   -0.2317
   -0.1873   -0.5133   -0.8375
   -0.6583   -0.5673    0.4949
...    27 A-T ...
  -42.3021  -46.8225   49.6448
   -0.7045    0.2093   -0.6782
    0.2866   -0.7902   -0.5416
   -0.6493   -0.5759    0.4967
...    28 G-C ...
  -44.7654  -48.3836   51.3714
   -0.3953   -0.2299   -0.8893
    0.6110   -0.7887   -0.0677
   -0.6859   -0.5701    0.4523
...    29 G-C ...
  -47.3827  -50.2170   52.6865
    0.0824   -0.6226   -0.7782
    0.7090   -0.5122    0.4848
   -0.7004   -0.5917    0.3992
...    30 C-G ...
  -49.8631  -52.1937   53.6083
    0.4982   -0.7834   -0.3715
    0.5143   -0.0779    0.8541
   -0.6980   -0.6166    0.3641
...    31 C-G ...
  -52.3839  -54.2190   54.6215
    0.7379   -0.6543    0.1654
    0.1282    0.3765    0.9175
   -0.6626   -0.6558    0.3617
...    32 G-C ...
  -54.4053  -56.0961   56.0690
    0.7475   -0.2899    0.5977
   -0.2952    0.6611    0.6898
   -0.5951   -0.6920    0.4086
...    33 G-C ...
  -56.1461  -58.6102   57.5021
    0.4843    0.1874    0.8546
   -0.6707    0.7068    0.2250
   -0.5618   -0.6821    0.4680
...    34 C-G ...
  -57.7317  -61.1246   58.9532
    0.0531    0.5982    0.7996
   -0.8225    0.4803   -0.3047
   -0.5663   -0.6414    0.5175
...    35 C-G ...
  -59.3938  -63.1995   61.0957
   -0.3645    0.8226    0.4365
   -0.7176    0.0505   -0.6946
   -0.5934   -0.5664    0.5719
...    36 C-G ...
  -61.3240  -64.9233   63.2570
   -0.6693    0.7382   -0.0841
   -0.4092   -0.4607   -0.7876
   -0.6201   -0.4927    0.6105
...    37 G-C ...
  -63.5081  -67.1469   64.6599
   -0.7326    0.3799   -0.5648
    0.0318   -0.8098   -0.5859
   -0.6799   -0.4471    0.5812
...    38 A-T ...
  -65.7243  -68.5149   66.5244
   -0.5672   -0.1845   -0.8027
    0.4591   -0.8800   -0.1221
   -0.6838   -0.4377    0.5838
...    39 C-G ...
  -68.3134  -69.5665   68.1403
   -0.2142   -0.6164   -0.7578
    0.6713   -0.6564    0.3442
   -0.7096   -0.4350    0.5544
...    40 A-T ...
  -70.7205  -71.2332   69.8697
    0.2664   -0.8789   -0.3957
    0.6524   -0.1377    0.7453
   -0.7095   -0.4567    0.5367
...    41 C-G ...
  -73.2702  -73.0027   71.1835
    0.5777   -0.8138    0.0633
    0.4040    0.3525    0.8441
   -0.7092   -0.4621    0.5324
...    42 G-C ...
  -75.5026  -74.1804   73.3368
    0.7292   -0.4114    0.5469
   -0.0185    0.7870    0.6166
   -0.6841   -0.4597    0.5663
...    43 A-T ...
  -77.8323  -75.5931   74.9646
    0.5811    0.1415    0.8014
   -0.4203    0.8955    0.1466
   -0.6969   -0.4220    0.5799
...    44 C-G ...
  -79.7595  -77.5344   76.8061
    0.3092    0.6296    0.7128
   -0.6738    0.6739   -0.3030
   -0.6711   -0.3866    0.6326
...    45 T-A ...
  -81.7167  -79.0147   79.3876
   -0.0701    0.9448    0.3201
   -0.7301    0.1701   -0.6619
   -0.6798   -0.2801    0.6778
...    46 T-A ...
  -83.8714  -79.7644   81.5822
   -0.3951    0.9091   -0.1323
   -0.5940   -0.3626   -0.7181
   -0.7008   -0.2051    0.6832
...    47 A-T ...
  -86.3142  -80.1121   83.7924
   -0.5572    0.5642   -0.6092
   -0.3127   -0.8223   -0.4755
   -0.7692   -0.0744    0.6346
...    48 C-G ...
  -88.8423  -79.5832   85.8966
   -0.6083    0.0335   -0.7930
   -0.0024   -0.9992   -0.0403
   -0.7937   -0.0226    0.6079
...    49 T-A ...
  -91.6486  -79.1374   87.7275
   -0.4613   -0.5092   -0.7266
    0.2649   -0.8606    0.4350
   -0.8468    0.0082    0.5319
...    50 G-C ...
  -94.4977  -79.3390   89.4787
   -0.1686   -0.9251   -0.3401
    0.4570   -0.3791    0.8046
   -0.8733   -0.0198    0.4867
...    51 T-A ...
  -97.5372  -79.5122   90.5737
    0.0888   -0.9778    0.1898
    0.4677    0.2091    0.8588
   -0.8794    0.0126    0.4759
...    52 A-T ...
 -100.0094  -78.3094   93.0132
    0.2579   -0.5022    0.8254
    0.3277    0.8491    0.4143
   -0.9089    0.1636    0.3836
...    53 G-C ...
 -103.0524  -77.7150   94.1371
    0.4584    0.0297    0.8883
    0.1668    0.9788   -0.1188
   -0.8730    0.2026    0.4437
...    54 G-C ...
 -106.0897  -77.5725   95.9894
    0.5553    0.5651    0.6101
   -0.1211    0.7808   -0.6130
   -0.8228    0.2665    0.5020
...    55 T-A ...
 -108.6001  -76.9131   97.9044
    0.4560    0.8747    0.1643
   -0.3854    0.3605   -0.8494
   -0.8022    0.3240    0.5015
...    56 A-T ...
 -110.9834  -75.6284  100.0707
    0.2756    0.8553   -0.4388
   -0.6107   -0.1968   -0.7670
   -0.7424    0.4794    0.4681
...    57 T-A ...
 -112.8931  -73.7822  101.9160
   -0.0384    0.5959   -0.8021
   -0.6876   -0.5983   -0.4115
   -0.7251    0.5357    0.4327
...    58 C-G ...
 -115.2930  -71.6504  103.2375
   -0.4306    0.0406   -0.9016
   -0.5415   -0.8108    0.2222
   -0.7220    0.5839    0.3711
...    59 T-A ...
 -117.7114  -69.5350  104.0688
   -0.6266   -0.4499   -0.6364
   -0.2485   -0.6586    0.7103
   -0.7387    0.6032    0.3009
...    60 C-G ...
 -120.3801  -67.9634  105.1933
   -0.6668   -0.7443   -0.0368
    0.1442   -0.1774    0.9735
   -0.7311    0.6438    0.2256
...    61 G-C ...
 -122.5244  -65.8239  106.6276
   -0.4665   -0.6752    0.5714
    0.5096    0.3229    0.7976
   -0.7230    0.6632    0.1934
...    62 A-T ...
 -124.5916  -63.3008  107.2935
   -0.0411   -0.2986    0.9535
    0.7248    0.6479    0.2341
   -0.6877    0.7007    0.1899
...    63 G-C ...
 -126.8319  -60.9188  107.8114
    0.3857    0.1162    0.9153
    0.6610    0.6572   -0.3621
   -0.6436    0.7447    0.1767
...    64 C-G ...
 -129.3085  -58.6498  108.5841
    0.7325    0.4514    0.5095
    0.3175    0.4356   -0.8423
   -0.6022    0.7788    0.1758
...    65 T-A ...
 -131.3362  -56.1041  109.3872
    0.8479    0.5284   -0.0419
   -0.1233    0.1198   -0.9851
   -0.5156    0.8405    0.1667
...    66 C-G ...
 -132.9637  -53.2218  109.8798
    0.6530    0.4319   -0.6221
   -0.6141   -0.1788   -0.7687
   -0.4433    0.8840    0.1484
...    67 G-C ...
 -134.5833  -50.3014  109.5406
    0.2412    0.1629   -0.9567
   -0.9056   -0.3165   -0.2822
   -0.3488    0.9345    0.0711
...    68 G-C ...
 -135.3952  -46.9965  109.3935
   -0.2972   -0.1212   -0.9471
   -0.9000   -0.2958    0.3203
   -0.3190    0.9475   -0.0212
...    69 G-C ...
 -136.4211  -43.8415  108.6596
   -0.7301   -0.3440   -0.5904
   -0.6014   -0.0868    0.7942
   -0.3244    0.9350   -0.1435
...    70 A-T ...
 -137.3496  -40.6820  107.8484
   -0.9594   -0.2799    0.0343
   -0.0137    0.1676    0.9858
   -0.2817    0.9453   -0.1646
...    71 T-A ...
 -138.4147  -37.7388  106.7258
   -0.8179   -0.1256    0.5615
    0.5095    0.2950    0.8083
   -0.2672    0.9472   -0.1773
...    72 C-G ...
 -139.5237  -34.6111  105.8993
   -0.3177    0.1414    0.9376
    0.9224    0.2752    0.2711
   -0.2197    0.9509   -0.2179
...    73 C-G ...
 -140.2411  -31.5189  104.9400
    0.2613    0.1749    0.9493
    0.9503    0.1259   -0.2847
   -0.1694    0.9765   -0.1333
...    74 G-C ...
 -140.3014  -28.2492  104.2594
    0.7787    0.1050    0.6185
    0.6233   -0.0181   -0.7818
   -0.0709    0.9943   -0.0795
...    75 C-G ...
 -140.8800  -24.8331  104.3226
    0.9979    0.0316    0.0568
    0.0599   -0.1116   -0.9919
   -0.0250    0.9933   -0.1132
...    76 T-A ...
 -140.8250  -21.3760  104.3233
    0.8499   -0.1175   -0.5137
   -0.5245   -0.0940   -0.8462
    0.0512    0.9886   -0.1415
...    77 T-A ...
 -140.3141  -18.1863  103.9765
    0.3874   -0.1882   -0.9025
   -0.9183    0.0080   -0.3958
    0.0817    0.9821   -0.1697
...    78 T-A ...
 -139.8970  -15.0467  103.2895
   -0.2107   -0.2046   -0.9559
   -0.9725    0.1430    0.1837
    0.0991    0.9684   -0.2291
...    79 A-T ...
 -140.0964  -11.7663  102.4946
   -0.7676   -0.0890   -0.6347
   -0.6302    0.2851    0.7222
    0.1167    0.9543   -0.2750
...    80 A-T ...
 -139.6315   -8.7703  101.3608
   -0.9856    0.1475   -0.0831
   -0.0368    0.2929    0.9554
    0.1652    0.9447   -0.2832
...    81 C-G ...
 -139.2025   -5.7371   99.8139
   -0.8138    0.3446    0.4679
    0.5412    0.1563    0.8262
    0.2116    0.9257   -0.3137
...    82 A-T ...
 -138.4523   -2.6161   98.8059
   -0.2948    0.3609    0.8848
    0.9248   -0.1252    0.3592
    0.2405    0.9241   -0.2969
...    83 C-G ...
 -138.3301    0.6133   97.7256
    0.2523    0.2324    0.9393
    0.9306   -0.3243   -0.1697
    0.2652    0.9170   -0.2981
...    84 T-A ...
 -137.8236    4.0897   96.9887
    0.7292   -0.0614    0.6816
    0.5985   -0.4258   -0.6786
    0.3319    0.9027   -0.2738
...    85 T-A ...
 -136.8060    7.1193   96.4088
    0.9338   -0.3154    0.1689
    0.0609   -0.3250   -0.9438
    0.3525    0.8916   -0.2843
...    86 T-A ...
 -135.5427    9.9726   95.5378
    0.7727   -0.5143   -0.3722
   -0.4740   -0.0773   -0.8771
    0.4223    0.8541   -0.3035
...    87 A-T ...
 -134.1305   12.6861   94.2078
    0.3028   -0.5539   -0.7755
   -0.8165    0.2689   -0.5109
    0.4916    0.7879   -0.3708
...    88 T-A ...
 -131.9264   14.8107   93.2129
   -0.1565   -0.4033   -0.9016
   -0.8425    0.5309   -0.0912
    0.5154    0.7453   -0.4229
...    89 G-C ...
 -130.0938   17.0600   91.5767
   -0.6838   -0.0673   -0.7265
   -0.5506    0.7010    0.4533
    0.4788    0.7100   -0.5164
...    90 C-G ...
 -128.5302   19.1628   89.4692
   -0.8806    0.3383   -0.3317
   -0.0504    0.6292    0.7756
    0.4711    0.6997   -0.5371
...    91 T-A ...
 -127.3011   21.4829   87.1402
   -0.7319    0.6573    0.1799
    0.5062    0.3476    0.7893
    0.4562    0.6687   -0.5870
...    92 T-A ...
 -125.9999   23.5924   85.0679
   -0.2972    0.7419    0.6010
    0.8353   -0.1030    0.5401
    0.4626    0.6625   -0.5891
...    93 C-G ...
 -124.6145   25.8787   82.9712
    0.2899    0.5165    0.8057
    0.8283   -0.5571    0.0590
    0.4794    0.6503   -0.5893
...    94 C-G ...
 -123.1526   27.9201   80.8162
    0.6260    0.0494    0.7783
    0.5284   -0.7608   -0.3767
    0.5735    0.6471   -0.5023
...    95 G-C ...
 -121.1844   29.7112   78.8718
    0.7399   -0.4755    0.4758
    0.0597   -0.6582   -0.7505
    0.6700    0.5838   -0.4586
...    96 T-A ...
 -118.9919   31.9606   77.8392
    0.6382   -0.7692    0.0310
   -0.3495   -0.3253   -0.8787
    0.6860    0.5499   -0.4764
...    97 C-G ...
 -116.6296   33.5013   76.3038
    0.2843   -0.8525   -0.4387
   -0.6235    0.1832   -0.7600
    0.7282    0.4897   -0.4795
...    98 A-T ...
 -114.0259   35.0744   74.7938
   -0.1988   -0.6613   -0.7233
   -0.6149    0.6589   -0.4334
    0.7632    0.3586   -0.5376
...    99 T-A ...
 -111.3257   35.7587   73.0659
   -0.5212   -0.2410   -0.8187
   -0.4077    0.9131   -0.0092
    0.7497    0.3290   -0.5741
...   100 G-C ...
 -108.7732   36.7148   70.9671
   -0.7009    0.3604   -0.6155
    0.0272    0.8758    0.4819
    0.7128    0.3210   -0.6236
...   101 T-A ...
 -106.4853   37.3083   68.4963
   -0.5457    0.8010   -0.2461
    0.4198    0.5155    0.7470
    0.7252    0.3043   -0.6176
...   102 T-A ...
 -104.2188   38.1124   66.3280
   -0.1574    0.9611    0.2268
    0.6583   -0.0691    0.7496
    0.7361    0.2673   -0.6218
...   103 A-T ...
 -101.4162   38.7529   64.3695
    0.3690    0.6670    0.6473
    0.5631   -0.7145    0.4153
    0.7395    0.2113   -0.6392
...   104 T-A ...
  -99.3707   40.0052   62.1204
    0.6179    0.1941    0.7620
    0.2754   -0.9611    0.0215
    0.7365    0.1965   -0.6473
...   105 A-T ...
  -96.8762   40.2605   59.7597
    0.6457   -0.4856    0.5893
   -0.2032   -0.8532   -0.4805
    0.7360    0.1905   -0.6496
...   106 A-T ...
  -94.4133   40.9391   57.8312
    0.3938   -0.8942    0.2127
   -0.5382   -0.4120   -0.7353
    0.7451    0.1751   -0.6435
...   107 C-G ...
  -91.4801   41.5545   56.1980
    0.0113   -0.9729   -0.2310
   -0.6631    0.1656   -0.7300
    0.7484    0.1614   -0.6433
...   108 G-C ...
  -89.2795   41.9227   53.7762
   -0.4396   -0.6926   -0.5719
   -0.5027    0.7174   -0.4823
    0.7443    0.0754   -0.6636
...   109 G-C ...
  -87.0091   41.8082   51.3756
   -0.7107   -0.1947   -0.6761
   -0.1423    0.9809   -0.1328
    0.6890    0.0018   -0.7248
...   110 A-T ...
  -84.8251   41.8432   48.9036
   -0.6525    0.4495   -0.6101
    0.3337    0.8933    0.3012
    0.6804   -0.0070   -0.7328
...   111 G-C ...
  -82.6628   41.7560   46.3662
   -0.3839    0.8675   -0.3162
    0.6350    0.4967    0.5916
    0.6703    0.0263   -0.7416
...   112 C-G ...
  -80.7117   41.7636   43.5194
    0.0511    0.9912    0.1220
    0.7410   -0.1196    0.6608
    0.6696    0.0566   -0.7406
...   113 T-A ...
  -78.6246   42.0109   40.9292
    0.4184    0.7594    0.4982
    0.6034   -0.6424    0.4725
    0.6789    0.1029   -0.7270
...   114 C-G ...
  -76.2504   42.2807   38.5933
    0.6806    0.2087    0.7023
    0.2440   -0.9684    0.0513
    0.6908    0.1365   -0.7100
...   115 G-C ...
  -73.8600   42.1839   36.2294
    0.6339   -0.4329    0.6409
   -0.2007   -0.8924   -0.4042
    0.7469    0.1276   -0.6525
...   116 T-A ...
  -70.9661   42.9046   34.6666
    0.3840   -0.8593    0.3379
   -0.5102   -0.5025   -0.6980
    0.7696    0.0956   -0.6314
...   117 A-T ...
  -68.0879   43.1809   32.8450
   -0.0418   -0.9908   -0.1290
   -0.6152    0.1273   -0.7781
    0.7873    0.0468   -0.6148
...   118 T-A ...
  -65.1397   43.0468   31.3748
   -0.3427   -0.7732   -0.5335
   -0.5010    0.6308   -0.5925
    0.7947    0.0642   -0.6036
...   119 A-T ...
  -62.4345   43.6000   29.2440
   -0.5432   -0.1204   -0.8309
   -0.1424    0.9885   -0.0502
    0.8275    0.0911   -0.5541
...   120 A-T ...
  -59.7344   43.5538   27.4161
   -0.5187    0.4812   -0.7067
    0.1938    0.8712    0.4511
    0.8327    0.0970   -0.5451
...   121 T-A ...
  -57.2082   43.3929   25.2177
   -0.3248    0.8749   -0.3593
    0.4334    0.4753    0.7656
    0.8406    0.0929   -0.5336
...   122 G-C ...
  -54.3293   43.7284   23.2637
   -0.0587    0.9702    0.2350
    0.5391   -0.1673    0.8255
    0.8402    0.1752   -0.5132
...   123 T-A ...
  -51.8373   44.4778   21.2344
    0.2093    0.7311    0.6494
    0.4803   -0.6554    0.5829
    0.8518    0.1899   -0.4883
...   124 G-C ...
  -48.9276   45.1845   19.6327
    0.3759    0.1746    0.9101
    0.2904   -0.9548    0.0632
    0.8800    0.2405   -0.4096
...   125 T-A ...
  -46.2401   46.3995   18.4002
    0.4211   -0.3753    0.8257
    0.0655   -0.8954   -0.4404
    0.9046    0.2395   -0.3525
...   126 C-G ...
  -43.2872   47.1043   17.4654
    0.3828   -0.8341    0.3971
   -0.1708   -0.4863   -0.8569
    0.9079    0.2602   -0.3286
...   127 G-C ...
  -40.3603   47.5399   15.8156
    0.1324   -0.9818   -0.1358
   -0.2868    0.0932   -0.9534
    0.9488    0.1652   -0.2693
...   128 A-T ...
  -37.2953   48.0474   15.0073
   -0.0549   -0.7207   -0.6911
   -0.3083    0.6706   -0.6747
    0.9497    0.1760   -0.2591
...   129 C-G ...
  -33.9931   47.9668   14.5602
   -0.2390   -0.2403   -0.9408
   -0.2250    0.9562   -0.1871
    0.9446    0.1670   -0.2826
...   130 C-G ...
  -30.7859   48.1430   13.3854
   -0.3946    0.3195   -0.8615
   -0.0333    0.9320    0.3609
    0.9183    0.1711   -0.3571
...   131 A-T ...
  -27.5887   49.3297   12.9671
   -0.3628    0.8244   -0.4346
    0.1913    0.5223    0.8310
    0.9120    0.2183   -0.3472
...   132 A-T ...
  -24.6288   50.0080   11.7179
   -0.1967    0.9700    0.1432
    0.3624   -0.0637    0.9299
    0.9110    0.2348   -0.3389
...   133 A-T ...
  -21.7932   50.8667   10.2881
    0.0749    0.7456    0.6622
    0.3940   -0.6322    0.6672
    0.9161    0.2110   -0.3411
...   134 T-A ...
  -19.0084   52.0402    8.9384
    0.2450    0.2904    0.9250
    0.3072   -0.9282    0.2101
    0.9196    0.2327   -0.3167
...   135 G-C ...
  -16.4570   53.8981    7.5291
    0.5336   -0.3334    0.7773
    0.0348   -0.9096   -0.4140
    0.8450    0.2479   -0.4738
...   136 T-A ...
  -14.1682   56.5698    6.1949
    0.5795   -0.7269    0.3684
   -0.3140   -0.6163   -0.7222
    0.7521    0.3028   -0.5854
...   137 G-C ...
  -11.6470   58.0147    4.7337
    0.2454   -0.9541   -0.1717
   -0.6318   -0.0231   -0.7748
    0.7352    0.2986   -0.6085
...   138 A-T ...
   -8.6699   58.7289    3.6170
   -0.0344   -0.7815   -0.6230
   -0.6534    0.4892   -0.5777
    0.7562    0.3872   -0.5274
...   139 G-C ...
   -6.3212   59.0880    1.6441
   -0.2967   -0.3277   -0.8970
   -0.5657    0.8170   -0.1114
    0.7694    0.4744   -0.4278
...   140 C-G ...
   -3.4297   60.2437    1.0435
   -0.4424    0.2288   -0.8671
   -0.1682    0.9286    0.3309
    0.8809    0.2922   -0.3723
...   141 G-C ...
   -0.6894   63.9063   -2.2356
   -0.9992    0.0156   -0.0375
   -0.0024    0.8991    0.4378
    0.0405    0.4375   -0.8983
...   142 C-G ...
   -0.9981   65.6138   -4.9249
   -0.8337    0.5217    0.1810
    0.5169    0.6220    0.5881
    0.1942    0.5839   -0.7882
...   143 T-A ...
   -0.1245   66.2250   -7.8041
   -0.3751    0.8568    0.3538
    0.8856    0.2185    0.4098
    0.2739    0.4670   -0.8408
...   144 C-G ...
   -0.1581   67.4197  -10.7921
    0.1799    0.8792    0.4411
    0.9276   -0.3009    0.2214
    0.3274    0.3694   -0.8697
...   145 A-T ...
    0.5351   69.2487  -13.4513
    0.7352    0.4961    0.4620
    0.6117   -0.7791   -0.1369
    0.2921    0.3832   -0.8763
...   146 C-G ...
    1.4420   72.1064  -15.5858
    0.9808    0.0622    0.1849
    0.1266   -0.9240   -0.3608
    0.1484    0.3773   -0.9141
...   147 A-T ...
    2.3149   74.2411  -18.3714
    0.8657   -0.4292   -0.2574
   -0.4984   -0.7868   -0.3642
   -0.0462    0.4436   -0.8950
