  147 base-pairs
...     1 A-T ...
    0.0000    0.0000    0.0000
    1.0000    0.0000    0.0000
    0.0000    1.0000    0.0000
    0.0000    0.0000    1.0000
...     2 G-C ...
   -0.1394   -1.2357    3.2268
    0.7529    0.6366    0.1670
   -0.6386    0.7680   -0.0486
   -0.1592   -0.0700    0.9848
...     3 T-A ...
   -0.0365   -3.2932    6.3751
    0.2722    0.9301    0.2466
   -0.9238    0.3243   -0.2033
   -0.2691   -0.1725    0.9475
...     4 G-C ...
   -0.3505   -4.1660    9.4928
   -0.3756    0.9250    0.0579
   -0.8781   -0.3352   -0.3415
   -0.2965   -0.1791    0.9381
...     5 A-T ...
   -0.4462   -4.1476   12.7498
   -0.8116    0.5840   -0.0165
   -0.5523   -0.7762   -0.3042
   -0.1905   -0.2378    0.9524
...     6 G-C ...
   -1.5908   -4.1730   15.6201
   -0.9976    0.0246   -0.0651
   -0.0043   -0.9555   -0.2950
   -0.0695   -0.2940    0.9533
...     7 C-G ...
   -1.1030   -4.4824   18.7362
   -0.8441   -0.5304   -0.0787
    0.5345   -0.8441   -0.0432
   -0.0435   -0.0785    0.9960
...     8 G-C ...
   -2.4028   -7.7290   23.1475
   -0.2754   -0.3293   -0.9032
    0.6650   -0.7437    0.0684
   -0.6942   -0.5818    0.4238
...     9 C-G ...
   -4.4690   -9.9728   24.1132
    0.1145   -0.7025   -0.7024
    0.8512   -0.2952    0.4340
   -0.5122   -0.6476    0.5642
...    10 T-A ...
   -6.7405  -10.8752   25.9697
    0.4841   -0.8363   -0.2574
    0.6595    0.1553    0.7355
   -0.5751   -0.5258    0.6267
...    11 C-G ...
   -9.1656  -12.6208   27.1640
    0.7073   -0.6682    0.2307
    0.3448    0.6110    0.7126
   -0.6171   -0.4245    0.6626
...    12 A-T ...
  -10.9234  -14.6633   29.0693
    0.7515   -0.1377    0.6452
   -0.2029    0.8824    0.4246
   -0.6277   -0.4500    0.6352
...    13 C-G ...
  -11.8476  -17.4863   31.2451
    0.4295    0.2823    0.8578
   -0.5708    0.8209    0.0156
   -0.6998   -0.4963    0.5137
...    14 A-T ...
  -13.5897  -19.7827   33.4259
   -0.1504    0.6104    0.7777
   -0.6874    0.5008   -0.5260
   -0.7106   -0.6136    0.3443
...    15 A-T ...
  -15.8153  -21.8389   34.6043
   -0.5371    0.7863    0.3054
   -0.4515    0.0378   -0.8915
   -0.7125   -0.6167    0.3347
...    16 T-A ...
  -17.9160  -23.8282   36.3978
   -0.7297    0.6451   -0.2268
   -0.0626   -0.3934   -0.9172
   -0.6809   -0.6551    0.3274
...    17 T-A ...
  -20.1401  -25.8041   37.7938
   -0.6487    0.2508   -0.7185
    0.4030   -0.6877   -0.6039
   -0.6456   -0.6813    0.3451
...    18 T-A ...
  -22.3572  -27.9014   38.9909
   -0.2846   -0.1978   -0.9380
    0.7109   -0.7000   -0.0681
   -0.6431   -0.6862    0.3398
...    19 A-T ...
  -24.2629  -30.5014   40.2104
    0.2556   -0.6112   -0.7490
    0.7255   -0.3908    0.5665
   -0.6389   -0.6883    0.3436
...    20 T-A ...
  -26.7832  -32.5865   40.8360
    0.5990   -0.7349   -0.3180
    0.4782    0.0098    0.8782
   -0.6423   -0.6781    0.3573
...    21 T-A ...
  -28.9408  -34.8562   41.7446
    0.7519   -0.5959    0.2820
    0.0139    0.4420    0.8969
   -0.6591   -0.6705    0.3406
...    22 C-G ...
  -31.0607  -37.1106   42.9027
    0.6226   -0.1892    0.7593
   -0.4561    0.7008    0.5485
   -0.6359   -0.6878    0.3500
...    23 G-C ...
  -33.4301  -38.9957   44.4559
    0.3486    0.3403    0.8733
   -0.7507    0.6592    0.0428
   -0.5612   -0.6706    0.4852
...    24 C-G ...
  -34.9526  -41.4389   46.0647
   -0.0708    0.6763    0.7332
   -0.8192    0.3799   -0.4295
   -0.5691   -0.6311    0.5271
...    25 A-T ...
  -37.2846  -43.4871   47.3836
   -0.5184    0.8059    0.2860
   -0.6093   -0.1134   -0.7848
   -0.6000   -0.5811    0.5499
...    26 A-T ...
  -39.2372  -45.3059   49.2999
   -0.7737    0.5871   -0.2380
   -0.1897   -0.5732   -0.7972
   -0.6044   -0.5717    0.5549
...    27 A-T ...
  -41.1528  -46.9720   51.3580
   -0.7450    0.1197   -0.6563
    0.3151   -0.8040   -0.5043
   -0.5880   -0.5825    0.5612
...    28 G-C ...
  -43.4224  -48.5827   53.2985
   -0.4181   -0.3200   -0.8502
    0.6632   -0.7471   -0.0450
   -0.6208   -0.5826    0.5246
...    29 G-C ...
  -45.8028  -50.4973   54.9112
    0.0918   -0.6759   -0.7313
    0.7702   -0.4173    0.4824
   -0.6312   -0.6075    0.4822
...    30 C-G ...
  -48.0794  -52.5318   56.1718
    0.5403   -0.7719   -0.3351
    0.5649    0.0377    0.8243
   -0.6236   -0.6347    0.4564
...    31 C-G ...
  -50.3830  -54.6193   57.5254
    0.7995   -0.5757    0.1711
    0.1517    0.4692    0.8699
   -0.5811   -0.6696    0.4625
...    32 G-C ...
  -52.1741  -56.4931   59.2645
    0.8093   -0.1665    0.5633
   -0.3049    0.7005    0.6452
   -0.5021   -0.6939    0.5162
...    33 G-C ...
  -53.5932  -58.9715   61.0518
    0.5275    0.3168    0.7883
   -0.7135    0.6689    0.2086
   -0.4612   -0.6725    0.5788
...    34 C-G ...
  -54.8066  -61.4321   62.8987
    0.0604    0.6854    0.7257
   -0.8854    0.3725   -0.2781
   -0.4609   -0.6257    0.6293
...    35 C-G ...
  -56.0879  -63.3626   65.4101
   -0.4031    0.8332    0.3784
   -0.7766   -0.0928   -0.6231
   -0.4841   -0.5451    0.6845
...    36 C-G ...
  -57.6787  -64.9481   67.9217
   -0.7459    0.6588   -0.0980
   -0.4321   -0.5905   -0.6816
   -0.5069   -0.4661    0.7251
...    37 G-C ...
  -59.5194  -67.1746   69.7773
   -0.8220    0.2305   -0.5208
    0.0601   -0.8742   -0.4818
   -0.5663   -0.4273    0.7048
...    38 A-T ...
  -61.3906  -68.4813   72.0325
   -0.6226   -0.3475   -0.7012
    0.5378   -0.8409   -0.0608
   -0.5684   -0.4150    0.7104
...    39 C-G ...
  -63.6733  -69.5294   74.0750
   -0.2237   -0.7381   -0.6366
    0.7735   -0.5318    0.3448
   -0.5930   -0.4152    0.6899
...    40 A-T ...
  -65.6653  -71.1264   76.3188
    0.3197   -0.9009   -0.2936
    0.7435    0.0465    0.6671
   -0.5873   -0.4315    0.6847
...    41 C-G ...
  -67.8330  -72.8866   78.2041
    0.6721   -0.7327    0.1068
    0.4555    0.5229    0.7205
   -0.5837   -0.4356    0.6852
...    42 G-C ...
  -69.6616  -73.8713   80.7956
    0.8360   -0.2407    0.4932
   -0.0319    0.8758    0.4815
   -0.5478   -0.4183    0.7245
...    43 A-T ...
  -71.5941  -75.1904   82.9368
    0.6613    0.3322    0.6726
   -0.4984    0.8647    0.0630
   -0.5606   -0.3769    0.7373
...    44 C-G ...
  -73.0245  -76.9595   85.3164
    0.3300    0.7726    0.5424
   -0.7831    0.5449   -0.2996
   -0.5271   -0.3259    0.7849
...    45 T-A ...
  -74.4246  -78.1044   88.3769
   -0.1321    0.9784    0.1589
   -0.8335   -0.0229   -0.5521
   -0.5365   -0.2053    0.8185
...    46 T-A ...
  -76.1453  -78.6005   90.9861
   -0.5110    0.8300   -0.2235
   -0.6504   -0.5433   -0.5309
   -0.5620   -0.1259    0.8175
...    47 A-T ...
  -78.2066  -78.7679   93.5831
   -0.7201    0.3698   -0.5871
   -0.2724   -0.9289   -0.2508
   -0.6381   -0.0207    0.7696
...    48 C-G ...
  -80.4356  -78.0669   95.9851
   -0.7354   -0.1938   -0.6493
    0.1283   -0.9807    0.1474
   -0.6653    0.0251    0.7461
...    49 T-A ...
  -82.9215  -77.5389   98.2247
   -0.5081   -0.6964   -0.5068
    0.4579   -0.7168    0.5259
   -0.7295    0.0352    0.6831
...    50 G-C ...
  -85.3003  -77.6289  100.5656
   -0.1014   -0.9895   -0.1028
    0.6553   -0.1442    0.7415
   -0.7486    0.0078    0.6630
...    51 T-A ...
  -88.0114  -77.8234  102.3264
    0.2603   -0.8961    0.3597
    0.5985    0.4420    0.6681
   -0.7577    0.0414    0.6513
...    52 A-T ...
  -90.0856  -76.3429  104.9628
    0.4998   -0.2788    0.8200
    0.2898    0.9460    0.1450
   -0.8162    0.1652    0.5537
...    53 G-C ...
  -92.8791  -75.7420  106.6220
    0.6449    0.2683    0.7157
    0.0001    0.9363   -0.3511
   -0.7643    0.2265    0.6038
...    54 G-C ...
  -95.3750  -75.3915  109.1195
    0.6081    0.7309    0.3099
   -0.3709    0.6068   -0.7030
   -0.7019    0.3126    0.6400
...    55 T-A ...
  -97.3759  -74.4841  111.4700
    0.3676    0.9178   -0.1503
   -0.6316    0.1278   -0.7647
   -0.6826    0.3760    0.6266
...    56 A-T ...
  -99.2481  -72.8617  113.8987
    0.0461    0.7453   -0.6652
   -0.7623   -0.4041   -0.5056
   -0.6456    0.5304    0.5495
...    57 T-A ...
 -100.8067  -70.7511  115.7949
   -0.3246    0.3897   -0.8618
   -0.6954   -0.7159   -0.0618
   -0.6411    0.5793    0.5034
...    58 C-G ...
 -102.9982  -68.5171  117.2931
   -0.6659   -0.1938   -0.7204
   -0.3561   -0.7660    0.5352
   -0.6556    0.6129    0.4411
...    59 T-A ...
 -105.3256  -66.3854  118.3594
   -0.7267   -0.6164   -0.3032
    0.0482   -0.4861    0.8726
   -0.6852    0.6195    0.3830
...    60 C-G ...
 -107.6769  -64.6546  119.9138
   -0.5568   -0.7581    0.3394
    0.4592    0.0596    0.8863
   -0.6922    0.6494    0.3149
...    61 G-C ...
 -109.4315  -62.2677  121.4898
   -0.1841   -0.5331    0.8258
    0.7094    0.5094    0.4871
   -0.6803    0.6755    0.2844
...    62 A-T ...
 -111.3154  -59.6361  122.2148
    0.3122   -0.0781    0.9468
    0.7046    0.6875   -0.1756
   -0.6372    0.7220    0.2697
...    63 G-C ...
 -113.4206  -57.2052  122.9955
    0.6722    0.3108    0.6720
    0.4407    0.5615   -0.7004
   -0.5950    0.7669    0.2404
...    64 C-G ...
 -115.6183  -54.8234  124.1450
    0.8328    0.5423    0.1109
   -0.0309    0.2456   -0.9689
   -0.5527    0.8035    0.2213
...    65 T-A ...
 -117.3746  -52.1356  125.1062
    0.7443    0.4925   -0.4512
   -0.4757   -0.0833   -0.8757
   -0.4688    0.8663    0.1723
...    66 C-G ...
 -118.8341  -49.1719  125.4985
    0.3603    0.2818   -0.8892
   -0.8449   -0.3053   -0.4391
   -0.3953    0.9096    0.1281
...    67 G-C ...
 -120.6012  -46.3091  125.1769
   -0.1408   -0.0303   -0.9896
   -0.9343   -0.3267    0.1429
   -0.3276    0.9447    0.0177
...    68 G-C ...
 -121.4953  -43.0406  124.6824
   -0.6323   -0.2777   -0.7233
   -0.7032   -0.1863    0.6862
   -0.3253    0.9424   -0.0775
...    69 G-C ...
 -122.7918  -40.0197  123.8258
   -0.8952   -0.4024   -0.1914
   -0.2471    0.0907    0.9647
   -0.3708    0.9110   -0.1806
...    70 A-T ...
 -123.9911  -36.9898  122.8448
   -0.8675   -0.2052    0.4531
    0.3718    0.3377    0.8647
   -0.3305    0.9186   -0.2166
...    71 T-A ...
 -125.4172  -34.2170  121.6860
   -0.5310    0.0309    0.8468
    0.7852    0.3936    0.4780
   -0.3185    0.9188   -0.2333
...    72 C-G ...
 -126.7562  -31.2062  120.7761
    0.0781    0.3202    0.9441
    0.9548    0.2484   -0.1632
   -0.2868    0.9142   -0.2863
...    73 C-G ...
 -127.7765  -28.2917  119.5572
    0.6176    0.3023    0.7261
    0.7615    0.0012   -0.6482
   -0.1969    0.9532   -0.2294
...    74 G-C ...
 -128.0457  -25.1626  118.3929
    0.9615    0.1291    0.2428
    0.2642   -0.1888   -0.9458
   -0.0762    0.9735   -0.2157
...    75 C-G ...
 -128.4414  -21.7353  118.0960
    0.9397   -0.0470   -0.3387
   -0.3389   -0.2582   -0.9047
   -0.0449    0.9649   -0.2586
...    76 T-A ...
 -128.2518  -18.3340  117.4747
    0.5736   -0.2598   -0.7768
   -0.8189   -0.1606   -0.5510
    0.0184    0.9522   -0.3049
...    77 T-A ...
 -127.8311  -15.2720  116.4606
   -0.0106   -0.3342   -0.9424
   -0.9992    0.0391   -0.0026
    0.0378    0.9417   -0.3344
...    78 T-A ...
 -127.5934  -12.2857  115.2078
   -0.5837   -0.2906   -0.7582
   -0.8112    0.2493    0.5290
    0.0353    0.9238   -0.3812
...    79 A-T ...
 -127.9543   -9.0824  114.1971
   -0.9613   -0.0616   -0.2687
   -0.2698    0.4100    0.8713
    0.0565    0.9100   -0.4107
...    80 A-T ...
 -127.7604   -6.2514  112.6273
   -0.9231    0.2509    0.2915
    0.3693    0.3671    0.8537
    0.1072    0.8957   -0.4315
...    81 C-G ...
 -127.7386   -3.4117  110.6983
   -0.5308    0.4674    0.7070
    0.8361    0.1522    0.5270
    0.1387    0.8708   -0.4716
...    82 A-T ...
 -127.1942   -0.4885  109.1281
    0.1093    0.4498    0.8864
    0.9785   -0.2055   -0.0164
    0.1748    0.8691   -0.4626
...    83 C-G ...
 -127.2430    2.6251  107.7634
    0.6199    0.2605    0.7402
    0.7593   -0.4373   -0.4820
    0.1981    0.8608   -0.4689
...    84 T-A ...
 -126.7726    5.9606  106.5410
    0.9297   -0.1081    0.3520
    0.2461   -0.5285   -0.8125
    0.2739    0.8420   -0.4648
...    85 T-A ...
 -125.7983    8.8127  105.3299
    0.8942   -0.4129   -0.1729
   -0.3409   -0.3780   -0.8608
    0.2901    0.8287   -0.4787
...    86 T-A ...
 -124.7189   11.4498  103.7855
    0.5185   -0.6163   -0.5927
   -0.7836   -0.0650   -0.6179
    0.3423    0.7848   -0.5166
...    87 A-T ...
 -123.6897   13.9340  101.7907
   -0.0780   -0.6082   -0.7899
   -0.9245    0.3407   -0.1711
    0.3732    0.7169   -0.5889
...    88 T-A ...
 -121.8677   15.7803   99.8707
   -0.5336   -0.4075   -0.7411
   -0.7592    0.6169    0.2075
    0.3726    0.6734   -0.6385
...    89 G-C ...
 -120.6282   17.7749   97.5107
   -0.9171   -0.0101   -0.3986
   -0.2626    0.7675    0.5847
    0.3001    0.6409   -0.7065
...    90 C-G ...
 -119.8133   19.6453   94.8397
   -0.9055    0.4241    0.0148
    0.3142    0.6467    0.6950
    0.2852    0.6340   -0.7188
...    91 T-A ...
 -119.3392   21.7485   92.0803
   -0.5421    0.7319    0.4129
    0.8019    0.3036    0.5146
    0.2512    0.6101   -0.7515
...    92 T-A ...
 -118.7499   23.6840   89.5644
    0.0243    0.7731    0.6339
    0.9666   -0.1799    0.1823
    0.2550    0.6083   -0.7516
...    93 C-G ...
 -118.0792   25.8093   87.0089
    0.6183    0.4900    0.6145
    0.7376   -0.6318   -0.2383
    0.2714    0.6006   -0.7520
...    94 C-G ...
 -117.3565   27.7151   84.4074
    0.8778   -0.0066    0.4790
    0.2793   -0.8053   -0.5230
    0.3892    0.5929   -0.7050
...    95 G-C ...
 -116.0997   29.2283   81.9550
    0.8353   -0.5054    0.2163
   -0.2275   -0.6759   -0.7010
    0.5005    0.5363   -0.6796
...    96 G-C ...
 -114.1266   30.8773   79.8298
    0.5111   -0.8458   -0.1532
   -0.6483   -0.2622   -0.7148
    0.5644    0.4647   -0.6823
...    97 C-G ...
 -111.7147   32.1052   77.8456
    0.0239   -0.8692   -0.4938
   -0.8112    0.2718   -0.5177
    0.5842    0.4130   -0.6986
...    98 T-A ...
 -109.6057   33.2533   75.5457
   -0.4537   -0.6043   -0.6549
   -0.6705    0.7156   -0.1958
    0.5869    0.3503   -0.7299
...    99 C-G ...
 -107.9370   34.3837   72.9335
   -0.7783   -0.0609   -0.6249
   -0.2245    0.9565    0.1864
    0.5864    0.2854   -0.7581
...   100 G-C ...
 -106.1108   35.7789   70.5199
   -0.7812    0.5178   -0.3487
    0.3151    0.8093    0.4957
    0.5389    0.2774   -0.7954
...   101 T-A ...
 -104.9127   36.4385   67.4116
   -0.4907    0.8713    0.0099
    0.6991    0.3869    0.6014
    0.5201    0.3020   -0.7989
...   102 A-T ...
 -103.4568   37.4284   64.4907
    0.0230    0.9164    0.3997
    0.8584   -0.2230    0.4620
    0.5125    0.3325   -0.7917
...   103 T-A ...
 -102.4165   38.7429   61.6576
    0.4864    0.6598    0.5727
    0.7086   -0.6814    0.1832
    0.5111    0.3167   -0.7990
...   104 C-G ...
 -100.8346   39.8249   58.9763
    0.8020    0.0739    0.5928
    0.2383   -0.9495   -0.2041
    0.5478    0.3049   -0.7791
...   105 A-T ...
  -99.1596   40.5708   56.1108
    0.7251   -0.5227    0.4484
   -0.2573   -0.8096   -0.5276
    0.6388    0.2672   -0.7215
...   106 T-A ...
  -96.8168   41.6767   54.1096
    0.4569   -0.8775    0.1456
   -0.5869   -0.4204   -0.6920
    0.6684    0.2307   -0.7071
...   107 G-C ...
  -94.4080   42.3402   51.6997
   -0.0588   -0.9668   -0.2485
   -0.7279    0.2119   -0.6521
    0.6832    0.1425   -0.7162
...   108 T-A ...
  -91.7168   42.4717   49.6377
   -0.4537   -0.6851   -0.5699
   -0.5680    0.7151   -0.4074
    0.6867    0.1389   -0.7136
...   109 T-A ...
  -89.4317   42.7072   47.3898
   -0.6957   -0.1379   -0.7049
   -0.1915    0.9815   -0.0030
    0.6923    0.1329   -0.7093
...   110 A-T ...
  -87.0266   43.3835   45.0088
   -0.6310    0.5506   -0.5464
    0.3104    0.8248    0.4727
    0.7110    0.1287   -0.6914
...   111 T-A ...
  -85.0571   43.3024   42.3719
   -0.3649    0.9025   -0.2290
    0.5906    0.4145    0.6924
    0.7197    0.1173   -0.6842
...   112 A-T ...
  -82.3807   43.6249   40.2243
    0.1273    0.9535    0.2732
    0.6798   -0.2845    0.6760
    0.7223    0.0997   -0.6844
...   113 A-T ...
  -80.1922   44.0320   37.9147
    0.4945    0.6096    0.6195
    0.4757   -0.7864    0.3941
    0.7275    0.0998   -0.6788
...   114 C-G ...
  -77.9741   44.9648   35.4921
    0.6694    0.0589    0.7405
    0.1119   -0.9935   -0.0221
    0.7344    0.0976   -0.6717
...   115 G-C ...
  -75.4098   44.9104   33.4316
    0.5416   -0.5449    0.6402
   -0.2711   -0.8340   -0.4806
    0.7957    0.0867   -0.5994
...   116 G-C ...
  -72.5563   44.9529   31.7814
    0.2262   -0.9151    0.3338
   -0.4731   -0.4028   -0.7835
    0.8514    0.0193   -0.5241
...   117 A-T ...
  -69.5554   45.0644   30.2633
   -0.1140   -0.9695   -0.2171
   -0.5063    0.2447   -0.8269
    0.8548    0.0156   -0.5187
...   118 T-A ...
  -66.4950   44.7029   29.1001
   -0.3536   -0.6883   -0.6334
   -0.3699    0.7249   -0.5812
    0.8592    0.0288   -0.5109
...   119 A-T ...
  -63.5529   45.0878   27.3099
   -0.4738   -0.0189   -0.8804
   -0.0463    0.9989    0.0035
    0.8794    0.0424   -0.4742
...   120 A-T ...
  -60.7215   44.8953   25.7087
   -0.4170    0.5650   -0.7120
    0.2321    0.8236    0.5176
    0.8788    0.0505   -0.4745
...   121 T-A ...
  -58.0564   44.6298   23.7005
   -0.2237    0.9176   -0.3285
    0.4128    0.3945    0.8210
    0.8829    0.0481   -0.4670
...   122 G-C ...
  -55.0383   44.8427   21.9600
   -0.0027    0.9588    0.2842
    0.4673   -0.2500    0.8480
    0.8841    0.1351   -0.4473
...   123 T-A ...
  -52.3735   45.5248   20.1499
    0.2177    0.6826    0.6976
    0.3956   -0.7152    0.5762
    0.8922    0.1505   -0.4258
...   124 G-C ...
  -49.3343   46.1041   18.7744
    0.3337    0.1070    0.9366
    0.2221   -0.9745    0.0322
    0.9161    0.1973   -0.3490
...   125 T-A ...
  -46.5039   47.1954   17.7495
    0.3521   -0.4379    0.8272
    0.0313   -0.8778   -0.4781
    0.9354    0.1942   -0.2954
...   126 C-G ...
  -43.4712   47.7503   16.9901
    0.3097   -0.8731    0.3765
   -0.1576   -0.4376   -0.8852
    0.9377    0.2148   -0.2732
...   127 G-C ...
  -40.4646   48.0913   15.4960
    0.0847   -0.9815   -0.1715
   -0.2432    0.1466   -0.9588
    0.9663    0.1229   -0.2263
...   128 A-T ...
  -37.3571   48.4871   14.8320
   -0.0674   -0.6915   -0.7192
   -0.2504    0.7095   -0.6587
    0.9658    0.1357   -0.2209
...   129 C-G ...
  -34.0533   48.2569   14.4793
   -0.2202   -0.1967   -0.9554
   -0.1729    0.9718   -0.1602
    0.9600    0.1299   -0.2480
...   130 C-G ...
  -30.8144   48.2910   13.3880
   -0.3596    0.3585   -0.8615
   -0.0036    0.9227    0.3854
    0.9331    0.1417   -0.3305
...   131 A-T ...
  -27.6053   49.3548   12.9354
   -0.3467    0.8339   -0.4294
    0.1946    0.5118    0.8368
    0.9176    0.2066   -0.3397
...   132 A-T ...
  -24.6356   50.0081   11.7058
   -0.1910    0.9706    0.1467
    0.3589   -0.0701    0.9307
    0.9136    0.2304   -0.3349
...   133 A-T ...
  -21.7913   50.8599   10.2860
    0.0761    0.7432    0.6647
    0.3907   -0.6355    0.6659
    0.9174    0.2090   -0.3388
...   134 T-A ...
  -19.0083   52.0403    8.9384
    0.2450    0.2904    0.9250
    0.3072   -0.9282    0.2101
    0.9196    0.2327   -0.3166
...   135 G-C ...
  -16.4569   53.8981    7.5291
    0.5336   -0.3334    0.7773
    0.0348   -0.9096   -0.4140
    0.8450    0.2479   -0.4738
...   136 T-A ...
  -14.1680   56.5699    6.1949
    0.5795   -0.7269    0.3684
   -0.3140   -0.6163   -0.7222
    0.7521    0.3028   -0.5854
...   137 G-C ...
  -11.6468   58.0147    4.7337
    0.2454   -0.9541   -0.1717
   -0.6318   -0.0231   -0.7748
    0.7352    0.2986   -0.6085
...   138 A-T ...
   -8.6697   58.7290    3.6171
   -0.0344   -0.7815   -0.6230
   -0.6534    0.4892   -0.5777
    0.7562    0.3872   -0.5274
...   139 G-C ...
   -6.3211   59.0880    1.6441
   -0.2967   -0.3277   -0.8970
   -0.5657    0.8170   -0.1114
    0.7694    0.4744   -0.4278
...   140 C-G ...
   -3.4296   60.2438    1.0435
   -0.4424    0.2288   -0.8671
   -0.1682    0.9286    0.3309
    0.8809    0.2922   -0.3723
...   141 G-C ...
   -0.6893   63.9063   -2.2355
   -0.9992    0.0156   -0.0375
   -0.0024    0.8991    0.4378
    0.0405    0.4375   -0.8983
...   142 C-G ...
   -0.9979   65.6138   -4.9248
   -0.8337    0.5217    0.1810
    0.5169    0.6220    0.5881
    0.1942    0.5839   -0.7882
...   143 T-A ...
   -0.1244   66.2251   -7.8041
   -0.3751    0.8568    0.3538
    0.8856    0.2185    0.4098
    0.2739    0.4670   -0.8408
...   144 C-G ...
   -0.1580   67.4198  -10.7921
    0.1799    0.8792    0.4411
    0.9276   -0.3009    0.2214
    0.3274    0.3694   -0.8697
...   145 A-T ...
    0.5353   69.2488  -13.4513
    0.7352    0.4961    0.4620
    0.6117   -0.7791   -0.1369
    0.2921    0.3832   -0.8763
...   146 C-G ...
    1.4421   72.1065  -15.5858
    0.9808    0.0622    0.1849
    0.1266   -0.9240   -0.3608
    0.1484    0.3773   -0.9141
...   147 A-T ...
    2.3151   74.2411  -18.3713
    0.8657   -0.4292   -0.2574
   -0.4984   -0.7868   -0.3642
   -0.0462    0.4436   -0.8950
