  147 base-pairs
...     1 A-T ...
    0.0000    0.0000    0.0000
    1.0000    0.0000    0.0000
    0.0000    1.0000    0.0000
    0.0000    0.0000    1.0000
...     2 G-C ...
   -0.1394   -1.2357    3.2268
    0.7529    0.6366    0.1670
   -0.6386    0.7680   -0.0486
   -0.1592   -0.0700    0.9848
...     3 T-A ...
   -0.0365   -3.2932    6.3751
    0.2722    0.9301    0.2466
   -0.9238    0.3243   -0.2033
   -0.2691   -0.1725    0.9475
...     4 G-C ...
   -0.3505   -4.1660    9.4928
   -0.3756    0.9250    0.0579
   -0.8781   -0.3352   -0.3415
   -0.2965   -0.1791    0.9381
...     5 A-T ...
   -0.4462   -4.1476   12.7498
   -0.8116    0.5840   -0.0165
   -0.5523   -0.7762   -0.3042
   -0.1905   -0.2378    0.9524
...     6 G-C ...
   -1.5908   -4.1730   15.6201
   -0.9976    0.0246   -0.0651
   -0.0043   -0.9555   -0.2950
   -0.0695   -0.2940    0.9533
...     7 C-G ...
   -1.1030   -4.4824   18.7362
   -0.8441   -0.5304   -0.0787
    0.5345   -0.8441   -0.0432
   -0.0435   -0.0785    0.9960
...     8 G-C ...
   -2.4028   -7.7290   23.1475
   -0.2754   -0.3293   -0.9032
    0.6650   -0.7437    0.0684
   -0.6942   -0.5818    0.4238
...     9 C-G ...
   -4.4690   -9.9728   24.1132
    0.1145   -0.7025   -0.7024
    0.8512   -0.2952    0.4340
   -0.5122   -0.6476    0.5642
...    10 T-A ...
   -6.7405  -10.8752   25.9697
    0.4841   -0.8363   -0.2574
    0.6595    0.1553    0.7355
   -0.5751   -0.5258    0.6267
...    11 C-G ...
   -9.1656  -12.6208   27.1640
    0.7073   -0.6682    0.2307
    0.3448    0.6110    0.7126
   -0.6171   -0.4245    0.6626
...    12 A-T ...
  -10.9234  -14.6633   29.0693
    0.7515   -0.1377    0.6452
   -0.2029    0.8824    0.4246
   -0.6277   -0.4500    0.6352
...    13 C-G ...
  -11.8476  -17.4863   31.2451
    0.4295    0.2823    0.8578
   -0.5708    0.8209    0.0156
   -0.6998   -0.4963    0.5137
...    14 A-T ...
  -13.5897  -19.7827   33.4259
   -0.1504    0.6104    0.7777
   -0.6874    0.5008   -0.5260
   -0.7106   -0.6136    0.3443
...    15 A-T ...
  -15.8123  -21.8585   34.5542
   -0.5216    0.7936    0.3131
   -0.4516    0.0545   -0.8905
   -0.7239   -0.6059    0.3300
...    16 T-A ...
  -17.9462  -23.8120   36.3293
   -0.7113    0.6691   -0.2155
   -0.0760   -0.3781   -0.9227
   -0.6988   -0.6399    0.3198
...    17 T-A ...
  -20.2399  -25.7338   37.6974
   -0.6378    0.2919   -0.7128
    0.3745   -0.6911   -0.6181
   -0.6730   -0.6612    0.3315
...    18 T-A ...
  -22.5417  -27.7601   38.7942
   -0.2857   -0.1379   -0.9483
    0.6694   -0.7368   -0.0946
   -0.6857   -0.6619    0.3028
...    19 A-T ...
  -24.6597  -30.2362   39.7582
    0.2180   -0.5450   -0.8096
    0.6910   -0.4996    0.5224
   -0.6892   -0.6733    0.2677
...    20 T-A ...
  -27.3358  -32.1764   40.1428
    0.5421   -0.7373   -0.4030
    0.4715   -0.1300    0.8722
   -0.6955   -0.6629    0.2772
...    21 T-A ...
  -29.6804  -34.3629   40.7603
    0.6964   -0.6884    0.2030
    0.0458    0.3248    0.9447
   -0.7162   -0.6486    0.2577
...    22 C-G ...
  -31.9957  -36.5551   41.6070
    0.5981   -0.3436    0.7240
   -0.3925    0.6621    0.6384
   -0.6987   -0.6661    0.2612
...    23 G-C ...
  -34.5571  -38.3670   42.8711
    0.3702    0.1795    0.9115
   -0.6792    0.7216    0.1337
   -0.6337   -0.6686    0.3891
...    24 C-G ...
  -36.3508  -40.8313   44.1125
   -0.0067    0.5716    0.8205
   -0.7675    0.5231   -0.3706
   -0.6410   -0.6322    0.4352
...    25 A-T ...
  -38.8303  -42.8196   45.1321
   -0.4101    0.8152    0.4090
   -0.6114    0.0871   -0.7865
   -0.6768   -0.5726    0.4627
...    26 A-T ...
  -41.0109  -44.6365   46.7739
   -0.6759    0.7254   -0.1303
   -0.2657   -0.4046   -0.8750
   -0.6875   -0.5568    0.4662
...    27 A-T ...
  -43.1773  -46.2733   48.5759
   -0.7059    0.3504   -0.6156
    0.1830   -0.7493   -0.6364
   -0.6843   -0.5619    0.4648
...    28 G-C ...
  -45.7202  -47.7453   50.2476
   -0.4529   -0.0779   -0.8882
    0.5160   -0.8353   -0.1899
   -0.7271   -0.5443    0.4185
...    29 G-C ...
  -48.4999  -49.4047   51.4447
   -0.0218   -0.5162   -0.8562
    0.6615   -0.6496    0.3748
   -0.7496   -0.5582    0.3556
...    30 C-G ...
  -51.1634  -51.1967   52.1882
    0.3834   -0.7723   -0.5065
    0.5339   -0.2621    0.8039
   -0.7536   -0.5787    0.3118
...    31 C-G ...
  -53.8711  -53.0488   53.0112
    0.6571   -0.7535    0.0220
    0.2105    0.2114    0.9545
   -0.7238   -0.6226    0.2975
...    32 G-C ...
  -56.0116  -54.9059   54.2525
    0.7280   -0.4734    0.4958
   -0.1799    0.5660    0.8045
   -0.6615   -0.6749    0.3269
...    33 G-C ...
  -57.9570  -57.4338   55.3683
    0.5385   -0.0277    0.8422
   -0.5648    0.7299    0.3852
   -0.6253   -0.6830    0.3774
...    34 C-G ...
  -59.7856  -59.9562   56.4559
    0.1649    0.4269    0.8891
   -0.7641    0.6254   -0.1586
   -0.6237   -0.6532    0.4293
...    35 C-G ...
  -61.6008  -62.1965   58.2756
   -0.2307    0.7607    0.6067
   -0.7319    0.2752   -0.6233
   -0.6411   -0.5879    0.4933
...    36 C-G ...
  -63.6255  -64.0781   60.1917
   -0.5572    0.8228    0.1124
   -0.5022   -0.2260   -0.8347
   -0.6614   -0.5215    0.5391
...    37 G-C ...
  -66.0077  -66.2019   61.3061
   -0.6818    0.5992   -0.4196
   -0.1167   -0.6553   -0.7463
   -0.7221   -0.4599    0.5168
...    38 A-T ...
  -68.3182  -67.6180   62.9857
   -0.6145    0.0944   -0.7832
    0.3075   -0.8856   -0.3480
   -0.7265   -0.4547    0.5152
...    39 C-G ...
  -70.9846  -68.6192   64.4822
   -0.3332   -0.3721   -0.8663
    0.5635   -0.8152    0.1334
   -0.7559   -0.4438    0.4814
...    40 A-T ...
  -73.5986  -70.2433   65.8887
    0.1060   -0.7690   -0.6304
    0.6348   -0.4356    0.6382
   -0.7654   -0.4678    0.4420
...    41 C-G ...
  -76.3728  -71.8881   66.8281
    0.4319   -0.8790   -0.2021
    0.4748    0.0311    0.8795
   -0.7668   -0.4758    0.4308
...    42 G-C ...
  -78.7145  -73.3078   68.6887
    0.6555   -0.6665    0.3552
    0.1234    0.5585    0.8203
   -0.7451   -0.4939    0.4483
...    43 A-T ...
  -81.2080  -74.7761   69.9817
    0.6049   -0.2047    0.7696
   -0.2607    0.8622    0.4343
   -0.7524   -0.4633    0.4681
...    44 C-G ...
  -83.4003  -76.8660   71.2975
    0.4153    0.3146    0.8536
   -0.5491    0.8348   -0.0406
   -0.7253   -0.4518    0.5194
...    45 T-A ...
  -85.5500  -78.7795   73.4152
    0.0911    0.7810    0.6178
   -0.6860    0.4990   -0.5296
   -0.7219   -0.3756    0.5812
...    46 T-A ...
  -87.7665  -79.9197   75.3789
   -0.2320    0.9492    0.2125
   -0.6406    0.0153   -0.7677
   -0.7320   -0.3142    0.6045
...    47 A-T ...
  -90.1577  -80.5789   77.5581
   -0.4099    0.8485   -0.3346
   -0.4611   -0.5093   -0.7266
   -0.7870   -0.1436    0.6001
...    48 C-G ...
  -92.5442  -80.3985   79.8394
   -0.5523    0.4542   -0.6990
   -0.2095   -0.8873   -0.4110
   -0.8069   -0.0806    0.5852
...    49 T-A ...
  -95.2471  -80.0750   81.8186
   -0.5191   -0.0791   -0.8511
    0.0501   -0.9968    0.0621
   -0.8533   -0.0104    0.5214
...    50 G-C ...
  -98.2161  -80.2642   83.3837
   -0.3280   -0.6504   -0.6851
    0.3004   -0.7594    0.5771
   -0.8956   -0.0166    0.4445
...    51 T-A ...
 -101.2972  -80.1694   84.3274
   -0.1282   -0.9609   -0.2454
    0.4186   -0.2767    0.8650
   -0.8991    0.0082    0.4377
...    52 A-T ...
 -103.7535  -79.6860   86.9041
    0.0725   -0.8601    0.5049
    0.4381    0.4822    0.7586
   -0.8960    0.1662    0.4118
...    53 G-C ...
 -106.7383  -79.1281   88.1419
    0.3432   -0.4807    0.8070
    0.3582    0.8612    0.3606
   -0.8683    0.1653    0.4677
...    54 G-C ...
 -109.9459  -79.2492   89.7438
    0.5549    0.0724    0.8287
    0.1130    0.9804   -0.1613
   -0.8242    0.1832    0.5359
...    55 T-A ...
 -112.5603  -79.0018   91.6354
    0.5702    0.5655    0.5958
   -0.1784    0.7933   -0.5822
   -0.8019    0.2257    0.5532
...    56 A-T ...
 -115.0090  -78.4183   94.0152
    0.4840    0.8726    0.0663
   -0.4949    0.3354   -0.8017
   -0.7217    0.3552    0.5941
...    57 T-A ...
 -116.8766  -77.2907   96.4051
    0.2093    0.8976   -0.3879
   -0.6884   -0.1465   -0.7104
   -0.6945    0.4157    0.5873
...    58 C-G ...
 -119.0028  -75.7828   98.3580
   -0.2072    0.5948   -0.7767
   -0.7002   -0.6446   -0.3069
   -0.6832    0.4803    0.5500
...    59 A-T ...
 -121.0104  -73.7346  100.2091
   -0.4720    0.0987   -0.8760
   -0.5712   -0.7911    0.2186
   -0.6715    0.6036    0.4299
...    60 T-A ...
 -123.0198  -71.3740  101.2834
   -0.6852   -0.3390   -0.6447
   -0.2600   -0.7129    0.6513
   -0.6804    0.6139    0.4003
...    61 G-C ...
 -125.3031  -69.2045  102.4897
   -0.7012   -0.7081   -0.0833
    0.2196   -0.3257    0.9196
   -0.6783    0.6265    0.3839
...    62 T-A ...
 -127.7619  -66.9314  103.2597
   -0.4771   -0.7326    0.4855
    0.6015    0.1307    0.7881
   -0.6408    0.6680    0.3783
...    63 T-A ...
 -129.9386  -64.7184  104.2372
   -0.0511   -0.4541    0.8895
    0.7897    0.5269    0.3143
   -0.6114    0.7185    0.3317
...    64 A-T ...
 -131.7550  -61.9271  105.2068
    0.4751    0.0503    0.8785
    0.6541    0.6476   -0.3908
   -0.5886    0.7603    0.2748
...    65 T-A ...
 -133.9946  -59.9026  106.4762
    0.7552    0.3716    0.5399
    0.3239    0.5046   -0.8003
   -0.5698    0.7793    0.2607
...    66 A-T ...
 -135.8119  -57.1497  107.0985
    0.8535    0.5155   -0.0755
   -0.2001    0.1905   -0.9611
   -0.4811    0.8354    0.2657
...    67 A-T ...
 -137.1130  -54.4513  108.0688
    0.6404    0.4579   -0.6166
   -0.6537   -0.0965   -0.7506
   -0.4032    0.8837    0.2375
...    68 C-G ...
 -137.7673  -51.3065  109.0735
    0.1913    0.2805   -0.9406
   -0.9108   -0.3064   -0.2767
   -0.3658    0.9096    0.1969
...    69 G-C ...
 -139.2331  -48.3494  109.2165
   -0.3402   -0.0298   -0.9399
   -0.8919   -0.3065    0.3325
   -0.2980    0.9514    0.0776
...    70 G-C ...
 -140.4832  -45.3022  108.7622
   -0.7438   -0.2797   -0.6070
   -0.5926   -0.1441    0.7925
   -0.3092    0.9492   -0.0585
...    71 A-T ...
 -141.3435  -42.0523  108.2518
   -0.9644   -0.2631    0.0275
    0.0080    0.0749    0.9972
   -0.2644    0.9619   -0.0701
...    72 T-A ...
 -142.3594  -38.9941  107.4359
   -0.8089   -0.1652    0.5642
    0.5316    0.2042    0.8220
   -0.2510    0.9649   -0.0774
...    73 C-G ...
 -143.3854  -35.8031  107.0426
   -0.2784    0.0327    0.9599
    0.9375    0.2264    0.2642
   -0.2087    0.9735   -0.0937
...    74 T-A ...
 -144.3629  -32.5545  106.8594
    0.3036    0.1138    0.9460
    0.9349    0.1561   -0.3188
   -0.1840    0.9812   -0.0590
...    75 C-G ...
 -145.1102  -29.2117  106.4477
    0.8204    0.1507    0.5516
    0.5567    0.0099   -0.8307
   -0.1307    0.9885   -0.0758
...    76 G-C ...
 -145.0949  -25.9159  105.6078
    0.9942   -0.1026    0.0306
    0.0238   -0.0667   -0.9975
    0.1044    0.9925   -0.0639
...    77 A-T ...
 -144.8646  -22.6611  105.1300
    0.8054   -0.2165   -0.5518
   -0.5686   -0.0194   -0.8224
    0.1674    0.9761   -0.1387
...    78 G-C ...
 -143.8771  -19.5110  104.6077
    0.3512   -0.2899   -0.8903
   -0.9051    0.1385   -0.4021
    0.2399    0.9470   -0.2137
...    79 C-G ...
 -142.5029  -16.4935  103.7407
   -0.2603   -0.1913   -0.9464
   -0.9273    0.3227    0.1898
    0.2691    0.9270   -0.2614
...    80 T-A ...
 -141.4971  -13.5146  102.6919
   -0.7396    0.0059   -0.6730
   -0.6053    0.4315    0.6690
    0.2944    0.9021   -0.3155
...    81 C-G ...
 -140.8761  -10.4164  101.7295
   -0.9500    0.2917   -0.1117
    0.0122    0.3920    0.9199
    0.3122    0.8725   -0.3759
...    82 G-C ...
 -139.6037   -6.9853  101.6157
   -0.7420    0.4733    0.4747
    0.6027    0.1610    0.7816
    0.2935    0.8660   -0.4047
...    83 G-C ...
 -138.5935   -4.1134  100.0365
   -0.2456    0.4420    0.8627
    0.9134   -0.1925    0.3586
    0.3246    0.8761   -0.3564
...    84 G-C ...
 -137.6347   -1.1696   98.7295
    0.2854    0.1760    0.9421
    0.8912   -0.4104   -0.1933
    0.3526    0.8948   -0.2740
...    85 A-T ...
 -136.6732    1.9375   97.8349
    0.7656   -0.1353    0.6290
    0.5185   -0.4491   -0.7277
    0.3809    0.8832   -0.2737
...    86 T-A ...
 -135.5769    5.0263   97.4947
    0.9081   -0.3887    0.1559
    0.0315   -0.3079   -0.9509
    0.4176    0.8684   -0.2674
...    87 C-G ...
 -134.0164    7.8848   96.8011
    0.7211   -0.5389   -0.4355
   -0.5163    0.0014   -0.8564
    0.4621    0.8424   -0.2772
...    88 C-G ...
 -132.3694   10.5932   95.9174
    0.2607   -0.5596   -0.7867
   -0.8114    0.3145   -0.4926
    0.5231    0.7668   -0.3721
...    89 G-C ...
 -130.9443   13.1886   94.3030
   -0.3231   -0.3656   -0.8729
   -0.7775    0.6284    0.0247
    0.5395    0.6867   -0.4873
...    90 C-G ...
 -128.8664   15.0972   92.2550
   -0.7225    0.0685   -0.6880
   -0.4200    0.7469    0.5155
    0.5492    0.6614   -0.5108
...    91 T-A ...
 -127.1959   17.1276   89.9038
   -0.8233    0.5074   -0.2545
    0.1289    0.6037    0.7867
    0.5528    0.6149   -0.5624
...    92 T-A ...
 -125.4730   18.9445   87.7684
   -0.5303    0.8139    0.2373
    0.6042    0.1665    0.7792
    0.5947    0.5566   -0.5801
...    93 T-A ...
 -123.6987   20.6772   85.5779
   -0.0234    0.7817    0.6232
    0.7867   -0.3702    0.4940
    0.6169    0.5019   -0.6063
...    94 A-T ...
 -121.0280   21.6016   83.6289
    0.5337    0.3848    0.7531
    0.5882   -0.8087   -0.0037
    0.6076    0.4449   -0.6579
...    95 A-T ...
 -119.1501   23.1636   81.5185
    0.7862   -0.1730    0.5932
    0.1353   -0.8886   -0.4384
    0.6030    0.4249   -0.6752
...    96 C-G ...
 -117.0885   25.0463   79.5699
    0.7205   -0.6501    0.2412
   -0.3444   -0.6374   -0.6893
    0.6019    0.4136   -0.6831
...    97 A-T ...
 -114.9557   26.2675   77.2103
    0.3071   -0.9350   -0.1776
   -0.7061   -0.0987   -0.7012
    0.6381    0.3407   -0.6905
...    98 C-G ...
 -112.3215   27.0199   75.2404
   -0.1491   -0.8457   -0.5124
   -0.7469    0.4359   -0.5022
    0.6480    0.3079   -0.6966
...    99 T-A ...
 -109.6516   27.6051   72.8953
   -0.6093   -0.4308   -0.6657
   -0.4909    0.8643   -0.1099
    0.6227    0.2598   -0.7381
...   100 T-A ...
 -107.5333   28.1237   70.4436
   -0.7577    0.1887   -0.6247
   -0.0185    0.9507    0.3096
    0.6523    0.2461   -0.7169
...   101 T-A ...
 -105.4155   28.6807   67.9844
   -0.6012    0.7245   -0.3371
    0.4319    0.6496    0.6257
    0.6723    0.2306   -0.7034
...   102 A-T ...
 -102.8134   29.4937   65.7803
   -0.0777    0.9851    0.1532
    0.7117   -0.0528    0.7005
    0.6982    0.1635   -0.6970
...   103 T-A ...
 -101.0983   30.2126   63.0935
    0.2700    0.8247    0.4969
    0.6595   -0.5344    0.5287
    0.7016    0.1850   -0.6882
...   104 G-C ...
  -98.8254   31.0950   60.8351
    0.5512    0.3026    0.7775
    0.3778   -0.9214    0.0908
    0.7439    0.2438   -0.6223
...   105 C-G ...
  -96.3282   32.2526   58.9885
    0.6374   -0.2829    0.7167
   -0.0094   -0.9329   -0.3599
    0.7705    0.2227   -0.5973
...   106 T-A ...
  -93.4893   33.2964   57.2579
    0.4843   -0.7860    0.3842
   -0.3597   -0.5792   -0.7316
    0.7975    0.2162   -0.5632
...   107 T-A ...
  -90.7885   33.9775   55.6516
    0.1541   -0.9847   -0.0812
   -0.5539   -0.0180   -0.8324
    0.8182    0.1732   -0.5482
...   108 C-G ...
  -87.9255   34.3605   53.9151
   -0.2454   -0.7936   -0.5568
   -0.5203    0.5924   -0.6150
    0.8179    0.1387   -0.5583
...   109 C-G ...
  -85.2142   34.6044   52.0284
   -0.5697   -0.3467   -0.7452
   -0.2793    0.9344   -0.2212
    0.7730    0.0821   -0.6291
...   110 G-C ...
  -82.9883   35.1889   49.8905
   -0.7003    0.2094   -0.6824
    0.1015    0.9755    0.1952
    0.7066    0.0674   -0.7044
...   111 G-C ...
  -80.8916   35.3659   47.2365
   -0.5555    0.7272   -0.4033
    0.5001    0.6796    0.5367
    0.6643    0.0965   -0.7412
...   112 C-G ...
  -79.1168   35.5746   44.3839
   -0.1937    0.9810    0.0105
    0.7339    0.1378    0.6651
    0.6510    0.1365   -0.7467
...   113 T-A ...
  -77.0814   36.0487   41.7771
    0.2191    0.8856    0.4095
    0.7302   -0.4272    0.5332
    0.6471    0.1822   -0.7403
...   114 C-G ...
  -74.8055   36.6056   39.3749
    0.6082    0.4292    0.6677
    0.4556   -0.8776    0.1492
    0.6500    0.2135   -0.7293
...   115 G-C ...
  -72.4431   36.7948   36.9806
    0.7088   -0.2180    0.6709
    0.0003   -0.9510   -0.3093
    0.7054    0.2194   -0.6740
...   116 T-A ...
  -69.7470   37.9929   35.3126
    0.5551   -0.7227    0.4117
   -0.3917   -0.6638   -0.6371
    0.7338    0.1924   -0.6516
...   117 A-T ...
  -67.0086   38.6852   33.3864
    0.1605   -0.9862   -0.0394
   -0.6296   -0.0716   -0.7736
    0.7601    0.1490   -0.6325
...   118 T-A ...
  -64.0945   39.0188   31.8671
   -0.1850   -0.8691   -0.4588
   -0.6176    0.4659   -0.6336
    0.7644    0.1662   -0.6230
...   119 A-T ...
  -61.5722   39.9631   29.6201
   -0.5092   -0.2762   -0.8151
   -0.3261    0.9384   -0.1142
    0.7965    0.2076   -0.5679
...   120 A-T ...
  -58.9054   40.3064   27.7729
   -0.5939    0.3336   -0.7321
    0.0306    0.9187    0.3939
    0.8039    0.2115   -0.5558
...   121 T-A ...
  -56.3822   40.4670   25.5631
   -0.4693    0.7820   -0.4101
    0.3396    0.5885    0.7337
    0.8151    0.2051   -0.5417
...   122 G-C ...
  -53.5725   41.1563   23.6083
   -0.2086    0.9613    0.1801
    0.5530   -0.0359    0.8324
    0.8066    0.2732   -0.5241
...   123 T-A ...
  -51.1968   42.1399   21.5117
    0.1008    0.7856    0.6105
    0.5660   -0.5500    0.6142
    0.8182    0.2836   -0.5000
...   124 G-C ...
  -48.4001   43.1363   19.8306
    0.3515    0.2639    0.8982
    0.4129   -0.9048    0.1043
    0.8402    0.3342   -0.4270
...   125 T-A ...
  -45.8966   44.6255   18.5144
    0.4670   -0.2836    0.8376
    0.1752   -0.8987   -0.4020
    0.8667    0.3345   -0.3700
...   126 C-G ...
  -43.0606   45.6590   17.5021
    0.4810   -0.7656    0.4272
   -0.1171   -0.5390   -0.8341
    0.8689    0.3512   -0.3489
...   127 G-C ...
  -40.1957   46.3546   15.7920
    0.2277   -0.9691   -0.0953
   -0.2990    0.0235   -0.9539
    0.9267    0.2457   -0.2844
...   128 A-T ...
  -37.1902   47.1100   14.9301
    0.0097   -0.7498   -0.6616
   -0.3717    0.6115   -0.6985
    0.9283    0.2527   -0.2728
...   129 C-G ...
  -33.8955   47.3107   14.4783
   -0.2207   -0.2960   -0.9293
   -0.3074    0.9254   -0.2217
    0.9256    0.2367   -0.2952
...   130 C-G ...
  -30.7186   47.7376   13.2742
   -0.4185    0.2614   -0.8698
   -0.1026    0.9380    0.3312
    0.9024    0.2278   -0.3657
...   131 A-T ...
  -27.5746   49.1732   12.9318
   -0.3894    0.8055   -0.4467
    0.1630    0.5375    0.8273
    0.9065    0.2494   -0.3406
...   132 A-T ...
  -24.6275   49.9518   11.6938
   -0.2165    0.9666    0.1370
    0.3546   -0.0529    0.9335
    0.9096    0.2506   -0.3313
...   133 A-T ...
  -21.7964   50.8462   10.2844
    0.0630    0.7486    0.6600
    0.3961   -0.6258    0.6719
    0.9160    0.2192   -0.3359
...   134 T-A ...
  -19.0083   52.0401    8.9385
    0.2450    0.2904    0.9250
    0.3072   -0.9282    0.2101
    0.9196    0.2327   -0.3166
...   135 G-C ...
  -16.4568   53.8979    7.5291
    0.5336   -0.3334    0.7773
    0.0348   -0.9096   -0.4140
    0.8450    0.2479   -0.4738
...   136 T-A ...
  -14.1680   56.5697    6.1949
    0.5795   -0.7269    0.3684
   -0.3140   -0.6163   -0.7222
    0.7521    0.3028   -0.5854
...   137 G-C ...
  -11.6468   58.0145    4.7337
    0.2454   -0.9541   -0.1717
   -0.6318   -0.0231   -0.7748
    0.7352    0.2986   -0.6085
...   138 A-T ...
   -8.6697   58.7288    3.6171
   -0.0344   -0.7815   -0.6230
   -0.6534    0.4892   -0.5777
    0.7562    0.3872   -0.5274
...   139 G-C ...
   -6.3210   59.0878    1.6441
   -0.2967   -0.3277   -0.8970
   -0.5657    0.8170   -0.1114
    0.7694    0.4744   -0.4278
...   140 C-G ...
   -3.4295   60.2436    1.0436
   -0.4424    0.2288   -0.8671
   -0.1682    0.9286    0.3309
    0.8809    0.2922   -0.3723
...   141 G-C ...
   -0.6892   63.9062   -2.2355
   -0.9992    0.0156   -0.0375
   -0.0024    0.8991    0.4378
    0.0405    0.4375   -0.8983
...   142 C-G ...
   -0.9979   65.6136   -4.9248
   -0.8337    0.5217    0.1810
    0.5169    0.6220    0.5881
    0.1942    0.5839   -0.7882
...   143 T-A ...
   -0.1243   66.2249   -7.8041
   -0.3751    0.8568    0.3538
    0.8856    0.2185    0.4098
    0.2739    0.4670   -0.8408
...   144 C-G ...
   -0.1579   67.4196  -10.7921
    0.1799    0.8792    0.4411
    0.9276   -0.3009    0.2214
    0.3274    0.3694   -0.8697
...   145 A-T ...
    0.5354   69.2486  -13.4513
    0.7352    0.4961    0.4620
    0.6117   -0.7791   -0.1369
    0.2921    0.3832   -0.8763
...   146 C-G ...
    1.4422   72.1063  -15.5858
    0.9808    0.0622    0.1849
    0.1266   -0.9240   -0.3608
    0.1484    0.3773   -0.9141
...   147 A-T ...
    2.3152   74.2409  -18.3713
    0.8657   -0.4292   -0.2574
   -0.4984   -0.7868   -0.3642
   -0.0462    0.4436   -0.8950
