  147 base-pairs
...     1 A-T ...
    0.0000    0.0000    0.0000
    1.0000    0.0000    0.0000
    0.0000    1.0000    0.0000
    0.0000    0.0000    1.0000
...     2 G-C ...
   -0.1394   -1.2357    3.2268
    0.7529    0.6366    0.1670
   -0.6386    0.7680   -0.0486
   -0.1592   -0.0700    0.9848
...     3 T-A ...
   -0.0365   -3.2932    6.3751
    0.2722    0.9301    0.2466
   -0.9238    0.3243   -0.2033
   -0.2691   -0.1725    0.9475
...     4 G-C ...
   -0.3505   -4.1660    9.4928
   -0.3756    0.9250    0.0579
   -0.8781   -0.3352   -0.3415
   -0.2965   -0.1791    0.9381
...     5 A-T ...
   -0.4462   -4.1476   12.7498
   -0.8116    0.5840   -0.0165
   -0.5523   -0.7762   -0.3042
   -0.1905   -0.2378    0.9524
...     6 G-C ...
   -1.5908   -4.1730   15.6201
   -0.9976    0.0246   -0.0651
   -0.0043   -0.9555   -0.2950
   -0.0695   -0.2940    0.9533
...     7 C-G ...
   -1.1030   -4.4824   18.7362
   -0.8441   -0.5304   -0.0787
    0.5345   -0.8441   -0.0432
   -0.0435   -0.0785    0.9960
...     8 G-C ...
   -2.4028   -7.7290   23.1475
   -0.2754   -0.3293   -0.9032
    0.6650   -0.7437    0.0684
   -0.6942   -0.5818    0.4238
...     9 C-G ...
   -4.4690   -9.9728   24.1132
    0.1145   -0.7025   -0.7024
    0.8512   -0.2952    0.4340
   -0.5122   -0.6476    0.5642
...    10 T-A ...
   -6.7405  -10.8752   25.9697
    0.4841   -0.8363   -0.2574
    0.6595    0.1553    0.7355
   -0.5751   -0.5258    0.6267
...    11 C-G ...
   -9.1656  -12.6208   27.1640
    0.7073   -0.6682    0.2307
    0.3448    0.6110    0.7126
   -0.6171   -0.4245    0.6626
...    12 A-T ...
  -10.9234  -14.6633   29.0693
    0.7515   -0.1377    0.6452
   -0.2029    0.8824    0.4246
   -0.6277   -0.4500    0.6352
...    13 C-G ...
  -11.8476  -17.4863   31.2451
    0.4295    0.2823    0.8578
   -0.5708    0.8209    0.0156
   -0.6998   -0.4963    0.5137
...    14 A-T ...
  -13.5897  -19.7827   33.4259
   -0.1504    0.6104    0.7777
   -0.6874    0.5008   -0.5260
   -0.7106   -0.6136    0.3443
...    15 A-T ...
  -15.8093  -21.8488   34.5951
   -0.5371    0.7857    0.3069
   -0.4500    0.0408   -0.8921
   -0.7134   -0.6172    0.3317
...    16 T-A ...
  -17.9125  -23.8445   36.3775
   -0.7285    0.6469   -0.2255
   -0.0612   -0.3893   -0.9191
   -0.6823   -0.6557    0.3232
...    17 T-A ...
  -20.1429  -25.8256   37.7578
   -0.6461    0.2563   -0.7190
    0.4034   -0.6850   -0.6067
   -0.6479   -0.6820    0.3391
...    18 T-A ...
  -22.3646  -27.9304   38.9231
   -0.2798   -0.1857   -0.9419
    0.7081   -0.7025   -0.0719
   -0.6483   -0.6871    0.3281
...    19 A-T ...
  -24.2911  -30.5318   40.0746
    0.2566   -0.5928   -0.7634
    0.7201   -0.4096    0.5601
   -0.6447   -0.6934    0.3218
...    20 T-A ...
  -26.8234  -32.6206   40.6234
    0.5973   -0.7282   -0.3362
    0.4730   -0.0187    0.8808
   -0.6477   -0.6851    0.3333
...    21 T-A ...
  -28.9951  -34.9099   41.4477
    0.7474   -0.6083    0.2673
    0.0106    0.4131    0.9106
   -0.6643   -0.6777    0.3152
...    22 C-G ...
  -31.1268  -37.1954   42.5176
    0.6166   -0.2178    0.7566
   -0.4561    0.6845    0.5688
   -0.6417   -0.6958    0.3227
...    23 G-C ...
  -33.5067  -39.1190   43.9965
    0.3428    0.3065    0.8880
   -0.7480    0.6609    0.0606
   -0.5683   -0.6850    0.4558
...    24 C-G ...
  -35.0547  -41.6117   45.5012
   -0.0739    0.6491    0.7571
   -0.8136    0.3997   -0.4221
   -0.5766   -0.6472    0.4986
...    25 A-T ...
  -37.3983  -43.7081   46.7110
   -0.5165    0.7971    0.3128
   -0.6021   -0.0784   -0.7946
   -0.6088   -0.5988    0.5204
...    26 A-T ...
  -39.3752  -45.5952   48.5329
   -0.7672    0.6021   -0.2211
   -0.1854   -0.5381   -0.8222
   -0.6141   -0.5898    0.5245
...    27 A-T ...
  -41.3237  -47.3307   50.4990
   -0.7364    0.1548   -0.6586
    0.3138   -0.7843   -0.5352
   -0.5994   -0.6008    0.5290
...    28 G-C ...
  -43.6303  -49.0001   52.3401
   -0.4107   -0.2759   -0.8690
    0.6556   -0.7517   -0.0712
   -0.6336   -0.5990    0.4896
...    29 G-C ...
  -46.0609  -50.9588   53.8190
    0.0939   -0.6394   -0.7631
    0.7584   -0.4507    0.4709
   -0.6450   -0.6229    0.4426
...    30 C-G ...
  -48.3757  -53.0390   54.9235
    0.5352   -0.7604   -0.3679
    0.5526   -0.0143    0.8334
   -0.6389   -0.6493    0.4125
...    31 C-G ...
  -50.7166  -55.1776   56.1185
    0.7887   -0.5957    0.1519
    0.1425    0.4175    0.8975
   -0.5980   -0.6862    0.4141
...    32 G-C ...
  -52.5441  -57.1317   57.7190
    0.7955   -0.2120    0.5676
   -0.3080    0.6653    0.6801
   -0.5218   -0.7159    0.4640
...    33 G-C ...
  -54.0226  -59.6993   59.3303
    0.5145    0.2585    0.8176
   -0.7084    0.6654    0.2354
   -0.4831   -0.7003    0.5255
...    34 C-G ...
  -55.3165  -62.2546   60.9844
    0.0534    0.6360    0.7698
   -0.8730    0.4040   -0.2732
   -0.4847   -0.6575    0.5768
...    35 C-G ...
  -56.6833  -64.3348   63.3243
   -0.3999    0.8128    0.4236
   -0.7615   -0.0374   -0.6471
   -0.5102   -0.5813    0.6339
...    36 C-G ...
  -58.3489  -66.0738   65.6823
   -0.7312    0.6784   -0.0714
   -0.4224   -0.5324   -0.7336
   -0.5357   -0.5062    0.6758
...    37 G-C ...
  -60.2655  -68.3878   67.3306
   -0.8004    0.2862   -0.5267
    0.0584   -0.8373   -0.5437
   -0.5966   -0.4659    0.6534
...    38 A-T ...
  -62.2262  -69.8182   69.4251
   -0.6062   -0.2787   -0.7449
    0.5225   -0.8456   -0.1088
   -0.5996   -0.4552    0.6582
...    39 C-G ...
  -64.5934  -70.9713   71.3018
   -0.2168   -0.6799   -0.7006
    0.7498   -0.5755    0.3265
   -0.6252   -0.4545    0.6345
...    40 A-T ...
  -66.6993  -72.7028   73.3316
    0.3105   -0.8806   -0.3580
    0.7190   -0.0288    0.6944
   -0.6217   -0.4731    0.6242
...    41 C-G ...
  -68.9723  -74.5683   74.9776
    0.6507   -0.7564    0.0674
    0.4389    0.4470    0.7795
   -0.6197   -0.4776    0.6228
...    42 G-C ...
  -70.9159  -75.7393   77.3996
    0.8080   -0.3058    0.5035
   -0.0329    0.8299    0.5569
   -0.5882   -0.4666    0.6605
...    43 A-T ...
  -72.9658  -77.1954   79.3335
    0.6375    0.2524    0.7280
   -0.4812    0.8683    0.1203
   -0.6017   -0.4270    0.6750
...    44 C-G ...
  -74.5403  -79.1315   81.4840
    0.3208    0.7100    0.6268
   -0.7554    0.5911   -0.2830
   -0.5714   -0.3827    0.7259
...    45 T-A ...
  -76.1093  -80.5230   84.3571
   -0.1177    0.9619    0.2466
   -0.8045    0.0532   -0.5916
   -0.5822   -0.2680    0.7676
...    46 T-A ...
  -77.9676  -81.2228   86.8207
   -0.4792    0.8619   -0.1657
   -0.6336   -0.4704   -0.6142
   -0.6073   -0.1893    0.7716
...    47 A-T ...
  -80.1456  -81.5477   89.2978
   -0.6678    0.4566   -0.5879
   -0.2890   -0.8869   -0.3605
   -0.6859   -0.0708    0.7242
...    48 C-G ...
  -82.4825  -81.0026   91.6227
   -0.6955   -0.0944   -0.7123
    0.0817   -0.9953    0.0521
   -0.7139   -0.0220    0.6999
...    49 T-A ...
  -85.0922  -80.5907   93.7362
   -0.4962   -0.6163   -0.6116
    0.3900   -0.7875    0.4771
   -0.7757   -0.0018    0.6311
...    50 G-C ...
  -87.6574  -80.8198   95.8676
   -0.1293   -0.9671   -0.2190
    0.5869   -0.2526    0.7692
   -0.7993   -0.0291    0.6003
...    51 T-A ...
  -90.5069  -81.0864   97.3808
    0.1959   -0.9405    0.2775
    0.5557    0.3397    0.7589
   -0.8080    0.0055    0.5892
...    52 A-T ...
  -92.7306  -79.7656  100.0016
    0.4082   -0.3820    0.8291
    0.3088    0.9125    0.2684
   -0.8591    0.1465    0.4904
...    53 G-C ...
  -95.6402  -79.2201  101.4639
    0.5763    0.1663    0.8001
    0.0685    0.9658   -0.2501
   -0.8143    0.1990    0.5452
...    54 G-C ...
  -98.3762  -79.0257  103.7215
    0.5939    0.6687    0.4473
   -0.2720    0.6902   -0.6705
   -0.7571    0.2766    0.5918
...    55 T-A ...
 -100.6047  -78.2802  105.9226
    0.4095    0.9122   -0.0122
   -0.5369    0.2302   -0.8116
   -0.7376    0.3389    0.5840
...    56 A-T ...
 -102.6996  -76.8477  108.2886
    0.1447    0.8057   -0.5744
   -0.7088   -0.3207   -0.6284
   -0.6904    0.4980    0.5246
...    57 T-A ...
 -104.4137  -74.8767  110.1957
   -0.2056    0.4865   -0.8491
   -0.7030   -0.6771   -0.2176
   -0.6808    0.5522    0.4812
...    58 C-G ...
 -106.7095  -72.7096  111.6403
   -0.5739   -0.0950   -0.8134
   -0.4431   -0.7993    0.4060
   -0.6887    0.5934    0.4166
...    59 T-A ...
 -109.0932  -70.6082  112.6158
   -0.6954   -0.5548   -0.4568
   -0.0816   -0.5706    0.8171
   -0.7140    0.6055    0.3516
...    60 C-G ...
 -111.6087  -68.9897  114.0111
   -0.6161   -0.7670    0.1793
    0.3277   -0.0425    0.9438
   -0.7162    0.6403    0.2775
...    61 G-C ...
 -113.5468  -66.7277  115.5508
   -0.3153   -0.6034    0.7325
    0.6344    0.4400    0.6355
   -0.7057    0.6651    0.2441
...    62 A-T ...
 -115.5214  -64.1501  116.2557
    0.1593   -0.1704    0.9724
    0.7282    0.6853    0.0008
   -0.6666    0.7080    0.2333
...    63 G-C ...
 -117.7081  -61.7520  116.9044
    0.5562    0.2399    0.7957
    0.5493    0.6124   -0.5686
   -0.6237    0.7533    0.2088
...    64 C-G ...
 -120.0627  -59.4368  117.8786
    0.8037    0.5200    0.2893
    0.1260    0.3263   -0.9368
   -0.5816    0.7894    0.1967
...    65 T-A ...
 -121.9626  -56.8196  118.7597
    0.8056    0.5217   -0.2809
   -0.3252   -0.0070   -0.9456
   -0.4953    0.8531    0.1640
...    66 C-G ...
 -123.5104  -53.8939  119.1847
    0.5001    0.3506   -0.7919
   -0.7559   -0.2694   -0.5966
   -0.4225    0.8970    0.1303
...    67 G-C ...
 -125.2228  -51.0203  118.8155
    0.0311    0.0449   -0.9985
   -0.9392   -0.3405   -0.0446
   -0.3420    0.9392    0.0315
...    68 G-C ...
 -126.0868  -47.7377  118.4282
   -0.4911   -0.2284   -0.8406
   -0.8072   -0.2435    0.5378
   -0.3275    0.9426   -0.0647
...    69 G-C ...
 -127.2842  -44.6767  117.5645
   -0.8373   -0.3984   -0.3744
   -0.4147    0.0167    0.9098
   -0.3562    0.9171   -0.1792
...    70 A-T ...
 -128.3815  -41.6085  116.6027
   -0.9275   -0.2531    0.2753
    0.2020    0.2803    0.9384
   -0.3146    0.9259   -0.2089
...    71 T-A ...
 -129.6697  -38.7880  115.4000
   -0.6739   -0.0410    0.7377
    0.6745    0.3735    0.6369
   -0.3016    0.9267   -0.2241
...    72 C-G ...
 -130.9312  -35.7480  114.4711
   -0.1023    0.2546    0.9616
    0.9595    0.2803    0.0279
   -0.2625    0.9255   -0.2730
...    73 C-G ...
 -131.8279  -32.7724  113.3100
    0.4666    0.2699    0.8423
    0.8637    0.0660   -0.4996
   -0.1905    0.9606   -0.2023
...    74 G-C ...
 -132.0165  -29.5889  112.2992
    0.8976    0.1451    0.4163
    0.4336   -0.1200   -0.8931
   -0.0796    0.9821   -0.1706
...    75 C-G ...
 -132.5205  -26.1665  112.1204
    0.9856    0.0060   -0.1689
   -0.1637   -0.2146   -0.9629
   -0.0420    0.9767   -0.2105
...    76 T-A ...
 -132.4072  -22.7302  111.7305
    0.7120   -0.1939   -0.6749
   -0.7017   -0.1595   -0.6944
    0.0270    0.9680   -0.2497
...    77 T-A ...
 -131.9592  -19.6047  110.9561
    0.1713   -0.2837   -0.9435
   -0.9839   -0.0001   -0.1786
    0.0506    0.9589   -0.2791
...    78 T-A ...
 -131.6632  -16.5528  109.8955
   -0.4253   -0.2791   -0.8609
   -0.9034    0.1890    0.3849
    0.0553    0.9415   -0.3326
...    79 A-T ...
 -131.9946  -13.3378  108.9099
   -0.8939   -0.1067   -0.4355
   -0.4429    0.3614    0.8205
    0.0698    0.9263   -0.3703
...    80 A-T ...
 -131.7244  -10.4497  107.4680
   -0.9748    0.1808    0.1307
    0.1893    0.3602    0.9135
    0.1181    0.9152   -0.3854
...    81 C-G ...
 -131.5758   -7.5520  105.6354
   -0.6771    0.4072    0.6130
    0.7192    0.1897    0.6684
    0.1559    0.8934   -0.4213
...    82 A-T ...
 -130.9901   -4.5414  104.2521
   -0.0775    0.4276    0.9007
    0.9792   -0.1372    0.1494
    0.1874    0.8935   -0.4080
...    83 C-G ...
 -131.0366   -1.3953  102.9555
    0.4643    0.2800    0.8403
    0.8603   -0.3682   -0.3526
    0.2106    0.8866   -0.4118
...    84 T-A ...
 -130.6258    2.0057  101.8913
    0.8634   -0.0495    0.5021
    0.4186   -0.4854   -0.7676
    0.2817    0.8729   -0.3984
...    85 T-A ...
 -129.6934    4.9575  100.9045
    0.9405   -0.3385   -0.0285
   -0.1636   -0.3778   -0.9113
    0.2977    0.8618   -0.4107
...    86 T-A ...
 -128.5951    7.7177   99.6050
    0.6565   -0.5561   -0.5097
   -0.6649   -0.1074   -0.7392
    0.3563    0.8241   -0.4403
...    87 A-T ...
 -127.4788   10.3353   97.8413
    0.1007   -0.5890   -0.8018
   -0.9100    0.2713   -0.3136
    0.4022    0.7613   -0.5086
...    88 T-A ...
 -125.5367   12.3710   96.2649
   -0.3725   -0.4277   -0.8236
   -0.8317    0.5477    0.0917
    0.4118    0.7191   -0.5597
...    89 G-C ...
 -124.1092   14.5258   94.1653
   -0.8378   -0.0730   -0.5411
   -0.4161    0.7269    0.5463
    0.3535    0.6828   -0.6394
...    90 C-G ...
 -123.0512   16.5283   91.6843
   -0.9296    0.3472   -0.1241
    0.1435    0.6508    0.7456
    0.3396    0.6752   -0.6548
...    91 T-A ...
 -122.3414   18.7437   89.0649
   -0.6616    0.6726    0.3313
    0.6817    0.3556    0.6394
    0.3123    0.6489   -0.6938
...    92 T-A ...
 -121.5388   20.7904   86.7004
   -0.1427    0.7550    0.6401
    0.9383   -0.1025    0.3301
    0.3149    0.6477   -0.6938
...    93 C-G ...
 -120.6681   23.0335   84.3103
    0.4703    0.5243    0.7099
    0.8182   -0.5605   -0.1280
    0.3308    0.6410   -0.6926
...    94 C-G ...
 -119.7223   25.0621   81.8787
    0.7909    0.0557    0.6094
    0.4263   -0.7646   -0.4834
    0.4390    0.6421   -0.6284
...    95 G-C ...
 -118.2502   26.7399   79.6638
    0.8341   -0.4375    0.3360
   -0.0572   -0.6744   -0.7361
    0.5486    0.5948   -0.5876
...    96 G-C ...
 -116.1364   28.6074   77.8837
    0.6015   -0.7944   -0.0841
   -0.5068   -0.2981   -0.8089
    0.6176    0.5292   -0.5819
...    97 C-G ...
 -113.5746   30.0913   76.3058
    0.1754   -0.8506   -0.4958
   -0.7448    0.2146   -0.6318
    0.6438    0.4801   -0.5958
...    98 T-A ...
 -111.2580   31.4762   74.3644
   -0.2941   -0.6231   -0.7247
   -0.6946    0.6602   -0.2858
    0.6565    0.4193   -0.6270
...    99 C-G ...
 -109.3241   32.8177   72.0518
   -0.6667   -0.1103   -0.7371
   -0.3346    0.9280    0.1637
    0.6660    0.3558   -0.6556
...   100 G-C ...
 -107.2887   34.4316   69.9646
   -0.7630    0.4581   -0.4561
    0.1629    0.8191    0.5501
    0.6256    0.3454   -0.6995
...   101 T-A ...
 -105.7045   35.2793   67.0799
   -0.5628    0.8250   -0.0514
    0.5628    0.4280    0.7071
    0.6053    0.3691   -0.7052
...   102 A-T ...
 -103.9228   36.4765   64.4285
   -0.1211    0.9023    0.4137
    0.7953   -0.1612    0.5843
    0.5939    0.3998   -0.6982
...   103 T-A ...
 -102.5200   37.9353   61.7748
    0.3460    0.6826    0.6437
    0.7210   -0.6325    0.2832
    0.6004    0.3661   -0.7110
...   104 T-A ...
 -100.7414   39.2986   59.4104
    0.7156    0.1772    0.6757
    0.3732   -0.9147   -0.1553
    0.5905    0.3633   -0.7207
...   105 C-G ...
  -98.6984   40.1866   56.9354
    0.7698   -0.4306    0.4711
   -0.1313   -0.8291   -0.5434
    0.6246    0.3565   -0.6948
...   106 A-T ...
  -96.7653   41.3239   54.3904
    0.4797   -0.8648    0.1486
   -0.5242   -0.4183   -0.7418
    0.7036    0.2779   -0.6540
...   107 T-A ...
  -94.1371   42.2018   52.6398
    0.1077   -0.9676   -0.2285
   -0.6870    0.0937   -0.7206
    0.7186    0.2346   -0.6546
...   108 G-C ...
  -91.5919   42.8573   50.3868
   -0.3917   -0.7171   -0.5765
   -0.5908    0.6763   -0.4399
    0.7053    0.1683   -0.6886
...   109 T-A ...
  -88.9587   42.8792   48.2304
   -0.6501   -0.2123   -0.7296
   -0.2686    0.9624   -0.0407
    0.7108    0.1695   -0.6827
...   110 T-A ...
  -86.6402   43.1974   46.0170
   -0.6746    0.3976   -0.6220
    0.1661    0.9027    0.3969
    0.7193    0.1644   -0.6750
...   111 A-T ...
  -84.0405   43.9112   43.8600
   -0.3777    0.9006   -0.2153
    0.5602    0.4074    0.7213
    0.7372    0.1518   -0.6584
...   112 T-A ...
  -82.1173   44.2450   41.2110
   -0.0212    0.9818    0.1889
    0.6701   -0.1262    0.7315
    0.7420    0.1421   -0.6552
...   113 A-T ...
  -79.3855   44.5134   39.1416
    0.4224    0.6606    0.6207
    0.5208   -0.7373    0.4304
    0.7419    0.1414   -0.6554
...   114 A-T ...
  -77.0798   45.1451   37.0107
    0.6365    0.1071    0.7638
    0.1814   -0.9833   -0.0133
    0.7496    0.1471   -0.6453
...   115 C-G ...
  -74.5512   46.2802   35.0149
    0.6217   -0.4692    0.6271
   -0.2082   -0.8709   -0.4452
    0.7551    0.1462   -0.6391
...   116 G-C ...
  -72.0337   46.3436   32.8891
    0.3238   -0.9056    0.2740
   -0.4998   -0.4096   -0.7631
    0.8033    0.1102   -0.5853
...   117 G-C ...
  -69.2482   46.3054   31.1169
   -0.0752   -0.9881   -0.1342
   -0.5497    0.1534   -0.8212
    0.8320    0.0120   -0.5547
...   118 A-T ...
  -66.3199   46.2466   29.4193
   -0.4021   -0.6827   -0.6101
   -0.3815    0.7307   -0.5662
    0.8323    0.0051   -0.5543
...   119 A-T ...
  -63.5886   46.1100   27.6351
   -0.5168   -0.0962   -0.8507
   -0.0624    0.9953   -0.0746
    0.8538    0.0145   -0.5204
...   120 A-T ...
  -60.8062   45.7620   25.9286
   -0.4103    0.5195   -0.7495
    0.2399    0.8544    0.4609
    0.8798    0.0093   -0.4752
...   121 T-A ...
  -58.1386   45.3434   23.9506
   -0.2142    0.8966   -0.3876
    0.4161    0.4428    0.7942
    0.8838    0.0088   -0.4679
...   122 G-C ...
  -55.1023   45.4210   22.2150
    0.0063    0.9738    0.2273
    0.4652   -0.2040    0.8614
    0.8852    0.1003   -0.4543
...   123 T-A ...
  -52.4295   45.9782   20.3688
    0.2253    0.7173    0.6594
    0.3888   -0.6867    0.6142
    0.8933    0.1180   -0.4336
...   124 G-C ...
  -49.3774   46.4454   18.9607
    0.3381    0.1488    0.9293
    0.2114   -0.9742    0.0791
    0.9171    0.1697   -0.3608
...   125 T-A ...
  -46.5365   47.4523   17.8759
    0.3509   -0.4039    0.8448
    0.0197   -0.8988   -0.4379
    0.9362    0.1703   -0.3074
...   126 C-G ...
  -43.4971   47.9374   17.0812
    0.3026   -0.8598    0.4114
   -0.1665   -0.4727   -0.8653
    0.9385    0.1933   -0.2862
...   127 G-C ...
  -40.4968   48.1956   15.5297
    0.0805   -0.9864   -0.1436
   -0.2488    0.1196   -0.9611
    0.9652    0.1131   -0.2358
...   128 A-T ...
  -37.3880   48.5624   14.8338
   -0.0731   -0.7091   -0.7013
   -0.2521    0.6935   -0.6749
    0.9649    0.1275   -0.2294
...   129 C-G ...
  -34.0842   48.3185   14.4662
   -0.2251   -0.2169   -0.9499
   -0.1723    0.9684   -0.1803
    0.9590    0.1231   -0.2554
...   130 C-G ...
  -30.8450   48.3425   13.3745
   -0.3619    0.3451   -0.8660
   -0.0013    0.9288    0.3706
    0.9322    0.1352   -0.3357
...   131 A-T ...
  -27.6211   49.4012   12.9306
   -0.3434    0.8314   -0.4368
    0.1968    0.5185    0.8321
    0.9183    0.1998   -0.3417
...   132 A-T ...
  -24.6439   50.0318   11.7061
   -0.1882    0.9718    0.1418
    0.3592   -0.0662    0.9309
    0.9141    0.2261   -0.3366
...   133 A-T ...
  -21.7956   50.8703   10.2842
    0.0773    0.7453    0.6623
    0.3902   -0.6339    0.6678
    0.9175    0.2068   -0.3398
...   134 T-A ...
  -19.0083   52.0402    8.9385
    0.2450    0.2904    0.9250
    0.3072   -0.9282    0.2101
    0.9196    0.2327   -0.3166
...   135 G-C ...
  -16.4569   53.8980    7.5291
    0.5336   -0.3334    0.7773
    0.0348   -0.9096   -0.4140
    0.8450    0.2479   -0.4738
...   136 T-A ...
  -14.1681   56.5698    6.1949
    0.5795   -0.7269    0.3684
   -0.3140   -0.6163   -0.7222
    0.7521    0.3028   -0.5854
...   137 G-C ...
  -11.6469   58.0147    4.7337
    0.2454   -0.9541   -0.1717
   -0.6318   -0.0231   -0.7748
    0.7352    0.2986   -0.6085
...   138 A-T ...
   -8.6698   58.7289    3.6171
   -0.0344   -0.7815   -0.6230
   -0.6534    0.4892   -0.5777
    0.7562    0.3872   -0.5274
...   139 G-C ...
   -6.3211   59.0879    1.6441
   -0.2967   -0.3277   -0.8970
   -0.5657    0.8170   -0.1114
    0.7694    0.4744   -0.4278
...   140 C-G ...
   -3.4296   60.2437    1.0436
   -0.4424    0.2288   -0.8671
   -0.1682    0.9286    0.3309
    0.8809    0.2922   -0.3723
...   141 G-C ...
   -0.6893   63.9063   -2.2355
   -0.9992    0.0156   -0.0375
   -0.0024    0.8991    0.4378
    0.0405    0.4375   -0.8983
...   142 C-G ...
   -0.9979   65.6137   -4.9248
   -0.8337    0.5217    0.1810
    0.5169    0.6220    0.5881
    0.1942    0.5839   -0.7882
...   143 T-A ...
   -0.1244   66.2250   -7.8041
   -0.3751    0.8568    0.3538
    0.8856    0.2185    0.4098
    0.2739    0.4670   -0.8407
...   144 C-G ...
   -0.1580   67.4197  -10.7921
    0.1799    0.8792    0.4411
    0.9276   -0.3009    0.2214
    0.3274    0.3694   -0.8697
...   145 A-T ...
    0.5353   69.2487  -13.4513
    0.7352    0.4961    0.4620
    0.6117   -0.7791   -0.1369
    0.2921    0.3832   -0.8763
...   146 C-G ...
    1.4421   72.1064  -15.5857
    0.9808    0.0622    0.1849
    0.1266   -0.9240   -0.3608
    0.1484    0.3773   -0.9141
...   147 A-T ...
    2.3150   74.2410  -18.3713
    0.8657   -0.4292   -0.2574
   -0.4984   -0.7868   -0.3642
   -0.0462    0.4436   -0.8950
