  147 base-pairs
...     1 A-T ...
    0.0000    0.0000    0.0000
    1.0000    0.0000    0.0000
    0.0000    1.0000    0.0000
    0.0000    0.0000    1.0000
...     2 G-C ...
   -0.1394   -1.2357    3.2268
    0.7529    0.6366    0.1670
   -0.6386    0.7680   -0.0486
   -0.1592   -0.0700    0.9848
...     3 T-A ...
   -0.0365   -3.2932    6.3751
    0.2722    0.9301    0.2466
   -0.9238    0.3243   -0.2033
   -0.2691   -0.1725    0.9475
...     4 G-C ...
   -0.3505   -4.1660    9.4928
   -0.3756    0.9250    0.0579
   -0.8781   -0.3352   -0.3415
   -0.2965   -0.1791    0.9381
...     5 A-T ...
   -0.4462   -4.1476   12.7498
   -0.8116    0.5840   -0.0165
   -0.5523   -0.7762   -0.3042
   -0.1905   -0.2378    0.9524
...     6 G-C ...
   -1.5908   -4.1730   15.6201
   -0.9976    0.0246   -0.0651
   -0.0043   -0.9555   -0.2950
   -0.0695   -0.2940    0.9533
...     7 C-G ...
   -1.1030   -4.4824   18.7362
   -0.8441   -0.5304   -0.0787
    0.5345   -0.8441   -0.0432
   -0.0435   -0.0785    0.9960
...     8 G-C ...
   -2.4028   -7.7290   23.1475
   -0.2754   -0.3293   -0.9032
    0.6650   -0.7437    0.0684
   -0.6942   -0.5818    0.4238
...     9 C-G ...
   -4.4690   -9.9728   24.1132
    0.1145   -0.7025   -0.7024
    0.8512   -0.2952    0.4340
   -0.5122   -0.6476    0.5642
...    10 T-A ...
   -6.7405  -10.8752   25.9697
    0.4841   -0.8363   -0.2574
    0.6595    0.1553    0.7355
   -0.5751   -0.5258    0.6267
...    11 C-G ...
   -9.1656  -12.6208   27.1640
    0.7073   -0.6682    0.2307
    0.3448    0.6110    0.7126
   -0.6171   -0.4245    0.6626
...    12 A-T ...
  -10.9234  -14.6633   29.0693
    0.7515   -0.1377    0.6452
   -0.2029    0.8824    0.4246
   -0.6277   -0.4500    0.6352
...    13 C-G ...
  -11.8476  -17.4863   31.2451
    0.4295    0.2823    0.8578
   -0.5708    0.8209    0.0156
   -0.6998   -0.4963    0.5137
...    14 A-T ...
  -13.5897  -19.7827   33.4259
   -0.1504    0.6104    0.7777
   -0.6874    0.5008   -0.5260
   -0.7106   -0.6136    0.3443
...    15 A-T ...
  -15.7313  -21.8941   34.6886
   -0.5464    0.7743    0.3191
   -0.4504    0.0496   -0.8915
   -0.7061   -0.6309    0.3216
...    16 T-A ...
  -17.8093  -23.8507   36.3533
   -0.7027    0.6846   -0.1937
   -0.0925   -0.3579   -0.9292
   -0.7055   -0.6350    0.3148
...    17 T-A ...
  -20.1068  -25.8122   37.5557
   -0.6188    0.3448   -0.7059
    0.3444   -0.6886   -0.6382
   -0.7061   -0.6380    0.3073
...    18 T-A ...
  -22.5087  -27.7202   38.6280
   -0.2917   -0.1207   -0.9489
    0.6423   -0.7598   -0.1008
   -0.7088   -0.6389    0.2992
...    19 A-T ...
  -24.6704  -30.1413   39.6040
    0.2069   -0.5566   -0.8046
    0.6685   -0.5201    0.5316
   -0.7143   -0.6479    0.2645
...    20 T-A ...
  -27.3718  -32.0142   39.9394
    0.5247   -0.7469   -0.4084
    0.4591   -0.1558    0.8746
   -0.7169   -0.6464    0.2611
...    21 T-A ...
  -29.7865  -34.1234   40.5290
    0.6819   -0.7053    0.1939
    0.0584    0.3168    0.9467
   -0.7291   -0.6342    0.2572
...    22 C-G ...
  -32.1344  -36.3240   41.3087
    0.5857   -0.3553    0.7285
   -0.3773    0.6760    0.6330
   -0.7174   -0.6456    0.2619
...    23 G-C ...
  -34.7179  -38.2183   42.4281
    0.3150    0.1651    0.9346
   -0.6631    0.7428    0.0923
   -0.6790   -0.6488    0.3435
...    24 C-G ...
  -36.6669  -40.6617   43.6345
   -0.0877    0.5816    0.8087
   -0.7260    0.5185   -0.4517
   -0.6821   -0.6267    0.3768
...    25 A-T ...
  -39.1479  -42.6546   44.7198
   -0.4369    0.8310    0.3444
   -0.5439    0.0609   -0.8369
   -0.7165   -0.5529    0.4254
...    26 A-T ...
  -41.3928  -44.3984   46.2931
   -0.6675    0.7127   -0.2157
   -0.1838   -0.4384   -0.8798
   -0.7216   -0.5476    0.4236
...    27 A-T ...
  -43.7614  -46.0151   47.8186
   -0.6432    0.3236   -0.6940
    0.2386   -0.7765   -0.5832
   -0.7276   -0.5407    0.4222
...    28 G-C ...
  -46.3632  -47.5485   49.2304
   -0.3600   -0.1251   -0.9245
    0.5365   -0.8385   -0.0955
   -0.7632   -0.5304    0.3690
...    29 G-C ...
  -49.1677  -49.1944   50.1958
    0.0606   -0.5407   -0.8391
    0.6172   -0.6404    0.4572
   -0.7845   -0.5455    0.2949
...    30 C-G ...
  -51.9968  -50.8984   50.7827
    0.4217   -0.7932   -0.4392
    0.4592   -0.2308    0.8578
   -0.7818   -0.5635    0.2669
...    31 C-G ...
  -54.6537  -52.9452   51.3676
    0.6535   -0.7486    0.1122
    0.1204    0.2490    0.9610
   -0.7473   -0.6145    0.2528
...    32 G-C ...
  -57.1542  -54.8743   52.6072
    0.6624   -0.4049    0.6303
   -0.2931    0.6342    0.7154
   -0.6894   -0.6587    0.3014
...    33 G-C ...
  -59.3692  -57.3062   53.4798
    0.4351    0.0773    0.8970
   -0.6163    0.7519    0.2342
   -0.6564   -0.6547    0.3748
...    34 C-G ...
  -61.2392  -59.7861   54.7103
    0.0508    0.5201    0.8526
   -0.7527    0.5810   -0.3096
   -0.6564   -0.6260    0.4210
...    35 C-G ...
  -63.2448  -61.9815   56.3324
   -0.3080    0.8163    0.4886
   -0.6649    0.1827   -0.7243
   -0.6805   -0.5480    0.4865
...    36 C-G ...
  -65.4448  -63.6814   58.2489
   -0.5539    0.8311   -0.0488
   -0.4035   -0.3193   -0.8575
   -0.7283   -0.4553    0.5122
...    37 G-C ...
  -68.1712  -65.1867   59.5954
   -0.5933    0.5460   -0.5914
   -0.0607   -0.7630   -0.6435
   -0.8027   -0.3459    0.4859
...    38 A-T ...
  -70.9196  -66.1886   61.1259
   -0.4868   -0.0207   -0.8733
    0.2857   -0.9485   -0.1367
   -0.8255   -0.3160    0.4676
...    39 C-G ...
  -73.9374  -66.6474   62.5002
   -0.2442   -0.5312   -0.8113
    0.4848   -0.7914    0.3723
   -0.8398   -0.3024    0.4508
...    40 A-T ...
  -76.5756  -67.9424   64.1106
    0.1372   -0.8885   -0.4378
    0.5086   -0.3161    0.8009
   -0.8500   -0.3326    0.4085
...    41 C-G ...
  -79.6727  -69.0378   64.8742
    0.3916   -0.9169    0.0764
    0.3484    0.2246    0.9100
   -0.8516   -0.3298    0.4074
...    42 G-C ...
  -82.4406  -69.9097   66.6284
    0.5829   -0.5815    0.5676
    0.0570    0.7261    0.6853
   -0.8106   -0.3671    0.4564
...    43 A-T ...
  -85.1784  -71.1402   68.0093
    0.5210   -0.0106    0.8535
   -0.2914    0.9377    0.1895
   -0.8023   -0.3474    0.4855
...    44 C-G ...
  -87.5471  -72.8362   69.5984
    0.3172    0.5106    0.7992
   -0.5215    0.7978   -0.3027
   -0.7921   -0.3207    0.5193
...    45 T-A ...
  -89.9720  -74.0094   71.5448
    0.0593    0.8878    0.4564
   -0.6226    0.3903   -0.6783
   -0.7803   -0.2440    0.5759
...    46 T-A ...
  -92.3846  -74.7701   73.5586
   -0.2706    0.9617   -0.0441
   -0.5546   -0.1932   -0.8094
   -0.7869   -0.1946    0.5856
...    47 A-T ...
  -95.1531  -75.2663   75.3876
   -0.4686    0.6673   -0.5789
   -0.3254   -0.7396   -0.5891
   -0.8213   -0.0877    0.5637
...    48 C-G ...
  -97.7579  -74.8950   77.4124
   -0.5463    0.1650   -0.8212
   -0.0533   -0.9853   -0.1625
   -0.8359   -0.0450    0.5470
...    49 T-A ...
 -100.6691  -74.7042   79.0355
   -0.4580   -0.4095   -0.7891
    0.2119   -0.9123    0.3505
   -0.8634   -0.0067    0.5045
...    50 G-C ...
 -103.4965  -75.1519   80.7851
   -0.2107   -0.8848   -0.4157
    0.4145   -0.4660    0.7817
   -0.8853   -0.0076    0.4650
...    51 T-A ...
 -106.7362  -75.0632   81.7696
    0.0411   -0.9946    0.0955
    0.4674    0.1036    0.8780
   -0.8831    0.0086    0.4691
...    52 A-T ...
 -109.4367  -74.4459   83.8716
    0.2688   -0.6335    0.7256
    0.3627    0.7644    0.5330
   -0.8923    0.1199    0.4352
...    53 G-C ...
 -112.4947  -74.2680   85.2283
    0.4739   -0.1053    0.8743
    0.1795    0.9835    0.0212
   -0.8621    0.1469    0.4850
...    54 G-C ...
 -115.5047  -73.9934   86.7888
    0.5814    0.4480    0.6792
   -0.0981    0.8673   -0.4880
   -0.8077    0.2171    0.5482
...    55 T-A ...
 -117.9427  -73.6883   88.9877
    0.4932    0.8250    0.2760
   -0.3882    0.4926   -0.7788
   -0.7785    0.2769    0.5632
...    56 A-T ...
 -120.3889  -72.5591   90.9770
    0.3111    0.8964   -0.3156
   -0.6359   -0.0504   -0.7701
   -0.7063    0.4403    0.5544
...    57 T-A ...
 -122.1714  -70.8994   93.1469
   -0.0270    0.7266   -0.6865
   -0.7206   -0.4901   -0.4904
   -0.6928    0.4815    0.5369
...    58 C-G ...
 -124.4216  -69.0861   94.6962
   -0.4225    0.2666   -0.8663
   -0.6006   -0.7982    0.0473
   -0.6788    0.5402    0.4973
...    59 T-A ...
 -126.6104  -66.9654   96.0482
   -0.6604   -0.2413   -0.7111
   -0.3133   -0.7721    0.5529
   -0.6825    0.5879    0.4343
...    60 C-G ...
 -128.9955  -65.0056   97.2719
   -0.7298   -0.6523   -0.2046
    0.1419   -0.4374    0.8880
   -0.6688    0.6190    0.4118
...    61 G-C ...
 -131.1445  -63.1291   99.1148
   -0.4875   -0.7893    0.3733
    0.5396    0.0638    0.8395
   -0.6864    0.6107    0.3948
...    62 A-T ...
 -133.4361  -61.0012  100.2636
   -0.0583   -0.5610    0.8258
    0.7466    0.5246    0.4091
   -0.6627    0.6404    0.3883
...    63 G-C ...
 -135.8355  -58.9932  101.4666
    0.3977   -0.1965    0.8962
    0.6779    0.7212   -0.1427
   -0.6183    0.6643    0.4201
...    64 C-G ...
 -138.1968  -57.0619  102.8521
    0.7464    0.2018    0.6341
    0.3581    0.6814   -0.6383
   -0.5609    0.7035    0.4364
...    65 T-A ...
 -140.0058  -54.8462  104.5377
    0.8772    0.4592    0.1404
   -0.0996    0.4601   -0.8822
   -0.4697    0.7599    0.4494
...    66 C-G ...
 -141.4587  -52.3303  106.0288
    0.6920    0.5664   -0.4475
   -0.6034    0.1135   -0.7894
   -0.3963    0.8163    0.4203
...    67 G-C ...
 -142.7314  -49.3501  107.0100
    0.3006    0.3791   -0.8752
   -0.9140   -0.1475   -0.3779
   -0.2724    0.9135    0.3022
...    68 G-C ...
 -143.2150  -46.0425  107.5681
   -0.2286    0.1358   -0.9640
   -0.9492   -0.2509    0.1897
   -0.2161    0.9584    0.1863
...    69 G-C ...
 -143.8362  -42.6882  107.5351
   -0.7102   -0.0933   -0.6978
   -0.6738   -0.1973    0.7121
   -0.2041    0.9759    0.0772
...    70 A-T ...
 -144.5979  -39.4407  107.5493
   -0.9794   -0.1752   -0.1009
   -0.0922   -0.0570    0.9941
   -0.1799    0.9829    0.0396
...    71 T-A ...
 -145.2463  -36.2112  106.9528
   -0.8836   -0.1224    0.4519
    0.4504    0.0412    0.8919
   -0.1278    0.9916    0.0187
...    72 C-G ...
 -145.6915  -32.9026  106.8804
   -0.4068   -0.0348    0.9129
    0.9087    0.0878    0.4082
   -0.0943    0.9955   -0.0041
...    73 C-G ...
 -146.1831  -29.5320  106.6560
    0.1966   -0.0254    0.9802
    0.9791    0.0592   -0.1948
   -0.0530    0.9979    0.0365
...    74 G-C ...
 -145.9771  -26.1500  106.2765
    0.7310   -0.0996    0.6751
    0.6788    0.0046   -0.7343
    0.0701    0.9950    0.0709
...    75 C-G ...
 -146.0274  -22.8686  106.8068
    0.9762   -0.1567    0.1497
    0.1567    0.0331   -0.9871
    0.1497    0.9871    0.0569
...    76 T-A ...
 -145.3289  -19.6670  107.2376
    0.8849   -0.2308   -0.4046
   -0.3853    0.1253   -0.9142
    0.2617    0.9649    0.0219
...    77 T-A ...
 -144.2873  -16.6207  107.3450
    0.4905   -0.1935   -0.8497
   -0.8109    0.2558   -0.5264
    0.3192    0.9472   -0.0315
...    78 T-A ...
 -143.0248  -13.6546  107.1660
   -0.0755   -0.0616   -0.9952
   -0.9337    0.3547    0.0489
    0.3500    0.9329   -0.0843
...    79 C-G ...
 -141.8481  -10.6541  106.5310
   -0.6286    0.1347   -0.7659
   -0.6823    0.3772    0.6263
    0.3732    0.9163   -0.1452
...    80 A-T ...
 -140.8643   -7.4911  106.0466
   -0.9279    0.2909   -0.2332
   -0.1494    0.2830    0.9474
    0.3416    0.9139   -0.2191
...    81 T-A ...
 -139.7734   -4.6765  104.6210
   -0.8482    0.4394    0.2957
    0.3670    0.0851    0.9263
    0.3818    0.8943   -0.2335
...    82 G-C ...
 -138.2725   -1.7277  104.1793
   -0.4435    0.3896    0.8072
    0.8148   -0.1999    0.5442
    0.3734    0.8990   -0.2288
...    83 T-A ...
 -137.5633    1.4119  103.1443
    0.0801    0.2201    0.9722
    0.9146   -0.4041    0.0161
    0.3964    0.8878   -0.2336
...    84 T-A ...
 -136.5035    4.3836  102.3191
    0.6172   -0.0461    0.7855
    0.6720   -0.4884   -0.5567
    0.4092    0.8714   -0.2705
...    85 A-T ...
 -134.9942    7.1485  101.1060
    0.8725   -0.3987    0.2825
    0.1303   -0.3674   -0.9209
    0.4710    0.8403   -0.2686
...    86 T-A ...
 -133.3718    9.9762  100.8572
    0.7981   -0.5618   -0.2177
   -0.3350   -0.1135   -0.9353
    0.5007    0.8195   -0.2788
...    87 A-T ...
 -131.4673   12.5342   99.8389
    0.3728   -0.6422   -0.6698
   -0.7087    0.2689   -0.6522
    0.5989    0.7179   -0.3549
...    88 A-T ...
 -129.3425   14.6739   98.6687
   -0.1282   -0.4004   -0.9073
   -0.7755    0.6107   -0.1600
    0.6182    0.6831   -0.3888
...    89 C-G ...
 -126.8860   16.3676   97.2055
   -0.5456   -0.0322   -0.8374
   -0.5603    0.7572    0.3359
    0.6233    0.6524   -0.4312
...    90 G-C ...
 -125.1872   18.8382   95.6053
   -0.8120    0.3716   -0.4500
   -0.0830    0.6897    0.7194
    0.5777    0.6215   -0.5292
...    91 G-C ...
 -123.4510   20.8622   93.4751
   -0.7346    0.6754    0.0654
    0.4201    0.3769    0.8255
    0.5329    0.6339   -0.5605
...    92 A-T ...
 -121.7234   22.9072   91.4994
   -0.3056    0.7727    0.5563
    0.7841   -0.1272    0.6074
    0.5401    0.6218   -0.5671
...    93 T-A ...
 -120.5271   25.0990   89.2962
    0.1753    0.6050    0.7767
    0.8175   -0.5290    0.2276
    0.5486    0.5950   -0.5874
...    94 A-T ...
 -118.2726   26.5256   87.1087
    0.7023    0.1081    0.7036
    0.4600   -0.8232   -0.3327
    0.5432    0.5574   -0.6279
...    95 A-T ...
 -116.5693   28.4889   85.1540
    0.8359   -0.4044    0.3711
   -0.0562   -0.7356   -0.6750
    0.5459    0.5434   -0.6377
...    96 C-G ...
 -114.5880   30.5936   83.5396
    0.6458   -0.7630   -0.0267
   -0.4986   -0.3951   -0.7716
    0.5782    0.5116   -0.6356
...    97 A-T ...
 -112.7267   32.1301   81.1843
    0.1556   -0.9032   -0.4001
   -0.7619    0.1481   -0.6306
    0.6288    0.4029   -0.6650
...    98 C-G ...
 -110.1788   33.0861   79.2831
   -0.3084   -0.6938   -0.6508
   -0.7091    0.6237   -0.3289
    0.6341    0.3601   -0.6843
...    99 T-A ...
 -107.9634   33.8935   76.9135
   -0.6872   -0.2509   -0.6818
   -0.3903    0.9190    0.0553
    0.6127    0.3041   -0.7295
...   100 T-A ...
 -105.9231   34.6161   74.4745
   -0.7717    0.3528   -0.5292
    0.1012    0.8896    0.4454
    0.6279    0.2902   -0.7222
...   101 T-A ...
 -103.9368   35.3084   71.9746
   -0.5330    0.8262   -0.1825
    0.5430    0.4994    0.6751
    0.6489    0.2607   -0.7148
...   102 A-T ...
 -101.2642   36.1605   69.9713
    0.0197    0.9593    0.2817
    0.7461   -0.2017    0.6345
    0.6655    0.1977   -0.7198
...   103 T-A ...
  -99.6002   37.0587   67.2410
    0.4249    0.7106    0.5608
    0.6161   -0.6809    0.3960
    0.6633    0.1773   -0.7271
...   104 G-C ...
  -97.1758   37.3705   64.9320
    0.6611    0.1405    0.7371
    0.2397   -0.9704   -0.0301
    0.7110    0.1966   -0.6752
...   105 C-G ...
  -94.8431   38.4150   62.7754
    0.6476   -0.4425    0.6204
   -0.1793   -0.8797   -0.4404
    0.7406    0.1740   -0.6490
...   106 T-A ...
  -92.2078   39.0984   60.8500
    0.3883   -0.8653    0.3169
   -0.4948   -0.4859   -0.7205
    0.7774    0.1229   -0.6168
...   107 T-A ...
  -89.5621   39.5167   59.0127
    0.0127   -0.9871   -0.1595
   -0.6267    0.1164   -0.7705
    0.7791    0.1097   -0.6172
...   108 C-G ...
  -86.9654   39.7096   56.9893
   -0.3976   -0.7170   -0.5726
   -0.4894    0.6935   -0.5287
    0.7762    0.0700   -0.6266
...   109 C-G ...
  -84.3751   39.5321   54.7953
   -0.6608   -0.2001   -0.7234
   -0.1462    0.9797   -0.1375
    0.7362    0.0149   -0.6766
...   110 G-C ...
  -82.0336   39.9487   52.3649
   -0.6818    0.4122   -0.6043
    0.3011    0.9111    0.2816
    0.6666    0.0100   -0.7453
...   111 G-C ...
  -79.9918   39.8211   49.6394
   -0.4312    0.8562   -0.2846
    0.6504    0.5136    0.5596
    0.6253    0.0562   -0.7784
...   112 C-G ...
  -78.2378   39.9185   46.7767
   -0.0058    0.9937    0.1118
    0.7839   -0.0649    0.6175
    0.6209    0.0912   -0.7786
...   113 T-A ...
  -76.3887   40.3964   44.0269
    0.3989    0.7828    0.4776
    0.6637   -0.6058    0.4387
    0.6328    0.1420   -0.7612
...   114 C-G ...
  -74.3224   40.9248   41.5004
    0.7009    0.2442    0.6702
    0.2833   -0.9576    0.0527
    0.6546    0.1529   -0.7403
...   115 G-C ...
  -71.9739   41.0058   39.0373
    0.6585   -0.3769    0.6514
   -0.1583   -0.9156   -0.3697
    0.7358    0.1403   -0.6626
...   116 T-A ...
  -69.3130   41.8927   37.2495
    0.4422   -0.8191    0.3654
   -0.4853   -0.5611   -0.6705
    0.7543    0.1192   -0.6456
...   117 A-T ...
  -67.0341   42.1166   34.7207
    0.0145   -0.9873   -0.1581
   -0.6479    0.1112   -0.7536
    0.7616    0.1134   -0.6380
...   118 T-A ...
  -64.1406   42.2096   33.1168
   -0.3214   -0.7803   -0.5365
   -0.5568    0.6140   -0.5594
    0.7659    0.1189   -0.6318
...   119 A-T ...
  -61.7576   43.0562   30.8043
   -0.5842   -0.1666   -0.7943
   -0.2047    0.9773   -0.0545
    0.7854    0.1308   -0.6051
...   120 A-T ...
  -59.1806   43.2108   28.8035
   -0.5658    0.4556   -0.6872
    0.1762    0.8810    0.4391
    0.8055    0.1273   -0.5787
...   121 T-A ...
  -56.7715   43.1082   26.5245
   -0.3777    0.8532   -0.3597
    0.4412    0.5074    0.7402
    0.8141    0.1209   -0.5680
...   122 G-C ...
  -53.9363   43.6742   24.8100
   -0.1081    0.9733    0.2026
    0.5892   -0.1014    0.8016
    0.8007    0.2060   -0.5625
...   123 T-A ...
  -51.6852   44.5880   22.5271
    0.1998    0.7540    0.6258
    0.5502   -0.6148    0.5651
    0.8108    0.2314   -0.5377
...   124 G-C ...
  -48.7910   45.2606   20.9447
    0.3938    0.2180    0.8930
    0.3491   -0.9342    0.0741
    0.8503    0.2825   -0.4440
...   125 T-A ...
  -46.1299   46.7702   19.6797
    0.4825   -0.3337    0.8098
    0.0907   -0.9006   -0.4252
    0.8712    0.2786   -0.4042
...   126 C-G ...
  -43.1883   47.6583   18.4986
    0.4062   -0.8212    0.4007
   -0.1957   -0.5066   -0.8397
    0.8926    0.2626   -0.3665
...   127 G-C ...
  -40.1861   48.1273   16.9611
    0.1354   -0.9812   -0.1375
   -0.3356    0.0852   -0.9382
    0.9322    0.1731   -0.3177
...   128 A-T ...
  -37.0511   48.5566   15.9598
   -0.1049   -0.7200   -0.6860
   -0.3276    0.6763   -0.6598
    0.9390    0.1556   -0.3068
...   129 C-G ...
  -33.7716   48.4775   15.1888
   -0.2681   -0.2268   -0.9363
   -0.2064    0.9628   -0.1742
    0.9410    0.1465   -0.3050
...   130 C-G ...
  -30.5739   48.7006   14.0271
   -0.3843    0.3611   -0.8496
   -0.0041    0.9196    0.3928
    0.9232    0.1545   -0.3519
...   131 A-T ...
  -27.4416   49.4413   13.0718
   -0.3699    0.8328   -0.4118
    0.2271    0.5109    0.8291
    0.9009    0.2131   -0.3781
...   132 A-T ...
  -24.5755   50.0396   11.6458
   -0.1611    0.9742    0.1582
    0.3839   -0.0858    0.9194
    0.9092    0.2089   -0.3602
...   133 A-T ...
  -21.7096   50.7880   10.3157
    0.0743    0.7340    0.6751
    0.3992   -0.6423    0.6543
    0.9138    0.2209   -0.3408
...   134 T-A ...
  -19.0084   52.0403    8.9384
    0.2450    0.2904    0.9250
    0.3072   -0.9282    0.2101
    0.9196    0.2327   -0.3166
...   135 G-C ...
  -16.4570   53.8981    7.5290
    0.5336   -0.3334    0.7773
    0.0348   -0.9096   -0.4140
    0.8450    0.2479   -0.4738
...   136 T-A ...
  -14.1681   56.5699    6.1949
    0.5795   -0.7269    0.3684
   -0.3140   -0.6163   -0.7222
    0.7521    0.3028   -0.5854
...   137 G-C ...
  -11.6469   58.0147    4.7337
    0.2454   -0.9541   -0.1717
   -0.6318   -0.0231   -0.7748
    0.7352    0.2986   -0.6085
...   138 A-T ...
   -8.6698   58.7290    3.6170
   -0.0344   -0.7815   -0.6230
   -0.6534    0.4892   -0.5777
    0.7562    0.3872   -0.5274
...   139 G-C ...
   -6.3211   59.0880    1.6441
   -0.2967   -0.3277   -0.8970
   -0.5657    0.8170   -0.1114
    0.7694    0.4744   -0.4278
...   140 C-G ...
   -3.4296   60.2438    1.0435
   -0.4424    0.2288   -0.8671
   -0.1682    0.9286    0.3309
    0.8809    0.2922   -0.3723
...   141 G-C ...
   -0.6894   63.9064   -2.2356
   -0.9992    0.0156   -0.0375
   -0.0024    0.8991    0.4378
    0.0405    0.4375   -0.8983
...   142 C-G ...
   -0.9980   65.6138   -4.9249
   -0.8337    0.5217    0.1810
    0.5169    0.6220    0.5881
    0.1942    0.5839   -0.7882
...   143 T-A ...
   -0.1245   66.2251   -7.8041
   -0.3751    0.8568    0.3538
    0.8856    0.2185    0.4098
    0.2739    0.4670   -0.8408
...   144 C-G ...
   -0.1580   67.4198  -10.7921
    0.1799    0.8792    0.4411
    0.9276   -0.3009    0.2214
    0.3274    0.3694   -0.8697
...   145 A-T ...
    0.5352   69.2488  -13.4513
    0.7352    0.4961    0.4620
    0.6117   -0.7791   -0.1369
    0.2921    0.3832   -0.8763
...   146 C-G ...
    1.4421   72.1065  -15.5858
    0.9808    0.0622    0.1849
    0.1266   -0.9240   -0.3608
    0.1484    0.3773   -0.9141
...   147 A-T ...
    2.3150   74.2411  -18.3714
    0.8657   -0.4292   -0.2574
   -0.4984   -0.7868   -0.3642
   -0.0462    0.4436   -0.8950
