  147 base-pairs
...     1 A-T ...
    0.0000    0.0000    0.0000
    1.0000    0.0000    0.0000
    0.0000    1.0000    0.0000
    0.0000    0.0000    1.0000
...     2 G-C ...
   -0.1394   -1.2357    3.2268
    0.7529    0.6366    0.1670
   -0.6386    0.7680   -0.0486
   -0.1592   -0.0700    0.9848
...     3 T-A ...
   -0.0365   -3.2932    6.3751
    0.2722    0.9301    0.2466
   -0.9238    0.3243   -0.2033
   -0.2691   -0.1725    0.9475
...     4 G-C ...
   -0.3505   -4.1660    9.4928
   -0.3756    0.9250    0.0579
   -0.8781   -0.3352   -0.3415
   -0.2965   -0.1791    0.9381
...     5 A-T ...
   -0.4462   -4.1476   12.7498
   -0.8116    0.5840   -0.0165
   -0.5523   -0.7762   -0.3042
   -0.1905   -0.2378    0.9524
...     6 G-C ...
   -1.5908   -4.1730   15.6201
   -0.9976    0.0246   -0.0651
   -0.0043   -0.9555   -0.2950
   -0.0695   -0.2940    0.9533
...     7 C-G ...
   -1.1030   -4.4824   18.7362
   -0.8441   -0.5304   -0.0787
    0.5345   -0.8441   -0.0432
   -0.0435   -0.0785    0.9960
...     8 G-C ...
   -2.4028   -7.7290   23.1475
   -0.2754   -0.3293   -0.9032
    0.6650   -0.7437    0.0684
   -0.6942   -0.5818    0.4238
...     9 C-G ...
   -4.4690   -9.9728   24.1132
    0.1145   -0.7025   -0.7024
    0.8512   -0.2952    0.4340
   -0.5122   -0.6476    0.5642
...    10 T-A ...
   -6.7405  -10.8752   25.9697
    0.4841   -0.8363   -0.2574
    0.6595    0.1553    0.7355
   -0.5751   -0.5258    0.6267
...    11 C-G ...
   -9.1656  -12.6208   27.1640
    0.7073   -0.6682    0.2307
    0.3448    0.6110    0.7126
   -0.6171   -0.4245    0.6626
...    12 A-T ...
  -10.9234  -14.6633   29.0693
    0.7515   -0.1377    0.6452
   -0.2029    0.8824    0.4246
   -0.6277   -0.4500    0.6352
...    13 C-G ...
  -11.8476  -17.4863   31.2451
    0.4295    0.2823    0.8578
   -0.5708    0.8209    0.0156
   -0.6998   -0.4963    0.5137
...    14 A-T ...
  -13.5897  -19.7827   33.4259
   -0.1504    0.6104    0.7777
   -0.6874    0.5008   -0.5260
   -0.7106   -0.6136    0.3443
...    15 A-T ...
  -15.8241  -21.8451   34.5602
   -0.5253    0.7932    0.3080
   -0.4494    0.0487   -0.8920
   -0.7225   -0.6070    0.3309
...    16 T-A ...
  -17.9601  -23.7972   36.3373
   -0.7139    0.6635   -0.2240
   -0.0697   -0.3856   -0.9200
   -0.6968   -0.6412    0.3215
...    17 T-A ...
  -20.2489  -25.7226   37.7070
   -0.6358    0.2798   -0.7194
    0.3832   -0.6946   -0.6089
   -0.6700   -0.6628    0.3343
...    18 T-A ...
  -22.5454  -27.7596   38.8191
   -0.2787   -0.1590   -0.9471
    0.6786   -0.7304   -0.0771
   -0.6796   -0.6642    0.3115
...    19 A-T ...
  -24.6375  -30.2590   39.8655
    0.2344   -0.5819   -0.7787
    0.6922   -0.4626    0.5540
   -0.6826   -0.6689    0.2944
...    20 T-A ...
  -27.2933  -32.2161   40.3298
    0.5577   -0.7514   -0.3527
    0.4613   -0.0728    0.8843
   -0.6901   -0.6559    0.3060
...    21 T-A ...
  -29.6153  -34.3910   41.0520
    0.7002   -0.6648    0.2602
    0.0229    0.3853    0.9225
   -0.7135   -0.6400    0.2851
...    22 C-G ...
  -31.9310  -36.5454   42.0046
    0.5842   -0.2847    0.7600
   -0.4163    0.6987    0.5818
   -0.6967   -0.6563    0.2897
...    23 G-C ...
  -34.5162  -38.2980   43.3207
    0.3451    0.2499    0.9047
   -0.6910    0.7200    0.0647
   -0.6352   -0.6474    0.4211
...    24 C-G ...
  -36.3117  -40.6939   44.6958
   -0.0358    0.6300    0.7758
   -0.7642    0.4829   -0.4275
   -0.6440   -0.6082    0.4642
...    25 A-T ...
  -38.8310  -42.6264   45.7751
   -0.4409    0.8346    0.3303
   -0.5870    0.0103   -0.8095
   -0.6790   -0.5508    0.4854
...    26 A-T ...
  -41.0352  -44.3583   47.4805
   -0.6897    0.6919   -0.2133
   -0.2234   -0.4836   -0.8463
   -0.6888   -0.5361    0.4881
...    27 A-T ...
  -43.2229  -45.9142   49.3351
   -0.6933    0.2706   -0.6680
    0.2306   -0.7948   -0.5613
   -0.6828   -0.5432    0.4886
...    28 G-C ...
  -45.7798  -47.3347   51.0435
   -0.4155   -0.1781   -0.8920
    0.5541   -0.8273   -0.0929
   -0.7214   -0.5328    0.4424
...    29 G-C ...
  -48.5273  -49.0005   52.3162
    0.0332   -0.6009   -0.7987
    0.6730   -0.5774    0.4624
   -0.7389   -0.5528    0.3852
...    30 C-G ...
  -51.1448  -50.8157   53.1803
    0.4379   -0.8028   -0.4048
    0.5128   -0.1468    0.8458
   -0.7384   -0.5779    0.3474
...    31 C-G ...
  -53.8015  -52.6893   54.1295
    0.6902   -0.7116    0.1311
    0.1619    0.3285    0.9305
   -0.7053   -0.6210    0.3419
...    32 G-C ...
  -55.9335  -54.4794   55.5133
    0.7300   -0.3695    0.5750
   -0.2409    0.6482    0.7223
   -0.6396   -0.6658    0.3842
...    33 G-C ...
  -57.8211  -56.9300   56.8619
    0.5042    0.1100    0.8565
   -0.6172    0.7396    0.2684
   -0.6040   -0.6640    0.4408
...    34 C-G ...
  -59.5606  -59.3867   58.2201
    0.1025    0.5491    0.8295
   -0.7905    0.5511   -0.2672
   -0.6039   -0.6283    0.4905
...    35 C-G ...
  -61.3431  -61.4485   60.2715
   -0.3053    0.8175    0.4883
   -0.7201    0.1373   -0.6801
   -0.6231   -0.5593    0.5468
...    36 C-G ...
  -63.3565  -63.1643   62.3576
   -0.6204    0.7838   -0.0272
   -0.4475   -0.3823   -0.8084
   -0.6440   -0.4894    0.5880
...    37 G-C ...
  -65.6587  -65.3289   63.6515
   -0.7124    0.4638   -0.5267
   -0.0278   -0.7686   -0.6392
   -0.7012   -0.4407    0.5604
...    38 A-T ...
  -67.9207  -66.6800   65.4622
   -0.5870   -0.0892   -0.8047
    0.4001   -0.8960   -0.1926
   -0.7038   -0.4351    0.5616
...    39 C-G ...
  -70.5497  -67.6832   67.0390
   -0.2615   -0.5406   -0.7996
    0.6323   -0.7219    0.2813
   -0.7292   -0.4320    0.5306
...    40 A-T ...
  -73.0444  -69.3062   68.6668
    0.2067   -0.8536   -0.4782
    0.6512   -0.2447    0.7183
   -0.7302   -0.4599    0.5053
...    41 C-G ...
  -75.6730  -71.0307   69.8510
    0.5303   -0.8474   -0.0278
    0.4358    0.2443    0.8662
   -0.7272   -0.4714    0.4989
...    42 G-C ...
  -77.9285  -72.3127   71.9217
    0.7154   -0.5047    0.4832
    0.0330    0.7152    0.6982
   -0.6979   -0.4835    0.5283
...    43 A-T ...
  -80.2845  -73.7885   73.4516
    0.6008    0.0225    0.7991
   -0.3730    0.8920    0.2553
   -0.7070   -0.4514    0.5443
...    44 C-G ...
  -82.2682  -75.8325   75.1156
    0.3504    0.5273    0.7741
   -0.6458    0.7346   -0.2081
   -0.6784   -0.4270    0.5979
...    45 T-A ...
  -84.2340  -77.5330   77.5623
   -0.0259    0.8977    0.4399
   -0.7326    0.2824   -0.6193
   -0.6801   -0.3383    0.6504
...    46 T-A ...
  -86.3529  -78.5109   79.7144
   -0.3678    0.9299    0.0034
   -0.6169   -0.2413   -0.7491
   -0.6958   -0.2776    0.6624
...    47 A-T ...
  -88.7833  -79.1566   81.8788
   -0.5670    0.6488   -0.5075
   -0.3332   -0.7441   -0.5790
   -0.7533   -0.1592    0.6381
...    48 C-G ...
  -91.2401  -78.9341   84.1219
   -0.6312    0.1506   -0.7609
   -0.0090   -0.9823   -0.1869
   -0.7756   -0.1111    0.6214
...    49 T-A ...
  -93.9894  -78.7759   86.0826
   -0.4843   -0.3950   -0.7807
    0.2790   -0.9154    0.2901
   -0.8292   -0.0773    0.5535
...    50 G-C ...
  -96.7937  -79.2517   87.8584
   -0.1730   -0.8585   -0.4827
    0.4852   -0.5008    0.7167
   -0.8571   -0.1102    0.5032
...    51 T-A ...
  -99.7942  -79.6208   88.9977
    0.1075   -0.9942    0.0057
    0.4949    0.0585    0.8670
   -0.8623   -0.0904    0.4983
...    52 A-T ...
 -102.8515  -79.9763   90.4395
    0.3922   -0.7398    0.5467
    0.3330    0.6681    0.6654
   -0.8575   -0.0789    0.5084
...    53 T-A ...
 -105.7992  -80.7802   91.6775
    0.4906   -0.2652    0.8300
    0.0910    0.9629    0.2539
   -0.8666   -0.0490    0.4966
...    54 C-G ...
 -108.7225  -80.9689   93.1585
    0.4915    0.3959    0.7757
   -0.2005    0.9182   -0.3416
   -0.8475    0.0124    0.5307
...    55 A-T ...
 -111.8085  -80.8331   94.6221
    0.3995    0.8444    0.3568
   -0.4565    0.5208   -0.7214
   -0.7950    0.1253    0.5936
...    56 T-A ...
 -114.0843  -80.4609   96.9194
    0.1756    0.9784   -0.1095
   -0.6116    0.0213   -0.7909
   -0.7714    0.2058    0.6021
...    57 G-C ...
 -116.7345  -79.4387   98.9638
   -0.1188    0.7526   -0.6477
   -0.6422   -0.5557   -0.5279
   -0.7572    0.3532    0.5494
...    58 T-A ...
 -118.8919  -77.7098  100.9030
   -0.4405    0.3171   -0.8399
   -0.4991   -0.8641   -0.0645
   -0.7462    0.3908    0.5389
...    59 T-A ...
 -121.2124  -76.2286  102.5659
   -0.6676   -0.2366   -0.7059
   -0.1741   -0.8723    0.4570
   -0.7239    0.4280    0.5412
...    60 A-T ...
 -123.6605  -74.9543  104.7452
   -0.6681   -0.7347   -0.1178
    0.3590   -0.4570    0.8138
   -0.6517    0.5014    0.5691
...    61 T-A ...
 -126.0966  -73.1073  105.9963
   -0.4167   -0.8358    0.3576
    0.6622   -0.0095    0.7493
   -0.6228    0.5490    0.5574
...    62 A-T ...
 -127.9220  -70.8231  107.9842
    0.1155   -0.5145    0.8497
    0.8000    0.5553    0.2275
   -0.5888    0.6534    0.4757
...    63 A-T ...
 -129.9510  -68.7633  109.4377
    0.5512   -0.0648    0.8319
    0.6075    0.7146   -0.3469
   -0.5720    0.6966    0.4332
...    64 C-G ...
 -132.2062  -66.8594  111.1195
    0.8117    0.3291    0.4825
    0.2103    0.6061   -0.7671
   -0.5449    0.7241    0.4227
...    65 G-C ...
 -133.7338  -64.1721  112.1779
    0.8842    0.4583   -0.0908
   -0.2619    0.3254   -0.9086
   -0.3869    0.8271    0.4077
...    66 G-C ...
 -134.4736  -61.2422  113.4525
    0.6570    0.4366   -0.6146
   -0.7116    0.0901   -0.6968
   -0.2488    0.8951    0.3699
...    67 A-T ...
 -135.1740  -58.2223  114.4002
    0.1231    0.3483   -0.9293
   -0.9736   -0.1389   -0.1811
   -0.1922    0.9270    0.3220
...    68 G-C ...
 -135.4138  -55.1052  115.3201
   -0.3824    0.1529   -0.9112
   -0.9071   -0.2496    0.3388
   -0.1756    0.9562    0.2341
...    69 G-C ...
 -135.5868  -51.4755  115.4250
   -0.8223   -0.0845   -0.5627
   -0.5341   -0.2268    0.8145
   -0.1964    0.9703    0.1414
...    70 T-A ...
 -136.2206  -48.2204  115.2741
   -0.9847   -0.1708   -0.0354
   -0.0157   -0.1153    0.9932
   -0.1737    0.9785    0.1109
...    71 A-T ...
 -136.8796  -44.9062  115.3305
   -0.7850   -0.1712    0.5953
    0.6004    0.0262    0.7993
   -0.1525    0.9849    0.0823
...    72 T-A ...
 -137.8661  -41.7458  114.9930
   -0.3391   -0.0666    0.9384
    0.9346    0.0900    0.3441
   -0.1073    0.9937    0.0317
...    73 C-G ...
 -138.4696  -38.4295  115.1136
    0.3348    0.0226    0.9420
    0.9392    0.0735   -0.3355
   -0.0768    0.9970    0.0034
...    74 T-A ...
 -138.8520  -35.0883  115.3996
    0.7975   -0.0000    0.6034
    0.6029    0.0387   -0.7969
   -0.0233    0.9992    0.0309
...    75 C-G ...
 -139.0352  -31.6843  115.4587
    0.9995   -0.0295    0.0072
    0.0075    0.0105   -0.9999
    0.0294    0.9995    0.0108
...    76 G-C ...
 -138.7437  -28.3758  114.8277
    0.8197   -0.2733   -0.5034
   -0.5084    0.0577   -0.8592
    0.2639    0.9602   -0.0917
...    77 A-T ...
 -137.9212  -25.1932  114.3807
    0.3490   -0.2722   -0.8967
   -0.8900    0.2032   -0.4081
    0.2933    0.9405   -0.1714
...    78 G-C ...
 -136.5913  -22.2425  113.5417
   -0.2046   -0.2051   -0.9571
   -0.9249    0.3606    0.1205
    0.3205    0.9099   -0.2635
...    79 C-G ...
 -135.1495  -19.4137  112.2395
   -0.7204    0.0170   -0.6933
   -0.6134    0.4507    0.6485
    0.3235    0.8925   -0.3143
...    80 T-A ...
 -134.0552  -16.5473  110.9998
   -0.9407    0.2615   -0.2162
   -0.0935    0.4128    0.9060
    0.3261    0.8725   -0.3639
...    81 C-G ...
 -133.1184  -13.5328  110.0041
   -0.7879    0.4783    0.3878
    0.5271    0.1983    0.8263
    0.3183    0.8555   -0.4083
...    82 G-C ...
 -131.2108  -10.5063  109.5102
   -0.3136    0.4953    0.8101
    0.9012   -0.1134    0.4183
    0.2990    0.8613   -0.4108
...    83 G-C ...
 -130.2413   -7.6625  107.9113
    0.2595    0.2908    0.9209
    0.8958   -0.4289   -0.1170
    0.3609    0.8553   -0.3718
...    84 G-C ...
 -129.1987   -4.7339  106.6404
    0.6752   -0.0829    0.7330
    0.5985   -0.5192   -0.6101
    0.4311    0.8506   -0.3009
...    85 A-T ...
 -127.8810   -1.7765  105.7828
    0.8832   -0.4114    0.2252
    0.0623   -0.3730   -0.9257
    0.4649    0.8316   -0.3038
...    86 T-A ...
 -126.2116    1.0336  105.3866
    0.7629   -0.5816   -0.2822
   -0.4094   -0.0968   -0.9072
    0.5003    0.8077   -0.3119
...    87 C-G ...
 -124.3126    3.5941  104.4532
    0.3420   -0.5645   -0.7512
   -0.7729    0.2857   -0.5665
    0.5345    0.7744   -0.3386
...    88 C-G ...
 -122.3908    5.9894  103.2664
   -0.1906   -0.4144   -0.8899
   -0.8178    0.5684   -0.0895
    0.5430    0.7107   -0.4473
...    89 G-C ...
 -120.9855    8.5278  101.5882
   -0.6854   -0.0936   -0.7222
   -0.5277    0.7473    0.4039
    0.5019    0.6579   -0.5615
...    90 C-G ...
 -119.2744   10.3969   99.1985
   -0.8677    0.3572   -0.3457
   -0.0120    0.6802    0.7329
    0.4969    0.6401   -0.5859
...    91 T-A ...
 -117.9737   12.5024   96.7120
   -0.7035    0.6956    0.1455
    0.5294    0.3764    0.7603
    0.4741    0.6119   -0.6331
...    92 T-A ...
 -116.6562   14.3950   94.3739
   -0.2088    0.8204    0.5323
    0.8437   -0.1242    0.5223
    0.4946    0.5581   -0.6662
...    93 T-A ...
 -115.2922   16.2308   91.9994
    0.3548    0.6091    0.7093
    0.7915   -0.5995    0.1189
    0.4976    0.5192   -0.6948
...    94 A-T ...
 -113.2475   17.2718   89.4797
    0.7864    0.1024    0.6092
    0.3750   -0.8629   -0.3389
    0.4909    0.4950   -0.7170
...    95 A-T ...
 -111.6870   18.9908   87.2651
    0.8521   -0.4262    0.3038
   -0.1623   -0.7670   -0.6208
    0.4976    0.4797   -0.7227
...    96 C-G ...
 -109.7867   20.9474   85.2571
    0.6111   -0.7871   -0.0844
   -0.6126   -0.4027   -0.6801
    0.5013    0.4673   -0.7282
...    97 A-T ...
 -107.9969   22.3258   82.7206
    0.0749   -0.9077   -0.4128
   -0.8451    0.1619   -0.5095
    0.5293    0.3870   -0.7550
...    98 C-G ...
 -105.7397   23.0977   80.3325
   -0.4103   -0.6851   -0.6019
   -0.7391    0.6365   -0.2205
    0.5342    0.3544   -0.7675
...    99 T-A ...
 -103.5333   23.7517   77.5503
   -0.7948   -0.1911   -0.5760
   -0.3396    0.9267    0.1611
    0.5030    0.3237   -0.8014
...   100 T-A ...
 -101.8616   24.4684   74.8214
   -0.8163    0.4177   -0.3990
    0.2082    0.8570    0.4714
    0.5388    0.3018   -0.7865
...   101 T-A ...
 -100.1727   25.2100   72.0970
   -0.5169    0.8533   -0.0684
    0.6449    0.4407    0.6244
    0.5629    0.2786   -0.7781
...   102 A-T ...
  -97.9317   26.1114   69.5897
    0.0947    0.9363    0.3383
    0.8085   -0.2706    0.5225
    0.5808    0.2241   -0.7826
...   103 T-A ...
  -96.6235   27.1804   66.7998
    0.4627    0.6756    0.5739
    0.6589   -0.6952    0.2872
    0.5931    0.2453   -0.7669
...   104 G-C ...
  -94.6639   28.2658   64.3402
    0.7093    0.0834    0.6999
    0.2587   -0.9545   -0.1484
    0.6557    0.2864   -0.6986
...   105 C-G ...
  -92.3578   29.5087   62.3336
    0.6992   -0.4791    0.5306
   -0.1884   -0.8394   -0.5097
    0.6896    0.2564   -0.6772
...   106 T-A ...
  -89.6823   30.5567   60.3692
    0.4350   -0.8873    0.1536
   -0.5350   -0.3918   -0.7485
    0.7243    0.2434   -0.6451
...   107 T-A ...
  -87.1828   31.2685   58.4799
    0.0187   -0.9622   -0.2719
   -0.6674    0.1905   -0.7200
    0.7445    0.1949   -0.6386
...   108 C-G ...
  -84.5767   31.6781   56.3930
   -0.4115   -0.6542   -0.6346
   -0.5289    0.7384   -0.4183
    0.7423    0.1635   -0.6499
...   109 C-G ...
  -82.1453   31.9850   54.1657
   -0.6995   -0.1585   -0.6968
   -0.2001    0.9795   -0.0219
    0.6860    0.1241   -0.7169
...   110 G-C ...
  -80.1654   32.7217   51.8666
   -0.7560    0.3807   -0.5324
    0.2275    0.9155    0.3317
    0.6137    0.1297   -0.7788
...   111 G-C ...
  -78.4207   33.1611   48.9985
   -0.5250    0.8268   -0.2018
    0.6292    0.5367    0.5622
    0.5732    0.1682   -0.8020
...   112 C-G ...
  -76.9916   33.6786   45.9980
   -0.0970    0.9773    0.1886
    0.8180   -0.0296    0.5744
    0.5670    0.2100   -0.7965
...   113 T-A ...
  -75.2701   34.4257   43.2388
    0.3388    0.7907    0.5099
    0.7461   -0.5560    0.3663
    0.5731    0.2563   -0.7784
...   114 C-G ...
  -73.2532   35.2394   40.6935
    0.7037    0.2836    0.6514
    0.4022   -0.9148   -0.0363
    0.5856    0.2875   -0.7579
...   115 G-C ...
  -71.1268   35.6704   38.1230
    0.7520   -0.3521    0.5572
   -0.0907   -0.8926   -0.4416
    0.6529    0.2816   -0.7032
...   116 T-A ...
  -68.5482   36.9389   36.3807
    0.5456   -0.7987    0.2538
   -0.4830   -0.5471   -0.6837
    0.6849    0.2504   -0.6843
...   117 A-T ...
  -65.9073   37.7645   34.3720
    0.1040   -0.9789   -0.1762
   -0.6901    0.0565   -0.7215
    0.7162    0.1966   -0.6696
...   118 T-A ...
  -63.1079   38.1630   32.6833
   -0.2601   -0.7980   -0.5437
   -0.6391    0.5644   -0.5225
    0.7238    0.2116   -0.6568
...   119 A-T ...
  -60.7185   39.2340   30.3791
   -0.5798   -0.1744   -0.7959
   -0.2954    0.9554    0.0059
    0.7593    0.2385   -0.6055
...   120 A-T ...
  -58.1901   39.6616   28.3674
   -0.6303    0.4218   -0.6518
    0.0921    0.8743    0.4766
    0.7709    0.2404   -0.5899
...   121 T-A ...
  -55.8216   39.9494   26.0049
   -0.4688    0.8297   -0.3029
    0.4075    0.5074    0.7593
    0.7837    0.2325   -0.5760
...   122 G-C ...
  -53.1493   40.7359   23.9080
   -0.1732    0.9463    0.2730
    0.6015   -0.1178    0.7901
    0.7799    0.3011   -0.5488
...   123 T-A ...
  -50.8847   41.8431   21.7679
    0.1481    0.7336    0.6633
    0.5892   -0.6041    0.5365
    0.7943    0.3114   -0.5217
...   124 G-C ...
  -48.1837   42.9586   20.0350
    0.3915    0.1983    0.8986
    0.4088   -0.9123    0.0232
    0.8244    0.3583   -0.4382
...   125 T-A ...
  -45.7305   44.5224   18.7225
    0.4954   -0.3393    0.7997
    0.1546   -0.8714   -0.4655
    0.8548    0.3543   -0.3793
...   126 C-G ...
  -42.9285   45.6014   17.6911
    0.4909   -0.7910    0.3652
   -0.1453   -0.4876   -0.8609
    0.8590    0.3696   -0.3543
...   127 G-C ...
  -40.1018   46.3720   15.9950
    0.2181   -0.9658   -0.1404
   -0.3169    0.0660   -0.9462
    0.9230    0.2509   -0.2916
...   128 A-T ...
  -37.1107   47.1322   15.1105
   -0.0073   -0.7249   -0.6889
   -0.3788    0.6395   -0.6689
    0.9254    0.2561   -0.2793
...   129 C-G ...
  -33.8237   47.3219   14.6142
   -0.2371   -0.2644   -0.9348
   -0.3035    0.9343   -0.1872
    0.9229    0.2393   -0.3018
...   130 C-G ...
  -30.6657   47.7424   13.3635
   -0.4286    0.2854   -0.8572
   -0.0918    0.9301    0.3555
    0.8988    0.2311   -0.3725
...   131 A-T ...
  -27.5350   49.1501   12.9898
   -0.3936    0.8123   -0.4303
    0.1726    0.5251    0.8334
    0.9029    0.2538   -0.3469
...   132 A-T ...
  -24.6056   49.9373   11.7186
   -0.2151    0.9655    0.1468
    0.3617   -0.0609    0.9303
    0.9071    0.2532   -0.3362
...   133 A-T ...
  -21.7877   50.8427   10.2921
    0.0667    0.7450    0.6637
    0.3988   -0.6296    0.6667
    0.9146    0.2202   -0.3391
...   134 T-A ...
  -19.0083   52.0402    8.9384
    0.2450    0.2904    0.9250
    0.3072   -0.9282    0.2101
    0.9196    0.2327   -0.3166
...   135 G-C ...
  -16.4569   53.8980    7.5291
    0.5336   -0.3334    0.7773
    0.0348   -0.9096   -0.4140
    0.8450    0.2479   -0.4738
...   136 T-A ...
  -14.1681   56.5698    6.1949
    0.5795   -0.7269    0.3684
   -0.3140   -0.6163   -0.7222
    0.7521    0.3028   -0.5854
...   137 G-C ...
  -11.6469   58.0146    4.7337
    0.2454   -0.9541   -0.1717
   -0.6318   -0.0231   -0.7748
    0.7352    0.2986   -0.6085
...   138 A-T ...
   -8.6698   58.7289    3.6171
   -0.0344   -0.7815   -0.6230
   -0.6534    0.4892   -0.5777
    0.7562    0.3872   -0.5274
...   139 G-C ...
   -6.3211   59.0879    1.6441
   -0.2967   -0.3277   -0.8970
   -0.5657    0.8170   -0.1114
    0.7694    0.4744   -0.4278
...   140 C-G ...
   -3.4296   60.2437    1.0435
   -0.4424    0.2288   -0.8671
   -0.1682    0.9286    0.3309
    0.8809    0.2922   -0.3723
...   141 G-C ...
   -0.6893   63.9062   -2.2356
   -0.9992    0.0156   -0.0375
   -0.0024    0.8991    0.4378
    0.0405    0.4375   -0.8983
...   142 C-G ...
   -0.9979   65.6137   -4.9249
   -0.8337    0.5217    0.1810
    0.5169    0.6220    0.5881
    0.1942    0.5839   -0.7882
...   143 T-A ...
   -0.1244   66.2250   -7.8041
   -0.3751    0.8568    0.3538
    0.8856    0.2185    0.4098
    0.2739    0.4670   -0.8408
...   144 C-G ...
   -0.1580   67.4196  -10.7921
    0.1799    0.8792    0.4411
    0.9276   -0.3009    0.2214
    0.3274    0.3694   -0.8697
...   145 A-T ...
    0.5353   69.2486  -13.4513
    0.7352    0.4961    0.4620
    0.6117   -0.7791   -0.1369
    0.2921    0.3832   -0.8763
...   146 C-G ...
    1.4421   72.1063  -15.5858
    0.9808    0.0622    0.1849
    0.1266   -0.9240   -0.3608
    0.1484    0.3773   -0.9141
...   147 A-T ...
    2.3151   74.2410  -18.3714
    0.8657   -0.4292   -0.2574
   -0.4984   -0.7868   -0.3642
   -0.0462    0.4436   -0.8950
