  147 base-pairs
...     1 A-T ...
    0.0000    0.0000    0.0000
    1.0000    0.0000    0.0000
    0.0000    1.0000    0.0000
    0.0000    0.0000    1.0000
...     2 G-C ...
   -0.1394   -1.2357    3.2268
    0.7529    0.6366    0.1670
   -0.6386    0.7680   -0.0486
   -0.1592   -0.0700    0.9848
...     3 T-A ...
   -0.0365   -3.2932    6.3751
    0.2722    0.9301    0.2466
   -0.9238    0.3243   -0.2033
   -0.2691   -0.1725    0.9475
...     4 G-C ...
   -0.3505   -4.1660    9.4928
   -0.3756    0.9250    0.0579
   -0.8781   -0.3352   -0.3415
   -0.2965   -0.1791    0.9381
...     5 A-T ...
   -0.4462   -4.1476   12.7498
   -0.8116    0.5840   -0.0165
   -0.5523   -0.7762   -0.3042
   -0.1905   -0.2378    0.9524
...     6 G-C ...
   -1.5908   -4.1730   15.6201
   -0.9976    0.0246   -0.0651
   -0.0043   -0.9555   -0.2950
   -0.0695   -0.2940    0.9533
...     7 C-G ...
   -1.1030   -4.4824   18.7362
   -0.8441   -0.5304   -0.0787
    0.5345   -0.8441   -0.0432
   -0.0435   -0.0785    0.9960
...     8 G-C ...
   -2.4028   -7.7290   23.1475
   -0.2754   -0.3293   -0.9032
    0.6650   -0.7437    0.0684
   -0.6942   -0.5818    0.4238
...     9 C-G ...
   -4.4690   -9.9728   24.1132
    0.1145   -0.7025   -0.7024
    0.8512   -0.2952    0.4340
   -0.5122   -0.6476    0.5642
...    10 T-A ...
   -6.7405  -10.8752   25.9697
    0.4841   -0.8363   -0.2574
    0.6595    0.1553    0.7355
   -0.5751   -0.5258    0.6267
...    11 C-G ...
   -9.1656  -12.6208   27.1640
    0.7073   -0.6682    0.2307
    0.3448    0.6110    0.7126
   -0.6171   -0.4245    0.6626
...    12 A-T ...
  -10.9234  -14.6633   29.0693
    0.7515   -0.1377    0.6452
   -0.2029    0.8824    0.4246
   -0.6277   -0.4500    0.6352
...    13 C-G ...
  -11.8476  -17.4863   31.2451
    0.4295    0.2823    0.8578
   -0.5708    0.8209    0.0156
   -0.6998   -0.4963    0.5137
...    14 A-T ...
  -13.5897  -19.7827   33.4259
   -0.1504    0.6104    0.7777
   -0.6874    0.5008   -0.5260
   -0.7106   -0.6136    0.3443
...    15 A-T ...
  -15.7412  -21.8897   34.6801
   -0.5475    0.7756    0.3141
   -0.4475    0.0457   -0.8931
   -0.7071   -0.6295    0.3221
...    16 T-A ...
  -17.8292  -23.8362   36.3442
   -0.7017    0.6831   -0.2025
   -0.0875   -0.3646   -0.9270
   -0.7071   -0.6328    0.3156
...    17 T-A ...
  -20.1376  -25.7911   37.5389
   -0.6131    0.3360   -0.7150
    0.3502   -0.6957   -0.6272
   -0.7082   -0.6349    0.3088
...    18 T-A ...
  -22.5476  -27.6928   38.6099
   -0.2815   -0.1381   -0.9496
    0.6447   -0.7602   -0.0806
   -0.7107   -0.6349    0.3030
...    19 A-T ...
  -24.6742  -30.1429   39.6443
    0.2174   -0.5875   -0.7795
    0.6625   -0.4977    0.5599
   -0.7168   -0.6381    0.2810
...    20 T-A ...
  -27.3835  -32.0037   40.0242
    0.5298   -0.7648   -0.3667
    0.4463   -0.1163    0.8873
   -0.7212   -0.6337    0.2797
...    21 T-A ...
  -29.8177  -34.0760   40.6783
    0.6742   -0.6972    0.2437
    0.0417    0.3654    0.9299
   -0.7374   -0.6168    0.2755
...    22 C-G ...
  -32.2113  -36.2113   41.5248
    0.5647   -0.3165    0.7622
   -0.3872    0.7139    0.5834
   -0.7288   -0.6246    0.2806
...    23 G-C ...
  -34.8670  -38.0034   42.6713
    0.2876    0.2206    0.9320
   -0.6574    0.7532    0.0245
   -0.6965   -0.6197    0.3617
...    24 C-G ...
  -36.8889  -40.3515   43.9569
   -0.1093    0.6345    0.7652
   -0.7037    0.4943   -0.5104
   -0.7020   -0.5943    0.3925
...    25 A-T ...
  -39.4491  -42.2403   45.0629
   -0.4417    0.8563    0.2678
   -0.5096    0.0062   -0.8604
   -0.7384   -0.5165    0.4336
...    26 A-T ...
  -41.7803  -43.8518   46.6523
   -0.6507    0.6992   -0.2961
   -0.1508   -0.5011   -0.8521
   -0.7442   -0.5098    0.4315
...    27 A-T ...
  -44.2314  -45.3376   48.1826
   -0.6088    0.2718   -0.7453
    0.2573   -0.8211   -0.5095
   -0.7504   -0.5019    0.4300
...    28 G-C ...
  -46.9144  -46.7444   49.5870
   -0.3178   -0.2011   -0.9266
    0.5337   -0.8457    0.0005
   -0.7837   -0.4943    0.3761
...    29 G-C ...
  -49.7757  -48.2993   50.5536
    0.0964   -0.6146   -0.7829
    0.5895   -0.5985    0.5425
   -0.8020   -0.5138    0.3046
...    30 C-G ...
  -52.6498  -49.9334   51.1619
    0.4364   -0.8332   -0.3396
    0.4143   -0.1490    0.8979
   -0.7987   -0.5325    0.2802
...    31 C-G ...
  -55.3600  -51.8922   51.8193
    0.6400   -0.7357    0.2218
    0.0727    0.3453    0.9357
   -0.7649   -0.5827    0.2745
...    32 G-C ...
  -57.9608  -53.6572   53.1190
    0.6227   -0.3372    0.7061
   -0.3251    0.7094    0.6254
   -0.7118   -0.6190    0.3321
...    33 G-C ...
  -60.2652  -55.9536   54.1213
    0.3835    0.1764    0.9065
   -0.6207    0.7761    0.1115
   -0.6839   -0.6054    0.4072
...    34 C-G ...
  -62.2342  -58.2712   55.5121
    0.0046    0.6155    0.7882
   -0.7273    0.5430   -0.4198
   -0.6863   -0.5713    0.4501
...    35 C-G ...
  -64.3691  -60.2438   57.2497
   -0.3323    0.8688    0.3672
   -0.6177    0.0937   -0.7808
   -0.7127   -0.4863    0.5055
...    36 C-G ...
  -66.7120  -61.6891   59.2066
   -0.5478    0.8156   -0.1864
   -0.3502   -0.4259   -0.8342
   -0.7598   -0.3917    0.5190
...    37 G-C ...
  -69.5357  -63.0276   60.5513
   -0.5575    0.4578   -0.6925
   -0.0199   -0.8413   -0.5402
   -0.8299   -0.2874    0.4781
...    38 A-T ...
  -72.3770  -63.8502   62.0324
   -0.4340   -0.1467   -0.8889
    0.2984   -0.9544    0.0118
   -0.8501   -0.2601    0.4579
...    39 C-G ...
  -75.4746  -64.1558   63.2846
   -0.1923   -0.6451   -0.7395
    0.4683   -0.7225    0.5086
   -0.8624   -0.2485    0.4411
...    40 A-T ...
  -78.1870  -65.2446   64.9341
    0.1705   -0.9416   -0.2905
    0.4656   -0.1828    0.8659
   -0.8684   -0.2829    0.4072
...    41 C-G ...
  -81.3184  -66.2564   65.6883
    0.3975   -0.8859    0.2391
    0.2938    0.3697    0.8815
   -0.8693   -0.2801    0.4073
...    42 G-C ...
  -84.1856  -66.8836   67.4044
    0.5592   -0.4700    0.6830
    0.0096    0.8274    0.5615
   -0.8290   -0.3074    0.4672
...    43 A-T ...
  -86.9799  -67.9299   68.8278
    0.4747    0.1421    0.8686
   -0.3167    0.9483    0.0179
   -0.8212   -0.2836    0.4952
...    44 C-G ...
  -89.4020  -69.4008   70.5543
    0.2643    0.6453    0.7167
   -0.5205    0.7211   -0.4574
   -0.8120   -0.2521    0.5265
...    45 T-A ...
  -91.9079  -70.2912   72.5512
    0.0130    0.9541    0.2993
   -0.5964    0.2476   -0.7636
   -0.8026   -0.1686    0.5722
...    46 T-A ...
  -94.4058  -70.7754   74.5500
   -0.2998    0.9274   -0.2236
   -0.5058   -0.3532   -0.7870
   -0.8089   -0.1228    0.5750
...    47 A-T ...
  -97.2864  -71.1452   76.2580
   -0.4854    0.5179   -0.7044
   -0.2550   -0.8545   -0.4526
   -0.8363   -0.0401    0.5468
...    48 C-G ...
  -99.9994  -70.5902   78.1117
   -0.5275   -0.0304   -0.8490
    0.0196   -0.9995    0.0235
   -0.8493   -0.0042    0.5279
...    49 T-A ...
 -102.9732  -70.3184   79.6241
   -0.4048   -0.5864   -0.7016
    0.2693   -0.8097    0.5214
   -0.8738    0.0221    0.4857
...    50 T-A ...
 -105.9180  -69.9946   81.0204
   -0.2167   -0.9541   -0.2066
    0.4665   -0.2872    0.8366
   -0.8575    0.0849    0.5074
...    51 C-G ...
 -108.8307  -69.7047   82.6100
    0.1043   -0.9225    0.3716
    0.5090    0.3705    0.7770
   -0.8544    0.1081    0.5082
...    52 A-T ...
 -111.5140  -69.0190   84.4980
    0.4357   -0.5043    0.7456
    0.3530    0.8577    0.3739
   -0.8280    0.1003    0.5517
...    53 T-A ...
 -114.3727  -69.3118   86.1449
    0.5524    0.0220    0.8333
    0.0895    0.9923   -0.0855
   -0.8288    0.1218    0.5462
...    54 G-C ...
 -117.1277  -68.6750   87.9720
    0.6020    0.5758    0.5533
   -0.2462    0.7929   -0.5574
   -0.7596    0.1993    0.6191
...    55 T-A ...
 -119.3060  -68.3461   90.4170
    0.4301    0.8937    0.1279
   -0.5278    0.3639   -0.7675
   -0.7324    0.2625    0.6282
...    56 T-A ...
 -121.5417  -67.4327   92.5581
    0.0971    0.9222   -0.3743
   -0.6924   -0.2076   -0.6911
   -0.7150    0.3263    0.6183
...    57 A-T ...
 -123.9629  -66.0968   94.4536
   -0.2452    0.5723   -0.7825
   -0.6632   -0.6878   -0.2952
   -0.7072    0.4466    0.5482
...    58 T-A ...
 -125.8582  -64.0717   96.2195
   -0.5482    0.1287   -0.8264
   -0.4565   -0.8740    0.1668
   -0.7007    0.4687    0.5379
...    59 A-T ...
 -128.4090  -62.9606   98.2322
   -0.7530   -0.4607   -0.4699
    0.0118   -0.7234    0.6903
   -0.6579    0.5143    0.5501
...    60 A-T ...
 -130.5995  -61.0633   99.7623
   -0.6414   -0.7623    0.0868
    0.4702   -0.3012    0.8295
   -0.6062    0.5729    0.5517
...    61 C-G ...
 -133.0224  -59.0952  101.0916
   -0.2894   -0.7868    0.5452
    0.7498    0.1677    0.6400
   -0.5950    0.5940    0.5414
...    62 G-C ...
 -134.5451  -56.7721  103.0285
    0.2429   -0.5608    0.7915
    0.7964    0.5812    0.1673
   -0.5538    0.5897    0.5878
...    63 G-C ...
 -136.6541  -54.7925  104.8254
    0.6903   -0.1804    0.7007
    0.5420    0.7704   -0.3357
   -0.4793    0.6115    0.6296
...    64 A-T ...
 -138.3586  -52.8111  106.8032
    0.9063    0.2701    0.3251
    0.0417    0.7082   -0.7048
   -0.4206    0.6523    0.6306
...    65 G-C ...
 -139.5858  -50.7710  109.0860
    0.8372    0.5188   -0.1731
   -0.4411    0.4534   -0.7745
   -0.3234    0.7248    0.6084
...    66 T-A ...
 -140.1098  -48.5458  111.4046
    0.5109    0.6158   -0.5999
   -0.8166    0.1294   -0.5626
   -0.2688    0.7772    0.5689
...    67 A-T ...
 -140.6216  -45.7090  113.0951
    0.0205    0.4315   -0.9019
   -0.9812   -0.1646   -0.1011
   -0.1921    0.8870    0.4200
...    68 G-C ...
 -140.9493  -42.6059  114.2221
   -0.4947    0.2036   -0.8449
   -0.8506   -0.3127    0.4227
   -0.1781    0.9278    0.3279
...    69 G-C ...
 -141.6033  -39.2935  114.6944
   -0.8753   -0.0616   -0.4797
   -0.4436   -0.2932    0.8469
   -0.1928    0.9541    0.2293
...    70 T-A ...
 -142.1864  -35.9817  114.7895
   -0.9774   -0.2004    0.0671
    0.1057   -0.1883    0.9764
   -0.1830    0.9614    0.2053
...    71 A-T ...
 -142.1677  -32.7498  116.1614
   -0.6303   -0.1218    0.7667
    0.7750   -0.0403    0.6307
   -0.0459    0.9917    0.1198
...    72 T-A ...
 -142.9104  -29.4908  116.1794
   -0.1218   -0.0762    0.9896
    0.9924    0.0076    0.1227
   -0.0168    0.9971    0.0747
...    73 C-G ...
 -143.0452  -26.1684  116.2579
    0.5161   -0.0627    0.8542
    0.8562    0.0128   -0.5164
    0.0215    0.9979    0.0603
...    74 T-A ...
 -143.0977  -22.8596  116.6538
    0.8964   -0.1158    0.4278
    0.4328    0.0204   -0.9013
    0.0956    0.9931    0.0684
...    75 C-G ...
 -142.8303  -19.5949  116.8880
    0.9681   -0.1558   -0.1962
   -0.1871    0.0715   -0.9797
    0.1667    0.9852    0.0401
...    76 G-C ...
 -142.2173  -16.2826  116.6417
    0.6584   -0.2691   -0.7029
   -0.6840    0.1755   -0.7080
    0.3139    0.9470   -0.0685
...    77 A-T ...
 -141.0185  -13.2667  116.2716
    0.1050   -0.1894   -0.9763
   -0.9266    0.3377   -0.1652
    0.3610    0.9220   -0.1401
...    78 G-C ...
 -139.5205  -10.3944  115.5448
   -0.4399   -0.0558   -0.8963
   -0.8179    0.4371    0.3742
    0.3709    0.8977   -0.2379
...    79 C-G ...
 -138.1562   -7.6532  114.1994
   -0.8341    0.1687   -0.5252
   -0.4112    0.4443    0.7959
    0.3676    0.8798   -0.3013
...    80 T-A ...
 -137.0066   -4.8480  112.7809
   -0.9290    0.3700    0.0108
    0.1393    0.3225    0.9362
    0.3429    0.8713   -0.3512
...    81 C-G ...
 -135.9835   -1.9587  111.4996
   -0.6355    0.5111    0.5787
    0.6873    0.0330    0.7256
    0.3518    0.8589   -0.3723
...    82 G-C ...
 -134.3442    0.8272  110.4858
   -0.1123    0.3960    0.9114
    0.9291   -0.2835    0.2376
    0.3524    0.8734   -0.3361
...    83 G-C ...
 -133.3283    3.7925  109.1679
    0.4176    0.1134    0.9015
    0.8165   -0.4822   -0.3175
    0.3987    0.8687   -0.2940
...    84 G-C ...
 -132.1908    6.8080  108.1208
    0.7670   -0.2514    0.5903
    0.4274   -0.4859   -0.7624
    0.4785    0.8371   -0.2653
...    85 A-T ...
 -130.6847    9.5815  107.2440
    0.8397   -0.5417    0.0389
   -0.1187   -0.2530   -0.9601
    0.5300    0.8016   -0.2768
...    86 T-A ...
 -128.7225   12.1778  106.9481
    0.6432   -0.6248   -0.4427
   -0.5269    0.0583   -0.8479
    0.5556    0.7786   -0.2917
...    87 C-G ...
 -126.7645   14.5878  105.9320
    0.1698   -0.5240   -0.8346
   -0.7872    0.4374   -0.4348
    0.5929    0.7308   -0.3382
...    88 C-G ...
 -124.5070   16.6655  104.5092
   -0.3511   -0.2660   -0.8978
   -0.7127    0.6977    0.0720
    0.6072    0.6651   -0.4346
...    89 G-C ...
 -122.8587   19.0440  102.7451
   -0.7531    0.1189   -0.6471
   -0.3307    0.7818    0.5285
    0.5688    0.6120   -0.5495
...    90 C-G ...
 -121.0868   20.7910  100.4940
   -0.8205    0.5262   -0.2233
    0.1727    0.6006    0.7807
    0.5449    0.6019   -0.5837
...    91 T-A ...
 -119.4863   22.6945   98.2454
   -0.5959    0.7596    0.2604
    0.6156    0.2239    0.7556
    0.5157    0.6106   -0.6010
...    92 T-A ...
 -117.9895   24.5855   96.0345
   -0.0794    0.7734    0.6290
    0.8405   -0.2873    0.4593
    0.5359    0.5651   -0.6272
...    93 T-A ...
 -116.4841   26.4732   93.8337
    0.4592    0.4687    0.7546
    0.7082   -0.7059    0.0075
    0.5363    0.5310   -0.6561
...    94 A-T ...
 -114.4749   27.7634   91.3907
    0.8147   -0.1068    0.5700
    0.2180   -0.8544   -0.4716
    0.5374    0.5085   -0.6728
...    95 A-T ...
 -112.7231   29.5626   89.3302
    0.7815   -0.5937    0.1918
   -0.3075   -0.6341   -0.7095
    0.5428    0.4955   -0.6781
...    96 C-G ...
 -110.6037   31.4022   87.5795
    0.4681   -0.8631   -0.1898
   -0.6745   -0.2102   -0.7077
    0.5709    0.4593   -0.6806
...    97 A-T ...
 -108.8008   32.7878   85.0986
   -0.0817   -0.8693   -0.4874
   -0.7972    0.3505   -0.4915
    0.5982    0.3484   -0.7217
...    98 C-G ...
 -106.3932   33.4553   82.9077
   -0.5200   -0.5549   -0.6494
   -0.6131    0.7718   -0.1686
    0.5948    0.3104   -0.7415
...    99 T-A ...
 -104.3852   34.0948   80.3151
   -0.8033   -0.0540   -0.5932
   -0.2011    0.9620    0.1847
    0.5607    0.2676   -0.7836
...   100 T-A ...
 -102.5600   34.6908   77.6791
   -0.7530    0.5328   -0.3862
    0.3164    0.8078    0.4974
    0.5769    0.2524   -0.7768
...   101 T-A ...
 -100.7983   35.2845   74.9945
   -0.3968    0.9170   -0.0401
    0.7000    0.3306    0.6331
    0.5938    0.2232   -0.7731
...   102 A-T ...
  -98.3473   35.9167   72.6881
    0.1950    0.9122    0.3603
    0.7756   -0.3683    0.5126
    0.6003    0.1795   -0.7794
...   103 T-A ...
  -96.8895   36.8677   69.8677
    0.5805    0.5853    0.5660
    0.5528   -0.7937    0.2538
    0.5978    0.1656   -0.7844
...   104 G-C ...
  -94.7023   37.1571   67.3359
    0.7433   -0.0179    0.6687
    0.1058   -0.9839   -0.1440
    0.6605    0.1778   -0.7295
...   105 C-G ...
  -92.4583   38.1320   65.0678
    0.6417   -0.5757    0.5068
   -0.3285   -0.8034   -0.4966
    0.6930    0.1522   -0.7047
...   106 T-A ...
  -89.9376   38.6991   62.9667
    0.3079   -0.9303    0.1992
   -0.6109   -0.3539   -0.7082
    0.7294    0.0964   -0.6773
...   107 T-A ...
  -87.4209   39.0041   60.9355
   -0.1144   -0.9623   -0.2467
   -0.6725    0.2578   -0.6937
    0.7312    0.0865   -0.6767
...   108 C-G ...
  -84.9952   39.1122   58.7064
   -0.5199   -0.6130   -0.5949
   -0.4512    0.7884   -0.4180
    0.7253    0.0511   -0.6865
...   109 C-G ...
  -82.6143   38.8877   56.2923
   -0.7333   -0.0633   -0.6770
   -0.0524    0.9980   -0.0365
    0.6779    0.0087   -0.7351
...   110 G-C ...
  -80.4209   39.3115   53.7399
   -0.6812    0.5298   -0.5052
    0.4100    0.8479    0.3362
    0.6065    0.0219   -0.7948
...   111 G-C ...
  -78.5962   39.2456   50.8670
   -0.3695    0.9134   -0.1706
    0.7338    0.3995    0.5495
    0.5701    0.0779   -0.8179
...   112 C-G ...
  -77.0521   39.4589   47.9004
    0.0877    0.9757    0.2009
    0.8162   -0.1860    0.5470
    0.5710    0.1161   -0.8127
...   113 T-A ...
  -75.3670   40.0579   45.0786
    0.4891    0.7036    0.5155
    0.6415   -0.6906    0.3340
    0.5910    0.1674   -0.7891
...   114 C-G ...
  -73.4324   40.6833   42.4808
    0.7551    0.1353    0.6415
    0.2176   -0.9747   -0.0507
    0.6184    0.1779   -0.7654
...   115 G-C ...
  -71.2158   40.8599   39.9164
    0.6662   -0.4712    0.5780
   -0.2348   -0.8682   -0.4371
    0.7078    0.1555   -0.6890
...   116 T-A ...
  -68.6004   41.7447   38.0717
    0.4100   -0.8704    0.2726
   -0.5497   -0.4743   -0.6876
    0.7278    0.1321   -0.6729
...   117 A-T ...
  -66.3992   42.0476   35.5015
   -0.0471   -0.9727   -0.2274
   -0.6733    0.1990   -0.7121
    0.7379    0.1196   -0.6643
...   118 T-A ...
  -63.5758   42.1073   33.7764
   -0.3848   -0.7237   -0.5728
   -0.5471    0.6787   -0.4900
    0.7434    0.1249   -0.6571
...   119 A-T ...
  -61.2466   42.9692   31.4306
   -0.6249   -0.0903   -0.7755
   -0.1609    0.9869    0.0148
    0.7640    0.1340   -0.6312
...   120 A-T ...
  -58.7529   43.1288   29.3289
   -0.5739    0.5184   -0.6340
    0.2319    0.8453    0.4813
    0.7854    0.1292   -0.6054
...   121 T-A ...
  -56.4488   43.0657   26.9453
   -0.3584    0.8858   -0.2947
    0.4910    0.4473    0.7476
    0.7940    0.1233   -0.5953
...   122 G-C ...
  -53.6841   43.6268   25.1268
   -0.0704    0.9636    0.2579
    0.6164   -0.1612    0.7708
    0.7843    0.2132   -0.5826
...   123 T-A ...
  -51.5009   44.5990   22.8120
    0.2411    0.7163    0.6548
    0.5542   -0.6555    0.5130
    0.7967    0.2392   -0.5550
...   124 G-C ...
  -48.6615   45.3208   21.1638
    0.4228    0.1698    0.8902
    0.3332   -0.9426    0.0216
    0.8427    0.2875   -0.4551
...   125 T-A ...
  -46.0141   46.8400   19.8977
    0.4963   -0.3745    0.7833
    0.0659   -0.8834   -0.4641
    0.8657    0.2819   -0.4137
...   126 C-G ...
  -43.0870   47.7303   18.6983
    0.4019   -0.8409    0.3625
   -0.2193   -0.4727   -0.8535
    0.8890    0.2636   -0.3744
...   127 G-C ...
  -40.1067   48.2029   17.1389
    0.1198   -0.9782   -0.1695
   -0.3484    0.1185   -0.9298
    0.9296    0.1705   -0.3266
...   128 A-T ...
  -36.9830   48.6160   16.1099
   -0.1232   -0.7006   -0.7028
   -0.3278    0.6972   -0.6375
    0.9367    0.1519   -0.3156
...   129 C-G ...
  -33.7182   48.5161   15.2930
   -0.2818   -0.2034   -0.9377
   -0.1976    0.9686   -0.1508
    0.9389    0.1428   -0.3132
...   130 C-G ...
  -30.5350   48.7230   14.0985
   -0.3896    0.3794   -0.8392
    0.0086    0.9127    0.4086
    0.9209    0.1520   -0.3589
...   131 A-T ...
  -27.4123   49.4422   13.1176
   -0.3678    0.8403   -0.3983
    0.2382    0.4992    0.8331
    0.8989    0.2115   -0.3838
...   132 A-T ...
  -24.5594   50.0373   11.6665
   -0.1555    0.9737    0.1668
    0.3899   -0.0947    0.9160
    0.9076    0.2074   -0.3649
...   133 A-T ...
  -21.7041   50.7872   10.3189
    0.0781    0.7316    0.6772
    0.4005   -0.6451    0.6507
    0.9130    0.2204   -0.3434
...   134 T-A ...
  -19.0083   52.0402    8.9384
    0.2450    0.2904    0.9250
    0.3072   -0.9282    0.2101
    0.9196    0.2327   -0.3167
...   135 G-C ...
  -16.4569   53.8980    7.5291
    0.5336   -0.3334    0.7773
    0.0348   -0.9096   -0.4140
    0.8450    0.2479   -0.4738
...   136 T-A ...
  -14.1680   56.5698    6.1949
    0.5795   -0.7269    0.3684
   -0.3140   -0.6163   -0.7222
    0.7521    0.3028   -0.5854
...   137 G-C ...
  -11.6468   58.0147    4.7337
    0.2454   -0.9541   -0.1717
   -0.6318   -0.0231   -0.7748
    0.7352    0.2986   -0.6085
...   138 A-T ...
   -8.6697   58.7289    3.6171
   -0.0344   -0.7815   -0.6230
   -0.6534    0.4892   -0.5777
    0.7562    0.3872   -0.5274
...   139 G-C ...
   -6.3211   59.0880    1.6441
   -0.2967   -0.3277   -0.8970
   -0.5657    0.8170   -0.1114
    0.7694    0.4744   -0.4278
...   140 C-G ...
   -3.4296   60.2437    1.0435
   -0.4424    0.2288   -0.8671
   -0.1682    0.9286    0.3309
    0.8809    0.2922   -0.3723
...   141 G-C ...
   -0.6893   63.9063   -2.2356
   -0.9992    0.0156   -0.0375
   -0.0024    0.8991    0.4378
    0.0405    0.4375   -0.8983
...   142 C-G ...
   -0.9979   65.6137   -4.9249
   -0.8337    0.5217    0.1810
    0.5169    0.6220    0.5881
    0.1942    0.5839   -0.7882
...   143 T-A ...
   -0.1244   66.2250   -7.8041
   -0.3751    0.8568    0.3538
    0.8856    0.2185    0.4098
    0.2739    0.4670   -0.8408
...   144 C-G ...
   -0.1580   67.4197  -10.7921
    0.1799    0.8792    0.4411
    0.9276   -0.3009    0.2214
    0.3274    0.3694   -0.8697
...   145 A-T ...
    0.5353   69.2487  -13.4513
    0.7352    0.4961    0.4620
    0.6117   -0.7791   -0.1369
    0.2921    0.3832   -0.8763
...   146 C-G ...
    1.4421   72.1064  -15.5858
    0.9808    0.0622    0.1849
    0.1266   -0.9240   -0.3608
    0.1484    0.3773   -0.9141
...   147 A-T ...
    2.3151   74.2410  -18.3714
    0.8657   -0.4292   -0.2574
   -0.4984   -0.7868   -0.3642
   -0.0462    0.4436   -0.8950
