  147 base-pairs
...     1 A-T ...
    0.0000    0.0000    0.0000
    1.0000    0.0000    0.0000
    0.0000    1.0000    0.0000
    0.0000    0.0000    1.0000
...     2 G-C ...
   -0.1394   -1.2357    3.2268
    0.7529    0.6366    0.1670
   -0.6386    0.7680   -0.0486
   -0.1592   -0.0700    0.9848
...     3 T-A ...
   -0.0365   -3.2932    6.3751
    0.2722    0.9301    0.2466
   -0.9238    0.3243   -0.2033
   -0.2691   -0.1725    0.9475
...     4 G-C ...
   -0.3505   -4.1660    9.4928
   -0.3756    0.9250    0.0579
   -0.8781   -0.3352   -0.3415
   -0.2965   -0.1791    0.9381
...     5 A-T ...
   -0.4462   -4.1476   12.7498
   -0.8116    0.5840   -0.0165
   -0.5523   -0.7762   -0.3042
   -0.1905   -0.2378    0.9524
...     6 G-C ...
   -1.5908   -4.1730   15.6201
   -0.9976    0.0246   -0.0651
   -0.0043   -0.9555   -0.2950
   -0.0695   -0.2940    0.9533
...     7 C-G ...
   -1.1030   -4.4824   18.7362
   -0.8441   -0.5304   -0.0787
    0.5345   -0.8441   -0.0432
   -0.0435   -0.0785    0.9960
...     8 G-C ...
   -2.4028   -7.7290   23.1475
   -0.2754   -0.3293   -0.9032
    0.6650   -0.7437    0.0684
   -0.6942   -0.5818    0.4238
...     9 C-G ...
   -4.4690   -9.9728   24.1132
    0.1145   -0.7025   -0.7024
    0.8512   -0.2952    0.4340
   -0.5122   -0.6476    0.5642
...    10 T-A ...
   -6.7405  -10.8752   25.9697
    0.4841   -0.8363   -0.2574
    0.6595    0.1553    0.7355
   -0.5751   -0.5258    0.6267
...    11 C-G ...
   -9.1656  -12.6208   27.1640
    0.7073   -0.6682    0.2307
    0.3448    0.6110    0.7126
   -0.6171   -0.4245    0.6626
...    12 A-T ...
  -10.9234  -14.6633   29.0693
    0.7515   -0.1377    0.6452
   -0.2029    0.8824    0.4246
   -0.6277   -0.4500    0.6352
...    13 C-G ...
  -11.8476  -17.4863   31.2451
    0.4295    0.2823    0.8578
   -0.5708    0.8209    0.0156
   -0.6998   -0.4963    0.5137
...    14 A-T ...
  -13.5897  -19.7827   33.4259
   -0.1504    0.6104    0.7777
   -0.6874    0.5008   -0.5260
   -0.7106   -0.6136    0.3443
...    15 A-T ...
  -15.7348  -21.8947   34.6857
   -0.5499    0.7733    0.3156
   -0.4483    0.0456   -0.8927
   -0.7047   -0.6324    0.3216
...    16 T-A ...
  -17.8113  -23.8567   36.3515
   -0.7065    0.6789   -0.1999
   -0.0865   -0.3632   -0.9277
   -0.7024   -0.6381    0.3153
...    17 T-A ...
  -20.0984  -25.8331   37.5563
   -0.6196    0.3303   -0.7120
    0.3554   -0.6907   -0.6297
   -0.6998   -0.6433    0.3106
...    18 T-A ...
  -22.4797  -27.7634   38.6429
   -0.2857   -0.1410   -0.9479
    0.6545   -0.7512   -0.0855
   -0.7000   -0.6448    0.3069
...    19 A-T ...
  -24.5643  -30.2397   39.6938
    0.2201   -0.5813   -0.7833
    0.6751   -0.4888    0.5525
   -0.7041   -0.6505    0.2849
...    20 T-A ...
  -27.2365  -32.1469   40.0903
    0.5398   -0.7532   -0.3758
    0.4569   -0.1128    0.8823
   -0.7070   -0.6480    0.2833
...    21 T-A ...
  -29.6191  -34.2707   40.7606
    0.6927   -0.6837    0.2295
    0.0457    0.3592    0.9321
   -0.7198   -0.6352    0.2800
...    22 C-G ...
  -31.9437  -36.4702   41.6239
    0.5852   -0.3089    0.7497
   -0.3953    0.6986    0.5964
   -0.7080   -0.6454    0.2867
...    23 G-C ...
  -34.5128  -38.3557   42.8127
    0.3014    0.2197    0.9279
   -0.6782    0.7334    0.0466
   -0.6702   -0.6433    0.3700
...    24 C-G ...
  -36.4290  -40.7721   44.1303
   -0.1101    0.6230    0.7744
   -0.7308    0.4773   -0.4879
   -0.6736   -0.6197    0.4028
...    25 A-T ...
  -38.8972  -42.7489   45.2878
   -0.4620    0.8385    0.2890
   -0.5325   -0.0016   -0.8465
   -0.7092   -0.5450    0.4472
...    26 A-T ...
  -41.1265  -44.4555   46.9261
   -0.6834    0.6784   -0.2695
   -0.1570   -0.4971   -0.8534
   -0.7129   -0.5409    0.4463
...    27 A-T ...
  -43.4742  -46.0463   48.5149
   -0.6418    0.2549   -0.7233
    0.2732   -0.8053   -0.5262
   -0.7166   -0.5353    0.4472
...    28 G-C ...
  -46.0501  -47.5746   49.9923
   -0.3401   -0.2056   -0.9176
    0.5675   -0.8230   -0.0259
   -0.7499   -0.5296    0.3966
...    29 G-C ...
  -48.8044  -49.2540   51.0537
    0.0944   -0.6033   -0.7919
    0.6335   -0.5772    0.5153
   -0.7679   -0.5503    0.3277
...    30 C-G ...
  -51.5823  -51.0102   51.7554
    0.4592   -0.8103   -0.3641
    0.4541   -0.1381    0.8802
   -0.7635   -0.5695    0.3046
...    31 C-G ...
  -54.1811  -53.0868   52.4940
    0.6810   -0.7077    0.1879
    0.0953    0.3401    0.9355
   -0.7260   -0.6192    0.2991
...    32 G-C ...
  -56.6411  -54.9848   53.8743
    0.6692   -0.3137    0.6736
   -0.3290    0.6877    0.6472
   -0.6662   -0.6547    0.3570
...    33 G-C ...
  -58.7772  -57.4039   54.9573
    0.4189    0.1863    0.8887
   -0.6504    0.7445    0.1505
   -0.6336   -0.6411    0.4331
...    34 C-G ...
  -60.5555  -59.8250   56.4221
    0.0165    0.6079    0.7938
   -0.7730    0.5114   -0.3755
   -0.6342   -0.6074    0.4783
...    35 C-G ...
  -62.4962  -61.9083   58.2555
   -0.3520    0.8489    0.3944
   -0.6633    0.0710   -0.7450
   -0.6604   -0.5238    0.5380
...    36 C-G ...
  -64.6585  -63.4720   60.3258
   -0.5949    0.7904   -0.1462
   -0.3771   -0.4351   -0.8176
   -0.7099   -0.4313    0.5569
...    37 G-C ...
  -67.3383  -64.9494   61.8111
   -0.6187    0.4360   -0.6535
   -0.0131   -0.8375   -0.5463
   -0.7855   -0.3295    0.5239
...    38 A-T ...
  -70.0440  -65.9148   63.4528
   -0.4810   -0.1614   -0.8617
    0.3427   -0.9393   -0.0153
   -0.8069   -0.3027    0.5072
...    39 C-G ...
  -73.0406  -66.3752   64.8936
   -0.2093   -0.6494   -0.7311
    0.5327   -0.7027    0.4717
   -0.8200   -0.2907    0.4930
...    40 A-T ...
  -75.5803  -67.5984   66.7131
    0.1932   -0.9318   -0.3072
    0.5296   -0.1645    0.8322
   -0.8260   -0.3234    0.4617
...    41 C-G ...
  -78.6055  -68.7546   67.6683
    0.4513   -0.8682    0.2064
    0.3361    0.3796    0.8620
   -0.8267   -0.3196    0.4631
...    42 G-C ...
  -81.3242  -69.5057   69.5647
    0.6255   -0.4475    0.6392
    0.0143    0.8257    0.5640
   -0.7801   -0.3436    0.5229
...    43 A-T ...
  -83.9649  -70.6723   71.1725
    0.5311    0.1590    0.8323
   -0.3527    0.9346    0.0465
   -0.7704   -0.3182    0.5524
...    44 C-G ...
  -86.1892  -72.2448   73.0624
    0.2930    0.6532    0.6982
   -0.5810    0.7016   -0.4126
   -0.7594   -0.2848    0.5850
...    45 T-A ...
  -88.4955  -73.2376   75.2404
    0.0031    0.9532    0.3024
   -0.6626    0.2284   -0.7133
   -0.7490   -0.1981    0.6323
...    46 T-A ...
  -90.8106  -73.8092   77.4252
   -0.3445    0.9183   -0.1951
   -0.5556   -0.3669   -0.7461
   -0.7567   -0.1486    0.6366
...    47 A-T ...
  -93.5274  -74.2448   79.3637
   -0.5500    0.5087   -0.6624
   -0.2699   -0.8588   -0.4355
   -0.7904   -0.0607    0.6096
...    48 C-G ...
  -96.1005  -73.7546   81.4224
   -0.5912   -0.0392   -0.8056
    0.0419   -0.9990    0.0178
   -0.8054   -0.0232    0.5923
...    49 T-A ...
  -98.9531  -73.5474   83.1602
   -0.4482   -0.5928   -0.6692
    0.3241   -0.8053    0.4964
   -0.8332    0.0056    0.5530
...    50 G-C ...
 -101.6092  -73.9099   85.1807
   -0.1368   -0.9651   -0.2231
    0.5057   -0.2617    0.8221
   -0.8518   -0.0004    0.5239
...    51 T-A ...
 -104.7827  -73.9214   86.3805
    0.1557   -0.9468    0.2815
    0.5061    0.3212    0.8005
   -0.8483    0.0179    0.5292
...    52 A-T ...
 -107.4084  -73.1560   88.5268
    0.3908   -0.4480    0.8041
    0.3099    0.8866    0.3433
   -0.8667    0.1150    0.4853
...    53 G-C ...
 -110.3570  -73.0061   90.1088
    0.5516    0.1175    0.8258
    0.0653    0.9809   -0.1832
   -0.8316    0.1550    0.5334
...    54 G-C ...
 -113.2276  -72.7099   91.9037
    0.5830    0.6286    0.5148
   -0.2419    0.7391   -0.6287
   -0.7756    0.2420    0.5829
...    55 T-A ...
 -115.4644  -72.1971   94.2652
    0.4164    0.9074    0.0562
   -0.5159    0.2867   -0.8072
   -0.7486    0.3071    0.5875
...    56 A-T ...
 -117.8560  -70.9176   96.2356
    0.1571    0.8418   -0.5164
   -0.7008   -0.2735   -0.6589
   -0.6959    0.4654    0.5469
...    57 T-A ...
 -119.6027  -69.0467   98.2669
   -0.2011    0.5649   -0.8003
   -0.6980   -0.6558   -0.2875
   -0.6873    0.5008    0.5261
...    58 C-G ...
 -121.8967  -67.2065   99.7411
   -0.5610    0.0364   -0.8270
   -0.4733   -0.8338    0.2842
   -0.6792    0.5509    0.4850
...    59 T-A ...
 -124.1715  -65.1074  101.0098
   -0.7138   -0.4519   -0.5350
   -0.1207   -0.6731    0.7297
   -0.6898    0.5854    0.4259
...    60 C-G ...
 -126.5849  -63.1811  102.2549
   -0.6547   -0.7540    0.0531
    0.3377   -0.2289    0.9130
   -0.6762    0.6157    0.4046
...    61 G-C ...
 -128.6030  -61.1365  104.0769
   -0.3037   -0.7434    0.5960
    0.6630    0.2844    0.6925
   -0.6843    0.6054    0.4065
...    62 A-T ...
 -130.9111  -59.0336  105.2388
    0.1686   -0.3916    0.9046
    0.7316    0.6647    0.1514
   -0.6606    0.6362    0.3986
...    63 G-C ...
 -133.2849  -57.0649  106.5475
    0.5851    0.0150    0.8108
    0.5375    0.7416   -0.4015
   -0.6073    0.6707    0.4258
...    64 C-G ...
 -135.5530  -55.1447  108.0849
    0.8260    0.3820    0.4146
    0.1335    0.5820   -0.8021
   -0.5477    0.7179    0.4298
...    65 T-A ...
 -137.2350  -52.8215  109.7538
    0.8233    0.5512   -0.1355
   -0.3385    0.2851   -0.8967
   -0.4556    0.7842    0.4213
...    66 C-G ...
 -138.6069  -50.1884  111.1140
    0.5033    0.5373   -0.6768
   -0.7703   -0.0759   -0.6331
   -0.3916    0.8400    0.3757
...    67 G-C ...
 -139.9741  -47.1709  111.8673
    0.0397    0.2569   -0.9656
   -0.9535   -0.2792   -0.1135
   -0.2988    0.9252    0.2339
...    68 G-C ...
 -140.7090  -43.8570  112.0632
   -0.4751   -0.0291   -0.8795
   -0.8377   -0.2912    0.4621
   -0.2695    0.9562    0.1139
...    69 G-C ...
 -141.6866  -40.5908  111.8142
   -0.8546   -0.2404   -0.4604
   -0.4381   -0.1425    0.8876
   -0.2790    0.9602    0.0164
...    70 A-T ...
 -142.7110  -37.4113  111.6794
   -0.9477   -0.2477    0.2012
    0.1900    0.0689    0.9794
   -0.2564    0.9664   -0.0182
...    71 T-A ...
 -143.7931  -34.3254  110.9439
   -0.7069   -0.1138    0.6981
    0.6761    0.1813    0.7141
   -0.2078    0.9768   -0.0512
...    72 C-G ...
 -144.5031  -31.0729  110.6221
   -0.1243    0.0534    0.9908
    0.9765    0.1836    0.1126
   -0.1759    0.9816   -0.0749
...    73 C-G ...
 -145.3133  -27.7815  110.1906
    0.4735    0.0908    0.8761
    0.8730    0.0835   -0.4805
   -0.1168    0.9924   -0.0398
...    74 G-C ...
 -145.4733  -24.4377  109.4977
    0.9012   -0.0051    0.4334
    0.4329   -0.0370   -0.9007
    0.0206    0.9993   -0.0311
...    75 C-G ...
 -145.5445  -21.1278  109.7861
    0.9848   -0.1054   -0.1379
   -0.1433   -0.0456   -0.9886
    0.0979    0.9934   -0.0600
...    76 T-A ...
 -144.9272  -17.8766  109.7601
    0.7347   -0.2293   -0.6385
   -0.6478    0.0426   -0.7607
    0.2016    0.9724   -0.1172
...    77 T-A ...
 -144.0653  -14.7936  109.3616
    0.2177   -0.2285   -0.9489
   -0.9453    0.1924   -0.2633
    0.2427    0.9543   -0.1741
...    78 T-A ...
 -143.0639  -11.7943  108.6726
   -0.3775   -0.1071   -0.9198
   -0.8881    0.3233    0.3268
    0.2624    0.9402   -0.2172
...    79 A-T ...
 -142.4749   -8.5376  107.9413
   -0.8596    0.1213   -0.4963
   -0.4265    0.3644    0.8278
    0.2813    0.9233   -0.2616
...    80 A-T ...
 -141.4945   -5.6444  106.7708
   -0.9249    0.3707    0.0849
    0.1782    0.2252    0.9579
    0.3360    0.9010   -0.2744
...    81 C-G ...
 -140.6573   -2.7332  105.2445
   -0.6636    0.4547    0.5940
    0.6629   -0.0106    0.7487
    0.3467    0.8906   -0.2944
...    82 A-T ...
 -139.0836    0.0994  104.4215
   -0.1172    0.3341    0.9352
    0.9268   -0.3015    0.2239
    0.3568    0.8930   -0.2743
...    83 C-G ...
 -138.4600    3.2542  103.4512
    0.4094    0.1105    0.9057
    0.8305   -0.4561   -0.3197
    0.3778    0.8830   -0.2785
...    84 T-A ...
 -137.3364    6.2994  102.6802
    0.7733   -0.2134    0.5971
    0.4590   -0.4612   -0.7593
    0.4374    0.8613   -0.2587
...    85 T-A ...
 -135.9622    9.1475  101.9808
    0.8788   -0.4737    0.0573
   -0.0808   -0.2662   -0.9605
    0.4702    0.8395   -0.2722
...    86 T-A ...
 -134.3343   11.8339  101.2306
    0.6451   -0.5901   -0.4854
   -0.5668    0.0565   -0.8219
    0.5125    0.8053   -0.2980
...    87 A-T ...
 -132.3919   14.3045  100.0763
    0.1181   -0.5658   -0.8161
   -0.8033    0.4287   -0.4135
    0.5837    0.7044   -0.4039
...    88 T-A ...
 -129.9765   16.1354   98.8293
   -0.3245   -0.2846   -0.9020
   -0.7384    0.6723    0.0536
    0.5912    0.6834   -0.4283
...    89 G-C ...
 -128.2918   18.4807   97.1045
   -0.7470    0.1109   -0.6556
   -0.3631    0.7580    0.5419
    0.5570    0.6428   -0.5259
...    90 C-G ...
 -126.5535   20.3439   94.9113
   -0.8305    0.5108   -0.2222
    0.1476    0.5864    0.7965
    0.5372    0.6286   -0.5624
...    91 T-A ...
 -124.9629   22.3368   92.7258
   -0.6107    0.7442    0.2706
    0.6040    0.2169    0.7669
    0.5121    0.6318   -0.5819
...    92 T-A ...
 -123.4671   24.2885   90.5618
   -0.0879    0.7613    0.6424
    0.8392   -0.2909    0.4595
    0.5367    0.5795   -0.6134
...    93 C-G ...
 -121.7549   26.1818   88.4317
    0.4491    0.4157    0.7909
    0.7017   -0.7120   -0.0242
    0.5531    0.5659   -0.6114
...    94 C-G ...
 -120.0505   28.2433   86.3410
    0.7218   -0.1066    0.6839
    0.3144   -0.8298   -0.4611
    0.6166    0.5478   -0.5654
...    95 G-C ...
 -117.9401   29.7141   84.1207
    0.6844   -0.6316    0.3643
   -0.1654   -0.6211   -0.7661
    0.7101    0.4640   -0.5295
...    96 G-C ...
 -115.4051   31.2881   82.5520
    0.3945   -0.9166   -0.0645
   -0.5087   -0.1594   -0.8460
    0.7652    0.3665   -0.5292
...    97 C-G ...
 -112.5727   32.2955   81.1498
   -0.0048   -0.8740   -0.4858
   -0.6253    0.3817   -0.6806
    0.7803    0.3005   -0.5484
...    98 T-A ...
 -109.8280   32.8990   79.3735
   -0.4043   -0.5484   -0.7320
   -0.4867    0.8066   -0.3355
    0.7744    0.2206   -0.5929
...    99 C-G ...
 -107.3503   33.4313   77.2716
   -0.6394    0.0402   -0.7678
   -0.1184    0.9816    0.1499
    0.7597    0.1867   -0.6229
...   100 A-T ...
 -104.9093   34.2545   75.1232
   -0.6365    0.6009   -0.4835
    0.3191    0.7759    0.5442
    0.7021    0.1922   -0.6856
...   101 T-A ...
 -102.9520   34.4379   72.4454
   -0.3580    0.9231   -0.1402
    0.6066    0.3441    0.7166
    0.7098    0.1715   -0.6832
...   102 G-C ...
 -100.3965   35.1253   70.3927
    0.0459    0.9332    0.3565
    0.7133   -0.2804    0.6423
    0.6994    0.2248   -0.6785
...   103 T-A ...
  -98.5182   36.1655   67.8109
    0.4197    0.6260    0.6572
    0.5664   -0.7464    0.3493
    0.7092    0.2256   -0.6679
...   104 T-A ...
  -96.3570   37.0720   65.5471
    0.6838    0.0647    0.7268
    0.1952   -0.9760   -0.0967
    0.7031    0.2080   -0.6800
...   105 A-T ...
  -94.0248   37.3536   63.0964
    0.6306   -0.5812    0.5144
   -0.2926   -0.7919   -0.5360
    0.7189    0.1874   -0.6694
...   106 T-A ...
  -91.3979   38.3401   61.3776
    0.3789   -0.9096    0.1704
   -0.5773   -0.3762   -0.7247
    0.7233    0.1762   -0.6677
...   107 A-T ...
  -89.1322   38.7832   58.9124
   -0.1041   -0.9525   -0.2861
   -0.6721    0.2795   -0.6857
    0.7331    0.1209   -0.6692
...   108 A-T ...
  -86.6252   38.9888   56.8525
   -0.4805   -0.6077   -0.6323
   -0.4766    0.7862   -0.3935
    0.7362    0.1123   -0.6674
...   109 C-G ...
  -84.0509   38.7012   54.7409
   -0.6780   -0.0866   -0.7299
   -0.1256    0.9921   -0.0010
    0.7242    0.0910   -0.6835
...   110 G-C ...
  -81.7419   39.3889   52.3538
   -0.6816    0.5013   -0.5331
    0.3238    0.8599    0.3946
    0.6562    0.0964   -0.7484
...   111 G-C ...
  -79.7312   39.5672   49.6111
   -0.4193    0.8927   -0.1651
    0.6652    0.4259    0.6132
    0.6177    0.1473   -0.7724
...   112 A-T ...
  -77.7556   40.0026   46.9940
    0.0613    0.9640    0.2587
    0.7821   -0.2074    0.5876
    0.6201    0.1663   -0.7667
...   113 T-A ...
  -76.2540   40.8201   44.1643
    0.4624    0.7140    0.5258
    0.6317   -0.6814    0.3698
    0.6223    0.1611   -0.7660
...   114 C-G ...
  -74.2200   41.4163   41.6331
    0.7290    0.1473    0.6685
    0.2230   -0.9744   -0.0284
    0.6472    0.1698   -0.7431
...   115 G-C ...
  -71.9183   41.5529   39.1389
    0.6456   -0.4621    0.6080
   -0.2186   -0.8746   -0.4327
    0.7317    0.1464   -0.6657
...   116 T-A ...
  -69.2399   42.4115   37.3724
    0.3999   -0.8666    0.2986
   -0.5263   -0.4838   -0.6992
    0.7504    0.1225   -0.6496
...   117 A-T ...
  -66.9567   42.6749   34.8679
   -0.0421   -0.9756   -0.2155
   -0.6492    0.1907   -0.7363
    0.7594    0.1089   -0.6414
...   118 T-A ...
  -64.0809   42.7018   33.2326
   -0.3691   -0.7306   -0.5745
   -0.5290    0.6734   -0.5165
    0.7642    0.1133   -0.6350
...   119 A-T ...
  -61.6750   43.5054   30.9459
   -0.6035   -0.1003   -0.7910
   -0.1568    0.9876   -0.0056
    0.7818    0.1206   -0.6118
...   120 A-T ...
  -59.1251   43.6223   28.9102
   -0.5546    0.5108   -0.6569
    0.2237    0.8519    0.4736
    0.8015    0.1157   -0.5867
...   121 T-A ...
  -56.7607   43.5092   26.5883
   -0.3459    0.8830   -0.3173
    0.4746    0.4564    0.7526
    0.8094    0.1098   -0.5769
...   122 G-C ...
  -53.9446   44.0268   24.8351
   -0.0690    0.9678    0.2419
    0.5969   -0.1542    0.7873
    0.7993    0.1987   -0.5671
...   123 T-A ...
  -51.6995   44.9460   22.5559
    0.2332    0.7234    0.6498
    0.5370   -0.6529    0.5342
    0.8107    0.2244   -0.5407
...   124 G-C ...
  -48.8131   45.6016   20.9613
    0.4087    0.1766    0.8954
    0.3226   -0.9457    0.0393
    0.8537    0.2728   -0.4435
...   125 T-A ...
  -46.1253   47.0759   19.7217
    0.4799   -0.3710    0.7950
    0.0633   -0.8892   -0.4532
    0.8751    0.2678   -0.4032
...   126 C-G ...
  -43.1704   47.9212   18.5527
    0.3882   -0.8416    0.3754
   -0.2132   -0.4783   -0.8519
    0.8966    0.2507   -0.3651
...   127 G-C ...
  -40.1692   48.3546   17.0180
    0.1122   -0.9805   -0.1615
   -0.3377    0.1152   -0.9342
    0.9345    0.1594   -0.3182
...   128 A-T ...
  -37.0311   48.7367   16.0180
   -0.1231   -0.7034   -0.7001
   -0.3159    0.6965   -0.6443
    0.9408    0.1419   -0.3079
...   129 C-G ...
  -33.7597   48.6047   15.2315
   -0.2763   -0.2052   -0.9389
   -0.1882    0.9696   -0.1566
    0.9425    0.1335   -0.3065
...   130 C-G ...
  -30.5621   48.7769   14.0672
   -0.3821    0.3790   -0.8428
    0.0125    0.9141    0.4053
    0.9240    0.1443   -0.3540
...   131 A-T ...
  -27.4274   49.4658   13.0960
   -0.3624    0.8407   -0.4023
    0.2375    0.5007    0.8324
    0.9013    0.2061   -0.3811
...   132 A-T ...
  -24.5667   50.0466   11.6566
   -0.1537    0.9743    0.1644
    0.3877   -0.0936    0.9170
    0.9089    0.2047   -0.3633
...   133 A-T ...
  -21.7063   50.7890   10.3168
    0.0776    0.7322    0.6767
    0.3993   -0.6447    0.6518
    0.9135    0.2196   -0.3424
...   134 T-A ...
  -19.0083   52.0401    8.9384
    0.2450    0.2904    0.9250
    0.3072   -0.9282    0.2101
    0.9196    0.2327   -0.3167
...   135 G-C ...
  -16.4569   53.8979    7.5290
    0.5336   -0.3334    0.7773
    0.0348   -0.9096   -0.4140
    0.8450    0.2479   -0.4738
...   136 T-A ...
  -14.1681   56.5696    6.1948
    0.5795   -0.7269    0.3684
   -0.3140   -0.6163   -0.7222
    0.7521    0.3028   -0.5854
...   137 G-C ...
  -11.6468   58.0145    4.7336
    0.2454   -0.9541   -0.1717
   -0.6318   -0.0231   -0.7748
    0.7352    0.2986   -0.6085
...   138 A-T ...
   -8.6698   58.7288    3.6170
   -0.0344   -0.7815   -0.6230
   -0.6534    0.4892   -0.5777
    0.7562    0.3872   -0.5274
...   139 G-C ...
   -6.3211   59.0878    1.6440
   -0.2967   -0.3277   -0.8970
   -0.5657    0.8170   -0.1114
    0.7694    0.4744   -0.4278
...   140 C-G ...
   -3.4296   60.2435    1.0434
   -0.4424    0.2288   -0.8671
   -0.1682    0.9286    0.3309
    0.8809    0.2922   -0.3723
...   141 G-C ...
   -0.6893   63.9061   -2.2357
   -0.9992    0.0156   -0.0375
   -0.0024    0.8991    0.4378
    0.0405    0.4375   -0.8983
...   142 C-G ...
   -0.9979   65.6135   -4.9250
   -0.8337    0.5217    0.1810
    0.5169    0.6220    0.5881
    0.1942    0.5839   -0.7882
...   143 T-A ...
   -0.1244   66.2248   -7.8042
   -0.3751    0.8568    0.3538
    0.8856    0.2185    0.4098
    0.2739    0.4670   -0.8408
...   144 C-G ...
   -0.1580   67.4195  -10.7922
    0.1799    0.8792    0.4411
    0.9276   -0.3009    0.2214
    0.3274    0.3694   -0.8697
...   145 A-T ...
    0.5353   69.2485  -13.4514
    0.7352    0.4961    0.4620
    0.6117   -0.7791   -0.1369
    0.2921    0.3832   -0.8763
...   146 C-G ...
    1.4421   72.1062  -15.5859
    0.9808    0.0622    0.1849
    0.1266   -0.9240   -0.3608
    0.1484    0.3773   -0.9141
...   147 A-T ...
    2.3150   74.2408  -18.3715
    0.8657   -0.4292   -0.2574
   -0.4984   -0.7868   -0.3642
   -0.0462    0.4436   -0.8950
