  147 base-pairs
...     1 A-T ...
    0.0000    0.0000    0.0000
    1.0000    0.0000    0.0000
    0.0000    1.0000    0.0000
    0.0000    0.0000    1.0000
...     2 G-C ...
   -0.1394   -1.2357    3.2268
    0.7529    0.6366    0.1670
   -0.6386    0.7680   -0.0486
   -0.1592   -0.0700    0.9848
...     3 T-A ...
   -0.0365   -3.2932    6.3751
    0.2722    0.9301    0.2466
   -0.9238    0.3243   -0.2033
   -0.2691   -0.1725    0.9475
...     4 G-C ...
   -0.3505   -4.1660    9.4928
   -0.3756    0.9250    0.0579
   -0.8781   -0.3352   -0.3415
   -0.2965   -0.1791    0.9381
...     5 A-T ...
   -0.4462   -4.1476   12.7498
   -0.8116    0.5840   -0.0165
   -0.5523   -0.7762   -0.3042
   -0.1905   -0.2378    0.9524
...     6 G-C ...
   -1.5908   -4.1730   15.6201
   -0.9976    0.0246   -0.0651
   -0.0043   -0.9555   -0.2950
   -0.0695   -0.2940    0.9533
...     7 C-G ...
   -1.1030   -4.4824   18.7362
   -0.8441   -0.5304   -0.0787
    0.5345   -0.8441   -0.0432
   -0.0435   -0.0785    0.9960
...     8 G-C ...
   -2.4028   -7.7290   23.1475
   -0.2754   -0.3293   -0.9032
    0.6650   -0.7437    0.0684
   -0.6942   -0.5818    0.4238
...     9 C-G ...
   -4.4690   -9.9728   24.1132
    0.1145   -0.7025   -0.7024
    0.8512   -0.2952    0.4340
   -0.5122   -0.6476    0.5642
...    10 T-A ...
   -6.7405  -10.8752   25.9697
    0.4841   -0.8363   -0.2574
    0.6595    0.1553    0.7355
   -0.5751   -0.5258    0.6267
...    11 C-G ...
   -9.1656  -12.6208   27.1640
    0.7073   -0.6682    0.2307
    0.3448    0.6110    0.7126
   -0.6171   -0.4245    0.6626
...    12 A-T ...
  -10.9234  -14.6633   29.0693
    0.7515   -0.1377    0.6452
   -0.2029    0.8824    0.4246
   -0.6277   -0.4500    0.6352
...    13 C-G ...
  -11.8476  -17.4863   31.2451
    0.4295    0.2823    0.8578
   -0.5708    0.8209    0.0156
   -0.6998   -0.4963    0.5137
...    14 A-T ...
  -13.5897  -19.7827   33.4259
   -0.1504    0.6104    0.7777
   -0.6874    0.5008   -0.5260
   -0.7106   -0.6136    0.3443
...    15 A-T ...
  -15.7330  -21.8838   34.6949
   -0.5402    0.7775    0.3219
   -0.4543    0.0525   -0.8893
   -0.7084   -0.6266    0.3249
...    16 T-A ...
  -17.8167  -23.8198   36.3693
   -0.6967    0.6922   -0.1880
   -0.1025   -0.3555   -0.9290
   -0.7100   -0.6280    0.3186
...    17 T-A ...
  -20.1307  -25.7494   37.5851
   -0.6190    0.3577   -0.6991
    0.3283   -0.6908   -0.6442
   -0.7134   -0.6283    0.3102
...    18 T-A ...
  -22.5574  -27.6165   38.6682
   -0.3029   -0.1073   -0.9470
    0.6269   -0.7708   -0.1131
   -0.7178   -0.6279    0.3008
...    19 A-T ...
  -24.7813  -29.9745   39.6268
    0.1859   -0.5462   -0.8168
    0.6631   -0.5437    0.5145
   -0.7251   -0.6372    0.2611
...    20 T-A ...
  -27.5198  -31.7908   39.9605
    0.5026   -0.7501   -0.4298
    0.4664   -0.1834    0.8654
   -0.7280   -0.6354    0.2576
...    21 T-A ...
  -29.9769  -33.8532   40.5345
    0.6675   -0.7254    0.1682
    0.0796    0.2941    0.9525
   -0.7404   -0.6224    0.2540
...    22 C-G ...
  -32.3631  -36.0121   41.2982
    0.5887   -0.3876    0.7094
   -0.3495    0.6693    0.6557
   -0.7289   -0.6339    0.2585
...    23 G-C ...
  -34.9699  -37.8633   42.4144
    0.3376    0.1312    0.9321
   -0.6408    0.7574    0.1255
   -0.6894   -0.6397    0.3398
...    24 C-G ...
  -36.9573  -40.2818   43.5950
   -0.0532    0.5601    0.8267
   -0.7205    0.5517   -0.4202
   -0.6915   -0.6180    0.3742
...    25 A-T ...
  -39.4573  -42.2350   44.6930
   -0.4009    0.8331    0.3812
   -0.5626    0.1045   -0.8201
   -0.7230   -0.5432    0.4268
...    26 A-T ...
  -41.7151  -43.9510   46.2752
   -0.6471    0.7426   -0.1729
   -0.2228   -0.4011   -0.8885
   -0.7291   -0.5364    0.4250
...    27 A-T ...
  -44.0986  -45.5294   47.8135
   -0.6484    0.3746   -0.6628
    0.1918   -0.7621   -0.6184
   -0.7367   -0.5281    0.4224
...    28 G-C ...
  -46.7178  -47.0067   49.2421
   -0.3901   -0.0696   -0.9181
    0.4979   -0.8547   -0.1468
   -0.7746   -0.5144    0.3681
...    29 G-C ...
  -49.5660  -48.5647   50.2141
    0.0142   -0.5004   -0.8657
    0.6008   -0.6878    0.4074
   -0.7992   -0.5259    0.2909
...    30 C-G ...
  -52.4462  -50.1711   50.7927
    0.3744   -0.7853   -0.4931
    0.4719   -0.2964    0.8303
   -0.7982   -0.5435    0.2596
...    31 C-G ...
  -55.1656  -52.1386   51.3367
    0.6228   -0.7808    0.0487
    0.1578    0.1863    0.9697
   -0.7663   -0.5963    0.2392
...    32 G-C ...
  -57.6956  -54.0413   52.5379
    0.6611   -0.4721    0.5831
   -0.2457    0.5981    0.7628
   -0.7089   -0.6476    0.2794
...    33 G-C ...
  -59.9767  -56.4360   53.3260
    0.4622   -0.0030    0.8868
   -0.5766    0.7587    0.3031
   -0.6737   -0.6514    0.3490
...    34 C-G ...
  -61.9173  -58.9115   54.4445
    0.0962    0.4546    0.8855
   -0.7350    0.6323   -0.2448
   -0.6712   -0.6273    0.3949
...    35 C-G ...
  -63.9666  -61.1379   55.9651
   -0.2591    0.7888    0.5574
   -0.6750    0.2649   -0.6886
   -0.6908   -0.5546    0.4638
...    36 C-G ...
  -66.1763  -62.8989   57.8141
   -0.5169    0.8554    0.0334
   -0.4388   -0.2312   -0.8683
   -0.7350   -0.4635    0.4949
...    37 G-C ...
  -68.9137  -64.4012   59.1207
   -0.5797    0.6217   -0.5268
   -0.1101   -0.7003   -0.7053
   -0.8074   -0.3508    0.4744
...    38 A-T ...
  -71.6609  -65.4108   60.6349
   -0.5033    0.0841   -0.8600
    0.2369   -0.9437   -0.2310
   -0.8310   -0.3200    0.4551
...    39 C-G ...
  -74.6626  -65.8544   62.0292
   -0.2828   -0.4351   -0.8548
    0.4513   -0.8468    0.2817
   -0.8464   -0.3061    0.4358
...    40 A-T ...
  -77.3528  -67.1629   63.5315
    0.0895   -0.8395   -0.5360
    0.5022   -0.4267    0.7522
   -0.8601   -0.3365    0.3834
...    41 C-G ...
  -80.4821  -68.1955   64.2135
    0.3494   -0.9362   -0.0379
    0.3679    0.0998    0.9245
   -0.8617   -0.3369    0.3793
...    42 G-C ...
  -83.2499  -69.1819   65.8922
    0.5605   -0.6727    0.4830
    0.0929    0.6307    0.7705
   -0.8229   -0.3870    0.4160
...    43 A-T ...
  -86.0174  -70.4750   67.1461
    0.5231   -0.1435    0.8401
   -0.2510    0.9161    0.3128
   -0.8144   -0.3745    0.4432
...    44 C-G ...
  -88.4471  -72.2679   68.5292
    0.3381    0.3851    0.8587
   -0.4885    0.8517   -0.1897
   -0.8044   -0.3553    0.4761
...    45 T-A ...
  -90.9159  -73.5973   70.3138
    0.0918    0.8124    0.5758
   -0.6043    0.5051   -0.6162
   -0.7915   -0.2914    0.5373
...    46 T-A ...
  -93.3575  -74.5530   72.2088
   -0.2369    0.9669    0.0951
   -0.5553   -0.0544   -0.8298
   -0.7972   -0.2494    0.5498
...    47 A-T ...
  -96.1343  -75.2160   73.9628
   -0.4375    0.7644   -0.4736
   -0.3454   -0.6291   -0.6963
   -0.8302   -0.1410    0.5393
...    48 C-G ...
  -98.7386  -75.0679   76.0072
   -0.5269    0.3122   -0.7905
   -0.0866   -0.9450   -0.3155
   -0.8455   -0.0978    0.5250
...    49 T-A ...
 -101.6593  -75.0208   77.6107
   -0.4539   -0.2565   -0.8534
    0.1714   -0.9649    0.1989
   -0.8744   -0.0560    0.4819
...    50 G-C ...
 -104.5595  -75.6186   79.1809
   -0.2243   -0.7890   -0.5720
    0.3742   -0.6117    0.6970
   -0.8998   -0.0577    0.4324
...    51 T-A ...
 -107.8164  -75.6001   80.0674
    0.0101   -0.9960   -0.0893
    0.4372   -0.0759    0.8962
   -0.8993   -0.0480    0.4346
...    52 A-T ...
 -110.5901  -75.3541   82.1212
    0.2281   -0.7742    0.5905
    0.3571    0.6307    0.6890
   -0.9058    0.0537    0.4203
...    53 G-C ...
 -113.6915  -75.3882   83.3800
    0.4326   -0.2963    0.8515
    0.1945    0.9529    0.2328
   -0.8804    0.0649    0.4698
...    54 T-A ...
 -116.6250  -75.7828   84.9184
    0.5044    0.2618    0.8229
   -0.0525    0.9605   -0.2734
   -0.8619    0.0947    0.4981
...    55 C-G ...
 -119.4646  -75.5248   86.5596
    0.4312    0.7758    0.4607
   -0.3379    0.6123   -0.7147
   -0.8366    0.1525    0.5262
...    56 A-T ...
 -122.2950  -74.8432   88.2587
    0.2832    0.9526   -0.1112
   -0.5549    0.0682   -0.8291
   -0.7822    0.2965    0.5479
...    57 T-A ...
 -124.3819  -73.7127   90.5025
   -0.0099    0.8428   -0.5381
   -0.6355   -0.4208   -0.6474
   -0.7721    0.3356    0.5397
...    58 G-C ...
 -127.1421  -72.4346   91.9438
   -0.2953    0.3952   -0.8698
   -0.5667   -0.8055   -0.1735
   -0.7692    0.4417    0.4618
...    59 T-A ...
 -129.4051  -70.3893   93.2665
   -0.5420   -0.1141   -0.8326
   -0.3410   -0.8756    0.3420
   -0.7681    0.4693    0.4357
...    60 T-A ...
 -131.8268  -68.5904   94.5210
   -0.6803   -0.5893   -0.4359
    0.0462   -0.6279    0.7769
   -0.7315    0.5084    0.4544
...    61 A-T ...
 -133.9398  -67.0301   96.8301
   -0.5451   -0.7831    0.2994
    0.5404   -0.0552    0.8396
   -0.6410    0.6194    0.4532
...    62 T-A ...
 -136.4677  -65.0568   97.7642
   -0.2021   -0.6636    0.7202
    0.7604    0.3571    0.5425
   -0.6172    0.6573    0.4325
...    63 A-T ...
 -138.0081  -62.3171   99.1743
    0.3316   -0.2016    0.9216
    0.7328    0.6703   -0.1170
   -0.5942    0.7142    0.3700
...    64 A-T ...
 -140.0843  -60.1355  100.4023
    0.7025    0.2298    0.6735
    0.4138    0.6382   -0.6493
   -0.5790    0.7348    0.3533
...    65 C-G ...
 -142.0923  -58.0837  102.0203
    0.8479    0.4918    0.1981
   -0.0255    0.4111   -0.9112
   -0.5295    0.7676    0.3611
...    66 G-C ...
 -143.8180  -55.3073  102.9178
    0.7686    0.4924   -0.4084
   -0.5105    0.0872   -0.8555
   -0.3856    0.8660    0.3184
...    67 G-C ...
 -144.6712  -52.2382  104.0155
    0.4034    0.3458   -0.8472
   -0.8672   -0.1509   -0.4745
   -0.2920    0.9261    0.2390
...    68 A-T ...
 -145.4763  -49.0982  104.5768
   -0.1832    0.1372   -0.9735
   -0.9501   -0.2790    0.1394
   -0.2524    0.9504    0.1815
...    69 G-C ...
 -146.0689  -45.8250  104.8759
   -0.6652   -0.0866   -0.7417
   -0.7048   -0.2550    0.6619
   -0.2465    0.9630    0.1086
...    70 T-A ...
 -146.6313  -42.5258  104.6109
   -0.9443   -0.2092   -0.2540
   -0.2280   -0.1405    0.9635
   -0.2372    0.9677    0.0850
...    71 A-T ...
 -147.1321  -39.2365  105.7043
   -0.8520   -0.1117    0.5115
    0.5136    0.0117    0.8580
   -0.1018    0.9937    0.0474
...    72 T-A ...
 -147.9082  -36.0089  105.3121
   -0.4491   -0.0403    0.8926
    0.8912    0.0511    0.4507
   -0.0638    0.9979    0.0130
...    73 C-G ...
 -148.1572  -32.6909  105.1980
    0.2011    0.0005    0.9796
    0.9791    0.0313   -0.2010
   -0.0307    0.9995    0.0058
...    74 T-A ...
 -148.4557  -29.3657  105.3546
    0.7096   -0.0411    0.7034
    0.7041    0.0031   -0.7101
    0.0271    0.9991    0.0311
...    75 C-G ...
 -148.4384  -26.0716  105.4393
    0.9866   -0.0949    0.1327
    0.1342    0.0090   -0.9909
    0.0928    0.9954    0.0216
...    76 G-C ...
 -148.0324  -22.7231  105.1348
    0.8616   -0.2447   -0.4446
   -0.4393    0.0791   -0.8948
    0.2541    0.9664   -0.0394
...    77 A-T ...
 -147.0310  -19.6166  104.9429
    0.4134   -0.2251   -0.8823
   -0.8545    0.2389   -0.4613
    0.3146    0.9446   -0.0935
...    78 G-C ...
 -145.6304  -16.6402  104.4909
   -0.1433   -0.1435   -0.9792
   -0.9261    0.3683    0.0815
    0.3489    0.9186   -0.1857
...    79 C-G ...
 -144.1586  -13.8401  103.4137
   -0.6512    0.0521   -0.7571
   -0.6677    0.4349    0.6042
    0.3607    0.8990   -0.2484
...    80 T-A ...
 -142.9144  -10.9919  102.1748
   -0.9222    0.2607   -0.2857
   -0.1732    0.3821    0.9078
    0.3458    0.8866   -0.3072
...    81 C-G ...
 -141.8739   -8.0595  101.0134
   -0.8245    0.4586    0.3314
    0.4404    0.1524    0.8848
    0.3553    0.8755   -0.3276
...    82 G-C ...
 -140.3557   -5.1135  100.2901
   -0.4076    0.4257    0.8078
    0.8495   -0.1477    0.5065
    0.3350    0.8927   -0.3014
...    83 G-C ...
 -139.3592   -2.0941   99.0767
    0.1379    0.2172    0.9663
    0.9221   -0.3844   -0.0451
    0.3617    0.8972   -0.2533
...    84 G-C ...
 -138.3316    0.9925   98.1072
    0.6066   -0.1096    0.7874
    0.6697   -0.4633   -0.5804
    0.4285    0.8794   -0.2076
...    85 A-T ...
 -137.0028    3.9078   97.3862
    0.8623   -0.4128    0.2933
    0.1643   -0.3198   -0.9331
    0.4790    0.8528   -0.2080
...    86 T-A ...
 -135.3807    6.7503   97.3487
    0.8089   -0.5461   -0.2179
   -0.3000   -0.0645   -0.9518
    0.5057    0.8353   -0.2160
...    87 C-G ...
 -133.5853    9.3903   96.6296
    0.4367   -0.5343   -0.7237
   -0.7081    0.2920   -0.6429
    0.5548    0.7932   -0.2508
...    88 C-G ...
 -131.3707   11.7349   95.6191
   -0.0875   -0.3605   -0.9287
   -0.7975    0.5839   -0.1515
    0.5969    0.7274   -0.3386
...    89 G-C ...
 -129.6950   14.2613   94.0903
   -0.5912   -0.0309   -0.8060
   -0.5500    0.7464    0.3748
    0.5900    0.6648   -0.4582
...    90 C-G ...
 -127.7205   16.1486   92.1399
   -0.8131    0.3811   -0.4401
   -0.0958    0.6581    0.7468
    0.5742    0.6494   -0.4986
...    91 T-A ...
 -125.9444   18.1747   90.1416
   -0.7394    0.6702    0.0643
    0.3943    0.3536    0.8482
    0.5457    0.6525   -0.5258
...    92 T-A ...
 -124.2784   20.1708   88.1543
   -0.3211    0.7825    0.5335
    0.7517   -0.1321    0.6461
    0.5760    0.6085   -0.5458
...    93 T-A ...
 -122.6097   22.1574   86.1648
    0.2213    0.5709    0.7907
    0.7799   -0.5903    0.2079
    0.5854    0.5707   -0.5759
...    94 A-T ...
 -120.2955   23.5477   84.0416
    0.7003    0.0431    0.7125
    0.4125   -0.8390   -0.3547
    0.5825    0.5424   -0.6054
...    95 A-T ...
 -118.4516   25.4688   82.1754
    0.8063   -0.4643    0.3665
   -0.0902   -0.7089   -0.6995
    0.5846    0.5310   -0.6135
...    96 C-G ...
 -116.3262   27.5086   80.6586
    0.6031   -0.7964   -0.0456
   -0.5090   -0.3402   -0.7907
    0.6141    0.5001   -0.6106
...    97 A-T ...
 -114.3529   29.0249   78.3877
    0.1148   -0.8943   -0.4325
   -0.7440    0.2111   -0.6340
    0.6583    0.3946   -0.6411
...    98 C-G ...
 -111.7289   29.9294   76.5616
   -0.3315   -0.6511   -0.6828
   -0.6727    0.6705   -0.3129
    0.6616    0.3556   -0.6602
...    99 T-A ...
 -109.4347   30.7300   74.2671
   -0.6860   -0.1900   -0.7023
   -0.3492    0.9328    0.0888
    0.6383    0.3062   -0.7063
...   100 T-A ...
 -107.3178   31.4623   71.8983
   -0.7465    0.4082   -0.5255
    0.1310    0.8644    0.4854
    0.6524    0.2935   -0.6987
...   101 T-A ...
 -105.2597   32.1800   69.4670
   -0.4981    0.8534   -0.1537
    0.5498    0.4479    0.7050
    0.6705    0.2667   -0.6923
...   102 A-T ...
 -102.5606   33.0364   67.5216
    0.0357    0.9442    0.3273
    0.7297   -0.2484    0.6370
    0.6828    0.2161   -0.6979
...   103 T-A ...
 -100.8267   34.0310   64.8735
    0.4265    0.6743    0.6029
    0.5953   -0.7111    0.3741
    0.6809    0.1993   -0.7047
...   104 G-C ...
  -98.3475   34.4364   62.6414
    0.6454    0.0944    0.7580
    0.2271   -0.9712   -0.0724
    0.7293    0.2188   -0.6482
...   105 C-G ...
  -95.9422   35.5544   60.6076
    0.6269   -0.4806    0.6131
   -0.1778   -0.8545   -0.4880
    0.7585    0.1969   -0.6212
...   106 T-A ...
  -93.2500   36.3066   58.7905
    0.3726   -0.8839    0.2828
   -0.4800   -0.4444   -0.7564
    0.7942    0.1461   -0.5898
...   107 T-A ...
  -90.5508   36.7979   57.0507
    0.0111   -0.9777   -0.2098
   -0.6056    0.1603   -0.7794
    0.7957    0.1357   -0.5903
...   108 C-G ...
  -87.8983   37.0828   55.1127
   -0.3850   -0.6840   -0.6196
   -0.4724    0.7228   -0.5044
    0.7928    0.0985   -0.6014
...   109 C-G ...
  -85.2442   37.0169   52.9928
   -0.6416   -0.1597   -0.7502
   -0.1409    0.9860   -0.0893
    0.7540    0.0484   -0.6551
...   110 G-C ...
  -82.8315   37.5610   50.6636
   -0.6659    0.4440   -0.5996
    0.2922    0.8946    0.3380
    0.6865    0.0498   -0.7255
...   111 G-C ...
  -80.7144   37.5805   47.9971
   -0.4264    0.8693   -0.2500
    0.6332    0.4843    0.6037
    0.6459    0.0992   -0.7570
...   112 C-G ...
  -78.8872   37.8389   45.1946
   -0.0146    0.9863    0.1643
    0.7673   -0.0944    0.6344
    0.6412    0.1353   -0.7554
...   113 T-A ...
  -76.9686   38.4785   42.5296
    0.3791    0.7591    0.5291
    0.6564   -0.6237    0.4245
    0.6523    0.1864   -0.7347
...   114 C-G ...
  -74.8375   39.1615   40.0986
    0.6791    0.2149    0.7018
    0.2916   -0.9565    0.0107
    0.6736    0.1974   -0.7123
...   115 G-C ...
  -72.4194   39.4025   37.7200
    0.6437   -0.4028    0.6507
   -0.1362   -0.8970   -0.4206
    0.7531    0.1821   -0.6322
...   116 T-A ...
  -69.7197   40.4119   36.0614
    0.4419   -0.8312    0.3373
   -0.4578   -0.5323   -0.7121
    0.7714    0.1603   -0.6158
...   117 A-T ...
  -67.3561   40.7940   33.6398
    0.0326   -0.9790   -0.2011
   -0.6259    0.1368   -0.7678
    0.7792    0.1509   -0.6083
...   118 T-A ...
  -64.4169   40.9956   32.1346
   -0.2943   -0.7604   -0.5789
   -0.5479    0.6306   -0.5497
    0.7830    0.1554   -0.6023
...   119 A-T ...
  -61.9736   41.9518   29.9393
   -0.5604   -0.1454   -0.8154
   -0.2179    0.9757   -0.0243
    0.7991    0.1641   -0.5784
...   120 A-T ...
  -59.3499   42.2173   28.0146
   -0.5558    0.4707   -0.6852
    0.1509    0.8677    0.4736
    0.8175    0.1599   -0.5533
...   121 T-A ...
  -56.8861   42.2330   25.7947
   -0.3834    0.8587   -0.3401
    0.4145    0.4891    0.7675
    0.8254    0.1533   -0.5434
...   122 G-C ...
  -54.0245   42.9115   24.1715
   -0.1297    0.9643    0.2309
    0.5722   -0.1174    0.8117
    0.8098    0.2373   -0.5365
...   123 T-A ...
  -51.7380   43.9400   21.9744
    0.1726    0.7376    0.6528
    0.5480   -0.6226    0.5587
    0.8185    0.2613   -0.5116
...   124 G-C ...
  -48.8252   44.7146   20.4806
    0.3709    0.1987    0.9071
    0.3634   -0.9300    0.0552
    0.8546    0.3092   -0.4172
...   125 T-A ...
  -46.1649   46.3057   19.3144
    0.4714   -0.3475    0.8106
    0.1147   -0.8871   -0.4471
    0.8744    0.3037   -0.3783
...   126 C-G ...
  -43.2203   47.2812   18.2152
    0.4114   -0.8244    0.3888
   -0.1709   -0.4887   -0.8555
    0.8953    0.2855   -0.3420
...   127 G-C ...
  -40.2020   47.8502   16.7550
    0.1512   -0.9764   -0.1544
   -0.3204    0.0994   -0.9420
    0.9351    0.1920   -0.2978
...   128 A-T ...
  -37.0604   48.3448   15.8198
   -0.0856   -0.7104   -0.6986
   -0.3258    0.6826   -0.6541
    0.9415    0.1716   -0.2899
...   129 C-G ...
  -33.7742   48.3171   15.0999
   -0.2535   -0.2183   -0.9424
   -0.2149    0.9626   -0.1652
    0.9432    0.1607   -0.2909
...   130 C-G ...
  -30.5727   48.5880   13.9690
   -0.3792    0.3648   -0.8504
   -0.0173    0.9161    0.4007
    0.9252    0.1666   -0.3411
...   131 A-T ...
  -27.4462   49.3738   13.0377
   -0.3742    0.8317   -0.4102
    0.2165    0.5085    0.8334
    0.9017    0.2231   -0.3703
...   132 A-T ...
  -24.5782   50.0065   11.6294
   -0.1684    0.9726    0.1605
    0.3789   -0.0865    0.9214
    0.9100    0.2159   -0.3539
...   133 A-T ...
  -21.7120   50.7791   10.3105
    0.0706    0.7332    0.6763
    0.3986   -0.6422    0.6547
    0.9144    0.2233   -0.3376
...   134 T-A ...
  -19.0083   52.0403    8.9384
    0.2450    0.2904    0.9250
    0.3072   -0.9282    0.2101
    0.9196    0.2327   -0.3167
...   135 G-C ...
  -16.4569   53.8981    7.5290
    0.5336   -0.3334    0.7773
    0.0348   -0.9096   -0.4140
    0.8450    0.2479   -0.4738
...   136 T-A ...
  -14.1681   56.5698    6.1948
    0.5795   -0.7269    0.3684
   -0.3140   -0.6163   -0.7222
    0.7521    0.3028   -0.5854
...   137 G-C ...
  -11.6469   58.0147    4.7336
    0.2454   -0.9541   -0.1717
   -0.6318   -0.0231   -0.7748
    0.7352    0.2986   -0.6085
...   138 A-T ...
   -8.6698   58.7290    3.6170
   -0.0344   -0.7815   -0.6230
   -0.6534    0.4892   -0.5777
    0.7562    0.3872   -0.5274
...   139 G-C ...
   -6.3211   59.0880    1.6440
   -0.2967   -0.3277   -0.8970
   -0.5657    0.8170   -0.1114
    0.7694    0.4744   -0.4278
...   140 C-G ...
   -3.4296   60.2438    1.0435
   -0.4424    0.2288   -0.8671
   -0.1682    0.9286    0.3309
    0.8809    0.2922   -0.3723
...   141 G-C ...
   -0.6893   63.9063   -2.2356
   -0.9992    0.0156   -0.0375
   -0.0024    0.8991    0.4378
    0.0405    0.4375   -0.8983
...   142 C-G ...
   -0.9980   65.6138   -4.9249
   -0.8337    0.5217    0.1810
    0.5169    0.6220    0.5881
    0.1942    0.5839   -0.7882
...   143 T-A ...
   -0.1244   66.2251   -7.8042
   -0.3751    0.8568    0.3538
    0.8856    0.2185    0.4098
    0.2739    0.4670   -0.8408
...   144 C-G ...
   -0.1580   67.4198  -10.7922
    0.1799    0.8792    0.4411
    0.9276   -0.3009    0.2214
    0.3274    0.3694   -0.8697
...   145 A-T ...
    0.5352   69.2488  -13.4514
    0.7352    0.4961    0.4620
    0.6117   -0.7791   -0.1369
    0.2921    0.3832   -0.8763
...   146 C-G ...
    1.4421   72.1065  -15.5859
    0.9808    0.0622    0.1849
    0.1266   -0.9240   -0.3608
    0.1484    0.3773   -0.9141
...   147 A-T ...
    2.3150   74.2411  -18.3714
    0.8657   -0.4292   -0.2574
   -0.4984   -0.7868   -0.3642
   -0.0462    0.4436   -0.8950
