  147 base-pairs
...     1 A-T ...
    0.0000    0.0000    0.0000
    1.0000    0.0000    0.0000
    0.0000    1.0000    0.0000
    0.0000    0.0000    1.0000
...     2 G-C ...
   -0.1394   -1.2357    3.2268
    0.7529    0.6366    0.1670
   -0.6386    0.7680   -0.0486
   -0.1592   -0.0700    0.9848
...     3 T-A ...
   -0.0365   -3.2932    6.3751
    0.2722    0.9301    0.2466
   -0.9238    0.3243   -0.2033
   -0.2691   -0.1725    0.9475
...     4 G-C ...
   -0.3505   -4.1660    9.4928
   -0.3756    0.9250    0.0579
   -0.8781   -0.3352   -0.3415
   -0.2965   -0.1791    0.9381
...     5 A-T ...
   -0.4462   -4.1476   12.7498
   -0.8116    0.5840   -0.0165
   -0.5523   -0.7762   -0.3042
   -0.1905   -0.2378    0.9524
...     6 G-C ...
   -1.5908   -4.1730   15.6201
   -0.9976    0.0246   -0.0651
   -0.0043   -0.9555   -0.2950
   -0.0695   -0.2940    0.9533
...     7 C-G ...
   -1.1030   -4.4824   18.7362
   -0.8441   -0.5304   -0.0787
    0.5345   -0.8441   -0.0432
   -0.0435   -0.0785    0.9960
...     8 G-C ...
   -2.4028   -7.7290   23.1475
   -0.2754   -0.3293   -0.9032
    0.6650   -0.7437    0.0684
   -0.6942   -0.5818    0.4238
...     9 C-G ...
   -4.4690   -9.9728   24.1132
    0.1145   -0.7025   -0.7024
    0.8512   -0.2952    0.4340
   -0.5122   -0.6476    0.5642
...    10 T-A ...
   -6.7405  -10.8752   25.9697
    0.4841   -0.8363   -0.2574
    0.6595    0.1553    0.7355
   -0.5751   -0.5258    0.6267
...    11 C-G ...
   -9.1656  -12.6208   27.1640
    0.7073   -0.6682    0.2307
    0.3448    0.6110    0.7126
   -0.6171   -0.4245    0.6626
...    12 A-T ...
  -10.9234  -14.6633   29.0693
    0.7515   -0.1377    0.6452
   -0.2029    0.8824    0.4246
   -0.6277   -0.4500    0.6352
...    13 C-G ...
  -11.8476  -17.4863   31.2451
    0.4295    0.2823    0.8578
   -0.5708    0.8209    0.0156
   -0.6998   -0.4963    0.5137
...    14 A-T ...
  -13.5897  -19.7827   33.4259
   -0.1504    0.6104    0.7777
   -0.6874    0.5008   -0.5260
   -0.7106   -0.6136    0.3443
...    15 A-T ...
  -15.8183  -21.8473   34.5758
   -0.5333    0.7888    0.3056
   -0.4478    0.0432   -0.8931
   -0.7177   -0.6131    0.3302
...    16 T-A ...
  -17.9392  -23.8256   36.3508
   -0.7221    0.6530   -0.2284
   -0.0612   -0.3893   -0.9191
   -0.6891   -0.6497    0.3211
...    17 T-A ...
  -20.1987  -25.7850   37.7186
   -0.6385    0.2644   -0.7227
    0.3983   -0.6900   -0.6044
   -0.6585   -0.6738    0.3352
...    18 T-A ...
  -22.4563  -27.8671   38.8491
   -0.2728   -0.1773   -0.9456
    0.6969   -0.7140   -0.0672
   -0.6633   -0.6773    0.3184
...    19 A-T ...
  -24.4566  -30.4344   39.9606
    0.2555   -0.5975   -0.7601
    0.7031   -0.4248    0.5703
   -0.6636   -0.6801    0.3116
...    20 T-A ...
  -27.0470  -32.4658   40.4726
    0.5848   -0.7432   -0.3251
    0.4577   -0.0286    0.8887
   -0.6697   -0.6685    0.3234
...    21 T-A ...
  -29.2919  -34.6963   41.2606
    0.7217   -0.6294    0.2881
    0.0013    0.4174    0.9087
   -0.6922   -0.6555    0.3021
...    22 C-G ...
  -31.5298  -36.9038   42.2832
    0.5869   -0.2336    0.7752
   -0.4491    0.7028    0.5518
   -0.6737   -0.6720    0.3076
...    23 G-C ...
  -34.0457  -38.7208   43.6601
    0.3255    0.2987    0.8971
   -0.7220    0.6912    0.0319
   -0.6106   -0.6581    0.4406
...    24 C-G ...
  -35.7480  -41.1424   45.1154
   -0.0719    0.6572    0.7503
   -0.7808    0.4310   -0.4523
   -0.6207   -0.6183    0.4822
...    25 A-T ...
  -38.2119  -43.1452   46.2337
   -0.4889    0.8231    0.2889
   -0.5749   -0.0550   -0.8164
   -0.6561   -0.5652    0.5001
...    26 A-T ...
  -40.3482  -44.9250   47.9796
   -0.7247    0.6403   -0.2546
   -0.1812   -0.5336   -0.8261
   -0.6648   -0.5525    0.5027
...    27 A-T ...
  -42.4700  -46.5333   49.8708
   -0.6972    0.1935   -0.6903
    0.2895   -0.8049   -0.5180
   -0.6558   -0.5610    0.5052
...    28 G-C ...
  -44.9562  -48.0430   51.6135
   -0.3871   -0.2534   -0.8865
    0.6099   -0.7915   -0.0401
   -0.6915   -0.5562    0.4610
...    29 G-C ...
  -47.5891  -49.8360   52.9561
    0.0889   -0.6458   -0.7583
    0.7032   -0.4985    0.5070
   -0.7054   -0.5783    0.4097
...    30 C-G ...
  -50.0837  -51.7769   53.9195
    0.5008   -0.7955   -0.3412
    0.5056   -0.0512    0.8613
   -0.7026   -0.6038    0.3766
...    31 C-G ...
  -52.6228  -53.7605   54.9761
    0.7351   -0.6494    0.1946
    0.1198    0.4068    0.9056
   -0.6673   -0.6424    0.3768
...    32 G-C ...
  -54.6745  -55.5765   56.4657
    0.7411   -0.2692    0.6150
   -0.3009    0.6857    0.6628
   -0.6002   -0.6763    0.4272
...    33 G-C ...
  -56.4429  -58.0286   57.9673
    0.4763    0.2190    0.8516
   -0.6716    0.7157    0.1916
   -0.5675   -0.6632    0.4880
...    34 C-G ...
  -58.0482  -60.4833   59.4979
    0.0460    0.6290    0.7761
   -0.8189    0.4687   -0.3313
   -0.5721   -0.6203    0.5366
...    35 C-G ...
  -59.7381  -62.4644   61.7066
   -0.3685    0.8394    0.3995
   -0.7111    0.0222   -0.7027
   -0.5987   -0.5430    0.5888
...    36 C-G ...
  -61.6981  -64.0914   63.9162
   -0.6698    0.7326   -0.1213
   -0.4018   -0.4949   -0.7705
   -0.6245   -0.4673    0.6258
...    37 G-C ...
  -63.9002  -66.2632   65.3868
   -0.7299    0.3509   -0.5866
    0.0391   -0.8353   -0.5484
   -0.6825   -0.4232    0.5960
...    38 A-T ...
  -66.1296  -67.5539   67.2944
   -0.5608   -0.2247   -0.7969
    0.4637   -0.8826   -0.0775
   -0.6859   -0.4129    0.5992
...    39 C-G ...
  -68.7271  -68.5393   68.9434
   -0.2066   -0.6539   -0.7279
    0.6726   -0.6352    0.3797
   -0.7106   -0.4111    0.5710
...    40 A-T ...
  -71.1350  -70.1289   70.7459
    0.2736   -0.8969   -0.3473
    0.6497   -0.0940    0.7544
   -0.7093   -0.4321    0.5570
...    41 C-G ...
  -73.6816  -71.8382   72.1434
    0.5831   -0.8050    0.1095
    0.3981    0.4006    0.8252
   -0.7082   -0.4376    0.5541
...    42 G-C ...
  -75.9191  -72.9038   74.3521
    0.7314   -0.3741    0.5702
   -0.0256    0.8205    0.5711
   -0.6814   -0.4323    0.5905
...    43 A-T ...
  -78.2430  -74.2389   76.0529
    0.5793    0.1920    0.7922
   -0.4276    0.8990    0.0949
   -0.6939   -0.3937    0.6029
...    44 C-G ...
  -80.1586  -76.0883   77.9963
    0.3043    0.6731    0.6740
   -0.6800    0.6490   -0.3412
   -0.6671   -0.3545    0.6552
...    45 T-A ...
  -82.1030  -77.4276   80.6612
   -0.0785    0.9620    0.2614
   -0.7335    0.1218   -0.6686
   -0.6751   -0.2443    0.6961
...    46 T-A ...
  -84.2499  -78.0587   82.9009
   -0.4059    0.8944   -0.1881
   -0.5924   -0.4142   -0.6911
   -0.6959   -0.1691    0.6979
...    47 A-T ...
  -86.7034  -78.3308   85.1173
   -0.5778    0.5079   -0.6390
   -0.2968   -0.8600   -0.4151
   -0.7603   -0.0502    0.6476
...    48 C-G ...
  -89.2335  -77.7186   87.2096
   -0.6209   -0.0375   -0.7830
    0.0242   -0.9993    0.0286
   -0.7835   -0.0012    0.6213
...    49 T-A ...
  -92.0283  -77.2283   89.0537
   -0.4590   -0.5724   -0.6795
    0.2984   -0.8197    0.4889
   -0.8368    0.0217    0.5471
...    50 G-C ...
  -94.8248  -77.3822   90.8871
   -0.1492   -0.9521   -0.2668
    0.4882   -0.3056    0.8175
   -0.8599   -0.0083    0.5105
...    51 T-A ...
  -97.8308  -77.5532   92.0757
    0.1236   -0.9580    0.2588
    0.4847    0.2859    0.8266
   -0.8659    0.0233    0.4997
...    52 A-T ...
 -100.2799  -76.2731   94.4813
    0.3046   -0.4363    0.8467
    0.3142    0.8852    0.3431
   -0.8992    0.1615    0.4067
...    53 G-C ...
 -103.3028  -75.6829   95.6677
    0.4949    0.1045    0.8626
    0.1289    0.9729   -0.1918
   -0.8593    0.2061    0.4681
...    54 G-C ...
 -106.2533  -75.4915   97.6447
    0.5653    0.6225    0.5412
   -0.1766    0.7322   -0.6578
   -0.8058    0.2763    0.5239
...    55 T-A ...
 -108.6787  -74.7717   99.6427
    0.4357    0.8966    0.0798
   -0.4408    0.2898   -0.8496
   -0.7848    0.3350    0.5214
...    56 A-T ...
 -110.9800  -73.3987  101.8420
    0.2226    0.8306   -0.5105
   -0.6464   -0.2662   -0.7150
   -0.7298    0.4892    0.4776
...    57 T-A ...
 -112.8390  -71.4862  103.6759
   -0.1075    0.5380   -0.8361
   -0.6905   -0.6455   -0.3266
   -0.7153    0.5422    0.4409
...    58 C-G ...
 -115.2248  -69.3474  105.0069
   -0.4904   -0.0336   -0.8708
   -0.4967   -0.8103    0.3110
   -0.7161    0.5850    0.3807
...    59 T-A ...
 -117.6582  -67.2483  105.8659
   -0.6554   -0.5101   -0.5571
   -0.1734   -0.6163    0.7682
   -0.7351    0.6000    0.3155
...    60 C-G ...
 -120.2704  -65.6457  107.0947
   -0.6429   -0.7629    0.0675
    0.2309   -0.1091    0.9668
   -0.7303    0.6372    0.2463
...    61 G-C ...
 -122.3315  -63.4534  108.5768
   -0.3926   -0.6476    0.6530
    0.5725    0.3836    0.7247
   -0.7198    0.6584    0.2201
...    62 A-T ...
 -124.3562  -60.9111  109.2693
    0.0603   -0.2439    0.9679
    0.7303    0.6718    0.1238
   -0.6805    0.6994    0.2187
...    63 G-C ...
 -126.5851  -58.5428  109.8902
    0.4768    0.1694    0.8625
    0.6071    0.6461   -0.4625
   -0.6357    0.7442    0.2052
...    64 C-G ...
 -129.0057  -56.2761  110.8153
    0.7751    0.4837    0.4066
    0.2196    0.3972   -0.8911
   -0.5925    0.7799    0.2016
...    65 T-A ...
 -130.9706  -53.7144  111.7170
    0.8322    0.5313   -0.1584
   -0.2316    0.0735   -0.9700
   -0.5038    0.8440    0.1843
...    66 C-G ...
 -132.5371  -50.8133  112.2212
    0.5758    0.4071   -0.7090
   -0.6967   -0.2094   -0.6861
   -0.4278    0.8890    0.1631
...    67 G-C ...
 -134.2107  -47.8995  111.9289
    0.1248    0.1276   -0.9839
   -0.9326   -0.3233   -0.1602
   -0.3385    0.9377    0.0787
...    68 G-C ...
 -135.0243  -44.5874  111.7496
   -0.4120   -0.1497   -0.8988
   -0.8549   -0.2777    0.4382
   -0.3152    0.9489   -0.0135
...    69 G-C ...
 -136.1212  -41.4485  111.0528
   -0.8015   -0.3531   -0.4827
   -0.4969   -0.0560    0.8660
   -0.3328    0.9339   -0.1306
...    70 A-T ...
 -137.1069  -38.2928  110.2657
   -0.9506   -0.2621    0.1664
    0.1167    0.1949    0.9739
   -0.2877    0.9452   -0.1547
...    71 T-A ...
 -138.2611  -35.3594  109.2046
   -0.7393   -0.0945    0.6667
    0.6156    0.3061    0.7262
   -0.2727    0.9473   -0.1681
...    72 C-G ...
 -139.4078  -32.2309  108.4375
   -0.1889    0.1707    0.9670
    0.9550    0.2610    0.1405
   -0.2284    0.9501   -0.2124
...    73 C-G ...
 -140.1710  -29.1527  107.4586
    0.3882    0.1845    0.9029
    0.9074    0.0944   -0.4094
   -0.1607    0.9783   -0.1308
...    74 G-C ...
 -140.2316  -25.8878  106.7337
    0.8549    0.0866    0.5115
    0.5163   -0.0469   -0.8551
   -0.0501    0.9951   -0.0848
...    75 C-G ...
 -140.6772  -22.4541  106.8305
    0.9974   -0.0013   -0.0722
   -0.0719   -0.1214   -0.9900
   -0.0075    0.9926   -0.1212
...    76 T-A ...
 -140.4778  -19.0005  106.7789
    0.7722   -0.1489   -0.6177
   -0.6319   -0.0780   -0.7711
    0.0667    0.9858   -0.1543
...    77 T-A ...
 -139.9055  -15.8298  106.3464
    0.2597   -0.2012   -0.9445
   -0.9610    0.0420   -0.2732
    0.0946    0.9786   -0.1825
...    78 T-A ...
 -139.4522  -12.7041  105.6071
   -0.3418   -0.1878   -0.9208
   -0.9338    0.1780    0.3103
    0.1057    0.9659   -0.2362
...    79 A-T ...
 -139.6471   -9.3993  104.9224
   -0.8470   -0.0310   -0.5306
   -0.5149    0.2959    0.8046
    0.1321    0.9547   -0.2666
...    80 A-T ...
 -139.1513   -6.3932  103.8128
   -0.9766    0.2090    0.0508
    0.1056    0.2603    0.9597
    0.1874    0.9426   -0.2763
...    81 C-G ...
 -138.7192   -3.3346  102.3121
   -0.7217    0.3770    0.5806
    0.6526    0.0905    0.7523
    0.2311    0.9218   -0.3113
...    82 A-T ...
 -137.8789   -0.2428  101.2973
   -0.1539    0.3437    0.9264
    0.9516   -0.2008    0.2326
    0.2660    0.9173   -0.2962
...    83 C-G ...
 -137.6608    3.0083  100.3153
    0.3832    0.1750    0.9070
    0.8762   -0.3795   -0.2970
    0.2922    0.9085   -0.2987
...    84 T-A ...
 -136.9799    6.4604   99.6388
    0.7986   -0.1471    0.5836
    0.4773   -0.4361   -0.7629
    0.3667    0.8878   -0.2780
...    85 T-A ...
 -135.7932    9.4257   99.0585
    0.9173   -0.3957    0.0442
   -0.0759   -0.2828   -0.9562
    0.3909    0.8737   -0.2895
...    86 T-A ...
 -134.3941   12.1983   98.1466
    0.6774   -0.5593   -0.4778
   -0.5741    0.0042   -0.8188
    0.4599    0.8290   -0.3182
...    87 A-T ...
 -132.8836   14.8325   96.7700
    0.1648   -0.5416   -0.8243
   -0.8388    0.3627   -0.4060
    0.5188    0.7584   -0.3945
...    88 T-A ...
 -130.6076   16.8043   95.6248
   -0.2886   -0.3440   -0.8935
   -0.7938    0.6077    0.0224
    0.5353    0.7158   -0.4484
...    89 G-C ...
 -128.7556   18.9559   93.8854
   -0.7599    0.0301   -0.6494
   -0.4308    0.7247    0.5378
    0.4868    0.6884   -0.5377
...    90 C-G ...
 -127.2142   21.0130   91.7105
   -0.8725    0.4358   -0.2207
    0.0926    0.5911    0.8013
    0.4797    0.6787   -0.5561
...    91 T-A ...
 -125.9912   23.3132   89.3627
   -0.6402    0.7137    0.2842
    0.6159    0.2557    0.7451
    0.4591    0.6521   -0.6033
...    92 T-A ...
 -124.6933   25.3894   87.2548
   -0.1583    0.7348    0.6596
    0.8697   -0.2125    0.4455
    0.4675    0.6442   -0.6054
...    93 C-G ...
 -123.2927   27.6307   85.1219
    0.4179    0.4406    0.7945
    0.7679   -0.6387   -0.0497
    0.4855    0.6308   -0.6052
...    94 C-G ...
 -121.8454   29.6205   82.9076
    0.6965   -0.0572    0.7153
    0.4076   -0.7888   -0.4600
    0.5905    0.6120   -0.5261
...    95 G-C ...
 -119.9279   31.2147   80.9911
    0.7203   -0.5439    0.4305
   -0.0239   -0.6397   -0.7683
    0.6933    0.5431   -0.4737
...    96 G-C ...
 -117.2968   33.0704   79.6967
    0.4729   -0.8811    0.0036
   -0.4092   -0.2233   -0.8847
    0.7803    0.4169   -0.4661
...    97 T-A ...
 -114.3102   34.1356   78.8165
    0.1354   -0.8857   -0.4440
   -0.5855    0.2900   -0.7571
    0.7993    0.3625   -0.4793
...    98 C-G ...
 -111.6716   34.9406   77.1548
   -0.2619   -0.5863   -0.7666
   -0.5222    0.7541   -0.3984
    0.8116    0.2960   -0.5037
...    99 A-T ...
 -108.7743   35.6355   75.5038
   -0.5919   -0.1064   -0.7989
   -0.2183    0.9754    0.0319
    0.7759    0.1933   -0.6006
...   100 T-A ...
 -106.2831   35.7671   73.3649
   -0.6413    0.4097   -0.6487
    0.1337    0.8922    0.4313
    0.7556    0.1899   -0.6270
...   101 G-C ...
 -103.7652   36.2860   71.0934
   -0.4421    0.8703   -0.2169
    0.5146    0.4442    0.7334
    0.7346    0.2126   -0.6443
...   102 T-A ...
 -101.6382   36.7979   68.4653
   -0.0523    0.9735    0.2227
    0.6654   -0.1323    0.7347
    0.7447    0.1866   -0.6408
...   103 T-A ...
  -99.3905   37.3624   66.2135
    0.3742    0.7069    0.6002
    0.5553   -0.6892    0.4655
    0.7427    0.1592   -0.6505
...   104 A-T ...
  -96.7153   37.4688   64.0272
    0.6631    0.0713    0.7451
    0.1438   -0.9890   -0.0334
    0.7346    0.1293   -0.6661
...   105 T-A ...
  -94.3449   38.5574   62.0386
    0.6413   -0.4573    0.6161
   -0.2322   -0.8810   -0.4123
    0.7313    0.1214   -0.6711
...   106 A-T ...
  -92.0256   38.6920   59.5259
    0.3273   -0.9189    0.2204
   -0.5849   -0.3802   -0.7165
    0.7422    0.1056   -0.6618
...   107 A-T ...
  -89.5090   38.9406   57.5669
   -0.0872   -0.9712   -0.2216
   -0.6582    0.2232   -0.7190
    0.7478    0.0832   -0.6587
...   108 C-G ...
  -86.5958   38.7970   55.7692
   -0.4488   -0.6766   -0.5838
   -0.4886    0.7328   -0.4736
    0.7482    0.0726   -0.6594
...   109 G-C ...
  -84.4084   39.1414   53.3324
   -0.6943   -0.1033   -0.7122
   -0.0850    0.9945   -0.0614
    0.7146    0.0179   -0.6993
...   110 G-C ...
  -82.3010   39.0534   50.7825
   -0.6893    0.4529   -0.5655
    0.3383    0.8914    0.3015
    0.6406    0.0165   -0.7677
...   111 A-T ...
  -80.3786   39.1138   48.1459
   -0.3779    0.8962   -0.2326
    0.6947    0.4405    0.5687
    0.6121    0.0534   -0.7890
...   112 C-G ...
  -78.8758   39.0968   45.1898
    0.0342    0.9879    0.1515
    0.7982   -0.1182    0.5906
    0.6014    0.1007   -0.7926
...   113 T-A ...
  -77.2829   39.5740   42.2310
    0.4212    0.7419    0.5217
    0.6540   -0.6469    0.3921
    0.6284    0.1760   -0.7577
...   114 C-G ...
  -75.0835   40.0914   39.7649
    0.7120    0.1928    0.6752
    0.2809   -0.9595   -0.0223
    0.6435    0.2056   -0.7373
...   115 G-C ...
  -72.8297   40.2259   37.2721
    0.6815   -0.4433    0.5823
   -0.1901   -0.8756   -0.4440
    0.7067    0.1919   -0.6810
...   116 T-A ...
  -70.0547   41.1348   35.6145
    0.4308   -0.8604    0.2724
   -0.5259   -0.4846   -0.6990
    0.7334    0.1579   -0.6612
...   117 A-T ...
  -67.2632   41.6029   33.6967
   -0.0138   -0.9849   -0.1724
   -0.6538    0.1394   -0.7437
    0.7565    0.1025   -0.6459
...   118 T-A ...
  -64.3832   41.6360   32.0989
   -0.3393   -0.7622   -0.5514
   -0.5476    0.6366   -0.5431
    0.7649    0.1176   -0.6333
...   119 A-T ...
  -61.7977   42.3600   29.8806
   -0.5738   -0.1101   -0.8115
   -0.1784    0.9839   -0.0074
    0.7993    0.1405   -0.5843
...   120 A-T ...
  -59.1794   42.4661   27.9415
   -0.5606    0.4869   -0.6698
    0.1819    0.8615    0.4740
    0.8079    0.1439   -0.5715
...   121 T-A ...
  -56.7342   42.4572   25.6444
   -0.3649    0.8749   -0.3184
    0.4451    0.4643    0.7657
    0.8178    0.1377   -0.5588
...   122 G-C ...
  -53.9445   42.9347   23.6002
   -0.0794    0.9609    0.2652
    0.5697   -0.1746    0.8031
    0.8180    0.2149   -0.5336
...   123 T-A ...
  -51.5389   43.8003   21.5141
    0.2071    0.7195    0.6629
    0.5157   -0.6561    0.5510
    0.8314    0.2277   -0.5069
...   124 G-C ...
  -48.7029   44.6356   19.8494
    0.3923    0.1649    0.9050
    0.3196   -0.9470    0.0340
    0.8626    0.2759   -0.4242
...   125 T-A ...
  -46.0850   45.9546   18.5833
    0.4489   -0.3800    0.8088
    0.0816   -0.8839   -0.4606
    0.8899    0.2727   -0.3657
...   126 C-G ...
  -43.1751   46.7612   17.6070
    0.4132   -0.8303    0.3741
   -0.1734   -0.4750   -0.8627
    0.8940    0.2916   -0.3403
...   127 G-C ...
  -40.2811   47.2904   15.9389
    0.1503   -0.9777   -0.1466
   -0.3006    0.0961   -0.9489
    0.9418    0.1867   -0.2794
...   128 A-T ...
  -37.2364   47.8551   15.0964
   -0.0492   -0.7165   -0.6959
   -0.3281    0.6697   -0.6663
    0.9434    0.1955   -0.2680
...   129 C-G ...
  -33.9384   47.8335   14.6187
   -0.2444   -0.2391   -0.9397
   -0.2428    0.9533   -0.1795
    0.9388    0.1843   -0.2910
...   130 C-G ...
  -30.7476   48.0637   13.4078
   -0.4065    0.3168   -0.8570
   -0.0437    0.9302    0.3645
    0.9126    0.1856   -0.3642
...   131 A-T ...
  -27.5670   49.2914   12.9903
   -0.3709    0.8233   -0.4297
    0.1902    0.5202    0.8326
    0.9090    0.2271   -0.3495
...   132 A-T ...
  -24.6178   49.9927   11.7262
   -0.2001    0.9688    0.1462
    0.3645   -0.0649    0.9290
    0.9095    0.2392   -0.3401
...   133 A-T ...
  -21.7897   50.8628   10.2915
    0.0743    0.7447    0.6633
    0.3958   -0.6325    0.6658
    0.9153    0.2130   -0.3418
...   134 T-A ...
  -19.0082   52.0401    8.9385
    0.2450    0.2904    0.9250
    0.3072   -0.9282    0.2101
    0.9196    0.2327   -0.3166
...   135 G-C ...
  -16.4568   53.8979    7.5291
    0.5336   -0.3334    0.7773
    0.0348   -0.9096   -0.4140
    0.8450    0.2479   -0.4738
...   136 T-A ...
  -14.1680   56.5697    6.1949
    0.5795   -0.7269    0.3684
   -0.3140   -0.6163   -0.7222
    0.7521    0.3028   -0.5854
...   137 G-C ...
  -11.6468   58.0145    4.7337
    0.2454   -0.9541   -0.1717
   -0.6318   -0.0231   -0.7748
    0.7352    0.2986   -0.6085
...   138 A-T ...
   -8.6697   58.7288    3.6171
   -0.0344   -0.7815   -0.6230
   -0.6534    0.4892   -0.5777
    0.7562    0.3872   -0.5274
...   139 G-C ...
   -6.3210   59.0878    1.6441
   -0.2967   -0.3277   -0.8970
   -0.5657    0.8170   -0.1114
    0.7694    0.4744   -0.4278
...   140 C-G ...
   -3.4295   60.2436    1.0436
   -0.4424    0.2288   -0.8671
   -0.1682    0.9286    0.3309
    0.8809    0.2922   -0.3723
...   141 G-C ...
   -0.6892   63.9061   -2.2355
   -0.9992    0.0156   -0.0375
   -0.0024    0.8991    0.4378
    0.0405    0.4375   -0.8983
...   142 C-G ...
   -0.9978   65.6136   -4.9248
   -0.8337    0.5217    0.1810
    0.5169    0.6220    0.5881
    0.1942    0.5839   -0.7882
...   143 T-A ...
   -0.1243   66.2249   -7.8041
   -0.3751    0.8568    0.3538
    0.8856    0.2185    0.4098
    0.2739    0.4670   -0.8408
...   144 C-G ...
   -0.1579   67.4195  -10.7921
    0.1799    0.8792    0.4411
    0.9276   -0.3009    0.2214
    0.3274    0.3694   -0.8697
...   145 A-T ...
    0.5354   69.2485  -13.4513
    0.7352    0.4961    0.4620
    0.6117   -0.7791   -0.1369
    0.2921    0.3832   -0.8763
...   146 C-G ...
    1.4422   72.1062  -15.5858
    0.9808    0.0622    0.1849
    0.1266   -0.9240   -0.3608
    0.1484    0.3773   -0.9141
...   147 A-T ...
    2.3152   74.2409  -18.3713
    0.8657   -0.4292   -0.2574
   -0.4984   -0.7868   -0.3642
   -0.0462    0.4436   -0.8950
