  147 base-pairs
...     1 A-T ...
    0.0000    0.0000    0.0000
    1.0000    0.0000    0.0000
    0.0000    1.0000    0.0000
    0.0000    0.0000    1.0000
...     2 G-C ...
   -0.1394   -1.2357    3.2268
    0.7529    0.6366    0.1670
   -0.6386    0.7680   -0.0486
   -0.1592   -0.0700    0.9848
...     3 T-A ...
   -0.0365   -3.2932    6.3751
    0.2722    0.9301    0.2466
   -0.9238    0.3243   -0.2033
   -0.2691   -0.1725    0.9475
...     4 G-C ...
   -0.3505   -4.1660    9.4928
   -0.3756    0.9250    0.0579
   -0.8781   -0.3352   -0.3415
   -0.2965   -0.1791    0.9381
...     5 A-T ...
   -0.4462   -4.1476   12.7498
   -0.8116    0.5840   -0.0165
   -0.5523   -0.7762   -0.3042
   -0.1905   -0.2378    0.9524
...     6 G-C ...
   -1.5908   -4.1730   15.6201
   -0.9976    0.0246   -0.0651
   -0.0043   -0.9555   -0.2950
   -0.0695   -0.2940    0.9533
...     7 C-G ...
   -1.1030   -4.4824   18.7362
   -0.8441   -0.5304   -0.0787
    0.5345   -0.8441   -0.0432
   -0.0435   -0.0785    0.9960
...     8 G-C ...
   -2.4028   -7.7290   23.1475
   -0.2754   -0.3293   -0.9032
    0.6650   -0.7437    0.0684
   -0.6942   -0.5818    0.4238
...     9 C-G ...
   -4.4690   -9.9728   24.1132
    0.1145   -0.7025   -0.7024
    0.8512   -0.2952    0.4340
   -0.5122   -0.6476    0.5642
...    10 T-A ...
   -6.7405  -10.8752   25.9697
    0.4841   -0.8363   -0.2574
    0.6595    0.1553    0.7355
   -0.5751   -0.5258    0.6267
...    11 C-G ...
   -9.1656  -12.6208   27.1640
    0.7073   -0.6682    0.2307
    0.3448    0.6110    0.7126
   -0.6171   -0.4245    0.6626
...    12 A-T ...
  -10.9234  -14.6633   29.0693
    0.7515   -0.1377    0.6452
   -0.2029    0.8824    0.4246
   -0.6277   -0.4500    0.6352
...    13 C-G ...
  -11.8476  -17.4863   31.2451
    0.4295    0.2823    0.8578
   -0.5708    0.8209    0.0156
   -0.6998   -0.4963    0.5137
...    14 A-T ...
  -13.5897  -19.7827   33.4259
   -0.1504    0.6104    0.7777
   -0.6874    0.5008   -0.5260
   -0.7106   -0.6136    0.3443
...    15 A-T ...
  -15.8216  -21.8299   34.6108
   -0.5371    0.7869    0.3038
   -0.4524    0.0352   -0.8911
   -0.7119   -0.6161    0.3371
...    16 T-A ...
  -17.9215  -23.8127   36.4127
   -0.7303    0.6437   -0.2287
   -0.0633   -0.3971   -0.9156
   -0.6801   -0.6542    0.3308
...    17 T-A ...
  -20.1420  -25.7831   37.8208
   -0.6503    0.2461   -0.7187
    0.4028   -0.6904   -0.6009
   -0.6441   -0.6802    0.3498
...    18 T-A ...
  -22.3575  -27.8732   39.0422
   -0.2874   -0.2083   -0.9349
    0.7130   -0.6982   -0.0636
   -0.6395   -0.6849    0.3492
...    19 A-T ...
  -24.2490  -30.4696   40.3197
    0.2562   -0.6283   -0.7346
    0.7287   -0.3738    0.5738
   -0.6351   -0.6823    0.3621
...    20 T-A ...
  -26.7617  -32.5467   41.0100
    0.6007   -0.7415   -0.2989
    0.4803    0.0358    0.8764
   -0.6391   -0.6700    0.3776
...    21 T-A ...
  -28.9114  -34.7929   41.9903
    0.7540   -0.5850    0.2986
    0.0140    0.4689    0.8831
   -0.6567   -0.6617    0.3618
...    22 C-G ...
  -31.0293  -37.0116   43.2220
    0.6242   -0.1630    0.7641
   -0.4575    0.7165    0.5266
   -0.6333   -0.6782    0.3726
...    23 G-C ...
  -33.4018  -38.8524   44.8303
    0.3499    0.3709    0.8602
   -0.7520    0.6587    0.0218
   -0.5586   -0.6546    0.5094
...    24 C-G ...
  -34.9150  -41.2420   46.5267
   -0.0706    0.7014    0.7093
   -0.8211    0.3629   -0.4406
   -0.5664   -0.6135    0.5503
...    25 A-T ...
  -37.2490  -43.2377   47.9289
   -0.5202    0.8144    0.2571
   -0.6112   -0.1448   -0.7781
   -0.5965   -0.5620    0.5731
...    26 A-T ...
  -39.1953  -44.9849   49.9178
   -0.7768    0.5742   -0.2587
   -0.1896   -0.6049   -0.7734
   -0.6006   -0.5518    0.5787
...    27 A-T ...
  -41.0987  -46.5771   52.0460
   -0.7477    0.0888   -0.6581
    0.3179   -0.8222   -0.4722
   -0.5830   -0.5623    0.5865
...    28 G-C ...
  -43.3525  -48.1215   54.0609
   -0.4192   -0.3593   -0.8338
    0.6684   -0.7436   -0.0156
   -0.6144   -0.5639    0.5519
...    29 G-C ...
  -45.7051  -49.9812   55.7765
    0.0941   -0.7089   -0.6990
    0.7759   -0.3878    0.4977
   -0.6238   -0.5892    0.5135
...    30 C-G ...
  -47.9612  -51.9603   57.1595
    0.5458   -0.7827   -0.2992
    0.5690    0.0841    0.8180
   -0.6150   -0.6167    0.4913
...    31 C-G ...
  -50.2459  -53.9864   58.6379
    0.8061   -0.5586    0.1952
    0.1532    0.5157    0.8430
   -0.5716   -0.6496    0.5013
...    32 G-C ...
  -52.0248  -55.7725   60.4859
    0.8154   -0.1270    0.5648
   -0.3068    0.7325    0.6077
   -0.4908   -0.6689    0.5583
...    33 G-C ...
  -53.4154  -58.1531   62.4172
    0.5312    0.3677    0.7633
   -0.7185    0.6729    0.1759
   -0.4490   -0.6419    0.6216
...    34 C-G ...
  -54.5832  -60.5098   64.4225
    0.0599    0.7285    0.6824
   -0.8922    0.3456   -0.2907
   -0.4476   -0.5914    0.6707
...    35 C-G ...
  -55.8210  -62.2866   67.0663
   -0.4090    0.8505    0.3307
   -0.7826   -0.1405   -0.6065
   -0.4693   -0.5069    0.7231
...    36 C-G ...
  -57.3765  -63.7173   69.6904
   -0.7565    0.6409   -0.1302
   -0.4327   -0.6399   -0.6351
   -0.4903   -0.4241    0.7614
...    37 G-C ...
  -59.1727  -65.8465   71.7086
   -0.8337    0.1813   -0.5216
    0.0672   -0.9043   -0.4216
   -0.5481   -0.3865    0.7417
...    38 A-T ...
  -60.9921  -67.0233   74.0786
   -0.6277   -0.4065   -0.6639
    0.5514   -0.8342   -0.0105
   -0.5495   -0.3727    0.7478
...    39 C-G ...
  -63.2238  -67.9573   76.2351
   -0.2212   -0.7866   -0.5765
    0.7891   -0.4917    0.3681
   -0.5730   -0.3735    0.7295
...    40 A-T ...
  -65.1423  -69.4097   78.6365
    0.3319   -0.9151   -0.2289
    0.7552    0.1124    0.6458
   -0.5653   -0.3873    0.7283
...    41 C-G ...
  -67.2391  -71.0498   80.7010
    0.6895   -0.7086    0.1498
    0.4589    0.5875    0.6665
   -0.5603   -0.3908    0.7303
...    42 G-C ...
  -68.9988  -71.8473   83.4049
    0.8525   -0.1825    0.4898
   -0.0395    0.9119    0.4085
   -0.5212   -0.3677    0.7702
...    43 A-T ...
  -70.8534  -73.0209   85.6948
    0.6704    0.4004    0.6247
   -0.5156    0.8568    0.0041
   -0.5336   -0.3249    0.7808
...    44 C-G ...
  -72.1866  -74.6145   88.2461
    0.3271    0.8226    0.4651
   -0.8031    0.5013   -0.3221
   -0.4981   -0.2681    0.8246
...    45 T-A ...
  -73.4797  -75.5169   91.4305
   -0.1506    0.9856    0.0762
   -0.8485   -0.0894   -0.5216
   -0.5073   -0.1432    0.8498
...    46 T-A ...
  -75.1164  -75.8142   94.1234
   -0.5386    0.7947   -0.2800
   -0.6523   -0.6036   -0.4585
   -0.5334   -0.0643    0.8434
...    47 A-T ...
  -77.1125  -75.8377   96.7843
   -0.7575    0.2877   -0.5861
   -0.2456   -0.9573   -0.1525
   -0.6049    0.0284    0.7958
...    48 C-G ...
  -79.2787  -74.9927   99.2099
   -0.7559   -0.2812   -0.5912
    0.1750   -0.9570    0.2315
   -0.6309    0.0715    0.7726
...    49 T-A ...
  -81.6814  -74.3527  101.5160
   -0.5020   -0.7610   -0.4109
    0.5142   -0.6446    0.5657
   -0.6954    0.0726    0.7149
...    50 G-C ...
  -83.9174  -74.2972  103.9902
   -0.0644   -0.9979    0.0004
    0.7019   -0.0450    0.7109
   -0.7094    0.0461    0.7033
...    51 T-A ...
  -86.5154  -74.4074  105.9225
    0.3198   -0.8453    0.4280
    0.6176    0.5285    0.5824
   -0.7185    0.0781    0.6911
...    52 A-T ...
  -88.4998  -72.7950  108.5286
    0.5688   -0.1841    0.8016
    0.2589    0.9652    0.0379
   -0.7807    0.1860    0.5966
...    53 G-C ...
  -91.1984  -72.1357  110.3212
    0.6873    0.3550    0.6337
   -0.0661    0.8994   -0.4321
   -0.7234    0.2551    0.6416
...    54 G-C ...
  -93.4955  -71.6257  112.9721
    0.6018    0.7761    0.1886
   -0.4527    0.5260   -0.7199
   -0.6579    0.3479    0.6679
...    55 T-A ...
  -95.3148  -70.5607  115.4010
    0.3171    0.9106   -0.2649
   -0.7005    0.0366   -0.7127
   -0.6393    0.4116    0.6495
...    56 A-T ...
  -97.0255  -68.7689  117.8279
   -0.0442    0.6819   -0.7301
   -0.7893   -0.4718   -0.3929
   -0.6124    0.5589    0.5591
...    57 T-A ...
  -98.4788  -66.5396  119.6772
   -0.4220    0.2993   -0.8558
   -0.6689   -0.7399    0.0710
   -0.6119    0.6024    0.5125
...    58 C-G ...
 -100.5966  -64.2515  121.1931
   -0.7281   -0.2774   -0.6268
   -0.2687   -0.7258    0.6333
   -0.6306    0.6295    0.4539
...    59 T-A ...
 -102.8839  -62.0947  122.3173
   -0.7316   -0.6611   -0.1667
    0.1608   -0.4049    0.9001
   -0.6625    0.6317    0.4025
...    60 C-G ...
 -105.0974  -60.2543  123.9607
   -0.4868   -0.7385    0.4665
    0.5586    0.1474    0.8162
   -0.6715    0.6580    0.3407
...    61 G-C ...
 -106.7142  -57.7620  125.5265
   -0.0633   -0.4655    0.8828
    0.7504    0.5610    0.3497
   -0.6580    0.6845    0.3138
...    62 A-T ...
 -108.5389  -55.0943  126.2483
    0.4347   -0.0000    0.9006
    0.6613    0.6789   -0.3191
   -0.6114    0.7342    0.2951
...    63 G-C ...
 -110.5682  -52.6336  127.1300
    0.7514    0.3638    0.5504
    0.3331    0.5109   -0.7925
   -0.5695    0.7789    0.2627
...    64 C-G ...
 -112.6168  -50.1884  128.4039
    0.8332    0.5514   -0.0419
   -0.1654    0.1762   -0.9704
   -0.5277    0.8154    0.2380
...    65 T-A ...
 -114.2495  -47.4405  129.4084
    0.6701    0.4598   -0.5827
   -0.5917   -0.1429   -0.7934
   -0.4480    0.8765    0.1763
...    66 C-G ...
 -115.6544  -44.4552  129.7573
    0.2298    0.2210   -0.9478
   -0.8982   -0.3269   -0.2940
   -0.3748    0.9189    0.1234
...    67 G-C ...
 -117.4796  -41.6039  129.4942
   -0.2849   -0.0899   -0.9543
   -0.9039   -0.3062    0.2987
   -0.3190    0.9477    0.0060
...    68 G-C ...
 -118.4211  -38.3530  128.9268
   -0.7353   -0.3102   -0.6026
   -0.5938   -0.1339    0.7934
   -0.3268    0.9412   -0.0858
...    69 G-C ...
 -119.7998  -35.3611  128.1056
   -0.9179   -0.3957   -0.0296
   -0.0966    0.1503    0.9839
   -0.3848    0.9060   -0.1762
...    70 A-T ...
 -121.0930  -32.3612  127.1346
   -0.7902   -0.1593    0.5917
    0.5054    0.3766    0.7763
   -0.3466    0.9126   -0.2171
...    71 T-A ...
 -122.6351  -29.6224  126.0449
   -0.3930    0.0904    0.9151
    0.8560    0.3995    0.3281
   -0.3359    0.9123   -0.2344
...    72 C-G ...
 -124.0423  -26.6328  125.1772
    0.2292    0.3663    0.9019
    0.9224    0.2143   -0.3214
   -0.3110    0.9055   -0.2887
...    73 C-G ...
 -125.1853  -23.7665  123.9476
    0.7291    0.3174    0.6063
    0.6522   -0.0539   -0.7561
   -0.2073    0.9468   -0.2463
...    74 G-C ...
 -125.5466  -20.6808  122.6844
    0.9905    0.1052    0.0887
    0.1118   -0.2391   -0.9645
   -0.0803    0.9653   -0.2486
...    75 C-G ...
 -125.8619  -17.2562  122.2883
    0.8755   -0.0952   -0.4737
   -0.4801   -0.2817   -0.8307
   -0.0543    0.9548   -0.2924
...    76 T-A ...
 -125.6375  -13.8943  121.4764
    0.4399   -0.3096   -0.8430
   -0.8980   -0.1476   -0.4144
    0.0039    0.9393   -0.3430
...    77 T-A ...
 -125.2724  -10.8853  120.2895
   -0.1669   -0.3625   -0.9169
   -0.9858    0.0805    0.1476
    0.0203    0.9285   -0.3708
...    78 T-A ...
 -125.1029   -7.9474  118.9091
   -0.7046   -0.2818   -0.6513
   -0.7095    0.2982    0.6385
    0.0143    0.9120   -0.4100
...    79 A-T ...
 -125.4690   -4.7369  117.9236
   -0.9926   -0.0072   -0.1208
   -0.1118    0.4366    0.8927
    0.0463    0.8996   -0.4342
...    80 A-T ...
 -125.3345   -1.9388  116.2831
   -0.8515    0.3144    0.4197
    0.5150    0.3505    0.7823
    0.0988    0.8822   -0.4603
...    81 C-G ...
 -125.4080    0.8748  114.3163
   -0.3883    0.5081    0.7688
    0.9131    0.0995    0.3954
    0.1244    0.8555   -0.5026
...    82 A-T ...
 -124.9034    3.7343  112.6238
    0.2676    0.4467    0.8538
    0.9495   -0.2728   -0.1548
    0.1638    0.8521   -0.4971
...    83 C-G ...
 -124.9326    6.8341  111.2366
    0.7363    0.2200    0.6399
    0.6503   -0.4916   -0.5792
    0.1872    0.8426   -0.5050
...    84 T-A ...
 -124.4034   10.1167  109.9102
    0.9597   -0.1757    0.2195
    0.0902   -0.5470   -0.8322
    0.2663    0.8185   -0.5091
...    85 T-A ...
 -123.3978   12.8839  108.5397
    0.8282   -0.4800   -0.2892
   -0.4841   -0.3529   -0.8007
    0.2823    0.8031   -0.5246
...    86 T-A ...
 -122.3432   15.4235  106.8262
    0.3841   -0.6561   -0.6496
   -0.8634   -0.0060   -0.5045
    0.3271    0.7547   -0.5687
...    87 A-T ...
 -121.3972   17.8153  104.6797
   -0.2318   -0.6000   -0.7657
   -0.9097    0.4125   -0.0478
    0.3445    0.6854   -0.6415
...    88 T-A ...
 -119.7058   19.5179  102.5178
   -0.6590   -0.3624   -0.6591
   -0.6730    0.6753    0.3017
    0.3358    0.6424   -0.6889
...    89 G-C ...
 -118.6389   21.4108   99.9968
   -0.9600    0.0647   -0.2725
   -0.1196    0.7850    0.6079
    0.2533    0.6161   -0.7458
...    90 C-G ...
 -118.0294   23.2165   97.2261
   -0.8576    0.4973    0.1310
    0.4556    0.6166    0.6421
    0.2386    0.6103   -0.7554
...    91 T-A ...
 -117.7394   25.2731   94.4096
   -0.4206    0.7727    0.4754
    0.8848    0.2335    0.4032
    0.2006    0.5903   -0.7819
...    92 T-A ...
 -117.3209   27.1613   91.8249
    0.1709    0.7654    0.6205
    0.9636   -0.2612    0.0568
    0.2056    0.5882   -0.7822
...    93 C-G ...
 -116.8087   29.2337   89.1923
    0.7304    0.4326    0.5285
    0.6455   -0.6902   -0.3272
    0.2232    0.5801   -0.7834
...    94 C-G ...
 -116.2654   31.0863   86.5100
    0.9271   -0.0840    0.3652
    0.1421   -0.8230   -0.5500
    0.3467    0.5618   -0.7511
...    95 G-C ...
 -115.1891   32.5018   83.9182
    0.8092   -0.5764    0.1139
   -0.3691   -0.6496   -0.6647
    0.4571    0.4958   -0.7384
...    96 G-C ...
 -113.3502   33.9855   81.5625
    0.4142   -0.8855   -0.2105
   -0.7504   -0.2013   -0.6295
    0.5151    0.4187   -0.7479
...    97 C-G ...
 -111.0963   35.0096   79.2951
   -0.1108   -0.8650   -0.4893
   -0.8413    0.3438   -0.4172
    0.5292    0.3654   -0.7658
...    98 T-A ...
 -109.1848   35.9872   76.7563
   -0.5796   -0.5587   -0.5932
   -0.6245    0.7722   -0.1171
    0.5235    0.3026   -0.7965
...    99 C-G ...
 -107.7489   36.9869   73.9593
   -0.8496    0.0113   -0.5274
   -0.1161    0.9713    0.2078
    0.5146    0.2377   -0.8238
...   100 G-C ...
 -106.1048   38.2314   71.3412
   -0.7681    0.5868   -0.2561
    0.4418    0.7753    0.4513
    0.4634    0.2335   -0.8548
...   101 T-A ...
 -104.9984   38.6058   68.0893
   -0.3720    0.9278    0.0286
    0.8011    0.3053    0.5148
    0.4689    0.2144   -0.8568
...   102 T-A ...
 -103.6220   39.2350   65.2186
    0.1797    0.9314    0.3164
    0.8606   -0.3047    0.4081
    0.4765    0.1990   -0.8564
...   103 C-G ...
 -101.8283   39.6516   62.3978
    0.6631    0.5437    0.5145
    0.5670   -0.8136    0.1290
    0.4887    0.2062   -0.8477
...   104 A-T ...
 -100.2516   39.8937   59.3853
    0.8126   -0.0546    0.5802
    0.0812   -0.9753   -0.2055
    0.5771    0.2141   -0.7881
...   105 T-A ...
  -98.2627   41.0125   57.0383
    0.7111   -0.5589    0.4265
   -0.3444   -0.8058   -0.4817
    0.6129    0.1957   -0.7655
...   106 G-C ...
  -96.0249   41.6172   54.4449
    0.2929   -0.9494    0.1134
   -0.6968   -0.2932   -0.6546
    0.6547    0.1127   -0.7474
...   107 T-A ...
  -93.3745   41.9423   52.3696
   -0.1441   -0.9543   -0.2620
   -0.7390    0.2798   -0.6128
    0.6581    0.1053   -0.7455
...   108 T-A ...
  -91.1444   42.1121   50.0768
   -0.5491   -0.6190   -0.5616
   -0.5134    0.7800   -0.3578
    0.6595    0.0918   -0.7461
...   109 A-T ...
  -88.9808   42.6250   47.4562
   -0.7445    0.0402   -0.6664
   -0.0316    0.9949    0.0954
    0.6669    0.0921   -0.7395
...   110 T-A ...
  -86.9490   42.2266   44.8997
   -0.6411    0.5540   -0.5312
    0.3598    0.8283    0.4296
    0.6779    0.0843   -0.7303
...   111 A-T ...
  -84.4425   42.5772   42.5585
   -0.2269    0.9646   -0.1343
    0.6896    0.2565    0.6772
    0.6877    0.0611   -0.7235
...   112 A-T ...
  -82.3805   42.7452   40.0996
    0.2195    0.9337    0.2829
    0.6864   -0.3539    0.6353
    0.6933    0.0547   -0.7185
...   113 C-G ...
  -80.4668   43.2858   37.3128
    0.5640    0.5722    0.5954
    0.4384   -0.8185    0.3713
    0.6998    0.0516   -0.7125
...   114 G-C ...
  -77.9305   43.2290   35.2261
    0.6453   -0.0202    0.7636
    0.0491   -0.9965   -0.0678
    0.7623    0.0812   -0.6421
...   115 G-C ...
  -75.1780   43.5259   33.4433
    0.4876   -0.5617    0.6684
   -0.2650   -0.8247   -0.4997
    0.8319    0.0665   -0.5510
...   116 A-T ...
  -72.2869   43.8530   31.7749
    0.2006   -0.9469    0.2514
   -0.4902   -0.3192   -0.8111
    0.8482    0.0395   -0.5281
...   117 A-T ...
  -69.4020   43.9700   30.2615
   -0.1194   -0.9517   -0.2828
   -0.5214    0.3025   -0.7979
    0.8449    0.0522   -0.5323
...   118 T-A ...
  -66.3252   43.7225   28.9938
   -0.3526   -0.6378   -0.6847
   -0.3739    0.7668   -0.5217
    0.8578    0.0720   -0.5089
...   119 A-T ...
  -63.4009   44.2294   27.2293
   -0.4812    0.0352   -0.8759
   -0.0518    0.9963    0.0685
    0.8751    0.0783   -0.4776
...   120 A-T ...
  -60.5871   44.1509   25.5919
   -0.4252    0.6050   -0.6732
    0.2314    0.7917    0.5654
    0.8750    0.0847   -0.4766
...   121 T-A ...
  -57.9376   44.0174   23.5499
   -0.2313    0.9339   -0.2727
    0.4161    0.3483    0.8400
    0.8794    0.0808   -0.4691
...   122 G-C ...
  -54.9456   44.3463   21.7944
   -0.0072    0.9423    0.3347
    0.4735   -0.2916    0.8311
    0.8808    0.1644   -0.4441
...   123 T-A ...
  -52.2974   45.1357   20.0101
    0.2157    0.6493    0.7293
    0.4037   -0.7394    0.5388
    0.8891    0.1782   -0.4215
...   124 G-C ...
  -49.2765   45.8131   18.6565
    0.3340    0.0691    0.9400
    0.2310   -0.9729   -0.0106
    0.9138    0.2207   -0.3409
...   125 T-A ...
  -46.4597   46.9751   17.6774
    0.3562   -0.4678    0.8089
    0.0391   -0.8574   -0.5131
    0.9336    0.2144   -0.2871
...   126 C-G ...
  -43.4358   47.5884   16.9428
    0.3169   -0.8839    0.3439
   -0.1531   -0.4055   -0.9012
    0.9360    0.2330   -0.2638
...   127 G-C ...
  -40.4288   47.9990   15.4940
    0.0880   -0.9765   -0.1965
   -0.2409    0.1706   -0.9554
    0.9666    0.1314   -0.2202
...   128 A-T ...
  -37.3243   48.4190   14.8508
   -0.0640   -0.6754   -0.7347
   -0.2505    0.7235   -0.6433
    0.9660    0.1429   -0.2155
...   129 C-G ...
  -34.0213   48.2009   14.5038
   -0.2179   -0.1786   -0.9595
   -0.1740    0.9745   -0.1419
    0.9604    0.1360   -0.2434
...   130 C-G ...
  -30.7848   48.2454   13.4069
   -0.3592    0.3704   -0.8566
   -0.0051    0.9171    0.3986
    0.9332    0.1475   -0.3276
...   131 A-T ...
  -27.5890   49.3142   12.9445
   -0.3500    0.8362   -0.4222
    0.1935    0.5055    0.8408
    0.9165    0.2126   -0.3387
...   132 A-T ...
  -24.6271   49.9875   11.7079
   -0.1932    0.9694    0.1515
    0.3593   -0.0737    0.9303
    0.9130    0.2342   -0.3340
...   133 A-T ...
  -21.7873   50.8511   10.2882
    0.0755    0.7414    0.6669
    0.3914   -0.6371    0.6640
    0.9171    0.2109   -0.3382
...   134 T-A ...
  -19.0084   52.0402    8.9385
    0.2450    0.2904    0.9250
    0.3072   -0.9282    0.2101
    0.9196    0.2327   -0.3166
...   135 G-C ...
  -16.4570   53.8980    7.5291
    0.5336   -0.3334    0.7773
    0.0348   -0.9096   -0.4140
    0.8450    0.2479   -0.4738
...   136 T-A ...
  -14.1681   56.5698    6.1949
    0.5795   -0.7269    0.3684
   -0.3140   -0.6163   -0.7222
    0.7521    0.3028   -0.5854
...   137 G-C ...
  -11.6469   58.0146    4.7337
    0.2454   -0.9541   -0.1717
   -0.6318   -0.0231   -0.7748
    0.7352    0.2986   -0.6085
...   138 A-T ...
   -8.6698   58.7289    3.6171
   -0.0344   -0.7815   -0.6230
   -0.6534    0.4892   -0.5777
    0.7562    0.3872   -0.5274
...   139 G-C ...
   -6.3212   59.0879    1.6441
   -0.2967   -0.3277   -0.8970
   -0.5657    0.8170   -0.1114
    0.7694    0.4744   -0.4278
...   140 C-G ...
   -3.4297   60.2437    1.0436
   -0.4424    0.2288   -0.8671
   -0.1682    0.9286    0.3309
    0.8809    0.2922   -0.3723
...   141 G-C ...
   -0.6894   63.9063   -2.2355
   -0.9992    0.0156   -0.0375
   -0.0024    0.8991    0.4378
    0.0405    0.4375   -0.8983
...   142 C-G ...
   -0.9980   65.6137   -4.9248
   -0.8337    0.5217    0.1810
    0.5169    0.6220    0.5881
    0.1942    0.5839   -0.7882
...   143 T-A ...
   -0.1245   66.2250   -7.8041
   -0.3751    0.8568    0.3538
    0.8856    0.2185    0.4098
    0.2739    0.4670   -0.8408
...   144 C-G ...
   -0.1581   67.4197  -10.7921
    0.1799    0.8792    0.4411
    0.9276   -0.3009    0.2214
    0.3274    0.3694   -0.8697
...   145 A-T ...
    0.5352   69.2487  -13.4513
    0.7352    0.4961    0.4620
    0.6117   -0.7791   -0.1369
    0.2921    0.3832   -0.8763
...   146 C-G ...
    1.4420   72.1064  -15.5858
    0.9808    0.0622    0.1849
    0.1266   -0.9240   -0.3608
    0.1484    0.3773   -0.9141
...   147 A-T ...
    2.3150   74.2410  -18.3714
    0.8657   -0.4292   -0.2574
   -0.4984   -0.7868   -0.3642
   -0.0462    0.4436   -0.8950
