  147 base-pairs
...     1 A-T ...
    0.0000    0.0000    0.0000
    1.0000    0.0000    0.0000
    0.0000    1.0000    0.0000
    0.0000    0.0000    1.0000
...     2 G-C ...
   -0.1394   -1.2357    3.2268
    0.7529    0.6366    0.1670
   -0.6386    0.7680   -0.0486
   -0.1592   -0.0700    0.9848
...     3 T-A ...
   -0.0365   -3.2932    6.3751
    0.2722    0.9301    0.2466
   -0.9238    0.3243   -0.2033
   -0.2691   -0.1725    0.9475
...     4 G-C ...
   -0.3505   -4.1660    9.4928
   -0.3756    0.9250    0.0579
   -0.8781   -0.3352   -0.3415
   -0.2965   -0.1791    0.9381
...     5 A-T ...
   -0.4462   -4.1476   12.7498
   -0.8116    0.5840   -0.0165
   -0.5523   -0.7762   -0.3042
   -0.1905   -0.2378    0.9524
...     6 G-C ...
   -1.5908   -4.1730   15.6201
   -0.9976    0.0246   -0.0651
   -0.0043   -0.9555   -0.2950
   -0.0695   -0.2940    0.9533
...     7 C-G ...
   -1.1030   -4.4824   18.7362
   -0.8441   -0.5304   -0.0787
    0.5345   -0.8441   -0.0432
   -0.0435   -0.0785    0.9960
...     8 G-C ...
   -2.4028   -7.7290   23.1475
   -0.2754   -0.3293   -0.9032
    0.6650   -0.7437    0.0684
   -0.6942   -0.5818    0.4238
...     9 C-G ...
   -4.4690   -9.9728   24.1132
    0.1145   -0.7025   -0.7024
    0.8512   -0.2952    0.4340
   -0.5122   -0.6476    0.5642
...    10 T-A ...
   -6.7405  -10.8752   25.9697
    0.4841   -0.8363   -0.2574
    0.6595    0.1553    0.7355
   -0.5751   -0.5258    0.6267
...    11 C-G ...
   -9.1656  -12.6208   27.1640
    0.7073   -0.6682    0.2307
    0.3448    0.6110    0.7126
   -0.6171   -0.4245    0.6626
...    12 A-T ...
  -10.9234  -14.6633   29.0693
    0.7515   -0.1377    0.6452
   -0.2029    0.8824    0.4246
   -0.6277   -0.4500    0.6352
...    13 C-G ...
  -11.8476  -17.4863   31.2451
    0.4295    0.2823    0.8578
   -0.5708    0.8209    0.0156
   -0.6998   -0.4963    0.5137
...    14 A-T ...
  -13.5897  -19.7827   33.4259
   -0.1504    0.6104    0.7777
   -0.6874    0.5008   -0.5260
   -0.7106   -0.6136    0.3443
...    15 A-T ...
  -15.7359  -21.8966   34.6826
   -0.5516    0.7727    0.3140
   -0.4468    0.0442   -0.8936
   -0.7044   -0.6332    0.3208
...    16 T-A ...
  -17.8125  -23.8619   36.3458
   -0.7076    0.6769   -0.2029
   -0.0831   -0.3649   -0.9273
   -0.7017   -0.6393    0.3145
...    17 T-A ...
  -20.0976  -25.8445   37.5455
   -0.6181    0.3259   -0.7153
    0.3602   -0.6914   -0.6263
   -0.6987   -0.6448    0.3100
...    18 T-A ...
  -22.4750  -27.7828   38.6282
   -0.2806   -0.1468   -0.9485
    0.6580   -0.7489   -0.0788
   -0.6988   -0.6463    0.3067
...    19 A-T ...
  -24.5391  -30.2778   39.6926
    0.2274   -0.5887   -0.7757
    0.6741   -0.4797    0.5617
   -0.7028   -0.6506    0.2878
...    20 T-A ...
  -27.2054  -32.1938   40.0947
    0.5456   -0.7554   -0.3629
    0.4514   -0.0999    0.8867
   -0.7061   -0.6476    0.2865
...    21 T-A ...
  -29.5843  -34.3193   40.7768
    0.6931   -0.6779    0.2451
    0.0365    0.3725    0.9273
   -0.7199   -0.6338    0.2829
...    22 C-G ...
  -31.9123  -36.5137   41.6521
    0.5782   -0.2953    0.7606
   -0.4037    0.7066    0.5812
   -0.7091   -0.6431    0.2893
...    23 G-C ...
  -34.4958  -38.3857   42.8396
    0.2884    0.2363    0.9279
   -0.6807    0.7322    0.0252
   -0.6734   -0.6388    0.3720
...    24 C-G ...
  -36.4263  -40.7870   44.1693
   -0.1233    0.6364    0.7614
   -0.7248    0.4663   -0.5071
   -0.6778   -0.6144    0.4038
...    25 A-T ...
  -38.9115  -42.7515   45.3177
   -0.4698    0.8420    0.2652
   -0.5180   -0.0197   -0.8551
   -0.7148   -0.5391    0.4454
...    26 A-T ...
  -41.1641  -44.4365   46.9467
   -0.6810    0.6700   -0.2955
   -0.1397   -0.5149   -0.8458
   -0.7189   -0.5347    0.4442
...    27 A-T ...
  -43.5348  -46.0066   48.5220
   -0.6288    0.2365   -0.7407
    0.2864   -0.8152   -0.5034
   -0.7229   -0.5287    0.4449
...    28 G-C ...
  -46.1342  -47.5162   49.9810
   -0.3206   -0.2286   -0.9192
    0.5714   -0.8207    0.0048
   -0.7555   -0.5237    0.3938
...    29 G-C ...
  -48.9017  -49.1883   51.0231
    0.1137   -0.6229   -0.7740
    0.6248   -0.5609    0.5431
   -0.7725   -0.5453    0.3254
...    30 C-G ...
  -51.6879  -50.9417   51.7109
    0.4702   -0.8179   -0.3315
    0.4349   -0.1121    0.8935
   -0.7680   -0.5643    0.3030
...    31 C-G ...
  -54.2956  -53.0081   52.4527
    0.6785   -0.6994    0.2248
    0.0719    0.3677    0.9271
   -0.7311   -0.6129    0.2998
...    32 G-C ...
  -56.7894  -54.8687   53.8309
    0.6521   -0.2905    0.7003
   -0.3472    0.7067    0.6164
   -0.6739   -0.6451    0.3600
...    33 G-C ...
  -58.9562  -57.2543   54.9306
    0.3937    0.2167    0.8933
   -0.6556    0.7474    0.1076
   -0.6443   -0.6281    0.4363
...    34 C-G ...
  -60.7737  -59.6323   56.4217
   -0.0077    0.6347    0.7727
   -0.7625    0.4962   -0.4151
   -0.6469   -0.5924    0.4802
...    35 C-G ...
  -62.7671  -61.6584   58.2637
   -0.3655    0.8612    0.3531
   -0.6405    0.0426   -0.7668
   -0.6754   -0.5064    0.5360
...    36 C-G ...
  -64.9916  -63.1546   60.3184
   -0.5919    0.7824   -0.1938
   -0.3503   -0.4663   -0.8123
   -0.7259   -0.4129    0.5501
...    37 G-C ...
  -67.7181  -64.5844   61.7718
   -0.5987    0.4080   -0.6892
    0.0064   -0.8581   -0.5135
   -0.8009   -0.3118    0.5112
...    38 A-T ...
  -70.4759  -65.4962   63.3599
   -0.4526   -0.1983   -0.8694
    0.3456   -0.9378    0.0340
   -0.8220   -0.2850    0.4930
...    39 C-G ...
  -73.5183  -65.9096   64.7211
   -0.1835   -0.6808   -0.7091
    0.5192   -0.6796    0.5182
   -0.8347   -0.2731    0.4782
...    40 A-T ...
  -76.1091  -67.0679   66.5144
    0.2056   -0.9441   -0.2575
    0.5024   -0.1240    0.8557
   -0.8398   -0.3053    0.4489
...    41 C-G ...
  -79.1640  -68.1899   67.4233
    0.4463   -0.8554    0.2629
    0.3060    0.4219    0.8534
   -0.8409   -0.3004    0.4501
...    42 G-C ...
  -81.9480  -68.8513   69.2630
    0.6037   -0.4120    0.6824
   -0.0070    0.8533    0.5214
   -0.7972   -0.3195    0.5123
...    43 A-T ...
  -84.6453  -69.9414   70.8334
    0.5004    0.2047    0.8412
   -0.3562    0.9343   -0.0155
   -0.7891   -0.2919    0.5405
...    44 C-G ...
  -86.9352  -71.4215   72.7208
    0.2653    0.6913    0.6721
   -0.5674    0.6756   -0.4709
   -0.7795   -0.2564    0.5715
...    45 T-A ...
  -89.3206  -72.3045   74.8621
   -0.0116    0.9686    0.2485
   -0.6364    0.1846   -0.7490
   -0.7713   -0.1668    0.6143
...    46 T-A ...
  -91.7164  -72.7648   76.9855
   -0.3408    0.9034   -0.2601
   -0.5258   -0.4125   -0.7439
   -0.7794   -0.1167    0.6156
...    47 A-T ...
  -94.5102  -73.1166   78.8351
   -0.5294    0.4630   -0.7109
   -0.2476   -0.8858   -0.3925
   -0.8114   -0.0318    0.5836
...    48 C-G ...
  -97.1621  -72.5277   80.7671
   -0.5618   -0.0946   -0.8218
    0.0495   -0.9955    0.0808
   -0.8258    0.0047    0.5640
...    49 T-A ...
 -100.0781  -72.2444   82.3891
   -0.4193   -0.6390   -0.6449
    0.3137   -0.7686    0.5575
   -0.8519    0.0315    0.5228
...    50 G-C ...
 -102.7966  -72.5057   84.3440
   -0.1206   -0.9793   -0.1626
    0.4800   -0.2009    0.8540
   -0.8690    0.0249    0.4943
...    51 T-A ...
 -106.0104  -72.4700   85.4369
    0.1549   -0.9236    0.3507
    0.4761    0.3808    0.7927
   -0.8656    0.0442    0.4987
...    52 A-T ...
 -108.7111  -71.5718   87.4431
    0.3676   -0.3838    0.8471
    0.2896    0.9128    0.2879
   -0.8838    0.1395    0.4467
...    53 G-C ...
 -111.7143  -71.3386   88.9107
    0.5225    0.1855    0.8322
    0.0612    0.9654   -0.2536
   -0.8504    0.1835    0.4930
...    54 G-C ...
 -114.6463  -70.9402   90.5820
    0.5586    0.6737    0.4837
   -0.2296    0.6861   -0.6904
   -0.7970    0.2746    0.5380
...    55 T-A ...
 -116.9639  -70.2775   92.8260
    0.4029    0.9152   -0.0011
   -0.4935    0.2162   -0.8424
   -0.7708    0.3399    0.5388
...    56 A-T ...
 -119.4523  -68.8892   94.5963
    0.1559    0.8022   -0.5764
   -0.6762   -0.3387   -0.6543
   -0.7201    0.4917    0.4896
...    57 T-A ...
 -121.2929  -66.9017   96.4263
   -0.1908    0.4960   -0.8471
   -0.6764   -0.6918   -0.2527
   -0.7113    0.5248    0.4675
...    58 C-G ...
 -123.6652  -65.0030   97.6946
   -0.5417   -0.0418   -0.8396
   -0.4619   -0.8197    0.3388
   -0.7024    0.5712    0.4247
...    59 T-A ...
 -126.0156  -62.8631   98.7466
   -0.6923   -0.5098   -0.5107
   -0.1209   -0.6158    0.7786
   -0.7114    0.6008    0.3647
...    60 T-A ...
 -128.3073  -60.7000   99.6524
   -0.6772   -0.7286    0.1031
    0.3312   -0.1767    0.9269
   -0.6571    0.6618    0.3610
...    61 C-G ...
 -130.5553  -58.4867  100.7456
   -0.3409   -0.6517    0.6776
    0.6913    0.3147    0.6505
   -0.6371    0.6901    0.3432
...    62 A-T ...
 -132.2792  -55.8796  101.9590
    0.1836   -0.3304    0.9258
    0.7710    0.6327    0.0729
   -0.6098    0.7004    0.3709
...    63 T-A ...
 -134.7412  -54.0439  103.2186
    0.5561    0.0645    0.8286
    0.5737    0.6915   -0.4389
   -0.6013    0.7195    0.3476
...    64 G-C ...
 -136.6335  -51.4444  104.2218
    0.8551    0.3658    0.3674
    0.1464    0.5095   -0.8479
   -0.4974    0.7788    0.3821
...    65 T-A ...
 -138.1240  -49.1219  106.0095
    0.8360    0.5217   -0.1699
   -0.3292    0.2292   -0.9160
   -0.4390    0.8218    0.3633
...    66 T-A ...
 -139.3843  -46.4257  107.2473
    0.5306    0.4934   -0.6893
   -0.7547   -0.0952   -0.6491
   -0.3859    0.8646    0.3219
...    67 A-T ...
 -140.4533  -43.3535  108.0541
    0.0507    0.2047   -0.9775
   -0.9489   -0.2955   -0.1111
   -0.3116    0.9331    0.1793
...    68 T-A ...
 -140.8225  -40.1168  108.4425
   -0.4420    0.0051   -0.8970
   -0.8467   -0.3327    0.4153
   -0.2963    0.9430    0.1514
...    69 A-T ...
 -142.1881  -37.0655  109.1515
   -0.9011   -0.1823   -0.3935
   -0.3540   -0.2147    0.9102
   -0.2504    0.9595    0.1289
...    70 A-T ...
 -142.9422  -33.8776  109.2294
   -0.9475   -0.2010    0.2487
    0.2653   -0.0603    0.9623
   -0.1785    0.9777    0.1104
...    71 C-G ...
 -143.8636  -30.6119  109.0160
   -0.6448   -0.1705    0.7451
    0.7476    0.0618    0.6612
   -0.1588    0.9834    0.0876
...    72 G-C ...
 -143.7945  -27.2416  109.3935
   -0.0590   -0.1305    0.9897
    0.9900    0.1198    0.0749
   -0.1283    0.9842    0.1222
...    73 G-C ...
 -144.4148  -23.8956  109.5542
    0.5238   -0.1021    0.8457
    0.8500    0.1277   -0.5110
   -0.0558    0.9865    0.1536
...    74 A-T ...
 -144.7397  -20.6475  109.9318
    0.9297   -0.0586    0.3635
    0.3681    0.1271   -0.9210
    0.0078    0.9902    0.1398
...    75 C-G ...
 -144.7567  -17.5367  110.9539
    0.9809   -0.0517   -0.1873
   -0.1790    0.1339   -0.9747
    0.0754    0.9897    0.1221
...    76 G-C ...
 -144.4109  -14.1804  110.9959
    0.6910   -0.1594   -0.7051
   -0.6831    0.1753   -0.7090
    0.2366    0.9715    0.0122
...    77 A-T ...
 -143.4404  -11.0666  110.8708
    0.1391   -0.1067   -0.9845
   -0.9462    0.2791   -0.1639
    0.2923    0.9543   -0.0621
...    78 G-C ...
 -142.1451   -8.0491  110.3902
   -0.4150   -0.0201   -0.9096
   -0.8551    0.3503    0.3823
    0.3109    0.9364   -0.1626
...    79 C-G ...
 -140.9600   -5.1281  109.2676
   -0.8315    0.1517   -0.5344
   -0.4577    0.3582    0.8138
    0.3149    0.9212   -0.2284
...    80 T-A ...
 -139.9627   -2.1610  108.0797
   -0.9496    0.3133    0.0112
    0.0981    0.2629    0.9598
    0.2977    0.9125   -0.2804
...    81 C-G ...
 -139.0759    0.8645  107.0250
   -0.6750    0.4363    0.5950
    0.6678    0.0185    0.7441
    0.3137    0.8996   -0.3038
...    82 G-C ...
 -137.5310    3.7719  106.2297
   -0.1511    0.3297    0.9319
    0.9350   -0.2583    0.2429
    0.3208    0.9081   -0.2692
...    83 G-C ...
 -136.6076    6.8441  105.0995
    0.3907    0.0712    0.9178
    0.8421   -0.4303   -0.3251
    0.3718    0.8999   -0.2281
...    84 G-C ...
 -135.5704    9.9559  104.2498
    0.7589   -0.2625    0.5960
    0.4637   -0.4248   -0.7775
    0.4572    0.8664   -0.2007
...    85 A-T ...
 -134.1366   12.8186  103.5804
    0.8530   -0.5208    0.0351
   -0.0820   -0.2001   -0.9763
    0.5155    0.8299   -0.2134
...    86 T-A ...
 -132.2355   15.4685  103.4931
    0.6720   -0.5859   -0.4529
   -0.4995    0.0929   -0.8613
    0.5467    0.8051   -0.2302
...    87 C-G ...
 -130.2922   17.9551  102.6672
    0.2096   -0.4796   -0.8521
   -0.7791    0.4446   -0.4420
    0.5908    0.7565   -0.2805
...    88 C-G ...
 -128.0164   20.1156  101.4066
   -0.3130   -0.2305   -0.9214
   -0.7250    0.6846    0.0750
    0.6135    0.6915   -0.3814
...    89 G-C ...
 -126.3452   22.5743   99.7796
   -0.7283    0.1385   -0.6712
   -0.3579    0.7583    0.5448
    0.5844    0.6370   -0.5027
...    90 C-G ...
 -124.5102   24.4224   97.6614
   -0.8138    0.5308   -0.2364
    0.1387    0.5726    0.8080
    0.5643    0.6248   -0.5396
...    91 T-A ...
 -122.8269   26.4057   95.5445
   -0.6063    0.7510    0.2617
    0.5847    0.1979    0.7867
    0.5390    0.6300   -0.5591
...    92 T-A ...
 -121.2418   28.3579   93.4485
   -0.0999    0.7550    0.6480
    0.8204   -0.3060    0.4831
    0.5631    0.5799   -0.5888
...    93 T-A ...
 -119.6426   30.2922   91.3554
    0.4344    0.4444    0.7835
    0.7013   -0.7127    0.0154
    0.5652    0.5428   -0.6212
...    94 A-T ...
 -117.5313   31.6072   89.0112
    0.7917   -0.1304    0.5968
    0.2253   -0.8458   -0.4837
    0.5678    0.5174   -0.6403
...    95 A-T ...
 -115.6817   33.4241   87.0571
    0.7649   -0.6092    0.2093
   -0.2882   -0.6143   -0.7346
    0.5761    0.5015   -0.6455
...    96 C-G ...
 -113.4689   35.2603   85.4317
    0.4615   -0.8673   -0.1869
   -0.6484   -0.1859   -0.7382
    0.6055    0.4618   -0.6482
...    97 A-T ...
 -111.5262   36.6450   83.0568
   -0.0772   -0.8616   -0.5017
   -0.7691    0.3716   -0.5199
    0.6344    0.3458   -0.6913
...    98 C-G ...
 -109.0182   37.2823   80.9758
   -0.5032   -0.5381   -0.6762
   -0.5899    0.7857   -0.1862
    0.6315    0.3052   -0.7128
...    99 T-A ...
 -106.8921   37.8954   78.4727
   -0.7787   -0.0324   -0.6265
   -0.1876    0.9650    0.1833
    0.5987    0.2603   -0.7575
...   100 T-A ...
 -104.9458   38.4624   75.9175
   -0.7230    0.5526   -0.4146
    0.3140    0.7974    0.5153
    0.6154    0.2424   -0.7500
...   101 T-A ...
 -103.0567   39.0188   73.3112
   -0.3698    0.9276   -0.0535
    0.6804    0.3095    0.6643
    0.6327    0.2092   -0.7456
...   102 A-T ...
 -100.4628   39.5669   71.1336
    0.2134    0.9049    0.3683
    0.7391   -0.3961    0.5449
    0.6389    0.1559   -0.7533
...   103 T-A ...
  -98.8539   40.4543   68.3736
    0.5791    0.5639    0.5888
    0.5106   -0.8139    0.2773
    0.6356    0.1401   -0.7592
...   104 G-C ...
  -96.5591   40.6342   65.9285
    0.7147   -0.0454    0.6979
    0.0711   -0.9880   -0.1370
    0.6958    0.1476   -0.7029
...   105 C-G ...
  -94.1935   41.5048   63.7442
    0.5965   -0.5991    0.5341
   -0.3422   -0.7918   -0.5059
    0.7260    0.1190   -0.6773
...   106 T-A ...
  -91.5706   41.9479   61.7422
    0.2596   -0.9411    0.2167
   -0.5974   -0.3328   -0.7296
    0.7588    0.0600   -0.6486
...   107 T-A ...
  -88.9674   42.1232   59.8084
   -0.1474   -0.9588   -0.2428
   -0.6331    0.2801   -0.7216
    0.7599    0.0474   -0.6483
...   108 C-G ...
  -86.4568   42.0950   57.6745
   -0.5241   -0.5964   -0.6079
   -0.3992    0.8026   -0.4433
    0.7523    0.0103   -0.6588
...   109 C-G ...
  -84.0019   41.7245   55.3530
   -0.7102   -0.0396   -0.7029
   -0.0056    0.9987   -0.0506
    0.7040   -0.0320   -0.7095
...   110 G-C ...
  -81.7072   42.0055   52.8716
   -0.6382    0.5524   -0.5363
    0.4366    0.8334    0.3389
    0.6341   -0.0178   -0.7730
...   111 G-C ...
  -79.7929   41.8114   50.0628
   -0.3210    0.9265   -0.1963
    0.7325    0.3743    0.5686
    0.6003    0.0387   -0.7988
...   112 C-G ...
  -78.1415   41.9056   47.1480
    0.1264    0.9738    0.1893
    0.7882   -0.2144    0.5768
    0.6023    0.0763   -0.7947
...   113 T-A ...
  -76.3390   42.3763   44.3749
    0.5052    0.6885    0.5204
    0.5973   -0.7141    0.3650
    0.6230    0.1264   -0.7720
...   114 C-G ...
  -74.2955   42.8648   41.8311
    0.7410    0.1101    0.6624
    0.1722   -0.9846   -0.0291
    0.6491    0.1356   -0.7486
...   115 G-C ...
  -71.9996   42.8847   39.3304
    0.6265   -0.4930    0.6037
   -0.2639   -0.8629   -0.4309
    0.7334    0.1107   -0.6708
...   116 T-A ...
  -69.2934   43.6125   37.5473
    0.3605   -0.8845    0.2960
   -0.5532   -0.4583   -0.6957
    0.7510    0.0871   -0.6545
...   117 A-T ...
  -67.0176   43.7717   35.0279
   -0.0869   -0.9723   -0.2170
   -0.6449    0.2209   -0.7316
    0.7593    0.0764   -0.6463
...   118 T-A ...
  -64.1520   43.6762   33.3749
   -0.4038   -0.7125   -0.5739
   -0.5026    0.6969   -0.5116
    0.7644    0.0819   -0.6395
...   119 A-T ...
  -61.7239   44.3798   31.0817
   -0.6118   -0.0737   -0.7876
   -0.1163    0.9932   -0.0026
    0.7824    0.0900   -0.6162
...   120 A-T ...
  -59.1828   44.3973   29.0324
   -0.5385    0.5333   -0.6524
    0.2597    0.8416    0.4736
    0.8016    0.0856   -0.5917
...   121 T-A ...
  -56.8402   44.1983   26.6962
   -0.3154    0.8957   -0.3135
    0.4963    0.4372    0.7500
    0.8088    0.0810   -0.5824
...   122 G-C ...
  -54.0255   44.6192   24.9153
   -0.0362    0.9691    0.2438
    0.5968   -0.1747    0.7831
    0.8016    0.1739   -0.5721
...   123 T-A ...
  -51.7692   45.4725   22.6260
    0.2585    0.7151    0.6495
    0.5205   -0.6695    0.5300
    0.8138    0.2010   -0.5452
...   124 G-C ...
  -48.8738   46.0567   21.0211
    0.4173    0.1643    0.8938
    0.2972   -0.9541    0.0366
    0.8588    0.2504   -0.4470
...   125 T-A ...
  -46.1528   47.4608   19.7744
    0.4736   -0.3840    0.7926
    0.0389   -0.8899   -0.4544
    0.8799    0.2460   -0.4066
...   126 C-G ...
  -43.1797   48.2317   18.6001
    0.3700   -0.8510    0.3726
   -0.2277   -0.4719   -0.8517
    0.9007    0.2303   -0.3684
...   127 G-C ...
  -40.1772   48.5972   17.0523
    0.0915   -0.9821   -0.1645
   -0.3388    0.1246   -0.9326
    0.9364    0.1411   -0.3213
...   128 A-T ...
  -37.0346   48.9238   16.0453
   -0.1383   -0.6987   -0.7019
   -0.3053    0.7043   -0.6409
    0.9422    0.1257   -0.3107
...   129 C-G ...
  -33.7675   48.7380   15.2492
   -0.2824   -0.1975   -0.9387
   -0.1725    0.9731   -0.1529
    0.9436    0.1188   -0.3089
...   130 C-G ...
  -30.5661   48.8593   14.0884
   -0.3792    0.3868   -0.8406
    0.0263    0.9126    0.4080
    0.9249    0.1327   -0.3562
...   131 A-T ...
  -27.4247   49.5011   13.1079
   -0.3551    0.8452   -0.3995
    0.2453    0.4966    0.8326
    0.9021    0.1976   -0.3837
...   132 A-T ...
  -24.5645   50.0598   11.6618
   -0.1473    0.9751    0.1661
    0.3900   -0.0970    0.9157
    0.9089    0.1996   -0.3660
...   133 A-T ...
  -21.7051   50.7916   10.3174
    0.0801    0.7317    0.6770
    0.3991   -0.6459    0.6508
    0.9134    0.2181   -0.3437
...   134 T-A ...
  -19.0084   52.0402    8.9384
    0.2450    0.2904    0.9250
    0.3072   -0.9282    0.2101
    0.9196    0.2327   -0.3166
...   135 G-C ...
  -16.4570   53.8980    7.5291
    0.5336   -0.3334    0.7773
    0.0348   -0.9096   -0.4140
    0.8450    0.2479   -0.4738
...   136 T-A ...
  -14.1681   56.5698    6.1949
    0.5795   -0.7269    0.3684
   -0.3140   -0.6163   -0.7222
    0.7521    0.3028   -0.5854
...   137 G-C ...
  -11.6469   58.0146    4.7337
    0.2454   -0.9541   -0.1717
   -0.6318   -0.0231   -0.7748
    0.7352    0.2986   -0.6085
...   138 A-T ...
   -8.6698   58.7289    3.6171
   -0.0344   -0.7815   -0.6230
   -0.6534    0.4892   -0.5777
    0.7562    0.3872   -0.5274
...   139 G-C ...
   -6.3212   59.0879    1.6441
   -0.2967   -0.3277   -0.8970
   -0.5657    0.8170   -0.1114
    0.7694    0.4744   -0.4278
...   140 C-G ...
   -3.4297   60.2437    1.0435
   -0.4424    0.2288   -0.8671
   -0.1682    0.9286    0.3309
    0.8809    0.2922   -0.3723
...   141 G-C ...
   -0.6894   63.9063   -2.2356
   -0.9992    0.0156   -0.0375
   -0.0024    0.8991    0.4378
    0.0405    0.4375   -0.8983
...   142 C-G ...
   -0.9980   65.6137   -4.9249
   -0.8337    0.5217    0.1810
    0.5169    0.6220    0.5881
    0.1942    0.5839   -0.7882
...   143 T-A ...
   -0.1245   66.2250   -7.8041
   -0.3751    0.8568    0.3538
    0.8856    0.2185    0.4098
    0.2739    0.4670   -0.8408
...   144 C-G ...
   -0.1581   67.4197  -10.7921
    0.1799    0.8792    0.4411
    0.9276   -0.3009    0.2214
    0.3274    0.3694   -0.8697
...   145 A-T ...
    0.5352   69.2487  -13.4513
    0.7352    0.4961    0.4620
    0.6117   -0.7791   -0.1369
    0.2921    0.3832   -0.8763
...   146 C-G ...
    1.4420   72.1064  -15.5858
    0.9808    0.0622    0.1849
    0.1266   -0.9240   -0.3608
    0.1484    0.3773   -0.9141
...   147 A-T ...
    2.3150   74.2410  -18.3714
    0.8657   -0.4292   -0.2574
   -0.4984   -0.7868   -0.3642
   -0.0462    0.4436   -0.8950
