  147 base-pairs
...     1 A-T ...
    0.0000    0.0000    0.0000
    1.0000    0.0000    0.0000
    0.0000    1.0000    0.0000
    0.0000    0.0000    1.0000
...     2 G-C ...
   -0.1394   -1.2357    3.2268
    0.7529    0.6366    0.1670
   -0.6386    0.7680   -0.0486
   -0.1592   -0.0700    0.9848
...     3 T-A ...
   -0.0365   -3.2932    6.3751
    0.2722    0.9301    0.2466
   -0.9238    0.3243   -0.2033
   -0.2691   -0.1725    0.9475
...     4 G-C ...
   -0.3505   -4.1660    9.4928
   -0.3756    0.9250    0.0579
   -0.8781   -0.3352   -0.3415
   -0.2965   -0.1791    0.9381
...     5 A-T ...
   -0.4462   -4.1476   12.7498
   -0.8116    0.5840   -0.0165
   -0.5523   -0.7762   -0.3042
   -0.1905   -0.2378    0.9524
...     6 G-C ...
   -1.5908   -4.1730   15.6201
   -0.9976    0.0246   -0.0651
   -0.0043   -0.9555   -0.2950
   -0.0695   -0.2940    0.9533
...     7 C-G ...
   -1.1030   -4.4824   18.7362
   -0.8441   -0.5304   -0.0787
    0.5345   -0.8441   -0.0432
   -0.0435   -0.0785    0.9960
...     8 G-C ...
   -2.4028   -7.7290   23.1475
   -0.2754   -0.3293   -0.9032
    0.6650   -0.7437    0.0684
   -0.6942   -0.5818    0.4238
...     9 C-G ...
   -4.4690   -9.9728   24.1132
    0.1145   -0.7025   -0.7024
    0.8512   -0.2952    0.4340
   -0.5122   -0.6476    0.5642
...    10 T-A ...
   -6.7405  -10.8752   25.9697
    0.4841   -0.8363   -0.2574
    0.6595    0.1553    0.7355
   -0.5751   -0.5258    0.6267
...    11 C-G ...
   -9.1656  -12.6208   27.1640
    0.7073   -0.6682    0.2307
    0.3448    0.6110    0.7126
   -0.6171   -0.4245    0.6626
...    12 A-T ...
  -10.9234  -14.6633   29.0693
    0.7515   -0.1377    0.6452
   -0.2029    0.8824    0.4246
   -0.6277   -0.4500    0.6352
...    13 C-G ...
  -11.8476  -17.4863   31.2451
    0.4295    0.2823    0.8578
   -0.5708    0.8209    0.0156
   -0.6998   -0.4963    0.5137
...    14 A-T ...
  -13.5897  -19.7827   33.4259
   -0.1504    0.6104    0.7777
   -0.6874    0.5008   -0.5260
   -0.7106   -0.6136    0.3443
...    15 A-T ...
  -15.7371  -21.8911   34.6849
   -0.5478    0.7749    0.3155
   -0.4489    0.0460   -0.8924
   -0.7060   -0.6305    0.3226
...    16 T-A ...
  -17.8180  -23.8437   36.3526
   -0.7036    0.6819   -0.1999
   -0.0889   -0.3636   -0.9273
   -0.7050   -0.6347    0.3164
...    17 T-A ...
  -20.1155  -25.8061   37.5574
   -0.6174    0.3345   -0.7120
    0.3503   -0.6934   -0.6296
   -0.7043   -0.6381    0.3109
...    18 T-A ...
  -22.5118  -27.7176   38.6419
   -0.2865   -0.1382   -0.9480
    0.6479   -0.7569   -0.0854
   -0.7058   -0.6387    0.3064
...    19 A-T ...
  -24.6172  -30.1777   39.6896
    0.2146   -0.5842   -0.7828
    0.6696   -0.4955    0.5533
   -0.7111   -0.6429    0.2848
...    20 T-A ...
  -27.3110  -32.0555   40.0856
    0.5313   -0.7600   -0.3742
    0.4548   -0.1168    0.8829
   -0.7148   -0.6393    0.2836
...    21 T-A ...
  -29.7228  -34.1477   40.7540
    0.6823   -0.6930    0.2327
    0.0489    0.3609    0.9313
   -0.7294   -0.6241    0.2801
...    22 C-G ...
  -32.0846  -36.3088   41.6158
    0.5775   -0.3162    0.7526
   -0.3859    0.7067    0.5930
   -0.7194   -0.6329    0.2861
...    23 G-C ...
  -34.6966  -38.1409   42.7916
    0.3009    0.2170    0.9286
   -0.6643    0.7463    0.0408
   -0.6842   -0.6292    0.3688
...    24 C-G ...
  -36.6679  -40.5172   44.0996
   -0.1013    0.6278    0.7718
   -0.7180    0.4908   -0.4935
   -0.6886   -0.6042    0.4010
...    25 A-T ...
  -39.1795  -42.4413   45.2507
   -0.4437    0.8501    0.2838
   -0.5275    0.0082   -0.8495
   -0.7245   -0.5266    0.4448
...    26 A-T ...
  -41.4598  -44.0863   46.8787
   -0.6631    0.6959   -0.2757
   -0.1652   -0.4953   -0.8529
   -0.7301   -0.5200    0.4433
...    27 A-T ...
  -43.8619  -45.6058   48.4527
   -0.6280    0.2731   -0.7287
    0.2525   -0.8142   -0.5228
   -0.7361   -0.5123    0.4424
...    28 G-C ...
  -46.4966  -47.0484   49.9085
   -0.3383   -0.1949   -0.9206
    0.5403   -0.8412   -0.0205
   -0.7704   -0.5044    0.3899
...    29 G-C ...
  -49.3181  -48.6364   50.9308
    0.0817   -0.6059   -0.7913
    0.6074   -0.5992    0.5215
   -0.7902   -0.5232    0.3191
...    30 C-G ...
  -52.1614  -50.2998   51.5942
    0.4336   -0.8262   -0.3596
    0.4381   -0.1554    0.8854
   -0.7874   -0.5415    0.2946
...    31 C-G ...
  -54.8370  -52.2876   52.2989
    0.6505   -0.7336    0.1965
    0.0949    0.3352    0.9374
   -0.7535   -0.5911    0.2877
...    32 G-C ...
  -57.3881  -54.0855   53.6449
    0.6438   -0.3417    0.6847
   -0.3121    0.6998    0.6426
   -0.6987   -0.6274    0.3439
...    33 G-C ...
  -59.6474  -56.4121   54.6801
    0.4083    0.1671    0.8974
   -0.6212    0.7713    0.1390
   -0.6689   -0.6142    0.4187
...    34 C-G ...
  -61.5626  -58.7586   56.0946
    0.0255    0.6052    0.7957
   -0.7413    0.5454   -0.3911
   -0.6706   -0.5799    0.4626
...    35 C-G ...
  -63.6315  -60.7692   57.8691
   -0.3223    0.8631    0.3888
   -0.6411    0.1032   -0.7605
   -0.6965   -0.4944    0.5200
...    36 C-G ...
  -65.9058  -62.2483   59.8801
   -0.5520    0.8187   -0.1580
   -0.3757   -0.4134   -0.8294
   -0.7444   -0.3985    0.5358
...    37 G-C ...
  -68.6879  -63.5968   61.2926
   -0.5754    0.4711   -0.6686
   -0.0396   -0.8325   -0.5525
   -0.8169   -0.2915    0.4977
...    38 A-T ...
  -71.4890  -64.4283   62.8397
   -0.4601   -0.1288   -0.8785
    0.2923   -0.9562   -0.0129
   -0.8384   -0.2627    0.4776
...    39 C-G ...
  -74.5507  -64.7362   64.1720
   -0.2180   -0.6302   -0.7452
    0.4766   -0.7351    0.4822
   -0.8517   -0.2500    0.4606
...    40 A-T ...
  -77.2226  -65.8396   65.8741
    0.1531   -0.9376   -0.3123
    0.4871   -0.2033    0.8494
   -0.8598   -0.2822    0.4255
...    41 C-G ...
  -80.3417  -66.8394   66.6947
    0.3933   -0.8947    0.2119
    0.3214    0.3497    0.8800
   -0.8614   -0.2780    0.4251
...    42 G-C ...
  -83.1663  -67.4631   68.4764
    0.5692   -0.4902    0.6601
    0.0351    0.8166    0.5762
   -0.8215   -0.3048    0.4820
...    43 A-T ...
  -85.9424  -68.4974   69.9435
    0.4970    0.1183    0.8596
   -0.3011    0.9526    0.0429
   -0.8138   -0.2801    0.5091
...    44 C-G ...
  -88.3481  -69.9626   71.6973
    0.2917    0.6268    0.7225
   -0.5178    0.7386   -0.4316
   -0.8042   -0.2482    0.5400
...    45 T-A ...
  -90.8233  -70.8507   73.7317
    0.0392    0.9475    0.3174
   -0.6072    0.2748   -0.7455
   -0.7935   -0.1635    0.5861
...    46 T-A ...
  -93.2877  -71.3216   75.7722
   -0.2804    0.9390   -0.1993
   -0.5304   -0.3246   -0.7831
   -0.8000   -0.1139    0.5891
...    47 A-T ...
  -96.1227  -71.6067   77.5578
   -0.4726    0.5524   -0.6867
   -0.2939   -0.8333   -0.4682
   -0.8308   -0.0194    0.5562
...    48 C-G ...
  -98.7858  -70.9861   79.4528
   -0.5352    0.0117   -0.8446
   -0.0225   -0.9997    0.0004
   -0.8444    0.0192    0.5354
...    49 T-A ...
 -101.7333  -70.6227   80.9902
   -0.4335   -0.5509   -0.7132
    0.2350   -0.8331    0.5007
   -0.8700    0.0494    0.4906
...    50 G-C ...
 -104.5614  -70.8537   82.7845
   -0.1775   -0.9498   -0.2575
    0.4217   -0.3098    0.8521
   -0.8892    0.0427    0.4556
...    51 T-A ...
 -107.8139  -70.6962   83.7283
    0.0745   -0.9605    0.2683
    0.4569    0.2720    0.8469
   -0.8864    0.0595    0.4591
...    52 A-T ...
 -110.5508  -69.8032   85.6863
    0.2903   -0.4850    0.8249
    0.3315    0.8597    0.3887
   -0.8977    0.1606    0.4103
...    53 G-C ...
 -113.6164  -69.4978   87.0040
    0.4781    0.0709    0.8755
    0.1393    0.9780   -0.1552
   -0.8672    0.1962    0.4577
...    54 G-C ...
 -116.6241  -69.0556   88.5244
    0.5638    0.5865    0.5815
   -0.1381    0.7611   -0.6338
   -0.8143    0.2770    0.5101
...    55 T-A ...
 -119.0578  -68.4554   90.6666
    0.4555    0.8827    0.1159
   -0.4163    0.3262   -0.8487
   -0.7869    0.3383    0.5161
...    56 A-T ...
 -121.5843  -67.0937   92.3993
    0.2470    0.8416   -0.4803
   -0.6408   -0.2300   -0.7325
   -0.7269    0.4886    0.4825
...    57 T-A ...
 -123.4472  -65.1776   94.2791
   -0.0910    0.5862   -0.8051
   -0.6921   -0.6185   -0.3721
   -0.7160    0.5233    0.4620
...    58 C-G ...
 -125.7981  -63.2652   95.5524
   -0.4648    0.0744   -0.8823
   -0.5361   -0.8167    0.2135
   -0.7047    0.5722    0.4195
...    59 T-A ...
 -128.1083  -61.0915   96.6054
   -0.6644   -0.4132   -0.6228
   -0.2300   -0.6798    0.6964
   -0.7111    0.6059    0.3566
...    60 C-G ...
 -130.5781  -59.0988   97.6005
   -0.6822   -0.7299   -0.0430
    0.2171   -0.2583    0.9414
   -0.6983    0.6328    0.3346
...    61 G-C ...
 -132.7583  -57.0406   99.2057
   -0.3980   -0.7451    0.5351
    0.5777    0.2496    0.7772
   -0.7126    0.6185    0.3311
...    62 T-A ...
 -135.5382  -55.2137   99.8910
   -0.0156   -0.4711    0.8819
    0.7189    0.6078    0.3373
   -0.6949    0.6393    0.3292
...    63 C-G ...
 -137.9165  -53.0696  100.8152
    0.4453   -0.0010    0.8954
    0.6002    0.7425   -0.2976
   -0.6645    0.6699    0.3312
...    64 A-T ...
 -140.0480  -50.5981  101.6607
    0.7869    0.3631    0.4989
    0.2259    0.5829   -0.7805
   -0.5742    0.7269    0.3767
...    65 T-A ...
 -141.8730  -48.5440  103.4339
    0.8140    0.5807    0.0124
   -0.2068    0.3097   -0.9281
   -0.5427    0.7529    0.3722
...    66 G-C ...
 -143.5257  -45.7984  104.4976
    0.6307    0.5205   -0.5756
   -0.6534   -0.0441   -0.7557
   -0.4187    0.8527    0.3123
...    67 T-A ...
 -144.2720  -42.8523  105.7116
    0.2131    0.3563   -0.9097
   -0.9011   -0.2881   -0.3239
   -0.3775    0.8889    0.2597
...    68 T-A ...
 -145.2786  -39.8658  106.4547
   -0.3416    0.0993   -0.9346
   -0.8704   -0.4085    0.2747
   -0.3545    0.9073    0.2260
...    69 A-T ...
 -146.8386  -36.9625  107.3249
   -0.8367   -0.1696   -0.5208
   -0.4482   -0.3345    0.8290
   -0.3148    0.9270    0.2038
...    70 T-A ...
 -147.6853  -33.7389  107.3104
   -0.9597   -0.2810    0.0084
    0.0632   -0.1864    0.9804
   -0.2740    0.9414    0.1966
...    71 A-T ...
 -147.9728  -30.5212  108.7235
   -0.6569   -0.1706    0.7345
    0.7436    0.0151    0.6685
   -0.1252    0.9852    0.1169
...    72 A-T ...
 -148.5889  -27.3016  108.8397
   -0.0771   -0.0499    0.9958
    0.9942    0.0709    0.0805
   -0.0746    0.9962    0.0442
...    73 C-G ...
 -149.4186  -24.0553  109.0079
    0.4821   -0.0120    0.8760
    0.8749    0.0587   -0.4807
   -0.0456    0.9982    0.0388
...    74 G-C ...
 -149.3372  -20.6754  108.6115
    0.8952   -0.1097    0.4319
    0.4351    0.0063   -0.9003
    0.0960    0.9939    0.0534
...    75 G-C ...
 -149.0864  -17.3344  108.9789
    0.9662   -0.2159   -0.1409
   -0.1321    0.0545   -0.9897
    0.2213    0.9749    0.0241
...    76 A-T ...
 -148.2580  -14.1852  109.0547
    0.6831   -0.2317   -0.6926
   -0.6677    0.1862   -0.7208
    0.2960    0.9548   -0.0275
...    77 A-T ...
 -147.0604  -11.1945  108.9176
    0.1657   -0.1474   -0.9751
   -0.9257    0.3177   -0.2054
    0.3400    0.9367   -0.0838
...    78 G-C ...
 -145.6073   -8.2571  108.3869
   -0.3859   -0.0314   -0.9220
   -0.8498    0.4012    0.3420
    0.3591    0.9155   -0.1815
...    79 C-G ...
 -144.2470   -5.4304  107.2236
   -0.8063    0.1706   -0.5664
   -0.4673    0.4034    0.7867
    0.3627    0.8990   -0.2455
...    80 T-A ...
 -143.0813   -2.5475  105.9835
   -0.9355    0.3521   -0.0299
    0.0778    0.2879    0.9545
    0.3447    0.8906   -0.2967
...    81 C-G ...
 -142.0363    0.4058  104.8741
   -0.6767    0.4789    0.5592
    0.6431    0.0148    0.7656
    0.3584    0.8777   -0.3180
...    82 G-C ...
 -140.3668    3.2378  104.0570
   -0.1706    0.3601    0.9172
    0.9166   -0.2835    0.2818
    0.3615    0.8888   -0.2817
...    83 G-C ...
 -139.3029    6.2518  102.8967
    0.3616    0.0825    0.9287
    0.8382   -0.4650   -0.2850
    0.4083    0.8814   -0.2373
...    84 G-C ...
 -138.1324    9.3086  102.0219
    0.7303   -0.2700    0.6275
    0.4765   -0.4568   -0.7512
    0.4895    0.8476   -0.2050
...    85 A-T ...
 -136.5888   12.1128  101.3395
    0.8367   -0.5426    0.0743
   -0.0560   -0.2198   -0.9739
    0.5448    0.8107   -0.2143
...    86 T-A ...
 -134.6149   14.7123  101.2592
    0.6708   -0.6116   -0.4194
   -0.4698    0.0872   -0.8785
    0.5739    0.7863   -0.2288
...    87 C-G ...
 -132.5873   17.1395  100.4499
    0.2243   -0.4997   -0.8367
   -0.7547    0.4540   -0.4735
    0.6165    0.7377   -0.2753
...    88 C-G ...
 -130.2275   19.2353   99.2346
   -0.2900   -0.2386   -0.9268
   -0.7123    0.7006    0.0425
    0.6391    0.6725   -0.3732
...    89 G-C ...
 -128.4526   21.6412   97.6393
   -0.7053    0.1427   -0.6944
   -0.3600    0.7717    0.5242
    0.6107    0.6197   -0.4929
...    90 C-G ...
 -126.5166   23.4268   95.5591
   -0.7974    0.5412   -0.2668
    0.1241    0.5798    0.8053
    0.5906    0.6090   -0.5295
...    91 T-A ...
 -124.7397   25.3599   93.4737
   -0.6029    0.7622    0.2358
    0.5638    0.1979    0.8018
    0.5645    0.6163   -0.5491
...    92 T-A ...
 -123.0655   27.2722   91.4120
   -0.1107    0.7618    0.6383
    0.8017   -0.3112    0.5104
    0.5874    0.5682   -0.5763
...    93 T-A ...
 -121.3802   29.1734   89.3574
    0.4142    0.4458    0.7935
    0.6933   -0.7194    0.0422
    0.5897    0.5327   -0.6071
...    94 A-T ...
 -119.1832   30.4598   87.0785
    0.7714   -0.1333    0.6223
    0.2332   -0.8506   -0.4713
    0.5921    0.5087   -0.6250
...    95 A-T ...
 -117.2580   32.2532   85.1749
    0.7537   -0.6135    0.2355
   -0.2702   -0.6160   -0.7400
    0.5990    0.4941   -0.6301
...    96 C-G ...
 -114.9833   34.0690   83.6085
    0.4614   -0.8708   -0.1699
   -0.6273   -0.1848   -0.7565
    0.6273    0.4557   -0.6315
...    97 A-T ...
 -112.9691   35.4404   81.2868
   -0.0668   -0.8619   -0.5027
   -0.7519    0.3747   -0.5425
    0.6559    0.3417   -0.6731
...    98 C-G ...
 -110.3976   36.0684   79.2803
   -0.4857   -0.5362   -0.6904
   -0.5810    0.7881   -0.2033
    0.6531    0.3024   -0.6943
...    99 T-A ...
 -108.1964   36.6766   76.8421
   -0.7605   -0.0294   -0.6486
   -0.1898    0.9654    0.1788
    0.6209    0.2591   -0.7398
...   100 T-A ...
 -106.1761   37.2429   74.3455
   -0.7102    0.5545   -0.4338
    0.3010    0.7961    0.5250
    0.6365    0.2423   -0.7323
...   101 T-A ...
 -104.2148   37.8038   71.7951
   -0.3682    0.9277   -0.0614
    0.6621    0.3080    0.6832
    0.6527    0.2109   -0.7277
...   102 A-T ...
 -101.5745   38.3689   69.6830
    0.1990    0.9044    0.3775
    0.7257   -0.3948    0.5634
    0.6586    0.1618   -0.7349
...   103 T-A ...
  -99.8946   39.2772   66.9733
    0.5596    0.5644    0.6069
    0.5072   -0.8124    0.2877
    0.6554    0.1468   -0.7409
...   104 G-C ...
  -97.5320   39.4865   64.5963
    0.6957   -0.0445    0.7169
    0.0811   -0.9868   -0.1400
    0.7137    0.1555   -0.6830
...   105 C-G ...
  -95.1112   40.3835   62.4834
    0.5860   -0.5982    0.5466
   -0.3230   -0.7911   -0.5195
    0.7432    0.1278   -0.6568
...   106 T-A ...
  -92.4383   40.8592   60.5551
    0.2608   -0.9406    0.2174
   -0.5754   -0.3322   -0.7473
    0.7752    0.0698   -0.6279
...   107 T-A ...
  -89.7856   41.0702   58.6929
   -0.1331   -0.9581   -0.2538
   -0.6163    0.2805   -0.7359
    0.7762    0.0585   -0.6278
...   108 C-G ...
  -87.2186   41.0838   56.6267
   -0.5031   -0.5957   -0.6261
   -0.3945    0.8029   -0.4469
    0.7689    0.0222   -0.6390
...   109 C-G ...
  -84.6985   40.7583   54.3702
   -0.6918   -0.0398   -0.7210
   -0.0136    0.9990   -0.0421
    0.7220   -0.0193   -0.6916
...   110 G-C ...
  -82.3434   41.0842   51.9518
   -0.6303    0.5510   -0.5469
    0.4197    0.8345    0.3571
    0.6531   -0.0044   -0.7573
...   111 G-C ...
  -80.3602   40.9386   49.1894
   -0.3259    0.9250   -0.1955
    0.7147    0.3764    0.5896
    0.6189    0.0525   -0.7837
...   112 C-G ...
  -78.6419   41.0822   46.3162
    0.1113    0.9732    0.2013
    0.7767   -0.2115    0.5932
    0.6199    0.0903   -0.7795
...   113 T-A ...
  -76.7798   41.6020   43.5917
    0.4853    0.6889    0.5384
    0.5966   -0.7111    0.3720
    0.6391    0.1407   -0.7561
...   114 C-G ...
  -74.6830   42.1403   41.1017
    0.7247    0.1118    0.6800
    0.1840   -0.9823   -0.0346
    0.6641    0.1502   -0.7324
...   115 G-C ...
  -72.3328   42.2119   38.6534
    0.6189   -0.4920    0.6123
   -0.2447   -0.8615   -0.4449
    0.7464    0.1255   -0.6535
...   116 T-A ...
  -69.5976   42.9899   36.9353
    0.3643   -0.8833    0.2950
   -0.5331   -0.4575   -0.7117
    0.7636    0.1020   -0.6375
...   117 A-T ...
  -67.2702   43.2039   34.4683
   -0.0713   -0.9711   -0.2278
   -0.6322    0.2206   -0.7427
    0.7715    0.0911   -0.6297
...   118 T-A ...
  -64.3707   43.1577   32.8743
   -0.3841   -0.7116   -0.5884
   -0.5000    0.6960   -0.5153
    0.7762    0.0963   -0.6231
...   119 A-T ...
  -61.9049   43.9048   30.6374
   -0.5965   -0.0747   -0.7991
   -0.1276    0.9918    0.0026
    0.7924    0.1036   -0.6012
...   120 A-T ...
  -59.3289   43.9685   28.6338
   -0.5335    0.5318   -0.6577
    0.2418    0.8411    0.4839
    0.8105    0.0992   -0.5773
...   121 T-A ...
  -56.9458   43.8146   26.3361
   -0.3206    0.8942   -0.3125
    0.4786    0.4376    0.7612
    0.8174    0.0945   -0.5683
...   122 G-C ...
  -54.1071   44.2852   24.6068
   -0.0506    0.9670    0.2497
    0.5864   -0.1736    0.7912
    0.8084    0.1865   -0.5583
...   123 T-A ...
  -51.8244   45.1807   22.3588
    0.2413    0.7135    0.6578
    0.5195   -0.6675    0.5334
    0.8197    0.2130   -0.5318
...   124 G-C ...
  -48.9120   45.8036   20.8005
    0.4039    0.1626    0.9003
    0.3059   -0.9514    0.0345
    0.8621    0.2615   -0.4340
...   125 T-A ...
  -46.1883   47.2428   19.5965
    0.4675   -0.3846    0.7960
    0.0527   -0.8867   -0.4594
    0.8824    0.2567   -0.3942
...   126 C-G ...
  -43.2105   48.0522   18.4594
    0.3733   -0.8499    0.3718
   -0.2140   -0.4689   -0.8569
    0.9027    0.2403   -0.3569
...   127 G-C ...
  -40.1967   48.4618   16.9466
    0.1008   -0.9806   -0.1681
   -0.3309    0.1263   -0.9352
    0.9383    0.1499   -0.3118
...   128 A-T ...
  -37.0489   48.8198   15.9708
   -0.1276   -0.6973   -0.7054
   -0.3050    0.7043   -0.6410
    0.9438    0.1334   -0.3025
...   129 C-G ...
  -33.7761   48.6601   15.2012
   -0.2746   -0.1970   -0.9412
   -0.1778    0.9723   -0.1516
    0.9450    0.1257   -0.3020
...   130 C-G ...
  -30.5710   48.8055   14.0563
   -0.3767    0.3859   -0.8421
    0.0188    0.9121    0.4096
    0.9261    0.1385   -0.3508
...   131 A-T ...
  -27.4304   49.4709   13.0887
   -0.3575    0.8437   -0.4004
    0.2394    0.4972    0.8340
    0.9027    0.2023   -0.3797
...   132 A-T ...
  -24.5677   50.0455   11.6528
   -0.1513    0.9745    0.1660
    0.3872   -0.0961    0.9170
    0.9095    0.2030   -0.3628
...   133 A-T ...
  -21.7069   50.7879   10.3151
    0.0780    0.7316    0.6772
    0.3987   -0.6455    0.6514
    0.9137    0.2192   -0.3421
...   134 T-A ...
  -19.0084   52.0402    8.9384
    0.2450    0.2904    0.9250
    0.3072   -0.9282    0.2101
    0.9196    0.2327   -0.3167
...   135 G-C ...
  -16.4570   53.8980    7.5291
    0.5336   -0.3334    0.7773
    0.0348   -0.9096   -0.4140
    0.8450    0.2479   -0.4738
...   136 T-A ...
  -14.1682   56.5698    6.1949
    0.5795   -0.7269    0.3684
   -0.3140   -0.6163   -0.7222
    0.7521    0.3028   -0.5854
...   137 G-C ...
  -11.6470   58.0147    4.7337
    0.2454   -0.9541   -0.1717
   -0.6318   -0.0231   -0.7748
    0.7352    0.2986   -0.6085
...   138 A-T ...
   -8.6699   58.7289    3.6171
   -0.0344   -0.7815   -0.6230
   -0.6534    0.4892   -0.5777
    0.7562    0.3872   -0.5274
...   139 G-C ...
   -6.3212   59.0879    1.6441
   -0.2967   -0.3277   -0.8970
   -0.5657    0.8170   -0.1114
    0.7694    0.4744   -0.4278
...   140 C-G ...
   -3.4297   60.2437    1.0435
   -0.4424    0.2288   -0.8671
   -0.1682    0.9286    0.3309
    0.8809    0.2922   -0.3723
...   141 G-C ...
   -0.6894   63.9063   -2.2356
   -0.9992    0.0156   -0.0375
   -0.0024    0.8991    0.4378
    0.0405    0.4375   -0.8983
...   142 C-G ...
   -0.9981   65.6137   -4.9249
   -0.8337    0.5217    0.1810
    0.5169    0.6220    0.5881
    0.1942    0.5839   -0.7882
...   143 T-A ...
   -0.1245   66.2250   -7.8041
   -0.3751    0.8568    0.3538
    0.8856    0.2185    0.4098
    0.2739    0.4670   -0.8408
...   144 C-G ...
   -0.1581   67.4197  -10.7921
    0.1799    0.8792    0.4411
    0.9276   -0.3009    0.2214
    0.3274    0.3694   -0.8697
...   145 A-T ...
    0.5352   69.2487  -13.4513
    0.7352    0.4961    0.4620
    0.6117   -0.7791   -0.1369
    0.2921    0.3832   -0.8763
...   146 C-G ...
    1.4420   72.1064  -15.5858
    0.9808    0.0622    0.1849
    0.1266   -0.9240   -0.3608
    0.1484    0.3773   -0.9141
...   147 A-T ...
    2.3149   74.2410  -18.3714
    0.8657   -0.4292   -0.2574
   -0.4984   -0.7868   -0.3642
   -0.0462    0.4436   -0.8950
