  147 base-pairs
...     1 A-T ...
    0.0000    0.0000    0.0000
    1.0000    0.0000    0.0000
    0.0000    1.0000    0.0000
    0.0000    0.0000    1.0000
...     2 G-C ...
   -0.1394   -1.2357    3.2268
    0.7529    0.6366    0.1670
   -0.6386    0.7680   -0.0486
   -0.1592   -0.0700    0.9848
...     3 T-A ...
   -0.0365   -3.2932    6.3751
    0.2722    0.9301    0.2466
   -0.9238    0.3243   -0.2033
   -0.2691   -0.1725    0.9475
...     4 G-C ...
   -0.3505   -4.1660    9.4928
   -0.3756    0.9250    0.0579
   -0.8781   -0.3352   -0.3415
   -0.2965   -0.1791    0.9381
...     5 A-T ...
   -0.4462   -4.1476   12.7498
   -0.8116    0.5840   -0.0165
   -0.5523   -0.7762   -0.3042
   -0.1905   -0.2378    0.9524
...     6 G-C ...
   -1.5908   -4.1730   15.6201
   -0.9976    0.0246   -0.0651
   -0.0043   -0.9555   -0.2950
   -0.0695   -0.2940    0.9533
...     7 C-G ...
   -1.1030   -4.4824   18.7362
   -0.8441   -0.5304   -0.0787
    0.5345   -0.8441   -0.0432
   -0.0435   -0.0785    0.9960
...     8 G-C ...
   -2.4028   -7.7290   23.1475
   -0.2754   -0.3293   -0.9032
    0.6650   -0.7437    0.0684
   -0.6942   -0.5818    0.4238
...     9 C-G ...
   -4.4690   -9.9728   24.1132
    0.1145   -0.7025   -0.7024
    0.8512   -0.2952    0.4340
   -0.5122   -0.6476    0.5642
...    10 T-A ...
   -6.7405  -10.8752   25.9697
    0.4841   -0.8363   -0.2574
    0.6595    0.1553    0.7355
   -0.5751   -0.5258    0.6267
...    11 C-G ...
   -9.1656  -12.6208   27.1640
    0.7073   -0.6682    0.2307
    0.3448    0.6110    0.7126
   -0.6171   -0.4245    0.6626
...    12 A-T ...
  -10.9234  -14.6633   29.0693
    0.7515   -0.1377    0.6452
   -0.2029    0.8824    0.4246
   -0.6277   -0.4500    0.6352
...    13 C-G ...
  -11.8476  -17.4863   31.2451
    0.4295    0.2823    0.8578
   -0.5708    0.8209    0.0156
   -0.6998   -0.4963    0.5137
...    14 A-T ...
  -13.5897  -19.7827   33.4259
   -0.1504    0.6104    0.7777
   -0.6874    0.5008   -0.5260
   -0.7106   -0.6136    0.3443
...    15 A-T ...
  -15.8118  -21.8609   34.5482
   -0.5193    0.7947    0.3144
   -0.4519    0.0569   -0.8902
   -0.7253   -0.6044    0.3296
...    16 T-A ...
  -17.9497  -23.8090   36.3221
   -0.7087    0.6724   -0.2135
   -0.0784   -0.3759   -0.9233
   -0.7011   -0.6376    0.3191
...    17 T-A ...
  -20.2520  -25.7225   37.6884
   -0.6367    0.2975   -0.7114
    0.3700   -0.6915   -0.6204
   -0.6765   -0.6582    0.3302
...    18 T-A ...
  -22.5647  -27.7372   38.7746
   -0.2867   -0.1297   -0.9492
    0.6634   -0.7416   -0.0991
   -0.6911   -0.6581    0.2987
...    19 A-T ...
  -24.7100  -30.1923   39.7072
    0.2121   -0.5351   -0.8177
    0.6863   -0.5141    0.5144
   -0.6957   -0.6704    0.2582
...    20 T-A ...
  -27.4062  -32.1094   40.0633
    0.5337   -0.7364   -0.4157
    0.4710   -0.1494    0.8694
   -0.7023   -0.6598    0.2672
...    21 T-A ...
  -29.7753  -34.2804   40.6444
    0.6886   -0.6999    0.1896
    0.0511    0.3076    0.9501
   -0.7233   -0.6446    0.2476
...    22 C-G ...
  -32.1150  -36.4601   41.4520
    0.5954   -0.3645    0.7160
   -0.3828    0.6549    0.6516
   -0.7064   -0.6620    0.2504
...    23 G-C ...
  -34.6987  -38.2585   42.6825
    0.3741    0.1565    0.9141
   -0.6687    0.7284    0.1490
   -0.6425   -0.6670    0.3772
...    24 C-G ...
  -36.5258  -40.7201   43.8767
    0.0033    0.5553    0.8317
   -0.7603    0.5416   -0.3586
   -0.6496   -0.6311    0.4240
...    25 A-T ...
  -39.0213  -42.6968   44.8635
   -0.3938    0.8136    0.4278
   -0.6122    0.1150   -0.7823
   -0.6856   -0.5700    0.4528
...    26 A-T ...
  -41.2275  -44.5087   46.4748
   -0.6613    0.7419   -0.1108
   -0.2773   -0.3791   -0.8828
   -0.6970   -0.5531    0.4564
...    27 A-T ...
  -43.4206  -46.1365   48.2500
   -0.7000    0.3813   -0.6039
    0.1631   -0.7378   -0.6550
   -0.6953   -0.5570    0.4542
...    28 G-C ...
  -45.9916  -47.5836   49.8968
   -0.4580   -0.0431   -0.8879
    0.4938   -0.8429   -0.2138
   -0.7392   -0.5364    0.4073
...    29 G-C ...
  -48.8154  -49.1953   51.0534
   -0.0387   -0.4899   -0.8709
    0.6447   -0.6781    0.3528
   -0.7634   -0.5479    0.3421
...    30 C-G ...
  -51.5251  -50.9373   51.7420
    0.3598   -0.7664   -0.5322
    0.5286   -0.3026    0.7931
   -0.7689   -0.5667    0.2962
...    31 C-G ...
  -54.2814  -52.7395   52.5079
    0.6350   -0.7725   -0.0056
    0.2190    0.1731    0.9603
   -0.7408   -0.6110    0.2791
...    32 G-C ...
  -56.4636  -54.5802   53.6893
    0.7145   -0.5127    0.4761
   -0.1609    0.5418    0.8250
   -0.6809   -0.6660    0.3046
...    33 G-C ...
  -58.4748  -57.0944   54.7197
    0.5387   -0.0764    0.8391
   -0.5415    0.7315    0.4143
   -0.6454   -0.6775    0.3527
...    34 C-G ...
  -60.3796  -59.5983   55.7113
    0.1796    0.3857    0.9050
   -0.7441    0.6550   -0.1315
   -0.6435   -0.6498    0.4047
...    35 C-G ...
  -62.2603  -61.8558   57.4390
   -0.2049    0.7421    0.6382
   -0.7229    0.3248   -0.6098
   -0.6598   -0.5864    0.4699
...    36 C-G ...
  -64.3376  -63.7552   59.2775
   -0.5277    0.8361    0.1497
   -0.5099   -0.1708   -0.8431
   -0.6794   -0.5212    0.5165
...    37 G-C ...
  -66.7823  -65.8362   60.3107
   -0.6580    0.6440   -0.3903
   -0.1412   -0.6146   -0.7761
   -0.7397   -0.4555    0.4953
...    38 A-T ...
  -69.1413  -67.2417   61.9248
   -0.6092    0.1570   -0.7773
    0.2730   -0.8788   -0.3914
   -0.7445   -0.4506    0.4925
...    39 C-G ...
  -71.8461  -68.2099   63.3678
   -0.3459   -0.3130   -0.8845
    0.5299   -0.8432    0.0912
   -0.7743   -0.4371    0.4575
...    40 A-T ...
  -74.5306  -69.7924   64.6789
    0.0764   -0.7355   -0.6732
    0.6133   -0.4977    0.6133
   -0.7862   -0.4597    0.4130
...    41 C-G ...
  -77.3736  -71.3721   65.5122
    0.3951   -0.8831   -0.2531
    0.4716   -0.0414    0.8808
   -0.7883   -0.4674    0.4001
...    42 G-C ...
  -79.7796  -72.8086   67.2726
    0.6237   -0.7153    0.3153
    0.1417    0.5001    0.8543
   -0.7687   -0.4881    0.4133
...    43 A-T ...
  -82.3392  -74.2497   68.4617
    0.5895   -0.2798    0.7578
   -0.2264    0.8433    0.4875
   -0.7754   -0.4589    0.4338
...    44 C-G ...
  -84.6271  -76.3235   69.6356
    0.4208    0.2391    0.8751
   -0.5112    0.8594    0.0109
   -0.7494   -0.4519    0.4839
...    45 T-A ...
  -86.8754  -78.2808   71.6103
    0.1189    0.7311    0.6718
   -0.6566    0.5655   -0.4992
   -0.7449   -0.3817    0.5473
...    46 T-A ...
  -89.1559  -79.4645   73.4750
   -0.1915    0.9409    0.2793
   -0.6293    0.1007   -0.7706
   -0.7532   -0.3234    0.5729
...    47 A-T ...
  -91.5815  -80.1638   75.6010
   -0.3581    0.8929   -0.2728
   -0.4775   -0.4262   -0.7683
   -0.8024   -0.1448    0.5790
...    48 C-G ...
  -93.9799  -80.0344   77.8652
   -0.5135    0.5381   -0.6684
   -0.2520   -0.8392   -0.4819
   -0.8202   -0.0790    0.5665
...    49 T-A ...
  -96.6888  -79.7072   79.8305
   -0.5062    0.0199   -0.8622
   -0.0095   -0.9998   -0.0175
   -0.8624   -0.0006    0.5063
...    50 G-C ...
  -99.7040  -79.8313   81.3175
   -0.3483   -0.5703   -0.7439
    0.2396   -0.8214    0.5175
   -0.9062    0.0020    0.4228
...    51 T-A ...
 -102.7956  -79.6240   82.1987
   -0.1780   -0.9264   -0.3317
    0.3766   -0.3756    0.8468
   -0.9091    0.0258    0.4157
...    52 A-T ...
 -105.3025  -79.2299   84.7213
    0.0059   -0.9056    0.4241
    0.4408    0.3830    0.8118
   -0.8976    0.1821    0.4015
...    53 G-C ...
 -108.2914  -78.6289   85.9200
    0.2840   -0.5745    0.7677
    0.3953    0.7996    0.4521
   -0.8735    0.1750    0.4542
...    54 G-C ...
 -111.5670  -78.7102   87.3942
    0.5235   -0.0429    0.8509
    0.1792    0.9819   -0.0608
   -0.8329    0.1843    0.5218
...    55 T-A ...
 -114.2415  -78.4749   89.2060
    0.5764    0.4680    0.6699
   -0.1037    0.8550   -0.5081
   -0.8106    0.2234    0.5413
...    56 A-T ...
 -116.7591  -77.9718   91.5303
    0.5317    0.8291    0.1728
   -0.4344    0.4422   -0.7847
   -0.7270    0.3421    0.5953
...    57 T-A ...
 -118.6699  -76.9616   93.9390
    0.2834    0.9154   -0.2857
   -0.6587   -0.0306   -0.7518
   -0.6969    0.4013    0.5944
...    58 C-G ...
 -120.8507  -75.2863   96.0434
   -0.1480    0.6641   -0.7329
   -0.7240   -0.5776   -0.3772
   -0.6738    0.4747    0.5663
...    59 T-A ...
 -122.9457  -73.3737   97.7066
   -0.4691    0.2102   -0.8578
   -0.5684   -0.8152    0.1111
   -0.6760    0.5397    0.5018
...    60 C-G ...
 -125.5408  -71.9110   99.0368
   -0.7201   -0.3224   -0.6144
   -0.2406   -0.7145    0.6569
   -0.6508    0.6209    0.4370
...    61 G-C ...
 -127.8001  -70.3354  100.9009
   -0.7262   -0.6766   -0.1222
    0.1803   -0.3589    0.9158
   -0.6635    0.6430    0.3826
...    62 A-T ...
 -129.8830  -68.1464  102.3458
   -0.4685   -0.7324    0.4941
    0.6071    0.1394    0.7823
   -0.6418    0.6665    0.3794
...    63 G-C ...
 -131.9661  -65.8766  103.5423
   -0.0557   -0.5225    0.8508
    0.7968    0.4902    0.3533
   -0.6017    0.6976    0.3890
...    64 C-G ...
 -134.3540  -63.6905  104.7413
    0.4487   -0.1485    0.8813
    0.6895    0.6849   -0.2356
   -0.5686    0.7133    0.4097
...    65 T-A ...
 -136.3876  -61.4656  106.1930
    0.7895    0.1773    0.5876
    0.3579    0.6448   -0.6754
   -0.4986    0.7435    0.4456
...    66 C-G ...
 -138.2675  -59.0945  107.5547
    0.8835    0.4667    0.0410
   -0.1624    0.3871   -0.9076
   -0.4395    0.7952    0.4178
...    67 T-A ...
 -139.3722  -56.3939  109.0757
    0.7082    0.5075   -0.4908
   -0.6190    0.1119   -0.7774
   -0.3396    0.8544    0.3934
...    68 C-G ...
 -140.0555  -53.3026  109.8619
    0.2505    0.3824   -0.8894
   -0.9418   -0.1163   -0.3153
   -0.2240    0.9166    0.3310
...    69 A-T ...
 -140.2074  -50.0445  110.9273
   -0.2618    0.1463   -0.9540
   -0.9568   -0.1689    0.2367
   -0.1265    0.9747    0.1841
...    70 T-A ...
 -140.2234  -46.7769  111.1634
   -0.7142    0.0069   -0.6999
   -0.6878   -0.1921    0.7000
   -0.1296    0.9814    0.1419
...    71 G-C ...
 -140.6078  -43.4345  111.4473
   -0.9879   -0.1170   -0.1017
   -0.0875   -0.1203    0.9889
   -0.1279    0.9858    0.1086
...    72 T-A ...
 -141.0457  -40.0303  111.2337
   -0.8600   -0.1143    0.4973
    0.5046   -0.0451    0.8622
   -0.0762    0.9924    0.0965
...    73 T-A ...
 -141.3098  -36.7784  111.2481
   -0.3715   -0.0377    0.9277
    0.9283    0.0041    0.3719
   -0.0179    0.9993    0.0334
...    74 A-T ...
 -140.8727  -33.3106  111.1444
    0.3781    0.0414    0.9248
    0.9254   -0.0427   -0.3765
    0.0239    0.9982   -0.0545
...    75 T-A ...
 -141.3404  -30.0694  111.3403
    0.8081    0.0088    0.5889
    0.5873   -0.0879   -0.8046
    0.0447    0.9961   -0.0762
...    76 A-T ...
 -141.0469  -26.7512  110.7478
    0.9917   -0.1253   -0.0298
   -0.0393   -0.0745   -0.9964
    0.1226    0.9893   -0.0788
...    77 A-T ...
 -140.4550  -23.6506  110.6346
    0.7882   -0.2234   -0.5734
   -0.5821    0.0317   -0.8125
    0.1997    0.9742   -0.1050
...    78 C-G ...
 -139.1344  -20.5545  110.5746
    0.3211   -0.2193   -0.9213
   -0.9161    0.1746   -0.3608
    0.2400    0.9599   -0.1449
...    79 G-C ...
 -138.5969  -17.4517  109.5896
   -0.2892   -0.1769   -0.9408
   -0.9073    0.3639    0.2105
    0.3051    0.9145   -0.2658
...    80 G-C ...
 -137.8439  -14.6207  108.0207
   -0.7663   -0.0393   -0.6413
   -0.5740    0.4905    0.6558
    0.2888    0.8706   -0.3984
...    81 A-T ...
 -137.1805  -11.7260  106.5528
   -0.9485    0.3003   -0.1012
    0.0458    0.4459    0.8939
    0.3136    0.8432   -0.4367
...    82 G-C ...
 -136.1596   -9.0500  104.9036
   -0.7682    0.4851    0.4177
    0.5652    0.2076    0.7984
    0.3006    0.8494   -0.4337
...    83 G-C ...
 -135.2884   -6.1870  103.2429
   -0.2987    0.4870    0.8207
    0.9077   -0.1206    0.4018
    0.2947    0.8650   -0.4061
...    84 G-C ...
 -134.4313   -3.2850  101.7792
    0.2444    0.2553    0.9355
    0.9169   -0.3749   -0.1372
    0.3157    0.8912   -0.3257
...    85 A-T ...
 -133.6057   -0.1941  100.6928
    0.7534   -0.0487    0.6558
    0.5621   -0.4698   -0.6806
    0.3412    0.8814   -0.3266
...    86 T-A ...
 -132.6686    2.9206  100.1556
    0.9236   -0.3251    0.2030
    0.0727   -0.3714   -0.9256
    0.3763    0.8697   -0.3193
...    87 C-G ...
 -131.2546    5.8162   99.2942
    0.7601   -0.5238   -0.3846
   -0.4971   -0.0875   -0.8633
    0.4185    0.8473   -0.3269
...    88 C-G ...
 -129.7645    8.5602   98.2512
    0.3074   -0.5946   -0.7430
   -0.8194    0.2315   -0.5243
    0.4837    0.7700   -0.4160
...    89 G-C ...
 -128.4714   11.1315   96.4861
   -0.2873   -0.4396   -0.8510
   -0.8140    0.5803   -0.0249
    0.5048    0.6856   -0.5246
...    90 C-G ...
 -126.4794   13.0335   94.3491
   -0.7155   -0.0195   -0.6984
   -0.4721    0.7504    0.4627
    0.5150    0.6607   -0.5461
...    91 T-A ...
 -124.8998   15.0152   91.8947
   -0.8500    0.4381   -0.2924
    0.0813    0.6577    0.7489
    0.5204    0.6128   -0.5947
...    92 T-A ...
 -123.2701   16.8084   89.6676
   -0.5836    0.7910    0.1837
    0.5840    0.2516    0.7718
    0.5643    0.5577   -0.6088
...    93 T-A ...
 -121.5859   18.5229   87.3929
   -0.0799    0.8138    0.5757
    0.8041   -0.2887    0.5197
    0.5891    0.5044   -0.6313
...    94 A-T ...
 -118.9582   19.5074   85.4111
    0.5027    0.4611    0.7312
    0.6387   -0.7681    0.0452
    0.5825    0.4443   -0.6807
...    95 A-T ...
 -117.1721   21.0653   83.2152
    0.7941   -0.0891    0.6012
    0.1923   -0.9015   -0.3877
    0.5765    0.4235   -0.6988
...    96 C-G ...
 -115.2310   22.9633   81.1544
    0.7604   -0.5894    0.2728
   -0.3040   -0.6941   -0.6525
    0.5740    0.4133   -0.7069
...    97 A-T ...
 -113.1901   24.1895   78.7142
    0.3648   -0.9215   -0.1331
   -0.7017   -0.1782   -0.6898
    0.6120    0.3450   -0.7116
...    98 C-G ...
 -110.6182   25.0130   76.6889
   -0.0982   -0.8772   -0.4699
   -0.7759    0.3632   -0.5158
    0.6232    0.3139   -0.7163
...    99 T-A ...
 -108.0063   25.6574   74.2950
   -0.5860   -0.4986   -0.6388
   -0.5449    0.8259   -0.1448
    0.5998    0.2632   -0.7556
...   100 T-A ...
 -105.9448   26.1950   71.7991
   -0.7731    0.1124   -0.6243
   -0.0753    0.9610    0.2662
    0.6298    0.2528   -0.7344
...   101 T-A ...
 -103.8879   26.7761   69.2934
   -0.6487    0.6698   -0.3615
    0.3962    0.7027    0.5910
    0.6498    0.2401   -0.7212
...   102 A-T ...
 -101.3630   27.6523   67.0213
   -0.1360    0.9844    0.1120
    0.7209    0.0208    0.6927
    0.6795    0.1749   -0.7125
...   103 T-A ...
  -99.7238   28.3582   64.2845
    0.2250    0.8598    0.4584
    0.6965   -0.4709    0.5415
    0.6814    0.1975   -0.7048
...   104 G-C ...
  -97.5337   29.2787   61.9604
    0.5406    0.3676    0.7567
    0.4338   -0.8925    0.1236
    0.7207    0.2614   -0.6420
...   105 C-G ...
  -95.1332   30.5053   60.0272
    0.6622   -0.2148    0.7179
    0.0424   -0.9458   -0.3221
    0.7481    0.2437   -0.6172
...   106 T-A ...
  -92.3844   31.6457   58.2110
    0.5355   -0.7402    0.4067
   -0.3340   -0.6279   -0.7030
    0.7757    0.2406   -0.5835
...   107 T-A ...
  -89.7507   32.4222   56.5365
    0.2115   -0.9762   -0.0470
   -0.5631   -0.0824   -0.8222
    0.7988    0.2004   -0.5672
...   108 C-G ...
  -86.9391   32.9122   54.7388
   -0.2056   -0.8258   -0.5252
   -0.5631    0.5388   -0.6267
    0.8004    0.1668   -0.5758
...   109 C-G ...
  -84.2762   33.2513   52.7977
   -0.5586   -0.4039   -0.7245
   -0.3363    0.9087   -0.2474
    0.7582    0.1055   -0.6434
...   110 G-C ...
  -82.1169   33.8990   50.6046
   -0.7200    0.1475   -0.6781
    0.0483    0.9854    0.1631
    0.6923    0.0847   -0.7166
...   111 G-C ...
  -80.0642   34.1137   47.9180
   -0.6005    0.6824   -0.4169
    0.4679    0.7226    0.5088
    0.6485    0.1105   -0.7532
...   112 C-G ...
  -78.3395   34.3365   45.0355
   -0.2472    0.9688   -0.0152
    0.7336    0.1974    0.6503
    0.6331    0.1496   -0.7595
...   113 T-A ...
  -76.3619   34.8462   42.3890
    0.1764    0.9074    0.3814
    0.7588   -0.3722    0.5346
    0.6270    0.1951   -0.7542
...   114 C-G ...
  -74.1516   35.4516   39.9331
    0.5937    0.4785    0.6469
    0.5021   -0.8486    0.1669
    0.6288    0.2258   -0.7441
...   115 G-C ...
  -71.8331   35.6921   37.4982
    0.7271   -0.1643    0.6666
    0.0438   -0.9579   -0.2838
    0.6851    0.2355   -0.6893
...   116 T-A ...
  -69.2168   36.9829   35.7645
    0.5945   -0.6842    0.4225
   -0.3673   -0.6984   -0.6142
    0.7153    0.2100   -0.6665
...   117 A-T ...
  -66.5424   37.7527   33.7779
    0.2060   -0.9784   -0.0175
   -0.6355   -0.1201   -0.7627
    0.7441    0.1682   -0.6465
...   118 T-A ...
  -63.6656   38.1833   32.2091
   -0.1511   -0.8873   -0.4358
   -0.6461    0.4223   -0.6358
    0.7481    0.1855   -0.6371
...   119 A-T ...
  -61.2187   39.2011   29.9025
   -0.5052   -0.3123   -0.8045
   -0.3675    0.9213   -0.1268
    0.7808    0.2316   -0.5802
...   120 A-T ...
  -58.5862   39.6254   28.0223
   -0.6133    0.2967   -0.7320
   -0.0043    0.9255    0.3788
    0.7898    0.2354   -0.5663
...   121 T-A ...
  -56.0894   39.8528   25.7861
   -0.5028    0.7565   -0.4183
    0.3214    0.6128    0.7219
    0.8024    0.2286   -0.5513
...   122 G-C ...
  -53.3173   40.6154   23.8059
   -0.2409    0.9559    0.1678
    0.5592   -0.0046    0.8290
    0.7933    0.2935   -0.5335
...   123 T-A ...
  -50.9858   41.6428   21.6748
    0.0792    0.7964    0.5996
    0.5871   -0.5233    0.6176
    0.8056    0.3031   -0.5090
...   124 G-C ...
  -48.2299   42.6992   19.9558
    0.3491    0.2852    0.8927
    0.4405   -0.8907    0.1123
    0.8271    0.3540   -0.4365
...   125 T-A ...
  -45.7802   44.2437   18.6044
    0.4798   -0.2605    0.8378
    0.1984   -0.8979   -0.3928
    0.8546    0.3547   -0.3792
...   126 C-G ...
  -42.9807   45.3465   17.5596
    0.5042   -0.7474    0.4326
   -0.1074   -0.5513   -0.8273
    0.8569    0.3707   -0.3583
...   127 G-C ...
  -40.1396   46.0958   15.8236
    0.2491   -0.9647   -0.0856
   -0.3038    0.0061   -0.9527
    0.9196    0.2633   -0.2916
...   128 A-T ...
  -37.1528   46.9038   14.9376
    0.0231   -0.7563   -0.6539
   -0.3874    0.5962   -0.7032
    0.9216    0.2696   -0.2792
...   129 C-G ...
  -33.8642   47.1681   14.4746
   -0.2181   -0.3094   -0.9256
   -0.3264    0.9169   -0.2296
    0.9197    0.2521   -0.3010
...   130 C-G ...
  -30.7000   47.6515   13.2557
   -0.4251    0.2471   -0.8707
   -0.1178    0.9387    0.3239
    0.8974    0.2403   -0.3699
...   131 A-T ...
  -27.5697   49.1429   12.9288
   -0.3956    0.8012   -0.4491
    0.1575    0.5409    0.8262
    0.9048    0.2561   -0.3402
...   132 A-T ...
  -24.6263   49.9417   11.6906
   -0.2205    0.9659    0.1357
    0.3535   -0.0505    0.9341
    0.9091    0.2540   -0.3303
...   133 A-T ...
  -21.7970   50.8432   10.2840
    0.0607    0.7493    0.6595
    0.3968   -0.6244    0.6728
    0.9159    0.2208   -0.3352
...   134 T-A ...
  -19.0083   52.0402    8.9385
    0.2450    0.2904    0.9250
    0.3072   -0.9282    0.2101
    0.9196    0.2327   -0.3166
...   135 G-C ...
  -16.4568   53.8980    7.5291
    0.5336   -0.3334    0.7773
    0.0348   -0.9096   -0.4140
    0.8450    0.2479   -0.4738
...   136 T-A ...
  -14.1680   56.5698    6.1949
    0.5795   -0.7269    0.3684
   -0.3140   -0.6163   -0.7222
    0.7521    0.3028   -0.5854
...   137 G-C ...
  -11.6468   58.0146    4.7337
    0.2454   -0.9541   -0.1717
   -0.6318   -0.0231   -0.7748
    0.7352    0.2986   -0.6085
...   138 A-T ...
   -8.6697   58.7289    3.6171
   -0.0344   -0.7815   -0.6230
   -0.6534    0.4892   -0.5777
    0.7562    0.3872   -0.5274
...   139 G-C ...
   -6.3210   59.0879    1.6441
   -0.2967   -0.3277   -0.8970
   -0.5657    0.8170   -0.1114
    0.7694    0.4744   -0.4278
...   140 C-G ...
   -3.4295   60.2437    1.0436
   -0.4424    0.2288   -0.8671
   -0.1682    0.9286    0.3309
    0.8809    0.2922   -0.3723
...   141 G-C ...
   -0.6892   63.9063   -2.2355
   -0.9992    0.0156   -0.0375
   -0.0024    0.8991    0.4378
    0.0405    0.4375   -0.8983
...   142 C-G ...
   -0.9979   65.6137   -4.9248
   -0.8337    0.5217    0.1810
    0.5169    0.6220    0.5881
    0.1942    0.5839   -0.7882
...   143 T-A ...
   -0.1243   66.2250   -7.8041
   -0.3751    0.8568    0.3538
    0.8856    0.2185    0.4098
    0.2739    0.4670   -0.8408
...   144 C-G ...
   -0.1579   67.4197  -10.7921
    0.1799    0.8792    0.4411
    0.9276   -0.3009    0.2214
    0.3274    0.3694   -0.8697
...   145 A-T ...
    0.5353   69.2487  -13.4513
    0.7352    0.4961    0.4620
    0.6117   -0.7791   -0.1369
    0.2921    0.3832   -0.8763
...   146 C-G ...
    1.4422   72.1064  -15.5858
    0.9808    0.0622    0.1849
    0.1266   -0.9240   -0.3608
    0.1484    0.3773   -0.9141
...   147 A-T ...
    2.3151   74.2410  -18.3713
    0.8657   -0.4292   -0.2574
   -0.4984   -0.7868   -0.3642
   -0.0462    0.4436   -0.8950
