  147 base-pairs
...     1 A-T ...
    0.0000    0.0000    0.0000
    1.0000    0.0000    0.0000
    0.0000    1.0000    0.0000
    0.0000    0.0000    1.0000
...     2 G-C ...
   -0.1394   -1.2357    3.2268
    0.7529    0.6366    0.1670
   -0.6386    0.7680   -0.0486
   -0.1592   -0.0700    0.9848
...     3 T-A ...
   -0.0365   -3.2932    6.3751
    0.2722    0.9301    0.2466
   -0.9238    0.3243   -0.2033
   -0.2691   -0.1725    0.9475
...     4 G-C ...
   -0.3505   -4.1660    9.4928
   -0.3756    0.9250    0.0579
   -0.8781   -0.3352   -0.3415
   -0.2965   -0.1791    0.9381
...     5 A-T ...
   -0.4462   -4.1476   12.7498
   -0.8116    0.5840   -0.0165
   -0.5523   -0.7762   -0.3042
   -0.1905   -0.2378    0.9524
...     6 G-C ...
   -1.5908   -4.1730   15.6201
   -0.9976    0.0246   -0.0651
   -0.0043   -0.9555   -0.2950
   -0.0695   -0.2940    0.9533
...     7 C-G ...
   -1.1030   -4.4824   18.7362
   -0.8441   -0.5304   -0.0787
    0.5345   -0.8441   -0.0432
   -0.0435   -0.0785    0.9960
...     8 G-C ...
   -2.4028   -7.7290   23.1475
   -0.2754   -0.3293   -0.9032
    0.6650   -0.7437    0.0684
   -0.6942   -0.5818    0.4238
...     9 C-G ...
   -4.4690   -9.9728   24.1132
    0.1145   -0.7025   -0.7024
    0.8512   -0.2952    0.4340
   -0.5122   -0.6476    0.5642
...    10 T-A ...
   -6.7405  -10.8752   25.9697
    0.4841   -0.8363   -0.2574
    0.6595    0.1553    0.7355
   -0.5751   -0.5258    0.6267
...    11 C-G ...
   -9.1656  -12.6208   27.1640
    0.7073   -0.6682    0.2307
    0.3448    0.6110    0.7126
   -0.6171   -0.4245    0.6626
...    12 A-T ...
  -10.9234  -14.6633   29.0693
    0.7515   -0.1377    0.6452
   -0.2029    0.8824    0.4246
   -0.6277   -0.4500    0.6352
...    13 C-G ...
  -11.8476  -17.4863   31.2451
    0.4295    0.2823    0.8578
   -0.5708    0.8209    0.0156
   -0.6998   -0.4963    0.5137
...    14 A-T ...
  -13.5897  -19.7827   33.4259
   -0.1504    0.6104    0.7777
   -0.6874    0.5008   -0.5260
   -0.7106   -0.6136    0.3443
...    15 A-T ...
  -15.7341  -21.8944   34.6893
   -0.5516    0.7723    0.3151
   -0.4488    0.0437   -0.8926
   -0.7031   -0.6337    0.3225
...    16 T-A ...
  -17.8041  -23.8619   36.3610
   -0.7101    0.6749   -0.2007
   -0.0854   -0.3654   -0.9269
   -0.6989   -0.6411    0.3171
...    17 T-A ...
  -20.0766  -25.8499   37.5796
   -0.6246    0.3208   -0.7120
    0.3605   -0.6903   -0.6273
   -0.6928   -0.6485    0.3155
...    18 T-A ...
  -22.4343  -27.7981   38.6914
   -0.2883   -0.1531   -0.9452
    0.6635   -0.7436   -0.0820
   -0.6903   -0.6508    0.3160
...    19 A-T ...
  -24.4573  -30.3068   39.8032
    0.2232   -0.5925   -0.7740
    0.6859   -0.4688    0.5566
   -0.6927   -0.6551    0.3018
...    20 T-A ...
  -27.0990  -32.2443   40.2571
    0.5484   -0.7523   -0.3650
    0.4651   -0.0884    0.8809
   -0.6950   -0.6528    0.3014
...    21 T-A ...
  -29.4419  -34.3897   40.9934
    0.7064   -0.6669    0.2373
    0.0475    0.3791    0.9241
   -0.7063   -0.6415    0.2994
...    22 C-G ...
  -31.7218  -36.6075   41.9250
    0.5989   -0.2813    0.7498
   -0.4022    0.7040    0.5854
   -0.6925   -0.6521    0.3085
...    23 G-C ...
  -34.2344  -38.5218   43.1912
    0.3093    0.2479    0.9181
   -0.6928    0.7200    0.0390
   -0.6514   -0.6482    0.3945
...    24 C-G ...
  -36.0754  -40.9431   44.6033
   -0.1123    0.6396    0.7605
   -0.7488    0.4487   -0.4879
   -0.6533   -0.6242    0.4285
...    25 A-T ...
  -38.4829  -42.9387   45.8563
   -0.4774    0.8346    0.2748
   -0.5462   -0.0369   -0.8368
   -0.6883   -0.5496    0.4735
...    26 A-T ...
  -40.6420  -44.6540   47.5795
   -0.7062    0.6521   -0.2759
   -0.1581   -0.5250   -0.8363
   -0.6901   -0.5469    0.4739
...    27 A-T ...
  -42.9156  -46.2623   49.2594
   -0.6631    0.2129   -0.7176
    0.2878   -0.8125   -0.5070
   -0.6910   -0.5427    0.4775
...    28 G-C ...
  -45.4120  -47.8245   50.8404
   -0.3523   -0.2479   -0.9025
    0.5938   -0.8046   -0.0108
   -0.7234   -0.5397    0.4306
...    29 G-C ...
  -48.0792  -49.5551   52.0366
    0.0975   -0.6293   -0.7711
    0.6650   -0.5352    0.5209
   -0.7404   -0.5635    0.3663
...    30 C-G ...
  -50.7798  -51.3707   52.8831
    0.4793   -0.8076   -0.3436
    0.4801   -0.0864    0.8729
   -0.7346   -0.5834    0.3463
...    31 C-G ...
  -53.2928  -53.4927   53.7760
    0.7119   -0.6739    0.1979
    0.1073    0.3829    0.9175
   -0.6941   -0.6319    0.3449
...    32 G-C ...
  -55.6495  -55.4145   55.3000
    0.7009   -0.2577    0.6650
   -0.3357    0.7035    0.6265
   -0.6293   -0.6623    0.4066
...    33 G-C ...
  -57.6541  -57.8600   56.5589
    0.4402    0.2437    0.8642
   -0.6741    0.7255    0.1388
   -0.5931   -0.6436    0.4837
...    34 C-G ...
  -59.2788  -60.2735   58.2011
    0.0198    0.6458    0.7632
   -0.8056    0.4624   -0.3704
   -0.5921   -0.6075    0.5294
...    35 C-G ...
  -61.0697  -62.3254   60.2122
   -0.3719    0.8531    0.3660
   -0.6930    0.0071   -0.7209
   -0.6176   -0.5217    0.5886
...    36 C-G ...
  -63.0957  -63.8511   62.4429
   -0.6337    0.7566   -0.1614
   -0.3903   -0.4927   -0.7778
   -0.6679   -0.4299    0.6075
...    37 G-C ...
  -65.6575  -65.3509   64.1089
   -0.6656    0.3716   -0.6473
    0.0009   -0.8668   -0.4986
   -0.7464   -0.3325    0.5766
...    38 A-T ...
  -68.2448  -66.3359   65.9267
   -0.5122   -0.2338   -0.8265
    0.3852   -0.9226    0.0222
   -0.7677   -0.3070    0.5625
...    39 C-G ...
  -71.1484  -66.8405   67.5425
   -0.2131   -0.7027   -0.6788
    0.5877   -0.6472    0.4855
   -0.7805   -0.2955    0.5509
...    40 A-T ...
  -73.5252  -68.0528   69.5781
    0.2219   -0.9409   -0.2560
    0.5786   -0.0842    0.8112
   -0.7848   -0.3281    0.5257
...    41 C-G ...
  -76.4403  -69.2696   70.7728
    0.5030   -0.8307    0.2385
    0.3620    0.4531    0.8147
   -0.7848   -0.3234    0.5286
...    42 G-C ...
  -79.0259  -69.9953   72.8598
    0.6816   -0.3724    0.6298
    0.0064    0.8638    0.5038
   -0.7317   -0.3394    0.5912
...    43 A-T ...
  -81.5117  -71.1548   74.7007
    0.5717    0.2423    0.7838
   -0.3940    0.9191    0.0032
   -0.7196   -0.3106    0.6210
...    44 C-G ...
  -83.5363  -72.6790   76.8336
    0.3044    0.7151    0.6292
   -0.6387    0.6433   -0.4222
   -0.7067   -0.2733    0.6526
...    45 T-A ...
  -85.6483  -73.6014   79.2276
   -0.0226    0.9726    0.2314
   -0.7181    0.1452   -0.6807
   -0.6956   -0.1815    0.6951
...    46 T-A ...
  -87.7859  -74.0987   81.6027
   -0.4002    0.8851   -0.2375
   -0.5864   -0.4465   -0.6758
   -0.7042   -0.1312    0.6977
...    47 A-T ...
  -90.3520  -74.5135   83.7462
   -0.6227    0.4279   -0.6551
   -0.2548   -0.9025   -0.3473
   -0.7398   -0.0493    0.6710
...    48 C-G ...
  -92.7945  -73.9809   85.9549
   -0.6473   -0.1328   -0.7506
    0.0970   -0.9911    0.0916
   -0.7560   -0.0135    0.6544
...    49 T-A ...
  -95.5136  -73.7679   87.8990
   -0.4670   -0.6675   -0.5799
    0.4058   -0.7445    0.5301
   -0.7856    0.0123    0.6186
...    50 G-C ...
  -97.9640  -74.0768   90.1723
   -0.1028   -0.9863   -0.1292
    0.5860   -0.1650    0.7934
   -0.8038    0.0059    0.5949
...    51 T-A ...
 -101.0220  -74.1221   91.6458
    0.2297   -0.9100    0.3453
    0.5549    0.4139    0.7216
   -0.7996    0.0259    0.6000
...    52 A-T ...
 -103.4929  -73.2890   93.9436
    0.4854   -0.3574    0.7979
    0.2916    0.9266    0.2376
   -0.8242    0.1174    0.5539
...    53 G-C ...
 -106.2870  -73.1316   95.7823
    0.6199    0.2140    0.7549
   -0.0039    0.9629   -0.2698
   -0.7847    0.1643    0.5978
...    54 G-C ...
 -108.9798  -72.8013   97.8262
    0.5975    0.6957    0.3987
   -0.3397    0.6700   -0.6601
   -0.7263    0.2590    0.6367
...    55 T-A ...
 -110.9907  -72.1713  100.3527
    0.3741    0.9252   -0.0635
   -0.6078    0.1929   -0.7703
   -0.7004    0.3267    0.6346
...    56 A-T ...
 -113.2300  -70.8100  102.4449
    0.0615    0.7980   -0.5995
   -0.7508   -0.3587   -0.5547
   -0.6577    0.4842    0.5771
...    57 T-A ...
 -114.8462  -68.8338  104.4868
   -0.3120    0.4828   -0.8183
   -0.6912   -0.7062   -0.1532
   -0.6518    0.5178    0.5541
...    58 C-G ...
 -117.0616  -66.9579  106.0408
   -0.6497   -0.0596   -0.7579
   -0.3977   -0.8230    0.4056
   -0.6479    0.5649    0.5110
...    59 T-A ...
 -119.2807  -64.8408  107.3843
   -0.7481   -0.5247   -0.4062
   -0.0037   -0.6088    0.7933
   -0.6636    0.5950    0.4535
...    60 C-G ...
 -121.6153  -62.8907  108.7445
   -0.6081   -0.7689    0.1976
    0.4545   -0.1331    0.8808
   -0.6509    0.6254    0.4304
...    61 G-C ...
 -123.4729  -60.7381  110.6152
   -0.1945   -0.6960    0.6912
    0.7311    0.3670    0.5752
   -0.6540    0.6172    0.4375
...    62 A-T ...
 -125.7019  -58.6045  111.8712
    0.2985   -0.3040    0.9047
    0.7165    0.6976   -0.0020
   -0.6305    0.6488    0.4260
...    63 G-C ...
 -127.9644  -56.5966  113.3082
    0.6845    0.1026    0.7217
    0.4509    0.7184   -0.5298
   -0.5729    0.6880    0.4455
...    64 C-G ...
 -130.0817  -54.6154  114.9738
    0.8584    0.4381    0.2669
    0.0044    0.5139   -0.8578
   -0.5130    0.7376    0.4392
...    65 T-A ...
 -131.6067  -52.1982  116.6581
    0.7775    0.5574   -0.2911
   -0.4658    0.1995   -0.8621
   -0.4224    0.8059    0.4148
...    66 C-G ...
 -132.8644  -49.4845  117.9688
    0.3878    0.4899   -0.7808
   -0.8465   -0.1460   -0.5120
   -0.3648    0.8595    0.3581
...    67 G-C ...
 -134.2106  -46.4364  118.6462
   -0.1043    0.1784   -0.9784
   -0.9509   -0.3061    0.0456
   -0.2914    0.9351    0.2016
...    68 G-C ...
 -135.0132  -43.1290  118.6827
   -0.5955   -0.1070   -0.7962
   -0.7538   -0.2682    0.5999
   -0.2777    0.9574    0.0790
...    69 G-C ...
 -136.1042  -39.9052  118.3413
   -0.9064   -0.2880   -0.3091
   -0.2988   -0.0802    0.9509
   -0.2987    0.9543   -0.0134
...    70 A-T ...
 -137.2061  -36.7543  118.1280
   -0.9009   -0.2433    0.3595
    0.3328    0.1448    0.9318
   -0.2788    0.9591   -0.0495
...    71 T-A ...
 -138.4532  -33.7433  117.3407
   -0.5907   -0.0687    0.8040
    0.7720    0.2415    0.5879
   -0.2346    0.9680   -0.0896
...    72 C-G ...
 -139.2652  -30.5292  116.8873
    0.0271    0.1246    0.9918
    0.9784    0.2000   -0.0518
   -0.2049    0.9718   -0.1165
...    73 C-G ...
 -140.1926  -27.2852  116.3470
    0.6005    0.1563    0.7842
    0.7874    0.0553   -0.6140
   -0.1393    0.9862   -0.0899
...    74 G-C ...
 -140.5088  -23.9952  115.4650
    0.9572    0.0294    0.2880
    0.2895   -0.0959   -0.9524
   -0.0003    0.9950   -0.1003
...    75 C-G ...
 -140.5737  -20.6737  115.5444
    0.9531   -0.1097   -0.2822
   -0.2939   -0.1115   -0.9493
    0.0727    0.9877   -0.1385
...    76 T-A ...
 -140.0091  -17.4282  115.2107
    0.6289   -0.2669   -0.7302
   -0.7592   -0.0082   -0.6508
    0.1677    0.9637   -0.2077
...    77 T-A ...
 -139.2590  -14.3726  114.4913
    0.0681   -0.2846   -0.9562
   -0.9775    0.1730   -0.1211
    0.1999    0.9429   -0.2664
...    78 T-A ...
 -138.4128  -11.4149  113.4802
   -0.5180   -0.1590   -0.8405
   -0.8281    0.3393    0.4462
    0.2142    0.9272   -0.3074
...    79 A-T ...
 -137.9866   -8.1839  112.5254
   -0.9291    0.1032   -0.3551
   -0.2869    0.4048    0.8683
    0.2333    0.9086   -0.3465
...    80 A-T ...
 -137.2054   -5.3542  111.0788
   -0.8980    0.3823    0.2177
    0.3324    0.2655    0.9050
    0.2882    0.8851   -0.3655
...    81 C-G ...
 -136.6143   -2.5221  109.3066
   -0.5562    0.4862    0.6740
    0.7762    0.0143    0.6303
    0.2968    0.8738   -0.3853
...    82 A-T ...
 -135.1756    0.2533  108.1137
    0.0386    0.3725    0.9272
    0.9495   -0.3029    0.0822
    0.3115    0.8772   -0.3654
...    83 C-G ...
 -134.7012    3.3577  106.9270
    0.5519    0.1399    0.8221
    0.7648   -0.4780   -0.4321
    0.3324    0.8672   -0.3708
...    84 T-A ...
 -133.6943    6.3566  105.8676
    0.8584   -0.2018    0.4716
    0.3266   -0.4939   -0.8059
    0.3955    0.8458   -0.3581
...    85 T-A ...
 -132.4260    9.1570  104.8490
    0.8727   -0.4834   -0.0683
   -0.2374   -0.2978   -0.9247
    0.4267    0.8232   -0.3746
...    86 T-A ...
 -130.9157   11.7925  103.7499
    0.5530   -0.6141   -0.5631
   -0.6921    0.0377   -0.7208
    0.4639    0.7883   -0.4042
...    87 A-T ...
 -129.1824   14.2079  102.2053
   -0.0216   -0.5864   -0.8097
   -0.8567    0.4284   -0.2874
    0.5154    0.6875   -0.5116
...    88 T-A ...
 -126.9851   15.9817  100.5364
   -0.4699   -0.2993   -0.8305
   -0.7137    0.6824    0.1580
    0.5194    0.6670   -0.5342
...    89 G-C ...
 -125.5786   18.2778   98.5204
   -0.8422    0.1104   -0.5278
   -0.2618    0.7720    0.5792
    0.4714    0.6260   -0.6212
...    90 C-G ...
 -124.1841   20.0799   96.0461
   -0.8492    0.5196   -0.0937
    0.2814    0.5955    0.7525
    0.4468    0.6126   -0.6520
...    91 T-A ...
 -122.9354   22.0169   93.6024
   -0.5496    0.7565    0.3545
    0.7223    0.2171    0.6566
    0.4198    0.6170   -0.6657
...    92 T-A ...
 -121.7771   23.9206   91.2026
    0.0257    0.7688    0.6390
    0.8984   -0.2981    0.3226
    0.4385    0.5657   -0.6983
...    93 C-G ...
 -120.4009   25.7687   88.8063
    0.5746    0.4158    0.7050
    0.6801   -0.7218   -0.1286
    0.4554    0.5533   -0.6975
...    94 A-T ...
 -118.7288   27.2616   86.2979
    0.8285   -0.1502    0.5394
    0.1903   -0.8305   -0.5235
    0.5266    0.5363   -0.6595
...    95 T-A ...
 -117.0016   29.4810   84.5883
    0.7998   -0.5669    0.1975
   -0.2728   -0.6363   -0.7216
    0.5347    0.5233   -0.6635
...    96 G-C ...
 -115.1679   30.9532   82.1785
    0.4195   -0.8900   -0.1786
   -0.6740   -0.1736   -0.7181
    0.6081    0.4216   -0.6726
...    97 T-A ...
 -112.6851   32.1296   80.3447
   -0.0396   -0.8646   -0.5009
   -0.7861    0.3364   -0.5185
    0.6168    0.3733   -0.6930
...    98 T-A ...
 -110.5345   33.1548   78.1418
   -0.5017   -0.5133   -0.6963
   -0.6061    0.7829   -0.1404
    0.6172    0.3515   -0.7039
...    99 A-T ...
 -108.6424   34.5038   75.6834
   -0.7875    0.0900   -0.6097
   -0.1317    0.9419    0.3091
    0.6021    0.3237   -0.7299
...   100 T-A ...
 -106.7509   34.9259   72.9944
   -0.7312    0.5747   -0.3675
    0.3043    0.7570    0.5782
    0.6105    0.3110   -0.7284
...   101 A-T ...
 -104.3596   36.1692   70.8833
   -0.3084    0.9483    0.0752
    0.7093    0.1766    0.6824
    0.6338    0.2638   -0.7271
...   102 A-T ...
 -102.5076   36.9914   68.3197
    0.2022    0.8755    0.4388
    0.7429   -0.4291    0.5138
    0.6382    0.2221   -0.7372
...   103 C-G ...
 -100.8352   38.0990   65.6365
    0.5673    0.4960    0.6574
    0.5099   -0.8384    0.1926
    0.6467    0.2259   -0.7286
...   104 G-C ...
  -98.5057   38.3901   63.1819
    0.6895   -0.1083    0.7162
    0.0827   -0.9705   -0.2264
    0.7196    0.2154   -0.6602
...   105 G-C ...
  -96.0368   39.2937   61.0595
    0.5493   -0.6522    0.5224
   -0.3155   -0.7408   -0.5930
    0.7738    0.1609   -0.6127
...   106 A-T ...
  -93.4490   39.8142   59.1002
    0.2131   -0.9729    0.0898
   -0.5762   -0.1993   -0.7926
    0.7890    0.1172   -0.6031
...   107 T-A ...
  -90.4964   40.0989   57.6807
   -0.1256   -0.9380   -0.3231
   -0.5996    0.3313   -0.7285
    0.7903    0.1022   -0.6041
...   108 C-G ...
  -87.8884   40.2405   55.6778
   -0.4888   -0.5534   -0.6744
   -0.3847    0.8306   -0.4027
    0.7830    0.0626   -0.6189
...   109 C-G ...
  -85.3304   40.0396   53.4506
   -0.6761    0.0056   -0.7368
   -0.0116    0.9998    0.0182
    0.7367    0.0209   -0.6759
...   110 G-C ...
  -82.9407   40.4972   51.0928
   -0.6174    0.5835   -0.5276
    0.4149    0.8113    0.4118
    0.6683    0.0354   -0.7430
...   111 G-C ...
  -80.9100   40.4969   48.3611
   -0.3180    0.9358   -0.1520
    0.7045    0.3405    0.6227
    0.6344    0.0910   -0.7676
...   112 C-G ...
  -79.1320   40.7797   45.5348
    0.1127    0.9608    0.2535
    0.7639   -0.2469    0.5963
    0.6355    0.1264   -0.7617
...   113 T-A ...
  -77.2164   41.4192   42.8745
    0.4797    0.6578    0.5807
    0.5846   -0.7332    0.3475
    0.6543    0.1727   -0.7362
...   114 C-G ...
  -75.0749   42.0559   40.4472
    0.7127    0.0731    0.6976
    0.1768   -0.9812   -0.0778
    0.6788    0.1787   -0.7122
...   115 G-C ...
  -72.6912   42.2165   38.0393
    0.6029   -0.5247    0.6010
   -0.2446   -0.8386   -0.4867
    0.7594    0.1465   -0.6340
...   116 T-A ...
  -69.9200   43.0374   36.4072
    0.3501   -0.8987    0.2643
   -0.5243   -0.4218   -0.7397
    0.7763    0.1204   -0.6188
...   117 A-T ...
  -67.5270   43.3151   34.0201
   -0.0786   -0.9624   -0.2600
   -0.6151    0.2521   -0.7471
    0.7846    0.1012   -0.6117
...   118 T-A ...
  -64.6011   43.2782   32.4794
   -0.3821   -0.6889   -0.6159
   -0.4816    0.7173   -0.5035
    0.7887    0.1043   -0.6059
...   119 A-T ...
  -62.0846   44.0145   30.3081
   -0.5874   -0.0505   -0.8077
   -0.1162    0.9930    0.0224
    0.8009    0.1070   -0.5891
...   120 A-T ...
  -59.4866   44.0880   28.3351
   -0.5205    0.5504   -0.6528
    0.2456    0.8287    0.5029
    0.8178    0.1015   -0.5665
...   121 T-A ...
  -57.0814   43.9509   26.0603
   -0.3080    0.9032   -0.2989
    0.4752    0.4183    0.7741
    0.8242    0.0964   -0.5581
...   122 G-C ...
  -54.2238   44.4224   24.3672
   -0.0433    0.9630    0.2659
    0.5768   -0.1932    0.7937
    0.8157    0.1877   -0.5471
...   123 T-A ...
  -51.9110   45.3288   22.1556
    0.2423    0.7003    0.6715
    0.5078   -0.6812    0.5273
    0.8267    0.2132   -0.5207
...   124 G-C ...
  -48.9798   45.9414   20.6340
    0.3979    0.1450    0.9059
    0.2960   -0.9549    0.0228
    0.8683    0.2591   -0.4229
...   125 T-A ...
  -46.2329   47.3692   19.4722
    0.4574   -0.4002    0.7941
    0.0477   -0.8807   -0.4713
    0.8880    0.2534   -0.3838
...   126 C-G ...
  -43.2403   48.1656   18.3689
    0.3624   -0.8581    0.3636
   -0.2120   -0.4559   -0.8644
    0.9076    0.2362   -0.3472
...   127 G-C ...
  -40.2153   48.5678   16.8840
    0.0926   -0.9796   -0.1782
   -0.3238    0.1396   -0.9358
    0.9416    0.1444   -0.3043
...   128 A-T ...
  -37.0598   48.9072   15.9337
   -0.1302   -0.6896   -0.7124
   -0.2951    0.7129   -0.6362
    0.9466    0.1274   -0.2963
...   129 C-G ...
  -33.7869   48.7232   15.1799
   -0.2722   -0.1875   -0.9438
   -0.1686    0.9749   -0.1451
    0.9473    0.1196   -0.2970
...   130 C-G ...
  -30.5761   48.8419   14.0509
   -0.3715    0.3934   -0.8410
    0.0243    0.9096    0.4148
    0.9281    0.1337   -0.3475
...   131 A-T ...
  -27.4315   49.4809   13.0839
   -0.3532    0.8467   -0.3980
    0.2410    0.4934    0.8357
    0.9040    0.1992   -0.3783
...   132 A-T ...
  -24.5673   50.0482   11.6508
   -0.1489    0.9745    0.1678
    0.3868   -0.0988    0.9169
    0.9101    0.2015   -0.3622
...   133 A-T ...
  -21.7066   50.7884   10.3142
    0.0784    0.7311    0.6778
    0.3982   -0.6463    0.6510
    0.9140    0.2189   -0.3417
...   134 T-A ...
  -19.0082   52.0402    8.9384
    0.2450    0.2904    0.9250
    0.3072   -0.9282    0.2101
    0.9196    0.2327   -0.3166
...   135 G-C ...
  -16.4568   53.8980    7.5291
    0.5336   -0.3334    0.7773
    0.0348   -0.9096   -0.4140
    0.8450    0.2479   -0.4738
...   136 T-A ...
  -14.1680   56.5698    6.1949
    0.5795   -0.7269    0.3684
   -0.3140   -0.6163   -0.7222
    0.7521    0.3028   -0.5854
...   137 G-C ...
  -11.6468   58.0146    4.7337
    0.2454   -0.9541   -0.1717
   -0.6318   -0.0231   -0.7748
    0.7352    0.2986   -0.6085
...   138 A-T ...
   -8.6697   58.7289    3.6171
   -0.0344   -0.7815   -0.6230
   -0.6534    0.4892   -0.5777
    0.7562    0.3872   -0.5274
...   139 G-C ...
   -6.3210   59.0879    1.6441
   -0.2967   -0.3277   -0.8970
   -0.5657    0.8170   -0.1114
    0.7694    0.4744   -0.4278
...   140 C-G ...
   -3.4295   60.2436    1.0435
   -0.4424    0.2288   -0.8671
   -0.1682    0.9286    0.3309
    0.8809    0.2922   -0.3723
...   141 G-C ...
   -0.6892   63.9062   -2.2356
   -0.9992    0.0156   -0.0375
   -0.0024    0.8991    0.4378
    0.0405    0.4375   -0.8983
...   142 C-G ...
   -0.9979   65.6137   -4.9249
   -0.8337    0.5217    0.1810
    0.5169    0.6220    0.5881
    0.1942    0.5839   -0.7882
...   143 T-A ...
   -0.1243   66.2250   -7.8041
   -0.3751    0.8568    0.3538
    0.8856    0.2185    0.4098
    0.2739    0.4670   -0.8408
...   144 C-G ...
   -0.1579   67.4196  -10.7921
    0.1799    0.8792    0.4411
    0.9276   -0.3009    0.2214
    0.3274    0.3694   -0.8697
...   145 A-T ...
    0.5354   69.2486  -13.4513
    0.7352    0.4961    0.4620
    0.6117   -0.7791   -0.1369
    0.2921    0.3832   -0.8763
...   146 C-G ...
    1.4422   72.1063  -15.5858
    0.9808    0.0622    0.1849
    0.1266   -0.9240   -0.3608
    0.1484    0.3773   -0.9141
...   147 A-T ...
    2.3151   74.2410  -18.3714
    0.8657   -0.4292   -0.2574
   -0.4984   -0.7868   -0.3642
   -0.0462    0.4436   -0.8950
