  147 base-pairs
...     1 A-T ...
    0.0000    0.0000    0.0000
    1.0000    0.0000    0.0000
    0.0000    1.0000    0.0000
    0.0000    0.0000    1.0000
...     2 G-C ...
   -0.1394   -1.2357    3.2268
    0.7529    0.6366    0.1670
   -0.6386    0.7680   -0.0486
   -0.1592   -0.0700    0.9848
...     3 T-A ...
   -0.0365   -3.2932    6.3751
    0.2722    0.9301    0.2466
   -0.9238    0.3243   -0.2033
   -0.2691   -0.1725    0.9475
...     4 G-C ...
   -0.3505   -4.1660    9.4928
   -0.3756    0.9250    0.0579
   -0.8781   -0.3352   -0.3415
   -0.2965   -0.1791    0.9381
...     5 A-T ...
   -0.4462   -4.1476   12.7498
   -0.8116    0.5840   -0.0165
   -0.5523   -0.7762   -0.3042
   -0.1905   -0.2378    0.9524
...     6 G-C ...
   -1.5908   -4.1730   15.6201
   -0.9976    0.0246   -0.0651
   -0.0043   -0.9555   -0.2950
   -0.0695   -0.2940    0.9533
...     7 C-G ...
   -1.1030   -4.4824   18.7362
   -0.8441   -0.5304   -0.0787
    0.5345   -0.8441   -0.0432
   -0.0435   -0.0785    0.9960
...     8 G-C ...
   -2.4028   -7.7290   23.1475
   -0.2754   -0.3293   -0.9032
    0.6650   -0.7437    0.0684
   -0.6942   -0.5818    0.4238
...     9 C-G ...
   -4.4690   -9.9728   24.1132
    0.1145   -0.7025   -0.7024
    0.8512   -0.2952    0.4340
   -0.5122   -0.6476    0.5642
...    10 T-A ...
   -6.7405  -10.8752   25.9697
    0.4841   -0.8363   -0.2574
    0.6595    0.1553    0.7355
   -0.5751   -0.5258    0.6267
...    11 C-G ...
   -9.1656  -12.6208   27.1640
    0.7073   -0.6682    0.2307
    0.3448    0.6110    0.7126
   -0.6171   -0.4245    0.6626
...    12 A-T ...
  -10.9234  -14.6633   29.0693
    0.7515   -0.1377    0.6452
   -0.2029    0.8824    0.4246
   -0.6277   -0.4500    0.6352
...    13 C-G ...
  -11.8476  -17.4863   31.2451
    0.4295    0.2823    0.8578
   -0.5708    0.8209    0.0156
   -0.6998   -0.4963    0.5137
...    14 A-T ...
  -13.5897  -19.7827   33.4259
   -0.1504    0.6104    0.7777
   -0.6874    0.5008   -0.5260
   -0.7106   -0.6136    0.3443
...    15 A-T ...
  -15.8155  -21.8540   34.5556
   -0.5203    0.7946    0.3129
   -0.4525    0.0543   -0.8901
   -0.7243   -0.6047    0.3313
...    16 T-A ...
  -17.9509  -23.8006   36.3355
   -0.7103    0.6701   -0.2154
   -0.0780   -0.3790   -0.9221
   -0.6996   -0.6382    0.3215
...    17 T-A ...
  -20.2468  -25.7146   37.7102
   -0.6383    0.2923   -0.7121
    0.3718   -0.6930   -0.6177
   -0.6741   -0.6590    0.3336
...    18 T-A ...
  -22.5531  -27.7307   38.8162
   -0.2885   -0.1393   -0.9473
    0.6674   -0.7387   -0.0946
   -0.6866   -0.6595    0.3061
...    19 A-T ...
  -24.6784  -30.1963   39.7954
    0.2139   -0.5496   -0.8076
    0.6910   -0.4992    0.5227
   -0.6905   -0.6699    0.2730
...    20 T-A ...
  -27.3613  -32.1240   40.2007
    0.5379   -0.7417   -0.4006
    0.4740   -0.1269    0.8713
   -0.6971   -0.6586    0.2833
...    21 T-A ...
  -29.7141  -34.2954   40.8392
    0.6940   -0.6902    0.2047
    0.0507    0.3305    0.9425
   -0.7182   -0.6437    0.2643
...    22 C-G ...
  -32.0388  -36.4689   41.7075
    0.5994   -0.3418    0.7238
   -0.3868    0.6680    0.6358
   -0.7008   -0.6610    0.2682
...    23 G-C ...
  -34.6087  -38.2566   42.9894
    0.3753    0.1839    0.9085
   -0.6745    0.7264    0.1316
   -0.6357   -0.6622    0.3966
...    24 C-G ...
  -36.4105  -40.7010   44.2565
    0.0005    0.5774    0.8164
   -0.7661    0.5249   -0.3708
   -0.6427   -0.6253    0.4426
...    25 A-T ...
  -38.8954  -42.6637   45.3081
   -0.4023    0.8209    0.4053
   -0.6154    0.0854   -0.7836
   -0.6779   -0.5647    0.4708
...    26 A-T ...
  -41.0795  -44.4509   46.9774
   -0.6715    0.7292   -0.1315
   -0.2739   -0.4092   -0.8703
   -0.6885   -0.5484    0.4745
...    27 A-T ...
  -43.2466  -46.0570   48.8058
   -0.7072    0.3511   -0.6136
    0.1734   -0.7553   -0.6320
   -0.6854   -0.5534    0.4733
...    28 G-C ...
  -45.7899  -47.4960   50.5056
   -0.4594   -0.0809   -0.8845
    0.5084   -0.8405   -0.1872
   -0.7283   -0.5357    0.4273
...    29 G-C ...
  -48.5741  -49.1236   51.7353
   -0.0317   -0.5220   -0.8524
    0.6592   -0.6519    0.3747
   -0.7513   -0.5500    0.3647
...    30 C-G ...
  -51.2469  -50.8861   52.5135
    0.3741   -0.7785   -0.5040
    0.5380   -0.2605    0.8017
   -0.7554   -0.5711    0.3214
...    31 C-G ...
  -53.9624  -52.7104   53.3705
    0.6521   -0.7578    0.0217
    0.2196    0.2162    0.9513
   -0.7256   -0.6156    0.3074
...    32 G-C ...
  -56.1063  -54.5434   54.6409
    0.7292   -0.4750    0.4926
   -0.1694    0.5722    0.8024
   -0.6631   -0.6685    0.3368
...    33 G-C ...
  -58.0563  -57.0505   55.7913
    0.5457   -0.0260    0.8376
   -0.5570    0.7354    0.3858
   -0.6260   -0.6771    0.3868
...    34 C-G ...
  -59.8874  -59.5536   56.9153
    0.1752    0.4308    0.8853
   -0.7622    0.6285   -0.1551
   -0.6232   -0.6476    0.4385
...    35 C-G ...
  -61.6987  -61.7706   58.7662
   -0.2220    0.7645    0.6051
   -0.7365    0.2752   -0.6179
   -0.6390   -0.5829    0.5020
...    36 C-G ...
  -63.7146  -63.6315   60.7112
   -0.5533    0.8252    0.1140
   -0.5108   -0.2280   -0.8289
   -0.6580   -0.5169    0.5476
...    37 G-C ...
  -66.0943  -65.7435   61.8554
   -0.6842    0.5994   -0.4155
   -0.1256   -0.6580   -0.7424
   -0.7184   -0.4558    0.5255
...    38 A-T ...
  -68.3895  -67.1479   63.5642
   -0.6218    0.0932   -0.7776
    0.3021   -0.8875   -0.3479
   -0.7226   -0.4512    0.5237
...    39 C-G ...
  -71.0426  -68.1384   65.0910
   -0.3423   -0.3738   -0.8620
    0.5633   -0.8159    0.1301
   -0.7520   -0.4411    0.4899
...    40 A-T ...
  -73.6455  -69.7491   66.5297
    0.0990   -0.7698   -0.6306
    0.6404   -0.4358    0.6324
   -0.7616   -0.4665    0.4498
...    41 C-G ...
  -76.4101  -71.3888   67.4971
    0.4299   -0.8789   -0.2066
    0.4835    0.0309    0.8748
   -0.7625   -0.4759    0.4383
...    42 G-C ...
  -78.7319  -72.8130   69.3807
    0.6602   -0.6661    0.3471
    0.1308    0.5570    0.8202
   -0.7397   -0.4960    0.4548
...    43 A-T ...
  -81.2064  -74.2919   70.6982
    0.6131   -0.2054    0.7629
   -0.2585    0.8603    0.4393
   -0.7466   -0.4665    0.4743
...    44 C-G ...
  -83.3793  -76.3910   72.0313
    0.4227    0.3131    0.8505
   -0.5520    0.8332   -0.0324
   -0.7187   -0.4558    0.5250
...    45 T-A ...
  -85.4991  -78.3226   74.1652
    0.0931    0.7781    0.6212
   -0.6932    0.4985   -0.5206
   -0.7147   -0.3821    0.5858
...    46 T-A ...
  -87.6878  -79.4922   76.1461
   -0.2371    0.9459    0.2213
   -0.6470    0.0162   -0.7623
   -0.7247   -0.3239    0.6082
...    47 A-T ...
  -90.0678  -80.2007   78.3239
   -0.4264    0.8442   -0.3247
   -0.4592   -0.5113   -0.7265
   -0.7793   -0.1607    0.6057
...    48 C-G ...
  -92.4372  -80.0795   80.6298
   -0.5670    0.4500   -0.6900
   -0.1973   -0.8874   -0.4166
   -0.7998   -0.1000    0.5919
...    49 T-A ...
  -95.1292  -79.8266   82.6356
   -0.5255   -0.0818   -0.8469
    0.0709   -0.9961    0.0522
   -0.8478   -0.0326    0.5293
...    50 G-C ...
  -98.0787  -80.0891   84.2273
   -0.3200   -0.6497   -0.6895
    0.3228   -0.7590    0.5654
   -0.8908   -0.0416    0.4526
...    51 T-A ...
 -101.1508  -80.0689   85.2019
   -0.1073   -0.9600   -0.2588
    0.4331   -0.2794    0.8570
   -0.8950   -0.0201    0.4457
...    52 A-T ...
 -103.6197  -79.7208   87.7566
    0.1052   -0.8710    0.4798
    0.4305    0.4749    0.7676
   -0.8964    0.1258    0.4249
...    53 G-C ...
 -106.6090  -79.2997   89.0331
    0.3683   -0.4929    0.7883
    0.3326    0.8616    0.3834
   -0.8682    0.1210    0.4813
...    54 G-C ...
 -109.7914  -79.5859   90.6673
    0.5614    0.0655    0.8250
    0.0762    0.9885   -0.1304
   -0.8241    0.1360    0.5499
...    55 T-A ...
 -112.5189  -79.7893   92.6518
    0.5323    0.5959    0.6013
   -0.2313    0.7856   -0.5738
   -0.8143    0.1664    0.5561
...    56 T-A ...
 -115.0971  -79.2532   94.5581
    0.3420    0.9294    0.1390
   -0.4939    0.3036   -0.8148
   -0.7994    0.2100    0.5629
...    57 C-G ...
 -117.7594  -78.2668   96.1039
    0.0732    0.9054   -0.4182
   -0.6386   -0.2796   -0.7169
   -0.7660    0.3195    0.5577
...    58 A-T ...
 -120.1004  -76.9563   98.2126
   -0.1820    0.5614   -0.8073
   -0.6631   -0.6763   -0.3208
   -0.7260    0.4770    0.4953
...    59 T-A ...
 -122.1826  -74.9599   99.7445
   -0.4615    0.1118   -0.8801
   -0.4978   -0.8537    0.1526
   -0.7343    0.5086    0.4496
...    60 G-C ...
 -124.6983  -73.1251  101.0997
   -0.6475   -0.4629   -0.6054
   -0.1376   -0.7103    0.6903
   -0.7496    0.5302    0.3962
...    61 T-A ...
 -127.2376  -70.9875  101.9617
   -0.6392   -0.7649   -0.0795
    0.2615   -0.3133    0.9129
   -0.7232    0.5628    0.4003
...    62 T-A ...
 -129.6052  -69.0092  103.0234
   -0.4062   -0.7439    0.5307
    0.6113    0.2105    0.7629
   -0.6792    0.6343    0.3693
...    63 A-T ...
 -131.6198  -66.4488  104.3479
    0.0838   -0.3107    0.9468
    0.7680    0.6255    0.1373
   -0.6349    0.7157    0.2911
...    64 T-A ...
 -134.1585  -64.5890  105.3078
    0.4689    0.0720    0.8803
    0.6300    0.6714   -0.3904
   -0.6191    0.7376    0.2694
...    65 A-T ...
 -136.1417  -61.8952  105.9638
    0.7924    0.4455    0.4167
    0.1976    0.4588   -0.8663
   -0.5771    0.7688    0.2755
...    66 A-T ...
 -137.8839  -59.4716  107.0124
    0.8081    0.5673   -0.1586
   -0.2841    0.1394   -0.9486
   -0.5161    0.8116    0.2738
...    67 C-G ...
 -139.1460  -56.7112  108.4298
    0.5471    0.4979   -0.6729
   -0.6921   -0.1831   -0.6982
   -0.4708    0.8477    0.2445
...    68 G-C ...
 -140.7594  -53.8472  108.6295
    0.1319    0.1868   -0.9735
   -0.9193   -0.3443   -0.1907
   -0.3708    0.9201    0.1263
...    69 G-C ...
 -141.9006  -50.7563  108.1740
   -0.3471   -0.1366   -0.9278
   -0.8831   -0.2855    0.3724
   -0.3158    0.9486   -0.0216
...    70 A-T ...
 -142.8095  -47.5032  107.8159
   -0.8246   -0.2819   -0.4905
   -0.4826   -0.1016    0.8699
   -0.2950    0.9541   -0.0523
...    71 A-T ...
 -143.6287  -44.3791  107.4110
   -0.9629   -0.2261    0.1473
    0.1341    0.0730    0.9883
   -0.2342    0.9714   -0.0400
...    72 T-A ...
 -144.6452  -41.2479  106.5055
   -0.7518   -0.0902    0.6532
    0.6349    0.1688    0.7540
   -0.1782    0.9815   -0.0696
...    73 C-G ...
 -145.4496  -37.9866  106.1639
   -0.1679    0.0629    0.9838
    0.9759    0.1516    0.1569
   -0.1393    0.9864   -0.0869
...    74 T-A ...
 -146.1734  -34.6762  106.0398
    0.4109    0.0917    0.9071
    0.9050    0.0794   -0.4180
   -0.1103    0.9926   -0.0504
...    75 C-G ...
 -146.6617  -31.2920  105.7007
    0.8819    0.0827    0.4642
    0.4677   -0.0290   -0.8834
   -0.0596    0.9962   -0.0643
...    76 G-C ...
 -146.4532  -28.0017  104.8841
    0.9812   -0.1808   -0.0680
   -0.0791   -0.0550   -0.9953
    0.1763    0.9820   -0.0683
...    77 A-T ...
 -145.9742  -24.7651  104.4291
    0.7293   -0.2675   -0.6298
   -0.6441    0.0420   -0.7638
    0.2307    0.9627   -0.1416
...    78 G-C ...
 -144.7929  -21.6901  103.8640
    0.2431   -0.2937   -0.9245
   -0.9249    0.2171   -0.3122
    0.2924    0.9309   -0.2189
...    79 C-G ...
 -143.2773  -18.7593  102.9298
   -0.3608   -0.1450   -0.9213
   -0.8777    0.3867    0.2829
    0.3152    0.9107   -0.2668
...    80 T-A ...
 -142.1373  -15.8365  101.8614
   -0.7943    0.0822   -0.6020
   -0.5077    0.4546    0.7319
    0.3338    0.8869   -0.3193
...    81 C-G ...
 -141.3341  -12.7714  100.9188
   -0.9313    0.3638   -0.0181
    0.1210    0.3559    0.9267
    0.3435    0.8608   -0.3754
...    82 G-C ...
 -139.8229   -9.4589  100.7813
   -0.6647    0.5043    0.5513
    0.6743    0.0871    0.7333
    0.3218    0.8592   -0.3979
...    83 G-C ...
 -138.7316   -6.6094   99.2307
   -0.1465    0.4204    0.8954
    0.9224   -0.2691    0.2772
    0.3575    0.8665   -0.3484
...    84 G-C ...
 -137.6765   -3.6774   97.9734
    0.3656    0.1147    0.9237
    0.8439   -0.4594   -0.2770
    0.3925    0.8808   -0.2648
...    85 A-T ...
 -136.5657   -0.6089   97.1413
    0.7963   -0.2142    0.5657
    0.4346   -0.4478   -0.7814
    0.4207    0.8681   -0.2635
...    86 T-A ...
 -135.2836    2.4130   96.8560
    0.8880   -0.4537    0.0748
   -0.0540   -0.2643   -0.9629
    0.4566    0.8510   -0.2592
...    87 C-G ...
 -133.5789    5.1923   96.1800
    0.6531   -0.5621   -0.5075
   -0.5706    0.0754   -0.8178
    0.4979    0.8236   -0.2715
...    88 C-G ...
 -131.7999    7.8185   95.3015
    0.1733   -0.5341   -0.8275
   -0.8185    0.3892   -0.4226
    0.5478    0.7505   -0.3697
...    89 G-C ...
 -130.3153   10.3999   93.7295
   -0.3984   -0.2982   -0.8674
   -0.7328    0.6722    0.1055
    0.5516    0.6777   -0.4863
...    90 C-G ...
 -128.2401   12.2907   91.6647
   -0.7569    0.1482   -0.6365
   -0.3413    0.7409    0.5784
    0.5573    0.6550   -0.5102
...    91 T-A ...
 -126.5745   14.3388   89.3347
   -0.8056    0.5657   -0.1760
    0.2097    0.5501    0.8083
    0.5541    0.6143   -0.5618
...    92 T-A ...
 -124.8796   16.1765   87.1981
   -0.4708    0.8250    0.3126
    0.6554    0.0900    0.7499
    0.5905    0.5579   -0.5831
...    93 T-A ...
 -123.1362   17.9440   85.0166
    0.0486    0.7427    0.6679
    0.7928   -0.4354    0.4264
    0.6075    0.5088   -0.6100
...    94 A-T ...
 -120.5496   18.9095   82.9896
    0.5806    0.3120    0.7520
    0.5529   -0.8291   -0.0828
    0.5977    0.4639   -0.6539
...    95 A-T ...
 -118.6939   20.5367   80.9165
    0.7990   -0.2415    0.5507
    0.0848   -0.8614   -0.5008
    0.5953    0.4469   -0.6678
...    96 C-G ...
 -116.6255   22.4703   79.0328
    0.7030   -0.6896    0.1740
   -0.3894   -0.5780   -0.7172
    0.5951    0.4364   -0.6748
...    97 A-T ...
 -114.5141   23.7670   76.6985
    0.2686   -0.9314   -0.2456
   -0.7286   -0.0297   -0.6843
    0.6301    0.3627   -0.6866
...    98 C-G ...
 -111.9086   24.5600   74.7055
   -0.1916   -0.8060   -0.5600
   -0.7448    0.4910   -0.4518
    0.6391    0.3305   -0.6944
...    99 T-A ...
 -109.2771   25.2011   72.3283
   -0.6379   -0.3690   -0.6760
   -0.4662    0.8837   -0.0425
    0.6130    0.2880   -0.7357
...   100 T-A ...
 -107.1984   25.8095   69.8645
   -0.7652    0.2499   -0.5933
    0.0169    0.9291    0.3695
    0.6436    0.2727   -0.7152
...   101 T-A ...
 -105.1172   26.4571   67.3977
   -0.5869    0.7607   -0.2774
    0.4634    0.5965    0.6553
    0.6639    0.2560   -0.7026
...   102 A-T ...
 -102.5458   27.3415   65.1962
   -0.0547    0.9750    0.2154
    0.7240   -0.1099    0.6810
    0.6876    0.1932   -0.6999
...   103 T-A ...
 -100.8684   28.1994   62.5287
    0.2941    0.7874    0.5417
    0.6589   -0.5776    0.4819
    0.6924    0.2152   -0.6887
...   104 G-C ...
  -98.6201   29.1837   60.2868
    0.5698    0.2446    0.7846
    0.3630   -0.9314    0.0267
    0.7373    0.2696   -0.6195
...   105 C-G ...
  -96.1320   30.4145   58.4814
    0.6431   -0.3361    0.6881
   -0.0301   -0.9089   -0.4159
    0.7652    0.2468   -0.5947
...   106 T-A ...
  -93.2957   31.5145   56.7837
    0.4777   -0.8145    0.3292
   -0.3778   -0.5287   -0.7601
    0.7931    0.2387   -0.5603
...   107 T-A ...
  -90.6055   32.2544   55.1867
    0.1390   -0.9801   -0.1417
   -0.5642    0.0392   -0.8247
    0.8138    0.1946   -0.5475
...   108 C-G ...
  -87.7582   32.6991   53.4424
   -0.2617   -0.7568   -0.5990
   -0.5193    0.6336   -0.5735
    0.8135    0.1610   -0.5588
...   109 C-G ...
  -85.0633   33.0169   51.5448
   -0.5811   -0.2971   -0.7577
   -0.2704    0.9486   -0.1646
    0.7676    0.1093   -0.6316
...   110 G-C ...
  -82.8501   33.6950   49.4277
   -0.7041    0.2542   -0.6630
    0.1132    0.9620    0.2486
    0.7010    0.1000   -0.7061
...   111 G-C ...
  -80.7764   33.9978   46.7681
   -0.5520    0.7533   -0.3575
    0.5109    0.6444    0.5690
    0.6590    0.1315   -0.7405
...   112 C-G ...
  -79.0221   34.3451   43.9174
   -0.1856    0.9804    0.0653
    0.7399    0.0957    0.6658
    0.6466    0.1719   -0.7432
...   113 T-A ...
  -77.0064   34.9460   41.3232
    0.2273    0.8612    0.4546
    0.7307   -0.4594    0.5050
    0.6438    0.2174   -0.7337
...   114 C-G ...
  -74.7451   35.6231   38.9409
    0.6128    0.3916    0.6864
    0.4525   -0.8860    0.1015
    0.6479    0.2484   -0.7201
...   115 G-C ...
  -72.3908   35.9290   36.5534
    0.7097   -0.2530    0.6575
   -0.0030   -0.9344   -0.3563
    0.7045    0.2509   -0.6639
...   116 T-A ...
  -69.6994   37.1971   34.9414
    0.5544   -0.7426    0.3758
   -0.3933   -0.6317   -0.6680
    0.7335    0.2225   -0.6423
...   117 A-T ...
  -66.9526   37.9784   33.0613
    0.1594   -0.9837   -0.0828
   -0.6288   -0.0365   -0.7767
    0.7610    0.1759   -0.6244
...   118 T-A ...
  -64.0377   38.3756   31.5649
   -0.1846   -0.8488   -0.4954
   -0.6164    0.4926   -0.6143
    0.7655    0.1920   -0.6142
...   119 A-T ...
  -61.5151   39.3998   29.3645
   -0.5091   -0.2485   -0.8240
   -0.3271    0.9414   -0.0818
    0.7961    0.2279   -0.5606
...   120 A-T ...
  -58.8514   39.8068   27.5276
   -0.5947    0.3564   -0.7206
    0.0292    0.9053    0.4237
    0.8034    0.2310   -0.5488
...   121 T-A ...
  -56.3301   40.0417   25.3230
   -0.4712    0.7935   -0.3852
    0.3384    0.5660    0.7518
    0.8145    0.2239   -0.5352
...   122 G-C ...
  -53.5294   40.7978   23.3857
   -0.2118    0.9550    0.2078
    0.5529   -0.0582    0.8312
    0.8059    0.2910   -0.5157
...   123 T-A ...
  -51.1581   41.8513   21.3213
    0.0970    0.7692    0.6316
    0.5680   -0.5638    0.5995
    0.8173    0.3006   -0.4916
...   124 G-C ...
  -48.3699   42.9099   19.6718
    0.3483    0.2436    0.9052
    0.4176   -0.9048    0.0828
    0.8392    0.3492   -0.4169
...   125 T-A ...
  -45.8732   44.4464   18.3973
    0.4667   -0.3002    0.8319
    0.1812   -0.8882   -0.4221
    0.8657    0.3477   -0.3601
...   126 C-G ...
  -43.0433   45.5203   17.4146
    0.4840   -0.7720    0.4120
   -0.1119   -0.5216   -0.8458
    0.8679    0.3633   -0.3388
...   127 G-C ...
  -40.1765   46.2671   15.7417
    0.2306   -0.9669   -0.1092
   -0.2954    0.0373   -0.9546
    0.9271    0.2524   -0.2770
...   128 A-T ...
  -37.1726   47.0452   14.9046
    0.0138   -0.7410   -0.6713
   -0.3709    0.6197   -0.6917
    0.9286    0.2586   -0.2662
...   129 C-G ...
  -33.8782   47.2590   14.4690
   -0.2171   -0.2859   -0.9334
   -0.3084    0.9273   -0.2123
    0.9261    0.2418   -0.2895
...   130 C-G ...
  -30.7004   47.6968   13.2722
   -0.4168    0.2679   -0.8686
   -0.1050    0.9350    0.3388
    0.9029    0.2324   -0.3615
...   131 A-T ...
  -27.5661   49.1403   12.9300
   -0.3915    0.8064   -0.4432
    0.1608    0.5341    0.8300
    0.9060    0.2537   -0.3387
...   132 A-T ...
  -24.6235   49.9353   11.6914
   -0.2185    0.9658    0.1395
    0.3539   -0.0548    0.9337
    0.9094    0.2534   -0.3298
...   133 A-T ...
  -21.7945   50.8385   10.2847
    0.0618    0.7475    0.6614
    0.3963   -0.6265    0.6711
    0.9160    0.2206   -0.3350
...   134 T-A ...
  -19.0085   52.0402    8.9384
    0.2450    0.2904    0.9250
    0.3072   -0.9282    0.2101
    0.9196    0.2327   -0.3167
...   135 G-C ...
  -16.4571   53.8980    7.5291
    0.5336   -0.3334    0.7773
    0.0348   -0.9096   -0.4140
    0.8450    0.2479   -0.4738
...   136 T-A ...
  -14.1682   56.5698    6.1949
    0.5795   -0.7269    0.3684
   -0.3140   -0.6163   -0.7222
    0.7521    0.3028   -0.5854
...   137 G-C ...
  -11.6470   58.0147    4.7337
    0.2454   -0.9541   -0.1717
   -0.6318   -0.0231   -0.7748
    0.7352    0.2986   -0.6085
...   138 A-T ...
   -8.6699   58.7289    3.6171
   -0.0344   -0.7815   -0.6230
   -0.6534    0.4892   -0.5777
    0.7562    0.3872   -0.5274
...   139 G-C ...
   -6.3213   59.0880    1.6441
   -0.2967   -0.3277   -0.8970
   -0.5657    0.8170   -0.1114
    0.7694    0.4744   -0.4278
...   140 C-G ...
   -3.4298   60.2437    1.0435
   -0.4424    0.2288   -0.8671
   -0.1682    0.9286    0.3309
    0.8809    0.2922   -0.3723
...   141 G-C ...
   -0.6895   63.9063   -2.2356
   -0.9992    0.0156   -0.0375
   -0.0024    0.8991    0.4378
    0.0405    0.4375   -0.8983
...   142 C-G ...
   -0.9981   65.6138   -4.9249
   -0.8337    0.5217    0.1810
    0.5169    0.6220    0.5881
    0.1942    0.5839   -0.7882
...   143 T-A ...
   -0.1246   66.2250   -7.8041
   -0.3751    0.8568    0.3538
    0.8856    0.2185    0.4098
    0.2739    0.4670   -0.8408
...   144 C-G ...
   -0.1582   67.4197  -10.7921
    0.1799    0.8792    0.4411
    0.9276   -0.3009    0.2214
    0.3274    0.3694   -0.8697
...   145 A-T ...
    0.5351   69.2487  -13.4513
    0.7352    0.4961    0.4620
    0.6117   -0.7791   -0.1369
    0.2921    0.3832   -0.8763
...   146 C-G ...
    1.4419   72.1064  -15.5858
    0.9808    0.0622    0.1849
    0.1266   -0.9240   -0.3608
    0.1484    0.3773   -0.9141
...   147 A-T ...
    2.3149   74.2411  -18.3714
    0.8657   -0.4292   -0.2574
   -0.4984   -0.7868   -0.3642
   -0.0462    0.4436   -0.8950
