  147 base-pairs
...     1 A-T ...
    0.0000    0.0000    0.0000
    1.0000    0.0000    0.0000
    0.0000    1.0000    0.0000
    0.0000    0.0000    1.0000
...     2 G-C ...
   -0.1394   -1.2357    3.2268
    0.7529    0.6366    0.1670
   -0.6386    0.7680   -0.0486
   -0.1592   -0.0700    0.9848
...     3 T-A ...
   -0.0365   -3.2932    6.3751
    0.2722    0.9301    0.2466
   -0.9238    0.3243   -0.2033
   -0.2691   -0.1725    0.9475
...     4 G-C ...
   -0.3505   -4.1660    9.4928
   -0.3756    0.9250    0.0579
   -0.8781   -0.3352   -0.3415
   -0.2965   -0.1791    0.9381
...     5 A-T ...
   -0.4462   -4.1476   12.7498
   -0.8116    0.5840   -0.0165
   -0.5523   -0.7762   -0.3042
   -0.1905   -0.2378    0.9524
...     6 G-C ...
   -1.5908   -4.1730   15.6201
   -0.9976    0.0246   -0.0651
   -0.0043   -0.9555   -0.2950
   -0.0695   -0.2940    0.9533
...     7 C-G ...
   -1.1030   -4.4824   18.7362
   -0.8441   -0.5304   -0.0787
    0.5345   -0.8441   -0.0432
   -0.0435   -0.0785    0.9960
...     8 G-C ...
   -2.4028   -7.7290   23.1475
   -0.2754   -0.3293   -0.9032
    0.6650   -0.7437    0.0684
   -0.6942   -0.5818    0.4238
...     9 C-G ...
   -4.4690   -9.9728   24.1132
    0.1145   -0.7025   -0.7024
    0.8512   -0.2952    0.4340
   -0.5122   -0.6476    0.5642
...    10 T-A ...
   -6.7405  -10.8752   25.9697
    0.4841   -0.8363   -0.2574
    0.6595    0.1553    0.7355
   -0.5751   -0.5258    0.6267
...    11 C-G ...
   -9.1656  -12.6208   27.1640
    0.7073   -0.6682    0.2307
    0.3448    0.6110    0.7126
   -0.6171   -0.4245    0.6626
...    12 A-T ...
  -10.9234  -14.6633   29.0693
    0.7515   -0.1377    0.6452
   -0.2029    0.8824    0.4246
   -0.6277   -0.4500    0.6352
...    13 C-G ...
  -11.8476  -17.4863   31.2451
    0.4295    0.2823    0.8578
   -0.5708    0.8209    0.0156
   -0.6998   -0.4963    0.5137
...    14 A-T ...
  -13.5897  -19.7827   33.4259
   -0.1504    0.6104    0.7777
   -0.6874    0.5008   -0.5260
   -0.7106   -0.6136    0.3443
...    15 A-T ...
  -15.8210  -21.8440   34.5756
   -0.5320    0.7897    0.3054
   -0.4484    0.0432   -0.8928
   -0.7183   -0.6119    0.3311
...    16 T-A ...
  -17.9438  -23.8160   36.3539
   -0.7210    0.6542   -0.2284
   -0.0629   -0.3900   -0.9187
   -0.6901   -0.6480    0.3223
...    17 T-A ...
  -20.2068  -25.7680   37.7261
   -0.6386    0.2654   -0.7223
    0.3958   -0.6917   -0.6041
   -0.6600   -0.6716    0.3367
...    18 T-A ...
  -22.4699  -27.8407   38.8616
   -0.2747   -0.1778   -0.9449
    0.6945   -0.7163   -0.0671
   -0.6649   -0.6747    0.3203
...    19 A-T ...
  -24.4789  -30.3985   39.9821
    0.2520   -0.6011   -0.7584
    0.7023   -0.4256    0.5707
   -0.6658   -0.6764    0.3149
...    20 T-A ...
  -27.0784  -32.4157   40.5074
    0.5806   -0.7474   -0.3229
    0.4590   -0.0271    0.8880
   -0.6725   -0.6638    0.3273
...    21 T-A ...
  -29.3345  -34.6299   41.3083
    0.7184   -0.6322    0.2902
    0.0049    0.4218    0.9067
   -0.6956   -0.6499    0.3061
...    22 C-G ...
  -31.5869  -36.8167   42.3432
    0.5865   -0.2335    0.7756
   -0.4438    0.7084    0.5489
   -0.6776   -0.6661    0.3118
...    23 G-C ...
  -34.1187  -38.6070   43.7251
    0.3290    0.3011    0.8950
   -0.7165    0.6970    0.0289
   -0.6151   -0.6508    0.4450
...    24 C-G ...
  -35.8384  -41.0066   45.1950
   -0.0655    0.6620    0.7466
   -0.7778    0.4349   -0.4538
   -0.6251   -0.6104    0.4864
...    25 A-T ...
  -38.3136  -42.9815   46.3319
   -0.4800    0.8296    0.2851
   -0.5771   -0.0539   -0.8149
   -0.6607   -0.5557    0.5047
...    26 A-T ...
  -40.4648  -44.7276   48.0924
   -0.7180    0.6469   -0.2568
   -0.1890   -0.5363   -0.8226
   -0.6699   -0.5421    0.5073
...    27 A-T ...
  -42.6014  -46.2984   49.9975
   -0.6961    0.1983   -0.6900
    0.2784   -0.8113   -0.5140
   -0.6617   -0.5500    0.5096
...    28 G-C ...
  -45.1034  -47.7648   51.7537
   -0.3921   -0.2529   -0.8845
    0.5994   -0.7996   -0.0371
   -0.6979   -0.5447    0.4651
...    29 G-C ...
  -47.7591  -49.5141   53.1080
    0.0788   -0.6505   -0.7554
    0.6971   -0.5058    0.5082
   -0.7126   -0.5667    0.4136
...    30 C-G ...
  -50.2783  -51.4164   54.0833
    0.4890   -0.8039   -0.3385
    0.5062   -0.0545    0.8607
   -0.7104   -0.5922    0.3803
...    31 C-G ...
  -52.8431  -53.3591   55.1521
    0.7260   -0.6591    0.1963
    0.1268    0.4089    0.9037
   -0.6759   -0.6312    0.3804
...    32 G-C ...
  -54.9178  -55.1386   56.6521
    0.7377   -0.2778    0.6153
   -0.2901    0.6926    0.6605
   -0.6096   -0.6657    0.4303
...    33 G-C ...
  -56.7201  -57.5582   58.1657
    0.4800    0.2148    0.8505
   -0.6608    0.7262    0.1896
   -0.5769   -0.6531    0.4905
...    34 C-G ...
  -58.3617  -59.9823   59.7053
    0.0556    0.6305    0.7742
   -0.8119    0.4799   -0.3324
   -0.5811   -0.6101    0.5386
...    35 C-G ...
  -60.0807  -61.9310   61.9194
   -0.3559    0.8458    0.3973
   -0.7107    0.0312   -0.7028
   -0.6069   -0.5325    0.5900
...    36 C-G ...
  -62.0629  -63.5239   64.1336
   -0.6583    0.7427   -0.1229
   -0.4089   -0.4899   -0.7699
   -0.6320   -0.4566    0.6262
...    37 G-C ...
  -64.2953  -65.6558   65.6099
   -0.7234    0.3623   -0.5878
    0.0263   -0.8362   -0.5478
   -0.6900   -0.4117    0.5954
...    38 A-T ...
  -66.5450  -66.9093   67.5166
   -0.5632   -0.2155   -0.7977
    0.4495   -0.8900   -0.0769
   -0.6934   -0.4019    0.5981
...    39 C-G ...
  -69.1592  -67.8528   69.1614
   -0.2157   -0.6497   -0.7290
    0.6614   -0.6464    0.3804
   -0.7184   -0.4001    0.5691
...    40 A-T ...
  -71.5970  -69.4039   70.9554
    0.2600   -0.9001   -0.3496
    0.6461   -0.1069    0.7558
   -0.7176   -0.4224    0.5538
...    41 C-G ...
  -74.1732  -71.0769   72.3395
    0.5701   -0.8145    0.1078
    0.4020    0.3910    0.8280
   -0.7165   -0.4287    0.5503
...    42 G-C ...
  -76.4310  -72.1214   74.5373
    0.7235   -0.3882    0.5709
   -0.0156    0.8176    0.5756
   -0.6902   -0.4254    0.5854
...    43 A-T ...
  -78.7783  -73.4329   76.2246
    0.5784    0.1788    0.7959
   -0.4152    0.9044    0.0986
   -0.7022   -0.3875    0.5973
...    44 C-G ...
  -80.7280  -75.2642   78.1519
    0.3098    0.6641    0.6805
   -0.6690    0.6608   -0.3403
   -0.6756   -0.3498    0.6490
...    45 T-A ...
  -82.7033  -76.5985   80.7984
   -0.0680    0.9605    0.2699
   -0.7275    0.1374   -0.6722
   -0.6827   -0.2421    0.6894
...    46 T-A ...
  -84.8689  -77.2265   83.0222
   -0.3949    0.9007   -0.1812
   -0.5918   -0.4002   -0.6998
   -0.7028   -0.1691    0.6910
...    47 A-T ...
  -87.3382  -77.4979   85.2213
   -0.5678    0.5212   -0.6371
   -0.3022   -0.8519   -0.4277
   -0.7657   -0.0503    0.6412
...    48 C-G ...
  -89.8723  -76.8889   87.3062
   -0.6144   -0.0213   -0.7887
    0.0145   -0.9998    0.0157
   -0.7889   -0.0018    0.6146
...    49 T-A ...
  -92.6771  -76.3977   89.1334
   -0.4577   -0.5587   -0.6917
    0.2868   -0.8291    0.4799
   -0.8416    0.0213    0.5397
...    50 G-C ...
  -95.4988  -76.5524   90.9314
   -0.1526   -0.9463   -0.2849
    0.4765   -0.3230    0.8177
   -0.8658   -0.0110    0.5002
...    51 T-A ...
  -98.5190  -76.7207   92.0803
    0.1153   -0.9636    0.2410
    0.4762    0.2666    0.8379
   -0.8717    0.0182    0.4897
...    52 A-T ...
 -100.9970  -75.5036   94.4724
    0.2942   -0.4587    0.8384
    0.3126    0.8752    0.3692
   -0.9032    0.1535    0.4009
...    53 G-C ...
 -104.0288  -74.9471   95.6459
    0.4842    0.0802    0.8712
    0.1319    0.9777   -0.1634
   -0.8649    0.1940    0.4629
...    54 G-C ...
 -107.0040  -74.8128   97.5945
    0.5570    0.6069    0.5669
   -0.1681    0.7508   -0.6388
   -0.8133    0.2606    0.5202
...    55 T-A ...
 -109.4595  -74.1528   99.5807
    0.4314    0.8951    0.1131
   -0.4289    0.3137   -0.8471
   -0.7937    0.3169    0.5192
...    56 A-T ...
 -111.8042  -72.8612  101.7802
    0.2236    0.8480   -0.4805
   -0.6333   -0.2484   -0.7330
   -0.7409    0.4682    0.4815
...    57 T-A ...
 -113.7070  -71.0229  103.6477
   -0.1002    0.5647   -0.8192
   -0.6789   -0.6407   -0.3586
   -0.7273    0.5202    0.4476
...    58 C-G ...
 -116.1310  -68.9532  105.0138
   -0.4765   -0.0080   -0.8791
   -0.4923   -0.8261    0.2743
   -0.7284    0.5635    0.3897
...    59 T-A ...
 -118.5994  -66.9126  105.9097
   -0.6391   -0.4969   -0.5871
   -0.1788   -0.6464    0.7417
   -0.7481    0.5790    0.3243
...    60 C-G ...
 -121.2533  -65.3847  107.1404
   -0.6324   -0.7743    0.0238
    0.2131   -0.1444    0.9663
   -0.7448    0.6161    0.2564
...    61 G-C ...
 -123.3943  -63.2989  108.6608
   -0.3923   -0.6857    0.6131
    0.5468    0.3622    0.7549
   -0.7397    0.6314    0.2328
...    62 A-T ...
 -125.5151  -60.8559  109.4270
    0.0427   -0.2888    0.9564
    0.7087    0.6835    0.1748
   -0.7042    0.6704    0.2339
...    63 G-C ...
 -127.8274  -58.5858  110.1089
    0.4492    0.1391    0.8825
    0.5995    0.6854   -0.4132
   -0.6624    0.7147    0.2245
...    64 C-G ...
 -130.3342  -56.4353  111.0833
    0.7486    0.4857    0.4513
    0.2298    0.4485   -0.8638
   -0.6219    0.7503    0.2241
...    65 T-A ...
 -132.4028  -53.9847  112.0544
    0.8162    0.5675   -0.1081
   -0.2089    0.1155   -0.9711
   -0.5386    0.8152    0.2128
...    66 C-G ...
 -134.0972  -51.1750  112.6672
    0.5769    0.4651   -0.6715
   -0.6698   -0.2012   -0.7148
   -0.4675    0.8621    0.1954
...    67 G-C ...
 -135.8983  -48.3284  112.4864
    0.1442    0.1837   -0.9724
   -0.9130   -0.3543   -0.2023
   -0.3816    0.9169    0.1166
...    68 G-C ...
 -136.8646  -45.0570  112.4734
   -0.3811   -0.1210   -0.9166
   -0.8514   -0.3404    0.3990
   -0.3603    0.9324    0.0267
...    69 G-C ...
 -138.0885  -41.9385  111.9236
   -0.7693   -0.3658   -0.5237
   -0.5159   -0.1277    0.8471
   -0.3768    0.9219   -0.0905
...    70 A-T ...
 -139.2187  -38.8022  111.2805
   -0.9388   -0.3217    0.1231
    0.0790    0.1468    0.9860
   -0.3352    0.9354   -0.1124
...    71 T-A ...
 -140.5083  -35.8838  110.3446
   -0.7509   -0.1731    0.6374
    0.5766    0.2987    0.7604
   -0.3220    0.9385   -0.1245
...    72 C-G ...
 -141.5984  -32.7737  109.7617
   -0.1998    0.0673    0.9775
    0.9363    0.3071    0.1702
   -0.2888    0.9493   -0.1244
...    73 A-T ...
 -141.7479  -29.4496  108.7773
    0.4396    0.1535    0.8850
    0.8755    0.1469   -0.4604
   -0.2007    0.9772   -0.0698
...    74 T-A ...
 -142.7272  -26.3238  108.8741
    0.8386    0.1622    0.5200
    0.5211    0.0391   -0.8526
   -0.1586    0.9860   -0.0517
...    75 G-C ...
 -143.1628  -22.8191  108.7214
    0.9959    0.0129   -0.0900
   -0.0888   -0.0737   -0.9933
   -0.0195    0.9972   -0.0722
...    76 T-A ...
 -142.8941  -19.5071  109.0616
    0.7961   -0.0732   -0.6007
   -0.6047   -0.0594   -0.7942
    0.0225    0.9955   -0.0916
...    77 T-A ...
 -142.5493  -16.3929  108.7488
    0.3294   -0.1813   -0.9266
   -0.9408    0.0204   -0.3384
    0.0803    0.9832   -0.1638
...    78 A-T ...
 -142.4422  -13.1228  107.9422
   -0.3163   -0.2000   -0.9273
   -0.9422    0.1798    0.2826
    0.1102    0.9631   -0.2454
...    79 T-A ...
 -141.4780  -10.2288  106.7344
   -0.7601   -0.0631   -0.6468
   -0.6348    0.2849    0.7182
    0.1389    0.9565   -0.2566
...    80 A-T ...
 -140.9771   -6.8383  106.1061
   -0.9713    0.2380   -0.0004
    0.0626    0.2570    0.9644
    0.2297    0.9366   -0.2645
...    81 A-T ...
 -140.2154   -3.8664  105.0134
   -0.7116    0.4164    0.5659
    0.6345    0.0349    0.7721
    0.3017    0.9085   -0.2891
...    82 C-G ...
 -139.6142   -0.7854  103.4871
   -0.2015    0.4064    0.8912
    0.9182   -0.2385    0.3164
    0.3412    0.8820   -0.3251
...    83 G-C ...
 -138.2052    1.9832  102.4398
    0.3926    0.1332    0.9100
    0.8324   -0.4723   -0.2900
    0.3912    0.8713   -0.2963
...    84 G-C ...
 -137.0661    4.9400  101.4601
    0.7387   -0.2243    0.6357
    0.4848   -0.4784   -0.7322
    0.4683    0.8490   -0.2446
...    85 A-T ...
 -135.5707    7.8444  100.8183
    0.8549   -0.5113    0.0875
   -0.0554   -0.2578   -0.9646
    0.5158    0.8198   -0.2487
...    86 T-A ...
 -133.6581   10.5089  100.5980
    0.6732   -0.6123   -0.4146
   -0.4880    0.0534   -0.8712
    0.5555    0.7888   -0.2629
...    87 C-G ...
 -131.5695   12.9415   99.7786
    0.2220   -0.5091   -0.8316
   -0.7735    0.4273   -0.4681
    0.5936    0.7472   -0.2989
...    88 C-G ...
 -129.4338   15.1739   98.6320
   -0.2915   -0.2879   -0.9122
   -0.7471    0.6641    0.0292
    0.5974    0.6900   -0.4087
...    89 G-C ...
 -127.8273   17.6867   97.1280
   -0.7281    0.0691   -0.6820
   -0.4071    0.7569    0.5113
    0.5515    0.6499   -0.5230
...    90 C-G ...
 -126.0225   19.5844   94.8288
   -0.8298    0.4973   -0.2533
    0.1131    0.5943    0.7962
    0.5465    0.6320   -0.5494
...    91 T-A ...
 -124.5678   21.7488   92.4897
   -0.5960    0.7621    0.2529
    0.6088    0.2235    0.7612
    0.5235    0.6077   -0.5972
...    92 T-A ...
 -123.1088   23.6714   90.2639
   -0.0702    0.7839    0.6169
    0.8388   -0.2883    0.4619
    0.5400    0.5498   -0.6373
...    93 T-A ...
 -121.5982   25.5207   87.9920
    0.4635    0.4825    0.7432
    0.7030   -0.7108    0.0230
    0.5394    0.5118   -0.6687
...    94 A-T ...
 -119.5271   26.5423   85.4883
    0.8026   -0.0706    0.5923
    0.2427   -0.8684   -0.4323
    0.5449    0.4907   -0.6799
...    95 A-T ...
 -117.7543   28.2199   83.4232
    0.7816   -0.5704    0.2524
   -0.2703   -0.6744   -0.6871
    0.5622    0.4688   -0.6813
...    96 C-G ...
 -115.5764   30.0474   81.6021
    0.4918   -0.8573   -0.1523
   -0.6580   -0.2514   -0.7098
    0.5702    0.4494   -0.6877
...    97 A-T ...
 -113.5474   31.3247   79.1965
   -0.0513   -0.8770   -0.4778
   -0.8030    0.3207   -0.5024
    0.5938    0.3579   -0.7207
...    98 C-G ...
 -111.1636   31.9056   76.8794
   -0.4946   -0.5744   -0.6522
   -0.6321    0.7528   -0.1836
    0.5965    0.3215   -0.7355
...    99 T-A ...
 -108.8172   32.3877   74.1710
   -0.7982   -0.0326   -0.6015
   -0.2022    0.9551    0.2166
    0.5674    0.2945   -0.7690
...   100 T-A ...
 -106.9716   33.0044   71.5287
   -0.7296    0.5622   -0.3894
    0.3210    0.7843    0.5309
    0.6039    0.2624   -0.7527
...   101 T-A ...
 -105.0970   33.6087   68.8903
   -0.3722    0.9276   -0.0311
    0.6823    0.2962    0.6684
    0.6293    0.2276   -0.7431
...   102 A-T ...
 -102.6245   34.2503   66.5212
    0.2329    0.8891    0.3940
    0.7313   -0.4272    0.5317
    0.6410    0.1643   -0.7497
...   103 T-A ...
 -101.0401   35.2261   63.8426
    0.5429    0.5605    0.6254
    0.5226   -0.8084    0.2709
    0.6574    0.1798   -0.7318
...   104 G-C ...
  -98.8246   36.0857   61.5141
    0.6824   -0.0695    0.7277
    0.1041   -0.9761   -0.1909
    0.7236    0.2060   -0.6588
...   105 C-G ...
  -96.2529   37.0125   59.6795
    0.5849   -0.6119    0.5325
   -0.3006   -0.7733   -0.5583
    0.7534    0.1665   -0.6362
...   106 T-A ...
  -93.3466   37.6722   57.8849
    0.2747   -0.9528    0.1290
   -0.5554   -0.2668   -0.7877
    0.7849    0.1447   -0.6024
...   107 T-A ...
  -90.6732   38.0231   56.1401
   -0.1278   -0.9411   -0.3129
   -0.5900    0.3258   -0.7388
    0.7972    0.0902   -0.5969
...   108 C-G ...
  -87.9382   38.0508   54.1889
   -0.4821   -0.5564   -0.6767
   -0.3782    0.8289   -0.4121
    0.7903    0.0573   -0.6101
...   109 C-G ...
  -85.3816   37.9984   52.0837
   -0.6805   -0.0208   -0.7324
   -0.0353    0.9994    0.0044
    0.7319    0.0289   -0.6808
...   110 G-C ...
  -83.1949   38.4443   49.9105
   -0.6571    0.5128   -0.5525
    0.3561    0.8572    0.3721
    0.6644    0.0477   -0.7458
...   111 G-C ...
  -81.2665   38.6587   47.1378
   -0.3748    0.9057   -0.1983
    0.6789    0.4138    0.6066
    0.6314    0.0927   -0.7699
...   112 C-G ...
  -79.6253   38.9953   44.2223
    0.0505    0.9756    0.2138
    0.7734   -0.1737    0.6096
    0.6319    0.1346   -0.7633
...   113 T-A ...
  -77.6774   39.5136   41.5668
    0.4335    0.7157    0.5476
    0.6304   -0.6751    0.3832
    0.6439    0.1790   -0.7438
...   114 C-G ...
  -75.4245   40.0445   39.1582
    0.7062    0.1568    0.6905
    0.2581   -0.9651   -0.0448
    0.6593    0.2098   -0.7220
...   115 G-C ...
  -73.1283   40.1959   36.7084
    0.6628   -0.4739    0.5797
   -0.2024   -0.8588   -0.4706
    0.7209    0.1946   -0.6651
...   116 T-A ...
  -70.3138   41.0863   35.1139
    0.4090   -0.8761    0.2554
   -0.5249   -0.4548   -0.7195
    0.7465    0.1602   -0.6458
...   117 A-T ...
  -67.4825   41.5514   33.2554
   -0.0296   -0.9797   -0.1982
   -0.6397    0.1710   -0.7493
    0.7680    0.1046   -0.6318
...   118 T-A ...
  -64.5791   41.5735   31.7035
   -0.3443   -0.7420   -0.5753
   -0.5281    0.6597   -0.5347
    0.7762    0.1197   -0.6190
...   119 A-T ...
  -61.9526   42.3019   29.5425
   -0.5656   -0.0846   -0.8203
   -0.1631    0.9866    0.0107
    0.8084    0.1398   -0.5718
...   120 A-T ...
  -59.3119   42.4083   27.6351
   -0.5468    0.5078   -0.6657
    0.1890    0.8495    0.4927
    0.8157    0.1436   -0.5604
...   121 T-A ...
  -56.8447   42.4115   25.3637
   -0.3509    0.8853   -0.3051
    0.4435    0.4441    0.7785
    0.8247    0.1378   -0.5484
...   122 G-C ...
  -54.0347   42.8992   23.3514
   -0.0724    0.9568    0.2817
    0.5609   -0.1945    0.8047
    0.8247    0.2163   -0.5225
...   123 T-A ...
  -51.6050   43.7862   21.3062
    0.2073    0.7067    0.6765
    0.5058   -0.6693    0.5442
    0.8374    0.2294   -0.4962
...   124 G-C ...
  -48.7518   44.6330   19.6827
    0.3859    0.1483    0.9105
    0.3130   -0.9495    0.0220
    0.8678    0.2764   -0.4129
...   125 T-A ...
  -46.1151   45.9565   18.4581
    0.4403   -0.3944    0.8066
    0.0798   -0.8776   -0.4727
    0.8943    0.2725   -0.3550
...   126 C-G ...
  -43.1945   46.7614   17.5147
    0.4056   -0.8377    0.3657
   -0.1697   -0.4621   -0.8704
    0.8981    0.2910   -0.3296
...   127 G-C ...
  -40.2881   47.3016   15.8802
    0.1462   -0.9768   -0.1565
   -0.2940    0.1081   -0.9497
    0.9446    0.1848   -0.2714
...   128 A-T ...
  -37.2378   47.8649   15.0649
   -0.0488   -0.7094   -0.7031
   -0.3213    0.6777   -0.6615
    0.9457    0.1937   -0.2610
...   129 C-G ...
  -33.9385   47.8336   14.6046
   -0.2407   -0.2299   -0.9430
   -0.2377    0.9559   -0.1723
    0.9410    0.1827   -0.2847
...   130 C-G ...
  -30.7428   48.0549   13.4065
   -0.4019    0.3240   -0.8564
   -0.0417    0.9278    0.3706
    0.9147    0.1847   -0.3594
...   131 A-T ...
  -27.5650   49.2756   12.9856
   -0.3702    0.8248   -0.4275
    0.1894    0.5175    0.8345
    0.9094    0.2280   -0.3478
...   132 A-T ...
  -24.6169   49.9834   11.7234
   -0.2006    0.9685    0.1478
    0.3637   -0.0665    0.9291
    0.9097    0.2401   -0.3389
...   133 A-T ...
  -21.7887   50.8576   10.2912
    0.0739    0.7439    0.6642
    0.3956   -0.6332    0.6653
    0.9155    0.2136   -0.3410
...   134 T-A ...
  -19.0083   52.0403    8.9384
    0.2450    0.2904    0.9250
    0.3072   -0.9282    0.2101
    0.9196    0.2327   -0.3166
...   135 G-C ...
  -16.4569   53.8981    7.5291
    0.5336   -0.3334    0.7773
    0.0348   -0.9096   -0.4140
    0.8450    0.2479   -0.4738
...   136 T-A ...
  -14.1681   56.5699    6.1949
    0.5795   -0.7269    0.3684
   -0.3140   -0.6163   -0.7222
    0.7521    0.3028   -0.5854
...   137 G-C ...
  -11.6469   58.0147    4.7337
    0.2454   -0.9541   -0.1717
   -0.6318   -0.0231   -0.7748
    0.7352    0.2986   -0.6085
...   138 A-T ...
   -8.6698   58.7290    3.6170
   -0.0344   -0.7815   -0.6230
   -0.6534    0.4892   -0.5777
    0.7562    0.3872   -0.5274
...   139 G-C ...
   -6.3211   59.0880    1.6441
   -0.2967   -0.3277   -0.8970
   -0.5657    0.8170   -0.1114
    0.7694    0.4744   -0.4278
...   140 C-G ...
   -3.4296   60.2438    1.0435
   -0.4424    0.2288   -0.8671
   -0.1682    0.9286    0.3309
    0.8809    0.2922   -0.3723
...   141 G-C ...
   -0.6893   63.9063   -2.2356
   -0.9992    0.0156   -0.0375
   -0.0024    0.8991    0.4378
    0.0405    0.4375   -0.8983
...   142 C-G ...
   -0.9980   65.6138   -4.9249
   -0.8337    0.5217    0.1810
    0.5169    0.6220    0.5881
    0.1942    0.5839   -0.7882
...   143 T-A ...
   -0.1244   66.2251   -7.8041
   -0.3751    0.8568    0.3538
    0.8856    0.2185    0.4098
    0.2739    0.4670   -0.8408
...   144 C-G ...
   -0.1580   67.4198  -10.7921
    0.1799    0.8792    0.4411
    0.9276   -0.3009    0.2214
    0.3274    0.3694   -0.8697
...   145 A-T ...
    0.5353   69.2488  -13.4513
    0.7352    0.4961    0.4620
    0.6117   -0.7791   -0.1369
    0.2921    0.3832   -0.8763
...   146 C-G ...
    1.4421   72.1065  -15.5858
    0.9808    0.0622    0.1849
    0.1266   -0.9240   -0.3608
    0.1484    0.3773   -0.9141
...   147 A-T ...
    2.3150   74.2411  -18.3714
    0.8657   -0.4292   -0.2574
   -0.4984   -0.7868   -0.3642
   -0.0462    0.4436   -0.8950
