  147 base-pairs
...     1 A-T ...
    0.0000    0.0000    0.0000
    1.0000    0.0000    0.0000
    0.0000    1.0000    0.0000
    0.0000    0.0000    1.0000
...     2 G-C ...
   -0.1394   -1.2357    3.2268
    0.7529    0.6366    0.1670
   -0.6386    0.7680   -0.0486
   -0.1592   -0.0700    0.9848
...     3 T-A ...
   -0.0365   -3.2932    6.3751
    0.2722    0.9301    0.2466
   -0.9238    0.3243   -0.2033
   -0.2691   -0.1725    0.9475
...     4 G-C ...
   -0.3505   -4.1660    9.4928
   -0.3756    0.9250    0.0579
   -0.8781   -0.3352   -0.3415
   -0.2965   -0.1791    0.9381
...     5 A-T ...
   -0.4462   -4.1476   12.7498
   -0.8116    0.5840   -0.0165
   -0.5523   -0.7762   -0.3042
   -0.1905   -0.2378    0.9524
...     6 G-C ...
   -1.5908   -4.1730   15.6201
   -0.9976    0.0246   -0.0651
   -0.0043   -0.9555   -0.2950
   -0.0695   -0.2940    0.9533
...     7 C-G ...
   -1.1030   -4.4824   18.7362
   -0.8441   -0.5304   -0.0787
    0.5345   -0.8441   -0.0432
   -0.0435   -0.0785    0.9960
...     8 G-C ...
   -2.4028   -7.7290   23.1475
   -0.2754   -0.3293   -0.9032
    0.6650   -0.7437    0.0684
   -0.6942   -0.5818    0.4238
...     9 C-G ...
   -4.4690   -9.9728   24.1132
    0.1145   -0.7025   -0.7024
    0.8512   -0.2952    0.4340
   -0.5122   -0.6476    0.5642
...    10 T-A ...
   -6.7405  -10.8752   25.9697
    0.4841   -0.8363   -0.2574
    0.6595    0.1553    0.7355
   -0.5751   -0.5258    0.6267
...    11 C-G ...
   -9.1656  -12.6208   27.1640
    0.7073   -0.6682    0.2307
    0.3448    0.6110    0.7126
   -0.6171   -0.4245    0.6626
...    12 A-T ...
  -10.9234  -14.6633   29.0693
    0.7515   -0.1377    0.6452
   -0.2029    0.8824    0.4246
   -0.6277   -0.4500    0.6352
...    13 C-G ...
  -11.8476  -17.4863   31.2451
    0.4295    0.2823    0.8578
   -0.5708    0.8209    0.0156
   -0.6998   -0.4963    0.5137
...    14 A-T ...
  -13.5897  -19.7827   33.4259
   -0.1504    0.6104    0.7777
   -0.6874    0.5008   -0.5260
   -0.7106   -0.6136    0.3443
...    15 A-T ...
  -15.8247  -21.8497   34.5475
   -0.5240    0.7943    0.3076
   -0.4481    0.0501   -0.8926
   -0.7244   -0.6055    0.3296
...    16 T-A ...
  -17.9672  -23.7975   36.3180
   -0.7111    0.6660   -0.2254
   -0.0690   -0.3851   -0.9203
   -0.6997   -0.6389    0.3198
...    17 T-A ...
  -20.2680  -25.7157   37.6785
   -0.6319    0.2835   -0.7213
    0.3816   -0.6962   -0.6080
   -0.6746   -0.6594    0.3317
...    18 T-A ...
  -22.5789  -27.7459   38.7688
   -0.2743   -0.1549   -0.9491
    0.6737   -0.7352   -0.0747
   -0.6862   -0.6599    0.3060
...    19 A-T ...
  -24.6926  -30.2402   39.7944
    0.2350   -0.5855   -0.7759
    0.6833   -0.4682    0.5602
   -0.6913   -0.6618    0.2900
...    20 T-A ...
  -27.3723  -32.1719   40.2402
    0.5516   -0.7593   -0.3451
    0.4526   -0.0751    0.8886
   -0.7006   -0.6464    0.3023
...    21 T-A ...
  -29.7279  -34.3153   40.9469
    0.6860   -0.6744    0.2732
    0.0176    0.3907    0.9203
   -0.7274   -0.6265    0.2799
...    22 C-G ...
  -32.0973  -36.4223   41.8777
    0.5676   -0.2900    0.7706
   -0.4119    0.7103    0.5707
   -0.7129   -0.6414    0.2837
...    23 G-C ...
  -34.7589  -38.1063   43.1271
    0.3366    0.2498    0.9079
   -0.6737    0.7375    0.0469
   -0.6579   -0.6275    0.4165
...    24 C-G ...
  -36.6397  -40.4490   44.4809
   -0.0316    0.6384    0.7690
   -0.7437    0.4991   -0.4449
   -0.6678   -0.5860    0.4590
...    25 A-T ...
  -39.2117  -42.3189   45.5291
   -0.4166    0.8530    0.3144
   -0.5730    0.0221   -0.8193
   -0.7057   -0.5215    0.4796
...    26 A-T ...
  -41.5053  -43.9555   47.2057
   -0.6567    0.7172   -0.2331
   -0.2288   -0.4841   -0.8446
   -0.7186   -0.5013    0.4820
...    27 A-T ...
  -43.7905  -45.3889   49.0364
   -0.6669    0.2952   -0.6842
    0.2028   -0.8116   -0.5479
   -0.7170   -0.5041    0.4814
...    28 G-C ...
  -46.4459  -46.6600   50.7071
   -0.4063   -0.1665   -0.8985
    0.5125   -0.8556   -0.0731
   -0.7565   -0.4901    0.4329
...    29 G-C ...
  -49.3083  -48.1678   51.9174
    0.0162   -0.6120   -0.7907
    0.6295   -0.6082    0.4835
   -0.7768   -0.5056    0.3754
...    30 C-G ...
  -52.0347  -49.8446   52.7278
    0.3976   -0.8335   -0.3837
    0.4830   -0.1654    0.8599
   -0.7801   -0.5272    0.3368
...    31 C-G ...
  -54.8296  -51.5380   53.6322
    0.6388   -0.7526    0.1599
    0.1594    0.3328    0.9294
   -0.7527   -0.5682    0.3325
...    32 G-C ...
  -57.1194  -53.1454   54.9791
    0.6859   -0.4090    0.6019
   -0.2137    0.6774    0.7039
   -0.6956   -0.6114    0.3772
...    33 G-C ...
  -59.2319  -55.4266   56.2965
    0.4862    0.0909    0.8691
   -0.5667    0.7899    0.2344
   -0.6651   -0.6065    0.4356
...    34 C-G ...
  -61.2105  -57.7258   57.6096
    0.1223    0.5592    0.8199
   -0.7342    0.6069   -0.3044
   -0.6679   -0.5647    0.4848
...    35 C-G ...
  -63.2090  -59.6003   59.6377
   -0.2430    0.8553    0.4575
   -0.6833    0.1838   -0.7066
   -0.6885   -0.4843    0.5398
...    36 C-G ...
  -65.4282  -61.0713   61.6926
   -0.5387    0.8397   -0.0681
   -0.4572   -0.3593   -0.8135
   -0.7076   -0.4071    0.5775
...    37 G-C ...
  -67.9599  -62.9191   62.9887
   -0.6408    0.5225   -0.5625
   -0.0900   -0.7787   -0.6209
   -0.7624   -0.3472    0.5460
...    38 A-T ...
  -70.4260  -63.9590   64.7393
   -0.5665   -0.0476   -0.8227
    0.3036   -0.9401   -0.1547
   -0.7661   -0.3375    0.5471
...    39 C-G ...
  -73.2053  -64.6125   66.2367
   -0.2947   -0.5320   -0.7938
    0.5349   -0.7802    0.3243
   -0.7918   -0.3291    0.5145
...    40 A-T ...
  -75.9287  -65.8985   67.7998
    0.1196   -0.8884   -0.4432
    0.5916   -0.2947    0.7504
   -0.7973   -0.3520    0.4904
...    41 C-G ...
  -78.7945  -67.2545   68.9343
    0.4199   -0.9073    0.0232
    0.4311    0.2219    0.8746
   -0.7986   -0.3573    0.4843
...    42 G-C ...
  -81.2734  -68.1443   70.9429
    0.6219   -0.5726    0.5342
    0.1011    0.7352    0.6703
   -0.7766   -0.3628    0.5151
...    43 A-T ...
  -83.8754  -69.2105   72.4074
    0.5664   -0.0220    0.8238
   -0.2558    0.9456    0.2012
   -0.7834   -0.3247    0.5300
...    44 C-G ...
  -86.1872  -70.8827   74.0605
    0.3905    0.5099    0.7665
   -0.5266    0.8067   -0.2684
   -0.7552   -0.2988    0.5835
...    45 T-A ...
  -88.4756  -72.1557   76.4759
    0.0910    0.9138    0.3958
   -0.6574    0.3537   -0.6654
   -0.7480   -0.1996    0.6329
...    46 T-A ...
  -90.8083  -72.6676   78.5544
   -0.2139    0.9749   -0.0615
   -0.6190   -0.1840   -0.7635
   -0.7557   -0.1252    0.6428
...    47 A-T ...
  -93.3327  -72.6916   80.6900
   -0.4015    0.7172   -0.5696
   -0.4456   -0.6963   -0.5627
   -0.8002    0.0279    0.5991
...    48 C-G ...
  -95.7996  -71.8538   82.7534
   -0.5442    0.2296   -0.8069
   -0.2006   -0.9695   -0.1406
   -0.8146    0.0853    0.5737
...    49 T-A ...
  -98.4906  -70.8311   84.5468
   -0.5059   -0.3551   -0.7861
    0.0734   -0.9258    0.3709
   -0.8594    0.1299    0.4945
...    50 C-G ...
 -101.5357  -70.6852   85.8640
   -0.3676   -0.8295   -0.4205
    0.3090   -0.5354    0.7860
   -0.8772    0.1590    0.4531
...    51 A-T ...
 -104.3454  -70.0215   87.6213
   -0.0605   -0.9944    0.0862
    0.4376    0.0512    0.8977
   -0.8971    0.0921    0.4321
...    52 T-A ...
 -107.4991  -69.8827   88.5970
    0.1787   -0.8171    0.5481
    0.4097    0.5682    0.7136
   -0.8945    0.0971    0.4363
...    53 G-C ...
 -110.6729  -69.5500   89.9544
    0.4273   -0.2858    0.8577
    0.2496    0.9491    0.1919
   -0.8689    0.1321    0.4769
...    54 T-A ...
 -113.6887  -69.7002   91.4921
    0.4958    0.2902    0.8185
   -0.0014    0.9428   -0.3334
   -0.8684    0.1641    0.4679
...    55 T-A ...
 -116.4099  -69.3092   93.0765
    0.4676    0.7615    0.4488
   -0.2723    0.6071   -0.7465
   -0.8409    0.2269    0.4913
...    56 A-T ...
 -119.2455  -68.2976   94.5102
    0.3191    0.9387   -0.1305
   -0.5127    0.0552   -0.8568
   -0.7971    0.3403    0.4989
...    57 T-A ...
 -121.3386  -67.0256   96.6542
    0.0295    0.8198   -0.5719
   -0.6188   -0.4344   -0.6546
   -0.7850    0.3732    0.4944
...    58 A-T ...
 -124.1677  -65.8576   98.0717
   -0.3136    0.3622   -0.8778
   -0.5542   -0.8205   -0.1405
   -0.7711    0.4424    0.4580
...    59 A-T ...
 -126.5634  -64.1872   99.3957
   -0.5846   -0.1900   -0.7888
   -0.2925   -0.8574    0.4234
   -0.7568    0.4782    0.4456
...    60 C-G ...
 -129.0889  -61.9995  100.3926
   -0.6802   -0.6267   -0.3803
    0.0887   -0.5854    0.8059
   -0.7277    0.5144    0.4537
...    61 G-C ...
 -131.4940  -60.4329  102.0201
   -0.4981   -0.8226    0.2742
    0.4993   -0.0136    0.8663
   -0.7089    0.5684    0.4175
...    62 G-C ...
 -133.9074  -58.4359  103.1865
   -0.1042   -0.7200    0.6861
    0.7004    0.4366    0.5646
   -0.7061    0.5394    0.4589
...    63 A-T ...
 -136.5074  -56.6895  104.5100
    0.3477   -0.2841    0.8935
    0.6357    0.7719   -0.0020
   -0.6892    0.5687    0.4490
...    64 T-A ...
 -139.0762  -55.3730  106.0167
    0.6266    0.1389    0.7669
    0.3842    0.8010   -0.4590
   -0.6780    0.5823    0.4486
...    65 G-C ...
 -141.3961  -53.2910  107.6973
    0.8221    0.5011    0.2703
   -0.0630    0.5519   -0.8315
   -0.5659    0.6666    0.4853
...    66 T-A ...
 -142.9831  -51.3543  109.7066
    0.7333    0.6402   -0.2288
   -0.4711    0.2358   -0.8500
   -0.4902    0.7311    0.4745
...    67 A-T ...
 -143.8160  -48.5324  111.4498
    0.4778    0.4565   -0.7505
   -0.8214   -0.0705   -0.5659
   -0.3113    0.8869    0.3413
...    68 G-C ...
 -144.5731  -45.6180  112.6575
    0.0100    0.2309   -0.9729
   -0.9691   -0.2375   -0.0663
   -0.2464    0.9435    0.2214
...    69 G-C ...
 -144.8043  -42.0166  112.9348
   -0.5380   -0.0310   -0.8424
   -0.8106   -0.2549    0.5271
   -0.2311    0.9665    0.1121
...    70 T-A ...
 -145.3230  -38.7493  112.7040
   -0.8931   -0.1482   -0.4248
   -0.4027   -0.1578    0.9016
   -0.2006    0.9763    0.0812
...    71 A-T ...
 -145.9789  -35.4329  112.6438
   -0.9548   -0.1783    0.2377
    0.2431   -0.0089    0.9700
   -0.1708    0.9839    0.0518
...    72 T-A ...
 -146.7435  -32.2431  112.0375
   -0.6713   -0.0810    0.7367
    0.7336    0.0688    0.6760
   -0.1055    0.9943    0.0132
...    73 C-G ...
 -147.3105  -28.9235  111.9844
   -0.0432    0.0110    0.9990
    0.9971    0.0630    0.0424
   -0.0624    0.9980   -0.0137
...    74 T-A ...
 -147.7517  -25.5626  112.1224
    0.5206   -0.0014    0.8538
    0.8534    0.0304   -0.5204
   -0.0253    0.9995    0.0170
...    75 C-G ...
 -147.9939  -22.1277  112.0187
    0.9326   -0.0250    0.3601
    0.3597   -0.0173   -0.9329
    0.0295    0.9995   -0.0072
...    76 G-C ...
 -147.5426  -18.8296  111.3544
    0.9428   -0.2779   -0.1842
   -0.1888    0.0102   -0.9820
    0.2748    0.9606   -0.0429
...    77 A-T ...
 -146.7489  -15.6480  110.9966
    0.6274   -0.3137   -0.7127
   -0.7081    0.1511   -0.6898
    0.3241    0.9374   -0.1274
...    78 G-C ...
 -145.2454  -12.7174  110.4160
    0.1160   -0.2784   -0.9534
   -0.9181    0.3363   -0.2099
    0.3790    0.8997   -0.2166
...    79 C-G ...
 -143.4801   -9.9567  109.4141
   -0.4613   -0.0640   -0.8849
   -0.7937    0.4755    0.3794
    0.3965    0.8774   -0.2702
...    80 T-A ...
 -142.0903   -7.1581  108.3157
   -0.8308    0.1993   -0.5197
   -0.3775    0.4842    0.7893
    0.4089    0.8519   -0.3271
...    81 C-G ...
 -141.0211   -4.1788  107.3761
   -0.8769    0.4740    0.0801
    0.2497    0.3067    0.9185
    0.4108    0.8254   -0.3873
...    82 G-C ...
 -139.1153   -1.0745  107.1715
   -0.5424    0.5638    0.6228
    0.7447   -0.0206    0.6671
    0.3890    0.8256   -0.4087
...    83 G-C ...
 -137.8095    1.6535  105.5728
   -0.0103    0.4077    0.9131
    0.9019   -0.3906    0.1845
    0.4318    0.8254   -0.3637
...    84 G-C ...
 -136.5057    4.4574  104.2586
    0.4581    0.0408    0.8880
    0.7498   -0.5543   -0.3613
    0.4775    0.8313   -0.2845
...    85 A-T ...
 -135.0873    7.3796  103.3776
    0.8082   -0.3295    0.4881
    0.3032   -0.4778   -0.8245
    0.5049    0.8143   -0.2863
...    86 T-A ...
 -133.4527   10.2185  103.0272
    0.8247   -0.5654   -0.0112
   -0.1705   -0.2297   -0.9582
    0.5392    0.7922   -0.2858
...    87 C-G ...
 -131.4655   12.7669  102.2413
    0.5290   -0.6295   -0.5692
   -0.6226    0.1679   -0.7643
    0.5767    0.7587   -0.3031
...    88 C-G ...
 -129.4304   15.1544  101.2461
    0.0329   -0.5341   -0.8448
   -0.7928    0.5007   -0.3474
    0.6085    0.6812   -0.4069
...    89 G-C ...
 -127.7559   17.5469   99.5744
   -0.5035   -0.2300   -0.8328
   -0.6286    0.7589    0.1704
    0.5928    0.6093   -0.5266
...    90 C-G ...
 -125.6302   19.1859   97.3519
   -0.7811    0.2537   -0.5706
   -0.1944    0.7695    0.6083
    0.5934    0.5861   -0.5517
...    91 T-A ...
 -123.9124   21.0359   94.8991
   -0.7384    0.6658   -0.1070
    0.3432    0.5076    0.7903
    0.5804    0.5469   -0.6033
...    92 T-A ...
 -122.1779   22.6704   92.6336
   -0.3363    0.8733    0.3525
    0.7198   -0.0030    0.6942
    0.6073    0.4872   -0.6276
...    93 T-A ...
 -120.4085   24.2318   90.3216
    0.1937    0.7223    0.6639
    0.7638   -0.5357    0.3600
    0.6157    0.4374   -0.6555
...    94 A-T ...
 -117.8944   24.8985   88.0969
    0.6712    0.2304    0.7046
    0.4391   -0.8894   -0.1274
    0.5972    0.3949   -0.6981
...    95 A-T ...
 -116.0203   26.3092   85.8883
    0.8035   -0.3411    0.4879
   -0.0580   -0.8605   -0.5061
    0.5925    0.3783   -0.7112
...    96 C-G ...
 -113.8797   27.9961   83.8576
    0.6267   -0.7697    0.1215
   -0.5078   -0.5217   -0.6855
    0.5910    0.3679   -0.7179
...    97 A-T ...
 -111.8033   29.0498   81.3770
    0.1385   -0.9551   -0.2621
   -0.7752    0.0601   -0.6289
    0.6164    0.2903   -0.7320
...    98 C-G ...
 -109.2735   29.5427   79.1973
   -0.3242   -0.7758   -0.5414
   -0.7140    0.5760   -0.3980
    0.6206    0.2575   -0.7406
...    99 T-A ...
 -106.7651   29.8796   76.6297
   -0.7226   -0.2922   -0.6265
   -0.3652    0.9308   -0.0129
    0.5870    0.2195   -0.7793
...   100 T-A ...
 -104.8144   30.2534   74.0197
   -0.7741    0.3345   -0.5374
    0.1463    0.9205    0.3622
    0.6159    0.2018   -0.7615
...   101 T-A ...
 -102.8613   30.6737   71.4059
   -0.5207    0.8200   -0.2377
    0.5721    0.5418    0.6158
    0.6337    0.1847   -0.7512
...   102 A-T ...
 -100.3976   31.2893   69.0117
    0.0547    0.9755    0.2130
    0.7584   -0.1794    0.6266
    0.6495    0.1273   -0.7497
...   103 T-A ...
  -98.8501   31.9845   66.2218
    0.4050    0.7561    0.5141
    0.6358   -0.6370    0.4359
    0.6571    0.1503   -0.7387
...   104 G-C ...
  -96.6898   32.7602   63.8160
    0.6455    0.1903    0.7396
    0.2767   -0.9609    0.0058
    0.7118    0.2009   -0.6730
...   105 C-G ...
  -94.2359   33.7600   61.8299
    0.6582   -0.3936    0.6417
   -0.1422   -0.9021   -0.4074
    0.7393    0.1769   -0.6498
...   106 T-A ...
  -91.4328   34.5944   59.9366
    0.4267   -0.8538    0.2982
   -0.4761   -0.4924   -0.7286
    0.7689    0.1690   -0.6166
...   107 T-A ...
  -88.8080   35.1001   58.1496
    0.0439   -0.9881   -0.1473
   -0.6164    0.0892   -0.7823
    0.7862    0.1252   -0.6052
...   108 C-G ...
  -86.0630   35.3024   56.2063
   -0.3653   -0.7308   -0.5767
   -0.5038    0.6761   -0.5376
    0.7828    0.0942   -0.6151
...   109 C-G ...
  -83.4871   35.3993   54.1273
   -0.6548   -0.2473   -0.7142
   -0.2033    0.9678   -0.1487
    0.7279    0.0479   -0.6840
...   110 G-C ...
  -81.3718   35.8976   51.8705
   -0.7264    0.3097   -0.6135
    0.2046    0.9497    0.2372
    0.6561    0.0468   -0.7532
...   111 G-C ...
  -79.4683   36.0358   49.0745
   -0.5170    0.7937   -0.3204
    0.5958    0.6025    0.5310
    0.6146    0.0836   -0.7844
...   112 C-G ...
  -77.8923   36.2496   46.1090
   -0.1090    0.9912    0.0752
    0.7883    0.0401    0.6140
    0.6056    0.1262   -0.7857
...   113 T-A ...
  -76.0298   36.7092   43.3752
    0.3147    0.8424    0.4374
    0.7291   -0.5096    0.4568
    0.6078    0.1751   -0.7746
...   114 C-G ...
  -73.8862   37.2513   40.8604
    0.6780    0.3505    0.6461
    0.4019   -0.9127    0.0734
    0.6154    0.2099   -0.7597
...   115 G-C ...
  -71.6632   37.4230   38.3381
    0.7324   -0.2958    0.6133
   -0.0785   -0.9314   -0.3555
    0.6763    0.2122   -0.7054
...   116 T-A ...
  -69.0164   38.5294   36.5609
    0.5346   -0.7725    0.3428
   -0.4656   -0.6077   -0.6434
    0.7053    0.1843   -0.6845
...   117 A-T ...
  -66.3421   39.1663   34.5296
    0.1044   -0.9903   -0.0917
   -0.6733   -0.0025   -0.7394
    0.7320    0.1389   -0.6670
...   118 T-A ...
  -63.5012   39.4217   32.8704
   -0.2524   -0.8377   -0.4844
   -0.6255    0.5232   -0.5788
    0.7383    0.1569   -0.6560
...   119 A-T ...
  -61.0550   40.3294   30.5367
   -0.5632   -0.2224   -0.7959
   -0.2879    0.9556   -0.0633
    0.7746    0.1935   -0.6022
...   120 A-T ...
  -58.4763   40.6181   28.5609
   -0.6143    0.3843   -0.6892
    0.0898    0.9018    0.4228
    0.7840    0.1979   -0.5884
...   121 T-A ...
  -56.0603   40.7509   26.2331
   -0.4566    0.8133   -0.3606
    0.3981    0.5493    0.7347
    0.7956    0.1919   -0.5746
...   122 G-C ...
  -53.3336   41.4010   24.1478
   -0.1692    0.9612    0.2180
    0.5889   -0.0788    0.8043
    0.7903    0.2645   -0.5527
...   123 T-A ...
  -51.0286   42.3782   21.9811
    0.1473    0.7652    0.6267
    0.5764   -0.5813    0.5743
    0.8038    0.2766   -0.5267
...   124 G-C ...
  -48.2870   43.3706   20.2215
    0.3873    0.2352    0.8914
    0.3975   -0.9150    0.0687
    0.8319    0.3277   -0.4479
...   125 T-A ...
  -45.8036   44.8424   18.8551
    0.4871   -0.3102    0.8164
    0.1463   -0.8926   -0.4265
    0.8610    0.3272   -0.3894
...   126 C-G ...
  -42.9799   45.8422   17.7911
    0.4801   -0.7814    0.3986
   -0.1483   -0.5201   -0.8411
    0.8646    0.3447   -0.3656
...   127 G-C ...
  -40.1468   46.5201   16.0393
    0.2124   -0.9705   -0.1144
   -0.3180    0.0420   -0.9472
    0.9240    0.2376   -0.2996
...   128 A-T ...
  -37.1492   47.2410   15.1279
   -0.0121   -0.7408   -0.6717
   -0.3766    0.6256   -0.6832
    0.9263    0.2446   -0.2865
...   129 C-G ...
  -33.8607   47.4050   14.6155
   -0.2398   -0.2820   -0.9290
   -0.3002    0.9315   -0.2053
    0.9233    0.2296   -0.3080
...   130 C-G ...
  -30.6996   47.8045   13.3631
   -0.4285    0.2742   -0.8610
   -0.0882    0.9356    0.3418
    0.8992    0.2224   -0.3767
...   131 A-T ...
  -27.5527   49.2006   12.9882
   -0.3895    0.8104   -0.4375
    0.1750    0.5315    0.8288
    0.9042    0.2463   -0.3489
...   132 A-T ...
  -24.6145   49.9630   11.7209
   -0.2119    0.9669    0.1419
    0.3619   -0.0572    0.9305
    0.9078    0.2485   -0.3378
...   133 A-T ...
  -21.7919   50.8540   10.2919
    0.0680    0.7470    0.6613
    0.3981   -0.6281    0.6686
    0.9148    0.2178   -0.3401
...   134 T-A ...
  -19.0083   52.0401    8.9384
    0.2450    0.2904    0.9250
    0.3072   -0.9282    0.2101
    0.9196    0.2327   -0.3166
...   135 G-C ...
  -16.4569   53.8980    7.5291
    0.5336   -0.3334    0.7773
    0.0348   -0.9096   -0.4140
    0.8450    0.2479   -0.4738
...   136 T-A ...
  -14.1680   56.5697    6.1949
    0.5795   -0.7269    0.3684
   -0.3140   -0.6163   -0.7222
    0.7521    0.3028   -0.5854
...   137 G-C ...
  -11.6468   58.0146    4.7337
    0.2454   -0.9541   -0.1717
   -0.6318   -0.0231   -0.7748
    0.7352    0.2986   -0.6085
...   138 A-T ...
   -8.6698   58.7288    3.6171
   -0.0344   -0.7815   -0.6230
   -0.6534    0.4892   -0.5777
    0.7562    0.3872   -0.5274
...   139 G-C ...
   -6.3211   59.0879    1.6441
   -0.2967   -0.3277   -0.8970
   -0.5657    0.8170   -0.1114
    0.7694    0.4744   -0.4278
...   140 C-G ...
   -3.4296   60.2436    1.0435
   -0.4424    0.2288   -0.8671
   -0.1682    0.9286    0.3309
    0.8809    0.2922   -0.3723
...   141 G-C ...
   -0.6893   63.9062   -2.2356
   -0.9992    0.0156   -0.0375
   -0.0024    0.8991    0.4378
    0.0405    0.4375   -0.8983
...   142 C-G ...
   -0.9979   65.6137   -4.9249
   -0.8337    0.5217    0.1810
    0.5169    0.6220    0.5881
    0.1942    0.5839   -0.7882
...   143 T-A ...
   -0.1244   66.2249   -7.8041
   -0.3751    0.8568    0.3538
    0.8856    0.2185    0.4098
    0.2739    0.4670   -0.8408
...   144 C-G ...
   -0.1580   67.4196  -10.7921
    0.1799    0.8792    0.4411
    0.9276   -0.3009    0.2214
    0.3274    0.3694   -0.8697
...   145 A-T ...
    0.5353   69.2486  -13.4513
    0.7352    0.4961    0.4620
    0.6117   -0.7791   -0.1369
    0.2921    0.3832   -0.8763
...   146 C-G ...
    1.4421   72.1063  -15.5858
    0.9808    0.0622    0.1849
    0.1266   -0.9240   -0.3608
    0.1484    0.3773   -0.9141
...   147 A-T ...
    2.3151   74.2410  -18.3714
    0.8657   -0.4292   -0.2574
   -0.4984   -0.7868   -0.3642
   -0.0462    0.4436   -0.8950
