  147 base-pairs
...     1 A-T ...
    0.0000    0.0000    0.0000
    1.0000    0.0000    0.0000
    0.0000    1.0000    0.0000
    0.0000    0.0000    1.0000
...     2 G-C ...
   -0.1394   -1.2357    3.2268
    0.7529    0.6366    0.1670
   -0.6386    0.7680   -0.0486
   -0.1592   -0.0700    0.9848
...     3 T-A ...
   -0.0365   -3.2932    6.3751
    0.2722    0.9301    0.2466
   -0.9238    0.3243   -0.2033
   -0.2691   -0.1725    0.9475
...     4 G-C ...
   -0.3505   -4.1660    9.4928
   -0.3756    0.9250    0.0579
   -0.8781   -0.3352   -0.3415
   -0.2965   -0.1791    0.9381
...     5 A-T ...
   -0.4462   -4.1476   12.7498
   -0.8116    0.5840   -0.0165
   -0.5523   -0.7762   -0.3042
   -0.1905   -0.2378    0.9524
...     6 G-C ...
   -1.5908   -4.1730   15.6201
   -0.9976    0.0246   -0.0651
   -0.0043   -0.9555   -0.2950
   -0.0695   -0.2940    0.9533
...     7 C-G ...
   -1.1030   -4.4824   18.7362
   -0.8441   -0.5304   -0.0787
    0.5345   -0.8441   -0.0432
   -0.0435   -0.0785    0.9960
...     8 G-C ...
   -2.4028   -7.7290   23.1475
   -0.2754   -0.3293   -0.9032
    0.6650   -0.7437    0.0684
   -0.6942   -0.5818    0.4238
...     9 C-G ...
   -4.4690   -9.9728   24.1132
    0.1145   -0.7025   -0.7024
    0.8512   -0.2952    0.4340
   -0.5122   -0.6476    0.5642
...    10 T-A ...
   -6.7405  -10.8752   25.9697
    0.4841   -0.8363   -0.2574
    0.6595    0.1553    0.7355
   -0.5751   -0.5258    0.6267
...    11 C-G ...
   -9.1656  -12.6208   27.1640
    0.7073   -0.6682    0.2307
    0.3448    0.6110    0.7126
   -0.6171   -0.4245    0.6626
...    12 A-T ...
  -10.9234  -14.6633   29.0693
    0.7515   -0.1377    0.6452
   -0.2029    0.8824    0.4246
   -0.6277   -0.4500    0.6352
...    13 C-G ...
  -11.8476  -17.4863   31.2451
    0.4295    0.2823    0.8578
   -0.5708    0.8209    0.0156
   -0.6998   -0.4963    0.5137
...    14 A-T ...
  -13.5897  -19.7827   33.4259
   -0.1504    0.6104    0.7777
   -0.6874    0.5008   -0.5260
   -0.7106   -0.6136    0.3443
...    15 A-T ...
  -15.8135  -21.8480   34.5852
   -0.5343    0.7877    0.3066
   -0.4494    0.0425   -0.8923
   -0.7159   -0.6146    0.3313
...    16 T-A ...
  -17.9259  -23.8326   36.3653
   -0.7246    0.6510   -0.2262
   -0.0626   -0.3889   -0.9191
   -0.6863   -0.6518    0.3225
...    17 T-A ...
  -20.1728  -25.7994   37.7413
   -0.6425    0.2619   -0.7201
    0.3989   -0.6880   -0.6062
   -0.6542   -0.6768    0.3376
...    18 T-A ...
  -22.4150  -27.8881   38.8901
   -0.2778   -0.1797   -0.9437
    0.7006   -0.7100   -0.0711
   -0.6573   -0.6809    0.3231
...    19 A-T ...
  -24.3830  -30.4685   40.0184
    0.2529   -0.5937   -0.7639
    0.7112   -0.4213    0.5628
   -0.6559   -0.6856    0.3156
...    20 T-A ...
  -26.9508  -32.5212   40.5468
    0.5877   -0.7369   -0.3341
    0.4669   -0.0284    0.8838
   -0.6608   -0.6754    0.3274
...    21 T-A ...
  -29.1670  -34.7756   41.3488
    0.7325   -0.6231    0.2741
    0.0095    0.4120    0.9111
   -0.6807   -0.6648    0.3078
...    22 C-G ...
  -31.3601  -37.0166   42.3903
    0.6025   -0.2317    0.7638
   -0.4482    0.6937    0.5639
   -0.6604   -0.6820    0.3141
...    23 G-C ...
  -33.8168  -38.8795   43.8135
    0.3377    0.2970    0.8932
   -0.7313    0.6802    0.0503
   -0.5926   -0.6701    0.4469
...    24 C-G ...
  -35.4542  -41.3338   45.2863
   -0.0674    0.6506    0.7565
   -0.7958    0.4223   -0.4341
   -0.6018   -0.6312    0.4893
...    25 A-T ...
  -37.8608  -43.3765   46.4505
   -0.4952    0.8132    0.3057
   -0.5914   -0.0578   -0.8043
   -0.6364   -0.5791    0.5096
...    26 A-T ...
  -39.9282  -45.2014   48.2324
   -0.7406    0.6303   -0.2329
   -0.1911   -0.5298   -0.8263
   -0.6442   -0.5675    0.5129
...    27 A-T ...
  -41.9768  -46.8603   50.1597
   -0.7168    0.1868   -0.6718
    0.2910   -0.7954   -0.5316
   -0.6337   -0.5765    0.5158
...    28 G-C ...
  -44.3900  -48.4295   51.9497
   -0.4045   -0.2533   -0.8787
    0.6227   -0.7800   -0.0619
   -0.6698   -0.5722    0.4733
...    29 G-C ...
  -46.9495  -50.2807   53.3488
    0.0808   -0.6378   -0.7659
    0.7252   -0.4895    0.4842
   -0.6838   -0.5946    0.4230
...    30 C-G ...
  -49.3811  -52.2714   54.3648
    0.5058   -0.7831   -0.3619
    0.5299   -0.0490    0.8467
   -0.6807   -0.6200    0.3901
...    31 C-G ...
  -51.8515  -54.3091   55.4735
    0.7524   -0.6370    0.1674
    0.1381    0.4011    0.9056
   -0.6440   -0.6582    0.3898
...    32 G-C ...
  -53.8180  -56.1811   57.0031
    0.7643   -0.2608    0.5898
   -0.2936    0.6735    0.6783
   -0.5742   -0.6916    0.4382
...    33 G-C ...
  -55.4864  -58.6847   58.5338
    0.4986    0.2196    0.8386
   -0.6787    0.7007    0.2200
   -0.5393   -0.6788    0.4984
...    34 C-G ...
  -56.9902  -61.1864   60.0903
    0.0598    0.6217    0.7810
   -0.8377    0.4567   -0.2995
   -0.5429   -0.6363    0.5481
...    35 C-G ...
  -58.5634  -63.2246   62.3336
   -0.3689    0.8288    0.4206
   -0.7346    0.0172   -0.6783
   -0.5694   -0.5592    0.6025
...    36 C-G ...
  -60.4145  -64.9092   64.5917
   -0.6846    0.7233   -0.0900
   -0.4202   -0.4925   -0.7621
   -0.5956   -0.4840    0.6411
...    37 G-C ...
  -62.5269  -67.1210   66.1179
   -0.7540    0.3481   -0.5571
    0.0313   -0.8281   -0.5597
   -0.6561   -0.4395    0.6134
...    38 A-T ...
  -64.6714  -68.4640   68.0837
   -0.5848   -0.2218   -0.7802
    0.4717   -0.8755   -0.1047
   -0.6599   -0.4293    0.6167
...    39 C-G ...
  -67.1974  -69.5025   69.8072
   -0.2235   -0.6466   -0.7293
    0.6924   -0.6320    0.3481
   -0.6860   -0.4272    0.5890
...    40 A-T ...
  -69.5217  -71.1460   71.6665
    0.2712   -0.8888   -0.3696
    0.6757   -0.0977    0.7307
   -0.6855   -0.4479    0.5741
...    41 C-G ...
  -72.0013  -72.9050   73.1224
    0.5939   -0.8008    0.0779
    0.4218    0.3923    0.8175
   -0.6852   -0.4526    0.5707
...    42 G-C ...
  -74.1517  -74.0261   75.3862
    0.7524   -0.3767    0.5404
   -0.0133    0.8115    0.5842
   -0.6586   -0.4468    0.6055
...    43 A-T ...
  -76.4090  -75.4047   77.1393
    0.6033    0.1839    0.7760
   -0.4303    0.8943    0.1226
   -0.6715   -0.4079    0.6186
...    44 C-G ...
  -78.2453  -77.2966   79.1181
    0.3216    0.6640    0.6750
   -0.6940    0.6503   -0.3090
   -0.6441   -0.3691    0.6700
...    45 T-A ...
  -80.0960  -78.6890   81.8216
   -0.0739    0.9571    0.2801
   -0.7541    0.1302   -0.6438
   -0.6526   -0.2588    0.7121
...    46 T-A ...
  -82.1680  -79.3644   84.1162
   -0.4116    0.8972   -0.1601
   -0.6129   -0.4025   -0.6799
   -0.6745   -0.1817    0.7156
...    47 A-T ...
  -84.5291  -79.6312   86.4237
   -0.5844    0.5291   -0.6152
   -0.3186   -0.8469   -0.4258
   -0.7463   -0.0528    0.6635
...    48 C-G ...
  -86.9938  -79.0283   88.5847
   -0.6357   -0.0106   -0.7719
    0.0081   -0.9999    0.0070
   -0.7719   -0.0018    0.6358
...    49 T-A ...
  -89.7401  -78.5226   90.4901
   -0.4805   -0.5482   -0.6846
    0.2898   -0.8360    0.4660
   -0.8277    0.0255    0.5605
...    50 G-C ...
  -92.5182  -78.6654   92.3544
   -0.1710   -0.9425   -0.2873
    0.4901   -0.3343    0.8050
   -0.8547   -0.0031    0.5191
...    51 T-A ...
  -95.5137  -78.8093   93.5695
    0.1054   -0.9659    0.2363
    0.4969    0.2570    0.8289
   -0.8614    0.0300    0.5071
...    52 A-T ...
  -97.9004  -77.4798   96.0416
    0.2917   -0.4540    0.8419
    0.3352    0.8729    0.3546
   -0.8958    0.1787    0.4068
...    53 G-C ...
 -100.9060  -76.8349   97.2386
    0.4906    0.0826    0.8675
    0.1545    0.9715   -0.1798
   -0.8576    0.2222    0.4638
...    54 G-C ...
 -103.8715  -76.5989   99.1901
    0.5737    0.6024    0.5550
   -0.1503    0.7435   -0.6516
   -0.8052    0.2904    0.5171
...    55 T-A ...
 -106.3108  -75.8429  101.1586
    0.4557    0.8850    0.0958
   -0.4203    0.3088   -0.8532
   -0.7846    0.3486    0.5127
...    56 A-T ...
 -108.6160  -74.4422  103.3381
    0.2530    0.8292   -0.4984
   -0.6389   -0.2437   -0.7297
   -0.7265    0.5031    0.4681
...    57 T-A ...
 -110.4633  -72.4973  105.1446
   -0.0734    0.5473   -0.8337
   -0.6996   -0.6240   -0.3480
   -0.7107    0.5577    0.4287
...    58 C-G ...
 -112.8228  -70.2996  106.4317
   -0.4663   -0.0148   -0.8845
   -0.5275   -0.7980    0.2914
   -0.7102    0.6024    0.3644
...    59 T-A ...
 -115.2185  -68.1455  107.2319
   -0.6493   -0.4893   -0.5822
   -0.2157   -0.6156    0.7580
   -0.7293    0.6177    0.2942
...    60 C-G ...
 -117.8456  -66.5130  108.3702
   -0.6637   -0.7471    0.0362
    0.1859   -0.1179    0.9755
   -0.7245    0.6541    0.2171
...    61 G-C ...
 -119.9344  -64.2919  109.7634
   -0.4383   -0.6400    0.6312
    0.5420    0.3720    0.7536
   -0.7170    0.6724    0.1838
...    62 A-T ...
 -121.9755  -61.7315  110.3623
    0.0021   -0.2398    0.9708
    0.7318    0.6620    0.1619
   -0.6815    0.7102    0.1768
...    63 G-C ...
 -124.1982  -59.3226  110.8298
    0.4256    0.1727    0.8883
    0.6417    0.6346   -0.4308
   -0.6380    0.7533    0.1593
...    64 C-G ...
 -126.6457  -57.0125  111.5724
    0.7528    0.4829    0.4474
    0.2776    0.3834   -0.8809
   -0.5969    0.7873    0.1545
...    65 T-A ...
 -128.6418  -54.4216  112.3057
    0.8427    0.5264   -0.1130
   -0.1686    0.0588   -0.9839
   -0.5113    0.8482    0.1383
...    66 C-G ...
 -130.2562  -51.5162  112.6899
    0.6211    0.3945   -0.6772
   -0.6484   -0.2268   -0.7268
   -0.4403    0.8905    0.1150
...    67 G-C ...
 -131.9091  -48.6253  112.2468
    0.1942    0.1051   -0.9753
   -0.9164   -0.3353   -0.2187
   -0.3500    0.9362    0.0312
...    68 G-C ...
 -132.7439  -45.3350  111.9407
   -0.3424   -0.1790   -0.9223
   -0.8815   -0.2785    0.3813
   -0.3251    0.9436   -0.0624
...    69 G-C ...
 -133.8212  -42.2314  111.0744
   -0.7563   -0.3810   -0.5318
   -0.5608   -0.0411    0.8269
   -0.3369    0.9237   -0.1826
...    70 A-T ...
 -134.8071  -39.1278  110.1245
   -0.9546   -0.2808    0.0991
    0.0346    0.2259    0.9735
   -0.2958    0.9328   -0.2059
...    71 T-A ...
 -135.9455  -36.2604  108.8846
   -0.7877   -0.0955    0.6087
    0.5475    0.3444    0.7626
   -0.2825    0.9340   -0.2189
...    72 C-G ...
 -137.1165  -33.1916  107.9339
   -0.2708    0.1943    0.9428
    0.9327    0.2951    0.2071
   -0.2380    0.9355   -0.2611
...    73 C-G ...
 -137.9046  -30.1630  106.8378
    0.3083    0.2311    0.9228
    0.9333    0.1145   -0.3405
   -0.1843    0.9662   -0.1804
...    74 G-C ...
 -138.0274  -26.9365  105.9755
    0.8092    0.1455    0.5692
    0.5814   -0.0590   -0.8115
   -0.0845    0.9876   -0.1324
...    75 C-G ...
 -138.6263  -23.5248  105.8778
    0.9991    0.0420    0.0010
    0.0080   -0.1670   -0.9859
   -0.0413    0.9851   -0.1672
...    76 T-A ...
 -138.5983  -20.0719  105.6806
    0.8219   -0.1384   -0.5526
   -0.5687   -0.1444   -0.8097
    0.0323    0.9798   -0.1974
...    77 T-A ...
 -138.1452  -16.9001  105.1359
    0.3387   -0.2318   -0.9119
   -0.9390   -0.0214   -0.3433
    0.0600    0.9725   -0.2249
...    78 T-A ...
 -137.8020  -13.7945  104.2690
   -0.2620   -0.2540   -0.9310
   -0.9622    0.1424    0.2319
    0.0737    0.9567   -0.2818
...    79 A-T ...
 -138.0849  -10.5568  103.3371
   -0.8017   -0.1269   -0.5841
   -0.5911    0.3131    0.7434
    0.0885    0.9412   -0.3260
...    80 A-T ...
 -137.7227   -7.6133  102.0406
   -0.9907    0.1323   -0.0322
    0.0144    0.3371    0.9413
    0.1354    0.9321   -0.3359
...    81 C-G ...
 -137.4241   -4.6523  100.3329
   -0.7907    0.3553    0.4986
    0.5856    0.2009    0.7853
    0.1788    0.9129   -0.3669
...    82 A-T ...
 -136.7825   -1.5689   99.1453
   -0.2496    0.3954    0.8840
    0.9461   -0.0952    0.3097
    0.2066    0.9136   -0.3503
...    83 C-G ...
 -136.7780    1.6119   97.9269
    0.3022    0.2769    0.9121
    0.9251   -0.3162   -0.2105
    0.2301    0.9074   -0.3517
...    84 T-A ...
 -136.3813    5.0617   97.0161
    0.7694   -0.0200    0.6385
    0.5656   -0.4433   -0.6954
    0.2969    0.8961   -0.3298
...    85 T-A ...
 -135.4619    8.0830   96.2513
    0.9492   -0.2898    0.1229
    0.0102   -0.3620   -0.9321
    0.3146    0.8860   -0.3407
...    86 T-A ...
 -134.3198   10.9284   95.1978
    0.7605   -0.5101   -0.4018
   -0.5266   -0.1224   -0.8413
    0.3800    0.8514   -0.3617
...    87 A-T ...
 -133.0759   13.6350   93.6797
    0.2644   -0.5685   -0.7790
   -0.8573    0.2314   -0.4599
    0.4417    0.7895   -0.4262
...    88 T-A ...
 -131.0083   15.7902   92.4720
   -0.2067   -0.4324   -0.8777
   -0.8624    0.5042   -0.0453
    0.4621    0.7476   -0.4771
...    89 G-C ...
 -129.3629   18.0458   90.6562
   -0.7305   -0.1063   -0.6746
   -0.5386    0.6970    0.4734
    0.4198    0.7092   -0.5664
...    90 C-G ...
 -128.0152   20.1350   88.3954
   -0.9121    0.3028   -0.2764
   -0.0162    0.6470    0.7623
    0.4096    0.6998   -0.5852
...    91 T-A ...
 -127.0130   22.4262   85.9365
   -0.7396    0.6370    0.2176
    0.5478    0.3817    0.7445
    0.3912    0.6698   -0.6312
...    92 T-A ...
 -125.9328   24.5318   83.7385
   -0.2816    0.7432    0.6070
    0.8743   -0.0619    0.4814
    0.3953    0.6663   -0.6323
...    93 C-G ...
 -124.6873   26.7522   81.4522
    0.3416    0.5449    0.7658
    0.8481   -0.5299   -0.0012
    0.4051    0.6499   -0.6431
...    94 T-A ...
 -123.4221   29.1623   79.4745
    0.7291    0.1233    0.6733
    0.5190   -0.7408   -0.4264
    0.4462    0.6603   -0.6041
...    95 C-G ...
 -121.7174   31.2031   77.5788
    0.8627   -0.3766    0.3375
   -0.0012   -0.6689   -0.7433
    0.5057    0.6409   -0.5776
...    96 A-T ...
 -120.1841   33.2994   75.3894
    0.6334   -0.7698   -0.0788
   -0.4798   -0.3109   -0.8204
    0.6071    0.5575   -0.5663
...    97 T-A ...
 -117.8490   35.0264   73.8928
    0.2578   -0.8529   -0.4539
   -0.7256    0.1394   -0.6739
    0.6381    0.5031   -0.5829
...    98 G-C ...
 -115.5445   36.5546   71.7905
   -0.3044   -0.6336   -0.7112
   -0.7028    0.6534   -0.2813
    0.6430    0.4142   -0.6442
...    99 T-A ...
 -113.0500   37.3913   69.6362
   -0.6439   -0.1586   -0.7485
   -0.4021    0.9024    0.1546
    0.6510    0.4005   -0.6449
...   100 T-A ...
 -110.8838   38.4527   67.4931
   -0.7394    0.4158   -0.5294
    0.0638    0.8262    0.5598
    0.6702    0.3802   -0.6374
...   101 A-T ...
 -108.4034   39.8783   65.5047
   -0.4510    0.8917   -0.0390
    0.5390    0.3069    0.7844
    0.7114    0.3328   -0.6190
...   102 T-A ...
 -106.5420   40.8396   62.9576
   -0.0820    0.9281    0.3631
    0.6884   -0.2107    0.6941
    0.7207    0.3069   -0.6216
...   103 A-T ...
 -103.8168   41.5522   60.9210
    0.4368    0.5497    0.7121
    0.5438   -0.7919    0.2777
    0.7166    0.2660   -0.6448
...   104 A-T ...
 -101.5937   42.5500   58.8265
    0.6721   -0.0188    0.7402
    0.1742   -0.9676   -0.1827
    0.7197    0.2517   -0.6470
...   105 C-G ...
  -99.1829   43.9797   56.8901
    0.6429   -0.5658    0.5163
   -0.2410   -0.7892   -0.5648
    0.7271    0.2387   -0.6437
...   106 G-C ...
  -96.7868   44.3210   54.6638
    0.3057   -0.9399    0.1519
   -0.5436   -0.3033   -0.7826
    0.7817    0.1566   -0.6037
...   107 G-C ...
  -94.0773   44.3534   52.7841
   -0.1223   -0.9649   -0.2324
   -0.5737    0.2598   -0.7768
    0.8099    0.0384   -0.5853
...   108 A-T ...
  -91.4462   44.1714   50.8565
   -0.4895   -0.6173   -0.6159
   -0.3608    0.7864   -0.5014
    0.7938   -0.0232   -0.6077
...   109 C-G ...
  -88.8245   43.3844   48.9588
   -0.6142   -0.1106   -0.7814
   -0.0246    0.9923   -0.1211
    0.7888   -0.0552   -0.6122
...   110 G-C ...
  -86.3480   43.5127   46.7956
   -0.5493    0.5137   -0.6591
    0.3783    0.8562    0.3520
    0.7451   -0.0559   -0.6646
...   111 G-C ...
  -84.1166   43.3889   44.2574
   -0.2806    0.9118   -0.2997
    0.6395    0.4104    0.6501
    0.7158   -0.0092   -0.6982
...   112 C-G ...
  -82.1561   43.4117   41.5247
    0.1032    0.9827    0.1535
    0.6901   -0.1819    0.7005
    0.7163    0.0336   -0.6970
...   113 T-A ...
  -79.9043   43.5960   39.0737
    0.4323    0.7199    0.5430
    0.5345   -0.6896    0.4887
    0.7262    0.0790   -0.6829
...   114 C-G ...
  -77.3769   43.7763   36.9020
    0.6494    0.1502    0.7455
    0.1841   -0.9822    0.0375
    0.7378    0.1129   -0.6655
...   115 G-C ...
  -74.8643   43.5998   34.6775
    0.5718   -0.4848    0.6619
   -0.2278   -0.8689   -0.4395
    0.7881    0.1005   -0.6073
...   116 T-A ...
  -71.8547   44.1889   33.2895
    0.3170   -0.8878    0.3337
   -0.4984   -0.4552   -0.7378
    0.8070    0.0675   -0.5867
...   117 A-T ...
  -68.8713   44.3526   31.6318
   -0.0882   -0.9835   -0.1583
   -0.5656    0.1802   -0.8048
    0.8200    0.0186   -0.5721
...   118 T-A ...
  -65.8624   44.0943   30.3119
   -0.3551   -0.7407   -0.5703
   -0.4361    0.6709   -0.5998
    0.8269    0.0357   -0.5612
...   119 A-T ...
  -63.0325   44.5353   28.3347
   -0.5114   -0.0788   -0.8557
   -0.0902    0.9952   -0.0378
    0.8546    0.0579   -0.5161
...   120 A-T ...
  -60.2634   44.3873   26.6203
   -0.4676    0.5168   -0.7171
    0.2176    0.8536    0.4733
    0.8568    0.0653   -0.5116
...   121 T-A ...
  -57.6664   44.1433   24.5181
   -0.2717    0.8943   -0.3557
    0.4267    0.4432    0.7884
    0.8626    0.0624   -0.5019
...   122 G-C ...
  -54.7121   44.3906   22.6673
   -0.0272    0.9682    0.2488
    0.5044   -0.2016    0.8396
    0.8630    0.1483   -0.4829
...   123 T-A ...
  -52.1308   45.0839   20.7375
    0.2169    0.7133    0.6665
    0.4371   -0.6814    0.5870
    0.8729    0.1640   -0.4596
...   124 G-C ...
  -49.1511   45.7068   19.2405
    0.3570    0.1480    0.9223
    0.2536   -0.9656    0.0568
    0.8990    0.2137   -0.3822
...   125 T-A ...
  -46.3872   46.8446   18.0988
    0.3871   -0.4012    0.8302
    0.0452   -0.8911   -0.4516
    0.9209    0.2123   -0.3268
...   126 C-G ...
  -43.3906   47.4607   17.2441
    0.3449   -0.8521    0.3937
   -0.1669   -0.4685   -0.8676
    0.9237    0.2335   -0.3038
...   127 G-C ...
  -40.4234   47.8337   15.6609
    0.1073   -0.9831   -0.1483
   -0.2667    0.1153   -0.9569
    0.9578    0.1423   -0.2498
...   128 A-T ...
  -37.3356   48.2802   14.9182
   -0.0628   -0.7095   -0.7019
   -0.2799    0.6876   -0.6700
    0.9580    0.1544   -0.2418
...   129 C-G ...
  -34.0312   48.1222   14.5155
   -0.2310   -0.2221   -0.9473
   -0.1988    0.9638   -0.1775
    0.9524    0.1473   -0.2668
...   130 C-G ...
  -30.8069   48.2259   13.3827
   -0.3778    0.3368   -0.8625
   -0.0178    0.9287    0.3704
    0.9257    0.1553   -0.3449
...   131 A-T ...
  -27.6003   49.3500   12.9499
   -0.3541    0.8288   -0.4333
    0.1935    0.5182    0.8331
    0.9150    0.2112   -0.3438
...   132 A-T ...
  -24.6339   50.0118   11.7115
   -0.1933    0.9705    0.1441
    0.3607   -0.0663    0.9303
    0.9124    0.2318   -0.3373
...   133 A-T ...
  -21.7931   50.8648   10.2865
    0.0757    0.7448    0.6630
    0.3923   -0.6336    0.6669
    0.9167    0.2096   -0.3401
...   134 T-A ...
  -19.0084   52.0402    8.9384
    0.2450    0.2904    0.9250
    0.3072   -0.9282    0.2101
    0.9196    0.2327   -0.3167
...   135 G-C ...
  -16.4570   53.8980    7.5290
    0.5336   -0.3334    0.7773
    0.0348   -0.9096   -0.4140
    0.8450    0.2479   -0.4738
...   136 T-A ...
  -14.1681   56.5698    6.1948
    0.5795   -0.7269    0.3684
   -0.3140   -0.6163   -0.7222
    0.7521    0.3028   -0.5854
...   137 G-C ...
  -11.6469   58.0146    4.7336
    0.2454   -0.9541   -0.1717
   -0.6318   -0.0231   -0.7748
    0.7352    0.2986   -0.6085
...   138 A-T ...
   -8.6699   58.7289    3.6170
   -0.0344   -0.7815   -0.6230
   -0.6534    0.4892   -0.5777
    0.7562    0.3872   -0.5274
...   139 G-C ...
   -6.3212   59.0879    1.6440
   -0.2967   -0.3277   -0.8970
   -0.5657    0.8170   -0.1114
    0.7694    0.4744   -0.4278
...   140 C-G ...
   -3.4297   60.2437    1.0435
   -0.4424    0.2288   -0.8671
   -0.1682    0.9286    0.3309
    0.8809    0.2922   -0.3723
...   141 G-C ...
   -0.6894   63.9063   -2.2356
   -0.9992    0.0156   -0.0375
   -0.0024    0.8991    0.4378
    0.0405    0.4375   -0.8983
...   142 C-G ...
   -0.9980   65.6137   -4.9249
   -0.8337    0.5217    0.1810
    0.5169    0.6220    0.5881
    0.1942    0.5839   -0.7882
...   143 T-A ...
   -0.1245   66.2250   -7.8042
   -0.3751    0.8568    0.3538
    0.8856    0.2185    0.4098
    0.2739    0.4670   -0.8408
...   144 C-G ...
   -0.1581   67.4197  -10.7922
    0.1799    0.8792    0.4411
    0.9276   -0.3009    0.2214
    0.3274    0.3694   -0.8697
...   145 A-T ...
    0.5352   69.2487  -13.4514
    0.7352    0.4961    0.4620
    0.6117   -0.7791   -0.1369
    0.2921    0.3832   -0.8763
...   146 C-G ...
    1.4420   72.1064  -15.5859
    0.9808    0.0622    0.1849
    0.1266   -0.9240   -0.3608
    0.1484    0.3773   -0.9141
...   147 A-T ...
    2.3150   74.2410  -18.3714
    0.8657   -0.4292   -0.2574
   -0.4984   -0.7868   -0.3642
   -0.0462    0.4436   -0.8950
