  147 base-pairs
...     1 A-T ...
    0.0000    0.0000    0.0000
    1.0000    0.0000    0.0000
    0.0000    1.0000    0.0000
    0.0000    0.0000    1.0000
...     2 G-C ...
   -0.1394   -1.2357    3.2268
    0.7529    0.6366    0.1670
   -0.6386    0.7680   -0.0486
   -0.1592   -0.0700    0.9848
...     3 T-A ...
   -0.0365   -3.2932    6.3751
    0.2722    0.9301    0.2466
   -0.9238    0.3243   -0.2033
   -0.2691   -0.1725    0.9475
...     4 G-C ...
   -0.3505   -4.1660    9.4928
   -0.3756    0.9250    0.0579
   -0.8781   -0.3352   -0.3415
   -0.2965   -0.1791    0.9381
...     5 A-T ...
   -0.4462   -4.1476   12.7498
   -0.8116    0.5840   -0.0165
   -0.5523   -0.7762   -0.3042
   -0.1905   -0.2378    0.9524
...     6 G-C ...
   -1.5908   -4.1730   15.6201
   -0.9976    0.0246   -0.0651
   -0.0043   -0.9555   -0.2950
   -0.0695   -0.2940    0.9533
...     7 C-G ...
   -1.1030   -4.4824   18.7362
   -0.8441   -0.5304   -0.0787
    0.5345   -0.8441   -0.0432
   -0.0435   -0.0785    0.9960
...     8 G-C ...
   -2.4028   -7.7290   23.1475
   -0.2754   -0.3293   -0.9032
    0.6650   -0.7437    0.0684
   -0.6942   -0.5818    0.4238
...     9 C-G ...
   -4.4690   -9.9728   24.1132
    0.1145   -0.7025   -0.7024
    0.8512   -0.2952    0.4340
   -0.5122   -0.6476    0.5642
...    10 T-A ...
   -6.7405  -10.8752   25.9697
    0.4841   -0.8363   -0.2574
    0.6595    0.1553    0.7355
   -0.5751   -0.5258    0.6267
...    11 C-G ...
   -9.1656  -12.6208   27.1640
    0.7073   -0.6682    0.2307
    0.3448    0.6110    0.7126
   -0.6171   -0.4245    0.6626
...    12 A-T ...
  -10.9234  -14.6633   29.0693
    0.7515   -0.1377    0.6452
   -0.2029    0.8824    0.4246
   -0.6277   -0.4500    0.6352
...    13 C-G ...
  -11.8476  -17.4863   31.2451
    0.4295    0.2823    0.8578
   -0.5708    0.8209    0.0156
   -0.6998   -0.4963    0.5137
...    14 A-T ...
  -13.5897  -19.7827   33.4259
   -0.1504    0.6104    0.7777
   -0.6874    0.5008   -0.5260
   -0.7106   -0.6136    0.3443
...    15 A-T ...
  -15.7381  -21.8861   34.6874
   -0.5442    0.7766    0.3173
   -0.4508    0.0483   -0.8913
   -0.7076   -0.6281    0.3238
...    16 T-A ...
  -17.8238  -23.8270   36.3580
   -0.6997    0.6869   -0.1963
   -0.0943   -0.3613   -0.9277
   -0.7082   -0.6306    0.3176
...    17 T-A ...
  -20.1338  -25.7704   37.5651
   -0.6164    0.3443   -0.7081
    0.3407   -0.6941   -0.6341
   -0.7099   -0.6322    0.3106
...    18 T-A ...
  -22.5491  -27.6571   38.6466
   -0.2918   -0.1268   -0.9480
    0.6377   -0.7645   -0.0940
   -0.7129   -0.6320    0.3039
...    19 A-T ...
  -24.7094  -30.0722   39.6598
    0.2031   -0.5729   -0.7941
    0.6644   -0.5151    0.5415
   -0.7192   -0.6376    0.2760
...    20 T-A ...
  -27.4291  -31.9154   40.0318
    0.5183   -0.7601   -0.3919
    0.4569   -0.1412    0.8782
   -0.7229   -0.6342    0.2741
...    21 T-A ...
  -29.8698  -33.9837   40.6653
    0.6728   -0.7084    0.2133
    0.0596    0.3393    0.9388
   -0.7374   -0.6189    0.2705
...    22 C-G ...
  -32.2565  -36.1277   41.4913
    0.5774   -0.3435    0.7407
   -0.3707    0.6980    0.6126
   -0.7275   -0.6283    0.2757
...    23 G-C ...
  -34.8863  -37.9430   42.6411
    0.3115    0.1873    0.9316
   -0.6515    0.7558    0.0659
   -0.6917   -0.6275    0.3575
...    24 C-G ...
  -36.8861  -40.3178   43.9012
   -0.0839    0.6074    0.7899
   -0.7136    0.5167   -0.4731
   -0.6956   -0.6034    0.3901
...    25 A-T ...
  -39.4150  -42.2302   45.0244
   -0.4249    0.8491    0.3138
   -0.5355    0.0437   -0.8434
   -0.7299   -0.5264    0.4361
...    26 A-T ...
  -41.7082  -43.8795   46.6286
   -0.6518    0.7175   -0.2458
   -0.1839   -0.4639   -0.8666
   -0.7358   -0.5196    0.4343
...    27 A-T ...
  -44.1237  -45.3985   48.1802
   -0.6295    0.3121   -0.7116
    0.2291   -0.8005   -0.5538
   -0.7424   -0.5117    0.4324
...    28 G-C ...
  -46.7730  -46.8302   49.6138
   -0.3522   -0.1509   -0.9237
    0.5206   -0.8517   -0.0594
   -0.7778   -0.5018    0.3785
...    29 G-C ...
  -49.6228  -48.3846   50.6023
    0.0596   -0.5725   -0.8178
    0.5986   -0.6351    0.4882
   -0.7989   -0.5186    0.3048
...    30 C-G ...
  -52.4949  -50.0080   51.2179
    0.4109   -0.8178   -0.4030
    0.4435   -0.2069    0.8721
   -0.7965   -0.5371    0.2777
...    31 C-G ...
  -55.2024  -51.9728   51.8505
    0.6362   -0.7565    0.1512
    0.1123    0.2848    0.9520
   -0.7633   -0.5887    0.2661
...    32 G-C ...
  -57.7642  -53.7932   53.1341
    0.6438   -0.3919    0.6572
   -0.2907    0.6692    0.6838
   -0.7078   -0.6313    0.3169
...    33 G-C ...
  -60.0492  -56.1328   54.0724
    0.4211    0.1065    0.9007
   -0.6043    0.7735    0.1911
   -0.6764   -0.6248    0.3901
...    34 C-G ...
  -61.9941  -58.5181   55.3743
    0.0453    0.5552    0.8305
   -0.7350    0.5816   -0.3487
   -0.6766   -0.5946    0.4344
...    35 C-G ...
  -64.0797  -60.5957   57.0485
   -0.3026    0.8422    0.4463
   -0.6468    0.1625   -0.7452
   -0.7001   -0.5142    0.4955
...    36 C-G ...
  -66.3536  -62.1682   58.9884
   -0.5389    0.8367   -0.0973
   -0.3908   -0.3507   -0.8510
   -0.7462   -0.4206    0.5160
...    37 G-C ...
  -69.1321  -63.5723   60.3418
   -0.5725    0.5267   -0.6283
   -0.0579   -0.7904   -0.6099
   -0.8178   -0.3128    0.4830
...    38 A-T ...
  -71.9262  -64.4684   61.8575
   -0.4677   -0.0548   -0.8822
    0.2763   -0.9571   -0.0870
   -0.8396   -0.2844    0.4628
...    39 C-G ...
  -74.9786  -64.8260   63.1863
   -0.2321   -0.5655   -0.7915
    0.4670   -0.7785    0.4193
   -0.8533   -0.2723    0.4447
...    40 A-T ...
  -77.6709  -66.0113   64.7945
    0.1388   -0.9088   -0.3935
    0.4868   -0.2834    0.8263
   -0.8624   -0.3062    0.4031
...    41 C-G ...
  -80.7957  -67.0387   65.5341
    0.3825   -0.9151    0.1275
    0.3285    0.2637    0.9070
   -0.8636   -0.3051    0.4015
...    42 G-C ...
  -83.6101  -67.8165   67.2625
    0.5658   -0.5576    0.6075
    0.0440    0.7561    0.6530
   -0.8234   -0.3427    0.4523
...    43 A-T ...
  -86.3833  -68.9734   68.6375
    0.4991    0.0273    0.8661
   -0.2935    0.9458    0.1393
   -0.8153   -0.3237    0.4800
...    44 C-G ...
  -88.7959  -70.5912   70.2449
    0.2960    0.5467    0.7833
   -0.5129    0.7827   -0.3525
   -0.8058   -0.2974    0.5121
...    45 T-A ...
  -91.2747  -71.6726   72.1793
    0.0429    0.9080    0.4168
   -0.6049    0.3557   -0.7125
   -0.7952   -0.2215    0.5645
...    46 T-A ...
  -93.7394  -72.3578   74.1603
   -0.2792    0.9555   -0.0952
   -0.5289   -0.2358   -0.8153
   -0.8014   -0.1772    0.5712
...    47 A-T ...
  -96.5706  -72.8454   75.9038
   -0.4713    0.6268   -0.6205
   -0.2915   -0.7747   -0.5612
   -0.8324   -0.0836    0.5478
...    48 C-G ...
  -99.2356  -72.4544   77.8521
   -0.5314    0.1100   -0.8399
   -0.0204   -0.9929   -0.1171
   -0.8469   -0.0450    0.5299
...    49 T-A ...
 -102.1870  -72.2796   79.4077
   -0.4262   -0.4606   -0.7786
    0.2342   -0.8875    0.3968
   -0.8738   -0.0133    0.4862
...    50 G-C ...
 -105.0384  -72.7292   81.1181
   -0.1680   -0.9090   -0.3813
    0.4143   -0.4161    0.8094
   -0.8945   -0.0220    0.4465
...    51 T-A ...
 -108.2967  -72.7230   82.0305
    0.0800   -0.9873    0.1370
    0.4436    0.1583    0.8821
   -0.8926   -0.0098    0.4507
...    52 T-A ...
 -111.3463  -72.7633   83.2228
    0.2844   -0.6890    0.6666
    0.3335    0.7230    0.6050
   -0.8988    0.0502    0.4354
...    53 C-G ...
 -114.3903  -72.5982   84.5471
    0.4497   -0.0982    0.8878
    0.1131    0.9922    0.0524
   -0.8860    0.0769    0.4573
...    54 A-T ...
 -117.3948  -72.0779   85.9799
    0.5285    0.4969    0.6883
   -0.1708    0.8564   -0.4872
   -0.8316    0.1399    0.5375
...    55 T-A ...
 -119.8608  -72.0604   88.1351
    0.3949    0.8606    0.3217
   -0.4156    0.4796   -0.7728
   -0.8194    0.1715    0.5470
...    56 G-C ...
 -122.6070  -71.1786   89.8830
    0.2058    0.9427   -0.2625
   -0.6006   -0.0902   -0.7945
   -0.7726    0.3211    0.5476
...    57 T-A ...
 -124.6835  -69.7856   92.0104
   -0.1011    0.7276   -0.6785
   -0.6393   -0.5701   -0.5161
   -0.7623    0.3816    0.5228
...    58 T-A ...
 -127.0286  -68.3290   93.7102
   -0.4451    0.2521   -0.8592
   -0.4831   -0.8755   -0.0066
   -0.7540    0.4122    0.5115
...    59 A-T ...
 -129.7836  -67.3782   95.5012
   -0.6824   -0.3729   -0.6287
   -0.0905   -0.8104    0.5789
   -0.7254    0.4519    0.5192
...    60 T-A ...
 -132.1958  -65.4032   96.6767
   -0.6564   -0.7264   -0.2036
    0.2829   -0.4872    0.8262
   -0.6994    0.4847    0.5253
...    61 A-T ...
 -133.9790  -63.7158   99.1858
   -0.3593   -0.7756    0.5189
    0.7024    0.1413    0.6976
   -0.6144    0.6152    0.4940
...    62 A-T ...
 -136.1917  -61.7244  100.5558
    0.0986   -0.4890    0.8667
    0.8026    0.5540    0.2213
   -0.5883    0.6737    0.4471
...    63 C-G ...
 -138.5925  -59.8717  101.9793
    0.5305   -0.1168    0.8396
    0.6325    0.7139   -0.3004
   -0.5643    0.6904    0.4526
...    64 G-C ...
 -140.3814  -57.2169  103.1232
    0.8685    0.2111    0.4485
    0.2347    0.6218   -0.7472
   -0.4366    0.7542    0.4905
...    65 G-C ...
 -141.8668  -54.8120  104.9634
    0.9050    0.4137   -0.0996
   -0.2786    0.3992   -0.8735
   -0.3216    0.8183    0.4765
...    66 A-T ...
 -142.8010  -52.1086  106.5212
    0.5981    0.4920   -0.6326
   -0.7605    0.0995   -0.6416
   -0.2527    0.8649    0.4337
...    67 A-T ...
 -143.3721  -49.2396  107.8775
    0.0773    0.4073   -0.9100
   -0.9742   -0.1634   -0.1558
   -0.2122    0.8986    0.3841
...    68 G-C ...
 -143.7537  -46.1086  108.9099
   -0.4430    0.1841   -0.8774
   -0.8752   -0.3009    0.3788
   -0.1943    0.9357    0.2944
...    69 G-C ...
 -144.4184  -42.7880  109.2850
   -0.8455   -0.0724   -0.5290
   -0.4929   -0.2753    0.8254
   -0.2054    0.9586    0.1971
...    70 T-A ...
 -145.0042  -39.4767  109.2776
   -0.9795   -0.2012    0.0131
    0.0478   -0.1686    0.9845
   -0.1959    0.9649    0.1748
...    71 A-T ...
 -145.0944  -36.2204  110.5691
   -0.6770   -0.1161    0.7268
    0.7334   -0.0241    0.6794
   -0.0613    0.9929    0.1015
...    72 T-A ...
 -145.8647  -32.9704  110.4956
   -0.1845   -0.0650    0.9807
    0.9823    0.0193    0.1861
   -0.0310    0.9977    0.0603
...    73 C-G ...
 -146.0370  -29.6503  110.5345
    0.4603   -0.0476    0.8865
    0.8877    0.0175   -0.4601
    0.0064    0.9987    0.0503
...    74 T-A ...
 -146.1539  -26.3384  110.8950
    0.8684   -0.0997    0.4858
    0.4898    0.0183   -0.8717
    0.0780    0.9948    0.0647
...    75 C-G ...
 -145.9420  -23.0679  111.1188
    0.9809   -0.1420   -0.1328
   -0.1252    0.0613   -0.9902
    0.1487    0.9880    0.0423
...    76 G-C ...
 -145.3714  -19.7465  110.8827
    0.7060   -0.2600   -0.6588
   -0.6414    0.1596   -0.7504
    0.3002    0.9523   -0.0541
...    77 A-T ...
 -144.2120  -16.7063  110.5785
    0.1689   -0.1893   -0.9673
   -0.9212    0.3186   -0.2232
    0.3504    0.9288   -0.1206
...    78 G-C ...
 -142.7329  -13.8017  109.9438
   -0.3829   -0.0650   -0.9215
   -0.8484    0.4195    0.3229
    0.3656    0.9054   -0.2158
...    79 C-G ...
 -141.3445  -11.0292  108.6916
   -0.8041    0.1511   -0.5750
   -0.4688    0.4337    0.7695
    0.3656    0.8883   -0.2779
...    80 T-A ...
 -140.1744   -8.1945  107.3516
   -0.9363    0.3483   -0.0452
    0.0745    0.3228    0.9436
    0.3432    0.8801   -0.3281
...    81 C-G ...
 -139.1432   -5.2777  106.1431
   -0.6821    0.4929    0.5402
    0.6407    0.0468    0.7663
    0.3525    0.8688   -0.3477
...    82 G-C ...
 -137.5220   -2.4423  105.2432
   -0.1784    0.3876    0.9044
    0.9200   -0.2603    0.2931
    0.3491    0.8843   -0.3102
...    83 G-C ...
 -136.5101    0.5618  104.0141
    0.3581    0.1185    0.9261
    0.8476   -0.4573   -0.2692
    0.3916    0.8814   -0.2643
...    84 G-C ...
 -135.3935    3.6176  103.0657
    0.7363   -0.2343    0.6348
    0.4872   -0.4673   -0.7377
    0.4695    0.8525   -0.2299
...    85 A-T ...
 -133.9157    6.4409  102.3043
    0.8514   -0.5174    0.0862
   -0.0526   -0.2476   -0.9674
    0.5219    0.8191   -0.2380
...    86 T-A ...
 -132.0182    9.0979  102.1488
    0.6873   -0.6010   -0.4079
   -0.4763    0.0510   -0.8778
    0.5484    0.7976   -0.2512
...    87 C-G ...
 -130.0782   11.5784  101.2749
    0.2355   -0.5094   -0.8277
   -0.7729    0.4181   -0.4772
    0.5892    0.7521   -0.2952
...    88 C-G ...
 -127.8079   13.7447  100.0148
   -0.2887   -0.2657   -0.9198
   -0.7372    0.6747    0.0365
    0.6108    0.6886   -0.3907
...    89 G-C ...
 -126.1337   16.1993   98.3841
   -0.7169    0.1043   -0.6894
   -0.3860    0.7641    0.5169
    0.5806    0.6366   -0.5075
...    90 C-G ...
 -124.2871   18.0312   96.2648
   -0.8221    0.5037   -0.2653
    0.1073    0.5947    0.7967
    0.5591    0.6265   -0.5430
...    91 T-A ...
 -122.6186   20.0167   94.1404
   -0.6339    0.7371    0.2342
    0.5628    0.2319    0.7934
    0.5305    0.6348   -0.5618
...    92 T-A ...
 -121.0552   21.9862   92.0476
   -0.1404    0.7612    0.6331
    0.8209   -0.2680    0.5043
    0.5535    0.5905   -0.5873
...    93 T-A ...
 -119.4838   23.9524   89.9650
    0.3995    0.4713    0.7863
    0.7284   -0.6839    0.0398
    0.5565    0.5569   -0.6166
...    94 A-T ...
 -117.3772   25.3401   87.6609
    0.7837   -0.0906    0.6145
    0.2711   -0.8402   -0.4696
    0.5589    0.5346   -0.6339
...    95 A-T ...
 -115.5681   27.2232   85.7287
    0.7875   -0.5726    0.2280
   -0.2470   -0.6322   -0.7344
    0.5647    0.5220   -0.6393
...    96 C-G ...
 -113.4125   29.1545   84.1268
    0.5044   -0.8456   -0.1748
   -0.6268   -0.2194   -0.7476
    0.5938    0.4867   -0.6407
...    97 A-T ...
 -111.5182   30.6344   81.7716
   -0.0277   -0.8636   -0.5034
   -0.7789    0.3343   -0.5307
    0.6266    0.3774   -0.6819
...    98 C-G ...
 -109.0138   31.4093   79.7303
   -0.4661   -0.5598   -0.6852
   -0.6259    0.7559   -0.1918
    0.6253    0.3395   -0.7027
...    99 T-A ...
 -106.8858   32.1497   77.2638
   -0.7674   -0.0681   -0.6376
   -0.2397    0.9527    0.1867
    0.5948    0.2961   -0.7474
...   100 T-A ...
 -104.9374   32.8411   74.7421
   -0.7461    0.5169   -0.4196
    0.2646    0.8086    0.5255
    0.6109    0.2810   -0.7401
...   101 T-A ...
 -103.0498   33.5281   72.1678
   -0.4205    0.9060   -0.0489
    0.6545    0.3402    0.6752
    0.6284    0.2519   -0.7360
...   102 A-T ...
 -100.4875   34.2634   70.0150
    0.1514    0.9114    0.3827
    0.7563   -0.3561    0.5489
    0.6365    0.2063   -0.7432
...   103 T-A ...
  -98.9052   35.2933   67.2905
    0.5344    0.5911    0.6041
    0.5586   -0.7834    0.2724
    0.6343    0.1919   -0.7489
...   104 G-C ...
  -96.5949   35.6704   64.8828
    0.7077   -0.0099    0.7065
    0.1374   -0.9789   -0.1514
    0.6931    0.2043   -0.6913
...   105 C-G ...
  -94.2620   36.7317   62.7463
    0.6284   -0.5678    0.5317
   -0.2830   -0.8036   -0.5236
    0.7246    0.1786   -0.6656
...   106 T-A ...
  -91.6516   37.3887   60.7854
    0.3192   -0.9258    0.2025
   -0.5654   -0.3576   -0.7432
    0.7605    0.1228   -0.6376
...   107 T-A ...
  -89.0438   37.7801   58.8891
   -0.0797   -0.9611   -0.2643
   -0.6423    0.2523   -0.7237
    0.7623    0.1121   -0.6375
...   108 C-G ...
  -86.5122   37.9739   56.7879
   -0.4757   -0.6163   -0.6276
   -0.4475    0.7838   -0.4305
    0.7572    0.0760   -0.6487
...   109 C-G ...
  -84.0111   37.8332   54.4929
   -0.6977   -0.0703   -0.7129
   -0.0725    0.9970   -0.0274
    0.7127    0.0326   -0.7007
...   110 G-C ...
  -81.7099   38.3360   52.0520
   -0.6674    0.5216   -0.5315
    0.3754    0.8521    0.3648
    0.6431    0.0440   -0.7645
...   111 G-C ...
  -79.7532   38.3477   49.2672
   -0.3798    0.9078   -0.1780
    0.6990    0.4076    0.5876
    0.6060    0.0987   -0.7893
...   112 C-G ...
  -78.0771   38.6304   46.3786
    0.0592    0.9748    0.2149
    0.7938   -0.1765    0.5820
    0.6053    0.1361   -0.7843
...   113 T-A ...
  -76.2758   39.2934   43.6435
    0.4525    0.7066    0.5441
    0.6386   -0.6826    0.3554
    0.6225    0.1866   -0.7601
...   114 C-G ...
  -74.2394   39.9811   41.1398
    0.7242    0.1411    0.6750
    0.2365   -0.9703   -0.0509
    0.6478    0.1965   -0.7361
...   115 G-C ...
  -71.9231   40.2197   38.6697
    0.6493   -0.4667    0.6005
   -0.2025   -0.8672   -0.4550
    0.7330    0.1738   -0.6576
...   116 T-A ...
  -69.2490   41.1657   36.9419
    0.4122   -0.8669    0.2804
   -0.5140   -0.4754   -0.7140
    0.7522    0.1502   -0.6416
...   117 A-T ...
  -66.9491   41.5310   34.4688
   -0.0239   -0.9711   -0.2374
   -0.6475    0.1959   -0.7365
    0.7617    0.1361   -0.6335
...   118 T-A ...
  -64.0624   41.6466   32.8569
   -0.3522   -0.7241   -0.5930
   -0.5372    0.6752   -0.5054
    0.7664    0.1405   -0.6268
...   119 A-T ...
  -61.6556   42.5466   30.6088
   -0.5961   -0.0946   -0.7973
   -0.1749    0.9845    0.0140
    0.7836    0.1477   -0.6034
...   120 A-T ...
  -59.0948   42.7536   28.5948
   -0.5597    0.5137   -0.6503
    0.2044    0.8460    0.4925
    0.8031    0.1427   -0.5785
...   121 T-A ...
  -56.7138   42.7337   26.2878
   -0.3605    0.8824   -0.3022
    0.4606    0.4502    0.7650
    0.8111    0.1366   -0.5688
...   122 G-C ...
  -53.8975   43.3445   24.5674
   -0.0892    0.9616    0.2597
    0.5944   -0.1579    0.7885
    0.7992    0.2247   -0.5575
...   123 T-A ...
  -51.6550   44.3534   22.3238
    0.2149    0.7157    0.6645
    0.5458   -0.6523    0.5260
    0.8099    0.2496   -0.5308
...   124 G-C ...
  -48.7743   45.1005   20.7616
    0.3988    0.1691    0.9013
    0.3404   -0.9399    0.0257
    0.8515    0.2965   -0.4324
...   125 T-A ...
  -46.1072   46.6482   19.5663
    0.4809   -0.3745    0.7928
    0.0834   -0.8805   -0.4666
    0.8728    0.2905   -0.3922
...   126 C-G ...
  -43.1631   47.5717   18.4322
    0.4004   -0.8398    0.3667
   -0.1980   -0.4700   -0.8602
    0.8947    0.2718   -0.3545
...   127 G-C ...
  -40.1593   48.0870   16.9337
    0.1289   -0.9768   -0.1713
   -0.3329    0.1201   -0.9353
    0.9341    0.1776   -0.3097
...   128 A-T ...
  -37.0227   48.5288   15.9613
   -0.1085   -0.6992   -0.7066
   -0.3219    0.6972   -0.6405
    0.9405    0.1580   -0.3008
...   129 C-G ...
  -33.7478   48.4498   15.1956
   -0.2685   -0.2029   -0.9417
   -0.2004    0.9679   -0.1515
    0.9422    0.1480   -0.3005
...   130 C-G ...
  -30.5532   48.6737   14.0379
   -0.3826    0.3784   -0.8429
    0.0002    0.9123    0.4095
    0.9239    0.1565   -0.3491
...   131 A-T ...
  -27.4268   49.4111   13.0801
   -0.3686    0.8386   -0.4012
    0.2297    0.5004    0.8348
    0.9008    0.2155   -0.3770
...   132 A-T ...
  -24.5670   50.0215   11.6489
   -0.1600    0.9731    0.1658
    0.3849   -0.0932    0.9182
    0.9090    0.2108   -0.3597
...   133 A-T ...
  -21.7075   50.7827   10.3142
    0.0750    0.7318    0.6774
    0.3994   -0.6445    0.6520
    0.9137    0.2216   -0.3406
...   134 T-A ...
  -19.0083   52.0402    8.9384
    0.2450    0.2904    0.9250
    0.3072   -0.9282    0.2101
    0.9196    0.2327   -0.3166
...   135 G-C ...
  -16.4569   53.8980    7.5291
    0.5336   -0.3334    0.7773
    0.0348   -0.9096   -0.4140
    0.8450    0.2479   -0.4738
...   136 T-A ...
  -14.1681   56.5697    6.1949
    0.5795   -0.7269    0.3684
   -0.3140   -0.6163   -0.7222
    0.7521    0.3028   -0.5854
...   137 G-C ...
  -11.6469   58.0146    4.7337
    0.2454   -0.9541   -0.1717
   -0.6318   -0.0231   -0.7748
    0.7352    0.2986   -0.6085
...   138 A-T ...
   -8.6698   58.7289    3.6171
   -0.0344   -0.7815   -0.6230
   -0.6534    0.4892   -0.5777
    0.7562    0.3872   -0.5274
...   139 G-C ...
   -6.3211   59.0879    1.6441
   -0.2967   -0.3277   -0.8970
   -0.5657    0.8170   -0.1114
    0.7694    0.4744   -0.4278
...   140 C-G ...
   -3.4296   60.2436    1.0435
   -0.4424    0.2288   -0.8671
   -0.1682    0.9286    0.3309
    0.8809    0.2922   -0.3723
...   141 G-C ...
   -0.6893   63.9062   -2.2356
   -0.9992    0.0156   -0.0375
   -0.0024    0.8991    0.4378
    0.0405    0.4375   -0.8983
...   142 C-G ...
   -0.9979   65.6137   -4.9248
   -0.8337    0.5217    0.1810
    0.5169    0.6220    0.5881
    0.1942    0.5839   -0.7882
...   143 T-A ...
   -0.1244   66.2249   -7.8041
   -0.3751    0.8568    0.3538
    0.8856    0.2185    0.4098
    0.2739    0.4670   -0.8408
...   144 C-G ...
   -0.1580   67.4196  -10.7921
    0.1799    0.8792    0.4411
    0.9276   -0.3009    0.2214
    0.3274    0.3694   -0.8697
...   145 A-T ...
    0.5353   69.2486  -13.4513
    0.7352    0.4961    0.4620
    0.6117   -0.7791   -0.1369
    0.2921    0.3832   -0.8763
...   146 C-G ...
    1.4421   72.1063  -15.5858
    0.9808    0.0622    0.1849
    0.1266   -0.9240   -0.3608
    0.1484    0.3773   -0.9141
...   147 A-T ...
    2.3150   74.2410  -18.3714
    0.8657   -0.4292   -0.2574
   -0.4984   -0.7868   -0.3642
   -0.0462    0.4436   -0.8950
