  147 base-pairs
...     1 A-T ...
    0.0000    0.0000    0.0000
    1.0000    0.0000    0.0000
    0.0000    1.0000    0.0000
    0.0000    0.0000    1.0000
...     2 G-C ...
   -0.1394   -1.2357    3.2268
    0.7529    0.6366    0.1670
   -0.6386    0.7680   -0.0486
   -0.1592   -0.0700    0.9848
...     3 T-A ...
   -0.0365   -3.2932    6.3751
    0.2722    0.9301    0.2466
   -0.9238    0.3243   -0.2033
   -0.2691   -0.1725    0.9475
...     4 G-C ...
   -0.3505   -4.1660    9.4928
   -0.3756    0.9250    0.0579
   -0.8781   -0.3352   -0.3415
   -0.2965   -0.1791    0.9381
...     5 A-T ...
   -0.4462   -4.1476   12.7498
   -0.8116    0.5840   -0.0165
   -0.5523   -0.7762   -0.3042
   -0.1905   -0.2378    0.9524
...     6 G-C ...
   -1.5908   -4.1730   15.6201
   -0.9976    0.0246   -0.0651
   -0.0043   -0.9555   -0.2950
   -0.0695   -0.2940    0.9533
...     7 C-G ...
   -1.1030   -4.4824   18.7362
   -0.8441   -0.5304   -0.0787
    0.5345   -0.8441   -0.0432
   -0.0435   -0.0785    0.9960
...     8 G-C ...
   -2.4028   -7.7290   23.1475
   -0.2754   -0.3293   -0.9032
    0.6650   -0.7437    0.0684
   -0.6942   -0.5818    0.4238
...     9 C-G ...
   -4.4690   -9.9728   24.1132
    0.1145   -0.7025   -0.7024
    0.8512   -0.2952    0.4340
   -0.5122   -0.6476    0.5642
...    10 T-A ...
   -6.7405  -10.8752   25.9697
    0.4841   -0.8363   -0.2574
    0.6595    0.1553    0.7355
   -0.5751   -0.5258    0.6267
...    11 C-G ...
   -9.1656  -12.6208   27.1640
    0.7073   -0.6682    0.2307
    0.3448    0.6110    0.7126
   -0.6171   -0.4245    0.6626
...    12 A-T ...
  -10.9234  -14.6633   29.0693
    0.7515   -0.1377    0.6452
   -0.2029    0.8824    0.4246
   -0.6277   -0.4500    0.6352
...    13 C-G ...
  -11.8476  -17.4863   31.2451
    0.4295    0.2823    0.8578
   -0.5708    0.8209    0.0156
   -0.6998   -0.4963    0.5137
...    14 A-T ...
  -13.5897  -19.7827   33.4259
   -0.1504    0.6104    0.7777
   -0.6874    0.5008   -0.5260
   -0.7106   -0.6136    0.3443
...    15 A-T ...
  -15.7334  -21.8952   34.6873
   -0.5503    0.7729    0.3159
   -0.4487    0.0453   -0.8926
   -0.7042   -0.6329    0.3218
...    16 T-A ...
  -17.8066  -23.8600   36.3548
   -0.7076    0.6778   -0.1995
   -0.0866   -0.3634   -0.9276
   -0.7012   -0.6391    0.3159
...    17 T-A ...
  -20.0880  -25.8404   37.5644
   -0.6216    0.3281   -0.7114
    0.3564   -0.6902   -0.6298
   -0.6976   -0.6450    0.3120
...    18 T-A ...
  -22.4615  -27.7765   38.6586
   -0.2873   -0.1434   -0.9471
    0.6569   -0.7491   -0.0858
   -0.6971   -0.6468    0.3094
...    19 A-T ...
  -24.5276  -30.2628   39.7245
    0.2200   -0.5831   -0.7820
    0.6787   -0.4843    0.5521
   -0.7007   -0.6522    0.2892
...    20 T-A ...
  -27.1905  -32.1794   40.1362
    0.5416   -0.7523   -0.3750
    0.4604   -0.1078    0.8812
   -0.7034   -0.6499    0.2879
...    21 T-A ...
  -29.5609  -34.3110   40.8230
    0.6968   -0.6797    0.2291
    0.0477    0.3626    0.9307
   -0.7157   -0.6376    0.2851
...    22 C-G ...
  -31.8710  -36.5179   41.7035
    0.5904   -0.3033    0.7479
   -0.3959    0.6987    0.5959
   -0.7033   -0.6479    0.2925
...    23 G-C ...
  -34.4207  -38.4153   42.9130
    0.3061    0.2249    0.9251
   -0.6818    0.7300    0.0481
   -0.6645   -0.6454    0.3768
...    24 C-G ...
  -36.3134  -40.8362   44.2544
   -0.1078    0.6256    0.7726
   -0.7368    0.4714   -0.4846
   -0.6674   -0.6216    0.4101
...    25 A-T ...
  -38.7600  -42.8210   45.4427
   -0.4638    0.8375    0.2890
   -0.5393   -0.0080   -0.8421
   -0.7029   -0.5464    0.4553
...    26 A-T ...
  -40.9671  -44.5306   47.1073
   -0.6889    0.6739   -0.2669
   -0.1618   -0.5019   -0.8497
   -0.7065   -0.5422    0.4548
...    27 A-T ...
  -43.2930  -46.1248   48.7243
   -0.6494    0.2481   -0.7188
    0.2725   -0.8065   -0.5246
   -0.7099   -0.5366    0.4562
...    28 G-C ...
  -45.8468  -47.6587   50.2336
   -0.3477   -0.2124   -0.9132
    0.5713   -0.8203   -0.0267
   -0.7435   -0.5310    0.4066
...    29 G-C ...
  -48.5805  -49.3467   51.3320
    0.0895   -0.6078   -0.7890
    0.6413   -0.5709    0.5126
   -0.7620   -0.5519    0.3387
...    30 C-G ...
  -51.3424  -51.1115   52.0741
    0.4592   -0.8106   -0.3633
    0.4637   -0.1301    0.8764
   -0.7577   -0.5709    0.3161
...    31 C-G ...
  -53.9245  -53.1930   52.8546
    0.6860   -0.7035    0.1858
    0.1037    0.3473    0.9320
   -0.7202   -0.6201    0.3112
...    32 G-C ...
  -56.3635  -55.0885   54.2734
    0.6779   -0.3060    0.6684
   -0.3243    0.6915    0.6455
   -0.6598   -0.6543    0.3695
...    33 G-C ...
  -58.4789  -57.5069   55.3973
    0.4288    0.1949    0.8821
   -0.6510    0.7437    0.1521
   -0.6264   -0.6395    0.4458
...    34 C-G ...
  -60.2311  -59.9218   56.9017
    0.0248    0.6147    0.7884
   -0.7788    0.5063   -0.3703
   -0.6268   -0.6048    0.4913
...    35 C-G ...
  -62.1413  -61.9952   58.7775
   -0.3481    0.8519    0.3913
   -0.6729    0.0636   -0.7370
   -0.6527   -0.5199    0.5511
...    36 C-G ...
  -64.2734  -63.5415   60.8909
   -0.5969    0.7890   -0.1456
   -0.3876   -0.4426   -0.8086
   -0.7024   -0.4263    0.5700
...    37 G-C ...
  -66.9351  -64.9996   62.4250
   -0.6268    0.4306   -0.6494
   -0.0214   -0.8426   -0.5381
   -0.7789   -0.3234    0.5373
...    38 A-T ...
  -69.6217  -65.9440   64.1091
   -0.4927   -0.1688   -0.8537
    0.3406   -0.9402   -0.0107
   -0.8008   -0.2960    0.5207
...    39 C-G ...
  -72.6001  -66.3834   65.5933
   -0.2206   -0.6561   -0.7217
    0.5371   -0.6993    0.4717
   -0.8142   -0.2836    0.5067
...    40 A-T ...
  -75.1159  -67.5828   67.4603
    0.1858   -0.9359   -0.2993
    0.5400   -0.1573    0.8269
   -0.8209   -0.3152    0.4761
...    41 C-G ...
  -78.1326  -68.7170   68.4690
    0.4502   -0.8677    0.2106
    0.3489    0.3881    0.8530
   -0.8219   -0.3105    0.4775
...    42 G-C ...
  -80.8301  -69.4276   70.4096
    0.6311   -0.4429    0.6368
    0.0260    0.8326    0.5533
   -0.7753   -0.3326    0.5369
...    43 A-T ...
  -83.4588  -70.5574   72.0624
    0.5423    0.1663    0.8235
   -0.3462    0.9374    0.0387
   -0.7655   -0.3061    0.5660
...    44 C-G ...
  -85.6698  -72.0901   73.9990
    0.3061    0.6601    0.6859
   -0.5811    0.7003   -0.4147
   -0.7541   -0.2717    0.5980
...    45 T-A ...
  -87.9558  -73.0370   76.2173
    0.0146    0.9571    0.2894
   -0.6693    0.2244   -0.7083
   -0.7429   -0.1833    0.6439
...    46 T-A ...
  -90.2494  -73.5575   78.4360
   -0.3374    0.9190   -0.2038
   -0.5681   -0.3715   -0.7343
   -0.7506   -0.1320    0.6475
...    47 A-T ...
  -92.9415  -73.9198   80.4198
   -0.5482    0.5080   -0.6644
   -0.2868   -0.8604   -0.4212
   -0.7856   -0.0404    0.6174
...    48 C-G ...
  -95.4870  -73.3613   82.4928
   -0.5983   -0.0407   -0.8002
    0.0262   -0.9992    0.0313
   -0.8008   -0.0022    0.5989
...    49 T-A ...
  -98.3219  -73.0831   84.2479
   -0.4627   -0.5944   -0.6577
    0.3140   -0.8037    0.5054
   -0.8291    0.0273    0.5585
...    50 G-C ...
 -100.9697  -73.3754   86.2902
   -0.1550   -0.9658   -0.2080
    0.5061   -0.2584    0.8229
   -0.8485    0.0222    0.5288
...    51 T-A ...
 -104.1360  -73.3131   87.5083
    0.1401   -0.9451    0.2953
    0.5160    0.3242    0.7928
   -0.8450    0.0413    0.5331
...    52 A-T ...
 -106.7305  -72.4497   89.6622
    0.3839   -0.4396    0.8120
    0.3278    0.8870    0.3252
   -0.8632    0.1413    0.4846
...    53 G-C ...
 -109.6731  -72.2097   91.2444
    0.5546    0.1237    0.8229
    0.0842    0.9755   -0.2034
   -0.8279    0.1821    0.5305
...    54 G-C ...
 -112.5394  -71.8190   93.0279
    0.5950    0.6280    0.5016
   -0.2272    0.7300   -0.6445
   -0.7709    0.2695    0.5771
...    55 T-A ...
 -114.7672  -71.2116   95.3754
    0.4340    0.9002    0.0370
   -0.5094    0.2791   -0.8141
   -0.7431    0.3344    0.5796
...    56 A-T ...
 -117.1304  -69.8414   97.3185
    0.1763    0.8265   -0.5347
   -0.7048   -0.2732   -0.6547
   -0.6872    0.4923    0.5343
...    57 T-A ...
 -118.8418  -67.8880   99.3000
   -0.1858    0.5506   -0.8138
   -0.7111   -0.6469   -0.2753
   -0.6781    0.5276    0.5117
...    58 C-G ...
 -121.0996  -65.9650  100.7209
   -0.5554    0.0293   -0.8311
   -0.4930   -0.8164    0.3007
   -0.6697    0.5767    0.4679
...    59 T-A ...
 -123.3342  -63.7870  101.9237
   -0.7193   -0.4492   -0.5299
   -0.1407   -0.6528    0.7444
   -0.6803    0.6100    0.4064
...    60 C-G ...
 -125.7177  -61.7838  103.1003
   -0.6707   -0.7389    0.0646
    0.3245   -0.2139    0.9214
   -0.6670    0.6389    0.3832
...    61 G-C ...
 -127.7167  -59.6622  104.8534
   -0.3249   -0.7224    0.6104
    0.6605    0.2886    0.6931
   -0.6769    0.6284    0.3834
...    62 A-T ...
 -129.9979  -57.4899  105.9386
    0.1502   -0.3713    0.9163
    0.7420    0.6548    0.1437
   -0.6534    0.6583    0.3738
...    63 G-C ...
 -132.3511  -55.4441  107.1644
    0.5743    0.0268    0.8182
    0.5555    0.7213   -0.4136
   -0.6013    0.6921    0.3994
...    64 C-G ...
 -134.6057  -53.4424  108.6168
    0.8260    0.3805    0.4159
    0.1539    0.5575   -0.8158
   -0.5423    0.7378    0.4019
...    65 T-A ...
 -136.2757  -51.0471  110.1947
    0.8327    0.5361   -0.1384
   -0.3212    0.2641   -0.9095
   -0.4510    0.8018    0.3921
...    66 C-G ...
 -137.6366  -48.3609  111.4610
    0.5199    0.5119   -0.6839
   -0.7614   -0.0853   -0.6426
   -0.3873    0.8548    0.3454
...    67 G-C ...
 -138.9852  -45.3130  112.1147
    0.0580    0.2281   -0.9719
   -0.9540   -0.2741   -0.1212
   -0.2940    0.9343    0.2017
...    68 G-C ...
 -139.6908  -41.9890  112.2090
   -0.4598   -0.0521   -0.8865
   -0.8477   -0.2717    0.4556
   -0.2646    0.9610    0.0807
...    69 G-C ...
 -140.6359  -38.7248  111.8463
   -0.8468   -0.2506   -0.4691
   -0.4554   -0.1139    0.8830
   -0.2747    0.9614   -0.0177
...    70 A-T ...
 -141.6453  -35.5493  111.5961
   -0.9520   -0.2403    0.1893
    0.1703    0.0980    0.9805
   -0.2542    0.9657   -0.0524
...    71 T-A ...
 -142.7081  -32.4876  110.7477
   -0.7212   -0.0939    0.6863
    0.6611    0.2028    0.7224
   -0.2070    0.9747   -0.0842
...    72 C-G ...
 -143.4183  -29.2483  110.3232
   -0.1457    0.0817    0.9860
    0.9734    0.1900    0.1281
   -0.1769    0.9784   -0.1072
...    73 C-G ...
 -144.2265  -25.9730  109.7927
    0.4543    0.1193    0.8828
    0.8825    0.0749   -0.4643
   -0.1215    0.9900   -0.0712
...    74 G-C ...
 -144.3833  -22.6518  109.0029
    0.8924    0.0170    0.4510
    0.4512   -0.0586   -0.8905
    0.0113    0.9981   -0.0600
...    75 C-G ...
 -144.4921  -19.3342  109.1896
    0.9885   -0.0964   -0.1163
   -0.1238   -0.0759   -0.9894
    0.0866    0.9924   -0.0869
...    76 T-A ...
 -143.9186  -16.0752  109.0802
    0.7495   -0.2351   -0.6188
   -0.6346    0.0109   -0.7728
    0.1884    0.9719   -0.1410
...    77 T-A ...
 -143.1003  -12.9885  108.6153
    0.2381   -0.2490   -0.9388
   -0.9440    0.1679   -0.2839
    0.2283    0.9538   -0.1951
...    78 T-A ...
 -142.1430   -9.9885  107.8680
   -0.3597   -0.1379   -0.9228
   -0.8997    0.3134    0.3039
    0.2473    0.9396   -0.2368
...    79 A-T ...
 -141.5966   -6.7467  107.0529
   -0.8535    0.0853   -0.5141
   -0.4502    0.3763    0.8098
    0.2625    0.9226   -0.2828
...    80 A-T ...
 -140.6741   -3.8612  105.8216
   -0.9368    0.3449    0.0587
    0.1545    0.2573    0.9539
    0.3139    0.9027   -0.2944
...    81 C-G ...
 -139.9008   -0.9719  104.2280
   -0.6885    0.4486    0.5699
    0.6495    0.0318    0.7597
    0.3226    0.8932   -0.3133
...    82 A-T ...
 -138.4211    1.8970  103.3549
   -0.1465    0.3535    0.9239
    0.9330   -0.2610    0.2478
    0.3287    0.8983   -0.2916
...    83 C-G ...
 -137.8993    5.0488  102.3171
    0.3886    0.1489    0.9093
    0.8531   -0.4311   -0.2939
    0.3483    0.8899   -0.2946
...    84 T-A ...
 -136.8822    8.1178  101.4908
    0.7716   -0.1666    0.6139
    0.4901   -0.4595   -0.7407
    0.4055    0.8724   -0.2729
...    85 T-A ...
 -135.6212   11.0081  100.7453
    0.8986   -0.4315    0.0792
   -0.0557   -0.2914   -0.9550
    0.4352    0.8537   -0.2859
...    86 T-A ...
 -134.1119   13.7548   99.9577
    0.6789   -0.5666   -0.4669
   -0.5599    0.0119   -0.8285
    0.4749    0.8239   -0.3092
...    87 A-T ...
 -132.3223   16.3190   98.7582
    0.1549   -0.5653   -0.8102
   -0.8229    0.3799   -0.4224
    0.5466    0.7322   -0.4064
...    88 T-A ...
 -130.0029   18.2741   97.5130
   -0.3019   -0.3081   -0.9022
   -0.7755    0.6298    0.0444
    0.5546    0.7130   -0.4291
...    89 G-C ...
 -128.4379   20.7046   95.7937
   -0.7480    0.0638   -0.6606
   -0.4105    0.7377    0.5361
    0.5215    0.6722   -0.5256
...    90 C-G ...
 -126.7912   22.6554   93.6081
   -0.8589    0.4583   -0.2288
    0.1064    0.5965    0.7955
    0.5010    0.6589   -0.5611
...    91 T-A ...
 -125.3146   24.7380   91.4281
   -0.6592    0.7033    0.2660
    0.5842    0.2562    0.7701
    0.4735    0.6631   -0.5798
...    92 T-A ...
 -123.9366   26.7864   89.2779
   -0.1442    0.7522    0.6430
    0.8543   -0.2333    0.4646
    0.4994    0.6163   -0.6089
...    93 T-A ...
 -122.5467   28.8199   87.1288
    0.4198    0.4848    0.7673
    0.7559   -0.6547    0.0001
    0.5024    0.5800   -0.6413
...    94 C-G ...
 -120.9569   30.7479   84.9503
    0.7829   -0.0346    0.6211
    0.3285   -0.8249   -0.4600
    0.5283    0.5642   -0.6345
...    95 A-T ...
 -119.1469   32.3498   82.6071
    0.7654   -0.5756    0.2878
   -0.2004   -0.6382   -0.7433
    0.6115    0.5113   -0.6039
...    96 T-A ...
 -116.8943   34.2681   81.1817
    0.5387   -0.8331   -0.1255
   -0.5679   -0.2490   -0.7845
    0.6223    0.4939   -0.6073
...    97 G-C ...
 -114.8437   35.6556   78.8968
    0.0284   -0.8737   -0.4856
   -0.7499    0.3026   -0.5883
    0.6610    0.3809   -0.6466
...    98 T-A ...
 -112.2549   36.4265   76.9747
   -0.4083   -0.5872   -0.6989
   -0.6347    0.7329   -0.2450
    0.6561    0.3436   -0.6719
...    99 T-A ...
 -110.0179   37.2980   74.7795
   -0.7018   -0.0429   -0.7111
   -0.2647    0.9424    0.2044
    0.6614    0.3317   -0.6727
...   100 A-T ...
 -107.8155   38.7513   72.6327
   -0.6945    0.5870   -0.4161
    0.2660    0.7468    0.6095
    0.6685    0.3126   -0.6748
...   101 T-A ...
 -105.9371   39.3448   69.9588
   -0.4365    0.8985   -0.0468
    0.5914    0.3257    0.7376
    0.6780    0.2943   -0.6736
...   102 A-T ...
 -103.2099   40.1991   68.0589
    0.1084    0.8982    0.4259
    0.7171   -0.3674    0.5923
    0.6885    0.2412   -0.6839
...   103 A-T ...
 -101.1550   41.0912   65.6862
    0.5334    0.5083    0.6761
    0.4993   -0.8344    0.2334
    0.6828    0.2131   -0.6988
...   104 C-G ...
  -99.1346   42.3618   63.3542
    0.7038   -0.0333    0.7097
    0.1273   -0.9768   -0.1721
    0.6989    0.2114   -0.6832
...   105 G-C ...
  -96.7689   42.6167   60.9284
    0.5649   -0.6148    0.5504
   -0.2966   -0.7737   -0.5599
    0.7700    0.1530   -0.6194
...   106 G-C ...
  -94.0136   43.1697   59.0524
    0.2281   -0.9537    0.1959
   -0.5490   -0.2922   -0.7831
    0.8041    0.0711   -0.5903
...   107 A-T ...
  -91.3167   43.3161   57.1672
   -0.1825   -0.9388   -0.2921
   -0.5632    0.3433   -0.7516
    0.8059    0.0274   -0.5914
...   108 C-G ...
  -88.3989   42.9386   55.6121
   -0.4826   -0.6054   -0.6329
   -0.3607    0.7959   -0.4862
    0.7981   -0.0064   -0.6025
...   109 C-G ...
  -85.7840   42.5122   53.4842
   -0.6599   -0.0498   -0.7497
    0.0041    0.9975   -0.0699
    0.7513   -0.0492   -0.6581
...   110 G-C ...
  -83.3291   42.7295   51.1531
   -0.5988    0.5444   -0.5874
    0.4181    0.8381    0.3504
    0.6831   -0.0358   -0.7295
...   111 G-C ...
  -81.2488   42.4817   48.4696
   -0.3034    0.9237   -0.2338
    0.6977    0.3825    0.6057
    0.6490    0.0206   -0.7605
...   112 C-G ...
  -79.4238   42.5242   45.6586
    0.1201    0.9767    0.1779
    0.7512   -0.2065    0.6269
    0.6490    0.0584   -0.7585
...   113 T-A ...
  -77.4577   42.9367   42.9879
    0.4789    0.6956    0.5356
    0.5711   -0.7102    0.4117
    0.6667    0.1088   -0.7373
...   114 C-G ...
  -75.2685   43.3697   40.5554
    0.7050    0.1174    0.6994
    0.1666   -0.9860   -0.0024
    0.6893    0.1182   -0.7147
...   115 G-C ...
  -72.8478   43.3239   38.1734
    0.5922   -0.4876    0.6415
   -0.2491   -0.8679   -0.4297
    0.7663    0.0946   -0.6355
...   116 T-A ...
  -70.0524   44.0077   36.5083
    0.3393   -0.8826    0.3254
   -0.5235   -0.4646   -0.7142
    0.7815    0.0720   -0.6197
...   117 A-T ...
  -67.6738   44.1244   34.0783
   -0.0840   -0.9738   -0.2113
   -0.6105    0.2179   -0.7615
    0.7876    0.0650   -0.6128
...   118 T-A ...
  -64.7399   43.9953   32.5529
   -0.3838   -0.7152   -0.5841
   -0.4752    0.6954   -0.5392
    0.7918    0.0706   -0.6067
...   119 A-T ...
  -62.2104   44.6504   30.3589
   -0.5819   -0.0788   -0.8094
   -0.1093    0.9938   -0.0182
    0.8059    0.0779   -0.5869
...   120 A-T ...
  -59.5963   44.6336   28.4052
   -0.5123    0.5289   -0.6766
    0.2482    0.8454    0.4729
    0.8222    0.0743   -0.5644
...   121 T-A ...
  -57.1777   44.3975   26.1531
   -0.3001    0.8938   -0.3334
    0.4735    0.4429    0.7613
    0.8281    0.0706   -0.5561
...   122 G-C ...
  -54.3043   44.7938   24.4602
   -0.0384    0.9717    0.2329
    0.5716   -0.1698    0.8028
    0.8197    0.1639   -0.5489
...   123 T-A ...
  -51.9742   45.6159   22.2324
    0.2439    0.7198    0.6500
    0.5010   -0.6673    0.5510
    0.8304    0.1913   -0.5234
...   124 G-C ...
  -49.0270   46.1599   20.7085
    0.3965    0.1685    0.9025
    0.2897   -0.9558    0.0512
    0.8712    0.2411   -0.4277
...   125 T-A ...
  -46.2650   47.5376   19.5140
    0.4537   -0.3820    0.8051
    0.0426   -0.8931   -0.4477
    0.8901    0.2374   -0.3890
...   126 C-G ...
  -43.2632   48.2855   18.3919
    0.3577   -0.8515    0.3833
   -0.2149   -0.4746   -0.8536
    0.9088    0.2230   -0.3527
...   127 G-C ...
  -40.2369   48.6410   16.8857
    0.0890   -0.9831   -0.1602
   -0.3245    0.1235   -0.9378
    0.9417    0.1354   -0.3081
...   128 A-T ...
  -37.0793   48.9593   15.9236
   -0.1325   -0.6997   -0.7021
   -0.2942    0.7041   -0.6462
    0.9465    0.1209   -0.2991
...   129 C-G ...
  -33.8042   48.7608   15.1697
   -0.2731   -0.1981   -0.9414
   -0.1670    0.9735   -0.1564
    0.9474    0.1145   -0.2990
...   130 C-G ...
  -30.5895   48.8676   14.0446
   -0.3711    0.3865   -0.8443
    0.0256    0.9132    0.4068
    0.9282    0.1294   -0.3488
...   131 A-T ...
  -27.4394   49.4993   13.0795
   -0.3517    0.8449   -0.4030
    0.2414    0.4978    0.8330
    0.9044    0.1957   -0.3791
...   132 A-T ...
  -24.5717   50.0568   11.6489
   -0.1481    0.9752    0.1643
    0.3866   -0.0958    0.9173
    0.9103    0.1993   -0.3628
...   133 A-T ...
  -21.7077   50.7901   10.3145
    0.0785    0.7320    0.6767
    0.3980   -0.6454    0.6520
    0.9140    0.2182   -0.3420
...   134 T-A ...
  -19.0082   52.0401    8.9385
    0.2450    0.2904    0.9250
    0.3072   -0.9282    0.2101
    0.9196    0.2327   -0.3166
...   135 G-C ...
  -16.4568   53.8979    7.5291
    0.5336   -0.3334    0.7773
    0.0348   -0.9096   -0.4140
    0.8450    0.2479   -0.4738
...   136 T-A ...
  -14.1680   56.5696    6.1949
    0.5795   -0.7269    0.3684
   -0.3140   -0.6163   -0.7222
    0.7521    0.3028   -0.5854
...   137 G-C ...
  -11.6467   58.0145    4.7337
    0.2454   -0.9541   -0.1717
   -0.6318   -0.0231   -0.7748
    0.7352    0.2986   -0.6085
...   138 A-T ...
   -8.6697   58.7287    3.6171
   -0.0344   -0.7815   -0.6230
   -0.6534    0.4892   -0.5777
    0.7562    0.3872   -0.5274
...   139 G-C ...
   -6.3210   59.0878    1.6441
   -0.2967   -0.3277   -0.8970
   -0.5657    0.8170   -0.1114
    0.7694    0.4744   -0.4278
...   140 C-G ...
   -3.4295   60.2435    1.0436
   -0.4424    0.2288   -0.8671
   -0.1682    0.9286    0.3309
    0.8809    0.2922   -0.3723
...   141 G-C ...
   -0.6892   63.9061   -2.2355
   -0.9992    0.0156   -0.0375
   -0.0024    0.8991    0.4378
    0.0405    0.4375   -0.8983
...   142 C-G ...
   -0.9978   65.6135   -4.9248
   -0.8337    0.5217    0.1810
    0.5169    0.6220    0.5881
    0.1942    0.5839   -0.7882
...   143 T-A ...
   -0.1243   66.2248   -7.8041
   -0.3751    0.8568    0.3538
    0.8856    0.2185    0.4098
    0.2739    0.4670   -0.8408
...   144 C-G ...
   -0.1579   67.4195  -10.7921
    0.1799    0.8792    0.4411
    0.9276   -0.3009    0.2214
    0.3274    0.3694   -0.8697
...   145 A-T ...
    0.5354   69.2485  -13.4513
    0.7352    0.4961    0.4620
    0.6117   -0.7791   -0.1369
    0.2921    0.3832   -0.8763
...   146 C-G ...
    1.4422   72.1062  -15.5858
    0.9808    0.0622    0.1849
    0.1266   -0.9240   -0.3608
    0.1484    0.3773   -0.9141
...   147 A-T ...
    2.3152   74.2408  -18.3713
    0.8657   -0.4292   -0.2574
   -0.4984   -0.7868   -0.3642
   -0.0462    0.4436   -0.8950
