  147 base-pairs
...     1 A-T ...
    0.0000    0.0000    0.0000
    1.0000    0.0000    0.0000
    0.0000    1.0000    0.0000
    0.0000    0.0000    1.0000
...     2 G-C ...
   -0.1394   -1.2357    3.2268
    0.7529    0.6366    0.1670
   -0.6386    0.7680   -0.0486
   -0.1592   -0.0700    0.9848
...     3 T-A ...
   -0.0365   -3.2932    6.3751
    0.2722    0.9301    0.2466
   -0.9238    0.3243   -0.2033
   -0.2691   -0.1725    0.9475
...     4 G-C ...
   -0.3505   -4.1660    9.4928
   -0.3756    0.9250    0.0579
   -0.8781   -0.3352   -0.3415
   -0.2965   -0.1791    0.9381
...     5 A-T ...
   -0.4462   -4.1476   12.7498
   -0.8116    0.5840   -0.0165
   -0.5523   -0.7762   -0.3042
   -0.1905   -0.2378    0.9524
...     6 G-C ...
   -1.5908   -4.1730   15.6201
   -0.9976    0.0246   -0.0651
   -0.0043   -0.9555   -0.2950
   -0.0695   -0.2940    0.9533
...     7 C-G ...
   -1.1030   -4.4824   18.7362
   -0.8441   -0.5304   -0.0787
    0.5345   -0.8441   -0.0432
   -0.0435   -0.0785    0.9960
...     8 G-C ...
   -2.4028   -7.7290   23.1475
   -0.2754   -0.3293   -0.9032
    0.6650   -0.7437    0.0684
   -0.6942   -0.5818    0.4238
...     9 C-G ...
   -4.4690   -9.9728   24.1132
    0.1145   -0.7025   -0.7024
    0.8512   -0.2952    0.4340
   -0.5122   -0.6476    0.5642
...    10 T-A ...
   -6.7405  -10.8752   25.9697
    0.4841   -0.8363   -0.2574
    0.6595    0.1553    0.7355
   -0.5751   -0.5258    0.6267
...    11 C-G ...
   -9.1656  -12.6208   27.1640
    0.7073   -0.6682    0.2307
    0.3448    0.6110    0.7126
   -0.6171   -0.4245    0.6626
...    12 A-T ...
  -10.9234  -14.6633   29.0693
    0.7515   -0.1377    0.6452
   -0.2029    0.8824    0.4246
   -0.6277   -0.4500    0.6352
...    13 C-G ...
  -11.8476  -17.4863   31.2451
    0.4295    0.2823    0.8578
   -0.5708    0.8209    0.0156
   -0.6998   -0.4963    0.5137
...    14 A-T ...
  -13.5897  -19.7827   33.4259
   -0.1504    0.6104    0.7777
   -0.6874    0.5008   -0.5260
   -0.7106   -0.6136    0.3443
...    15 A-T ...
  -15.7343  -21.8836   34.6938
   -0.5408    0.7775    0.3211
   -0.4538    0.0518   -0.8896
   -0.7083   -0.6268    0.3248
...    16 T-A ...
  -17.8188  -23.8194   36.3679
   -0.6971    0.6915   -0.1895
   -0.1013   -0.3566   -0.9288
   -0.7098   -0.6283    0.3186
...    17 T-A ...
  -20.1328  -25.7503   37.5827
   -0.6186    0.3555   -0.7007
    0.3302   -0.6916   -0.6424
   -0.7130   -0.6287    0.3104
...    18 T-A ...
  -22.5581  -27.6196   38.6663
   -0.3012   -0.1108   -0.9471
    0.6286   -0.7700   -0.1098
   -0.7171   -0.6284    0.3016
...    19 A-T ...
  -24.7723  -29.9861   39.6351
    0.1884   -0.5511   -0.8129
    0.6634   -0.5389    0.5191
   -0.7242   -0.6371    0.2640
...    20 T-A ...
  -27.5082  -31.8061   39.9767
    0.5050   -0.7522   -0.4233
    0.4650   -0.1761    0.8676
   -0.7272   -0.6350    0.2608
...    21 T-A ...
  -29.9628  -33.8687   40.5623
    0.6684   -0.7227    0.1759
    0.0766    0.3021    0.9502
   -0.7398   -0.6216    0.2573
...    22 C-G ...
  -32.3494  -36.0243   41.3383
    0.5871   -0.3800    0.7148
   -0.3529    0.6746    0.6484
   -0.7286   -0.6329    0.2619
...    23 G-C ...
  -34.9597  -37.8686   42.4627
    0.3336    0.1411    0.9321
   -0.6427    0.7573    0.1154
   -0.6896   -0.6376    0.3434
...    24 C-G ...
  -36.9483  -40.2792   43.6594
   -0.0582    0.5686    0.8206
   -0.7197    0.5457   -0.4292
   -0.6918   -0.6155    0.3775
...    25 A-T ...
  -39.4531  -42.2247   44.7637
   -0.4053    0.8361    0.3698
   -0.5585    0.0938   -0.8242
   -0.7238   -0.5405    0.4289
...    26 A-T ...
  -41.7154  -43.9298   46.3518
   -0.6487    0.7381   -0.1854
   -0.2163   -0.4123   -0.8850
   -0.7297   -0.5340    0.4271
...    27 A-T ...
  -44.1023  -45.4995   47.8946
   -0.6462    0.3632   -0.6712
    0.1988   -0.7690   -0.6075
   -0.7369   -0.5260    0.4247
...    28 G-C ...
  -46.7243  -46.9713   49.3264
   -0.3842   -0.0843   -0.9194
    0.5030   -0.8541   -0.1319
   -0.7742   -0.5132    0.3705
...    29 G-C ...
  -49.5699  -48.5317   50.3051
    0.0222   -0.5132   -0.8580
    0.6022   -0.6782    0.4213
   -0.7981   -0.5260    0.2940
...    30 C-G ...
  -52.4458  -50.1449   50.8933
    0.3819   -0.7909   -0.4782
    0.4685   -0.2803    0.8378
   -0.7966   -0.5440    0.2635
...    31 C-G ...
  -55.1593  -52.1167   51.4551
    0.6273   -0.7760    0.0657
    0.1506    0.2037    0.9674
   -0.7641   -0.5969    0.2447
...    32 G-C ...
  -57.6884  -54.0123   52.6737
    0.6605   -0.4572    0.5955
   -0.2542    0.6102    0.7504
   -0.7065   -0.6470    0.2868
...    33 G-C ...
  -59.9608  -56.4054   53.4920
    0.4567    0.0169    0.8895
   -0.5836    0.7603    0.2852
   -0.6715   -0.6493    0.3571
...    34 C-G ...
  -61.8914  -58.8728   54.6465
    0.0872    0.4724    0.8771
   -0.7379    0.6221   -0.2617
   -0.6692   -0.6244    0.4028
...    35 C-G ...
  -63.9367  -61.0806   56.1990
   -0.2691    0.7977    0.5397
   -0.6727    0.2454   -0.6981
   -0.6893   -0.5509    0.4705
...    36 C-G ...
  -66.1478  -62.8181   58.0687
   -0.5250    0.8510    0.0122
   -0.4311   -0.2536   -0.8659
   -0.7338   -0.4599    0.5000
...    37 G-C ...
  -68.8825  -64.3185   59.3878
   -0.5833    0.6034   -0.5437
   -0.0985   -0.7170   -0.6901
   -0.8062   -0.3490    0.4777
...    38 A-T ...
  -71.6283  -65.3250   60.9099
   -0.4999    0.0578   -0.8642
    0.2493   -0.9459   -0.2075
   -0.8295   -0.3191    0.4584
...    39 C-G ...
  -74.6328  -65.7720   62.3013
   -0.2733   -0.4596   -0.8451
    0.4606   -0.8338    0.3045
   -0.8445   -0.3060    0.4395
...    40 A-T ...
  -77.3111  -67.0772   63.8295
    0.1028   -0.8520   -0.5133
    0.5048   -0.4000    0.7650
   -0.8571   -0.3377    0.3890
...    41 C-G ...
  -80.4300  -68.1313   64.5288
    0.3624   -0.9320   -0.0113
    0.3630    0.1299    0.9227
   -0.8584   -0.3385    0.3854
...    42 G-C ...
  -83.1935  -69.1062   66.2246
    0.5690   -0.6506    0.5030
    0.0816    0.6533    0.7527
   -0.8183   -0.3872    0.4248
...    43 A-T ...
  -85.9453  -70.4027   67.5095
    0.5236   -0.1115    0.8447
   -0.2655    0.9207    0.2861
   -0.8096   -0.3741    0.4524
...    44 C-G ...
  -88.3498  -72.1921   68.9395
    0.3307    0.4153    0.8475
   -0.5016    0.8380   -0.2149
   -0.7994   -0.3540    0.4854
...    45 T-A ...
  -90.8000  -73.5065   70.7609
    0.0776    0.8307    0.5513
   -0.6121    0.4762   -0.6313
   -0.7869   -0.2885    0.5454
...    46 T-A ...
  -93.2275  -74.4451   72.6830
   -0.2545    0.9648    0.0657
   -0.5538   -0.0897   -0.8278
   -0.7928   -0.2470    0.5571
...    47 A-T ...
  -96.0024  -75.1168   74.4410
   -0.4563    0.7381   -0.4969
   -0.3309   -0.6592   -0.6753
   -0.8260   -0.1437    0.5451
...    48 C-G ...
  -98.6095  -74.9661   76.4859
   -0.5366    0.2726   -0.7986
   -0.0632   -0.9567   -0.2841
   -0.8415   -0.1020    0.5306
...    49 T-A ...
 -101.5272  -74.9423   78.0992
   -0.4504   -0.2973   -0.8419
    0.1981   -0.9527    0.2304
   -0.8706   -0.0630    0.4880
...    50 G-C ...
 -104.3996  -75.5633   79.7119
   -0.2058   -0.8145   -0.5424
    0.3953   -0.5763    0.7153
   -0.8952   -0.0672    0.4406
...    51 T-A ...
 -107.6508  -75.6006   80.6228
    0.0377   -0.9978   -0.0540
    0.4456   -0.0316    0.8947
   -0.8944   -0.0578    0.4435
...    52 A-T ...
 -110.4178  -75.3613   82.6848
    0.2570   -0.7463    0.6140
    0.3442    0.6644    0.6634
   -0.9030    0.0408    0.4276
...    53 T-A ...
 -113.5445  -75.7634   83.7216
    0.3880   -0.2838    0.8769
    0.1754    0.9568    0.2321
   -0.9048    0.0637    0.4210
...    54 C-G ...
 -116.5795  -75.6031   85.0317
    0.4560    0.3527    0.8171
   -0.0776    0.9304   -0.3583
   -0.8866    0.1000    0.4516
...    55 A-T ...
 -119.5926  -75.0884   86.4541
    0.4432    0.8074    0.3896
   -0.3405    0.5536   -0.7600
   -0.8292    0.2041    0.5203
...    56 T-A ...
 -121.9435  -74.6031   88.6715
    0.2400    0.9680   -0.0736
   -0.5253    0.0657   -0.8484
   -0.8164    0.2423    0.5242
...    57 G-C ...
 -124.7330  -73.4897   90.1997
    0.0020    0.7857   -0.6186
   -0.6157   -0.4865   -0.6199
   -0.7880    0.3820    0.4828
...    58 T-A ...
 -126.9218  -71.7090   91.9104
   -0.2973    0.3835   -0.8744
   -0.5463   -0.8194   -0.1736
   -0.7831    0.4260    0.4531
...    59 T-A ...
 -129.3500  -70.0701   93.3268
   -0.5791   -0.1671   -0.7980
   -0.2819   -0.8774    0.3883
   -0.7650    0.4498    0.4610
...    60 A-T ...
 -131.9571  -69.0442   95.3616
   -0.6865   -0.6760   -0.2678
    0.1952   -0.5261    0.8277
   -0.7004    0.5159    0.4932
...    61 T-A ...
 -134.4743  -67.0850   96.3523
   -0.5108   -0.8261    0.2379
    0.5368   -0.0904    0.8389
   -0.6715    0.5562    0.4896
...    62 A-T ...
 -136.0718  -64.7975   98.4434
   -0.0655   -0.5796    0.8123
    0.7842    0.4734    0.4011
   -0.6170    0.6633    0.4235
...    63 A-T ...
 -138.2857  -62.7461   99.6919
    0.3959   -0.1572    0.9048
    0.6923    0.6984   -0.1816
   -0.6033    0.6983    0.3853
...    64 C-G ...
 -140.6148  -60.8818  101.1552
    0.7308    0.2193    0.6464
    0.3777    0.6589   -0.6506
   -0.5686    0.7196    0.3987
...    65 G-C ...
 -142.4800  -58.2285  102.1599
    0.8991    0.4268    0.0968
   -0.0970    0.4100   -0.9069
   -0.4268    0.8060    0.4101
...    66 G-C ...
 -143.6884  -55.5285  103.7651
    0.7488    0.4681   -0.4692
   -0.5829    0.1281   -0.8024
   -0.3155    0.8744    0.3687
...    67 A-T ...
 -144.5413  -52.5789  104.8876
    0.2823    0.3844   -0.8789
   -0.9239   -0.1378   -0.3570
   -0.2584    0.9128    0.3162
...    68 G-C ...
 -145.0461  -49.4173  105.7678
   -0.2425    0.1718   -0.9548
   -0.9432   -0.2722    0.1906
   -0.2271    0.9468    0.2280
...    69 G-C ...
 -145.6970  -46.0799  105.9410
   -0.7158   -0.0745   -0.6944
   -0.6616   -0.2459    0.7084
   -0.2235    0.9664    0.1267
...    70 T-A ...
 -146.2206  -42.7702  105.7229
   -0.9628   -0.1930   -0.1894
   -0.1639   -0.1403    0.9764
   -0.2150    0.9711    0.1035
...    71 A-T ...
 -146.5863  -39.4779  106.8535
   -0.8175   -0.0998    0.5672
    0.5701   -0.0013    0.8216
   -0.0813    0.9950    0.0580
...    72 T-A ...
 -147.3301  -36.2363  106.5270
   -0.3895   -0.0381    0.9203
    0.9199    0.0333    0.3907
   -0.0455    0.9987    0.0220
...    73 C-G ...
 -147.5270  -32.9152  106.4448
    0.2644   -0.0107    0.9644
    0.9643    0.0157   -0.2642
   -0.0123    0.9998    0.0144
...    74 T-A ...
 -147.7532  -29.5885  106.6460
    0.7520   -0.0610    0.6564
    0.6574   -0.0031   -0.7535
    0.0480    0.9981    0.0377
...    75 C-G ...
 -147.6619  -26.2985  106.7613
    0.9908   -0.1157    0.0702
    0.0727    0.0173   -0.9972
    0.1141    0.9931    0.0255
...    76 G-C ...
 -147.1941  -22.9589  106.4689
    0.8277   -0.2571   -0.4987
   -0.4906    0.0997   -0.8656
    0.2723    0.9612   -0.0437
...    77 A-T ...
 -146.1329  -19.8742  106.2510
    0.3552   -0.2220   -0.9081
   -0.8748    0.2635   -0.4066
    0.3296    0.9388   -0.1006
...    78 G-C ...
 -144.6926  -16.9239  105.7546
   -0.2033   -0.1261   -0.9710
   -0.9112    0.3874    0.1405
    0.3584    0.9133   -0.1936
...    79 C-G ...
 -143.2219  -14.1406  104.6328
   -0.6923    0.0782   -0.7173
   -0.6215    0.4404    0.6479
    0.3666    0.8944   -0.2563
...    80 T-A ...
 -141.9818  -11.3030  103.3659
   -0.9304    0.2862   -0.2289
   -0.1127    0.3711    0.9217
    0.3488    0.8834   -0.3130
...    81 C-G ...
 -140.9337   -8.3788  102.1917
   -0.7938    0.4716    0.3841
    0.4922    0.1272    0.8611
    0.3573    0.8726   -0.3331
...    82 G-C ...
 -139.3832   -5.4613  101.4288
   -0.3537    0.4199    0.8358
    0.8715   -0.1766    0.4575
    0.3397    0.8902   -0.3035
...    83 G-C ...
 -138.3812   -2.4448  100.2153
    0.1926    0.1951    0.9617
    0.9091   -0.4045   -0.1000
    0.3695    0.8935   -0.2553
...    84 G-C ...
 -137.3317    0.6362   99.2562
    0.6420   -0.1395    0.7539
    0.6289   -0.4666   -0.6219
    0.4385    0.8734   -0.2119
...    85 A-T ...
 -135.9673    3.5322   98.5306
    0.8650   -0.4388    0.2433
    0.1119   -0.3041   -0.9461
    0.4891    0.8456   -0.2139
...    86 T-A ...
 -134.2792    6.3350   98.4722
    0.7842   -0.5603   -0.2666
   -0.3455   -0.0376   -0.9376
    0.5153    0.8274   -0.2231
...    87 C-G ...
 -132.4510    8.9427   97.7217
    0.3902   -0.5291   -0.7535
   -0.7292    0.3221   -0.6038
    0.5622    0.7850   -0.2601
...    88 C-G ...
 -130.2247   11.2524   96.6571
   -0.1373   -0.3383   -0.9309
   -0.7889    0.6057   -0.1038
    0.5990    0.7202   -0.3501
...    89 G-C ...
 -128.5564   13.7706   95.1101
   -0.6259    0.0008   -0.7799
   -0.5150    0.7506    0.4140
    0.5858    0.6607   -0.4694
...    90 C-G ...
 -126.6189   15.6537   93.1199
   -0.8215    0.4096   -0.3967
   -0.0483    0.6432    0.7641
    0.5682    0.6469   -0.5086
...    91 T-A ...
 -124.8784   17.6808   91.0927
   -0.7201    0.6852    0.1093
    0.4369    0.3254    0.8386
    0.5390    0.6516   -0.5337
...    92 T-A ...
 -123.2480   19.6824   89.0823
   -0.2818    0.7769    0.5631
    0.7737   -0.1630    0.6122
    0.5674    0.6082   -0.5551
...    93 T-A ...
 -121.6149   21.6775   87.0732
    0.2636    0.5475    0.7942
    0.7745   -0.6109    0.1642
    0.5751    0.5718   -0.5851
...    94 A-T ...
 -119.3613   23.0856   84.9050
    0.7238    0.0129    0.6899
    0.3843   -0.8379   -0.3876
    0.5731    0.5457   -0.6114
...    95 A-T ...
 -117.5394   25.0153   83.0272
    0.8080   -0.4878    0.3306
   -0.1252   -0.6903   -0.7126
    0.5758    0.5344   -0.6188
...    96 C-G ...
 -115.4204   27.0485   81.4951
    0.5862   -0.8060   -0.0816
   -0.5384   -0.3123   -0.7827
    0.6054    0.5027   -0.6171
...    97 A-T ...
 -113.4803   28.5777   79.2058
    0.0860   -0.8862   -0.4552
   -0.7573    0.2388   -0.6079
    0.6474    0.3970   -0.6506
...    98 C-G ...
 -110.8912   29.4746   77.3268
   -0.3618   -0.6298   -0.6874
   -0.6686    0.6891   -0.2795
    0.6497    0.3585   -0.6704
...    99 T-A ...
 -108.6449   30.2845   74.9893
   -0.7075   -0.1627   -0.6877
   -0.3302    0.9365    0.1182
    0.6248    0.3107   -0.7163
...   100 T-A ...
 -106.5766   31.0303   72.5820
   -0.7524    0.4321   -0.4972
    0.1583    0.8513    0.5003
    0.6394    0.2977   -0.7089
...   101 T-A ...
 -104.5681   31.7645   70.1145
   -0.4874    0.8645   -0.1230
    0.5746    0.4236    0.7003
    0.6575    0.2706   -0.7032
...   102 A-T ...
 -101.9112   32.6192   68.1160
    0.0567    0.9364    0.3462
    0.7412   -0.2718    0.6138
    0.6689    0.2218   -0.7094
...   103 T-A ...
 -100.2270   33.6473   65.4498
    0.4491    0.6557    0.6069
    0.5944   -0.7264    0.3450
    0.6671    0.2058   -0.7160
...   104 G-C ...
  -97.7951   34.0758   63.1714
    0.6624    0.0712    0.7458
    0.2139   -0.9720   -0.0973
    0.7180    0.2240   -0.6591
...   105 C-G ...
  -95.4192   35.2092   61.1141
    0.6337   -0.4998    0.5904
   -0.1972   -0.8424   -0.5015
    0.7480    0.2014   -0.6324
...   106 T-A ...
  -92.7547   35.9689   59.2614
    0.3684   -0.8931    0.2582
   -0.4991   -0.4243   -0.7556
    0.7843    0.1495   -0.6021
...   107 T-A ...
  -90.0829   36.4662   57.4817
   -0.0028   -0.9735   -0.2285
   -0.6183    0.1813   -0.7648
    0.7860    0.1391   -0.6024
...   108 C-G ...
  -87.4636   36.7594   55.5012
   -0.4027   -0.6686   -0.6252
   -0.4742    0.7366   -0.4822
    0.7829    0.1022   -0.6137
...   109 C-G ...
  -84.8482   36.7068   53.3338
   -0.6560   -0.1400   -0.7417
   -0.1332    0.9887   -0.0688
    0.7429    0.0536   -0.6672
...   110 G-C ...
  -82.4699   37.2723   50.9765
   -0.6717    0.4605   -0.5803
    0.3056    0.8858    0.3492
    0.6748    0.0572   -0.7358
...   111 G-C ...
  -80.3949   37.3196   48.2779
   -0.4233    0.8770   -0.2276
    0.6467    0.4684    0.6021
    0.6346    0.1077   -0.7653
...   112 C-G ...
  -78.6097   37.6113   45.4529
   -0.0047    0.9833    0.1819
    0.7761   -0.1111    0.6207
    0.6305    0.1441   -0.7627
...   113 T-A ...
  -76.7280   38.2843   42.7711
    0.3917    0.7475    0.5365
    0.6583   -0.6351    0.4041
    0.6428    0.1949   -0.7408
...   114 C-G ...
  -74.6283   38.9962   40.3226
    0.6897    0.1994    0.6961
    0.2863   -0.9581   -0.0093
    0.6651    0.2057   -0.7179
...   115 G-C ...
  -72.2398   39.2672   37.9198
    0.6494   -0.4163    0.6364
   -0.1456   -0.8894   -0.4333
    0.7464    0.1887   -0.6382
...   116 T-A ...
  -69.5553   40.2897   36.2471
    0.4419   -0.8382    0.3196
   -0.4681   -0.5193   -0.7150
    0.7653    0.1663   -0.6219
...   117 A-T ...
  -67.2099   40.6960   33.8156
    0.0262   -0.9766   -0.2135
   -0.6329    0.1491   -0.7597
    0.7738    0.1551   -0.6142
...   118 T-A ...
  -64.2848   40.9033   32.2843
   -0.3032   -0.7522   -0.5851
   -0.5506    0.6394   -0.5367
    0.7778    0.1594   -0.6080
...   119 A-T ...
  -61.8582   41.8707   30.0782
   -0.5686   -0.1347   -0.8115
   -0.2146    0.9766   -0.0117
    0.7941    0.1675   -0.5842
...   120 A-T ...
  -59.2517   42.1460   28.1317
   -0.5605    0.4794   -0.6753
    0.1580    0.8623    0.4811
    0.8130    0.1629   -0.5590
...   121 T-A ...
  -56.8079   42.1763   25.8902
   -0.3838    0.8631   -0.3283
    0.4226    0.4803    0.7686
    0.8210    0.1563   -0.5491
...   122 G-C ...
  -53.9607   42.8617   24.2466
   -0.1259    0.9624    0.2407
    0.5785   -0.1259    0.8059
    0.8059    0.2407   -0.5409
...   123 T-A ...
  -51.6907   43.9053   22.0410
    0.1785    0.7317    0.6578
    0.5513   -0.6281    0.5491
    0.8150    0.2646   -0.5155
...   124 G-C ...
  -48.7906   44.6940   20.5319
    0.3765    0.1915    0.9064
    0.3631   -0.9306    0.0457
    0.8523    0.3119   -0.4199
...   125 T-A ...
  -46.1375   46.2924   19.3628
    0.4755   -0.3534    0.8056
    0.1121   -0.8840   -0.4539
    0.8726    0.3061   -0.3807
...   126 C-G ...
  -43.1984   47.2740   18.2577
    0.4128   -0.8269    0.3820
   -0.1747   -0.4835   -0.8578
    0.8939    0.2873   -0.3440
...   127 G-C ...
  -40.1852   47.8480   16.7924
    0.1502   -0.9757   -0.1598
   -0.3234    0.1042   -0.9405
    0.9343    0.1929   -0.2999
...   128 A-T ...
  -37.0466   48.3434   15.8504
   -0.0881   -0.7074   -0.7013
   -0.3272    0.6855   -0.6504
    0.9408    0.1722   -0.2919
...   129 C-G ...
  -33.7630   48.3159   15.1210
   -0.2559   -0.2149   -0.9425
   -0.2148    0.9632   -0.1614
    0.9425    0.1611   -0.2927
...   130 C-G ...
  -30.5648   48.5876   13.9824
   -0.3807    0.3673   -0.8486
   -0.0159    0.9150    0.4031
    0.9245    0.1670   -0.3425
...   131 A-T ...
  -27.4408   49.3728   13.0464
   -0.3745    0.8326   -0.4080
    0.2181    0.5068    0.8340
    0.9012    0.2234   -0.3714
...   132 A-T ...
  -24.5753   50.0060   11.6335
   -0.1678    0.9724    0.1619
    0.3799   -0.0878    0.9208
    0.9097    0.2160   -0.3547
...   133 A-T ...
  -21.7111   50.7791   10.3113
    0.0712    0.7329    0.6766
    0.3989   -0.6427    0.6541
    0.9142    0.2233   -0.3381
...   134 T-A ...
  -19.0084   52.0403    8.9385
    0.2450    0.2904    0.9250
    0.3072   -0.9282    0.2101
    0.9196    0.2327   -0.3167
...   135 G-C ...
  -16.4570   53.8981    7.5292
    0.5336   -0.3334    0.7773
    0.0348   -0.9096   -0.4140
    0.8450    0.2479   -0.4738
...   136 T-A ...
  -14.1681   56.5698    6.1950
    0.5795   -0.7269    0.3684
   -0.3140   -0.6163   -0.7222
    0.7521    0.3028   -0.5854
...   137 G-C ...
  -11.6469   58.0147    4.7338
    0.2454   -0.9541   -0.1717
   -0.6318   -0.0231   -0.7748
    0.7352    0.2986   -0.6085
...   138 A-T ...
   -8.6698   58.7290    3.6171
   -0.0344   -0.7815   -0.6230
   -0.6534    0.4892   -0.5777
    0.7562    0.3872   -0.5274
...   139 G-C ...
   -6.3212   59.0880    1.6442
   -0.2967   -0.3277   -0.8970
   -0.5657    0.8170   -0.1114
    0.7694    0.4744   -0.4278
...   140 C-G ...
   -3.4297   60.2438    1.0436
   -0.4424    0.2288   -0.8671
   -0.1682    0.9286    0.3309
    0.8809    0.2922   -0.3723
...   141 G-C ...
   -0.6894   63.9063   -2.2355
   -0.9992    0.0156   -0.0375
   -0.0024    0.8991    0.4378
    0.0405    0.4375   -0.8983
...   142 C-G ...
   -0.9980   65.6138   -4.9248
   -0.8337    0.5217    0.1810
    0.5169    0.6220    0.5881
    0.1942    0.5839   -0.7882
...   143 T-A ...
   -0.1245   66.2251   -7.8040
   -0.3751    0.8568    0.3538
    0.8856    0.2185    0.4098
    0.2739    0.4670   -0.8408
...   144 C-G ...
   -0.1581   67.4198  -10.7920
    0.1799    0.8792    0.4411
    0.9276   -0.3009    0.2214
    0.3274    0.3694   -0.8697
...   145 A-T ...
    0.5352   69.2488  -13.4512
    0.7352    0.4961    0.4620
    0.6117   -0.7791   -0.1369
    0.2921    0.3832   -0.8763
...   146 C-G ...
    1.4420   72.1065  -15.5857
    0.9808    0.0622    0.1849
    0.1266   -0.9240   -0.3608
    0.1484    0.3773   -0.9141
...   147 A-T ...
    2.3150   74.2411  -18.3713
    0.8657   -0.4292   -0.2574
   -0.4984   -0.7868   -0.3642
   -0.0462    0.4436   -0.8950
