  147 base-pairs
...     1 A-T ...
    0.0000    0.0000    0.0000
    1.0000    0.0000    0.0000
    0.0000    1.0000    0.0000
    0.0000    0.0000    1.0000
...     2 G-C ...
   -0.1394   -1.2357    3.2268
    0.7529    0.6366    0.1670
   -0.6386    0.7680   -0.0486
   -0.1592   -0.0700    0.9848
...     3 T-A ...
   -0.0365   -3.2932    6.3751
    0.2722    0.9301    0.2466
   -0.9238    0.3243   -0.2033
   -0.2691   -0.1725    0.9475
...     4 G-C ...
   -0.3505   -4.1660    9.4928
   -0.3756    0.9250    0.0579
   -0.8781   -0.3352   -0.3415
   -0.2965   -0.1791    0.9381
...     5 A-T ...
   -0.4462   -4.1476   12.7498
   -0.8116    0.5840   -0.0165
   -0.5523   -0.7762   -0.3042
   -0.1905   -0.2378    0.9524
...     6 G-C ...
   -1.5908   -4.1730   15.6201
   -0.9976    0.0246   -0.0651
   -0.0043   -0.9555   -0.2950
   -0.0695   -0.2940    0.9533
...     7 C-G ...
   -1.1030   -4.4824   18.7362
   -0.8441   -0.5304   -0.0787
    0.5345   -0.8441   -0.0432
   -0.0435   -0.0785    0.9960
...     8 G-C ...
   -2.4028   -7.7290   23.1475
   -0.2754   -0.3293   -0.9032
    0.6650   -0.7437    0.0684
   -0.6942   -0.5818    0.4238
...     9 C-G ...
   -4.4690   -9.9728   24.1132
    0.1145   -0.7025   -0.7024
    0.8512   -0.2952    0.4340
   -0.5122   -0.6476    0.5642
...    10 T-A ...
   -6.7405  -10.8752   25.9697
    0.4841   -0.8363   -0.2574
    0.6595    0.1553    0.7355
   -0.5751   -0.5258    0.6267
...    11 C-G ...
   -9.1656  -12.6208   27.1640
    0.7073   -0.6682    0.2307
    0.3448    0.6110    0.7126
   -0.6171   -0.4245    0.6626
...    12 A-T ...
  -10.9234  -14.6633   29.0693
    0.7515   -0.1377    0.6452
   -0.2029    0.8824    0.4246
   -0.6277   -0.4500    0.6352
...    13 C-G ...
  -11.8476  -17.4863   31.2451
    0.4295    0.2823    0.8578
   -0.5708    0.8209    0.0156
   -0.6998   -0.4963    0.5137
...    14 A-T ...
  -13.5897  -19.7827   33.4259
   -0.1504    0.6104    0.7777
   -0.6874    0.5008   -0.5260
   -0.7106   -0.6136    0.3443
...    15 A-T ...
  -15.8269  -21.8324   34.5898
   -0.5346    0.7892    0.3023
   -0.4492    0.0376   -0.8926
   -0.7158   -0.6130    0.3345
...    16 T-A ...
  -17.9428  -23.8040   36.3795
   -0.7247    0.6487   -0.2325
   -0.0612   -0.3966   -0.9159
   -0.6863   -0.6495    0.3271
...    17 T-A ...
  -20.1902  -25.7592   37.7686
   -0.6417    0.2535   -0.7238
    0.4005   -0.6942   -0.5981
   -0.6541   -0.6737    0.3440
...    18 T-A ...
  -22.4371  -27.8366   38.9458
   -0.2771   -0.1992   -0.9400
    0.7035   -0.7084   -0.0573
   -0.6545   -0.6771    0.3364
...    19 A-T ...
  -24.3902  -30.4158   40.1748
    0.2590   -0.6317   -0.7307
    0.7103   -0.3880    0.5873
   -0.6544   -0.6711    0.3482
...    20 T-A ...
  -26.9580  -32.4456   40.8120
    0.5909   -0.7547   -0.2849
    0.4611    0.0262    0.8870
   -0.6620   -0.6555    0.3635
...    21 T-A ...
  -29.1797  -34.6418   41.7410
    0.7272   -0.6044    0.3253
   -0.0012    0.4728    0.8812
   -0.6864   -0.6412    0.3431
...    22 C-G ...
  -31.4085  -36.7899   42.9070
    0.5890   -0.1776    0.7884
   -0.4549    0.7334    0.5051
   -0.6679   -0.6562    0.3512
...    23 G-C ...
  -33.9295  -38.5327   44.3821
    0.3256    0.3629    0.8731
   -0.7260    0.6876   -0.0151
   -0.6058   -0.6289    0.4873
...    24 C-G ...
  -35.6149  -40.8574   46.0073
   -0.0742    0.7087    0.7016
   -0.7841    0.3932   -0.4802
   -0.6162   -0.5857    0.5265
...    25 A-T ...
  -38.0760  -42.7755   47.2820
   -0.4927    0.8402    0.2265
   -0.5768   -0.1205   -0.8080
   -0.6516   -0.5287    0.5440
...    26 A-T ...
  -40.2057  -44.4209   49.1619
   -0.7286    0.6139   -0.3038
   -0.1799   -0.5994   -0.7799
   -0.6609   -0.5136    0.5472
...    27 A-T ...
  -42.3159  -45.8836   51.1813
   -0.6997    0.1308   -0.7023
    0.2935   -0.8436   -0.4496
   -0.6513   -0.5207    0.5519
...    28 G-C ...
  -44.7869  -47.2614   53.0544
   -0.3875   -0.3335   -0.8594
    0.6165   -0.7869    0.0274
   -0.6854   -0.5192    0.5105
...    29 G-C ...
  -47.3876  -48.9549   54.5750
    0.0920   -0.7151   -0.6930
    0.7092   -0.4414    0.5497
   -0.6990   -0.5420    0.4665
...    30 C-G ...
  -49.8600  -50.8044   55.7572
    0.5066   -0.8220   -0.2601
    0.5090    0.0416    0.8598
   -0.6959   -0.5680    0.4395
...    31 C-G ...
  -52.3893  -52.6708   57.0385
    0.7406   -0.6198    0.2597
    0.1206    0.5028    0.8560
   -0.6611   -0.6026    0.4471
...    32 G-C ...
  -54.4512  -54.3061   58.7235
    0.7454   -0.1932    0.6380
   -0.3021    0.7553    0.5816
   -0.5943   -0.6263    0.5046
...    33 G-C ...
  -56.2243  -56.5655   60.4909
    0.4794    0.3217    0.8165
   -0.6738    0.7310    0.1076
   -0.5623   -0.6018    0.5672
...    34 C-G ...
  -57.8150  -58.8281   62.3099
    0.0475    0.7206    0.6917
   -0.8220    0.4216   -0.3828
   -0.5675   -0.5504    0.6124
...    35 C-G ...
  -59.4892  -60.5115   64.7640
   -0.3669    0.8839    0.2901
   -0.7152   -0.0687   -0.6955
   -0.5949   -0.4627    0.6573
...    36 C-G ...
  -61.4482  -61.8227   67.1737
   -0.6718    0.7091   -0.2141
   -0.4063   -0.5944   -0.6939
   -0.6194   -0.3792    0.6875
...    37 G-C ...
  -63.6495  -63.7643   68.9375
   -0.7354    0.2657   -0.6234
    0.0355   -0.9036   -0.4270
   -0.6767   -0.3362    0.6550
...    38 A-T ...
  -65.8752  -64.7736   71.0193
   -0.5676   -0.3368   -0.7513
    0.4638   -0.8847    0.0462
   -0.6802   -0.3223    0.6583
...    39 C-G ...
  -68.4592  -65.5042   72.8213
   -0.2128   -0.7545   -0.6208
    0.6767   -0.5721    0.4634
   -0.7048   -0.3215    0.6324
...    40 A-T ...
  -70.8410  -66.8038   74.8777
    0.2711   -0.9407   -0.2038
    0.6577    0.0264    0.7528
   -0.7028   -0.3381    0.6259
...    41 C-G ...
  -73.3770  -68.2588   76.5613
    0.5846   -0.7770    0.2333
    0.4059    0.5291    0.7452
   -0.7025   -0.3410    0.6247
...    42 G-C ...
  -75.6021  -68.9237   78.9337
    0.7370   -0.2741    0.6179
   -0.0187    0.9055    0.4240
   -0.6757   -0.3240    0.6622
...    43 A-T ...
  -77.9180  -69.9385   80.8523
    0.5882    0.3232    0.7413
   -0.4249    0.9034   -0.0568
   -0.6881   -0.2816    0.6687
...    44 C-G ...
  -79.8190  -71.4160   83.0998
    0.3133    0.7795    0.5425
   -0.6829    0.5819   -0.4416
   -0.6599   -0.2321    0.7146
...    45 T-A ...
  -81.7422  -72.2515   85.9706
   -0.0728    0.9938    0.0835
   -0.7419    0.0020   -0.6705
   -0.6665   -0.1107    0.7372
...    46 T-A ...
  -83.8781  -72.4426   88.2955
   -0.4058    0.8456   -0.3469
   -0.6021   -0.5329   -0.5946
   -0.6876   -0.0324    0.7254
...    47 A-T ...
  -86.3185  -72.2873   90.5426
   -0.5893    0.3765   -0.7149
   -0.3007   -0.9234   -0.2384
   -0.7499    0.0744    0.6574
...    48 C-G ...
  -88.8270  -71.2804   92.5132
   -0.6345   -0.1884   -0.7496
    0.0284   -0.9749    0.2210
   -0.7724    0.1189    0.6239
...    49 T-A ...
  -91.5936  -70.4452   94.2800
   -0.4691   -0.6949   -0.5450
    0.3121   -0.7077    0.6338
   -0.8261    0.1272    0.5489
...    50 G-C ...
  -94.3424  -70.2276   96.1738
   -0.1504   -0.9863   -0.0674
    0.5086   -0.1357    0.8502
   -0.8478    0.0936    0.5221
...    51 T-A ...
  -97.3196  -70.1500   97.4446
    0.1354   -0.8851    0.4452
    0.5029    0.4486    0.7389
   -0.8537    0.1238    0.5058
...    52 A-T ...
  -99.7114  -68.3652   99.6039
    0.3283   -0.2489    0.9112
    0.3166    0.9379    0.1421
   -0.8899    0.2418    0.3867
...    53 G-C ...
 -102.7091  -67.5194  100.7051
    0.5180    0.2869    0.8058
    0.1147    0.9103   -0.3978
   -0.8476    0.2985    0.4386
...    54 G-C ...
 -105.5924  -66.8916  102.6741
    0.5747    0.7276    0.3746
   -0.2064    0.5718   -0.7940
   -0.7919    0.3790    0.4788
...    55 T-A ...
 -107.9560  -65.7621  104.5542
    0.4250    0.8955   -0.1320
   -0.4735    0.0957   -0.8756
   -0.7715    0.4346    0.4647
...    56 A-T ...
 -110.2108  -63.9604  106.4683
    0.1848    0.7029   -0.6869
   -0.6671   -0.4235   -0.6129
   -0.7217    0.5715    0.3906
...    57 T-A ...
 -112.0399  -61.7168  107.9239
   -0.1578    0.3420   -0.9264
   -0.6863   -0.7125   -0.1461
   -0.7100    0.6127    0.3471
...    58 C-G ...
 -114.4217  -59.3851  108.8805
   -0.5305   -0.2298   -0.8160
   -0.4568   -0.7334    0.5035
   -0.7141    0.6398    0.2841
...    59 T-A ...
 -116.8747  -57.1868  109.4007
   -0.6676   -0.6306   -0.3959
   -0.1132   -0.4396    0.8910
   -0.7359    0.6397    0.2221
...    60 C-G ...
 -119.4471  -55.3559  110.3920
   -0.6119   -0.7438    0.2687
    0.2931    0.1023    0.9506
   -0.7346    0.6605    0.1555
...    61 G-C ...
 -121.4851  -52.9309  111.5153
   -0.3209   -0.5113    0.7973
    0.6042    0.5378    0.5880
   -0.7294    0.6704    0.1363
...    62 A-T ...
 -123.5521  -50.3487  111.8319
    0.1390   -0.0453    0.9893
    0.7094    0.7016   -0.0676
   -0.6910    0.7111    0.1297
...    63 G-C ...
 -125.8278  -47.9620  112.1597
    0.5333    0.3463    0.7718
    0.5416    0.5610   -0.6260
   -0.6498    0.7519    0.1116
...    64 C-G ...
 -128.2539  -45.6191  112.8480
    0.7813    0.5762    0.2400
    0.1300    0.2259   -0.9654
   -0.6105    0.7855    0.1016
...    65 T-A ...
 -130.2435  -42.9824  113.3976
    0.7855    0.5228   -0.3312
   -0.3173   -0.1193   -0.9408
   -0.5314    0.8440    0.0722
...    66 C-G ...
 -131.9176  -40.1033  113.4673
    0.4802    0.2928   -0.8268
   -0.7452   -0.3610   -0.5607
   -0.4626    0.8854    0.0449
...    67 G-C ...
 -133.8592  -37.3794  112.8353
    0.0101   -0.0453   -0.9989
   -0.9216   -0.3880    0.0083
   -0.3879    0.9206   -0.0457
...    68 G-C ...
 -134.9075  -34.1788  112.2186
   -0.5016   -0.3239   -0.8022
   -0.7772   -0.2385    0.5823
   -0.3800    0.9155   -0.1321
...    69 G-C ...
 -136.2728  -31.2458  111.1996
   -0.8259   -0.4704   -0.3107
   -0.3835    0.0647    0.9213
   -0.4133    0.8801   -0.2338
...    70 A-T ...
 -137.5672  -28.3132  110.0617
   -0.8997   -0.2838    0.3317
    0.2216    0.3578    0.9071
   -0.3762    0.8896   -0.2590
...    71 T-A ...
 -139.0638  -25.6627  108.7267
   -0.6389   -0.0302    0.7687
    0.6763    0.4542    0.5799
   -0.3666    0.8904   -0.2697
...    72 C-G ...
 -140.5410  -22.7696  107.6774
   -0.0761    0.3020    0.9503
    0.9394    0.3411   -0.0332
   -0.3342    0.8902   -0.3097
...    73 C-G ...
 -141.6781  -19.9214  106.4140
    0.4875    0.3402    0.8041
    0.8330    0.0949   -0.5451
   -0.2617    0.9356   -0.2371
...    74 G-C ...
 -142.1174  -16.7909  105.2903
    0.9064    0.2180    0.3618
    0.3941   -0.1284   -0.9101
   -0.1519    0.9675   -0.2022
...    75 C-G ...
 -142.8010  -13.4052  105.0319
    0.9723    0.0642   -0.2249
   -0.2019   -0.2548   -0.9457
   -0.1180    0.9649   -0.2347
...    76 T-A ...
 -142.8811   -9.9747  104.5257
    0.6809   -0.1591   -0.7149
   -0.7305   -0.2173   -0.6474
   -0.0523    0.9630   -0.2642
...    77 T-A ...
 -142.7001   -6.8290  103.6992
    0.1243   -0.2746   -0.9535
   -0.9917   -0.0658   -0.1103
   -0.0324    0.9593   -0.2805
...    78 T-A ...
 -142.6478   -3.7476  102.6518
   -0.4710   -0.2905   -0.8329
   -0.8817    0.1258    0.4547
   -0.0273    0.9486   -0.3154
...    79 A-T ...
 -143.2538   -0.5079  101.8915
   -0.9200   -0.1260   -0.3710
   -0.3918    0.3061    0.8676
    0.0042    0.9436   -0.3310
...    80 A-T ...
 -143.1965    2.4605  100.5855
   -0.9673    0.1363    0.2141
    0.2475    0.3191    0.9148
    0.0563    0.9379   -0.3424
...    81 C-G ...
 -143.2785    5.4579   98.9165
   -0.6413    0.3425    0.6866
    0.7619    0.1777    0.6229
    0.0913    0.9226   -0.3749
...    82 A-T ...
 -143.0865    8.5896   97.6270
   -0.0114    0.3753    0.9269
    0.9952   -0.0859    0.0470
    0.0972    0.9229   -0.3725
...    83 T-A ...
 -143.3883   11.6290   96.5076
    0.4954    0.2840    0.8210
    0.8622   -0.2763   -0.4247
    0.1062    0.9182   -0.3817
...    84 C-G ...
 -143.1704   14.6146   95.1587
    0.9179   -0.0036    0.3968
    0.3569   -0.4297   -0.8294
    0.1735    0.9029   -0.3932
...    85 A-T ...
 -142.7524   17.5054   93.3984
    0.9220   -0.3718   -0.1081
   -0.2438   -0.3408   -0.9080
    0.3007    0.8635   -0.4049
...    86 T-A ...
 -141.4398   20.3306   92.4440
    0.6434   -0.5568   -0.5254
   -0.6747   -0.0881   -0.7329
    0.3618    0.8260   -0.4323
...    87 G-C ...
 -139.9811   23.0365   90.7822
    0.0539   -0.5993   -0.7987
   -0.9056    0.3076   -0.2919
    0.4206    0.7391   -0.5261
...    88 T-A ...
 -138.0214   25.1206   88.9757
   -0.4588   -0.3405   -0.8207
   -0.7740    0.6068    0.1809
    0.4364    0.7182   -0.5420
...    89 T-A ...
 -136.4833   27.2456   87.1176
   -0.8169    0.0868   -0.5702
   -0.3508    0.7100    0.6106
    0.4579    0.6989   -0.5495
...    90 A-T ...
 -134.8475   29.8054   85.4137
   -0.8020    0.5965   -0.0331
    0.3004    0.4506    0.8407
    0.5164    0.6642   -0.5405
...    91 T-A ...
 -133.4892   31.6909   83.0717
   -0.5058    0.7690    0.3910
    0.6725    0.0676    0.7370
    0.5403    0.6357   -0.5513
...    92 A-T ...
 -131.2374   33.6329   81.2239
    0.1477    0.6467    0.7483
    0.8141   -0.5091    0.2793
    0.5616    0.5680   -0.6016
...    93 A-T ...
 -129.5652   35.5274   79.2189
    0.6100    0.2322    0.7576
    0.5520   -0.8105   -0.1960
    0.5685    0.5378   -0.6226
...    94 C-G ...
 -127.9373   37.8419   77.3176
    0.8084   -0.2716    0.5222
    0.1011   -0.8099   -0.5777
    0.5799    0.5199   -0.6273
...    95 G-C ...
 -125.8788   39.1298   75.1136
    0.6410   -0.7468    0.1771
   -0.3691   -0.5023   -0.7820
    0.6730    0.4358   -0.5976
...    96 G-C ...
 -123.3629   40.1777   73.2717
    0.2591   -0.9450   -0.1996
   -0.6142   -0.0017   -0.7892
    0.7454    0.3270   -0.5809
...    97 A-T ...
 -120.8282   40.9168   71.3564
   -0.2110   -0.7827   -0.5855
   -0.6189    0.5707   -0.5397
    0.7566    0.2485   -0.6048
...    98 C-G ...
 -118.0151   41.2053   69.6477
   -0.5543   -0.3639   -0.7486
   -0.3835    0.9098   -0.1583
    0.7387    0.1994   -0.6439
...    99 T-A ...
 -115.3389   41.2174   67.2143
   -0.7054    0.2295   -0.6706
    0.0315    0.9553    0.2938
    0.7081    0.1861   -0.6811
...   100 T-A ...
 -113.1134   41.4997   64.8232
   -0.5133    0.7624   -0.3940
    0.4494    0.6299    0.6334
    0.7311    0.1481   -0.6660
...   101 T-A ...
 -110.8651   41.7860   62.4432
   -0.1251    0.9917    0.0300
    0.6567    0.0601    0.7517
    0.7437    0.1138   -0.6588
...   102 A-T ...
 -108.0793   41.9790   60.3908
    0.3799    0.7784    0.4998
    0.5511   -0.6244    0.5535
    0.7429    0.0652   -0.6662
...   103 T-A ...
 -106.0234   42.7589   57.9840
    0.5775    0.3735    0.7260
    0.2972   -0.9244    0.2392
    0.7604    0.0777   -0.6448
...   104 G-C ...
 -103.4190   43.2619   55.9753
    0.5623   -0.2762    0.7794
   -0.0904   -0.9575   -0.2741
    0.8220    0.0837   -0.5634
...   105 C-G ...
 -100.5089   43.7101   54.5015
    0.3740   -0.7649    0.5244
   -0.3940   -0.6430   -0.6568
    0.8396    0.0390   -0.5419
...   106 T-A ...
  -97.3385   43.8205   53.0787
    0.0504   -0.9967    0.0631
   -0.5044   -0.0799   -0.8598
    0.8620    0.0115   -0.5068
...   107 T-A ...
  -94.4661   43.7086   51.6463
   -0.2835   -0.8658   -0.4123
   -0.4218    0.4987   -0.7572
    0.8612   -0.0408   -0.5066
...   108 C-G ...
  -91.5783   43.2899   49.9888
   -0.5069   -0.3927   -0.7674
   -0.1534    0.9171   -0.3680
    0.8483   -0.0688   -0.5251
...   109 C-G ...
  -88.8455   42.8557   48.1765
   -0.5897    0.1704   -0.7894
    0.1622    0.9826    0.0909
    0.7912   -0.0744   -0.6070
...   110 G-C ...
  -86.3937   42.9769   46.2718
   -0.4879    0.6694   -0.5603
    0.4723    0.7422    0.4754
    0.7341   -0.0327   -0.6783
...   111 G-C ...
  -84.2005   43.0019   43.7038
   -0.1803    0.9721   -0.1499
    0.6804    0.2333    0.6947
    0.7103    0.0233   -0.7035
...   112 C-G ...
  -82.2542   43.2346   40.9738
    0.2043    0.9322    0.2987
    0.6673   -0.3558    0.6543
    0.7163    0.0656   -0.6947
...   113 T-A ...
  -80.0098   43.5719   38.5388
    0.4980    0.5871    0.6382
    0.4639   -0.8022    0.3760
    0.7327    0.1088   -0.6718
...   114 C-G ...
  -77.4639   43.8503   36.4172
    0.6543   -0.0147    0.7561
    0.0980   -0.9897   -0.1040
    0.7499    0.1422   -0.6462
...   115 G-C ...
  -74.9510   43.7803   34.1977
    0.5244   -0.6150    0.5888
   -0.2918   -0.7795   -0.5543
    0.7999    0.1189   -0.5883
...   116 T-A ...
  -71.9133   44.2990   32.8905
    0.2459   -0.9452    0.2147
   -0.5216   -0.3157   -0.7926
    0.8170    0.0829   -0.5707
...   117 A-T ...
  -68.8870   44.4463   31.3113
   -0.1556   -0.9481   -0.2773
   -0.5401    0.3167   -0.7797
    0.8271    0.0285   -0.5613
...   118 T-A ...
  -65.8900   44.1364   29.9947
   -0.3962   -0.6438   -0.6546
   -0.3819    0.7639   -0.5202
    0.8350    0.0439   -0.5485
...   119 A-T ...
  -63.0289   44.5740   28.0982
   -0.5138    0.0344   -0.8572
   -0.0296    0.9979    0.0578
    0.8574    0.0551   -0.5117
...   120 A-T ...
  -60.2789   44.4214   26.3587
   -0.4382    0.6054   -0.6645
    0.2657    0.7934    0.5477
    0.8587    0.0634   -0.5085
...   121 T-A ...
  -57.7048   44.2225   24.2284
   -0.2255    0.9348   -0.2746
    0.4507    0.3499    0.8212
    0.8637    0.0614   -0.5002
...   122 G-C ...
  -54.7649   44.4947   22.3648
    0.0139    0.9454    0.3255
    0.4972   -0.2890    0.8181
    0.8675    0.1505   -0.4741
...   123 T-A ...
  -52.1682   45.2464   20.4958
    0.2428    0.6542    0.7163
    0.4138   -0.7377    0.5335
    0.8774    0.1668   -0.4499
...   124 G-C ...
  -49.1819   45.9004   19.0544
    0.3584    0.0767    0.9304
    0.2254   -0.9742   -0.0065
    0.9059    0.2120   -0.3665
...   125 T-A ...
  -46.3857   47.0373   17.9930
    0.3732   -0.4613    0.8049
    0.0233   -0.8627   -0.5052
    0.9275    0.2073   -0.3112
...   126 C-G ...
  -43.3748   47.6246   17.1903
    0.3217   -0.8815    0.3457
   -0.1737   -0.4139   -0.8936
    0.9308    0.2274   -0.2862
...   127 G-C ...
  -40.3959   48.0127   15.6745
    0.0848   -0.9779   -0.1911
   -0.2576    0.1637   -0.9523
    0.9625    0.1300   -0.2380
...   128 A-T ...
  -37.3007   48.4239   14.9734
   -0.0751   -0.6799   -0.7295
   -0.2610    0.7194   -0.6437
    0.9624    0.1420   -0.2315
...   129 C-G ...
  -34.0015   48.2076   14.5763
   -0.2313   -0.1839   -0.9553
   -0.1773    0.9735   -0.1445
    0.9566    0.1359   -0.2578
...   130 C-G ...
  -30.7776   48.2598   13.4432
   -0.3695    0.3670   -0.8537
   -0.0016    0.9185    0.3955
    0.9292    0.1475   -0.3388
...   131 A-T ...
  -27.5801   49.3304   12.9741
   -0.3514    0.8364   -0.4206
    0.1993    0.5058    0.8393
    0.9148    0.2112   -0.3444
...   132 A-T ...
  -24.6221   49.9958   11.7218
   -0.1912    0.9697    0.1520
    0.3634   -0.0739    0.9287
    0.9118    0.2328   -0.3382
...   133 A-T ...
  -21.7866   50.8566   10.2909
    0.0779    0.7414    0.6665
    0.3927   -0.6373    0.6630
    0.9164    0.2101   -0.3408
...   134 T-A ...
  -19.0083   52.0402    8.9384
    0.2450    0.2904    0.9250
    0.3072   -0.9282    0.2101
    0.9196    0.2327   -0.3167
...   135 G-C ...
  -16.4569   53.8980    7.5291
    0.5336   -0.3334    0.7773
    0.0348   -0.9096   -0.4140
    0.8450    0.2479   -0.4738
...   136 T-A ...
  -14.1680   56.5698    6.1949
    0.5795   -0.7269    0.3684
   -0.3140   -0.6163   -0.7222
    0.7521    0.3028   -0.5854
...   137 G-C ...
  -11.6468   58.0146    4.7337
    0.2454   -0.9541   -0.1717
   -0.6318   -0.0231   -0.7748
    0.7352    0.2986   -0.6085
...   138 A-T ...
   -8.6697   58.7289    3.6170
   -0.0344   -0.7815   -0.6230
   -0.6534    0.4892   -0.5777
    0.7562    0.3872   -0.5274
...   139 G-C ...
   -6.3211   59.0879    1.6441
   -0.2967   -0.3277   -0.8970
   -0.5657    0.8170   -0.1114
    0.7694    0.4744   -0.4278
...   140 C-G ...
   -3.4296   60.2437    1.0435
   -0.4424    0.2288   -0.8671
   -0.1682    0.9286    0.3309
    0.8809    0.2922   -0.3723
...   141 G-C ...
   -0.6893   63.9063   -2.2356
   -0.9992    0.0156   -0.0375
   -0.0024    0.8991    0.4378
    0.0405    0.4375   -0.8983
...   142 C-G ...
   -0.9979   65.6137   -4.9249
   -0.8337    0.5217    0.1810
    0.5169    0.6220    0.5881
    0.1942    0.5839   -0.7882
...   143 T-A ...
   -0.1244   66.2250   -7.8041
   -0.3751    0.8568    0.3538
    0.8856    0.2185    0.4098
    0.2739    0.4670   -0.8408
...   144 C-G ...
   -0.1580   67.4197  -10.7921
    0.1799    0.8792    0.4411
    0.9276   -0.3009    0.2214
    0.3274    0.3694   -0.8697
...   145 A-T ...
    0.5353   69.2487  -13.4513
    0.7352    0.4961    0.4620
    0.6117   -0.7791   -0.1369
    0.2921    0.3832   -0.8763
...   146 C-G ...
    1.4421   72.1064  -15.5858
    0.9808    0.0622    0.1849
    0.1266   -0.9240   -0.3608
    0.1484    0.3773   -0.9141
...   147 A-T ...
    2.3151   74.2410  -18.3714
    0.8657   -0.4292   -0.2574
   -0.4984   -0.7868   -0.3642
   -0.0462    0.4436   -0.8950
