  147 base-pairs
...     1 A-T ...
    0.0000    0.0000    0.0000
    1.0000    0.0000    0.0000
    0.0000    1.0000    0.0000
    0.0000    0.0000    1.0000
...     2 G-C ...
   -0.1394   -1.2357    3.2268
    0.7529    0.6366    0.1670
   -0.6386    0.7680   -0.0486
   -0.1592   -0.0700    0.9848
...     3 T-A ...
   -0.0365   -3.2932    6.3751
    0.2722    0.9301    0.2466
   -0.9238    0.3243   -0.2033
   -0.2691   -0.1725    0.9475
...     4 G-C ...
   -0.3505   -4.1660    9.4928
   -0.3756    0.9250    0.0579
   -0.8781   -0.3352   -0.3415
   -0.2965   -0.1791    0.9381
...     5 A-T ...
   -0.4462   -4.1476   12.7498
   -0.8116    0.5840   -0.0165
   -0.5523   -0.7762   -0.3042
   -0.1905   -0.2378    0.9524
...     6 G-C ...
   -1.5908   -4.1730   15.6201
   -0.9976    0.0246   -0.0651
   -0.0043   -0.9555   -0.2950
   -0.0695   -0.2940    0.9533
...     7 C-G ...
   -1.1030   -4.4824   18.7362
   -0.8441   -0.5304   -0.0787
    0.5345   -0.8441   -0.0432
   -0.0435   -0.0785    0.9960
...     8 G-C ...
   -2.4028   -7.7290   23.1475
   -0.2754   -0.3293   -0.9032
    0.6650   -0.7437    0.0684
   -0.6942   -0.5818    0.4238
...     9 C-G ...
   -4.4690   -9.9728   24.1132
    0.1145   -0.7025   -0.7024
    0.8512   -0.2952    0.4340
   -0.5122   -0.6476    0.5642
...    10 T-A ...
   -6.7405  -10.8752   25.9697
    0.4841   -0.8363   -0.2574
    0.6595    0.1553    0.7355
   -0.5751   -0.5258    0.6267
...    11 C-G ...
   -9.1656  -12.6208   27.1640
    0.7073   -0.6682    0.2307
    0.3448    0.6110    0.7126
   -0.6171   -0.4245    0.6626
...    12 A-T ...
  -10.9234  -14.6633   29.0693
    0.7515   -0.1377    0.6452
   -0.2029    0.8824    0.4246
   -0.6277   -0.4500    0.6352
...    13 C-G ...
  -11.8476  -17.4863   31.2451
    0.4295    0.2823    0.8578
   -0.5708    0.8209    0.0156
   -0.6998   -0.4963    0.5137
...    14 A-T ...
  -13.5897  -19.7827   33.4259
   -0.1504    0.6104    0.7777
   -0.6874    0.5008   -0.5260
   -0.7106   -0.6136    0.3443
...    15 A-T ...
  -15.8280  -21.8271   34.6060
   -0.5406    0.7859    0.3001
   -0.4483    0.0327   -0.8933
   -0.7118   -0.6175    0.3347
...    16 T-A ...
  -17.9340  -23.8147   36.3978
   -0.7312    0.6401   -0.2359
   -0.0552   -0.4001   -0.9148
   -0.6800   -0.6559    0.3279
...    17 T-A ...
  -20.1581  -25.7931   37.7901
   -0.6445    0.2403   -0.7259
    0.4119   -0.6907   -0.5944
   -0.6442   -0.6820    0.3462
...    18 T-A ...
  -22.3755  -27.8999   38.9916
   -0.2738   -0.2158   -0.9373
    0.7182   -0.6941   -0.0499
   -0.6397   -0.6868    0.3450
...    19 A-T ...
  -24.2704  -30.5083   40.2807
    0.2759   -0.6422   -0.7152
    0.7199   -0.3550    0.5965
   -0.6369   -0.6794    0.3644
...    20 T-A ...
  -26.7814  -32.5923   40.9682
    0.6140   -0.7434   -0.2654
    0.4588    0.0626    0.8863
   -0.6423   -0.6659    0.3795
...    21 T-A ...
  -28.9326  -34.8299   41.9596
    0.7480   -0.5698    0.3402
   -0.0180    0.4950    0.8687
   -0.6634   -0.6559    0.3600
...    22 C-G ...
  -31.0794  -37.0245   43.1954
    0.5951   -0.1329    0.7926
   -0.4832    0.7289    0.4850
   -0.6422   -0.6716    0.3695
...    23 G-C ...
  -33.5073  -38.8310   44.7629
    0.3103    0.4014    0.8617
   -0.7573    0.6523   -0.0312
   -0.5746   -0.6429    0.5064
...    24 C-G ...
  -35.0749  -41.1829   46.4706
   -0.1080    0.7233    0.6820
   -0.8040    0.3400   -0.4879
   -0.5848   -0.6010    0.5448
...    25 A-T ...
  -37.4830  -43.1694   47.7941
   -0.5474    0.8122    0.2018
   -0.5672   -0.1828   -0.8030
   -0.6153   -0.5540    0.5607
...    26 A-T ...
  -39.5041  -44.8936   49.7312
   -0.7739    0.5456   -0.3216
   -0.1331   -0.6366   -0.7596
   -0.6192   -0.5451    0.5652
...    27 A-T ...
  -41.4876  -46.4666   51.8052
   -0.7107    0.0429   -0.7022
    0.3660   -0.8299   -0.4211
   -0.6008   -0.5562    0.5742
...    28 G-C ...
  -43.8152  -48.0047   53.7488
   -0.3579   -0.4056   -0.8411
    0.6902   -0.7216    0.0544
   -0.6289   -0.5610    0.5382
...    29 G-C ...
  -46.2085  -49.8751   55.4067
    0.1610   -0.7349   -0.6588
    0.7557   -0.3375    0.5612
   -0.6348   -0.5882    0.5011
...    30 C-G ...
  -48.4827  -51.8720   56.7467
    0.5918   -0.7740   -0.2251
    0.5111    0.1444    0.8473
   -0.6233   -0.6165    0.4811
...    31 C-G ...
  -50.7803  -53.9174   58.1849
    0.8113   -0.5150    0.2767
    0.0755    0.5616    0.8240
   -0.5797   -0.6476    0.4945
...    32 G-C ...
  -52.6309  -55.6766   60.0107
    0.7769   -0.0609    0.6267
   -0.3800    0.7482    0.5438
   -0.5020   -0.6607    0.5581
...    33 G-C ...
  -54.0812  -58.0016   61.9658
    0.4557    0.4331    0.7777
   -0.7582    0.6466    0.0842
   -0.4664   -0.6280    0.6230
...    34 C-G ...
  -55.3048  -60.2910   64.0194
   -0.0290    0.7672    0.6408
   -0.8822    0.2817   -0.3773
   -0.4700   -0.5762    0.6686
...    35 C-G ...
  -56.6861  -61.9698   66.6587
   -0.4816    0.8409    0.2469
   -0.7222   -0.2213   -0.6553
   -0.4964   -0.4940    0.7139
...    36 C-G ...
  -58.3857  -63.3431   69.2349
   -0.7833    0.5778   -0.2295
   -0.3375   -0.7051   -0.6236
   -0.5221   -0.4110    0.7473
...    37 G-C ...
  -60.2084  -65.5282   71.2254
   -0.8006    0.0798   -0.5939
    0.1688   -0.9209   -0.3514
   -0.5750   -0.3815    0.7238
...    38 A-T ...
  -62.1219  -66.6977   73.5326
   -0.5384   -0.5015   -0.6772
    0.6145   -0.7836    0.0918
   -0.5766   -0.3667    0.7301
...    39 C-G ...
  -64.4385  -67.6713   75.5859
   -0.1089   -0.8418   -0.5287
    0.7951   -0.3930    0.4619
   -0.5966   -0.3701    0.7121
...    40 A-T ...
  -66.4133  -69.1089   77.9636
    0.4283   -0.8949   -0.1252
    0.6885    0.2335    0.6867
   -0.5853   -0.3803    0.7161
...    41 C-G ...
  -68.5169  -70.7642   80.0089
    0.7386   -0.6219    0.2601
    0.3480    0.6822    0.6430
   -0.5774   -0.3844    0.7203
...    42 G-C ...
  -70.4099  -71.5028   82.6496
    0.8263   -0.0492    0.5610
   -0.1611    0.9339    0.3193
   -0.5397   -0.3542    0.7637
...    43 A-T ...
  -72.3078  -72.6694   84.9146
    0.5758    0.5236    0.6279
   -0.6002    0.7922   -0.1102
   -0.5551   -0.3134    0.7704
...    44 C-G ...
  -73.6718  -74.1802   87.4999
    0.2008    0.8926    0.4036
   -0.8261    0.3757   -0.4199
   -0.5265   -0.2491    0.8129
...    45 T-A ...
  -75.1010  -74.9464   90.6631
   -0.2684    0.9627   -0.0334
   -0.7930   -0.2405   -0.5598
   -0.5470   -0.1237    0.8280
...    46 T-A ...
  -76.9006  -75.1985   93.2598
   -0.6154    0.6842   -0.3913
   -0.5354   -0.7272   -0.4295
   -0.5784   -0.0549    0.8139
...    47 A-T ...
  -79.0976  -75.4262   95.7880
   -0.7749    0.0837   -0.6265
   -0.0689   -0.9965   -0.0479
   -0.6283    0.0061    0.7780
...    48 C-G ...
  -81.4848  -74.7248   98.0786
   -0.6792   -0.4788   -0.5563
    0.3387   -0.8769    0.3411
   -0.6511    0.0433    0.7578
...    49 T-A ...
  -84.0193  -74.3079  100.3113
   -0.3444   -0.8852   -0.3127
    0.6198   -0.4646    0.6325
   -0.7052    0.0241    0.7086
...    50 G-C ...
  -86.2274  -74.3562  102.8063
    0.1258   -0.9840    0.1263
    0.6993    0.1783    0.6923
   -0.7037    0.0012    0.7105
...    51 T-A ...
  -88.7611  -74.6911  104.8038
    0.4799   -0.7082    0.5179
    0.5109    0.7055    0.4912
   -0.7132    0.0289    0.7003
...    52 A-T ...
  -90.9924  -73.3098  107.2810
    0.6302    0.0129    0.7764
    0.0734    0.9944   -0.0761
   -0.7730    0.1049    0.6257
...    53 G-C ...
  -93.7045  -72.9531  109.1503
    0.6472    0.5423    0.5357
   -0.2603    0.8178   -0.5133
   -0.7165    0.1928    0.6704
...    54 G-C ...
  -95.8731  -72.5241  111.9129
    0.4591    0.8871    0.0480
   -0.5963    0.3478   -0.7235
   -0.6585    0.3035    0.6886
...    55 T-A ...
  -97.6436  -71.4937  114.3917
    0.1202    0.9132   -0.3894
   -0.7535   -0.1715   -0.6347
   -0.6464    0.3697    0.6674
...    56 A-T ...
  -99.4504  -69.7413  116.7699
   -0.2436    0.5716   -0.7835
   -0.7221   -0.6462   -0.2469
   -0.6475    0.5057    0.5702
...    57 T-A ...
 -101.0891  -67.5904  118.5730
   -0.5672    0.1159   -0.8154
   -0.5028   -0.8328    0.2315
   -0.6522    0.5413    0.5307
...    58 C-G ...
 -103.3962  -65.5570  120.1561
   -0.7392   -0.4709   -0.4816
   -0.0408   -0.6823    0.7299
   -0.6723    0.5592    0.4851
...    59 T-A ...
 -105.8856  -63.6885  121.4223
   -0.6150   -0.7883    0.0198
    0.3634   -0.2610    0.8943
   -0.6998    0.5572    0.4469
...    60 C-G ...
 -108.1092  -61.9331  123.1888
   -0.2654   -0.7407    0.6171
    0.6592    0.3276    0.6768
   -0.7035    0.5865    0.4014
...    61 G-C ...
 -109.7952  -59.4891  124.7761
    0.1834   -0.3642    0.9131
    0.7092    0.6922    0.1337
   -0.6807    0.6230    0.3853
...    62 A-T ...
 -111.7865  -56.9734  125.5547
    0.6091    0.1446    0.7798
    0.4856    0.7093   -0.5109
   -0.6270    0.6899    0.3618
...    63 G-C ...
 -113.8662  -54.6695  126.7065
    0.8076    0.4857    0.3345
    0.0887    0.4608   -0.8831
   -0.5830    0.7428    0.3290
...    64 C-G ...
 -115.8109  -52.3178  128.2620
    0.7408    0.6142   -0.2720
   -0.3962    0.0725   -0.9153
   -0.5425    0.7858    0.2970
...    65 T-A ...
 -117.4273  -49.6286  129.4301
    0.4721    0.4539   -0.7557
   -0.7443   -0.2542   -0.6176
   -0.4725    0.8540    0.2178
...    66 C-G ...
 -118.9782  -46.7425  129.7795
   -0.0220    0.1555   -0.9876
   -0.9183   -0.3937   -0.0415
   -0.3953    0.9060    0.1514
...    67 G-C ...
 -121.0894  -44.0143  129.7760
   -0.5156   -0.1708   -0.8396
   -0.7796   -0.3130    0.5424
   -0.3554    0.9343    0.0283
...    68 G-C ...
 -122.3037  -40.8257  129.2410
   -0.8565   -0.3661   -0.3637
   -0.3573   -0.0878    0.9298
   -0.3724    0.9264   -0.0556
...    69 G-C ...
 -123.9283  -37.9067  128.6608
   -0.8814   -0.4030    0.2464
    0.1704    0.2153    0.9616
   -0.4405    0.8895   -0.1211
...    70 A-T ...
 -125.4854  -34.9616  127.8656
   -0.5939   -0.1119    0.7967
    0.6971    0.4228    0.5790
   -0.4017    0.8993   -0.1731
...    71 T-A ...
 -127.2810  -32.2794  127.0553
   -0.1226    0.1562    0.9801
    0.9123    0.4066    0.0493
   -0.3908    0.9002   -0.1923
...    72 C-G ...
 -128.8645  -29.3297  126.3993
    0.4740    0.4129    0.7777
    0.7973    0.1736   -0.5781
   -0.3737    0.8941   -0.2469
...    73 C-G ...
 -130.3174  -26.5493  125.2745
    0.8763    0.3167    0.3631
    0.4167   -0.1200   -0.9011
   -0.2418    0.9409   -0.2371
...    74 G-C ...
 -130.8948  -23.4919  123.9865
    0.9820    0.0498   -0.1824
   -0.1612   -0.2839   -0.9452
   -0.0988    0.9576   -0.2707
...    75 C-G ...
 -131.0823  -20.0730  123.4965
    0.7119   -0.1675   -0.6821
   -0.6980   -0.2763   -0.6606
   -0.0778    0.9464   -0.3136
...    76 T-A ...
 -130.8280  -16.7760  122.4225
    0.1798   -0.3594   -0.9157
   -0.9835   -0.0868   -0.1590
   -0.0223    0.9291   -0.3690
...    77 T-A ...
 -130.5794  -13.8190  121.0691
   -0.4334   -0.3547   -0.8284
   -0.9012    0.1667    0.4001
   -0.0038    0.9200   -0.3919
...    78 T-A ...
 -130.4903  -10.9136  119.5919
   -0.8766   -0.2004   -0.4375
   -0.4812    0.3622    0.7983
   -0.0015    0.9103   -0.4139
...    79 A-T ...
 -130.6832   -7.6156  118.8606
   -0.9785    0.1591    0.1314
    0.1869    0.4141    0.8908
    0.0873    0.8962   -0.4349
...    80 A-T ...
 -130.4364   -4.8105  117.2179
   -0.6476    0.4515    0.6138
    0.7463    0.2134    0.6304
    0.1536    0.8664   -0.4752
...    81 C-G ...
 -130.4005   -1.9546  115.3039
   -0.0829    0.5389    0.8383
    0.9816   -0.1009    0.1620
    0.1718    0.8363   -0.5206
...    82 A-T ...
 -129.7351    0.7874  113.4927
    0.5440    0.3403    0.7670
    0.8092   -0.4546   -0.3722
    0.2220    0.8231   -0.5227
...    83 C-G ...
 -129.4050    3.8762  112.1539
    0.8888    0.0277    0.4575
    0.3846   -0.5881   -0.7115
    0.2493    0.8083   -0.5333
...    84 T-A ...
 -128.4466    6.9987  110.7297
    0.9155   -0.4023    0.0094
   -0.2147   -0.5082   -0.8340
    0.3403    0.7615   -0.5516
...    85 T-A ...
 -127.0994    9.5109  109.1822
    0.6125   -0.6507   -0.4489
   -0.7029   -0.1885   -0.6859
    0.3617    0.7356   -0.5728
...    86 T-A ...
 -125.8084   11.7714  107.2641
    0.0771   -0.7054   -0.7046
   -0.9169    0.2275   -0.3280
    0.3917    0.6714   -0.6292
...    87 A-T ...
 -124.6811   13.9111  104.9402
   -0.5153   -0.4889   -0.7039
   -0.7647    0.6331    0.1200
    0.3870    0.6001   -0.7001
...    88 T-A ...
 -122.9925   15.2168  102.5027
   -0.8367   -0.1486   -0.5271
   -0.4057    0.8148    0.4142
    0.3679    0.5604   -0.7420
...    89 G-C ...
 -121.9162   16.8661   99.8258
   -0.9392    0.3291   -0.0977
    0.2029    0.7616    0.6155
    0.2770    0.5583   -0.7821
...    90 C-G ...
 -121.2817   18.5565   96.9763
   -0.6503    0.7088    0.2734
    0.7101    0.4394    0.5502
    0.2699    0.5519   -0.7890
...    91 T-A ...
 -120.4666   20.3197   94.2802
   -0.1388    0.8430    0.5196
    0.9554   -0.0242    0.2944
    0.2608    0.5373   -0.8021
...    92 C-G ...
 -119.5347   22.0999   91.6655
    0.4393    0.6697    0.5987
    0.8526   -0.5209   -0.0429
    0.2831    0.5293   -0.7998
...    93 A-T ...
 -118.3718   23.2100   88.6251
    0.8284    0.1712    0.5333
    0.4116   -0.8318   -0.3724
    0.3798    0.5280   -0.7595
...    94 T-A ...
 -117.1829   25.3135   86.4203
    0.9020   -0.3078    0.3029
   -0.0733   -0.8003   -0.5951
    0.4256    0.5146   -0.7444
...    95 G-C ...
 -115.5472   27.0446   83.8443
    0.6167   -0.7868   -0.0250
   -0.5983   -0.4479   -0.6644
    0.5115    0.4247   -0.7469
...    96 T-A ...
 -113.3365   28.4919   81.7720
    0.1824   -0.9155   -0.3587
   -0.8304    0.0519   -0.5547
    0.5264    0.3991   -0.7508
...    97 T-A ...
 -111.4922   29.5711   79.4212
   -0.3383   -0.7458   -0.5739
   -0.7772    0.5653   -0.2764
    0.5306    0.3525   -0.7708
...    98 A-T ...
 -109.8819   30.8268   76.6938
   -0.7645   -0.2294   -0.6024
   -0.3752    0.9183    0.1264
    0.5242    0.3227   -0.7881
...    99 T-A ...
 -108.0852   31.1526   73.9609
   -0.8375    0.2875   -0.4647
    0.0830    0.9075    0.4119
    0.5401    0.3064   -0.7839
...   100 A-T ...
 -106.0435   32.3108   71.4082
   -0.5275    0.8417   -0.1153
    0.6235    0.4757    0.6205
    0.5771    0.2554   -0.7757
...   101 A-T ...
 -104.3073   33.0152   68.7717
   -0.0322    0.9689    0.2454
    0.8023   -0.1214    0.5845
    0.5961    0.2157   -0.7734
...   102 C-G ...
 -102.8243   33.8814   65.7773
    0.4383    0.7333    0.5198
    0.6671   -0.6530    0.3587
    0.6024    0.1896   -0.7753
...   103 G-C ...
 -100.5987   34.2990   63.4060
    0.6951    0.1874    0.6941
    0.2766   -0.9608   -0.0176
    0.6636    0.2042   -0.7197
...   104 G-C ...
  -98.2898   35.1023   61.1986
    0.6624   -0.3776    0.6471
   -0.1210   -0.9063   -0.4050
    0.7393    0.1899   -0.6460
...   105 A-T ...
  -95.7577   35.9101   59.1837
    0.4301   -0.8523    0.2978
   -0.4917   -0.4978   -0.7145
    0.7571    0.1609   -0.6331
...   106 T-A ...
  -92.8592   36.5553   57.7032
    0.1084   -0.9900   -0.0902
   -0.6394    0.0000   -0.7689
    0.7612    0.1410   -0.6330
...   107 T-A ...
  -90.2076   36.8999   55.8308
   -0.2855   -0.8050   -0.5201
   -0.5689    0.5791   -0.5840
    0.7713    0.1291   -0.6233
...   108 C-G ...
  -87.6116   37.0172   53.7195
   -0.5905   -0.3079   -0.7460
   -0.2697    0.9465   -0.1773
    0.7607    0.0965   -0.6419
...   109 C-G ...
  -85.2057   37.0938   51.4451
   -0.7064    0.2402   -0.6659
    0.1112    0.9666    0.2308
    0.6991    0.0890   -0.7095
...   110 G-C ...
  -83.0785   37.7042   49.2853
   -0.5983    0.7041   -0.3825
    0.4872    0.6986    0.5240
    0.6362    0.1272   -0.7610
...   111 G-C ...
  -81.2584   38.2688   46.4904
   -0.2521    0.9674    0.0226
    0.7508    0.1808    0.6353
    0.6105    0.1771   -0.7719
...   112 C-G ...
  -79.6881   38.9829   43.6073
    0.1876    0.8938    0.4073
    0.7619   -0.3941    0.5139
    0.6199    0.2140   -0.7549
...   113 T-A ...
  -77.7930   39.8056   40.9994
    0.5357    0.5309    0.6566
    0.5484   -0.8100    0.2075
    0.6420    0.2490   -0.7251
...   114 C-G ...
  -75.5609   40.5603   38.6438
    0.7323   -0.0633    0.6781
    0.1395   -0.9606   -0.2404
    0.6666    0.2706   -0.6946
...   115 G-C ...
  -73.2986   40.9204   36.1944
    0.6107   -0.6433    0.4617
   -0.3044   -0.7290   -0.6131
    0.7310    0.2338   -0.6410
...   116 T-A ...
  -70.4486   41.7525   34.6943
    0.3132   -0.9456    0.0876
   -0.5756   -0.2624   -0.7745
    0.7553    0.1922   -0.6265
...   117 A-T ...
  -67.5562   42.2044   32.9252
   -0.1338   -0.9272   -0.3499
   -0.6192    0.3539   -0.7009
    0.7737    0.1229   -0.6215
...   118 T-A ...
  -64.6765   42.1624   31.3544
   -0.4185   -0.6083   -0.6744
   -0.4588    0.7824   -0.4210
    0.7838    0.1333   -0.6066
...   119 A-T ...
  -62.0102   42.8694   29.2807
   -0.5825    0.0677   -0.8100
   -0.0719    0.9883    0.1343
    0.8096    0.1365   -0.5709
...   120 A-T ...
  -59.4078   42.9629   27.3269
   -0.5096    0.6267   -0.5896
    0.2692    0.7670    0.5825
    0.8172    0.1381   -0.5595
...   121 T-A ...
  -56.9848   43.0096   25.0124
   -0.2808    0.9392   -0.1975
    0.4895    0.3171    0.8123
    0.8255    0.1314   -0.5488
...   122 G-C ...
  -54.2005   43.5001   22.9771
   -0.0005    0.9257    0.3784
    0.5551   -0.3145    0.7700
    0.8318    0.2104   -0.5137
...   123 T-A ...
  -51.7460   44.4226   21.0008
    0.2579    0.6256    0.7363
    0.4676   -0.7477    0.4714
    0.8455    0.2228   -0.4854
...   124 G-C ...
  -48.8733   45.2631   19.4480
    0.3953    0.0499    0.9172
    0.2602   -0.9637   -0.0598
    0.8809    0.2623   -0.3940
...   125 T-A ...
  -46.1732   46.5432   18.3262
    0.4191   -0.4787    0.7715
    0.0344   -0.8408   -0.5403
    0.9073    0.2530   -0.3359
...   126 C-G ...
  -43.2186   47.2617   17.4509
    0.3631   -0.8811    0.3030
   -0.1891   -0.3881   -0.9020
    0.9124    0.2702   -0.3075
...   127 G-C ...
  -40.2883   47.7658   15.9064
    0.1020   -0.9720   -0.2118
   -0.2824    0.1758   -0.9430
    0.9538    0.1560   -0.2566
...   128 A-T ...
  -37.2189   48.2376   15.1425
   -0.0760   -0.6697   -0.7387
   -0.2877    0.7241   -0.6268
    0.9547    0.1649   -0.2477
...   129 C-G ...
  -33.9244   48.0836   14.6883
   -0.2452   -0.1761   -0.9533
   -0.1966    0.9720   -0.1290
    0.9493    0.1558   -0.2730
...   130 C-G ...
  -30.7246   48.1939   13.4933
   -0.3880    0.3689   -0.8446
   -0.0090    0.9148    0.4038
    0.9216    0.1642   -0.3517
...   131 A-T ...
  -27.5461   49.2973   13.0176
   -0.3612    0.8370   -0.4111
    0.2020    0.5006    0.8418
    0.9103    0.2210   -0.3499
...   132 A-T ...
  -24.6042   49.9830   11.7390
   -0.1938    0.9683    0.1576
    0.3682   -0.0771    0.9265
    0.9093    0.2376   -0.3416
...   133 A-T ...
  -21.7808   50.8560   10.2964
    0.0790    0.7397    0.6683
    0.3954   -0.6387    0.6601
    0.9151    0.2121   -0.3429
...   134 T-A ...
  -19.0083   52.0403    8.9385
    0.2450    0.2904    0.9250
    0.3072   -0.9282    0.2101
    0.9196    0.2327   -0.3167
...   135 G-C ...
  -16.4569   53.8981    7.5292
    0.5336   -0.3334    0.7773
    0.0348   -0.9096   -0.4140
    0.8450    0.2479   -0.4738
...   136 T-A ...
  -14.1680   56.5699    6.1950
    0.5795   -0.7269    0.3684
   -0.3140   -0.6163   -0.7222
    0.7521    0.3028   -0.5854
...   137 G-C ...
  -11.6468   58.0147    4.7338
    0.2454   -0.9541   -0.1717
   -0.6318   -0.0231   -0.7748
    0.7352    0.2986   -0.6085
...   138 A-T ...
   -8.6697   58.7290    3.6172
   -0.0344   -0.7815   -0.6230
   -0.6534    0.4892   -0.5777
    0.7562    0.3872   -0.5274
...   139 G-C ...
   -6.3211   59.0880    1.6442
   -0.2967   -0.3277   -0.8970
   -0.5657    0.8170   -0.1114
    0.7694    0.4744   -0.4278
...   140 C-G ...
   -3.4296   60.2438    1.0436
   -0.4424    0.2288   -0.8671
   -0.1682    0.9286    0.3309
    0.8809    0.2922   -0.3723
...   141 G-C ...
   -0.6893   63.9064   -2.2355
   -0.9992    0.0156   -0.0375
   -0.0024    0.8991    0.4378
    0.0405    0.4375   -0.8983
...   142 C-G ...
   -0.9979   65.6138   -4.9248
   -0.8337    0.5217    0.1810
    0.5169    0.6220    0.5881
    0.1942    0.5839   -0.7882
...   143 T-A ...
   -0.1244   66.2251   -7.8040
   -0.3751    0.8568    0.3538
    0.8856    0.2185    0.4098
    0.2739    0.4670   -0.8407
...   144 C-G ...
   -0.1580   67.4198  -10.7920
    0.1799    0.8792    0.4411
    0.9276   -0.3009    0.2214
    0.3274    0.3694   -0.8697
...   145 A-T ...
    0.5353   69.2488  -13.4512
    0.7352    0.4961    0.4620
    0.6117   -0.7791   -0.1369
    0.2921    0.3832   -0.8763
...   146 C-G ...
    1.4421   72.1065  -15.5857
    0.9808    0.0622    0.1849
    0.1266   -0.9240   -0.3608
    0.1484    0.3773   -0.9141
...   147 A-T ...
    2.3151   74.2411  -18.3713
    0.8657   -0.4292   -0.2574
   -0.4984   -0.7868   -0.3642
   -0.0462    0.4436   -0.8950
