  147 base-pairs
...     1 A-T ...
    0.0000    0.0000    0.0000
    1.0000    0.0000    0.0000
    0.0000    1.0000    0.0000
    0.0000    0.0000    1.0000
...     2 G-C ...
   -0.1394   -1.2357    3.2268
    0.7529    0.6366    0.1670
   -0.6386    0.7680   -0.0486
   -0.1592   -0.0700    0.9848
...     3 T-A ...
   -0.0365   -3.2932    6.3751
    0.2722    0.9301    0.2466
   -0.9238    0.3243   -0.2033
   -0.2691   -0.1725    0.9475
...     4 G-C ...
   -0.3505   -4.1660    9.4928
   -0.3756    0.9250    0.0579
   -0.8781   -0.3352   -0.3415
   -0.2965   -0.1791    0.9381
...     5 A-T ...
   -0.4462   -4.1476   12.7498
   -0.8116    0.5840   -0.0165
   -0.5523   -0.7762   -0.3042
   -0.1905   -0.2378    0.9524
...     6 G-C ...
   -1.5908   -4.1730   15.6201
   -0.9976    0.0246   -0.0651
   -0.0043   -0.9555   -0.2950
   -0.0695   -0.2940    0.9533
...     7 C-G ...
   -1.1030   -4.4824   18.7362
   -0.8441   -0.5304   -0.0787
    0.5345   -0.8441   -0.0432
   -0.0435   -0.0785    0.9960
...     8 G-C ...
   -2.4028   -7.7290   23.1475
   -0.2754   -0.3293   -0.9032
    0.6650   -0.7437    0.0684
   -0.6942   -0.5818    0.4238
...     9 C-G ...
   -4.4690   -9.9728   24.1132
    0.1145   -0.7025   -0.7024
    0.8512   -0.2952    0.4340
   -0.5122   -0.6476    0.5642
...    10 T-A ...
   -6.7405  -10.8752   25.9697
    0.4841   -0.8363   -0.2574
    0.6595    0.1553    0.7355
   -0.5751   -0.5258    0.6267
...    11 C-G ...
   -9.1656  -12.6208   27.1640
    0.7073   -0.6682    0.2307
    0.3448    0.6110    0.7126
   -0.6171   -0.4245    0.6626
...    12 A-T ...
  -10.9234  -14.6633   29.0693
    0.7515   -0.1377    0.6452
   -0.2029    0.8824    0.4246
   -0.6277   -0.4500    0.6352
...    13 C-G ...
  -11.8476  -17.4863   31.2451
    0.4295    0.2823    0.8578
   -0.5708    0.8209    0.0156
   -0.6998   -0.4963    0.5137
...    14 A-T ...
  -13.5897  -19.7827   33.4259
   -0.1504    0.6104    0.7777
   -0.6874    0.5008   -0.5260
   -0.7106   -0.6136    0.3443
...    15 A-T ...
  -15.7291  -21.8887   34.6931
   -0.5398    0.7772    0.3234
   -0.4541    0.0546   -0.8893
   -0.7088   -0.6269    0.3234
...    16 T-A ...
  -17.8121  -23.8289   36.3610
   -0.6954    0.6942   -0.1857
   -0.1030   -0.3521   -0.9303
   -0.7112   -0.6278    0.3164
...    17 T-A ...
  -20.1295  -25.7584   37.5660
   -0.6167    0.3652   -0.6974
    0.3255   -0.6883   -0.6483
   -0.7167   -0.6268    0.3056
...    18 T-A ...
  -22.5662  -27.6208   38.6286
   -0.3015   -0.0953   -0.9487
    0.6217   -0.7741   -0.1198
   -0.7229   -0.6259    0.2927
...    19 A-T ...
  -24.8287  -29.9561   39.5305
    0.1845   -0.5304   -0.8274
    0.6565   -0.5600    0.5054
   -0.7314   -0.6364    0.2449
...    20 T-A ...
  -27.5812  -31.7578   39.8108
    0.4979   -0.7443   -0.4451
    0.4613   -0.2074    0.8627
   -0.7344   -0.6349    0.2401
...    21 T-A ...
  -30.0570  -33.8143   40.3211
    0.6598   -0.7358    0.1526
    0.0786    0.2695    0.9598
   -0.7473   -0.6213    0.2356
...    22 C-G ...
  -32.4619  -35.9740   41.0180
    0.5812   -0.4128    0.7013
   -0.3453    0.6552    0.6719
   -0.7368   -0.6327    0.2383
...    23 G-C ...
  -35.0921  -37.8257   42.0657
    0.3343    0.1003    0.9371
   -0.6319    0.7616    0.1439
   -0.6992   -0.6403    0.3180
...    24 C-G ...
  -37.1183  -40.2533   43.1562
   -0.0496    0.5361    0.8427
   -0.7101    0.5744   -0.4072
   -0.7023   -0.6186    0.3522
...    25 A-T ...
  -39.6429  -42.2116   44.1812
   -0.3880    0.8277    0.4054
   -0.5566    0.1401   -0.8189
   -0.7346   -0.5433    0.4064
...    26 A-T ...
  -41.9375  -43.9354   45.6973
   -0.6301    0.7617   -0.1511
   -0.2272   -0.3669   -0.9021
   -0.7426   -0.5340    0.4042
...    27 A-T ...
  -44.3630  -45.5089   47.1691
   -0.6344    0.4147   -0.6524
    0.1753   -0.7447   -0.6439
   -0.7528   -0.5229    0.3998
...    28 G-C ...
  -47.0283  -46.9621   48.5263
   -0.3856   -0.0229   -0.9224
    0.4734   -0.8630   -0.1765
   -0.7920   -0.5047    0.3436
...    29 G-C ...
  -49.9330  -48.4685   49.3998
    0.0049   -0.4649   -0.8853
    0.5745   -0.7234    0.3830
   -0.8185   -0.5105    0.2635
...    30 C-G ...
  -52.8656  -50.0083   49.8766
    0.3510   -0.7765   -0.5232
    0.4532   -0.3481    0.8206
   -0.8194   -0.5252    0.2298
...    31 C-G ...
  -55.6491  -51.9134   50.3048
    0.5918   -0.8059    0.0200
    0.1538    0.1372    0.9785
   -0.7913   -0.5760    0.2051
...    32 G-C ...
  -58.2603  -53.7665   51.3962
    0.6324   -0.5257    0.5690
   -0.2309    0.5732    0.7862
   -0.7395   -0.6286    0.2411
...    33 G-C ...
  -60.6576  -56.0932   52.0355
    0.4479   -0.0649    0.8917
   -0.5462    0.7698    0.3303
   -0.7079   -0.6350    0.3093
...    34 C-G ...
  -62.7335  -58.5253   52.9962
    0.1037    0.4078    0.9072
   -0.6993    0.6785   -0.2250
   -0.7072   -0.6110    0.3556
...    35 C-G ...
  -64.9077  -60.7356   54.3620
   -0.2257    0.7744    0.5911
   -0.6478    0.3339   -0.6848
   -0.7276   -0.5374    0.4263
...    36 C-G ...
  -67.2284  -62.4776   56.0870
   -0.4651    0.8826    0.0683
   -0.4354   -0.1609   -0.8857
   -0.7707   -0.4417    0.4592
...    37 G-C ...
  -70.0701  -63.8662   57.2805
   -0.5243    0.6868   -0.5034
   -0.1420   -0.6535   -0.7435
   -0.8396   -0.3183    0.4402
...    38 A-T ...
  -72.9150  -64.7522   58.6771
   -0.4742    0.1681   -0.8642
    0.1727   -0.9448   -0.2785
   -0.8633   -0.2813    0.4190
...    39 C-G ...
  -75.9744  -65.0421   59.9709
   -0.2921   -0.3627   -0.8850
    0.3771   -0.8940    0.2420
   -0.8789   -0.2630    0.3979
...    40 A-T ...
  -78.8023  -66.2240   61.3117
    0.0369   -0.8116   -0.5831
    0.4430   -0.5097    0.7375
   -0.8957   -0.2855    0.3408
...    41 C-G ...
  -82.0257  -67.0384   61.8454
    0.2696   -0.9592   -0.0850
    0.3457    0.0140    0.9382
   -0.8988   -0.2823    0.3354
...    42 G-C ...
  -84.9126  -67.8757   63.3918
    0.4791   -0.7478    0.4596
    0.1215    0.5751    0.8090
   -0.8693   -0.3318    0.3664
...    43 A-T ...
  -87.8384  -68.9689   64.4674
    0.4730   -0.2398    0.8478
   -0.1751    0.9175    0.3572
   -0.8635   -0.3174    0.3920
...    44 C-G ...
  -90.4878  -70.5881   65.6514
    0.3376    0.3012    0.8918
   -0.3938    0.9057   -0.1569
   -0.8550   -0.2982    0.4243
...    45 T-A ...
  -93.1525  -71.7608   67.2527
    0.1499    0.7650    0.6264
   -0.5202    0.5998   -0.6080
   -0.8408   -0.2347    0.4879
...    46 T-A ...
  -95.7644  -72.5504   68.9858
   -0.1310    0.9810    0.1432
   -0.5198    0.0550   -0.8525
   -0.8442   -0.1862    0.5027
...    47 A-T ...
  -98.6343  -72.9354   70.6575
   -0.3001    0.8448   -0.4429
   -0.3927   -0.5326   -0.7497
   -0.8693   -0.0511    0.4916
...    48 C-G ...
 -101.2896  -72.5285   72.5810
   -0.4285    0.4323   -0.7934
   -0.2056   -0.9017   -0.3803
   -0.8798    0.0001    0.4753
...    49 T-A ...
 -104.2594  -72.1266   74.0244
   -0.4314   -0.1330   -0.8923
    0.0086   -0.9896    0.1433
   -0.9021    0.0541    0.4280
...    50 G-C ...
 -107.3252  -72.3576   75.3586
   -0.3049   -0.7090   -0.6359
    0.2227   -0.7022    0.6762
   -0.9260    0.0646    0.3720
...    51 T-A ...
 -110.5957  -71.8669   76.0368
   -0.1448   -0.9775   -0.1533
    0.3516   -0.1957    0.9155
   -0.9249    0.0787    0.3720
...    52 A-T ...
 -113.4138  -71.2375   77.9705
    0.0394   -0.8226    0.5672
    0.4063    0.5318    0.7430
   -0.9129    0.2012    0.3552
...    53 G-C ...
 -116.5676  -70.7466   78.9851
    0.2965   -0.3964    0.8689
    0.3435    0.8932    0.2902
   -0.8911    0.2124    0.4010
...    54 G-C ...
 -119.7077  -70.2020   80.1769
    0.5198    0.1523    0.8406
    0.1428    0.9546   -0.2613
   -0.8422    0.2559    0.4745
...    55 T-A ...
 -122.4303  -69.8906   82.0253
    0.5666    0.6193    0.5435
   -0.1439    0.7239   -0.6748
   -0.8113    0.3041    0.4993
...    56 A-T ...
 -124.9832  -68.7821   83.8807
    0.5198    0.8540   -0.0211
   -0.4655    0.2625   -0.8452
   -0.7163    0.4491    0.5340
...    57 T-A ...
 -126.8547  -67.3047   86.0994
    0.2481    0.8476   -0.4691
   -0.6758   -0.1955   -0.7107
   -0.6940    0.4934    0.5243
...    58 C-G ...
 -129.0194  -65.4474   87.6887
   -0.1563    0.5379   -0.8284
   -0.7284   -0.6292   -0.2712
   -0.6670    0.5610    0.4902
...    59 T-A ...
 -131.0328  -63.2251   89.1106
   -0.4908    0.0769   -0.8679
   -0.5751   -0.7768    0.2564
   -0.6545    0.6250    0.4255
...    60 C-G ...
 -133.2786  -61.0823   90.2462
   -0.7461   -0.4058   -0.5279
   -0.1851   -0.6351    0.7499
   -0.6396    0.6572    0.3988
...    61 G-C ...
 -135.5866  -59.2326   91.8996
   -0.6985   -0.7153    0.0198
    0.2658   -0.2336    0.9353
   -0.6644    0.6586    0.3533
...    62 A-T ...
 -137.7876  -56.9626   92.9389
   -0.4005   -0.6855    0.6081
    0.6545    0.2505    0.7134
   -0.6413    0.6836    0.3483
...    63 G-C ...
 -140.1109  -54.7529   93.9167
    0.0501   -0.4460    0.8936
    0.7891    0.5662    0.2383
   -0.6122    0.6932    0.3803
...    64 C-G ...
 -142.4631  -52.6305   95.0155
    0.5136   -0.0834    0.8539
    0.6463    0.6923   -0.3211
   -0.5644    0.7168    0.4095
...    65 T-A ...
 -144.4038  -50.4204   96.5623
    0.8300    0.2342    0.5062
    0.2760    0.6161   -0.7377
   -0.4847    0.7520    0.4468
...    66 T-A ...
 -145.9227  -48.0534   98.1409
    0.8732    0.4863   -0.0323
   -0.2418    0.3748   -0.8950
   -0.4231    0.7894    0.4448
...    67 C-G ...
 -147.1342  -45.4060   99.5969
    0.6043    0.5381   -0.5876
   -0.7176    0.0471   -0.6949
   -0.3462    0.8416    0.4146
...    68 A-T ...
 -148.1777  -42.4130  100.7301
    0.1403    0.3429   -0.9288
   -0.9577   -0.1912   -0.2153
   -0.2514    0.9197    0.3015
...    69 T-A ...
 -148.3135  -39.2510  101.6025
   -0.3682    0.1845   -0.9113
   -0.9006   -0.3142    0.3003
   -0.2310    0.9312    0.2818
...    70 G-C ...
 -149.4853  -36.2075  102.3854
   -0.8259   -0.0854   -0.5573
   -0.5142   -0.2912    0.8067
   -0.2312    0.9528    0.1966
...    71 T-A ...
 -150.1140  -32.8916  102.3962
   -0.9770   -0.2125   -0.0160
    0.0230   -0.1801    0.9834
   -0.2118    0.9604    0.1809
...    72 T-A ...
 -150.7630  -29.6802  102.6095
   -0.7764   -0.1887    0.6014
    0.6177   -0.0379    0.7855
   -0.1254    0.9813    0.1460
...    73 A-T ...
 -150.2055  -26.2833  103.2688
   -0.1221   -0.0368    0.9918
    0.9920    0.0266    0.1231
   -0.0309    0.9990    0.0333
...    74 T-A ...
 -150.9588  -23.0553  103.4016
    0.4198   -0.0030    0.9076
    0.9075    0.0147   -0.4197
   -0.0121    0.9999    0.0089
...    75 A-T ...
 -150.7657  -19.6906  103.1144
    0.8974   -0.0559    0.4377
    0.4378   -0.0117   -0.8990
    0.0554    0.9984    0.0140
...    76 A-T ...
 -150.5446  -16.4727  103.3116
    0.9808   -0.1086   -0.1617
   -0.1602    0.0222   -0.9868
    0.1108    0.9938    0.0044
...    77 C-G ...
 -149.8309  -13.3240  103.8520
    0.7348   -0.1519   -0.6610
   -0.6540    0.0995   -0.7499
    0.1797    0.9834   -0.0262
...    78 G-C ...
 -149.1635  -10.0512  103.2344
    0.2006   -0.2173   -0.9553
   -0.9331    0.2548   -0.2539
    0.2985    0.9423   -0.1517
...    79 G-C ...
 -147.8012   -7.0982  102.2298
   -0.3845   -0.1187   -0.9155
   -0.8600    0.4065    0.3084
    0.3356    0.9059   -0.2584
...    80 A-T ...
 -146.7035   -4.1686  101.1056
   -0.8342    0.1535   -0.5296
   -0.4244    0.4346    0.7944
    0.3521    0.8875   -0.2974
...    81 C-G ...
 -145.4564   -1.4822   99.4683
   -0.9250    0.3800   -0.0033
    0.1182    0.2961    0.9478
    0.3611    0.8763   -0.3188
...    82 G-C ...
 -144.1141    1.5804   98.8481
   -0.6722    0.4597    0.5804
    0.6622    0.0228    0.7489
    0.3310    0.8878   -0.3198
...    83 G-C ...
 -143.0699    4.5556   97.5487
   -0.1731    0.3520    0.9199
    0.9240   -0.2652    0.2754
    0.3409    0.8976   -0.2794
...    84 G-C ...
 -142.0570    7.5940   96.3949
    0.3674    0.0752    0.9270
    0.8432   -0.4476   -0.2979
    0.3926    0.8911   -0.2279
...    85 A-T ...
 -140.8508   10.5380   95.5372
    0.7849   -0.2523    0.5659
    0.4362   -0.4236   -0.7939
    0.4401    0.8700   -0.2224
...    86 T-A ...
 -139.5435   13.5411   95.4133
    0.8840   -0.4603    0.0817
   -0.0339   -0.2374   -0.9708
    0.4663    0.8554   -0.2255
...    87 C-G ...
 -137.9052   16.2889   94.6963
    0.6523   -0.5713   -0.4981
   -0.5471    0.0999   -0.8311
    0.5245    0.8147   -0.2474
...    88 C-G ...
 -135.7593   18.7532   93.8397
    0.1754   -0.5033   -0.8461
   -0.7871    0.4445   -0.4276
    0.5914    0.7410   -0.3182
...    89 G-C ...
 -133.9976   21.2195   92.2861
   -0.3795   -0.2338   -0.8952
   -0.6894    0.7168    0.1051
    0.6171    0.6570   -0.4331
...    90 C-G ...
 -131.8162   23.0110   90.4649
   -0.7218    0.1971   -0.6634
   -0.3241    0.7508    0.5756
    0.6115    0.6305   -0.4781
...    91 T-A ...
 -129.8361   24.9111   88.5281
   -0.7924    0.5721   -0.2116
    0.1642    0.5341    0.8293
    0.5875    0.6224   -0.5172
...    92 T-A ...
 -127.9639   26.7578   86.5757
   -0.4930    0.8148    0.3052
    0.6048    0.0688    0.7934
    0.6255    0.5757   -0.5266
...    93 T-A ...
 -126.0861   28.5734   84.6011
    0.0108    0.7184    0.6955
    0.7652   -0.4537    0.4568
    0.6437    0.5273   -0.5546
...    94 A-T ...
 -123.4314   29.7199   82.6818
    0.5696    0.2365    0.7871
    0.5193   -0.8459   -0.1216
    0.6371    0.4780   -0.6046
...    95 A-T ...
 -121.4507   31.4440   80.7544
    0.7716   -0.3146    0.5529
    0.0620   -0.8278   -0.5576
    0.6331    0.4645   -0.6192
...    96 C-G ...
 -119.2720   33.3766   79.1558
    0.6544   -0.7343    0.1804
   -0.3697   -0.5189   -0.7707
    0.6596    0.4377   -0.6111
...    97 A-T ...
 -117.1449   34.6513   76.8650
    0.2282   -0.9417   -0.2473
   -0.6678    0.0335   -0.7436
    0.7085    0.3349   -0.6212
...    98 C-G ...
 -114.3765   35.4628   75.2160
   -0.2016   -0.7833   -0.5881
   -0.6701    0.5482   -0.5005
    0.7144    0.2931   -0.6354
...    99 T-A ...
 -111.8787   36.0597   73.0723
   -0.5853   -0.3609   -0.7261
   -0.4145    0.9028   -0.1147
    0.6969    0.2338   -0.6780
...   100 T-A ...
 -109.5609   36.5657   70.8371
   -0.7074    0.2531   -0.6600
    0.0227    0.9414    0.3366
    0.7065    0.2231   -0.6716
...   101 T-A ...
 -107.3016   37.0409   68.5276
   -0.5301    0.7745   -0.3452
    0.4439    0.6004    0.6652
    0.7224    0.1994   -0.6621
...   102 A-T ...
 -104.4475   37.7802   66.7382
   -0.0439    0.9855    0.1636
    0.6744   -0.0916    0.7326
    0.7370    0.1425   -0.6607
...   103 T-A ...
 -102.5119   38.4349   64.1178
    0.3364    0.7889    0.5143
    0.5891   -0.6024    0.5386
    0.7347    0.1218   -0.6674
...   104 G-C ...
  -99.8479   38.5817   62.0662
    0.5764    0.2491    0.7782
    0.2706   -0.9569    0.1059
    0.7710    0.1496   -0.6190
...   105 C-G ...
  -97.3314   39.4742   60.0397
    0.5962   -0.3468    0.7241
   -0.1089   -0.9285   -0.3550
    0.7954    0.1328   -0.5913
...   106 T-A ...
  -94.5448   40.0590   58.2922
    0.3831   -0.8125    0.4394
   -0.4115   -0.5760   -0.7064
    0.8270    0.0898   -0.5550
...   107 T-A ...
  -91.7577   40.4047   56.6546
    0.0579   -0.9965   -0.0597
   -0.5594    0.0171   -0.8287
    0.8269    0.0814   -0.5565
...   108 C-G ...
  -88.9990   40.5329   54.8451
   -0.3243   -0.7812   -0.5334
   -0.4644    0.6227   -0.6297
    0.8241    0.0435   -0.5648
...   109 C-G ...
  -86.2217   40.2838   52.9012
   -0.5926   -0.2883   -0.7521
   -0.1660    0.9574   -0.2362
    0.7882   -0.0151   -0.6152
...   110 G-C ...
  -83.6987   40.5857   50.6323
   -0.6459    0.3328   -0.6871
    0.2481    0.9426    0.2233
    0.7220   -0.0263   -0.6914
...   111 G-C ...
  -81.4556   40.3248   48.0795
   -0.4363    0.8129   -0.3858
    0.5899    0.5822    0.5595
    0.6794    0.0165   -0.7336
...   112 C-G ...
  -79.5056   40.2721   45.3427
   -0.0452    0.9986    0.0289
    0.7394    0.0140    0.6731
    0.6718    0.0518   -0.7389
...   113 T-A ...
  -77.4796   40.6066   42.6942
    0.3419    0.8309    0.4390
    0.6502   -0.5465    0.5278
    0.6785    0.1050   -0.7271
...   114 C-G ...
  -75.2581   41.0184   40.2746
    0.6498    0.3163    0.6911
    0.3059   -0.9412    0.1432
    0.6958    0.1184   -0.7084
...   115 G-C ...
  -72.7595   40.9861   37.9533
    0.6302   -0.3101    0.7118
   -0.1128   -0.9436   -0.3112
    0.7682    0.1158   -0.6297
...   116 T-A ...
  -70.0249   41.8323   36.2451
    0.4431   -0.7799    0.4421
   -0.4345   -0.6182   -0.6550
    0.7841    0.0981   -0.6128
...   117 A-T ...
  -67.6591   41.9684   33.7716
    0.0490   -0.9932   -0.1057
   -0.6150    0.0534   -0.7867
    0.7870    0.1035   -0.6082
...   118 T-A ...
  -64.6973   42.0716   32.2945
   -0.2755   -0.8142   -0.5111
   -0.5472    0.5700   -0.6129
    0.7904    0.1109   -0.6025
...   119 A-T ...
  -62.2408   42.9106   30.0433
   -0.5434   -0.2148   -0.8115
   -0.2264    0.9684   -0.1047
    0.8083    0.1268   -0.5749
...   120 A-T ...
  -59.5821   43.0617   28.1520
   -0.5466    0.4140   -0.7279
    0.1362    0.9016    0.4105
    0.8263    0.1253   -0.5492
...   121 T-A ...
  -57.0772   42.9361   25.9798
   -0.3820    0.8297   -0.4071
    0.3983    0.5453    0.7376
    0.8339    0.1196   -0.5387
...   122 G-C ...
  -54.1803   43.5179   24.3683
   -0.1348    0.9772    0.1638
    0.5597   -0.0613    0.8264
    0.8176    0.2031   -0.5387
...   123 T-A ...
  -51.8590   44.4063   22.1403
    0.1643    0.7774    0.6072
    0.5399   -0.5860    0.6042
    0.8255    0.2286   -0.5160
...   124 G-C ...
  -48.9129   45.0653   20.6419
    0.3639    0.2496    0.8974
    0.3597   -0.9264    0.1118
    0.8592    0.2821   -0.4269
...   125 T-A ...
  -46.2322   46.5797   19.4074
    0.4655   -0.3060    0.8305
    0.1132   -0.9100   -0.3988
    0.8778    0.2796   -0.3890
...   126 C-G ...
  -43.2731   47.4810   18.2662
    0.4074   -0.8068    0.4279
   -0.1714   -0.5277   -0.8320
    0.8970    0.2656   -0.3532
...   127 G-C ...
  -40.2488   47.9714   16.7651
    0.1497   -0.9818   -0.1169
   -0.3208    0.0636   -0.9450
    0.9352    0.1790   -0.3054
...   128 A-T ...
  -37.1031   48.4325   15.8040
   -0.0861   -0.7318   -0.6761
   -0.3260    0.6619   -0.6750
    0.9414    0.1623   -0.2955
...   129 C-G ...
  -33.8107   48.3853   15.0829
   -0.2534   -0.2421   -0.9366
   -0.2149    0.9581   -0.1895
    0.9432    0.1533   -0.2948
...   130 C-G ...
  -30.6016   48.6381   13.9557
   -0.3785    0.3484   -0.8575
   -0.0175    0.9236    0.3829
    0.9254    0.1600   -0.3435
...   131 A-T ...
  -27.4644   49.4134   13.0271
   -0.3726    0.8268   -0.4213
    0.2155    0.5187    0.8273
    0.9026    0.2175   -0.3715
...   132 A-T ...
  -24.5881   50.0272   11.6252
   -0.1677    0.9740    0.1525
    0.3778   -0.0793    0.9225
    0.9106    0.2123   -0.3547
...   133 A-T ...
  -21.7145   50.7844   10.3117
    0.0703    0.7355    0.6739
    0.3981   -0.6401    0.6571
    0.9147    0.2221   -0.3378
...   134 T-A ...
  -19.0083   52.0402    8.9384
    0.2450    0.2904    0.9250
    0.3072   -0.9282    0.2101
    0.9196    0.2327   -0.3166
...   135 G-C ...
  -16.4569   53.8981    7.5291
    0.5336   -0.3334    0.7773
    0.0348   -0.9096   -0.4140
    0.8450    0.2479   -0.4738
...   136 T-A ...
  -14.1680   56.5698    6.1949
    0.5795   -0.7269    0.3684
   -0.3140   -0.6163   -0.7222
    0.7521    0.3028   -0.5854
...   137 G-C ...
  -11.6468   58.0147    4.7337
    0.2454   -0.9541   -0.1717
   -0.6318   -0.0231   -0.7748
    0.7352    0.2986   -0.6085
...   138 A-T ...
   -8.6697   58.7289    3.6171
   -0.0344   -0.7815   -0.6230
   -0.6534    0.4892   -0.5777
    0.7562    0.3872   -0.5274
...   139 G-C ...
   -6.3211   59.0880    1.6441
   -0.2967   -0.3277   -0.8970
   -0.5657    0.8170   -0.1114
    0.7694    0.4744   -0.4278
...   140 C-G ...
   -3.4296   60.2437    1.0435
   -0.4424    0.2288   -0.8671
   -0.1682    0.9286    0.3309
    0.8809    0.2922   -0.3723
...   141 G-C ...
   -0.6893   63.9063   -2.2356
   -0.9992    0.0156   -0.0375
   -0.0024    0.8991    0.4378
    0.0405    0.4375   -0.8983
...   142 C-G ...
   -0.9979   65.6138   -4.9249
   -0.8337    0.5217    0.1810
    0.5169    0.6220    0.5881
    0.1942    0.5839   -0.7882
...   143 T-A ...
   -0.1244   66.2250   -7.8041
   -0.3751    0.8568    0.3538
    0.8856    0.2185    0.4098
    0.2739    0.4670   -0.8408
...   144 C-G ...
   -0.1579   67.4197  -10.7921
    0.1799    0.8792    0.4411
    0.9276   -0.3009    0.2214
    0.3274    0.3694   -0.8697
...   145 A-T ...
    0.5353   69.2487  -13.4513
    0.7352    0.4961    0.4620
    0.6117   -0.7791   -0.1369
    0.2921    0.3832   -0.8763
...   146 C-G ...
    1.4422   72.1064  -15.5858
    0.9808    0.0622    0.1849
    0.1266   -0.9240   -0.3608
    0.1484    0.3773   -0.9141
...   147 A-T ...
    2.3151   74.2411  -18.3714
    0.8657   -0.4292   -0.2574
   -0.4984   -0.7868   -0.3642
   -0.0462    0.4436   -0.8950
