  147 base-pairs
...     1 A-T ...
    0.0000    0.0000    0.0000
    1.0000    0.0000    0.0000
    0.0000    1.0000    0.0000
    0.0000    0.0000    1.0000
...     2 G-C ...
   -0.1394   -1.2357    3.2268
    0.7529    0.6366    0.1670
   -0.6386    0.7680   -0.0486
   -0.1592   -0.0700    0.9848
...     3 T-A ...
   -0.0365   -3.2932    6.3751
    0.2722    0.9301    0.2466
   -0.9238    0.3243   -0.2033
   -0.2691   -0.1725    0.9475
...     4 G-C ...
   -0.3505   -4.1660    9.4928
   -0.3756    0.9250    0.0579
   -0.8781   -0.3352   -0.3415
   -0.2965   -0.1791    0.9381
...     5 A-T ...
   -0.4462   -4.1476   12.7498
   -0.8116    0.5840   -0.0165
   -0.5523   -0.7762   -0.3042
   -0.1905   -0.2378    0.9524
...     6 G-C ...
   -1.5908   -4.1730   15.6201
   -0.9976    0.0246   -0.0651
   -0.0043   -0.9555   -0.2950
   -0.0695   -0.2940    0.9533
...     7 C-G ...
   -1.1030   -4.4824   18.7362
   -0.8441   -0.5304   -0.0787
    0.5345   -0.8441   -0.0432
   -0.0435   -0.0785    0.9960
...     8 G-C ...
   -2.4028   -7.7290   23.1475
   -0.2754   -0.3293   -0.9032
    0.6650   -0.7437    0.0684
   -0.6942   -0.5818    0.4238
...     9 C-G ...
   -4.4690   -9.9728   24.1132
    0.1145   -0.7025   -0.7024
    0.8512   -0.2952    0.4340
   -0.5122   -0.6476    0.5642
...    10 T-A ...
   -6.7405  -10.8752   25.9697
    0.4841   -0.8363   -0.2574
    0.6595    0.1553    0.7355
   -0.5751   -0.5258    0.6267
...    11 C-G ...
   -9.1656  -12.6208   27.1640
    0.7073   -0.6682    0.2307
    0.3448    0.6110    0.7126
   -0.6171   -0.4245    0.6626
...    12 A-T ...
  -10.9234  -14.6633   29.0693
    0.7515   -0.1377    0.6452
   -0.2029    0.8824    0.4246
   -0.6277   -0.4500    0.6352
...    13 C-G ...
  -11.8476  -17.4863   31.2451
    0.4295    0.2823    0.8578
   -0.5708    0.8209    0.0156
   -0.6998   -0.4963    0.5137
...    14 A-T ...
  -13.5897  -19.7827   33.4259
   -0.1504    0.6104    0.7777
   -0.6874    0.5008   -0.5260
   -0.7106   -0.6136    0.3443
...    15 A-T ...
  -15.7283  -21.8912   34.6920
   -0.5411    0.7764    0.3230
   -0.4534    0.0542   -0.8897
   -0.7083   -0.6279    0.3227
...    16 T-A ...
  -17.8096  -23.8363   36.3577
   -0.6967    0.6927   -0.1865
   -0.1011   -0.3523   -0.9304
   -0.7102   -0.6294    0.3154
...    17 T-A ...
  -20.1231  -25.7730   37.5600
   -0.6169    0.3628   -0.6984
    0.3287   -0.6875   -0.6475
   -0.7151   -0.6291    0.3048
...    18 T-A ...
  -22.5543  -27.6446   38.6198
   -0.2995   -0.0973   -0.9491
    0.6249   -0.7717   -0.1181
   -0.7210   -0.6285    0.2920
...    19 A-T ...
  -24.8057  -29.9922   39.5219
    0.1886   -0.5311   -0.8261
    0.6579   -0.5561    0.5078
   -0.7291   -0.6393    0.2445
...    20 T-A ...
  -27.5500  -31.8067   39.7994
    0.5025   -0.7428   -0.4425
    0.4603   -0.2035    0.8641
   -0.7319   -0.6379    0.2397
...    21 T-A ...
  -30.0160  -33.8752   40.3088
    0.6633   -0.7319    0.1558
    0.0747    0.2719    0.9594
   -0.7446   -0.6248    0.2351
...    22 C-G ...
  -32.4108  -36.0473   41.0047
    0.5815   -0.4079    0.7039
   -0.3509    0.6548    0.6694
   -0.7339   -0.6363    0.2377
...    23 G-C ...
  -35.0330  -37.9134   42.0502
    0.3306    0.1048    0.9379
   -0.6370    0.7580    0.1399
   -0.6963   -0.6437    0.3174
...    24 C-G ...
  -37.0481  -40.3514   43.1406
   -0.0562    0.5381    0.8410
   -0.7124    0.5686   -0.4114
   -0.6996   -0.6222    0.3514
...    25 A-T ...
  -39.5654  -42.3235   44.1595
   -0.3957    0.8262    0.4011
   -0.5541    0.1335   -0.8217
   -0.7324   -0.5474    0.4050
...    26 A-T ...
  -41.8539  -44.0604   45.6705
   -0.6354    0.7561   -0.1566
   -0.2202   -0.3718   -0.9018
   -0.7401   -0.5385    0.4027
...    27 A-T ...
  -44.2732  -45.6493   47.1366
   -0.6349    0.4065   -0.6570
    0.1848   -0.7458   -0.6400
   -0.7501   -0.5278    0.3985
...    28 G-C ...
  -46.9322  -47.1216   48.4874
   -0.3810   -0.0310   -0.9241
    0.4821   -0.8595   -0.1700
   -0.7889   -0.5103    0.3424
...    29 G-C ...
  -49.8260  -48.6526   49.3555
    0.0134   -0.4700   -0.8826
    0.5795   -0.7157    0.3899
   -0.8149   -0.5167    0.2627
...    30 C-G ...
  -52.7467  -50.2181   49.8288
    0.3608   -0.7766   -0.5165
    0.4527   -0.3384    0.8250
   -0.8154   -0.5314    0.2294
...    31 C-G ...
  -55.5148  -52.1464   50.2580
    0.5993   -0.8000    0.0287
    0.1478    0.1458    0.9782
   -0.7868   -0.5820    0.2056
...    32 G-C ...
  -58.1157  -54.0151   51.3504
    0.6347   -0.5151    0.5761
   -0.2399    0.5773    0.7805
   -0.7346   -0.6336    0.2428
...    33 G-C ...
  -60.4954  -56.3589   51.9966
    0.4444   -0.0529    0.8943
   -0.5549    0.7674    0.3212
   -0.7032   -0.6390    0.3117
...    34 C-G ...
  -62.5526  -58.8030   52.9685
    0.0959    0.4171    0.9038
   -0.7047    0.6697   -0.2343
   -0.7030   -0.6144    0.3581
...    35 C-G ...
  -64.7123  -61.0212   54.3450
   -0.2355    0.7780    0.5825
   -0.6480    0.3210   -0.6907
   -0.7244   -0.5401    0.4285
...    36 C-G ...
  -67.0253  -62.7665   56.0770
   -0.4738    0.8788    0.0571
   -0.4302   -0.1744   -0.8857
   -0.7684   -0.4443    0.4607
...    37 G-C ...
  -69.8614  -64.1678   57.2725
   -0.5292    0.6757   -0.5131
   -0.1330   -0.6634   -0.7364
   -0.8380   -0.3215    0.4409
...    38 A-T ...
  -72.7043  -65.0652   58.6681
   -0.4732    0.1525   -0.8677
    0.1830   -0.9464   -0.2661
   -0.8618   -0.2847    0.4199
...    39 C-G ...
  -75.7661  -65.3699   59.9561
   -0.2860   -0.3776   -0.8807
    0.3854   -0.8868    0.2550
   -0.8773   -0.2665    0.3992
...    40 A-T ...
  -78.5827  -66.5657   61.3096
    0.0459   -0.8201   -0.5704
    0.4467   -0.4939    0.7460
   -0.8935   -0.2890    0.3436
...    41 C-G ...
  -81.8002  -67.4034   61.8514
    0.2788   -0.9579   -0.0689
    0.3441    0.0327    0.9384
   -0.8966   -0.2853    0.3387
...    42 G-C ...
  -84.6840  -68.2359   63.4085
    0.4854   -0.7352    0.4732
    0.1158    0.5905    0.7987
   -0.8666   -0.3329    0.3718
...    43 A-T ...
  -87.6028  -69.3329   64.5001
    0.4748   -0.2199    0.8522
   -0.1830    0.9224    0.3400
   -0.8608   -0.3174    0.3977
...    44 C-G ...
  -90.2391  -70.9518   65.7122
    0.3353    0.3211    0.8857
   -0.4013    0.8992   -0.1741
   -0.8524   -0.2971    0.4304
...    45 T-A ...
  -92.8938  -72.1152   67.3368
    0.1446    0.7784    0.6108
   -0.5256    0.5835   -0.6191
   -0.8383   -0.2315    0.4936
...    46 T-A ...
  -95.4983  -72.8875   69.0880
   -0.1375    0.9828    0.1231
   -0.5217    0.0338   -0.8524
   -0.8419   -0.1814    0.5081
...    47 A-T ...
  -98.3638  -73.2540   70.7722
   -0.3063    0.8332   -0.4604
   -0.3913   -0.5511   -0.7370
   -0.8678   -0.0456    0.4949
...    48 C-G ...
 -101.0175  -72.8195   72.6927
   -0.4335    0.4118   -0.8015
   -0.2014   -0.9112   -0.3593
   -0.8784    0.0057    0.4780
...    49 T-A ...
 -103.9863  -72.4024   74.1358
   -0.4344   -0.1565   -0.8870
    0.0149   -0.9859    0.1667
   -0.9006    0.0592    0.4306
...    50 G-C ...
 -107.0432  -72.6242   75.4936
   -0.3054   -0.7266   -0.6154
    0.2303   -0.6835    0.6927
   -0.9240    0.0698    0.3761
...    51 T-A ...
 -110.3133  -72.1300   76.1814
   -0.1418   -0.9819   -0.1258
    0.3590   -0.1694    0.9178
   -0.9225    0.0849    0.3765
...    52 A-T ...
 -113.1146  -71.4471   78.1287
    0.0455   -0.8046    0.5921
    0.4112    0.5553    0.7229
   -0.9104    0.2106    0.3561
...    53 G-C ...
 -116.2613  -70.9267   79.1530
    0.3049   -0.3681    0.8784
    0.3450    0.9023    0.2584
   -0.8877    0.2243    0.4021
...    54 G-C ...
 -119.3933  -70.3431   80.3496
    0.5284    0.1797    0.8298
    0.1400    0.9455   -0.2939
   -0.8374    0.2714    0.4745
...    55 T-A ...
 -122.0953  -69.9701   82.2147
    0.5731    0.6364    0.5163
   -0.1511    0.7013   -0.6967
   -0.8054    0.3212    0.4981
...    56 A-T ...
 -124.6200  -68.7969   84.0699
    0.5231    0.8504   -0.0563
   -0.4755    0.2364   -0.8474
   -0.7073    0.4700    0.5280
...    57 T-A ...
 -126.4545  -67.2361   86.2611
    0.2460    0.8298   -0.5009
   -0.6865   -0.2157   -0.6944
   -0.6843    0.5147    0.5166
...    58 C-G ...
 -128.5870  -65.3093   87.8114
   -0.1654    0.5103   -0.8440
   -0.7360   -0.6335   -0.2387
   -0.6564    0.5817    0.4804
...    59 T-A ...
 -130.5663  -63.0251   89.1842
   -0.5046    0.0501   -0.8619
   -0.5759   -0.7633    0.2928
   -0.6432    0.6441    0.4140
...    60 C-G ...
 -132.7801  -60.8267   90.2802
   -0.7588   -0.4182   -0.4993
   -0.1758   -0.6067    0.7752
   -0.6271    0.6761    0.3869
...    61 G-C ...
 -135.0380  -58.8989   91.9157
   -0.7045   -0.7071    0.0605
    0.2835   -0.2022    0.9374
   -0.6506    0.6776    0.3429
...    62 A-T ...
 -137.1906  -56.5643   92.9163
   -0.3937   -0.6579    0.6421
    0.6732    0.2693    0.6887
   -0.6260    0.7033    0.3368
...    63 G-C ...
 -139.4648  -54.2895   93.8616
    0.0666   -0.4127    0.9084
    0.8011    0.5649    0.1979
   -0.5948    0.7145    0.3683
...    64 C-G ...
 -141.7659  -52.0954   94.9291
    0.5339   -0.0582    0.8435
    0.6467    0.6708   -0.3631
   -0.5447    0.7393    0.3958
...    65 T-A ...
 -143.6368  -49.8005   96.4371
    0.8463    0.2407    0.4752
    0.2649    0.5839   -0.7674
   -0.4622    0.7754    0.4304
...    66 C-G ...
 -145.1286  -47.2745   97.8788
    0.8799    0.4634   -0.1052
   -0.2828    0.3327   -0.8996
   -0.3819    0.8213    0.4238
...    67 T-A ...
 -146.0373  -44.5321   99.4640
    0.6381    0.4648   -0.6138
   -0.7197    0.0768   -0.6900
   -0.2736    0.8821    0.3835
...    68 C-G ...
 -146.7051  -41.5268  100.5327
    0.1139    0.3568   -0.9272
   -0.9707   -0.1590   -0.1804
   -0.2117    0.9206    0.3282
...    69 A-T ...
 -147.5244  -38.3626  101.3054
   -0.4465    0.1070   -0.8884
   -0.8766   -0.2513    0.4104
   -0.1794    0.9620    0.2060
...    70 T-A ...
 -147.5869  -35.0556  101.4982
   -0.8432   -0.0185   -0.5373
   -0.5162   -0.2516    0.8187
   -0.1504    0.9677    0.2025
...    71 G-C ...
 -148.3619  -31.9448  102.4422
   -0.9811   -0.1760    0.0806
    0.1066   -0.1439    0.9838
   -0.1615    0.9738    0.1600
...    72 T-A ...
 -149.0969  -28.6311  102.3604
   -0.7615   -0.1996    0.6166
    0.6339   -0.0307    0.7728
   -0.1353    0.9794    0.1499
...    73 T-A ...
 -149.6826  -25.4088  102.5266
   -0.2281   -0.1055    0.9679
    0.9705    0.0548    0.2347
   -0.0778    0.9929    0.0899
...    74 A-T ...
 -149.2767  -21.9927  102.4827
    0.4839   -0.0046    0.8751
    0.8742    0.0485   -0.4831
   -0.0402    0.9988    0.0275
...    75 T-A ...
 -149.8659  -18.7982  103.0005
    0.8683    0.0026    0.4961
    0.4959    0.0255   -0.8680
   -0.0149    0.9997    0.0208
...    76 A-T ...
 -149.7555  -15.4474  103.0331
    0.9851   -0.1271   -0.1163
   -0.1127    0.0351   -0.9930
    0.1302    0.9913    0.0203
...    77 A-T ...
 -149.1504  -12.2833  103.1886
    0.7328   -0.1528   -0.6631
   -0.6516    0.1231   -0.7485
    0.1960    0.9806   -0.0093
...    78 C-G ...
 -147.8851   -9.2591  103.3927
    0.2598   -0.1248   -0.9576
   -0.9327    0.2243   -0.2823
    0.2500    0.9665   -0.0581
...    79 G-C ...
 -147.2570   -5.9989  102.6319
   -0.3536   -0.0809   -0.9319
   -0.8817    0.3615    0.3031
    0.3123    0.9289   -0.1991
...    80 G-C ...
 -146.1579   -3.0177  101.3738
   -0.8096    0.0886   -0.5802
   -0.5006    0.4119    0.7614
    0.3064    0.9069   -0.2891
...    81 A-T ...
 -145.1890   -0.0388  100.2275
   -0.9381    0.3460    0.0165
    0.1232    0.2886    0.9495
    0.3237    0.8928   -0.3133
...    82 G-C ...
 -144.1900    2.8827   98.8735
   -0.7003    0.4476    0.5560
    0.6375    0.0417    0.7693
    0.3212    0.8933   -0.3146
...    83 G-C ...
 -143.1695    5.8732   97.5880
   -0.2081    0.3547    0.9115
    0.9207   -0.2437    0.3050
    0.3303    0.9027   -0.2758
...    84 G-C ...
 -142.1825    8.9211   96.4322
    0.3393    0.0905    0.9363
    0.8600   -0.4332   -0.2698
    0.3812    0.8967   -0.2248
...    85 A-T ...
 -141.0137   11.8810   95.5733
    0.7740   -0.2315    0.5894
    0.4655   -0.4229   -0.7774
    0.4292    0.8761   -0.2196
...    86 T-A ...
 -139.7619   14.9076   95.4513
    0.8900   -0.4425    0.1098
   -0.0038   -0.2480   -0.9687
    0.4559    0.8618   -0.2224
...    87 C-G ...
 -138.1613   17.6805   94.7451
    0.6750   -0.5650   -0.4745
   -0.5273    0.0804   -0.8459
    0.5160    0.8212   -0.2437
...    88 C-G ...
 -136.0401   20.1734   93.9127
    0.2050   -0.5110   -0.8348
   -0.7837    0.4252   -0.4528
    0.5863    0.7470   -0.3133
...    89 G-C ...
 -134.2798   22.6450   92.3633
   -0.3541   -0.2532   -0.9003
   -0.7031    0.7068    0.0778
    0.6167    0.6605   -0.4283
...    90 C-G ...
 -132.0874   24.4417   90.5600
   -0.7091    0.1753   -0.6830
   -0.3488    0.7546    0.5558
    0.6128    0.6323   -0.4739
...    91 T-A ...
 -130.0938   26.3415   88.6357
   -0.7956    0.5568   -0.2386
    0.1380    0.5501    0.8236
    0.5899    0.6224   -0.5145
...    92 T-A ...
 -128.2055   28.1820   86.6921
   -0.5098    0.8133    0.2804
    0.5866    0.0902    0.8048
    0.6293    0.5747   -0.5231
...    93 T-A ...
 -126.3091   29.9859   84.7231
   -0.0109    0.7310    0.6823
    0.7607   -0.4368    0.4802
    0.6491    0.5243   -0.5513
...    94 A-T ...
 -123.6172   31.1060   82.8294
    0.5564    0.2561    0.7905
    0.5271   -0.8442   -0.0975
    0.6423    0.4709   -0.6047
...    95 A-T ...
 -121.6233   32.8066   80.8936
    0.7666   -0.2982    0.5687
    0.0746   -0.8382   -0.5402
    0.6378    0.4566   -0.6203
...    96 C-G ...
 -119.4393   34.7226   79.2814
    0.6568   -0.7263    0.2026
   -0.3574   -0.5365   -0.7645
    0.6640    0.4298   -0.6119
...    97 A-T ...
 -117.2972   35.9658   76.9858
    0.2361   -0.9451   -0.2261
   -0.6600    0.0148   -0.7511
    0.7132    0.3266   -0.6202
...    98 C-G ...
 -114.5169   36.7594   75.3492
   -0.1918   -0.7960   -0.5741
   -0.6677    0.5345   -0.5181
    0.7193    0.2840   -0.6340
...    99 T-A ...
 -112.0022   37.3249   73.2166
   -0.5770   -0.3784   -0.7238
   -0.4174    0.8984   -0.1369
    0.7021    0.2231   -0.6763
...   100 T-A ...
 -109.6684   37.7964   70.9906
   -0.7029    0.2364   -0.6708
    0.0161    0.9482    0.3172
    0.7111    0.2122   -0.6703
...   101 T-A ...
 -107.3930   38.2340   68.6892
   -0.5302    0.7652   -0.3652
    0.4366    0.6156    0.6560
    0.7268    0.1884   -0.6605
...   102 A-T ...
 -104.5234   38.9466   66.9099
   -0.0462    0.9887    0.1429
    0.6692   -0.0756    0.7392
    0.7417    0.1298   -0.6581
...   103 T-A ...
 -102.5697   39.5482   64.2892
    0.3328    0.7995    0.5000
    0.5856   -0.5908    0.5549
    0.7391    0.1081   -0.6648
...   104 G-C ...
  -99.8918   39.6463   62.2519
    0.5726    0.2645    0.7760
    0.2690   -0.9547    0.1269
    0.7744    0.1361   -0.6179
...   105 C-G ...
  -97.3651   40.4929   60.2168
    0.5924   -0.3330    0.7336
   -0.1089   -0.9353   -0.3366
    0.7982    0.1196   -0.5904
...   106 T-A ...
  -94.5706   41.0369   58.4673
    0.3797   -0.8044    0.4568
   -0.4102   -0.5890   -0.6963
    0.8292    0.0770   -0.5537
...   107 T-A ...
  -91.7779   41.3438   56.8314
    0.0556   -0.9977   -0.0399
   -0.5568    0.0022   -0.8307
    0.8288    0.0684   -0.5554
...   108 C-G ...
  -89.0136   41.4308   55.0274
   -0.3251   -0.7905   -0.5190
   -0.4610    0.6117   -0.6429
    0.8257    0.0302   -0.5633
...   109 C-G ...
  -86.2325   41.1358   53.0950
   -0.5919   -0.3009   -0.7478
   -0.1624    0.9532   -0.2550
    0.7895   -0.0295   -0.6130
...   110 G-C ...
  -83.7045   41.3840   50.8237
   -0.6436    0.3218   -0.6944
    0.2511    0.9459    0.2055
    0.7230   -0.0421   -0.6896
...   111 G-C ...
  -81.4601   41.0667   48.2775
   -0.4327    0.8071   -0.4017
    0.5915    0.5905    0.5490
    0.6803   -0.0001   -0.7329
...   112 C-G ...
  -79.5080   40.9554   45.5433
   -0.0410    0.9991    0.0101
    0.7389    0.0235    0.6734
    0.6726    0.0351   -0.7392
...   113 T-A ...
  -77.4784   41.2307   42.8898
    0.3457    0.8372    0.4238
    0.6474   -0.5397    0.5381
    0.6792    0.0883   -0.7286
...   114 C-G ...
  -75.2538   41.5869   40.4633
    0.6516    0.3254    0.6852
    0.3010   -0.9401    0.1602
    0.6962    0.1019   -0.7105
...   115 G-C ...
  -72.7560   41.4967   38.1410
    0.6293   -0.3012    0.7164
   -0.1185   -0.9482   -0.2946
    0.7681    0.1005   -0.6324
...   116 T-A ...
  -70.0184   42.2977   36.4142
    0.4393   -0.7749    0.4544
   -0.4391   -0.6265   -0.6439
    0.7837    0.0833   -0.6155
...   117 A-T ...
  -67.6628   42.3786   33.9248
    0.0433   -0.9948   -0.0920
   -0.6167    0.0458   -0.7859
    0.7860    0.0907   -0.6115
...   118 T-A ...
  -64.7040   42.4450   32.4385
   -0.2811   -0.8194   -0.4995
   -0.5457    0.5647   -0.6191
    0.7894    0.0985   -0.6059
...   119 A-T ...
  -62.2497   43.2468   30.1687
   -0.5462   -0.2211   -0.8079
   -0.2212    0.9684   -0.1155
    0.8079    0.1156   -0.5778
...   120 A-T ...
  -59.5936   43.3618   28.2709
   -0.5456    0.4091   -0.7315
    0.1421    0.9053    0.4003
    0.8259    0.1144   -0.5520
...   121 T-A ...
  -57.0934   43.1980   26.0956
   -0.3780    0.8275   -0.4152
    0.4029    0.5508    0.7310
    0.8335    0.1091   -0.5416
...   122 G-C ...
  -54.1956   43.7451   24.4718
   -0.1289    0.9796    0.1542
    0.5611   -0.0562    0.8259
    0.8177    0.1929   -0.5424
...   123 T-A ...
  -51.8738   44.5976   22.2301
    0.1699    0.7822    0.5994
    0.5378   -0.5833    0.6087
    0.8257    0.2189   -0.5198
...   124 G-C ...
  -48.9257   45.2240   20.7202
    0.3674    0.2554    0.8943
    0.3547   -0.9274    0.1191
    0.8598    0.2734   -0.4313
...   125 T-A ...
  -46.2389   46.7122   19.4667
    0.4658   -0.3018    0.8318
    0.1071   -0.9139   -0.3916
    0.8784    0.2715   -0.3934
...   126 C-G ...
  -43.2764   47.5865   18.3113
    0.4044   -0.8058    0.4327
   -0.1763   -0.5329   -0.8276
    0.8974    0.2584   -0.3576
...   127 G-C ...
  -40.2532   48.0483   16.7957
    0.1451   -0.9831   -0.1116
   -0.3230    0.0595   -0.9445
    0.9352    0.1731   -0.3089
...   128 A-T ...
  -37.1072   48.4910   15.8232
   -0.0904   -0.7345   -0.6725
   -0.3251    0.6601   -0.6772
    0.9414    0.1574   -0.2985
...   129 C-G ...
  -33.8153   48.4288   15.0946
   -0.2561   -0.2445   -0.9352
   -0.2120    0.9581   -0.1925
    0.9431    0.1490   -0.2972
...   130 C-G ...
  -30.6053   48.6676   13.9643
   -0.3788    0.3473   -0.8579
   -0.0142    0.9246    0.3806
    0.9254    0.1564   -0.3453
...   131 A-T ...
  -27.4653   49.4303   13.0319
   -0.3711    0.8270   -0.4223
    0.2178    0.5196    0.8262
    0.9027    0.2146   -0.3729
...   132 A-T ...
  -24.5885   50.0351   11.6276
   -0.1659    0.9744    0.1516
    0.3787   -0.0790    0.9222
    0.9105    0.2104   -0.3559
...   133 A-T ...
  -21.7143   50.7863   10.3126
    0.0710    0.7357    0.6735
    0.3981   -0.6400    0.6572
    0.9146    0.2214   -0.3384
...   134 T-A ...
  -19.0083   52.0402    8.9385
    0.2450    0.2904    0.9250
    0.3072   -0.9282    0.2101
    0.9196    0.2327   -0.3167
...   135 G-C ...
  -16.4569   53.8980    7.5291
    0.5336   -0.3334    0.7773
    0.0348   -0.9096   -0.4140
    0.8450    0.2479   -0.4738
...   136 T-A ...
  -14.1681   56.5698    6.1949
    0.5795   -0.7269    0.3684
   -0.3140   -0.6163   -0.7222
    0.7521    0.3028   -0.5854
...   137 G-C ...
  -11.6469   58.0146    4.7337
    0.2454   -0.9541   -0.1717
   -0.6318   -0.0231   -0.7748
    0.7352    0.2986   -0.6085
...   138 A-T ...
   -8.6698   58.7289    3.6171
   -0.0344   -0.7815   -0.6230
   -0.6534    0.4892   -0.5777
    0.7562    0.3872   -0.5274
...   139 G-C ...
   -6.3211   59.0879    1.6441
   -0.2967   -0.3277   -0.8970
   -0.5657    0.8170   -0.1114
    0.7694    0.4744   -0.4278
...   140 C-G ...
   -3.4296   60.2437    1.0436
   -0.4424    0.2288   -0.8671
   -0.1682    0.9286    0.3309
    0.8809    0.2922   -0.3723
...   141 G-C ...
   -0.6893   63.9062   -2.2355
   -0.9992    0.0156   -0.0375
   -0.0024    0.8991    0.4378
    0.0405    0.4375   -0.8983
...   142 C-G ...
   -0.9979   65.6137   -4.9248
   -0.8337    0.5217    0.1810
    0.5169    0.6220    0.5881
    0.1942    0.5839   -0.7882
...   143 T-A ...
   -0.1244   66.2250   -7.8041
   -0.3751    0.8568    0.3538
    0.8856    0.2185    0.4098
    0.2739    0.4670   -0.8408
...   144 C-G ...
   -0.1580   67.4196  -10.7921
    0.1799    0.8792    0.4411
    0.9276   -0.3009    0.2214
    0.3274    0.3694   -0.8697
...   145 A-T ...
    0.5353   69.2487  -13.4513
    0.7352    0.4961    0.4620
    0.6117   -0.7791   -0.1369
    0.2921    0.3832   -0.8763
...   146 C-G ...
    1.4421   72.1064  -15.5858
    0.9808    0.0622    0.1849
    0.1266   -0.9240   -0.3608
    0.1484    0.3773   -0.9141
...   147 A-T ...
    2.3150   74.2410  -18.3713
    0.8657   -0.4292   -0.2574
   -0.4984   -0.7868   -0.3642
   -0.0462    0.4436   -0.8950
