  147 base-pairs
...     1 A-T ...
    0.0000    0.0000    0.0000
    1.0000    0.0000    0.0000
    0.0000    1.0000    0.0000
    0.0000    0.0000    1.0000
...     2 G-C ...
   -0.1394   -1.2357    3.2268
    0.7529    0.6366    0.1670
   -0.6386    0.7680   -0.0486
   -0.1592   -0.0700    0.9848
...     3 T-A ...
   -0.0365   -3.2932    6.3751
    0.2722    0.9301    0.2466
   -0.9238    0.3243   -0.2033
   -0.2691   -0.1725    0.9475
...     4 G-C ...
   -0.3505   -4.1660    9.4928
   -0.3756    0.9250    0.0579
   -0.8781   -0.3352   -0.3415
   -0.2965   -0.1791    0.9381
...     5 A-T ...
   -0.4462   -4.1476   12.7498
   -0.8116    0.5840   -0.0165
   -0.5523   -0.7762   -0.3042
   -0.1905   -0.2378    0.9524
...     6 G-C ...
   -1.5908   -4.1730   15.6201
   -0.9976    0.0246   -0.0651
   -0.0043   -0.9555   -0.2950
   -0.0695   -0.2940    0.9533
...     7 C-G ...
   -1.1030   -4.4824   18.7362
   -0.8441   -0.5304   -0.0787
    0.5345   -0.8441   -0.0432
   -0.0435   -0.0785    0.9960
...     8 G-C ...
   -2.4028   -7.7290   23.1475
   -0.2754   -0.3293   -0.9032
    0.6650   -0.7437    0.0684
   -0.6942   -0.5818    0.4238
...     9 C-G ...
   -4.4690   -9.9728   24.1132
    0.1145   -0.7025   -0.7024
    0.8512   -0.2952    0.4340
   -0.5122   -0.6476    0.5642
...    10 T-A ...
   -6.7405  -10.8752   25.9697
    0.4841   -0.8363   -0.2574
    0.6595    0.1553    0.7355
   -0.5751   -0.5258    0.6267
...    11 C-G ...
   -9.1656  -12.6208   27.1640
    0.7073   -0.6682    0.2307
    0.3448    0.6110    0.7126
   -0.6171   -0.4245    0.6626
...    12 A-T ...
  -10.9234  -14.6633   29.0693
    0.7515   -0.1377    0.6452
   -0.2029    0.8824    0.4246
   -0.6277   -0.4500    0.6352
...    13 C-G ...
  -11.8476  -17.4863   31.2451
    0.4295    0.2823    0.8578
   -0.5708    0.8209    0.0156
   -0.6998   -0.4963    0.5137
...    14 A-T ...
  -13.5897  -19.7827   33.4259
   -0.1504    0.6104    0.7777
   -0.6874    0.5008   -0.5260
   -0.7106   -0.6136    0.3443
...    15 A-T ...
  -15.8156  -21.8469   34.5821
   -0.5334    0.7884    0.3063
   -0.4492    0.0428   -0.8924
   -0.7167   -0.6136    0.3314
...    16 T-A ...
  -17.9311  -23.8272   36.3620
   -0.7233    0.6522   -0.2267
   -0.0629   -0.3893   -0.9190
   -0.6876   -0.6505    0.3226
...    17 T-A ...
  -20.1832  -25.7887   37.7373
   -0.6414    0.2632   -0.7207
    0.3976   -0.6893   -0.6056
   -0.6562   -0.6750    0.3374
...    18 T-A ...
  -22.4322  -27.8716   38.8824
   -0.2771   -0.1790   -0.9440
    0.6984   -0.7123   -0.0700
   -0.6599   -0.6787    0.3224
...    19 A-T ...
  -24.4122  -30.4453   40.0092
    0.2521   -0.5963   -0.7621
    0.7083   -0.4229    0.5652
   -0.6594   -0.6823    0.3157
...    20 T-A ...
  -26.9910  -32.4853   40.5381
    0.5848   -0.7408   -0.3305
    0.4647   -0.0281    0.8850
   -0.6649   -0.6711    0.3278
...    21 T-A ...
  -29.2214  -34.7250   41.3409
    0.7275   -0.6267    0.2794
    0.0087    0.4155    0.9095
   -0.6861   -0.6592    0.3077
...    22 C-G ...
  -31.4360  -36.9459   42.3815
    0.5973   -0.2327    0.7675
   -0.4459    0.6992    0.5589
   -0.6667   -0.6760    0.3138
...    23 G-C ...
  -33.9205  -38.7816   43.7903
    0.3356    0.2983    0.8935
   -0.7254    0.6869    0.0431
   -0.6009   -0.6627    0.4469
...    24 C-G ...
  -35.5886  -41.2151   45.2632
   -0.0654    0.6549    0.7529
   -0.7894    0.4276   -0.4405
   -0.6104   -0.6231    0.4889
...    25 A-T ...
  -38.0178  -43.2322   46.4216
   -0.4878    0.8202    0.2988
   -0.5874   -0.0552   -0.8074
   -0.6457   -0.5694    0.5088
...    26 A-T ...
  -40.1167  -45.0247   48.1985
   -0.7311    0.6383   -0.2407
   -0.1928   -0.5317   -0.8247
   -0.6544   -0.5566    0.5118
...    27 A-T ...
  -42.1996  -46.6453   50.1209
   -0.7095    0.1934   -0.6776
    0.2833   -0.8022   -0.5255
   -0.6453   -0.5648    0.5144
...    28 G-C ...
  -44.6481  -48.1688   51.9018
   -0.4019   -0.2514   -0.8805
    0.6113   -0.7896   -0.0537
   -0.6817   -0.5598    0.4710
...    29 G-C ...
  -47.2487  -49.9739   53.2855
    0.0766   -0.6426   -0.7623
    0.7135   -0.4988    0.4921
   -0.6965   -0.5816    0.4203
...    30 C-G ...
  -49.7184  -51.9251   54.2871
    0.4958   -0.7931   -0.3539
    0.5217   -0.0538    0.8514
   -0.6943   -0.6067    0.3870
...    31 C-G ...
  -52.2324  -53.9171   55.3826
    0.7396   -0.6492    0.1776
    0.1365    0.4031    0.9049
   -0.6591   -0.6451    0.3867
...    32 G-C ...
  -54.2472  -55.7449   56.9022
    0.7531   -0.2718    0.5991
   -0.2883    0.6822    0.6720
   -0.5913   -0.6788    0.4354
...    33 G-C ...
  -55.9805  -58.2093   58.4254
    0.4931    0.2145    0.8431
   -0.6678    0.7145    0.2088
   -0.5576   -0.6660    0.4955
...    34 C-G ...
  -57.5532  -60.6753   59.9713
    0.0624    0.6245    0.7785
   -0.8249    0.4714   -0.3120
   -0.5618   -0.6228    0.5445
...    35 C-G ...
  -59.1938  -62.6724   62.2023
   -0.3573    0.8384    0.4116
   -0.7252    0.0287   -0.6879
   -0.5886   -0.5443    0.5978
...    36 C-G ...
  -61.1067  -64.3089   64.4437
   -0.6679    0.7371   -0.1029
   -0.4199   -0.4873   -0.7657
   -0.6145   -0.4682    0.6350
...    37 G-C ...
  -63.2838  -66.4638   65.9539
   -0.7378    0.3622   -0.5696
    0.0211   -0.8310   -0.5558
   -0.6746   -0.4222    0.6055
...    38 A-T ...
  -65.4866  -67.7500   67.8926
   -0.5779   -0.2120   -0.7881
    0.4534   -0.8863   -0.0941
   -0.6785   -0.4118    0.6083
...    39 C-G ...
  -68.0609  -68.7243   69.5804
   -0.2268   -0.6443   -0.7304
    0.6724   -0.6461    0.3612
   -0.7046   -0.4092    0.5797
...    40 A-T ...
  -70.4520  -70.3087   71.4064
    0.2567   -0.8960   -0.3623
    0.6612   -0.1106    0.7420
   -0.7049   -0.4300    0.5641
...    41 C-G ...
  -72.9957  -72.0055   72.8262
    0.5736   -0.8141    0.0905
    0.4168    0.3853    0.8233
   -0.7051   -0.4345    0.5603
...    42 G-C ...
  -75.2097  -73.0696   75.0552
    0.7333   -0.3924    0.5553
   -0.0050    0.8135    0.5815
   -0.6799   -0.4292    0.5946
...    43 A-T ...
  -77.5305  -74.3892   76.7705
    0.5926    0.1724    0.7868
   -0.4116    0.9045    0.1118
   -0.6924   -0.3901    0.6070
...    44 C-G ...
  -79.4479  -76.2296   78.7212
    0.3236    0.6585    0.6795
   -0.6725    0.6652   -0.3245
   -0.6657   -0.3519    0.6581
...    45 T-A ...
  -81.3839  -77.5711   81.3906
   -0.0575    0.9593    0.2764
   -0.7375    0.1458   -0.6595
   -0.6729   -0.2418    0.6991
...    46 T-A ...
  -83.5183  -78.1919   83.6426
   -0.3876    0.9059   -0.1707
   -0.6073   -0.3903   -0.6920
   -0.6935   -0.1646    0.7014
...    47 A-T ...
  -85.9310  -78.3937   85.9024
   -0.5574    0.5418   -0.6291
   -0.3293   -0.8398   -0.4315
   -0.7622   -0.0333    0.6465
...    48 C-G ...
  -88.4264  -77.7276   88.0063
   -0.6174    0.0035   -0.7867
   -0.0164   -0.9998    0.0084
   -0.7865    0.0181    0.6173
...    49 T-A ...
  -91.2034  -77.1514   89.8451
   -0.4770   -0.5373   -0.6955
    0.2579   -0.8421    0.4737
   -0.8402    0.0466    0.5402
...    50 G-C ...
  -94.0335  -77.2229   91.6362
   -0.1858   -0.9383   -0.2918
    0.4608   -0.3455    0.8175
   -0.8678    0.0174    0.4966
...    51 T-A ...
  -97.0620  -77.2947   92.7719
    0.0766   -0.9682    0.2383
    0.4805    0.2453    0.8420
   -0.8736    0.0500    0.4840
...    52 A-T ...
  -99.4828  -75.9109   95.1800
    0.2580   -0.4608    0.8492
    0.3449    0.8649    0.3646
   -0.9025    0.1988    0.3821
...    53 G-C ...
 -102.5045  -75.2016   96.2960
    0.4671    0.0714    0.8813
    0.1807    0.9680   -0.1742
   -0.8656    0.2406    0.4392
...    54 G-C ...
 -105.5196  -74.9033   98.1615
    0.5693    0.5899    0.5727
   -0.1153    0.7470   -0.6548
   -0.8140    0.3068    0.4932
...    55 T-A ...
 -108.0021  -74.0981  100.0572
    0.4699    0.8757    0.1109
   -0.3879    0.3178   -0.8652
   -0.7929    0.3636    0.4891
...    56 A-T ...
 -110.3487  -72.6576  102.1637
    0.2826    0.8253   -0.4889
   -0.6203   -0.2316   -0.7494
   -0.7317    0.5151    0.4464
...    57 T-A ...
 -112.2171  -70.6828  103.9161
   -0.0387    0.5499   -0.8343
   -0.6987   -0.6117   -0.3708
   -0.7143    0.5686    0.4079
...    58 C-G ...
 -114.5779  -68.4488  105.1351
   -0.4388   -0.0052   -0.8986
   -0.5489   -0.7902    0.2726
   -0.7114    0.6129    0.3438
...    59 T-A ...
 -116.9629  -66.2588  105.8663
   -0.6377   -0.4777   -0.6043
   -0.2491   -0.6144    0.7486
   -0.7289    0.6279    0.2728
...    60 C-G ...
 -119.6002  -64.5877  106.9200
   -0.6748   -0.7379    0.0109
    0.1517   -0.1243    0.9806
   -0.7222    0.6633    0.1958
...    61 G-C ...
 -121.7119  -62.3492  108.2491
   -0.4662   -0.6394    0.6114
    0.5193    0.3617    0.7743
   -0.7162    0.6785    0.1634
...    62 A-T ...
 -123.7581  -59.7798  108.7962
   -0.0344   -0.2465    0.9685
    0.7311    0.6546    0.1925
   -0.6814    0.7147    0.1577
...    63 G-C ...
 -125.9791  -57.3576  109.2034
    0.3948    0.1628    0.9042
    0.6610    0.6332   -0.4026
   -0.6382    0.7566    0.1423
...    64 C-G ...
 -128.4345  -55.0345  109.8779
    0.7390    0.4749    0.4778
    0.3111    0.3885   -0.8673
   -0.5975    0.7896    0.1394
...    65 T-A ...
 -130.4405  -52.4375  110.5569
    0.8479    0.5243   -0.0788
   -0.1335    0.0672   -0.9888
   -0.5131    0.8489    0.1270
...    66 C-G ...
 -132.0635  -49.5315  110.9066
    0.6447    0.3988   -0.6521
   -0.6230   -0.2202   -0.7506
   -0.4430    0.8902    0.1065
...    67 G-C ...
 -133.7092  -46.6391  110.4317
    0.2272    0.1131   -0.9672
   -0.9082   -0.3338   -0.2524
   -0.3514    0.9358    0.0269
...    68 G-C ...
 -134.5418  -43.3487  110.1331
   -0.3108   -0.1717   -0.9348
   -0.8931   -0.2838    0.3491
   -0.3253    0.9434   -0.0652
...    69 G-C ...
 -135.5958  -40.2386  109.2653
   -0.7365   -0.3788   -0.5604
   -0.5880   -0.0509    0.8072
   -0.3343    0.9241   -0.1852
...    70 A-T ...
 -136.5637  -37.1310  108.3136
   -0.9558   -0.2871    0.0641
    0.0004    0.2165    0.9763
   -0.2941    0.9331   -0.2068
...    71 T-A ...
 -137.6781  -34.2590  107.0641
   -0.8070   -0.1070    0.5807
    0.5191    0.3401    0.7841
   -0.2814    0.9343   -0.2189
...    72 C-G ...
 -138.8394  -31.1892  106.1088
   -0.3041    0.1811    0.9353
    0.9227    0.3003    0.2418
   -0.2371    0.9365   -0.2585
...    73 C-G ...
 -139.6205  -28.1535  105.0294
    0.2749    0.2231    0.9352
    0.9430    0.1273   -0.3076
   -0.1876    0.9665   -0.1754
...    74 G-C ...
 -139.7474  -24.9176  104.2030
    0.7884    0.1471    0.5974
    0.6084   -0.0429   -0.7924
   -0.0909    0.9882   -0.1233
...    75 C-G ...
 -140.3766  -21.5107  104.1289
    0.9980    0.0532    0.0342
    0.0421   -0.1540   -0.9872
   -0.0473    0.9866   -0.1559
...    76 T-A ...
 -140.3800  -18.0549  103.9768
    0.8409   -0.1206   -0.5276
   -0.5406   -0.1398   -0.8296
    0.0263    0.9828   -0.1827
...    77 T-A ...
 -139.9517  -14.8694  103.4932
    0.3703   -0.2131   -0.9041
   -0.9273   -0.0283   -0.3731
    0.0539    0.9766   -0.2081
...    78 T-A ...
 -139.6221  -11.7448  102.6886
   -0.2295   -0.2415   -0.9429
   -0.9709    0.1255    0.2041
    0.0691    0.9623   -0.2632
...    79 A-T ...
 -139.9221   -8.4937  101.8101
   -0.7815   -0.1272   -0.6108
   -0.6181    0.2913    0.7301
    0.0850    0.9481   -0.3063
...    80 A-T ...
 -139.5642   -5.5222  100.5794
   -0.9911    0.1180   -0.0608
   -0.0201    0.3197    0.9473
    0.1312    0.9401   -0.3145
...    81 C-G ...
 -139.2604   -2.5263   98.9364
   -0.8117    0.3328    0.4799
    0.5572    0.1951    0.8071
    0.1750    0.9226   -0.3438
...    82 A-T ...
 -138.6380    0.5911   97.8289
   -0.2848    0.3728    0.8831
    0.9373   -0.0848    0.3380
    0.2009    0.9240   -0.3253
...    83 C-G ...
 -138.6530    3.7963   96.6781
    0.2677    0.2632    0.9268
    0.9371   -0.2947   -0.1870
    0.2239    0.9186   -0.3256
...    84 T-A ...
 -138.2939    7.2717   95.8521
    0.7490   -0.0192    0.6622
    0.5959   -0.4174   -0.6861
    0.2896    0.9085   -0.3012
...    85 T-A ...
 -137.4112   10.3264   95.1807
    0.9505   -0.2738    0.1466
    0.0465   -0.3411   -0.9389
    0.3071    0.8993   -0.3115
...    86 T-A ...
 -136.2966   13.2184   94.2278
    0.7832   -0.4848   -0.3893
   -0.4979   -0.1141   -0.8597
    0.3724    0.8671   -0.3308
...    87 A-T ...
 -135.0718   15.9894   92.8086
    0.2995   -0.5423   -0.7850
   -0.8487    0.2244   -0.4789
    0.4359    0.8097   -0.3930
...    88 T-A ...
 -133.0199   18.2215   91.7175
   -0.1713   -0.4133   -0.8943
   -0.8721    0.4860   -0.0575
    0.4584    0.7701   -0.4437
...    89 G-C ...
 -131.3755   20.5611   90.0110
   -0.7081   -0.1042   -0.6983
   -0.5679    0.6718    0.4756
    0.4196    0.7334   -0.5349
...    90 C-G ...
 -130.0123   22.7405   87.8476
   -0.9105    0.2897   -0.2950
   -0.0533    0.6252    0.7786
    0.4099    0.7247   -0.5539
...    91 T-A ...
 -128.9894   25.1194   85.4835
   -0.7605    0.6134    0.2130
    0.5166    0.3728    0.7708
    0.3934    0.6962   -0.6004
...    92 T-A ...
 -127.9224   27.2764   83.2476
   -0.2639    0.7606    0.5932
    0.8674   -0.0818    0.4909
    0.4219    0.6441   -0.6381
...    93 T-A ...
 -126.6274   29.2492   80.9866
    0.3466    0.5792    0.7378
    0.8310   -0.5544    0.0449
    0.4350    0.5976   -0.6735
...    94 C-G ...
 -125.0251   30.9439   78.5374
    0.7716    0.0923    0.6294
    0.4313   -0.8032   -0.4109
    0.4676    0.5885   -0.6596
...    95 A-T ...
 -123.5621   32.5524   75.8986
    0.8151   -0.4675    0.3421
   -0.1055   -0.7005   -0.7059
    0.5696    0.5393   -0.6203
...    96 T-A ...
 -121.4829   34.4851   74.2753
    0.6076   -0.7935   -0.0348
   -0.5038   -0.3512   -0.7892
    0.6140    0.4970   -0.6132
...    97 G-C ...
 -119.2158   36.0364   72.1199
    0.1001   -0.8918   -0.4412
   -0.7480    0.2249   -0.6244
    0.6561    0.3925   -0.6446
...    98 T-A ...
 -116.5651   36.9685   70.2249
   -0.3374   -0.6198   -0.7086
   -0.6667    0.6887   -0.2850
    0.6646    0.3762   -0.6455
...    99 T-A ...
 -114.3231   37.9608   68.1476
   -0.6596   -0.0984   -0.7452
   -0.3321    0.9275    0.1716
    0.6743    0.3606   -0.6444
...   100 A-T ...
 -111.9879   39.4134   66.0283
   -0.6780    0.5732   -0.4601
    0.1989    0.7457    0.6360
    0.7076    0.3397   -0.6196
...   101 T-A ...
 -109.9444   40.0584   63.5179
   -0.4524    0.8888   -0.0736
    0.5234    0.3314    0.7850
    0.7221    0.3166   -0.6151
...   102 A-T ...
 -107.1744   40.9727   61.6062
    0.0758    0.8902    0.4492
    0.6731   -0.3780    0.6357
    0.7357    0.2541   -0.6278
...   103 A-T ...
 -104.9285   41.8530   59.4662
    0.4708    0.4974    0.7286
    0.4822   -0.8367    0.2596
    0.7388    0.2291   -0.6338
...   104 C-G ...
 -102.6936   43.1918   57.2521
    0.6577   -0.0666    0.7504
    0.1200   -0.9741   -0.1917
    0.7437    0.2161   -0.6326
...   105 G-C ...
 -100.1282   43.4924   55.2189
    0.5265   -0.6451    0.5538
   -0.2717   -0.7449   -0.6094
    0.8056    0.1704   -0.5675
...   106 G-C ...
  -97.2624   43.7786   53.6209
    0.2055   -0.9593    0.1935
   -0.4696   -0.2701   -0.8406
    0.8586    0.0819   -0.5060
...   107 A-T ...
  -94.3890   43.7701   52.0718
   -0.1725   -0.9332   -0.3152
   -0.4720    0.3592   -0.8051
    0.8645    0.0099   -0.5025
...   108 C-G ...
  -91.2813   43.3249   51.0176
   -0.4370   -0.5905   -0.6785
   -0.2903    0.8065   -0.5150
    0.8513   -0.0281   -0.5239
...   109 C-G ...
  -88.4487   42.8241   49.1108
   -0.6010   -0.0213   -0.7990
    0.0425    0.9974   -0.0585
    0.7981   -0.0692   -0.5985
...   110 G-C ...
  -86.0199   42.9668   47.1583
   -0.5584    0.5208   -0.6458
    0.3825    0.8524    0.3567
    0.7362   -0.0478   -0.6751
...   111 G-C ...
  -83.8215   42.8721   44.5907
   -0.2853    0.9149   -0.2855
    0.6474    0.4037    0.6465
    0.7067   -0.0004   -0.7075
...   112 C-G ...
  -81.8964   42.9276   41.8338
    0.1037    0.9811    0.1633
    0.6991   -0.1887    0.6897
    0.7075    0.0426   -0.7054
...   113 T-A ...
  -79.6770   43.1454   39.3561
    0.4370    0.7149    0.5459
    0.5418   -0.6936    0.4747
    0.7180    0.0884   -0.6904
...   114 C-G ...
  -77.1756   43.3608   37.1588
    0.6569    0.1445    0.7400
    0.1879   -0.9819    0.0250
    0.7302    0.1226   -0.6721
...   115 G-C ...
  -74.6847   43.2179   34.9080
    0.5803   -0.4890    0.6512
   -0.2286   -0.8653   -0.4461
    0.7817    0.1100   -0.6139
...   116 T-A ...
  -71.6933   43.8331   33.4966
    0.3241   -0.8895    0.3221
   -0.5032   -0.4504   -0.7375
    0.8011    0.0770   -0.5936
...   117 A-T ...
  -68.7241   44.0263   31.8166
   -0.0848   -0.9824   -0.1662
   -0.5735    0.1845   -0.7982
    0.8148    0.0276   -0.5791
...   118 T-A ...
  -65.7257   43.7951   30.4692
   -0.3562   -0.7377   -0.5735
   -0.4445    0.6736   -0.5904
    0.8219    0.0447   -0.5679
...   119 A-T ...
  -62.9156   44.2680   28.4724
   -0.5179   -0.0751   -0.8521
   -0.0959    0.9950   -0.0294
    0.8500    0.0665   -0.5225
...   120 A-T ...
  -60.1600   44.1471   26.7345
   -0.4756    0.5196   -0.7099
    0.2165    0.8513    0.4780
    0.8526    0.0736   -0.5173
...   121 T-A ...
  -57.5774   43.9319   24.6113
   -0.2789    0.8953   -0.3474
    0.4298    0.4399    0.7885
    0.8588    0.0706   -0.5075
...   122 G-C ...
  -54.6386   44.2074   22.7403
   -0.0310    0.9664    0.2551
    0.5109   -0.2041    0.8351
    0.8591    0.1562   -0.4874
...   123 T-A ...
  -52.0736   44.9263   20.7990
    0.2167    0.7106    0.6693
    0.4445   -0.6823    0.5805
    0.8692    0.1717   -0.4637
...   124 G-C ...
  -49.1074   45.5775   19.2886
    0.3605    0.1456    0.9213
    0.2598   -0.9643    0.0508
    0.8959    0.2211   -0.3854
...   125 T-A ...
  -46.3565   46.7378   18.1393
    0.3930   -0.4025    0.8267
    0.0486   -0.8887   -0.4558
    0.9182    0.2194   -0.3297
...   126 C-G ...
  -43.3676   47.3756   17.2756
    0.3514   -0.8516    0.3890
   -0.1674   -0.4660   -0.8688
    0.9211    0.2402   -0.3063
...   127 G-C ...
  -40.4068   47.7701   15.6881
    0.1114   -0.9823   -0.1507
   -0.2697    0.1161   -0.9559
    0.9565    0.1471   -0.2520
...   128 A-T ...
  -37.3230   48.2303   14.9380
   -0.0614   -0.7085   -0.7030
   -0.2844    0.6875   -0.6681
    0.9567    0.1589   -0.2438
...   129 C-G ...
  -34.0191   48.0864   14.5284
   -0.2322   -0.2217   -0.9471
   -0.2029    0.9633   -0.1758
    0.9513    0.1514   -0.2687
...   130 C-G ...
  -30.7979   48.2036   13.3877
   -0.3805    0.3363   -0.8615
   -0.0203    0.9283    0.3713
    0.9245    0.1588   -0.3464
...   131 A-T ...
  -27.5952   49.3389   12.9552
   -0.3561    0.8285   -0.4321
    0.1931    0.5177    0.8335
    0.9143    0.2134   -0.3443
...   132 A-T ...
  -24.6313   50.0071   11.7134
   -0.1942    0.9702    0.1448
    0.3612   -0.0666    0.9301
    0.9121    0.2329   -0.3375
...   133 A-T ...
  -21.7924   50.8633   10.2872
    0.0755    0.7445    0.6633
    0.3927   -0.6337    0.6665
    0.9166    0.2101   -0.3402
...   134 T-A ...
  -19.0084   52.0402    8.9384
    0.2450    0.2904    0.9250
    0.3072   -0.9282    0.2101
    0.9196    0.2327   -0.3167
...   135 G-C ...
  -16.4569   53.8980    7.5291
    0.5336   -0.3334    0.7773
    0.0348   -0.9096   -0.4140
    0.8450    0.2479   -0.4738
...   136 T-A ...
  -14.1681   56.5698    6.1949
    0.5795   -0.7269    0.3684
   -0.3140   -0.6163   -0.7222
    0.7521    0.3028   -0.5854
...   137 G-C ...
  -11.6469   58.0147    4.7337
    0.2454   -0.9541   -0.1717
   -0.6318   -0.0231   -0.7748
    0.7352    0.2986   -0.6085
...   138 A-T ...
   -8.6698   58.7289    3.6171
   -0.0344   -0.7815   -0.6230
   -0.6534    0.4892   -0.5777
    0.7562    0.3872   -0.5274
...   139 G-C ...
   -6.3211   59.0879    1.6441
   -0.2967   -0.3277   -0.8970
   -0.5657    0.8170   -0.1114
    0.7694    0.4744   -0.4278
...   140 C-G ...
   -3.4296   60.2437    1.0435
   -0.4424    0.2288   -0.8671
   -0.1682    0.9286    0.3309
    0.8809    0.2922   -0.3723
...   141 G-C ...
   -0.6893   63.9063   -2.2356
   -0.9992    0.0156   -0.0375
   -0.0024    0.8991    0.4378
    0.0405    0.4375   -0.8983
...   142 C-G ...
   -0.9980   65.6137   -4.9249
   -0.8337    0.5217    0.1810
    0.5169    0.6220    0.5881
    0.1942    0.5839   -0.7882
...   143 T-A ...
   -0.1244   66.2250   -7.8041
   -0.3751    0.8568    0.3538
    0.8856    0.2185    0.4098
    0.2739    0.4670   -0.8408
...   144 C-G ...
   -0.1580   67.4197  -10.7921
    0.1799    0.8792    0.4411
    0.9276   -0.3009    0.2214
    0.3274    0.3694   -0.8697
...   145 A-T ...
    0.5352   69.2487  -13.4513
    0.7352    0.4961    0.4620
    0.6117   -0.7791   -0.1369
    0.2921    0.3832   -0.8763
...   146 C-G ...
    1.4421   72.1064  -15.5858
    0.9808    0.0622    0.1849
    0.1266   -0.9240   -0.3608
    0.1484    0.3773   -0.9141
...   147 A-T ...
    2.3150   74.2410  -18.3714
    0.8657   -0.4292   -0.2574
   -0.4984   -0.7868   -0.3642
   -0.0462    0.4436   -0.8950
