  147 base-pairs
...     1 A-T ...
    0.0000    0.0000    0.0000
    1.0000    0.0000    0.0000
    0.0000    1.0000    0.0000
    0.0000    0.0000    1.0000
...     2 G-C ...
   -0.1394   -1.2357    3.2268
    0.7529    0.6366    0.1670
   -0.6386    0.7680   -0.0486
   -0.1592   -0.0700    0.9848
...     3 T-A ...
   -0.0365   -3.2932    6.3751
    0.2722    0.9301    0.2466
   -0.9238    0.3243   -0.2033
   -0.2691   -0.1725    0.9475
...     4 G-C ...
   -0.3505   -4.1660    9.4928
   -0.3756    0.9250    0.0579
   -0.8781   -0.3352   -0.3415
   -0.2965   -0.1791    0.9381
...     5 A-T ...
   -0.4462   -4.1476   12.7498
   -0.8116    0.5840   -0.0165
   -0.5523   -0.7762   -0.3042
   -0.1905   -0.2378    0.9524
...     6 G-C ...
   -1.5908   -4.1730   15.6201
   -0.9976    0.0246   -0.0651
   -0.0043   -0.9555   -0.2950
   -0.0695   -0.2940    0.9533
...     7 C-G ...
   -1.1030   -4.4824   18.7362
   -0.8441   -0.5304   -0.0787
    0.5345   -0.8441   -0.0432
   -0.0435   -0.0785    0.9960
...     8 G-C ...
   -2.4028   -7.7290   23.1475
   -0.2754   -0.3293   -0.9032
    0.6650   -0.7437    0.0684
   -0.6942   -0.5818    0.4238
...     9 C-G ...
   -4.4690   -9.9728   24.1132
    0.1145   -0.7025   -0.7024
    0.8512   -0.2952    0.4340
   -0.5122   -0.6476    0.5642
...    10 T-A ...
   -6.7405  -10.8752   25.9697
    0.4841   -0.8363   -0.2574
    0.6595    0.1553    0.7355
   -0.5751   -0.5258    0.6267
...    11 C-G ...
   -9.1656  -12.6208   27.1640
    0.7073   -0.6682    0.2307
    0.3448    0.6110    0.7126
   -0.6171   -0.4245    0.6626
...    12 A-T ...
  -10.9234  -14.6633   29.0693
    0.7515   -0.1377    0.6452
   -0.2029    0.8824    0.4246
   -0.6277   -0.4500    0.6352
...    13 C-G ...
  -11.8476  -17.4863   31.2451
    0.4295    0.2823    0.8578
   -0.5708    0.8209    0.0156
   -0.6998   -0.4963    0.5137
...    14 A-T ...
  -13.5897  -19.7827   33.4259
   -0.1504    0.6104    0.7777
   -0.6874    0.5008   -0.5260
   -0.7106   -0.6136    0.3443
...    15 A-T ...
  -15.8076  -21.8617   34.5633
   -0.5279    0.7901    0.3114
   -0.4495    0.0511   -0.8918
   -0.7206   -0.6108    0.3282
...    16 T-A ...
  -17.9325  -23.8367   36.3328
   -0.7172    0.6615   -0.2191
   -0.0685   -0.3798   -0.9225
   -0.6935   -0.6466    0.3177
...    17 T-A ...
  -20.2074  -25.7861   37.6927
   -0.6385    0.2816   -0.7163
    0.3869   -0.6870   -0.6151
   -0.6653   -0.6699    0.3297
...    18 T-A ...
  -22.4826  -27.8499   38.7908
   -0.2786   -0.1483   -0.9489
    0.6829   -0.7253   -0.0872
   -0.6753   -0.6723    0.3033
...    19 A-T ...
  -24.5433  -30.3767   39.7787
    0.2358   -0.5518   -0.8000
    0.6977   -0.4770    0.5346
   -0.6765   -0.6842    0.2725
...    20 T-A ...
  -27.1738  -32.3760   40.1692
    0.5640   -0.7296   -0.3868
    0.4664   -0.1052    0.8783
   -0.6815   -0.6758    0.2810
...    21 T-A ...
  -29.4626  -34.6149   40.8042
    0.7126   -0.6656    0.2216
    0.0262    0.3409    0.9397
   -0.7011   -0.6639    0.2603
...    22 C-G ...
  -31.7196  -36.8624   41.6703
    0.5980   -0.3133    0.7378
   -0.4205    0.6610    0.6215
   -0.6824   -0.6819    0.2635
...    23 G-C ...
  -34.2261  -38.7413   42.9561
    0.3507    0.2068    0.9134
   -0.7053    0.6999    0.1124
   -0.6161   -0.6836    0.3913
...    24 C-G ...
  -35.9514  -41.2477   44.2184
   -0.0398    0.5843    0.8105
   -0.7800    0.4888   -0.3907
   -0.6245   -0.6477    0.4363
...    25 A-T ...
  -38.3971  -43.3082   45.2146
   -0.4544    0.8032    0.3853
   -0.5977    0.0458   -0.8004
   -0.6605   -0.5940    0.4592
...    26 A-T ...
  -40.5301  -45.1983   46.8411
   -0.7076    0.6882   -0.1603
   -0.2245   -0.4341   -0.8724
   -0.6700   -0.5813    0.4617
...    27 A-T ...
  -42.6532  -46.9192   48.6217
   -0.7082    0.2981   -0.6399
    0.2395   -0.7513   -0.6150
   -0.6641   -0.5888    0.4607
...    28 G-C ...
  -45.1507  -48.5052   50.2646
   -0.4242   -0.1257   -0.8968
    0.5687   -0.8076   -0.1559
   -0.7047   -0.5762    0.4141
...    29 G-C ...
  -47.8490  -50.3091   51.4460
    0.0334   -0.5406   -0.8406
    0.6896   -0.5963    0.4109
   -0.7234   -0.5934    0.3529
...    30 C-G ...
  -50.4149  -52.2458   52.1844
    0.4459   -0.7620   -0.4697
    0.5257   -0.2017    0.8264
   -0.7244   -0.6154    0.3107
...    31 C-G ...
  -53.0175  -54.2470   53.0042
    0.7028   -0.7082    0.0680
    0.1667    0.2568    0.9520
   -0.6916   -0.6577    0.2985
...    32 G-C ...
  -55.0789  -56.1967   54.2612
    0.7403   -0.4051    0.5365
   -0.2435    0.5823    0.7756
   -0.6266   -0.7048    0.3325
...    33 G-C ...
  -56.9034  -58.7993   55.4149
    0.5092    0.0423    0.8596
   -0.6247    0.7052    0.3353
   -0.5921   -0.7077    0.3855
...    34 C-G ...
  -58.6036  -61.3948   56.5502
    0.1025    0.4747    0.8742
   -0.7978    0.5641   -0.2128
   -0.5942   -0.6756    0.4365
...    35 C-G ...
  -60.3393  -63.6728   58.4065
   -0.3066    0.7687    0.5614
   -0.7241    0.1944   -0.6617
   -0.6178   -0.6094    0.4970
...    36 C-G ...
  -62.3106  -65.6086   60.3361
   -0.6198    0.7832    0.0484
   -0.4493   -0.3037   -0.8402
   -0.6434   -0.5425    0.5401
...    37 G-C ...
  -64.5879  -67.8724   61.4482
   -0.7081    0.5194   -0.4785
   -0.0329   -0.7011   -0.7123
   -0.7054   -0.4886    0.5135
...    38 A-T ...
  -66.8593  -69.3788   63.1130
   -0.5856   -0.0006   -0.8106
    0.3915   -0.8758   -0.2822
   -0.7098   -0.4826    0.5131
...    39 C-G ...
  -69.5016  -70.5098   64.5656
   -0.2642   -0.4503   -0.8529
    0.6211   -0.7560    0.2067
   -0.7379   -0.4751    0.4794
...    40 A-T ...
  -72.0306  -72.2733   65.9814
    0.1963   -0.7997   -0.5675
    0.6399   -0.3340    0.6921
   -0.7430   -0.4990    0.4461
...    41 C-G ...
  -74.7036  -74.0786   66.9405
    0.5112   -0.8516   -0.1156
    0.4305    0.1373    0.8921
   -0.7439   -0.5058    0.4368
...    42 G-C ...
  -77.0086  -75.5386   68.8220
    0.6909   -0.5769    0.4357
    0.0396    0.6320    0.7740
   -0.7219   -0.5175    0.4594
...    43 A-T ...
  -79.4382  -77.1005   70.1347
    0.5833   -0.0867    0.8076
   -0.3503    0.8702    0.3464
   -0.7328   -0.4850    0.4772
...    44 C-G ...
  -81.5178  -79.2504   71.5343
    0.3479    0.4228    0.8368
   -0.6139    0.7773   -0.1375
   -0.7086   -0.4659    0.5300
...    45 T-A ...
  -83.6084  -81.1433   73.7243
   -0.0020    0.8414    0.5404
   -0.7006    0.3844   -0.6011
   -0.7135   -0.3799    0.5887
...    46 T-A ...
  -85.8301  -82.2596   75.6913
   -0.3195    0.9421    0.1019
   -0.6040   -0.1195   -0.7880
   -0.7302   -0.3133    0.6072
...    47 A-T ...
  -88.2811  -82.9151   77.8086
   -0.4711    0.7634   -0.4419
   -0.3789   -0.6276   -0.6801
   -0.7966   -0.1530    0.5849
...    48 C-G ...
  -90.7857  -82.7096   79.9657
   -0.5617    0.3165   -0.7644
   -0.1078   -0.9441   -0.3116
   -0.8203   -0.0926    0.5644
...    49 T-A ...
  -93.5976  -82.4369   81.8035
   -0.4733   -0.2291   -0.8506
    0.1418   -0.9728    0.1831
   -0.8694   -0.0339    0.4930
...    50 G-C ...
  -96.5835  -82.7494   83.3120
   -0.2410   -0.7604   -0.6031
    0.3505   -0.6476    0.6765
   -0.9050   -0.0484    0.4226
...    51 T-A ...
  -99.6948  -82.8515   84.1690
   -0.0311   -0.9932   -0.1119
    0.4142   -0.1147    0.9029
   -0.9096   -0.0183    0.4150
...    52 A-T ...
 -102.2300  -82.1674   86.7037
    0.1251   -0.7574    0.6409
    0.3732    0.6344    0.6769
   -0.9193    0.1545    0.3620
...    53 G-C ...
 -105.2880  -81.6354   87.7872
    0.3575   -0.3057    0.8825
    0.2779    0.9369    0.2119
   -0.8916    0.1695    0.4199
...    54 G-C ...
 -108.5121  -81.7240   89.3411
    0.5276    0.2643    0.8073
    0.0371    0.9423   -0.3327
   -0.8487    0.2055    0.4873
...    55 T-A ...
 -111.1839  -81.3635   91.1256
    0.5119    0.7084    0.4859
   -0.2289    0.6577   -0.7177
   -0.8280    0.2561    0.4988
...    56 A-T ...
 -113.7185  -80.5469   93.3482
    0.4172    0.9035   -0.0982
   -0.5067    0.1416   -0.8504
   -0.7544    0.4046    0.5169
...    57 T-A ...
 -115.6976  -79.1319   95.4750
    0.1484    0.8189   -0.5544
   -0.6686   -0.3300   -0.6664
   -0.7286    0.4696    0.4986
...    58 C-G ...
 -118.0458  -77.1917   97.1403
   -0.2623    0.3894   -0.8829
   -0.6505   -0.7472   -0.1363
   -0.7128    0.5386    0.4493
...    59 T-A ...
 -120.3366  -75.1276   98.3072
   -0.5334   -0.1215   -0.8371
   -0.4429   -0.8030    0.3988
   -0.7206    0.5835    0.3745
...    60 C-G ...
 -123.0540  -73.6651   99.4053
   -0.7070   -0.5792   -0.4058
   -0.0927   -0.4929    0.8651
   -0.7011    0.6493    0.2948
...    61 G-C ...
 -125.3299  -71.8135  101.0023
   -0.6427   -0.7400    0.1983
    0.3169   -0.0210    0.9482
   -0.6976    0.6722    0.2480
...    62 A-T ...
 -127.4346  -69.4074  101.9882
   -0.3120   -0.5599    0.7676
    0.6745    0.4384    0.5940
   -0.6691    0.7031    0.2409
...    63 G-C ...
 -129.5866  -66.9976  102.6972
    0.1199   -0.2076    0.9708
    0.7725    0.6338    0.0401
   -0.6236    0.7451    0.2363
...    64 C-G ...
 -132.0445  -64.7009  103.4829
    0.5804    0.1858    0.7928
    0.5669    0.6067   -0.5572
   -0.5846    0.7729    0.2468
...    65 T-A ...
 -134.0987  -62.2393  104.4637
    0.8458    0.4037    0.3487
    0.1801    0.3992   -0.8990
   -0.5021    0.8232    0.2650
...    66 C-G ...
 -135.7778  -59.4572  105.3966
    0.8309    0.4922   -0.2594
   -0.3500    0.0999   -0.9314
   -0.4325    0.8647    0.2552
...    67 G-C ...
 -137.0817  -56.4286  105.5229
    0.5509    0.3588   -0.7535
   -0.7705   -0.1280   -0.6244
   -0.3205    0.9246    0.2060
...    68 G-C ...
 -137.7352  -53.1575  106.0273
    0.0454    0.1355   -0.9897
   -0.9623   -0.2599   -0.0797
   -0.2680    0.9561    0.1186
...    69 G-C ...
 -138.3443  -49.8219  105.8082
   -0.4783   -0.1244   -0.8694
   -0.8466   -0.1980    0.4941
   -0.2336    0.9723   -0.0106
...    70 A-T ...
 -138.8971  -46.5133  105.5082
   -0.9066   -0.1908   -0.3764
   -0.3745   -0.0474    0.9260
   -0.1945    0.9805   -0.0285
...    71 T-A ...
 -139.4726  -43.3217  104.7854
   -0.9686   -0.1690    0.1823
    0.1723    0.0722    0.9824
   -0.1791    0.9830   -0.0408
...    72 C-G ...
 -140.2159  -40.0123  104.3431
   -0.6475   -0.0253    0.7616
    0.7525    0.1369    0.6442
   -0.1206    0.9903   -0.0696
...    73 C-G ...
 -140.6256  -36.7474  103.9685
   -0.1202   -0.0211    0.9925
    0.9863    0.1112    0.1218
   -0.1130    0.9936    0.0074
...    74 G-C ...
 -140.4433  -33.4329  103.9292
    0.4860   -0.0424    0.8730
    0.8728    0.0749   -0.4823
   -0.0449    0.9963    0.0734
...    75 C-G ...
 -141.0711  -30.0392  104.2957
    0.9014   -0.0341    0.4317
    0.4328    0.0373   -0.9007
    0.0146    0.9987    0.0484
...    76 T-A ...
 -141.1575  -26.6325  104.8278
    0.9820   -0.0954   -0.1632
   -0.1593    0.0468   -0.9861
    0.1017    0.9943    0.0308
...    77 T-A ...
 -140.5428  -23.4684  105.1558
    0.7093   -0.1072   -0.6968
   -0.6892    0.1024   -0.7173
    0.1482    0.9890   -0.0012
...    78 T-A ...
 -139.8999  -20.3105  105.0216
    0.1853   -0.1186   -0.9755
   -0.9623    0.1792   -0.2046
    0.1991    0.9766   -0.0809
...    79 A-T ...
 -139.5269  -17.0113  104.3461
   -0.4493   -0.0788   -0.8899
   -0.8652    0.2868    0.4114
    0.2228    0.9547   -0.1970
...    80 A-T ...
 -138.6631  -14.0405  103.4625
   -0.8696    0.1292   -0.4765
   -0.4211    0.3098    0.8525
    0.2578    0.9420   -0.2150
...    81 C-G ...
 -137.7057  -11.0453  102.1087
   -0.9368    0.3390    0.0863
    0.1593    0.1939    0.9680
    0.3114    0.9206   -0.2357
...    82 A-T ...
 -136.7099   -7.9114  101.3659
   -0.6274    0.3899    0.6740
    0.7056   -0.0816    0.7039
    0.3295    0.9172   -0.2239
...    83 C-G ...
 -136.2088   -4.7197  100.2279
   -0.1401    0.2902    0.9467
    0.9249   -0.3029    0.2297
    0.3534    0.9078   -0.2260
...    84 T-A ...
 -135.5323   -1.2485   99.4971
    0.4096    0.0265    0.9119
    0.8198   -0.4492   -0.3552
    0.4002    0.8930   -0.2057
...    85 T-A ...
 -134.4336    1.7790   99.0551
    0.8064   -0.2460    0.5377
    0.4199   -0.4020   -0.8137
    0.4163    0.8820   -0.2209
...    86 T-A ...
 -133.1215    4.7135   98.5610
    0.8924   -0.4488   -0.0466
   -0.1454   -0.1883   -0.9713
    0.4272    0.8736   -0.2333
...    87 T-A ...
 -131.6241    7.5471   97.9430
    0.6104   -0.5348   -0.5842
   -0.6271    0.1243   -0.7690
    0.4839    0.8358   -0.2595
...    88 C-G ...
 -130.0727   10.0358   96.5816
    0.0852   -0.4313   -0.8982
   -0.8289    0.4696   -0.3041
    0.5529    0.7704   -0.3174
...    89 A-T ...
 -127.7735   12.3110   95.4574
   -0.4396   -0.1964   -0.8764
   -0.6734    0.7178    0.1770
    0.5943    0.6680   -0.4478
...    90 T-A ...
 -125.6270   14.0794   93.7078
   -0.7423    0.1874   -0.6433
   -0.3322    0.7308    0.5963
    0.5819    0.6563   -0.4803
...    91 G-C ...
 -123.6388   16.1798   91.9197
   -0.7903    0.6014   -0.1169
    0.2251    0.4624    0.8576
    0.5699    0.6515   -0.5008
...    92 T-A ...
 -121.8780   18.1367   89.7092
   -0.4883    0.7853    0.3806
    0.6319    0.0174    0.7748
    0.6019    0.6188   -0.5048
...    93 T-A ...
 -120.0250   20.0338   87.8253
    0.0350    0.6666    0.7446
    0.7831   -0.4812    0.3939
    0.6209    0.5694   -0.5388
...    94 A-T ...
 -117.5683   21.5598   85.8735
    0.5945    0.1784    0.7841
    0.5103   -0.8373   -0.1963
    0.6215    0.5168   -0.5888
...    95 T-A ...
 -115.8118   23.7946   84.2306
    0.7730   -0.2915    0.5635
    0.1071   -0.8155   -0.5687
    0.6253    0.5000   -0.5992
...    96 A-T ...
 -113.7404   25.1940   81.9078
    0.6345   -0.7667    0.0975
   -0.4094   -0.4404   -0.7991
    0.6556    0.4671   -0.5933
...    97 A-T ...
 -111.4737   26.5896   80.1622
    0.2534   -0.9016   -0.3505
   -0.6867    0.0875   -0.7217
    0.6814    0.4236   -0.5969
...    98 C-G ...
 -108.6850   27.6344   78.5183
   -0.1954   -0.7068   -0.6799
   -0.6985    0.5869   -0.4095
    0.6885    0.3948   -0.6084
...    99 G-C ...
 -106.7434   28.9329   76.1883
   -0.6192   -0.2427   -0.7468
   -0.3943    0.9185    0.0284
    0.6791    0.3121   -0.6644
...   100 G-C ...
 -104.8215   29.7739   73.6242
   -0.7928    0.2730   -0.5449
    0.0536    0.9218    0.3839
    0.6071    0.2751   -0.7455
...   101 A-T ...
 -102.8134   30.4857   70.9703
   -0.5795    0.7926   -0.1896
    0.5436    0.5492    0.6347
    0.6072    0.2647   -0.7491
...   102 A-T ...
 -100.9404   31.1760   68.3941
   -0.0979    0.9723    0.2121
    0.7638   -0.0632    0.6424
    0.6380    0.2249   -0.7365
...   103 T-A ...
  -99.3542   32.0951   65.5812
    0.3452    0.7864    0.5123
    0.6882   -0.5832    0.4316
    0.6381    0.2036   -0.7425
...   104 G-C ...
  -97.2775   33.0354   63.1618
    0.6325    0.2409    0.7361
    0.3519   -0.9360    0.0040
    0.6900    0.2565   -0.6769
...   105 C-G ...
  -94.9190   34.2175   61.1764
    0.6864   -0.3403    0.6427
   -0.0745   -0.9120   -0.4033
    0.7234    0.2289   -0.6513
...   106 T-A ...
  -92.1997   35.2528   59.2639
    0.4844   -0.8196    0.3060
   -0.4402   -0.5306   -0.7244
    0.7560    0.2162   -0.6178
...   107 T-A ...
  -89.6103   35.9044   57.4772
    0.1068   -0.9853   -0.1331
   -0.6164    0.0394   -0.7865
    0.7802    0.1661   -0.6031
...   108 C-G ...
  -86.8778   36.2285   55.5391
   -0.3183   -0.7616   -0.5645
   -0.5387    0.6353   -0.5533
    0.7801    0.1280   -0.6125
...   109 C-G ...
  -84.3117   36.3889   53.4454
   -0.6324   -0.2960   -0.7159
   -0.2525    0.9524   -0.1708
    0.7323    0.0728   -0.6770
...   110 G-C ...
  -82.2160   36.9428   51.1823
   -0.7308    0.2616   -0.6305
    0.1569    0.9633    0.2179
    0.6643    0.0603   -0.7450
...   111 G-C ...
  -80.2776   37.1048   48.4047
   -0.5435    0.7635   -0.3488
    0.5612    0.6395    0.5254
    0.6243    0.0898   -0.7760
...   112 C-G ...
  -78.6456   37.2929   45.4669
   -0.1474    0.9879    0.0483
    0.7745    0.0849    0.6268
    0.6152    0.1298   -0.7776
...   113 T-A ...
  -76.7343   37.7380   42.7636
    0.2802    0.8631    0.4201
    0.7358   -0.4742    0.4834
    0.6164    0.1736   -0.7680
...   114 C-G ...
  -74.5686   38.2474   40.2480
    0.6579    0.3845    0.6476
    0.4207   -0.9008    0.1074
    0.6247    0.2018   -0.7544
...   115 G-C ...
  -72.3082   38.3810   37.7517
    0.7250   -0.2648    0.6358
   -0.0567   -0.9429   -0.3281
    0.6864    0.2018   -0.6986
...   116 T-A ...
  -69.6335   39.4804   36.0017
    0.5371   -0.7548    0.3764
   -0.4457   -0.6329   -0.6331
    0.7161    0.1723   -0.6763
...   117 A-T ...
  -66.9244   40.0752   34.0013
    0.1139   -0.9918   -0.0582
   -0.6582   -0.0315   -0.7521
    0.7441    0.1240   -0.6564
...   118 T-A ...
  -64.0514   40.2918   32.3892
   -0.2387   -0.8537   -0.4629
   -0.6163    0.5015   -0.6072
    0.7505    0.1403   -0.6458
...   119 A-T ...
  -61.5523   41.1275   30.0798
   -0.5456   -0.2451   -0.8014
   -0.2880    0.9529   -0.0953
    0.7870    0.1788   -0.5905
...   120 A-T ...
  -58.9277   41.3652   28.1571
   -0.5982    0.3664   -0.7126
    0.0811    0.9124    0.4011
    0.7972    0.1822   -0.5756
...   121 T-A ...
  -56.4566   41.4310   25.8832
   -0.4455    0.8052   -0.3914
    0.3830    0.5665    0.7296
    0.8092    0.1752   -0.5608
...   122 G-C ...
  -53.6709   42.0105   23.8587
   -0.1655    0.9674    0.1919
    0.5700   -0.0649    0.8191
    0.8048    0.2449   -0.5406
...   123 T-A ...
  -51.3043   42.9057   21.7188
    0.1430    0.7767    0.6134
    0.5569   -0.5755    0.5989
    0.8182    0.2559   -0.5148
...   124 G-C ...
  -48.5049   43.8092   19.9987
    0.3747    0.2462    0.8939
    0.3824   -0.9193    0.0929
    0.8446    0.3070   -0.4386
...   125 T-A ...
  -45.9709   45.2144   18.6563
    0.4686   -0.3037    0.8296
    0.1392   -0.9020   -0.4088
    0.8724    0.3070   -0.3803
...   126 C-G ...
  -43.1120   46.1495   17.6229
    0.4613   -0.7826    0.4180
   -0.1438   -0.5308   -0.8352
    0.8755    0.3252   -0.3574
...   127 G-C ...
  -40.2437   46.7531   15.8947
    0.2002   -0.9744   -0.1024
   -0.3062    0.0371   -0.9512
    0.9307    0.2218   -0.2909
...   128 A-T ...
  -37.2247   47.4256   15.0119
   -0.0148   -0.7461   -0.6657
   -0.3604    0.6250   -0.6924
    0.9327    0.2297   -0.2782
...   129 C-G ...
  -33.9276   47.5415   14.5346
   -0.2339   -0.2851   -0.9295
   -0.2858    0.9339   -0.2146
    0.9293    0.2155   -0.3000
...   130 C-G ...
  -30.7472   47.8929   13.3182
   -0.4177    0.2748   -0.8660
   -0.0803    0.9383    0.3365
    0.9050    0.2101   -0.3699
...   131 A-T ...
  -27.5797   49.2475   12.9534
   -0.3816    0.8111   -0.4434
    0.1748    0.5343    0.8270
    0.9077    0.2380   -0.3457
...   132 A-T ...
  -24.6276   49.9826   11.7069
   -0.2089    0.9681    0.1382
    0.3589   -0.0556    0.9317
    0.9097    0.2442   -0.3358
...   133 A-T ...
  -21.7960   50.8602   10.2862
    0.0681    0.7481    0.6601
    0.3959   -0.6275    0.6704
    0.9158    0.2157   -0.3389
...   134 T-A ...
  -19.0083   52.0403    8.9386
    0.2450    0.2904    0.9250
    0.3072   -0.9282    0.2101
    0.9196    0.2327   -0.3166
...   135 G-C ...
  -16.4569   53.8981    7.5292
    0.5336   -0.3334    0.7773
    0.0348   -0.9096   -0.4140
    0.8450    0.2479   -0.4738
...   136 T-A ...
  -14.1680   56.5698    6.1951
    0.5795   -0.7269    0.3684
   -0.3140   -0.6163   -0.7222
    0.7521    0.3028   -0.5854
...   137 G-C ...
  -11.6468   58.0147    4.7339
    0.2454   -0.9541   -0.1717
   -0.6318   -0.0231   -0.7748
    0.7352    0.2986   -0.6085
...   138 A-T ...
   -8.6697   58.7290    3.6172
   -0.0344   -0.7815   -0.6230
   -0.6534    0.4892   -0.5777
    0.7562    0.3872   -0.5274
...   139 G-C ...
   -6.3211   59.0880    1.6442
   -0.2967   -0.3277   -0.8970
   -0.5657    0.8170   -0.1114
    0.7694    0.4744   -0.4278
...   140 C-G ...
   -3.4296   60.2437    1.0437
   -0.4424    0.2288   -0.8671
   -0.1682    0.9286    0.3309
    0.8809    0.2922   -0.3723
...   141 G-C ...
   -0.6893   63.9063   -2.2354
   -0.9992    0.0156   -0.0375
   -0.0024    0.8991    0.4378
    0.0405    0.4375   -0.8983
...   142 C-G ...
   -0.9979   65.6138   -4.9247
   -0.8337    0.5217    0.1810
    0.5169    0.6220    0.5881
    0.1942    0.5839   -0.7882
...   143 T-A ...
   -0.1244   66.2251   -7.8039
   -0.3751    0.8568    0.3538
    0.8856    0.2185    0.4098
    0.2739    0.4670   -0.8407
...   144 C-G ...
   -0.1580   67.4197  -10.7919
    0.1799    0.8792    0.4411
    0.9276   -0.3009    0.2214
    0.3274    0.3694   -0.8697
...   145 A-T ...
    0.5353   69.2487  -13.4511
    0.7352    0.4961    0.4620
    0.6117   -0.7791   -0.1369
    0.2921    0.3832   -0.8763
...   146 C-G ...
    1.4421   72.1064  -15.5856
    0.9808    0.0622    0.1849
    0.1266   -0.9240   -0.3608
    0.1484    0.3773   -0.9141
...   147 A-T ...
    2.3151   74.2411  -18.3712
    0.8657   -0.4292   -0.2574
   -0.4984   -0.7868   -0.3642
   -0.0462    0.4436   -0.8950
