  147 base-pairs
...     1 A-T ...
    0.0000    0.0000    0.0000
    1.0000    0.0000    0.0000
    0.0000    1.0000    0.0000
    0.0000    0.0000    1.0000
...     2 G-C ...
   -0.1394   -1.2357    3.2268
    0.7529    0.6366    0.1670
   -0.6386    0.7680   -0.0486
   -0.1592   -0.0700    0.9848
...     3 T-A ...
   -0.0365   -3.2932    6.3751
    0.2722    0.9301    0.2466
   -0.9238    0.3243   -0.2033
   -0.2691   -0.1725    0.9475
...     4 G-C ...
   -0.3505   -4.1660    9.4928
   -0.3756    0.9250    0.0579
   -0.8781   -0.3352   -0.3415
   -0.2965   -0.1791    0.9381
...     5 A-T ...
   -0.4462   -4.1476   12.7498
   -0.8116    0.5840   -0.0165
   -0.5523   -0.7762   -0.3042
   -0.1905   -0.2378    0.9524
...     6 G-C ...
   -1.5908   -4.1730   15.6201
   -0.9976    0.0246   -0.0651
   -0.0043   -0.9555   -0.2950
   -0.0695   -0.2940    0.9533
...     7 C-G ...
   -1.1030   -4.4824   18.7362
   -0.8441   -0.5304   -0.0787
    0.5345   -0.8441   -0.0432
   -0.0435   -0.0785    0.9960
...     8 G-C ...
   -2.4028   -7.7290   23.1475
   -0.2754   -0.3293   -0.9032
    0.6650   -0.7437    0.0684
   -0.6942   -0.5818    0.4238
...     9 C-G ...
   -4.4690   -9.9728   24.1132
    0.1145   -0.7025   -0.7024
    0.8512   -0.2952    0.4340
   -0.5122   -0.6476    0.5642
...    10 T-A ...
   -6.7405  -10.8752   25.9697
    0.4841   -0.8363   -0.2574
    0.6595    0.1553    0.7355
   -0.5751   -0.5258    0.6267
...    11 C-G ...
   -9.1656  -12.6208   27.1640
    0.7073   -0.6682    0.2307
    0.3448    0.6110    0.7126
   -0.6171   -0.4245    0.6626
...    12 A-T ...
  -10.9234  -14.6633   29.0693
    0.7515   -0.1377    0.6452
   -0.2029    0.8824    0.4246
   -0.6277   -0.4500    0.6352
...    13 C-G ...
  -11.8476  -17.4863   31.2451
    0.4295    0.2823    0.8578
   -0.5708    0.8209    0.0156
   -0.6998   -0.4963    0.5137
...    14 A-T ...
  -13.5897  -19.7827   33.4259
   -0.1504    0.6104    0.7777
   -0.6874    0.5008   -0.5260
   -0.7106   -0.6136    0.3443
...    15 A-T ...
  -15.8084  -21.8622   34.5570
   -0.5241    0.7921    0.3130
   -0.4508    0.0538   -0.8910
   -0.7225   -0.6081    0.3289
...    16 T-A ...
  -17.9381  -23.8261   36.3287
   -0.7137    0.6663   -0.2161
   -0.0733   -0.3778   -0.9230
   -0.6967   -0.6429    0.3184
...    17 T-A ...
  -20.2240  -25.7605   37.6921
   -0.6383    0.2888   -0.7136
    0.3792   -0.6887   -0.6180
   -0.6699   -0.6651    0.3300
...    18 T-A ...
  -22.5145  -27.8031   38.7863
   -0.2832   -0.1397   -0.9488
    0.6745   -0.7324   -0.0935
   -0.6818   -0.6664    0.3016
...    19 A-T ...
  -24.6101  -30.2997   39.7487
    0.2242   -0.5430   -0.8093
    0.6939   -0.4942    0.5238
   -0.6843   -0.6789    0.2660
...    20 T-A ...
  -27.2680  -32.2651   40.1238
    0.5503   -0.7317   -0.4022
    0.4704   -0.1263    0.8734
   -0.6899   -0.6698    0.2746
...    21 T-A ...
  -29.5903  -34.4775   40.7339
    0.7034   -0.6809    0.2039
    0.0396    0.3239    0.9453
   -0.7097   -0.6568    0.2548
...    22 C-G ...
  -31.8790  -36.7005   41.5736
    0.5999   -0.3375    0.7254
   -0.4024    0.6564    0.6382
   -0.6915   -0.6747    0.2580
...    23 G-C ...
  -34.4125  -38.5521   42.8384
    0.3645    0.1826    0.9131
   -0.6898    0.7117    0.1331
   -0.6255   -0.6784    0.3854
...    24 C-G ...
  -36.1749  -41.0452   44.0698
   -0.0181    0.5695    0.8218
   -0.7738    0.5125   -0.3722
   -0.6332   -0.6426    0.4314
...    25 A-T ...
  -38.6342  -43.0740   45.0692
   -0.4265    0.8069    0.4086
   -0.6085    0.0782   -0.7897
   -0.6692   -0.5854    0.4577
...    26 A-T ...
  -40.7905  -44.9361   46.6940
   -0.6889    0.7126   -0.1329
   -0.2525   -0.4078   -0.8775
   -0.6795   -0.5709    0.4608
...    27 A-T ...
  -42.9350  -46.6226   48.4779
   -0.7090    0.3368   -0.6196
    0.2027   -0.7442   -0.6365
   -0.6754   -0.5769    0.4594
...    28 G-C ...
  -45.4560  -48.1544   50.1302
   -0.4451   -0.0868   -0.8912
    0.5355   -0.8235   -0.1872
   -0.7177   -0.5606    0.4131
...    29 G-C ...
  -48.2032  -49.8802   51.3096
   -0.0041   -0.5165   -0.8563
    0.6735   -0.6344    0.3795
   -0.7392   -0.5751    0.3504
...    30 C-G ...
  -50.8291  -51.7356   52.0352
    0.4050   -0.7636   -0.5029
    0.5337   -0.2491    0.8081
   -0.7424   -0.5956    0.3067
...    31 C-G ...
  -53.4969  -53.6527   52.8405
    0.6742   -0.7380    0.0284
    0.1976    0.2173    0.9559
   -0.7116   -0.6388    0.2924
...    32 G-C ...
  -55.6031  -55.5600   54.0700
    0.7344   -0.4552    0.5034
   -0.2004    0.5632    0.8017
   -0.6484   -0.6896    0.3224
...    33 G-C ...
  -57.5010  -58.1311   55.1730
    0.5310   -0.0129    0.8473
   -0.5853    0.7175    0.3777
   -0.6128   -0.6965    0.3734
...    34 C-G ...
  -59.2821  -60.6946   56.2484
    0.1459    0.4336    0.8892
   -0.7768    0.6068   -0.1684
   -0.6126   -0.6661    0.4254
...    35 C-G ...
  -61.0633  -62.9731   58.0565
   -0.2547    0.7576    0.6010
   -0.7315    0.2556   -0.6321
   -0.6325   -0.6006    0.4890
...    36 C-G ...
  -63.0640  -64.8972   59.9592
   -0.5776    0.8099    0.1018
   -0.4872   -0.2421   -0.8390
   -0.6549   -0.5342    0.5345
...    37 G-C ...
  -65.4096  -67.0759   61.0551
   -0.6912    0.5799   -0.4312
   -0.0920   -0.6624   -0.7435
   -0.7168   -0.4742    0.5112
...    38 A-T ...
  -67.7077  -68.5371   62.7158
   -0.6073    0.0740   -0.7910
    0.3329   -0.8803   -0.3379
   -0.7213   -0.4686    0.5100
...    39 C-G ...
  -70.3672  -69.5925   64.1883
   -0.3138   -0.3871   -0.8670
    0.5815   -0.8002    0.1469
   -0.7506   -0.4580    0.4762
...    40 A-T ...
  -72.9570  -71.2750   65.5777
    0.1322   -0.7732   -0.6203
    0.6373   -0.4130    0.6506
   -0.7592   -0.4813    0.4382
...    41 C-G ...
  -75.7042  -72.9772   66.5041
    0.4547   -0.8712   -0.1852
    0.4629    0.0534    0.8848
   -0.7609   -0.4880    0.4275
...    42 G-C ...
  -78.0371  -74.4241   68.3553
    0.6653   -0.6462    0.3738
    0.1002    0.5735    0.8131
   -0.7398   -0.5035    0.4463
...    43 A-T ...
  -80.5177  -75.9253   69.6372
    0.5989   -0.1791    0.7806
   -0.2850    0.8632    0.4167
   -0.7484   -0.4720    0.4659
...    44 C-G ...
  -82.6835  -78.0406   70.9571
    0.3970    0.3380    0.8533
   -0.5661    0.8220   -0.0622
   -0.7224   -0.4584    0.5177
...    45 T-A ...
  -84.8242  -79.9599   73.0769
    0.0673    0.7948    0.6032
   -0.6890    0.4742   -0.5480
   -0.7216   -0.3787    0.5795
...    46 T-A ...
  -87.0490  -81.0969   75.0302
   -0.2522    0.9492    0.1882
   -0.6311   -0.0139   -0.7755
   -0.7335   -0.3144    0.6026
...    47 A-T ...
  -89.4502  -81.7429   77.2019
   -0.4170    0.8347   -0.3597
   -0.4449   -0.5326   -0.7200
   -0.7926   -0.1402    0.5934
...    48 C-G ...
  -91.8685  -81.5385   79.4457
   -0.5484    0.4298   -0.7173
   -0.1932   -0.8997   -0.3913
   -0.8135   -0.0760    0.5765
...    49 T-A ...
  -94.6007  -81.1971   81.3814
   -0.5068   -0.1071   -0.8554
    0.0598   -0.9942    0.0890
   -0.8600   -0.0061    0.5103
...    50 G-C ...
  -97.5864  -81.3823   82.9147
   -0.3135   -0.6733   -0.6697
    0.2999   -0.7393    0.6029
   -0.9010   -0.0119    0.4337
...    51 T-A ...
 -100.6817  -81.2955   83.8164
   -0.1184   -0.9696   -0.2140
    0.4103   -0.2441    0.8787
   -0.9042    0.0162    0.4268
...    52 A-T ...
 -103.1433  -80.6983   86.4063
    0.0646   -0.8343    0.5476
    0.4291    0.5186    0.7395
   -0.9009    0.1872    0.3915
...    53 G-C ...
 -106.1412  -80.0692   87.5843
    0.3310   -0.4381    0.8358
    0.3565    0.8781    0.3191
   -0.8737    0.1924    0.4469
...    54 G-C ...
 -109.3693  -80.0885   89.1445
    0.5447    0.1163    0.8305
    0.1196    0.9695   -0.2141
   -0.8300    0.2159    0.5142
...    55 T-A ...
 -112.0098  -79.7227   90.9776
    0.5665    0.5958    0.5693
   -0.1663    0.7593   -0.6291
   -0.8071    0.2617    0.5292
...    56 A-T ...
 -114.4843  -78.9868   93.2915
    0.4924    0.8701    0.0190
   -0.4828    0.2912   -0.8259
   -0.7242    0.3975    0.5635
...    57 T-A ...
 -116.3637  -77.6929   95.5814
    0.2256    0.8686   -0.4413
   -0.6833   -0.1818   -0.7072
   -0.6944    0.4610    0.5525
...    58 C-G ...
 -118.5580  -75.7922   97.4789
   -0.2105    0.5251   -0.8246
   -0.7084   -0.6632   -0.2414
   -0.6737    0.5333    0.5116
...    59 T-A ...
 -120.6831  -73.7163   98.8952
   -0.5183    0.0405   -0.8542
   -0.5202   -0.8078    0.2773
   -0.6788    0.5881    0.4398
...    60 C-G ...
 -123.2956  -72.1771  100.1142
   -0.7363   -0.4535   -0.5022
   -0.1670   -0.5974    0.7843
   -0.6557    0.6614    0.3642
...    61 G-C ...
 -125.4963  -70.3802  101.8556
   -0.7045   -0.7072    0.0602
    0.2628   -0.1811    0.9477
   -0.6593    0.6834    0.3134
...    62 A-T ...
 -127.5141  -68.0002  103.0691
   -0.3967   -0.6385    0.6595
    0.6645    0.2959    0.6862
   -0.6332    0.7105    0.3069
...    63 G-C ...
 -129.5513  -65.5722  104.0096
    0.0398   -0.3536    0.9346
    0.8074    0.5624    0.1784
   -0.5886    0.7475    0.3079
...    64 C-G ...
 -131.8994  -63.2368  104.9900
    0.5336    0.0279    0.8453
    0.6414    0.6382   -0.4259
   -0.5513    0.7694    0.3226
...    65 T-A ...
 -133.8597  -60.8026  106.1936
    0.8386    0.2923    0.4597
    0.2701    0.5097   -0.8169
   -0.4731    0.8092    0.3484
...    66 C-G ...
 -135.4663  -58.0838  107.4146
    0.8742    0.4688   -0.1263
   -0.2681    0.2492   -0.9306
   -0.4048    0.8474    0.3435
...    67 G-C ...
 -136.6326  -55.0468  107.8906
    0.6314    0.4222   -0.6504
   -0.7189    0.0045   -0.6951
   -0.2905    0.9065    0.3064
...    68 G-C ...
 -136.9834  -51.7340  108.8412
    0.1742    0.2125   -0.9615
   -0.9673   -0.1458   -0.2074
   -0.1843    0.9662    0.1801
...    69 T-A ...
 -136.8217  -48.4650  109.1834
   -0.3653    0.0609   -0.9289
   -0.9173   -0.1930    0.3482
   -0.1581    0.9793    0.1264
...    70 C-G ...
 -137.3390  -45.2449  108.9980
   -0.8260   -0.0719   -0.5591
   -0.5482   -0.1287    0.8264
   -0.1314    0.9891    0.0669
...    71 A-T ...
 -137.6336  -41.8759  109.0529
   -0.9808   -0.1952   -0.0026
   -0.0070    0.0220    0.9997
   -0.1950    0.9805   -0.0229
...    72 T-A ...
 -138.3946  -38.7103  108.4552
   -0.8374   -0.1368    0.5291
    0.5158    0.1223    0.8479
   -0.1807    0.9830   -0.0319
...    73 G-C ...
 -138.9519  -35.3646  108.1014
   -0.3151   -0.0059    0.9491
    0.9405    0.1324    0.3130
   -0.1275    0.9912   -0.0361
...    74 T-A ...
 -139.9130  -32.1004  107.7845
    0.2793    0.1006    0.9549
    0.9560    0.0633   -0.2863
   -0.0893    0.9929   -0.0785
...    75 T-A ...
 -140.3648  -28.9374  107.5525
    0.7922    0.0912    0.6035
    0.6086   -0.0434   -0.7923
   -0.0460    0.9949   -0.0899
...    76 A-T ...
 -140.3091  -25.6316  106.9030
    0.9992   -0.0396    0.0036
   -0.0004   -0.1002   -0.9950
    0.0397    0.9942   -0.1001
...    77 T-A ...
 -139.9312  -22.4153  107.2454
    0.8499   -0.1232   -0.5123
   -0.5218   -0.0622   -0.8508
    0.0729    0.9904   -0.1171
...    78 A-T ...
 -139.7197  -19.1570  106.5403
    0.3672   -0.2397   -0.8987
   -0.9159    0.0755   -0.3943
    0.1624    0.9679   -0.1918
...    79 A-T ...
 -138.9176  -16.1772  105.7805
   -0.2341   -0.1952   -0.9524
   -0.9508    0.2505    0.1824
    0.2030    0.9482   -0.2443
...    80 C-G ...
 -137.6581  -13.2453  104.4702
   -0.7322   -0.0100   -0.6810
   -0.6420    0.3440    0.6852
    0.2275    0.9389   -0.2583
...    81 G-C ...
 -137.1872  -10.0758  103.6493
   -0.9654    0.2435   -0.0929
   -0.0059    0.3359    0.9419
    0.2605    0.9099   -0.3228
...    82 G-C ...
 -136.4683   -7.0747  102.4169
   -0.8191    0.3389    0.4628
    0.5371    0.1699    0.8262
    0.2014    0.9253   -0.3213
...    83 A-T ...
 -135.6598   -4.0407  101.3069
   -0.2943    0.3905    0.8723
    0.9270   -0.1055    0.3599
    0.2326    0.9145   -0.3310
...    84 G-C ...
 -135.1129   -0.9780  100.0589
    0.2718    0.2203    0.9368
    0.9264   -0.3235   -0.1927
    0.2607    0.9202   -0.2920
...    85 A-T ...
 -134.3704    2.2513   99.1072
    0.7928   -0.0809    0.6041
    0.5298   -0.3984   -0.7487
    0.3012    0.9136   -0.2731
...    86 T-A ...
 -133.5308    5.4188   98.7777
    0.9393   -0.3194    0.1255
    0.0276   -0.2942   -0.9553
    0.3421    0.9008   -0.2675
...    87 C-G ...
 -132.2093    8.3870   98.0749
    0.7468   -0.4817   -0.4586
   -0.5362   -0.0282   -0.8436
    0.3934    0.8759   -0.2793
...    88 C-G ...
 -130.7733   11.2066   97.1776
    0.2804   -0.5343   -0.7974
   -0.8424    0.2612   -0.4713
    0.4601    0.8039   -0.3769
...    89 G-C ...
 -129.5601   13.8975   95.5465
   -0.3170   -0.3819   -0.8681
   -0.8165    0.5757    0.0449
    0.4826    0.7230   -0.4943
...    90 C-G ...
 -127.6646   15.9392   93.4470
   -0.7393    0.0255   -0.6729
   -0.4551    0.7177    0.5271
    0.4964    0.6959   -0.5190
...    91 T-A ...
 -126.1864   18.0778   91.0566
   -0.8559    0.4595   -0.2374
    0.1094    0.6095    0.7852
    0.5055    0.6461   -0.5719
...    92 T-A ...
 -124.6049   19.9860   88.8892
   -0.5672    0.7856    0.2472
    0.6093    0.1985    0.7677
    0.5540    0.5861   -0.5913
...    93 T-A ...
 -122.9648   21.7950   86.6514
   -0.0473    0.7825    0.6208
    0.8125   -0.3313    0.4796
    0.5810    0.5271   -0.6201
...    94 A-T ...
 -120.3672   22.7987   84.6351
    0.5339    0.4124    0.7382
    0.6210   -0.7838   -0.0113
    0.5739    0.4644   -0.6745
...    95 A-T ...
 -118.6014   24.4144   82.4698
    0.8047   -0.1367    0.5777
    0.1610   -0.8864   -0.4340
    0.5714    0.4422   -0.6913
...    96 C-G ...
 -116.6574   26.3558   80.4609
    0.7489   -0.6203    0.2332
   -0.3337   -0.6570   -0.6760
    0.5725    0.4284   -0.6990
...    97 A-T ...
 -114.6126   27.6236   78.0460
    0.3364   -0.9259   -0.1718
   -0.7141   -0.1319   -0.6875
    0.6139    0.3539   -0.7056
...    98 C-G ...
 -112.0421   28.4272   76.0158
   -0.1296   -0.8569   -0.4989
   -0.7687    0.4046   -0.4953
    0.6263    0.3194   -0.7112
...    99 T-A ...
 -109.4315   29.0649   73.6185
   -0.6066   -0.4581   -0.6497
   -0.5182    0.8477   -0.1139
    0.6029    0.2676   -0.7516
...   100 T-A ...
 -107.3661   29.6112   71.1260
   -0.7712    0.1594   -0.6163
   -0.0400    0.9541    0.2968
    0.6353    0.2536   -0.7294
...   101 T-A ...
 -105.2939   30.1799   68.6276
   -0.6214    0.7055   -0.3408
    0.4232    0.6683    0.6118
    0.6594    0.2360   -0.7138
...   102 A-T ...
 -102.7168   31.0065   66.3864
   -0.0875    0.9863    0.1396
    0.7186   -0.0346    0.6946
    0.6899    0.1611   -0.7057
...   103 T-A ...
 -101.0312   31.7009   63.6725
    0.2669    0.8346    0.4818
    0.6689   -0.5204    0.5308
    0.6938    0.1806   -0.6972
...   104 G-C ...
  -98.7861   32.5651   61.3803
    0.5556    0.3191    0.7678
    0.3862   -0.9168    0.1016
    0.7364    0.2401   -0.6326
...   105 C-G ...
  -96.3154   33.7110   59.4948
    0.6450   -0.2668    0.7161
   -0.0059   -0.9388   -0.3444
    0.7642    0.2179   -0.6071
...   106 T-A ...
  -93.5025   34.7453   57.7178
    0.4910   -0.7769    0.3942
   -0.3626   -0.5937   -0.7184
    0.7921    0.2098   -0.5732
...   107 T-A ...
  -90.8166   35.4051   56.0792
    0.1565   -0.9856   -0.0636
   -0.5593   -0.0353   -0.8282
    0.8141    0.1652   -0.5568
...   108 C-G ...
  -87.9675   35.7559   54.3149
   -0.2479   -0.8051   -0.5389
   -0.5251    0.5791   -0.6236
    0.8141    0.1284   -0.5663
...   109 C-G ...
  -85.2716   35.9500   52.3983
   -0.5736   -0.3619   -0.7349
   -0.2804    0.9297   -0.2389
    0.7697    0.0690   -0.6347
...   110 G-C ...
  -83.0619   36.4854   50.2302
   -0.7031    0.1963   -0.6835
    0.1043    0.9792    0.1740
    0.7034    0.0511   -0.7089
...   111 G-C ...
  -80.9771   36.6006   47.5609
   -0.5548    0.7201   -0.4166
    0.5044    0.6894    0.5199
    0.6616    0.0783   -0.7457
...   112 C-G ...
  -79.2093   36.7363   44.6990
   -0.1896    0.9818   -0.0098
    0.7370    0.1489    0.6593
    0.6488    0.1178   -0.7518
...   113 T-A ...
  -77.1777   37.1399   42.0765
    0.2258    0.8929    0.3895
    0.7298   -0.4199    0.5396
    0.6453    0.1624   -0.7464
...   114 C-G ...
  -74.9080   37.6212   39.6488
    0.6142    0.4387    0.6559
    0.4491   -0.8778    0.1665
    0.6488    0.1923   -0.7362
...   115 G-C ...
  -72.5541   37.7344   37.2393
    0.7093   -0.2102    0.6728
   -0.0100   -0.9574   -0.2886
    0.7048    0.1980   -0.6812
...   116 T-A ...
  -69.8511   38.8705   35.5371
    0.5493   -0.7195    0.4249
   -0.4011   -0.6731   -0.6213
    0.7331    0.1709   -0.6583
...   117 A-T ...
  -67.1141   39.4891   33.5835
    0.1496   -0.9885   -0.0199
   -0.6336   -0.0804   -0.7695
    0.7591    0.1277   -0.6383
...   118 T-A ...
  -64.2021   39.7565   32.0449
   -0.1967   -0.8758   -0.4408
   -0.6149    0.4604   -0.6403
    0.7637    0.1450   -0.6291
...   119 A-T ...
  -61.6732   40.6254   29.7713
   -0.5149   -0.2835   -0.8090
   -0.3150    0.9403   -0.1290
    0.7973    0.1884   -0.5735
...   120 A-T ...
  -59.0060   40.9044   27.9129
   -0.5914    0.3293   -0.7361
    0.0430    0.9244    0.3790
    0.8052    0.1925   -0.5608
...   121 T-A ...
  -56.4847   40.9970   25.6964
   -0.4601    0.7816   -0.4213
    0.3486    0.5954    0.7238
    0.8166    0.1861   -0.5464
...   122 G-C ...
  -53.6668   41.6177   23.7277
   -0.1956    0.9664    0.1666
    0.5542   -0.0313    0.8318
    0.8091    0.2550   -0.5295
...   123 T-A ...
  -51.2811   42.5361   21.6124
    0.1125    0.7923    0.5997
    0.5596   -0.5492    0.6207
    0.8211    0.2658   -0.5051
...   124 G-C ...
  -48.4708   43.4681   19.9150
    0.3568    0.2702    0.8943
    0.4008   -0.9090    0.1147
    0.8439    0.3175   -0.4326
...   125 T-A ...
  -45.9489   44.9051   18.5777
    0.4647   -0.2802    0.8400
    0.1624   -0.9056   -0.3919
    0.8704    0.3186   -0.3754
...   126 C-G ...
  -43.0990   45.8862   17.5519
    0.4719   -0.7671    0.4346
   -0.1255   -0.5463   -0.8281
    0.8727    0.3362   -0.3541
...   127 G-C ...
  -40.2293   46.5251   15.8234
    0.2177   -0.9719   -0.0892
   -0.3010    0.0201   -0.9534
    0.9285    0.2344   -0.2881
...   128 A-T ...
  -37.2168   47.2429   14.9493
    0.0012   -0.7536   -0.6574
   -0.3671    0.6111   -0.7012
    0.9302    0.2422   -0.2759
...   129 C-G ...
  -33.9201   47.4097   14.4880
   -0.2250   -0.2982   -0.9276
   -0.2996    0.9271   -0.2254
    0.9272    0.2272   -0.2979
...   130 C-G ...
  -30.7401   47.8064   13.2820
   -0.4177    0.2619   -0.8700
   -0.0948    0.9398    0.3284
    0.9036    0.2196   -0.3677
...   131 A-T ...
  -27.5831   49.2128   12.9344
   -0.3855    0.8066   -0.4482
    0.1670    0.5387    0.8258
    0.9075    0.2435   -0.3424
...   132 A-T ...
  -24.6310   49.9697   11.6968
   -0.2132    0.9675    0.1357
    0.3556   -0.0525    0.9332
    0.9100    0.2472   -0.3329
...   133 A-T ...
  -21.7978   50.8541   10.2843
    0.0648    0.7491    0.6593
    0.3957   -0.6258    0.6721
    0.9161    0.2173   -0.3370
...   134 T-A ...
  -19.0083   52.0402    8.9385
    0.2450    0.2904    0.9250
    0.3072   -0.9282    0.2101
    0.9196    0.2327   -0.3166
...   135 G-C ...
  -16.4569   53.8980    7.5292
    0.5336   -0.3334    0.7773
    0.0348   -0.9096   -0.4140
    0.8450    0.2479   -0.4738
...   136 T-A ...
  -14.1681   56.5698    6.1950
    0.5795   -0.7269    0.3684
   -0.3140   -0.6163   -0.7222
    0.7521    0.3028   -0.5854
...   137 G-C ...
  -11.6468   58.0146    4.7338
    0.2454   -0.9541   -0.1717
   -0.6318   -0.0231   -0.7748
    0.7352    0.2986   -0.6085
...   138 A-T ...
   -8.6698   58.7289    3.6172
   -0.0344   -0.7815   -0.6230
   -0.6534    0.4892   -0.5777
    0.7562    0.3872   -0.5274
...   139 G-C ...
   -6.3211   59.0879    1.6442
   -0.2967   -0.3277   -0.8970
   -0.5657    0.8170   -0.1114
    0.7694    0.4744   -0.4278
...   140 C-G ...
   -3.4296   60.2437    1.0436
   -0.4424    0.2288   -0.8671
   -0.1682    0.9286    0.3309
    0.8809    0.2922   -0.3723
...   141 G-C ...
   -0.6893   63.9063   -2.2355
   -0.9992    0.0156   -0.0375
   -0.0024    0.8991    0.4378
    0.0405    0.4375   -0.8983
...   142 C-G ...
   -0.9979   65.6137   -4.9248
   -0.8337    0.5217    0.1810
    0.5169    0.6220    0.5881
    0.1942    0.5839   -0.7882
...   143 T-A ...
   -0.1244   66.2250   -7.8040
   -0.3751    0.8568    0.3538
    0.8856    0.2185    0.4098
    0.2739    0.4670   -0.8407
...   144 C-G ...
   -0.1580   67.4197  -10.7920
    0.1799    0.8792    0.4411
    0.9276   -0.3009    0.2214
    0.3274    0.3694   -0.8697
...   145 A-T ...
    0.5353   69.2487  -13.4512
    0.7352    0.4961    0.4620
    0.6117   -0.7791   -0.1369
    0.2921    0.3832   -0.8763
...   146 C-G ...
    1.4421   72.1064  -15.5857
    0.9808    0.0622    0.1849
    0.1266   -0.9240   -0.3608
    0.1484    0.3773   -0.9141
...   147 A-T ...
    2.3151   74.2410  -18.3713
    0.8657   -0.4292   -0.2574
   -0.4984   -0.7868   -0.3642
   -0.0462    0.4436   -0.8950
