  147 base-pairs
...     1 A-T ...
    0.0000    0.0000    0.0000
    1.0000    0.0000    0.0000
    0.0000    1.0000    0.0000
    0.0000    0.0000    1.0000
...     2 G-C ...
   -0.1394   -1.2357    3.2268
    0.7529    0.6366    0.1670
   -0.6386    0.7680   -0.0486
   -0.1592   -0.0700    0.9848
...     3 T-A ...
   -0.0365   -3.2932    6.3751
    0.2722    0.9301    0.2466
   -0.9238    0.3243   -0.2033
   -0.2691   -0.1725    0.9475
...     4 G-C ...
   -0.3505   -4.1660    9.4928
   -0.3756    0.9250    0.0579
   -0.8781   -0.3352   -0.3415
   -0.2965   -0.1791    0.9381
...     5 A-T ...
   -0.4462   -4.1476   12.7498
   -0.8116    0.5840   -0.0165
   -0.5523   -0.7762   -0.3042
   -0.1905   -0.2378    0.9524
...     6 G-C ...
   -1.5908   -4.1730   15.6201
   -0.9976    0.0246   -0.0651
   -0.0043   -0.9555   -0.2950
   -0.0695   -0.2940    0.9533
...     7 C-G ...
   -1.1030   -4.4824   18.7362
   -0.8441   -0.5304   -0.0787
    0.5345   -0.8441   -0.0432
   -0.0435   -0.0785    0.9960
...     8 G-C ...
   -2.4028   -7.7290   23.1475
   -0.2754   -0.3293   -0.9032
    0.6650   -0.7437    0.0684
   -0.6942   -0.5818    0.4238
...     9 C-G ...
   -4.4690   -9.9728   24.1132
    0.1145   -0.7025   -0.7024
    0.8512   -0.2952    0.4340
   -0.5122   -0.6476    0.5642
...    10 T-A ...
   -6.7405  -10.8752   25.9697
    0.4841   -0.8363   -0.2574
    0.6595    0.1553    0.7355
   -0.5751   -0.5258    0.6267
...    11 C-G ...
   -9.1656  -12.6208   27.1640
    0.7073   -0.6682    0.2307
    0.3448    0.6110    0.7126
   -0.6171   -0.4245    0.6626
...    12 A-T ...
  -10.9234  -14.6633   29.0693
    0.7515   -0.1377    0.6452
   -0.2029    0.8824    0.4246
   -0.6277   -0.4500    0.6352
...    13 C-G ...
  -11.8476  -17.4863   31.2451
    0.4295    0.2823    0.8578
   -0.5708    0.8209    0.0156
   -0.6998   -0.4963    0.5137
...    14 A-T ...
  -13.5897  -19.7827   33.4259
   -0.1504    0.6104    0.7777
   -0.6874    0.5008   -0.5260
   -0.7106   -0.6136    0.3443
...    15 A-T ...
  -15.7388  -21.8848   34.6860
   -0.5427    0.7776    0.3174
   -0.4512    0.0488   -0.8911
   -0.7084   -0.6268    0.3244
...    16 T-A ...
  -17.8267  -23.8205   36.3571
   -0.6976    0.6891   -0.1961
   -0.0961   -0.3613   -0.9275
   -0.7100   -0.6282    0.3183
...    17 T-A ...
  -20.1435  -25.7546   37.5630
   -0.6147    0.3477   -0.7080
    0.3369   -0.6959   -0.6343
   -0.7132   -0.6284    0.3106
...    18 T-A ...
  -22.5694  -27.6279   38.6417
   -0.2924   -0.1244   -0.9482
    0.6327   -0.7686   -0.0943
   -0.7171   -0.6275    0.3034
...    19 A-T ...
  -24.7418  -30.0341   39.6510
    0.1985   -0.5751   -0.7936
    0.6602   -0.5200    0.5420
   -0.7244   -0.6316    0.2765
...    20 T-A ...
  -27.4773  -31.8550   40.0232
    0.5113   -0.7655   -0.3906
    0.4554   -0.1441    0.8785
   -0.7288   -0.6271    0.2750
...    21 T-A ...
  -29.9401  -33.8979   40.6564
    0.6643   -0.7156    0.2157
    0.0627    0.3410    0.9380
   -0.7448   -0.6096    0.2714
...    22 C-G ...
  -32.3563  -36.0095   41.4825
    0.5716   -0.3489    0.7427
   -0.3622    0.7049    0.6099
   -0.7363   -0.6176    0.2765
...    23 G-C ...
  -35.0185  -37.7807   42.6220
    0.3129    0.1858    0.9314
   -0.6392    0.7666    0.0618
   -0.7026   -0.6147    0.3586
...    24 C-G ...
  -37.0608  -40.1196   43.8788
   -0.0740    0.6121    0.7873
   -0.7031    0.5279   -0.4765
   -0.7072   -0.5888    0.3913
...    25 A-T ...
  -39.6214  -41.9842   45.0089
   -0.4063    0.8596    0.3097
   -0.5338    0.0518   -0.8440
   -0.7416   -0.5083    0.4378
...    26 A-T ...
  -41.9537  -43.5718   46.6155
   -0.6327    0.7331   -0.2495
   -0.1953   -0.4629   -0.8646
   -0.7494   -0.4983    0.4360
...    27 A-T ...
  -44.4116  -45.0173   48.1673
   -0.6187    0.3279   -0.7139
    0.2062   -0.8091   -0.5503
   -0.7581   -0.4877    0.4329
...    28 G-C ...
  -47.1065  -46.3606   49.5970
   -0.3547   -0.1426   -0.9240
    0.4930   -0.8683   -0.0552
   -0.7944   -0.4752    0.3783
...    29 G-C ...
  -50.0111  -47.8206   50.5680
    0.0420   -0.5771   -0.8156
    0.5744   -0.6539    0.4923
   -0.8175   -0.4892    0.3041
...    30 C-G ...
  -52.9386  -49.3460   51.1748
    0.3818   -0.8341   -0.3981
    0.4322   -0.2196    0.8746
   -0.8170   -0.5060    0.2766
...    31 C-G ...
  -55.7175  -51.2094   51.8046
    0.6048   -0.7805    0.1581
    0.1187    0.2847    0.9512
   -0.7875   -0.5565    0.2649
...    32 G-C ...
  -58.3619  -52.9084   53.0834
    0.6218   -0.4154    0.6639
   -0.2659    0.6854    0.6779
   -0.7367   -0.5980    0.3158
...    33 G-C ...
  -60.7632  -55.1349   54.0081
    0.4188    0.0931    0.9033
   -0.5693    0.8019    0.1812
   -0.7075   -0.5901    0.3889
...    34 C-G ...
  -62.8314  -57.4202   55.2982
    0.0659    0.5584    0.8269
   -0.7028    0.6142   -0.3588
   -0.7083   -0.5576    0.4330
...    35 C-G ...
  -65.0262  -59.3920   56.9601
   -0.2612    0.8603    0.4377
   -0.6310    0.1909   -0.7519
   -0.7304   -0.4726    0.4930
...    36 C-G ...
  -67.3908  -60.8316   58.8916
   -0.4891    0.8655   -0.1081
   -0.4025   -0.3339   -0.8524
   -0.7738   -0.3734    0.5117
...    37 G-C ...
  -70.2597  -62.0487   60.2311
   -0.5313    0.5574   -0.6380
   -0.1010   -0.7893   -0.6056
   -0.8411   -0.2573    0.4757
...    38 A-T ...
  -73.1260  -62.7492   61.7101
   -0.4592   -0.0292   -0.8879
    0.2131   -0.9739   -0.0782
   -0.8624   -0.2251    0.4534
...    39 C-G ...
  -76.2129  -62.8928   62.9946
   -0.2594   -0.5531   -0.7917
    0.4067   -0.8061    0.4299
   -0.8760   -0.2105    0.4340
...    40 A-T ...
  -79.0029  -63.8855   64.5631
    0.0792   -0.9191   -0.3859
    0.4528   -0.3117    0.8353
   -0.8881   -0.2409    0.3915
...    41 C-G ...
  -82.2062  -64.6827   65.2592
    0.3117   -0.9398    0.1401
    0.3325    0.2460    0.9104
   -0.8901   -0.2372    0.3892
...    42 G-C ...
  -85.0967  -65.2242   66.9481
    0.5092   -0.5935    0.6233
    0.0903    0.7571    0.6470
   -0.8559   -0.2732    0.4391
...    43 A-T ...
  -87.9836  -66.1427   68.2690
    0.4815   -0.0028    0.8765
   -0.2196    0.9677    0.1237
   -0.8485   -0.2520    0.4653
...    44 C-G ...
  -90.5550  -67.5417   69.8343
    0.3224    0.5299    0.7844
   -0.4391    0.8178   -0.3720
   -0.8386   -0.2244    0.4964
...    45 T-A ...
  -93.1583  -68.3929   71.7172
    0.1103    0.9061    0.4085
   -0.5555    0.3970   -0.7306
   -0.8242   -0.1463    0.5471
...    46 T-A ...
  -95.7196  -68.8370   73.6401
   -0.1896    0.9754   -0.1126
   -0.5281   -0.1980   -0.8258
   -0.8278   -0.0971    0.5526
...    47 A-T ...
  -98.6060  -69.0027   75.3431
   -0.3839    0.6649   -0.6408
   -0.3532   -0.7469   -0.5634
   -0.8532    0.0101    0.5216
...    48 C-G ...
 -101.2720  -68.3094   77.1951
   -0.4878    0.1558   -0.8589
   -0.1227   -0.9864   -0.1093
   -0.8643    0.0520    0.5003
...    49 T-A ...
 -104.2392  -67.7971   78.6364
   -0.4447   -0.4209   -0.7907
    0.1205   -0.9028    0.4128
   -0.8876    0.0883    0.4522
...    50 G-C ...
 -107.1907  -67.9158   80.2268
   -0.2528   -0.8898   -0.3800
    0.3322   -0.4487    0.8296
   -0.9087    0.0835    0.4090
...    51 T-A ...
 -110.4633  -67.5350   81.0004
   -0.0382   -0.9879    0.1500
    0.4210    0.1203    0.8990
   -0.9063    0.0975    0.4113
...    52 A-T ...
 -113.2321  -66.6157   82.8919
    0.1795   -0.6094    0.7723
    0.3830    0.7664    0.5158
   -0.9062    0.2031    0.3710
...    53 G-C ...
 -116.3455  -66.1577   84.0396
    0.4105   -0.0875    0.9077
    0.2437    0.9697   -0.0167
   -0.8787    0.2281    0.4194
...    54 G-C ...
 -119.4124  -65.5970   85.3920
    0.5636    0.4491    0.6933
   -0.0119    0.8436   -0.5368
   -0.8259    0.2943    0.4808
...    55 T-A ...
 -121.9647  -65.0245   87.4051
    0.5213    0.8105    0.2671
   -0.3067    0.4700   -0.8277
   -0.7963    0.3496    0.4936
...    56 A-T ...
 -124.5068  -63.6574   89.1048
    0.3653    0.8668   -0.3394
   -0.5852   -0.0697   -0.8079
   -0.7239    0.4938    0.4818
...    57 T-A ...
 -126.3663  -61.8219   91.0639
    0.0422    0.6903   -0.7223
   -0.7035   -0.4929   -0.5121
   -0.7095    0.5297    0.4648
...    58 C-G ...
 -128.6498  -59.8702   92.3838
   -0.3582    0.2334   -0.9040
   -0.6253   -0.7790    0.0466
   -0.6934    0.5819    0.4250
...    59 T-A ...
 -130.8583  -57.6296   93.4926
   -0.6186   -0.2610   -0.7411
   -0.3671   -0.7380    0.5663
   -0.6947    0.6223    0.3607
...    60 C-G ...
 -133.2585  -55.5591   94.4749
   -0.7269   -0.6490   -0.2247
    0.0743   -0.3996    0.9137
   -0.6827    0.6474    0.3387
...    61 G-C ...
 -135.4947  -53.5641   96.0713
   -0.5205   -0.7708    0.3675
    0.4815    0.0904    0.8717
   -0.7051    0.6307    0.3241
...    62 A-T ...
 -137.8407  -51.3901   96.9919
   -0.1183   -0.5344    0.8369
    0.7193    0.5350    0.4432
   -0.6846    0.6544    0.3211
...    63 G-C ...
 -140.3080  -49.3452   97.9702
    0.3346   -0.1710    0.9267
    0.6859    0.7186   -0.1151
   -0.6462    0.6741    0.3577
...    64 C-G ...
 -142.7476  -47.3867   99.1630
    0.6992    0.2233    0.6791
    0.3971    0.6687   -0.6287
   -0.5945    0.7092    0.3789
...    65 T-A ...
 -144.6813  -45.1452  100.6702
    0.8586    0.4763    0.1897
   -0.0455    0.4393   -0.8972
   -0.5106    0.7617    0.3989
...    66 C-G ...
 -146.2688  -42.6175  102.0064
    0.7063    0.5759   -0.4116
   -0.5520    0.0839   -0.8296
   -0.4433    0.8132    0.3772
...    67 G-C ...
 -147.7127  -39.6693  102.8429
    0.3402    0.3811   -0.8597
   -0.8828   -0.1856   -0.4316
   -0.3240    0.9057    0.2733
...    68 G-C ...
 -148.3750  -36.3873  103.3710
   -0.1773    0.1212   -0.9767
   -0.9464   -0.2931    0.1355
   -0.2698    0.9484    0.1667
...    69 G-C ...
 -149.1371  -33.0655  103.3373
   -0.6636   -0.1289   -0.7369
   -0.7017   -0.2344    0.6728
   -0.2594    0.9636    0.0651
...    70 A-T ...
 -150.0505  -29.8618  103.3303
   -0.9598   -0.2321   -0.1580
   -0.1455   -0.0702    0.9869
   -0.2402    0.9702    0.0336
...    71 T-A ...
 -150.8601  -26.6775  102.7196
   -0.8986   -0.1859    0.3974
    0.3933    0.0604    0.9174
   -0.1946    0.9807    0.0189
...    72 C-G ...
 -151.5273  -23.4107  102.6597
   -0.4578   -0.0827    0.8852
    0.8731    0.1462    0.4652
   -0.1679    0.9858    0.0053
...    73 T-A ...
 -152.3423  -20.1514  102.6226
    0.1191   -0.0107    0.9928
    0.9823    0.1469   -0.1162
   -0.1446    0.9891    0.0280
...    74 C-G ...
 -152.9035  -16.8803  102.5858
    0.7018    0.0486    0.7107
    0.7056    0.0894   -0.7029
   -0.0977    0.9948    0.0284
...    75 A-T ...
 -153.0930  -13.5216  102.3959
    0.9873   -0.0357    0.1545
    0.1560    0.0420   -0.9869
    0.0287    0.9985    0.0471
...    76 T-A ...
 -152.8724  -10.3565  103.1728
    0.9263   -0.0505   -0.3733
   -0.3706    0.0563   -0.9271
    0.0678    0.9971    0.0335
...    77 G-C ...
 -152.4294   -7.0192  102.9584
    0.5272   -0.1567   -0.8352
   -0.8278    0.1271   -0.5464
    0.1918    0.9794   -0.0627
...    78 T-A ...
 -151.1396   -3.9964  102.7568
   -0.0096   -0.1160   -0.9932
   -0.9749    0.2222   -0.0165
    0.2226    0.9681   -0.1152
...    79 T-A ...
 -150.1823   -0.9342  102.2463
   -0.5795    0.0374   -0.8141
   -0.7774    0.2743    0.5660
    0.2444    0.9609   -0.1299
...    80 A-T ...
 -149.6241    2.4381  102.1565
   -0.9353    0.2616   -0.2381
   -0.1898    0.1969    0.9619
    0.2985    0.9449   -0.1345
...    81 T-A ...
 -148.6487    5.4111  101.0039
   -0.8804    0.3650    0.3027
    0.3349    0.0266    0.9419
    0.3357    0.9306   -0.1457
...    82 A-T ...
 -146.7980    8.3649  100.9738
   -0.3496    0.3877    0.8529
    0.8346   -0.2847    0.4716
    0.4257    0.8767   -0.2240
...    83 A-T ...
 -145.6345   11.2867  100.0803
    0.2424    0.1792    0.9535
    0.8615   -0.4918   -0.1266
    0.4462    0.8521   -0.2736
...    84 C-G ...
 -144.6397   14.3855   99.3554
    0.6614   -0.1383    0.7371
    0.5827   -0.5241   -0.6211
    0.4722    0.8404   -0.2661
...    85 G-C ...
 -142.9019   16.9951   98.0493
    0.8025   -0.5256    0.2823
    0.0892   -0.3622   -0.9278
    0.5899    0.7698   -0.2438
...    86 G-C ...
 -140.8055   19.5666   97.4651
    0.6426   -0.7250   -0.2481
   -0.3625   -0.0024   -0.9320
    0.6750    0.6888   -0.2644
...    87 A-T ...
 -138.4859   21.7049   96.5891
    0.2551   -0.6311   -0.7326
   -0.6557    0.4439   -0.6107
    0.7106    0.6361   -0.3005
...    88 C-G ...
 -135.7081   23.2868   95.7570
   -0.1675   -0.3280   -0.9297
   -0.6674    0.7318   -0.1379
    0.7256    0.5974   -0.3415
...    89 G-C ...
 -133.5749   25.4337   94.2249
   -0.5940    0.0911   -0.7993
   -0.3888    0.8373    0.3843
    0.7043    0.5390   -0.4619
...    90 C-G ...
 -131.2838   26.9042   92.2649
   -0.7277    0.5343   -0.4302
    0.0410    0.6599    0.7502
    0.6847    0.5283   -0.5021
...    91 T-A ...
 -129.1656   28.5516   90.2547
   -0.5969    0.7990    0.0729
    0.4617    0.2678    0.8456
    0.6562    0.5384   -0.5288
...    92 T-A ...
 -127.1657   30.2011   88.2590
   -0.1649    0.8265    0.5383
    0.7179   -0.2737    0.6401
    0.6763    0.4920   -0.5482
...    93 T-A ...
 -125.1678   31.8496   86.2657
    0.3265    0.5167    0.7915
    0.6584   -0.7251    0.2018
    0.6782    0.4552   -0.5770
...    94 A-T ...
 -122.6485   32.8150   84.1490
    0.6960   -0.0866    0.7128
    0.2543   -0.8986   -0.3575
    0.6715    0.4301   -0.6034
...    95 A-T ...
 -120.4836   34.3798   82.2947
    0.7096   -0.6019    0.3662
   -0.2144   -0.6796   -0.7016
    0.6711    0.4194   -0.6113
...    96 C-G ...
 -118.0206   36.0067   80.7880
    0.4529   -0.8903   -0.0463
   -0.5594   -0.2434   -0.7923
    0.6942    0.3848   -0.6083
...    97 A-T ...
 -115.8003   37.1541   78.5323
   -0.0416   -0.9001   -0.4337
   -0.6939    0.3383   -0.6356
    0.7188    0.2745   -0.6387
...    98 C-G ...
 -113.0524   37.5906   76.7156
   -0.4364   -0.5840   -0.6844
   -0.5463    0.7764   -0.3142
    0.7149    0.2368   -0.6579
...    99 T-A ...
 -110.6445   37.9844   74.4331
   -0.7062   -0.0719   -0.7043
   -0.1871    0.9784    0.0878
    0.6828    0.1938   -0.7044
...   100 T-A ...
 -108.4276   38.3471   72.0714
   -0.6683    0.5248   -0.5272
    0.2711    0.8318    0.4844
    0.6928    0.1808   -0.6981
...   101 T-A ...
 -106.2781   38.7149   69.6430
   -0.3557    0.9216   -0.1552
    0.6143    0.3557    0.7043
    0.7043    0.1552   -0.6927
...   102 A-T ...
 -103.5161   39.1487   67.6661
    0.1709    0.9295    0.3270
    0.6859   -0.3505    0.6378
    0.7073    0.1153   -0.6974
...   103 T-A ...
 -101.6557   39.8860   65.0224
    0.5160    0.6079    0.6036
    0.4888   -0.7876    0.3753
    0.7035    0.1013   -0.7034
...   104 G-C ...
  -99.1345   39.9546   62.8039
    0.6499    0.0060    0.7600
    0.0926   -0.9931   -0.0714
    0.7544    0.1168   -0.6460
...   105 C-G ...
  -96.5865   40.7323   60.7876
    0.5550   -0.5599    0.6152
   -0.2888   -0.8233   -0.4887
    0.7801    0.0936   -0.6186
...   106 T-A ...
  -93.8095   41.1205   58.9840
    0.2533   -0.9248    0.2837
   -0.5316   -0.3781   -0.7579
    0.8082    0.0411   -0.5875
...   107 T-A ...
  -91.0594   41.2626   57.2578
   -0.1124   -0.9710   -0.2112
   -0.5783    0.2368   -0.7807
    0.8081    0.0344   -0.5881
...   108 C-G ...
  -88.3826   41.2183   55.3324
   -0.4654   -0.6300   -0.6217
   -0.3779    0.7766   -0.5041
    0.8004    0.0004   -0.5995
...   109 C-G ...
  -85.7400   40.8313   53.2328
   -0.6553   -0.0802   -0.7511
   -0.0214    0.9959   -0.0876
    0.7550   -0.0413   -0.6544
...   110 G-C ...
  -83.2696   41.0816   50.9187
   -0.6112    0.5187   -0.5978
    0.3928    0.8545    0.3398
    0.6871   -0.0271   -0.7261
...   111 G-C ...
  -81.1678   40.8593   48.2512
   -0.3293    0.9113   -0.2469
    0.6835    0.4106    0.6036
    0.6514    0.0300   -0.7581
...   112 C-G ...
  -79.3359   40.9278   45.4461
    0.0894    0.9819    0.1669
    0.7546   -0.1761    0.6321
    0.6501    0.0694   -0.7567
...   113 T-A ...
  -77.3712   41.3788   42.7802
    0.4542    0.7159    0.5303
    0.5918   -0.6874    0.4211
    0.6660    0.1225   -0.7358
...   114 C-G ...
  -75.1832   41.8648   40.3562
    0.6979    0.1468    0.7010
    0.1988   -0.9800    0.0073
    0.6880    0.1343   -0.7131
...   115 G-C ...
  -72.7462   41.8857   37.9893
    0.6056   -0.4626    0.6475
   -0.2179   -0.8790   -0.4241
    0.7653    0.1158   -0.6331
...   116 T-A ...
  -69.9685   42.6564   36.3282
    0.3678   -0.8685    0.3323
   -0.5047   -0.4866   -0.7131
    0.7810    0.0946   -0.6173
...   117 A-T ...
  -67.5933   42.8493   33.8958
   -0.0494   -0.9767   -0.2090
   -0.6153    0.1946   -0.7639
    0.7867    0.0909   -0.6106
...   118 T-A ...
  -64.6507   42.8230   32.3807
   -0.3567   -0.7291   -0.5841
   -0.4974    0.6775   -0.5419
    0.7908    0.0972   -0.6043
...   119 A-T ...
  -62.1409   43.5865   30.1929
   -0.5746   -0.0974   -0.8126
   -0.1431    0.9896   -0.0174
    0.8058    0.1063   -0.5826
...   120 A-T ...
  -59.5171   43.6649   28.2533
   -0.5260    0.5129   -0.6785
    0.2170    0.8523    0.4760
    0.8224    0.1031   -0.5596
...   121 T-A ...
  -57.0796   43.5171   26.0135
   -0.3273    0.8842   -0.3332
    0.4542    0.4564    0.7651
    0.8286    0.0991   -0.5511
...   122 G-C ...
  -54.2085   44.0160   24.3428
   -0.0699    0.9695    0.2351
    0.5721   -0.1541    0.8056
    0.8172    0.1908   -0.5439
...   123 T-A ...
  -51.8915   44.9202   22.1303
    0.2188    0.7250    0.6531
    0.5179   -0.6536    0.5519
    0.8270    0.2175   -0.5185
...   124 G-C ...
  -48.9552   45.5596   20.6204
    0.3870    0.1774    0.9048
    0.3168   -0.9472    0.0502
    0.8659    0.2672   -0.4228
...   125 T-A ...
  -46.2282   47.0213   19.4408
    0.4604   -0.3713    0.8063
    0.0695   -0.8904   -0.4498
    0.8850    0.2631   -0.3841
...   126 C-G ...
  -43.2454   47.8593   18.3306
    0.3782   -0.8426    0.3834
   -0.1983   -0.4783   -0.8555
    0.9042    0.2475   -0.3480
...   127 G-C ...
  -40.2214   48.3033   16.8418
    0.1130   -0.9806   -0.1603
   -0.3235    0.1163   -0.9391
    0.9395    0.1580   -0.3041
...   128 A-T ...
  -37.0693   48.6952   15.8906
   -0.1145   -0.7027   -0.7022
   -0.3072    0.6973   -0.6477
    0.9447    0.1415   -0.2957
...   129 C-G ...
  -33.7892   48.5670   15.1483
   -0.2659   -0.2045   -0.9421
   -0.1862    0.9697   -0.1579
    0.9458    0.1335   -0.2960
...   130 C-G ...
  -30.5802   48.7438   14.0188
   -0.3749    0.3792   -0.8460
    0.0086    0.9139    0.4058
    0.9270    0.1449   -0.3459
...   131 A-T ...
  -27.4400   49.4416   13.0660
   -0.3611    0.8401   -0.4047
    0.2318    0.5012    0.8337
    0.9032    0.2073   -0.3757
...   132 A-T ...
  -24.5732   50.0326   11.6426
   -0.1563    0.9741    0.1636
    0.3838   -0.0927    0.9187
    0.9101    0.2064   -0.3594
...   133 A-T ...
  -21.7092   50.7844   10.3131
    0.0754    0.7323    0.6768
    0.3984   -0.6443    0.6528
    0.9141    0.2204   -0.3403
...   134 T-A ...
  -19.0083   52.0402    8.9383
    0.2450    0.2904    0.9250
    0.3072   -0.9282    0.2101
    0.9196    0.2327   -0.3167
...   135 G-C ...
  -16.4569   53.8980    7.5290
    0.5336   -0.3334    0.7773
    0.0348   -0.9096   -0.4140
    0.8450    0.2479   -0.4738
...   136 T-A ...
  -14.1680   56.5697    6.1948
    0.5795   -0.7269    0.3684
   -0.3140   -0.6163   -0.7222
    0.7521    0.3028   -0.5854
...   137 G-C ...
  -11.6468   58.0146    4.7336
    0.2454   -0.9541   -0.1717
   -0.6318   -0.0231   -0.7748
    0.7352    0.2986   -0.6085
...   138 A-T ...
   -8.6697   58.7288    3.6170
   -0.0344   -0.7815   -0.6230
   -0.6534    0.4892   -0.5777
    0.7562    0.3872   -0.5274
...   139 G-C ...
   -6.3211   59.0879    1.6440
   -0.2967   -0.3277   -0.8970
   -0.5657    0.8170   -0.1114
    0.7694    0.4744   -0.4278
...   140 C-G ...
   -3.4296   60.2436    1.0434
   -0.4424    0.2288   -0.8671
   -0.1682    0.9286    0.3309
    0.8809    0.2922   -0.3723
...   141 G-C ...
   -0.6893   63.9062   -2.2357
   -0.9992    0.0156   -0.0375
   -0.0024    0.8991    0.4378
    0.0405    0.4375   -0.8983
...   142 C-G ...
   -0.9979   65.6136   -4.9250
   -0.8337    0.5217    0.1810
    0.5169    0.6220    0.5881
    0.1942    0.5839   -0.7882
...   143 T-A ...
   -0.1244   66.2249   -7.8042
   -0.3751    0.8568    0.3538
    0.8856    0.2185    0.4098
    0.2739    0.4670   -0.8408
...   144 C-G ...
   -0.1580   67.4196  -10.7922
    0.1799    0.8792    0.4411
    0.9276   -0.3009    0.2214
    0.3274    0.3694   -0.8697
...   145 A-T ...
    0.5353   69.2486  -13.4514
    0.7352    0.4961    0.4620
    0.6117   -0.7791   -0.1369
    0.2921    0.3832   -0.8763
...   146 C-G ...
    1.4421   72.1063  -15.5859
    0.9808    0.0622    0.1849
    0.1266   -0.9240   -0.3608
    0.1484    0.3773   -0.9141
...   147 A-T ...
    2.3151   74.2409  -18.3715
    0.8657   -0.4292   -0.2574
   -0.4984   -0.7868   -0.3642
   -0.0462    0.4436   -0.8950
