  147 base-pairs
...     1 A-T ...
    0.0000    0.0000    0.0000
    1.0000    0.0000    0.0000
    0.0000    1.0000    0.0000
    0.0000    0.0000    1.0000
...     2 G-C ...
   -0.1394   -1.2357    3.2268
    0.7529    0.6366    0.1670
   -0.6386    0.7680   -0.0486
   -0.1592   -0.0700    0.9848
...     3 T-A ...
   -0.0365   -3.2932    6.3751
    0.2722    0.9301    0.2466
   -0.9238    0.3243   -0.2033
   -0.2691   -0.1725    0.9475
...     4 G-C ...
   -0.3505   -4.1660    9.4928
   -0.3756    0.9250    0.0579
   -0.8781   -0.3352   -0.3415
   -0.2965   -0.1791    0.9381
...     5 A-T ...
   -0.4462   -4.1476   12.7498
   -0.8116    0.5840   -0.0165
   -0.5523   -0.7762   -0.3042
   -0.1905   -0.2378    0.9524
...     6 G-C ...
   -1.5908   -4.1730   15.6201
   -0.9976    0.0246   -0.0651
   -0.0043   -0.9555   -0.2950
   -0.0695   -0.2940    0.9533
...     7 C-G ...
   -1.1030   -4.4824   18.7362
   -0.8441   -0.5304   -0.0787
    0.5345   -0.8441   -0.0432
   -0.0435   -0.0785    0.9960
...     8 G-C ...
   -2.4028   -7.7290   23.1475
   -0.2754   -0.3293   -0.9032
    0.6650   -0.7437    0.0684
   -0.6942   -0.5818    0.4238
...     9 C-G ...
   -4.4690   -9.9728   24.1132
    0.1145   -0.7025   -0.7024
    0.8512   -0.2952    0.4340
   -0.5122   -0.6476    0.5642
...    10 T-A ...
   -6.7405  -10.8752   25.9697
    0.4841   -0.8363   -0.2574
    0.6595    0.1553    0.7355
   -0.5751   -0.5258    0.6267
...    11 C-G ...
   -9.1656  -12.6208   27.1640
    0.7073   -0.6682    0.2307
    0.3448    0.6110    0.7126
   -0.6171   -0.4245    0.6626
...    12 A-T ...
  -10.9234  -14.6633   29.0693
    0.7515   -0.1377    0.6452
   -0.2029    0.8824    0.4246
   -0.6277   -0.4500    0.6352
...    13 C-G ...
  -11.8476  -17.4863   31.2451
    0.4295    0.2823    0.8578
   -0.5708    0.8209    0.0156
   -0.6998   -0.4963    0.5137
...    14 A-T ...
  -13.5897  -19.7827   33.4259
   -0.1504    0.6104    0.7777
   -0.6874    0.5008   -0.5260
   -0.7106   -0.6136    0.3443
...    15 A-T ...
  -15.8076  -21.8653   34.5488
   -0.5207    0.7936    0.3149
   -0.4515    0.0571   -0.8904
   -0.7246   -0.6058    0.3286
...    16 T-A ...
  -17.9425  -23.8212   36.3193
   -0.7101    0.6711   -0.2130
   -0.0770   -0.3748   -0.9239
   -0.6999   -0.6396    0.3178
...    17 T-A ...
  -20.2403  -25.7434   37.6811
   -0.6370    0.2969   -0.7114
    0.3725   -0.6894   -0.6213
   -0.6748   -0.6608    0.3286
...    18 T-A ...
  -22.5461  -27.7688   38.7621
   -0.2853   -0.1283   -0.9498
    0.6659   -0.7393   -0.1002
   -0.6893   -0.6611    0.2964
...    19 A-T ...
  -24.6793  -30.2356   39.6820
    0.2150   -0.5291   -0.8209
    0.6878   -0.5147    0.5119
   -0.6933   -0.6747    0.2532
...    20 T-A ...
  -27.3656  -32.1680   40.0198
    0.5379   -0.7306   -0.4206
    0.4708   -0.1536    0.8688
   -0.6993   -0.6653    0.2613
...    21 T-A ...
  -29.7226  -34.3578   40.5810
    0.6928   -0.6973    0.1840
    0.0487    0.2997    0.9528
   -0.7195   -0.6512    0.2416
...    22 C-G ...
  -32.0452  -36.5626   41.3683
    0.5974   -0.3671    0.7130
   -0.3874    0.6463    0.6574
   -0.7022   -0.6689    0.2439
...    23 G-C ...
  -34.6091  -38.3951   42.5888
    0.3721    0.1502    0.9160
   -0.6747    0.7214    0.1558
   -0.6374   -0.6760    0.3698
...    24 C-G ...
  -36.4169  -40.8836   43.7572
   -0.0020    0.5467    0.8373
   -0.7645    0.5389   -0.3537
   -0.6446   -0.6408    0.4169
...    25 A-T ...
  -38.8959  -42.8944   44.7178
   -0.4019    0.8052    0.4360
   -0.6121    0.1179   -0.7820
   -0.6811   -0.5811    0.4455
...    26 A-T ...
  -41.0859  -44.7468   46.3052
   -0.6683    0.7366   -0.1037
   -0.2721   -0.3718   -0.8875
   -0.6924   -0.5649    0.4489
...    27 A-T ...
  -43.2653  -46.4175   48.0575
   -0.7027    0.3811   -0.6009
    0.1718   -0.7286   -0.6630
   -0.6905   -0.5691    0.4465
...    28 G-C ...
  -45.8234  -47.9109   49.6820
   -0.4557   -0.0375   -0.8893
    0.5028   -0.8353   -0.2224
   -0.7345   -0.5485    0.3995
...    29 G-C ...
  -48.6323  -49.5659   50.8127
   -0.0317   -0.4799   -0.8767
    0.6508   -0.6757    0.3463
   -0.7586   -0.5596    0.3338
...    30 C-G ...
  -51.3244  -51.3468   51.4700
    0.3687   -0.7563   -0.5404
    0.5295   -0.3070    0.7908
   -0.7640   -0.5777    0.2873
...    31 C-G ...
  -54.0625  -53.1888   52.2045
    0.6424   -0.7663   -0.0129
    0.2142    0.1634    0.9630
   -0.7358   -0.6214    0.2691
...    32 G-C ...
  -56.2267  -55.0688   53.3562
    0.7174   -0.5120    0.4725
   -0.1691    0.5299    0.8310
   -0.6759   -0.6760    0.2936
...    33 G-C ...
  -58.2175  -57.6174   54.3461
    0.5358   -0.0823    0.8404
   -0.5498    0.7214    0.4211
   -0.6409   -0.6876    0.3412
...    34 C-G ...
  -60.1059  -60.1519   55.2933
    0.1723    0.3758    0.9106
   -0.7489    0.6505   -0.1267
   -0.6399   -0.6601    0.3935
...    35 C-G ...
  -61.9743  -62.4511   56.9801
   -0.2132    0.7326    0.6464
   -0.7223    0.3274   -0.6092
   -0.6579   -0.5967    0.4594
...    36 C-G ...
  -64.0435  -64.3939   58.7835
   -0.5335    0.8310    0.1574
   -0.5043   -0.1631   -0.8480
   -0.6790   -0.5318    0.5061
...    37 G-C ...
  -66.4771  -66.5018   59.7807
   -0.6587    0.6460   -0.3858
   -0.1337   -0.6051   -0.7849
   -0.7404   -0.4654    0.4849
...    38 A-T ...
  -68.8397  -67.9387   61.3616
   -0.6051    0.1645   -0.7789
    0.2790   -0.8725   -0.4011
   -0.7456   -0.4601    0.4821
...    39 C-G ...
  -71.5491  -68.9364   62.7737
   -0.3389   -0.3028   -0.8907
    0.5322   -0.8424    0.0839
   -0.7758   -0.4457    0.4467
...    40 A-T ...
  -74.2372  -70.5491   64.0425
    0.0831   -0.7269   -0.6817
    0.6101   -0.5038    0.6115
   -0.7879   -0.4668    0.4016
...    41 C-G ...
  -77.0838  -72.1477   64.8348
    0.3981   -0.8796   -0.2604
    0.4651   -0.0512    0.8838
   -0.7907   -0.4729    0.3887
...    42 G-C ...
  -79.5012  -73.6075   66.5582
    0.6205   -0.7191    0.3130
    0.1346    0.4909    0.8608
   -0.7726   -0.4919    0.4014
...    43 A-T ...
  -82.0735  -75.0576   67.7084
    0.5823   -0.2884    0.7601
   -0.2296    0.8386    0.4940
   -0.7799   -0.4622    0.4221
...    44 C-G ...
  -84.3747  -77.1401   68.8422
    0.4129    0.2293    0.8814
   -0.5093    0.8605    0.0147
   -0.7551   -0.4550    0.4721
...    45 T-A ...
  -86.6483  -79.1101   70.7739
    0.1152    0.7243    0.6797
   -0.6493    0.5728   -0.5003
   -0.7518   -0.3837    0.5363
...    46 T-A ...
  -88.9538  -80.2963   72.6033
   -0.1882    0.9398    0.2853
   -0.6213    0.1110   -0.7756
   -0.7606   -0.3233    0.5630
...    47 A-T ...
  -91.3850  -80.9835   74.7257
   -0.3394    0.9016   -0.2681
   -0.4774   -0.4107   -0.7768
   -0.8105   -0.1357    0.5698
...    48 C-G ...
  -93.7986  -80.8326   76.9659
   -0.4946    0.5541   -0.6696
   -0.2636   -0.8297   -0.4920
   -0.8282   -0.0669    0.5565
...    49 T-A ...
  -96.5184  -80.4615   78.9051
   -0.4949    0.0387   -0.8681
   -0.0327   -0.9991   -0.0259
   -0.8683    0.0156    0.4958
...    50 G-C ...
  -99.5578  -80.5245   80.3487
   -0.3521   -0.5560   -0.7530
    0.2105   -0.8309    0.5151
   -0.9120    0.0228    0.4096
...    51 T-A ...
 -102.6567  -80.2476   81.1835
   -0.1988   -0.9197   -0.3386
    0.3533   -0.3895    0.8506
   -0.9142    0.0495    0.4023
...    52 A-T ...
 -105.1639  -79.7668   83.7220
   -0.0341   -0.9017    0.4310
    0.4417    0.3733    0.8158
   -0.8965    0.2182    0.3855
...    53 G-C ...
 -108.1468  -79.0508   84.8733
    0.2472   -0.5768    0.7786
    0.4185    0.7883    0.4511
   -0.8739    0.2143    0.4363
...    54 G-C ...
 -111.4520  -78.9841   86.2811
    0.5044   -0.0538    0.8618
    0.2212    0.9728   -0.0687
   -0.8347    0.2253    0.5026
...    55 T-A ...
 -114.1540  -78.6098   88.0273
    0.5821    0.4523    0.6758
   -0.0559    0.8513   -0.5217
   -0.8112    0.2659    0.5208
...    56 A-T ...
 -116.6985  -77.9666   90.2896
    0.5663    0.8061    0.1717
   -0.3966    0.4492   -0.8006
   -0.7225    0.3853    0.5741
...    57 T-A ...
 -118.6074  -76.8226   92.6352
    0.3356    0.8948   -0.2945
   -0.6432   -0.0107   -0.7656
   -0.6882    0.4464    0.5719
...    58 C-G ...
 -120.7446  -74.9949   94.6605
   -0.0953    0.6560   -0.7487
   -0.7456   -0.5454   -0.3829
   -0.6595    0.5217    0.5411
...    59 T-A ...
 -122.7685  -72.9403   96.2303
   -0.4351    0.2168   -0.8739
   -0.6162   -0.7794    0.1135
   -0.6564    0.5879    0.4728
...    60 C-G ...
 -125.3241  -71.3168   97.4376
   -0.7210   -0.2946   -0.6272
   -0.3020   -0.6810    0.6671
   -0.6236    0.6704    0.4020
...    61 G-C ...
 -127.5408  -69.5585   99.1849
   -0.7649   -0.6320   -0.1245
    0.1296   -0.3403    0.9314
   -0.6310    0.6963    0.3422
...    62 A-T ...
 -129.5359  -67.1964  100.4873
   -0.5316   -0.6803    0.5046
    0.5910    0.1289    0.7963
   -0.6067    0.7216    0.3335
...    63 G-C ...
 -131.4830  -64.7366  101.5269
   -0.1186   -0.4801    0.8692
    0.8180    0.4489    0.3596
   -0.5629    0.7536    0.3394
...    64 C-G ...
 -133.7432  -62.3303  102.5463
    0.4095   -0.1381    0.9018
    0.7434    0.6235   -0.2421
   -0.5288    0.7695    0.3580
...    65 T-A ...
 -135.6548  -59.8980  103.8215
    0.7810    0.1502    0.6062
    0.4250    0.5835   -0.6921
   -0.4576    0.7981    0.3919
...    66 C-G ...
 -137.2580  -57.2321  105.1856
    0.9149    0.3986    0.0634
   -0.1035    0.3836   -0.9177
   -0.3901    0.8330    0.3922
...    67 G-C ...
 -138.5861  -54.2168  105.9344
    0.7332    0.4147   -0.5389
   -0.6266    0.1042   -0.7724
   -0.2642    0.9040    0.3362
...    68 T-A ...
 -138.9606  -51.2839  107.3664
    0.3110    0.3726   -0.8743
   -0.9171   -0.1238   -0.3790
   -0.2495    0.9197    0.3032
...    69 C-G ...
 -139.5165  -48.1681  107.9287
   -0.2398    0.1891   -0.9522
   -0.9506   -0.2449    0.1907
   -0.1972    0.9509    0.2385
...    70 A-T ...
 -139.7281  -44.7955  108.4306
   -0.6939   -0.0634   -0.7173
   -0.6996   -0.1767    0.6923
   -0.1706    0.9822    0.0782
...    71 T-A ...
 -140.0688  -41.5264  108.1870
   -0.9576   -0.1489   -0.2468
   -0.2337   -0.1000    0.9672
   -0.1687    0.9838    0.0609
...    72 G-C ...
 -140.5328  -38.1863  108.2064
   -0.8899   -0.1482    0.4314
    0.4349    0.0099    0.9004
   -0.1377    0.9889    0.0556
...    73 T-A ...
 -141.2354  -34.8369  107.8709
   -0.4749   -0.0634    0.8777
    0.8764    0.0561    0.4783
   -0.0796    0.9964    0.0290
...    74 T-A ...
 -141.6317  -31.6205  107.7502
    0.1546    0.0227    0.9877
    0.9870    0.0413   -0.1555
   -0.0443    0.9989   -0.0161
...    75 A-T ...
 -141.4163  -28.2093  107.3777
    0.7649    0.0381    0.6431
    0.6442   -0.0332   -0.7642
   -0.0078    0.9987   -0.0500
...    76 T-A ...
 -141.7106  -24.9882  107.8354
    0.9889   -0.0107    0.1484
    0.1474   -0.0659   -0.9869
    0.0204    0.9978   -0.0636
...    77 A-T ...
 -141.5377  -21.6896  107.3055
    0.8750   -0.1611   -0.4566
   -0.4651   -0.0176   -0.8851
    0.1345    0.9868   -0.0904
...    78 A-T ...
 -140.8106  -18.6277  107.0543
    0.4506   -0.2199   -0.8652
   -0.8677    0.1199   -0.4824
    0.2099    0.9681   -0.1368
...    79 C-G ...
 -139.3544  -15.5992  106.5518
   -0.1198   -0.1454   -0.9821
   -0.9637    0.2546    0.0798
    0.2384    0.9561   -0.1706
...    80 G-C ...
 -138.9259  -12.4362  105.6837
   -0.6873    0.0036   -0.7264
   -0.6685    0.3880    0.6345
    0.2842    0.9216   -0.2642
...    81 G-C ...
 -138.3267   -9.4375  104.3983
   -0.9609    0.1478   -0.2341
   -0.1609    0.3902    0.9065
    0.2253    0.9088   -0.3512
...    82 A-T ...
 -137.7122   -6.3826  103.2487
   -0.8378    0.3947    0.3774
    0.4856    0.2225    0.8454
    0.2497    0.8915   -0.3780
...    83 G-C ...
 -136.9062   -3.5023  101.8349
   -0.4273    0.4371    0.7914
    0.8661   -0.0531    0.4970
    0.2593    0.8979   -0.3558
...    84 G-C ...
 -136.3039   -0.3555  100.3795
    0.1478    0.2919    0.9450
    0.9475   -0.3157   -0.0507
    0.2835    0.9028   -0.3233
...    85 A-T ...
 -135.5951    2.7607   99.2689
    0.6993    0.0171    0.7146
    0.6441   -0.4485   -0.6196
    0.3100    0.8936   -0.3247
...    86 T-A ...
 -134.8185    5.9156   98.7109
    0.9230   -0.2595    0.2843
    0.1694   -0.3892   -0.9054
    0.3456    0.8838   -0.3153
...    87 C-G ...
 -133.5262    8.8729   97.8702
    0.8185   -0.4851   -0.3079
   -0.4210   -0.1416   -0.8959
    0.3910    0.8629   -0.3201
...    88 C-G ...
 -132.1438   11.6832   96.8578
    0.3982   -0.5966   -0.6968
   -0.7887    0.1652   -0.5921
    0.4684    0.7853   -0.4048
...    89 G-C ...
 -130.8659   14.2722   95.0987
   -0.1968   -0.4834   -0.8530
   -0.8411    0.5303   -0.1065
    0.5038    0.6965   -0.5110
...    90 C-G ...
 -128.8322   16.2080   93.0301
   -0.6585   -0.0838   -0.7479
   -0.5454    0.7379    0.3975
    0.5186    0.6697   -0.5316
...    91 T-A ...
 -127.1958   18.1914   90.6055
   -0.8466    0.3817   -0.3709
   -0.0077    0.6880    0.7257
    0.5322    0.6172   -0.5795
...    92 T-A ...
 -125.4915   19.9847   88.4319
   -0.6308    0.7683    0.1084
    0.5137    0.3088    0.8005
    0.5816    0.5607   -0.5895
...    93 T-A ...
 -123.7255   21.6833   86.2020
   -0.1529    0.8329    0.5319
    0.7756   -0.2325    0.5869
    0.6125    0.5023   -0.6104
...    94 A-T ...
 -120.9776   22.6478   84.3645
    0.4424    0.5137    0.7351
    0.6580   -0.7429    0.1232
    0.6094    0.4292   -0.6667
...    95 A-T ...
 -119.1099   24.1488   82.1903
    0.7619   -0.0341    0.6468
    0.2381   -0.9140   -0.3286
    0.6024    0.4044   -0.6882
...    96 C-G ...
 -117.1127   25.9927   80.1280
    0.7597   -0.5534    0.3414
   -0.2520   -0.7345   -0.6300
    0.5994    0.3926   -0.6975
...    97 A-T ...
 -114.9871   27.1490   77.7228
    0.3923   -0.9173   -0.0682
   -0.6627   -0.2304   -0.7126
    0.6379    0.3248   -0.6982
...    98 C-G ...
 -112.3409   27.9302   75.7799
   -0.0563   -0.9017   -0.4287
   -0.7579    0.3181   -0.5695
    0.6499    0.2929   -0.7013
...    99 T-A ...
 -109.6394   28.5215   73.4769
   -0.5474   -0.5427   -0.6371
   -0.5532    0.8059   -0.2111
    0.6279    0.2369   -0.7413
...   100 T-A ...
 -107.4821   28.9762   71.0455
   -0.7472    0.0650   -0.6614
   -0.1035    0.9717    0.2125
    0.6565    0.2273   -0.7193
...   101 T-A ...
 -105.3316   29.4723   68.5995
   -0.6437    0.6384   -0.4220
    0.3593    0.7390    0.5698
    0.6756    0.2152   -0.7051
...   102 A-T ...
 -102.7195   30.2728   66.3880
   -0.1479    0.9874    0.0564
    0.6917    0.0625    0.7195
    0.7069    0.1455   -0.6922
...   103 T-A ...
 -100.9743   30.8490   63.6841
    0.2018    0.8836    0.4226
    0.6771   -0.4376    0.5916
    0.7077    0.1667   -0.6866
...   104 G-C ...
  -98.6994   31.6644   61.4041
    0.5091    0.4091    0.7573
    0.4329   -0.8822    0.1855
    0.7439    0.2334   -0.6262
...   105 C-G ...
  -96.2334   32.8030   59.4944
    0.6364   -0.1751    0.7512
    0.0573   -0.9605   -0.2724
    0.7692    0.2164   -0.6012
...   106 T-A ...
  -93.4315   33.8666   57.7117
    0.5221   -0.7172    0.4616
   -0.3085   -0.6634   -0.6818
    0.7951    0.2136   -0.5676
...   107 T-A ...
  -90.7437   34.5661   56.0893
    0.2139   -0.9768    0.0086
   -0.5352   -0.1246   -0.8355
    0.8172    0.1741   -0.5494
...   108 C-G ...
  -87.8747   34.9755   54.3613
   -0.1892   -0.8507   -0.4904
   -0.5425    0.5068   -0.6700
    0.8185    0.1392   -0.5574
...   109 C-G ...
  -85.1520   35.2254   52.4902
   -0.5369   -0.4385   -0.7207
   -0.3273    0.8957   -0.3012
    0.7776    0.0741   -0.6244
...   110 G-C ...
  -82.9282   35.7661   50.3274
   -0.6998    0.1160   -0.7048
    0.0465    0.9920    0.1171
    0.7128    0.0491   -0.6997
...   111 G-C ...
  -80.7994   35.8512   47.6926
   -0.5862    0.6631   -0.4654
    0.4562    0.7449    0.4867
    0.6695    0.0730   -0.7392
...   112 C-G ...
  -78.9975   35.9365   44.8494
   -0.2420    0.9680   -0.0671
    0.7170    0.2250    0.6597
    0.6537    0.1115   -0.7485
...   113 T-A ...
  -76.9441   36.3134   42.2375
    0.1730    0.9231    0.3435
    0.7429   -0.3513    0.5698
    0.6467    0.1566   -0.7465
...   114 C-G ...
  -74.6643   36.7856   39.8146
    0.5835    0.5024    0.6381
    0.4908   -0.8441    0.2159
    0.6471    0.1872   -0.7391
...   115 G-C ...
  -72.2923   36.8959   37.4204
    0.7123   -0.1421    0.6873
    0.0394   -0.9696   -0.2414
    0.7007    0.1991   -0.6851
...   116 T-A ...
  -69.6259   38.0902   35.6830
    0.5791   -0.6722    0.4612
   -0.3643   -0.7195   -0.5913
    0.7293    0.1744   -0.6616
...   117 A-T ...
  -66.9183   38.7465   33.7013
    0.1949   -0.9806    0.0225
   -0.6254   -0.1419   -0.7673
    0.7556    0.1355   -0.6409
...   118 T-A ...
  -64.0126   39.0857   32.1580
   -0.1556   -0.9006   -0.4058
   -0.6320    0.4065   -0.6598
    0.7592    0.1538   -0.6325
...   119 A-T ...
  -61.5182   39.9999   29.8511
   -0.4976   -0.3299   -0.8022
   -0.3536    0.9217   -0.1597
    0.7921    0.2041   -0.5753
...   120 A-T ...
  -58.8525   40.3380   27.9989
   -0.5998    0.2833   -0.7483
    0.0031    0.9360    0.3519
    0.8002    0.2088   -0.5623
...   121 T-A ...
  -56.3238   40.4717   25.7914
   -0.4875    0.7510   -0.4453
    0.3208    0.6284    0.7087
    0.8121    0.2027   -0.5473
...   122 G-C ...
  -53.5125   41.1469   23.8294
   -0.2297    0.9630    0.1409
    0.5503    0.0091    0.8349
    0.8028    0.2694   -0.5320
...   123 T-A ...
  -51.1449   42.0911   21.6978
    0.0846    0.8092    0.5814
    0.5737   -0.5166    0.6356
    0.8147    0.2797   -0.5080
...   124 G-C ...
  -48.3532   43.0636   19.9814
    0.3469    0.2991    0.8889
    0.4263   -0.8945    0.1346
    0.8354    0.3322   -0.4378
...   125 T-A ...
  -45.8695   44.5420   18.6162
    0.4709   -0.2508    0.8458
    0.1874   -0.9084   -0.3737
    0.8620    0.3345   -0.3808
...   126 C-G ...
  -43.0457   45.5816   17.5676
    0.4912   -0.7465    0.4489
   -0.1112   -0.5649   -0.8176
    0.8639    0.3517   -0.3605
...   127 G-C ...
  -40.1903   46.2619   15.8161
    0.2394   -0.9681   -0.0738
   -0.3020   -0.0020   -0.9533
    0.9228    0.2506   -0.2928
...   128 A-T ...
  -37.1925   47.0312   14.9260
    0.0170   -0.7629   -0.6463
   -0.3805    0.5929   -0.7098
    0.9246    0.2580   -0.2802
...   129 C-G ...
  -33.9000   47.2614   14.4626
   -0.2195   -0.3151   -0.9233
   -0.3183    0.9178   -0.2375
    0.9222    0.2417   -0.3017
...   130 C-G ...
  -30.7284   47.7148   13.2511
   -0.4221    0.2452   -0.8727
   -0.1112    0.9414    0.3183
    0.8997    0.2314   -0.3702
...   131 A-T ...
  -27.5835   49.1814   12.9224
   -0.3910    0.8014   -0.4527
    0.1600    0.5435    0.8240
    0.9064    0.2497   -0.3407
...   132 A-T ...
  -24.6329   49.9593   11.6896
   -0.2176    0.9669    0.1331
    0.3534   -0.0491    0.9342
    0.9098    0.2503   -0.3310
...   133 A-T ...
  -21.7996   50.8503   10.2825
    0.0619    0.7502    0.6583
    0.3960   -0.6239    0.6738
    0.9162    0.2190   -0.3357
...   134 T-A ...
  -19.0084   52.0402    8.9383
    0.2450    0.2904    0.9250
    0.3072   -0.9282    0.2101
    0.9196    0.2327   -0.3167
...   135 G-C ...
  -16.4570   53.8980    7.5289
    0.5336   -0.3334    0.7773
    0.0348   -0.9096   -0.4140
    0.8450    0.2479   -0.4738
...   136 T-A ...
  -14.1681   56.5697    6.1948
    0.5795   -0.7269    0.3684
   -0.3140   -0.6163   -0.7222
    0.7521    0.3028   -0.5854
...   137 G-C ...
  -11.6469   58.0146    4.7335
    0.2454   -0.9541   -0.1717
   -0.6318   -0.0231   -0.7748
    0.7352    0.2986   -0.6085
...   138 A-T ...
   -8.6698   58.7289    3.6169
   -0.0344   -0.7815   -0.6230
   -0.6534    0.4892   -0.5777
    0.7562    0.3872   -0.5274
...   139 G-C ...
   -6.3212   59.0879    1.6439
   -0.2967   -0.3277   -0.8970
   -0.5657    0.8170   -0.1114
    0.7694    0.4744   -0.4278
...   140 C-G ...
   -3.4297   60.2436    1.0434
   -0.4424    0.2288   -0.8671
   -0.1682    0.9286    0.3309
    0.8809    0.2922   -0.3723
...   141 G-C ...
   -0.6894   63.9062   -2.2357
   -0.9992    0.0156   -0.0375
   -0.0024    0.8991    0.4378
    0.0405    0.4375   -0.8983
...   142 C-G ...
   -0.9980   65.6137   -4.9250
   -0.8337    0.5217    0.1810
    0.5169    0.6220    0.5881
    0.1942    0.5839   -0.7882
...   143 T-A ...
   -0.1245   66.2250   -7.8043
   -0.3751    0.8568    0.3538
    0.8856    0.2185    0.4098
    0.2739    0.4670   -0.8408
...   144 C-G ...
   -0.1581   67.4196  -10.7923
    0.1799    0.8792    0.4411
    0.9276   -0.3009    0.2214
    0.3274    0.3694   -0.8697
...   145 A-T ...
    0.5352   69.2486  -13.4515
    0.7352    0.4961    0.4620
    0.6117   -0.7791   -0.1369
    0.2921    0.3832   -0.8763
...   146 C-G ...
    1.4420   72.1063  -15.5860
    0.9808    0.0622    0.1849
    0.1266   -0.9240   -0.3608
    0.1484    0.3773   -0.9141
...   147 A-T ...
    2.3150   74.2410  -18.3715
    0.8657   -0.4292   -0.2574
   -0.4984   -0.7868   -0.3642
   -0.0462    0.4436   -0.8950
