  147 base-pairs
...     1 A-T ...
    0.0000    0.0000    0.0000
    1.0000    0.0000    0.0000
    0.0000    1.0000    0.0000
    0.0000    0.0000    1.0000
...     2 G-C ...
   -0.1394   -1.2357    3.2268
    0.7529    0.6366    0.1670
   -0.6386    0.7680   -0.0486
   -0.1592   -0.0700    0.9848
...     3 T-A ...
   -0.0365   -3.2932    6.3751
    0.2722    0.9301    0.2466
   -0.9238    0.3243   -0.2033
   -0.2691   -0.1725    0.9475
...     4 G-C ...
   -0.3505   -4.1660    9.4928
   -0.3756    0.9250    0.0579
   -0.8781   -0.3352   -0.3415
   -0.2965   -0.1791    0.9381
...     5 A-T ...
   -0.4462   -4.1476   12.7498
   -0.8116    0.5840   -0.0165
   -0.5523   -0.7762   -0.3042
   -0.1905   -0.2378    0.9524
...     6 G-C ...
   -1.5908   -4.1730   15.6201
   -0.9976    0.0246   -0.0651
   -0.0043   -0.9555   -0.2950
   -0.0695   -0.2940    0.9533
...     7 C-G ...
   -1.1030   -4.4824   18.7362
   -0.8441   -0.5304   -0.0787
    0.5345   -0.8441   -0.0432
   -0.0435   -0.0785    0.9960
...     8 G-C ...
   -2.4028   -7.7290   23.1475
   -0.2754   -0.3293   -0.9032
    0.6650   -0.7437    0.0684
   -0.6942   -0.5818    0.4238
...     9 C-G ...
   -4.4690   -9.9728   24.1132
    0.1145   -0.7025   -0.7024
    0.8512   -0.2952    0.4340
   -0.5122   -0.6476    0.5642
...    10 T-A ...
   -6.7405  -10.8752   25.9697
    0.4841   -0.8363   -0.2574
    0.6595    0.1553    0.7355
   -0.5751   -0.5258    0.6267
...    11 C-G ...
   -9.1656  -12.6208   27.1640
    0.7073   -0.6682    0.2307
    0.3448    0.6110    0.7126
   -0.6171   -0.4245    0.6626
...    12 A-T ...
  -10.9234  -14.6633   29.0693
    0.7515   -0.1377    0.6452
   -0.2029    0.8824    0.4246
   -0.6277   -0.4500    0.6352
...    13 C-G ...
  -11.8476  -17.4863   31.2451
    0.4295    0.2823    0.8578
   -0.5708    0.8209    0.0156
   -0.6998   -0.4963    0.5137
...    14 A-T ...
  -13.5897  -19.7827   33.4259
   -0.1504    0.6104    0.7777
   -0.6874    0.5008   -0.5260
   -0.7106   -0.6136    0.3443
...    15 A-T ...
  -15.8282  -21.8319   34.5891
   -0.5357    0.7888    0.3014
   -0.4484    0.0368   -0.8931
   -0.7155   -0.6136    0.3340
...    16 T-A ...
  -17.9447  -23.8054   36.3766
   -0.7253    0.6474   -0.2341
   -0.0592   -0.3975   -0.9157
   -0.6859   -0.6502    0.3266
...    17 T-A ...
  -20.1914  -25.7636   37.7626
   -0.6408    0.2515   -0.7254
    0.4029   -0.6941   -0.5966
   -0.6535   -0.6746    0.3434
...    18 T-A ...
  -22.4370  -27.8460   38.9371
   -0.2743   -0.2020   -0.9402
    0.7055   -0.7067   -0.0540
   -0.6535   -0.6781    0.3363
...    19 A-T ...
  -24.3868  -30.4299   40.1729
    0.2638   -0.6357   -0.7255
    0.7094   -0.3818    0.5925
   -0.6536   -0.6709    0.3503
...    20 T-A ...
  -26.9506  -32.4643   40.8146
    0.5948   -0.7548   -0.2765
    0.4570    0.0346    0.8888
   -0.6613   -0.6550    0.3655
...    21 T-A ...
  -29.1683  -34.6605   41.7519
    0.7274   -0.5990    0.3347
   -0.0080    0.4804    0.8770
   -0.6862   -0.6406    0.3446
...    22 C-G ...
  -31.3978  -36.8051   42.9252
    0.5842   -0.1680    0.7940
   -0.4612    0.7363    0.4951
   -0.6678   -0.6554    0.3527
...    23 G-C ...
  -33.9245  -38.5438   44.3981
    0.3179    0.3727    0.8718
   -0.7285    0.6845   -0.0269
   -0.6068   -0.6266    0.4891
...    24 C-G ...
  -35.6124  -40.8603   46.0341
   -0.0824    0.7153    0.6939
   -0.7822    0.3850   -0.4898
   -0.6175   -0.5832    0.5278
...    25 A-T ...
  -38.0837  -42.7760   47.3026
   -0.5003    0.8393    0.2131
   -0.5689   -0.1331   -0.8116
   -0.6527   -0.5272    0.5440
...    26 A-T ...
  -40.2207  -44.4158   49.1802
   -0.7307    0.6044   -0.3175
   -0.1680   -0.6099   -0.7744
   -0.6617   -0.5125    0.5472
...    27 A-T ...
  -42.3375  -45.8748   51.1967
   -0.6945    0.1154   -0.7102
    0.3055   -0.8463   -0.4363
   -0.6514   -0.5200    0.5525
...    28 G-C ...
  -44.8126  -47.2553   53.0649
   -0.3761   -0.3494   -0.8582
    0.6246   -0.7798    0.0437
   -0.6844   -0.5195    0.5115
...    29 G-C ...
  -47.4062  -48.9573   54.5902
    0.1066   -0.7246   -0.6808
    0.7093   -0.4245    0.5628
   -0.6968   -0.5429    0.4687
...    30 C-G ...
  -49.8694  -50.8130   55.7852
    0.5190   -0.8199   -0.2416
    0.5007    0.0626    0.8633
   -0.6927   -0.5691    0.4430
...    31 C-G ...
  -52.3891  -52.6856   57.0792
    0.7461   -0.6054    0.2771
    0.1067    0.5196    0.8477
   -0.6573   -0.6029    0.4522
...    32 G-C ...
  -54.4524  -54.3127   58.7758
    0.7425   -0.1705    0.6477
   -0.3171    0.7624    0.5641
   -0.5900   -0.6243    0.5120
...    33 G-C ...
  -56.2158  -56.5563   60.5708
    0.4683    0.3454    0.8133
   -0.6846    0.7237    0.0869
   -0.5586   -0.5974    0.5754
...    34 C-G ...
  -57.7897  -58.8003   62.4280
    0.0315    0.7363    0.6759
   -0.8250    0.4010   -0.3983
   -0.5643   -0.5451    0.6201
...    35 C-G ...
  -59.4628  -60.4474   64.9077
   -0.3832    0.8842    0.2670
   -0.7090   -0.0962   -0.6986
   -0.5921   -0.4570    0.6638
...    36 C-G ...
  -61.4262  -61.7283   67.3312
   -0.6829    0.6914   -0.2358
   -0.3914   -0.6189   -0.6810
   -0.6167   -0.3728    0.6933
...    37 G-C ...
  -63.6118  -63.6747   69.1241
   -0.7377    0.2335   -0.6335
    0.0557   -0.9140   -0.4018
   -0.6729   -0.3317    0.6612
...    38 A-T ...
  -65.8299  -64.6714   71.2230
   -0.5573   -0.3702   -0.7432
    0.4819   -0.8732    0.0736
   -0.6762   -0.3171    0.6650
...    39 C-G ...
  -68.4071  -65.4021   73.0387
   -0.1947   -0.7776   -0.5978
    0.6873   -0.5430    0.4825
   -0.6998   -0.3170    0.6402
...    40 A-T ...
  -70.7654  -66.6847   75.1348
    0.2922   -0.9409   -0.1709
    0.6555    0.0669    0.7522
   -0.6964   -0.3319    0.6363
...    41 C-G ...
  -73.2726  -68.1330   76.8665
    0.6021   -0.7546    0.2609
    0.3928    0.5645    0.7260
   -0.6951   -0.3346    0.6362
...    42 G-C ...
  -75.4883  -68.7560   79.2616
    0.7439   -0.2334    0.6262
   -0.0393    0.9201    0.3896
   -0.6671   -0.3145    0.6753
...    43 A-T ...
  -77.7796  -69.7506   81.2208
    0.5819    0.3652    0.7267
   -0.4462    0.8904   -0.0902
   -0.6799   -0.2718    0.6810
...    44 C-G ...
  -79.6430  -71.1873   83.5240
    0.2966    0.8077    0.5096
   -0.6982    0.5475   -0.4613
   -0.6516   -0.2190    0.7263
...    45 T-A ...
  -81.5375  -71.9508   86.4323
   -0.0966    0.9945    0.0417
   -0.7454   -0.0445   -0.6651
   -0.6596   -0.0953    0.7456
...    46 T-A ...
  -83.6608  -72.0933   88.7726
   -0.4297    0.8188   -0.3808
   -0.5920   -0.5738   -0.5659
   -0.6818   -0.0177    0.7313
...    47 A-T ...
  -86.1089  -71.9399   91.0196
   -0.6137    0.3204   -0.7216
   -0.2706   -0.9440   -0.1891
   -0.7417    0.0792    0.6660
...    48 C-G ...
  -88.6311  -70.9266   92.9816
   -0.6418   -0.2482   -0.7256
    0.0689   -0.9610    0.2677
   -0.7638    0.1218    0.6339
...    49 T-A ...
  -91.3952  -70.1116   94.7680
   -0.4543   -0.7390   -0.4974
    0.3539   -0.6622    0.6605
   -0.8175    0.1241    0.5624
...    50 G-C ...
  -94.0929  -69.8931   96.7291
   -0.1154   -0.9933   -0.0102
    0.5377   -0.0711    0.8401
   -0.8352    0.0915    0.5423
...    51 T-A ...
  -97.0342  -69.8476   98.0857
    0.1819   -0.8539    0.4877
    0.5086    0.5062    0.6965
   -0.8415    0.1213    0.5264
...    52 A-T ...
  -99.4288  -68.0578  100.2226
    0.3728   -0.1908    0.9081
    0.2870    0.9544    0.0827
   -0.8824    0.2298    0.4105
...    53 G-C ...
 -102.4153  -67.2532  101.3903
    0.5429    0.3447    0.7658
    0.0645    0.8921   -0.4473
   -0.8373    0.2922    0.4621
...    54 G-C ...
 -105.2221  -66.6082  103.4557
    0.5671    0.7640    0.3076
   -0.2646    0.5226   -0.8105
   -0.7800    0.3783    0.4986
...    55 T-A ...
 -107.5191  -65.4520  105.3984
    0.3883    0.8996   -0.1996
   -0.5212    0.0358   -0.8527
   -0.7600    0.4352    0.4828
...    56 A-T ...
 -109.7246  -63.6127  107.3328
    0.1242    0.6712   -0.7308
   -0.6863   -0.4738   -0.5518
   -0.7166    0.5701    0.4018
...    57 T-A ...
 -111.5381  -61.3491  108.7817
   -0.2235    0.2885   -0.9310
   -0.6704   -0.7389   -0.0680
   -0.7076    0.6089    0.3586
...    58 C-G ...
 -113.9310  -59.0444  109.7696
   -0.5739   -0.2864   -0.7672
   -0.4000   -0.7195    0.5678
   -0.7146    0.6327    0.2984
...    59 T-A ...
 -116.4155  -56.8858  110.3427
   -0.6742   -0.6674   -0.3161
   -0.0383   -0.3958    0.9175
   -0.7375    0.6308    0.2413
...    60 C-G ...
 -118.9506  -55.0393  111.4195
   -0.5699   -0.7425    0.3520
    0.3631    0.1568    0.9185
   -0.7372    0.6512    0.1802
...    61 G-C ...
 -120.9382  -52.5859  112.5783
   -0.2427   -0.4763    0.8452
    0.6403    0.5759    0.5083
   -0.7288    0.6645    0.1652
...    62 A-T ...
 -122.9933  -50.0038  112.9261
    0.2258    0.0015    0.9742
    0.6909    0.7048   -0.1612
   -0.6868    0.7094    0.1581
...    63 G-C ...
 -125.2617  -47.6267  113.3571
    0.5978    0.3824    0.7046
    0.4764    0.5374   -0.6959
   -0.6447    0.7517    0.1391
...    64 C-G ...
 -127.6329  -45.2742  114.1765
    0.7956    0.5885    0.1439
    0.0388    0.1875   -0.9815
   -0.6046    0.7865    0.1263
...    65 T-A ...
 -129.5756  -42.6211  114.8062
    0.7487    0.5098   -0.4237
   -0.4042   -0.1556   -0.9014
   -0.5254    0.8461    0.0896
...    66 C-G ...
 -131.2289  -39.7393  114.8909
    0.3981    0.2612   -0.8793
   -0.7971   -0.3760   -0.4726
   -0.4541    0.8890    0.0585
...    67 G-C ...
 -133.2323  -37.0254  114.3384
   -0.0918   -0.0779   -0.9927
   -0.9185   -0.3785    0.1146
   -0.3846    0.9223   -0.0368
...    68 G-C ...
 -134.3100  -33.8281  113.7153
   -0.5857   -0.3415   -0.7350
   -0.7149   -0.2097    0.6671
   -0.3819    0.9162   -0.1214
...    69 G-C ...
 -135.7398  -30.9050  112.7607
   -0.8606   -0.4654   -0.2070
   -0.2825    0.0980    0.9543
   -0.4238    0.8797   -0.2158
...    70 A-T ...
 -137.0981  -27.9766  111.6726
   -0.8635   -0.2551    0.4352
    0.3250    0.3785    0.8667
   -0.3858    0.8898   -0.2439
...    71 T-A ...
 -138.6769  -25.3305  110.4253
   -0.5517    0.0057    0.8340
    0.7444    0.4543    0.4893
   -0.3761    0.8908   -0.2549
...    72 C-G ...
 -140.1951  -22.4328  109.4538
    0.0350    0.3279    0.9440
    0.9373    0.3169   -0.1449
   -0.3467    0.8900   -0.2963
...    73 C-G ...
 -141.3958  -19.5974  108.2155
    0.5815    0.3435    0.7375
    0.7705    0.0584   -0.6347
   -0.2611    0.9373   -0.2307
...    74 G-C ...
 -141.8653  -16.4728  107.0751
    0.9465    0.1945    0.2574
    0.2891   -0.1575   -0.9443
   -0.1431    0.9682   -0.2053
...    75 C-G ...
 -142.4502  -13.0689  106.8255
    0.9437    0.0279   -0.3296
   -0.3113   -0.2620   -0.9135
   -0.1118    0.9647   -0.2386
...    76 T-A ...
 -142.4473   -9.6441  106.2561
    0.5929   -0.1911   -0.7822
   -0.8038   -0.1980   -0.5609
   -0.0477    0.9614   -0.2710
...    77 T-A ...
 -142.2495   -6.5134  105.3711
    0.0079   -0.2857   -0.9583
   -0.9996   -0.0294    0.0006
   -0.0283    0.9579   -0.2858
...    78 T-A ...
 -142.1863   -3.4389  104.2948
   -0.5726   -0.2715   -0.7736
   -0.8195    0.1612    0.5500
   -0.0246    0.9488   -0.3148
...    79 A-T ...
 -142.7402   -0.1656  103.6439
   -0.9611   -0.0724   -0.2665
   -0.2755    0.3165    0.9077
    0.0186    0.9458   -0.3241
...    80 A-T ...
 -142.6521    2.8153  102.3593
   -0.9273    0.1905    0.3221
    0.3667    0.2903    0.8839
    0.0749    0.9378   -0.3391
...    81 C-G ...
 -142.7252    5.8386  100.7346
   -0.5381    0.3697    0.7575
    0.8361    0.1201    0.5353
    0.1069    0.9213   -0.3738
...    82 A-T ...
 -142.2860    8.9365   99.4939
    0.1005    0.3433    0.9338
    0.9847   -0.1685   -0.0441
    0.1422    0.9240   -0.3550
...    83 C-G ...
 -142.4294   12.1879   98.5414
    0.6153    0.1851    0.7662
    0.7706   -0.3460   -0.5353
    0.1660    0.9198   -0.3555
...    84 T-A ...
 -142.1377   15.4146   97.5851
    0.9192   -0.1261    0.3730
    0.2960   -0.4032   -0.8659
    0.2596    0.9064   -0.3333
...    85 C-G ...
 -140.9990   18.2465   96.4648
    0.8942   -0.4152   -0.1674
   -0.2870   -0.2448   -0.9261
    0.3435    0.8762   -0.3381
...    86 A-T ...
 -139.8942   21.2389   95.3140
    0.5242   -0.5992   -0.6051
   -0.7164    0.0739   -0.6938
    0.4604    0.7972   -0.3905
...    87 T-A ...
 -137.9544   23.5965   94.1791
    0.0538   -0.5341   -0.8437
   -0.8715    0.3873   -0.3007
    0.4874    0.7515   -0.4446
...    88 G-C ...
 -136.1818   25.9922   92.4152
   -0.5352   -0.2639   -0.8024
   -0.6965    0.6753    0.2424
    0.4779    0.6887   -0.5453
...    89 T-A ...
 -134.2881   27.8112   90.2534
   -0.8300    0.1612   -0.5339
   -0.2689    0.7230    0.6363
    0.4886    0.6718   -0.5568
...    90 T-A ...
 -132.6460   29.7847   88.2859
   -0.8048    0.5882   -0.0789
    0.2820    0.4960    0.8213
    0.5222    0.6387   -0.5651
...    91 A-T ...
 -130.5459   31.9753   86.5444
   -0.3344    0.8196    0.4653
    0.7439   -0.0735    0.6642
    0.5786    0.5683   -0.5851
...    92 T-A ...
 -129.2298   33.9337   84.2449
    0.1227    0.6784    0.7244
    0.7993   -0.5002    0.3330
    0.5882    0.5381   -0.6037
...    93 A-T ...
 -126.9662   35.3870   82.0443
    0.6555    0.1812    0.7331
    0.4857   -0.8445   -0.2255
    0.5783    0.5039   -0.6416
...    94 A-T ...
 -125.1585   37.1272   80.0479
    0.8103   -0.3459    0.4731
    0.0044   -0.8036   -0.5952
    0.5860    0.4844   -0.6496
...    95 C-G ...
 -123.0621   39.1640   78.3269
    0.6584   -0.7488    0.0763
   -0.4540   -0.4759   -0.7532
    0.6003    0.4613   -0.6533
...    96 G-C ...
 -121.1527   40.2624   75.8947
    0.2034   -0.9398   -0.2746
   -0.7223    0.0453   -0.6901
    0.6610    0.3387   -0.6696
...    97 G-C ...
 -118.8797   40.7889   73.5638
   -0.2937   -0.8013   -0.5212
   -0.6708    0.5612   -0.4849
    0.6810    0.2072   -0.7023
...    98 A-T ...
 -116.4632   41.2421   71.2889
   -0.6528   -0.2990   -0.6960
   -0.3434    0.9358   -0.0798
    0.6752    0.1869   -0.7136
...    99 T-A ...
 -114.1596   41.0896   68.8548
   -0.7314    0.2276   -0.6429
    0.0441    0.9565    0.2885
    0.6806    0.1827   -0.7096
...   100 T-A ...
 -111.9966   41.2896   66.3950
   -0.5238    0.7622   -0.3804
    0.4654    0.6301    0.6216
    0.7134    0.1486   -0.6848
...   101 T-A ...
 -109.8116   41.5776   63.9571
   -0.1251    0.9916    0.0334
    0.6761    0.0606    0.7343
    0.7261    0.1144   -0.6780
...   102 A-T ...
 -107.0828   41.7748   61.8310
    0.3914    0.7790    0.4898
    0.5663   -0.6235    0.5390
    0.7253    0.0664   -0.6852
...   103 T-A ...
 -105.0920   42.5576   59.3711
    0.5953    0.3746    0.7108
    0.3050   -0.9238    0.2315
    0.7434    0.0790   -0.6642
...   104 G-C ...
 -102.5411   43.0654   57.2960
    0.5827   -0.2751    0.7647
   -0.0956   -0.9576   -0.2716
    0.8070    0.0852   -0.5843
...   105 C-G ...
  -99.6709   43.5194   55.7477
    0.3889   -0.7641    0.5147
   -0.4094   -0.6438   -0.6464
    0.8253    0.0406   -0.5632
...   106 T-A ...
  -96.5378   43.6350   54.2448
    0.0542   -0.9966    0.0619
   -0.5259   -0.0811   -0.8467
    0.8488    0.0133   -0.5285
...   107 T-A ...
  -93.7024   43.5291   52.7401
   -0.2919   -0.8665   -0.4050
   -0.4420    0.4977   -0.7463
    0.8482   -0.0388   -0.5282
...   108 C-G ...
  -90.8565   43.1165   51.0098
   -0.5248   -0.3939   -0.7546
   -0.1647    0.9167   -0.3640
    0.8351   -0.0668   -0.5460
...   109 C-G ...
  -88.1696   42.6879   49.1286
   -0.6092    0.1689   -0.7748
    0.1620    0.9830    0.0869
    0.7763   -0.0726   -0.6262
...   110 G-C ...
  -85.7655   42.8144   47.1651
   -0.5029    0.6680   -0.5485
    0.4818    0.7435    0.4638
    0.7176   -0.0310   -0.6957
...   111 G-C ...
  -83.6348   42.8428   44.5446
   -0.1864    0.9716   -0.1456
    0.6960    0.2352    0.6784
    0.6934    0.0251   -0.7201
...   112 C-G ...
  -81.7545   43.0780   41.7689
    0.2086    0.9329    0.2936
    0.6833   -0.3538    0.6387
    0.6997    0.0674   -0.7113
...   113 T-A ...
  -79.5700   43.4211   39.2805
    0.5104    0.5889    0.6267
    0.4748   -0.8006    0.3656
    0.7170    0.1110   -0.6882
...   114 C-G ...
  -77.0744   43.7089   37.1013
    0.6707   -0.0119    0.7416
    0.0993   -0.9894   -0.1056
    0.7350    0.1444   -0.6625
...   115 G-C ...
  -74.6091   43.6462   34.8284
    0.5390   -0.6125    0.5782
   -0.3004   -0.7811   -0.5474
    0.7869    0.1214   -0.6050
...   116 T-A ...
  -71.6036   44.1746   33.4567
    0.2541   -0.9440    0.2106
   -0.5364   -0.3188   -0.7814
    0.8048    0.0856   -0.5874
...   117 A-T ...
  -68.6104   44.3311   31.8168
   -0.1570   -0.9491   -0.2730
   -0.5568    0.3134   -0.7692
    0.8157    0.0313   -0.5777
...   118 T-A ...
  -65.6389   44.0320   30.4416
   -0.4059   -0.6464   -0.6460
   -0.3953    0.7615   -0.5137
    0.8240    0.0469   -0.5646
...   119 A-T ...
  -62.8157   44.4821   28.4899
   -0.5290    0.0320   -0.8480
   -0.0328    0.9978    0.0581
    0.8480    0.0585   -0.5268
...   120 A-T ...
  -60.0961   44.3388   26.7025
   -0.4512    0.6035   -0.6574
    0.2715    0.7946    0.5430
    0.8501    0.0665   -0.5224
...   121 T-A ...
  -57.5559   44.1481   24.5304
   -0.2332    0.9338   -0.2714
    0.4622    0.3520    0.8139
    0.8556    0.0644   -0.5137
...   122 G-C ...
  -54.6466   44.4283   22.6194
    0.0151    0.9457    0.3246
    0.5102   -0.2865    0.8109
    0.8599    0.1534   -0.4869
...   123 T-A ...
  -52.0800   45.1853   20.7118
    0.2500    0.6558    0.7123
    0.4239   -0.7356    0.5285
    0.8705    0.1698   -0.4619
...   124 G-C ...
  -49.1162   45.8512   19.2299
    0.3690    0.0796    0.9260
    0.2294   -0.9733   -0.0078
    0.9007    0.2153   -0.3774
...   125 T-A ...
  -46.3385   46.9971   18.1338
    0.3837   -0.4584    0.8016
    0.0214   -0.8634   -0.5040
    0.9232    0.2106   -0.3215
...   126 C-G ...
  -43.3385   47.5934   17.3006
    0.3288   -0.8795    0.3441
   -0.1808   -0.4163   -0.8911
    0.9269    0.2308   -0.2959
...   127 G-C ...
  -40.3742   47.9865   15.7576
    0.0869   -0.9780   -0.1896
   -0.2656    0.1607   -0.9506
    0.9602    0.1330   -0.2458
...   128 A-T ...
  -37.2852   48.4030   15.0305
   -0.0779   -0.6816   -0.7276
   -0.2679    0.7173   -0.6433
    0.9603    0.1448   -0.2385
...   129 C-G ...
  -33.9876   48.1960   14.6113
   -0.2368   -0.1865   -0.9535
   -0.1813    0.9726   -0.1452
    0.9545    0.1385   -0.2642
...   130 C-G ...
  -30.7704   48.2583   13.4601
   -0.3750    0.3647   -0.8523
   -0.0020    0.9190    0.3942
    0.9270    0.1496   -0.3439
...   131 A-T ...
  -27.5742   49.3345   12.9882
   -0.3530    0.8362   -0.4197
    0.2012    0.5060    0.8388
    0.9137    0.2117   -0.3468
...   132 A-T ...
  -24.6189   49.9989   11.7284
   -0.1909    0.9697    0.1523
    0.3651   -0.0739    0.9280
    0.9112    0.2327   -0.3399
...   133 A-T ...
  -21.7860   50.8594   10.2926
    0.0787    0.7414    0.6664
    0.3934   -0.6373    0.6626
    0.9160    0.2100   -0.3418
...   134 T-A ...
  -19.0083   52.0402    8.9385
    0.2450    0.2904    0.9250
    0.3072   -0.9282    0.2101
    0.9196    0.2327   -0.3166
...   135 G-C ...
  -16.4569   53.8980    7.5292
    0.5336   -0.3334    0.7773
    0.0348   -0.9096   -0.4140
    0.8450    0.2479   -0.4738
...   136 T-A ...
  -14.1680   56.5698    6.1950
    0.5795   -0.7269    0.3684
   -0.3140   -0.6163   -0.7222
    0.7521    0.3028   -0.5854
...   137 G-C ...
  -11.6468   58.0146    4.7338
    0.2454   -0.9541   -0.1717
   -0.6318   -0.0231   -0.7748
    0.7352    0.2986   -0.6085
...   138 A-T ...
   -8.6697   58.7289    3.6172
   -0.0344   -0.7815   -0.6230
   -0.6534    0.4892   -0.5777
    0.7562    0.3872   -0.5274
...   139 G-C ...
   -6.3211   59.0879    1.6442
   -0.2967   -0.3277   -0.8970
   -0.5657    0.8170   -0.1114
    0.7694    0.4744   -0.4278
...   140 C-G ...
   -3.4296   60.2437    1.0436
   -0.4424    0.2288   -0.8671
   -0.1682    0.9286    0.3309
    0.8809    0.2922   -0.3723
...   141 G-C ...
   -0.6893   63.9063   -2.2355
   -0.9992    0.0156   -0.0375
   -0.0024    0.8991    0.4378
    0.0405    0.4375   -0.8983
...   142 C-G ...
   -0.9979   65.6137   -4.9248
   -0.8337    0.5217    0.1810
    0.5169    0.6220    0.5881
    0.1942    0.5839   -0.7882
...   143 T-A ...
   -0.1244   66.2250   -7.8040
   -0.3751    0.8568    0.3538
    0.8856    0.2185    0.4098
    0.2739    0.4670   -0.8408
...   144 C-G ...
   -0.1580   67.4197  -10.7920
    0.1799    0.8792    0.4411
    0.9276   -0.3009    0.2214
    0.3274    0.3694   -0.8697
...   145 A-T ...
    0.5353   69.2487  -13.4512
    0.7352    0.4961    0.4620
    0.6117   -0.7791   -0.1369
    0.2921    0.3832   -0.8763
...   146 C-G ...
    1.4421   72.1064  -15.5857
    0.9808    0.0622    0.1849
    0.1266   -0.9240   -0.3608
    0.1484    0.3773   -0.9141
...   147 A-T ...
    2.3151   74.2410  -18.3713
    0.8657   -0.4292   -0.2574
   -0.4984   -0.7868   -0.3642
   -0.0462    0.4436   -0.8950
