  147 base-pairs
...     1 A-T ...
    0.0000    0.0000    0.0000
    1.0000    0.0000    0.0000
    0.0000    1.0000    0.0000
    0.0000    0.0000    1.0000
...     2 G-C ...
   -0.1394   -1.2357    3.2268
    0.7529    0.6366    0.1670
   -0.6386    0.7680   -0.0486
   -0.1592   -0.0700    0.9848
...     3 T-A ...
   -0.0365   -3.2932    6.3751
    0.2722    0.9301    0.2466
   -0.9238    0.3243   -0.2033
   -0.2691   -0.1725    0.9475
...     4 G-C ...
   -0.3505   -4.1660    9.4928
   -0.3756    0.9250    0.0579
   -0.8781   -0.3352   -0.3415
   -0.2965   -0.1791    0.9381
...     5 A-T ...
   -0.4462   -4.1476   12.7498
   -0.8116    0.5840   -0.0165
   -0.5523   -0.7762   -0.3042
   -0.1905   -0.2378    0.9524
...     6 G-C ...
   -1.5908   -4.1730   15.6201
   -0.9976    0.0246   -0.0651
   -0.0043   -0.9555   -0.2950
   -0.0695   -0.2940    0.9533
...     7 C-G ...
   -1.1030   -4.4824   18.7362
   -0.8441   -0.5304   -0.0787
    0.5345   -0.8441   -0.0432
   -0.0435   -0.0785    0.9960
...     8 G-C ...
   -2.4028   -7.7290   23.1475
   -0.2754   -0.3293   -0.9032
    0.6650   -0.7437    0.0684
   -0.6942   -0.5818    0.4238
...     9 C-G ...
   -4.4690   -9.9728   24.1132
    0.1145   -0.7025   -0.7024
    0.8512   -0.2952    0.4340
   -0.5122   -0.6476    0.5642
...    10 T-A ...
   -6.7405  -10.8752   25.9697
    0.4841   -0.8363   -0.2574
    0.6595    0.1553    0.7355
   -0.5751   -0.5258    0.6267
...    11 C-G ...
   -9.1656  -12.6208   27.1640
    0.7073   -0.6682    0.2307
    0.3448    0.6110    0.7126
   -0.6171   -0.4245    0.6626
...    12 A-T ...
  -10.9234  -14.6633   29.0693
    0.7515   -0.1377    0.6452
   -0.2029    0.8824    0.4246
   -0.6277   -0.4500    0.6352
...    13 C-G ...
  -11.8476  -17.4863   31.2451
    0.4295    0.2823    0.8578
   -0.5708    0.8209    0.0156
   -0.6998   -0.4963    0.5137
...    14 A-T ...
  -13.5897  -19.7827   33.4259
   -0.1504    0.6104    0.7777
   -0.6874    0.5008   -0.5260
   -0.7106   -0.6136    0.3443
...    15 A-T ...
  -15.7387  -21.8891   34.6820
   -0.5447    0.7767    0.3164
   -0.4494    0.0482   -0.8920
   -0.7081   -0.6280    0.3228
...    16 T-A ...
  -17.8268  -23.8308   36.3471
   -0.6987    0.6873   -0.1983
   -0.0924   -0.3616   -0.9278
   -0.7094   -0.6300    0.3161
...    17 T-A ...
  -20.1422  -25.7736   37.5430
   -0.6128    0.3454   -0.7107
    0.3417   -0.6951   -0.6325
   -0.7125   -0.6305    0.3080
...    18 T-A ...
  -22.5661  -27.6571   38.6092
   -0.2868   -0.1261   -0.9496
    0.6359   -0.7665   -0.0903
   -0.7165   -0.6297    0.3001
...    19 A-T ...
  -24.7332  -30.0762   39.6074
    0.2063   -0.5759   -0.7911
    0.6585   -0.5163    0.5476
   -0.7237   -0.6339    0.2728
...    20 T-A ...
  -27.4635  -31.9088   39.9634
    0.5174   -0.7643   -0.3848
    0.4494   -0.1400    0.8823
   -0.7283   -0.6294    0.2710
...    21 T-A ...
  -29.9226  -33.9614   40.5833
    0.6653   -0.7123    0.2238
    0.0532    0.3443    0.9374
   -0.7447   -0.6117    0.2669
...    22 C-G ...
  -32.3389  -36.0812   41.3951
    0.5654   -0.3437    0.7498
   -0.3711    0.7059    0.6034
   -0.7366   -0.6194    0.2715
...    23 G-C ...
  -35.0102  -37.8581   42.5120
    0.3009    0.1914    0.9343
   -0.6429    0.7643    0.0504
   -0.7044   -0.6158    0.3530
...    24 C-G ...
  -37.0611  -40.2017   43.7513
   -0.0871    0.6159    0.7830
   -0.6989    0.5223   -0.4885
   -0.7099   -0.5898    0.3850
...    25 A-T ...
  -39.6338  -42.0728   44.8481
   -0.4154    0.8593    0.2985
   -0.5214    0.0440   -0.8522
   -0.7454   -0.5097    0.4297
...    26 A-T ...
  -41.9827  -43.6651   46.4264
   -0.6330    0.7276   -0.2644
   -0.1790   -0.4699   -0.8644
   -0.7531   -0.4998    0.4277
...    27 A-T ...
  -44.4568  -45.1168   47.9474
   -0.6092    0.3182   -0.7263
    0.2203   -0.8120   -0.5405
   -0.7618   -0.4893    0.4246
...    28 G-C ...
  -47.1674  -46.4689   49.3420
   -0.3385   -0.1538   -0.9283
    0.4999   -0.8652   -0.0389
   -0.7972   -0.4772    0.3698
...    29 G-C ...
  -50.0779  -47.9441   50.2765
    0.0595   -0.5859   -0.8082
    0.5707   -0.6443    0.5091
   -0.8190   -0.4915    0.2960
...    30 C-G ...
  -53.0060  -49.4856   50.8522
    0.3941   -0.8364   -0.3810
    0.4188   -0.2056    0.8845
   -0.8181   -0.5081    0.2692
...    31 C-G ...
  -55.7857  -51.3586   51.4599
    0.6069   -0.7742    0.1796
    0.1005    0.2990    0.9490
   -0.7884   -0.5579    0.2592
...    32 G-C ...
  -58.4477  -53.0526   52.7151
    0.6126   -0.4009    0.6812
   -0.2815    0.6946    0.6620
   -0.7386   -0.5973    0.3127
...    33 G-C ...
  -60.8579  -55.2763   53.6292
    0.4025    0.1113    0.9086
   -0.5766    0.8018    0.1572
   -0.7110   -0.5872    0.3869
...    34 C-G ...
  -62.9372  -57.5522   54.9203
    0.0487    0.5741    0.8174
   -0.6996    0.6037   -0.3823
   -0.7129   -0.5532    0.4310
...    35 C-G ...
  -65.1530  -59.5038   56.5785
   -0.2729    0.8675    0.4158
   -0.6189    0.1726   -0.7663
   -0.7365   -0.4665    0.4898
...    36 C-G ...
  -67.5478  -60.9124   58.4950
   -0.4916    0.8603   -0.1350
   -0.3864   -0.3544   -0.8515
   -0.7804   -0.3664    0.5067
...    37 G-C ...
  -70.4402  -62.1113   59.8079
   -0.5243    0.5390   -0.6592
   -0.0877   -0.8042   -0.5879
   -0.8470   -0.2505    0.4689
...    38 A-T ...
  -73.3299  -62.7913   61.2556
   -0.4464   -0.0552   -0.8931
    0.2193   -0.9744   -0.0494
   -0.8675   -0.2180    0.4471
...    39 C-G ...
  -76.4378  -62.9194   62.4989
   -0.2461   -0.5769   -0.7789
    0.4052   -0.7912    0.4580
   -0.8805   -0.2029    0.4285
...    40 A-T ...
  -79.2378  -63.8862   64.0682
    0.0875   -0.9308   -0.3548
    0.4446   -0.2822    0.8501
   -0.8914   -0.2322    0.3892
...    41 C-G ...
  -82.4486  -64.6731   64.7561
    0.3135   -0.9331    0.1760
    0.3219    0.2788    0.9048
   -0.8934   -0.2269    0.3878
...    42 G-C ...
  -85.3626  -65.1510   66.4288
    0.5049   -0.5684    0.6497
    0.0832    0.7812    0.6187
   -0.8592   -0.2583    0.4417
...    43 A-T ...
  -88.2639  -66.0201   67.7531
    0.4750    0.0322    0.8794
   -0.2214    0.9715    0.0841
   -0.8517   -0.2347    0.4686
...    44 C-G ...
  -90.8461  -67.3594   69.3494
    0.3177    0.5614    0.7641
   -0.4371    0.8019   -0.4074
   -0.8414   -0.2045    0.5002
...    45 T-A ...
  -93.4603  -68.1333   71.2496
    0.1098    0.9224    0.3703
   -0.5523    0.3663   -0.7488
   -0.8264   -0.1223    0.5497
...    46 T-A ...
  -96.0316  -68.4873   73.1767
   -0.1861    0.9701   -0.1559
   -0.5267   -0.2324   -0.8177
   -0.8295   -0.0701    0.5542
...    47 A-T ...
  -98.9299  -68.5673   74.8685
   -0.3815    0.6357   -0.6711
   -0.3553   -0.7711   -0.5284
   -0.8534    0.0369    0.5200
...    48 C-G ...
 -101.5979  -67.7763   76.6825
   -0.4886    0.1161   -0.8647
   -0.1262   -0.9901   -0.0616
   -0.8633    0.0790    0.4984
...    49 T-A ...
 -104.5640  -67.1847   78.1014
   -0.4503   -0.4585   -0.7662
    0.1186   -0.8812    0.4576
   -0.8850    0.1152    0.4512
...    50 C-G ...
 -107.5875  -66.8038   79.4221
   -0.2984   -0.9035   -0.3076
    0.3552   -0.4043    0.8428
   -0.8859    0.1423    0.4416
...    51 A-T ...
 -110.3574  -66.3844   81.2525
    0.0024   -0.9620    0.2732
    0.4609    0.2435    0.8534
   -0.8875    0.1239    0.4439
...    52 T-A ...
 -113.5664  -66.2587   82.1563
    0.2164   -0.6788    0.7018
    0.4086    0.7158    0.5663
   -0.8867    0.1642    0.4322
...    53 G-C ...
 -116.4297  -65.4309   83.6954
    0.4850   -0.1260    0.8654
    0.2134    0.9767    0.0227
   -0.8481    0.1737    0.5006
...    54 T-A ...
 -119.2560  -65.4490   85.4549
    0.5634    0.4119    0.7161
   -0.0638    0.8859   -0.4594
   -0.8237    0.2131    0.5255
...    55 T-A ...
 -121.8747  -64.8611   87.2599
    0.4685    0.8342    0.2909
   -0.3723    0.4851   -0.7912
   -0.8012    0.2624    0.5379
...    56 A-T ...
 -124.4042  -63.7687   89.1629
    0.3024    0.9026   -0.3065
   -0.6111   -0.0632   -0.7890
   -0.7315    0.4259    0.5325
...    57 T-A ...
 -126.2839  -62.1429   91.2772
   -0.0223    0.7263   -0.6870
   -0.6956   -0.5048   -0.5112
   -0.7181    0.4665    0.5165
...    58 A-T ...
 -128.8441  -60.5284   92.7498
   -0.3947    0.2275   -0.8902
   -0.5827   -0.8111    0.0511
   -0.7104    0.5389    0.4527
...    59 A-T ...
 -131.0516  -58.5296   94.0707
   -0.6841   -0.2835   -0.6721
   -0.2514   -0.7733    0.5821
   -0.6847    0.5672    0.4577
...    60 C-G ...
 -133.3393  -56.2304   95.0256
   -0.7213   -0.6528   -0.2315
    0.1505   -0.4741    0.8675
   -0.6760    0.5909    0.4402
...    61 G-C ...
 -135.4976  -54.4593   96.9509
   -0.4758   -0.8127    0.3362
    0.5414    0.0306    0.8402
   -0.6931    0.5818    0.4255
...    62 G-C ...
 -137.9419  -52.4232   98.1808
   -0.0523   -0.6613    0.7483
    0.7329    0.4835    0.4786
   -0.6783    0.5735    0.4594
...    63 A-T ...
 -140.2522  -50.4411   99.4891
    0.4170   -0.2329    0.8786
    0.6395    0.7620   -0.1015
   -0.6458    0.6042    0.4667
...    64 T-A ...
 -142.6810  -48.9931  101.1836
    0.6964    0.1895    0.6922
    0.3440    0.7583   -0.5537
   -0.6298    0.6237    0.4629
...    65 G-C ...
 -144.6688  -46.7269  102.6882
    0.8565    0.4845    0.1779
   -0.1158    0.5162   -0.8486
   -0.5030    0.7062    0.4983
...    66 T-A ...
 -145.9695  -44.6071  104.8053
    0.7065    0.6229   -0.3360
   -0.5532    0.1899   -0.8111
   -0.4415    0.7589    0.4787
...    67 A-T ...
 -147.0595  -41.8439  106.3451
    0.3502    0.4673   -0.8118
   -0.8808   -0.1306   -0.4552
   -0.3187    0.8744    0.3659
...    68 G-C ...
 -147.7499  -38.7802  107.4145
   -0.1546    0.2414   -0.9580
   -0.9485   -0.3077    0.0755
   -0.2765    0.9204    0.2765
...    69 G-C ...
 -148.5225  -35.4736  107.7184
   -0.6425   -0.0381   -0.7654
   -0.7213   -0.3071    0.6208
   -0.2587    0.9509    0.1698
...    70 T-A ...
 -149.1136  -32.1680  107.6613
   -0.9355   -0.1950   -0.2945
   -0.2544   -0.2064    0.9448
   -0.2450    0.9588    0.1435
...    71 A-T ...
 -149.6305  -28.9571  109.0123
   -0.8619   -0.1294    0.4903
    0.4991   -0.0457    0.8653
   -0.0896    0.9905    0.1040
...    72 T-A ...
 -150.3511  -25.6948  108.7851
   -0.4629   -0.0786    0.8829
    0.8852    0.0104    0.4650
   -0.0457    0.9969    0.0648
...    73 C-G ...
 -150.5287  -22.3655  108.8141
    0.1892   -0.0489    0.9807
    0.9819    0.0173   -0.1886
   -0.0078    0.9987    0.0513
...    74 T-A ...
 -150.7468  -19.0416  109.0995
    0.7005   -0.0886    0.7081
    0.7116    0.0118   -0.7025
    0.0538    0.9960    0.0713
...    75 C-G ...
 -150.6559  -15.7525  109.2942
    0.9816   -0.1310    0.1389
    0.1452    0.0396   -0.9886
    0.1240    0.9906    0.0579
...    76 G-C ...
 -150.1520  -12.4081  109.1127
    0.8570   -0.2661   -0.4414
   -0.4249    0.1199   -0.8973
    0.2916    0.9565   -0.0104
...    77 A-T ...
 -149.0231   -9.3465  109.0034
    0.4153   -0.2254   -0.8813
   -0.8369    0.2852   -0.4673
    0.3567    0.9316   -0.0702
...    78 G-C ...
 -147.4798   -6.4363  108.6097
   -0.1360   -0.1243   -0.9829
   -0.9089    0.4103    0.0739
    0.3941    0.9034   -0.1688
...    79 C-G ...
 -145.8648   -3.7069  107.5572
   -0.6371    0.0898   -0.7655
   -0.6537    0.4632    0.5984
    0.4083    0.8817   -0.2364
...    80 T-A ...
 -144.4639   -0.9212  106.3429
   -0.9036    0.3091   -0.2968
   -0.1649    0.3884    0.9066
    0.3955    0.8681   -0.3000
...    81 C-G ...
 -143.2670    1.9583  105.1941
   -0.8016    0.5041    0.3214
    0.4379    0.1290    0.8897
    0.4071    0.8539   -0.3241
...    82 G-C ...
 -141.5689    4.8089  104.4866
   -0.3874    0.4554    0.8016
    0.8350   -0.1952    0.5145
    0.3908    0.8686   -0.3046
...    83 G-C ...
 -140.3662    7.7399  103.2373
    0.1468    0.2188    0.9647
    0.8956   -0.4434   -0.0357
    0.4199    0.8692   -0.2610
...    84 G-C ...
 -139.1352   10.7313  102.2019
    0.5963   -0.1380    0.7908
    0.6381   -0.5162   -0.5712
    0.4871    0.8453   -0.2197
...    85 A-T ...
 -137.6208   13.5391  101.4227
    0.8317   -0.4656    0.3025
    0.1424   -0.3476   -0.9268
    0.5367    0.8138   -0.2228
...    86 T-A ...
 -135.8048   16.2585  101.3317
    0.7686   -0.6059   -0.2052
   -0.3033   -0.0626   -0.9508
    0.5633    0.7930   -0.2319
...    87 C-G ...
 -133.8291   18.7480  100.5585
    0.3971   -0.5817   -0.7098
   -0.6850    0.3268   -0.6511
    0.6108    0.7448   -0.2687
...    88 C-G ...
 -131.4440   20.8902   99.4884
   -0.1143   -0.3791   -0.9183
   -0.7525    0.6365   -0.1692
    0.6486    0.6717   -0.3580
...    89 G-C ...
 -129.5823   23.2231   97.8674
   -0.5936   -0.0140   -0.8046
   -0.4919    0.7976    0.3491
    0.6369    0.6031   -0.4803
...    90 C-G ...
 -127.4852   24.8859   95.8412
   -0.7838    0.4247   -0.4531
   -0.0436    0.6901    0.7224
    0.6195    0.5859   -0.5224
...    91 T-A ...
 -125.5710   26.6943   93.7615
   -0.6865    0.7260    0.0399
    0.4240    0.3553    0.8331
    0.5906    0.5888   -0.5517
...    92 T-A ...
 -123.7702   28.4775   91.6891
   -0.2568    0.8256    0.5023
    0.7433   -0.1634    0.6486
    0.6176    0.5400   -0.5718
...    93 T-A ...
 -121.9687   30.2448   89.6081
    0.2719    0.5846    0.7644
    0.7332   -0.6404    0.2289
    0.6233    0.4982   -0.6028
...    94 A-T ...
 -119.5612   31.3254   87.3985
    0.7133    0.0176    0.7006
    0.3378   -0.8845   -0.3217
    0.6140    0.4662   -0.6369
...    95 A-T ...
 -117.6031   33.0073   85.4192
    0.7734   -0.5111    0.3749
   -0.1600   -0.7297   -0.6647
    0.6133    0.4541   -0.6462
...    96 C-G ...
 -115.3507   34.7975   83.7742
    0.5366   -0.8436   -0.0187
   -0.5505   -0.3332   -0.7654
    0.6395    0.4211   -0.6432
...    97 A-T ...
 -113.3121   36.0466   81.3994
    0.0339   -0.9193   -0.3920
   -0.7384    0.2413   -0.6298
    0.6736    0.3108   -0.6706
...    98 C-G ...
 -110.6658   36.6506   79.4838
   -0.3973   -0.6532   -0.6446
   -0.6243    0.7072   -0.3318
    0.6726    0.2706   -0.6887
...    99 T-A ...
 -108.3688   37.1554   77.1085
   -0.7154   -0.1676   -0.6783
   -0.2728    0.9608    0.0504
    0.6433    0.2210   -0.7330
...   100 T-A ...
 -106.2612   37.6060   74.6624
   -0.7262    0.4398   -0.5284
    0.2096    0.8736    0.4391
    0.6548    0.2081   -0.7266
...   101 T-A ...
 -104.2196   38.0459   72.1524
   -0.4365    0.8807   -0.1840
    0.6010    0.4376    0.6689
    0.6696    0.1814   -0.7203
...   102 A-T ...
 -101.5301   38.6038   70.0923
    0.1123    0.9535    0.2796
    0.7276   -0.2706    0.6304
    0.6767    0.1326   -0.7242
...   103 T-A ...
  -99.8053   39.3432   67.3556
    0.4903    0.6693    0.5582
    0.5536   -0.7339    0.3936
    0.6731    0.1161   -0.7304
...   104 G-C ...
  -97.3669   39.4599   65.0451
    0.6728    0.0829    0.7351
    0.1556   -0.9873   -0.0311
    0.7233    0.1353   -0.6772
...   105 C-G ...
  -94.9496   40.3045   62.8952
    0.6104   -0.4956    0.6180
   -0.2524   -0.8611   -0.4413
    0.7508    0.1134   -0.6507
...   106 T-A ...
  -92.2691   40.7784   60.9681
    0.3194   -0.8944    0.3132
   -0.5337   -0.4429   -0.7205
    0.7831    0.0630   -0.6188
...   107 T-A ...
  -89.5987   41.0025   59.1295
   -0.0621   -0.9843   -0.1653
   -0.6185    0.1679   -0.7676
    0.7833    0.0545   -0.6192
...   108 C-G ...
  -86.9962   41.0227   57.1029
   -0.4502   -0.6818   -0.5766
   -0.4393    0.7313   -0.5217
    0.7774    0.0185   -0.6288
...   109 C-G ...
  -84.4193   40.6875   54.9125
   -0.6756   -0.1475   -0.7224
   -0.0788    0.9886   -0.1281
    0.7330   -0.0296   -0.6795
...   110 G-C ...
  -82.0514   40.9681   52.4915
   -0.6567    0.4615   -0.5965
    0.3599    0.8868    0.2898
    0.6627   -0.0244   -0.7485
...   111 G-C ...
  -80.0310   40.7374   49.7593
   -0.3807    0.8837   -0.2724
    0.6826    0.4673    0.5619
    0.6238    0.0280   -0.7811
...   112 C-G ...
  -78.2941   40.7680   46.8893
    0.0502    0.9911    0.1237
    0.7821   -0.1160    0.6123
    0.6211    0.0660   -0.7809
...   113 T-A ...
  -76.4377   41.1858   44.1379
    0.4407    0.7552    0.4852
    0.6337   -0.6446    0.4276
    0.6357    0.1190   -0.7627
...   114 C-G ...
  -74.3546   41.6519   41.6164
    0.7143    0.2019    0.6701
    0.2376   -0.9706    0.0391
    0.6583    0.1313   -0.7412
...   115 G-C ...
  -72.0033   41.6639   39.1585
    0.6435   -0.4143    0.6437
   -0.1992   -0.9025   -0.3818
    0.7391    0.1174   -0.6633
...   116 T-A ...
  -69.3120   42.4633   37.3733
    0.4091   -0.8418    0.3523
   -0.5103   -0.5311   -0.6764
    0.7564    0.0969   -0.6468
...   117 A-T ...
  -67.0355   42.6366   34.8398
   -0.0235   -0.9846   -0.1734
   -0.6461    0.1473   -0.7489
    0.7629    0.0944   -0.6396
...   118 T-A ...
  -64.1448   42.6491   33.2263
   -0.3515   -0.7595   -0.5473
   -0.5363    0.6425   -0.5473
    0.7674    0.1011   -0.6332
...   119 A-T ...
  -61.7384   43.4430   30.9240
   -0.5932   -0.1360   -0.7935
   -0.1724    0.9842   -0.0398
    0.7864    0.1131   -0.6073
...   120 A-T ...
  -59.1680   43.5413   28.9123
   -0.5556    0.4817   -0.6777
    0.2058    0.8694    0.4492
    0.8056    0.1101   -0.5821
...   121 T-A ...
  -56.7791   43.3976   26.6169
   -0.3559    0.8679   -0.3465
    0.4604    0.4855    0.7432
    0.8133    0.1050   -0.5724
...   122 G-C ...
  -53.9506   43.9128   24.8763
   -0.0843    0.9730    0.2146
    0.5922   -0.1243    0.7961
    0.8014    0.1942   -0.5658
...   123 T-A ...
  -51.6978   44.8066   22.5910
    0.2191    0.7428    0.6327
    0.5411   -0.6321    0.5547
    0.8119    0.2209   -0.5404
...   124 G-C ...
  -48.8040   45.4564   21.0005
    0.4017    0.2021    0.8932
    0.3333   -0.9407    0.0630
    0.8530    0.2724   -0.4453
...   125 T-A ...
  -46.1248   46.9352   19.7385
    0.4807   -0.3487    0.8046
    0.0748   -0.8979   -0.4339
    0.8737    0.2687   -0.4055
...   126 C-G ...
  -43.1740   47.7901   18.5571
    0.3962   -0.8303    0.3920
   -0.2061   -0.4965   -0.8432
    0.8947    0.2533   -0.3679
...   127 G-C ...
  -40.1742   48.2330   17.0110
    0.1230   -0.9816   -0.1460
   -0.3380    0.0969   -0.9361
    0.9331    0.1645   -0.3199
...   128 A-T ...
  -37.0384   48.6377   16.0040
   -0.1150   -0.7137   -0.6910
   -0.3228    0.6847   -0.6535
    0.9395    0.1479   -0.3091
...   129 C-G ...
  -33.7631   48.5324   15.2208
   -0.2733   -0.2181   -0.9369
   -0.1979    0.9659   -0.1671
    0.9414    0.1397   -0.3071
...   130 C-G ...
  -30.5666   48.7329   14.0537
   -0.3841    0.3687   -0.8465
    0.0042    0.9175    0.3978
    0.9233    0.1492   -0.3540
...   131 A-T ...
  -27.4336   49.4518   13.0882
   -0.3665    0.8364   -0.4075
    0.2327    0.5065    0.8303
    0.9008    0.2095   -0.3803
...   132 A-T ...
  -24.5707   50.0422   11.6536
   -0.1574    0.9743    0.1610
    0.3862   -0.0893    0.9181
    0.9089    0.2067   -0.3622
...   133 A-T ...
  -21.7078   50.7881   10.3173
    0.0761    0.7332    0.6757
    0.3994   -0.6434    0.6531
    0.9136    0.2202   -0.3418
...   134 T-A ...
  -19.0083   52.0402    8.9386
    0.2450    0.2904    0.9250
    0.3072   -0.9282    0.2101
    0.9196    0.2327   -0.3166
...   135 G-C ...
  -16.4569   53.8980    7.5292
    0.5336   -0.3334    0.7773
    0.0348   -0.9096   -0.4140
    0.8450    0.2479   -0.4738
...   136 T-A ...
  -14.1680   56.5698    6.1950
    0.5795   -0.7269    0.3684
   -0.3140   -0.6163   -0.7222
    0.7521    0.3028   -0.5854
...   137 G-C ...
  -11.6468   58.0146    4.7338
    0.2454   -0.9541   -0.1717
   -0.6318   -0.0231   -0.7748
    0.7352    0.2986   -0.6085
...   138 A-T ...
   -8.6697   58.7289    3.6172
   -0.0344   -0.7815   -0.6230
   -0.6534    0.4892   -0.5777
    0.7562    0.3872   -0.5274
...   139 G-C ...
   -6.3210   59.0879    1.6442
   -0.2967   -0.3277   -0.8970
   -0.5657    0.8170   -0.1114
    0.7694    0.4744   -0.4278
...   140 C-G ...
   -3.4295   60.2437    1.0437
   -0.4424    0.2288   -0.8671
   -0.1682    0.9286    0.3309
    0.8809    0.2922   -0.3723
...   141 G-C ...
   -0.6892   63.9063   -2.2354
   -0.9992    0.0156   -0.0375
   -0.0024    0.8991    0.4378
    0.0405    0.4375   -0.8983
...   142 C-G ...
   -0.9979   65.6137   -4.9247
   -0.8337    0.5217    0.1810
    0.5169    0.6220    0.5881
    0.1942    0.5839   -0.7882
...   143 T-A ...
   -0.1243   66.2250   -7.8039
   -0.3751    0.8568    0.3538
    0.8856    0.2185    0.4098
    0.2739    0.4670   -0.8407
...   144 C-G ...
   -0.1579   67.4197  -10.7919
    0.1799    0.8792    0.4411
    0.9276   -0.3009    0.2214
    0.3274    0.3694   -0.8697
...   145 A-T ...
    0.5354   69.2487  -13.4511
    0.7352    0.4961    0.4620
    0.6117   -0.7791   -0.1369
    0.2921    0.3832   -0.8763
...   146 C-G ...
    1.4422   72.1064  -15.5856
    0.9808    0.0622    0.1849
    0.1266   -0.9240   -0.3608
    0.1484    0.3773   -0.9141
...   147 A-T ...
    2.3151   74.2410  -18.3712
    0.8657   -0.4292   -0.2574
   -0.4984   -0.7868   -0.3642
   -0.0462    0.4436   -0.8950
