  147 base-pairs
...     1 A-T ...
    0.0000    0.0000    0.0000
    1.0000    0.0000    0.0000
    0.0000    1.0000    0.0000
    0.0000    0.0000    1.0000
...     2 G-C ...
   -0.1394   -1.2357    3.2268
    0.7529    0.6366    0.1670
   -0.6386    0.7680   -0.0486
   -0.1592   -0.0700    0.9848
...     3 T-A ...
   -0.0365   -3.2932    6.3751
    0.2722    0.9301    0.2466
   -0.9238    0.3243   -0.2033
   -0.2691   -0.1725    0.9475
...     4 G-C ...
   -0.3505   -4.1660    9.4928
   -0.3756    0.9250    0.0579
   -0.8781   -0.3352   -0.3415
   -0.2965   -0.1791    0.9381
...     5 A-T ...
   -0.4462   -4.1476   12.7498
   -0.8116    0.5840   -0.0165
   -0.5523   -0.7762   -0.3042
   -0.1905   -0.2378    0.9524
...     6 G-C ...
   -1.5908   -4.1730   15.6201
   -0.9976    0.0246   -0.0651
   -0.0043   -0.9555   -0.2950
   -0.0695   -0.2940    0.9533
...     7 C-G ...
   -1.1030   -4.4824   18.7362
   -0.8441   -0.5304   -0.0787
    0.5345   -0.8441   -0.0432
   -0.0435   -0.0785    0.9960
...     8 G-C ...
   -2.4028   -7.7290   23.1475
   -0.2754   -0.3293   -0.9032
    0.6650   -0.7437    0.0684
   -0.6942   -0.5818    0.4238
...     9 C-G ...
   -4.4690   -9.9728   24.1132
    0.1145   -0.7025   -0.7024
    0.8512   -0.2952    0.4340
   -0.5122   -0.6476    0.5642
...    10 T-A ...
   -6.7405  -10.8752   25.9697
    0.4841   -0.8363   -0.2574
    0.6595    0.1553    0.7355
   -0.5751   -0.5258    0.6267
...    11 C-G ...
   -9.1656  -12.6208   27.1640
    0.7073   -0.6682    0.2307
    0.3448    0.6110    0.7126
   -0.6171   -0.4245    0.6626
...    12 A-T ...
  -10.9234  -14.6633   29.0693
    0.7515   -0.1377    0.6452
   -0.2029    0.8824    0.4246
   -0.6277   -0.4500    0.6352
...    13 C-G ...
  -11.8476  -17.4863   31.2451
    0.4295    0.2823    0.8578
   -0.5708    0.8209    0.0156
   -0.6998   -0.4963    0.5137
...    14 A-T ...
  -13.5897  -19.7827   33.4259
   -0.1504    0.6104    0.7777
   -0.6874    0.5008   -0.5260
   -0.7106   -0.6136    0.3443
...    15 A-T ...
  -15.7333  -21.8871   34.6905
   -0.5414    0.7772    0.3208
   -0.4528    0.0520   -0.8901
   -0.7084   -0.6271    0.3238
...    16 T-A ...
  -17.8179  -23.8263   36.3600
   -0.6969    0.6915   -0.1903
   -0.0997   -0.3562   -0.9291
   -0.7102   -0.6285    0.3172
...    17 T-A ...
  -20.1334  -25.7597   37.5664
   -0.6164    0.3566   -0.7020
    0.3313   -0.6913   -0.6421
   -0.7143   -0.6284    0.3080
...    18 T-A ...
  -22.5626  -27.6301   38.6376
   -0.2977   -0.1089   -0.9484
    0.6278   -0.7708   -0.1086
   -0.7192   -0.6278    0.2978
...    19 A-T ...
  -24.7821  -29.9998   39.5883
    0.1914   -0.5500   -0.8129
    0.6596   -0.5413    0.5215
   -0.7268   -0.6360    0.2592
...    20 T-A ...
  -27.5229  -31.8163   39.9107
    0.5054   -0.7528   -0.4217
    0.4597   -0.1786    0.8699
   -0.7302   -0.6335    0.2558
...    21 T-A ...
  -29.9869  -33.8743   40.4772
    0.6643   -0.7255    0.1797
    0.0715    0.3010    0.9509
   -0.7440   -0.6189    0.2519
...    22 C-G ...
  -32.3884  -36.0221   41.2335
    0.5793   -0.3834    0.7193
   -0.3545    0.6761    0.6459
   -0.7340   -0.6292    0.2558
...    23 G-C ...
  -35.0227  -37.8507   42.3278
    0.3257    0.1388    0.9352
   -0.6384    0.7619    0.1093
   -0.6974   -0.6327    0.3367
...    24 C-G ...
  -37.0428  -40.2501   43.4963
   -0.0620    0.5693    0.8198
   -0.7106    0.5516   -0.4368
   -0.7009   -0.6096    0.3704
...    25 A-T ...
  -39.5732  -42.1800   44.5711
   -0.4007    0.8404    0.3649
   -0.5485    0.0991   -0.8303
   -0.7339   -0.5328    0.4212
...    26 A-T ...
  -41.8718  -43.8601   46.1315
   -0.6369    0.7463   -0.1933
   -0.2116   -0.4103   -0.8870
   -0.7413   -0.5241    0.4193
...    27 A-T ...
  -44.2981  -45.3966   47.6435
   -0.6319    0.3728   -0.6795
    0.1943   -0.7725   -0.6045
   -0.7503   -0.5140    0.4158
...    28 G-C ...
  -46.9621  -46.8251   49.0387
   -0.3733   -0.0784   -0.9244
    0.4897   -0.8629   -0.1246
   -0.7879   -0.4992    0.3605
...    29 G-C ...
  -49.8507  -48.3378   49.9647
    0.0243   -0.5149   -0.8569
    0.5824   -0.6894    0.4307
   -0.8125   -0.5096    0.2832
...    30 C-G ...
  -52.7652  -49.8998   50.5063
    0.3718   -0.8002   -0.4706
    0.4494   -0.2884    0.8455
   -0.8123   -0.5259    0.2523
...    31 C-G ...
  -55.5264  -51.8169   51.0299
    0.6069   -0.7908    0.0789
    0.1392    0.2035    0.9691
   -0.7825   -0.5772    0.2336
...    32 G-C ...
  -58.1272  -53.6373   52.2127
    0.6361   -0.4722    0.6103
   -0.2512    0.6210    0.7424
   -0.7295   -0.6256    0.2764
...    33 G-C ...
  -60.4920  -55.9564   52.9884
    0.4389    0.0089    0.8985
   -0.5657    0.7796    0.2686
   -0.6981   -0.6262    0.3472
...    34 C-G ...
  -62.5265  -58.3580   54.1054
    0.0844    0.4758    0.8755
   -0.7114    0.6440   -0.2814
   -0.6977   -0.5990    0.3929
...    35 C-G ...
  -64.6738  -60.4976   55.6166
   -0.2511    0.8114    0.5278
   -0.6481    0.2641   -0.7143
   -0.7190   -0.5214    0.4595
...    36 C-G ...
  -66.9823  -62.1446   57.4483
   -0.4901    0.8716   -0.0063
   -0.4216   -0.2434   -0.8735
   -0.7629   -0.4254    0.4868
...    37 G-C ...
  -69.8082  -63.5096   58.7201
   -0.5421    0.6244   -0.5623
   -0.1151   -0.7181   -0.6864
   -0.8324   -0.3073    0.4612
...    38 A-T ...
  -72.6387  -64.3687   60.1734
   -0.4749    0.0738   -0.8769
    0.2075   -0.9590   -0.1931
   -0.8552   -0.2737    0.4401
...    39 C-G ...
  -75.6976  -64.6525   61.4853
   -0.2748   -0.4538   -0.8477
    0.4093   -0.8530    0.3240
   -0.8700   -0.2579    0.4202
...    40 A-T ...
  -78.4763  -65.8123   62.9496
    0.0693   -0.8630   -0.5004
    0.4621   -0.4168    0.7828
   -0.8841   -0.2855    0.3698
...    41 C-G ...
  -81.6690  -66.6886   63.5763
    0.3084   -0.9512    0.0116
    0.3450    0.1232    0.9305
   -0.8865   -0.2829    0.3661
...    42 G-C ...
  -84.5299  -67.4628   65.2126
    0.5124   -0.6747    0.5312
    0.1001    0.6613    0.7434
   -0.8529   -0.3277    0.4064
...    43 A-T ...
  -87.4032  -68.5536   66.4249
    0.4886   -0.1271    0.8632
   -0.2135    0.9418    0.2595
   -0.8460   -0.3111    0.4331
...    44 C-G ...
  -89.9683  -70.1502   67.8039
    0.3308    0.4113    0.8494
   -0.4366    0.8646   -0.2486
   -0.8366   -0.2886    0.4656
...    45 T-A ...
  -92.5621  -71.2556   69.5629
    0.1189    0.8361    0.5355
   -0.5557    0.5030   -0.6620
   -0.8228   -0.2189    0.5244
...    46 T-A ...
  -95.1149  -71.9661   71.4157
   -0.1808    0.9829    0.0343
   -0.5322   -0.0685   -0.8438
   -0.8271   -0.1708    0.5355
...    47 A-T ...
  -97.9711  -72.3369   73.1250
   -0.3664    0.7640   -0.5311
   -0.3668   -0.6432   -0.6721
   -0.8551   -0.0515    0.5159
...    48 C-G ...
 -100.6229  -71.8835   75.0570
   -0.4763    0.3010   -0.8262
   -0.1455   -0.9536   -0.2636
   -0.8672   -0.0054    0.4980
...    49 T-A ...
 -103.5864  -71.5276   76.5390
   -0.4437   -0.2754   -0.8528
    0.0908   -0.9605    0.2629
   -0.8916    0.0392    0.4512
...    50 G-C ...
 -106.5743  -71.8195   78.0325
   -0.2678   -0.8065   -0.5272
    0.3023   -0.5898    0.7488
   -0.9148    0.0411    0.4018
...    51 T-A ...
 -109.8501  -71.4873   78.7960
   -0.0685   -0.9975   -0.0201
    0.4013   -0.0460    0.9148
   -0.9134    0.0546    0.4035
...    52 A-T ...
 -112.6402  -70.8297   80.7583
    0.1376   -0.7370    0.6617
    0.3894    0.6545    0.6481
   -0.9107    0.1685    0.3770
...    53 G-C ...
 -115.7749  -70.4732   81.8827
    0.3745   -0.2553    0.8914
    0.2739    0.9489    0.1567
   -0.8858    0.1854    0.4253
...    54 G-C ...
 -118.8795  -70.0478   83.2042
    0.5488    0.3024    0.7793
    0.0374    0.9225   -0.3843
   -0.8351    0.2400    0.4949
...    55 T-A ...
 -121.5028  -69.7358   85.1865
    0.5357    0.7309    0.4228
   -0.2529    0.6166   -0.7456
   -0.8057    0.2925    0.5151
...    56 A-T ...
 -124.0494  -68.6049   87.0404
    0.4228    0.8909   -0.1657
   -0.5443    0.1035   -0.8325
   -0.7245    0.4422    0.5287
...    57 T-A ...
 -125.9221  -67.0403   89.2037
    0.1191    0.8005   -0.5873
   -0.6966   -0.3541   -0.6240
   -0.7075    0.4834    0.5155
...    58 C-G ...
 -128.1723  -65.2172   90.7289
   -0.2823    0.4071   -0.8687
   -0.6683   -0.7330   -0.1264
   -0.6882    0.5449    0.4790
...    59 T-A ...
 -130.3218  -63.0594   92.0679
   -0.5715   -0.0887   -0.8158
   -0.4516   -0.7961    0.4029
   -0.6851    0.5987    0.4149
...    60 C-G ...
 -132.6884  -61.0368   93.1992
   -0.7393   -0.5491   -0.3899
   -0.0301   -0.5515    0.8337
   -0.6727    0.6280    0.3912
...    61 G-C ...
 -134.9852  -59.2223   94.9127
   -0.5976   -0.7803    0.1845
    0.3958   -0.0870    0.9142
   -0.6973    0.6193    0.3608
...    62 A-T ...
 -137.3020  -57.0785   95.9692
   -0.2370   -0.6490    0.7229
    0.6977    0.4041    0.5915
   -0.6761    0.6446    0.3570
...    63 G-C ...
 -139.7448  -55.0380   97.0193
    0.2173   -0.3340    0.9172
    0.7353    0.6740    0.0712
   -0.6420    0.6589    0.3920
...    64 C-G ...
 -142.1887  -53.0924   98.2321
    0.6267    0.0673    0.7764
    0.5071    0.7213   -0.4718
   -0.5917    0.6893    0.4179
...    65 T-A ...
 -144.1625  -50.9577   99.8399
    0.8557    0.3761    0.3555
    0.0930    0.5640   -0.8205
   -0.5091    0.7352    0.4476
...    66 C-G ...
 -145.7766  -48.5451  101.3430
    0.7892    0.5671   -0.2356
   -0.4324    0.2406   -0.8690
   -0.4361    0.7877    0.4351
...    67 A-T ...
 -147.1094  -45.7389  102.6508
    0.4717    0.4674   -0.7477
   -0.8243   -0.0674   -0.5622
   -0.3132    0.8815    0.3535
...    68 T-A ...
 -147.4600  -42.7570  103.9364
   -0.0027    0.3375   -0.9413
   -0.9576   -0.2721   -0.0948
   -0.2882    0.9011    0.3239
...    69 G-C ...
 -148.6924  -39.7072  104.6398
   -0.5441    0.0329   -0.8384
   -0.7946   -0.3411    0.5022
   -0.2694    0.9394    0.2117
...    70 T-A ...
 -149.2475  -36.4068  104.7686
   -0.8909   -0.1577   -0.4260
   -0.3750   -0.2738    0.8857
   -0.2563    0.9488    0.1847
...    71 T-A ...
 -149.9498  -33.2166  105.0380
   -0.9537   -0.2123    0.2129
    0.2430   -0.1276    0.9616
   -0.1770    0.9688    0.1732
...    72 A-T ...
 -149.7327  -29.9050  106.2162
   -0.5103   -0.0870    0.8556
    0.8591   -0.0063    0.5117
   -0.0391    0.9962    0.0779
...    73 T-A ...
 -150.4851  -26.6566  106.2000
    0.0239   -0.0406    0.9989
    0.9996    0.0139   -0.0234
   -0.0130    0.9991    0.0409
...    74 A-T ...
 -150.0183  -23.2775  105.9060
    0.6814   -0.0087    0.7318
    0.7317   -0.0155   -0.6815
    0.0173    0.9998   -0.0042
...    75 A-T ...
 -150.0421  -20.0382  106.0268
    0.9795   -0.0473    0.1958
    0.1948   -0.0260   -0.9805
    0.0515    0.9985   -0.0163
...    76 C-G ...
 -149.7777  -16.8143  106.5683
    0.9261   -0.1225   -0.3568
   -0.3583    0.0106   -0.9336
    0.1182    0.9924   -0.0341
...    77 G-C ...
 -149.2756  -13.5049  106.0220
    0.5320   -0.2626   -0.8050
   -0.8057    0.1356   -0.5767
    0.2606    0.9553   -0.1394
...    78 G-C ...
 -147.9207  -10.4926  105.2718
   -0.0365   -0.2468   -0.9684
   -0.9452    0.3232   -0.0467
    0.3245    0.9136   -0.2450
...    79 A-T ...
 -146.7945   -7.5788  104.1818
   -0.6133   -0.0264   -0.7894
   -0.7109    0.4539    0.5372
    0.3441    0.8907   -0.2971
...    80 T-A ...
 -145.3131   -5.0151  102.6876
   -0.8888    0.2347   -0.3937
   -0.2756    0.4125    0.8682
    0.3662    0.8802   -0.3019
...    81 C-G ...
 -144.2050   -2.1061  101.5252
   -0.8600    0.4590    0.2229
    0.3422    0.1949    0.9192
    0.3784    0.8668   -0.3246
...    82 G-C ...
 -142.6593    0.8395  100.8472
   -0.4906    0.4573    0.7417
    0.7954   -0.1126    0.5955
    0.3559    0.8822   -0.3085
...    83 G-C ...
 -141.5642    3.8099   99.5900
    0.0430    0.2672    0.9627
    0.9247   -0.3754    0.0628
    0.3782    0.8875   -0.2632
...    84 G-C ...
 -140.4641    6.8482   98.5387
    0.5333   -0.0606    0.8438
    0.7220   -0.4872   -0.4913
    0.4408    0.8712   -0.2160
...    85 A-T ...
 -139.1003    9.7365   97.7624
    0.8360   -0.3866    0.3894
    0.2459   -0.3705   -0.8957
    0.4906    0.8445   -0.2147
...    86 T-A ...
 -137.4977   12.5901   97.6966
    0.8273   -0.5494   -0.1173
   -0.2184   -0.1221   -0.9682
    0.5176    0.8266   -0.2210
...    87 C-G ...
 -135.6717   15.2091   96.9737
    0.4968   -0.5722   -0.6525
   -0.6547    0.2464   -0.7146
    0.5697    0.7822   -0.2523
...    88 C-G ...
 -133.3962   17.5119   96.0045
   -0.0124   -0.4182   -0.9083
   -0.7855    0.5661   -0.2499
    0.6187    0.7104   -0.3355
...    89 G-C ...
 -131.6117   19.9458   94.4410
   -0.5283   -0.0889   -0.8444
   -0.5794    0.7647    0.2820
    0.6207    0.6382   -0.4555
...    90 C-G ...
 -129.5097   21.7136   92.5097
   -0.7796    0.3441   -0.5233
   -0.1523    0.7063    0.6913
    0.6075    0.6187   -0.4982
...    91 T-A ...
 -127.6013   23.6143   90.5071
   -0.7434    0.6680   -0.0343
    0.3329    0.4139    0.8473
    0.5802    0.6184   -0.5301
...    92 T-A ...
 -125.8043   25.4797   88.5048
   -0.3563    0.8165    0.4543
    0.7060   -0.0832    0.7033
    0.6120    0.5713   -0.5468
...    93 T-A ...
 -124.0052   27.3269   86.4915
    0.1721    0.6267    0.7600
    0.7633   -0.5726    0.2993
    0.6227    0.5286   -0.5769
...    94 A-T ...
 -121.5337   28.5166   84.4026
    0.6649    0.0932    0.7411
    0.4230   -0.8648   -0.2707
    0.6157    0.4934   -0.6144
...    95 A-T ...
 -119.5911   30.2874   82.4850
    0.7859   -0.4394    0.4351
   -0.0649   -0.7584   -0.6486
    0.6150    0.4815   -0.6245
...    96 C-G ...
 -117.3882   32.2024   80.9110
    0.5981   -0.8005    0.0377
   -0.4789   -0.3947   -0.7841
    0.6426    0.4509   -0.6195
...    97 A-T ...
 -115.3246   33.5436   78.6069
    0.1236   -0.9236   -0.3628
   -0.7179    0.1692   -0.6753
    0.6851    0.3439   -0.6422
...    98 C-G ...
 -112.6281   34.3013   76.8196
   -0.3126   -0.6961   -0.6463
   -0.6551    0.6507   -0.3840
    0.6878    0.3034   -0.6594
...    99 T-A ...
 -110.2491   34.9229   74.5544
   -0.6639   -0.2347   -0.7100
   -0.3433    0.9392    0.0105
    0.6643    0.2508   -0.7041
...   100 T-A ...
 -108.0524   35.4748   72.2096
   -0.7263    0.3749   -0.5762
    0.1238    0.8958    0.4268
    0.6762    0.2386   -0.6970
...   101 T-A ...
 -105.9167   36.0084   69.7978
   -0.4858    0.8438   -0.2278
    0.5333    0.4927    0.6877
    0.6925    0.2126   -0.6894
...   102 A-T ...
 -103.1505   36.7095   67.8781
    0.0380    0.9644    0.2618
    0.7096   -0.2105    0.6724
    0.7035    0.1602   -0.6924
...   103 T-A ...
 -101.3362   37.4993   65.2128
    0.4200    0.7098    0.5655
    0.5766   -0.6899    0.4377
    0.7008    0.1423   -0.6990
...   104 G-C ...
  -98.7953   37.7083   63.0205
    0.6309    0.1373    0.7636
    0.2142   -0.9768   -0.0014
    0.7457    0.1645   -0.6456
...   105 C-G ...
  -96.3329   38.6508   60.9609
    0.6082   -0.4475    0.6557
   -0.1821   -0.8826   -0.4334
    0.7727    0.1442   -0.6182
...   106 T-A ...
  -93.5985   39.2420   59.1426
    0.3540   -0.8691    0.3454
   -0.4751   -0.4853   -0.7340
    0.8056    0.0958   -0.5847
...   107 T-A ...
  -90.8665   39.5826   57.4159
   -0.0013   -0.9890   -0.1482
   -0.5918    0.1202   -0.7970
    0.8061    0.0867   -0.5855
...   108 C-G ...
  -88.1821   39.7135   55.5024
   -0.3878   -0.7146   -0.5822
   -0.4542    0.6977   -0.5539
    0.8021    0.0496   -0.5952
...   109 C-G ...
  -85.5004   39.4827   53.4278
   -0.6353   -0.1944   -0.7474
   -0.1240    0.9809   -0.1497
    0.7622   -0.0024   -0.6473
...   110 G-C ...
  -83.0509   39.8482   51.0976
   -0.6527    0.4183   -0.6317
    0.3031    0.9083    0.2883
    0.6943   -0.0033   -0.7197
...   111 G-C ...
  -80.9104   39.6818   48.4532
   -0.4103    0.8600   -0.3035
    0.6357    0.5083    0.5810
    0.6539    0.0454   -0.7552
...   112 C-G ...
  -79.0580   39.7543   45.6547
    0.0003    0.9941    0.1082
    0.7608   -0.0705    0.6451
    0.6489    0.0821   -0.7564
...   113 T-A ...
  -77.1091   40.2126   42.9723
    0.3887    0.7808    0.4891
    0.6431   -0.6101    0.4628
    0.6598    0.1347   -0.7393
...   114 C-G ...
  -74.9493   40.7265   40.5225
    0.6797    0.2407    0.6928
    0.2747   -0.9594    0.0638
    0.6801    0.1469   -0.7183
...   115 G-C ...
  -72.5143   40.7919   38.1448
    0.6354   -0.3803    0.6721
   -0.1514   -0.9148   -0.3744
    0.7572    0.1361   -0.6388
...   116 T-A ...
  -69.7932   41.6685   36.4397
    0.4270   -0.8214    0.3781
   -0.4672   -0.5584   -0.6855
    0.7742    0.1161   -0.6222
...   117 A-T ...
  -67.4450   41.8944   33.9727
    0.0163   -0.9867   -0.1620
   -0.6258    0.1163   -0.7713
    0.7798    0.1140   -0.6155
...   118 T-A ...
  -64.5060   41.9902   32.4532
   -0.3079   -0.7770   -0.5491
   -0.5395    0.6180   -0.5719
    0.7837    0.1202   -0.6094
...   119 A-T ...
  -62.0559   42.8447   30.2158
   -0.5636   -0.1627   -0.8099
   -0.2020    0.9778   -0.0559
    0.8010    0.1321   -0.5839
...   120 A-T ...
  -59.4293   43.0078   28.2825
   -0.5490    0.4583   -0.6990
    0.1658    0.8794    0.4463
    0.8192    0.1291   -0.5588
...   121 T-A ...
  -56.9685   42.9154   26.0609
   -0.3700    0.8542   -0.3652
    0.4238    0.5050    0.7519
    0.8267    0.1235   -0.5489
...   122 G-C ...
  -54.0979   43.4991   24.4113
   -0.1141    0.9724    0.2037
    0.5721   -0.1033    0.8136
    0.8122    0.2094   -0.5445
...   123 T-A ...
  -51.8008   44.4308   22.1818
    0.1856    0.7521    0.6324
    0.5398   -0.6158    0.5740
    0.8211    0.2348   -0.5202
...   124 G-C ...
  -48.8758   45.1176   20.6635
    0.3771    0.2153    0.9008
    0.3495   -0.9338    0.0769
    0.8577    0.2858   -0.4274
...   125 T-A ...
  -46.1942   46.6396   19.4506
    0.4698   -0.3360    0.8164
    0.0996   -0.8987   -0.4272
    0.8772    0.2820   -0.3887
...   126 C-G ...
  -43.2370   47.5438   18.3176
    0.4022   -0.8220    0.4032
   -0.1822   -0.5034   -0.8446
    0.8972    0.2663   -0.3523
...   127 G-C ...
  -40.2188   48.0401   16.8211
    0.1395   -0.9803   -0.1397
   -0.3246    0.0881   -0.9417
    0.9355    0.1767   -0.3059
...   128 A-T ...
  -37.0749   48.4891   15.8597
   -0.0959   -0.7180   -0.6894
   -0.3226    0.6776   -0.6609
    0.9417    0.1590   -0.2966
...   129 C-G ...
  -33.7890   48.4236   15.1238
   -0.2593   -0.2251   -0.9392
   -0.2073    0.9628   -0.1735
    0.9433    0.1497   -0.2963
...   130 C-G ...
  -30.5842   48.6595   13.9876
   -0.3793    0.3616   -0.8517
   -0.0093    0.9189    0.3943
    0.9252    0.1574   -0.3452
...   131 A-T ...
  -27.4500   49.4147   13.0476
   -0.3702    0.8321   -0.4130
    0.2216    0.5109    0.8306
    0.9021    0.2159   -0.3735
...   132 A-T ...
  -24.5799   50.0254   11.6344
   -0.1641    0.9737    0.1580
    0.3807   -0.0853    0.9208
    0.9100    0.2113   -0.3566
...   133 A-T ...
  -21.7119   50.7838   10.3126
    0.0723    0.7339    0.6754
    0.3985   -0.6420    0.6550
    0.9143    0.2218   -0.3389
...   134 T-A ...
  -19.0084   52.0403    8.9384
    0.2450    0.2904    0.9250
    0.3072   -0.9282    0.2101
    0.9196    0.2327   -0.3167
...   135 G-C ...
  -16.4570   53.8981    7.5290
    0.5336   -0.3334    0.7773
    0.0348   -0.9096   -0.4140
    0.8450    0.2479   -0.4738
...   136 T-A ...
  -14.1682   56.5699    6.1948
    0.5795   -0.7269    0.3684
   -0.3140   -0.6163   -0.7222
    0.7521    0.3028   -0.5854
...   137 G-C ...
  -11.6469   58.0147    4.7336
    0.2454   -0.9541   -0.1717
   -0.6318   -0.0231   -0.7748
    0.7352    0.2986   -0.6085
...   138 A-T ...
   -8.6699   58.7290    3.6170
   -0.0344   -0.7815   -0.6230
   -0.6534    0.4892   -0.5777
    0.7562    0.3872   -0.5274
...   139 G-C ...
   -6.3212   59.0880    1.6440
   -0.2967   -0.3277   -0.8970
   -0.5657    0.8170   -0.1114
    0.7694    0.4744   -0.4278
...   140 C-G ...
   -3.4297   60.2438    1.0435
   -0.4424    0.2288   -0.8671
   -0.1682    0.9286    0.3309
    0.8809    0.2922   -0.3723
...   141 G-C ...
   -0.6894   63.9064   -2.2356
   -0.9992    0.0156   -0.0375
   -0.0024    0.8991    0.4378
    0.0405    0.4375   -0.8983
...   142 C-G ...
   -0.9980   65.6138   -4.9249
   -0.8337    0.5217    0.1810
    0.5169    0.6220    0.5881
    0.1942    0.5839   -0.7882
...   143 T-A ...
   -0.1245   66.2251   -7.8042
   -0.3751    0.8568    0.3538
    0.8856    0.2185    0.4098
    0.2739    0.4670   -0.8408
...   144 C-G ...
   -0.1581   67.4198  -10.7922
    0.1799    0.8792    0.4411
    0.9276   -0.3009    0.2214
    0.3274    0.3694   -0.8697
...   145 A-T ...
    0.5352   69.2488  -13.4514
    0.7352    0.4961    0.4620
    0.6117   -0.7791   -0.1369
    0.2921    0.3832   -0.8763
...   146 C-G ...
    1.4420   72.1065  -15.5859
    0.9808    0.0622    0.1849
    0.1266   -0.9240   -0.3608
    0.1484    0.3773   -0.9141
...   147 A-T ...
    2.3149   74.2411  -18.3714
    0.8657   -0.4292   -0.2574
   -0.4984   -0.7868   -0.3642
   -0.0462    0.4436   -0.8950
