  147 base-pairs
...     1 A-T ...
    0.0000    0.0000    0.0000
    1.0000    0.0000    0.0000
    0.0000    1.0000    0.0000
    0.0000    0.0000    1.0000
...     2 G-C ...
   -0.1394   -1.2357    3.2268
    0.7529    0.6366    0.1670
   -0.6386    0.7680   -0.0486
   -0.1592   -0.0700    0.9848
...     3 T-A ...
   -0.0365   -3.2932    6.3751
    0.2722    0.9301    0.2466
   -0.9238    0.3243   -0.2033
   -0.2691   -0.1725    0.9475
...     4 G-C ...
   -0.3505   -4.1660    9.4928
   -0.3756    0.9250    0.0579
   -0.8781   -0.3352   -0.3415
   -0.2965   -0.1791    0.9381
...     5 A-T ...
   -0.4462   -4.1476   12.7498
   -0.8116    0.5840   -0.0165
   -0.5523   -0.7762   -0.3042
   -0.1905   -0.2378    0.9524
...     6 G-C ...
   -1.5908   -4.1730   15.6201
   -0.9976    0.0246   -0.0651
   -0.0043   -0.9555   -0.2950
   -0.0695   -0.2940    0.9533
...     7 C-G ...
   -1.1030   -4.4824   18.7362
   -0.8441   -0.5304   -0.0787
    0.5345   -0.8441   -0.0432
   -0.0435   -0.0785    0.9960
...     8 G-C ...
   -2.4028   -7.7290   23.1475
   -0.2754   -0.3293   -0.9032
    0.6650   -0.7437    0.0684
   -0.6942   -0.5818    0.4238
...     9 C-G ...
   -4.4690   -9.9728   24.1132
    0.1145   -0.7025   -0.7024
    0.8512   -0.2952    0.4340
   -0.5122   -0.6476    0.5642
...    10 T-A ...
   -6.7405  -10.8752   25.9697
    0.4841   -0.8363   -0.2574
    0.6595    0.1553    0.7355
   -0.5751   -0.5258    0.6267
...    11 C-G ...
   -9.1656  -12.6208   27.1640
    0.7073   -0.6682    0.2307
    0.3448    0.6110    0.7126
   -0.6171   -0.4245    0.6626
...    12 A-T ...
  -10.9234  -14.6633   29.0693
    0.7515   -0.1377    0.6452
   -0.2029    0.8824    0.4246
   -0.6277   -0.4500    0.6352
...    13 C-G ...
  -11.8476  -17.4863   31.2451
    0.4295    0.2823    0.8578
   -0.5708    0.8209    0.0156
   -0.6998   -0.4963    0.5137
...    14 A-T ...
  -13.5897  -19.7827   33.4259
   -0.1504    0.6104    0.7777
   -0.6874    0.5008   -0.5260
   -0.7106   -0.6136    0.3443
...    15 A-T ...
  -15.7294  -21.8929   34.6896
   -0.5430    0.7757    0.3216
   -0.4520    0.0527   -0.8905
   -0.7077   -0.6289    0.3220
...    16 T-A ...
  -17.8104  -23.8422   36.3532
   -0.6984    0.6902   -0.1894
   -0.0977   -0.3541   -0.9301
   -0.7090   -0.6311    0.3147
...    17 T-A ...
  -20.1201  -25.7870   37.5519
   -0.6165    0.3575   -0.7015
    0.3342   -0.6880   -0.6442
   -0.7129   -0.6316    0.3047
...    18 T-A ...
  -22.5442  -27.6700   38.6107
   -0.2955   -0.1043   -0.9496
    0.6301   -0.7684   -0.1117
   -0.7181   -0.6314    0.2928
...    19 A-T ...
  -24.7705  -30.0417   39.5292
    0.1957   -0.5392   -0.8191
    0.6598   -0.5455    0.5168
   -0.7255   -0.6416    0.2490
...    20 T-A ...
  -27.5035  -31.8732   39.8176
    0.5099   -0.7447   -0.4306
    0.4577   -0.1890    0.8688
   -0.7284   -0.6400    0.2445
...    21 T-A ...
  -29.9571  -33.9528   40.3452
    0.6677   -0.7247    0.1701
    0.0673    0.2863    0.9558
   -0.7413   -0.6268    0.2399
...    22 C-G ...
  -32.3431  -36.1309   41.0604
    0.5798   -0.3922    0.7142
   -0.3603    0.6628    0.6564
   -0.7308   -0.6379    0.2429
...    23 G-C ...
  -34.9628  -37.9996   42.1181
    0.3221    0.1237    0.9386
   -0.6441    0.7552    0.1215
   -0.6938   -0.6437    0.3230
...    24 C-G ...
  -36.9690  -40.4356   43.2351
   -0.0685    0.5530    0.8304
   -0.7134    0.5547   -0.4282
   -0.6974   -0.6217    0.3565
...    25 A-T ...
  -39.4857  -42.4082   44.2616
   -0.4083    0.8298    0.3804
   -0.5465    0.1116   -0.8300
   -0.7312   -0.5468    0.4080
...    26 A-T ...
  -41.7743  -44.1396   45.7803
   -0.6423    0.7451   -0.1798
   -0.2054   -0.3934   -0.8961
   -0.7385   -0.5386    0.4057
...    27 A-T ...
  -44.1921  -45.7279   47.2515
   -0.6325    0.3826   -0.6735
    0.2023   -0.7577   -0.6204
   -0.7477   -0.5286    0.4019
...    28 G-C ...
  -46.8483  -47.2078   48.6051
   -0.3694   -0.0602   -0.9273
    0.4966   -0.8562   -0.1423
   -0.7854   -0.5131    0.3462
...    29 G-C ...
  -49.7282  -48.7636   49.4823
    0.0312   -0.4944   -0.8687
    0.5858   -0.6952    0.4166
   -0.8098   -0.5219    0.2679
...    30 C-G ...
  -52.6319  -50.3612   49.9710
    0.3792   -0.7859   -0.4885
    0.4481   -0.3059    0.8400
   -0.8096   -0.5374    0.2362
...    31 C-G ...
  -55.3786  -52.3153   50.4323
    0.6118   -0.7886    0.0616
    0.1338    0.1799    0.9745
   -0.7796   -0.5880    0.2156
...    32 G-C ...
  -57.9692  -54.1858   51.5555
    0.6364   -0.4839    0.6007
   -0.2584    0.6000    0.7571
   -0.7268   -0.6371    0.2568
...    33 G-C ...
  -60.3218  -56.5422   52.2568
    0.4349   -0.0124    0.9004
   -0.5714    0.7690    0.2866
   -0.6959   -0.6391    0.3274
...    34 C-G ...
  -62.3481  -58.9853   53.2967
    0.0782    0.4527    0.8882
   -0.7134    0.6477   -0.2673
   -0.6963   -0.6128    0.3736
...    35 C-G ...
  -64.4884  -61.1821   54.7361
   -0.2565    0.7959    0.5484
   -0.6459    0.2810   -0.7098
   -0.7190   -0.5363    0.4420
...    36 C-G ...
  -66.7949  -62.8926   56.5111
   -0.4921    0.8704    0.0154
   -0.4170   -0.2201   -0.8819
   -0.7642   -0.4404    0.4713
...    37 G-C ...
  -69.6226  -64.2979   57.7318
   -0.5395    0.6399   -0.5473
   -0.1113   -0.6985   -0.7069
   -0.8346   -0.3205    0.4480
...    38 A-T ...
  -72.4611  -65.1972   59.1423
   -0.4699    0.0995   -0.8771
    0.2077   -0.9533   -0.2194
   -0.8579   -0.2853    0.4273
...    39 C-G ...
  -75.5280  -65.5158   60.4249
   -0.2707   -0.4284   -0.8621
    0.4058   -0.8628    0.3014
   -0.8729   -0.2682    0.4074
...    40 A-T ...
  -78.3166  -66.7171   61.8349
    0.0695   -0.8485   -0.5247
    0.4559   -0.4408    0.7732
   -0.8873   -0.2929    0.3561
...    41 C-G ...
  -81.5165  -67.6038   62.4153
    0.3039   -0.9526   -0.0137
    0.3397    0.0949    0.9357
   -0.8901   -0.2890    0.3524
...    42 G-C ...
  -84.3907  -68.4080   64.0113
    0.5041   -0.6927    0.5158
    0.0993    0.6397    0.7622
   -0.8579   -0.3330    0.3913
...    43 A-T ...
  -87.2832  -69.5103   65.1675
    0.4810   -0.1549    0.8629
   -0.2076    0.9361    0.2838
   -0.8518   -0.3157    0.4182
...    44 C-G ...
  -89.8738  -71.1220   66.4801
    0.3282    0.3846    0.8628
   -0.4263    0.8754   -0.2280
   -0.8429   -0.2930    0.4513
...    45 T-A ...
  -92.4920  -72.2517   68.1858
    0.1250    0.8197    0.5590
   -0.5445    0.5277   -0.6520
   -0.8294   -0.2229    0.5123
...    46 T-A ...
  -95.0680  -72.9783   69.9976
   -0.1653    0.9844    0.0595
   -0.5271   -0.0372   -0.8490
   -0.8336   -0.1717    0.5250
...    47 A-T ...
  -97.9285  -73.3264   71.6995
   -0.3405    0.7879   -0.5130
   -0.3771   -0.6143   -0.6932
   -0.8613   -0.0426    0.5063
...    48 C-G ...
 -100.5843  -72.8532   73.6156
   -0.4579    0.3375   -0.8224
   -0.1702   -0.9413   -0.2916
   -0.8726    0.0064    0.4885
...    49 T-A ...
 -103.5533  -72.4486   75.0699
   -0.4413   -0.2380   -0.8652
    0.0569   -0.9697    0.2377
   -0.8955    0.0556    0.4415
...    50 G-C ...
 -106.5700  -72.6936   76.5138
   -0.2883   -0.7833   -0.5508
    0.2719   -0.6185    0.7372
   -0.9181    0.0628    0.3913
...    51 T-A ...
 -109.8448  -72.2686   77.2436
   -0.1047   -0.9935   -0.0449
    0.3868   -0.0822    0.9185
   -0.9162    0.0788    0.3929
...    52 A-T ...
 -112.6238  -71.5298   79.2072
    0.0944   -0.7516    0.6528
    0.4069    0.6276    0.6637
   -0.9086    0.2030    0.3651
...    53 G-C ...
 -115.7600  -71.0471   80.2828
    0.3466   -0.2831    0.8943
    0.3147    0.9332    0.1734
   -0.8837    0.2213    0.4125
...    54 G-C ...
 -118.8741  -70.4880   81.5361
    0.5485    0.2672    0.7923
    0.0902    0.9232   -0.3737
   -0.8313    0.2764    0.4822
...    55 T-A ...
 -121.5176  -70.0664   83.4691
    0.5649    0.6981    0.4399
   -0.2062    0.6356   -0.7440
   -0.7990    0.3296    0.5030
...    56 A-T ...
 -124.0165  -68.8299   85.3200
    0.4834    0.8627   -0.1485
   -0.5199    0.1464   -0.8416
   -0.7043    0.4840    0.5193
...    57 T-A ...
 -125.8227  -67.1635   87.4580
    0.1869    0.7946   -0.5777
   -0.7061   -0.3002   -0.6413
   -0.6830    0.5277    0.5050
...    58 C-G ...
 -127.9698  -65.1941   88.9418
   -0.2302    0.4314   -0.8723
   -0.7171   -0.6811   -0.1475
   -0.6578    0.5916    0.4662
...    59 T-A ...
 -129.9846  -62.8872   90.2341
   -0.5542   -0.0423   -0.8313
   -0.5221   -0.7601    0.3867
   -0.6483    0.6484    0.3992
...    60 C-G ...
 -132.2286  -60.6947   91.2944
   -0.7688   -0.4885   -0.4127
   -0.0980   -0.5476    0.8309
   -0.6319    0.6793    0.3731
...    61 G-C ...
 -134.4373  -58.7154   92.9407
   -0.6659   -0.7269    0.1678
    0.3588   -0.1149    0.9263
   -0.6541    0.6771    0.3373
...    62 A-T ...
 -136.6007  -56.3779   93.9146
   -0.3146   -0.6193    0.7193
    0.7111    0.3482    0.6108
   -0.6288    0.7037    0.3308
...    63 G-C ...
 -138.8886  -54.1180   94.8639
    0.1571   -0.3391    0.9276
    0.7894    0.6074    0.0884
   -0.5934    0.7184    0.3631
...    64 C-G ...
 -141.1905  -51.9374   95.9547
    0.6043    0.0237    0.7964
    0.5858    0.6643   -0.4643
   -0.5400    0.7471    0.3876
...    65 T-A ...
 -143.0161  -49.6025   97.4552
    0.8744    0.3022    0.3795
    0.1733    0.5362   -0.8261
   -0.4532    0.7881    0.4165
...    66 C-G ...
 -144.4574  -47.0239   98.8520
    0.8483    0.4831   -0.2169
   -0.3760    0.2609   -0.8891
   -0.3729    0.8358    0.4030
...    67 G-C ...
 -145.5696  -43.9938   99.8460
    0.5569    0.3815   -0.7378
   -0.8012    0.0126   -0.5983
   -0.2190    0.9243    0.3127
...    68 T-A ...
 -145.5963  -40.8979  100.9034
    0.0615    0.2719   -0.9604
   -0.9824   -0.1536   -0.1064
   -0.1764    0.9500    0.2576
...    69 C-G ...
 -146.0968  -37.6900  101.3993
   -0.5335    0.0982   -0.8401
   -0.8342   -0.2249    0.5034
   -0.1395    0.9694    0.2019
...    70 A-T ...
 -146.8751  -34.4988  102.0499
   -0.9212   -0.0951   -0.3774
   -0.3581   -0.1725    0.9176
   -0.1524    0.9804    0.1249
...    71 T-A ...
 -147.2472  -31.1924  101.7445
   -0.9767   -0.1212    0.1769
    0.1889   -0.0953    0.9774
   -0.1016    0.9880    0.1160
...    72 G-C ...
 -147.3899  -27.9474  102.5118
   -0.6473   -0.1543    0.7465
    0.7552    0.0031    0.6555
   -0.1034    0.9880    0.1145
...    73 T-A ...
 -148.2451  -24.6692  102.5452
   -0.1234   -0.1181    0.9853
    0.9897    0.0584    0.1310
   -0.0730    0.9913    0.1097
...    74 T-A ...
 -148.7184  -21.4513  102.7980
    0.4904   -0.0388    0.8706
    0.8703    0.0754   -0.4868
   -0.0467    0.9964    0.0708
...    75 A-T ...
 -148.6915  -18.0804  102.7766
    0.9252   -0.0638    0.3740
    0.3778    0.0629   -0.9238
    0.0355    0.9960    0.0823
...    76 T-A ...
 -148.6015  -14.9424  103.6686
    0.9859   -0.0682   -0.1525
   -0.1466    0.0845   -0.9856
    0.0801    0.9941    0.0733
...    77 A-T ...
 -147.9644  -11.6668  103.9195
    0.7005   -0.1904   -0.6878
   -0.6686    0.1618   -0.7258
    0.2495    0.9683   -0.0140
...    78 A-T ...
 -146.9094   -8.6165  103.8326
    0.1769   -0.1168   -0.9773
   -0.9389    0.2780   -0.2032
    0.2954    0.9535   -0.0605
...    79 C-G ...
 -145.2932   -5.7506  103.4237
   -0.3659    0.0149   -0.9305
   -0.8726    0.3422    0.3486
    0.3236    0.9395   -0.1122
...    80 G-C ...
 -144.6987   -2.4545  102.8031
   -0.8280    0.1538   -0.5392
   -0.4592    0.3659    0.8095
    0.3218    0.9179   -0.2324
...    81 G-C ...
 -143.7759    0.6103  101.6079
   -0.9499    0.3108    0.0342
    0.1177    0.2540    0.9600
    0.2897    0.9159   -0.2778
...    82 A-T ...
 -142.8106    3.6204  100.5435
   -0.6568    0.4280    0.6208
    0.6864   -0.0015    0.7272
    0.3122    0.9038   -0.2928
...    83 G-C ...
 -141.9499    6.6468   99.3548
   -0.1553    0.3370    0.9286
    0.9307   -0.2652    0.2519
    0.3312    0.9034   -0.2725
...    84 G-C ...
 -140.9700    9.7011   98.2121
    0.3866    0.0630    0.9201
    0.8377   -0.4414   -0.3217
    0.3859    0.8951   -0.2234
...    85 A-T ...
 -139.7907   12.6577   97.3632
    0.7964   -0.2590    0.5465
    0.4202   -0.4129   -0.8080
    0.4350    0.8732   -0.2200
...    86 T-A ...
 -138.4865   15.6610   97.2509
    0.8850   -0.4618    0.0587
   -0.0530   -0.2253   -0.9728
    0.4625    0.8579   -0.2239
...    87 C-G ...
 -136.8595   18.4138   96.5347
    0.6415   -0.5675   -0.5162
   -0.5621    0.1102   -0.8197
    0.5220    0.8160   -0.2483
...    88 C-G ...
 -134.7181   20.8751   95.6616
    0.1582   -0.4965   -0.8535
   -0.7928    0.4514   -0.4095
    0.5886    0.7414   -0.3222
...    89 G-C ...
 -132.9687   23.3363   94.0864
   -0.3965   -0.2259   -0.8898
   -0.6830    0.7202    0.1215
    0.6134    0.6560   -0.4398
...    90 C-G ...
 -130.8121   25.1224   92.2304
   -0.7318    0.2055   -0.6498
   -0.3086    0.7502    0.5848
    0.6076    0.6285   -0.4856
...    91 T-A ...
 -128.8523   27.0153   90.2658
   -0.7912    0.5795   -0.1956
    0.1830    0.5294    0.8284
    0.5836    0.6196   -0.5249
...    92 T-A ...
 -126.9978   28.8505   88.2846
   -0.4792    0.8188    0.3159
    0.6190    0.0602    0.7830
    0.6222    0.5708   -0.5357
...    93 T-A ...
 -125.1359   30.6491   86.2785
    0.0318    0.7170    0.6963
    0.7677   -0.4637    0.4424
    0.6400    0.5205   -0.5652
...    94 A-T ...
 -122.4967   31.7525   84.3083
    0.5885    0.2281    0.7756
    0.5048   -0.8531   -0.1321
    0.6315    0.4693   -0.6172
...    95 A-T ...
 -120.5314   33.4477   82.3401
    0.7778   -0.3257    0.5375
    0.0388   -0.8287   -0.5583
    0.6273    0.4551   -0.6319
...    96 C-G ...
 -118.3577   35.3460   80.6966
    0.6467   -0.7439    0.1684
   -0.3926   -0.5139   -0.7627
    0.6539    0.4272   -0.6244
...    97 A-T ...
 -116.2545   36.5840   78.3637
    0.2085   -0.9457   -0.2492
   -0.6814    0.0424   -0.7307
    0.7016    0.3222   -0.6356
...    98 C-G ...
 -113.5065   37.3435   76.6589
   -0.2256   -0.7818   -0.5813
   -0.6706    0.5575   -0.4895
    0.7067    0.2794   -0.6500
...    99 T-A ...
 -111.0419   37.8888   74.4639
   -0.6052   -0.3541   -0.7130
   -0.4015    0.9091   -0.1107
    0.6874    0.2193   -0.6924
...   100 T-A ...
 -108.7606   38.3447   72.1807
   -0.7157    0.2619   -0.6474
    0.0452    0.9424    0.3314
    0.6969    0.2079   -0.6864
...   101 T-A ...
 -106.5392   38.7683   69.8245
   -0.5232    0.7818   -0.3392
    0.4670    0.5960    0.6532
    0.7129    0.1833   -0.6769
...   102 A-T ...
 -103.7053   39.4450   67.9780
   -0.0222    0.9871    0.1584
    0.6865   -0.1001    0.7202
    0.7268    0.1247   -0.6754
...   103 T-A ...
 -101.8084   40.0458   65.3163
    0.3613    0.7853    0.5027
    0.5877   -0.6103    0.5311
    0.7239    0.1035   -0.6821
...   104 G-C ...
  -99.1829   40.1241   63.2119
    0.5961    0.2427    0.7653
    0.2538   -0.9613    0.1072
    0.7617    0.1303   -0.6347
...   105 C-G ...
  -96.6906   40.9524   61.1296
    0.6031   -0.3537    0.7150
   -0.1341   -0.9285   -0.3462
    0.7863    0.1129   -0.6074
...   106 T-A ...
  -93.9274   41.4682   59.3246
    0.3752   -0.8169    0.4381
   -0.4364   -0.5727   -0.6940
    0.8178    0.0692   -0.5713
...   107 T-A ...
  -91.1661   41.7445   57.6314
    0.0368   -0.9979   -0.0527
   -0.5747    0.0220   -0.8180
    0.8175    0.0604   -0.5727
...   108 C-G ...
  -88.4409   41.8007   55.7688
   -0.3501   -0.7788   -0.5206
   -0.4637    0.6269   -0.6260
    0.8139    0.0223   -0.5806
...   109 C-G ...
  -85.7073   41.4764   53.7739
   -0.6125   -0.2825   -0.7383
   -0.1511    0.9586   -0.2414
    0.7759   -0.0363   -0.6298
...   110 G-C ...
  -83.2229   41.7055   51.4548
   -0.6520    0.3398   -0.6778
    0.2711    0.9393    0.2101
    0.7080   -0.0468   -0.7046
...   111 G-C ...
  -81.0343   41.3747   48.8623
   -0.4274    0.8180   -0.3850
    0.6118    0.5752    0.5430
    0.6656   -0.0034   -0.7463
...   112 C-G ...
  -79.1376   41.2572   46.0904
   -0.0252    0.9995    0.0207
    0.7520    0.0053    0.6592
    0.6587    0.0322   -0.7517
...   113 T-A ...
  -77.1560   41.5272   43.4013
    0.3658    0.8279    0.4251
    0.6493   -0.5543    0.5208
    0.6668    0.0855   -0.7403
...   114 C-G ...
  -74.9723   41.8744   40.9380
    0.6681    0.3100    0.6764
    0.2908   -0.9455    0.1462
    0.6849    0.0990   -0.7219
...   115 G-C ...
  -72.5160   41.7741   38.5739
    0.6370   -0.3155    0.7034
   -0.1355   -0.9440   -0.3007
    0.7589    0.0962   -0.6441
...   116 T-A ...
  -69.7969   42.5541   36.8110
    0.4367   -0.7840    0.4412
   -0.4570   -0.6158   -0.6418
    0.7749    0.0786   -0.6272
...   117 A-T ...
  -67.4749   42.6239   34.2925
    0.0299   -0.9947   -0.0987
   -0.6276    0.0582   -0.7764
    0.7780    0.0851   -0.6225
...   118 T-A ...
  -64.5375   42.6636   32.7636
   -0.2980   -0.8130   -0.5002
   -0.5479    0.5748   -0.6078
    0.7817    0.0930   -0.6167
...   119 A-T ...
  -62.1064   43.4476   30.4646
   -0.5597   -0.2106   -0.8015
   -0.2120    0.9714   -0.1071
    0.8011    0.1100   -0.5883
...   120 A-T ...
  -59.4750   43.5422   28.5314
   -0.5508    0.4186   -0.7221
    0.1570    0.9016    0.4030
    0.8197    0.1086   -0.5623
...   121 T-A ...
  -57.0054   43.3630   26.3228
   -0.3749    0.8333   -0.4062
    0.4179    0.5430    0.7283
    0.8275    0.1033   -0.5519
...   122 G-C ...
  -54.1256   43.8866   24.6609
   -0.1184    0.9800    0.1601
    0.5706   -0.0648    0.8186
    0.8126    0.1883   -0.5515
...   123 T-A ...
  -51.8249   44.7281   22.3953
    0.1830    0.7783    0.6006
    0.5403   -0.5900    0.6000
    0.8214    0.2147   -0.5285
...   124 G-C ...
  -48.8916   45.3434   20.8537
    0.3779    0.2498    0.8915
    0.3497   -0.9301    0.1124
    0.8573    0.2693   -0.4388
...   125 T-A ...
  -46.2084   46.8179   19.5805
    0.4714   -0.3072    0.8267
    0.0981   -0.9133   -0.3953
    0.8765    0.2674   -0.4004
...   126 C-G ...
  -43.2501   47.6760   18.4054
    0.4031   -0.8091    0.4275
   -0.1858   -0.5298   -0.8275
    0.8961    0.2542   -0.3639
...   127 G-C ...
  -40.2348   48.1192   16.8709
    0.1394   -0.9836   -0.1146
   -0.3287    0.0633   -0.9423
    0.9341    0.1690   -0.3145
...   128 A-T ...
  -37.0923   48.5457   15.8801
   -0.0977   -0.7327   -0.6735
   -0.3258    0.6630   -0.6740
    0.9404    0.1536   -0.3034
...   129 C-G ...
  -33.8046   48.4691   15.1326
   -0.2617   -0.2417   -0.9344
   -0.2088    0.9594   -0.1897
    0.9423    0.1455   -0.3015
...   130 C-G ...
  -30.5980   48.6951   13.9898
   -0.3810    0.3501   -0.8557
   -0.0092    0.9240    0.3822
    0.9245    0.1535   -0.3488
...   131 A-T ...
  -27.4587   49.4444   13.0477
   -0.3699    0.8287   -0.4200
    0.2221    0.5178    0.8262
    0.9022    0.2123   -0.3756
...   132 A-T ...
  -24.5848   50.0416   11.6349
   -0.1634    0.9746    0.1528
    0.3809   -0.0806    0.9211
    0.9101    0.2087   -0.3580
...   133 A-T ...
  -21.7128   50.7881   10.3143
    0.0725    0.7354    0.6737
    0.3985   -0.6406    0.6564
    0.9143    0.2209   -0.3395
...   134 T-A ...
  -19.0083   52.0402    8.9385
    0.2450    0.2904    0.9250
    0.3072   -0.9282    0.2101
    0.9196    0.2327   -0.3167
...   135 G-C ...
  -16.4569   53.8980    7.5291
    0.5336   -0.3334    0.7773
    0.0348   -0.9096   -0.4140
    0.8450    0.2479   -0.4738
...   136 T-A ...
  -14.1681   56.5698    6.1950
    0.5795   -0.7269    0.3684
   -0.3140   -0.6163   -0.7222
    0.7521    0.3028   -0.5854
...   137 G-C ...
  -11.6468   58.0147    4.7338
    0.2454   -0.9541   -0.1717
   -0.6318   -0.0231   -0.7748
    0.7352    0.2986   -0.6085
...   138 A-T ...
   -8.6698   58.7289    3.6171
   -0.0344   -0.7815   -0.6230
   -0.6534    0.4892   -0.5777
    0.7562    0.3872   -0.5274
...   139 G-C ...
   -6.3211   59.0880    1.6441
   -0.2967   -0.3277   -0.8970
   -0.5657    0.8170   -0.1114
    0.7694    0.4744   -0.4278
...   140 C-G ...
   -3.4296   60.2437    1.0436
   -0.4424    0.2288   -0.8671
   -0.1682    0.9286    0.3309
    0.8809    0.2922   -0.3723
...   141 G-C ...
   -0.6893   63.9063   -2.2355
   -0.9992    0.0156   -0.0375
   -0.0024    0.8991    0.4378
    0.0405    0.4375   -0.8983
...   142 C-G ...
   -0.9979   65.6137   -4.9248
   -0.8337    0.5217    0.1810
    0.5169    0.6220    0.5881
    0.1942    0.5839   -0.7882
...   143 T-A ...
   -0.1244   66.2250   -7.8040
   -0.3751    0.8568    0.3538
    0.8856    0.2185    0.4098
    0.2739    0.4670   -0.8408
...   144 C-G ...
   -0.1580   67.4197  -10.7920
    0.1799    0.8792    0.4411
    0.9276   -0.3009    0.2214
    0.3274    0.3694   -0.8697
...   145 A-T ...
    0.5353   69.2487  -13.4512
    0.7352    0.4961    0.4620
    0.6117   -0.7791   -0.1369
    0.2921    0.3832   -0.8763
...   146 C-G ...
    1.4421   72.1064  -15.5857
    0.9808    0.0622    0.1849
    0.1266   -0.9240   -0.3608
    0.1484    0.3773   -0.9141
...   147 A-T ...
    2.3150   74.2411  -18.3713
    0.8657   -0.4292   -0.2574
   -0.4984   -0.7868   -0.3642
   -0.0462    0.4436   -0.8950
