  147 base-pairs
...     1 A-T ...
    0.0000    0.0000    0.0000
    1.0000    0.0000    0.0000
    0.0000    1.0000    0.0000
    0.0000    0.0000    1.0000
...     2 G-C ...
   -0.1394   -1.2357    3.2268
    0.7529    0.6366    0.1670
   -0.6386    0.7680   -0.0486
   -0.1592   -0.0700    0.9848
...     3 T-A ...
   -0.0365   -3.2932    6.3751
    0.2722    0.9301    0.2466
   -0.9238    0.3243   -0.2033
   -0.2691   -0.1725    0.9475
...     4 G-C ...
   -0.3505   -4.1660    9.4928
   -0.3756    0.9250    0.0579
   -0.8781   -0.3352   -0.3415
   -0.2965   -0.1791    0.9381
...     5 A-T ...
   -0.4462   -4.1476   12.7498
   -0.8116    0.5840   -0.0165
   -0.5523   -0.7762   -0.3042
   -0.1905   -0.2378    0.9524
...     6 G-C ...
   -1.5908   -4.1730   15.6201
   -0.9976    0.0246   -0.0651
   -0.0043   -0.9555   -0.2950
   -0.0695   -0.2940    0.9533
...     7 C-G ...
   -1.1030   -4.4824   18.7362
   -0.8441   -0.5304   -0.0787
    0.5345   -0.8441   -0.0432
   -0.0435   -0.0785    0.9960
...     8 G-C ...
   -2.4028   -7.7290   23.1475
   -0.2754   -0.3293   -0.9032
    0.6650   -0.7437    0.0684
   -0.6942   -0.5818    0.4238
...     9 C-G ...
   -4.4690   -9.9728   24.1132
    0.1145   -0.7025   -0.7024
    0.8512   -0.2952    0.4340
   -0.5122   -0.6476    0.5642
...    10 T-A ...
   -6.7405  -10.8752   25.9697
    0.4841   -0.8363   -0.2574
    0.6595    0.1553    0.7355
   -0.5751   -0.5258    0.6267
...    11 C-G ...
   -9.1656  -12.6208   27.1640
    0.7073   -0.6682    0.2307
    0.3448    0.6110    0.7126
   -0.6171   -0.4245    0.6626
...    12 A-T ...
  -10.9234  -14.6633   29.0693
    0.7515   -0.1377    0.6452
   -0.2029    0.8824    0.4246
   -0.6277   -0.4500    0.6352
...    13 C-G ...
  -11.8476  -17.4863   31.2451
    0.4295    0.2823    0.8578
   -0.5708    0.8209    0.0156
   -0.6998   -0.4963    0.5137
...    14 A-T ...
  -13.5897  -19.7827   33.4259
   -0.1504    0.6104    0.7777
   -0.6874    0.5008   -0.5260
   -0.7106   -0.6136    0.3443
...    15 A-T ...
  -15.8338  -21.8184   34.6130
   -0.5422    0.7858    0.2975
   -0.4482    0.0289   -0.8934
   -0.7107   -0.6178    0.3365
...    16 T-A ...
  -17.9377  -23.8038   36.4107
   -0.7329    0.6367   -0.2397
   -0.0533   -0.4049   -0.9128
   -0.6783   -0.6562    0.3306
...    17 T-A ...
  -20.1552  -25.7821   37.8116
   -0.6450    0.2327   -0.7279
    0.4152   -0.6929   -0.5895
   -0.6415   -0.6824    0.3503
...    18 T-A ...
  -22.3659  -27.8899   39.0351
   -0.2728   -0.2297   -0.9342
    0.7231   -0.6895   -0.0416
   -0.6346   -0.6869    0.3542
...    19 A-T ...
  -24.2318  -30.5048   40.3937
    0.2831   -0.6628   -0.6932
    0.7213   -0.3292    0.6094
   -0.6321   -0.6725    0.3849
...    20 T-A ...
  -26.7286  -32.5853   41.1502
    0.6207   -0.7479   -0.2351
    0.4547    0.0991    0.8851
   -0.6387   -0.6563    0.4016
...    21 T-A ...
  -28.8670  -34.7963   42.2206
    0.7490   -0.5503    0.3690
   -0.0281    0.5301    0.8475
   -0.6620   -0.6451    0.3816
...    22 C-G ...
  -31.0161  -36.9467   43.5334
    0.5879   -0.0941    0.8034
   -0.4930    0.7457    0.4481
   -0.6413   -0.6596    0.3920
...    23 G-C ...
  -33.4609  -38.7006   45.1414
    0.2993    0.4425    0.8453
   -0.7603    0.6460   -0.0690
   -0.5766   -0.6220    0.5298
...    24 C-G ...
  -35.0347  -40.9819   46.9394
   -0.1192    0.7539    0.6461
   -0.8004    0.3121   -0.5119
   -0.5876   -0.5781    0.5662
...    25 A-T ...
  -37.4581  -42.9159   48.3249
   -0.5553    0.8173    0.1541
   -0.5558   -0.2269   -0.7997
   -0.6186   -0.5297    0.5803
...    26 A-T ...
  -39.4971  -44.5549   50.3166
   -0.7733    0.5217   -0.3605
   -0.1178   -0.6768   -0.7267
   -0.6231   -0.5194    0.5848
...    27 A-T ...
  -41.4986  -46.0351   52.4423
   -0.7005   -0.0020   -0.7136
    0.3789   -0.8484   -0.3696
   -0.6047   -0.5293    0.5951
...    28 G-C ...
  -43.8410  -47.4886   54.4363
   -0.3411   -0.4571   -0.8214
    0.6964   -0.7099    0.1059
   -0.6315   -0.5359    0.5604
...    29 G-C ...
  -46.2335  -49.2881   56.1733
    0.1793   -0.7731   -0.6085
    0.7500   -0.2929    0.5931
   -0.6367   -0.5627    0.5273
...    30 C-G ...
  -48.5066  -51.2181   57.6148
    0.6039   -0.7803   -0.1626
    0.4945    0.2068    0.8442
   -0.6251   -0.5902    0.5107
...    31 C-G ...
  -50.8122  -53.1807   59.1579
    0.8109   -0.4851    0.3272
    0.0540    0.6188    0.7837
   -0.5827   -0.6178    0.5280
...    32 G-C ...
  -52.6997  -54.8159   61.0698
    0.7639   -0.0054    0.6453
   -0.3988    0.7822    0.4786
   -0.5074   -0.6230    0.5953
...    33 G-C ...
  -54.1895  -56.9987   63.1537
    0.4336    0.4973    0.7515
   -0.7657    0.6430    0.0163
   -0.4750   -0.5825    0.6596
...    34 C-G ...
  -55.4456  -59.1377   65.3486
   -0.0521    0.8158    0.5759
   -0.8751    0.2406   -0.4200
   -0.4812   -0.5259    0.7014
...    35 C-G ...
  -56.8826  -60.6078   68.0815
   -0.4954    0.8531    0.1637
   -0.7028   -0.2829   -0.6527
   -0.5105   -0.4384    0.7397
...    36 C-G ...
  -58.6459  -61.7757   70.7179
   -0.7827    0.5456   -0.2993
   -0.3130   -0.7608   -0.5685
   -0.5379   -0.3513    0.7663
...    37 G-C ...
  -60.5054  -63.8044   72.8415
   -0.7848    0.0150   -0.6195
    0.1891   -0.9462   -0.2624
   -0.5901   -0.3231    0.7398
...    38 A-T ...
  -62.4772  -64.7896   75.1907
   -0.5130   -0.5699   -0.6419
    0.6210   -0.7627    0.1809
   -0.5927   -0.3058    0.7451
...    39 C-G ...
  -64.8402  -65.5985   77.2651
   -0.0829   -0.8901   -0.4482
    0.7862   -0.3348    0.5194
   -0.6124   -0.3094    0.7275
...    40 A-T ...
  -66.8599  -66.8299   79.7250
    0.4442   -0.8957   -0.0199
    0.6638    0.3142    0.6787
   -0.6016   -0.3147    0.7342
...    41 C-G ...
  -69.0072  -68.2966   81.8712
    0.7387   -0.5778    0.3471
    0.3170    0.7523    0.5776
   -0.5949   -0.3166    0.7388
...    42 G-C ...
  -70.9824  -68.7753   84.5135
    0.8069    0.0281    0.5901
   -0.1863    0.9600    0.2090
   -0.5606   -0.2785    0.7799
...    43 A-T ...
  -72.9455  -69.7213   86.8270
    0.5445    0.6014    0.5847
   -0.6084    0.7630   -0.2183
   -0.5774   -0.2369    0.7813
...    44 C-G ...
  -74.3818  -70.9590   89.5151
    0.1705    0.9365    0.3065
   -0.8166    0.3084   -0.4880
   -0.5515   -0.1671    0.8173
...    45 T-A ...
  -75.9200  -71.3945   92.6875
   -0.2846    0.9459   -0.1558
   -0.7669   -0.3221   -0.5551
   -0.5753   -0.0385    0.8171
...    46 T-A ...
  -77.8274  -71.3828   95.2170
   -0.6143    0.6159   -0.4932
   -0.5023   -0.7873   -0.3576
   -0.6085    0.0280    0.7930
...    47 A-T ...
  -80.1247  -71.3819   97.6731
   -0.7546   -0.0195   -0.6559
   -0.0391   -0.9964    0.0747
   -0.6550    0.0820    0.7511
...    48 C-G ...
  -82.6132  -70.4787   99.7823
   -0.6454   -0.5672   -0.5116
    0.3523   -0.8153    0.4595
   -0.6777    0.1163    0.7260
...    49 T-A ...
  -85.2345  -69.8736  101.8713
   -0.3061   -0.9294   -0.2064
    0.6126   -0.3582    0.7046
   -0.7288    0.0892    0.6789
...    50 G-C ...
  -87.5171  -69.6710  104.2906
    0.1534   -0.9540    0.2577
    0.6702    0.2921    0.6823
   -0.7261    0.0681    0.6842
...    51 T-A ...
  -90.1032  -69.8307  106.2435
    0.4864   -0.6144    0.6213
    0.4701    0.7834    0.4066
   -0.7365    0.0943    0.6698
...    52 A-T ...
  -92.4643  -68.1721  108.4455
    0.6007    0.1469    0.7859
    0.0383    0.9765   -0.2119
   -0.7986    0.1574    0.5810
...    53 G-C ...
  -95.2574  -67.6609  110.1578
    0.6051    0.6415    0.4715
   -0.2758    0.7245   -0.6317
   -0.7469    0.2522    0.6153
...    54 G-C ...
  -97.5370  -66.9282  112.7561
    0.4163    0.9066   -0.0693
   -0.5876    0.2101   -0.7814
   -0.6939    0.3660    0.6202
...    55 T-A ...
  -99.4326  -65.6380  115.0147
    0.0875    0.8528   -0.5148
   -0.7242   -0.3004   -0.6208
   -0.6840    0.4271    0.5913
...    56 A-T ...
 -101.4116  -63.6740  117.0640
   -0.2547    0.4386   -0.8618
   -0.6787   -0.7159   -0.1638
   -0.6888    0.5433    0.4800
...    57 T-A ...
 -103.2125  -61.3851  118.5115
   -0.5560   -0.0364   -0.8304
   -0.4583   -0.8200    0.3428
   -0.6934    0.5712    0.4392
...    58 C-G ...
 -105.6640  -59.2910  119.7625
   -0.7016   -0.5793   -0.4149
   -0.0126   -0.5720    0.8201
   -0.7124    0.5807    0.3940
...    59 T-A ...
 -108.2825  -57.4116  120.7292
   -0.5664   -0.8138    0.1300
    0.3658   -0.1069    0.9245
   -0.7385    0.5712    0.3582
...    60 C-G ...
 -110.6346  -55.5377  122.1942
   -0.2259   -0.6601    0.7164
    0.6316    0.4606    0.6236
   -0.7416    0.5934    0.3129
...    61 G-C ...
 -112.4852  -52.9964  123.4229
    0.2038   -0.2234    0.9532
    0.6627    0.7481    0.0337
   -0.7206    0.6249    0.3005
...    62 A-T ...
 -114.6384  -50.5308  123.8774
    0.5974    0.2887    0.7481
    0.4380    0.6640   -0.6060
   -0.6717    0.6897    0.2702
...    63 G-C ...
 -116.8667  -48.2292  124.7258
    0.7737    0.5789    0.2573
    0.0548    0.3435   -0.9376
   -0.6312    0.7395    0.2340
...    64 C-G ...
 -118.9553  -45.8157  125.9759
    0.6937    0.6228   -0.3618
   -0.4060   -0.0769   -0.9107
   -0.5950    0.7786    0.1995
...    65 T-A ...
 -120.7561  -43.1123  126.7825
    0.4262    0.3862   -0.8181
   -0.7312   -0.3854   -0.5629
   -0.5326    0.8381    0.1181
...    66 C-G ...
 -122.5338  -40.3326  126.8008
   -0.0566    0.0276   -0.9980
   -0.8847   -0.4646    0.0373
   -0.4626    0.8851    0.0507
...    67 G-C ...
 -124.8972  -37.8016  126.5725
   -0.5269   -0.3107   -0.7911
   -0.7341   -0.3026    0.6079
   -0.4282    0.9011   -0.0686
...    68 G-C ...
 -126.3723  -34.7863  125.7457
   -0.8375   -0.4711   -0.2769
   -0.3114   -0.0049    0.9503
   -0.4490    0.8821   -0.1426
...    69 G-C ...
 -128.2239  -32.0685  124.9316
   -0.8337   -0.4386    0.3356
    0.1946    0.3354    0.9217
   -0.5168    0.8338   -0.1943
...    70 A-T ...
 -130.0475  -29.3550  123.9086
   -0.5438   -0.0702    0.8363
    0.6862    0.5364    0.4913
   -0.4831    0.8410   -0.2435
...    71 T-A ...
 -132.0976  -26.9262  122.9284
   -0.0856    0.2489    0.9647
    0.8762    0.4798   -0.0460
   -0.4743    0.8413   -0.2592
...    72 C-G ...
 -133.9503  -24.1913  122.0820
    0.4786    0.5243    0.7043
    0.7476    0.1773   -0.6400
   -0.4604    0.8329   -0.3071
...    73 C-G ...
 -135.6689  -21.6372  120.8163
    0.8653    0.4200    0.2735
    0.3719   -0.1724   -0.9121
   -0.3360    0.8910   -0.3054
...    74 G-C ...
 -136.5820  -18.7651  119.2992
    0.9593    0.1132   -0.2587
   -0.1981   -0.3828   -0.9023
   -0.2011    0.9169   -0.3448
...    75 C-G ...
 -137.0778  -15.4305  118.5169
    0.6739   -0.1687   -0.7193
   -0.7160   -0.3890   -0.5797
   -0.1820    0.9057   -0.3829
...    76 T-A ...
 -137.1795  -12.2300  117.1442
    0.1398   -0.4171   -0.8980
   -0.9818   -0.1760   -0.0711
   -0.1284    0.8917   -0.4341
...    77 T-A ...
 -137.2861   -9.3703  115.5706
   -0.4688   -0.4448   -0.7631
   -0.8766    0.1278    0.4640
   -0.1089    0.8865   -0.4498
...    78 T-A ...
 -137.5297   -6.5684  113.9069
   -0.8931   -0.2871   -0.3464
   -0.4381    0.3795    0.8149
   -0.1025    0.8795   -0.4647
...    79 A-T ...
 -137.8489   -3.3606  112.5117
   -0.9466    0.1489    0.2860
    0.3223    0.4683    0.8227
   -0.0114    0.8710   -0.4912
...    80 T-A ...
 -138.1708   -0.9212  110.2644
   -0.6141    0.4366    0.6574
    0.7884    0.3012    0.5364
    0.0362    0.8477   -0.5292
...    81 C-G ...
 -138.1272    1.8342  108.3725
    0.0377    0.5313    0.8464
    0.9973   -0.0730    0.0014
    0.0625    0.8440   -0.5326
...    82 A-T ...
 -137.3284    4.2543  106.0488
    0.6235    0.3043    0.7202
    0.7673   -0.4150   -0.4890
    0.1501    0.8574   -0.4922
...    83 T-A ...
 -137.1022    7.2608  104.7695
    0.9233    0.0121    0.3838
    0.3341   -0.5178   -0.7875
    0.1892    0.8554   -0.4822
...    84 G-C ...
 -136.3318   10.2598  103.1006
    0.9081   -0.4055   -0.1041
   -0.2903   -0.4307   -0.8546
    0.3017    0.8063   -0.5088
...    85 T-A ...
 -134.9289   13.0542  101.9186
    0.6029   -0.6027   -0.5227
   -0.7273   -0.1458   -0.6707
    0.3280    0.7845   -0.5263
...    86 T-A ...
 -133.6538   15.4010  100.2429
    0.0786   -0.6453   -0.7599
   -0.9306    0.2259   -0.2881
    0.3575    0.7298   -0.5828
...    87 A-T ...
 -132.6380   17.7651   98.0835
   -0.5193   -0.4380   -0.7338
   -0.7775    0.5986    0.1929
    0.3547    0.6707   -0.6514
...    88 T-A ...
 -131.0664   19.3639   95.6958
   -0.8437   -0.0599   -0.5334
   -0.3884    0.7541    0.5296
    0.3705    0.6540   -0.6595
...    89 A-T ...
 -129.7610   21.7415   93.5660
   -0.8689    0.4875   -0.0858
    0.2734    0.6171    0.7379
    0.4126    0.6177   -0.6694
...    90 A-T ...
 -128.4955   23.5875   91.2244
   -0.5115    0.7907    0.3364
    0.7325    0.1966    0.6518
    0.4493    0.5798   -0.6797
...    91 C-G ...
 -127.5021   25.4668   88.4697
    0.0145    0.7842    0.6203
    0.8837   -0.3003    0.3591
    0.4679    0.5429   -0.6974
...    92 G-C ...
 -125.7076   27.1295   86.2868
    0.5297    0.4123    0.7412
    0.6829   -0.7257   -0.0844
    0.5031    0.5509   -0.6659
...    93 G-C ...
 -124.1372   29.0730   84.1160
    0.7648   -0.0922    0.6376
    0.2918   -0.8329   -0.4703
    0.5744    0.5458   -0.6101
...    94 A-T ...
 -122.2702   31.0226   82.1764
    0.7549   -0.5931    0.2799
   -0.2115   -0.6241   -0.7522
    0.6208    0.5086   -0.5966
...    95 A-T ...
 -120.1646   32.6940   80.3484
    0.4742   -0.8615   -0.1816
   -0.6025   -0.1672   -0.7804
    0.6419    0.4795   -0.5984
...    96 C-G ...
 -117.5621   34.1473   78.8177
    0.0628   -0.8337   -0.5487
   -0.7574    0.3182   -0.5701
    0.6499    0.4514   -0.6115
...    97 A-T ...
 -115.3353   35.3757   76.5912
   -0.4490   -0.5399   -0.7119
   -0.6265    0.7584   -0.1800
    0.6371    0.3652   -0.6788
...    98 C-G ...
 -113.0664   35.8849   74.1409
   -0.7293   -0.0632   -0.6813
   -0.2737    0.9395    0.2058
    0.6270    0.3366   -0.7025
...    99 T-A ...
 -110.9004   36.4135   71.2752
   -0.7679    0.4818   -0.4222
    0.2106    0.8123    0.5439
    0.6050    0.3287   -0.7252
...   100 T-A ...
 -109.0724   37.2054   68.6725
   -0.4564    0.8879   -0.0581
    0.6257    0.3667    0.6885
    0.6326    0.2778   -0.7229
...   101 T-A ...
 -107.2130   37.9595   66.0703
    0.0241    0.9462    0.3227
    0.7632   -0.2259    0.6054
    0.6457    0.2317   -0.7275
...   102 A-T ...
 -104.7653   38.4734   63.7066
    0.5336    0.5737    0.6214
    0.5422   -0.7959    0.2692
    0.6490    0.1933   -0.7358
...   103 T-A ...
 -102.9526   39.7414   61.3240
    0.7036    0.1125    0.7017
    0.2164   -0.9744   -0.0608
    0.6769    0.1946   -0.7099
...   104 G-C ...
 -100.5725   40.5839   59.1508
    0.6181   -0.5214    0.5882
   -0.2311   -0.8358   -0.4981
    0.7514    0.1719   -0.6371
...   105 C-G ...
  -97.8141   41.1601   57.4843
    0.3421   -0.9029    0.2604
   -0.5354   -0.4150   -0.7356
    0.7722    0.1122   -0.6254
...   106 T-A ...
  -94.8145   41.3276   55.7401
   -0.0513   -0.9809   -0.1879
   -0.5974    0.1809   -0.7813
    0.8003    0.0722   -0.5952
...   107 T-A ...
  -92.1334   41.3393   53.9775
   -0.4165   -0.7115   -0.5659
   -0.4395    0.7025   -0.5598
    0.7959    0.0155   -0.6053
...   108 C-G ...
  -89.5020   41.0834   51.9229
   -0.6169   -0.1584   -0.7710
   -0.0910    0.9873   -0.1300
    0.7818   -0.0100   -0.6235
...   109 C-G ...
  -87.0355   40.8431   49.7322
   -0.6379    0.3930   -0.6623
    0.2706    0.9195    0.2850
    0.7210    0.0025   -0.6929
...   110 G-C ...
  -84.7676   41.1632   47.6637
   -0.4641    0.8127   -0.3524
    0.5820    0.5796    0.5703
    0.6677    0.0596   -0.7420
...   111 G-C ...
  -82.8129   41.5594   44.9402
   -0.0957    0.9927    0.0737
    0.7533    0.0238    0.6573
    0.6507    0.1185   -0.7500
...   112 C-G ...
  -81.0794   42.1774   42.1321
    0.3125    0.8309    0.4603
    0.6782   -0.5345    0.5044
    0.6652    0.1545   -0.7305
...   113 T-A ...
  -79.0210   42.8509   39.6111
    0.5892    0.4095    0.6965
    0.4162   -0.8927    0.1727
    0.6925    0.1882   -0.6964
...   114 C-G ...
  -76.6130   43.3896   37.3939
    0.6938   -0.2017    0.6913
    0.0132   -0.9562   -0.2923
    0.7200    0.2119   -0.6608
...   115 G-C ...
  -74.2320   43.5653   35.0476
    0.5057   -0.7425    0.4393
   -0.3755   -0.6479   -0.6627
    0.7767    0.1702   -0.6065
...   116 T-A ...
  -71.2635   44.0941   33.6623
    0.1894   -0.9810    0.0417
   -0.5762   -0.1454   -0.8043
    0.7951    0.1283   -0.5928
...   117 A-T ...
  -68.2725   44.2793   32.0173
   -0.2301   -0.8842   -0.4065
   -0.5475    0.4630   -0.6970
    0.8045    0.0622   -0.5907
...   118 T-A ...
  -65.3634   43.9831   30.5372
   -0.4607   -0.5198   -0.7195
   -0.3516    0.8511   -0.3898
    0.8150    0.0734   -0.5748
...   119 A-T ...
  -62.5708   44.4661   28.5886
   -0.5501    0.1635   -0.8190
    0.0291    0.9838    0.1768
    0.8346    0.0734   -0.5459
...   120 A-T ...
  -59.9248   44.3720   26.6963
   -0.4321    0.6982   -0.5708
    0.3308    0.7116    0.6199
    0.8390    0.0791   -0.5384
...   121 T-A ...
  -57.4594   44.2788   24.4356
   -0.1886    0.9686   -0.1622
    0.5005    0.2369    0.8327
    0.8449    0.0758   -0.5295
...   122 G-C ...
  -54.6099   44.6206   22.4576
    0.0657    0.9073    0.4153
    0.5137   -0.3875    0.7655
    0.8555    0.1630   -0.4915
...   123 T-A ...
  -52.0584   45.4472   20.5807
    0.2884    0.5784    0.7631
    0.4041   -0.7960    0.4507
    0.8681    0.1783   -0.4633
...   124 G-C ...
  -49.1084   46.1552   19.1288
    0.3801   -0.0065    0.9249
    0.1975   -0.9763   -0.0881
    0.9036    0.2161   -0.3699
...   125 T-A ...
  -46.3081   47.2987   18.1003
    0.3747   -0.5278    0.7623
   -0.0079   -0.8239   -0.5666
    0.9271    0.2063   -0.3129
...   126 C-G ...
  -43.3008   47.8587   17.3017
    0.3050   -0.9099    0.2813
   -0.1950   -0.3488   -0.9167
    0.9322    0.2247   -0.2838
...   127 G-C ...
  -40.3314   48.2547   15.8267
    0.0585   -0.9691   -0.2395
   -0.2593    0.2169   -0.9411
    0.9640    0.1172   -0.2386
...   128 A-T ...
  -37.2376   48.6171   15.1263
   -0.0962   -0.6454   -0.7578
   -0.2470    0.7530   -0.6099
    0.9642    0.1285   -0.2319
...   129 C-G ...
  -33.9488   48.3348   14.6989
   -0.2408   -0.1414   -0.9602
   -0.1547    0.9823   -0.1059
    0.9582    0.1231   -0.2584
...   130 C-G ...
  -30.7379   48.3296   13.5344
   -0.3672    0.4000   -0.8398
    0.0198    0.9060    0.4229
    0.9299    0.1386   -0.3406
...   131 A-T ...
  -27.5503   49.3309   13.0192
   -0.3489    0.8456   -0.4041
    0.2102    0.4908    0.8455
    0.9133    0.2101   -0.3490
...   132 A-T ...
  -24.6047   49.9891   11.7416
   -0.1870    0.9689    0.1618
    0.3691   -0.0833    0.9256
    0.9104    0.2328   -0.3421
...   133 A-T ...
  -21.7784   50.8546   10.2969
    0.0824    0.7375    0.6704
    0.3939   -0.6420    0.6578
    0.9155    0.2099   -0.3433
...   134 T-A ...
  -19.0083   52.0402    8.9383
    0.2450    0.2904    0.9250
    0.3072   -0.9282    0.2101
    0.9196    0.2327   -0.3167
...   135 G-C ...
  -16.4569   53.8980    7.5290
    0.5336   -0.3334    0.7773
    0.0348   -0.9096   -0.4140
    0.8450    0.2479   -0.4738
...   136 T-A ...
  -14.1681   56.5698    6.1948
    0.5795   -0.7269    0.3684
   -0.3140   -0.6163   -0.7222
    0.7521    0.3028   -0.5854
...   137 G-C ...
  -11.6469   58.0146    4.7336
    0.2454   -0.9541   -0.1717
   -0.6318   -0.0231   -0.7748
    0.7352    0.2986   -0.6085
...   138 A-T ...
   -8.6698   58.7289    3.6170
   -0.0344   -0.7815   -0.6230
   -0.6534    0.4892   -0.5777
    0.7562    0.3872   -0.5274
...   139 G-C ...
   -6.3211   59.0879    1.6440
   -0.2967   -0.3277   -0.8970
   -0.5657    0.8170   -0.1114
    0.7694    0.4744   -0.4278
...   140 C-G ...
   -3.4296   60.2437    1.0434
   -0.4424    0.2288   -0.8671
   -0.1682    0.9286    0.3309
    0.8809    0.2922   -0.3723
...   141 G-C ...
   -0.6893   63.9063   -2.2357
   -0.9992    0.0156   -0.0375
   -0.0024    0.8991    0.4378
    0.0405    0.4375   -0.8983
...   142 C-G ...
   -0.9980   65.6137   -4.9250
   -0.8337    0.5217    0.1810
    0.5169    0.6220    0.5881
    0.1942    0.5839   -0.7882
...   143 T-A ...
   -0.1244   66.2250   -7.8042
   -0.3751    0.8568    0.3538
    0.8856    0.2185    0.4098
    0.2739    0.4670   -0.8408
...   144 C-G ...
   -0.1580   67.4197  -10.7922
    0.1799    0.8792    0.4411
    0.9276   -0.3009    0.2214
    0.3274    0.3694   -0.8697
...   145 A-T ...
    0.5352   69.2487  -13.4514
    0.7352    0.4961    0.4620
    0.6117   -0.7791   -0.1369
    0.2921    0.3832   -0.8763
...   146 C-G ...
    1.4421   72.1064  -15.5859
    0.9808    0.0622    0.1849
    0.1266   -0.9240   -0.3608
    0.1484    0.3773   -0.9141
...   147 A-T ...
    2.3150   74.2410  -18.3715
    0.8657   -0.4292   -0.2574
   -0.4984   -0.7868   -0.3642
   -0.0462    0.4436   -0.8950
