  147 base-pairs
...     1 A-T ...
    0.0000    0.0000    0.0000
    1.0000    0.0000    0.0000
    0.0000    1.0000    0.0000
    0.0000    0.0000    1.0000
...     2 G-C ...
   -0.1394   -1.2357    3.2268
    0.7529    0.6366    0.1670
   -0.6386    0.7680   -0.0486
   -0.1592   -0.0700    0.9848
...     3 T-A ...
   -0.0365   -3.2932    6.3751
    0.2722    0.9301    0.2466
   -0.9238    0.3243   -0.2033
   -0.2691   -0.1725    0.9475
...     4 G-C ...
   -0.3505   -4.1660    9.4928
   -0.3756    0.9250    0.0579
   -0.8781   -0.3352   -0.3415
   -0.2965   -0.1791    0.9381
...     5 A-T ...
   -0.4462   -4.1476   12.7498
   -0.8116    0.5840   -0.0165
   -0.5523   -0.7762   -0.3042
   -0.1905   -0.2378    0.9524
...     6 G-C ...
   -1.5908   -4.1730   15.6201
   -0.9976    0.0246   -0.0651
   -0.0043   -0.9555   -0.2950
   -0.0695   -0.2940    0.9533
...     7 C-G ...
   -1.1030   -4.4824   18.7362
   -0.8441   -0.5304   -0.0787
    0.5345   -0.8441   -0.0432
   -0.0435   -0.0785    0.9960
...     8 G-C ...
   -2.4028   -7.7290   23.1475
   -0.2754   -0.3293   -0.9032
    0.6650   -0.7437    0.0684
   -0.6942   -0.5818    0.4238
...     9 C-G ...
   -4.4690   -9.9728   24.1132
    0.1145   -0.7025   -0.7024
    0.8512   -0.2952    0.4340
   -0.5122   -0.6476    0.5642
...    10 T-A ...
   -6.7405  -10.8752   25.9697
    0.4841   -0.8363   -0.2574
    0.6595    0.1553    0.7355
   -0.5751   -0.5258    0.6267
...    11 C-G ...
   -9.1656  -12.6208   27.1640
    0.7073   -0.6682    0.2307
    0.3448    0.6110    0.7126
   -0.6171   -0.4245    0.6626
...    12 A-T ...
  -10.9234  -14.6633   29.0693
    0.7515   -0.1377    0.6452
   -0.2029    0.8824    0.4246
   -0.6277   -0.4500    0.6352
...    13 C-G ...
  -11.8476  -17.4863   31.2451
    0.4295    0.2823    0.8578
   -0.5708    0.8209    0.0156
   -0.6998   -0.4963    0.5137
...    14 A-T ...
  -13.5897  -19.7827   33.4259
   -0.1504    0.6104    0.7777
   -0.6874    0.5008   -0.5260
   -0.7106   -0.6136    0.3443
...    15 A-T ...
  -15.7367  -21.8853   34.6871
   -0.5412    0.7779    0.3192
   -0.4520    0.0510   -0.8906
   -0.7091   -0.6263    0.3240
...    16 T-A ...
  -17.8257  -23.8193   36.3559
   -0.6957    0.6920   -0.1929
   -0.0987   -0.3580   -0.9285
   -0.7115   -0.6269    0.3174
...    17 T-A ...
  -20.1479  -25.7470   37.5582
   -0.6138    0.3556   -0.7048
    0.3317   -0.6940   -0.6390
   -0.7164   -0.6260    0.3080
...    18 T-A ...
  -22.5847  -27.6100   38.6257
   -0.2945   -0.1125   -0.9490
    0.6264   -0.7727   -0.1028
   -0.7217   -0.6247    0.2980
...    19 A-T ...
  -24.8023  -29.9832   39.5868
    0.1932   -0.5593   -0.8061
    0.6558   -0.5375    0.5301
   -0.7298   -0.6311    0.2629
...    20 T-A ...
  -27.5519  -31.7876   39.9177
    0.5045   -0.7600   -0.4097
    0.4548   -0.1694    0.8743
   -0.7339   -0.6274    0.2602
...    21 T-A ...
  -30.0303  -33.8260   40.4983
    0.6588   -0.7266    0.1950
    0.0671    0.3148    0.9468
   -0.7493   -0.6106    0.2562
...    22 C-G ...
  -32.4563  -35.9438   41.2698
    0.5705   -0.3754    0.7305
   -0.3549    0.6895    0.6314
   -0.7407   -0.6195    0.2601
...    23 G-C ...
  -35.1244  -37.7271   42.3646
    0.3172    0.1533    0.9359
   -0.6326    0.7694    0.0884
   -0.7066   -0.6200    0.3410
...    24 C-G ...
  -37.1820  -40.0873   43.5504
   -0.0658    0.5859    0.8077
   -0.7001    0.5497   -0.4558
   -0.7110   -0.5954    0.3740
...    25 A-T ...
  -39.7488  -41.9700   44.6275
   -0.3965    0.8519    0.3422
   -0.5368    0.0872   -0.8392
   -0.7447   -0.5164    0.4227
...    26 A-T ...
  -42.0874  -43.5919   46.1890
   -0.6258    0.7488   -0.2184
   -0.2044   -0.4276   -0.8806
   -0.7527   -0.5064    0.4206
...    27 A-T ...
  -44.5532  -45.0670   47.6978
   -0.6177    0.3642   -0.6970
    0.1935   -0.7886   -0.5836
   -0.7623   -0.4953    0.4167
...    28 G-C ...
  -47.2569  -46.4307   49.0842
   -0.3605   -0.0970   -0.9277
    0.4807   -0.8716   -0.0957
   -0.7993   -0.4805    0.3609
...    29 G-C ...
  -50.1796  -47.8870   49.9983
    0.0306   -0.5380   -0.8424
    0.5667   -0.6848    0.4580
   -0.8233   -0.4914    0.2840
...    30 C-G ...
  -53.1239  -49.3984   50.5365
    0.3682   -0.8182   -0.4416
    0.4320   -0.2700    0.8605
   -0.8233   -0.5076    0.2540
...    31 C-G ...
  -55.9219  -51.2598   51.0735
    0.5940   -0.7964    0.1132
    0.1261    0.2312    0.9647
   -0.7945   -0.5588    0.2377
...    32 G-C ...
  -58.5757  -52.9978   52.2681
    0.6179   -0.4614    0.6366
   -0.2542    0.6489    0.7171
   -0.7440   -0.6050    0.2837
...    33 G-C ...
  -60.9982  -55.2467   53.0733
    0.4227    0.0331    0.9057
   -0.5576    0.7973    0.2311
   -0.7145   -0.6026    0.3555
...    34 C-G ...
  -63.0945  -57.5758   54.2308
    0.0761    0.5054    0.8595
   -0.6951    0.6449   -0.3177
   -0.7149   -0.5733    0.4004
...    35 C-G ...
  -65.3088  -59.6223   55.7727
   -0.2474    0.8344    0.4926
   -0.6299    0.2478   -0.7361
   -0.7363   -0.4923    0.4642
...    36 C-G ...
  -67.6833  -61.1576   57.6160
   -0.4754    0.8784   -0.0492
   -0.4090   -0.2702   -0.8716
   -0.7789   -0.3942    0.4877
...    37 G-C ...
  -70.5608  -62.4219   58.8817
   -0.5213    0.6096   -0.5971
   -0.1143   -0.7433   -0.6591
   -0.8457   -0.2753    0.4572
...    38 A-T ...
  -73.4349  -63.1752   60.3114
   -0.4578    0.0441   -0.8879
    0.1954   -0.9694   -0.1488
   -0.8673   -0.2416    0.4352
...    39 C-G ...
  -76.5234  -63.3554   61.5769
   -0.2671   -0.4863   -0.8319
    0.3899   -0.8440    0.3682
   -0.8813   -0.2260    0.4151
...    40 A-T ...
  -79.3437  -64.4078   63.0450
    0.0639   -0.8863   -0.4587
    0.4423   -0.3869    0.8092
   -0.8946   -0.2546    0.3672
...    41 C-G ...
  -82.5622  -65.2017   63.6577
    0.2930   -0.9541    0.0624
    0.3315    0.1626    0.9293
   -0.8968   -0.2516    0.3640
...    42 G-C ...
  -85.4660  -65.8426   65.2801
    0.4932   -0.6550    0.5726
    0.0991    0.6962    0.7110
   -0.8643   -0.2939    0.4083
...    43 A-T ...
  -88.3771  -66.8229   66.4976
    0.4734   -0.0899    0.8762
   -0.2025    0.9570    0.2076
   -0.8572   -0.2757    0.4349
...    44 C-G ...
  -90.9883  -68.3065   67.9139
    0.3246    0.4503    0.8318
   -0.4195    0.8567   -0.3001
   -0.8477   -0.2516    0.4670
...    45 T-A ...
  -93.6254  -69.2766   69.6883
    0.1236    0.8619    0.4917
   -0.5390    0.4744   -0.6961
   -0.8332   -0.1790    0.5232
...    46 T-A ...
  -96.2153  -69.8480   71.5377
   -0.1679    0.9856   -0.0220
   -0.5216   -0.1077   -0.8464
   -0.8365   -0.1306    0.5322
...    47 A-T ...
  -99.1107  -70.0977   73.2071
   -0.3545    0.7351   -0.5779
   -0.3642   -0.6778   -0.6388
   -0.8612   -0.0160    0.5079
...    48 C-G ...
 -101.7837  -69.5138   75.0790
   -0.4663    0.2554   -0.8470
   -0.1491   -0.9664   -0.2094
   -0.8720    0.0286    0.4887
...    49 T-A ...
 -104.7606  -69.0555   76.5105
   -0.4387   -0.3235   -0.8384
    0.0839   -0.9436    0.3202
   -0.8947    0.0702    0.4411
...    50 G-C ...
 -107.7572  -69.2408   78.0045
   -0.2688   -0.8360   -0.4783
    0.2961   -0.5443    0.7849
   -0.9166    0.0694    0.3938
...    51 T-A ...
 -111.0356  -68.8441   78.7318
   -0.0721   -0.9965    0.0413
    0.3980    0.0092    0.9173
   -0.9146    0.0825    0.3959
...    52 A-T ...
 -113.8320  -68.0549   80.6349
    0.1359   -0.6958    0.7052
    0.3896    0.6920    0.6077
   -0.9109    0.1922    0.3652
...    53 G-C ...
 -116.9662  -67.6239   81.7337
    0.3755   -0.2011    0.9047
    0.2743    0.9565    0.0988
   -0.8853    0.2111    0.4144
...    54 G-C ...
 -120.0641  -67.1145   83.0373
    0.5511    0.3491    0.7579
    0.0353    0.8977   -0.4392
   -0.8337    0.2688    0.4824
...    55 T-A ...
 -122.6766  -66.6818   85.0093
    0.5363    0.7560    0.3753
   -0.2578    0.5701   -0.7801
   -0.8037    0.3216    0.5006
...    56 A-T ...
 -125.2278  -65.4335   86.7812
    0.4134    0.8828   -0.2232
   -0.5512    0.0475   -0.8330
   -0.7248    0.4674    0.5062
...    57 T-A ...
 -127.0994  -63.7538   88.8609
    0.1043    0.7646   -0.6360
   -0.6982   -0.3992   -0.5943
   -0.7083    0.5060    0.4922
...    58 C-G ...
 -129.3583  -61.8638   90.2971
   -0.2999    0.3504   -0.8873
   -0.6595   -0.7482   -0.0726
   -0.6893    0.5634    0.4555
...    59 T-A ...
 -131.5221  -59.6584   91.5418
   -0.5849   -0.1453   -0.7980
   -0.4312   -0.7775    0.4577
   -0.6869    0.6118    0.3921
...    60 C-G ...
 -133.8915  -57.6014   92.6109
   -0.7384   -0.5825   -0.3399
   -0.0017   -0.5024    0.8646
   -0.6744    0.6390    0.3700
...    61 G-C ...
 -136.1595  -55.7079   94.2786
   -0.5776   -0.7791    0.2436
    0.4225   -0.0300    0.9059
   -0.6984    0.6262    0.3465
...    62 A-T ...
 -138.4778  -53.5420   95.2831
   -0.2024   -0.6148    0.7623
    0.7071    0.4468    0.5480
   -0.6775    0.6499    0.3443
...    63 G-C ...
 -140.9242  -51.4940   96.3070
    0.2543   -0.2848    0.9242
    0.7232    0.6905    0.0138
   -0.6421    0.6649    0.3816
...    64 C-G ...
 -143.3635  -49.5448   97.5181
    0.6520    0.1152    0.7495
    0.4747    0.7087   -0.5219
   -0.5913    0.6960    0.4074
...    65 T-A ...
 -145.3182  -47.3771   99.1036
    0.8600    0.4087    0.3056
    0.0490    0.5299   -0.8466
   -0.5080    0.7431    0.4357
...    66 C-G ...
 -146.9124  -44.9273  100.5681
    0.7649    0.5748   -0.2906
   -0.4733    0.1956   -0.8589
   -0.4369    0.7946    0.4216
...    67 G-C ...
 -148.2948  -42.0157  101.5948
    0.4368    0.4402   -0.7845
   -0.8463   -0.0946   -0.5243
   -0.3050    0.8929    0.3312
...    68 G-C ...
 -148.8420  -38.7696  102.3837
   -0.0737    0.2180   -0.9732
   -0.9682   -0.2495    0.0174
   -0.2390    0.9435    0.2295
...    69 G-C ...
 -149.4315  -35.4209  102.5716
   -0.5883   -0.0277   -0.8082
   -0.7787   -0.2499    0.5755
   -0.2179    0.9679    0.1255
...    70 A-T ...
 -150.1966  -32.1861  102.7447
   -0.9467   -0.1643   -0.2771
   -0.2553   -0.1416    0.9564
   -0.1964    0.9762    0.0921
...    71 T-A ...
 -150.7881  -28.9249  102.3265
   -0.9449   -0.1667    0.2819
    0.2913   -0.0346    0.9560
   -0.1496    0.9854    0.0812
...    72 C-G ...
 -151.3083  -25.6363  102.4739
   -0.5587   -0.1239    0.8200
    0.8204    0.0622    0.5684
   -0.1214    0.9903    0.0669
...    73 C-G ...
 -151.8828  -22.2761  102.5032
    0.0203   -0.1140    0.9933
    0.9951    0.0982   -0.0091
   -0.0965    0.9886    0.1154
...    74 G-C ...
 -151.7457  -18.8772  102.5204
    0.6023   -0.1425    0.7854
    0.7982    0.0987   -0.5942
    0.0072    0.9849    0.1732
...    75 C-G ...
 -152.0418  -15.6678  103.3397
    0.9408   -0.1340    0.3113
    0.3288    0.1386   -0.9342
    0.0821    0.9812    0.1744
...    76 T-A ...
 -151.6226  -12.4987  104.1898
    0.9559   -0.1469   -0.2544
   -0.2228    0.2015   -0.9538
    0.1914    0.9684    0.1598
...    77 C-G ...
 -150.8168   -9.3772  104.6809
    0.6248   -0.0816   -0.7765
   -0.7340    0.2776   -0.6198
    0.2662    0.9572    0.1136
...    78 A-T ...
 -149.8232   -6.1628  104.7594
    0.0574   -0.0407   -0.9975
   -0.9358    0.3459   -0.0679
    0.3478    0.9374   -0.0182
...    79 T-A ...
 -148.0714   -3.3930  104.4955
   -0.4358    0.1333   -0.8901
   -0.8238    0.3394    0.4541
    0.3626    0.9312   -0.0380
...    80 G-C ...
 -147.2177   -0.1589  104.2628
   -0.8619    0.2592   -0.4359
   -0.3746    0.2541    0.8917
    0.3418    0.9318   -0.1219
...    81 T-A ...
 -146.0381    2.8125  103.1971
   -0.9222    0.3662    0.1243
    0.1653    0.0828    0.9828
    0.3496    0.9268   -0.1369
...    82 T-A ...
 -144.9203    5.7868  102.3928
   -0.6063    0.4094    0.6818
    0.6816   -0.1742    0.7107
    0.4097    0.8956   -0.1734
...    83 A-T ...
 -142.7433    8.4506  101.8878
    0.0771    0.2576    0.9632
    0.8851   -0.4624    0.0529
    0.4590    0.8484   -0.2636
...    84 T-A ...
 -141.8164   11.5351  101.1088
    0.5367   -0.0142    0.8437
    0.7025   -0.5463   -0.4561
    0.4674    0.8374   -0.2832
...    85 A-T ...
 -140.0717   14.1359   99.8145
    0.8390   -0.3962    0.3729
    0.1907   -0.4276   -0.8836
    0.5096    0.8125   -0.2832
...    86 A-T ...
 -138.3652   16.7833   99.0638
    0.7738   -0.6015   -0.1985
   -0.3323   -0.1188   -0.9357
    0.5392    0.7900   -0.2918
...    87 C-G ...
 -136.2204   19.2394   98.6106
    0.4438   -0.6162   -0.6506
   -0.6835    0.2367   -0.6905
    0.5795    0.7511   -0.3162
...    88 G-C ...
 -134.3888   21.6568   97.0840
   -0.1065   -0.4667   -0.8780
   -0.7698    0.5976   -0.2242
    0.6293    0.6520   -0.4229
...    89 G-C ...
 -132.1216   23.4583   95.2977
   -0.5724   -0.1030   -0.8135
   -0.5388    0.7951    0.2784
    0.6181    0.5977   -0.5106
...    90 A-T ...
 -130.1292   25.3354   93.4234
   -0.7892    0.4001   -0.4659
   -0.0542    0.7103    0.7018
    0.6117    0.5791   -0.5389
...    91 T-A ...
 -128.2334   26.7894   91.1109
   -0.6821    0.7303   -0.0378
    0.3733    0.3921    0.8408
    0.6288    0.5594   -0.5401
...    92 T-A ...
 -126.2948   28.4737   89.0824
   -0.2843    0.8477    0.4478
    0.7008   -0.1350    0.7005
    0.6542    0.5130   -0.5557
...    93 T-A ...
 -124.3607   30.1498   87.0463
    0.2254    0.6173    0.7537
    0.7163   -0.6294    0.3013
    0.6604    0.4720   -0.5840
...    94 A-T ...
 -121.8154   31.1375   84.9466
    0.6717    0.0477    0.7393
    0.3547   -0.8968   -0.2644
    0.6504    0.4398   -0.6193
...    95 A-T ...
 -119.7472   32.7436   83.0144
    0.7521   -0.4938    0.4365
   -0.1235   -0.7562   -0.6425
    0.6474    0.4293   -0.6298
...    96 C-G ...
 -117.4103   34.4784   81.4202
    0.5381   -0.8418    0.0414
   -0.5094   -0.3640   -0.7798
    0.6715    0.3985   -0.6247
...    97 A-T ...
 -115.2681   35.6552   79.1001
    0.0563   -0.9318   -0.3585
   -0.7071    0.2163   -0.6733
    0.7049    0.2914   -0.6467
...    98 C-G ...
 -112.5319   36.2168   77.2988
   -0.3628   -0.6755   -0.6419
   -0.6104    0.6928   -0.3841
    0.7042    0.2525   -0.6636
...    99 T-A ...
 -110.1243   36.6673   75.0239
   -0.6815   -0.1924   -0.7060
   -0.2798    0.9600    0.0085
    0.6762    0.2033   -0.7081
...   100 T-A ...
 -107.9073   37.0651   72.6680
   -0.7041    0.4187   -0.5735
    0.1838    0.8876    0.4224
    0.6859    0.1920   -0.7019
...   101 T-A ...
 -105.7581   37.4562   70.2424
   -0.4355    0.8710   -0.2273
    0.5674    0.4617    0.6819
    0.6989    0.1680   -0.6952
...   102 A-T ...
 -102.9976   37.9967   68.2769
    0.0878    0.9618    0.2594
    0.7036   -0.2442    0.6673
    0.7052    0.1239   -0.6981
...   103 T-A ...
 -101.1676   38.6950   65.5987
    0.4572    0.6898    0.5614
    0.5465   -0.7159    0.4346
    0.7017    0.1081   -0.7043
...   104 G-C ...
  -98.6328   38.7958   63.3930
    0.6413    0.1095    0.7594
    0.1704   -0.9854   -0.0018
    0.7481    0.1306   -0.6506
...   105 C-G ...
  -96.1396   39.6278   61.3232
    0.5927   -0.4731    0.6519
   -0.2225   -0.8740   -0.4320
    0.7741    0.1110   -0.6233
...   106 T-A ...
  -93.3936   40.1055   59.4885
    0.3205   -0.8832    0.3425
   -0.4996   -0.4648   -0.7310
    0.8048    0.0632   -0.5902
...   107 T-A ...
  -90.6595   40.3415   57.7459
   -0.0407   -0.9878   -0.1503
   -0.5924    0.1450   -0.7925
    0.8046    0.0568   -0.5911
...   108 C-G ...
  -87.9837   40.3794   55.8156
   -0.4183   -0.6977   -0.5816
   -0.4319    0.7160   -0.5484
    0.7990    0.0218   -0.6009
...   109 C-G ...
  -85.3213   40.0635   53.7280
   -0.6474   -0.1688   -0.7432
   -0.0905    0.9853   -0.1449
    0.7567   -0.0266   -0.6532
...   110 G-C ...
  -82.8726   40.3545   51.3885
   -0.6439    0.4424   -0.6243
    0.3347    0.8966    0.2901
    0.6880   -0.0222   -0.7253
...   111 G-C ...
  -80.7592   40.1307   48.7278
   -0.3867    0.8736   -0.2956
    0.6556    0.4858    0.5781
    0.6486    0.0298   -0.7606
...   112 C-G ...
  -78.9326   40.1648   45.9142
    0.0291    0.9931    0.1135
    0.7640   -0.0953    0.6381
    0.6445    0.0681   -0.7616
...   113 T-A ...
  -76.9965   40.5887   43.2187
    0.4126    0.7678    0.4902
    0.6311   -0.6290    0.4539
    0.6569    0.1221   -0.7441
...   114 C-G ...
  -74.8429   41.0684   40.7586
    0.6906    0.2205    0.6888
    0.2526   -0.9660    0.0561
    0.6777    0.1352   -0.7228
...   115 G-C ...
  -72.4200   41.0970   38.3700
    0.6320   -0.3980    0.6650
   -0.1736   -0.9089   -0.3791
    0.7553    0.1241   -0.6435
...   116 T-A ...
  -69.6936   41.9290   36.6504
    0.4131   -0.8322    0.3698
   -0.4833   -0.5445   -0.6855
    0.7719    0.1045   -0.6271
...   117 A-T ...
  -67.3610   42.1277   34.1670
   -0.0028   -0.9856   -0.1693
   -0.6293    0.1333   -0.7656
    0.7772    0.1044   -0.6206
...   118 T-A ...
  -64.4311   42.1837   32.6268
   -0.3253   -0.7673   -0.5526
   -0.5329    0.6315   -0.5632
    0.7812    0.1112   -0.6143
...   119 A-T ...
  -61.9822   43.0144   30.3809
   -0.5719   -0.1480   -0.8069
   -0.1869    0.9812   -0.0475
    0.7987    0.1236   -0.5888
...   120 A-T ...
  -59.3676   43.1503   28.4300
   -0.5475    0.4709   -0.6917
    0.1820    0.8738    0.4509
    0.8168    0.1209   -0.5641
...   121 T-A ...
  -56.9263   43.0387   26.1890
   -0.3614    0.8614   -0.3569
    0.4363    0.4945    0.7517
    0.8240    0.1160   -0.5546
...   122 G-C ...
  -54.0663   43.5979   24.5136
   -0.1022    0.9723    0.2103
    0.5772   -0.1142    0.8086
    0.8102    0.2040   -0.5495
...   123 T-A ...
  -51.7780   44.5211   22.2736
    0.1970    0.7468    0.6352
    0.5381   -0.6240    0.5666
    0.8195    0.2302   -0.5248
...   124 G-C ...
  -48.8601   45.2004   20.7396
    0.3839    0.2079    0.8997
    0.3429   -0.9367    0.0702
    0.8573    0.2816   -0.4309
...   125 T-A ...
  -46.1753   46.7096   19.5196
    0.4717   -0.3428    0.8124
    0.0914   -0.8973   -0.4318
    0.8770    0.2779   -0.3920
...   126 C-G ...
  -43.2176   47.5996   18.3783
    0.3992   -0.8260    0.3979
   -0.1891   -0.4989   -0.8458
    0.8972    0.2624   -0.3554
...   127 G-C ...
  -40.2040   48.0838   16.8706
    0.1339   -0.9805   -0.1440
   -0.3279    0.0933   -0.9401
    0.9352    0.1731   -0.3091
...   128 A-T ...
  -37.0619   48.5219   15.8995
   -0.1016   -0.7152   -0.6915
   -0.3220    0.6813   -0.6573
    0.9413    0.1559   -0.2996
...   129 C-G ...
  -33.7792   48.4457   15.1513
   -0.2632   -0.2212   -0.9390
   -0.2041    0.9641   -0.1699
    0.9429    0.1470   -0.2989
...   130 C-G ...
  -30.5770   48.6732   14.0071
   -0.3805    0.3650   -0.8497
   -0.0052    0.9179    0.3967
    0.9248    0.1554   -0.3473
...   131 A-T ...
  -27.4438   49.4199   13.0599
   -0.3691    0.8338   -0.4106
    0.2249    0.5087    0.8310
    0.9018    0.2144   -0.3753
...   132 A-T ...
  -24.5765   50.0271   11.6402
   -0.1623    0.9738    0.1595
    0.3823   -0.0870    0.9199
    0.9097    0.2103   -0.3581
...   133 A-T ...
  -21.7105   50.7840   10.3139
    0.0734    0.7335    0.6757
    0.3988   -0.6425    0.6543
    0.9141    0.2215   -0.3397
...   134 T-A ...
  -19.0083   52.0402    8.9385
    0.2450    0.2904    0.9250
    0.3072   -0.9282    0.2101
    0.9196    0.2327   -0.3166
...   135 G-C ...
  -16.4569   53.8981    7.5292
    0.5336   -0.3334    0.7773
    0.0348   -0.9096   -0.4140
    0.8450    0.2479   -0.4738
...   136 T-A ...
  -14.1680   56.5698    6.1950
    0.5795   -0.7269    0.3684
   -0.3140   -0.6163   -0.7222
    0.7521    0.3028   -0.5854
...   137 G-C ...
  -11.6468   58.0147    4.7338
    0.2454   -0.9541   -0.1717
   -0.6318   -0.0231   -0.7748
    0.7352    0.2986   -0.6085
...   138 A-T ...
   -8.6698   58.7289    3.6171
   -0.0344   -0.7815   -0.6230
   -0.6534    0.4892   -0.5777
    0.7562    0.3872   -0.5274
...   139 G-C ...
   -6.3211   59.0880    1.6442
   -0.2967   -0.3277   -0.8970
   -0.5657    0.8170   -0.1114
    0.7694    0.4744   -0.4278
...   140 C-G ...
   -3.4296   60.2437    1.0436
   -0.4424    0.2288   -0.8671
   -0.1682    0.9286    0.3309
    0.8809    0.2922   -0.3723
...   141 G-C ...
   -0.6893   63.9063   -2.2355
   -0.9992    0.0156   -0.0375
   -0.0024    0.8991    0.4378
    0.0405    0.4375   -0.8983
...   142 C-G ...
   -0.9979   65.6137   -4.9248
   -0.8337    0.5217    0.1810
    0.5169    0.6220    0.5881
    0.1942    0.5839   -0.7882
...   143 T-A ...
   -0.1244   66.2250   -7.8040
   -0.3751    0.8568    0.3538
    0.8856    0.2185    0.4098
    0.2739    0.4670   -0.8408
...   144 C-G ...
   -0.1580   67.4197  -10.7920
    0.1799    0.8792    0.4411
    0.9276   -0.3009    0.2214
    0.3274    0.3694   -0.8697
...   145 A-T ...
    0.5353   69.2487  -13.4512
    0.7352    0.4961    0.4620
    0.6117   -0.7791   -0.1369
    0.2921    0.3832   -0.8763
...   146 C-G ...
    1.4421   72.1064  -15.5857
    0.9808    0.0622    0.1849
    0.1266   -0.9240   -0.3608
    0.1484    0.3773   -0.9141
...   147 A-T ...
    2.3151   74.2411  -18.3713
    0.8657   -0.4292   -0.2574
   -0.4984   -0.7868   -0.3642
   -0.0462    0.4436   -0.8950
