  147 base-pairs
...     1 A-T ...
    0.0000    0.0000    0.0000
    1.0000    0.0000    0.0000
    0.0000    1.0000    0.0000
    0.0000    0.0000    1.0000
...     2 G-C ...
   -0.1394   -1.2357    3.2268
    0.7529    0.6366    0.1670
   -0.6386    0.7680   -0.0486
   -0.1592   -0.0700    0.9848
...     3 T-A ...
   -0.0365   -3.2932    6.3751
    0.2722    0.9301    0.2466
   -0.9238    0.3243   -0.2033
   -0.2691   -0.1725    0.9475
...     4 G-C ...
   -0.3505   -4.1660    9.4928
   -0.3756    0.9250    0.0579
   -0.8781   -0.3352   -0.3415
   -0.2965   -0.1791    0.9381
...     5 A-T ...
   -0.4462   -4.1476   12.7498
   -0.8116    0.5840   -0.0165
   -0.5523   -0.7762   -0.3042
   -0.1905   -0.2378    0.9524
...     6 G-C ...
   -1.5908   -4.1730   15.6201
   -0.9976    0.0246   -0.0651
   -0.0043   -0.9555   -0.2950
   -0.0695   -0.2940    0.9533
...     7 C-G ...
   -1.1030   -4.4824   18.7362
   -0.8441   -0.5304   -0.0787
    0.5345   -0.8441   -0.0432
   -0.0435   -0.0785    0.9960
...     8 G-C ...
   -2.4028   -7.7290   23.1475
   -0.2754   -0.3293   -0.9032
    0.6650   -0.7437    0.0684
   -0.6942   -0.5818    0.4238
...     9 C-G ...
   -4.4690   -9.9728   24.1132
    0.1145   -0.7025   -0.7024
    0.8512   -0.2952    0.4340
   -0.5122   -0.6476    0.5642
...    10 T-A ...
   -6.7405  -10.8752   25.9697
    0.4841   -0.8363   -0.2574
    0.6595    0.1553    0.7355
   -0.5751   -0.5258    0.6267
...    11 C-G ...
   -9.1656  -12.6208   27.1640
    0.7073   -0.6682    0.2307
    0.3448    0.6110    0.7126
   -0.6171   -0.4245    0.6626
...    12 A-T ...
  -10.9234  -14.6633   29.0693
    0.7515   -0.1377    0.6452
   -0.2029    0.8824    0.4246
   -0.6277   -0.4500    0.6352
...    13 C-G ...
  -11.8476  -17.4863   31.2451
    0.4295    0.2823    0.8578
   -0.5708    0.8209    0.0156
   -0.6998   -0.4963    0.5137
...    14 A-T ...
  -13.5897  -19.7827   33.4259
   -0.1504    0.6104    0.7777
   -0.6874    0.5008   -0.5260
   -0.7106   -0.6136    0.3443
...    15 A-T ...
  -15.7305  -21.8938   34.6888
   -0.5451    0.7749    0.3201
   -0.4510    0.0509   -0.8911
   -0.7068   -0.6301    0.3217
...    16 T-A ...
  -17.8098  -23.8474   36.3528
   -0.7009    0.6869   -0.1920
   -0.0946   -0.3563   -0.9296
   -0.7070   -0.6334    0.3147
...    17 T-A ...
  -20.1125  -25.8021   37.5531
   -0.6177    0.3501   -0.7042
    0.3402   -0.6883   -0.6407
   -0.7090   -0.6353    0.3060
...    18 T-A ...
  -22.5240  -27.6998   38.6189
   -0.2931   -0.1138   -0.9493
    0.6372   -0.7635   -0.1053
   -0.7128   -0.6357    0.2963
...    19 A-T ...
  -24.7133  -30.1006   39.5695
    0.2024   -0.5492   -0.8108
    0.6647   -0.5309    0.5256
   -0.7191   -0.6453    0.2576
...    20 T-A ...
  -27.4281  -31.9563   39.8838
    0.5186   -0.7461   -0.4177
    0.4583   -0.1699    0.8724
   -0.7218   -0.6438    0.2538
...    21 T-A ...
  -29.8595  -34.0535   40.4462
    0.6759   -0.7136    0.1842
    0.0619    0.3039    0.9507
   -0.7344   -0.6312    0.2496
...    22 C-G ...
  -32.2239  -36.2449   41.1975
    0.5830   -0.3710    0.7229
   -0.3703    0.6706    0.6428
   -0.7232   -0.6424    0.2535
...    23 G-C ...
  -34.8235  -38.1285   42.2893
    0.3177    0.1476    0.9366
   -0.6551    0.7483    0.1042
   -0.6855   -0.6467    0.3344
...    24 C-G ...
  -36.7976  -40.5693   43.4565
   -0.0799    0.5697    0.8179
   -0.7205    0.5340   -0.4424
   -0.6888   -0.6247    0.3678
...    25 A-T ...
  -39.2946  -42.5537   44.5152
   -0.4249    0.8308    0.3593
   -0.5447    0.0824   -0.8346
   -0.7230   -0.5504    0.4175
...    26 A-T ...
  -41.5592  -44.2924   46.0638
   -0.6568    0.7268   -0.2012
   -0.1926   -0.4196   -0.8871
   -0.7291   -0.5438    0.4155
...    27 A-T ...
  -43.9501  -45.8972   47.5644
   -0.6384    0.3488   -0.6862
    0.2235   -0.7691   -0.5988
   -0.7365   -0.5356    0.4130
...    28 G-C ...
  -46.5765  -47.4081   48.9492
   -0.3637   -0.0978   -0.9264
    0.5197   -0.8466   -0.1147
   -0.7731   -0.5232    0.3587
...    29 G-C ...
  -49.4144  -49.0166   49.8742
    0.0485   -0.5216   -0.8518
    0.6038   -0.6641    0.4410
   -0.7957   -0.5357    0.2827
...    30 C-G ...
  -52.2764  -50.6763   50.4166
    0.4039   -0.7909   -0.4596
    0.4542   -0.2627    0.8513
   -0.7941   -0.5526    0.2531
...    31 C-G ...
  -54.9726  -52.6847   50.9468
    0.6358   -0.7663    0.0918
    0.1257    0.2202    0.9673
   -0.7615   -0.6035    0.2363
...    32 G-C ...
  -57.5133  -54.5893   52.1349
    0.6513   -0.4387    0.6192
   -0.2787    0.6206    0.7329
   -0.7058   -0.6499    0.2819
...    33 G-C ...
  -59.7887  -56.9907   52.9329
    0.4349    0.0395    0.8996
   -0.5974    0.7602    0.2554
   -0.6738   -0.6485    0.3542
...    34 C-G ...
  -61.7272  -59.4570   54.0812
    0.0623    0.4924    0.8681
   -0.7361    0.6101   -0.2932
   -0.6740   -0.6208    0.4005
...    35 C-G ...
  -63.7919  -61.6546   55.6248
   -0.2862    0.8090    0.5135
   -0.6569    0.2245   -0.7198
   -0.6976   -0.5433    0.4671
...    36 C-G ...
  -66.0393  -63.3593   57.4801
   -0.5277    0.8491   -0.0230
   -0.4094   -0.2779   -0.8690
   -0.7443   -0.4492    0.4942
...    37 G-C ...
  -68.8117  -64.8222   58.7703
   -0.5705    0.5867   -0.5747
   -0.0825   -0.7371   -0.6707
   -0.8171   -0.3352    0.4690
...    38 A-T ...
  -71.6016  -65.7807   60.2463
   -0.4800    0.0301   -0.8768
    0.2523   -0.9525   -0.1708
   -0.8402   -0.3032    0.4496
...    39 C-G ...
  -74.6435  -66.1796   61.5773
   -0.2561   -0.4889   -0.8339
    0.4512   -0.8234    0.3442
   -0.8549   -0.2882    0.4314
...    40 A-T ...
  -77.3488  -67.4376   63.1003
    0.1079   -0.8738   -0.4742
    0.4867   -0.3695    0.7916
   -0.8669   -0.3162    0.3854
...    41 C-G ...
  -80.4935  -68.4461   63.7819
    0.3541   -0.9344    0.0400
    0.3455    0.1704    0.9228
   -0.8691   -0.3129    0.3832
...    42 G-C ...
  -83.3096  -69.2892   65.4668
    0.5498   -0.6300    0.5484
    0.0759    0.6916    0.7183
   -0.8318   -0.3533    0.4281
...    43 A-T ...
  -86.1172  -70.4675   66.7496
    0.5050   -0.0716    0.8601
   -0.2552    0.9396    0.2281
   -0.8245   -0.3347    0.4563
...    44 C-G ...
  -88.5845  -72.1317   68.2205
    0.3232    0.4588    0.8277
   -0.4811    0.8328   -0.2737
   -0.8149   -0.3097    0.4899
...    45 T-A ...
  -91.0953  -73.2894   70.0640
    0.0886    0.8616    0.4998
   -0.5903    0.4496   -0.6704
   -0.8023   -0.2357    0.5484
...    46 T-A ...
  -93.5808  -74.0374   71.9911
   -0.2251    0.9743   -0.0023
   -0.5446   -0.1277   -0.8289
   -0.8079   -0.1853    0.5594
...    47 A-T ...
  -96.3931  -74.4684   73.7617
   -0.4147    0.7212   -0.5549
   -0.3498   -0.6893   -0.6344
   -0.8401   -0.0689    0.5381
...    48 C-G ...
  -99.0240  -74.0523   75.7357
   -0.5106    0.2390   -0.8259
   -0.1049   -0.9707   -0.2161
   -0.8534   -0.0236    0.5207
...    49 T-A ...
 -101.9666  -73.7711   77.2804
   -0.4538   -0.3383   -0.8244
    0.1453   -0.9408    0.3061
   -0.8792    0.0192    0.4761
...    50 G-C ...
 -104.8828  -74.1390   78.8967
   -0.2468   -0.8457   -0.4731
    0.3553   -0.5332    0.7678
   -0.9016    0.0214    0.4321
...    51 T-A ...
 -108.1466  -73.9098   79.7649
   -0.0229   -0.9990    0.0387
    0.4361    0.0249    0.8995
   -0.8996    0.0375    0.4351
...    52 A-T ...
 -110.8849  -73.2386   81.8046
    0.1949   -0.6869    0.7001
    0.3853    0.7100    0.5894
   -0.9020    0.1548    0.4031
...    53 G-C ...
 -113.9865  -72.9337   83.0341
    0.4223   -0.1815    0.8881
    0.2401    0.9671    0.0835
   -0.8741    0.1780    0.4520
...    54 G-C ...
 -117.0523  -72.5419   84.4563
    0.5717    0.3734    0.7306
   -0.0168    0.8956   -0.4446
   -0.8203    0.2419    0.5183
...    55 T-A ...
 -119.5859  -72.1915   86.5403
    0.5282    0.7755    0.3458
   -0.3121    0.5561   -0.7703
   -0.7897    0.2990    0.5358
...    56 A-T ...
 -122.0594  -71.0155   88.4658
    0.3882    0.8876   -0.2480
   -0.5907    0.0331   -0.8062
   -0.7074    0.4594    0.5372
...    57 T-A ...
 -123.8546  -69.3498   90.6175
    0.0653    0.7604   -0.6462
   -0.7203   -0.4123   -0.5579
   -0.6906    0.5019    0.5207
...    58 C-G ...
 -126.0664  -67.4657   92.1286
   -0.3433    0.3390   -0.8759
   -0.6561   -0.7539   -0.0347
   -0.6721    0.5628    0.4812
...    59 T-A ...
 -128.1882  -65.2611   93.4428
   -0.6209   -0.1576   -0.7679
   -0.4061   -0.7732    0.4871
   -0.6705    0.6142    0.4161
...    60 C-G ...
 -130.5237  -63.2016   94.5855
   -0.7538   -0.5873   -0.2946
    0.0403   -0.4889    0.8714
   -0.6558    0.6451    0.3922
...    61 G-C ...
 -132.7066  -61.2857   96.3427
   -0.5694   -0.7693    0.2897
    0.4677   -0.0133    0.8838
   -0.6761    0.6387    0.3674
...    62 A-T ...
 -134.9535  -59.0688   97.4076
   -0.1690   -0.5916    0.7883
    0.7394    0.4528    0.4983
   -0.6517    0.6671    0.3609
...    63 G-C ...
 -137.3193  -56.9555   98.4925
    0.2985   -0.2602    0.9182
    0.7330    0.6787   -0.0460
   -0.6112    0.6868    0.3933
...    64 C-G ...
 -139.6715  -54.9218   99.7435
    0.6931    0.1268    0.7096
    0.4596    0.6807   -0.5705
   -0.5553    0.7216    0.4135
...    65 T-A ...
 -141.4989  -52.6590  101.3463
    0.8849    0.3965    0.2444
    0.0165    0.4976   -0.8672
   -0.4655    0.7715    0.4338
...    66 C-G ...
 -142.9549  -50.1189  102.7946
    0.7660    0.5373   -0.3528
   -0.5119    0.1779   -0.8404
   -0.3888    0.8244    0.4114
...    67 G-C ...
 -144.1635  -47.1161  103.7754
    0.4136    0.3866   -0.8243
   -0.8750   -0.0814   -0.4772
   -0.2516    0.9187    0.3046
...    68 G-C ...
 -144.5189  -43.8099  104.4101
   -0.1117    0.1743   -0.9783
   -0.9767   -0.2009    0.0758
   -0.1834    0.9640    0.1927
...    69 G-C ...
 -144.9440  -40.4281  104.4120
   -0.6280   -0.0383   -0.7773
   -0.7614   -0.1764    0.6238
   -0.1610    0.9836    0.0816
...    70 T-A ...
 -145.1879  -37.1000  104.0555
   -0.9444   -0.1242   -0.3044
   -0.2940   -0.0951    0.9511
   -0.1470    0.9877    0.0533
...    71 C-G ...
 -145.7794  -33.8234  104.0751
   -0.9260   -0.1196    0.3582
    0.3587    0.0182    0.9333
   -0.1182    0.9927    0.0260
...    72 A-T ...
 -145.8137  -30.5021  104.4707
   -0.4964   -0.0860    0.8638
    0.8609    0.0788    0.5026
   -0.1113    0.9932    0.0349
...    73 T-A ...
 -146.7999  -27.3176  104.3177
    0.0373    0.0075    0.9993
    0.9957    0.0843   -0.0378
   -0.0845    0.9964   -0.0043
...    74 G-C ...
 -146.7403  -23.9662  104.1227
    0.6321   -0.0252    0.7745
    0.7748    0.0356   -0.6312
   -0.0117    0.9990    0.0420
...    75 T-A ...
 -147.1014  -20.7297  104.7401
    0.9489   -0.0573    0.3105
    0.3120    0.0208   -0.9498
    0.0480    0.9981    0.0376
...    76 T-A ...
 -146.8946  -17.5174  104.9948
    0.9508   -0.1006   -0.2932
   -0.2896    0.0483   -0.9559
    0.1103    0.9938    0.0168
...    77 A-T ...
 -146.1598  -14.2512  104.9910
    0.5844   -0.2329   -0.7773
   -0.7675    0.1525   -0.6227
    0.2636    0.9605   -0.0896
...    78 T-A ...
 -144.6771  -11.3440  104.8773
    0.1006   -0.1595   -0.9821
   -0.9517    0.2725   -0.1417
    0.2902    0.9488   -0.1244
...    79 A-T ...
 -143.8322   -8.1558  104.1908
   -0.5254   -0.0166   -0.8507
   -0.7920    0.3750    0.4818
    0.3110    0.9269   -0.2101
...    80 A-T ...
 -142.6632   -5.2594  103.2503
   -0.8822    0.2420   -0.4039
   -0.3163    0.3308    0.8891
    0.3488    0.9121   -0.2153
...    81 C-G ...
 -141.5017   -2.4036  101.8535
   -0.9043    0.3997    0.1501
    0.2306    0.1614    0.9596
    0.3593    0.9023   -0.2381
...    82 G-C ...
 -140.0837    0.6551  101.5003
   -0.5897    0.3967    0.7035
    0.7340   -0.1001    0.6718
    0.3369    0.9125   -0.2321
...    83 G-C ...
 -139.0259    3.7280  100.4783
   -0.0704    0.2294    0.9708
    0.9317   -0.3326    0.1461
    0.3564    0.9148   -0.1903
...    84 A-T ...
 -137.9154    6.7313   99.6524
    0.5066   -0.0399    0.8613
    0.7666   -0.4364   -0.4711
    0.3946    0.8989   -0.1905
...    85 A-T ...
 -136.7557    9.7193   99.1392
    0.8530   -0.3028    0.4250
    0.3147   -0.3512   -0.8818
    0.4162    0.8860   -0.2043
...    86 T-A ...
 -135.4310   12.7112   99.1014
    0.8788   -0.4705   -0.0801
   -0.1688   -0.1495   -0.9742
    0.4464    0.8697   -0.2108
...    87 C-G ...
 -133.8389   15.4861   98.4128
    0.5704   -0.5318   -0.6259
   -0.6475    0.1778   -0.7411
    0.5054    0.8280   -0.2429
...    88 C-G ...
 -131.7483   17.9712   97.4857
    0.0568   -0.4309   -0.9006
   -0.8230    0.4904   -0.2866
    0.5652    0.7575   -0.3268
...    89 G-C ...
 -130.1272   20.5164   95.9147
   -0.4899   -0.1503   -0.8587
   -0.6513    0.7179    0.2459
    0.5795    0.6797   -0.4496
...    90 C-G ...
 -128.1301   22.4138   93.9925
   -0.7879    0.2667   -0.5551
   -0.2320    0.7065    0.6687
    0.5705    0.6556   -0.4947
...    91 T-A ...
 -126.3247   24.4208   91.9951
   -0.7923    0.6058   -0.0728
    0.2737    0.4595    0.8450
    0.5453    0.6495   -0.5298
...    92 T-A ...
 -124.6202   26.3693   89.9879
   -0.4277    0.7997    0.4214
    0.6902   -0.0120    0.7235
    0.5837    0.6003   -0.5468
...    93 T-A ...
 -122.9063   28.2841   87.9593
    0.1107    0.6595    0.7435
    0.7930   -0.5095    0.3339
    0.5990    0.5527   -0.5794
...    94 A-T ...
 -120.4486   29.5263   85.8627
    0.6500    0.1585    0.7432
    0.4776   -0.8460   -0.2373
    0.5911    0.5092   -0.6256
...    95 A-T ...
 -118.6013   31.3437   83.8936
    0.8072   -0.3769    0.4543
   -0.0153   -0.7826   -0.6223
    0.5901    0.4954   -0.6375
...    96 C-G ...
 -116.5088   33.3304   82.2601
    0.6426   -0.7632    0.0680
   -0.4511   -0.4486   -0.7716
    0.6194    0.4651   -0.6325
...    97 A-T ...
 -114.5173   34.7055   79.9091
    0.1753   -0.9279   -0.3289
   -0.7234    0.1052   -0.6824
    0.6678    0.3576   -0.6528
...    98 C-G ...
 -111.8616   35.5398   78.0985
   -0.2736   -0.7352   -0.6202
   -0.6875    0.6004   -0.4084
    0.6727    0.3147   -0.6697
...    99 T-A ...
 -109.5165   36.1971   75.8072
   -0.6503   -0.2948   -0.7001
   -0.3902    0.9204   -0.0250
    0.6518    0.2569   -0.7136
...   100 T-A ...
 -107.3519   36.7698   73.4375
   -0.7435    0.3169   -0.5889
    0.0801    0.9165    0.3920
    0.6639    0.2443   -0.7068
...   101 T-A ...
 -105.2451   37.3124   71.0009
   -0.5238    0.8115   -0.2592
    0.5103    0.5425    0.6673
    0.6821    0.2172   -0.6982
...   102 A-T ...
 -102.4884   38.0559   69.0687
    0.0050    0.9748    0.2232
    0.7172   -0.1590    0.6785
    0.6969    0.1567   -0.6999
...   103 T-A ...
 -100.7055   38.7964   66.3651
    0.3987    0.7449    0.5349
    0.5993   -0.6531    0.4629
    0.6941    0.1360   -0.7069
...   104 G-C ...
  -98.1800   38.9749   64.1503
    0.6312    0.1853    0.7532
    0.2414   -0.9697    0.0363
    0.7371    0.1589   -0.6568
...   105 C-G ...
  -95.7626   39.8976   62.0260
    0.6243   -0.4050    0.6680
   -0.1624   -0.9037   -0.3962
    0.7641    0.1388   -0.6300
...   106 T-A ...
  -93.0603   40.4808   60.1564
    0.3776   -0.8460    0.3763
   -0.4696   -0.5253   -0.7096
    0.7980    0.0912   -0.5957
...   107 T-A ...
  -90.3549   40.8117   58.3870
    0.0191   -0.9939   -0.1084
   -0.6015    0.0752   -0.7953
    0.7986    0.0804   -0.5964
...   108 C-G ...
  -87.6936   40.9204   56.4397
   -0.3787   -0.7452   -0.5488
   -0.4737    0.6655   -0.5768
    0.7951    0.0415   -0.6051
...   109 C-G ...
  -85.0333   40.6536   54.3404
   -0.6390   -0.2360   -0.7321
   -0.1437    0.9716   -0.1878
    0.7557   -0.0148   -0.6548
...   110 G-C ...
  -82.6197   40.9641   51.9615
   -0.6660    0.3818   -0.6408
    0.2913    0.9240    0.2478
    0.6867   -0.0217   -0.7266
...   111 G-C ...
  -80.5079   40.7250   49.2970
   -0.4257    0.8412   -0.3334
    0.6347    0.5402    0.5527
    0.6450    0.0237   -0.7638
...   112 C-G ...
  -78.6855   40.7084   46.4749
   -0.0107    0.9976    0.0682
    0.7688   -0.0354    0.6386
    0.6394    0.0593   -0.7665
...   113 T-A ...
  -76.7711   41.0762   43.7513
    0.3866    0.8033    0.4530
    0.6546   -0.5850    0.4788
    0.6497    0.1115   -0.7520
...   114 C-G ...
  -74.6462   41.5071   41.2528
    0.6865    0.2728    0.6740
    0.2831   -0.9541    0.0977
    0.6697    0.1238   -0.7322
...   115 G-C ...
  -72.2453   41.4894   38.8354
    0.6470   -0.3507    0.6770
   -0.1511   -0.9293   -0.3370
    0.7473    0.1158   -0.6543
...   116 T-A ...
  -69.5532   42.3136   37.0580
    0.4367   -0.8048    0.4021
   -0.4741   -0.5857   -0.6574
    0.7645    0.0964   -0.6373
...   117 A-T ...
  -67.2542   42.4550   34.5320
    0.0183   -0.9913   -0.1300
   -0.6381    0.0886   -0.7648
    0.7697    0.0969   -0.6310
...   118 T-A ...
  -64.3393   42.5113   32.9631
   -0.3131   -0.7949   -0.5196
   -0.5506    0.5978   -0.5826
    0.7738    0.1037   -0.6249
...   119 A-T ...
  -61.9304   43.3192   30.6570
   -0.5734   -0.1855   -0.7980
   -0.2050    0.9755   -0.0795
    0.7932    0.1180   -0.5974
...   120 A-T ...
  -59.3273   43.4358   28.6875
   -0.5575    0.4401   -0.7039
    0.1700    0.8905    0.4220
    0.8126    0.1156   -0.5713
...   121 T-A ...
  -56.8906   43.2883   26.4407
   -0.3741    0.8451   -0.3818
    0.4320    0.5231    0.7346
    0.8206    0.1098   -0.5608
...   122 G-C ...
  -54.0337   43.8253   24.7487
   -0.1104    0.9770    0.1825
    0.5806   -0.0856    0.8097
    0.8067    0.1953   -0.5578
...   123 T-A ...
  -51.7578   44.6986   22.4728
    0.1939    0.7652    0.6138
    0.5443   -0.6045    0.5817
    0.8162    0.2213   -0.5337
...   124 G-C ...
  -48.8441   45.3374   20.9086
    0.3871    0.2323    0.8923
    0.3474   -0.9332    0.0923
    0.8541    0.2743   -0.4419
...   125 T-A ...
  -46.1696   46.8245   19.6387
    0.4768   -0.3221    0.8179
    0.0922   -0.9070   -0.4110
    0.8741    0.2714   -0.4028
...   126 C-G ...
  -43.2185   47.6921   18.4596
    0.4034   -0.8163    0.4134
   -0.1923   -0.5173   -0.8339
    0.8946    0.2569   -0.3656
...   127 G-C ...
  -40.2100   48.1432   16.9221
    0.1356   -0.9826   -0.1268
   -0.3325    0.0754   -0.9401
    0.9333    0.1697   -0.3165
...   128 A-T ...
  -37.0710   48.5666   15.9249
   -0.1027   -0.7258   -0.6802
   -0.3260    0.6706   -0.6664
    0.9398    0.1533   -0.3055
...   129 C-G ...
  -33.7879   48.4843   15.1641
   -0.2656   -0.2334   -0.9354
   -0.2063    0.9615   -0.1813
    0.9417    0.1448   -0.3036
...   130 C-G ...
  -30.5856   48.7047   14.0114
   -0.3826    0.3565   -0.8524
   -0.0054    0.9217    0.3879
    0.9239    0.1530   -0.3507
...   131 A-T ...
  -27.4494   49.4457   13.0615
   -0.3693    0.8312   -0.4155
    0.2254    0.5139    0.8277
    0.9016    0.2120   -0.3772
...   132 A-T ...
  -24.5797   50.0416   11.6412
   -0.1617    0.9745    0.1558
    0.3827   -0.0836    0.9201
    0.9096    0.2084   -0.3594
...   133 A-T ...
  -21.7110   50.7882   10.3151
    0.0737    0.7346    0.6744
    0.3989   -0.6416    0.6552
    0.9140    0.2207   -0.3403
...   134 T-A ...
  -19.0083   52.0402    8.9384
    0.2450    0.2904    0.9250
    0.3072   -0.9282    0.2101
    0.9196    0.2327   -0.3167
...   135 G-C ...
  -16.4569   53.8980    7.5291
    0.5336   -0.3334    0.7773
    0.0348   -0.9096   -0.4140
    0.8450    0.2479   -0.4738
...   136 T-A ...
  -14.1681   56.5698    6.1949
    0.5795   -0.7269    0.3684
   -0.3140   -0.6163   -0.7222
    0.7521    0.3028   -0.5854
...   137 G-C ...
  -11.6469   58.0146    4.7337
    0.2454   -0.9541   -0.1717
   -0.6318   -0.0231   -0.7748
    0.7352    0.2986   -0.6085
...   138 A-T ...
   -8.6698   58.7289    3.6170
   -0.0344   -0.7815   -0.6230
   -0.6534    0.4892   -0.5777
    0.7562    0.3872   -0.5274
...   139 G-C ...
   -6.3211   59.0879    1.6441
   -0.2967   -0.3277   -0.8970
   -0.5657    0.8170   -0.1114
    0.7694    0.4744   -0.4278
...   140 C-G ...
   -3.4296   60.2437    1.0435
   -0.4424    0.2288   -0.8671
   -0.1682    0.9286    0.3309
    0.8809    0.2922   -0.3723
...   141 G-C ...
   -0.6893   63.9063   -2.2356
   -0.9992    0.0156   -0.0375
   -0.0024    0.8991    0.4378
    0.0405    0.4375   -0.8983
...   142 C-G ...
   -0.9980   65.6137   -4.9249
   -0.8337    0.5217    0.1810
    0.5169    0.6220    0.5881
    0.1942    0.5839   -0.7882
...   143 T-A ...
   -0.1244   66.2250   -7.8041
   -0.3751    0.8568    0.3538
    0.8856    0.2185    0.4098
    0.2739    0.4670   -0.8408
...   144 C-G ...
   -0.1580   67.4197  -10.7921
    0.1799    0.8792    0.4411
    0.9276   -0.3009    0.2214
    0.3274    0.3694   -0.8697
...   145 A-T ...
    0.5353   69.2487  -13.4513
    0.7352    0.4961    0.4620
    0.6117   -0.7791   -0.1369
    0.2921    0.3832   -0.8763
...   146 C-G ...
    1.4421   72.1064  -15.5858
    0.9808    0.0622    0.1849
    0.1266   -0.9240   -0.3608
    0.1484    0.3773   -0.9141
...   147 A-T ...
    2.3150   74.2410  -18.3714
    0.8657   -0.4292   -0.2574
   -0.4984   -0.7868   -0.3642
   -0.0462    0.4436   -0.8950
