  147 base-pairs
...     1 A-T ...
    0.0000    0.0000    0.0000
    1.0000    0.0000    0.0000
    0.0000    1.0000    0.0000
    0.0000    0.0000    1.0000
...     2 G-C ...
   -0.1394   -1.2357    3.2268
    0.7529    0.6366    0.1670
   -0.6386    0.7680   -0.0486
   -0.1592   -0.0700    0.9848
...     3 T-A ...
   -0.0365   -3.2932    6.3751
    0.2722    0.9301    0.2466
   -0.9238    0.3243   -0.2033
   -0.2691   -0.1725    0.9475
...     4 G-C ...
   -0.3505   -4.1660    9.4928
   -0.3756    0.9250    0.0579
   -0.8781   -0.3352   -0.3415
   -0.2965   -0.1791    0.9381
...     5 A-T ...
   -0.4462   -4.1476   12.7498
   -0.8116    0.5840   -0.0165
   -0.5523   -0.7762   -0.3042
   -0.1905   -0.2378    0.9524
...     6 G-C ...
   -1.5908   -4.1730   15.6201
   -0.9976    0.0246   -0.0651
   -0.0043   -0.9555   -0.2950
   -0.0695   -0.2940    0.9533
...     7 C-G ...
   -1.1030   -4.4824   18.7362
   -0.8441   -0.5304   -0.0787
    0.5345   -0.8441   -0.0432
   -0.0435   -0.0785    0.9960
...     8 G-C ...
   -2.4028   -7.7290   23.1475
   -0.2754   -0.3293   -0.9032
    0.6650   -0.7437    0.0684
   -0.6942   -0.5818    0.4238
...     9 C-G ...
   -4.4690   -9.9728   24.1132
    0.1145   -0.7025   -0.7024
    0.8512   -0.2952    0.4340
   -0.5122   -0.6476    0.5642
...    10 T-A ...
   -6.7405  -10.8752   25.9697
    0.4841   -0.8363   -0.2574
    0.6595    0.1553    0.7355
   -0.5751   -0.5258    0.6267
...    11 C-G ...
   -9.1656  -12.6208   27.1640
    0.7073   -0.6682    0.2307
    0.3448    0.6110    0.7126
   -0.6171   -0.4245    0.6626
...    12 A-T ...
  -10.9234  -14.6633   29.0693
    0.7515   -0.1377    0.6452
   -0.2029    0.8824    0.4246
   -0.6277   -0.4500    0.6352
...    13 C-G ...
  -11.8476  -17.4863   31.2451
    0.4295    0.2823    0.8578
   -0.5708    0.8209    0.0156
   -0.6998   -0.4963    0.5137
...    14 A-T ...
  -13.5897  -19.7827   33.4259
   -0.1504    0.6104    0.7777
   -0.6874    0.5008   -0.5260
   -0.7106   -0.6136    0.3443
...    15 A-T ...
  -15.8267  -21.8426   34.5600
   -0.5260    0.7935    0.3061
   -0.4489    0.0467   -0.8924
   -0.7224   -0.6068    0.3316
...    16 T-A ...
  -17.9628  -23.7928   36.3383
   -0.7141    0.6622   -0.2271
   -0.0681   -0.3886   -0.9189
   -0.6967   -0.6407    0.3226
...    17 T-A ...
  -20.2512  -25.7165   37.7098
   -0.6348    0.2763   -0.7216
    0.3849   -0.6967   -0.6053
   -0.6700   -0.6620    0.3359
...    18 T-A ...
  -22.5478  -27.7541   38.8270
   -0.2765   -0.1664   -0.9465
    0.6802   -0.7297   -0.0704
   -0.6789   -0.6632    0.3150
...    19 A-T ...
  -24.6241  -30.2669   39.9104
    0.2386   -0.5990   -0.7644
    0.6905   -0.4489    0.5672
   -0.6829   -0.6632    0.3065
...    20 T-A ...
  -27.2799  -32.2183   40.4119
    0.5593   -0.7606   -0.3296
    0.4565   -0.0493    0.8884
   -0.6919   -0.6474    0.3197
...    21 T-A ...
  -29.6063  -34.3704   41.1814
    0.6954   -0.6588    0.2871
    0.0156    0.4133    0.9105
   -0.7184   -0.6287    0.2977
...    22 C-G ...
  -31.9452  -36.4824   42.1780
    0.5739   -0.2623    0.7758
   -0.4199    0.7191    0.5538
   -0.7031   -0.6436    0.3025
...    23 G-C ...
  -34.5748  -38.1733   43.4908
    0.3363    0.2789    0.8995
   -0.6850    0.7279    0.0304
   -0.6463   -0.6264    0.4358
...    24 C-G ...
  -36.4120  -40.5072   44.9193
   -0.0391    0.6581    0.7519
   -0.7536    0.4747   -0.4548
   -0.6562   -0.5844    0.4774
...    25 A-T ...
  -38.9590  -42.3829   46.0304
   -0.4327    0.8531    0.2915
   -0.5758   -0.0127   -0.8175
   -0.6937   -0.5216    0.4968
...    26 A-T ...
  -41.2152  -44.0155   47.7623
   -0.6733    0.6950   -0.2522
   -0.2201   -0.5140   -0.8291
   -0.7058   -0.5028    0.4991
...    27 A-T ...
  -43.4615  -45.4499   49.6423
   -0.6760    0.2570   -0.6906
    0.2216   -0.8229   -0.5232
   -0.7028   -0.5068    0.4993
...    28 G-C ...
  -46.0778  -46.7389   51.3640
   -0.4041   -0.2070   -0.8910
    0.5354   -0.8433   -0.0470
   -0.7416   -0.4960    0.4516
...    29 G-C ...
  -48.8876  -48.2871   52.6465
    0.0316   -0.6391   -0.7685
    0.6484   -0.5720    0.5023
   -0.7606   -0.5142    0.3963
...    30 C-G ...
  -51.5612  -50.0075   53.5397
    0.4217   -0.8349   -0.3537
    0.4904   -0.1181    0.8634
   -0.7627   -0.5376    0.3596
...    31 C-G ...
  -54.2968  -51.7495   54.5277
    0.6624   -0.7255    0.1866
    0.1512    0.3735    0.9152
   -0.7337   -0.5781    0.3571
...    32 G-C ...
  -56.5341  -53.3729   55.9530
    0.6999   -0.3616    0.6159
   -0.2346    0.6981    0.6765
   -0.6746   -0.6180    0.4038
...    33 G-C ...
  -58.5720  -55.6605   57.3720
    0.4840    0.1433    0.8633
   -0.5927    0.7795    0.2028
   -0.6439   -0.6098    0.4622
...    34 C-G ...
  -60.4696  -57.9641   58.7941
    0.1028    0.5976    0.7952
   -0.7553    0.5670   -0.3285
   -0.6472   -0.5669    0.5097
...    35 C-G ...
  -62.4052  -59.8132   60.9069
   -0.2757    0.8644    0.4204
   -0.6895    0.1269   -0.7131
   -0.6698   -0.4865    0.5610
...    36 C-G ...
  -64.5712  -61.2763   63.0295
   -0.5724    0.8132   -0.1056
   -0.4412   -0.4140   -0.7963
   -0.6912   -0.4091    0.5957
...    37 G-C ...
  -67.0308  -63.1808   64.4019
   -0.6620    0.4671   -0.5862
   -0.0545   -0.8100   -0.5839
   -0.7475   -0.3546    0.5617
...    38 A-T ...
  -69.4516  -64.2469   66.2022
   -0.5621   -0.1122   -0.8195
    0.3460   -0.9318   -0.1098
   -0.7513   -0.3452    0.5625
...    39 C-G ...
  -72.1996  -64.9538   67.7336
   -0.2679   -0.5831   -0.7670
    0.5696   -0.7379    0.3621
   -0.7771   -0.3399    0.5298
...    40 A-T ...
  -74.8617  -66.2891   69.3656
    0.1632   -0.9032   -0.3970
    0.6029   -0.2272    0.7648
   -0.7809   -0.3642    0.5074
...    41 C-G ...
  -77.6621  -67.7203   70.5689
    0.4642   -0.8829    0.0710
    0.4164    0.2883    0.8622
   -0.7817   -0.3707    0.5015
...    42 G-C ...
  -80.1006  -68.6280   72.6231
    0.6479   -0.5103    0.5655
    0.0597    0.7741    0.6302
   -0.7594   -0.3746    0.5320
...    43 A-T ...
  -82.6495  -69.7514   74.1418
    0.5618    0.0527    0.8256
   -0.3071    0.9400    0.1489
   -0.7682   -0.3372    0.5442
...    44 C-G ...
  -84.8808  -71.4498   75.8781
    0.3562    0.5718    0.7390
   -0.5681    0.7605   -0.3145
   -0.7419   -0.3078    0.5957
...    45 T-A ...
  -87.1157  -72.7175   78.3479
    0.0349    0.9381    0.3446
   -0.6711    0.2775   -0.6874
   -0.7405   -0.2073    0.6393
...    46 T-A ...
  -89.4374  -73.2488   80.4358
   -0.2739    0.9544   -0.1188
   -0.5982   -0.2658   -0.7560
   -0.7531   -0.1360    0.6437
...    47 A-T ...
  -91.9980  -73.3461   82.5331
   -0.4510    0.6491   -0.6126
   -0.3874   -0.7607   -0.5208
   -0.8041    0.0024    0.5946
...    48 C-G ...
  -94.5355  -72.5810   84.5424
   -0.5556    0.1371   -0.8200
   -0.1230   -0.9890   -0.0820
   -0.8223    0.0553    0.5664
...    49 T-A ...
  -97.3579  -71.8538   86.2492
   -0.4782   -0.4197   -0.7715
    0.1334   -0.9029    0.4086
   -0.8681    0.0925    0.4877
...    50 G-C ...
 -100.3243  -71.7574   87.8135
   -0.2530   -0.8813   -0.3991
    0.3571   -0.4684    0.8081
   -0.8991    0.0619    0.4333
...    51 T-A ...
 -103.4240  -71.6060   88.7132
   -0.0340   -0.9907    0.1319
    0.4304    0.1046    0.8966
   -0.9020    0.0872    0.4228
...    52 A-T ...
 -105.9411  -70.3666   91.0126
    0.1546   -0.5913    0.7915
    0.3847    0.7739    0.5031
   -0.9100    0.2267    0.3471
...    53 G-C ...
 -108.9735  -69.5813   92.0203
    0.3998   -0.0941    0.9118
    0.2669    0.9636   -0.0176
   -0.8769    0.2504    0.4104
...    54 G-C ...
 -112.1020  -69.3115   93.7104
    0.5607    0.4498    0.6952
   -0.0061    0.8418   -0.5398
   -0.8280    0.2984    0.4747
...    55 T-A ...
 -114.6702  -68.5889   95.5344
    0.5157    0.8095    0.2807
   -0.2907    0.4736   -0.8314
   -0.8059    0.3471    0.4796
...    56 A-T ...
 -117.0981  -67.3186   97.6474
    0.3674    0.8710   -0.3262
   -0.5653   -0.0694   -0.8220
   -0.7386    0.4864    0.4668
...    57 T-A ...
 -119.0031  -65.5275   99.5611
    0.0590    0.6800   -0.7308
   -0.6928   -0.4992   -0.5204
   -0.7187    0.5371    0.4417
...    58 C-G ...
 -121.3391  -63.3874  100.9610
   -0.3600    0.1737   -0.9166
   -0.6043   -0.7920    0.0872
   -0.7108    0.5853    0.3901
...    59 T-A ...
 -123.6764  -61.2199  101.8860
   -0.5991   -0.3276   -0.7306
   -0.3396   -0.7223    0.6024
   -0.7251    0.6090    0.3215
...    60 C-G ...
 -126.3178  -59.5895  102.9816
   -0.6956   -0.6931   -0.1892
    0.0534   -0.3124    0.9484
   -0.7165    0.6496    0.2543
...    61 G-C ...
 -128.5162  -57.5686  104.4908
   -0.5316   -0.7378    0.4160
    0.4403    0.1788    0.8799
   -0.7235    0.6509    0.2299
...    62 A-T ...
 -130.6353  -55.1493  105.3512
   -0.1376   -0.4496    0.8826
    0.7061    0.5804    0.4057
   -0.6946    0.6790    0.2376
...    63 G-C ...
 -132.9165  -52.8574  106.0635
    0.2934   -0.0526    0.9545
    0.6957    0.6966   -0.1755
   -0.6557    0.7155    0.2410
...    64 C-G ...
 -135.4417  -50.7104  107.0012
    0.6772    0.3424    0.6513
    0.3982    0.5738   -0.7157
   -0.6188    0.7440    0.2522
...    65 T-A ...
 -137.5430  -48.3218  108.0383
    0.8397    0.5247    0.1401
   -0.0267    0.2975   -0.9544
   -0.5424    0.7977    0.2638
...    66 C-G ...
 -139.2649  -45.5781  108.8686
    0.6997    0.5431   -0.4643
   -0.5316   -0.0384   -0.8461
   -0.4773    0.8388    0.2618
...    67 G-C ...
 -140.9821  -42.6835  108.9132
    0.3252    0.3435   -0.8810
   -0.8630   -0.2731   -0.4250
   -0.3866    0.8986    0.2076
...    68 G-C ...
 -141.9308  -39.4504  109.3503
   -0.1996    0.0553   -0.9783
   -0.9115   -0.3768    0.1647
   -0.3595    0.9247    0.1257
...    69 G-C ...
 -143.0190  -36.2449  109.1830
   -0.6495   -0.2459   -0.7195
   -0.6693   -0.2641    0.6945
   -0.3608    0.9326    0.0069
...    70 A-T ...
 -144.0490  -33.0332  108.9163
   -0.9372   -0.3248   -0.1276
   -0.1227   -0.0356    0.9918
   -0.3266    0.9451   -0.0065
...    71 T-A ...
 -145.2005  -29.9830  108.2805
   -0.8586   -0.2807    0.4288
    0.4025    0.1488    0.9033
   -0.3174    0.9482   -0.0148
...    72 C-G ...
 -146.4589  -26.8286  107.9912
   -0.4231   -0.0831    0.9023
    0.8628    0.2670    0.4292
   -0.2765    0.9601   -0.0412
...    73 C-G ...
 -147.8032  -23.5791  107.6912
    0.1656    0.0454    0.9851
    0.9555    0.2399   -0.1717
   -0.2441    0.9697   -0.0037
...    74 T-A ...
 -148.7811  -20.4567  107.8832
    0.6631    0.1097    0.7405
    0.7226    0.1645   -0.6714
   -0.1955    0.9803    0.0298
...    75 C-G ...
 -149.2189  -17.2328  107.9824
    0.9720    0.1038    0.2108
    0.2055    0.0597   -0.9768
   -0.1139    0.9928    0.0367
...    76 A-T ...
 -149.7636  -13.8773  107.8741
    0.9213   -0.0260   -0.3880
   -0.3876    0.0182   -0.9216
    0.0310    0.9995    0.0067
...    77 T-A ...
 -149.2439  -10.6808  108.1691
    0.5913   -0.0957   -0.8007
   -0.8003    0.0532   -0.5973
    0.0998    0.9940   -0.0451
...    78 G-C ...
 -148.6803   -7.2711  107.7472
   -0.0299   -0.1709   -0.9848
   -0.9856    0.1690    0.0006
    0.1664    0.9707   -0.1735
...    79 T-A ...
 -147.5385   -4.1974  106.8792
   -0.5726   -0.0528   -0.8181
   -0.7974    0.2680    0.5408
    0.1907    0.9620   -0.1956
...    80 T-A ...
 -146.7471   -1.1724  106.0671
   -0.9237    0.1573   -0.3493
   -0.2996    0.2717    0.9146
    0.2388    0.9494   -0.2038
...    81 A-T ...
 -145.7479    2.1740  105.6571
   -0.8328    0.4040    0.3785
    0.4341    0.0521    0.8994
    0.3436    0.9133   -0.2188
...    82 T-A ...
 -145.0167    5.1192  104.3560
   -0.4651    0.4130    0.7830
    0.8003   -0.1818    0.5713
    0.3783    0.8924   -0.2460
...    83 A-T ...
 -143.2584    7.9870  103.3588
    0.2598    0.2358    0.9364
    0.8763   -0.4649   -0.1261
    0.4056    0.8534   -0.3274
...    84 A-T ...
 -142.0811   10.7912  102.3062
    0.7258   -0.0770    0.6835
    0.5429   -0.5461   -0.6380
    0.4225    0.8341   -0.3546
...    85 C-G ...
 -140.9083   13.8825  101.5746
    0.8924   -0.3946    0.2189
    0.0351   -0.4229   -0.9055
    0.4499    0.8157   -0.3636
...    86 G-C ...
 -139.2363   16.2297  100.0155
    0.6796   -0.6863   -0.2590
   -0.4535   -0.1155   -0.8837
    0.5766    0.7181   -0.3898
...    87 G-C ...
 -136.9439   18.1039   98.5759
    0.2514   -0.7282   -0.6376
   -0.6996    0.3185   -0.6396
    0.6689    0.6069   -0.4294
...    88 A-T ...
 -134.7602   19.8815   96.9166
   -0.2432   -0.4111   -0.8786
   -0.6779    0.7199   -0.1492
    0.6938    0.5593   -0.4537
...    89 G-C ...
 -132.3819   21.4582   95.1727
   -0.6072    0.0110   -0.7945
   -0.4161    0.8474    0.3297
    0.6769    0.5308   -0.5100
...    90 C-G ...
 -130.0598   22.8957   93.0616
   -0.7482    0.5041   -0.4314
    0.0464    0.6883    0.7239
    0.6619    0.5216   -0.5384
...    91 T-A ...
 -128.1497   24.6534   90.7044
   -0.5720    0.8172    0.0711
    0.5149    0.2902    0.8067
    0.6386    0.4980   -0.5867
...    92 T-A ...
 -126.2845   26.2119   88.4967
   -0.1037    0.8573    0.5043
    0.7515   -0.2646    0.6043
    0.6515    0.4416   -0.6168
...    93 T-A ...
 -124.3788   27.7087   86.2630
    0.3896    0.5505    0.7383
    0.6523   -0.7309    0.2008
    0.6502    0.4034   -0.6439
...    94 A-T ...
 -121.9352   28.2997   83.9624
    0.7285   -0.0271    0.6845
    0.2427   -0.9242   -0.2948
    0.6406    0.3809   -0.6667
...    95 A-T ...
 -119.8742   29.6540   81.9092
    0.7270   -0.5650    0.3902
   -0.2373   -0.7400   -0.6294
    0.6443    0.3650   -0.6721
...    96 C-G ...
 -117.4596   31.1860   80.0932
    0.4646   -0.8853   -0.0181
   -0.6057   -0.3029   -0.7358
    0.6459    0.3528   -0.6770
...    97 A-T ...
 -115.2067   32.1629   77.7472
   -0.0484   -0.9162   -0.3977
   -0.7490    0.2967   -0.5924
    0.6607    0.2693   -0.7007
...    98 C-G ...
 -112.6222   32.4707   75.5963
   -0.4646   -0.6168   -0.6354
   -0.5902    0.7506   -0.2970
    0.6601    0.2370   -0.7128
...    99 T-A ...
 -110.0763   32.6618   73.0426
   -0.7570   -0.0646   -0.6502
   -0.1867    0.9750    0.1205
    0.6262    0.2126   -0.7501
...   100 T-A ...
 -108.0535   33.0118   70.4861
   -0.6916    0.5407   -0.4789
    0.3067    0.8202    0.4830
    0.6539    0.1871   -0.7331
...   101 T-A ...
 -106.0150   33.3990   67.9362
   -0.3588    0.9254   -0.1222
    0.6497    0.3416    0.6791
    0.6702    0.1643   -0.7238
...   102 A-T ...
 -103.4419   33.8750   65.6491
    0.2093    0.9169    0.3400
    0.7048   -0.3824    0.5975
    0.6779    0.1145   -0.7262
...   103 T-A ...
 -101.7361   34.6687   62.9850
    0.5080    0.6078    0.6103
    0.5143   -0.7824    0.3512
    0.6910    0.1354   -0.7101
...   104 G-C ...
  -99.4170   35.3913   60.7121
    0.6476   -0.0123    0.7619
    0.1204   -0.9857   -0.1183
    0.7524    0.1683   -0.6368
...   105 C-G ...
  -96.7735   36.2268   58.9154
    0.5681   -0.5699    0.5936
   -0.2688   -0.8103   -0.5207
    0.7778    0.1363   -0.6136
...   106 T-A ...
  -93.8028   36.8173   57.1989
    0.2812   -0.9396    0.1949
   -0.5202   -0.3199   -0.7919
    0.8064    0.1213   -0.5788
...   107 T-A ...
  -91.0687   37.1214   55.5367
   -0.1004   -0.9584   -0.2672
   -0.5677    0.2757   -0.7757
    0.8171    0.0738   -0.5718
...   108 C-G ...
  -88.2574   37.1197   53.6884
   -0.4476   -0.5966   -0.6661
   -0.3785    0.8013   -0.4633
    0.8102    0.0447   -0.5845
...   109 C-G ...
  -85.6131   37.0573   51.6990
   -0.6569   -0.0674   -0.7510
   -0.0564    0.9976   -0.0402
    0.7519    0.0159   -0.6591
...   110 G-C ...
  -83.3609   37.4698   49.5777
   -0.6532    0.4743   -0.5902
    0.3254    0.8797    0.3469
    0.6837    0.0346   -0.7289
...   111 G-C ...
  -81.3610   37.6304   46.8561
   -0.3928    0.8873   -0.2416
    0.6521    0.4539    0.6072
    0.6485    0.0810   -0.7569
...   112 C-G ...
  -79.6636   37.9289   43.9684
    0.0196    0.9835    0.1796
    0.7632   -0.1308    0.6328
    0.6459    0.1246   -0.7532
...   113 T-A ...
  -77.6685   38.4190   41.3414
    0.4016    0.7453    0.5322
    0.6404   -0.6439    0.4186
    0.6547    0.1727   -0.7359
...   114 C-G ...
  -75.3710   38.9439   38.9772
    0.6878    0.1983    0.6983
    0.2873   -0.9578   -0.0109
    0.6667    0.2081   -0.7157
...   115 G-C ...
  -73.0348   39.0991   36.5665
    0.6677   -0.4374    0.6024
   -0.1680   -0.8769   -0.4504
    0.7252    0.1995   -0.6590
...   116 T-A ...
  -70.2216   40.0433   34.9874
    0.4322   -0.8563    0.2826
   -0.5001   -0.4884   -0.7151
    0.7504    0.1677   -0.6394
...   117 A-T ...
  -67.3927   40.5652   33.1423
    0.0044   -0.9838   -0.1791
   -0.6360    0.1355   -0.7597
    0.7717    0.1173   -0.6251
...   118 T-A ...
  -64.4723   40.6589   31.6212
   -0.3137   -0.7628   -0.5654
   -0.5433    0.6326   -0.5520
    0.7787    0.1340   -0.6129
...   119 A-T ...
  -61.8521   41.4600   29.4712
   -0.5533   -0.1135   -0.8252
   -0.1943    0.9809   -0.0046
    0.8100    0.1577   -0.5648
...   120 A-T ...
  -59.1958   41.6311   27.5898
   -0.5564    0.4817   -0.6770
    0.1573    0.8611    0.4835
    0.8159    0.1625   -0.5549
...   121 T-A ...
  -56.7104   41.6912   25.3395
   -0.3759    0.8702   -0.3186
    0.4226    0.4670    0.7768
    0.8247    0.1574   -0.5432
...   122 G-C ...
  -53.8982   42.2497   23.3469
   -0.1035    0.9570    0.2709
    0.5606   -0.1689    0.8107
    0.8216    0.2358   -0.5191
...   123 T-A ...
  -51.4819   43.1956   21.3072
    0.1825    0.7188    0.6708
    0.5219   -0.6490    0.5535
    0.8332    0.2491   -0.4937
...   124 G-C ...
  -48.6456   44.1116   19.6835
    0.3782    0.1666    0.9106
    0.3391   -0.9402    0.0312
    0.8614    0.2970   -0.4120
...   125 T-A ...
  -46.0429   45.4997   18.4529
    0.4485   -0.3760    0.8109
    0.1048   -0.8788   -0.4655
    0.8876    0.2938   -0.3547
...   126 C-G ...
  -43.1438   46.3807   17.5037
    0.4265   -0.8242    0.3727
   -0.1562   -0.4729   -0.8671
    0.8909    0.3116   -0.3304
...   127 G-C ...
  -40.2489   46.9890   15.8618
    0.1684   -0.9744   -0.1492
   -0.2959    0.0944   -0.9506
    0.9403    0.2042   -0.2724
...   128 A-T ...
  -37.2111   47.6165   15.0428
   -0.0330   -0.7152   -0.6981
   -0.3359    0.6658   -0.6662
    0.9413    0.2125   -0.2622
...   129 C-G ...
  -33.9124   47.6542   14.5851
   -0.2358   -0.2412   -0.9414
   -0.2573    0.9496   -0.1788
    0.9371    0.2001   -0.2860
...   130 C-G ...
  -30.7221   47.9390   13.3835
   -0.4073    0.3118   -0.8584
   -0.0586    0.9290    0.3653
    0.9114    0.1991   -0.3601
...   131 A-T ...
  -27.5590   49.2247   12.9791
   -0.3772    0.8205   -0.4296
    0.1822    0.5205    0.8342
    0.9080    0.2364   -0.3458
...   132 A-T ...
  -24.6155   49.9634   11.7182
   -0.2059    0.9675    0.1470
    0.3619   -0.0643    0.9300
    0.9092    0.2446   -0.3369
...   133 A-T ...
  -21.7891   50.8494   10.2909
    0.0707    0.7444    0.6640
    0.3963   -0.6318    0.6662
    0.9154    0.2160   -0.3396
...   134 T-A ...
  -19.0084   52.0403    8.9383
    0.2450    0.2904    0.9250
    0.3072   -0.9282    0.2101
    0.9196    0.2327   -0.3167
...   135 G-C ...
  -16.4570   53.8981    7.5290
    0.5336   -0.3334    0.7773
    0.0348   -0.9096   -0.4140
    0.8450    0.2479   -0.4738
...   136 T-A ...
  -14.1682   56.5698    6.1948
    0.5795   -0.7269    0.3684
   -0.3140   -0.6163   -0.7222
    0.7521    0.3028   -0.5854
...   137 G-C ...
  -11.6469   58.0147    4.7336
    0.2454   -0.9541   -0.1717
   -0.6318   -0.0231   -0.7748
    0.7352    0.2986   -0.6085
...   138 A-T ...
   -8.6699   58.7290    3.6170
   -0.0344   -0.7815   -0.6230
   -0.6534    0.4892   -0.5777
    0.7562    0.3872   -0.5274
...   139 G-C ...
   -6.3212   59.0880    1.6440
   -0.2967   -0.3277   -0.8970
   -0.5657    0.8170   -0.1114
    0.7694    0.4744   -0.4278
...   140 C-G ...
   -3.4297   60.2438    1.0434
   -0.4424    0.2288   -0.8671
   -0.1682    0.9286    0.3309
    0.8809    0.2922   -0.3723
...   141 G-C ...
   -0.6894   63.9063   -2.2357
   -0.9992    0.0156   -0.0375
   -0.0024    0.8991    0.4378
    0.0405    0.4375   -0.8983
...   142 C-G ...
   -0.9980   65.6138   -4.9250
   -0.8337    0.5217    0.1810
    0.5169    0.6220    0.5881
    0.1942    0.5839   -0.7882
...   143 T-A ...
   -0.1245   66.2251   -7.8042
   -0.3751    0.8568    0.3538
    0.8856    0.2185    0.4098
    0.2739    0.4670   -0.8408
...   144 C-G ...
   -0.1581   67.4198  -10.7922
    0.1799    0.8792    0.4411
    0.9276   -0.3009    0.2214
    0.3274    0.3694   -0.8697
...   145 A-T ...
    0.5352   69.2488  -13.4514
    0.7352    0.4961    0.4620
    0.6117   -0.7791   -0.1369
    0.2921    0.3832   -0.8763
...   146 C-G ...
    1.4420   72.1065  -15.5859
    0.9808    0.0622    0.1849
    0.1266   -0.9240   -0.3608
    0.1484    0.3773   -0.9141
...   147 A-T ...
    2.3149   74.2411  -18.3715
    0.8657   -0.4292   -0.2574
   -0.4984   -0.7868   -0.3642
   -0.0462    0.4436   -0.8950
