  147 base-pairs
...     1 A-T ...
    0.0000    0.0000    0.0000
    1.0000    0.0000    0.0000
    0.0000    1.0000    0.0000
    0.0000    0.0000    1.0000
...     2 G-C ...
   -0.1394   -1.2357    3.2268
    0.7529    0.6366    0.1670
   -0.6386    0.7680   -0.0486
   -0.1592   -0.0700    0.9848
...     3 T-A ...
   -0.0365   -3.2932    6.3751
    0.2722    0.9301    0.2466
   -0.9238    0.3243   -0.2033
   -0.2691   -0.1725    0.9475
...     4 G-C ...
   -0.3505   -4.1660    9.4928
   -0.3756    0.9250    0.0579
   -0.8781   -0.3352   -0.3415
   -0.2965   -0.1791    0.9381
...     5 A-T ...
   -0.4462   -4.1476   12.7498
   -0.8116    0.5840   -0.0165
   -0.5523   -0.7762   -0.3042
   -0.1905   -0.2378    0.9524
...     6 G-C ...
   -1.5908   -4.1730   15.6201
   -0.9976    0.0246   -0.0651
   -0.0043   -0.9555   -0.2950
   -0.0695   -0.2940    0.9533
...     7 C-G ...
   -1.1030   -4.4824   18.7362
   -0.8441   -0.5304   -0.0787
    0.5345   -0.8441   -0.0432
   -0.0435   -0.0785    0.9960
...     8 G-C ...
   -2.4028   -7.7290   23.1475
   -0.2754   -0.3293   -0.9032
    0.6650   -0.7437    0.0684
   -0.6942   -0.5818    0.4238
...     9 C-G ...
   -4.4690   -9.9728   24.1132
    0.1145   -0.7025   -0.7024
    0.8512   -0.2952    0.4340
   -0.5122   -0.6476    0.5642
...    10 T-A ...
   -6.7405  -10.8752   25.9697
    0.4841   -0.8363   -0.2574
    0.6595    0.1553    0.7355
   -0.5751   -0.5258    0.6267
...    11 C-G ...
   -9.1656  -12.6208   27.1640
    0.7073   -0.6682    0.2307
    0.3448    0.6110    0.7126
   -0.6171   -0.4245    0.6626
...    12 A-T ...
  -10.9234  -14.6633   29.0693
    0.7515   -0.1377    0.6452
   -0.2029    0.8824    0.4246
   -0.6277   -0.4500    0.6352
...    13 C-G ...
  -11.8476  -17.4863   31.2451
    0.4295    0.2823    0.8578
   -0.5708    0.8209    0.0156
   -0.6998   -0.4963    0.5137
...    14 A-T ...
  -13.5897  -19.7827   33.4259
   -0.1504    0.6104    0.7777
   -0.6874    0.5008   -0.5260
   -0.7106   -0.6136    0.3443
...    15 A-T ...
  -15.7324  -21.8968   34.6880
   -0.5512    0.7722    0.3160
   -0.4484    0.0453   -0.8927
   -0.7036   -0.6338    0.3213
...    16 T-A ...
  -17.8040  -23.8657   36.3546
   -0.7089    0.6766   -0.1993
   -0.0856   -0.3630   -0.9279
   -0.7001   -0.6407    0.3152
...    17 T-A ...
  -20.0813  -25.8521   37.5638
   -0.6224    0.3268   -0.7112
    0.3585   -0.6887   -0.6302
   -0.6958   -0.6472    0.3115
...    18 T-A ...
  -22.4489  -27.7962   38.6577
   -0.2868   -0.1436   -0.9472
    0.6595   -0.7468   -0.0865
   -0.6949   -0.6494    0.3089
...    19 A-T ...
  -24.5113  -30.2862   39.7196
    0.2225   -0.5799   -0.7837
    0.6807   -0.4831    0.5507
   -0.6980   -0.6560    0.2873
...    20 T-A ...
  -27.1653  -32.2154   40.1256
    0.5453   -0.7483   -0.3777
    0.4609   -0.1087    0.8808
   -0.7001   -0.6544    0.2857
...    21 T-A ...
  -29.5232  -34.3625   40.8061
    0.7012   -0.6763    0.2257
    0.0460    0.3588    0.9323
   -0.7115   -0.6433    0.2827
...    22 C-G ...
  -31.8158  -36.5899   41.6798
    0.5935   -0.3027    0.7458
   -0.4003    0.6929    0.5997
   -0.6983   -0.6544    0.2900
...    23 G-C ...
  -34.3458  -38.5150   42.8889
    0.3053    0.2225    0.9259
   -0.6882    0.7236    0.0531
   -0.6582   -0.6534    0.3741
...    24 C-G ...
  -36.2142  -40.9592   44.2236
   -0.1130    0.6200    0.7764
   -0.7422    0.4669   -0.4808
   -0.6606   -0.6306    0.4074
...    25 A-T ...
  -38.6414  -42.9741   45.4017
   -0.4732    0.8302    0.2947
   -0.5401   -0.0091   -0.8416
   -0.6960   -0.5574    0.4527
...    26 A-T ...
  -40.8249  -44.7219   47.0597
   -0.6984    0.6661   -0.2617
   -0.1559   -0.4986   -0.8527
   -0.6985   -0.5547    0.4521
...    27 A-T ...
  -43.1253  -46.3597   48.6716
   -0.6545    0.2425   -0.7161
    0.2840   -0.7990   -0.5301
   -0.7007   -0.5503    0.4541
...    28 G-C ...
  -45.6513  -47.9437   50.1777
   -0.3462   -0.2125   -0.9138
    0.5848   -0.8105   -0.0331
   -0.7336   -0.5458    0.4048
...    29 G-C ...
  -48.3526  -49.6824   51.2787
    0.0983   -0.6010   -0.7932
    0.6529   -0.5626    0.5072
   -0.7510   -0.5677    0.3371
...    30 C-G ...
  -51.0813  -51.4987   52.0185
    0.4733   -0.7993   -0.3703
    0.4689   -0.1272    0.8740
   -0.7457   -0.5873    0.3146
...    31 C-G ...
  -53.6223  -53.6334   52.7917
    0.7008   -0.6908    0.1779
    0.1005    0.3425    0.9341
   -0.7063   -0.6367    0.3094
...    32 G-C ...
  -56.0131  -55.5941   54.2056
    0.6879   -0.2964    0.6625
   -0.3359    0.6791    0.6527
   -0.6434   -0.6715    0.3675
...    33 G-C ...
  -58.0634  -58.0699   55.3254
    0.4294    0.1974    0.8813
   -0.6671    0.7271    0.1622
   -0.6088   -0.6575    0.4439
...    34 C-G ...
  -59.7477  -60.5363   56.8243
    0.0149    0.6082    0.7936
   -0.7932    0.4904   -0.3610
   -0.6087   -0.6241    0.4898
...    35 C-G ...
  -61.5966  -62.6670   58.6979
   -0.3675    0.8390    0.4013
   -0.6794    0.0525   -0.7319
   -0.6351   -0.5416    0.5507
...    36 C-G ...
  -63.6759  -64.2855   60.8114
   -0.6199    0.7731   -0.1341
   -0.3813   -0.4461   -0.8097
   -0.6858   -0.4508    0.5713
...    37 G-C ...
  -66.2824  -65.8385   62.3502
   -0.6453    0.4168   -0.6402
   -0.0004   -0.8382   -0.5453
   -0.7639   -0.3516    0.5411
...    38 A-T ...
  -68.9212  -66.8815   64.0537
   -0.4955   -0.1775   -0.8503
    0.3703   -0.9286   -0.0219
   -0.7857   -0.3258    0.5259
...    39 C-G ...
  -71.8689  -67.4295   65.5652
   -0.2067   -0.6573   -0.7247
    0.5648   -0.6850    0.4602
   -0.7990   -0.3142    0.5128
...    40 A-T ...
  -74.3234  -68.7238   67.4518
    0.2139   -0.9265   -0.3094
    0.5546   -0.1455    0.8193
   -0.8041   -0.3469    0.4827
...    41 C-G ...
  -77.2870  -69.9681   68.4854
    0.4827   -0.8533    0.1973
    0.3459    0.3927    0.8521
   -0.8046   -0.3431    0.4847
...    42 G-C ...
  -79.9345  -70.7945   70.4507
    0.6559   -0.4258    0.6233
    0.0041    0.8278    0.5611
   -0.7549   -0.3654    0.5446
...    43 A-T ...
  -82.4931  -72.0355   72.1329
    0.5492    0.1781    0.8165
   -0.3796    0.9236    0.0538
   -0.7445   -0.3395    0.5748
...    44 C-G ...
  -84.6126  -73.6681   74.0896
    0.2933    0.6643    0.6875
   -0.6137    0.6822   -0.3974
   -0.7331   -0.3053    0.6078
...    45 T-A ...
  -86.8217  -74.7218   76.3383
   -0.0162    0.9541    0.2992
   -0.6903    0.2058   -0.6936
   -0.7233   -0.2177    0.6553
...    46 T-A ...
  -89.0514  -75.3519   78.5944
   -0.3770    0.9070   -0.1874
   -0.5673   -0.3861   -0.7274
   -0.7321   -0.1679    0.6602
...    47 A-T ...
  -91.6945  -75.8600   80.6161
   -0.5856    0.4893   -0.6463
   -0.2581   -0.8683   -0.4235
   -0.7684   -0.0811    0.6348
...    48 C-G ...
  -94.2145  -75.4360   82.7548
   -0.6158   -0.0605   -0.7856
    0.0719   -0.9972    0.0204
   -0.7846   -0.0439    0.6184
...    49 T-A ...
  -97.0136  -75.3040   84.5853
   -0.4530   -0.6093   -0.6508
    0.3639   -0.7928    0.4889
   -0.8139   -0.0154    0.5808
...    50 G-C ...
  -99.5842  -75.7324   86.7013
   -0.1170   -0.9701   -0.2125
    0.5412   -0.2416    0.8054
   -0.8327   -0.0208    0.5533
...    51 T-A ...
 -102.7130  -75.8239   88.0125
    0.1918   -0.9401    0.2820
    0.5248    0.3410    0.7799
   -0.8293   -0.0016    0.5588
...    52 A-T ...
 -105.2816  -75.1129   90.2451
    0.4314   -0.4308    0.7927
    0.2978    0.8974    0.3256
   -0.8516    0.0956    0.5154
...    53 G-C ...
 -108.1742  -75.0292   91.9320
    0.5782    0.1386    0.8040
    0.0328    0.9807   -0.1927
   -0.8152    0.1378    0.5625
...    54 G-C ...
 -110.9846  -74.7946   93.8290
    0.5861    0.6471    0.4876
   -0.2836    0.7276   -0.6247
   -0.7590    0.2278    0.6099
...    55 T-A ...
 -113.1416  -74.3165   96.2689
    0.3967    0.9174    0.0332
   -0.5528    0.2676   -0.7892
   -0.7328    0.2947    0.6133
...    56 A-T ...
 -115.4736  -73.0696   98.3295
    0.1217    0.8396   -0.5294
   -0.7197   -0.2926   -0.6296
   -0.6835    0.4576    0.5686
...    57 T-A ...
 -117.1772  -71.2117  100.4075
   -0.2409    0.5532   -0.7975
   -0.6963   -0.6709   -0.2550
   -0.6761    0.4939    0.5468
...    58 C-G ...
 -119.4488  -69.3956  101.9451
   -0.5921    0.0184   -0.8056
   -0.4480   -0.8385    0.3102
   -0.6698    0.5446    0.5047
...    59 T-A ...
 -121.7100  -67.3207  103.2766
   -0.7264   -0.4690   -0.5024
   -0.0821   -0.6665    0.7410
   -0.6823    0.5795    0.4456
...    60 C-G ...
 -124.1060  -65.4178  104.5915
   -0.6411   -0.7624    0.0877
    0.3762   -0.2126    0.9018
   -0.6689    0.6111    0.4231
...    61 G-C ...
 -126.0758  -63.3755  106.4688
   -0.2704   -0.7382    0.6180
    0.6861    0.3025    0.6616
   -0.6754    0.6029    0.4247
...    62 A-T ...
 -128.3622  -61.2796  107.6872
    0.2089   -0.3752    0.9031
    0.7292    0.6751    0.1118
   -0.6516    0.6352    0.4146
...    63 G-C ...
 -130.7046  -59.3143  109.0567
    0.6167    0.0345    0.7864
    0.5133    0.7398   -0.4349
   -0.5968    0.6719    0.4386
...    64 C-G ...
 -132.9338  -57.3911  110.6469
    0.8383    0.3961    0.3746
    0.0962    0.5688   -0.8169
   -0.5366    0.7208    0.4387
...    65 T-A ...
 -134.5686  -55.0524  112.3397
    0.8133    0.5538   -0.1782
   -0.3758    0.2663   -0.8876
   -0.4442    0.7889    0.4247
...    66 C-G ...
 -135.9031  -52.4032  113.7033
    0.4737    0.5261   -0.7063
   -0.7940   -0.0918   -0.6009
   -0.3810    0.8454    0.3743
...    67 G-C ...
 -137.2467  -49.3723  114.4451
    0.0022    0.2363   -0.9717
   -0.9563   -0.2835   -0.0711
   -0.2923    0.9294    0.2254
...    68 G-C ...
 -137.9814  -46.0549  114.5861
   -0.5077   -0.0494   -0.8601
   -0.8193   -0.2809    0.4998
   -0.2663    0.9585    0.1021
...    69 G-C ...
 -138.9773  -42.7970  114.2890
   -0.8712   -0.2507   -0.4222
   -0.4047   -0.1203    0.9065
   -0.2781    0.9605    0.0033
...    70 A-T ...
 -140.0094  -39.6208  114.1121
   -0.9398   -0.2400    0.2431
    0.2268    0.0936    0.9694
   -0.2555    0.9662   -0.0335
...    71 T-A ...
 -141.1125  -36.5507  113.3359
   -0.6801   -0.0921    0.7273
    0.7034    0.1978    0.6828
   -0.2067    0.9759   -0.0697
...    72 C-G ...
 -141.8224  -33.3041  112.9485
   -0.0858    0.0827    0.9929
    0.9809    0.1815    0.0697
   -0.1744    0.9799   -0.0967
...    73 C-G ...
 -142.6329  -30.0226  112.4420
    0.5076    0.1144    0.8540
    0.8542    0.0629   -0.5161
   -0.1127    0.9914   -0.0658
...    74 G-C ...
 -142.8063  -26.7025  111.6404
    0.9173    0.0016    0.3983
    0.3974   -0.0702   -0.9150
    0.0265    0.9975   -0.0651
...    75 C-G ...
 -142.8476  -23.3848  111.8192
    0.9779   -0.1193   -0.1716
   -0.1815   -0.0781   -0.9803
    0.1035    0.9898   -0.0980
...    76 T-A ...
 -142.2043  -20.1435  111.6553
    0.7078   -0.2598   -0.6569
   -0.6757    0.0222   -0.7368
    0.2060    0.9654   -0.1599
...    77 T-A ...
 -141.3294  -17.0881  111.1079
    0.1798   -0.2675   -0.9466
   -0.9525    0.1933   -0.2355
    0.2460    0.9440   -0.2200
...    78 T-A ...
 -140.3248  -14.1314  110.2614
   -0.4125   -0.1402   -0.9001
   -0.8718    0.3472    0.3455
    0.2641    0.9272   -0.2655
...    79 T-A ...
 -139.2910  -11.2444  109.1780
   -0.8427    0.1039   -0.5282
   -0.4534    0.3920    0.8005
    0.2902    0.9141   -0.2832
...    80 C-G ...
 -138.4916   -8.2412  108.0226
   -0.9379    0.3397    0.0698
    0.1714    0.2790    0.9449
    0.3015    0.8982   -0.3199
...    81 A-T ...
 -137.3423   -5.1933  107.2817
   -0.6341    0.4324    0.6411
    0.7193    0.0257    0.6942
    0.2837    0.9013   -0.3273
...    82 T-A ...
 -136.9710   -2.2289  105.7795
   -0.1359    0.4228    0.8960
    0.9409   -0.2280    0.2503
    0.3101    0.8771   -0.3669
...    83 G-C ...
 -135.5435    0.5078  104.4794
    0.4502    0.1543    0.8795
    0.8213   -0.4580   -0.3400
    0.3504    0.8754   -0.3330
...    84 T-A ...
 -134.8054    3.6663  103.6802
    0.8121   -0.1466    0.5648
    0.4351   -0.4928   -0.7535
    0.3888    0.8577   -0.3364
...    85 T-A ...
 -133.5852    6.5105  102.7221
    0.8987   -0.4372    0.0344
   -0.1249   -0.3304   -0.9356
    0.4204    0.8365   -0.3515
...    86 A-T ...
 -131.9923    9.1841  101.4911
    0.5862   -0.6673   -0.4595
   -0.6098    0.0100   -0.7925
    0.5334    0.7448   -0.4010
...    87 T-A ...
 -129.7590   11.3789  100.5704
    0.1723   -0.6007   -0.7807
   -0.8151    0.3580   -0.4554
    0.5531    0.7148   -0.4279
...    88 A-T ...
 -127.8828   13.5744   98.8611
   -0.4056   -0.3502   -0.8443
   -0.7235    0.6875    0.0624
    0.5586    0.6362   -0.5322
...    89 A-T ...
 -125.9674   15.4028   96.9759
   -0.7517    0.1190   -0.6487
   -0.3335    0.7800    0.5295
    0.5690    0.6143   -0.5467
...    90 C-G ...
 -124.0846   16.9363   94.6514
   -0.8140    0.5227   -0.2534
    0.1475    0.6080    0.7801
    0.5618    0.5976   -0.5720
...    91 G-C ...
 -122.1934   19.2457   93.0455
   -0.5875    0.7581    0.2830
    0.6277    0.2062    0.7506
    0.5107    0.6187   -0.5970
...    92 G-C ...
 -120.6352   21.3222   90.8408
   -0.1373    0.7150    0.6856
    0.8528   -0.2668    0.4490
    0.5039    0.6463   -0.5730
...    93 A-T ...
 -119.0394   23.3959   88.8059
    0.4152    0.3967    0.8187
    0.7442   -0.6657   -0.0549
    0.5232    0.6321   -0.5716
...    94 A-T ...
 -117.5030   25.5954   86.9590
    0.7828   -0.0684    0.6185
    0.3379   -0.7879   -0.5149
    0.5225    0.6120   -0.5936
...    95 A-T ...
 -115.8241   27.7098   85.1565
    0.8235   -0.5278    0.2080
   -0.1930   -0.6053   -0.7722
    0.5335    0.5958   -0.6004
...    96 C-G ...
 -113.7965   29.8652   83.6967
    0.5622   -0.8001   -0.2091
   -0.6007   -0.2213   -0.7682
    0.5684    0.5575   -0.6051
...    97 A-T ...
 -111.9495   31.5683   81.4539
    0.0336   -0.8416   -0.5390
   -0.7897    0.3081   -0.5304
    0.6125    0.4435   -0.6543
...    98 C-G ...
 -109.4699   32.5613   79.4865
   -0.4220   -0.5601   -0.7129
   -0.6662    0.7249   -0.1752
    0.6149    0.4010   -0.6790
...    99 T-A ...
 -107.3570   33.4986   77.0754
   -0.7530   -0.0888   -0.6520
   -0.2939    0.9319    0.2125
    0.5887    0.3516   -0.7279
...   100 T-A ...
 -105.4142   34.3663   74.6031
   -0.7642    0.4917   -0.4174
    0.2154    0.8046    0.5534
    0.6079    0.3330   -0.7208
...   101 T-A ...
 -103.5203   35.2083   72.0765
   -0.4576    0.8885   -0.0337
    0.6271    0.3494    0.6962
    0.6304    0.2974   -0.7171
...   102 A-T ...
 -100.8926   36.0641   70.0266
    0.1271    0.9070    0.4014
    0.7547   -0.3510    0.5542
    0.6436    0.2325   -0.7292
...   103 T-A ...
  -99.2910   37.1654   67.3373
    0.5168    0.5898    0.6205
    0.5674   -0.7787    0.2677
    0.6411    0.2137   -0.7371
...   104 G-C ...
  -96.9651   37.5830   64.9510
    0.6999   -0.0113    0.7141
    0.1499   -0.9753   -0.1623
    0.6983    0.2206   -0.6809
...   105 C-G ...
  -94.6342   38.6939   62.8392
    0.6273   -0.5680    0.5327
   -0.2711   -0.8006   -0.5343
    0.7300    0.1908   -0.6563
...   106 T-A ...
  -92.0108   39.3796   60.9094
    0.3216   -0.9255    0.2002
   -0.5558   -0.3557   -0.7513
    0.7666    0.1303   -0.6288
...   107 T-A ...
  -89.3897   39.7805   59.0376
   -0.0760   -0.9611   -0.2657
   -0.6350    0.2521   -0.7302
    0.7688    0.1132   -0.6294
...   108 C-G ...
  -86.8422   39.9612   56.9582
   -0.4706   -0.6178   -0.6300
   -0.4421    0.7830   -0.4376
    0.7636    0.0726   -0.6416
...   109 C-G ...
  -84.3322   39.7874   54.6729
   -0.6916   -0.0722   -0.7186
   -0.0680    0.9971   -0.0348
    0.7191    0.0248   -0.6945
...   110 G-C ...
  -82.0238   40.2525   52.2307
   -0.6592    0.5214   -0.5419
    0.3793    0.8528    0.3590
    0.6493    0.0311   -0.7599
...   111 G-C ...
  -80.0519   40.2182   49.4539
   -0.3687    0.9096   -0.1916
    0.6991    0.4072    0.5878
    0.6126    0.0828   -0.7860
...   112 C-G ...
  -78.3480   40.4420   46.5732
    0.0708    0.9767    0.2027
    0.7874   -0.1794    0.5897
    0.6123    0.1178   -0.7818
...   113 T-A ...
  -76.5196   41.0335   43.8379
    0.4610    0.7067    0.5366
    0.6252   -0.6879    0.3687
    0.6297    0.1655   -0.7590
...   114 C-G ...
  -74.4623   41.6411   41.3283
    0.7239    0.1374    0.6761
    0.2182   -0.9753   -0.0354
    0.6545    0.1731   -0.7360
...   115 G-C ...
  -72.1416   41.7851   38.8526
    0.6377   -0.4709    0.6096
   -0.2200   -0.8698   -0.4417
    0.7382    0.1476   -0.6583
...   116 T-A ...
  -69.4432   42.6404   37.1170
    0.3921   -0.8713    0.2953
   -0.5232   -0.4752   -0.7074
    0.7567    0.1229   -0.6421
...   117 A-T ...
  -67.1313   42.9047   34.6414
   -0.0468   -0.9742   -0.2210
   -0.6413    0.1989   -0.7411
    0.7659    0.1070   -0.6340
...   118 T-A ...
  -64.2415   42.9188   33.0316
   -0.3692   -0.7253   -0.5811
   -0.5197    0.6794   -0.5179
    0.7704    0.1108   -0.6278
...   119 A-T ...
  -61.8089   43.7032   30.7698
   -0.5986   -0.0942   -0.7955
   -0.1500    0.9887   -0.0042
    0.7869    0.1168   -0.6059
...   120 A-T ...
  -59.2445   43.8071   28.7521
   -0.5468    0.5160   -0.6594
    0.2262    0.8493    0.4770
    0.8061    0.1116   -0.5811
...   121 T-A ...
  -56.8654   43.6824   26.4460
   -0.3380    0.8859   -0.3177
    0.4727    0.4517    0.7566
    0.8138    0.1056   -0.5715
...   122 G-C ...
  -54.0347   44.1841   24.7126
   -0.0641    0.9678    0.2433
    0.5910   -0.1596    0.7907
    0.8041    0.1944   -0.5618
...   123 T-A ...
  -51.7696   45.0911   22.4488
    0.2342    0.7208    0.6524
    0.5295   -0.6574    0.5362
    0.8154    0.2199   -0.5356
...   124 G-C ...
  -48.8687   45.7262   20.8734
    0.4052    0.1724    0.8978
    0.3160   -0.9479    0.0393
    0.8578    0.2678   -0.4386
...   125 T-A ...
  -46.1643   47.1837   19.6502
    0.4736   -0.3755    0.7967
    0.0596   -0.8888   -0.4543
    0.8787    0.2626   -0.3986
...   126 C-G ...
  -43.1984   48.0113   18.4964
    0.3813   -0.8447    0.3756
   -0.2126   -0.4755   -0.8536
    0.8997    0.2456   -0.3609
...   127 G-C ...
  -40.1894   48.4298   16.9740
    0.1070   -0.9808   -0.1628
   -0.3337    0.1188   -0.9352
    0.9366    0.1544   -0.3146
...   128 A-T ...
  -37.0458   48.7967   15.9868
   -0.1248   -0.7016   -0.7016
   -0.3101    0.6993   -0.6441
    0.9425    0.1372   -0.3048
...   129 C-G ...
  -33.7730   48.6481   15.2109
   -0.2749   -0.2025   -0.9399
   -0.1827    0.9707   -0.1557
    0.9439    0.1290   -0.3039
...   130 C-G ...
  -30.5702   48.8027   14.0584
   -0.3789    0.3815   -0.8432
    0.0157    0.9136    0.4063
    0.9253    0.1407   -0.3521
...   131 A-T ...
  -27.4311   49.4753   13.0898
   -0.3595    0.8419   -0.4023
    0.2382    0.4997    0.8328
    0.9022    0.2036   -0.3802
...   132 A-T ...
  -24.5683   50.0498   11.6537
   -0.1523    0.9745    0.1645
    0.3872   -0.0943    0.9172
    0.9093    0.2034   -0.3630
...   133 A-T ...
  -21.7068   50.7896   10.3158
    0.0778    0.7321    0.6768
    0.3989   -0.6450    0.6519
    0.9137    0.2193   -0.3422
...   134 T-A ...
  -19.0084   52.0402    8.9384
    0.2450    0.2904    0.9250
    0.3072   -0.9282    0.2101
    0.9196    0.2327   -0.3167
...   135 G-C ...
  -16.4570   53.8980    7.5290
    0.5336   -0.3334    0.7773
    0.0348   -0.9096   -0.4140
    0.8450    0.2479   -0.4738
...   136 T-A ...
  -14.1681   56.5697    6.1948
    0.5795   -0.7269    0.3684
   -0.3140   -0.6163   -0.7222
    0.7521    0.3028   -0.5854
...   137 G-C ...
  -11.6469   58.0146    4.7336
    0.2454   -0.9541   -0.1717
   -0.6318   -0.0231   -0.7748
    0.7352    0.2986   -0.6085
...   138 A-T ...
   -8.6698   58.7288    3.6170
   -0.0344   -0.7815   -0.6230
   -0.6534    0.4892   -0.5777
    0.7562    0.3872   -0.5274
...   139 G-C ...
   -6.3211   59.0879    1.6440
   -0.2967   -0.3277   -0.8970
   -0.5657    0.8170   -0.1114
    0.7694    0.4744   -0.4278
...   140 C-G ...
   -3.4296   60.2436    1.0435
   -0.4424    0.2288   -0.8671
   -0.1682    0.9286    0.3309
    0.8809    0.2922   -0.3723
...   141 G-C ...
   -0.6894   63.9062   -2.2356
   -0.9992    0.0156   -0.0375
   -0.0024    0.8991    0.4378
    0.0405    0.4375   -0.8983
...   142 C-G ...
   -0.9980   65.6137   -4.9249
   -0.8337    0.5217    0.1810
    0.5169    0.6220    0.5881
    0.1942    0.5839   -0.7882
...   143 T-A ...
   -0.1245   66.2249   -7.8042
   -0.3751    0.8568    0.3538
    0.8856    0.2185    0.4098
    0.2739    0.4670   -0.8408
...   144 C-G ...
   -0.1581   67.4196  -10.7922
    0.1799    0.8792    0.4411
    0.9276   -0.3009    0.2214
    0.3274    0.3694   -0.8697
...   145 A-T ...
    0.5352   69.2486  -13.4514
    0.7352    0.4961    0.4620
    0.6117   -0.7791   -0.1369
    0.2921    0.3832   -0.8763
...   146 C-G ...
    1.4420   72.1063  -15.5859
    0.9808    0.0622    0.1849
    0.1266   -0.9240   -0.3608
    0.1484    0.3773   -0.9141
...   147 A-T ...
    2.3150   74.2410  -18.3715
    0.8657   -0.4292   -0.2574
   -0.4984   -0.7868   -0.3642
   -0.0462    0.4436   -0.8950
