  147 base-pairs
...     1 A-T ...
    0.0000    0.0000    0.0000
    1.0000    0.0000    0.0000
    0.0000    1.0000    0.0000
    0.0000    0.0000    1.0000
...     2 G-C ...
   -0.1394   -1.2357    3.2268
    0.7529    0.6366    0.1670
   -0.6386    0.7680   -0.0486
   -0.1592   -0.0700    0.9848
...     3 T-A ...
   -0.0365   -3.2932    6.3751
    0.2722    0.9301    0.2466
   -0.9238    0.3243   -0.2033
   -0.2691   -0.1725    0.9475
...     4 G-C ...
   -0.3505   -4.1660    9.4928
   -0.3756    0.9250    0.0579
   -0.8781   -0.3352   -0.3415
   -0.2965   -0.1791    0.9381
...     5 A-T ...
   -0.4462   -4.1476   12.7498
   -0.8116    0.5840   -0.0165
   -0.5523   -0.7762   -0.3042
   -0.1905   -0.2378    0.9524
...     6 G-C ...
   -1.5908   -4.1730   15.6201
   -0.9976    0.0246   -0.0651
   -0.0043   -0.9555   -0.2950
   -0.0695   -0.2940    0.9533
...     7 C-G ...
   -1.1030   -4.4824   18.7362
   -0.8441   -0.5304   -0.0787
    0.5345   -0.8441   -0.0432
   -0.0435   -0.0785    0.9960
...     8 G-C ...
   -2.4028   -7.7290   23.1475
   -0.2754   -0.3293   -0.9032
    0.6650   -0.7437    0.0684
   -0.6942   -0.5818    0.4238
...     9 C-G ...
   -4.4690   -9.9728   24.1132
    0.1145   -0.7025   -0.7024
    0.8512   -0.2952    0.4340
   -0.5122   -0.6476    0.5642
...    10 T-A ...
   -6.7405  -10.8752   25.9697
    0.4841   -0.8363   -0.2574
    0.6595    0.1553    0.7355
   -0.5751   -0.5258    0.6267
...    11 C-G ...
   -9.1656  -12.6208   27.1640
    0.7073   -0.6682    0.2307
    0.3448    0.6110    0.7126
   -0.6171   -0.4245    0.6626
...    12 A-T ...
  -10.9234  -14.6633   29.0693
    0.7515   -0.1377    0.6452
   -0.2029    0.8824    0.4246
   -0.6277   -0.4500    0.6352
...    13 C-G ...
  -11.8476  -17.4863   31.2451
    0.4295    0.2823    0.8578
   -0.5708    0.8209    0.0156
   -0.6998   -0.4963    0.5137
...    14 A-T ...
  -13.5897  -19.7827   33.4259
   -0.1504    0.6104    0.7777
   -0.6874    0.5008   -0.5260
   -0.7106   -0.6136    0.3443
...    15 A-T ...
  -15.8180  -21.8484   34.5739
   -0.5335    0.7888    0.3054
   -0.4473    0.0434   -0.8933
   -0.7179   -0.6132    0.3297
...    16 T-A ...
  -17.9398  -23.8275   36.3469
   -0.7219    0.6531   -0.2289
   -0.0605   -0.3891   -0.9192
   -0.6894   -0.6497    0.3204
...    17 T-A ...
  -20.2009  -25.7874   37.7115
   -0.6376    0.2648   -0.7234
    0.3989   -0.6899   -0.6041
   -0.6590   -0.6738    0.3342
...    18 T-A ...
  -22.4597  -27.8710   38.8362
   -0.2711   -0.1764   -0.9463
    0.6966   -0.7144   -0.0664
   -0.6643   -0.6772    0.3165
...    19 A-T ...
  -24.4624  -30.4398   39.9407
    0.2570   -0.5971   -0.7599
    0.7013   -0.4258    0.5717
   -0.6649   -0.6799    0.3093
...    20 T-A ...
  -27.0554  -32.4702   40.4435
    0.5851   -0.7434   -0.3239
    0.4550   -0.0297    0.8900
   -0.6713   -0.6681    0.3209
...    21 T-A ...
  -29.3041  -34.6998   41.2227
    0.7197   -0.6305    0.2907
   -0.0018    0.4170    0.9089
   -0.6943   -0.6546    0.2990
...    22 C-G ...
  -31.5494  -36.9050   42.2350
    0.5828   -0.2348    0.7779
   -0.4506    0.7033    0.5499
   -0.6762   -0.6710    0.3040
...    23 G-C ...
  -34.0764  -38.7174   43.5957
    0.3212    0.2974    0.8991
   -0.7206    0.6927    0.0283
   -0.6144   -0.6570    0.4369
...    24 C-G ...
  -35.7927  -41.1369   45.0388
   -0.0747    0.6570    0.7502
   -0.7772    0.4331   -0.4566
   -0.6249   -0.6171    0.4782
...    25 A-T ...
  -38.2663  -43.1388   46.1368
   -0.4886    0.8242    0.2863
   -0.5697   -0.0528   -0.8202
   -0.6609   -0.5638    0.4953
...    26 A-T ...
  -40.4187  -44.9155   47.8656
   -0.7208    0.6429   -0.2593
   -0.1771   -0.5325   -0.8277
   -0.6702   -0.5506    0.4976
...    27 A-T ...
  -42.5597  -46.5180   49.7396
   -0.6911    0.1968   -0.6954
    0.2902   -0.8057   -0.5164
   -0.6619   -0.5587    0.4997
...    28 G-C ...
  -45.0657  -48.0185   51.4613
   -0.3809   -0.2507   -0.8900
    0.6067   -0.7941   -0.0360
   -0.6977   -0.5536    0.4546
...    29 G-C ...
  -47.7196  -49.8016   52.7758
    0.0925   -0.6452   -0.7584
    0.6961   -0.5027    0.5126
   -0.7119   -0.5754    0.4026
...    30 C-G ...
  -50.2305  -51.7367   53.7095
    0.4997   -0.7977   -0.3375
    0.4968   -0.0552    0.8661
   -0.7095   -0.6005    0.3688
...    31 C-G ...
  -52.7887  -53.7111   54.7371
    0.7291   -0.6540    0.2016
    0.1122    0.4048    0.9075
   -0.6751   -0.6391    0.3685
...    32 G-C ...
  -54.8661  -55.5176   56.2027
    0.7318   -0.2749    0.6236
   -0.3046    0.6866    0.6602
   -0.6096   -0.6731    0.4187
...    33 G-C ...
  -56.6703  -57.9612   57.6778
    0.4665    0.2145    0.8581
   -0.6693    0.7199    0.1839
   -0.5784   -0.6601    0.4794
...    34 C-G ...
  -58.3163  -60.4088   59.1776
    0.0395    0.6275    0.7777
   -0.8107    0.4751   -0.3422
   -0.5841   -0.6169    0.5274
...    35 C-G ...
  -60.0522  -62.3840   61.3554
   -0.3680    0.8417    0.3952
   -0.7001    0.0289   -0.7135
   -0.6120   -0.5392    0.5786
...    36 C-G ...
  -62.0561  -64.0031   63.5319
   -0.6615    0.7384   -0.1309
   -0.3931   -0.4901   -0.7780
   -0.6386   -0.4632    0.6145
...    37 G-C ...
  -64.2971  -66.1579   64.9645
   -0.7163    0.3588   -0.5984
    0.0412   -0.8344   -0.5496
   -0.6965   -0.4184    0.5829
...    38 A-T ...
  -66.5716  -67.4328   66.8289
   -0.5485   -0.2177   -0.8073
    0.4569   -0.8867   -0.0713
   -0.7003   -0.4080    0.5858
...    39 C-G ...
  -69.2071  -68.3985   68.4268
   -0.1991   -0.6501   -0.7333
    0.6593   -0.6425    0.3906
   -0.7251   -0.4057    0.5565
...    40 A-T ...
  -71.6639  -69.9734   70.1774
    0.2717   -0.8987   -0.3443
    0.6337   -0.1022    0.7668
   -0.7243   -0.4266    0.5417
...    41 C-G ...
  -74.2549  -71.6625   71.5194
    0.5726   -0.8111    0.1195
    0.3850    0.3947    0.8342
   -0.7238   -0.4316    0.5383
...    42 G-C ...
  -76.5481  -72.7117   73.6774
    0.7145   -0.3828    0.5857
   -0.0299    0.8196    0.5722
   -0.6990   -0.4263    0.5741
...    43 A-T ...
  -78.9241  -74.0258   75.3225
    0.5627    0.1845    0.8058
   -0.4204    0.9032    0.0867
   -0.7118   -0.3875    0.5858
...    44 C-G ...
  -80.9043  -75.8573   77.2183
    0.2948    0.6687    0.6826
   -0.6648    0.6567   -0.3562
   -0.6864   -0.3488    0.6381
...    45 T-A ...
  -82.9277  -77.1822   79.8310
   -0.0750    0.9623    0.2613
   -0.7151    0.1307   -0.6867
   -0.6950   -0.2384    0.6784
...    46 T-A ...
  -85.1394  -77.7929   82.0115
   -0.3914    0.8988   -0.1973
   -0.5784   -0.4071   -0.7069
   -0.7157   -0.1626    0.6792
...    47 A-T ...
  -87.6491  -78.0320   84.1665
   -0.5523    0.5168   -0.6542
   -0.2966   -0.8551   -0.4252
   -0.7791   -0.0408    0.6256
...    48 C-G ...
  -90.2270  -77.3890   86.1862
   -0.5975   -0.0274   -0.8014
    0.0092   -0.9996    0.0273
   -0.8018    0.0089    0.5975
...    49 T-A ...
  -93.0683  -76.8609   87.9456
   -0.4459   -0.5645   -0.6946
    0.2710   -0.8248    0.4963
   -0.8531    0.0331    0.5208
...    50 G-C ...
  -95.9268  -76.9774   89.6861
   -0.1539   -0.9494   -0.2739
    0.4562   -0.3142    0.8326
   -0.8765    0.0032    0.4815
...    51 T-A ...
  -98.9729  -77.1092   90.7733
    0.1009   -0.9599    0.2614
    0.4601    0.2780    0.8432
   -0.8821    0.0352    0.4697
...    52 A-T ...
 -101.4795  -75.7742   93.1034
    0.2653   -0.4380    0.8589
    0.3145    0.8814    0.3524
   -0.9114    0.1766    0.3716
...    53 G-C ...
 -104.5351  -75.1342   94.1749
    0.4616    0.1009    0.8814
    0.1508    0.9701   -0.1901
   -0.8742    0.2206    0.4325
...    54 G-C ...
 -107.5603  -74.8914   96.0293
    0.5511    0.6173    0.5615
   -0.1390    0.7314   -0.6677
   -0.8228    0.2900    0.4888
...    55 T-A ...
 -110.0595  -74.1294   97.9191
    0.4437    0.8913    0.0938
   -0.4005    0.2908   -0.8689
   -0.8017    0.3480    0.4860
...    56 A-T ...
 -112.4383  -72.7179  100.0085
    0.2544    0.8248   -0.5050
   -0.6181   -0.2630   -0.7408
   -0.7438    0.5006    0.4429
...    57 T-A ...
 -114.3525  -70.7719  101.7467
   -0.0644    0.5338   -0.8432
   -0.6831   -0.6395   -0.3527
   -0.7275    0.5533    0.4058
...    58 C-G ...
 -116.7699  -68.5960  102.9572
   -0.4513   -0.0343   -0.8917
   -0.5196   -0.8023    0.2939
   -0.7255    0.5959    0.3443
...    59 T-A ...
 -119.3334  -66.4239  103.7081
   -0.6469   -0.5148   -0.5625
   -0.2043   -0.5937    0.7783
   -0.7347    0.6184    0.2789
...    60 T-A ...
 -121.7611  -64.3600  104.2812
   -0.6562   -0.7545    0.0094
    0.1959   -0.1583    0.9678
   -0.7287    0.6369    0.2517
...    61 C-G ...
 -124.1024  -62.1142  105.3679
   -0.4261   -0.6372    0.6422
    0.5715    0.3607    0.7371
   -0.7013    0.6811    0.2104
...    62 A-T ...
 -125.8579  -59.2547  106.1021
    0.0575   -0.3307    0.9420
    0.7374    0.6501    0.1832
   -0.6730    0.6841    0.2812
...    63 T-A ...
 -128.3978  -57.3663  107.0262
    0.4486    0.0507    0.8923
    0.6058    0.7168   -0.3453
   -0.6571    0.6955    0.2909
...    64 G-C ...
 -130.7468  -54.9409  108.0296
    0.7865    0.4098    0.4620
    0.2280    0.5026   -0.8339
   -0.5740    0.7612    0.3019
...    65 T-A ...
 -132.6370  -52.6658  109.6086
    0.8048    0.5893   -0.0716
   -0.2247    0.1907   -0.9556
   -0.5494    0.7851    0.2859
...    66 T-A ...
 -134.1833  -50.1218  110.6111
    0.6047    0.5062   -0.6148
   -0.6369   -0.1561   -0.7550
   -0.4782    0.8481    0.2281
...    67 A-T ...
 -135.8223  -47.2556  111.0038
    0.1843    0.2077   -0.9607
   -0.8941   -0.3706   -0.2516
   -0.4083    0.9053    0.1174
...    68 T-A ...
 -136.4278  -44.0600  111.2901
   -0.3053   -0.0298   -0.9518
   -0.8719   -0.3930    0.2920
   -0.3828    0.9190    0.0940
...    69 A-T ...
 -137.9568  -41.0112  111.7182
   -0.8153   -0.2483   -0.5231
   -0.4735   -0.2340    0.8491
   -0.3332    0.9400    0.0733
...    70 A-T ...
 -138.9823  -37.9294  111.6919
   -0.9549   -0.2760    0.1098
    0.1216   -0.0261    0.9922
   -0.2710    0.9608    0.0585
...    71 C-G ...
 -140.0905  -34.6295  111.1787
   -0.7238   -0.1688    0.6691
    0.6579    0.1239    0.7429
   -0.2083    0.9778    0.0213
...    72 G-C ...
 -140.5513  -31.3755  111.2936
   -0.1187   -0.0059    0.9929
    0.9783    0.1702    0.1180
   -0.1697    0.9854   -0.0144
...    73 G-C ...
 -141.3247  -28.1237  110.9103
    0.4475    0.0235    0.8940
    0.8879    0.1070   -0.4473
   -0.1062    0.9940    0.0270
...    74 A-T ...
 -141.7041  -24.9024  111.0226
    0.8951    0.0186    0.4454
    0.4440    0.0531   -0.8944
   -0.0403    0.9984    0.0393
...    75 C-G ...
 -141.8998  -21.6981  111.7468
    0.9959    0.0100   -0.0895
   -0.0898    0.0417   -0.9951
   -0.0062    0.9991    0.0424
...    76 G-C ...
 -141.9643  -18.3560  111.2742
    0.7493   -0.1175   -0.6517
   -0.6501    0.0568   -0.7577
    0.1261    0.9914   -0.0338
...    77 A-T ...
 -141.4364  -15.0646  111.0122
    0.2309   -0.1517   -0.9611
   -0.9585    0.1344   -0.2515
    0.1673    0.9792   -0.1143
...    78 G-C ...
 -140.4967  -11.9357  110.2716
   -0.3234   -0.1431   -0.9354
   -0.9250    0.2563    0.2806
    0.1996    0.9559   -0.2152
...    79 C-G ...
 -139.5199   -8.8776  109.0422
   -0.8116    0.0138   -0.5840
   -0.5457    0.3388    0.7664
    0.2085    0.9407   -0.2675
...    80 T-A ...
 -138.8139   -5.8324  107.9792
   -0.9733    0.2202   -0.0642
    0.0108    0.3238    0.9461
    0.2292    0.9201   -0.3175
...    81 C-G ...
 -138.0944   -2.6985  107.1613
   -0.7421    0.4052    0.5340
    0.6269    0.1373    0.7669
    0.2374    0.9039   -0.3559
...    82 G-C ...
 -136.2402    0.3843  106.6958
   -0.2138    0.4049    0.8890
    0.9475   -0.1355    0.2896
    0.2377    0.9043   -0.3547
...    83 G-C ...
 -135.4265    3.3235  105.2088
    0.3654    0.1982    0.9095
    0.8723   -0.4139   -0.2602
    0.3249    0.8885   -0.3241
...    84 G-C ...
 -134.5244    6.3522  104.0709
    0.7452   -0.1599    0.6474
    0.5218   -0.4647   -0.7154
    0.4153    0.8709   -0.2628
...    85 A-T ...
 -133.2139    9.3300  103.3608
    0.8845   -0.4540    0.1079
   -0.0303   -0.2866   -0.9576
    0.4656    0.8437   -0.2672
...    86 T-A ...
 -131.4701   12.1015  103.0810
    0.7132   -0.5809   -0.3924
   -0.4827   -0.0010   -0.8758
    0.5084    0.8140   -0.2811
...    87 C-G ...
 -129.5288   14.6309  102.2035
    0.2591   -0.5200   -0.8139
   -0.7934    0.3660   -0.4864
    0.5508    0.7718   -0.3177
...    88 C-G ...
 -127.5200   16.9479  100.9984
   -0.2672   -0.3335   -0.9041
   -0.7847    0.6199    0.0033
    0.5593    0.7103   -0.4273
...    89 G-C ...
 -126.0509   19.4976   99.4137
   -0.7263    0.0042   -0.6873
   -0.4528    0.7495    0.4830
    0.5171    0.6620   -0.5425
...    90 C-G ...
 -124.3540   21.4158   97.0477
   -0.8545    0.4413   -0.2742
    0.0757    0.6279    0.7746
    0.5140    0.6411   -0.5700
...    91 T-A ...
 -123.0190   23.5794   94.6320
   -0.6364    0.7386    0.2223
    0.5931    0.2844    0.7532
    0.4931    0.6112   -0.6191
...    92 T-A ...
 -121.6510   25.4859   92.3333
   -0.1104    0.8037    0.5846
    0.8511   -0.2273    0.4732
    0.5133    0.5498   -0.6590
...    93 T-A ...
 -120.2346   27.3116   89.9787
    0.4410    0.5353    0.7204
    0.7357   -0.6753    0.0514
    0.5140    0.5073   -0.6917
...    94 A-T ...
 -118.2164   28.2919   87.4088
    0.8091   -0.0079    0.5876
    0.2784   -0.8754   -0.3951
    0.5175    0.4833   -0.7062
...    95 A-T ...
 -116.5371   29.9498   85.2496
    0.8081   -0.5241    0.2688
   -0.2470   -0.7158   -0.6531
    0.5348    0.4614   -0.7079
...    96 C-G ...
 -114.4604   31.7848   83.3189
    0.5260   -0.8420   -0.1199
   -0.6543   -0.3105   -0.6895
    0.5434    0.4412   -0.7142
...    97 A-T ...
 -112.5147   33.0327   80.8265
   -0.0213   -0.8990   -0.4375
   -0.8209    0.2655   -0.5055
    0.5706    0.3484   -0.7437
...    98 C-G ...
 -110.1870   33.5963   78.4490
   -0.4796   -0.6217   -0.6192
   -0.6630    0.7190   -0.2085
    0.5749    0.3105   -0.7570
...    99 T-A ...
 -107.8939   34.0471   75.6903
   -0.8043   -0.0884   -0.5876
   -0.2342    0.9560    0.1768
    0.5461    0.2798   -0.7896
...   100 T-A ...
 -106.1056   34.6117   72.9960
   -0.7535    0.5190   -0.4035
    0.3004    0.8178    0.4908
    0.5848    0.2486   -0.7722
...   101 T-A ...
 -104.2857   35.1562   70.3041
   -0.4018    0.9132   -0.0678
    0.6805    0.3474    0.6451
    0.6127    0.2131   -0.7611
...   102 A-T ...
 -101.8546   35.7543   67.8713
    0.2180    0.9112    0.3496
    0.7483   -0.3860    0.5395
    0.6265    0.1440   -0.7660
...   103 T-A ...
 -100.3305   36.6379   65.1254
    0.5400    0.5997    0.5906
    0.5437   -0.7842    0.2992
    0.6425    0.1595   -0.7495
...   104 G-C ...
  -98.1690   37.4329   62.7247
    0.6946   -0.0225    0.7191
    0.1214   -0.9815   -0.1479
    0.7091    0.1900   -0.6790
...   105 C-G ...
  -95.6467   38.3252   60.8051
    0.6052   -0.5757    0.5498
   -0.2940   -0.8035   -0.5177
    0.7398    0.1517   -0.6555
...   106 T-A ...
  -92.7849   38.9595   58.9300
    0.2943   -0.9410    0.1670
   -0.5631   -0.3119   -0.7653
    0.7722    0.1312   -0.6216
...   107 T-A ...
  -90.1472   39.2755   57.1248
   -0.1163   -0.9563   -0.2683
   -0.6074    0.2822   -0.7426
    0.7858    0.0766   -0.6137
...   108 C-G ...
  -87.4453   39.2602   55.1252
   -0.4838   -0.5931   -0.6436
   -0.3983    0.8040   -0.4415
    0.7793    0.0428   -0.6252
...   109 C-G ...
  -84.9269   39.1504   52.9742
   -0.6913   -0.0621   -0.7199
   -0.0500    0.9980   -0.0381
    0.7208    0.0097   -0.6931
...   110 G-C ...
  -82.7811   39.5350   50.7456
   -0.6720    0.4805   -0.5635
    0.3504    0.8766    0.3297
    0.6524    0.0241   -0.7575
...   111 G-C ...
  -80.8934   39.6541   47.9374
   -0.3884    0.8922   -0.2304
    0.6826    0.4466    0.5785
    0.6190    0.0674   -0.7825
...   112 C-G ...
  -79.2963   39.8825   44.9864
    0.0429    0.9840    0.1728
    0.7839   -0.1404    0.6048
    0.6194    0.1095   -0.7774
...   113 T-A ...
  -77.3890   40.3070   42.2835
    0.4346    0.7411    0.5118
    0.6423   -0.6533    0.4007
    0.6313    0.1546   -0.7600
...   114 C-G ...
  -75.1770   40.7539   39.8172
    0.7153    0.1891    0.6727
    0.2648   -0.9642   -0.0105
    0.6467    0.1857   -0.7398
...   115 G-C ...
  -72.9189   40.8216   37.3255
    0.6746   -0.4474    0.5872
   -0.2040   -0.8774   -0.4342
    0.7094    0.1732   -0.6832
...   116 T-A ...
  -70.1305   41.6685   35.6566
    0.4178   -0.8639    0.2814
   -0.5335   -0.4840   -0.6937
    0.7355    0.1397   -0.6630
...   117 A-T ...
  -67.3354   42.0760   33.7310
   -0.0279   -0.9861   -0.1636
   -0.6523    0.1420   -0.7446
    0.7575    0.0859   -0.6472
...   118 T-A ...
  -64.4556   42.0556   32.1311
   -0.3500   -0.7620   -0.5449
   -0.5391    0.6395   -0.5481
    0.7661    0.1019   -0.6346
...   119 A-T ...
  -61.8591   42.7295   29.9075
   -0.5751   -0.1076   -0.8110
   -0.1651    0.9862   -0.0138
    0.8013    0.1259   -0.5849
...   120 A-T ...
  -59.2383   42.7889   27.9692
   -0.5542    0.4901   -0.6728
    0.1930    0.8619    0.4689
    0.8097    0.1300   -0.5723
...   121 T-A ...
  -56.7929   42.7362   25.6736
   -0.3541    0.8775   -0.3233
    0.4509    0.4631    0.7630
    0.8193    0.1244   -0.5597
...   122 G-C ...
  -53.9963   43.1715   23.6264
   -0.0689    0.9630    0.2605
    0.5681   -0.1767    0.8038
    0.8201    0.2034   -0.5349
...   123 T-A ...
  -51.5827   44.0043   21.5376
    0.2145    0.7205    0.6595
    0.5092   -0.6587    0.5539
    0.8335    0.2170   -0.5082
...   124 G-C ...
  -48.7379   44.8056   19.8710
    0.3940    0.1650    0.9042
    0.3106   -0.9498    0.0380
    0.8650    0.2659   -0.4255
...   125 T-A ...
  -46.1075   46.0950   18.5998
    0.4457   -0.3808    0.8101
    0.0736   -0.8864   -0.4571
    0.8922    0.2633   -0.3670
...   126 C-G ...
  -43.1898   46.8709   17.6213
    0.4062   -0.8324    0.3770
   -0.1776   -0.4766   -0.8610
    0.8963    0.2828   -0.3414
...   127 G-C ...
  -40.2933   47.3726   15.9479
    0.1441   -0.9789   -0.1451
   -0.3004    0.0964   -0.9489
    0.9428    0.1804   -0.2802
...   128 A-T ...
  -37.2453   47.9183   15.1032
   -0.0537   -0.7170   -0.6950
   -0.3245    0.6708   -0.6669
    0.9443    0.1897   -0.2687
...   129 C-G ...
  -33.9474   47.8784   14.6227
   -0.2460   -0.2386   -0.9394
   -0.2379    0.9544   -0.1801
    0.9396    0.1792   -0.2916
...   130 C-G ...
  -30.7554   48.0928   13.4128
   -0.4053    0.3183   -0.8570
   -0.0394    0.9305    0.3642
    0.9133    0.1814   -0.3646
...   131 A-T ...
  -27.5700   49.3061   12.9918
   -0.3689    0.8241   -0.4299
    0.1921    0.5202    0.8322
    0.9094    0.2244   -0.3502
...   132 A-T ...
  -24.6191   49.9988   11.7276
   -0.1986    0.9692    0.1459
    0.3650   -0.0651    0.9287
    0.9096    0.2377   -0.3408
...   133 A-T ...
  -21.7903   50.8653   10.2914
    0.0752    0.7448    0.6631
    0.3956   -0.6327    0.6657
    0.9153    0.2123   -0.3422
...   134 T-A ...
  -19.0084   52.0403    8.9384
    0.2450    0.2904    0.9250
    0.3072   -0.9282    0.2101
    0.9196    0.2327   -0.3167
...   135 G-C ...
  -16.4570   53.8981    7.5291
    0.5336   -0.3334    0.7773
    0.0348   -0.9096   -0.4140
    0.8450    0.2479   -0.4738
...   136 T-A ...
  -14.1681   56.5699    6.1949
    0.5795   -0.7269    0.3684
   -0.3140   -0.6163   -0.7222
    0.7521    0.3028   -0.5854
...   137 G-C ...
  -11.6469   58.0148    4.7337
    0.2454   -0.9541   -0.1717
   -0.6318   -0.0231   -0.7748
    0.7352    0.2986   -0.6085
...   138 A-T ...
   -8.6698   58.7290    3.6171
   -0.0344   -0.7815   -0.6230
   -0.6534    0.4892   -0.5777
    0.7562    0.3872   -0.5274
...   139 G-C ...
   -6.3212   59.0880    1.6441
   -0.2967   -0.3277   -0.8970
   -0.5657    0.8170   -0.1114
    0.7694    0.4744   -0.4278
...   140 C-G ...
   -3.4297   60.2438    1.0435
   -0.4424    0.2288   -0.8671
   -0.1682    0.9286    0.3309
    0.8809    0.2922   -0.3723
...   141 G-C ...
   -0.6894   63.9064   -2.2356
   -0.9992    0.0156   -0.0375
   -0.0024    0.8991    0.4378
    0.0405    0.4375   -0.8983
...   142 C-G ...
   -0.9980   65.6138   -4.9249
   -0.8337    0.5217    0.1810
    0.5169    0.6220    0.5881
    0.1942    0.5839   -0.7882
...   143 T-A ...
   -0.1245   66.2251   -7.8041
   -0.3751    0.8568    0.3538
    0.8856    0.2185    0.4098
    0.2739    0.4670   -0.8408
...   144 C-G ...
   -0.1581   67.4198  -10.7921
    0.1799    0.8792    0.4411
    0.9276   -0.3009    0.2214
    0.3274    0.3694   -0.8697
...   145 A-T ...
    0.5352   69.2488  -13.4513
    0.7352    0.4961    0.4620
    0.6117   -0.7791   -0.1369
    0.2921    0.3832   -0.8763
...   146 C-G ...
    1.4420   72.1065  -15.5858
    0.9808    0.0622    0.1849
    0.1266   -0.9240   -0.3608
    0.1484    0.3773   -0.9141
...   147 A-T ...
    2.3150   74.2411  -18.3714
    0.8657   -0.4292   -0.2574
   -0.4984   -0.7868   -0.3642
   -0.0462    0.4436   -0.8950
