  147 base-pairs
...     1 A-T ...
    0.0000    0.0000    0.0000
    1.0000    0.0000    0.0000
    0.0000    1.0000    0.0000
    0.0000    0.0000    1.0000
...     2 G-C ...
   -0.1394   -1.2357    3.2268
    0.7529    0.6366    0.1670
   -0.6386    0.7680   -0.0486
   -0.1592   -0.0700    0.9848
...     3 T-A ...
   -0.0365   -3.2932    6.3751
    0.2722    0.9301    0.2466
   -0.9238    0.3243   -0.2033
   -0.2691   -0.1725    0.9475
...     4 G-C ...
   -0.3505   -4.1660    9.4928
   -0.3756    0.9250    0.0579
   -0.8781   -0.3352   -0.3415
   -0.2965   -0.1791    0.9381
...     5 A-T ...
   -0.4462   -4.1476   12.7498
   -0.8116    0.5840   -0.0165
   -0.5523   -0.7762   -0.3042
   -0.1905   -0.2378    0.9524
...     6 G-C ...
   -1.5908   -4.1730   15.6201
   -0.9976    0.0246   -0.0651
   -0.0043   -0.9555   -0.2950
   -0.0695   -0.2940    0.9533
...     7 C-G ...
   -1.1030   -4.4824   18.7362
   -0.8441   -0.5304   -0.0787
    0.5345   -0.8441   -0.0432
   -0.0435   -0.0785    0.9960
...     8 G-C ...
   -2.4028   -7.7290   23.1475
   -0.2754   -0.3293   -0.9032
    0.6650   -0.7437    0.0684
   -0.6942   -0.5818    0.4238
...     9 C-G ...
   -4.4690   -9.9728   24.1132
    0.1145   -0.7025   -0.7024
    0.8512   -0.2952    0.4340
   -0.5122   -0.6476    0.5642
...    10 T-A ...
   -6.7405  -10.8752   25.9697
    0.4841   -0.8363   -0.2574
    0.6595    0.1553    0.7355
   -0.5751   -0.5258    0.6267
...    11 C-G ...
   -9.1656  -12.6208   27.1640
    0.7073   -0.6682    0.2307
    0.3448    0.6110    0.7126
   -0.6171   -0.4245    0.6626
...    12 A-T ...
  -10.9234  -14.6633   29.0693
    0.7515   -0.1377    0.6452
   -0.2029    0.8824    0.4246
   -0.6277   -0.4500    0.6352
...    13 C-G ...
  -11.8476  -17.4863   31.2451
    0.4295    0.2823    0.8578
   -0.5708    0.8209    0.0156
   -0.6998   -0.4963    0.5137
...    14 A-T ...
  -13.5897  -19.7827   33.4259
   -0.1504    0.6104    0.7777
   -0.6874    0.5008   -0.5260
   -0.7106   -0.6136    0.3443
...    15 A-T ...
  -15.8142  -21.8531   34.5699
   -0.5308    0.7896    0.3079
   -0.4486    0.0466   -0.8925
   -0.7191   -0.6119    0.3294
...    16 T-A ...
  -17.9373  -23.8288   36.3427
   -0.7197    0.6569   -0.2246
   -0.0645   -0.3854   -0.9205
   -0.6912   -0.6480    0.3198
...    17 T-A ...
  -20.2043  -25.7825   37.7073
   -0.6383    0.2720   -0.7201
    0.3931   -0.6891   -0.6087
   -0.6618   -0.6717    0.3330
...    18 T-A ...
  -22.4707  -27.8554   38.8239
   -0.2753   -0.1651   -0.9471
    0.6905   -0.7194   -0.0753
   -0.6689   -0.6747    0.3121
...    19 A-T ...
  -24.4980  -30.4056   39.8837
    0.2466   -0.5796   -0.7767
    0.7005   -0.4473    0.5561
   -0.6697   -0.6812    0.2956
...    20 T-A ...
  -27.1075  -32.4215   40.3459
    0.5752   -0.7392   -0.3503
    0.4613   -0.0605    0.8852
   -0.6755   -0.6707    0.3062
...    21 T-A ...
  -29.3739  -34.6531   41.0716
    0.7169   -0.6462    0.2617
    0.0122    0.3869    0.9220
   -0.6970   -0.6578    0.2852
...    22 C-G ...
  -31.6243  -36.8733   42.0306
    0.5910   -0.2675    0.7610
   -0.4361    0.6877    0.5804
   -0.6786   -0.6749    0.2898
...    23 G-C ...
  -34.1426  -38.7090   43.3679
    0.3365    0.2610    0.9048
   -0.7135    0.6978    0.0641
   -0.6146   -0.6671    0.4210
...    24 C-G ...
  -35.8611  -41.1619   44.7453
   -0.0570    0.6289    0.7754
   -0.7793    0.4574   -0.4283
   -0.6241   -0.6287    0.4640
...    25 A-T ...
  -38.3210  -43.1821   45.8161
   -0.4718    0.8184    0.3281
   -0.5846   -0.0119   -0.8112
   -0.6600   -0.5746    0.4841
...    26 A-T ...
  -40.4626  -44.9984   47.5152
   -0.7151    0.6644   -0.2172
   -0.2013   -0.4934   -0.8462
   -0.6694   -0.5614    0.4866
...    27 A-T ...
  -42.5923  -46.6419   49.3634
   -0.7010    0.2402   -0.6715
    0.2651   -0.7863   -0.5580
   -0.6621   -0.5692    0.4875
...    28 G-C ...
  -45.0912  -48.1690   51.0661
   -0.4037   -0.1996   -0.8928
    0.5891   -0.8034   -0.0867
   -0.7000   -0.5609    0.4420
...    29 G-C ...
  -47.7617  -49.9537   52.3398
    0.0626   -0.6051   -0.7937
    0.6950   -0.5443    0.4698
   -0.7163   -0.5810    0.3865
...    30 C-G ...
  -50.2959  -51.8838   53.2085
    0.4738   -0.7876   -0.3940
    0.5136   -0.1163    0.8501
   -0.7154   -0.6051    0.3494
...    31 C-G ...
  -52.8733  -53.8627   54.1670
    0.7180   -0.6809    0.1446
    0.1413    0.3460    0.9275
   -0.6816   -0.6455    0.3446
...    32 G-C ...
  -54.9409  -55.7224   55.5628
    0.7390   -0.3315    0.5865
   -0.2732    0.6483    0.7107
   -0.6158   -0.6854    0.3885
...    33 G-C ...
  -56.7503  -58.2294   56.9237
    0.4910    0.1438    0.8592
   -0.6477    0.7198    0.2497
   -0.5825   -0.6792    0.4465
...    34 C-G ...
  -58.4139  -60.7386   58.2912
    0.0734    0.5682    0.8196
   -0.8068    0.5169   -0.2861
   -0.5862   -0.6403    0.4964
...    35 C-G ...
  -60.1376  -62.8361   60.3603
   -0.3366    0.8179    0.4666
   -0.7160    0.0995   -0.6910
   -0.6116   -0.5667    0.5521
...    36 C-G ...
  -62.1159  -64.5777   62.4611
   -0.6430    0.7640   -0.0543
   -0.4251   -0.4150   -0.8044
   -0.6371   -0.4941    0.5916
...    37 G-C ...
  -64.3684  -66.7693   63.7868
   -0.7172    0.4302   -0.5481
    0.0020   -0.7853   -0.6191
   -0.6968   -0.4451    0.5624
...    38 A-T ...
  -66.6309  -68.1307   65.5952
   -0.5727   -0.1275   -0.8098
    0.4255   -0.8905   -0.1607
   -0.7007   -0.4367    0.5642
...    39 C-G ...
  -69.2592  -69.1539   67.1609
   -0.2362   -0.5719   -0.7856
    0.6448   -0.6971    0.3137
   -0.7270   -0.4324    0.5334
...    40 A-T ...
  -71.7363  -70.8026   68.8017
    0.2329   -0.8671   -0.4403
    0.6441   -0.2017    0.7379
   -0.7286   -0.4554    0.5115
...    41 C-G ...
  -74.3558  -72.5384   70.0152
    0.5448   -0.8383    0.0200
    0.4149    0.2903    0.8623
   -0.7287   -0.4615    0.5060
...    42 G-C ...
  -76.6360  -73.7511   72.0959
    0.7097   -0.4706    0.5242
    0.0097    0.7506    0.6607
   -0.7044   -0.4639    0.5373
...    43 A-T ...
  -79.0232  -75.1642   73.6368
    0.5820    0.0713    0.8100
   -0.3855    0.9013    0.1977
   -0.7160   -0.4273    0.5521
...    44 C-G ...
  -81.0324  -77.1319   75.3611
    0.3292    0.5726    0.7508
   -0.6445    0.7173   -0.2645
   -0.6901   -0.3969    0.6052
...    45 T-A ...
  -83.0592  -78.6912   77.8436
   -0.0354    0.9242    0.3802
   -0.7174    0.2414   -0.6535
   -0.6958   -0.2959    0.6545
...    46 T-A ...
  -85.2503  -79.5023   79.9814
   -0.3579    0.9309   -0.0726
   -0.6016   -0.2893   -0.7446
   -0.7141   -0.2228    0.6636
...    47 A-T ...
  -87.7084  -79.8870   82.1646
   -0.5231    0.6316   -0.5723
   -0.3445   -0.7708   -0.5359
   -0.7796   -0.0832    0.6208
...    48 C-G ...
  -90.2263  -79.3969   84.2824
   -0.5943    0.1201   -0.7952
   -0.0485   -0.9923   -0.1137
   -0.8028   -0.0290    0.5956
...    49 T-A ...
  -93.0316  -78.9490   86.1093
   -0.4729   -0.4303   -0.7689
    0.2161   -0.9026    0.3722
   -0.8542    0.0098    0.5199
...    50 G-C ...
  -95.9272  -79.1413   87.7887
   -0.2042   -0.8862   -0.4158
    0.4213   -0.4630    0.7798
   -0.8836   -0.0159    0.4679
...    51 T-A ...
  -98.9935  -79.2541   88.8089
    0.0392   -0.9932    0.1092
    0.4569    0.1150    0.8820
   -0.8886    0.0153    0.4583
...    52 A-T ...
 -101.4694  -78.1647   91.2785
    0.2147   -0.5839    0.7829
    0.3550    0.7934    0.4945
   -0.9099    0.1718    0.3776
...    53 G-C ...
 -104.5085  -77.5500   92.3923
    0.4336   -0.0716    0.8983
    0.2134    0.9766   -0.0252
   -0.8755    0.2026    0.4387
...    54 G-C ...
 -107.5955  -77.4488   94.1742
    0.5596    0.4797    0.6758
   -0.0664    0.8388   -0.5404
   -0.8261    0.2576    0.5013
...    55 T-A ...
 -110.1395  -76.8528   96.0690
    0.4873    0.8336    0.2601
   -0.3395    0.4553   -0.8230
   -0.8045    0.3127    0.5049
...    56 A-T ...
 -112.5417  -75.6755   98.2749
    0.3278    0.8794   -0.3453
   -0.5892   -0.0954   -0.8023
   -0.7385    0.4665    0.4869
...    57 T-A ...
 -114.4402  -73.9269  100.2236
    0.0196    0.6711   -0.7411
   -0.6955   -0.5234   -0.4924
   -0.7183    0.5250    0.4565
...    58 C-G ...
 -116.7945  -71.8187  101.6584
   -0.3888    0.1479   -0.9094
   -0.5854   -0.8019    0.1198
   -0.7115    0.5789    0.3983
...    59 T-A ...
 -119.1498  -69.6857  102.5982
   -0.6136   -0.3554   -0.7051
   -0.3104   -0.7125    0.6293
   -0.7260    0.6050    0.3269
...    60 C-G ...
 -121.8119  -68.1261  103.7401
   -0.6935   -0.7055   -0.1459
    0.0820   -0.2785    0.9569
   -0.7157    0.6517    0.2511
...    61 G-C ...
 -123.9637  -66.0583  105.2573
   -0.5254   -0.7087    0.4708
    0.4695    0.2200    0.8551
   -0.7096    0.6703    0.2171
...    62 A-T ...
 -126.0087  -63.5514  106.0541
   -0.1149   -0.3893    0.9139
    0.7277    0.5932    0.3442
   -0.6762    0.7046    0.2151
...    63 G-C ...
 -128.2058  -61.1524  106.6642
    0.3231    0.0121    0.9463
    0.7047    0.6643   -0.2491
   -0.6316    0.7474    0.2061
...    64 C-G ...
 -130.6618  -58.8761  107.4858
    0.7067    0.3734    0.6009
    0.3901    0.5029   -0.7713
   -0.5903    0.7795    0.2097
...    65 T-A ...
 -132.6740  -56.3531  108.3926
    0.8628    0.5005    0.0715
   -0.0452    0.2172   -0.9751
   -0.5036    0.8380    0.2101
...    66 C-G ...
 -134.2755  -53.4851  109.0652
    0.7110    0.4659   -0.5267
   -0.5551   -0.0879   -0.8271
   -0.4317    0.8804    0.1962
...    67 G-C ...
 -135.7819  -50.5057  108.8995
    0.3253    0.2401   -0.9146
   -0.8854   -0.2624   -0.3838
   -0.3321    0.9346    0.1273
...    68 G-C ...
 -136.5131  -47.1889  108.9960
   -0.2144   -0.0295   -0.9763
   -0.9306   -0.2974    0.2134
   -0.2967    0.9543    0.0364
...    69 G-C ...
 -137.4027  -43.9546  108.4565
   -0.6791   -0.2726   -0.6816
   -0.6732   -0.1390    0.7263
   -0.2928    0.9520   -0.0891
...    70 A-T ...
 -138.2043  -40.7226  107.8445
   -0.9624   -0.2599   -0.0796
   -0.1047    0.0841    0.9909
   -0.2508    0.9620   -0.1082
...    71 T-A ...
 -139.1202  -37.6745  106.8835
   -0.8698   -0.1545    0.4686
    0.4332    0.2153    0.8752
   -0.2361    0.9643   -0.1203
...    72 C-G ...
 -140.1093  -34.4680  106.2266
   -0.4061    0.0705    0.9111
    0.8948    0.2331    0.3808
   -0.1855    0.9699   -0.1577
...    73 C-G ...
 -140.7108  -31.2934  105.4871
    0.1676    0.0955    0.9812
    0.9750    0.1315   -0.1794
   -0.1462    0.9867   -0.0711
...    74 G-C ...
 -140.6749  -27.9865  105.0592
    0.7140    0.0468    0.6985
    0.6979    0.0306   -0.7155
   -0.0549    0.9984   -0.0108
...    75 C-G ...
 -141.2440  -24.5764  105.3105
    0.9874    0.0120    0.1580
    0.1583   -0.0411   -0.9865
   -0.0054    0.9991   -0.0425
...    76 T-A ...
 -141.1906  -21.1317  105.5660
    0.8968   -0.0959   -0.4318
   -0.4362   -0.0292   -0.8994
    0.0737    0.9950   -0.0681
...    77 T-A ...
 -140.6176  -17.9371  105.4896
    0.4779   -0.1378   -0.8675
   -0.8718    0.0467   -0.4877
    0.1077    0.9894   -0.0978
...    78 T-A ...
 -140.1135  -14.7719  105.0386
   -0.1093   -0.1496   -0.9827
   -0.9852    0.1475    0.0871
    0.1319    0.9777   -0.1635
...    79 A-T ...
 -140.1710  -11.4599  104.3595
   -0.6948   -0.0604   -0.7167
   -0.7040    0.2612    0.6605
    0.1473    0.9634   -0.2240
...    80 A-T ...
 -139.5930   -8.4315  103.3878
   -0.9711    0.1506   -0.1852
   -0.1415    0.2616    0.9547
    0.1922    0.9534   -0.2327
...    81 C-G ...
 -139.0187   -5.3527  101.9895
   -0.8616    0.3300    0.3858
    0.4468    0.1321    0.8848
    0.2410    0.9347   -0.2613
...    82 A-T ...
 -138.1901   -2.1981  101.1636
   -0.3910    0.3371    0.8564
    0.8807   -0.1332    0.4546
    0.2673    0.9320   -0.2448
...    83 C-G ...
 -137.9694    1.0612  100.1796
    0.1482    0.2105    0.9663
    0.9449   -0.3187   -0.0755
    0.2920    0.9242   -0.2461
...    84 T-A ...
 -137.4131    4.5608   99.5799
    0.6522   -0.0702    0.7548
    0.6706   -0.4110   -0.6176
    0.3536    0.9089   -0.2209
...    85 T-A ...
 -136.3649    7.6067   99.1627
    0.9128   -0.3126    0.2629
    0.1636   -0.3100   -0.9366
    0.3743    0.8979   -0.2318
...    86 T-A ...
 -135.1237   10.5646   98.5523
    0.8130   -0.4871   -0.3190
   -0.3957   -0.0603   -0.9164
    0.4272    0.8713   -0.2418
...    87 C-G ...
 -133.6622   13.1772   97.3377
    0.3839   -0.5165   -0.7654
   -0.7694    0.2794   -0.5744
    0.5106    0.8094   -0.2901
...    88 A-T ...
 -131.5210   15.6886   96.4468
   -0.1597   -0.3854   -0.9088
   -0.7921    0.5995   -0.1150
    0.5892    0.7015   -0.4010
...    89 T-A ...
 -129.2930   17.5682   94.9581
   -0.5706   -0.0534   -0.8195
   -0.5810    0.7315    0.3569
    0.5804    0.6798   -0.4484
...    90 G-C ...
 -127.3100   19.7438   93.2329
   -0.8287    0.3894   -0.4020
   -0.0752    0.6342    0.7695
    0.5546    0.6679   -0.4963
...    91 T-A ...
 -125.4775   21.6537   91.0520
   -0.7017    0.7062    0.0948
    0.4126    0.2943    0.8620
    0.5808    0.6440   -0.4979
...    92 T-A ...
 -123.6286   23.5811   89.1927
   -0.2662    0.7811    0.5649
    0.7455   -0.2047    0.6343
    0.6111    0.5899   -0.5278
...    93 A-T ...
 -121.1381   25.2595   87.3917
    0.3736    0.4580    0.8066
    0.6849   -0.7227    0.0931
    0.6255    0.5177   -0.5837
...    94 T-A ...
 -119.5313   27.4589   85.5526
    0.6841    0.0148    0.7292
    0.3716   -0.8674   -0.3310
    0.6276    0.4974   -0.5989
...    95 A-T ...
 -117.3769   28.7978   83.2471
    0.7458   -0.5626    0.3567
   -0.1664   -0.6759   -0.7180
    0.6450    0.4762   -0.5977
...    96 A-T ...
 -115.1880   30.3154   81.5019
    0.4883   -0.8679   -0.0910
   -0.5579   -0.2303   -0.7973
    0.6710    0.4401   -0.5967
...    97 C-G ...
 -112.4641   31.6497   79.9902
    0.0697   -0.8627   -0.5010
   -0.7278    0.2994   -0.6169
    0.6822    0.4076   -0.6070
...    98 G-C ...
 -110.5134   32.8282   77.6131
   -0.4323   -0.5658   -0.7022
   -0.5863    0.7679   -0.2578
    0.6851    0.3003   -0.6637
...    99 G-C ...
 -108.5325   33.4350   75.0307
   -0.7486   -0.0852   -0.6575
   -0.2068    0.9722    0.1095
    0.6300    0.2179   -0.7454
...   100 A-T ...
 -106.3968   33.8579   72.4468
   -0.7089    0.5387   -0.4552
    0.3088    0.8173    0.4864
    0.6341    0.2043   -0.7458
...   101 T-A ...
 -104.7175   34.0428   69.6084
   -0.4096    0.9015   -0.1400
    0.6414    0.3937    0.6585
    0.6487    0.1799   -0.7395
...   102 A-T ...
 -102.6297   34.5790   66.9202
    0.1218    0.9475    0.2955
    0.7461   -0.2838    0.6023
    0.6546    0.1471   -0.7415
...   103 T-A ...
 -101.0348   35.4036   64.1928
    0.4575    0.6802    0.5728
    0.5885   -0.7145    0.3784
    0.6666    0.1640   -0.7272
...   104 G-C ...
  -98.8216   36.2165   61.8478
    0.6560    0.0821    0.7503
    0.2069   -0.9756   -0.0742
    0.7259    0.2039   -0.6569
...   105 C-G ...
  -96.2898   37.1888   59.9708
    0.6218   -0.4887    0.6120
   -0.2046   -0.8557   -0.4753
    0.7559    0.1703   -0.6321
...   106 T-A ...
  -93.4141   37.9475   58.1629
    0.3577   -0.9026    0.2394
   -0.5030   -0.4023   -0.7650
    0.7868    0.1532   -0.5979
...   107 T-A ...
  -90.7340   38.3613   56.4407
   -0.0318   -0.9769   -0.2111
   -0.5949    0.1882   -0.7815
    0.8032    0.1007   -0.5872
...   108 C-G ...
  -87.9571   38.4439   54.5452
   -0.4126   -0.6649   -0.6227
   -0.4386    0.7441   -0.5039
    0.7984    0.0652   -0.5986
...   109 C-G ...
  -85.3554   38.4104   52.4932
   -0.6574   -0.1543   -0.7376
   -0.1206    0.9877   -0.0991
    0.7438    0.0238   -0.6679
...   110 G-C ...
  -83.1670   38.8336   50.3032
   -0.6835    0.3991   -0.6112
    0.2767    0.9165    0.2890
    0.6755    0.0284   -0.7368
...   111 G-C ...
  -81.1952   38.9392   47.5515
   -0.4402    0.8488   -0.2929
    0.6306    0.5245    0.5720
    0.6392    0.0671   -0.7661
...   112 C-G ...
  -79.5220   39.1287   44.6388
   -0.0274    0.9926    0.1185
    0.7718   -0.0543    0.6335
    0.6353    0.1089   -0.7646
...   113 T-A ...
  -77.5533   39.5338   41.9750
    0.3725    0.7934    0.4814
    0.6700   -0.5889    0.4520
    0.6421    0.1541   -0.7509
...   114 C-G ...
  -75.3034   39.9795   39.5363
    0.6860    0.2653    0.6775
    0.3202   -0.9462    0.0464
    0.6534    0.1851   -0.7340
...   115 G-C ...
  -72.9982   40.0489   37.0851
    0.6849   -0.3798    0.6219
   -0.1466   -0.9078   -0.3930
    0.7138    0.1780   -0.6774
...   116 T-A ...
  -70.2144   40.9747   35.4301
    0.4559   -0.8266    0.3300
   -0.4942   -0.5435   -0.6785
    0.7402    0.1462   -0.6563
...   117 A-T ...
  -67.4192   41.4384   33.5172
    0.0234   -0.9925   -0.1203
   -0.6457    0.0768   -0.7597
    0.7633    0.0955   -0.6390
...   118 T-A ...
  -64.5139   41.4921   31.9584
   -0.3051   -0.7997   -0.5171
   -0.5597    0.5899   -0.5821
    0.7705    0.1119   -0.6275
...   119 A-T ...
  -61.9169   42.2147   29.7393
   -0.5556   -0.1605   -0.8158
   -0.2076    0.9769   -0.0508
    0.8051    0.1411   -0.5760
...   120 A-T ...
  -59.2663   42.3272   27.8432
   -0.5629    0.4442   -0.6971
    0.1493    0.8841    0.4428
    0.8130    0.1452   -0.5639
...   121 T-A ...
  -56.7832   42.3052   25.5864
   -0.3830    0.8522   -0.3564
    0.4198    0.5043    0.7546
    0.8228    0.1394   -0.5509
...   122 G-C ...
  -53.9651   42.7829   23.5787
   -0.1051    0.9672    0.2312
    0.5616   -0.1341    0.8164
    0.8207    0.2156   -0.5291
...   123 T-A ...
  -51.5467   43.6326   21.4930
    0.1842    0.7438    0.6425
    0.5212   -0.6282    0.5777
    0.8333    0.2285   -0.5034
...   124 G-C ...
  -48.7010   44.4618   19.8295
    0.3813    0.1964    0.9034
    0.3348   -0.9402    0.0631
    0.8617    0.2784   -0.4242
...   125 T-A ...
  -46.0922   45.7876   18.5485
    0.4485   -0.3521    0.8215
    0.0986   -0.8940   -0.4370
    0.8883    0.2770   -0.3663
...   126 C-G ...
  -43.1868   46.6163   17.5661
    0.4227   -0.8151    0.3962
   -0.1616   -0.4980   -0.8520
    0.8918    0.2961   -0.3422
...   127 G-C ...
  -40.2915   47.1512   15.8836
    0.1639   -0.9781   -0.1282
   -0.2988    0.0746   -0.9514
    0.9401    0.1943   -0.2801
...   128 A-T ...
  -37.2498   47.7423   15.0383
   -0.0380   -0.7283   -0.6842
   -0.3347    0.6544   -0.6780
    0.9415    0.2033   -0.2686
...   129 C-G ...
  -33.9498   47.7563   14.5707
   -0.2390   -0.2558   -0.9367
   -0.2540    0.9476   -0.1939
    0.9372    0.1916   -0.2914
...   130 C-G ...
  -30.7572   48.0178   13.3689
   -0.4074    0.3026   -0.8616
   -0.0545    0.9338    0.3537
    0.9116    0.1911   -0.3639
...   131 A-T ...
  -27.5770   49.2823   12.9705
   -0.3728    0.8192   -0.4358
    0.1847    0.5258    0.8303
    0.9093    0.2291   -0.3473
...   132 A-T ...
  -24.6241   49.9915   11.7167
   -0.2026    0.9688    0.1426
    0.3618   -0.0613    0.9302
    0.9100    0.2401   -0.3381
...   133 A-T ...
  -21.7928   50.8621   10.2887
    0.0721    0.7461    0.6619
    0.3954   -0.6306    0.6678
    0.9157    0.2136   -0.3405
...   134 T-A ...
  -19.0083   52.0402    8.9384
    0.2450    0.2904    0.9250
    0.3072   -0.9282    0.2101
    0.9196    0.2327   -0.3166
...   135 G-C ...
  -16.4569   53.8980    7.5290
    0.5336   -0.3334    0.7773
    0.0348   -0.9096   -0.4140
    0.8450    0.2479   -0.4738
...   136 T-A ...
  -14.1681   56.5698    6.1949
    0.5795   -0.7269    0.3684
   -0.3140   -0.6163   -0.7222
    0.7521    0.3028   -0.5854
...   137 G-C ...
  -11.6469   58.0147    4.7337
    0.2454   -0.9541   -0.1717
   -0.6318   -0.0231   -0.7748
    0.7352    0.2986   -0.6085
...   138 A-T ...
   -8.6698   58.7289    3.6170
   -0.0344   -0.7815   -0.6230
   -0.6534    0.4892   -0.5777
    0.7562    0.3872   -0.5274
...   139 G-C ...
   -6.3211   59.0879    1.6441
   -0.2967   -0.3277   -0.8970
   -0.5657    0.8170   -0.1114
    0.7694    0.4744   -0.4278
...   140 C-G ...
   -3.4296   60.2437    1.0435
   -0.4424    0.2288   -0.8671
   -0.1682    0.9286    0.3309
    0.8809    0.2922   -0.3723
...   141 G-C ...
   -0.6893   63.9063   -2.2356
   -0.9992    0.0156   -0.0375
   -0.0024    0.8991    0.4378
    0.0405    0.4375   -0.8983
...   142 C-G ...
   -0.9979   65.6137   -4.9249
   -0.8337    0.5217    0.1810
    0.5169    0.6220    0.5881
    0.1942    0.5839   -0.7882
...   143 T-A ...
   -0.1244   66.2250   -7.8041
   -0.3751    0.8568    0.3538
    0.8856    0.2185    0.4098
    0.2739    0.4670   -0.8408
...   144 C-G ...
   -0.1580   67.4197  -10.7921
    0.1799    0.8792    0.4411
    0.9276   -0.3009    0.2214
    0.3274    0.3694   -0.8697
...   145 A-T ...
    0.5353   69.2487  -13.4513
    0.7352    0.4961    0.4620
    0.6117   -0.7791   -0.1369
    0.2921    0.3832   -0.8763
...   146 C-G ...
    1.4421   72.1064  -15.5858
    0.9808    0.0622    0.1849
    0.1266   -0.9240   -0.3608
    0.1484    0.3773   -0.9141
...   147 A-T ...
    2.3150   74.2410  -18.3714
    0.8657   -0.4292   -0.2574
   -0.4984   -0.7868   -0.3642
   -0.0462    0.4436   -0.8950
