  147 base-pairs
...     1 A-T ...
    0.0000    0.0000    0.0000
    1.0000    0.0000    0.0000
    0.0000    1.0000    0.0000
    0.0000    0.0000    1.0000
...     2 G-C ...
   -0.1394   -1.2357    3.2268
    0.7529    0.6366    0.1670
   -0.6386    0.7680   -0.0486
   -0.1592   -0.0700    0.9848
...     3 T-A ...
   -0.0365   -3.2932    6.3751
    0.2722    0.9301    0.2466
   -0.9238    0.3243   -0.2033
   -0.2691   -0.1725    0.9475
...     4 G-C ...
   -0.3505   -4.1660    9.4928
   -0.3756    0.9250    0.0579
   -0.8781   -0.3352   -0.3415
   -0.2965   -0.1791    0.9381
...     5 A-T ...
   -0.4462   -4.1476   12.7498
   -0.8116    0.5840   -0.0165
   -0.5523   -0.7762   -0.3042
   -0.1905   -0.2378    0.9524
...     6 G-C ...
   -1.5908   -4.1730   15.6201
   -0.9976    0.0246   -0.0651
   -0.0043   -0.9555   -0.2950
   -0.0695   -0.2940    0.9533
...     7 C-G ...
   -1.1030   -4.4824   18.7362
   -0.8441   -0.5304   -0.0787
    0.5345   -0.8441   -0.0432
   -0.0435   -0.0785    0.9960
...     8 G-C ...
   -2.4028   -7.7290   23.1475
   -0.2754   -0.3293   -0.9032
    0.6650   -0.7437    0.0684
   -0.6942   -0.5818    0.4238
...     9 C-G ...
   -4.4690   -9.9728   24.1132
    0.1145   -0.7025   -0.7024
    0.8512   -0.2952    0.4340
   -0.5122   -0.6476    0.5642
...    10 T-A ...
   -6.7405  -10.8752   25.9697
    0.4841   -0.8363   -0.2574
    0.6595    0.1553    0.7355
   -0.5751   -0.5258    0.6267
...    11 C-G ...
   -9.1656  -12.6208   27.1640
    0.7073   -0.6682    0.2307
    0.3448    0.6110    0.7126
   -0.6171   -0.4245    0.6626
...    12 A-T ...
  -10.9234  -14.6633   29.0693
    0.7515   -0.1377    0.6452
   -0.2029    0.8824    0.4246
   -0.6277   -0.4500    0.6352
...    13 C-G ...
  -11.8476  -17.4863   31.2451
    0.4295    0.2823    0.8578
   -0.5708    0.8209    0.0156
   -0.6998   -0.4963    0.5137
...    14 A-T ...
  -13.5897  -19.7827   33.4259
   -0.1504    0.6104    0.7777
   -0.6874    0.5008   -0.5260
   -0.7106   -0.6136    0.3443
...    15 A-T ...
  -15.7287  -21.8897   34.6934
   -0.5409    0.7766    0.3231
   -0.4538    0.0540   -0.8895
   -0.7081   -0.6277    0.3232
...    16 T-A ...
  -17.8097  -23.8335   36.3615
   -0.6970    0.6925   -0.1863
   -0.1018   -0.3527   -0.9302
   -0.7099   -0.6293    0.3163
...    17 T-A ...
  -20.1219  -25.7694   37.5682
   -0.6181    0.3617   -0.6979
    0.3284   -0.6878   -0.6474
   -0.7142   -0.6294    0.3063
...    18 T-A ...
  -22.5503  -27.6411   38.6352
   -0.3014   -0.0992   -0.9483
    0.6257   -0.7711   -0.1182
   -0.7195   -0.6289    0.2944
...    19 A-T ...
  -24.7944  -29.9911   39.5507
    0.1871   -0.5333   -0.8250
    0.6603   -0.5535    0.5076
   -0.7274   -0.6397    0.2486
...    20 T-A ...
  -27.5355  -31.8085   39.8428
    0.5023   -0.7433   -0.4417
    0.4634   -0.1999    0.8633
   -0.7300   -0.6384    0.2440
...    21 T-A ...
  -29.9963  -33.8789   40.3679
    0.6655   -0.7300    0.1557
    0.0777    0.2752    0.9583
   -0.7423   -0.6257    0.2398
...    22 C-G ...
  -32.3840  -36.0528   41.0801
    0.5858   -0.4039    0.7026
   -0.3497    0.6561    0.6688
   -0.7311   -0.6375    0.2431
...    23 G-C ...
  -34.9942  -37.9241   42.1457
    0.3356    0.1092    0.9357
   -0.6388    0.7564    0.1409
   -0.6923   -0.6450    0.3236
...    24 C-G ...
  -36.9928  -40.3643   43.2597
   -0.0529    0.5409    0.8394
   -0.7171    0.5644   -0.4089
   -0.6949   -0.6236    0.3580
...    25 A-T ...
  -39.4965  -42.3398   44.3048
   -0.3965    0.8260    0.4007
   -0.5604    0.1280   -0.8183
   -0.7271   -0.5490    0.4122
...    26 A-T ...
  -41.7665  -44.0805   45.8398
   -0.6405    0.7522   -0.1549
   -0.2248   -0.3765   -0.8987
   -0.7343   -0.5408    0.4102
...    27 A-T ...
  -44.1661  -45.6763   47.3317
   -0.6428    0.3995   -0.6536
    0.1845   -0.7474   -0.6383
   -0.7435   -0.5309    0.4067
...    28 G-C ...
  -46.8041  -47.1603   48.7118
   -0.3887   -0.0381   -0.9206
    0.4869   -0.8568   -0.1701
   -0.7822   -0.5143    0.3516
...    29 G-C ...
  -49.6776  -48.7077   49.6187
    0.0090   -0.4744   -0.8803
    0.5889   -0.7089    0.3881
   -0.8082   -0.5219    0.2730
...    30 C-G ...
  -52.5814  -50.2916   50.1320
    0.3625   -0.7761   -0.5161
    0.4638   -0.3300    0.8221
   -0.8084   -0.5374    0.2403
...    31 C-G ...
  -55.3308  -52.2369   50.6005
    0.6074   -0.7940    0.0262
    0.1572    0.1524    0.9757
   -0.7787   -0.5885    0.2173
...    32 G-C ...
  -57.9015  -54.1252   51.7299
    0.6474   -0.5051    0.5707
   -0.2365    0.5787    0.7805
   -0.7245   -0.6403    0.2552
...    33 G-C ...
  -60.2440  -56.4927   52.4201
    0.4571   -0.0430    0.8884
   -0.5595    0.7625    0.3249
   -0.6913   -0.6456    0.3245
...    34 C-G ...
  -62.2554  -58.9556   53.4364
    0.1036    0.4228    0.9003
   -0.7163    0.6597   -0.2274
   -0.6901   -0.6213    0.3712
...    35 C-G ...
  -64.3670  -61.1883   54.8615
   -0.2372    0.7778    0.5821
   -0.6627    0.3086   -0.6823
   -0.7103   -0.5476    0.4422
...    36 C-G ...
  -66.6317  -62.9499   56.6400
   -0.4859    0.8719    0.0602
   -0.4418   -0.1856   -0.8777
   -0.7541   -0.4531    0.4754
...    37 G-C ...
  -69.4280  -64.3862   57.8869
   -0.5492    0.6638   -0.5077
   -0.1347   -0.6698   -0.7302
   -0.8248   -0.3326    0.4573
...    38 A-T ...
  -72.2299  -65.3235   59.3400
   -0.4917    0.1386   -0.8597
    0.1949   -0.9447   -0.2637
   -0.8487   -0.2972    0.4375
...    39 C-G ...
  -75.2615  -65.6750   60.6888
   -0.2958   -0.3886   -0.8726
    0.4066   -0.8778    0.2531
   -0.8644   -0.2800    0.4177
...    40 A-T ...
  -78.0272  -66.9113   62.1092
    0.0505   -0.8228   -0.5661
    0.4712   -0.4801    0.7399
   -0.8806   -0.3041    0.3635
...    41 C-G ...
  -81.2153  -67.8059   62.7231
    0.2968   -0.9525   -0.0690
    0.3628    0.0456    0.9307
   -0.8833   -0.3012    0.3591
...    42 G-C ...
  -84.0498  -68.6860   64.3433
    0.5119   -0.7218    0.4657
    0.1210    0.5973    0.7928
   -0.8505   -0.3495    0.3931
...    43 A-T ...
  -86.9158  -69.8411   65.5094
    0.5002   -0.2049    0.8413
   -0.1957    0.9197    0.3403
   -0.8435   -0.3348    0.4199
...    44 C-G ...
  -89.4819  -71.5135   66.7940
    0.3500    0.3329    0.8756
   -0.4265    0.8889   -0.1675
   -0.8340   -0.3148    0.4531
...    45 T-A ...
  -92.0646  -72.7302   68.4931
    0.1418    0.7844    0.6039
   -0.5558    0.5679   -0.6071
   -0.8192   -0.2495    0.5164
...    46 T-A ...
  -94.6013  -73.5580   70.3175
   -0.1592    0.9795    0.1235
   -0.5451    0.0171   -0.8382
   -0.8231   -0.2007    0.5312
...    47 A-T ...
  -97.4167  -73.9993   72.0684
   -0.3449    0.8214   -0.4542
   -0.3951   -0.5660   -0.7236
   -0.8515   -0.0701    0.5197
...    48 C-G ...
 -100.0278  -73.6388   74.0648
   -0.4702    0.3944   -0.7895
   -0.1827   -0.9187   -0.3502
   -0.8634   -0.0204    0.5041
...    49 T-A ...
 -102.9635  -73.3122   75.5982
   -0.4567   -0.1744   -0.8723
    0.0529   -0.9842    0.1690
   -0.8880    0.0311    0.4587
...    50 G-C ...
 -105.9632  -73.6279   77.0594
   -0.3005   -0.7387   -0.6033
    0.2764   -0.6728    0.6863
   -0.9129    0.0395    0.4064
...    51 T-A ...
 -109.2228  -73.2414   77.8562
   -0.1116   -0.9866   -0.1193
    0.3956   -0.1542    0.9054
   -0.9116    0.0538    0.4075
...    52 A-T ...
 -111.9844  -72.6613   79.8834
    0.0972   -0.8035    0.5873
    0.4153    0.5690    0.7097
   -0.9045    0.1749    0.3890
...    53 G-C ...
 -115.1085  -72.2662   81.0234
    0.3515   -0.3591    0.8646
    0.3191    0.9142    0.2499
   -0.8801    0.1881    0.4359
...    54 G-C ...
 -118.2098  -71.8147   82.3472
    0.5526    0.1963    0.8100
    0.0909    0.9519   -0.2927
   -0.8285    0.2354    0.5082
...    55 T-A ...
 -120.8470  -71.5590   84.3202
    0.5673    0.6558    0.4981
   -0.2065    0.6988   -0.6849
   -0.7972    0.2857    0.5319
...    56 A-T ...
 -123.3405  -70.4960   86.2808
    0.4843    0.8721   -0.0703
   -0.5191    0.2217   -0.8255
   -0.7043    0.4363    0.5600
...    57 T-A ...
 -125.1482  -69.0291   88.5592
    0.1891    0.8433   -0.5031
   -0.7048   -0.2402   -0.6675
   -0.6838    0.4808    0.5489
...    58 C-G ...
 -127.2958  -67.2075   90.2153
   -0.2243    0.5093   -0.8309
   -0.7169   -0.6637   -0.2133
   -0.6601    0.5479    0.5140
...    59 A-T ...
 -129.7157  -65.3979   91.6733
   -0.5466   -0.0215   -0.8371
   -0.5042   -0.7898    0.3494
   -0.6686    0.6130    0.4208
...    60 T-A ...
 -131.6388  -62.8669   92.6287
   -0.7497   -0.4151   -0.5153
   -0.1499   -0.6520    0.7433
   -0.6445    0.6345    0.4266
...    61 G-C ...
 -133.8738  -61.0528   94.3268
   -0.6786   -0.7327    0.0516
    0.3238   -0.2354    0.9164
   -0.6593    0.6385    0.3970
...    62 T-A ...
 -136.3674  -58.8799   95.0847
   -0.4002   -0.7263    0.5589
    0.6546    0.2002    0.7290
   -0.6413    0.6576    0.3953
...    63 T-A ...
 -138.6354  -56.7440   96.0957
    0.0393   -0.4177    0.9077
    0.7903    0.5689    0.2276
   -0.6115    0.7084    0.3525
...    64 A-T ...
 -140.3552  -53.9595   97.0491
    0.5483    0.0585    0.8342
    0.6004    0.6668   -0.4414
   -0.5821    0.7429    0.3305
...    65 T-A ...
 -142.5057  -51.9628   98.5207
    0.7952    0.3737    0.4775
    0.2394    0.5300   -0.8135
   -0.5571    0.7612    0.3320
...    66 A-T ...
 -144.2081  -49.3428   99.7284
    0.8693    0.4753   -0.1357
   -0.2764    0.2399   -0.9306
   -0.4098    0.8465    0.3399
...    67 A-T ...
 -145.3344  -46.5620  100.9062
    0.5851    0.4647   -0.6647
   -0.7326   -0.0488   -0.6790
   -0.3479    0.8841    0.3118
...    68 C-G ...
 -145.8119  -43.5430  102.1076
    0.1257    0.3137   -0.9412
   -0.9459   -0.2482   -0.2090
   -0.2992    0.9165    0.2655
...    69 G-C ...
 -147.1148  -40.4128  102.4489
   -0.4140    0.0192   -0.9101
   -0.8781   -0.2718    0.3938
   -0.2398    0.9622    0.1294
...    70 G-C ...
 -147.9218  -37.0976  102.2977
   -0.8311   -0.1823   -0.5254
   -0.5018   -0.1614    0.8498
   -0.2397    0.9699    0.0426
...    71 A-T ...
 -148.7583  -33.8651  102.2628
   -0.9691   -0.2123    0.1255
    0.1266    0.0082    0.9919
   -0.2116    0.9772    0.0189
...    72 T-A ...
 -149.6438  -30.6962  101.6364
   -0.7578   -0.1196    0.6415
    0.6325    0.1067    0.7671
   -0.1602    0.9871   -0.0052
...    73 C-G ...
 -150.1660  -27.4027  101.4588
   -0.1942   -0.0094    0.9809
    0.9730    0.1257    0.1938
   -0.1251    0.9920   -0.0152
...    74 T-A ...
 -150.8166  -24.1110  101.4276
    0.3915    0.0202    0.9199
    0.9165    0.0809   -0.3918
   -0.0823    0.9965    0.0132
...    75 C-G ...
 -151.1800  -20.8208  101.3729
    0.8722    0.0113    0.4890
    0.4887    0.0221   -0.8722
   -0.0207    0.9997    0.0138
...    76 G-C ...
 -151.1156  -17.4385  101.0252
    0.9841   -0.1507   -0.0939
   -0.0935    0.0100   -0.9956
    0.1509    0.9885   -0.0042
...    77 A-T ...
 -150.4844  -14.2316  101.0042
    0.7206   -0.1987   -0.6642
   -0.6546    0.1205   -0.7463
    0.2283    0.9726   -0.0432
...    78 G-C ...
 -149.3404  -11.1220  100.8396
    0.2238   -0.1998   -0.9540
   -0.9287    0.2532   -0.2709
    0.2956    0.9466   -0.1289
...    79 C-G ...
 -147.8721   -8.2207  100.0849
   -0.3502   -0.0688   -0.9341
   -0.8765    0.3757    0.3009
    0.3303    0.9242   -0.1919
...    80 T-A ...
 -146.5931   -5.3055   99.0585
   -0.7916    0.1197   -0.5992
   -0.5102    0.4101    0.7560
    0.3362    0.9042   -0.2636
...    81 C-G ...
 -145.5765   -2.3278   97.9885
   -0.9303    0.3666   -0.0053
    0.1012    0.2706    0.9574
    0.3524    0.8902   -0.2888
...    82 G-C ...
 -144.2735    0.7708   97.4750
   -0.6860    0.4345    0.5836
    0.6521    0.0113    0.7581
    0.3228    0.9006   -0.2910
...    83 G-C ...
 -143.2531    3.7937   96.2701
   -0.1895    0.3251    0.9265
    0.9239   -0.2605    0.2803
    0.3325    0.9091   -0.2510
...    84 G-C ...
 -142.2654    6.8731   95.2055
    0.3548    0.0558    0.9333
    0.8524   -0.4294   -0.2984
    0.3841    0.9014   -0.1999
...    85 A-T ...
 -141.0880    9.8525   94.4352
    0.7808   -0.2572    0.5694
    0.4512   -0.3985   -0.7986
    0.4323    0.8804   -0.1951
...    86 T-A ...
 -139.8158   12.8725   94.4021
    0.8882   -0.4522    0.0818
   -0.0189   -0.2138   -0.9767
    0.4591    0.8659   -0.1984
...    87 C-G ...
 -138.2025   15.6556   93.7734
    0.6649   -0.5524   -0.5028
   -0.5374    0.1137   -0.8356
    0.5188    0.8258   -0.2213
...    88 C-G ...
 -136.0722   18.1606   93.0035
    0.1915   -0.4826   -0.8546
   -0.7860    0.4461   -0.4280
    0.5878    0.7537   -0.2939
...    89 G-C ...
 -134.3136   20.6732   91.5230
   -0.3657   -0.2188   -0.9046
   -0.6974    0.7081    0.1106
    0.6164    0.6713   -0.4116
...    90 C-G ...
 -132.1286   22.5193   89.7625
   -0.7151    0.2036   -0.6687
   -0.3381    0.7365    0.5858
    0.6119    0.6450   -0.4578
...    91 T-A ...
 -130.1426   24.4732   87.8867
   -0.7945    0.5694   -0.2109
    0.1493    0.5199    0.8411
    0.5886    0.6368   -0.4981
...    92 T-A ...
 -128.2622   26.3700   85.9906
   -0.5027    0.8056    0.3135
    0.5944    0.0588    0.8020
    0.6277    0.5895   -0.5084
...    93 T-A ...
 -126.3743   28.2326   84.0695
   -0.0018    0.7065    0.7077
    0.7625   -0.4568    0.4581
    0.6469    0.5405   -0.5379
...    94 A-T ...
 -123.7002   29.4173   82.1973
    0.5611    0.2266    0.7962
    0.5242   -0.8416   -0.1300
    0.6406    0.4903   -0.5910
...    95 A-T ...
 -121.7105   31.1800   80.3144
    0.7679   -0.3198    0.5550
    0.0705   -0.8190   -0.5695
    0.6366    0.4765   -0.6063
...    96 C-G ...
 -119.5273   33.1452   78.7638
    0.6557   -0.7344    0.1755
   -0.3608   -0.5089   -0.7815
    0.6632    0.4491   -0.5987
...    97 A-T ...
 -117.3847   34.4615   76.5113
    0.2335   -0.9375   -0.2580
   -0.6613    0.0414   -0.7490
    0.7129    0.3455   -0.6103
...    98 C-G ...
 -114.6056   35.3023   74.8979
   -0.1942   -0.7764   -0.5996
   -0.6673    0.5526   -0.4993
    0.7190    0.3032   -0.6254
...    99 T-A ...
 -112.0924   35.9310   72.7825
   -0.5784   -0.3539   -0.7350
   -0.4159    0.9030   -0.1076
    0.7018    0.2434   -0.6695
...   100 T-A ...
 -109.7594   36.4681   70.5710
   -0.7029    0.2586   -0.6626
    0.0177    0.9377    0.3471
    0.7110    0.2322   -0.6637
...   101 T-A ...
 -107.4846   36.9733   68.2832
   -0.5293    0.7769   -0.3410
    0.4376    0.5943    0.6748
    0.7269    0.2079   -0.6545
...   102 A-T ...
 -104.6169   37.7366   66.5249
   -0.0459    0.9839    0.1730
    0.6691   -0.0983    0.7367
    0.7418    0.1495   -0.6537
...   103 T-A ...
 -102.6627   38.4171   63.9244
    0.3326    0.7840    0.5241
    0.5854   -0.6074    0.5370
    0.7394    0.1282   -0.6610
...   104 G-C ...
  -99.9854   38.5795   61.8920
    0.5715    0.2418    0.7842
    0.2695   -0.9579    0.0990
    0.7751    0.1548   -0.6126
...   105 C-G ...
  -97.4574   39.4876   59.8871
    0.5914   -0.3535    0.7248
   -0.1074   -0.9253   -0.3637
    0.7992    0.1373   -0.5852
...   106 T-A ...
  -94.6604   40.0845   58.1611
    0.3796   -0.8165    0.4351
   -0.4079   -0.5698   -0.7134
    0.8304    0.0934   -0.5493
...   107 T-A ...
  -91.8639   40.4392   56.5424
    0.0568   -0.9962   -0.0666
   -0.5545    0.0240   -0.8318
    0.8302    0.0842   -0.5510
...   108 C-G ...
  -89.0952   40.5756   54.7499
   -0.3227   -0.7771   -0.5403
   -0.4599    0.6277   -0.6281
    0.8273    0.0458   -0.5599
...   109 C-G ...
  -86.3089   40.3316   52.8189
   -0.5894   -0.2827   -0.7568
   -0.1630    0.9591   -0.2314
    0.7913   -0.0130   -0.6113
...   110 G-C ...
  -83.7770   40.6387   50.5613
   -0.6422    0.3376   -0.6882
    0.2492    0.9410    0.2291
    0.7249   -0.0243   -0.6884
...   111 G-C ...
  -81.5267   40.3860   48.0139
   -0.4331    0.8156   -0.3837
    0.5890    0.5783    0.5645
    0.6823    0.0184   -0.7308
...   112 C-G ...
  -79.5671   40.3426   45.2839
   -0.0430    0.9985    0.0332
    0.7370    0.0093    0.6758
    0.6745    0.0535   -0.7363
...   113 T-A ...
  -77.5316   40.6833   42.6434
    0.3426    0.8282    0.4436
    0.6471   -0.5503    0.5277
    0.6811    0.1063   -0.7244
...   114 C-G ...
  -75.3019   41.0989   40.2319
    0.6486    0.3119    0.6943
    0.3030   -0.9426    0.1404
    0.6982    0.1193   -0.7059
...   115 G-C ...
  -72.7987   41.0669   37.9160
    0.6275   -0.3146    0.7122
   -0.1148   -0.9421   -0.3149
    0.7701    0.1158   -0.6273
...   116 T-A ...
  -70.0581   41.9112   36.2168
    0.4397   -0.7827    0.4404
   -0.4348   -0.6146   -0.6582
    0.7858    0.0979   -0.6106
...   117 A-T ...
  -67.6862   42.0485   33.7498
    0.0462   -0.9930   -0.1085
   -0.6130    0.0576   -0.7880
    0.7887    0.1029   -0.6061
...   118 T-A ...
  -64.7212   42.1463   32.2794
   -0.2769   -0.8120   -0.5138
   -0.5442    0.5733   -0.6126
    0.7920    0.1100   -0.6006
...   119 A-T ...
  -62.2571   42.9781   30.0355
   -0.5431   -0.2119   -0.8125
   -0.2233    0.9692   -0.1035
    0.8094    0.1252   -0.5737
...   120 A-T ...
  -59.5964   43.1239   28.1469
   -0.5448    0.4165   -0.7279
    0.1384    0.9007    0.4118
    0.8271    0.1236   -0.5483
...   121 T-A ...
  -57.0905   42.9938   25.9764
   -0.3795    0.8312   -0.4064
    0.3993    0.5434    0.7385
    0.8346    0.1180   -0.5381
...   122 G-C ...
  -54.1921   43.5697   24.3659
   -0.1324    0.9774    0.1647
    0.5592   -0.0635    0.8266
    0.8184    0.2016   -0.5381
...   123 T-A ...
  -51.8678   44.4542   22.1397
    0.1659    0.7764    0.6080
    0.5383   -0.5879    0.6039
    0.8263    0.2271   -0.5154
...   124 G-C ...
  -48.9198   45.1072   20.6430
    0.3643    0.2480    0.8977
    0.3575   -0.9273    0.1111
    0.8599    0.2804   -0.4264
...   125 T-A ...
  -46.2356   46.6162   19.4099
    0.4647   -0.3077    0.8303
    0.1112   -0.9100   -0.3994
    0.8785    0.2779   -0.3886
...   126 C-G ...
  -43.2744   47.5118   18.2697
    0.4056   -0.8080    0.4273
   -0.1724   -0.5268   -0.8323
    0.8976    0.2640   -0.3530
...   127 G-C ...
  -40.2498   47.9969   16.7684
    0.1478   -0.9820   -0.1176
   -0.3207    0.0649   -0.9450
    0.9356    0.1774   -0.3053
...   128 A-T ...
  -37.1033   48.4529   15.8074
   -0.0875   -0.7312   -0.6765
   -0.3249    0.6629   -0.6745
    0.9417    0.1608   -0.2955
...   129 C-G ...
  -33.8114   48.4001   15.0858
   -0.2539   -0.2411   -0.9367
   -0.2133    0.9585   -0.1889
    0.9434    0.1518   -0.2948
...   130 C-G ...
  -30.6018   48.6476   13.9588
   -0.3782    0.3493   -0.8573
   -0.0161    0.9235    0.3834
    0.9256    0.1588   -0.3436
...   131 A-T ...
  -27.4639   49.4175   13.0288
   -0.3719    0.8273   -0.4210
    0.2164    0.5183    0.8274
    0.9027    0.2166   -0.3718
...   132 A-T ...
  -24.5877   50.0288   11.6261
   -0.1670    0.9741    0.1526
    0.3781   -0.0797    0.9223
    0.9106    0.2118   -0.3550
...   133 A-T ...
  -21.7143   50.7847   10.3119
    0.0705    0.7354    0.6739
    0.3981   -0.6402    0.6570
    0.9146    0.2219   -0.3379
...   134 T-A ...
  -19.0083   52.0401    8.9383
    0.2450    0.2904    0.9250
    0.3072   -0.9282    0.2101
    0.9196    0.2327   -0.3167
...   135 G-C ...
  -16.4569   53.8979    7.5290
    0.5336   -0.3334    0.7773
    0.0348   -0.9096   -0.4140
    0.8450    0.2479   -0.4738
...   136 T-A ...
  -14.1680   56.5697    6.1948
    0.5795   -0.7269    0.3684
   -0.3140   -0.6163   -0.7222
    0.7521    0.3028   -0.5854
...   137 G-C ...
  -11.6468   58.0145    4.7336
    0.2454   -0.9541   -0.1717
   -0.6318   -0.0231   -0.7748
    0.7352    0.2986   -0.6085
...   138 A-T ...
   -8.6698   58.7288    3.6170
   -0.0344   -0.7815   -0.6230
   -0.6534    0.4892   -0.5777
    0.7562    0.3872   -0.5274
...   139 G-C ...
   -6.3211   59.0878    1.6440
   -0.2967   -0.3277   -0.8970
   -0.5657    0.8170   -0.1114
    0.7694    0.4744   -0.4278
...   140 C-G ...
   -3.4296   60.2436    1.0434
   -0.4424    0.2288   -0.8671
   -0.1682    0.9286    0.3309
    0.8809    0.2922   -0.3723
...   141 G-C ...
   -0.6893   63.9062   -2.2357
   -0.9992    0.0156   -0.0375
   -0.0024    0.8991    0.4378
    0.0405    0.4375   -0.8983
...   142 C-G ...
   -0.9979   65.6136   -4.9250
   -0.8337    0.5217    0.1810
    0.5169    0.6220    0.5881
    0.1942    0.5839   -0.7882
...   143 T-A ...
   -0.1244   66.2249   -7.8042
   -0.3751    0.8568    0.3538
    0.8856    0.2185    0.4098
    0.2739    0.4670   -0.8408
...   144 C-G ...
   -0.1580   67.4196  -10.7922
    0.1799    0.8792    0.4411
    0.9276   -0.3009    0.2214
    0.3274    0.3694   -0.8697
...   145 A-T ...
    0.5353   69.2486  -13.4514
    0.7352    0.4961    0.4620
    0.6117   -0.7791   -0.1369
    0.2921    0.3832   -0.8763
...   146 C-G ...
    1.4421   72.1063  -15.5859
    0.9808    0.0622    0.1849
    0.1266   -0.9240   -0.3608
    0.1484    0.3773   -0.9141
...   147 A-T ...
    2.3150   74.2409  -18.3715
    0.8657   -0.4292   -0.2574
   -0.4984   -0.7868   -0.3642
   -0.0462    0.4436   -0.8950
