  147 base-pairs
...     1 A-T ...
    0.0000    0.0000    0.0000
    1.0000    0.0000    0.0000
    0.0000    1.0000    0.0000
    0.0000    0.0000    1.0000
...     2 G-C ...
   -0.1394   -1.2357    3.2268
    0.7529    0.6366    0.1670
   -0.6386    0.7680   -0.0486
   -0.1592   -0.0700    0.9848
...     3 T-A ...
   -0.0365   -3.2932    6.3751
    0.2722    0.9301    0.2466
   -0.9238    0.3243   -0.2033
   -0.2691   -0.1725    0.9475
...     4 G-C ...
   -0.3505   -4.1660    9.4928
   -0.3756    0.9250    0.0579
   -0.8781   -0.3352   -0.3415
   -0.2965   -0.1791    0.9381
...     5 A-T ...
   -0.4462   -4.1476   12.7498
   -0.8116    0.5840   -0.0165
   -0.5523   -0.7762   -0.3042
   -0.1905   -0.2378    0.9524
...     6 G-C ...
   -1.5908   -4.1730   15.6201
   -0.9976    0.0246   -0.0651
   -0.0043   -0.9555   -0.2950
   -0.0695   -0.2940    0.9533
...     7 C-G ...
   -1.1030   -4.4824   18.7362
   -0.8441   -0.5304   -0.0787
    0.5345   -0.8441   -0.0432
   -0.0435   -0.0785    0.9960
...     8 G-C ...
   -2.4028   -7.7290   23.1475
   -0.2754   -0.3293   -0.9032
    0.6650   -0.7437    0.0684
   -0.6942   -0.5818    0.4238
...     9 C-G ...
   -4.4690   -9.9728   24.1132
    0.1145   -0.7025   -0.7024
    0.8512   -0.2952    0.4340
   -0.5122   -0.6476    0.5642
...    10 T-A ...
   -6.7405  -10.8752   25.9697
    0.4841   -0.8363   -0.2574
    0.6595    0.1553    0.7355
   -0.5751   -0.5258    0.6267
...    11 C-G ...
   -9.1656  -12.6208   27.1640
    0.7073   -0.6682    0.2307
    0.3448    0.6110    0.7126
   -0.6171   -0.4245    0.6626
...    12 A-T ...
  -10.9234  -14.6633   29.0693
    0.7515   -0.1377    0.6452
   -0.2029    0.8824    0.4246
   -0.6277   -0.4500    0.6352
...    13 C-G ...
  -11.8476  -17.4863   31.2451
    0.4295    0.2823    0.8578
   -0.5708    0.8209    0.0156
   -0.6998   -0.4963    0.5137
...    14 A-T ...
  -13.5897  -19.7827   33.4259
   -0.1504    0.6104    0.7777
   -0.6874    0.5008   -0.5260
   -0.7106   -0.6136    0.3443
...    15 A-T ...
  -15.7380  -21.8915   34.6879
   -0.5525    0.7727    0.3125
   -0.4481    0.0407   -0.8930
   -0.7028   -0.6334    0.3238
...    16 T-A ...
  -17.8083  -23.8564   36.3643
   -0.7113    0.6723   -0.2050
   -0.0833   -0.3702   -0.9252
   -0.6979   -0.6411    0.3193
...    17 T-A ...
  -20.0775  -25.8458   37.5902
   -0.6250    0.3114   -0.7158
    0.3650   -0.6940   -0.6206
   -0.6900   -0.6492    0.3201
...    18 T-A ...
  -22.4260  -27.7978   38.7199
   -0.2861   -0.1687   -0.9432
    0.6690   -0.7399   -0.0706
   -0.6860   -0.6512    0.3245
...    19 A-T ...
  -24.3897  -30.3372   39.9063
    0.2283   -0.6156   -0.7543
    0.6889   -0.4453    0.5719
   -0.6879   -0.6502    0.3225
...    20 T-A ...
  -27.0202  -32.2782   40.4252
    0.5539   -0.7615   -0.3367
    0.4642   -0.0532    0.8841
   -0.6911   -0.6460    0.3240
...    21 T-A ...
  -29.3543  -34.4065   41.2408
    0.7088   -0.6531    0.2667
    0.0421    0.4166    0.9081
   -0.7042   -0.6324    0.3228
...    22 C-G ...
  -31.6380  -36.5888   42.2540
    0.5960   -0.2452    0.7646
   -0.4083    0.7274    0.5515
   -0.6915   -0.6409    0.3334
...    23 G-C ...
  -34.1617  -38.4528   43.5840
    0.3024    0.2927    0.9071
   -0.6952    0.7188   -0.0002
   -0.6521   -0.6306    0.4209
...    24 C-G ...
  -36.0061  -40.8110   45.0984
   -0.1199    0.6767    0.7264
   -0.7463    0.4212   -0.5155
   -0.6548   -0.6039    0.4545
...    25 A-T ...
  -38.4246  -42.7454   46.4325
   -0.4821    0.8465    0.2258
   -0.5389   -0.0834   -0.8382
   -0.6908   -0.5258    0.4964
...    26 A-T ...
  -40.5981  -44.3717   48.2223
   -0.7053    0.6332   -0.3187
   -0.1487   -0.5718   -0.8068
   -0.6932   -0.5216    0.4974
...    27 A-T ...
  -42.8849  -45.8915   49.9666
   -0.6566    0.1670   -0.7355
    0.2960   -0.8399   -0.4549
   -0.6938   -0.5164    0.5020
...    28 G-C ...
  -45.3938  -47.3698   51.6138
   -0.3417   -0.3069   -0.8883
    0.5973   -0.8006    0.0469
   -0.7256   -0.5145    0.4569
...    29 G-C ...
  -48.0632  -49.0394   52.8949
    0.1086   -0.6806   -0.7246
    0.6615   -0.4946    0.5637
   -0.7420   -0.5406    0.3965
...    30 C-G ...
  -50.7681  -50.8047   53.8455
    0.4863   -0.8284   -0.2779
    0.4702   -0.0199    0.8823
   -0.7365   -0.5598    0.3798
...    31 C-G ...
  -53.2911  -52.8547   54.8739
    0.7111   -0.6537    0.2589
    0.0944    0.4537    0.8862
   -0.6967   -0.6057    0.3843
...    32 G-C ...
  -55.6802  -54.6448   56.5136
    0.6917   -0.2002    0.6939
   -0.3453    0.7522    0.5612
   -0.6343   -0.6278    0.4512
...    33 G-C ...
  -57.7143  -56.9736   57.9372
    0.4267    0.3182    0.8466
   -0.6764    0.7336    0.0652
   -0.6003   -0.6005    0.5282
...    34 C-G ...
  -59.3649  -59.2404   59.7551
    0.0075    0.7110    0.7032
   -0.7995    0.4266   -0.4228
   -0.6006   -0.5590    0.5717
...    35 C-G ...
  -61.1930  -61.1031   61.9110
   -0.3778    0.8825    0.2801
   -0.6811   -0.0600   -0.7297
   -0.6272   -0.4665    0.6237
...    36 C-G ...
  -63.2641  -62.4112   64.2365
   -0.6311    0.7368   -0.2427
   -0.3773   -0.5649   -0.7338
   -0.6778   -0.3715    0.6345
...    37 G-C ...
  -65.8657  -63.7401   65.9922
   -0.6553    0.3045   -0.6913
    0.0089   -0.9120   -0.4102
   -0.7553   -0.2749    0.5949
...    38 A-T ...
  -68.4886  -64.5437   67.8537
   -0.4992   -0.3187   -0.8057
    0.3854   -0.9145    0.1229
   -0.7760   -0.2492    0.5794
...    39 C-G ...
  -71.4199  -64.8836   69.4712
   -0.2020   -0.7716   -0.6031
    0.5811   -0.5902    0.5604
   -0.7884   -0.2372    0.5676
...    40 A-T ...
  -73.8165  -65.8750   71.6045
    0.2264   -0.9632   -0.1447
    0.5667    0.0095    0.8239
   -0.7922   -0.2685    0.5480
...    41 C-G ...
  -76.7531  -66.9487   72.8895
    0.5000   -0.7959    0.3414
    0.3491    0.5460    0.7616
   -0.7925   -0.2616    0.5509
...    42 G-C ...
  -79.3804  -67.4109   75.0068
    0.6714   -0.2917    0.6813
   -0.0018    0.9186    0.3951
   -0.7411   -0.2665    0.6163
...    43 A-T ...
  -81.9019  -68.3359   76.9324
    0.5583    0.3394    0.7571
   -0.3945    0.9114   -0.1176
   -0.7299   -0.2330    0.6427
...    44 C-G ...
  -83.9631  -69.5859   79.2034
    0.2926    0.7900    0.5387
   -0.6322    0.5825   -0.5108
   -0.7174   -0.1911    0.6700
...    45 T-A ...
  -86.1184  -70.1987   81.6584
   -0.0291    0.9942    0.1034
   -0.7068    0.0527   -0.7055
   -0.7068   -0.0936    0.7011
...    46 T-A ...
  -88.2991  -70.3912   84.0388
   -0.3996    0.8438   -0.3582
   -0.5732   -0.5349   -0.6207
   -0.7154   -0.0428    0.6974
...    47 A-T ...
  -90.9111  -70.5521   86.1685
   -0.6179    0.3285   -0.7143
   -0.2411   -0.9439   -0.2256
   -0.7484    0.0329    0.6624
...    48 C-G ...
  -93.3919  -69.7522   88.2563
   -0.6365   -0.2426   -0.7321
    0.1071   -0.9678    0.2276
   -0.7638    0.0665    0.6420
...    49 T-A ...
  -96.1369  -69.3075   90.1289
   -0.4523   -0.7486   -0.4847
    0.4097   -0.6572    0.6326
   -0.7922    0.0875    0.6040
...    50 G-C ...
  -98.5997  -69.3198   92.4124
   -0.0882   -0.9960    0.0132
    0.5814   -0.0407    0.8126
   -0.8088    0.0794    0.5827
...    51 T-A ...
 -101.6706  -69.1904   93.8577
    0.2405   -0.8463    0.4754
    0.5433    0.5232    0.6566
   -0.8044    0.1004    0.5856
...    52 A-T ...
 -104.1673  -68.0463   95.9991
    0.4857   -0.2255    0.8445
    0.2744    0.9566    0.0976
   -0.8299    0.1843    0.5265
...    53 G-C ...
 -106.9759  -67.6577   97.7815
    0.6116    0.3376    0.7155
   -0.0205    0.9108   -0.4123
   -0.7909    0.2374    0.5640
...    54 G-C ...
 -109.6797  -67.0592   99.7452
    0.5807    0.7612    0.2886
   -0.3515    0.5542   -0.7545
   -0.7343    0.3367    0.5894
...    55 T-A ...
 -111.7105  -66.0870  102.1458
    0.3514    0.9135   -0.2048
   -0.6105    0.0578   -0.7899
   -0.7097    0.4026    0.5781
...    56 A-T ...
 -114.0283  -64.4907  103.9762
    0.0281    0.6991   -0.7145
   -0.7390   -0.4668   -0.4858
   -0.6731    0.5416    0.5036
...    57 T-A ...
 -115.7109  -62.2850  105.7125
   -0.3385    0.3403   -0.8773
   -0.6628   -0.7480   -0.0345
   -0.6680    0.5697    0.4787
...    58 C-G ...
 -117.9875  -60.2812  107.0068
   -0.6568   -0.2004   -0.7269
   -0.3557   -0.7677    0.5331
   -0.6649    0.6087    0.4330
...    59 T-A ...
 -120.2753  -58.0730  108.0702
   -0.7309   -0.6113   -0.3036
    0.0390   -0.4815    0.8756
   -0.6814    0.6281    0.3757
...    60 C-G ...
 -122.6570  -56.0243  109.1872
   -0.5664   -0.7560    0.3280
    0.4803    0.0206    0.8769
   -0.6697    0.6542    0.3515
...    61 G-C ...
 -124.5636  -53.6795  110.7610
   -0.1409   -0.5950    0.7912
    0.7283    0.4791    0.4900
   -0.6707    0.6453    0.3658
...    62 A-T ...
 -126.8519  -51.4819  111.7755
    0.3414   -0.1571    0.9267
    0.6804    0.7215   -0.1284
   -0.6485    0.6743    0.3533
...    63 G-C ...
 -129.1594  -49.3887  113.0032
    0.7031    0.2351    0.6711
    0.3943    0.6564   -0.6431
   -0.5917    0.7168    0.3689
...    64 C-G ...
 -131.2984  -47.2852  114.4787
    0.8429    0.5120    0.1654
   -0.0562    0.3895   -0.9193
   -0.5351    0.7656    0.3571
...    65 T-A ...
 -132.8799  -44.7271  115.8846
    0.7307    0.5520   -0.4016
   -0.5131    0.0560   -0.8565
   -0.4503    0.8320    0.3241
...    66 C-G ...
 -134.2300  -41.9195  116.8793
    0.3181    0.4031   -0.8581
   -0.8597   -0.2589   -0.4404
   -0.3997    0.8778    0.2642
...    67 G-C ...
 -135.7470  -38.8914  117.2396
   -0.1725    0.0486   -0.9838
   -0.9246   -0.3524    0.1447
   -0.3397    0.9346    0.1057
...    68 G-C ...
 -136.7622  -35.6513  116.9612
   -0.6377   -0.2360   -0.7333
   -0.6934   -0.2387    0.6799
   -0.3355    0.9420   -0.0114
...    69 G-C ...
 -138.0600  -32.5425  116.3694
   -0.9045   -0.3744   -0.2040
   -0.2240    0.0101    0.9745
   -0.3628    0.9272   -0.0930
...    70 A-T ...
 -139.3596  -29.4952  115.9114
   -0.8527   -0.2567    0.4551
    0.3910    0.2642    0.8817
   -0.3465    0.9297   -0.1249
...    71 T-A ...
 -140.8616  -26.6667  114.9292
   -0.5210   -0.0216    0.8533
    0.7959    0.3490    0.4948
   -0.3085    0.9369   -0.1646
...    72 C-G ...
 -141.9239  -23.5714  114.2374
    0.0962    0.2218    0.9703
    0.9544    0.2561   -0.1532
   -0.2825    0.9409   -0.1870
...    73 C-G ...
 -143.1088  -20.4530  113.5102
    0.6497    0.2660    0.7121
    0.7282    0.0510   -0.6835
   -0.2181    0.9626   -0.1606
...    74 G-C ...
 -143.7023  -17.2648  112.4162
    0.9735    0.1190    0.1954
    0.2125   -0.1529   -0.9651
   -0.0850    0.9810   -0.1741
...    75 C-G ...
 -143.9836  -13.9536  112.2542
    0.9291   -0.0624   -0.3646
   -0.3695   -0.2033   -0.9067
   -0.0175    0.9771   -0.2120
...    76 T-A ...
 -143.7047  -10.7036  111.6467
    0.5740   -0.2685   -0.7736
   -0.8160   -0.1078   -0.5680
    0.0691    0.9572   -0.2809
...    77 T-A ...
 -143.2723   -7.6460  110.6893
   -0.0092   -0.3303   -0.9438
   -0.9955    0.0918   -0.0224
    0.0940    0.9394   -0.3297
...    78 T-A ...
 -142.7679   -4.6815  109.4738
   -0.5928   -0.2312   -0.7715
   -0.7982    0.2964    0.5245
    0.1074    0.9267   -0.3602
...    79 A-T ...
 -142.6985   -1.4268  108.4583
   -0.9688    0.0404   -0.2444
   -0.2073    0.4077    0.8893
    0.1356    0.9122   -0.3866
...    80 A-T ...
 -142.2520    1.4132  106.8927
   -0.8868    0.3344    0.3190
    0.4212    0.3006    0.8557
    0.1903    0.8932   -0.4074
...    81 C-G ...
 -142.0317    4.2386  105.0323
   -0.4993    0.4620    0.7330
    0.8438    0.0671    0.5325
    0.1968    0.8844   -0.4233
...    82 T-A ...
 -141.6509    7.2192  103.5242
    0.0638    0.4091    0.9103
    0.9768   -0.2124    0.0270
    0.2044    0.8874   -0.4131
...    83 C-G ...
 -141.0592   10.1330  102.0341
    0.6528    0.1795    0.7360
    0.7204   -0.4477   -0.5297
    0.2344    0.8760   -0.4215
...    84 A-T ...
 -140.1303   12.8595  100.2936
    0.9266   -0.2108    0.3114
    0.1807   -0.4765   -0.8604
    0.3298    0.8535   -0.4035
...    85 T-A ...
 -138.9964   15.8524   99.5778
    0.8780   -0.4490   -0.1658
   -0.3252   -0.3055   -0.8949
    0.3512    0.8397   -0.4142
...    86 G-C ...
 -137.6956   18.4853   97.9249
    0.4736   -0.6568   -0.5868
   -0.7579    0.0354   -0.6514
    0.4486    0.7533   -0.4810
...    87 T-A ...
 -135.6546   20.6604   96.5326
   -0.0313   -0.5795   -0.8143
   -0.8843    0.3959   -0.2477
    0.4659    0.7123   -0.5249
...    88 T-A ...
 -133.9673   22.7915   94.7642
   -0.5487   -0.2561   -0.7958
   -0.6903    0.6758    0.2585
    0.4716    0.6912   -0.5476
...    89 A-T ...
 -132.5931   25.2899   92.9387
   -0.8673    0.2272   -0.4430
   -0.1645    0.7089    0.6858
    0.4699    0.6677   -0.5774
...    90 T-A ...
 -131.1047   27.0006   90.5120
   -0.8126    0.5820   -0.0299
    0.3194    0.4876    0.8125
    0.4875    0.6507   -0.5821
...    91 A-T ...
 -128.9659   29.2456   89.0002
   -0.3303    0.8125    0.4804
    0.7757   -0.0563    0.6286
    0.5377    0.5802   -0.6117
...    92 A-T ...
 -127.4451   31.1429   86.8124
    0.2293    0.6448    0.7291
    0.8052   -0.5465    0.2302
    0.5469    0.5343   -0.6445
...    93 C-G ...
 -126.0987   33.3013   84.6337
    0.6258    0.2356    0.7435
    0.5434   -0.8156   -0.1989
    0.5596    0.5285   -0.6384
...    94 G-C ...
 -124.0866   34.6353   82.2454
    0.7590   -0.3370    0.5570
    0.0702   -0.8082   -0.5847
    0.6473    0.4829   -0.5898
...    95 G-C ...
 -121.8612   36.3910   80.4139
    0.6004   -0.7757    0.1945
   -0.3652   -0.4823   -0.7963
    0.7115    0.4071   -0.5728
...    96 A-T ...
 -119.4702   37.6821   78.5792
    0.2226   -0.9327   -0.2836
   -0.6438    0.0779   -0.7612
    0.7321    0.3520   -0.5832
...    97 A-T ...
 -116.9513   38.6557   76.7891
   -0.2103   -0.7277   -0.6529
   -0.6436    0.6057   -0.4678
    0.7359    0.3218   -0.5957
...    98 C-G ...
 -114.2289   39.1056   74.9465
   -0.5488   -0.3035   -0.7789
   -0.4119    0.9090   -0.0639
    0.7274    0.2857   -0.6239
...    99 T-A ...
 -111.8481   39.6713   72.6796
   -0.7230    0.2261   -0.6528
   -0.0140    0.9400    0.3410
    0.6907    0.2557   -0.6764
...   100 T-A ...
 -109.6458   40.2339   70.3420
   -0.5747    0.7424   -0.3444
    0.4176    0.6279    0.6568
    0.7038    0.2337   -0.6708
...   101 T-A ...
 -107.4996   40.8094   67.9500
   -0.1904    0.9779    0.0865
    0.6730    0.0659    0.7367
    0.7147    0.1985   -0.6707
...   102 A-T ...
 -104.7270   41.2091   65.9974
    0.3299    0.7854    0.5237
    0.6176   -0.5991    0.5095
    0.7139    0.1553   -0.6828
...   103 T-A ...
 -102.7784   42.2155   63.5162
    0.6119    0.3595    0.7045
    0.3484   -0.9222    0.1681
    0.7101    0.1426   -0.6895
...   104 G-C ...
 -100.2849   42.3926   61.2839
    0.6351   -0.2657    0.7253
   -0.0711   -0.9551   -0.2876
    0.7692    0.1311   -0.6254
...   105 C-G ...
  -97.6275   43.1639   59.4354
    0.4482   -0.7584    0.4733
   -0.4110   -0.6450   -0.6442
    0.7938    0.0942   -0.6008
...   106 T-A ...
  -94.7940   43.4495   57.7214
    0.0968   -0.9911    0.0914
   -0.5706   -0.1305   -0.8108
    0.8155    0.0263   -0.5782
...   107 T-A ...
  -92.0221   43.4664   56.0325
   -0.2620   -0.8837   -0.3878
   -0.5171    0.4678   -0.7168
    0.8148    0.0127   -0.5795
...   108 C-G ...
  -89.3577   43.3186   54.1084
   -0.5467   -0.4278   -0.7198
   -0.2396    0.9036   -0.3551
    0.8023   -0.0217   -0.5965
...   109 C-G ...
  -86.7760   42.8579   51.9506
   -0.6450    0.1517   -0.7490
    0.1359    0.9872    0.0829
    0.7520   -0.0483   -0.6574
...   110 G-C ...
  -84.2668   43.0875   49.6969
   -0.5138    0.6962   -0.5013
    0.5120    0.7177    0.4720
    0.6884   -0.0142   -0.7252
...   111 G-C ...
  -82.1788   42.9580   47.0172
   -0.1862    0.9776   -0.0984
    0.7251    0.2043    0.6576
    0.6630    0.0510   -0.7469
...   112 C-G ...
  -80.3056   43.1751   44.2566
    0.2262    0.9214    0.3159
    0.7086   -0.3782    0.5957
    0.6683    0.0891   -0.7385
...   113 T-A ...
  -78.2512   43.7333   41.6908
    0.5373    0.5594    0.6311
    0.4818   -0.8178    0.3148
    0.6922    0.1349   -0.7090
...   114 C-G ...
  -75.9703   44.2596   39.3738
    0.6942   -0.0500    0.7181
    0.0662   -0.9889   -0.1328
    0.7168    0.1398   -0.6832
...   115 G-C ...
  -73.4976   44.2867   37.0634
    0.5230   -0.6208    0.5840
   -0.3175   -0.7777   -0.5425
    0.7910    0.0983   -0.6038
...   116 T-A ...
  -70.6024   44.8952   35.5586
    0.2461   -0.9438    0.2205
   -0.5411   -0.3225   -0.7767
    0.8042    0.0718   -0.5901
...   117 A-T ...
  -68.1061   45.0545   33.2793
   -0.1647   -0.9350   -0.3140
   -0.5633    0.3505   -0.7482
    0.8097    0.0536   -0.5844
...   118 T-A ...
  -65.1487   44.8080   31.8201
   -0.4270   -0.6168   -0.6612
   -0.3948    0.7850   -0.4773
    0.8135    0.0572   -0.5788
...   119 A-T ...
  -62.5033   45.3544   29.7690
   -0.5715    0.0348   -0.8198
   -0.0280    0.9977    0.0619
    0.8201    0.0584   -0.5692
...   120 A-T ...
  -59.8701   45.2759   27.8478
   -0.4616    0.6158   -0.6385
    0.3045    0.7861    0.5380
    0.8332    0.0539   -0.5504
...   121 T-A ...
  -57.4500   45.0281   25.6054
   -0.2331    0.9345   -0.2691
    0.4944    0.3522    0.7947
    0.8374    0.0521   -0.5441
...   122 G-C ...
  -54.5578   45.3576   23.9426
    0.0170    0.9543    0.2983
    0.5516   -0.2577    0.7933
    0.8339    0.1511   -0.5308
...   123 T-A ...
  -52.1651   46.1888   21.7973
    0.2751    0.6626    0.6966
    0.4579   -0.7274    0.5111
    0.8454    0.1784   -0.5035
...   124 G-C ...
  -49.1828   46.6935   20.3455
    0.3921    0.0961    0.9149
    0.2426   -0.9701   -0.0020
    0.8874    0.2227   -0.4037
...   125 T-A ...
  -46.3461   48.0034   19.2640
    0.4253   -0.4450    0.7881
    0.0086   -0.8688   -0.4951
    0.9050    0.2174   -0.3657
...   126 C-G ...
  -43.3010   48.6781   18.2278
    0.3169   -0.8836    0.3446
   -0.2227   -0.4225   -0.8786
    0.9219    0.2017   -0.3307
...   127 G-C ...
  -40.2529   48.9904   16.7836
    0.0530   -0.9780   -0.2020
   -0.3086    0.1763   -0.9347
    0.9497    0.1119   -0.2924
...   128 A-T ...
  -37.0781   49.2368   15.8802
   -0.1508   -0.6680   -0.7288
   -0.2628    0.7378   -0.6218
    0.9530    0.0977   -0.2867
...   129 C-G ...
  -33.8112   48.9520   15.1494
   -0.2728   -0.1596   -0.9488
   -0.1337    0.9829   -0.1269
    0.9527    0.0922   -0.2894
...   130 C-G ...
  -30.5877   48.9714   14.0577
   -0.3576    0.4167   -0.8357
    0.0488    0.9020    0.4289
    0.9326    0.1126   -0.3429
...   131 A-T ...
  -27.4304   49.5198   13.0845
   -0.3371    0.8571   -0.3895
    0.2517    0.4807    0.8400
    0.9072    0.1851   -0.3778
...   132 A-T ...
  -24.5648   50.0569   11.6503
   -0.1384    0.9750    0.1739
    0.3881   -0.1081    0.9152
    0.9112    0.1941   -0.3635
...   133 A-T ...
  -21.7055   50.7885   10.3119
    0.0814    0.7291    0.6795
    0.3969   -0.6491    0.6490
    0.9143    0.2169   -0.3422
...   134 T-A ...
  -19.0083   52.0401    8.9384
    0.2450    0.2904    0.9250
    0.3072   -0.9282    0.2101
    0.9196    0.2327   -0.3166
...   135 G-C ...
  -16.4569   53.8979    7.5291
    0.5336   -0.3334    0.7773
    0.0348   -0.9096   -0.4140
    0.8450    0.2479   -0.4738
...   136 T-A ...
  -14.1680   56.5697    6.1949
    0.5795   -0.7269    0.3684
   -0.3140   -0.6163   -0.7222
    0.7521    0.3028   -0.5854
...   137 G-C ...
  -11.6468   58.0146    4.7337
    0.2454   -0.9541   -0.1717
   -0.6318   -0.0231   -0.7748
    0.7352    0.2986   -0.6085
...   138 A-T ...
   -8.6697   58.7288    3.6171
   -0.0344   -0.7815   -0.6230
   -0.6534    0.4892   -0.5777
    0.7562    0.3872   -0.5274
...   139 G-C ...
   -6.3211   59.0878    1.6441
   -0.2967   -0.3277   -0.8970
   -0.5657    0.8170   -0.1114
    0.7694    0.4744   -0.4278
...   140 C-G ...
   -3.4296   60.2436    1.0435
   -0.4424    0.2288   -0.8671
   -0.1682    0.9286    0.3309
    0.8809    0.2922   -0.3723
...   141 G-C ...
   -0.6893   63.9062   -2.2356
   -0.9992    0.0156   -0.0375
   -0.0024    0.8991    0.4378
    0.0405    0.4375   -0.8983
...   142 C-G ...
   -0.9979   65.6136   -4.9249
   -0.8337    0.5217    0.1810
    0.5169    0.6220    0.5881
    0.1942    0.5839   -0.7882
...   143 T-A ...
   -0.1244   66.2249   -7.8041
   -0.3751    0.8568    0.3538
    0.8856    0.2185    0.4098
    0.2739    0.4670   -0.8408
...   144 C-G ...
   -0.1580   67.4196  -10.7921
    0.1799    0.8792    0.4411
    0.9276   -0.3009    0.2214
    0.3274    0.3694   -0.8697
...   145 A-T ...
    0.5353   69.2486  -13.4513
    0.7352    0.4961    0.4620
    0.6117   -0.7791   -0.1369
    0.2921    0.3832   -0.8763
...   146 C-G ...
    1.4421   72.1063  -15.5858
    0.9808    0.0622    0.1849
    0.1266   -0.9240   -0.3608
    0.1484    0.3773   -0.9141
...   147 A-T ...
    2.3151   74.2409  -18.3714
    0.8657   -0.4292   -0.2574
   -0.4984   -0.7868   -0.3642
   -0.0462    0.4436   -0.8950
