  147 base-pairs
...     1 A-T ...
    0.0000    0.0000    0.0000
    1.0000    0.0000    0.0000
    0.0000    1.0000    0.0000
    0.0000    0.0000    1.0000
...     2 G-C ...
   -0.1394   -1.2357    3.2268
    0.7529    0.6366    0.1670
   -0.6386    0.7680   -0.0486
   -0.1592   -0.0700    0.9848
...     3 T-A ...
   -0.0365   -3.2932    6.3751
    0.2722    0.9301    0.2466
   -0.9238    0.3243   -0.2033
   -0.2691   -0.1725    0.9475
...     4 G-C ...
   -0.3505   -4.1660    9.4928
   -0.3756    0.9250    0.0579
   -0.8781   -0.3352   -0.3415
   -0.2965   -0.1791    0.9381
...     5 A-T ...
   -0.4462   -4.1476   12.7498
   -0.8116    0.5840   -0.0165
   -0.5523   -0.7762   -0.3042
   -0.1905   -0.2378    0.9524
...     6 G-C ...
   -1.5908   -4.1730   15.6201
   -0.9976    0.0246   -0.0651
   -0.0043   -0.9555   -0.2950
   -0.0695   -0.2940    0.9533
...     7 C-G ...
   -1.1030   -4.4824   18.7362
   -0.8441   -0.5304   -0.0787
    0.5345   -0.8441   -0.0432
   -0.0435   -0.0785    0.9960
...     8 G-C ...
   -2.4028   -7.7290   23.1475
   -0.2754   -0.3293   -0.9032
    0.6650   -0.7437    0.0684
   -0.6942   -0.5818    0.4238
...     9 C-G ...
   -4.4690   -9.9728   24.1132
    0.1145   -0.7025   -0.7024
    0.8512   -0.2952    0.4340
   -0.5122   -0.6476    0.5642
...    10 T-A ...
   -6.7405  -10.8752   25.9697
    0.4841   -0.8363   -0.2574
    0.6595    0.1553    0.7355
   -0.5751   -0.5258    0.6267
...    11 C-G ...
   -9.1656  -12.6208   27.1640
    0.7073   -0.6682    0.2307
    0.3448    0.6110    0.7126
   -0.6171   -0.4245    0.6626
...    12 A-T ...
  -10.9234  -14.6633   29.0693
    0.7515   -0.1377    0.6452
   -0.2029    0.8824    0.4246
   -0.6277   -0.4500    0.6352
...    13 C-G ...
  -11.8476  -17.4863   31.2451
    0.4295    0.2823    0.8578
   -0.5708    0.8209    0.0156
   -0.6998   -0.4963    0.5137
...    14 A-T ...
  -13.5897  -19.7827   33.4259
   -0.1504    0.6104    0.7777
   -0.6874    0.5008   -0.5260
   -0.7106   -0.6136    0.3443
...    15 A-T ...
  -15.7327  -21.8942   34.6871
   -0.5473    0.7742    0.3179
   -0.4496    0.0484   -0.8919
   -0.7059   -0.6311    0.3216
...    16 T-A ...
  -17.8111  -23.8514   36.3516
   -0.7033    0.6833   -0.1960
   -0.0906   -0.3597   -0.9287
   -0.7050   -0.6354    0.3149
...    17 T-A ...
  -20.1073  -25.8157   37.5531
   -0.6182    0.3410   -0.7082
    0.3473   -0.6897   -0.6353
   -0.7051   -0.6387    0.3079
...    18 T-A ...
  -22.5060  -27.7279   38.6271
   -0.2891   -0.1265   -0.9489
    0.6450   -0.7582   -0.0954
   -0.7074   -0.6396    0.3008
...    19 A-T ...
  -24.6477  -30.1650   39.6229
    0.2110   -0.5649   -0.7977
    0.6689   -0.5117    0.5393
   -0.7128   -0.6474    0.2699
...    20 T-A ...
  -27.3443  -32.0435   39.9734
    0.5284   -0.7504   -0.3972
    0.4567   -0.1432    0.8780
   -0.7157   -0.6453    0.2671
...    21 T-A ...
  -29.7555  -34.1518   40.5842
    0.6828   -0.7007    0.2071
    0.0535    0.3306    0.9423
   -0.7287   -0.6323    0.2632
...    22 C-G ...
  -32.1052  -36.3447   41.3861
    0.5823   -0.3424    0.7373
   -0.3822    0.6852    0.6201
   -0.7175   -0.6429    0.2682
...    23 G-C ...
  -34.6969  -38.2241   42.5189
    0.3082    0.1817    0.9338
   -0.6650    0.7431    0.0748
   -0.6803   -0.6440    0.3498
...    24 C-G ...
  -36.6521  -40.6509   43.7522
   -0.0951    0.5960    0.7973
   -0.7233    0.5090   -0.4668
   -0.6840   -0.6211    0.3827
...    25 A-T ...
  -39.1425  -42.6277   44.8502
   -0.4417    0.8365    0.3243
   -0.5364    0.0436   -0.8429
   -0.7192   -0.5463    0.4294
...    26 A-T ...
  -41.3997  -44.3462   46.4339
   -0.6670    0.7065   -0.2367
   -0.1742   -0.4567   -0.8724
   -0.7244   -0.5407    0.4276
...    27 A-T ...
  -43.7802  -45.9384   47.9672
   -0.6368    0.3067   -0.7074
    0.2466   -0.7882   -0.5638
   -0.7306   -0.5335    0.4263
...    28 G-C ...
  -46.3939  -47.4498   49.3842
   -0.3496   -0.1477   -0.9252
    0.5400   -0.8388   -0.0701
   -0.7657   -0.5241    0.3730
...    29 G-C ...
  -49.2034  -49.0849   50.3568
    0.0717   -0.5615   -0.8244
    0.6138   -0.6267    0.4802
   -0.7862   -0.5404    0.2997
...    30 C-G ...
  -52.0353  -50.7837   50.9564
    0.4290   -0.8035   -0.4127
    0.4496   -0.2064    0.8691
   -0.7835   -0.5584    0.2727
...    31 C-G ...
  -54.6951  -52.8200   51.5692
    0.6536   -0.7434    0.1418
    0.1076    0.2768    0.9549
   -0.7491   -0.6089    0.2609
...    32 G-C ...
  -57.2130  -54.7140   52.8337
    0.6543   -0.3841    0.6514
   -0.3039    0.6552    0.6916
   -0.6925   -0.6505    0.3120
...    33 G-C ...
  -59.4421  -57.1183   53.7486
    0.4218    0.1066    0.9004
   -0.6205    0.7580    0.2010
   -0.6611   -0.6435    0.3859
...    34 C-G ...
  -61.3287  -59.5615   55.0289
    0.0371    0.5480    0.8357
   -0.7486    0.5692   -0.3400
   -0.6620   -0.6130    0.4313
...    35 C-G ...
  -63.3592  -61.7045   56.6899
   -0.3169    0.8319    0.4555
   -0.6535    0.1566   -0.7406
   -0.6874   -0.5324    0.4940
...    36 C-G ...
  -65.5905  -63.3401   58.6263
   -0.5546    0.8276   -0.0872
   -0.3889   -0.3504   -0.8521
   -0.7357   -0.4386    0.5161
...    37 G-C ...
  -68.3400  -64.8012   59.9800
   -0.5848    0.5221   -0.6208
   -0.0486   -0.7865   -0.6156
   -0.8097   -0.3299    0.4854
...    38 A-T ...
  -71.1136  -65.7531   61.5002
   -0.4725   -0.0561   -0.8795
    0.2903   -0.9522   -0.0952
   -0.8322   -0.3003    0.4662
...    39 C-G ...
  -74.1539  -66.1676   62.8430
   -0.2296   -0.5643   -0.7930
    0.4809   -0.7741    0.4116
   -0.8462   -0.2869    0.4491
...    40 A-T ...
  -76.8113  -67.4077   64.4676
    0.1467   -0.9061   -0.3969
    0.4966   -0.2796    0.8217
   -0.8555   -0.3176    0.4090
...    41 C-G ...
  -79.9194  -68.4778   65.2300
    0.3929   -0.9113    0.1236
    0.3330    0.2662    0.9046
   -0.8572   -0.3142    0.4080
...    42 G-C ...
  -82.7169  -69.2725   66.9783
    0.5748   -0.5524    0.6036
    0.0440    0.7575    0.6514
   -0.8171   -0.3479    0.4597
...    43 A-T ...
  -85.4767  -70.4428   68.3698
    0.5065    0.0322    0.8616
   -0.2969    0.9447    0.1392
   -0.8095   -0.3264    0.4881
...    44 C-G ...
  -87.8689  -72.0677   69.9979
    0.3020    0.5505    0.7783
   -0.5186    0.7799   -0.3504
   -0.7999   -0.2978    0.5210
...    45 T-A ...
  -90.3254  -73.1508   71.9580
    0.0482    0.9100    0.4118
   -0.6123    0.3527   -0.7076
   -0.7892   -0.2181    0.5742
...    46 T-A ...
  -92.7714  -73.8176   73.9650
   -0.2740    0.9567   -0.0984
   -0.5397   -0.2377   -0.8076
   -0.7960   -0.1682    0.5815
...    47 A-T ...
  -95.5766  -74.2417   75.7601
   -0.4646    0.6311   -0.6212
   -0.3100   -0.7730   -0.5534
   -0.8294   -0.0646    0.5548
...    48 C-G ...
  -98.2184  -73.7841   77.7215
   -0.5352    0.1144   -0.8370
   -0.0421   -0.9932   -0.1088
   -0.8437   -0.0231    0.5363
...    49 T-A ...
 -101.1567  -73.5332   79.2904
   -0.4428   -0.4582   -0.7707
    0.2157   -0.8888    0.4044
   -0.8703    0.0128    0.4924
...    50 G-C ...
 -104.0014  -73.9097   81.0309
   -0.1966   -0.9098   -0.3656
    0.4092   -0.4150    0.8126
   -0.8910    0.0102    0.4538
...    51 T-A ...
 -107.2551  -73.7953   81.9703
    0.0502   -0.9866    0.1553
    0.4556    0.1610    0.8755
   -0.8887    0.0268    0.4576
...    52 A-T ...
 -109.9859  -73.0739   84.0040
    0.2673   -0.5842    0.7663
    0.3482    0.8001    0.4885
   -0.8985    0.1363    0.4173
...    53 G-C ...
 -113.0611  -72.8446   85.3147
    0.4658   -0.0444    0.8838
    0.1679    0.9850   -0.0390
   -0.8688    0.1665    0.4663
...    54 G-C ...
 -116.0886  -72.5042   86.8265
    0.5692    0.4979    0.6543
   -0.1043    0.8331   -0.5432
   -0.8156    0.2410    0.5261
...    55 T-A ...
 -118.5497  -72.0886   88.9814
    0.4795    0.8479    0.2262
   -0.3880    0.4360   -0.8120
   -0.7871    0.3016    0.5380
...    56 A-T ...
 -121.0419  -70.8639   90.8555
    0.2960    0.8798   -0.3719
   -0.6294   -0.1132   -0.7688
   -0.7185    0.4616    0.5203
...    57 T-A ...
 -122.8717  -69.0998   92.9022
   -0.0383    0.6794   -0.7328
   -0.7076   -0.5362   -0.4602
   -0.7056    0.5009    0.5012
...    58 C-G ...
 -125.1694  -67.2358   94.3216
   -0.4260    0.1997   -0.8824
   -0.5828   -0.8066    0.0988
   -0.6920    0.5563    0.4600
...    59 T-A ...
 -127.4099  -65.0800   95.5329
   -0.6548   -0.3027   -0.6926
   -0.2951   -0.7412    0.6029
   -0.6958    0.5991    0.3960
...    60 C-G ...
 -129.8348  -63.0947   96.6364
   -0.7147   -0.6813   -0.1581
    0.1549   -0.3746    0.9142
   -0.6821    0.6289    0.3733
...    61 G-C ...
 -132.0125  -61.1401   98.3639
   -0.4659   -0.7749    0.4272
    0.5431    0.1307    0.8295
   -0.6986    0.6184    0.3599
...    62 A-T ...
 -134.3444  -58.9932   99.3905
   -0.0379   -0.5085    0.8602
    0.7366    0.5675    0.3679
   -0.6753    0.6476    0.3530
...    63 G-C ...
 -136.7812  -56.9696  100.4882
    0.4114   -0.1301    0.9021
    0.6579    0.7274   -0.1952
   -0.6308    0.6738    0.3849
...    64 C-G ...
 -139.1741  -55.0156  101.7837
    0.7480    0.2594    0.6109
    0.3330    0.6495   -0.6836
   -0.5741    0.7147    0.3995
...    65 T-A ...
 -141.0175  -52.7441  103.3548
    0.8663    0.4896    0.0992
   -0.1239    0.4029   -0.9068
   -0.4839    0.7733    0.4097
...    66 C-G ...
 -142.5112  -50.1754  104.7122
    0.6685    0.5577   -0.4921
   -0.6187    0.0497   -0.7841
   -0.4128    0.8286    0.3782
...    67 G-C ...
 -143.8544  -47.1734  105.5305
    0.2716    0.3379   -0.9011
   -0.9165   -0.1949   -0.3493
   -0.2937    0.9208    0.2567
...    68 G-C ...
 -144.4317  -43.8538  105.9168
   -0.2550    0.0771   -0.9639
   -0.9364   -0.2683    0.2263
   -0.2412    0.9602    0.1406
...    69 G-C ...
 -145.1572  -40.5238  105.7372
   -0.7253   -0.1497   -0.6720
   -0.6481   -0.1808    0.7398
   -0.2322    0.9721    0.0341
...    70 A-T ...
 -146.0091  -37.2995  105.6194
   -0.9761   -0.2083   -0.0624
   -0.0614   -0.0113    0.9980
   -0.2086    0.9780   -0.0017
...    71 T-A ...
 -146.7709  -34.1217  104.8918
   -0.8654   -0.1264    0.4849
    0.4758    0.0966    0.8743
   -0.1574    0.9873   -0.0235
...    72 C-G ...
 -147.3110  -30.8324  104.6781
   -0.3764   -0.0056    0.9264
    0.9180    0.1325    0.3738
   -0.1248    0.9912   -0.0448
...    73 C-G ...
 -147.9103  -27.4902  104.3221
    0.2292    0.0218    0.9731
    0.9699    0.0794   -0.2302
   -0.0823    0.9966   -0.0029
...    74 G-C ...
 -147.8174  -24.1182  103.8112
    0.7561   -0.0518    0.6524
    0.6532   -0.0036   -0.7572
    0.0416    0.9986    0.0312
...    75 C-G ...
 -147.9415  -20.8219  104.2287
    0.9853   -0.1216    0.1199
    0.1210    0.0023   -0.9926
    0.1204    0.9926    0.0169
...    76 T-A ...
 -147.3257  -17.5858  104.5225
    0.8763   -0.2165   -0.4303
   -0.4226    0.0832   -0.9025
    0.2312    0.9727   -0.0186
...    77 T-A ...
 -146.3793  -14.5048  104.4968
    0.4633   -0.2015   -0.8630
   -0.8390    0.2139   -0.5004
    0.2854    0.9558   -0.0699
...    78 T-A ...
 -145.2241  -11.5027  104.1936
   -0.1138   -0.0863   -0.9897
   -0.9425    0.3245    0.0801
    0.3142    0.9420   -0.1183
...    79 A-T ...
 -144.3709   -8.2945  103.6108
   -0.6868    0.0977   -0.7202
   -0.6483    0.3655    0.6679
    0.3285    0.9257   -0.1877
...    80 A-T ...
 -143.1774   -5.3930  102.7042
   -0.9213    0.3395   -0.1898
   -0.1064    0.2494    0.9625
    0.3741    0.9069   -0.1937
...    81 C-G ...
 -142.0545   -2.4827  101.3872
   -0.8200    0.4393    0.3668
    0.4235    0.0348    0.9052
    0.3849    0.8977   -0.2146
...    82 A-T ...
 -140.4590    0.4152  100.9419
   -0.3909    0.3537    0.8498
    0.8373   -0.2470    0.4879
    0.3824    0.9022   -0.1996
...    83 C-G ...
 -139.7275    3.5785  100.0565
    0.1336    0.1629    0.9776
    0.9063   -0.4192   -0.0540
    0.4010    0.8932   -0.2036
...    84 T-A ...
 -138.5820    6.6600   99.4744
    0.5880   -0.1416    0.7964
    0.6730   -0.4606   -0.5787
    0.4488    0.8762   -0.1755
...    85 T-A ...
 -137.2354    9.5735   99.0169
    0.8564   -0.4070    0.3178
    0.1969   -0.3115   -0.9296
    0.4774    0.8587   -0.1866
...    86 T-A ...
 -135.6404   12.3472   98.5685
    0.7870   -0.5592   -0.2605
   -0.3291   -0.0235   -0.9440
    0.5218    0.8287   -0.2025
...    87 C-G ...
 -133.7839   14.9442   97.8775
    0.3999   -0.5276   -0.7495
   -0.7141    0.3334   -0.6156
    0.5747    0.7814   -0.2434
...    88 A-T ...
 -131.8409   17.4593   96.7701
   -0.1563   -0.3398   -0.9274
   -0.7729    0.6267   -0.0994
    0.6150    0.7012   -0.3605
...    89 T-A ...
 -129.3884   19.2140   95.4488
   -0.5372    0.0271   -0.8430
   -0.5690    0.7262    0.3860
    0.6226    0.6870   -0.3747
...    90 G-C ...
 -127.6018   21.7099   94.0970
   -0.8058    0.4178   -0.4197
   -0.0966    0.6066    0.7892
    0.5843    0.6764   -0.4484
...    91 T-A ...
 -125.7807   23.6440   92.0254
   -0.7229    0.6863    0.0798
    0.3684    0.2852    0.8849
    0.5845    0.6691   -0.4590
...    92 T-A ...
 -123.9771   25.7002   90.2241
   -0.3161    0.7605    0.5671
    0.7186   -0.1983    0.6665
    0.6194    0.6183   -0.4838
...    93 A-T ...
 -121.2835   27.2697   88.7155
    0.3113    0.4624    0.8303
    0.7083   -0.6953    0.1217
    0.6336    0.5502   -0.5439
...    94 T-A ...
 -119.6473   29.5621   86.9743
    0.6430    0.0332    0.7652
    0.4283   -0.8438   -0.3234
    0.6349    0.5357   -0.5567
...    95 A-T ...
 -117.4536   31.0047   84.8243
    0.7436   -0.5342    0.4021
   -0.0913   -0.6769   -0.7304
    0.6624    0.5064   -0.5521
...    96 A-T ...
 -115.2191   32.6942   83.1931
    0.5316   -0.8428   -0.0836
   -0.5079   -0.2382   -0.8278
    0.6778    0.4826   -0.5547
...    97 C-G ...
 -112.5811   34.1661   81.8559
    0.1417   -0.8614   -0.4877
   -0.7010    0.2606   -0.6639
    0.6990    0.4359   -0.5669
...    98 G-C ...
 -110.4645   35.5000   79.5578
   -0.3727   -0.6024   -0.7059
   -0.6090    0.7327   -0.3037
    0.7002    0.3167   -0.6399
...    99 G-C ...
 -108.1037   36.1135   77.1842
   -0.7051   -0.1078   -0.7009
   -0.2580    0.9596    0.1119
    0.6605    0.2597   -0.7044
...   100 A-T ...
 -105.9953   36.8574   74.7353
   -0.7237    0.5000   -0.4757
    0.2447    0.8304    0.5005
    0.6453    0.2458   -0.7233
...   101 T-A ...
 -104.1853   37.1672   71.9673
   -0.4721    0.8679   -0.1543
    0.5902    0.4412    0.6760
    0.6548    0.2281   -0.7206
...   102 A-T ...
 -101.5058   37.8668   69.9253
    0.0890    0.9487    0.3033
    0.7401   -0.2668    0.6173
    0.6666    0.1695   -0.7259
...   103 T-A ...
  -99.8248   38.7175   67.1926
    0.4782    0.6675    0.5708
    0.5752   -0.7291    0.3708
    0.6637    0.1510   -0.7326
...   104 G-C ...
  -97.4137   38.9396   64.8613
    0.6761    0.0816    0.7323
    0.1781   -0.9825   -0.0550
    0.7150    0.1675   -0.6787
...   105 C-G ...
  -95.0371   39.8879   62.7120
    0.6247   -0.4952    0.6038
   -0.2363   -0.8568   -0.4582
    0.7443    0.1436   -0.6523
...   106 T-A ...
  -92.3782   40.4541   60.7832
    0.3386   -0.8936    0.2948
   -0.5278   -0.4397   -0.7267
    0.7790    0.0904   -0.6205
...   107 T-A ...
  -89.7221   40.7572   58.9380
   -0.0452   -0.9825   -0.1807
   -0.6239    0.1691   -0.7630
    0.7802    0.0783   -0.6206
...   108 C-G ...
  -87.1294   40.8433   56.9028
   -0.4405   -0.6810   -0.5849
   -0.4525    0.7312   -0.5105
    0.7754    0.0398   -0.6303
...   109 C-G ...
  -84.5599   40.5683   54.6945
   -0.6745   -0.1485   -0.7232
   -0.0933    0.9889   -0.1160
    0.7324   -0.0107   -0.6808
...   110 G-C ...
  -82.2061   40.9087   52.2680
   -0.6624    0.4598   -0.5915
    0.3494    0.8880    0.2991
    0.6627   -0.0086   -0.7488
...   111 G-C ...
  -80.1823   40.7281   49.5336
   -0.3894    0.8824   -0.2642
    0.6775    0.4687    0.5669
    0.6240    0.0417   -0.7803
...   112 C-G ...
  -78.4388   40.7970   46.6669
    0.0418    0.9903    0.1326
    0.7822   -0.1150    0.6123
    0.6216    0.0782   -0.7794
...   113 T-A ...
  -76.5807   41.2476   43.9215
    0.4349    0.7541    0.4921
    0.6372   -0.6439    0.4236
    0.6363    0.1293   -0.7605
...   114 C-G ...
  -74.4986   41.7402   41.4038
    0.7118    0.2006    0.6732
    0.2426   -0.9696    0.0325
    0.6592    0.1402   -0.7388
...   115 G-C ...
  -72.1467   41.7773   38.9468
    0.6432   -0.4158    0.6430
   -0.1947   -0.9009   -0.3878
    0.7405    0.1242   -0.6605
...   116 T-A ...
  -69.4527   42.5933   37.1764
    0.4104   -0.8424    0.3492
   -0.5064   -0.5290   -0.6809
    0.7583    0.1026   -0.6437
...   117 A-T ...
  -67.1594   42.7788   34.6621
   -0.0215   -0.9843   -0.1752
   -0.6429    0.1478   -0.7515
    0.7656    0.0965   -0.6360
...   118 T-A ...
  -64.2625   42.7948   33.0613
   -0.3485   -0.7592   -0.5497
   -0.5342    0.6428   -0.5490
    0.7701    0.1023   -0.6296
...   119 A-T ...
  -61.8451   43.5824   30.7702
   -0.5900   -0.1360   -0.7959
   -0.1723    0.9842   -0.0405
    0.7888    0.1132   -0.6041
...   120 A-T ...
  -59.2662   43.6789   28.7693
   -0.5523    0.4819   -0.6802
    0.2043    0.8693    0.4501
    0.8082    0.1096   -0.5786
...   121 T-A ...
  -56.8661   43.5314   26.4853
   -0.3533    0.8683   -0.3483
    0.4574    0.4851    0.7453
    0.8161    0.1040   -0.5685
...   122 G-C ...
  -54.0258   44.0386   24.7629
   -0.0830    0.9733    0.2140
    0.5881   -0.1256    0.7990
    0.8045    0.1922   -0.5620
...   123 T-A ...
  -51.7592   44.9233   22.4879
    0.2183    0.7423    0.6335
    0.5367   -0.6335    0.5574
    0.8151    0.2183   -0.5366
...   124 G-C ...
  -48.8544   45.5567   20.9118
    0.3988    0.2008    0.8948
    0.3296   -0.9419    0.0645
    0.8558    0.2692   -0.4418
...   125 T-A ...
  -46.1637   47.0241   19.6620
    0.4762   -0.3505    0.8065
    0.0731   -0.8982   -0.4335
    0.8763    0.2654   -0.4020
...   126 C-G ...
  -43.2048   47.8663   18.4926
    0.3915   -0.8318    0.3935
   -0.2048   -0.4957   -0.8440
    0.8971    0.2498   -0.3645
...   127 G-C ...
  -40.1973   48.2964   16.9591
    0.1197   -0.9821   -0.1456
   -0.3344    0.0983   -0.9373
    0.9348    0.1608   -0.3166
...   128 A-T ...
  -37.0563   48.6885   15.9641
   -0.1155   -0.7132   -0.6913
   -0.3180    0.6859   -0.6545
    0.9410    0.1443   -0.3061
...   129 C-G ...
  -33.7788   48.5703   15.1927
   -0.2715   -0.2171   -0.9376
   -0.1937    0.9666   -0.1677
    0.9427    0.1361   -0.3045
...   130 C-G ...
  -30.5767   48.7559   14.0386
   -0.3811    0.3698   -0.8473
    0.0062    0.9175    0.3977
    0.9245    0.1463   -0.3520
...   131 A-T ...
  -27.4389   49.4612   13.0783
   -0.3642    0.8371   -0.4083
    0.2327    0.5063    0.8304
    0.9018    0.2074   -0.3791
...   132 A-T ...
  -24.5732   50.0457   11.6485
   -0.1565    0.9745    0.1605
    0.3854   -0.0894    0.9184
    0.9094    0.2056   -0.3615
...   133 A-T ...
  -21.7086   50.7888   10.3157
    0.0760    0.7333    0.6757
    0.3990   -0.6434    0.6534
    0.9138    0.2199   -0.3414
...   134 T-A ...
  -19.0083   52.0403    8.9385
    0.2450    0.2904    0.9250
    0.3072   -0.9282    0.2101
    0.9196    0.2327   -0.3166
...   135 G-C ...
  -16.4569   53.8981    7.5292
    0.5336   -0.3334    0.7773
    0.0348   -0.9096   -0.4140
    0.8450    0.2479   -0.4738
...   136 T-A ...
  -14.1680   56.5698    6.1950
    0.5795   -0.7269    0.3684
   -0.3140   -0.6163   -0.7222
    0.7521    0.3028   -0.5854
...   137 G-C ...
  -11.6468   58.0147    4.7338
    0.2454   -0.9541   -0.1717
   -0.6318   -0.0231   -0.7748
    0.7352    0.2986   -0.6085
...   138 A-T ...
   -8.6697   58.7290    3.6171
   -0.0344   -0.7815   -0.6230
   -0.6534    0.4892   -0.5777
    0.7562    0.3872   -0.5274
...   139 G-C ...
   -6.3211   59.0880    1.6442
   -0.2967   -0.3277   -0.8970
   -0.5657    0.8170   -0.1114
    0.7694    0.4744   -0.4278
...   140 C-G ...
   -3.4296   60.2437    1.0436
   -0.4424    0.2288   -0.8671
   -0.1682    0.9286    0.3309
    0.8809    0.2922   -0.3723
...   141 G-C ...
   -0.6893   63.9063   -2.2355
   -0.9992    0.0156   -0.0375
   -0.0024    0.8991    0.4378
    0.0405    0.4375   -0.8983
...   142 C-G ...
   -0.9979   65.6138   -4.9248
   -0.8337    0.5217    0.1810
    0.5169    0.6220    0.5881
    0.1942    0.5839   -0.7882
...   143 T-A ...
   -0.1244   66.2251   -7.8040
   -0.3751    0.8568    0.3538
    0.8856    0.2185    0.4098
    0.2739    0.4670   -0.8408
...   144 C-G ...
   -0.1579   67.4197  -10.7920
    0.1799    0.8792    0.4411
    0.9276   -0.3009    0.2214
    0.3274    0.3694   -0.8697
...   145 A-T ...
    0.5353   69.2487  -13.4512
    0.7352    0.4961    0.4620
    0.6117   -0.7791   -0.1369
    0.2921    0.3832   -0.8763
...   146 C-G ...
    1.4422   72.1064  -15.5857
    0.9808    0.0622    0.1849
    0.1266   -0.9240   -0.3608
    0.1484    0.3773   -0.9141
...   147 A-T ...
    2.3151   74.2411  -18.3713
    0.8657   -0.4292   -0.2574
   -0.4984   -0.7868   -0.3642
   -0.0462    0.4436   -0.8950
