  147 base-pairs
...     1 A-T ...
    0.0000    0.0000    0.0000
    1.0000    0.0000    0.0000
    0.0000    1.0000    0.0000
    0.0000    0.0000    1.0000
...     2 G-C ...
   -0.1394   -1.2357    3.2268
    0.7529    0.6366    0.1670
   -0.6386    0.7680   -0.0486
   -0.1592   -0.0700    0.9848
...     3 T-A ...
   -0.0365   -3.2932    6.3751
    0.2722    0.9301    0.2466
   -0.9238    0.3243   -0.2033
   -0.2691   -0.1725    0.9475
...     4 G-C ...
   -0.3505   -4.1660    9.4928
   -0.3756    0.9250    0.0579
   -0.8781   -0.3352   -0.3415
   -0.2965   -0.1791    0.9381
...     5 A-T ...
   -0.4462   -4.1476   12.7498
   -0.8116    0.5840   -0.0165
   -0.5523   -0.7762   -0.3042
   -0.1905   -0.2378    0.9524
...     6 G-C ...
   -1.5908   -4.1730   15.6201
   -0.9976    0.0246   -0.0651
   -0.0043   -0.9555   -0.2950
   -0.0695   -0.2940    0.9533
...     7 C-G ...
   -1.1030   -4.4824   18.7362
   -0.8441   -0.5304   -0.0787
    0.5345   -0.8441   -0.0432
   -0.0435   -0.0785    0.9960
...     8 G-C ...
   -2.4028   -7.7290   23.1475
   -0.2754   -0.3293   -0.9032
    0.6650   -0.7437    0.0684
   -0.6942   -0.5818    0.4238
...     9 C-G ...
   -4.4690   -9.9728   24.1132
    0.1145   -0.7025   -0.7024
    0.8512   -0.2952    0.4340
   -0.5122   -0.6476    0.5642
...    10 T-A ...
   -6.7405  -10.8752   25.9697
    0.4841   -0.8363   -0.2574
    0.6595    0.1553    0.7355
   -0.5751   -0.5258    0.6267
...    11 C-G ...
   -9.1656  -12.6208   27.1640
    0.7073   -0.6682    0.2307
    0.3448    0.6110    0.7126
   -0.6171   -0.4245    0.6626
...    12 A-T ...
  -10.9234  -14.6633   29.0693
    0.7515   -0.1377    0.6452
   -0.2029    0.8824    0.4246
   -0.6277   -0.4500    0.6352
...    13 C-G ...
  -11.8476  -17.4863   31.2451
    0.4295    0.2823    0.8578
   -0.5708    0.8209    0.0156
   -0.6998   -0.4963    0.5137
...    14 A-T ...
  -13.5897  -19.7827   33.4259
   -0.1504    0.6104    0.7777
   -0.6874    0.5008   -0.5260
   -0.7106   -0.6136    0.3443
...    15 A-T ...
  -15.8213  -21.8357   34.5982
   -0.5369    0.7871    0.3035
   -0.4497    0.0373   -0.8924
   -0.7137   -0.6157    0.3340
...    16 T-A ...
  -17.9293  -23.8196   36.3881
   -0.7279    0.6458   -0.2304
   -0.0603   -0.3950   -0.9167
   -0.6830   -0.6534    0.3265
...    17 T-A ...
  -20.1633  -25.7897   37.7778
   -0.6448    0.2508   -0.7220
    0.4040   -0.6900   -0.6005
   -0.6489   -0.6789    0.3436
...    18 T-A ...
  -22.3924  -27.8835   38.9621
   -0.2786   -0.1992   -0.9395
    0.7092   -0.7024   -0.0614
   -0.6476   -0.6834    0.3370
...    19 A-T ...
  -24.3198  -30.4770   40.1835
    0.2613   -0.6205   -0.7394
    0.7179   -0.3871    0.5786
   -0.6452   -0.6820    0.3443
...    20 T-A ...
  -26.8580  -32.5440   40.8079
    0.5991   -0.7422   -0.3002
    0.4670    0.0195    0.8840
   -0.6503   -0.6699    0.3583
...    21 T-A ...
  -29.0396  -34.7878   41.7210
    0.7419   -0.5969    0.3056
    0.0010    0.4568    0.8896
   -0.6705   -0.6597    0.3395
...    22 C-G ...
  -31.2048  -37.0028   42.8779
    0.6040   -0.1807    0.7763
   -0.4620    0.7143    0.5257
   -0.6495   -0.6761    0.3479
...    23 G-C ...
  -33.6397  -38.8336   44.3935
    0.3308    0.3526    0.8754
   -0.7439    0.6682    0.0119
   -0.5807   -0.6551    0.4833
...    24 C-G ...
  -35.2322  -41.2326   46.0045
   -0.0817    0.6908    0.7184
   -0.8033    0.3811   -0.4577
   -0.5900   -0.6145    0.5238
...    25 A-T ...
  -37.6289  -43.2382   47.2811
   -0.5176    0.8168    0.2549
   -0.5871   -0.1222   -0.8003
   -0.6225   -0.5639    0.5428
...    26 A-T ...
  -39.6612  -45.0014   49.1667
   -0.7588    0.5907   -0.2743
   -0.1713   -0.5873   -0.7910
   -0.6284   -0.5533    0.5468
...    27 A-T ...
  -41.6641  -46.6045   51.1923
   -0.7208    0.1150   -0.6835
    0.3215   -0.8181   -0.4767
   -0.6140   -0.5634    0.5527
...    28 G-C ...
  -44.0225  -48.1456   53.0861
   -0.3917   -0.3326   -0.8579
    0.6546   -0.7559   -0.0058
   -0.6465   -0.5639    0.5139
...    29 G-C ...
  -46.4903  -49.9985   54.6442
    0.1105   -0.6928   -0.7126
    0.7458   -0.4161    0.5202
   -0.6569   -0.5890    0.4707
...    30 C-G ...
  -48.8382  -51.9858   55.8549
    0.5430   -0.7860   -0.2955
    0.5316    0.0493    0.8456
   -0.6500   -0.6163    0.4446
...    31 C-G ...
  -51.2194  -54.0189   57.1609
    0.7834   -0.5817    0.2190
    0.1200    0.4873    0.8649
   -0.6098   -0.6513    0.4515
...    32 G-C ...
  -53.1171  -55.8243   58.8680
    0.7794   -0.1629    0.6050
   -0.3257    0.7196    0.6133
   -0.5353   -0.6750    0.5078
...    33 G-C ...
  -54.6650  -58.2359   60.6426
    0.4912    0.3297    0.8062
   -0.7140    0.6826    0.1559
   -0.4989   -0.6522    0.5707
...    34 C-G ...
  -56.0153  -60.6345   62.4790
    0.0300    0.7026    0.7109
   -0.8645    0.3752   -0.3343
   -0.5017   -0.6046    0.6187
...    35 C-G ...
  -57.4645  -62.4865   64.9581
   -0.4152    0.8458    0.3349
   -0.7412   -0.1011   -0.6636
   -0.5274   -0.5238    0.6690
...    36 C-G ...
  -59.2137  -63.9998   67.4135
   -0.7335    0.6610   -0.1580
   -0.3961   -0.6047   -0.6910
   -0.5523   -0.4443    0.7053
...    37 G-C ...
  -61.1774  -66.1839   69.2075
   -0.7880    0.2200   -0.5750
    0.0846   -0.8864   -0.4551
   -0.6098   -0.4072    0.6799
...    38 A-T ...
  -63.1890  -67.4273   71.3791
   -0.5802   -0.3641   -0.7286
    0.5371   -0.8435   -0.0061
   -0.6124   -0.3948    0.6849
...    39 C-G ...
  -65.5957  -68.4182   73.3044
   -0.1860   -0.7544   -0.6295
    0.7490   -0.5235    0.4061
   -0.6359   -0.3960    0.6624
...    40 A-T ...
  -67.7296  -69.9569   75.4642
    0.3366   -0.9085   -0.2475
    0.6998    0.0655    0.7114
   -0.6301   -0.4127    0.6578
...    41 C-G ...
  -70.0154  -71.6649   77.2576
    0.6644   -0.7276    0.1709
    0.4076    0.5444    0.7331
   -0.6265   -0.4174    0.6583
...    42 G-C ...
  -72.0077  -72.5826   79.7549
    0.8021   -0.2219    0.5545
   -0.0669    0.8891    0.4527
   -0.5935   -0.4002    0.6983
...    43 A-T ...
  -74.0729  -73.8521   81.8044
    0.6124    0.3563    0.7057
   -0.5063    0.8624    0.0040
   -0.6072   -0.3597    0.7085
...    44 C-G ...
  -75.6569  -75.5607   84.1318
    0.2859    0.7911    0.5407
   -0.7648    0.5284   -0.3686
   -0.5773   -0.3082    0.7561
...    45 T-A ...
  -77.2585  -76.6363   87.1197
   -0.1538    0.9808    0.1199
   -0.7929   -0.0501   -0.6073
   -0.5896   -0.1885    0.7854
...    46 T-A ...
  -79.1588  -77.0828   89.6126
   -0.5086    0.8128   -0.2839
   -0.6017   -0.5714   -0.5580
   -0.6158   -0.1130    0.7797
...    47 A-T ...
  -81.4156  -77.2733   92.0511
   -0.6948    0.3252   -0.6415
   -0.2251   -0.9455   -0.2354
   -0.6831   -0.0191    0.7301
...    48 C-G ...
  -83.8143  -76.5784   94.2927
   -0.6886   -0.2423   -0.6835
    0.1546   -0.9699    0.1881
   -0.7085    0.0239    0.7053
...    49 T-A ...
  -86.4489  -76.0869   96.3702
   -0.4509   -0.7331   -0.5092
    0.4556   -0.6796    0.5750
   -0.7675    0.0273    0.6404
...    50 G-C ...
  -88.9487  -76.1969   98.5829
   -0.0547   -0.9958   -0.0730
    0.6200   -0.0912    0.7793
   -0.7827   -0.0026    0.6224
...    51 T-A ...
  -91.7415  -76.4473  100.2061
    0.2797   -0.8713    0.4032
    0.5434    0.4899    0.6817
   -0.7915    0.0285    0.6105
...    52 A-T ...
  -94.0203  -75.0168  102.6822
    0.4756   -0.2336    0.8481
    0.2395    0.9621    0.1307
   -0.8464    0.1410    0.5135
...    53 G-C ...
  -96.9119  -74.5034  104.2006
    0.6021    0.3178    0.7324
   -0.0303    0.9258   -0.3769
   -0.7978    0.2048    0.5671
...    54 G-C ...
  -99.5157  -74.2006  106.5915
    0.5594    0.7686    0.3102
   -0.3742    0.5681   -0.7329
   -0.7396    0.2940    0.6055
...    55 T-A ...
 -101.6407  -73.3305  108.8480
    0.3255    0.9313   -0.1638
   -0.6104    0.0746   -0.7886
   -0.7221    0.3566    0.5927
...    56 A-T ...
 -103.6857  -71.7492  111.1579
    0.0246    0.7298   -0.6833
   -0.7231   -0.4590   -0.5163
   -0.6904    0.5067    0.5164
...    57 T-A ...
 -105.4141  -69.6844  112.9602
   -0.3251    0.3489   -0.8790
   -0.6506   -0.7570   -0.0599
   -0.6863    0.5524    0.4731
...    58 C-G ...
 -107.7670  -67.5535  114.3557
   -0.6387   -0.2497   -0.7278
   -0.3207   -0.7734    0.5468
   -0.6995    0.5826    0.4139
...    59 T-A ...
 -110.2420  -65.5362  115.3305
   -0.6846   -0.6651   -0.2984
    0.0633   -0.4620    0.8846
   -0.7262    0.5867    0.3584
...    60 C-G ...
 -112.7030  -63.8780  116.8061
   -0.5155   -0.7809    0.3528
    0.4484    0.1051    0.8876
   -0.7302    0.6158    0.2960
...    61 G-C ...
 -114.5963  -61.5507  118.3193
   -0.1551   -0.5270    0.8356
    0.6798    0.5568    0.4774
   -0.7168    0.6421    0.2719
...    62 A-T ...
 -116.6122  -59.0055  118.9877
    0.3184   -0.0474    0.9468
    0.6680    0.7199   -0.1886
   -0.6726    0.6925    0.2609
...    63 G-C ...
 -118.8370  -56.6766  119.7548
    0.6607    0.3511    0.6634
    0.4080    0.5739   -0.7101
   -0.6300    0.7399    0.2359
...    64 C-G ...
 -121.1342  -54.3923  120.9038
    0.8073    0.5818    0.0985
   -0.0503    0.2342   -0.9709
   -0.5880    0.7789    0.2184
...    65 T-A ...
 -123.0048  -51.7800  121.8580
    0.7164    0.5212   -0.4638
   -0.4814   -0.1118   -0.8693
   -0.5050    0.8461    0.1709
...    66 C-G ...
 -124.5851  -48.8814  122.2147
    0.3348    0.2909   -0.8963
   -0.8388   -0.3415   -0.4241
   -0.4294    0.8937    0.1297
...    67 G-C ...
 -126.5032  -46.0939  121.8974
   -0.1611   -0.0389   -0.9862
   -0.9184   -0.3601    0.1642
   -0.3615    0.9321    0.0223
...    68 G-C ...
 -127.5260  -42.8554  121.4121
   -0.6407   -0.2997   -0.7069
   -0.6793   -0.2078    0.7038
   -0.3579    0.9311   -0.0704
...    69 G-C ...
 -128.9406  -39.8771  120.5980
   -0.8880   -0.4287   -0.1665
   -0.2227    0.0841    0.9712
   -0.4023    0.8995   -0.1702
...    70 A-T ...
 -130.2476  -36.8757  119.6471
   -0.8482   -0.2261    0.4790
    0.3893    0.3470    0.8532
   -0.3591    0.9102   -0.2063
...    71 T-A ...
 -131.7713  -34.1359  118.5327
   -0.5051    0.0193    0.8629
    0.7907    0.4111    0.4537
   -0.3460    0.9114   -0.2229
...    72 C-G ...
 -133.1988  -31.1541  117.6633
    0.1014    0.3206    0.9418
    0.9441    0.2675   -0.1927
   -0.3137    0.9087   -0.2756
...    73 C-G ...
 -134.3137  -28.2671  116.4523
    0.6355    0.3080    0.7080
    0.7410    0.0142   -0.6713
   -0.2169    0.9513   -0.2192
...    74 G-C ...
 -134.6560  -25.1298  115.3173
    0.9669    0.1353    0.2164
    0.2387   -0.1795   -0.9544
   -0.0903    0.9744   -0.2059
...    75 C-G ...
 -135.0773  -21.7028  115.0640
    0.9302   -0.0376   -0.3652
   -0.3625   -0.2520   -0.8973
   -0.0583    0.9670   -0.2481
...    76 T-A ...
 -134.9050  -18.2947  114.4611
    0.5525   -0.2485   -0.7956
   -0.8335   -0.1567   -0.5299
    0.0070    0.9559   -0.2937
...    77 T-A ...
 -134.5229  -15.2173  113.4730
   -0.0378   -0.3205   -0.9465
   -0.9989    0.0387    0.0268
    0.0281    0.9465   -0.3216
...    78 T-A ...
 -134.3098  -12.2102  112.2592
   -0.6070   -0.2731   -0.7463
   -0.7942    0.2416    0.5576
    0.0280    0.9311   -0.3636
...    79 A-T ...
 -134.6951   -8.9650  111.3909
   -0.9692   -0.0300   -0.2445
   -0.2367    0.3880    0.8907
    0.0682    0.9212   -0.3832
...    80 A-T ...
 -134.4573   -6.0837  109.9083
   -0.9059    0.2729    0.3239
    0.4036    0.3246    0.8554
    0.1283    0.9056   -0.4042
...    81 C-G ...
 -134.3712   -3.1773  108.0764
   -0.4934    0.4636    0.7360
    0.8546    0.1011    0.5093
    0.1617    0.8803   -0.4460
...    82 A-T ...
 -133.7373   -0.2387  106.5766
    0.1505    0.4146    0.8975
    0.9675   -0.2484   -0.0475
    0.2033    0.8754   -0.4385
...    83 C-G ...
 -133.6736    2.9142  105.3143
    0.6469    0.2060    0.7342
    0.7272   -0.4564   -0.5127
    0.2294    0.8656   -0.4451
...    84 T-A ...
 -133.0524    6.2512  104.1861
    0.9278   -0.1715    0.3314
    0.2033   -0.5125   -0.8343
    0.3130    0.8414   -0.4406
...    85 T-A ...
 -131.9284    9.0794  103.0576
    0.8653   -0.4611   -0.1968
   -0.3724   -0.3283   -0.8681
    0.3356    0.8244   -0.4557
...    86 T-A ...
 -130.7004   11.6784  101.5696
    0.4723   -0.6340   -0.6124
   -0.7896    0.0045   -0.6136
    0.3917    0.7733   -0.4985
...    87 A-T ...
 -129.4984   14.1214   99.6292
   -0.1215   -0.5857   -0.8014
   -0.8981    0.4087   -0.1625
    0.4227    0.7000   -0.5756
...    88 T-A ...
 -127.5406   15.8738   97.7540
   -0.5612   -0.3531   -0.7486
   -0.7118    0.6674    0.2188
    0.4224    0.6556   -0.6259
...    89 G-C ...
 -126.1531   17.8128   95.4328
   -0.9142    0.0665   -0.3998
   -0.2055    0.7742    0.5987
    0.3493    0.6295   -0.6941
...    90 C-G ...
 -125.1731   19.6693   92.7978
   -0.8679    0.4964    0.0193
    0.3629    0.6069    0.7071
    0.3393    0.6207   -0.7068
...    91 T-A ...
 -124.5070   21.7699   90.0764
   -0.4800    0.7690    0.4221
    0.8218    0.2259    0.5230
    0.3069    0.5980   -0.7405
...    92 T-A ...
 -123.7320   23.6792   87.5893
    0.0888    0.7602    0.6436
    0.9450   -0.2686    0.1868
    0.3149    0.5916   -0.7422
...    93 C-G ...
 -122.4658   25.3516   84.9002
    0.6553    0.4196    0.6281
    0.6747   -0.6991   -0.2368
    0.3397    0.5790   -0.7412
...    94 A-T ...
 -121.2980   26.7180   81.9733
    0.8836   -0.1448    0.4452
    0.1440   -0.8208   -0.5528
    0.4455    0.5526   -0.7044
...    95 T-A ...
 -119.7355   28.8256   80.0250
    0.8034   -0.5791    0.1384
   -0.3281   -0.6246   -0.7087
    0.4968    0.5240   -0.6918
...    96 G-C ...
 -117.8355   30.5142   77.6121
    0.3724   -0.8987   -0.2316
   -0.7339   -0.1324   -0.6662
    0.5681    0.4181   -0.7089
...    97 T-A ...
 -115.4140   31.7139   75.5965
   -0.1005   -0.8335   -0.5432
   -0.8079    0.3870   -0.4444
    0.5807    0.3942   -0.7123
...    98 T-A ...
 -113.4210   32.7633   73.3308
   -0.5556   -0.4697   -0.6861
   -0.5911    0.8035   -0.0713
    0.5848    0.3659   -0.7240
...    99 A-T ...
 -111.5239   34.1865   70.8327
   -0.7961    0.1825   -0.5770
   -0.0720    0.9182    0.3896
    0.6009    0.3517   -0.7178
...   100 T-A ...
 -109.6713   34.6867   68.1534
   -0.6993    0.6451   -0.3079
    0.3575    0.6886    0.6309
    0.6191    0.3311   -0.7121
...   101 A-T ...
 -107.2589   35.8011   65.8969
   -0.2167    0.9634    0.1578
    0.7274    0.0515    0.6842
    0.6510    0.2631   -0.7120
...   102 A-T ...
 -105.2959   36.6095   63.4595
    0.2775    0.8134    0.5113
    0.6969   -0.5368    0.4756
    0.6613    0.2244   -0.7158
...   103 C-G ...
 -103.4902   37.7586   60.7750
    0.6270    0.3669    0.6873
    0.4039   -0.9074    0.1159
    0.6662    0.2049   -0.7171
...   104 G-C ...
 -101.1030   38.1012   58.5499
    0.6746   -0.2542    0.6931
   -0.0354   -0.9489   -0.3136
    0.7374    0.1870   -0.6491
...   105 G-C ...
  -98.4534   38.6692   56.6845
    0.4651   -0.7424    0.4823
   -0.3610   -0.6565   -0.6623
    0.8083    0.1339   -0.5733
...   106 A-T ...
  -95.6358   39.1983   54.9705
    0.1271   -0.9919    0.0030
   -0.5617   -0.0745   -0.8240
    0.8175    0.1030   -0.5666
...   107 T-A ...
  -92.6272   39.3283   53.6200
   -0.2124   -0.8842   -0.4160
   -0.5345    0.4615   -0.7080
    0.8180    0.0720   -0.5706
...   108 C-G ...
  -89.8146   39.2702   51.7884
   -0.5053   -0.4225   -0.7525
   -0.2829    0.9049   -0.3180
    0.8152    0.0522   -0.5768
...   109 C-G ...
  -87.2000   39.1968   49.7572
   -0.6496    0.1289   -0.7493
    0.0573    0.9910    0.1208
    0.7581    0.0356   -0.6512
...   110 G-C ...
  -84.9058   39.6566   47.7177
   -0.5845    0.6303   -0.5109
    0.4174    0.7736    0.4769
    0.6958    0.0654   -0.7152
...   111 G-C ...
  -82.8650   39.9844   45.0391
   -0.2826    0.9529   -0.1096
    0.6886    0.2811    0.6684
    0.6678    0.1134   -0.7357
...   112 C-G ...
  -81.0823   40.4541   42.2285
    0.1285    0.9395    0.3175
    0.7290   -0.3066    0.6120
    0.6723    0.1528   -0.7243
...   113 T-A ...
  -78.9947   41.0528   39.7046
    0.4717    0.6153    0.6315
    0.5519   -0.7646    0.3328
    0.6877    0.1915   -0.7003
...   114 C-G ...
  -76.6075   41.6078   37.4414
    0.6864    0.0266    0.7267
    0.1758   -0.9758   -0.1303
    0.7056    0.2172   -0.6745
...   115 G-C ...
  -74.2032   41.7815   35.1051
    0.5942   -0.5806    0.5566
   -0.2531   -0.7919   -0.5558
    0.7635    0.1894   -0.6175
...   116 T-A ...
  -71.2667   42.5494   33.7007
    0.3235   -0.9267    0.1910
   -0.5274   -0.3442   -0.7767
    0.7856    0.1506   -0.6002
...   117 A-T ...
  -68.3098   42.9171   32.0226
   -0.1005   -0.9551   -0.2786
   -0.5885    0.2829   -0.7574
    0.8022    0.0879   -0.5905
...   118 T-A ...
  -65.3504   42.8091   30.5970
   -0.3763   -0.6661   -0.6440
   -0.4491    0.7391   -0.5020
    0.8104    0.1003   -0.5772
...   119 A-T ...
  -62.5901   43.4273   28.6016
   -0.5418    0.0060   -0.8405
   -0.0892    0.9939    0.0646
    0.8357    0.1099   -0.5380
...   120 A-T ...
  -59.8905   43.4390   26.7788
   -0.4887    0.5817   -0.6502
    0.2343    0.8054    0.5445
    0.8404    0.1138   -0.5299
...   121 T-A ...
  -57.3640   43.3817   24.5786
   -0.2807    0.9223   -0.2656
    0.4505    0.3710    0.8120
    0.8475    0.1083   -0.5197
...   122 G-C ...
  -54.4851   43.7869   22.6540
   -0.0209    0.9447    0.3273
    0.5261   -0.2680    0.8071
    0.8502    0.1890   -0.4914
...   123 T-A ...
  -51.9575   44.6278   20.7229
    0.2299    0.6624    0.7130
    0.4526   -0.7213    0.5242
    0.8616    0.2022   -0.4657
...   124 G-C ...
  -49.0259   45.3875   19.2205
    0.3703    0.0894    0.9246
    0.2611   -0.9653   -0.0113
    0.8915    0.2455   -0.3808
...   125 T-A ...
  -46.2917   46.6197   18.1168
    0.4002   -0.4481    0.7994
    0.0460   -0.8614   -0.5059
    0.9153    0.2392   -0.3242
...   126 C-G ...
  -43.3146   47.3077   17.2728
    0.3550   -0.8701    0.3418
   -0.1717   -0.4201   -0.8911
    0.9190    0.2577   -0.2985
...   127 G-C ...
  -40.3584   47.7697   15.7341
    0.1067   -0.9766   -0.1866
   -0.2700    0.1522   -0.9508
    0.9569    0.1518   -0.2475
...   128 A-T ...
  -37.2778   48.2379   14.9999
   -0.0656   -0.6855   -0.7251
   -0.2816    0.7099   -0.6456
    0.9573    0.1618   -0.2396
...   129 C-G ...
  -33.9771   48.0856   14.5860
   -0.2342   -0.1942   -0.9526
   -0.1975    0.9689   -0.1490
    0.9519    0.1533   -0.2653
...   130 C-G ...
  -30.7618   48.1941   13.4306
   -0.3804    0.3561   -0.8535
   -0.0149    0.9204    0.3906
    0.9247    0.1613   -0.3448
...   131 A-T ...
  -27.5725   49.3097   12.9774
   -0.3581    0.8333   -0.4212
    0.1958    0.5081    0.8388
    0.9129    0.2179   -0.3451
...   132 A-T ...
  -24.6187   49.9901   11.7217
   -0.1946    0.9691    0.1517
    0.3634   -0.0724    0.9288
    0.9111    0.2359   -0.3381
...   133 A-T ...
  -21.7864   50.8566   10.2909
    0.0765    0.7418    0.6662
    0.3937   -0.6364    0.6634
    0.9161    0.2115   -0.3407
...   134 T-A ...
  -19.0083   52.0402    8.9384
    0.2450    0.2904    0.9250
    0.3072   -0.9282    0.2101
    0.9196    0.2327   -0.3167
...   135 G-C ...
  -16.4569   53.8980    7.5290
    0.5336   -0.3334    0.7773
    0.0348   -0.9096   -0.4140
    0.8450    0.2479   -0.4738
...   136 T-A ...
  -14.1680   56.5697    6.1948
    0.5795   -0.7269    0.3684
   -0.3140   -0.6163   -0.7222
    0.7521    0.3028   -0.5854
...   137 G-C ...
  -11.6468   58.0146    4.7336
    0.2454   -0.9541   -0.1717
   -0.6318   -0.0231   -0.7748
    0.7352    0.2986   -0.6085
...   138 A-T ...
   -8.6698   58.7288    3.6170
   -0.0344   -0.7815   -0.6230
   -0.6534    0.4892   -0.5777
    0.7562    0.3872   -0.5274
...   139 G-C ...
   -6.3211   59.0879    1.6440
   -0.2967   -0.3277   -0.8970
   -0.5657    0.8170   -0.1114
    0.7694    0.4744   -0.4278
...   140 C-G ...
   -3.4296   60.2436    1.0435
   -0.4424    0.2288   -0.8671
   -0.1682    0.9286    0.3309
    0.8809    0.2922   -0.3723
...   141 G-C ...
   -0.6893   63.9062   -2.2356
   -0.9992    0.0156   -0.0375
   -0.0024    0.8991    0.4378
    0.0405    0.4375   -0.8983
...   142 C-G ...
   -0.9979   65.6137   -4.9249
   -0.8337    0.5217    0.1810
    0.5169    0.6220    0.5881
    0.1942    0.5839   -0.7882
...   143 T-A ...
   -0.1244   66.2249   -7.8042
   -0.3751    0.8568    0.3538
    0.8856    0.2185    0.4098
    0.2739    0.4670   -0.8408
...   144 C-G ...
   -0.1580   67.4196  -10.7922
    0.1799    0.8792    0.4411
    0.9276   -0.3009    0.2214
    0.3274    0.3694   -0.8697
...   145 A-T ...
    0.5353   69.2486  -13.4514
    0.7352    0.4961    0.4620
    0.6117   -0.7791   -0.1369
    0.2921    0.3832   -0.8763
...   146 C-G ...
    1.4421   72.1063  -15.5859
    0.9808    0.0622    0.1849
    0.1266   -0.9240   -0.3608
    0.1484    0.3773   -0.9141
...   147 A-T ...
    2.3150   74.2410  -18.3715
    0.8657   -0.4292   -0.2574
   -0.4984   -0.7868   -0.3642
   -0.0462    0.4436   -0.8950
