  147 base-pairs
...     1 A-T ...
    0.0000    0.0000    0.0000
    1.0000    0.0000    0.0000
    0.0000    1.0000    0.0000
    0.0000    0.0000    1.0000
...     2 G-C ...
   -0.1394   -1.2357    3.2268
    0.7529    0.6366    0.1670
   -0.6386    0.7680   -0.0486
   -0.1592   -0.0700    0.9848
...     3 T-A ...
   -0.0365   -3.2932    6.3751
    0.2722    0.9301    0.2466
   -0.9238    0.3243   -0.2033
   -0.2691   -0.1725    0.9475
...     4 G-C ...
   -0.3505   -4.1660    9.4928
   -0.3756    0.9250    0.0579
   -0.8781   -0.3352   -0.3415
   -0.2965   -0.1791    0.9381
...     5 A-T ...
   -0.4462   -4.1476   12.7498
   -0.8116    0.5840   -0.0165
   -0.5523   -0.7762   -0.3042
   -0.1905   -0.2378    0.9524
...     6 G-C ...
   -1.5908   -4.1730   15.6201
   -0.9976    0.0246   -0.0651
   -0.0043   -0.9555   -0.2950
   -0.0695   -0.2940    0.9533
...     7 C-G ...
   -1.1030   -4.4824   18.7362
   -0.8441   -0.5304   -0.0787
    0.5345   -0.8441   -0.0432
   -0.0435   -0.0785    0.9960
...     8 G-C ...
   -2.4028   -7.7290   23.1475
   -0.2754   -0.3293   -0.9032
    0.6650   -0.7437    0.0684
   -0.6942   -0.5818    0.4238
...     9 C-G ...
   -4.4690   -9.9728   24.1132
    0.1145   -0.7025   -0.7024
    0.8512   -0.2952    0.4340
   -0.5122   -0.6476    0.5642
...    10 T-A ...
   -6.7405  -10.8752   25.9697
    0.4841   -0.8363   -0.2574
    0.6595    0.1553    0.7355
   -0.5751   -0.5258    0.6267
...    11 C-G ...
   -9.1656  -12.6208   27.1640
    0.7073   -0.6682    0.2307
    0.3448    0.6110    0.7126
   -0.6171   -0.4245    0.6626
...    12 A-T ...
  -10.9234  -14.6633   29.0693
    0.7515   -0.1377    0.6452
   -0.2029    0.8824    0.4246
   -0.6277   -0.4500    0.6352
...    13 C-G ...
  -11.8476  -17.4863   31.2451
    0.4295    0.2823    0.8578
   -0.5708    0.8209    0.0156
   -0.6998   -0.4963    0.5137
...    14 A-T ...
  -13.5897  -19.7827   33.4259
   -0.1504    0.6104    0.7777
   -0.6874    0.5008   -0.5260
   -0.7106   -0.6136    0.3443
...    15 A-T ...
  -15.7346  -21.8946   34.6895
   -0.5522    0.7720    0.3148
   -0.4484    0.0433   -0.8928
   -0.7028   -0.6342    0.3223
...    16 T-A ...
  -17.8045  -23.8637   36.3610
   -0.7109    0.6739   -0.2012
   -0.0844   -0.3658   -0.9269
   -0.6982   -0.6419    0.3169
...    17 T-A ...
  -20.0750  -25.8550   37.5799
   -0.6250    0.3190   -0.7125
    0.3623   -0.6899   -0.6267
   -0.6915   -0.6498    0.3156
...    18 T-A ...
  -22.4291  -27.8080   38.6929
   -0.2875   -0.1549   -0.9452
    0.6657   -0.7419   -0.0809
   -0.6887   -0.6524    0.3164
...    19 A-T ...
  -24.4464  -30.3203   39.8092
    0.2256   -0.5930   -0.7730
    0.6872   -0.4656    0.5577
   -0.6906   -0.6570    0.3024
...    20 T-A ...
  -27.0819  -32.2660   40.2654
    0.5515   -0.7508   -0.3636
    0.4649   -0.0853    0.8813
   -0.6926   -0.6550    0.3020
...    21 T-A ...
  -29.4164  -34.4195   41.0051
    0.7094   -0.6632    0.2386
    0.0452    0.3806    0.9236
   -0.7034   -0.6444    0.3000
...    22 C-G ...
  -31.6857  -36.6472   41.9403
    0.6001   -0.2770    0.7504
   -0.4062    0.7027    0.5842
   -0.6891   -0.6554    0.3092
...    23 G-C ...
  -34.1874  -38.5744   43.2130
    0.3071    0.2512    0.9179
   -0.6977    0.7154    0.0376
   -0.6473   -0.6519    0.3950
...    24 C-G ...
  -36.0129  -41.0051   44.6309
   -0.1178    0.6397    0.7595
   -0.7518    0.4422   -0.4891
   -0.6488   -0.6286    0.4288
...    25 A-T ...
  -38.4103  -43.0154   45.8820
   -0.4857    0.8304    0.2730
   -0.5447   -0.0433   -0.8375
   -0.6836   -0.5555    0.4734
...    26 A-T ...
  -40.5546  -44.7504   47.6059
   -0.7133    0.6434   -0.2778
   -0.1509   -0.5281   -0.8357
   -0.6844   -0.5542    0.4738
...    27 A-T ...
  -42.8108  -46.3836   49.2873
   -0.6654    0.2024   -0.7186
    0.2992   -0.8096   -0.5050
   -0.6840   -0.5510    0.4781
...    28 G-C ...
  -45.2870  -47.9774   50.8716
   -0.3481   -0.2555   -0.9020
    0.6056   -0.7957   -0.0083
   -0.7155   -0.5492    0.4318
...    29 G-C ...
  -47.9278  -49.7425   52.0793
    0.1077   -0.6299   -0.7691
    0.6736   -0.5228    0.5224
   -0.7312   -0.5744    0.3681
...    30 C-G ...
  -50.6005  -51.5955   52.9348
    0.4930   -0.8003   -0.3413
    0.4820   -0.0753    0.8729
   -0.7243   -0.5949    0.3486
...    31 C-G ...
  -53.0792  -53.7550   53.8359
    0.7245   -0.6599    0.1991
    0.1015    0.3878    0.9161
   -0.6817   -0.6436    0.3479
...    32 G-C ...
  -55.3964  -55.7197   55.3693
    0.7077   -0.2414    0.6640
   -0.3483    0.6985    0.6252
   -0.6147   -0.6737    0.4102
...    33 G-C ...
  -57.3435  -58.2022   56.6459
    0.4376    0.2558    0.8620
   -0.6892    0.7111    0.1389
   -0.5775   -0.6549    0.4875
...    34 C-G ...
  -58.9074  -60.6434   58.3066
    0.0077    0.6484    0.7613
   -0.8174    0.4426   -0.3687
   -0.5760   -0.6194    0.5334
...    35 C-G ...
  -60.6469  -62.7223   60.3353
   -0.3918    0.8445    0.3650
   -0.6961   -0.0128   -0.7178
   -0.6016   -0.5353    0.5929
...    36 C-G ...
  -62.6298  -64.2878   62.5788
   -0.6554    0.7380   -0.1606
   -0.3805   -0.5063   -0.7739
   -0.6524   -0.4461    0.6126
...    37 G-C ...
  -65.1396  -65.8599   64.2617
   -0.6814    0.3477   -0.6441
    0.0245   -0.8687   -0.4948
   -0.7315   -0.3529    0.5834
...    38 A-T ...
  -67.6793  -66.9191   66.1081
   -0.5112   -0.2552   -0.8207
    0.4158   -0.9092    0.0237
   -0.7522   -0.3291    0.5708
...    39 C-G ...
  -70.5505  -67.5114   67.7557
   -0.1955   -0.7138   -0.6725
    0.6143   -0.6237    0.4834
   -0.7645   -0.3186    0.5604
...    40 A-T ...
  -72.8640  -68.7871   69.8270
    0.2527   -0.9340   -0.2526
    0.5902   -0.0581    0.8051
   -0.7667   -0.3525    0.5366
...    41 C-G ...
  -75.7200  -70.0976   71.0630
    0.5363   -0.8100    0.2371
    0.3550    0.4714    0.8073
   -0.7657   -0.3488    0.5403
...    42 G-C ...
  -78.2534  -70.9097   73.1848
    0.7051   -0.3421    0.6212
   -0.0193    0.8664    0.4990
   -0.7089   -0.3638    0.6043
...    43 A-T ...
  -80.6600  -72.1533   75.0747
    0.5754    0.2693    0.7723
   -0.4299    0.9029    0.0055
   -0.6958   -0.3351    0.6352
...    44 C-G ...
  -82.5824  -73.7440   77.2525
    0.2873    0.7305    0.6195
   -0.6720    0.6146   -0.4132
   -0.6826   -0.2976    0.6675
...    45 T-A ...
  -84.6080  -74.7349   79.6940
   -0.0584    0.9722    0.2266
   -0.7375    0.1110   -0.6662
   -0.6728   -0.2060    0.7106
...    46 T-A ...
  -86.6718  -75.3066   82.1187
   -0.4442    0.8652   -0.2328
   -0.5811   -0.4760   -0.6601
   -0.6820   -0.1579    0.7141
...    47 A-T ...
  -89.1786  -75.8564   84.3093
   -0.6635    0.3895   -0.6387
   -0.2165   -0.9172   -0.3344
   -0.7161   -0.0836    0.6930
...    48 C-G ...
  -91.5823  -75.4389   86.5904
   -0.6631   -0.1737   -0.7281
    0.1538   -0.9836    0.0946
   -0.7326   -0.0493    0.6789
...    49 T-A ...
  -94.2432  -75.3594   88.6268
   -0.4498   -0.6974   -0.5579
    0.4652   -0.7162    0.5202
   -0.7624   -0.0256    0.6466
...    50 G-C ...
  -96.5837  -75.7743   90.9972
   -0.0526   -0.9917   -0.1177
    0.6249   -0.1246    0.7707
   -0.7789   -0.0330    0.6262
...    51 T-A ...
  -99.5742  -75.9722   92.5926
    0.2944   -0.8925    0.3418
    0.5603    0.4509    0.6948
   -0.7742   -0.0131    0.6328
...    52 A-T ...
 -101.9978  -75.2859   94.9773
    0.5434   -0.3273    0.7731
    0.2502    0.9422    0.2230
   -0.8013    0.0723    0.5938
...    53 G-C ...
 -104.6986  -75.2824   96.9553
    0.6462    0.2494    0.7213
   -0.0716    0.9607   -0.2680
   -0.7598    0.1216    0.6387
...    54 G-C ...
 -107.2833  -75.0981   99.1507
    0.5808    0.7272    0.3659
   -0.4121    0.6503   -0.6382
   -0.7021    0.2198    0.6773
...    55 T-A ...
 -109.1740  -74.5734  101.7890
    0.3203    0.9437   -0.0829
   -0.6614    0.1602   -0.7327
   -0.6782    0.2895    0.6755
...    56 A-T ...
 -111.3579  -73.3272  104.0088
   -0.0182    0.8000   -0.5997
   -0.7637   -0.3983   -0.5081
   -0.6454    0.4487    0.6182
...    57 T-A ...
 -112.9455  -71.4385  106.1558
   -0.3895    0.4656   -0.7946
   -0.6610   -0.7421   -0.1108
   -0.6413    0.4821    0.5969
...    58 C-G ...
 -115.1549  -69.6815  107.8567
   -0.6967   -0.0935   -0.7113
   -0.3249   -0.8429    0.4290
   -0.6396    0.5300    0.5568
...    59 T-A ...
 -117.3826  -67.6837  109.3651
   -0.7487   -0.5620   -0.3515
    0.0860   -0.6082    0.7891
   -0.6573    0.5606    0.5037
...    60 C-G ...
 -119.6975  -65.8439  110.9069
   -0.5530   -0.7971    0.2425
    0.5280   -0.1102    0.8420
   -0.6445    0.5937    0.4818
...    61 G-C ...
 -121.4855  -63.7587  112.9184
   -0.1051   -0.7035    0.7028
    0.7597    0.3993    0.5133
   -0.6417    0.5879    0.4925
...    62 A-T ...
 -123.6908  -61.7158  114.3538
    0.3875   -0.2920    0.8744
    0.6843    0.7267   -0.0606
   -0.6177    0.6218    0.4814
...    63 G-C ...
 -125.8981  -59.8038  115.9908
    0.7416    0.1265    0.6588
    0.3750    0.7361   -0.5635
   -0.5563    0.6649    0.4984
...    64 C-G ...
 -127.9293  -57.9130  117.8530
    0.8639    0.4658    0.1914
   -0.0901    0.5169   -0.8513
   -0.4955    0.7182    0.4885
...    65 T-A ...
 -129.3685  -55.5547  119.6861
    0.7314    0.5808   -0.3573
   -0.5486    0.1900   -0.8142
   -0.4051    0.7915    0.4576
...    66 C-G ...
 -130.5645  -52.8767  121.1176
    0.3017    0.5030   -0.8099
   -0.8867   -0.1642   -0.4323
   -0.3504    0.8485    0.3965
...    67 G-C ...
 -131.9054  -49.8526  121.9148
   -0.2006    0.1821   -0.9626
   -0.9366   -0.3237    0.1340
   -0.2871    0.9285    0.2355
...    68 G-C ...
 -132.7652  -46.5586  122.0367
   -0.6694   -0.1101   -0.7347
   -0.6878   -0.2820    0.6689
   -0.2809    0.9531    0.1131
...    69 G-C ...
 -133.9310  -43.3471  121.8308
   -0.9308   -0.2934   -0.2182
   -0.2007   -0.0889    0.9756
   -0.3056    0.9519    0.0238
...    70 A-T ...
 -135.0621  -40.1967  121.7525
   -0.8584   -0.2474    0.4494
    0.4273    0.1399    0.8932
   -0.2839    0.9588   -0.0143
...    71 T-A ...
 -136.3846  -37.1791  121.1138
   -0.5034   -0.0712    0.8611
    0.8299    0.2373    0.5049
   -0.2403    0.9688   -0.0604
...    72 C-G ...
 -137.2220  -33.9580  120.7426
    0.1327    0.1205    0.9838
    0.9688    0.1937   -0.1544
   -0.2092    0.9736   -0.0911
...    73 C-G ...
 -138.1852  -30.7078  120.2893
    0.6816    0.1455    0.7171
    0.7191    0.0481   -0.6933
   -0.1354    0.9882   -0.0719
...    74 G-C ...
 -138.5598  -27.4089  119.4542
    0.9821    0.0089    0.1880
    0.1880   -0.0978   -0.9773
    0.0097    0.9952   -0.0977
...    75 C-G ...
 -138.5426  -24.0899  119.5528
    0.9166   -0.1320   -0.3774
   -0.3912   -0.1008   -0.9148
    0.0827    0.9861   -0.1440
...    76 T-A ...
 -137.9254  -20.8621  119.1653
    0.5448   -0.2838   -0.7891
   -0.8201    0.0161   -0.5719
    0.1750    0.9588   -0.2240
...    77 T-A ...
 -137.1571  -17.8328  118.3637
   -0.0361   -0.2868   -0.9573
   -0.9783    0.2056   -0.0247
    0.2039    0.9357   -0.2880
...    78 T-A ...
 -136.3141  -14.9074  117.2592
   -0.6037   -0.1397   -0.7848
   -0.7672    0.3694    0.5244
    0.2167    0.9187   -0.3302
...    79 A-T ...
 -135.8741  -11.6756  116.2894
   -0.9537    0.1514   -0.2600
   -0.1780    0.4131    0.8931
    0.2426    0.8980   -0.3670
...    80 A-T ...
 -135.0906   -8.8835  114.7667
   -0.8481    0.4323    0.3062
    0.4356    0.2402    0.8675
    0.3015    0.8691   -0.3920
...    81 C-G ...
 -134.5044   -6.0790  112.9407
   -0.4548    0.5169    0.7252
    0.8343   -0.0376    0.5500
    0.3116    0.8552   -0.4142
...    82 A-T ...
 -132.9953   -3.4128  111.5955
    0.1566    0.3665    0.9171
    0.9297   -0.3682   -0.0116
    0.3334    0.8545   -0.3984
...    83 C-G ...
 -132.4243   -0.3511  110.3465
    0.6388    0.0983    0.7630
    0.6820   -0.5313   -0.5026
    0.3560    0.8414   -0.4065
...    84 T-A ...
 -131.3092    2.5640  109.1731
    0.8816   -0.2671    0.3892
    0.2095   -0.5175   -0.8296
    0.4230    0.8129   -0.4003
...    85 T-A ...
 -129.9251    5.2488  108.0127
    0.8201   -0.5543   -0.1418
   -0.3438   -0.2795   -0.8965
    0.4573    0.7840   -0.4198
...    86 T-A ...
 -128.3029    7.7354  106.7469
    0.4459   -0.6651   -0.5990
   -0.7464    0.0931   -0.6590
    0.4941    0.7409   -0.4549
...    87 A-T ...
 -126.4532    9.9354  105.0264
   -0.1426   -0.6004   -0.7869
   -0.8349    0.4999   -0.2301
    0.5315    0.6242   -0.5726
...    88 T-A ...
 -124.2509   11.4515  103.1285
   -0.5631   -0.2744   -0.7795
   -0.6319    0.7508    0.1922
    0.5325    0.6008   -0.5962
...    89 G-C ...
 -122.8181   13.5477  100.9218
   -0.8682    0.1786   -0.4629
   -0.1376    0.8097    0.5704
    0.4767    0.5590   -0.6785
...    90 T-A ...
 -121.3931   14.9184   98.2068
   -0.8017    0.5932   -0.0739
    0.3719    0.5917    0.7153
    0.4680    0.5460   -0.6949
...    91 C-G ...
 -119.9639   16.7182   95.8057
   -0.3895    0.8428    0.3714
    0.7932    0.1020    0.6003
    0.4681    0.5284   -0.7083
...    92 A-T ...
 -118.0404   18.3467   93.5997
    0.1676    0.7105    0.6835
    0.8636   -0.4402    0.2457
    0.4754    0.5491   -0.6874
...    93 T-A ...
 -117.0510   20.4991   91.2675
    0.6111    0.3828    0.6928
    0.6345   -0.7602   -0.1396
    0.4732    0.5249   -0.7075
...    94 G-C ...
 -115.2937   21.9383   88.7940
    0.8254   -0.1914    0.5310
    0.1394   -0.8426   -0.5203
    0.5470    0.5035   -0.6688
...    95 T-A ...
 -113.4192   24.0093   87.0082
    0.7442   -0.6377    0.1986
   -0.3337   -0.6125   -0.7166
    0.5786    0.4670   -0.6687
...    96 T-A ...
 -111.4299   25.5527   84.9724
    0.3902   -0.8925   -0.2263
   -0.7028   -0.1299   -0.6994
    0.5948    0.4320   -0.6779
...    97 A-T ...
 -109.4422   26.7817   82.5628
   -0.1742   -0.8348   -0.5223
   -0.7716    0.4452   -0.4543
    0.6117    0.3239   -0.7217
...    98 T-A ...
 -107.0257   27.3275   80.4043
   -0.5578   -0.4920   -0.6684
   -0.5629    0.8161   -0.1310
    0.6099    0.3032   -0.7322
...    99 A-T ...
 -105.1561   28.4947   77.8421
   -0.8042    0.1244   -0.5812
   -0.0633    0.9543    0.2919
    0.5909    0.2716   -0.7596
...   100 A-T ...
 -103.2979   29.1123   75.2317
   -0.6666    0.6743   -0.3179
    0.4301    0.6962    0.5747
    0.6088    0.2463   -0.7541
...   101 C-G ...
 -101.6988   29.6033   72.3088
   -0.3226    0.9453    0.0485
    0.7322    0.2167    0.6457
    0.5998    0.2438   -0.7621
...   102 G-C ...
  -99.3267   30.4215   70.0303
    0.1348    0.8735    0.4678
    0.7886   -0.3804    0.4831
    0.5999    0.3037   -0.7401
...   103 G-C ...
  -97.4746   31.5174   67.4033
    0.5199    0.4815    0.7056
    0.5676   -0.8120    0.1359
    0.6384    0.3299   -0.6955
...   104 A-T ...
  -95.4485   32.6240   65.0499
    0.7372   -0.1190    0.6651
    0.1279   -0.9420   -0.3103
    0.6634    0.3139   -0.6792
...   105 C-G ...
  -93.2294   34.1665   63.1352
    0.6642   -0.6186    0.4197
   -0.2877   -0.7297   -0.6203
    0.6900    0.2912   -0.6627
...   106 T-A ...
  -90.7215   35.1482   61.1899
    0.3453   -0.9361    0.0666
   -0.5868   -0.2708   -0.7631
    0.7324    0.2244   -0.6428
...   107 T-A ...
  -88.2006   35.8230   59.2650
   -0.0746   -0.9241   -0.3748
   -0.6720    0.3243   -0.6658
    0.7368    0.2022   -0.6452
...   108 C-G ...
  -85.7589   36.2769   57.1080
   -0.4893   -0.5510   -0.6761
   -0.4721    0.8191   -0.3259
    0.7333    0.1597   -0.6609
...   109 C-G ...
  -83.3597   36.3954   54.7045
   -0.7199   -0.0052   -0.6940
   -0.0829    0.9935    0.0785
    0.6891    0.1141   -0.7157
...   110 G-C ...
  -81.1687   37.1655   52.2390
   -0.6858    0.5653   -0.4585
    0.3824    0.8158    0.4338
    0.6193    0.1222   -0.7756
...   111 G-C ...
  -79.2989   37.4480   49.4078
   -0.3859    0.9188   -0.0832
    0.7148    0.3548    0.6027
    0.5832    0.1731   -0.7937
...   112 C-G ...
  -77.6935   37.9805   46.5128
    0.0662    0.9521    0.2987
    0.8086   -0.2266    0.5430
    0.5846    0.2056   -0.7848
...   113 T-A ...
  -75.9644   38.8654   43.7955
    0.4686    0.6575    0.5900
    0.6444   -0.7113    0.2808
    0.6043    0.2486   -0.7570
...   114 C-G ...
  -73.9987   39.7400   41.2955
    0.7401    0.0836    0.6673
    0.2297   -0.9640   -0.1340
    0.6321    0.2524   -0.7326
...   115 G-C ...
  -71.7538   40.1592   38.7898
    0.6568   -0.5140    0.5518
   -0.2182   -0.8300   -0.5133
    0.7218    0.2167   -0.6573
...   116 T-A ...
  -69.1063   41.1993   37.0901
    0.4088   -0.8874    0.2132
   -0.5300   -0.4210   -0.7361
    0.7430    0.1880   -0.6424
...   117 A-T ...
  -66.7987   41.6801   34.6620
   -0.0398   -0.9579   -0.2844
   -0.6533    0.2403   -0.7180
    0.7561    0.1571   -0.6353
...   118 T-A ...
  -63.9336   41.8269   33.0209
   -0.3697   -0.6916   -0.6204
   -0.5333    0.7048   -0.4679
    0.7609    0.1579   -0.6294
...   119 A-T ...
  -61.5371   42.7332   30.7800
   -0.6101   -0.0591   -0.7901
   -0.1613    0.9856    0.0508
    0.7757    0.1585   -0.6109
...   120 A-T ...
  -59.0080   42.9671   28.7296
   -0.5625    0.5417   -0.6247
    0.2234    0.8269    0.5160
    0.7961    0.1507   -0.5861
...   121 T-A ...
  -56.6614   42.9838   26.3869
   -0.3523    0.8961   -0.2699
    0.4779    0.4202    0.7714
    0.8046    0.1428   -0.5763
...   122 G-C ...
  -53.8639   43.5956   24.6441
   -0.0719    0.9550    0.2877
    0.6023   -0.1883    0.7757
    0.7950    0.2291   -0.5617
...   123 T-A ...
  -51.6371   44.6238   22.3962
    0.2331    0.6950    0.6801
    0.5428   -0.6733    0.5020
    0.8069    0.2522   -0.5342
...   124 G-C ...
  -48.7692   45.3645   20.8153
    0.4102    0.1424    0.9008
    0.3276   -0.9448    0.0002
    0.8511    0.2950   -0.4342
...   125 T-A ...
  -46.0956   46.8985   19.6296
    0.4825   -0.3977    0.7804
    0.0675   -0.8714   -0.4858
    0.8733    0.2871   -0.3936
...   126 C-G ...
  -43.1496   47.8013   18.4946
    0.3912   -0.8518    0.3484
   -0.2100   -0.4512   -0.8674
    0.8960    0.2662   -0.3554
...   127 G-C ...
  -40.1476   48.2905   16.9953
    0.1143   -0.9757   -0.1868
   -0.3353    0.1390   -0.9318
    0.9351    0.1692   -0.3113
...   128 A-T ...
  -37.0102   48.6943   16.0173
   -0.1212   -0.6886   -0.7149
   -0.3145    0.7098   -0.6303
    0.9415    0.1485   -0.3026
...   129 C-G ...
  -33.7417   48.5742   15.2359
   -0.2747   -0.1894   -0.9427
   -0.1877    0.9721   -0.1406
    0.9430    0.1384   -0.3026
...   130 C-G ...
  -30.5471   48.7544   14.0719
   -0.3813    0.3897   -0.8383
    0.0125    0.9089    0.4168
    0.9244    0.1485   -0.3515
...   131 A-T ...
  -27.4181   49.4452   13.0995
   -0.3630    0.8437   -0.3955
    0.2375    0.4941    0.8363
    0.9010    0.2096   -0.3797
...   132 A-T ...
  -24.5614   50.0363   11.6581
   -0.1541    0.9734    0.1694
    0.3878   -0.0981    0.9165
    0.9088    0.2070   -0.3624
...   133 A-T ...
  -21.7050   50.7868   10.3160
    0.0777    0.7308    0.6782
    0.3994   -0.6461    0.6504
    0.9135    0.2204   -0.3421
...   134 T-A ...
  -19.0084   52.0402    8.9385
    0.2450    0.2904    0.9250
    0.3072   -0.9282    0.2101
    0.9196    0.2327   -0.3166
...   135 G-C ...
  -16.4570   53.8980    7.5291
    0.5336   -0.3334    0.7773
    0.0348   -0.9096   -0.4140
    0.8450    0.2479   -0.4738
...   136 T-A ...
  -14.1682   56.5698    6.1949
    0.5795   -0.7269    0.3684
   -0.3140   -0.6163   -0.7222
    0.7521    0.3028   -0.5854
...   137 G-C ...
  -11.6469   58.0146    4.7337
    0.2454   -0.9541   -0.1717
   -0.6318   -0.0231   -0.7748
    0.7352    0.2986   -0.6085
...   138 A-T ...
   -8.6699   58.7289    3.6171
   -0.0344   -0.7815   -0.6230
   -0.6534    0.4892   -0.5777
    0.7562    0.3872   -0.5274
...   139 G-C ...
   -6.3212   59.0879    1.6441
   -0.2967   -0.3277   -0.8970
   -0.5657    0.8170   -0.1114
    0.7694    0.4744   -0.4278
...   140 C-G ...
   -3.4297   60.2437    1.0436
   -0.4424    0.2288   -0.8671
   -0.1682    0.9286    0.3309
    0.8809    0.2922   -0.3723
...   141 G-C ...
   -0.6894   63.9063   -2.2355
   -0.9992    0.0156   -0.0375
   -0.0024    0.8991    0.4378
    0.0405    0.4375   -0.8983
...   142 C-G ...
   -0.9980   65.6137   -4.9248
   -0.8337    0.5217    0.1810
    0.5169    0.6220    0.5881
    0.1942    0.5839   -0.7882
...   143 T-A ...
   -0.1245   66.2250   -7.8041
   -0.3751    0.8568    0.3538
    0.8856    0.2185    0.4098
    0.2739    0.4670   -0.8408
...   144 C-G ...
   -0.1581   67.4197  -10.7920
    0.1799    0.8792    0.4411
    0.9276   -0.3009    0.2214
    0.3274    0.3694   -0.8697
...   145 A-T ...
    0.5352   69.2487  -13.4512
    0.7352    0.4961    0.4620
    0.6117   -0.7791   -0.1369
    0.2921    0.3832   -0.8763
...   146 C-G ...
    1.4420   72.1064  -15.5857
    0.9808    0.0622    0.1849
    0.1266   -0.9240   -0.3608
    0.1484    0.3773   -0.9141
...   147 A-T ...
    2.3149   74.2410  -18.3713
    0.8657   -0.4292   -0.2574
   -0.4984   -0.7868   -0.3642
   -0.0462    0.4436   -0.8950
