  147 base-pairs
...     1 A-T ...
    0.0000    0.0000    0.0000
    1.0000    0.0000    0.0000
    0.0000    1.0000    0.0000
    0.0000    0.0000    1.0000
...     2 G-C ...
   -0.1394   -1.2357    3.2268
    0.7529    0.6366    0.1670
   -0.6386    0.7680   -0.0486
   -0.1592   -0.0700    0.9848
...     3 T-A ...
   -0.0365   -3.2932    6.3751
    0.2722    0.9301    0.2466
   -0.9238    0.3243   -0.2033
   -0.2691   -0.1725    0.9475
...     4 G-C ...
   -0.3505   -4.1660    9.4928
   -0.3756    0.9250    0.0579
   -0.8781   -0.3352   -0.3415
   -0.2965   -0.1791    0.9381
...     5 A-T ...
   -0.4462   -4.1476   12.7498
   -0.8116    0.5840   -0.0165
   -0.5523   -0.7762   -0.3042
   -0.1905   -0.2378    0.9524
...     6 G-C ...
   -1.5908   -4.1730   15.6201
   -0.9976    0.0246   -0.0651
   -0.0043   -0.9555   -0.2950
   -0.0695   -0.2940    0.9533
...     7 C-G ...
   -1.1030   -4.4824   18.7362
   -0.8441   -0.5304   -0.0787
    0.5345   -0.8441   -0.0432
   -0.0435   -0.0785    0.9960
...     8 G-C ...
   -2.4028   -7.7290   23.1475
   -0.2754   -0.3293   -0.9032
    0.6650   -0.7437    0.0684
   -0.6942   -0.5818    0.4238
...     9 C-G ...
   -4.4690   -9.9728   24.1132
    0.1145   -0.7025   -0.7024
    0.8512   -0.2952    0.4340
   -0.5122   -0.6476    0.5642
...    10 T-A ...
   -6.7405  -10.8752   25.9697
    0.4841   -0.8363   -0.2574
    0.6595    0.1553    0.7355
   -0.5751   -0.5258    0.6267
...    11 C-G ...
   -9.1656  -12.6208   27.1640
    0.7073   -0.6682    0.2307
    0.3448    0.6110    0.7126
   -0.6171   -0.4245    0.6626
...    12 A-T ...
  -10.9234  -14.6633   29.0693
    0.7515   -0.1377    0.6452
   -0.2029    0.8824    0.4246
   -0.6277   -0.4500    0.6352
...    13 C-G ...
  -11.8476  -17.4863   31.2451
    0.4295    0.2823    0.8578
   -0.5708    0.8209    0.0156
   -0.6998   -0.4963    0.5137
...    14 A-T ...
  -13.5897  -19.7827   33.4259
   -0.1504    0.6104    0.7777
   -0.6874    0.5008   -0.5260
   -0.7106   -0.6136    0.3443
...    15 A-T ...
  -15.7380  -21.8841   34.6866
   -0.5410    0.7783    0.3187
   -0.4519    0.0506   -0.8906
   -0.7093   -0.6259    0.3244
...    16 T-A ...
  -17.8281  -23.8158   36.3567
   -0.6954    0.6920   -0.1938
   -0.0987   -0.3590   -0.9281
   -0.7118   -0.6263    0.3180
...    17 T-A ...
  -20.1517  -25.7413   37.5601
   -0.6135    0.3545   -0.7057
    0.3317   -0.6952   -0.6377
   -0.7167   -0.6253    0.3089
...    18 T-A ...
  -22.5893  -27.6020   38.6304
   -0.2942   -0.1151   -0.9488
    0.6264   -0.7730   -0.1005
   -0.7218   -0.6239    0.2995
...    19 A-T ...
  -24.8005  -29.9791   39.6039
    0.1932   -0.5643   -0.8027
    0.6556   -0.5344    0.5335
   -0.7300   -0.6293    0.2667
...    20 T-A ...
  -27.5515  -31.7804   39.9464
    0.5041   -0.7632   -0.4042
    0.4545   -0.1636    0.8756
   -0.7344   -0.6251    0.2644
...    21 T-A ...
  -30.0325  -33.8120   40.5414
    0.6577   -0.7259    0.2012
    0.0668    0.3223    0.9443
   -0.7503   -0.6076    0.2605
...    22 C-G ...
  -32.4644  -35.9185   41.3281
    0.5691   -0.3699    0.7344
   -0.3544    0.6955    0.6250
   -0.7420   -0.6160    0.2647
...    23 G-C ...
  -35.1402  -37.6854   42.4333
    0.3162    0.1615    0.9349
   -0.6310    0.7716    0.0801
   -0.7084   -0.6152    0.3459
...    24 C-G ...
  -37.2054  -40.0300   43.6376
   -0.0657    0.5940    0.8017
   -0.6980    0.5468   -0.4624
   -0.7131   -0.5900    0.3787
...    25 A-T ...
  -39.7799  -41.8949   44.7290
   -0.3949    0.8565    0.3324
   -0.5350    0.0797   -0.8411
   -0.7468   -0.5100    0.4267
...    26 A-T ...
  -42.1267  -43.4932   46.3022
   -0.6232    0.7482   -0.2279
   -0.2039   -0.4367   -0.8762
   -0.7551   -0.4995    0.4247
...    27 A-T ...
  -44.6005  -44.9442   47.8213
   -0.6151    0.3580   -0.7025
    0.1924   -0.7959   -0.5740
   -0.7647   -0.4882    0.4207
...    28 G-C ...
  -47.3122  -46.2835   49.2172
   -0.3587   -0.1073   -0.9273
    0.4783   -0.8742   -0.0839
   -0.8016   -0.4736    0.3649
...    29 G-C ...
  -50.2418  -47.7203   50.1418
    0.0308   -0.5491   -0.8352
    0.5634   -0.6806    0.4683
   -0.8256   -0.4850    0.2884
...    30 C-G ...
  -53.1929  -49.2152   50.6939
    0.3665   -0.8254   -0.4293
    0.4290   -0.2595    0.8652
   -0.8256   -0.5013    0.2590
...    31 C-G ...
  -55.9996  -51.0577   51.2519
    0.5908   -0.7969    0.1265
    0.1244    0.2448    0.9616
   -0.7972   -0.5523    0.2437
...    32 G-C ...
  -58.6658  -52.7646   52.4655
    0.6142   -0.4540    0.6455
   -0.2536    0.6610    0.7062
   -0.7473   -0.5975    0.2908
...    33 G-C ...
  -61.1027  -54.9882   53.2977
    0.4199    0.0459    0.9064
   -0.5548    0.8034    0.2164
   -0.7182   -0.5937    0.3628
...    34 C-G ...
  -63.2134  -57.2892   54.4853
    0.0755    0.5192    0.8513
   -0.6912    0.6426   -0.3307
   -0.7187   -0.5634    0.4074
...    35 C-G ...
  -65.4431  -59.2989   56.0530
   -0.2454    0.8437    0.4774
   -0.6262    0.2380   -0.7424
   -0.7400   -0.4812    0.4699
...    36 C-G ...
  -67.8321  -60.7905   57.9133
   -0.4714    0.8794   -0.0663
   -0.4071   -0.2837   -0.8682
   -0.7823   -0.3823    0.4918
...    37 G-C ...
  -70.7211  -62.0184   59.1906
   -0.5167    0.6008   -0.6099
   -0.1152   -0.7547   -0.6459
   -0.8484   -0.2635    0.4592
...    38 A-T ...
  -73.6042  -62.7331   60.6233
   -0.4548    0.0292   -0.8901
    0.1919   -0.9728   -0.1300
   -0.8697   -0.2299    0.4368
...    39 C-G ...
  -76.6981  -62.8767   61.8819
   -0.2664   -0.5013   -0.8233
    0.3854   -0.8383    0.3857
   -0.8835   -0.2145    0.4165
...    40 A-T ...
  -79.5267  -63.8894   63.3629
    0.0619   -0.8956   -0.4405
    0.4383   -0.3722    0.8182
   -0.8967   -0.2437    0.3695
...    41 C-G ...
  -82.7508  -64.6570   63.9821
    0.2891   -0.9537    0.0830
    0.3294    0.1805    0.9268
   -0.8988   -0.2406    0.3663
...    42 G-C ...
  -85.6630  -65.2502   65.6092
    0.4889   -0.6444    0.5879
    0.0997    0.7108    0.6962
   -0.8666   -0.2818    0.4118
...    43 A-T ...
  -88.5820  -66.1921   66.8387
    0.4704   -0.0725    0.8795
   -0.1996    0.9621    0.1861
   -0.8596   -0.2630    0.4381
...    44 C-G ...
  -91.2033  -67.6344   68.2789
    0.3235    0.4676    0.8226
   -0.4156    0.8512   -0.3204
   -0.8500   -0.2383    0.4697
...    45 T-A ...
  -93.8498  -68.5546   70.0661
    0.1247    0.8725    0.4725
   -0.5354    0.4601   -0.7083
   -0.8354   -0.1647    0.5245
...    46 T-A ...
  -96.4476  -69.0758   71.9195
   -0.1654    0.9852   -0.0451
   -0.5192   -0.1259   -0.8453
   -0.8385   -0.1164    0.5324
...    47 A-T ...
  -99.3526  -69.2844   73.5798
   -0.3529    0.7213   -0.5960
   -0.3628   -0.6926   -0.6234
   -0.8625   -0.0038    0.5061
...    48 C-G ...
 -102.0307  -68.6554   75.4312
   -0.4646    0.2349   -0.8538
   -0.1484   -0.9712   -0.1864
   -0.8730    0.0401    0.4861
...    49 T-A ...
 -105.0108  -68.1637   76.8465
   -0.4372   -0.3442   -0.8309
    0.0841   -0.9355    0.3433
   -0.8954    0.0802    0.4380
...    50 G-C ...
 -108.0087  -68.3132   78.3424
   -0.2673   -0.8479   -0.4578
    0.2959   -0.5243    0.7984
   -0.9170    0.0780    0.3911
...    51 T-A ...
 -111.2883  -67.9013   79.0569
   -0.0706   -0.9953    0.0660
    0.3973    0.0327    0.9171
   -0.9150    0.0910    0.3931
...    52 A-T ...
 -114.0880  -67.0696   80.9370
    0.1375   -0.6780    0.7220
    0.3878    0.7076    0.5906
   -0.9114    0.1988    0.3603
...    53 G-C ...
 -117.2231  -66.6190   82.0255
    0.3764   -0.1778    0.9092
    0.2715    0.9595    0.0752
   -0.8858    0.2185    0.4094
...    54 G-C ...
 -120.3200  -66.0859   83.3205
    0.5503    0.3697    0.7487
    0.0316    0.8868   -0.4611
   -0.8344    0.2774    0.4763
...    55 T-A ...
 -122.9319  -65.6136   85.2845
    0.5333    0.7674    0.3560
   -0.2611    0.5496   -0.7936
   -0.8046    0.3303    0.4934
...    56 A-T ...
 -125.4936  -64.3304   87.0168
    0.4058    0.8802   -0.2460
   -0.5529    0.0221   -0.8330
   -0.7278    0.4741    0.4956
...    57 T-A ...
 -127.3760  -62.6139   89.0580
    0.0958    0.7495   -0.6551
   -0.6958   -0.4202   -0.5825
   -0.7118    0.5116    0.4812
...    58 C-G ...
 -129.6498  -60.7100   90.4544
   -0.3065    0.3254   -0.8945
   -0.6520   -0.7565   -0.0517
   -0.6935    0.5674    0.4440
...    59 T-A ...
 -131.8324  -58.4970   91.6550
   -0.5870   -0.1710   -0.7913
   -0.4205   -0.7709    0.4785
   -0.6918    0.6136    0.3806
...    60 C-G ...
 -134.2166  -56.4388   92.6901
   -0.7334   -0.5989   -0.3215
    0.0091   -0.4816    0.8764
   -0.6797    0.6398    0.3586
...    61 G-C ...
 -136.4926  -54.5272   94.3269
   -0.5661   -0.7805    0.2653
    0.4290   -0.0041    0.9033
   -0.7039    0.6251    0.3372
...    62 A-T ...
 -138.8300  -52.3676   95.2994
   -0.1885   -0.6006    0.7770
    0.7051    0.4679    0.5328
   -0.6836    0.6483    0.3353
...    63 G-C ...
 -141.2952  -50.3307   96.2992
    0.2658   -0.2620    0.9278
    0.7135    0.7006   -0.0066
   -0.6482    0.6638    0.3731
...    64 C-G ...
 -143.7502  -48.3926   97.4949
    0.6566    0.1397    0.7412
    0.4598    0.7049   -0.5402
   -0.5979    0.6954    0.3986
...    65 T-A ...
 -145.7214  -46.2217   99.0560
    0.8564    0.4277    0.2893
    0.0328    0.5141   -0.8571
   -0.5154    0.7435    0.4262
...    66 C-G ...
 -147.3364  -43.7664  100.4894
    0.7522    0.5819   -0.3093
   -0.4853    0.1716   -0.8573
   -0.4458    0.7950    0.4115
...    67 G-C ...
 -148.7586  -40.8579  101.4737
    0.4192    0.4348   -0.7970
   -0.8506   -0.1188   -0.5122
   -0.3174    0.8927    0.3200
...    68 G-C ...
 -149.3599  -37.6099  102.2183
   -0.0909    0.2014   -0.9753
   -0.9628   -0.2678    0.0345
   -0.2543    0.9422    0.2183
...    69 G-C ...
 -150.0131  -34.2710  102.3730
   -0.5995   -0.0508   -0.7987
   -0.7649   -0.2574    0.5905
   -0.2356    0.9650    0.1155
...    70 A-T ...
 -150.8366  -31.0491  102.5194
   -0.9473   -0.1871   -0.2599
   -0.2373   -0.1346    0.9621
   -0.2150    0.9731    0.0831
...    71 T-A ...
 -151.5013  -27.8061  102.0718
   -0.9365   -0.1829    0.2991
    0.3072   -0.0169    0.9515
   -0.1690    0.9830    0.0721
...    72 C-G ...
 -152.0852  -24.5269  102.1897
   -0.5425   -0.1272    0.8304
    0.8280    0.0859    0.5541
   -0.1418    0.9882    0.0588
...    73 C-G ...
 -152.7325  -21.1799  102.1957
    0.0392   -0.1044    0.9938
    0.9924    0.1200   -0.0266
   -0.1165    0.9873    0.1084
...    74 G-C ...
 -152.6717  -17.7782  102.1911
    0.6185   -0.1231    0.7761
    0.7857    0.1128   -0.6082
   -0.0127    0.9860    0.1665
...    75 T-A ...
 -153.0395  -14.6514  103.2123
    0.9419   -0.0978    0.3214
    0.3329    0.1428   -0.9321
    0.0453    0.9849    0.1670
...    76 C-G ...
 -152.8508  -11.4354  103.7945
    0.9493   -0.0745   -0.3054
   -0.2888    0.1768   -0.9409
    0.1241    0.9814    0.1463
...    77 A-T ...
 -152.2800   -8.1289  104.0851
    0.5896   -0.1134   -0.7997
   -0.7646    0.2405   -0.5979
    0.2601    0.9640    0.0551
...    78 T-A ...
 -150.8069   -5.2299  104.4246
    0.1095   -0.0069   -0.9940
   -0.9523    0.2859   -0.1069
    0.2849    0.9582    0.0247
...    79 G-C ...
 -150.0483   -1.9677  104.1133
   -0.4979    0.0721   -0.8642
   -0.8128    0.3088    0.4940
    0.3025    0.9484   -0.0951
...    80 T-A ...
 -148.7032    0.9648  103.2339
   -0.8627    0.2217   -0.4546
   -0.4014    0.2468    0.8820
    0.3077    0.9434   -0.1240
...    81 T-A ...
 -147.5792    3.9519  102.5107
   -0.9088    0.3860    0.1587
    0.1974    0.0626    0.9783
    0.3677    0.9204   -0.1330
...    82 A-T ...
 -145.7183    6.8941  102.6219
   -0.4616    0.4287    0.7766
    0.7556   -0.2687    0.5974
    0.4648    0.8625   -0.1999
...    83 T-A ...
 -144.7604    9.9284  101.6400
    0.0239    0.2492    0.9682
    0.8757   -0.4724    0.1000
    0.4823    0.8454   -0.2295
...    84 A-T ...
 -142.6773   12.4122  100.5268
    0.6109   -0.1089    0.7841
    0.6164   -0.5560   -0.5575
    0.4967    0.8240   -0.2726
...    85 A-T ...
 -141.1482   15.1751   99.7734
    0.8483   -0.4274    0.3126
    0.1320   -0.4009   -0.9066
    0.5128    0.8103   -0.2837
...    86 C-G ...
 -139.3814   17.9347   99.4342
    0.7571   -0.6199   -0.2062
   -0.3404   -0.1049   -0.9344
    0.5577    0.7776   -0.2904
...    87 G-C ...
 -137.4983   20.3923   98.0526
    0.3387   -0.6812   -0.6491
   -0.6806    0.2989   -0.6689
    0.6497    0.6683   -0.3624
...    88 G-C ...
 -135.0011   22.2493   96.7152
   -0.1654   -0.4658   -0.8693
   -0.7181    0.6610   -0.2176
    0.6760    0.5882   -0.4439
...    89 A-T ...
 -132.7585   24.0273   95.0654
   -0.5885    0.0105   -0.8084
   -0.4446    0.8310    0.3344
    0.6753    0.5562   -0.4844
...    90 C-G ...
 -130.4198   25.3140   93.0365
   -0.7445    0.4545   -0.4891
   -0.0328    0.7068    0.7067
    0.6669    0.5421   -0.5112
...    91 T-A ...
 -128.3450   26.9816   90.9956
   -0.6517    0.7585    0.0022
    0.4115    0.3511    0.8411
    0.6372    0.5490   -0.5409
...    92 T-A ...
 -126.3913   28.6443   88.9649
   -0.2385    0.8444    0.4796
    0.7122   -0.1837    0.6775
    0.6602    0.5032   -0.5576
...    93 T-A ...
 -124.4421   30.3037   86.9310
    0.2665    0.5850    0.7660
    0.6982   -0.6651    0.2650
    0.6645    0.4642   -0.5857
...    94 A-T ...
 -121.9165   31.2804   84.8126
    0.6848    0.0015    0.7287
    0.3182   -0.9002   -0.2972
    0.6555    0.4354   -0.6170
...    95 A-T ...
 -119.8211   32.8704   82.8979
    0.7402   -0.5324    0.4106
   -0.1589   -0.7319   -0.6626
    0.6533    0.4253   -0.6264
...    96 C-G ...
 -117.4448   34.5677   81.3241
    0.5092   -0.8606    0.0097
   -0.5314   -0.3233   -0.7830
    0.6770    0.3935   -0.6220
...    97 A-T ...
 -115.2856   35.7348   79.0168
    0.0206   -0.9227   -0.3850
   -0.7067    0.2589   -0.6584
    0.7072    0.2857   -0.6467
...    98 C-G ...
 -112.5511   36.2541   77.2001
   -0.3917   -0.6450   -0.6562
   -0.5909    0.7230   -0.3580
    0.7053    0.2475   -0.6643
...    99 T-A ...
 -110.1515   36.6873   74.9142
   -0.6940   -0.1509   -0.7040
   -0.2485    0.9679    0.0375
    0.6757    0.2009   -0.7093
...   100 T-A ...
 -107.9431   37.0759   72.5487
   -0.6954    0.4561   -0.5553
    0.2155    0.8695    0.4443
    0.6856    0.1893   -0.7030
...   101 T-A ...
 -105.8029   37.4629   70.1149
   -0.4103    0.8897   -0.2003
    0.5869    0.4257    0.6888
    0.6980    0.1650   -0.6968
...   102 A-T ...
 -103.0518   37.9731   68.1340
    0.1155    0.9518    0.2840
    0.7017   -0.2806    0.6550
    0.7031    0.1236   -0.7003
...   103 T-A ...
 -101.2233   38.6940   65.4621
    0.4785    0.6628    0.5760
    0.5307   -0.7409    0.4116
    0.6995    0.1087   -0.7063
...   104 G-C ...
  -98.7007   38.7962   63.2439
    0.6475    0.0746    0.7584
    0.1466   -0.9888   -0.0279
    0.7479    0.1293   -0.6511
...   105 C-G ...
  -96.1965   39.6219   61.1874
    0.5841   -0.5029    0.6371
   -0.2444   -0.8575   -0.4527
    0.7740    0.1087   -0.6238
...   106 T-A ...
  -93.4459   40.0822   59.3568
    0.3017   -0.8981    0.3199
   -0.5121   -0.4357   -0.7403
    0.8042    0.0595   -0.5914
...   107 T-A ...
  -90.7112   40.2996   57.6132
   -0.0625   -0.9829   -0.1734
   -0.5912    0.1764   -0.7870
    0.8041    0.0534   -0.5921
...   108 C-G ...
  -88.0396   40.3238   55.6777
   -0.4342   -0.6752   -0.5963
   -0.4180    0.7374   -0.5306
    0.7980    0.0189   -0.6024
...   109 C-G ...
  -85.3874   39.9996   53.5789
   -0.6522   -0.1389   -0.7452
   -0.0709    0.9899   -0.1225
    0.7547   -0.0270   -0.6555
...   110 G-C ...
  -82.9369   40.2938   51.2442
   -0.6365    0.4683   -0.6129
    0.3523    0.8834    0.3092
    0.6861   -0.0191   -0.7272
...   111 G-C ...
  -80.8319   40.0863   48.5766
   -0.3714    0.8866   -0.2757
    0.6652    0.4612    0.5872
    0.6478    0.0347   -0.7610
...   112 C-G ...
  -79.0099   40.1478   45.7621
    0.0462    0.9898    0.1347
    0.7632   -0.1220    0.6346
    0.6446    0.0735   -0.7610
...   113 T-A ...
  -77.0713   40.5979   43.0742
    0.4250    0.7507    0.5057
    0.6215   -0.6482    0.4399
    0.6581    0.1274   -0.7421
...   114 C-G ...
  -74.9126   41.0970   40.6241
    0.6939    0.1963    0.6928
    0.2385   -0.9705    0.0361
    0.6794    0.1401   -0.7202
...   115 G-C ...
  -72.4886   41.1422   38.2396
    0.6261   -0.4196    0.6572
   -0.1856   -0.8988   -0.3970
    0.7573    0.1266   -0.6406
...   116 T-A ...
  -69.7503   41.9711   36.5392
    0.4019   -0.8444    0.3542
   -0.4895   -0.5251   -0.6962
    0.7738    0.1064   -0.6244
...   117 A-T ...
  -67.4058   42.1860   34.0726
   -0.0148   -0.9826   -0.1853
   -0.6263    0.1536   -0.7643
    0.7794    0.1047   -0.6177
...   118 T-A ...
  -64.4728   42.2305   32.5385
   -0.3336   -0.7547   -0.5650
   -0.5243    0.6466   -0.5541
    0.7835    0.1114   -0.6114
...   119 A-T ...
  -62.0084   43.0557   30.3123
   -0.5732   -0.1312   -0.8089
   -0.1761    0.9838   -0.0348
    0.8003    0.1225   -0.5870
...   120 A-T ...
  -59.3924   43.1876   28.3637
   -0.5428    0.4848   -0.6858
    0.1908    0.8664    0.4614
    0.8179    0.1196   -0.5628
...   121 T-A ...
  -56.9531   43.0789   26.1214
   -0.3536    0.8688   -0.3467
    0.4411    0.4817    0.7573
    0.8249    0.1148   -0.5535
...   122 G-C ...
  -54.0920   43.6329   24.4480
   -0.0948    0.9707    0.2209
    0.5764   -0.1274    0.8071
    0.8116    0.2038   -0.5475
...   123 T-A ...
  -51.7983   44.5634   22.2184
    0.2020    0.7389    0.6429
    0.5339   -0.6334    0.5601
    0.8210    0.2301   -0.5225
...   124 G-C ...
  -48.8776   45.2439   20.6923
    0.3846    0.1972    0.9018
    0.3375   -0.9393    0.0615
    0.8592    0.2807   -0.4278
...   125 T-A ...
  -46.1842   46.7492   19.4882
    0.4693   -0.3524    0.8097
    0.0870   -0.8940   -0.4395
    0.8788    0.2767   -0.3889
...   126 C-G ...
  -43.2213   47.6343   18.3586
    0.3948   -0.8310    0.3918
   -0.1907   -0.4912   -0.8499
    0.8988    0.2608   -0.3524
...   127 G-C ...
  -40.2053   48.1171   16.8594
    0.1296   -0.9801   -0.1506
   -0.3266    0.1012   -0.9397
    0.9362    0.1710   -0.3070
...   128 A-T ...
  -37.0609   48.5487   15.8959
   -0.1041   -0.7107   -0.6957
   -0.3187    0.6865   -0.6536
    0.9421    0.1537   -0.2980
...   129 C-G ...
  -33.7790   48.4635   15.1501
   -0.2635   -0.2156   -0.9402
   -0.2003    0.9657   -0.1653
    0.9436    0.1448   -0.2977
...   130 C-G ...
  -30.5757   48.6822   14.0095
   -0.3792    0.3694   -0.8484
   -0.0024    0.9164    0.4002
    0.9253    0.1538   -0.3466
...   131 A-T ...
  -27.4417   49.4200   13.0613
   -0.3676    0.8355   -0.4084
    0.2263    0.5063    0.8321
    0.9021    0.2135   -0.3751
...   132 A-T ...
  -24.5750   50.0259   11.6407
   -0.1612    0.9737    0.1611
    0.3826   -0.0888    0.9196
    0.9097    0.2098   -0.3582
...   133 A-T ...
  -21.7100   50.7834   10.3134
    0.0738    0.7331    0.6761
    0.3987   -0.6431    0.6538
    0.9141    0.2214   -0.3398
...   134 T-A ...
  -19.0082   52.0401    8.9384
    0.2450    0.2904    0.9250
    0.3072   -0.9282    0.2101
    0.9196    0.2327   -0.3166
...   135 G-C ...
  -16.4568   53.8979    7.5290
    0.5336   -0.3334    0.7773
    0.0348   -0.9096   -0.4140
    0.8450    0.2479   -0.4738
...   136 T-A ...
  -14.1680   56.5697    6.1949
    0.5795   -0.7269    0.3684
   -0.3140   -0.6163   -0.7222
    0.7521    0.3028   -0.5854
...   137 G-C ...
  -11.6468   58.0146    4.7337
    0.2454   -0.9541   -0.1717
   -0.6318   -0.0231   -0.7748
    0.7352    0.2986   -0.6085
...   138 A-T ...
   -8.6697   58.7288    3.6170
   -0.0344   -0.7815   -0.6230
   -0.6534    0.4892   -0.5777
    0.7562    0.3872   -0.5274
...   139 G-C ...
   -6.3210   59.0879    1.6440
   -0.2967   -0.3277   -0.8970
   -0.5657    0.8170   -0.1114
    0.7694    0.4744   -0.4278
...   140 C-G ...
   -3.4295   60.2436    1.0435
   -0.4424    0.2288   -0.8671
   -0.1682    0.9286    0.3309
    0.8809    0.2922   -0.3723
...   141 G-C ...
   -0.6892   63.9062   -2.2356
   -0.9992    0.0156   -0.0375
   -0.0024    0.8991    0.4378
    0.0405    0.4375   -0.8983
...   142 C-G ...
   -0.9979   65.6136   -4.9249
   -0.8337    0.5217    0.1810
    0.5169    0.6220    0.5881
    0.1942    0.5839   -0.7882
...   143 T-A ...
   -0.1243   66.2249   -7.8041
   -0.3751    0.8568    0.3538
    0.8856    0.2185    0.4098
    0.2739    0.4670   -0.8408
...   144 C-G ...
   -0.1579   67.4196  -10.7921
    0.1799    0.8792    0.4411
    0.9276   -0.3009    0.2214
    0.3274    0.3694   -0.8697
...   145 A-T ...
    0.5354   69.2486  -13.4513
    0.7352    0.4961    0.4620
    0.6117   -0.7791   -0.1369
    0.2921    0.3832   -0.8763
...   146 C-G ...
    1.4422   72.1063  -15.5858
    0.9808    0.0622    0.1849
    0.1266   -0.9240   -0.3608
    0.1484    0.3773   -0.9141
...   147 A-T ...
    2.3151   74.2409  -18.3714
    0.8657   -0.4292   -0.2574
   -0.4984   -0.7868   -0.3642
   -0.0462    0.4436   -0.8950
