  147 base-pairs
...     1 A-T ...
    0.0000    0.0000    0.0000
    1.0000    0.0000    0.0000
    0.0000    1.0000    0.0000
    0.0000    0.0000    1.0000
...     2 G-C ...
   -0.1394   -1.2357    3.2268
    0.7529    0.6366    0.1670
   -0.6386    0.7680   -0.0486
   -0.1592   -0.0700    0.9848
...     3 T-A ...
   -0.0365   -3.2932    6.3751
    0.2722    0.9301    0.2466
   -0.9238    0.3243   -0.2033
   -0.2691   -0.1725    0.9475
...     4 G-C ...
   -0.3505   -4.1660    9.4928
   -0.3756    0.9250    0.0579
   -0.8781   -0.3352   -0.3415
   -0.2965   -0.1791    0.9381
...     5 A-T ...
   -0.4462   -4.1476   12.7498
   -0.8116    0.5840   -0.0165
   -0.5523   -0.7762   -0.3042
   -0.1905   -0.2378    0.9524
...     6 G-C ...
   -1.5908   -4.1730   15.6201
   -0.9976    0.0246   -0.0651
   -0.0043   -0.9555   -0.2950
   -0.0695   -0.2940    0.9533
...     7 C-G ...
   -1.1030   -4.4824   18.7362
   -0.8441   -0.5304   -0.0787
    0.5345   -0.8441   -0.0432
   -0.0435   -0.0785    0.9960
...     8 G-C ...
   -2.4028   -7.7290   23.1475
   -0.2754   -0.3293   -0.9032
    0.6650   -0.7437    0.0684
   -0.6942   -0.5818    0.4238
...     9 C-G ...
   -4.4690   -9.9728   24.1132
    0.1145   -0.7025   -0.7024
    0.8512   -0.2952    0.4340
   -0.5122   -0.6476    0.5642
...    10 T-A ...
   -6.7405  -10.8752   25.9697
    0.4841   -0.8363   -0.2574
    0.6595    0.1553    0.7355
   -0.5751   -0.5258    0.6267
...    11 C-G ...
   -9.1656  -12.6208   27.1640
    0.7073   -0.6682    0.2307
    0.3448    0.6110    0.7126
   -0.6171   -0.4245    0.6626
...    12 A-T ...
  -10.9234  -14.6633   29.0693
    0.7515   -0.1377    0.6452
   -0.2029    0.8824    0.4246
   -0.6277   -0.4500    0.6352
...    13 C-G ...
  -11.8476  -17.4863   31.2451
    0.4295    0.2823    0.8578
   -0.5708    0.8209    0.0156
   -0.6998   -0.4963    0.5137
...    14 A-T ...
  -13.5897  -19.7827   33.4259
   -0.1504    0.6104    0.7777
   -0.6874    0.5008   -0.5260
   -0.7106   -0.6136    0.3443
...    15 A-T ...
  -15.8298  -21.8436   34.5527
   -0.5276    0.7930    0.3046
   -0.4461    0.0465   -0.8938
   -0.7229   -0.6074    0.3293
...    16 T-A ...
  -17.9718  -23.7966   36.3214
   -0.7138    0.6613   -0.2305
   -0.0635   -0.3889   -0.9191
   -0.6974   -0.6414    0.3196
...    17 T-A ...
  -20.2663  -25.7245   37.6785
   -0.6306    0.2753   -0.7256
    0.3895   -0.6964   -0.6028
   -0.6712   -0.6628    0.3319
...    18 T-A ...
  -22.5681  -27.7709   38.7735
   -0.2680   -0.1667   -0.9489
    0.6816   -0.7289   -0.0644
   -0.6809   -0.6641    0.3089
...    19 A-T ...
  -24.6609  -30.2846   39.8373
    0.2487   -0.6014   -0.7593
    0.6845   -0.4455    0.5771
   -0.6853   -0.6632    0.3008
...    20 T-A ...
  -27.3200  -32.2398   40.3128
    0.5656   -0.7607   -0.3185
    0.4445   -0.0441    0.8947
   -0.6947   -0.6476    0.3132
...    21 T-A ...
  -29.6508  -34.3938   41.0619
    0.6917   -0.6555    0.3029
   -0.0008    0.4188    0.9081
   -0.7222   -0.6284    0.2892
...    22 C-G ...
  -32.0043  -36.5037   42.0341
    0.5590   -0.2554    0.7889
   -0.4325    0.7220    0.5401
   -0.7075   -0.6431    0.2931
...    23 G-C ...
  -34.6573  -38.1906   43.3069
    0.3160    0.2861    0.9046
   -0.6877    0.7259    0.0107
   -0.6536   -0.6255    0.4262
...    24 C-G ...
  -36.5184  -40.5224   44.7123
   -0.0584    0.6632    0.7461
   -0.7451    0.4685   -0.4748
   -0.6644   -0.5836    0.4668
...    25 A-T ...
  -39.1035  -42.4003   45.7560
   -0.4488    0.8509    0.2730
   -0.5538   -0.0250   -0.8323
   -0.7014   -0.5247    0.4825
...    26 A-T ...
  -41.3921  -44.0441   47.4374
   -0.6753    0.6835   -0.2772
   -0.1901   -0.5244   -0.8300
   -0.7127   -0.5078    0.4840
...    27 A-T ...
  -43.6718  -45.4988   49.2649
   -0.6603    0.2386   -0.7121
    0.2500   -0.8243   -0.5080
   -0.7081   -0.5135    0.4846
...    28 G-C ...
  -46.3166  -46.8188   50.9249
   -0.3744   -0.2254   -0.8995
    0.5527   -0.8331   -0.0212
   -0.7446   -0.5050    0.4365
...    29 G-C ...
  -49.1317  -48.4090   52.1521
    0.0678   -0.6487   -0.7580
    0.6456   -0.5507    0.5290
   -0.7606   -0.5253    0.3815
...    30 C-G ...
  -51.7983  -50.1681   52.9995
    0.4516   -0.8298   -0.3280
    0.4676   -0.0930    0.8790
   -0.7599   -0.5503    0.3460
...    31 C-G ...
  -54.5206  -51.9601   53.9391
    0.6750   -0.7050    0.2177
    0.1149    0.3918    0.9128
   -0.7288   -0.5911    0.3455
...    32 G-C ...
  -56.7667  -53.6148   55.3286
    0.6918   -0.3302    0.6421
   -0.2737    0.7030    0.6564
   -0.6682   -0.6299    0.3960
...    33 G-C ...
  -58.7851  -55.9255   56.7335
    0.4547    0.1747    0.8734
   -0.6214    0.7647    0.1705
   -0.6381   -0.6202    0.4562
...    34 C-G ...
  -60.6509  -58.2516   58.1617
    0.0599    0.6167    0.7849
   -0.7641    0.5343   -0.3615
   -0.6423   -0.5781    0.5033
...    35 C-G ...
  -62.5957  -60.1075   60.2616
   -0.3216    0.8611    0.3937
   -0.6736    0.0841   -0.7343
   -0.6654   -0.5014    0.5531
...    36 C-G ...
  -64.7775  -61.5999   62.3527
   -0.6055    0.7833   -0.1410
   -0.4009   -0.4532   -0.7962
   -0.6875   -0.4255    0.5884
...    37 G-C ...
  -67.2039  -63.6153   63.6835
   -0.6715    0.4139   -0.6147
    0.0026   -0.8281   -0.5605
   -0.7410   -0.3780    0.5550
...    38 A-T ...
  -69.6099  -64.7598   65.4616
   -0.5359   -0.1688   -0.8272
    0.3994   -0.9139   -0.0723
   -0.7438   -0.3692    0.5572
...    39 C-G ...
  -72.3515  -65.5732   66.9612
   -0.2177   -0.6232   -0.7512
    0.6036   -0.6907    0.3981
   -0.7670   -0.3668    0.5265
...    40 A-T ...
  -74.9642  -67.0002   68.6027
    0.2251   -0.9062   -0.3580
    0.6018   -0.1597    0.7825
   -0.7663   -0.3916    0.5094
...    41 C-G ...
  -77.6916  -68.5481   69.8231
    0.5192   -0.8471    0.1132
    0.3832    0.3491    0.8552
   -0.7639   -0.4007    0.5058
...    42 G-C ...
  -80.1031  -69.5215   71.8886
    0.6757   -0.4402    0.5913
   -0.0001    0.8021    0.5972
   -0.7372   -0.4036    0.5419
...    43 A-T ...
  -82.5844  -70.7552   73.4377
    0.5497    0.1277    0.8255
   -0.3740    0.9213    0.1066
   -0.7469   -0.3673    0.5542
...    44 C-G ...
  -84.7093  -72.5363   75.2213
    0.3101    0.6290    0.7129
   -0.6206    0.7020   -0.3494
   -0.7202   -0.3340    0.6080
...    45 T-A ...
  -86.8592  -73.8505   77.7417
   -0.0378    0.9538    0.2982
   -0.6902    0.1909   -0.6980
   -0.7227   -0.2322    0.6510
...    46 T-A ...
  -89.1411  -74.4597   79.8569
   -0.3525    0.9210   -0.1656
   -0.5750   -0.3528   -0.7382
   -0.7383   -0.1650    0.6539
...    47 A-T ...
  -91.7390  -74.7685   81.9089
   -0.5369    0.5520   -0.6380
   -0.3024   -0.8319   -0.4652
   -0.7876   -0.0569    0.6136
...    48 C-G ...
  -94.3356  -74.1833   83.9335
   -0.5916    0.0143   -0.8061
    0.0001   -0.9998   -0.0178
   -0.8062   -0.0106    0.5915
...    49 T-A ...
  -97.3904  -73.5422   85.7823
   -0.4650   -0.5787   -0.6700
    0.3202   -0.8155    0.4821
   -0.8254    0.0097    0.5645
...    50 T-A ...
 -100.2033  -73.3840   87.3678
   -0.1996   -0.9458   -0.2561
    0.5177   -0.3237    0.7920
   -0.8319    0.0255    0.5543
...    51 C-G ...
 -102.8713  -73.2242   89.4738
    0.1391   -0.9370    0.3205
    0.5324    0.3437    0.7736
   -0.8350    0.0630    0.5467
...    52 A-T ...
 -105.5055  -72.3988   91.4840
    0.4976   -0.5508    0.6701
    0.3631    0.8338    0.4157
   -0.7877    0.0364    0.6150
...    53 T-A ...
 -108.1684  -72.7419   93.3765
    0.6387   -0.0388    0.7685
    0.0575    0.9983    0.0026
   -0.7673    0.0425    0.6399
...    54 G-C ...
 -110.8338  -72.6591   95.6752
    0.6274    0.5626    0.5384
   -0.3243    0.8174   -0.4762
   -0.7079    0.1242    0.6953
...    55 T-A ...
 -112.8343  -72.6509   98.3625
    0.3830    0.9069    0.1754
   -0.6073    0.3903   -0.6920
   -0.6960    0.1585    0.7003
...    56 T-A ...
 -114.8661  -72.0624  100.6942
    0.0507    0.9534   -0.2973
   -0.7314   -0.1673   -0.6611
   -0.6801    0.2510    0.6889
...    57 A-T ...
 -117.3420  -71.1252  102.7358
   -0.3215    0.6422   -0.6959
   -0.6567   -0.6807   -0.3247
   -0.6822    0.3526    0.6406
...    58 T-A ...
 -119.1158  -69.3607  104.8348
   -0.6163    0.1951   -0.7630
   -0.4142   -0.9043    0.1033
   -0.6698    0.3796    0.6382
...    59 A-T ...
 -121.4720  -68.3462  107.1474
   -0.7736   -0.4322   -0.4634
    0.0816   -0.7932    0.6034
   -0.6284    0.4290    0.6489
...    60 A-T ...
 -123.5700  -66.7940  109.0838
   -0.6082   -0.7926    0.0437
    0.5395   -0.3723    0.7553
   -0.5823    0.4829    0.6540
...    61 C-G ...
 -125.9991  -64.9285  110.7902
   -0.2231   -0.8303    0.5108
    0.8041    0.1395    0.5779
   -0.5511    0.5396    0.6364
...    62 G-C ...
 -127.5843  -63.0482  112.9575
    0.3403   -0.5551    0.7590
    0.7834    0.6138    0.0976
   -0.5200    0.5614    0.6438
...    63 G-C ...
 -129.5749  -61.2172  114.9263
    0.7486   -0.1807    0.6379
    0.4892    0.7999   -0.3475
   -0.4475    0.5722    0.6873
...    64 A-T ...
 -131.2896  -59.2569  116.9710
    0.9202    0.2895    0.2636
   -0.0286    0.7211   -0.6922
   -0.3905    0.6294    0.6718
...    65 G-C ...
 -132.0901  -57.4387  119.7064
    0.8155    0.5265   -0.2405
   -0.5082    0.4524   -0.7328
   -0.2770    0.7198    0.6365
...    66 T-A ...
 -132.3546  -55.2084  122.0389
    0.4584    0.6082   -0.6481
   -0.8616    0.1252   -0.4919
   -0.2180    0.7839    0.5814
...    67 A-T ...
 -132.2273  -52.2030  123.6469
   -0.0078    0.3683   -0.9297
   -0.9915   -0.1234   -0.0406
   -0.1297    0.9215    0.3661
...    68 G-C ...
 -132.3072  -49.1482  124.7093
   -0.5062    0.1472   -0.8498
   -0.8537   -0.2253    0.4695
   -0.1224    0.9631    0.2397
...    69 G-C ...
 -132.3795  -45.5050  124.7562
   -0.8956   -0.0717   -0.4391
   -0.4182   -0.2010    0.8858
   -0.1518    0.9770    0.1500
...    70 T-A ...
 -132.9497  -42.2322  124.6304
   -0.9840   -0.1418    0.1078
    0.1225   -0.0995    0.9875
   -0.1293    0.9849    0.1153
...    71 A-T ...
 -133.4807  -38.8994  124.7135
   -0.6969   -0.1311    0.7051
    0.7095    0.0177    0.7045
   -0.1049    0.9912    0.0807
...    72 T-A ...
 -134.3913  -35.7078  124.4385
   -0.2037   -0.0341    0.9784
    0.9769    0.0582    0.2054
   -0.0640    0.9977    0.0215
...    73 C-G ...
 -134.8451  -32.3707  124.5540
    0.4655    0.0280    0.8846
    0.8843    0.0255   -0.4662
   -0.0356    0.9993   -0.0129
...    74 T-A ...
 -135.0456  -29.0117  124.7950
    0.8732   -0.0242    0.4867
    0.4868   -0.0057   -0.8735
    0.0239    0.9997    0.0068
...    75 C-G ...
 -135.0675  -25.6036  124.7910
    0.9887   -0.0790   -0.1273
   -0.1285   -0.0102   -0.9917
    0.0770    0.9968   -0.0202
...    76 G-C ...
 -134.6828  -22.3306  124.0388
    0.7299   -0.3322   -0.5974
   -0.6132    0.0679   -0.7870
    0.3020    0.9408   -0.1541
...    77 A-T ...
 -133.7203  -19.2196  123.3881
    0.2142   -0.3142   -0.9249
   -0.9217    0.2484   -0.2978
    0.3233    0.9163   -0.2364
...    78 G-C ...
 -132.3239  -16.3873  122.2826
   -0.3362   -0.2156   -0.9168
   -0.8787    0.4221    0.2230
    0.3389    0.8805   -0.3314
...    79 C-G ...
 -130.8906  -13.6927  120.7115
   -0.7996    0.0461   -0.5987
   -0.4979    0.5065    0.7040
    0.3357    0.8610   -0.3820
...    80 T-A ...
 -129.7792  -10.9410  119.2481
   -0.9417    0.3185   -0.1081
    0.0465    0.4416    0.8960
    0.3331    0.8388   -0.4307
...    81 C-G ...
 -128.7730   -8.0289  118.0352
   -0.7012    0.5409    0.4645
    0.6366    0.1817    0.7494
    0.3210    0.8212   -0.4718
...    82 G-C ...
 -126.7364   -5.1650  117.2070
   -0.1793    0.5357    0.8251
    0.9356   -0.1665    0.3114
    0.3042    0.8278   -0.4714
...    83 G-C ...
 -125.7697   -2.4490  115.4029
    0.3864    0.2940    0.8742
    0.8440   -0.4950   -0.2066
    0.3720    0.8177   -0.4394
...    84 G-C ...
 -124.6891    0.3628  113.9178
    0.7490   -0.1134    0.6528
    0.4856   -0.5763   -0.6573
    0.4508    0.8093   -0.3766
...    85 A-T ...
 -123.2756    3.1897  112.8174
    0.8721   -0.4695    0.1379
   -0.0707   -0.3997   -0.9139
    0.4842    0.7873   -0.3818
...    86 T-A ...
 -121.4664    5.8563  112.1430
    0.6831   -0.6433   -0.3458
   -0.5156   -0.0894   -0.8522
    0.5173    0.7604   -0.3927
...    87 C-G ...
 -119.5074    8.2411  110.9169
    0.2147   -0.6074   -0.7649
   -0.8096    0.3274   -0.4872
    0.5463    0.7238   -0.4214
...    88 C-G ...
 -117.5577   10.4436  109.4346
   -0.3165   -0.4212   -0.8499
   -0.7802    0.6253   -0.0194
    0.5396    0.6570   -0.5265
...    89 G-C ...
 -116.1683   12.8258  107.5334
   -0.7647   -0.0604   -0.6415
   -0.4263    0.7940    0.4333
    0.4832    0.6049   -0.6330
...    90 C-G ...
 -114.5919   14.5029  104.9193
   -0.8727    0.4114   -0.2630
    0.1151    0.6967    0.7081
    0.4745    0.5877   -0.6554
...    91 T-A ...
 -113.4114   16.4390  102.2461
   -0.6342    0.7476    0.1970
    0.6321    0.3546    0.6890
    0.4452    0.5615   -0.6975
...    92 T-A ...
 -112.2239   18.1776   99.7268
   -0.0960    0.8445    0.5268
    0.8834   -0.1716    0.4360
    0.4586    0.5073   -0.7296
...    93 T-A ...
 -110.9904   19.8602   97.1765
    0.4647    0.5976    0.6534
    0.7584   -0.6495    0.0547
    0.4571    0.4702   -0.7550
...    94 A-T ...
 -109.1483   20.7308   94.4472
    0.8457    0.0605    0.5302
    0.2846   -0.8916   -0.3522
    0.4514    0.4488   -0.7712
...    95 A-T ...
 -107.6931   22.3032   92.0615
    0.8475   -0.4756    0.2358
   -0.2667   -0.7655   -0.5855
    0.4590    0.4333   -0.7756
...    96 C-G ...
 -105.8584   24.0939   89.8506
    0.5508   -0.8261   -0.1195
   -0.6950   -0.3746   -0.6137
    0.4622    0.4211   -0.7804
...    97 A-T ...
 -104.2127   25.3045   87.1373
   -0.0174   -0.9180   -0.3962
   -0.8751    0.2057   -0.4380
    0.4836    0.3391   -0.8069
...    98 C-G ...
 -102.1270   25.8903   84.5464
   -0.5018   -0.6689   -0.5484
   -0.7158    0.6770   -0.1709
    0.4856    0.3068   -0.8186
...    99 T-A ...
 -100.1309   26.3515   81.5699
   -0.8504   -0.1529   -0.5035
   -0.2701    0.9481    0.1681
    0.4516    0.2789   -0.8475
...   100 T-A ...
  -98.6542   26.9161   78.6967
   -0.8215    0.4582   -0.3394
    0.2956    0.8512    0.4337
    0.4876    0.2559   -0.8347
...   101 T-A ...
  -97.1578   27.5086   75.8279
   -0.4724    0.8803   -0.0441
    0.7183    0.4135    0.5595
    0.5108    0.2326   -0.8277
...   102 A-T ...
  -95.0955   28.2438   73.1286
    0.1663    0.9357    0.3111
    0.8345   -0.3016    0.4612
    0.5254    0.1829   -0.8310
...   103 T-A ...
  -93.9689   29.2049   70.2240
    0.5376    0.6616    0.5227
    0.6471   -0.7212    0.2473
    0.5406    0.2052   -0.8159
...   104 G-C ...
  -92.1630   30.1614   67.5976
    0.7655    0.0608    0.6405
    0.2026   -0.9676   -0.1504
    0.6106    0.2449   -0.7531
...   105 C-G ...
  -89.9659   31.2669   65.3979
    0.7165   -0.5026    0.4837
   -0.2645   -0.8374   -0.4783
    0.6455    0.2148   -0.7330
...   106 T-A ...
  -87.3959   32.1550   63.2229
    0.4074   -0.9032    0.1351
   -0.6066   -0.3782   -0.6993
    0.6827    0.2030   -0.7020
...   107 T-A ...
  -85.0175   32.7326   61.1403
   -0.0417   -0.9654   -0.2576
   -0.7114    0.2096   -0.6707
    0.7015    0.1553   -0.6955
...   108 C-G ...
  -82.5588   33.0057   58.8584
   -0.4826   -0.6436   -0.5940
   -0.5284    0.7549   -0.3886
    0.6985    0.1263   -0.7044
...   109 C-G ...
  -80.2855   33.1873   56.4559
   -0.7533   -0.1377   -0.6430
   -0.1629    0.9864   -0.0205
    0.6371    0.0893   -0.7656
...   110 G-C ...
  -78.4382   33.8206   54.0226
   -0.7767    0.4041   -0.4831
    0.2839    0.9093    0.3042
    0.5622    0.0991   -0.8210
...   111 G-C ...
  -76.8773   34.1598   51.0375
   -0.5076    0.8438   -0.1743
    0.6850    0.5179    0.5124
    0.5226    0.1407   -0.8409
...   112 C-G ...
  -75.6364   34.5912   47.9414
   -0.0506    0.9815    0.1846
    0.8530   -0.0537    0.5191
    0.5194    0.1837   -0.8346
...   113 T-A ...
  -74.0860   35.2574   45.0620
    0.3955    0.7830    0.4801
    0.7502   -0.5770    0.3229
    0.5299    0.2325   -0.8156
...   114 C-G ...
  -72.2103   35.9984   42.3932
    0.7498    0.2678    0.6050
    0.3738   -0.9260   -0.0534
    0.5459    0.2662   -0.7944
...   115 G-C ...
  -70.2244   36.3560   39.7014
    0.7741   -0.3678    0.5153
   -0.1383   -0.8925   -0.4292
    0.6178    0.2610   -0.7418
...   116 T-A ...
  -67.7271   37.5429   37.8024
    0.5407   -0.8095    0.2286
   -0.5329   -0.5400   -0.6515
    0.6509    0.2305   -0.7233
...   117 A-T ...
  -65.1799   38.2935   35.6494
    0.0741   -0.9818   -0.1748
   -0.7268    0.0668   -0.6836
    0.6829    0.1777   -0.7086
...   118 T-A ...
  -62.4675   38.6248   33.8110
   -0.3035   -0.7957   -0.5242
   -0.6549    0.5738   -0.4919
    0.6921    0.1940   -0.6952
...   119 A-T ...
  -60.1775   39.6406   31.3814
   -0.6213   -0.1656   -0.7659
   -0.2770    0.9607    0.0170
    0.7330    0.2227   -0.6427
...   120 A-T ...
  -57.7408   40.0119   29.2482
   -0.6515    0.4317   -0.6238
    0.1293    0.8734    0.4695
    0.7475    0.2252   -0.6249
...   121 T-A ...
  -55.4753   40.2509   26.7806
   -0.4675    0.8370   -0.2844
    0.4489    0.5019    0.7393
    0.7615    0.2179   -0.6104
...   122 G-C ...
  -52.8853   40.9873   24.5596
   -0.1494    0.9491    0.2772
    0.6318   -0.1241    0.7652
    0.7606    0.2894   -0.5811
...   123 T-A ...
  -50.6950   42.0563   22.3288
    0.1811    0.7335    0.6551
    0.6025   -0.6092    0.5156
    0.7773    0.3013   -0.5523
...   124 G-C ...
  -48.0503   43.1472   20.4986
    0.4216    0.1982    0.8848
    0.4020   -0.9156    0.0135
    0.8128    0.3500   -0.4657
...   125 T-A ...
  -45.6295   44.6845   19.1037
    0.5160   -0.3399    0.7863
    0.1348   -0.8742   -0.4664
    0.8459    0.3467   -0.4053
...   126 C-G ...
  -42.8473   45.7332   17.9979
    0.4959   -0.7924    0.3552
   -0.1708   -0.4900   -0.8548
    0.8515    0.3632   -0.3783
...   127 G-C ...
  -40.0560   46.4726   16.2336
    0.2113   -0.9671   -0.1417
   -0.3363    0.0642   -0.9396
    0.9178    0.2462   -0.3116
...   128 A-T ...
  -37.0775   47.2084   15.2831
   -0.0230   -0.7266   -0.6867
   -0.3887    0.6393   -0.6635
    0.9211    0.2517   -0.2972
...   129 C-G ...
  -33.7981   47.3830   14.7240
   -0.2540   -0.2657   -0.9300
   -0.3036    0.9348   -0.1841
    0.9183    0.2356   -0.3181
...   130 C-G ...
  -30.6583   47.7946   13.4254
   -0.4400    0.2856   -0.8514
   -0.0840    0.9308    0.3556
    0.8940    0.2280   -0.3856
...   131 A-T ...
  -27.5225   49.1850   13.0331
   -0.3942    0.8140   -0.4266
    0.1817    0.5241    0.8321
    0.9009    0.2505   -0.3545
...   132 A-T ...
  -24.5981   49.9546   11.7399
   -0.2113    0.9661    0.1483
    0.3675   -0.0620    0.9279
    0.9057    0.2506   -0.3420
...   133 A-T ...
  -21.7860   50.8534   10.2973
    0.0706    0.7448    0.6635
    0.4004   -0.6304    0.6650
    0.9136    0.2187   -0.3427
...   134 T-A ...
  -19.0084   52.0404    8.9385
    0.2450    0.2904    0.9250
    0.3072   -0.9282    0.2101
    0.9196    0.2327   -0.3166
...   135 G-C ...
  -16.4570   53.8982    7.5292
    0.5336   -0.3334    0.7773
    0.0348   -0.9096   -0.4140
    0.8450    0.2479   -0.4738
...   136 T-A ...
  -14.1681   56.5700    6.1950
    0.5795   -0.7269    0.3684
   -0.3140   -0.6163   -0.7222
    0.7521    0.3029   -0.5854
...   137 G-C ...
  -11.6469   58.0148    4.7338
    0.2454   -0.9541   -0.1717
   -0.6318   -0.0231   -0.7748
    0.7352    0.2986   -0.6085
...   138 A-T ...
   -8.6698   58.7291    3.6172
   -0.0344   -0.7815   -0.6230
   -0.6534    0.4892   -0.5777
    0.7562    0.3872   -0.5274
...   139 G-C ...
   -6.3212   59.0881    1.6442
   -0.2967   -0.3277   -0.8970
   -0.5657    0.8170   -0.1114
    0.7694    0.4744   -0.4278
...   140 C-G ...
   -3.4297   60.2439    1.0436
   -0.4424    0.2288   -0.8671
   -0.1682    0.9286    0.3309
    0.8809    0.2922   -0.3723
...   141 G-C ...
   -0.6894   63.9065   -2.2355
   -0.9992    0.0156   -0.0375
   -0.0024    0.8991    0.4378
    0.0405    0.4375   -0.8983
...   142 C-G ...
   -0.9980   65.6139   -4.9248
   -0.8337    0.5217    0.1810
    0.5169    0.6220    0.5881
    0.1942    0.5839   -0.7882
...   143 T-A ...
   -0.1245   66.2252   -7.8040
   -0.3751    0.8568    0.3538
    0.8856    0.2185    0.4098
    0.2739    0.4670   -0.8407
...   144 C-G ...
   -0.1581   67.4199  -10.7920
    0.1799    0.8792    0.4411
    0.9276   -0.3009    0.2214
    0.3274    0.3694   -0.8697
...   145 A-T ...
    0.5352   69.2489  -13.4512
    0.7352    0.4961    0.4620
    0.6117   -0.7791   -0.1369
    0.2921    0.3832   -0.8763
...   146 C-G ...
    1.4420   72.1066  -15.5857
    0.9808    0.0622    0.1849
    0.1266   -0.9240   -0.3608
    0.1484    0.3773   -0.9141
...   147 A-T ...
    2.3150   74.2412  -18.3712
    0.8657   -0.4292   -0.2574
   -0.4984   -0.7868   -0.3642
   -0.0462    0.4436   -0.8950
