  147 base-pairs
...     1 A-T ...
    0.0000    0.0000    0.0000
    1.0000    0.0000    0.0000
    0.0000    1.0000    0.0000
    0.0000    0.0000    1.0000
...     2 G-C ...
   -0.1394   -1.2357    3.2268
    0.7529    0.6366    0.1670
   -0.6386    0.7680   -0.0486
   -0.1592   -0.0700    0.9848
...     3 T-A ...
   -0.0365   -3.2932    6.3751
    0.2722    0.9301    0.2466
   -0.9238    0.3243   -0.2033
   -0.2691   -0.1725    0.9475
...     4 G-C ...
   -0.3505   -4.1660    9.4928
   -0.3756    0.9250    0.0579
   -0.8781   -0.3352   -0.3415
   -0.2965   -0.1791    0.9381
...     5 A-T ...
   -0.4462   -4.1476   12.7498
   -0.8116    0.5840   -0.0165
   -0.5523   -0.7762   -0.3042
   -0.1905   -0.2378    0.9524
...     6 G-C ...
   -1.5908   -4.1730   15.6201
   -0.9976    0.0246   -0.0651
   -0.0043   -0.9555   -0.2950
   -0.0695   -0.2940    0.9533
...     7 C-G ...
   -1.1030   -4.4824   18.7362
   -0.8441   -0.5304   -0.0787
    0.5345   -0.8441   -0.0432
   -0.0435   -0.0785    0.9960
...     8 G-C ...
   -2.4028   -7.7290   23.1475
   -0.2754   -0.3293   -0.9032
    0.6650   -0.7437    0.0684
   -0.6942   -0.5818    0.4238
...     9 C-G ...
   -4.4690   -9.9728   24.1132
    0.1145   -0.7025   -0.7024
    0.8512   -0.2952    0.4340
   -0.5122   -0.6476    0.5642
...    10 T-A ...
   -6.7405  -10.8752   25.9697
    0.4841   -0.8363   -0.2574
    0.6595    0.1553    0.7355
   -0.5751   -0.5258    0.6267
...    11 C-G ...
   -9.1656  -12.6208   27.1640
    0.7073   -0.6682    0.2307
    0.3448    0.6110    0.7126
   -0.6171   -0.4245    0.6626
...    12 A-T ...
  -10.9234  -14.6633   29.0693
    0.7515   -0.1377    0.6452
   -0.2029    0.8824    0.4246
   -0.6277   -0.4500    0.6352
...    13 C-G ...
  -11.8476  -17.4863   31.2451
    0.4295    0.2823    0.8578
   -0.5708    0.8209    0.0156
   -0.6998   -0.4963    0.5137
...    14 A-T ...
  -13.5897  -19.7827   33.4259
   -0.1504    0.6104    0.7777
   -0.6874    0.5008   -0.5260
   -0.7106   -0.6136    0.3443
...    15 A-T ...
  -15.7350  -21.8920   34.6908
   -0.5508    0.7728    0.3152
   -0.4496    0.0435   -0.8922
   -0.7032   -0.6331    0.3235
...    16 T-A ...
  -17.8050  -23.8563   36.3662
   -0.7099    0.6752   -0.2002
   -0.0869   -0.3661   -0.9265
   -0.6989   -0.6404    0.3185
...    17 T-A ...
  -20.0775  -25.8407   37.5912
   -0.6260    0.3201   -0.7111
    0.3590   -0.6912   -0.6272
   -0.6923   -0.6479    0.3178
...    18 T-A ...
  -22.4341  -27.7854   38.7128
   -0.2912   -0.1553   -0.9440
    0.6634   -0.7437   -0.0823
   -0.6893   -0.6502    0.3195
...    19 A-T ...
  -24.4486  -30.2937   39.8434
    0.2200   -0.5964   -0.7720
    0.6882   -0.4660    0.5561
   -0.6914   -0.6536    0.3079
...    20 T-A ...
  -27.0893  -32.2283   40.3192
    0.5467   -0.7544   -0.3634
    0.4690   -0.0836    0.8792
   -0.6936   -0.6511    0.3081
...    21 T-A ...
  -29.4299  -34.3680   41.0786
    0.7076   -0.6655    0.2375
    0.0522    0.3844    0.9217
   -0.7047   -0.6398    0.3067
...    22 C-G ...
  -31.7067  -36.5781   42.0344
    0.6036   -0.2767    0.7477
   -0.3986    0.7075    0.5836
   -0.6905   -0.6503    0.3168
...    23 G-C ...
  -34.2098  -38.4861   43.3281
    0.3166    0.2541    0.9139
   -0.6926    0.7202    0.0397
   -0.6481   -0.6455    0.4040
...    24 C-G ...
  -36.0368  -40.8967   44.7739
   -0.1055    0.6449    0.7569
   -0.7531    0.4452   -0.4843
   -0.6493   -0.6212    0.4387
...    25 A-T ...
  -38.4324  -42.8803   46.0679
   -0.4744    0.8368    0.2733
   -0.5548   -0.0431   -0.8309
   -0.6835   -0.5458    0.4847
...    26 A-T ...
  -40.5746  -44.5801   47.8272
   -0.7090    0.6501   -0.2733
   -0.1673   -0.5316   -0.8303
   -0.6851   -0.5430    0.4856
...    27 A-T ...
  -42.8302  -46.1733   49.5459
   -0.6715    0.2066   -0.7116
    0.2823   -0.8166   -0.5035
   -0.6851   -0.5390    0.4901
...    28 G-C ...
  -45.3072  -47.7223   51.1708
   -0.3635   -0.2564   -0.8956
    0.5942   -0.8043   -0.0109
   -0.7175   -0.5361    0.4447
...    29 G-C ...
  -47.9570  -49.4418   52.4216
    0.0876   -0.6368   -0.7660
    0.6726   -0.5294    0.5171
   -0.7348   -0.5605    0.3819
...    30 C-G ...
  -50.6448  -51.2477   53.3276
    0.4753   -0.8106   -0.3419
    0.4928   -0.0767    0.8668
   -0.7289   -0.5805    0.3630
...    31 C-G ...
  -53.1469  -53.3567   54.2799
    0.7159   -0.6707    0.1941
    0.1212    0.3932    0.9114
   -0.6876   -0.6289    0.3628
...    32 G-C ...
  -55.4794  -55.2622   55.8599
    0.7130   -0.2490    0.6555
   -0.3257    0.7103    0.6241
   -0.6209   -0.6584    0.4254
...    33 G-C ...
  -57.4564  -57.6955   57.1826
    0.4563    0.2548    0.8525
   -0.6725    0.7262    0.1430
   -0.5827   -0.6386    0.5027
...    34 C-G ...
  -59.0421  -60.0898   58.8871
    0.0344    0.6553    0.7546
   -0.8137    0.4568   -0.3595
   -0.5803   -0.6017    0.5489
...    35 C-G ...
  -60.7878  -62.1128   60.9647
   -0.3651    0.8573    0.3630
   -0.7086   -0.0030   -0.7056
   -0.6038   -0.5148    0.6086
...    36 C-G ...
  -62.7654  -63.6044   63.2604
   -0.6384    0.7535   -0.1568
   -0.4074   -0.5037   -0.7618
   -0.6530   -0.4225    0.6285
...    37 G-C ...
  -65.2892  -65.0806   65.0037
   -0.6821    0.3612   -0.6359
   -0.0099   -0.8740   -0.4859
   -0.7312   -0.3251    0.5996
...    38 A-T ...
  -67.8292  -66.0417   66.9005
   -0.5330   -0.2472   -0.8092
    0.3876   -0.9214    0.0262
   -0.7521   -0.2997    0.5869
...    39 C-G ...
  -70.6889  -66.5263   68.6010
   -0.2299   -0.7137   -0.6616
    0.6020   -0.6384    0.4795
   -0.7647   -0.2881    0.5764
...    40 A-T ...
  -73.0048  -67.7060   70.7234
    0.2166   -0.9446   -0.2465
    0.6015   -0.0697    0.7958
   -0.7690   -0.3207    0.5531
...    41 C-G ...
  -75.8824  -68.9048   72.0214
    0.5116   -0.8258    0.2376
    0.3846    0.4673    0.7960
   -0.7684   -0.3158    0.5567
...    42 G-C ...
  -78.4075  -69.5959   74.1924
    0.7019   -0.3606    0.6143
    0.0205    0.8722    0.4887
   -0.7120   -0.3304    0.6196
...    43 A-T ...
  -80.8306  -70.7261   76.1304
    0.5971    0.2562    0.7602
   -0.3951    0.9186    0.0008
   -0.6981   -0.3009    0.6497
...    44 C-G ...
  -82.7783  -72.2147   78.3554
    0.3252    0.7259    0.6061
   -0.6537    0.6357   -0.4106
   -0.6833   -0.2626    0.6812
...    45 T-A ...
  -84.8025  -73.0948   80.8381
   -0.0148    0.9764    0.2154
   -0.7423    0.1336   -0.6567
   -0.6699   -0.1696    0.7228
...    46 T-A ...
  -86.8517  -73.5489   83.2980
   -0.4090    0.8810   -0.2378
   -0.6109   -0.4579   -0.6459
   -0.6779   -0.1189    0.7255
...    47 A-T ...
  -89.3383  -73.9282   85.5399
   -0.6485    0.4160   -0.6375
   -0.2668   -0.9086   -0.3214
   -0.7129   -0.0383    0.7002
...    48 C-G ...
  -91.6942  -73.3586   87.8340
   -0.6769   -0.1463   -0.7214
    0.1021   -0.9892    0.1049
   -0.7290   -0.0027    0.6846
...    49 T-A ...
  -94.3317  -73.1125   89.8844
   -0.4901   -0.6779   -0.5479
    0.4286   -0.7348    0.5257
   -0.7590    0.0228    0.6507
...    50 G-C ...
  -96.6804  -73.3775   92.2666
   -0.1074   -0.9884   -0.1069
    0.6201   -0.1507    0.7699
   -0.7772    0.0164    0.6291
...    51 T-A ...
  -99.6710  -73.3933   93.8729
    0.2454   -0.9037    0.3508
    0.5862    0.4265    0.6888
   -0.7721    0.0366    0.6344
...    52 A-T ...
 -102.0405  -72.5287   96.2592
    0.5228   -0.3459    0.7791
    0.3023    0.9298    0.2099
   -0.7970    0.1259    0.5907
...    53 G-C ...
 -104.7417  -72.3428   98.2272
    0.6564    0.2237    0.7205
   -0.0166    0.9591   -0.2827
   -0.7542    0.1736    0.6332
...    54 G-C ...
 -107.3252  -71.9794  100.4005
    0.6182    0.6994    0.3587
   -0.3715    0.6621   -0.6508
   -0.6927    0.2691    0.6691
...    55 T-A ...
 -109.2007  -71.3089  103.0170
    0.3728    0.9231   -0.0946
   -0.6462    0.1850   -0.7404
   -0.6659    0.3372    0.6655
...    56 A-T ...
 -111.3194  -69.9075  105.2057
    0.0335    0.7902   -0.6120
   -0.7802   -0.3620   -0.5101
   -0.6246    0.4946    0.6044
...    57 T-A ...
 -112.8175  -67.8972  107.3042
   -0.3528    0.4744   -0.8065
   -0.7014   -0.7046   -0.1076
   -0.6193    0.5277    0.5813
...    58 C-G ...
 -114.9390  -65.9894  108.9493
   -0.6902   -0.0649   -0.7207
   -0.3791   -0.8159    0.4365
   -0.6164    0.5745    0.5385
...    59 T-A ...
 -117.0696  -63.8430  110.3876
   -0.7725   -0.5246   -0.3578
    0.0371   -0.5997    0.7993
   -0.6339    0.6042    0.4828
...    60 C-G ...
 -119.3095  -61.8586  111.8539
   -0.6007   -0.7624    0.2406
    0.5030   -0.1265    0.8550
   -0.6214    0.6346    0.4595
...    61 G-C ...
 -121.0364  -59.6647  113.7995
   -0.1590   -0.6874    0.7086
    0.7663    0.3667    0.5276
   -0.6226    0.6269    0.4685
...    62 A-T ...
 -123.1698  -57.4980  115.1587
    0.3488   -0.2987    0.8883
    0.7211    0.6910   -0.0508
   -0.5986    0.6583    0.4564
...    63 G-C ...
 -125.3236  -55.4572  116.7091
    0.7274    0.1011    0.6787
    0.4254    0.7097   -0.5616
   -0.5384    0.6972    0.4732
...    64 C-G ...
 -127.3142  -53.4429  118.4846
    0.8776    0.4301    0.2116
   -0.0416    0.5081   -0.8603
   -0.4775    0.7462    0.4638
...    65 T-A ...
 -128.7043  -50.9969  120.2408
    0.7653    0.5459   -0.3412
   -0.5146    0.2004   -0.8337
   -0.3867    0.8136    0.4343
...    66 C-G ...
 -129.8416  -48.2574  121.6051
    0.3461    0.4806   -0.8057
   -0.8779   -0.1371   -0.4588
   -0.3310    0.8661    0.3745
...    67 G-C ...
 -131.1001  -45.1852  122.3399
   -0.1617    0.1761   -0.9710
   -0.9507   -0.2917    0.1054
   -0.2647    0.9402    0.2145
...    68 G-C ...
 -131.8491  -41.8650  122.4085
   -0.6453   -0.1001   -0.7573
   -0.7193   -0.2543    0.6465
   -0.2573    0.9619    0.0921
...    69 G-C ...
 -132.9049  -38.6238  122.1254
   -0.9285   -0.2735   -0.2510
   -0.2401   -0.0731    0.9680
   -0.2831    0.9591    0.0022
...    70 A-T ...
 -133.9598  -35.4534  121.9713
   -0.8806   -0.2268    0.4160
    0.3931    0.1404    0.9087
   -0.2645    0.9638   -0.0344
...    71 T-A ...
 -135.1995  -32.4215  121.2556
   -0.5402   -0.0571    0.8396
    0.8116    0.2282    0.5377
   -0.2224    0.9719   -0.0769
...    72 C-G ...
 -135.9777  -29.1937  120.8441
    0.0915    0.1243    0.9880
    0.9768    0.1817   -0.1133
   -0.1936    0.9755   -0.1048
...    73 C-G ...
 -136.8762  -25.9334  120.3580
    0.6511    0.1439    0.7452
    0.7486    0.0405   -0.6618
   -0.1254    0.9888   -0.0814
...    74 G-C ...
 -137.1792  -22.6360  119.5015
    0.9735    0.0091    0.2286
    0.2284   -0.0997   -0.9685
    0.0140    0.9950   -0.0992
...    75 C-G ...
 -137.1651  -19.3147  119.5898
    0.9315   -0.1289   -0.3401
   -0.3537   -0.1025   -0.9297
    0.0849    0.9863   -0.1411
...    76 T-A ...
 -136.5503  -16.0815  119.2278
    0.5774   -0.2778   -0.7678
   -0.7973    0.0105   -0.6034
    0.1757    0.9606   -0.2154
...    77 T-A ...
 -135.7770  -13.0403  118.4716
    0.0037   -0.2818   -0.9595
   -0.9790    0.1948   -0.0610
    0.2041    0.9395   -0.2752
...    78 T-A ...
 -134.9262  -10.0972  117.4212
   -0.5714   -0.1427   -0.8082
   -0.7917    0.3552    0.4970
    0.2162    0.9238   -0.3159
...    79 A-T ...
 -134.4841   -6.8678  116.4650
   -0.9461    0.1286   -0.2974
   -0.2236    0.4051    0.8865
    0.2345    0.9052   -0.3545
...    80 A-T ...
 -133.7190   -4.0477  114.9906
   -0.8732    0.4031    0.2739
    0.3929    0.2497    0.8850
    0.2883    0.8804   -0.3765
...    81 C-G ...
 -133.1607   -1.2181  113.2043
   -0.5021    0.4945    0.7095
    0.8126   -0.0107    0.5827
    0.2957    0.8691   -0.3965
...    82 A-T ...
 -131.7231    1.5288  111.9456
    0.1030    0.3630    0.9261
    0.9444   -0.3279    0.0234
    0.3122    0.8722   -0.3766
...    83 C-G ...
 -131.2380    4.6298  110.7577
    0.6025    0.1179    0.7894
    0.7254   -0.4933   -0.4800
    0.3328    0.8618   -0.3827
...    84 T-A ...
 -130.2146    7.6114  109.6672
    0.8785   -0.2287    0.4194
    0.2665   -0.4941   -0.8275
    0.3965    0.8388   -0.3732
...    85 T-A ...
 -128.9314   10.3871  108.6016
    0.8541   -0.5055   -0.1222
   -0.2974   -0.2821   -0.9121
    0.4266    0.8154   -0.3913
...    86 T-A ...
 -127.4144   12.9924  107.4416
    0.5036   -0.6226   -0.5989
   -0.7304    0.0633   -0.6800
    0.4614    0.7799   -0.4229
...    87 A-T ...
 -125.7052   15.3767  105.8233
   -0.0826   -0.5767   -0.8128
   -0.8596    0.4539   -0.2346
    0.5042    0.6793   -0.5332
...    88 T-A ...
 -123.5571   17.1109  104.0511
   -0.5233   -0.2773   -0.8058
   -0.6852    0.6990    0.2044
    0.5066    0.6591   -0.5558
...    89 G-C ...
 -122.2021   19.3925  101.9846
   -0.8668    0.1388   -0.4790
   -0.2085    0.7717    0.6008
    0.4531    0.6207   -0.6399
...    90 C-G ...
 -120.8952   21.1861   99.4572
   -0.8388    0.5429   -0.0411
    0.3382    0.5787    0.7421
    0.4267    0.6086   -0.6690
...    91 T-A ...
 -119.7293   23.1187   96.9699
   -0.5090    0.7661    0.3924
    0.7626    0.1899    0.6184
    0.3992    0.6140   -0.6809
...    92 T-A ...
 -118.6523   25.0213   94.5320
    0.0805    0.7596    0.6453
    0.9063   -0.3253    0.2698
    0.4148    0.5632   -0.7147
...    93 C-G ...
 -117.3588   26.8642   92.0868
    0.6222    0.3918    0.6778
    0.6531   -0.7371   -0.1735
    0.4316    0.5506   -0.7145
...    94 C-G ...
 -116.0461   28.8816   89.6946
    0.8457   -0.1401    0.5150
    0.1784   -0.8352   -0.5202
    0.5030    0.5318   -0.6813
...    95 G-C ...
 -114.3808   30.2983   87.0920
    0.7221   -0.6601    0.2070
   -0.3457   -0.6035   -0.7185
    0.5992    0.4473   -0.6640
...    96 G-C ...
 -112.1652   31.7992   85.0384
    0.3384   -0.9280   -0.1557
   -0.6805   -0.1271   -0.7216
    0.6499    0.3502   -0.6745
...    97 C-G ...
 -109.6528   32.7359   83.0792
   -0.1384   -0.8632   -0.4855
   -0.7397    0.4161   -0.5289
    0.6586    0.2859   -0.6961
...    98 T-A ...
 -107.3162   33.2904   80.7756
   -0.5680   -0.5174   -0.6401
   -0.5162    0.8297   -0.2126
    0.6411    0.2096   -0.7383
...    99 C-G ...
 -105.3035   33.7983   78.2171
   -0.7832    0.0810   -0.6165
   -0.0486    0.9805    0.1905
    0.6199    0.1791   -0.7639
...   100 G-C ...
 -103.3996   34.7909   75.5897
   -0.7108    0.6231   -0.3263
    0.4538    0.7608    0.4640
    0.5374    0.1818   -0.8235
...   101 T-A ...
 -102.0630   35.0422   72.5180
   -0.3507    0.9364   -0.0129
    0.7731    0.2972    0.5604
    0.5286    0.1866   -0.8281
...   102 C-G ...
 -100.4027   35.6680   69.7160
    0.1968    0.9205    0.3376
    0.8258   -0.3412    0.4489
    0.5284    0.1905   -0.8273
...   103 A-T ...
  -98.3915   36.0672   67.0578
    0.6205    0.5132    0.5929
    0.5425   -0.8269    0.1480
    0.5662    0.2299   -0.7916
...   104 T-A ...
  -96.8208   37.4225   64.4823
    0.8159    0.0057    0.5781
    0.1321   -0.9753   -0.1769
    0.5628    0.2208   -0.7965
...   105 G-C ...
  -94.8583   37.8201   61.7835
    0.6788   -0.5929    0.4333
   -0.3681   -0.7853   -0.4978
    0.6354    0.1784   -0.7513
...   106 T-A ...
  -92.4086   38.6964   59.7231
    0.3478   -0.9292    0.1253
   -0.6750   -0.3409   -0.6543
    0.6507    0.1430   -0.7458
...   107 T-A ...
  -90.1335   39.1443   57.4493
   -0.1206   -0.9547   -0.2722
   -0.7486    0.2675   -0.6066
    0.6519    0.1306   -0.7470
...   108 A-T ...
  -88.1625   39.6217   54.7448
   -0.5893   -0.5769   -0.5656
   -0.4911    0.8117   -0.3163
    0.6416    0.0914   -0.7616
...   109 T-A ...
  -85.8884   39.2599   52.3739
   -0.7574   -0.0697   -0.6492
   -0.1093    0.9938    0.0209
    0.6438    0.0868   -0.7603
...   110 A-T ...
  -83.6811   39.8901   49.8715
   -0.6442    0.5906   -0.4860
    0.4111    0.8032    0.4310
    0.6449    0.0779   -0.7603
...   111 A-T ...
  -81.7363   39.9589   47.2532
   -0.2599    0.9533   -0.1541
    0.7089    0.2967    0.6399
    0.6557    0.0571   -0.7529
...   112 C-G ...
  -80.0714   40.1181   44.3527
    0.1566    0.9601    0.2317
    0.7398   -0.2695    0.6165
    0.6544    0.0749   -0.7525
...   113 G-C ...
  -77.5648   40.1885   42.0683
    0.4915    0.6130    0.6186
    0.5205   -0.7762    0.3557
    0.6983    0.1472   -0.7006
...   114 G-C ...
  -75.2736   40.9157   39.6857
    0.6386    0.0565    0.7675
    0.1614   -0.9850   -0.0618
    0.7524    0.1633   -0.6381
...   115 A-T ...
  -72.7804   41.5082   37.6188
    0.5777   -0.5555    0.5981
   -0.2511   -0.8181   -0.5174
    0.7767    0.1487   -0.6121
...   116 T-A ...
  -70.0004   42.4007   36.0952
    0.3589   -0.9000    0.2475
   -0.5116   -0.4114   -0.7543
    0.7807    0.1441   -0.6081
...   117 A-T ...
  -67.5797   42.7578   33.7512
   -0.0650   -0.9584   -0.2781
   -0.6103    0.2586   -0.7488
    0.7895    0.1210   -0.6017
...   118 T-A ...
  -64.6397   42.7800   32.2399
   -0.3686   -0.6825   -0.6311
   -0.4846    0.7204   -0.4961
    0.7933    0.1229   -0.5963
...   119 A-T ...
  -62.1113   43.5640   30.1038
   -0.5810   -0.0461   -0.8126
   -0.1274    0.9912    0.0348
    0.8039    0.1237   -0.5818
...   120 A-T ...
  -59.5021   43.6918   28.1490
   -0.5223    0.5529   -0.6493
    0.2331    0.8249    0.5149
    0.8203    0.1176   -0.5598
...   121 T-A ...
  -57.0814   43.6093   25.8879
   -0.3158    0.9034   -0.2900
    0.4657    0.4139    0.7822
    0.8267    0.1119   -0.5515
...   122 G-C ...
  -54.2190   44.1320   24.2203
   -0.0543    0.9595    0.2765
    0.5739   -0.1966    0.7950
    0.8171    0.2019   -0.5400
...   123 T-A ...
  -51.9019   45.0846   22.0318
    0.2320    0.6953    0.6803
    0.5112   -0.6821    0.5229
    0.8276    0.2264   -0.5137
...   124 G-C ...
  -48.9697   45.7378   20.5313
    0.3921    0.1394    0.9093
    0.3041   -0.9525    0.0149
    0.8682    0.2707   -0.4159
...   125 T-A ...
  -46.2302   47.2001   19.3953
    0.4568   -0.4037    0.7927
    0.0572   -0.8759   -0.4791
    0.8877    0.2641   -0.3770
...   126 C-G ...
  -43.2411   48.0328   18.3117
    0.3671   -0.8584    0.3584
   -0.2045   -0.4503   -0.8691
    0.9074    0.2458   -0.3409
...   127 G-C ...
  -40.2133   48.4719   16.8466
    0.0995   -0.9779   -0.1840
   -0.3208    0.1435   -0.9362
    0.9419    0.1521   -0.2994
...   128 A-T ...
  -37.0574   48.8351   15.9113
   -0.1239   -0.6868   -0.7162
   -0.2966    0.7144   -0.6338
    0.9469    0.1339   -0.2923
...   129 C-G ...
  -33.7830   48.6705   15.1673
   -0.2686   -0.1854   -0.9453
   -0.1729    0.9747   -0.1420
    0.9476    0.1253   -0.2938
...   130 C-G ...
  -30.5728   48.8072   14.0413
   -0.3712    0.3941   -0.8408
    0.0197    0.9086    0.4171
    0.9283    0.1383   -0.3451
...   131 A-T ...
  -27.4311   49.4617   13.0783
   -0.3553    0.8461   -0.3973
    0.2380    0.4929    0.8369
    0.9039    0.2028   -0.3765
...   132 A-T ...
  -24.5672   50.0397   11.6484
   -0.1513    0.9740    0.1686
    0.3857   -0.0989    0.9173
    0.9101    0.2038   -0.3607
...   133 A-T ...
  -21.7069   50.7865   10.3135
    0.0774    0.7308    0.6781
    0.3982   -0.6463    0.6510
    0.9140    0.2196   -0.3410
...   134 T-A ...
  -19.0083   52.0402    8.9383
    0.2450    0.2904    0.9250
    0.3072   -0.9282    0.2101
    0.9196    0.2327   -0.3167
...   135 G-C ...
  -16.4569   53.8980    7.5289
    0.5336   -0.3334    0.7773
    0.0348   -0.9096   -0.4140
    0.8450    0.2479   -0.4738
...   136 T-A ...
  -14.1681   56.5698    6.1948
    0.5795   -0.7269    0.3684
   -0.3140   -0.6163   -0.7222
    0.7521    0.3028   -0.5854
...   137 G-C ...
  -11.6469   58.0147    4.7336
    0.2454   -0.9541   -0.1717
   -0.6318   -0.0231   -0.7748
    0.7352    0.2986   -0.6085
...   138 A-T ...
   -8.6698   58.7289    3.6169
   -0.0344   -0.7815   -0.6230
   -0.6534    0.4892   -0.5777
    0.7562    0.3872   -0.5274
...   139 G-C ...
   -6.3211   59.0879    1.6439
   -0.2967   -0.3277   -0.8970
   -0.5657    0.8170   -0.1114
    0.7694    0.4744   -0.4278
...   140 C-G ...
   -3.4296   60.2437    1.0434
   -0.4424    0.2288   -0.8671
   -0.1682    0.9286    0.3309
    0.8809    0.2922   -0.3723
...   141 G-C ...
   -0.6893   63.9063   -2.2357
   -0.9992    0.0156   -0.0375
   -0.0024    0.8991    0.4378
    0.0405    0.4375   -0.8983
...   142 C-G ...
   -0.9980   65.6137   -4.9250
   -0.8337    0.5217    0.1810
    0.5169    0.6220    0.5881
    0.1942    0.5839   -0.7882
...   143 T-A ...
   -0.1244   66.2250   -7.8042
   -0.3751    0.8568    0.3538
    0.8856    0.2185    0.4098
    0.2739    0.4670   -0.8408
...   144 C-G ...
   -0.1580   67.4197  -10.7922
    0.1799    0.8792    0.4411
    0.9276   -0.3009    0.2214
    0.3274    0.3694   -0.8697
...   145 A-T ...
    0.5352   69.2487  -13.4514
    0.7352    0.4961    0.4620
    0.6117   -0.7791   -0.1369
    0.2921    0.3832   -0.8763
...   146 C-G ...
    1.4421   72.1064  -15.5859
    0.9808    0.0622    0.1849
    0.1266   -0.9240   -0.3608
    0.1484    0.3773   -0.9141
...   147 A-T ...
    2.3150   74.2410  -18.3715
    0.8657   -0.4292   -0.2574
   -0.4984   -0.7868   -0.3642
   -0.0462    0.4436   -0.8950
