  147 base-pairs
...     1 A-T ...
    0.0000    0.0000    0.0000
    1.0000    0.0000    0.0000
    0.0000    1.0000    0.0000
    0.0000    0.0000    1.0000
...     2 G-C ...
   -0.1394   -1.2357    3.2268
    0.7529    0.6366    0.1670
   -0.6386    0.7680   -0.0486
   -0.1592   -0.0700    0.9848
...     3 T-A ...
   -0.0365   -3.2932    6.3751
    0.2722    0.9301    0.2466
   -0.9238    0.3243   -0.2033
   -0.2691   -0.1725    0.9475
...     4 G-C ...
   -0.3505   -4.1660    9.4928
   -0.3756    0.9250    0.0579
   -0.8781   -0.3352   -0.3415
   -0.2965   -0.1791    0.9381
...     5 A-T ...
   -0.4462   -4.1476   12.7498
   -0.8116    0.5840   -0.0165
   -0.5523   -0.7762   -0.3042
   -0.1905   -0.2378    0.9524
...     6 G-C ...
   -1.5908   -4.1730   15.6201
   -0.9976    0.0246   -0.0651
   -0.0043   -0.9555   -0.2950
   -0.0695   -0.2940    0.9533
...     7 C-G ...
   -1.1030   -4.4824   18.7362
   -0.8441   -0.5304   -0.0787
    0.5345   -0.8441   -0.0432
   -0.0435   -0.0785    0.9960
...     8 G-C ...
   -2.4028   -7.7290   23.1475
   -0.2754   -0.3293   -0.9032
    0.6650   -0.7437    0.0684
   -0.6942   -0.5818    0.4238
...     9 C-G ...
   -4.4690   -9.9728   24.1132
    0.1145   -0.7025   -0.7024
    0.8512   -0.2952    0.4340
   -0.5122   -0.6476    0.5642
...    10 T-A ...
   -6.7405  -10.8752   25.9697
    0.4841   -0.8363   -0.2574
    0.6595    0.1553    0.7355
   -0.5751   -0.5258    0.6267
...    11 C-G ...
   -9.1656  -12.6208   27.1640
    0.7073   -0.6682    0.2307
    0.3448    0.6110    0.7126
   -0.6171   -0.4245    0.6626
...    12 A-T ...
  -10.9234  -14.6633   29.0693
    0.7515   -0.1377    0.6452
   -0.2029    0.8824    0.4246
   -0.6277   -0.4500    0.6352
...    13 C-G ...
  -11.8476  -17.4863   31.2451
    0.4295    0.2823    0.8578
   -0.5708    0.8209    0.0156
   -0.6998   -0.4963    0.5137
...    14 A-T ...
  -13.5897  -19.7827   33.4259
   -0.1504    0.6104    0.7777
   -0.6874    0.5008   -0.5260
   -0.7106   -0.6136    0.3443
...    15 A-T ...
  -15.7333  -21.8959   34.6860
   -0.5499    0.7731    0.3161
   -0.4484    0.0461   -0.8926
   -0.7047   -0.6326    0.3213
...    16 T-A ...
  -17.8084  -23.8595   36.3509
   -0.7065    0.6791   -0.1991
   -0.0868   -0.3624   -0.9280
   -0.7024   -0.6383    0.3150
...    17 T-A ...
  -20.0946  -25.8368   37.5548
   -0.6197    0.3317   -0.7113
    0.3548   -0.6900   -0.6309
   -0.7000   -0.6434    0.3099
...    18 T-A ...
  -22.4761  -27.7674   38.6386
   -0.2861   -0.1385   -0.9482
    0.6538   -0.7516   -0.0875
   -0.7006   -0.6449    0.3055
...    19 A-T ...
  -24.5658  -30.2415   39.6785
    0.2193   -0.5777   -0.7862
    0.6747   -0.4923    0.5500
   -0.7048   -0.6511    0.2818
...    20 T-A ...
  -27.2390  -32.1482   40.0652
    0.5389   -0.7517   -0.3801
    0.4571   -0.1181    0.8816
   -0.7076   -0.6488    0.2799
...    21 T-A ...
  -29.6227  -34.2741   40.7231
    0.6920   -0.6859    0.2250
    0.0465    0.3535    0.9343
   -0.7204   -0.6361    0.2766
...    22 C-G ...
  -31.9473  -36.4776   41.5738
    0.5853   -0.3146    0.7473
   -0.3940    0.6951    0.6013
   -0.7086   -0.6464    0.2829
...    23 G-C ...
  -34.5160  -38.3684   42.7508
    0.3025    0.2126    0.9291
   -0.6770    0.7341    0.0524
   -0.6710   -0.6449    0.3660
...    24 C-G ...
  -36.4348  -40.7914   44.0510
   -0.1080    0.6175    0.7792
   -0.7303    0.4825   -0.4836
   -0.6745   -0.6213    0.3989
...    25 A-T ...
  -38.9021  -42.7741   45.1978
   -0.4591    0.8375    0.2962
   -0.5336    0.0067   -0.8457
   -0.7103   -0.5463    0.4438
...    26 A-T ...
  -41.1338  -44.4866   46.8254
   -0.6810    0.6835   -0.2629
   -0.1602   -0.4894   -0.8572
   -0.7145   -0.5417    0.4427
...    27 A-T ...
  -43.4857  -46.0805   48.4033
   -0.6412    0.2649   -0.7202
    0.2684   -0.8019   -0.5338
   -0.7189   -0.5356    0.4431
...    28 G-C ...
  -46.0675  -47.6077   49.8685
   -0.3421   -0.1943   -0.9194
    0.5624   -0.8262   -0.0347
   -0.7528   -0.5289    0.3919
...    29 G-C ...
  -48.8315  -49.2814   50.9100
    0.0899   -0.5953   -0.7984
    0.6297   -0.5871    0.5087
   -0.7716   -0.5485    0.3221
...    30 C-G ...
  -51.6196  -51.0283   51.5901
    0.4530   -0.8095   -0.3734
    0.4531   -0.1516    0.8785
   -0.7678   -0.5672    0.2981
...    31 C-G ...
  -54.2301  -53.0978   52.3039
    0.6750   -0.7156    0.1797
    0.0976    0.3281    0.9396
   -0.7313   -0.6167    0.2913
...    32 G-C ...
  -56.7047  -54.9914   53.6605
    0.6653   -0.3284    0.6705
   -0.3236    0.6825    0.6553
   -0.6728   -0.6529    0.3478
...    33 G-C ...
  -58.8656  -57.4045   54.7076
    0.4190    0.1706    0.8918
   -0.6432    0.7490    0.1589
   -0.6409   -0.6402    0.4235
...    34 C-G ...
  -60.6729  -59.8273   56.1334
    0.0213    0.5972    0.8018
   -0.7664    0.5247   -0.3705
   -0.6420   -0.6067    0.4688
...    35 C-G ...
  -62.6376  -61.9200   57.9306
   -0.3426    0.8477    0.4050
   -0.6601    0.0895   -0.7458
   -0.6685   -0.5229    0.5289
...    36 C-G ...
  -64.8202  -63.4906   59.9734
   -0.5831    0.8008   -0.1369
   -0.3801   -0.4178   -0.8252
   -0.7180   -0.4291    0.5480
...    37 G-C ...
  -67.5240  -64.9483   61.4299
   -0.6080    0.4563   -0.6497
   -0.0240   -0.8285   -0.5595
   -0.7936   -0.3246    0.5147
...    38 A-T ...
  -70.2545  -65.8930   63.0388
   -0.4781   -0.1383   -0.8673
    0.3260   -0.9449   -0.0290
   -0.8155   -0.2966    0.4969
...    39 C-G ...
  -73.2676  -66.3232   64.4497
   -0.2158   -0.6323   -0.7440
    0.5159   -0.7208    0.4629
   -0.8290   -0.2839    0.4818
...    40 A-T ...
  -75.8449  -67.5341   66.2226
    0.1775   -0.9296   -0.3230
    0.5188   -0.1905    0.8334
   -0.8363   -0.3155    0.4485
...    41 C-G ...
  -78.9003  -68.6501   67.1289
    0.4313   -0.8811    0.1941
    0.3354    0.3563    0.8721
   -0.8376   -0.3110    0.4492
...    42 G-C ...
  -81.6489  -69.3804   68.9871
    0.6079   -0.4730    0.6378
    0.0254    0.8144    0.5798
   -0.7936   -0.3362    0.5070
...    43 A-T ...
  -84.3357  -70.5193   70.5382
    0.5229    0.1312    0.8422
   -0.3323    0.9413    0.0596
   -0.7849   -0.3110    0.5359
...    44 C-G ...
  -86.6227  -72.0764   72.3663
    0.2973    0.6327    0.7150
   -0.5584    0.7227   -0.4074
   -0.7745   -0.2782    0.5682
...    45 T-A ...
  -88.9850  -73.0582   74.4880
    0.0210    0.9468    0.3212
   -0.6449    0.2583   -0.7193
   -0.7640   -0.1920    0.6160
...    46 T-A ...
  -91.3496  -73.6157   76.6217
   -0.3170    0.9307   -0.1827
   -0.5516   -0.3376   -0.7627
   -0.7715   -0.1410    0.6204
...    47 A-T ...
  -94.1005  -73.9933   78.5178
   -0.5174    0.5405   -0.6634
   -0.2883   -0.8400   -0.4596
   -0.8057   -0.0465    0.5905
...    48 C-G ...
  -96.6999  -73.4587   80.5260
   -0.5716   -0.0014   -0.8205
    0.0070   -1.0000   -0.0031
   -0.8205   -0.0075    0.5716
...    49 T-A ...
  -99.5871  -73.1872   82.1923
   -0.4497   -0.5615   -0.6946
    0.2811   -0.8271    0.4866
   -0.8478    0.0236    0.5298
...    50 G-C ...
 -102.3161  -73.5036   84.1212
   -0.1642   -0.9543   -0.2498
    0.4701   -0.2983    0.8307
   -0.8672    0.0190    0.4976
...    51 T-A ...
 -105.5240  -73.4294   85.2216
    0.1119   -0.9580    0.2641
    0.4906    0.2844    0.8236
   -0.8642    0.0374    0.5018
...    52 A-T ...
 -108.1834  -72.5976   87.3089
    0.3425   -0.4762    0.8099
    0.3300    0.8681    0.3709
   -0.8796    0.1402    0.4545
...    53 G-C ...
 -111.1851  -72.3600   88.7779
    0.5211    0.0832    0.8494
    0.1098    0.9804   -0.1634
   -0.8464    0.1784    0.5017
...    54 G-C ...
 -114.1209  -71.9819   90.4489
    0.5827    0.5985    0.5498
   -0.1862    0.7568   -0.6265
   -0.7911    0.2627    0.5525
...    55 T-A ...
 -116.4435  -71.4214   92.7168
    0.4465    0.8903    0.0895
   -0.4673    0.3173   -0.8252
   -0.7631    0.3266    0.5577
...    56 A-T ...
 -118.8709  -70.0852   94.6028
    0.2146    0.8420   -0.4950
   -0.6777   -0.2366   -0.6963
   -0.7034    0.4848    0.5198
...    57 T-A ...
 -120.6419  -68.1756   96.5734
   -0.1374    0.5829   -0.8009
   -0.7077   -0.6235   -0.3324
   -0.6931    0.5211    0.4981
...    58 C-G ...
 -122.9329  -66.2666   97.9561
   -0.5124    0.0692   -0.8559
   -0.5207   -0.8176    0.2457
   -0.6828    0.5716    0.4550
...    59 T-A ...
 -125.1898  -64.0943   99.1228
   -0.6975   -0.4171   -0.5826
   -0.1899   -0.6765    0.7116
   -0.6909    0.6070    0.3927
...    60 C-G ...
 -127.6042  -62.0976  100.2430
   -0.6843   -0.7292    0.0011
    0.2705   -0.2524    0.9290
   -0.6772    0.6360    0.3700
...    61 G-C ...
 -129.6741  -60.0171  101.9616
   -0.3691   -0.7382    0.5646
    0.6239    0.2534    0.7393
   -0.6888    0.6251    0.3671
...    62 A-T ...
 -131.9865  -57.8530  102.9964
    0.0917   -0.4050    0.9097
    0.7410    0.6381    0.2094
   -0.6653    0.6549    0.3586
...    63 G-C ...
 -134.3822  -55.8163  104.1548
    0.5250   -0.0090    0.8511
    0.5880    0.7267   -0.3551
   -0.6153    0.6869    0.3868
...    64 C-G ...
 -136.6966  -53.8310  105.5361
    0.8038    0.3553    0.4771
    0.2093    0.5818   -0.7859
   -0.5568    0.7316    0.3933
...    65 T-A ...
 -138.4346  -51.4675  107.0893
    0.8454    0.5296   -0.0698
   -0.2619    0.2971   -0.9182
   -0.4656    0.7945    0.3899
...    66 C-G ...
 -139.8478  -48.8098  108.3587
    0.5667    0.5266   -0.6337
   -0.7207   -0.0559   -0.6910
   -0.3993    0.8483    0.3478
...    67 G-C ...
 -141.2074  -45.7721  109.0301
    0.1225    0.2561   -0.9589
   -0.9467   -0.2597   -0.1903
   -0.2978    0.9311    0.2107
...    68 G-C ...
 -141.8868  -42.4464  109.1808
   -0.4008   -0.0221   -0.9159
   -0.8781   -0.2758    0.3909
   -0.2613    0.9610    0.0911
...    69 G-C ...
 -142.7803  -39.1655  108.8458
   -0.8152   -0.2298   -0.5317
   -0.5147   -0.1336    0.8469
   -0.2657    0.9640   -0.0094
...    70 A-T ...
 -143.7535  -35.9781  108.6133
   -0.9643   -0.2375    0.1173
    0.1032    0.0708    0.9921
   -0.2439    0.9688   -0.0438
...    71 T-A ...
 -144.7385  -32.8879  107.7762
   -0.7674   -0.1063    0.6323
    0.6107    0.1790    0.7714
   -0.1951    0.9781   -0.0725
...    72 C-G ...
 -145.4045  -29.6348  107.3920
   -0.2136    0.0581    0.9752
    0.9630    0.1802    0.2002
   -0.1640    0.9819   -0.0944
...    73 C-G ...
 -146.1598  -26.3421  106.8913
    0.3919    0.0956    0.9150
    0.9132    0.0806   -0.3995
   -0.1120    0.9921   -0.0557
...    74 G-C ...
 -146.2495  -23.0045  106.1668
    0.8585    0.0025    0.5127
    0.5124   -0.0413   -0.8578
    0.0190    0.9991   -0.0367
...    75 C-G ...
 -146.3654  -19.6912  106.4156
    0.9939   -0.0987   -0.0484
   -0.0540   -0.0546   -0.9970
    0.0958    0.9936   -0.0596
...    76 T-A ...
 -145.7784  -16.4335  106.4159
    0.7910   -0.2261   -0.5685
   -0.5780    0.0288   -0.8156
    0.2007    0.9737   -0.1079
...    77 T-A ...
 -144.9215  -13.3423  106.0709
    0.3042   -0.2332   -0.9236
   -0.9207    0.1770   -0.3479
    0.2446    0.9562   -0.1608
...    78 T-A ...
 -143.9060  -10.3344  105.4465
   -0.2922   -0.1222   -0.9485
   -0.9186    0.3119    0.2428
    0.2662    0.9422   -0.2034
...    79 A-T ...
 -143.2864   -7.0913  104.7052
   -0.8131    0.0905   -0.5751
   -0.5094    0.3676    0.7781
    0.2818    0.9256   -0.2528
...    80 A-T ...
 -142.2827   -4.1925  103.5746
   -0.9394    0.3426   -0.0079
    0.0825    0.2487    0.9651
    0.3326    0.9060   -0.2619
...    81 C-G ...
 -141.4050   -1.2863  102.0690
   -0.7304    0.4419    0.5208
    0.5911    0.0270    0.8062
    0.3422    0.8966   -0.2809
...    82 A-T ...
 -139.8792    1.5953  101.3323
   -0.2160    0.3463    0.9129
    0.9130   -0.2598    0.3146
    0.3462    0.9014   -0.2600
...    83 C-G ...
 -139.2945    4.7573  100.3575
    0.3197    0.1445    0.9364
    0.8742   -0.4263   -0.2326
    0.3656    0.8930   -0.2626
...    84 T-A ...
 -138.2336    7.8354   99.6246
    0.7251   -0.1667    0.6682
    0.5452   -0.4538   -0.7049
    0.4207    0.8754   -0.2381
...    85 T-A ...
 -136.9370   10.7359   98.9870
    0.8925   -0.4278    0.1430
    0.0157   -0.2875   -0.9576
    0.4508    0.8569   -0.2499
...    86 T-A ...
 -135.3894   13.4935   98.3223
    0.7140   -0.5619   -0.4177
   -0.4978    0.0121   -0.8672
    0.4923    0.8271   -0.2710
...    87 A-T ...
 -133.5232   16.0664   97.2702
    0.2166   -0.5650   -0.7962
   -0.7909    0.3765   -0.4824
    0.5723    0.7342   -0.3653
...    88 T-A ...
 -131.1273   18.0291   96.1973
   -0.2333   -0.3110   -0.9213
   -0.7791    0.6267   -0.0143
    0.5818    0.7145   -0.3885
...    89 G-C ...
 -129.4498   20.4588   94.5865
   -0.6978    0.0575   -0.7139
   -0.4522    0.7376    0.5014
    0.5554    0.6728   -0.4887
...    90 C-G ...
 -127.6625   22.4087   92.5145
   -0.8421    0.4524   -0.2934
    0.0450    0.6011    0.7979
    0.5374    0.6587   -0.5266
...    91 T-A ...
 -126.0450   24.4884   90.4347
   -0.6805    0.7012    0.2128
    0.5252    0.2643    0.8089
    0.5109    0.6622   -0.5482
...    92 T-A ...
 -124.5273   26.5311   88.3746
   -0.1941    0.7560    0.6251
    0.8195   -0.2253    0.5269
    0.5392    0.6146   -0.5758
...    93 C-G ...
 -122.8002   28.5441   86.3728
    0.3523    0.4523    0.8193
    0.7538   -0.6560    0.0380
    0.5547    0.6042   -0.5721
...    94 C-G ...
 -121.0952   30.7286   84.4129
    0.6725   -0.0470    0.7386
    0.4139   -0.8034   -0.4280
    0.6135    0.5935   -0.5209
...    95 T-A ...
 -119.0362   32.8634   82.8978
    0.7430   -0.5221    0.4187
   -0.0230   -0.6452   -0.7637
    0.6689    0.5578   -0.4914
...    96 C-G ...
 -116.7904   34.6797   81.3289
    0.5409   -0.8356   -0.0955
   -0.4612   -0.1998   -0.8645
    0.7033    0.5117   -0.4935
...    97 A-T ...
 -114.4670   36.2373   79.4587
    0.0827   -0.8526   -0.5160
   -0.6594    0.3414   -0.6698
    0.7472    0.3957   -0.5340
...    98 T-A ...
 -111.6238   37.0825   78.0435
   -0.2817   -0.5614   -0.7781
   -0.5990    0.7364   -0.3145
    0.7496    0.3775   -0.5437
...    99 G-C ...
 -109.3465   38.3702   75.9295
   -0.6468   -0.0498   -0.7610
   -0.2770    0.9451    0.1735
    0.7106    0.3230   -0.6251
...   100 T-A ...
 -107.0252   38.8316   73.5643
   -0.7049    0.4676   -0.5334
    0.1315    0.8250    0.5496
    0.6970    0.3173   -0.6430
...   101 T-A ...
 -104.8200   39.6246   71.2894
   -0.4617    0.8783   -0.1242
    0.5237    0.3829    0.7610
    0.7160    0.2862   -0.6368
...   102 A-T ...
 -101.9958   40.4890   69.5453
    0.0465    0.9218    0.3849
    0.6833   -0.3104    0.6609
    0.7287    0.2323   -0.6443
...   103 T-A ...
 -100.0819   41.5683   67.0604
    0.4106    0.6244    0.6645
    0.5498   -0.7509    0.3659
    0.7274    0.2151   -0.6516
...   104 A-T ...
  -97.4839   41.7538   64.8504
    0.6763   -0.0203    0.7363
    0.1317   -0.9802   -0.1481
    0.7247    0.1972   -0.6602
...   105 A-T ...
  -95.1183   42.5889   62.7814
    0.6230   -0.5946    0.5083
   -0.2982   -0.7812   -0.5484
    0.7232    0.1901   -0.6640
...   106 C-G ...
  -92.4482   43.5316   61.0493
    0.3369   -0.9288    0.1540
   -0.5807   -0.3338   -0.7425
    0.7411    0.1608   -0.6518
...   107 G-C ...
  -90.1682   43.8133   58.5482
   -0.1461   -0.9625   -0.2288
   -0.6382    0.2684   -0.7216
    0.7559    0.0405   -0.6534
...   108 G-C ...
  -87.5181   43.5786   56.4425
   -0.5417   -0.6443   -0.5398
   -0.4195    0.7637   -0.4907
    0.7284   -0.0394   -0.6840
...   109 A-T ...
  -85.1439   43.3052   54.1572
   -0.7033   -0.0454   -0.7095
    0.0096    0.9973   -0.0733
    0.7108   -0.0583   -0.7009
...   110 G-C ...
  -82.9029   42.8067   51.7184
   -0.6159    0.5168   -0.5946
    0.4077    0.8549    0.3208
    0.6741   -0.0449   -0.7373
...   111 G-C ...
  -80.8510   42.5196   49.0161
   -0.3220    0.9117   -0.2552
    0.6987    0.4107    0.5858
    0.6389    0.0103   -0.7692
...   112 C-G ...
  -79.0622   42.5148   46.1804
    0.1062    0.9830    0.1500
    0.7623   -0.1773    0.6224
    0.6384    0.0482   -0.7682
...   113 T-A ...
  -77.1355   42.8866   43.4739
    0.4744    0.7167    0.5111
    0.5874   -0.6902    0.4226
    0.6557    0.0997   -0.7484
...   114 C-G ...
  -74.9829   43.2894   41.0026
    0.7118    0.1458    0.6871
    0.1816   -0.9832    0.0204
    0.6785    0.1102   -0.7263
...   115 G-C ...
  -72.5897   43.2194   38.5908
    0.6074   -0.4632    0.6454
   -0.2416   -0.8817   -0.4053
    0.7568    0.0902   -0.6474
...   116 T-A ...
  -69.8251   43.9032   36.8734
    0.3561   -0.8699    0.3414
   -0.5257   -0.4885   -0.6964
    0.7726    0.0685   -0.6312
...   117 A-T ...
  -67.4871   43.9989   34.3984
   -0.0727   -0.9788   -0.1913
   -0.6232    0.1943   -0.7575
    0.7787    0.0642   -0.6241
...   118 T-A ...
  -64.5705   43.8822   32.8376
   -0.3808   -0.7311   -0.5660
   -0.4916    0.6786   -0.5458
    0.7831    0.0704   -0.6179
...   119 A-T ...
  -62.0793   44.5525   30.5978
   -0.5882   -0.0978   -0.8028
   -0.1223    0.9920   -0.0312
    0.7994    0.0798   -0.5955
...   120 A-T ...
  -59.4815   44.5418   28.6213
   -0.5239    0.5139   -0.6793
    0.2419    0.8544    0.4598
    0.8167    0.0766   -0.5719
...   121 T-A ...
  -57.0769   44.3045   26.3531
   -0.3123    0.8862   -0.3423
    0.4742    0.4576    0.7522
    0.8232    0.0726   -0.5631
...   122 G-C ...
  -54.2168   44.7080   24.6375
   -0.0461    0.9740    0.2218
    0.5787   -0.1549    0.8007
    0.8143    0.1652   -0.5565
...   123 T-A ...
  -51.9091   45.5259   22.3836
    0.2418    0.7290    0.6403
    0.5106   -0.6568    0.5549
    0.8251    0.1928   -0.5311
...   124 G-C ...
  -48.9759   46.0771   20.8325
    0.4007    0.1810    0.8981
    0.2978   -0.9528    0.0591
    0.8664    0.2438   -0.4357
...   125 T-A ...
  -46.2323   47.4648   19.6072
    0.4614   -0.3707    0.8060
    0.0468   -0.8971   -0.4394
    0.8859    0.2405   -0.3965
...   126 C-G ...
  -43.2422   48.2233   18.4599
    0.3659   -0.8455    0.3889
   -0.2161   -0.4837   -0.8481
    0.9052    0.2263   -0.3597
...   127 G-C ...
  -40.2239   48.5830   16.9341
    0.0949   -0.9837   -0.1529
   -0.3296    0.1139   -0.9372
    0.9393    0.1393   -0.3135
...   128 A-T ...
  -37.0719   48.9120   15.9531
   -0.1308   -0.7052   -0.6969
   -0.3011    0.6979   -0.6498
    0.9446    0.1249   -0.3036
...   129 C-G ...
  -33.7970   48.7283   15.1872
   -0.2749   -0.2049   -0.9394
   -0.1732    0.9716   -0.1613
    0.9457    0.1183   -0.3026
...   130 C-G ...
  -30.5863   48.8508   14.0502
   -0.3747    0.3811   -0.8452
    0.0221    0.9150    0.4028
    0.9269    0.1323   -0.3513
...   131 A-T ...
  -27.4387   49.4975   13.0837
   -0.3546    0.8428   -0.4048
    0.2405    0.5006    0.8316
    0.9036    0.1975   -0.3802
...   132 A-T ...
  -24.5718   50.0579   11.6509
   -0.1494    0.9753    0.1628
    0.3870   -0.0939    0.9173
    0.9099    0.2001   -0.3634
...   133 A-T ...
  -21.7077   50.7908   10.3155
    0.0783    0.7325    0.6762
    0.3983   -0.6448    0.6523
    0.9139    0.2183   -0.3423
...   134 T-A ...
  -19.0083   52.0402    8.9385
    0.2450    0.2904    0.9250
    0.3072   -0.9282    0.2101
    0.9196    0.2327   -0.3166
...   135 G-C ...
  -16.4569   53.8980    7.5292
    0.5336   -0.3334    0.7773
    0.0348   -0.9096   -0.4140
    0.8450    0.2479   -0.4738
...   136 T-A ...
  -14.1680   56.5697    6.1950
    0.5795   -0.7269    0.3684
   -0.3140   -0.6163   -0.7222
    0.7521    0.3028   -0.5854
...   137 G-C ...
  -11.6468   58.0146    4.7338
    0.2454   -0.9541   -0.1717
   -0.6318   -0.0231   -0.7748
    0.7352    0.2986   -0.6085
...   138 A-T ...
   -8.6697   58.7289    3.6172
   -0.0344   -0.7815   -0.6230
   -0.6534    0.4892   -0.5777
    0.7562    0.3872   -0.5274
...   139 G-C ...
   -6.3210   59.0879    1.6442
   -0.2967   -0.3277   -0.8970
   -0.5657    0.8170   -0.1114
    0.7694    0.4744   -0.4278
...   140 C-G ...
   -3.4295   60.2436    1.0436
   -0.4424    0.2288   -0.8671
   -0.1682    0.9286    0.3309
    0.8809    0.2922   -0.3723
...   141 G-C ...
   -0.6893   63.9062   -2.2355
   -0.9992    0.0156   -0.0375
   -0.0024    0.8991    0.4378
    0.0405    0.4375   -0.8983
...   142 C-G ...
   -0.9979   65.6137   -4.9248
   -0.8337    0.5217    0.1810
    0.5169    0.6220    0.5881
    0.1942    0.5839   -0.7882
...   143 T-A ...
   -0.1243   66.2250   -7.8040
   -0.3751    0.8568    0.3538
    0.8856    0.2185    0.4098
    0.2739    0.4670   -0.8407
...   144 C-G ...
   -0.1579   67.4196  -10.7920
    0.1799    0.8792    0.4411
    0.9276   -0.3009    0.2214
    0.3274    0.3694   -0.8697
...   145 A-T ...
    0.5353   69.2486  -13.4512
    0.7352    0.4961    0.4620
    0.6117   -0.7791   -0.1369
    0.2921    0.3832   -0.8763
...   146 C-G ...
    1.4422   72.1063  -15.5857
    0.9808    0.0622    0.1849
    0.1266   -0.9240   -0.3608
    0.1484    0.3773   -0.9141
...   147 A-T ...
    2.3151   74.2410  -18.3713
    0.8657   -0.4292   -0.2574
   -0.4984   -0.7868   -0.3642
   -0.0462    0.4436   -0.8950
