  147 base-pairs
...     1 A-T ...
    0.0000    0.0000    0.0000
    1.0000    0.0000    0.0000
    0.0000    1.0000    0.0000
    0.0000    0.0000    1.0000
...     2 G-C ...
   -0.1394   -1.2357    3.2268
    0.7529    0.6366    0.1670
   -0.6386    0.7680   -0.0486
   -0.1592   -0.0700    0.9848
...     3 T-A ...
   -0.0365   -3.2932    6.3751
    0.2722    0.9301    0.2466
   -0.9238    0.3243   -0.2033
   -0.2691   -0.1725    0.9475
...     4 G-C ...
   -0.3505   -4.1660    9.4928
   -0.3756    0.9250    0.0579
   -0.8781   -0.3352   -0.3415
   -0.2965   -0.1791    0.9381
...     5 A-T ...
   -0.4462   -4.1476   12.7498
   -0.8116    0.5840   -0.0165
   -0.5523   -0.7762   -0.3042
   -0.1905   -0.2378    0.9524
...     6 G-C ...
   -1.5908   -4.1730   15.6201
   -0.9976    0.0246   -0.0651
   -0.0043   -0.9555   -0.2950
   -0.0695   -0.2940    0.9533
...     7 C-G ...
   -1.1030   -4.4824   18.7362
   -0.8441   -0.5304   -0.0787
    0.5345   -0.8441   -0.0432
   -0.0435   -0.0785    0.9960
...     8 G-C ...
   -2.4028   -7.7290   23.1475
   -0.2754   -0.3293   -0.9032
    0.6650   -0.7437    0.0684
   -0.6942   -0.5818    0.4238
...     9 C-G ...
   -4.4690   -9.9728   24.1132
    0.1145   -0.7025   -0.7024
    0.8512   -0.2952    0.4340
   -0.5122   -0.6476    0.5642
...    10 T-A ...
   -6.7405  -10.8752   25.9697
    0.4841   -0.8363   -0.2574
    0.6595    0.1553    0.7355
   -0.5751   -0.5258    0.6267
...    11 C-G ...
   -9.1656  -12.6208   27.1640
    0.7073   -0.6682    0.2307
    0.3448    0.6110    0.7126
   -0.6171   -0.4245    0.6626
...    12 A-T ...
  -10.9234  -14.6633   29.0693
    0.7515   -0.1377    0.6452
   -0.2029    0.8824    0.4246
   -0.6277   -0.4500    0.6352
...    13 C-G ...
  -11.8476  -17.4863   31.2451
    0.4295    0.2823    0.8578
   -0.5708    0.8209    0.0156
   -0.6998   -0.4963    0.5137
...    14 A-T ...
  -13.5897  -19.7827   33.4259
   -0.1504    0.6104    0.7777
   -0.6874    0.5008   -0.5260
   -0.7106   -0.6136    0.3443
...    15 A-T ...
  -15.7415  -21.8869   34.6818
   -0.5456    0.7766    0.3149
   -0.4488    0.0466   -0.8924
   -0.7077   -0.6282    0.3231
...    16 T-A ...
  -17.8308  -23.8274   36.3490
   -0.6999    0.6855   -0.2007
   -0.0906   -0.3639   -0.9270
   -0.7085   -0.6306    0.3168
...    17 T-A ...
  -20.1441  -25.7727   37.5479
   -0.6133    0.3399   -0.7130
    0.3453   -0.6965   -0.6290
   -0.7104   -0.6319    0.3098
...    18 T-A ...
  -22.5617  -27.6619   38.6225
   -0.2852   -0.1343   -0.9490
    0.6400   -0.7637   -0.0843
   -0.7135   -0.6314    0.3038
...    19 A-T ...
  -24.7045  -30.0959   39.6530
    0.2105   -0.5855   -0.7828
    0.6612   -0.5045    0.5552
   -0.7201   -0.6345    0.2810
...    20 T-A ...
  -27.4253  -31.9391   40.0350
    0.5227   -0.7668   -0.3725
    0.4491   -0.1237    0.8849
   -0.7246   -0.6298    0.2797
...    21 T-A ...
  -29.8728  -33.9960   40.6876
    0.6698   -0.7038    0.2369
    0.0490    0.3602    0.9316
   -0.7410   -0.6123    0.2758
...    22 C-G ...
  -32.2792  -36.1156   41.5330
    0.5661   -0.3257    0.7573
   -0.3780    0.7138    0.5896
   -0.7326   -0.6199    0.2810
...    23 G-C ...
  -34.9432  -37.8904   42.6809
    0.2958    0.2120    0.9314
   -0.6499    0.7593    0.0335
   -0.7001   -0.6152    0.3624
...    24 C-G ...
  -36.9781  -40.2263   43.9639
   -0.0969    0.6305    0.7701
   -0.7022    0.5051   -0.5018
   -0.7054   -0.5894    0.3938
...    25 A-T ...
  -39.5449  -42.0961   45.0826
   -0.4286    0.8597    0.2778
   -0.5169    0.0189   -0.8558
   -0.7410   -0.5104    0.4363
...    26 A-T ...
  -41.8823  -43.6875   46.6814
   -0.6432    0.7109   -0.2845
   -0.1658   -0.4920   -0.8547
   -0.7476   -0.5025    0.4343
...    27 A-T ...
  -44.3411  -45.1478   48.2220
   -0.6110    0.2885   -0.7372
    0.2393   -0.8204   -0.5194
   -0.7546   -0.4938    0.4322
...    28 G-C ...
  -47.0336  -46.5214   49.6375
   -0.3297   -0.1856   -0.9257
    0.5188   -0.8548   -0.0134
   -0.7888   -0.4847    0.3781
...    29 G-C ...
  -49.9143  -48.0345   50.6092
    0.0780   -0.6068   -0.7910
    0.5832   -0.6157    0.5298
   -0.8086   -0.5027    0.3058
...    30 C-G ...
  -52.8109  -49.6239   51.2216
    0.4174   -0.8368   -0.3544
    0.4194   -0.1687    0.8920
   -0.8062   -0.5210    0.2805
...    31 C-G ...
  -55.5494  -51.5420   51.8765
    0.6273   -0.7511    0.2056
    0.0878    0.3305    0.9397
   -0.7738   -0.5714    0.2733
...    32 G-C ...
  -58.1702  -53.2733   53.1753
    0.6217   -0.3606    0.6953
   -0.3050    0.7062    0.6389
   -0.7214   -0.6093    0.3291
...    33 G-C ...
  -60.5121  -55.5378   54.1617
    0.3950    0.1536    0.9058
   -0.6030    0.7871    0.1295
   -0.6931   -0.5974    0.4035
...    34 C-G ...
  -62.5185  -57.8352   55.5302
    0.0250    0.6018    0.7982
   -0.7187    0.5658   -0.4041
   -0.6948   -0.5636    0.4467
...    35 C-G ...
  -64.6783  -59.7943   57.2520
   -0.3087    0.8696    0.3854
   -0.6220    0.1220   -0.7735
   -0.7196   -0.4785    0.5032
...    36 C-G ...
  -67.0329  -61.2232   59.2060
   -0.5285    0.8325   -0.1663
   -0.3675   -0.4009   -0.8392
   -0.7652   -0.3824    0.5179
...    37 G-C ...
  -69.8750  -62.5134   60.5521
   -0.5495    0.4872   -0.6788
   -0.0464   -0.8289   -0.5574
   -0.8342   -0.2748    0.4781
...    38 A-T ...
  -72.7266  -63.2878   62.0347
   -0.4429   -0.1140   -0.8893
    0.2712   -0.9624   -0.0117
   -0.8546   -0.2464    0.4572
...    39 C-G ...
  -75.8231  -63.5335   63.2966
   -0.2144   -0.6210   -0.7539
    0.4494   -0.7480    0.4884
   -0.8672   -0.2341    0.4395
...    40 A-T ...
  -78.5616  -64.5835   64.9250
    0.1416   -0.9381   -0.3162
    0.4629   -0.2196    0.8588
   -0.8750   -0.2679    0.4031
...    41 C-G ...
  -81.7178  -65.5243   65.6635
    0.3713   -0.9038    0.2128
    0.3073    0.3359    0.8903
   -0.8762   -0.2652    0.4025
...    42 G-C ...
  -84.5929  -66.1175   67.3735
    0.5454   -0.5066    0.6677
    0.0355    0.8099    0.5855
   -0.8374   -0.2956    0.4597
...    43 A-T ...
  -87.4158  -67.1211   68.7704
    0.4789    0.1011    0.8720
   -0.2872    0.9567    0.0468
   -0.8296   -0.2728    0.4872
...    44 C-G ...
  -89.8829  -68.5674   70.4541
    0.2838    0.6142    0.7364
   -0.4971    0.7509   -0.4348
   -0.8200   -0.2427    0.5184
...    45 T-A ...
  -92.4172  -69.4417   72.4214
    0.0430    0.9431    0.3298
   -0.5864    0.2911   -0.7559
   -0.8089   -0.1609    0.5655
...    46 T-A ...
  -94.9328  -69.9107   74.4009
   -0.2681    0.9438   -0.1933
   -0.5149   -0.3100   -0.7993
   -0.8143   -0.1147    0.5690
...    47 A-T ...
  -97.8185  -70.2207   76.1045
   -0.4594    0.5613   -0.6884
   -0.2849   -0.8272   -0.4843
   -0.8413   -0.0263    0.5400
...    48 C-G ...
 -100.5185  -69.6258   77.9588
   -0.5201    0.0222   -0.8538
   -0.0208   -0.9997   -0.0133
   -0.8539    0.0108    0.5204
...    49 T-A ...
 -103.4927  -69.2883   79.4518
   -0.4195   -0.5419   -0.7283
    0.2296   -0.8395    0.4924
   -0.8783    0.0393    0.4766
...    50 G-C ...
 -106.3515  -69.5459   81.1919
   -0.1676   -0.9462   -0.2769
    0.4097   -0.3223    0.8534
   -0.8967    0.0296    0.4417
...    51 T-A ...
 -109.6173  -69.4236   82.0847
    0.0780   -0.9649    0.2507
    0.4417    0.2588    0.8590
   -0.8938    0.0437    0.4464
...    52 C-G ...
 -112.6464  -69.2437   83.4603
    0.3339   -0.5935    0.7323
    0.3204    0.8021    0.5040
   -0.8865    0.0663    0.4580
...    53 A-T ...
 -115.5782  -68.6561   84.9978
    0.5322    0.0071    0.8466
    0.0690    0.9963   -0.0518
   -0.8438    0.0860    0.5297
...    54 T-A ...
 -118.2603  -68.9983   86.8735
    0.5074    0.5209    0.6864
   -0.2057    0.8468   -0.4906
   -0.8368    0.1077    0.5368
...    55 G-C ...
 -121.0486  -68.3894   88.6703
    0.4174    0.8875    0.1953
   -0.4755    0.3965   -0.7853
   -0.7744    0.2349    0.5875
...    56 T-A ...
 -123.1504  -67.5990   91.0591
    0.1545    0.9432   -0.2940
   -0.6369   -0.1324   -0.7595
   -0.7553    0.3046    0.5803
...    57 T-A ...
 -125.4613  -66.4524   93.0063
   -0.2070    0.6791   -0.7042
   -0.6318   -0.6424   -0.4337
   -0.7470    0.3551    0.5621
...    58 A-T ...
 -128.1898  -65.3547   94.6704
   -0.5277    0.1089   -0.8424
   -0.4046   -0.9043    0.1366
   -0.7469    0.4129    0.5212
...    59 T-A ...
 -130.4393  -63.3764   96.0867
   -0.6780   -0.3743   -0.6326
   -0.0779   -0.8192    0.5682
   -0.7309    0.4345    0.5263
...    60 A-T ...
 -132.6985  -62.3242   98.5367
   -0.6292   -0.7770    0.0194
    0.4367   -0.3327    0.8358
   -0.6430    0.5344    0.5486
...    61 A-T ...
 -134.9435  -60.4551  100.0332
   -0.2873   -0.7698    0.5699
    0.7494    0.1899    0.6343
   -0.5965    0.6093    0.5224
...    62 C-G ...
 -137.4086  -58.6291  101.4455
    0.1679   -0.5318    0.8301
    0.7968    0.5690    0.2034
   -0.5804    0.6273    0.5192
...    63 G-C ...
 -139.0523  -56.0650  102.9486
    0.6551   -0.1634    0.7377
    0.5781    0.7371   -0.3501
   -0.4866    0.6558    0.5773
...    64 G-C ...
 -140.9089  -53.9955  104.8879
    0.9148    0.1957    0.3532
    0.1318    0.6822   -0.7192
   -0.3817    0.7045    0.5983
...    65 A-T ...
 -142.1710  -51.7251  106.8547
    0.8509    0.4916   -0.1854
   -0.4248    0.4361   -0.7933
   -0.3092    0.7538    0.5799
...    66 T-A ...
 -142.6852  -49.4645  109.1322
    0.5412    0.5999   -0.5893
   -0.7968    0.1420   -0.5873
   -0.2686    0.7874    0.5548
...    67 A-T ...
 -143.1948  -46.6054  110.7855
    0.0542    0.4250   -0.9036
   -0.9809   -0.1464   -0.1277
   -0.1866    0.8933    0.4090
...    68 G-C ...
 -143.4944  -43.4894  111.8856
   -0.4670    0.2075   -0.8596
   -0.8678   -0.2942    0.4004
   -0.1698    0.9329    0.3175
...    69 G-C ...
 -144.0971  -40.1631  112.3249
   -0.8624   -0.0488   -0.5039
   -0.4724   -0.2805    0.8356
   -0.1821    0.9586    0.2188
...    70 T-A ...
 -144.6233  -36.8415  112.3867
   -0.9822   -0.1833    0.0403
    0.0747   -0.1848    0.9799
   -0.1722    0.9655    0.1952
...    71 A-T ...
 -144.5961  -33.6033  113.7373
   -0.6548   -0.1094    0.7478
    0.7550   -0.0493    0.6539
   -0.0347    0.9928    0.1149
...    72 T-A ...
 -145.2909  -30.3341  113.7227
   -0.1527   -0.0710    0.9857
    0.9883   -0.0062    0.1526
   -0.0047    0.9975    0.0711
...    73 C-G ...
 -145.3803  -27.0103  113.7912
    0.4891   -0.0671    0.8696
    0.8716   -0.0004   -0.4903
    0.0333    0.9977    0.0583
...    74 T-A ...
 -145.4000  -23.6998  114.1780
    0.8816   -0.1260    0.4550
    0.4600    0.0124   -0.8878
    0.1062    0.9920    0.0688
...    75 C-G ...
 -145.0975  -20.4377  114.4135
    0.9716   -0.1676   -0.1669
   -0.1569    0.0713   -0.9850
    0.1770    0.9833    0.0430
...    76 G-C ...
 -144.4424  -17.1324  114.1778
    0.6759   -0.2771   -0.6829
   -0.6611    0.1814   -0.7280
    0.3256    0.9436   -0.0605
...    77 A-T ...
 -143.2041  -14.1279  113.8422
    0.1315   -0.1913   -0.9727
   -0.9182    0.3464   -0.1923
    0.3737    0.9184   -0.1301
...    78 G-C ...
 -141.6590  -11.2694  113.1598
   -0.4142   -0.0522   -0.9087
   -0.8245    0.4444    0.3503
    0.3856    0.8943   -0.2272
...    79 C-G ...
 -140.2305   -8.5405  111.8577
   -0.8172    0.1756   -0.5490
   -0.4304    0.4477    0.7838
    0.3834    0.8768   -0.2902
...    80 T-A ...
 -139.0179   -5.7442  110.4749
   -0.9262    0.3768   -0.0159
    0.1146    0.3212    0.9401
    0.3593    0.8688   -0.3406
...    81 C-G ...
 -137.9382   -2.8617  109.2265
   -0.6487    0.5148    0.5605
    0.6662    0.0281    0.7453
    0.3679    0.8569   -0.3612
...    82 G-C ...
 -136.2567   -0.0820  108.2658
   -0.1366    0.3955    0.9082
    0.9203   -0.2886    0.2641
    0.3666    0.8719   -0.3246
...    83 G-C ...
 -135.1891    2.8822  106.9875
    0.3918    0.1102    0.9134
    0.8233   -0.4852   -0.2946
    0.4108    0.8674   -0.2808
...    84 G-C ...
 -134.0076    5.8955  105.9835
    0.7489   -0.2554    0.6115
    0.4474   -0.4859   -0.7508
    0.4889    0.8359   -0.2496
...    85 A-T ...
 -132.4667    8.6660  105.1572
    0.8367   -0.5443    0.0612
   -0.0923   -0.2503   -0.9638
    0.5399    0.8007   -0.2597
...    86 T-A ...
 -130.4900   11.2586  104.9238
    0.6538   -0.6251   -0.4264
   -0.5029    0.0620   -0.8621
    0.5653    0.7781   -0.2738
...    87 C-G ...
 -128.5002   13.6693  103.9713
    0.1919   -0.5214   -0.8315
   -0.7742    0.4403   -0.4547
    0.6032    0.7309   -0.3192
...    88 C-G ...
 -126.2015   15.7513  102.6225
   -0.3268   -0.2620   -0.9081
   -0.7136    0.6983    0.0553
    0.6196    0.6661   -0.4152
...    89 G-C ...
 -124.5021   18.1369  100.9179
   -0.7353    0.1221   -0.6667
   -0.3447    0.7796    0.5229
    0.5836    0.6143   -0.5311
...    90 C-G ...
 -122.6687   19.8931   98.7245
   -0.8142    0.5273   -0.2429
    0.1515    0.5969    0.7879
    0.5604    0.6047   -0.5659
...    91 T-A ...
 -121.0094   21.8083   96.5295
   -0.6032    0.7580    0.2482
    0.5950    0.2204    0.7729
    0.5312    0.6139   -0.5840
...    92 T-A ...
 -119.4557   23.7126   94.3703
   -0.0971    0.7699    0.6308
    0.8283   -0.2888    0.4801
    0.5517    0.5691   -0.6097
...    93 T-A ...
 -117.8945   25.6149   92.2216
    0.4381    0.4652    0.7692
    0.7089   -0.7049    0.0225
    0.5527    0.5354   -0.6386
...    94 A-T ...
 -115.8227   26.9223   89.8407
    0.7998   -0.1087    0.5904
    0.2318   -0.8514   -0.4706
    0.5538    0.5132   -0.6557
...    95 A-T ...
 -114.0218   28.7376   87.8370
    0.7777   -0.5932    0.2082
   -0.2880   -0.6305   -0.7208
    0.5588    0.5006   -0.6612
...    96 C-G ...
 -111.8630   30.5931   86.1513
    0.4748   -0.8608   -0.1832
   -0.6560   -0.2074   -0.7257
    0.5867    0.4648   -0.6632
...    97 A-T ...
 -110.0036   32.0007   83.7253
   -0.0672   -0.8663   -0.4950
   -0.7857    0.3517   -0.5088
    0.6149    0.3547   -0.7043
...    98 C-G ...
 -107.5443   32.6903   81.5998
   -0.5023   -0.5519   -0.6656
   -0.6110    0.7713   -0.1785
    0.6119    0.3170   -0.7246
...    99 T-A ...
 -105.4752   33.3537   79.0621
   -0.7885   -0.0523   -0.6128
   -0.2085    0.9601    0.1862
    0.5787    0.2746   -0.7680
...   100 T-A ...
 -103.5892   33.9741   76.4754
   -0.7455    0.5329   -0.4004
    0.3017    0.8054    0.5102
    0.5943    0.2596   -0.7612
...   101 T-A ...
 -101.7668   34.5934   73.8377
   -0.3994    0.9158   -0.0431
    0.6836    0.3288    0.6516
    0.6108    0.2308   -0.7574
...   102 A-T ...
  -99.2669   35.2537   71.5932
    0.1825    0.9105    0.3711
    0.7652   -0.3685    0.5279
    0.6174    0.1877   -0.7639
...   103 T-A ...
  -97.7485   36.2321   68.8143
    0.5647    0.5838    0.5833
    0.5505   -0.7931    0.2608
    0.6149    0.1739   -0.7692
...   104 G-C ...
  -95.5049   36.5498   66.3361
    0.7282   -0.0195    0.6851
    0.1136   -0.9823   -0.1487
    0.6759    0.1861   -0.7131
...   105 C-G ...
  -93.2152   37.5512   64.1254
    0.6330   -0.5765    0.5167
   -0.3137   -0.8012   -0.5096
    0.7077    0.1605   -0.6880
...   106 T-A ...
  -90.6517   38.1463   62.0844
    0.3079   -0.9304    0.1991
   -0.5936   -0.3514   -0.7240
    0.7435    0.1048   -0.6605
...   107 T-A ...
  -88.0931   38.4789   60.1108
   -0.1045   -0.9610   -0.2562
   -0.6587    0.2598   -0.7061
    0.7451    0.0950   -0.6601
...   108 C-G ...
  -85.6205   38.6165   57.9357
   -0.5043   -0.6110   -0.6102
   -0.4462    0.7894   -0.4218
    0.7394    0.0596   -0.6707
...   109 C-G ...
  -83.1878   38.4219   55.5717
   -0.7189   -0.0619   -0.6923
   -0.0566    0.9979   -0.0305
    0.6928    0.0173   -0.7209
...   110 G-C ...
  -80.9461   38.8746   53.0668
   -0.6738    0.5299   -0.5150
    0.3989    0.8475    0.3502
    0.6220    0.0305   -0.7824
...   111 G-C ...
  -79.0668   38.8406   50.2292
   -0.3709    0.9127   -0.1715
    0.7210    0.3994    0.5663
    0.5853    0.0864   -0.8062
...   112 C-G ...
  -77.4678   39.0849   47.2944
    0.0788    0.9747    0.2091
    0.8068   -0.1856    0.5610
    0.5856    0.1245   -0.8010
...   113 T-A ...
  -75.7331   39.7127   44.5090
    0.4760    0.7025    0.5290
    0.6388   -0.6897    0.3411
    0.6045    0.1756   -0.7770
...   114 C-G ...
  -73.7545   40.3657   41.9511
    0.7430    0.1346    0.6556
    0.2232   -0.9733   -0.0532
    0.6310    0.1859   -0.7532
...   115 G-C ...
  -71.4958   40.5694   39.4257
    0.6586   -0.4720    0.5861
   -0.2234   -0.8664   -0.4467
    0.7186    0.1633   -0.6760
...   116 T-A ...
  -68.8544   41.4791   37.6300
    0.4095   -0.8703    0.2737
   -0.5362   -0.4723   -0.6996
    0.7381    0.1398   -0.6600
...   117 A-T ...
  -66.6121   41.8106   35.0996
   -0.0391   -0.9715   -0.2338
   -0.6627    0.2004   -0.7216
    0.7478    0.1267   -0.6517
...   118 T-A ...
  -63.7625   41.8932   33.4200
   -0.3727   -0.7221   -0.5828
   -0.5424    0.6791   -0.4946
    0.7530    0.1317   -0.6448
...   119 A-T ...
  -61.4004   42.7717   31.1153
   -0.6138   -0.0899   -0.7844
   -0.1655    0.9861    0.0165
    0.7719    0.1400   -0.6201
...   120 A-T ...
  -58.8800   42.9520   29.0478
   -0.5681    0.5181   -0.6393
    0.2218    0.8446    0.4873
    0.7925    0.1351   -0.5948
...   121 T-A ...
  -56.5461   42.9089   26.6934
   -0.3589    0.8852   -0.2959
    0.4796    0.4469    0.7552
    0.8008    0.1291   -0.5849
...   122 G-C ...
  -53.7619   43.4924   24.9123
   -0.0776    0.9624    0.2603
    0.6080   -0.1613    0.7774
    0.7901    0.2186   -0.5727
...   123 T-A ...
  -51.5559   44.4828   22.6261
    0.2311    0.7150    0.6598
    0.5511   -0.6551    0.5169
    0.8018    0.2441   -0.5454
...   124 G-C ...
  -48.7009   45.2184   21.0116
    0.4136    0.1683    0.8948
    0.3361   -0.9416    0.0218
    0.8461    0.2918   -0.4460
...   125 T-A ...
  -46.0463   46.7511   19.7743
    0.4905   -0.3755    0.7864
    0.0728   -0.8816   -0.4663
    0.8684    0.2860   -0.4051
...   126 C-G ...
  -43.1130   47.6570   18.6007
    0.4016   -0.8408    0.3630
   -0.2111   -0.4707   -0.8567
    0.8912    0.2674   -0.3665
...   127 G-C ...
  -40.1241   48.1493   17.0648
    0.1235   -0.9774   -0.1713
   -0.3426    0.1200   -0.9318
    0.9313    0.1738   -0.3201
...   128 A-T ...
  -36.9957   48.5756   16.0575
   -0.1175   -0.6995   -0.7049
   -0.3259    0.6977   -0.6380
    0.9381    0.1547   -0.3099
...   129 C-G ...
  -33.7273   48.4853   15.2594
   -0.2768   -0.2026   -0.9393
   -0.1989    0.9684   -0.1503
    0.9401    0.1453   -0.3084
...   130 C-G ...
  -30.5404   48.7005   14.0776
   -0.3872    0.3794   -0.8403
    0.0052    0.9123    0.4095
    0.9220    0.1541   -0.3552
...   131 A-T ...
  -27.4169   49.4281   13.1046
   -0.3683    0.8397   -0.3991
    0.2350    0.4994    0.8339
    0.8995    0.2134   -0.3813
...   132 A-T ...
  -24.5619   50.0303   11.6604
   -0.1573    0.9734    0.1667
    0.3881   -0.0943    0.9168
    0.9081    0.2089   -0.3629
...   133 A-T ...
  -21.7053   50.7852   10.3173
    0.0770    0.7316    0.6774
    0.4001   -0.6449    0.6511
    0.9132    0.2209   -0.3424
...   134 T-A ...
  -19.0083   52.0401    8.9383
    0.2450    0.2904    0.9250
    0.3072   -0.9282    0.2101
    0.9196    0.2327   -0.3167
...   135 G-C ...
  -16.4569   53.8979    7.5290
    0.5336   -0.3334    0.7773
    0.0348   -0.9096   -0.4140
    0.8450    0.2479   -0.4738
...   136 T-A ...
  -14.1681   56.5697    6.1948
    0.5795   -0.7269    0.3684
   -0.3140   -0.6163   -0.7222
    0.7521    0.3028   -0.5854
...   137 G-C ...
  -11.6469   58.0146    4.7336
    0.2454   -0.9541   -0.1717
   -0.6318   -0.0231   -0.7748
    0.7352    0.2986   -0.6085
...   138 A-T ...
   -8.6698   58.7288    3.6170
   -0.0344   -0.7815   -0.6230
   -0.6534    0.4892   -0.5777
    0.7562    0.3872   -0.5274
...   139 G-C ...
   -6.3211   59.0878    1.6440
   -0.2967   -0.3277   -0.8970
   -0.5657    0.8170   -0.1114
    0.7694    0.4744   -0.4278
...   140 C-G ...
   -3.4296   60.2436    1.0434
   -0.4424    0.2288   -0.8671
   -0.1682    0.9286    0.3309
    0.8809    0.2922   -0.3723
...   141 G-C ...
   -0.6893   63.9062   -2.2357
   -0.9992    0.0156   -0.0375
   -0.0024    0.8991    0.4378
    0.0405    0.4375   -0.8983
...   142 C-G ...
   -0.9980   65.6136   -4.9250
   -0.8337    0.5217    0.1810
    0.5169    0.6220    0.5881
    0.1942    0.5839   -0.7882
...   143 T-A ...
   -0.1244   66.2249   -7.8042
   -0.3751    0.8568    0.3538
    0.8856    0.2185    0.4098
    0.2739    0.4670   -0.8408
...   144 C-G ...
   -0.1580   67.4196  -10.7922
    0.1799    0.8792    0.4411
    0.9276   -0.3009    0.2214
    0.3274    0.3694   -0.8697
...   145 A-T ...
    0.5353   69.2486  -13.4514
    0.7352    0.4961    0.4620
    0.6117   -0.7791   -0.1369
    0.2921    0.3832   -0.8763
...   146 C-G ...
    1.4421   72.1063  -15.5859
    0.9808    0.0622    0.1849
    0.1266   -0.9240   -0.3608
    0.1484    0.3773   -0.9141
...   147 A-T ...
    2.3150   74.2409  -18.3715
    0.8657   -0.4292   -0.2574
   -0.4984   -0.7868   -0.3642
   -0.0462    0.4436   -0.8950
