  147 base-pairs
...     1 A-T ...
    0.0000    0.0000    0.0000
    1.0000    0.0000    0.0000
    0.0000    1.0000    0.0000
    0.0000    0.0000    1.0000
...     2 G-C ...
   -0.1394   -1.2357    3.2268
    0.7529    0.6366    0.1670
   -0.6386    0.7680   -0.0486
   -0.1592   -0.0700    0.9848
...     3 T-A ...
   -0.0365   -3.2932    6.3751
    0.2722    0.9301    0.2466
   -0.9238    0.3243   -0.2033
   -0.2691   -0.1725    0.9475
...     4 G-C ...
   -0.3505   -4.1660    9.4928
   -0.3756    0.9250    0.0579
   -0.8781   -0.3352   -0.3415
   -0.2965   -0.1791    0.9381
...     5 A-T ...
   -0.4462   -4.1476   12.7498
   -0.8116    0.5840   -0.0165
   -0.5523   -0.7762   -0.3042
   -0.1905   -0.2378    0.9524
...     6 G-C ...
   -1.5908   -4.1730   15.6201
   -0.9976    0.0246   -0.0651
   -0.0043   -0.9555   -0.2950
   -0.0695   -0.2940    0.9533
...     7 C-G ...
   -1.1030   -4.4824   18.7362
   -0.8441   -0.5304   -0.0787
    0.5345   -0.8441   -0.0432
   -0.0435   -0.0785    0.9960
...     8 G-C ...
   -2.4028   -7.7290   23.1475
   -0.2754   -0.3293   -0.9032
    0.6650   -0.7437    0.0684
   -0.6942   -0.5818    0.4238
...     9 C-G ...
   -4.4690   -9.9728   24.1132
    0.1145   -0.7025   -0.7024
    0.8512   -0.2952    0.4340
   -0.5122   -0.6476    0.5642
...    10 T-A ...
   -6.7405  -10.8752   25.9697
    0.4841   -0.8363   -0.2574
    0.6595    0.1553    0.7355
   -0.5751   -0.5258    0.6267
...    11 C-G ...
   -9.1656  -12.6208   27.1640
    0.7073   -0.6682    0.2307
    0.3448    0.6110    0.7126
   -0.6171   -0.4245    0.6626
...    12 A-T ...
  -10.9234  -14.6633   29.0693
    0.7515   -0.1377    0.6452
   -0.2029    0.8824    0.4246
   -0.6277   -0.4500    0.6352
...    13 C-G ...
  -11.8476  -17.4863   31.2451
    0.4295    0.2823    0.8578
   -0.5708    0.8209    0.0156
   -0.6998   -0.4963    0.5137
...    14 A-T ...
  -13.5897  -19.7827   33.4259
   -0.1504    0.6104    0.7777
   -0.6874    0.5008   -0.5260
   -0.7106   -0.6136    0.3443
...    15 A-T ...
  -15.7343  -21.8942   34.6903
   -0.5520    0.7721    0.3150
   -0.4488    0.0434   -0.8926
   -0.7028   -0.6341    0.3226
...    16 T-A ...
  -17.8035  -23.8629   36.3630
   -0.7109    0.6740   -0.2008
   -0.0850   -0.3657   -0.9268
   -0.6982   -0.6418    0.3173
...    17 T-A ...
  -20.0734  -25.8535   37.5841
   -0.6256    0.3190   -0.7120
    0.3617   -0.6900   -0.6270
   -0.6912   -0.6498    0.3162
...    18 T-A ...
  -22.4265  -27.8059   38.7003
   -0.2887   -0.1551   -0.9448
    0.6656   -0.7419   -0.0816
   -0.6883   -0.6523    0.3174
...    19 A-T ...
  -24.4409  -30.3184   39.8211
    0.2243   -0.5934   -0.7730
    0.6881   -0.4653    0.5568
   -0.6901   -0.6568    0.3039
...    20 T-A ...
  -27.0757  -32.2636   40.2828
    0.5508   -0.7510   -0.3642
    0.4665   -0.0848    0.8805
   -0.6921   -0.6548    0.3036
...    21 T-A ...
  -29.4089  -34.4164   41.0279
    0.7099   -0.6631    0.2374
    0.0472    0.3810    0.9234
   -0.7028   -0.6442    0.3018
...    22 C-G ...
  -31.6763  -36.6432   41.9687
    0.6020   -0.2767    0.7491
   -0.4047    0.7029    0.5849
   -0.6884   -0.6552    0.3111
...    23 G-C ...
  -34.1736  -38.5703   43.2484
    0.3101    0.2516    0.9168
   -0.6974    0.7156    0.0395
   -0.6461   -0.6516    0.3973
...    24 C-G ...
  -35.9943  -40.9997   44.6738
   -0.1149    0.6402    0.7596
   -0.7534    0.4423   -0.4867
   -0.6475   -0.6282    0.4314
...    25 A-T ...
  -38.3864  -43.0084   45.9369
   -0.4839    0.8309    0.2744
   -0.5481   -0.0434   -0.8353
   -0.6822   -0.5547    0.4764
...    26 A-T ...
  -40.5251  -44.7400   47.6707
   -0.7137    0.6441   -0.2751
   -0.1551   -0.5284   -0.8347
   -0.6831   -0.5531    0.4770
...    27 A-T ...
  -42.7760  -46.3692   49.3628
   -0.6682    0.2030   -0.7158
    0.2958   -0.8103   -0.5059
   -0.6827   -0.5498    0.4814
...    28 G-C ...
  -45.2473  -47.9583   50.9589
   -0.3526   -0.2553   -0.9003
    0.6043   -0.7967   -0.0107
   -0.7145   -0.5478    0.4352
...    29 G-C ...
  -47.8852  -49.7184   52.1791
    0.1029   -0.6304   -0.7694
    0.6751   -0.5238    0.5195
   -0.7305   -0.5728    0.3717
...    30 C-G ...
  -50.5569  -51.5661   53.0481
    0.4898   -0.8014   -0.3433
    0.4860   -0.0760    0.8707
   -0.7238   -0.5933    0.3523
...    31 C-G ...
  -53.0356  -53.7199   53.9620
    0.7240   -0.6614    0.1958
    0.1068    0.3879    0.9155
   -0.6815   -0.6419    0.3515
...    32 G-C ...
  -55.3499  -55.6778   55.5073
    0.7104   -0.2430    0.6605
   -0.3433    0.6996    0.6266
   -0.6144   -0.6719    0.4136
...    33 G-C ...
  -57.2971  -58.1548   56.7939
    0.4428    0.2549    0.8596
   -0.6864    0.7132    0.1421
   -0.5768   -0.6530    0.4908
...    34 C-G ...
  -58.8593  -60.5909   58.4630
    0.0139    0.6487    0.7609
   -0.8179    0.4451   -0.3645
   -0.5752   -0.6173    0.5368
...    35 C-G ...
  -60.5932  -62.6644   60.5020
   -0.3866    0.8462    0.3668
   -0.7001   -0.0104   -0.7140
   -0.6004   -0.5328    0.5964
...    36 C-G ...
  -62.5684  -64.2214   62.7578
   -0.6530    0.7409   -0.1573
   -0.3869   -0.5048   -0.7716
   -0.6511   -0.4430    0.6163
...    37 G-C ...
  -65.0761  -65.7796   64.4553
   -0.6829    0.3512   -0.6406
    0.0173   -0.8688   -0.4948
   -0.7303   -0.3490    0.5873
...    38 A-T ...
  -67.6120  -66.8246   66.3143
   -0.5168   -0.2522   -0.8181
    0.4107   -0.9115    0.0215
   -0.7512   -0.3249    0.5746
...    39 C-G ...
  -70.4780  -67.4004   67.9758
   -0.2030   -0.7125   -0.6717
    0.6129   -0.6274    0.4803
   -0.7636   -0.3142    0.5641
...    40 A-T ...
  -72.7886  -68.6635   70.0575
    0.2455   -0.9355   -0.2541
    0.5936   -0.0621    0.8023
   -0.7664   -0.3478    0.5401
...    41 C-G ...
  -75.6468  -69.9566   71.3065
    0.5320   -0.8137    0.2344
    0.3618    0.4687    0.8059
   -0.7656   -0.3439    0.5437
...    42 G-C ...
  -78.1753  -70.7513   73.4399
    0.7052   -0.3473    0.6182
   -0.0110    0.8664    0.4993
   -0.7090   -0.3589    0.6071
...    43 A-T ...
  -80.5835  -71.9783   75.3384
    0.5803    0.2647    0.7702
   -0.4231    0.9060    0.0074
   -0.6959   -0.3302    0.6378
...    44 C-G ...
  -82.5097  -73.5552   77.5229
    0.2951    0.7281    0.6187
   -0.6687    0.6199   -0.4105
   -0.6825   -0.2926    0.6698
...    45 T-A ...
  -84.5340  -74.5316   79.9709
   -0.0496    0.9726    0.2273
   -0.7388    0.1174   -0.6637
   -0.6721   -0.2008    0.7127
...    46 T-A ...
  -86.5946  -75.0873   82.4017
   -0.4371    0.8692   -0.2311
   -0.5873   -0.4704   -0.6586
   -0.6812   -0.1521    0.7161
...    47 A-T ...
  -89.0965  -75.6058   84.6031
   -0.6598    0.3976   -0.6376
   -0.2274   -0.9144   -0.3349
   -0.7162   -0.0759    0.6938
...    48 C-G ...
  -91.4918  -75.1622   86.8866
   -0.6654   -0.1651   -0.7280
    0.1421   -0.9854    0.0935
   -0.7328   -0.0412    0.6792
...    49 T-A ...
  -94.1508  -75.0528   88.9231
   -0.4581   -0.6912   -0.5589
    0.4563   -0.7225    0.5195
   -0.7629   -0.0170    0.6463
...    50 G-C ...
  -96.4981  -75.4441   91.2905
   -0.0648   -0.9908   -0.1192
    0.6224   -0.1335    0.7712
   -0.7800   -0.0242    0.6253
...    51 T-A ...
  -99.4926  -75.6078   92.8820
    0.2826   -0.8966    0.3410
    0.5647    0.4429    0.6964
   -0.7754   -0.0042    0.6315
...    52 A-T ...
 -101.9094  -74.8875   95.2657
    0.5364   -0.3340    0.7751
    0.2614    0.9389    0.2237
   -0.8025    0.0826    0.5909
...    53 G-C ...
 -104.6178  -74.8488   97.2332
    0.6460    0.2415    0.7241
   -0.0582    0.9615   -0.2688
   -0.7611    0.1315    0.6352
...    54 G-C ...
 -107.2124  -74.6313   99.4141
    0.5878    0.7201    0.3686
   -0.4005    0.6549   -0.6408
   -0.7029    0.2290    0.6734
...    55 T-A ...
 -109.1120  -74.0820  102.0415
    0.3325    0.9396   -0.0816
   -0.6549    0.1678   -0.7368
   -0.6786    0.2984    0.6712
...    56 A-T ...
 -111.2902  -72.8074  104.2503
   -0.0033    0.7996   -0.6005
   -0.7652   -0.3886   -0.5133
   -0.6438    0.4578    0.6132
...    57 T-A ...
 -112.8682  -70.8961  106.3834
   -0.3769    0.4699   -0.7982
   -0.6700   -0.7333   -0.1154
   -0.6395    0.4914    0.5912
...    58 C-G ...
 -115.0668  -69.1081  108.0642
   -0.6911   -0.0850   -0.7177
   -0.3402   -0.8379    0.4268
   -0.6377    0.5391    0.5502
...    59 T-A ...
 -117.2818  -67.0792  109.5476
   -0.7521   -0.5526   -0.3591
    0.0695   -0.6084    0.7906
   -0.6554    0.5697    0.4960
...    60 C-G ...
 -119.5917  -65.2109  111.0607
   -0.5658   -0.7899    0.2364
    0.5164   -0.1159    0.8485
   -0.6428    0.6021    0.4735
...    61 G-C ...
 -121.3825  -63.1079  113.0506
   -0.1228   -0.7014    0.7022
    0.7572    0.3912    0.5231
   -0.6415    0.5959    0.4831
...    62 A-T ...
 -123.5844  -61.0402  114.4556
    0.3717   -0.2946    0.8804
    0.6930    0.7191   -0.0519
   -0.6178    0.6294    0.4714
...    63 G-C ...
 -125.7953  -59.1016  116.0567
    0.7327    0.1208    0.6698
    0.3908    0.7311   -0.5593
   -0.5572    0.6715    0.4884
...    64 C-G ...
 -127.8372  -57.1851  117.8818
    0.8650    0.4586    0.2038
   -0.0720    0.5153   -0.8540
   -0.4967    0.7240    0.4788
...    65 T-A ...
 -129.2860  -54.8093  119.6852
    0.7417    0.5740   -0.3469
   -0.5336    0.1918   -0.8237
   -0.4063    0.7961    0.4486
...    66 C-G ...
 -130.4878  -52.1201  121.0913
    0.3188    0.4983   -0.8062
   -0.8803   -0.1596   -0.4467
   -0.3513    0.8522    0.3878
...    67 G-C ...
 -131.8225  -49.0874  121.8622
   -0.1821    0.1795   -0.9667
   -0.9406   -0.3182    0.1181
   -0.2864    0.9309    0.2268
...    68 G-C ...
 -132.6649  -45.7891  121.9589
   -0.6556   -0.1104   -0.7470
   -0.7016   -0.2765    0.6567
   -0.2790    0.9547    0.1038
...    69 G-C ...
 -133.8131  -42.5746  121.7151
   -0.9270   -0.2919   -0.2357
   -0.2206   -0.0840    0.9717
   -0.3034    0.9528    0.0134
...    70 A-T ...
 -134.9380  -39.4239  121.5998
   -0.8680   -0.2445    0.4323
    0.4086    0.1434    0.9014
   -0.2824    0.9590   -0.0246
...    71 T-A ...
 -136.2444  -36.4090  120.9205
   -0.5218   -0.0675    0.8504
    0.8190    0.2394    0.5215
   -0.2388    0.9686   -0.0696
...    72 C-G ...
 -137.0761  -33.1903  120.5227
    0.1112    0.1250    0.9859
    0.9718    0.1941   -0.1342
   -0.2081    0.9730   -0.0999
...    73 C-G ...
 -138.0311  -29.9428  120.0396
    0.6656    0.1508    0.7309
    0.7338    0.0467   -0.6778
   -0.1363    0.9875   -0.0795
...    74 G-C ...
 -138.3953  -26.6500  119.1789
    0.9779    0.0144    0.2086
    0.2090   -0.1019   -0.9726
    0.0073    0.9947   -0.1027
...    75 C-G ...
 -138.3985  -23.3298  119.2586
    0.9250   -0.1287   -0.3576
   -0.3715   -0.1079   -0.9222
    0.0801    0.9858   -0.1476
...    76 T-A ...
 -137.7944  -20.0997  118.8671
    0.5629   -0.2841   -0.7762
   -0.8083    0.0072   -0.5888
    0.1728    0.9588   -0.2256
...    77 T-A ...
 -137.0321  -17.0686  118.0665
   -0.0141   -0.2922   -0.9563
   -0.9792    0.1976   -0.0460
    0.2024    0.9357   -0.2889
...    78 T-A ...
 -136.1912  -14.1423  116.9639
   -0.5861   -0.1501   -0.7962
   -0.7812    0.3656    0.5061
    0.2151    0.9186   -0.3315
...    79 A-T ...
 -135.7581  -10.9202  115.9685
   -0.9499    0.1358   -0.2816
   -0.2027    0.4181    0.8855
    0.2380    0.8982   -0.3696
...    80 A-T ...
 -134.9845   -8.1293  114.4402
   -0.8614    0.4210    0.2843
    0.4131    0.2547    0.8743
    0.2956    0.8706   -0.3933
...    81 C-G ...
 -134.4088   -5.3313  112.6031
   -0.4790    0.5149    0.7109
    0.8230   -0.0181    0.5677
    0.3052    0.8571   -0.4151
...    82 A-T ...
 -132.9248   -2.6456  111.2695
    0.1304    0.3771    0.9170
    0.9366   -0.3502    0.0109
    0.3252    0.8574   -0.3988
...    83 C-G ...
 -132.3878    0.4179  110.0074
    0.6211    0.1176    0.7748
    0.7026   -0.5216   -0.4841
    0.3473    0.8450   -0.4066
...    84 T-A ...
 -131.3094    3.3463  108.8312
    0.8794   -0.2449    0.4082
    0.2363   -0.5198   -0.8210
    0.4132    0.8185   -0.3992
...    85 T-A ...
 -129.9639    6.0534  107.6751
    0.8351   -0.5363   -0.1228
   -0.3214   -0.2943   -0.9001
    0.4465    0.7911   -0.4181
...    86 T-A ...
 -128.3793    8.5701  106.4195
    0.4719   -0.6580   -0.5868
   -0.7372    0.0704   -0.6719
    0.4835    0.7497   -0.4519
...    87 A-T ...
 -126.5645   10.8104  104.7142
   -0.1149   -0.6075   -0.7860
   -0.8436    0.4774   -0.2457
    0.5245    0.6349   -0.5673
...    88 T-A ...
 -124.3723   12.3743  102.8438
   -0.5437   -0.2925   -0.7867
   -0.6541    0.7350    0.1787
    0.5260    0.6117   -0.5909
...    89 G-C ...
 -122.9592   14.4959  100.6486
   -0.8658    0.1525   -0.4765
   -0.1682    0.8083    0.5642
    0.4712    0.5687   -0.6742
...    90 C-G ...
 -121.6176   16.1094   98.0175
   -0.8140    0.5777   -0.0605
    0.3732    0.5999    0.7078
    0.4451    0.5536   -0.7039
...    91 T-A ...
 -120.3956   17.8545   95.4186
   -0.4663    0.8101    0.3553
    0.7787    0.1854    0.5993
    0.4197    0.5562   -0.7173
...    92 C-G ...
 -119.0785   19.6684   92.9579
    0.1260    0.7572    0.6410
    0.8949   -0.3656    0.2560
    0.4282    0.5413   -0.7236
...    93 A-T ...
 -117.3313   21.1422   90.4976
    0.6244    0.3447    0.7009
    0.6234   -0.7606   -0.1812
    0.4707    0.5501   -0.6898
...    94 T-A ...
 -116.1197   23.4555   88.4698
    0.8602   -0.1036    0.4992
    0.1952   -0.8377   -0.5101
    0.4710    0.5363   -0.7004
...    95 G-C ...
 -114.4509   24.9677   85.9711
    0.7520   -0.6337    0.1816
   -0.3452   -0.6132   -0.7105
    0.5615    0.4716   -0.6799
...    96 T-A ...
 -112.2324   26.6594   84.2072
    0.4177   -0.8886   -0.1896
   -0.6937   -0.1772   -0.6981
    0.5867    0.4231   -0.6904
...    97 T-A ...
 -110.1682   27.9396   82.0657
   -0.0829   -0.8423   -0.5326
   -0.8003    0.3748   -0.4681
    0.5939    0.3874   -0.7051
...    98 A-T ...
 -108.3221   29.1331   79.5157
   -0.5996   -0.4637   -0.6523
   -0.5559    0.8276   -0.0774
    0.5758    0.3162   -0.7540
...    99 T-A ...
 -106.2303   29.4970   76.9877
   -0.8016    0.0342   -0.5969
   -0.1555    0.9521    0.2634
    0.5773    0.3039   -0.7578
...   100 A-T ...
 -104.2524   30.8691   74.5796
   -0.6915    0.6576   -0.2990
    0.4155    0.7007    0.5800
    0.5909    0.2769   -0.7577
...   101 A-T ...
 -102.4885   31.5844   71.9218
   -0.2791    0.9575    0.0730
    0.7419    0.1667    0.6495
    0.6097    0.2354   -0.7569
...   102 C-G ...
 -100.9857   32.3934   69.0222
    0.1721    0.8918    0.4184
    0.7742   -0.3851    0.5023
    0.6090    0.2375   -0.7568
...   103 G-C ...
  -98.6128   32.8494   66.6389
    0.5435    0.4744    0.6925
    0.5225   -0.8369    0.1633
    0.6570    0.2731   -0.7027
...   104 G-C ...
  -96.5030   33.9353   64.2229
    0.6885   -0.1028    0.7179
    0.1193   -0.9604   -0.2519
    0.7153    0.2591   -0.6490
...   105 A-T ...
  -94.1682   34.8323   62.0894
    0.5893   -0.6704    0.4508
   -0.3218   -0.7066   -0.6302
    0.7411    0.2263   -0.6321
...   106 T-A ...
  -91.4594   35.8608   60.5430
    0.3263   -0.9424    0.0739
   -0.5784   -0.2609   -0.7729
    0.7477    0.2094   -0.6302
...   107 T-A ...
  -88.8923   36.4858   58.6625
   -0.0852   -0.9231   -0.3751
   -0.6542    0.3357   -0.6777
    0.7515    0.1876   -0.6325
...   108 C-G ...
  -86.4049   36.8934   56.5490
   -0.4876   -0.5429   -0.6837
   -0.4516    0.8271   -0.3347
    0.7472    0.1455   -0.6484
...   109 C-G ...
  -83.9611   36.9658   54.1892
   -0.7083    0.0065   -0.7058
   -0.0668    0.9949    0.0762
    0.7027    0.1011   -0.7043
...   110 G-C ...
  -81.7163   37.6931   51.7599
   -0.6689    0.5760   -0.4699
    0.3889    0.8099    0.4391
    0.6334    0.1110   -0.7658
...   111 G-C ...
  -79.7990   37.9419   48.9578
   -0.3700    0.9247   -0.0900
    0.7110    0.3441    0.6132
    0.5980    0.1629   -0.7847
...   112 C-G ...
  -78.1428   38.4479   46.0876
    0.0763    0.9513    0.2988
    0.7968   -0.2383    0.5552
    0.5994    0.1958   -0.7762
...   113 T-A ...
  -76.3603   39.3049   43.3963
    0.4696    0.6511    0.5963
    0.6296   -0.7204    0.2908
    0.6189    0.2389   -0.7483
...   114 C-G ...
  -74.3446   40.1497   40.9262
    0.7317    0.0735    0.6776
    0.2177   -0.9673   -0.1301
    0.6459    0.2427   -0.7238
...   115 G-C ...
  -72.0584   40.5338   38.4527
    0.6422   -0.5228    0.5606
   -0.2229   -0.8271   -0.5160
    0.7334    0.2064   -0.6477
...   116 T-A ...
  -69.3744   41.5377   36.7873
    0.3941   -0.8928    0.2184
   -0.5261   -0.4139   -0.7429
    0.7536    0.1778   -0.6328
...   117 A-T ...
  -67.0321   41.9902   34.3868
   -0.0485   -0.9570   -0.2858
   -0.6414    0.2492   -0.7256
    0.7657    0.1481   -0.6259
...   118 T-A ...
  -64.1456   42.1030   32.7807
   -0.3709   -0.6864   -0.6256
   -0.5189    0.7118   -0.4734
    0.7702    0.1490   -0.6202
...   119 A-T ...
  -61.7101   42.9761   30.5707
   -0.6025   -0.0522   -0.7964
   -0.1504    0.9874    0.0491
    0.7838    0.1494   -0.6028
...   120 A-T ...
  -59.1583   43.1818   28.5463
   -0.5507    0.5475   -0.6300
    0.2274    0.8247    0.5178
    0.8031    0.1419   -0.5787
...   121 T-A ...
  -56.7908   43.1732   26.2256
   -0.3409    0.8995   -0.2732
    0.4753    0.4157    0.7754
    0.8111    0.1345   -0.5693
...   122 G-C ...
  -53.9741   43.7598   24.5050
   -0.0657    0.9557    0.2869
    0.5943   -0.1935    0.7806
    0.8016    0.2217   -0.5553
...   123 T-A ...
  -51.7205   44.7688   22.2757
    0.2337    0.6932    0.6818
    0.5332   -0.6777    0.5064
    0.8131    0.2452   -0.5280
...   124 G-C ...
  -48.8332   45.4849   20.7191
    0.4052    0.1392    0.9036
    0.3199   -0.9475    0.0025
    0.8564    0.2880   -0.4284
...   125 T-A ...
  -46.1389   46.9979   19.5512
    0.4746   -0.4015    0.7833
    0.0637   -0.8719   -0.4856
    0.8779    0.2804   -0.3882
...   126 C-G ...
  -43.1792   47.8795   18.4336
    0.3834   -0.8547    0.3499
   -0.2086   -0.4492   -0.8687
    0.8997    0.2601   -0.3506
...   127 G-C ...
  -40.1687   48.3535   16.9468
    0.1092   -0.9762   -0.1873
   -0.3307    0.1420   -0.9330
    0.9374    0.1638   -0.3073
...   128 A-T ...
  -37.0251   48.7435   15.9832
   -0.1224   -0.6871   -0.7161
   -0.3085    0.7122   -0.6306
    0.9433    0.1437   -0.2992
...   129 C-G ...
  -33.7549   48.6082   15.2137
   -0.2729   -0.1870   -0.9437
   -0.1825    0.9732   -0.1401
    0.9446    0.1340   -0.2997
...   130 C-G ...
  -30.5550   48.7731   14.0622
   -0.3780    0.3919   -0.8388
    0.0152    0.9085    0.4176
    0.9257    0.1451   -0.3494
...   131 A-T ...
  -27.4219   49.4508   13.0928
   -0.3603    0.8448   -0.3956
    0.2379    0.4933    0.8367
    0.9020    0.2074   -0.3787
...   132 A-T ...
  -24.5630   50.0374   11.6549
   -0.1531    0.9736    0.1694
    0.3872   -0.0987    0.9167
    0.9092    0.2059   -0.3619
...   133 A-T ...
  -21.7055   50.7868   10.3150
    0.0776    0.7307    0.6783
    0.3990   -0.6462    0.6505
    0.9137    0.2201   -0.3417
...   134 T-A ...
  -19.0083   52.0402    8.9384
    0.2450    0.2904    0.9250
    0.3072   -0.9282    0.2101
    0.9196    0.2327   -0.3167
...   135 G-C ...
  -16.4569   53.8981    7.5291
    0.5336   -0.3334    0.7773
    0.0348   -0.9096   -0.4140
    0.8450    0.2479   -0.4738
...   136 T-A ...
  -14.1681   56.5698    6.1949
    0.5795   -0.7269    0.3684
   -0.3140   -0.6163   -0.7222
    0.7521    0.3028   -0.5854
...   137 G-C ...
  -11.6469   58.0147    4.7337
    0.2454   -0.9541   -0.1717
   -0.6318   -0.0231   -0.7748
    0.7352    0.2986   -0.6085
...   138 A-T ...
   -8.6698   58.7289    3.6171
   -0.0344   -0.7815   -0.6230
   -0.6534    0.4892   -0.5777
    0.7562    0.3872   -0.5274
...   139 G-C ...
   -6.3211   59.0880    1.6441
   -0.2967   -0.3277   -0.8970
   -0.5657    0.8170   -0.1114
    0.7694    0.4744   -0.4278
...   140 C-G ...
   -3.4296   60.2437    1.0435
   -0.4424    0.2288   -0.8671
   -0.1682    0.9286    0.3309
    0.8809    0.2922   -0.3723
...   141 G-C ...
   -0.6893   63.9063   -2.2356
   -0.9992    0.0156   -0.0375
   -0.0024    0.8991    0.4378
    0.0405    0.4375   -0.8983
...   142 C-G ...
   -0.9980   65.6137   -4.9249
   -0.8337    0.5217    0.1810
    0.5169    0.6220    0.5881
    0.1942    0.5839   -0.7882
...   143 T-A ...
   -0.1244   66.2250   -7.8041
   -0.3751    0.8568    0.3538
    0.8856    0.2185    0.4098
    0.2739    0.4670   -0.8408
...   144 C-G ...
   -0.1580   67.4197  -10.7921
    0.1799    0.8792    0.4411
    0.9276   -0.3009    0.2214
    0.3274    0.3694   -0.8697
...   145 A-T ...
    0.5353   69.2487  -13.4513
    0.7352    0.4961    0.4620
    0.6117   -0.7791   -0.1369
    0.2921    0.3832   -0.8763
...   146 C-G ...
    1.4421   72.1064  -15.5858
    0.9808    0.0622    0.1849
    0.1266   -0.9240   -0.3608
    0.1484    0.3773   -0.9141
...   147 A-T ...
    2.3150   74.2410  -18.3714
    0.8657   -0.4292   -0.2574
   -0.4984   -0.7868   -0.3642
   -0.0462    0.4436   -0.8950
