  147 base-pairs
...     1 A-T ...
    0.0000    0.0000    0.0000
    1.0000    0.0000    0.0000
    0.0000    1.0000    0.0000
    0.0000    0.0000    1.0000
...     2 G-C ...
   -0.1394   -1.2357    3.2268
    0.7529    0.6366    0.1670
   -0.6386    0.7680   -0.0486
   -0.1592   -0.0700    0.9848
...     3 T-A ...
   -0.0365   -3.2932    6.3751
    0.2722    0.9301    0.2466
   -0.9238    0.3243   -0.2033
   -0.2691   -0.1725    0.9475
...     4 G-C ...
   -0.3505   -4.1660    9.4928
   -0.3756    0.9250    0.0579
   -0.8781   -0.3352   -0.3415
   -0.2965   -0.1791    0.9381
...     5 A-T ...
   -0.4462   -4.1476   12.7498
   -0.8116    0.5840   -0.0165
   -0.5523   -0.7762   -0.3042
   -0.1905   -0.2378    0.9524
...     6 G-C ...
   -1.5908   -4.1730   15.6201
   -0.9976    0.0246   -0.0651
   -0.0043   -0.9555   -0.2950
   -0.0695   -0.2940    0.9533
...     7 C-G ...
   -1.1030   -4.4824   18.7362
   -0.8441   -0.5304   -0.0787
    0.5345   -0.8441   -0.0432
   -0.0435   -0.0785    0.9960
...     8 G-C ...
   -2.4028   -7.7290   23.1475
   -0.2754   -0.3293   -0.9032
    0.6650   -0.7437    0.0684
   -0.6942   -0.5818    0.4238
...     9 C-G ...
   -4.4690   -9.9728   24.1132
    0.1145   -0.7025   -0.7024
    0.8512   -0.2952    0.4340
   -0.5122   -0.6476    0.5642
...    10 T-A ...
   -6.7405  -10.8752   25.9697
    0.4841   -0.8363   -0.2574
    0.6595    0.1553    0.7355
   -0.5751   -0.5258    0.6267
...    11 C-G ...
   -9.1656  -12.6208   27.1640
    0.7073   -0.6682    0.2307
    0.3448    0.6110    0.7126
   -0.6171   -0.4245    0.6626
...    12 A-T ...
  -10.9234  -14.6633   29.0693
    0.7515   -0.1377    0.6452
   -0.2029    0.8824    0.4246
   -0.6277   -0.4500    0.6352
...    13 C-G ...
  -11.8476  -17.4863   31.2451
    0.4295    0.2823    0.8578
   -0.5708    0.8209    0.0156
   -0.6998   -0.4963    0.5137
...    14 A-T ...
  -13.5897  -19.7827   33.4259
   -0.1504    0.6104    0.7777
   -0.6874    0.5008   -0.5260
   -0.7106   -0.6136    0.3443
...    15 A-T ...
  -15.7377  -21.8911   34.6867
   -0.5505    0.7737    0.3136
   -0.4485    0.0426   -0.8927
   -0.7041   -0.6321    0.3235
...    16 T-A ...
  -17.8118  -23.8507   36.3604
   -0.7083    0.6761   -0.2031
   -0.0857   -0.3679   -0.9259
   -0.7007   -0.6384    0.3185
...    17 T-A ...
  -20.0920  -25.8290   37.5792
   -0.6223    0.3200   -0.7144
    0.3591   -0.6942   -0.6238
   -0.6955   -0.6447    0.3171
...    18 T-A ...
  -22.4588  -27.7648   38.6934
   -0.2868   -0.1578   -0.9449
    0.6608   -0.7467   -0.0758
   -0.6936   -0.6462    0.3184
...    19 A-T ...
  -24.4731  -30.2772   39.8321
    0.2221   -0.6056   -0.7641
    0.6820   -0.4636    0.5657
   -0.6968   -0.6468    0.3100
...    20 T-A ...
  -27.1287  -32.1931   40.3101
    0.5446   -0.7625   -0.3495
    0.4615   -0.0755    0.8839
   -0.7004   -0.6426    0.3107
...    21 T-A ...
  -29.4938  -34.3053   41.0764
    0.6984   -0.6686    0.2555
    0.0460    0.3981    0.9162
   -0.7143   -0.6281    0.3088
...    22 C-G ...
  -31.8099  -36.4751   42.0391
    0.5895   -0.2708    0.7610
   -0.3983    0.7222    0.5655
   -0.7027   -0.6365    0.3179
...    23 G-C ...
  -34.3697  -38.3214   43.3156
    0.3036    0.2667    0.9147
   -0.6822    0.7310    0.0133
   -0.6651   -0.6281    0.4039
...    24 C-G ...
  -36.2650  -40.6811   44.7610
   -0.1102    0.6615    0.7418
   -0.7355    0.4477   -0.5085
   -0.6685   -0.6016    0.4372
...    25 A-T ...
  -38.7206  -42.6039   46.0375
   -0.4646    0.8509    0.2451
   -0.5366   -0.0503   -0.8424
   -0.7044   -0.5229    0.4799
...    26 A-T ...
  -40.9375  -44.2255   47.7753
   -0.6876    0.6590   -0.3047
   -0.1588   -0.5460   -0.8226
   -0.7085   -0.5172    0.4801
...    27 A-T ...
  -43.2719  -45.7318   49.4641
   -0.6467    0.2072   -0.7341
    0.2750   -0.8343   -0.4778
   -0.7115   -0.5108    0.4825
...    28 G-C ...
  -45.8335  -47.1821   51.0475
   -0.3439   -0.2671   -0.9002
    0.5721   -0.8198    0.0247
   -0.7446   -0.5065    0.4347
...    29 G-C ...
  -48.5681  -48.8087   52.2388
    0.0932   -0.6574   -0.7478
    0.6398   -0.5359    0.5508
   -0.7629   -0.5298    0.3707
...    30 C-G ...
  -51.3344  -50.5234   53.0918
    0.4611   -0.8332   -0.3051
    0.4600   -0.0696    0.8852
   -0.7588   -0.5485    0.3512
...    31 C-G ...
  -53.9269  -52.5359   54.0120
    0.6848   -0.6882    0.2395
    0.0994    0.4139    0.9049
   -0.7219   -0.5959    0.3518
...    32 G-C ...
  -56.3896  -54.3080   55.5532
    0.6738   -0.2548    0.6936
   -0.3263    0.7396    0.5887
   -0.6630   -0.6230    0.4152
...    33 G-C ...
  -58.5276  -56.6212   56.8440
    0.4242    0.2639    0.8663
   -0.6499    0.7549    0.0883
   -0.6307   -0.6004    0.4917
...    34 C-G ...
  -60.2953  -58.9048   58.5259
    0.0219    0.6772    0.7355
   -0.7751    0.4761   -0.4153
   -0.6314   -0.5610    0.5354
...    35 C-G ...
  -62.2270  -60.8057   60.5550
   -0.3479    0.8828    0.3158
   -0.6685    0.0026   -0.7437
   -0.6573   -0.4698    0.5892
...    36 C-G ...
  -64.3836  -62.1512   62.7779
   -0.5941    0.7744   -0.2173
   -0.3846   -0.5108   -0.7689
   -0.7065   -0.3733    0.6013
...    37 G-C ...
  -67.0685  -63.4534   64.4166
   -0.6231    0.3709   -0.6886
   -0.0213   -0.8882   -0.4590
   -0.7818   -0.2713    0.5614
...    38 A-T ...
  -69.7702  -64.2328   66.1657
   -0.4903   -0.2482   -0.8355
    0.3388   -0.9375    0.0796
   -0.8030   -0.2441    0.5437
...    39 C-G ...
  -72.7572  -64.5229   67.6781
   -0.2197   -0.7234   -0.6545
    0.5349   -0.6504    0.5393
   -0.8158   -0.2316    0.5299
...    40 A-T ...
  -75.2715  -65.5272   69.6618
    0.1847   -0.9621   -0.2005
    0.5385   -0.0716    0.8396
   -0.8221   -0.2631    0.5049
...    41 C-G ...
  -78.2959  -66.5390   70.7804
    0.4485   -0.8410    0.3026
    0.3483    0.4763    0.8074
   -0.8231   -0.2567    0.5065
...    42 G-C ...
  -81.0063  -67.0157   72.7807
    0.6293   -0.3712    0.6828
    0.0272    0.8886    0.4579
   -0.7767   -0.2696    0.5693
...    43 A-T ...
  -83.6438  -67.9436   74.5433
    0.5418    0.2572    0.8002
   -0.3445    0.9363   -0.0677
   -0.7667   -0.2390    0.5959
...    44 C-G ...
  -85.8602  -69.2415   76.6373
    0.3064    0.7341    0.6060
   -0.5799    0.6488   -0.4927
   -0.7549   -0.2005    0.6245
...    45 T-A ...
  -88.1513  -69.9185   78.9480
    0.0147    0.9844    0.1756
   -0.6692    0.1401   -0.7298
   -0.7429   -0.1068    0.6608
...    46 T-A ...
  -90.4483  -70.1715   81.2097
   -0.3387    0.8879   -0.3112
   -0.5679   -0.4567   -0.6848
   -0.7502   -0.0552    0.6589
...    47 A-T ...
  -93.1515  -70.3156   83.2138
   -0.5549    0.4194   -0.7184
   -0.2819   -0.9073   -0.3119
   -0.7827    0.0294    0.6217
...    48 C-G ...
  -95.6958  -69.5244   85.2177
   -0.6027   -0.1444   -0.7848
    0.0356   -0.9874    0.1544
   -0.7972    0.0651    0.6002
...    49 T-A ...
  -98.5225  -69.0529   86.9506
   -0.4618   -0.6770   -0.5730
    0.3268   -0.7305    0.5997
   -0.8246    0.0897    0.5586
...    50 G-C ...
 -101.1432  -69.1004   89.0494
   -0.1462   -0.9860   -0.0798
    0.5179   -0.1450    0.8431
   -0.8429    0.0819    0.5319
...    51 T-A ...
 -104.2972  -68.9050   90.2889
    0.1554   -0.8969    0.4140
    0.5216    0.4304    0.7366
   -0.8389    0.1015    0.5347
...    52 A-T ...
 -106.8739  -67.7828   92.3489
    0.4019   -0.3240    0.8564
    0.3198    0.9261    0.2002
   -0.8580    0.1934    0.4758
...    53 G-C ...
 -109.7949  -67.3661   93.9349
    0.5661    0.2393    0.7888
    0.0655    0.9409   -0.3324
   -0.8217    0.2398    0.5169
...    54 G-C ...
 -112.6287  -66.7675   95.7084
    0.5928    0.6983    0.4011
   -0.2522    0.6340   -0.7310
   -0.7648    0.3322    0.5520
...    55 T-A ...
 -114.8187  -65.8779   98.0019
    0.4164    0.9044   -0.0935
   -0.5313    0.1586   -0.8322
   -0.7378    0.3962    0.5466
...    56 A-T ...
 -117.2019  -64.3070   99.7654
    0.1352    0.7521   -0.6451
   -0.7124   -0.3787   -0.5908
   -0.6886    0.5394    0.4846
...    57 T-A ...
 -118.9245  -62.1529  101.5225
   -0.2293    0.4311   -0.8727
   -0.6956   -0.6997   -0.1629
   -0.6808    0.5697    0.4603
...    58 C-G ...
 -121.2056  -60.1267  102.7618
   -0.5851   -0.0996   -0.8048
   -0.4509   -0.7850    0.4249
   -0.6741    0.6114    0.4144
...    59 T-A ...
 -123.4752  -57.8788  103.7663
   -0.7218   -0.5394   -0.4336
   -0.0846   -0.5530    0.8289
   -0.6869    0.6350    0.3535
...    60 C-G ...
 -125.8729  -55.8043  104.7865
   -0.6365   -0.7467    0.1929
    0.3737   -0.0798    0.9241
   -0.6747    0.6603    0.3299
...    61 G-C ...
 -127.8640  -53.5210  106.3397
   -0.2635   -0.6498    0.7130
    0.6817    0.3975    0.6142
   -0.6825    0.6479    0.3382
...    62 A-T ...
 -130.1714  -51.3063  107.2702
    0.2143   -0.2490    0.9445
    0.7198    0.6939    0.0196
   -0.6603    0.6756    0.3279
...    63 G-C ...
 -132.5361  -49.2081  108.3778
    0.6179    0.1471    0.7723
    0.4989    0.6859   -0.5298
   -0.6076    0.7127    0.3504
...    64 C-G ...
 -134.7760  -47.1266  109.7344
    0.8308    0.4589    0.3149
    0.0795    0.4623   -0.8832
   -0.5509    0.7588    0.3476
...    65 T-A ...
 -136.4497  -44.6214  111.1302
    0.7952    0.5501   -0.2550
   -0.3907    0.1432   -0.9093
   -0.4637    0.8227    0.3288
...    66 C-G ...
 -137.8478  -41.8544  112.1715
    0.4446    0.4541   -0.7721
   -0.7980   -0.1907   -0.5716
   -0.4068    0.8703    0.2776
...    67 G-C ...
 -139.3198  -38.8158  112.5845
   -0.0294    0.1263   -0.9916
   -0.9440   -0.3296   -0.0140
   -0.3286    0.9356    0.1289
...    68 G-C ...
 -140.2037  -35.5338  112.4226
   -0.5282   -0.1631   -0.8333
   -0.7902   -0.2648    0.5527
   -0.3108    0.9504    0.0110
...    69 G-C ...
 -141.3407  -32.3582  111.8701
   -0.8695   -0.3348   -0.3631
   -0.3678   -0.0516    0.9285
   -0.3296    0.9409   -0.0782
...    70 A-T ...
 -142.5237  -29.2625  111.4419
   -0.9152   -0.2684    0.3005
    0.2541    0.1942    0.9475
   -0.3126    0.9435   -0.1096
...    71 T-A ...
 -143.8303  -26.3445  110.4478
   -0.6469   -0.0702    0.7593
    0.7128    0.2982    0.6348
   -0.2710    0.9519   -0.1428
...    72 C-G ...
 -144.7585  -23.1925  109.8345
   -0.0554    0.1537    0.9866
    0.9681    0.2502    0.0154
   -0.2444    0.9559   -0.1626
...    73 C-G ...
 -145.8021  -20.0132  109.1610
    0.5304    0.2097    0.8214
    0.8267    0.0868   -0.5560
   -0.1879    0.9739   -0.1273
...    74 G-C ...
 -146.2140  -16.7586  108.1969
    0.9304    0.0977    0.3532
    0.3619   -0.0927   -0.9276
   -0.0579    0.9909   -0.1217
...    75 C-G ...
 -146.4855  -13.4426  108.1995
    0.9752   -0.0456   -0.2166
   -0.2210   -0.1441   -0.9646
    0.0127    0.9885   -0.1506
...    76 T-A ...
 -146.1342  -10.1636  107.8494
    0.6915   -0.2231   -0.6870
   -0.7144   -0.0704   -0.6962
    0.1070    0.9723   -0.2080
...    77 T-A ...
 -145.5769   -7.0558  107.1603
    0.1455   -0.2751   -0.9503
   -0.9796    0.0944   -0.1773
    0.1385    0.9568   -0.2558
...    78 T-A ...
 -144.9116   -4.0290  106.2109
   -0.4568   -0.1906   -0.8689
   -0.8761    0.2661    0.4021
    0.1546    0.9449   -0.2886
...    79 A-T ...
 -144.6996   -0.7492  105.3407
   -0.9150    0.0353   -0.4018
   -0.3628    0.3636    0.8580
    0.1764    0.9309   -0.3199
...    80 A-T ...
 -144.0784    2.1658  103.9920
   -0.9373    0.2997    0.1778
    0.2626    0.2721    0.9257
    0.2291    0.9144   -0.3337
...    81 C-G ...
 -143.6457    5.0745  102.3104
   -0.6304    0.4165    0.6551
    0.7396    0.0659    0.6699
    0.2359    0.9067   -0.3496
...    82 A-T ...
 -142.4287    8.0135  101.2622
   -0.0449    0.3420    0.9386
    0.9686   -0.2150    0.1247
    0.2445    0.9148   -0.3217
...    83 T-A ...
 -142.2761   11.1673  100.2294
    0.4801    0.1963    0.8550
    0.8401   -0.3836   -0.3836
    0.2527    0.9024   -0.3491
...    84 C-G ...
 -141.5326   14.1541   99.0070
    0.8835   -0.1128    0.4547
    0.3638   -0.4465   -0.8175
    0.2952    0.8877   -0.3534
...    85 A-T ...
 -140.4822   16.9975   97.5419
    0.8843   -0.4617   -0.0690
   -0.2233   -0.2886   -0.9311
    0.4100    0.8388   -0.3583
...    86 T-A ...
 -138.8258   19.7541   96.9409
    0.6306   -0.5732   -0.5233
   -0.6432   -0.0085   -0.7657
    0.4345    0.8193   -0.3741
...    87 G-C ...
 -137.3190   22.3121   95.3437
    0.0812   -0.5778   -0.8121
   -0.8649    0.3641   -0.3456
    0.4954    0.7304   -0.4702
...    88 T-A ...
 -135.1828   24.2550   93.7322
   -0.4185   -0.3236   -0.8486
   -0.7595    0.6370    0.1317
    0.4980    0.6997   -0.5123
...    89 T-A ...
 -133.4209   26.3174   91.9365
   -0.7809    0.1184   -0.6133
   -0.3587    0.7189    0.5954
    0.5114    0.6849   -0.5190
...    90 A-T ...
 -131.7215   28.9092   90.5080
   -0.7993    0.5942   -0.0892
    0.2533    0.4679    0.8467
    0.5449    0.6542   -0.5245
...    91 T-A ...
 -130.2356   30.7900   88.1978
   -0.5269    0.7726    0.3544
    0.6357    0.0814    0.7676
    0.5642    0.6297   -0.5340
...    92 A-T ...
 -127.7143   32.6053   86.6831
    0.0981    0.6684    0.7373
    0.8015   -0.4922    0.3396
    0.5899    0.5576   -0.5840
...    93 A-T ...
 -126.0052   34.5422   84.6874
    0.5765    0.2602    0.7746
    0.5689   -0.8082   -0.1519
    0.5865    0.5282   -0.6140
...    94 C-G ...
 -124.3342   36.7769   82.8688
    0.7775   -0.2343    0.5836
    0.1596   -0.8240   -0.5436
    0.6082    0.5158   -0.6033
...    95 G-C ...
 -122.2849   38.1510   80.5379
    0.6447   -0.7260    0.2392
   -0.3156   -0.5379   -0.7817
    0.6962    0.4284   -0.5759
...    96 G-C ...
 -119.7460   39.5514   78.8117
    0.2843   -0.9425   -0.1755
   -0.6082   -0.0358   -0.7930
    0.7411    0.3322   -0.5834
...    97 A-T ...
 -117.2459   40.5089   76.9076
   -0.1751   -0.7933   -0.5831
   -0.6417    0.5411   -0.5435
    0.7467    0.2790   -0.6039
...    98 C-G ...
 -114.4791   40.8478   75.1058
   -0.5198   -0.3900   -0.7601
   -0.4292    0.8885   -0.1623
    0.7386    0.2419   -0.6292
...    99 T-A ...
 -112.0491   41.2587   72.8555
   -0.7105    0.1464   -0.6883
   -0.0435    0.9671    0.2506
    0.7024    0.2080   -0.6807
...   100 T-A ...
 -109.8033   41.6647   70.5277
   -0.5840    0.6927   -0.4232
    0.3874    0.6959    0.6047
    0.7134    0.1892   -0.6748
...   101 T-A ...
 -107.6177   42.0842   68.1396
   -0.2168    0.9762   -0.0052
    0.6555    0.1495    0.7402
    0.7234    0.1571   -0.6723
...   102 A-T ...
 -104.8157   42.3944   66.2080
    0.2998    0.8363    0.4590
    0.6229   -0.5360    0.5698
    0.7226    0.1151   -0.6817
...   103 T-A ...
 -102.8470   43.2373   63.6800
    0.5905    0.4341    0.6804
    0.3682   -0.8951    0.2515
    0.7181    0.1020   -0.6884
...   104 G-C ...
 -100.3203   43.2806   61.4753
    0.6319   -0.1899    0.7515
   -0.0444   -0.9768   -0.2095
    0.7738    0.0990   -0.6256
...   105 C-G ...
  -97.6583   43.9655   59.5914
    0.4612   -0.7077    0.5352
   -0.3888   -0.7034   -0.5951
    0.7976    0.0664   -0.5995
...   106 T-A ...
  -94.8165   44.1914   57.8756
    0.1197   -0.9789    0.1654
   -0.5606   -0.2042   -0.8025
    0.8194    0.0033   -0.5733
...   107 T-A ...
  -92.0325   44.1580   56.2041
   -0.2374   -0.9150   -0.3262
   -0.5229    0.4033   -0.7509
    0.8186   -0.0077   -0.5742
...   108 C-G ...
  -89.3475   43.9540   54.3096
   -0.5311   -0.4885   -0.6923
   -0.2591    0.8716   -0.4162
    0.8067   -0.0417   -0.5895
...   109 C-G ...
  -86.7366   43.4240   52.2027
   -0.6438    0.0872   -0.7602
    0.1115    0.9936    0.0196
    0.7571   -0.0721   -0.6494
...   110 G-C ...
  -84.2159   43.5725   49.9488
   -0.5276    0.6511   -0.5457
    0.4921    0.7578    0.4284
    0.6924   -0.0425   -0.7202
...   111 G-C ...
  -82.1117   43.3354   47.2877
   -0.2086    0.9652   -0.1578
    0.7172    0.2607    0.6463
    0.6650    0.0216   -0.7466
...   112 C-G ...
  -80.2329   43.4372   44.5218
    0.2041    0.9433    0.2616
    0.7149   -0.3262    0.6185
    0.6688    0.0608   -0.7410
...   113 T-A ...
  -78.1809   43.8933   41.9310
    0.5235    0.6059    0.5990
    0.4986   -0.7880    0.3612
    0.6909    0.1096   -0.7146
...   114 C-G ...
  -75.9035   44.3384   39.5901
    0.6944    0.0038    0.7196
    0.0868   -0.9931   -0.0785
    0.7144    0.1170   -0.6899
...   115 G-C ...
  -73.4284   44.2880   37.2764
    0.5360   -0.5793    0.6140
   -0.3024   -0.8109   -0.5011
    0.7882    0.0829   -0.6098
...   116 T-A ...
  -70.5464   44.8790   35.7323
    0.2650   -0.9269    0.2656
   -0.5363   -0.3706   -0.7583
    0.8013    0.0585   -0.5954
...   117 A-T ...
  -68.0785   44.9893   33.4082
   -0.1463   -0.9498   -0.2764
   -0.5727    0.3092   -0.7593
    0.8066    0.0472   -0.5892
...   118 T-A ...
  -65.1199   44.7486   31.9476
   -0.4162   -0.6495   -0.6363
   -0.4120    0.7585   -0.5048
    0.8106    0.0521   -0.5833
...   119 A-T ...
  -62.4917   45.3045   29.8659
   -0.5713   -0.0009   -0.8208
   -0.0462    0.9984    0.0310
    0.8195    0.0557   -0.5704
...   120 A-T ...
  -59.8538   45.2184   27.9502
   -0.4710    0.5892   -0.6565
    0.2904    0.8063    0.5153
    0.8330    0.0521   -0.5509
...   121 T-A ...
  -57.4256   44.9482   25.7178
   -0.2473    0.9229   -0.2952
    0.4875    0.3818    0.7852
    0.8374    0.0503   -0.5443
...   122 G-C ...
  -54.5305   45.2769   24.0546
    0.0036    0.9618    0.2736
    0.5540   -0.2297    0.8002
    0.8325    0.1487   -0.5337
...   123 T-A ...
  -52.1448   46.0871   21.8900
    0.2663    0.6826    0.6805
    0.4664   -0.7091    0.5288
    0.8435    0.1766   -0.5073
...   124 G-C ...
  -49.1646   46.5871   20.4263
    0.3914    0.1205    0.9123
    0.2532   -0.9672    0.0191
    0.8847    0.2235   -0.4091
...   125 T-A ...
  -46.3410   47.9044   19.3137
    0.4306   -0.4246    0.7964
    0.0169   -0.8785   -0.4775
    0.9024    0.2191   -0.3711
...   126 C-G ...
  -43.3030   48.5887   18.2564
    0.3260   -0.8742    0.3599
   -0.2202   -0.4405   -0.8703
    0.9194    0.2045   -0.3361
...   127 G-C ...
  -40.2585   48.9048   16.7952
    0.0619   -0.9804   -0.1871
   -0.3120    0.1591   -0.9367
    0.9481    0.1163   -0.2960
...   128 A-T ...
  -37.0864   49.1678   15.8782
   -0.1457   -0.6786   -0.7199
   -0.2704    0.7273   -0.6308
    0.9517    0.1027   -0.2895
...   129 C-G ...
  -33.8158   48.9038   15.1453
   -0.2723   -0.1720   -0.9467
   -0.1422    0.9803   -0.1372
    0.9517    0.0972   -0.2914
...   130 C-G ...
  -30.5927   48.9452   14.0487
   -0.3606    0.4073   -0.8391
    0.0425    0.9058    0.4215
    0.9317    0.1164   -0.3440
...   131 A-T ...
  -27.4356   49.5157   13.0799
   -0.3407    0.8535   -0.3943
    0.2486    0.4863    0.8377
    0.9067    0.1874   -0.3778
...   132 A-T ...
  -24.5681   50.0573   11.6485
   -0.1410    0.9752    0.1705
    0.3874   -0.1042    0.9160
    0.9111    0.1952   -0.3631
...   133 A-T ...
  -21.7067   50.7889   10.3124
    0.0804    0.7301    0.6786
    0.3971   -0.6479    0.6501
    0.9143    0.2172   -0.3420
...   134 T-A ...
  -19.0084   52.0403    8.9384
    0.2450    0.2904    0.9250
    0.3072   -0.9282    0.2101
    0.9196    0.2327   -0.3167
...   135 G-C ...
  -16.4569   53.8981    7.5291
    0.5336   -0.3334    0.7773
    0.0348   -0.9096   -0.4140
    0.8450    0.2479   -0.4738
...   136 T-A ...
  -14.1681   56.5699    6.1949
    0.5795   -0.7269    0.3684
   -0.3140   -0.6163   -0.7222
    0.7521    0.3028   -0.5854
...   137 G-C ...
  -11.6469   58.0147    4.7337
    0.2454   -0.9541   -0.1717
   -0.6318   -0.0231   -0.7748
    0.7352    0.2986   -0.6085
...   138 A-T ...
   -8.6698   58.7290    3.6171
   -0.0344   -0.7815   -0.6230
   -0.6534    0.4892   -0.5777
    0.7562    0.3872   -0.5274
...   139 G-C ...
   -6.3211   59.0880    1.6441
   -0.2967   -0.3277   -0.8970
   -0.5657    0.8170   -0.1114
    0.7694    0.4744   -0.4278
...   140 C-G ...
   -3.4296   60.2438    1.0435
   -0.4424    0.2288   -0.8671
   -0.1682    0.9286    0.3309
    0.8809    0.2922   -0.3723
...   141 G-C ...
   -0.6894   63.9064   -2.2356
   -0.9992    0.0156   -0.0375
   -0.0024    0.8991    0.4378
    0.0405    0.4375   -0.8983
...   142 C-G ...
   -0.9980   65.6138   -4.9249
   -0.8337    0.5217    0.1810
    0.5169    0.6220    0.5881
    0.1942    0.5839   -0.7882
...   143 T-A ...
   -0.1245   66.2251   -7.8041
   -0.3751    0.8568    0.3538
    0.8856    0.2185    0.4098
    0.2739    0.4670   -0.8408
...   144 C-G ...
   -0.1580   67.4198  -10.7921
    0.1799    0.8792    0.4411
    0.9276   -0.3009    0.2214
    0.3274    0.3694   -0.8697
...   145 A-T ...
    0.5352   69.2488  -13.4513
    0.7352    0.4961    0.4620
    0.6117   -0.7791   -0.1369
    0.2921    0.3832   -0.8763
...   146 C-G ...
    1.4420   72.1065  -15.5858
    0.9808    0.0622    0.1849
    0.1266   -0.9240   -0.3608
    0.1484    0.3773   -0.9141
...   147 A-T ...
    2.3150   74.2411  -18.3714
    0.8657   -0.4292   -0.2574
   -0.4984   -0.7868   -0.3642
   -0.0462    0.4436   -0.8950
