  147 base-pairs
...     1 A-T ...
    0.0000    0.0000    0.0000
    1.0000    0.0000    0.0000
    0.0000    1.0000    0.0000
    0.0000    0.0000    1.0000
...     2 G-C ...
   -0.1394   -1.2357    3.2268
    0.7529    0.6366    0.1670
   -0.6386    0.7680   -0.0486
   -0.1592   -0.0700    0.9848
...     3 T-A ...
   -0.0365   -3.2932    6.3751
    0.2722    0.9301    0.2466
   -0.9238    0.3243   -0.2033
   -0.2691   -0.1725    0.9475
...     4 G-C ...
   -0.3505   -4.1660    9.4928
   -0.3756    0.9250    0.0579
   -0.8781   -0.3352   -0.3415
   -0.2965   -0.1791    0.9381
...     5 A-T ...
   -0.4462   -4.1476   12.7498
   -0.8116    0.5840   -0.0165
   -0.5523   -0.7762   -0.3042
   -0.1905   -0.2378    0.9524
...     6 G-C ...
   -1.5908   -4.1730   15.6201
   -0.9976    0.0246   -0.0651
   -0.0043   -0.9555   -0.2950
   -0.0695   -0.2940    0.9533
...     7 C-G ...
   -1.1030   -4.4824   18.7362
   -0.8441   -0.5304   -0.0787
    0.5345   -0.8441   -0.0432
   -0.0435   -0.0785    0.9960
...     8 G-C ...
   -2.4028   -7.7290   23.1475
   -0.2754   -0.3293   -0.9032
    0.6650   -0.7437    0.0684
   -0.6942   -0.5818    0.4238
...     9 C-G ...
   -4.4690   -9.9728   24.1132
    0.1145   -0.7025   -0.7024
    0.8512   -0.2952    0.4340
   -0.5122   -0.6476    0.5642
...    10 T-A ...
   -6.7405  -10.8752   25.9697
    0.4841   -0.8363   -0.2574
    0.6595    0.1553    0.7355
   -0.5751   -0.5258    0.6267
...    11 C-G ...
   -9.1656  -12.6208   27.1640
    0.7073   -0.6682    0.2307
    0.3448    0.6110    0.7126
   -0.6171   -0.4245    0.6626
...    12 A-T ...
  -10.9234  -14.6633   29.0693
    0.7515   -0.1377    0.6452
   -0.2029    0.8824    0.4246
   -0.6277   -0.4500    0.6352
...    13 C-G ...
  -11.8476  -17.4863   31.2451
    0.4295    0.2823    0.8578
   -0.5708    0.8209    0.0156
   -0.6998   -0.4963    0.5137
...    14 A-T ...
  -13.5897  -19.7827   33.4259
   -0.1504    0.6104    0.7777
   -0.6874    0.5008   -0.5260
   -0.7106   -0.6136    0.3443
...    15 A-T ...
  -15.8077  -21.8559   34.5820
   -0.5369    0.7859    0.3069
   -0.4474    0.0432   -0.8933
   -0.7153   -0.6169    0.3283
...    16 T-A ...
  -17.9185  -23.8534   36.3514
   -0.7261    0.6492   -0.2268
   -0.0583   -0.3867   -0.9204
   -0.6852   -0.6550    0.3186
...    17 T-A ...
  -20.1623  -25.8349   37.7122
   -0.6406    0.2616   -0.7219
    0.4045   -0.6842   -0.6069
   -0.6527   -0.6808    0.3325
...    18 T-A ...
  -22.3968  -27.9436   38.8381
   -0.2709   -0.1752   -0.9465
    0.7039   -0.7068   -0.0707
   -0.6566   -0.6854    0.3148
...    19 A-T ...
  -24.3572  -30.5411   39.9263
    0.2619   -0.5821   -0.7698
    0.7090   -0.4251    0.5626
   -0.6547   -0.6931    0.3014
...    20 T-A ...
  -26.9134  -32.6182   40.4008
    0.5959   -0.7273   -0.3405
    0.4596   -0.0388    0.8873
   -0.6586   -0.6852    0.3111
...    21 T-A ...
  -29.1154  -34.9052   41.1480
    0.7354   -0.6213    0.2706
   -0.0026    0.3967    0.9180
   -0.6777   -0.6757    0.2901
...    22 C-G ...
  -31.2914  -37.1882   42.1329
    0.5964   -0.2394    0.7661
   -0.4608    0.6794    0.5710
   -0.6572   -0.6936    0.2949
...    23 G-C ...
  -33.7303  -39.1037   43.5125
    0.3232    0.2831    0.9030
   -0.7402    0.6702    0.0549
   -0.5897   -0.6861    0.4261
...    24 C-G ...
  -35.3548  -41.6070   44.9178
   -0.0854    0.6341    0.7685
   -0.7958    0.4208   -0.4356
   -0.5996   -0.6488    0.4687
...    25 A-T ...
  -37.7552  -43.7123   45.9909
   -0.5139    0.7978    0.3152
   -0.5776   -0.0501   -0.8148
   -0.6343   -0.6008    0.4865
...    26 A-T ...
  -39.8152  -45.6169   47.6976
   -0.7488    0.6211   -0.2314
   -0.1669   -0.5146   -0.8410
   -0.6414   -0.5912    0.4890
...    27 A-T ...
  -41.8614  -47.3637   49.5498
   -0.7087    0.1871   -0.6802
    0.3171   -0.7768   -0.5441
   -0.6302   -0.6013    0.4912
...    28 G-C ...
  -44.2706  -49.0266   51.2590
   -0.3826   -0.2415   -0.8918
    0.6409   -0.7647   -0.0678
   -0.6655   -0.5975    0.4473
...    29 G-C ...
  -46.8146  -50.9678   52.5641
    0.1106   -0.6169   -0.7792
    0.7268   -0.4846    0.4868
   -0.6779   -0.6202    0.3948
...    30 C-G ...
  -49.2173  -53.0437   53.4753
    0.5318   -0.7616   -0.3703
    0.5132   -0.0580    0.8563
   -0.6737   -0.6454    0.3601
...    31 C-G ...
  -51.6514  -55.1763   54.4773
    0.7641   -0.6228    0.1682
    0.1076    0.3802    0.9186
   -0.6360   -0.6838    0.3576
...    32 G-C ...
  -53.5951  -57.1440   55.9163
    0.7564   -0.2574    0.6014
   -0.3275    0.6469    0.6887
   -0.5663   -0.7178    0.4050
...    33 G-C ...
  -55.2311  -59.7332   57.3404
    0.4710    0.2086    0.8571
   -0.7027    0.6761    0.2216
   -0.5333   -0.7067    0.4650
...    34 C-G ...
  -56.7084  -62.3165   58.7875
    0.0213    0.6003    0.7995
   -0.8419    0.4421   -0.3095
   -0.5393   -0.6665    0.5147
...    35 C-G ...
  -58.2876  -64.4643   60.9226
   -0.4056    0.8047    0.4335
   -0.7151    0.0160   -0.6988
   -0.5693   -0.5934    0.5690
...    36 C-G ...
  -60.1487  -66.2773   63.0750
   -0.7041    0.7044   -0.0902
   -0.3812   -0.4820   -0.7889
   -0.5991   -0.5211    0.6079
...    37 G-C ...
  -62.2324  -68.6145   64.4637
   -0.7475    0.3397   -0.5709
    0.0770   -0.8093   -0.5823
   -0.6598   -0.4792    0.5788
...    38 A-T ...
  -64.3891  -70.0882   66.3200
   -0.5516   -0.2177   -0.8052
    0.5048   -0.8556   -0.1146
   -0.6640   -0.4697    0.5819
...    39 C-G ...
  -66.9305  -71.2653   67.9266
   -0.1767   -0.6315   -0.7549
    0.7025   -0.6181    0.3527
   -0.6894   -0.4680    0.5529
...    40 A-T ...
  -69.2546  -73.0489   69.6575
    0.3152   -0.8674   -0.3851
    0.6538   -0.0956    0.7506
   -0.6879   -0.4884    0.5369
...    41 C-G ...
  -71.7166  -74.9384   70.9755
    0.6197   -0.7811    0.0765
    0.3786    0.3829    0.8426
   -0.6875   -0.4932    0.5331
...    42 G-C ...
  -73.9004  -76.2052   73.1292
    0.7459   -0.3645    0.5574
   -0.0649    0.7932    0.6055
   -0.6629   -0.4879    0.5680
...    43 A-T ...
  -76.1662  -77.7172   74.7594
    0.5667    0.1838    0.8032
   -0.4685    0.8738    0.1306
   -0.6778   -0.4503    0.5812
...    44 C-G ...
  -78.0034  -79.7325   76.6132
    0.2698    0.6562    0.7047
   -0.7066    0.6321   -0.3181
   -0.6541   -0.4121    0.6342
...    45 T-A ...
  -79.9017  -81.2735   79.2013
   -0.1227    0.9455    0.3018
   -0.7333    0.1185   -0.6695
   -0.6688   -0.3034    0.6787
...    46 T-A ...
  -82.0372  -82.0919   81.3884
   -0.4417    0.8838   -0.1544
   -0.5683   -0.4088   -0.7141
   -0.6942   -0.2277    0.6828
...    47 A-T ...
  -84.4815  -82.5302   83.5824
   -0.5835    0.5180   -0.6255
   -0.2634   -0.8493   -0.4576
   -0.7683   -0.1023    0.6319
...    48 C-G ...
  -87.0537  -82.0913   85.6565
   -0.6042   -0.0201   -0.7966
    0.0533   -0.9985   -0.0152
   -0.7951   -0.0516    0.6043
...    49 T-A ...
  -89.8939  -81.7590   87.4613
   -0.4279   -0.5532   -0.7148
    0.3098   -0.8327    0.4589
   -0.8491   -0.0251    0.5277
...    50 G-C ...
  -92.7313  -82.0736   89.2128
   -0.1162   -0.9427   -0.3127
    0.4736   -0.3294    0.8168
   -0.8730   -0.0532    0.4848
...    51 T-A ...
  -95.7619  -82.3833   90.3067
    0.1405   -0.9647    0.2229
    0.4521    0.2628    0.8524
   -0.8809   -0.0190    0.4730
...    52 A-T ...
  -98.2980  -81.1924   92.7156
    0.2772   -0.4533    0.8472
    0.2808    0.8814    0.3797
   -0.9189    0.1326    0.3717
...    53 G-C ...
 -101.3772  -80.6949   93.7954
    0.4505    0.0928    0.8879
    0.1176    0.9797   -0.1621
   -0.8850    0.1775    0.4305
...    54 G-C ...
 -104.4274  -80.6137   95.6230
    0.5228    0.6211    0.5839
   -0.1576    0.7436   -0.6498
   -0.8378    0.2477    0.4866
...    55 T-A ...
 -106.9778  -79.9930   97.4951
    0.4109    0.9035    0.1220
   -0.3993    0.2987   -0.8668
   -0.8196    0.3074    0.4835
...    56 A-T ...
 -109.4330  -78.7205   99.5882
    0.2351    0.8442   -0.4817
   -0.5976   -0.2654   -0.7566
   -0.7666    0.4657    0.4421
...    57 T-A ...
 -111.4374  -76.8771  101.3308
   -0.0650    0.5499   -0.8327
   -0.6566   -0.6520   -0.3793
   -0.7515    0.5221    0.4034
...    58 C-G ...
 -113.9455  -74.7980  102.5350
   -0.4304   -0.0302   -0.9022
   -0.5022   -0.8225    0.2671
   -0.7501    0.5680    0.3388
...    59 T-A ...
 -116.4676  -72.7588  103.2476
   -0.6045   -0.5149   -0.6078
   -0.2166   -0.6280    0.7475
   -0.7666    0.5835    0.2681
...    60 C-G ...
 -119.2065  -71.2513  104.2960
   -0.6317   -0.7751    0.0115
    0.1555   -0.1121    0.9815
   -0.7594    0.6218    0.1913
...    61 G-C ...
 -121.4322  -69.1183  105.6184
   -0.4339   -0.6560    0.6176
    0.5007    0.3943    0.7706
   -0.7491    0.6436    0.1573
...    62 A-T ...
 -123.5853  -66.6325  106.1380
   -0.0208   -0.2361    0.9715
    0.7002    0.6902    0.1828
   -0.7137    0.6840    0.1510
...    63 G-C ...
 -125.9093  -64.3037  106.5147
    0.3901    0.1930    0.9003
    0.6311    0.6559   -0.4141
   -0.6705    0.7297    0.1340
...    64 C-G ...
 -128.4658  -62.0835  107.1609
    0.7199    0.5129    0.4677
    0.2914    0.3882   -0.8743
   -0.6299    0.7657    0.1300
...    65 T-A ...
 -130.5779  -59.5622  107.8107
    0.8268    0.5550   -0.0910
   -0.1400    0.0463   -0.9891
   -0.5448    0.8305    0.1160
...    66 C-G ...
 -132.3025  -56.7120  108.1174
    0.6274    0.4110   -0.6614
   -0.6183   -0.2534   -0.7439
   -0.4733    0.8757    0.0952
...    67 G-C ...
 -134.0368  -53.8781  107.5949
    0.2184    0.1049   -0.9702
   -0.8986   -0.3662   -0.2419
   -0.3806    0.9246    0.0143
...    68 G-C ...
 -134.9636  -50.6151  107.2303
   -0.3117   -0.1959   -0.9298
   -0.8828   -0.3023    0.3596
   -0.3515    0.9329   -0.0787
...    69 G-C ...
 -136.1139  -47.5539  106.3036
   -0.7310   -0.4066   -0.5479
   -0.5808   -0.0506    0.8125
   -0.3581    0.9122   -0.1992
...    70 A-T ...
 -137.1598  -44.4840  105.2995
   -0.9492   -0.3048    0.0780
    0.0046    0.2346    0.9721
   -0.3146    0.9231   -0.2213
...    71 T-A ...
 -138.3387  -41.6558  104.0070
   -0.7996   -0.1099    0.5904
    0.5203    0.3643    0.7724
   -0.3000    0.9248   -0.2342
...    72 C-G ...
 -139.5590  -38.6233  102.9963
   -0.2972    0.1970    0.9343
    0.9207    0.3185    0.2257
   -0.2531    0.9272   -0.2760
...    73 C-G ...
 -140.3817  -35.6260  101.8377
    0.2824    0.2458    0.9273
    0.9382    0.1309   -0.3204
   -0.2001    0.9604   -0.1937
...    74 G-C ...
 -140.5507  -32.4091  100.9398
    0.7934    0.1663    0.5856
    0.6004   -0.0549   -0.7978
   -0.1006    0.9845   -0.1434
...    75 C-G ...
 -141.2131  -29.0109  100.7965
    0.9979    0.0609    0.0225
    0.0329   -0.1757   -0.9839
   -0.0560    0.9826   -0.1773
...    76 T-A ...
 -141.2403  -25.5590  100.5661
    0.8360   -0.1284   -0.5335
   -0.5484   -0.1615   -0.8205
    0.0192    0.9785   -0.2055
...    77 T-A ...
 -140.8319  -22.3845   99.9999
    0.3616   -0.2334   -0.9026
   -0.9311   -0.0401   -0.3626
    0.0484    0.9715   -0.2319
...    78 T-A ...
 -140.5210  -19.2802   99.1125
   -0.2390   -0.2646   -0.9343
   -0.9689    0.1284    0.2115
    0.0640    0.9558   -0.2871
...    79 A-T ...
 -140.8464  -16.0500   98.1642
   -0.7887   -0.1376   -0.5992
   -0.6090    0.3077    0.7310
    0.0838    0.9415   -0.3265
...    80 A-T ...
 -140.4886  -13.1026   96.8689
   -0.9909    0.1244   -0.0506
   -0.0056    0.3377    0.9412
    0.1342    0.9330   -0.3340
...    81 C-G ...
 -140.1763  -10.1376   95.1663
   -0.8014    0.3507    0.4846
    0.5705    0.2045    0.7954
    0.1798    0.9139   -0.3639
...    82 A-T ...
 -139.5225   -7.0538   93.9865
   -0.2660    0.3943    0.8796
    0.9410   -0.0919    0.3257
    0.2093    0.9144   -0.3466
...    83 C-G ...
 -139.5067   -3.8746   92.7664
    0.2859    0.2772    0.9173
    0.9294   -0.3136   -0.1949
    0.2336    0.9082   -0.3473
...    84 T-A ...
 -139.0973   -0.4268   91.8626
    0.7583   -0.0213    0.6516
    0.5777   -0.4413   -0.6867
    0.3022    0.8971   -0.3223
...    85 T-A ...
 -138.1619    2.5951   91.1218
    0.9465   -0.2913    0.1391
    0.0266   -0.3590   -0.9330
    0.3217    0.8867   -0.3321
...    86 T-A ...
 -136.9931    5.4389   90.0942
    0.7664   -0.5110   -0.3893
   -0.5112   -0.1181   -0.8513
    0.3890    0.8514   -0.3518
...    87 A-T ...
 -135.7110    8.1474   88.6064
    0.2760   -0.5648   -0.7777
   -0.8482    0.2374   -0.4734
    0.4520    0.7904   -0.4135
...    88 T-A ...
 -133.6130   10.3029   87.4494
   -0.1929   -0.4251   -0.8844
   -0.8593    0.5083   -0.0569
    0.4737    0.7490   -0.4633
...    89 G-C ...
 -131.9259   12.5644   85.6809
   -0.7188   -0.0975   -0.6884
   -0.5438    0.6958    0.4692
    0.4332    0.7116   -0.5531
...    90 C-G ...
 -130.5216   14.6675   83.4648
   -0.9050    0.3110   -0.2903
   -0.0263    0.6402    0.7677
    0.4246    0.7024   -0.5712
...    91 T-A ...
 -129.4476   16.9703   81.0490
   -0.7393    0.6396    0.2106
    0.5361    0.3699    0.7588
    0.4074    0.6739   -0.6163
...    92 T-A ...
 -128.3084   19.0909   78.8958
   -0.2882    0.7381    0.6101
    0.8643   -0.0738    0.4975
    0.4122    0.6706   -0.6167
...    93 C-G ...
 -127.0975   21.4003   76.7224
    0.3122    0.5288    0.7893
    0.8475   -0.5305    0.0202
    0.4294    0.6626   -0.6137
...    94 C-G ...
 -125.8001   23.4832   74.5051
    0.6614    0.0713    0.7466
    0.5339   -0.7438   -0.4020
    0.5267    0.6646   -0.5300
...    95 G-C ...
 -124.0106   25.2395   72.6034
    0.7692   -0.4181    0.4832
    0.1017   -0.6664   -0.7386
    0.6309    0.6173   -0.4701
...    96 G-C ...
 -121.6664   27.1866   71.2574
    0.6278   -0.7779    0.0260
   -0.3375   -0.3022   -0.8915
    0.7014    0.5509   -0.4523
...    97 C-G ...
 -118.8924   28.7453   70.1975
    0.2873   -0.8409   -0.4585
   -0.6176    0.2033   -0.7598
    0.7322    0.5015   -0.4609
...    98 T-A ...
 -116.2874   30.1998   68.7333
   -0.1376   -0.6225   -0.7704
   -0.6427    0.6480   -0.4088
    0.7537    0.4389   -0.4892
...    99 C-G ...
 -114.0037   31.6018   66.8155
   -0.5117   -0.1164   -0.8512
   -0.3759    0.9213    0.0999
    0.7726    0.3711   -0.5152
...   100 G-C ...
 -111.6404   33.2587   65.1532
   -0.6664    0.4513   -0.5935
    0.0438    0.8183    0.5731
    0.7443    0.3559   -0.5651
...   101 T-A ...
 -109.5367   34.1387   62.6270
   -0.5500    0.8202   -0.1574
    0.4113    0.4300    0.8037
    0.7269    0.3772   -0.5739
...   102 A-T ...
 -107.2734   35.3514   60.3844
   -0.2009    0.9015    0.3834
    0.6668   -0.1609    0.7276
    0.7176    0.4019   -0.5688
...   103 T-A ...
 -105.4469   36.8597   58.0988
    0.1916    0.6895    0.6984
    0.6633   -0.6155    0.4257
    0.7234    0.3817   -0.5753
...   104 A-T ...
 -103.0821   38.3093   56.0947
    0.5628    0.1391    0.8148
    0.3882   -0.9148   -0.1119
    0.7298    0.3793   -0.5688
...   105 T-A ...
 -100.9137   40.1472   54.4764
    0.6765   -0.3717    0.6357
    0.0293   -0.8490   -0.5276
    0.7358    0.3756   -0.5635
...   106 C-G ...
  -98.4894   41.4679   52.6953
    0.5121   -0.8367    0.1939
   -0.3994   -0.4319   -0.8087
    0.7604    0.3367   -0.5554
...   107 A-T ...
  -96.0047   42.6646   50.7277
    0.1056   -0.9648   -0.2409
   -0.5784    0.1374   -0.8041
    0.8089    0.2242   -0.5435
...   108 T-A ...
  -93.0934   43.0914   49.2716
   -0.2420   -0.7605   -0.6026
   -0.5371    0.6222   -0.5695
    0.8081    0.1858   -0.5590
...   109 G-C ...
  -90.2806   43.5707   47.3218
   -0.5711   -0.2185   -0.7913
   -0.2553    0.9634   -0.0817
    0.7801    0.1554   -0.6060
...   110 T-A ...
  -87.6009   43.4799   45.2117
   -0.6048    0.3667   -0.7069
    0.1089    0.9174    0.3828
    0.7889    0.1546   -0.5948
...   111 T-A ...
  -85.0881   43.7629   43.2098
   -0.4110    0.8415   -0.3506
    0.4425    0.5203    0.7304
    0.7971    0.1450   -0.5862
...   112 A-T ...
  -82.1640   44.2594   41.4413
    0.0023    0.9767    0.2146
    0.5882   -0.1749    0.7896
    0.8087    0.1244   -0.5749
...   113 T-A ...
  -79.9730   44.9222   39.0803
    0.3151    0.7393    0.5951
    0.4942   -0.6631    0.5622
    0.8102    0.1170   -0.5743
...   114 A-T ...
  -77.0937   44.9603   37.2032
    0.5578    0.1260    0.8204
    0.1717   -0.9845    0.0344
    0.8120    0.1217   -0.5708
...   115 A-T ...
  -74.4709   45.5349   35.4557
    0.5432   -0.4744    0.6927
   -0.1791   -0.8715   -0.4565
    0.8203    0.1239   -0.5584
...   116 C-G ...
  -71.4765   46.3930   34.0341
    0.3439   -0.8859    0.3113
   -0.4515   -0.4467   -0.7724
    0.8233    0.1251   -0.5536
...   117 G-C ...
  -68.8695   46.4819   32.0152
   -0.0386   -0.9787   -0.2016
   -0.5267    0.1914   -0.8282
    0.8492    0.0742   -0.5229
...   118 G-C ...
  -66.0661   46.3393   30.2686
   -0.3919   -0.7167   -0.5769
   -0.3797    0.6972   -0.6081
    0.8380   -0.0192   -0.5453
...   119 A-T ...
  -63.1525   46.0968   28.5488
   -0.5428   -0.1303   -0.8297
   -0.0575    0.9913   -0.1180
    0.8379   -0.0164   -0.5455
...   120 A-T ...
  -60.4043   45.8285   26.8133
   -0.4456    0.4991   -0.7432
    0.2543    0.8666    0.4295
    0.8584    0.0024   -0.5130
...   121 T-A ...
  -57.8187   45.3763   24.7340
   -0.2351    0.8863   -0.3989
    0.4457    0.4631    0.7661
    0.8638    0.0024   -0.5039
...   122 G-C ...
  -54.8470   45.4257   22.8793
    0.0087    0.9785    0.2060
    0.4988   -0.1828    0.8472
    0.8667    0.0954   -0.4897
...   123 T-A ...
  -52.2468   45.9527   20.9242
    0.2433    0.7319    0.6365
    0.4146   -0.6717    0.6139
    0.8769    0.1145   -0.4669
...   124 G-C ...
  -49.2441   46.4126   19.4055
    0.3650    0.1698    0.9154
    0.2211   -0.9709    0.0920
    0.9044    0.1689   -0.3920
...   125 T-A ...
  -46.4453   47.4138   18.2184
    0.3773   -0.3848    0.8423
    0.0146   -0.9070   -0.4209
    0.9260    0.1711   -0.3366
...   126 C-G ...
  -43.4296   47.8994   17.3400
    0.3203   -0.8494    0.4195
   -0.1846   -0.4903   -0.8518
    0.9292    0.1954   -0.3138
...   127 G-C ...
  -40.4647   48.1445   15.7115
    0.0864   -0.9878   -0.1299
   -0.2693    0.1023   -0.9576
    0.9592    0.1178   -0.2572
...   128 A-T ...
  -37.3695   48.5166   14.9448
   -0.0795   -0.7193   -0.6901
   -0.2699    0.6820   -0.6798
    0.9596    0.1322   -0.2484
...   129 C-G ...
  -34.0682   48.2951   14.5249
   -0.2386   -0.2305   -0.9433
   -0.1834    0.9646   -0.1893
    0.9536    0.1279   -0.2725
...   130 C-G ...
  -30.8426   48.3442   13.3934
   -0.3755    0.3344   -0.8644
   -0.0033    0.9322    0.3620
    0.9268    0.1388   -0.3489
...   131 A-T ...
  -27.6156   49.4204   12.9536
   -0.3464    0.8297   -0.4377
    0.2008    0.5214    0.8294
    0.9164    0.1994   -0.3472
...   132 A-T ...
  -24.6409   50.0434   11.7167
   -0.1872    0.9722    0.1407
    0.3626   -0.0648    0.9297
    0.9130    0.2250   -0.3404
...   133 A-T ...
  -21.7961   50.8779   10.2856
    0.0790    0.7460    0.6612
    0.3915   -0.6332    0.6677
    0.9168    0.2061   -0.3421
...   134 T-A ...
  -19.0083   52.0401    8.9384
    0.2450    0.2904    0.9250
    0.3072   -0.9282    0.2101
    0.9196    0.2327   -0.3167
...   135 G-C ...
  -16.4569   53.8979    7.5290
    0.5336   -0.3334    0.7773
    0.0348   -0.9096   -0.4140
    0.8450    0.2479   -0.4738
...   136 T-A ...
  -14.1680   56.5697    6.1949
    0.5795   -0.7269    0.3684
   -0.3140   -0.6163   -0.7222
    0.7521    0.3028   -0.5854
...   137 G-C ...
  -11.6468   58.0145    4.7337
    0.2454   -0.9541   -0.1717
   -0.6318   -0.0231   -0.7748
    0.7352    0.2986   -0.6085
...   138 A-T ...
   -8.6697   58.7288    3.6170
   -0.0344   -0.7815   -0.6230
   -0.6534    0.4892   -0.5777
    0.7562    0.3872   -0.5274
...   139 G-C ...
   -6.3211   59.0878    1.6440
   -0.2967   -0.3277   -0.8970
   -0.5657    0.8170   -0.1114
    0.7694    0.4744   -0.4278
...   140 C-G ...
   -3.4296   60.2436    1.0435
   -0.4424    0.2288   -0.8671
   -0.1682    0.9286    0.3309
    0.8809    0.2922   -0.3723
...   141 G-C ...
   -0.6893   63.9062   -2.2356
   -0.9992    0.0156   -0.0375
   -0.0024    0.8991    0.4378
    0.0405    0.4375   -0.8983
...   142 C-G ...
   -0.9979   65.6136   -4.9249
   -0.8337    0.5217    0.1810
    0.5169    0.6220    0.5881
    0.1942    0.5839   -0.7882
...   143 T-A ...
   -0.1244   66.2249   -7.8041
   -0.3751    0.8568    0.3538
    0.8856    0.2185    0.4098
    0.2739    0.4670   -0.8408
...   144 C-G ...
   -0.1580   67.4196  -10.7921
    0.1799    0.8792    0.4411
    0.9276   -0.3009    0.2214
    0.3274    0.3694   -0.8697
...   145 A-T ...
    0.5353   69.2486  -13.4513
    0.7352    0.4961    0.4620
    0.6117   -0.7791   -0.1369
    0.2921    0.3832   -0.8763
...   146 C-G ...
    1.4421   72.1063  -15.5858
    0.9808    0.0622    0.1849
    0.1266   -0.9240   -0.3608
    0.1484    0.3773   -0.9141
...   147 A-T ...
    2.3151   74.2409  -18.3714
    0.8657   -0.4292   -0.2574
   -0.4984   -0.7868   -0.3642
   -0.0462    0.4436   -0.8950
