  147 base-pairs
...     1 A-T ...
    0.0000    0.0000    0.0000
    1.0000    0.0000    0.0000
    0.0000    1.0000    0.0000
    0.0000    0.0000    1.0000
...     2 G-C ...
   -0.1394   -1.2357    3.2268
    0.7529    0.6366    0.1670
   -0.6386    0.7680   -0.0486
   -0.1592   -0.0700    0.9848
...     3 T-A ...
   -0.0365   -3.2932    6.3751
    0.2722    0.9301    0.2466
   -0.9238    0.3243   -0.2033
   -0.2691   -0.1725    0.9475
...     4 G-C ...
   -0.3505   -4.1660    9.4928
   -0.3756    0.9250    0.0579
   -0.8781   -0.3352   -0.3415
   -0.2965   -0.1791    0.9381
...     5 A-T ...
   -0.4462   -4.1476   12.7498
   -0.8116    0.5840   -0.0165
   -0.5523   -0.7762   -0.3042
   -0.1905   -0.2378    0.9524
...     6 G-C ...
   -1.5908   -4.1730   15.6201
   -0.9976    0.0246   -0.0651
   -0.0043   -0.9555   -0.2950
   -0.0695   -0.2940    0.9533
...     7 C-G ...
   -1.1030   -4.4824   18.7362
   -0.8441   -0.5304   -0.0787
    0.5345   -0.8441   -0.0432
   -0.0435   -0.0785    0.9960
...     8 G-C ...
   -2.4028   -7.7290   23.1475
   -0.2754   -0.3293   -0.9032
    0.6650   -0.7437    0.0684
   -0.6942   -0.5818    0.4238
...     9 C-G ...
   -4.4690   -9.9728   24.1132
    0.1145   -0.7025   -0.7024
    0.8512   -0.2952    0.4340
   -0.5122   -0.6476    0.5642
...    10 T-A ...
   -6.7405  -10.8752   25.9697
    0.4841   -0.8363   -0.2574
    0.6595    0.1553    0.7355
   -0.5751   -0.5258    0.6267
...    11 C-G ...
   -9.1656  -12.6208   27.1640
    0.7073   -0.6682    0.2307
    0.3448    0.6110    0.7126
   -0.6171   -0.4245    0.6626
...    12 A-T ...
  -10.9234  -14.6633   29.0693
    0.7515   -0.1377    0.6452
   -0.2029    0.8824    0.4246
   -0.6277   -0.4500    0.6352
...    13 C-G ...
  -11.8476  -17.4863   31.2451
    0.4295    0.2823    0.8578
   -0.5708    0.8209    0.0156
   -0.6998   -0.4963    0.5137
...    14 A-T ...
  -13.5897  -19.7827   33.4259
   -0.1504    0.6104    0.7777
   -0.6874    0.5008   -0.5260
   -0.7106   -0.6136    0.3443
...    15 A-T ...
  -15.8216  -21.8477   34.5583
   -0.5232    0.7939    0.3098
   -0.4506    0.0508   -0.8913
   -0.7233   -0.6059    0.3311
...    16 T-A ...
  -17.9581  -23.7966   36.3366
   -0.7123    0.6662   -0.2208
   -0.0730   -0.3832   -0.9208
   -0.6981   -0.6398    0.3216
...    17 T-A ...
  -20.2506  -25.7165   37.7084
   -0.6366    0.2848   -0.7167
    0.3786   -0.6942   -0.6122
   -0.6719   -0.6611    0.3341
...    18 T-A ...
  -22.5520  -27.7443   38.8181
   -0.2825   -0.1514   -0.9472
    0.6740   -0.7340   -0.0837
   -0.6826   -0.6621    0.3094
...    19 A-T ...
  -24.6602  -30.2283   39.8382
    0.2263   -0.5699   -0.7899
    0.6916   -0.4771    0.5423
   -0.6859   -0.6691    0.2862
...    20 T-A ...
  -27.3276  -32.1728   40.2800
    0.5499   -0.7483   -0.3711
    0.4662   -0.0937    0.8797
   -0.6930   -0.6568    0.2973
...    21 T-A ...
  -29.6623  -34.3457   40.9702
    0.6978   -0.6751    0.2391
    0.0338    0.3645    0.9306
   -0.7155   -0.6413    0.2772
...    22 C-G ...
  -31.9822  -36.5069   41.8911
    0.5902   -0.3070    0.7466
   -0.4049    0.6876    0.6027
   -0.6984   -0.6580    0.2815
...    23 G-C ...
  -34.5614  -38.2721   43.1959
    0.3568    0.2247    0.9068
   -0.6849    0.7231    0.0904
   -0.6353   -0.6532    0.4119
...    24 C-G ...
  -36.3587  -40.6869   44.5309
   -0.0219    0.6103    0.7919
   -0.7653    0.4994   -0.4060
   -0.6433   -0.6149    0.4561
...    25 A-T ...
  -38.8668  -42.6292   45.6001
   -0.4270    0.8298    0.3593
   -0.5981    0.0388   -0.8005
   -0.6782   -0.5567    0.4798
...    26 A-T ...
  -41.0624  -44.3835   47.2924
   -0.6841    0.7062   -0.1823
   -0.2422   -0.4557   -0.8565
   -0.6880   -0.5418    0.4828
...    27 A-T ...
  -43.2403  -45.9621   49.1368
   -0.6997    0.3008   -0.6480
    0.2103   -0.7802   -0.5891
   -0.6828   -0.5485    0.4827
...    28 G-C ...
  -45.7900  -47.3945   50.8418
   -0.4325   -0.1419   -0.8904
    0.5389   -0.8324   -0.1291
   -0.7228   -0.5357    0.4365
...    29 G-C ...
  -48.5479  -49.0522   52.0986
    0.0096   -0.5715   -0.8206
    0.6701   -0.6054    0.4294
   -0.7422   -0.5540    0.3771
...    30 C-G ...
  -51.1828  -50.8532   52.9306
    0.4162   -0.7936   -0.4438
    0.5243   -0.1894    0.8302
   -0.7429   -0.5782    0.3373
...    31 C-G ...
  -53.8556  -52.7178   53.8439
    0.6792   -0.7286    0.0888
    0.1841    0.2863    0.9403
   -0.7105   -0.6223    0.3286
...    32 G-C ...
  -55.9839  -54.5350   55.1854
    0.7331   -0.4083    0.5440
   -0.2154    0.6193    0.7551
   -0.6452   -0.6707    0.3660
...    33 G-C ...
  -57.8806  -57.0188   56.4604
    0.5219    0.0596    0.8509
   -0.5980    0.7370    0.3151
   -0.6083   -0.6733    0.4203
...    34 C-G ...
  -59.6379  -59.5059   57.7333
    0.1292    0.5049    0.8535
   -0.7844    0.5786   -0.2235
   -0.6067   -0.6406    0.4708
...    35 C-G ...
  -61.4159  -61.6401   59.7120
   -0.2785    0.7970    0.5359
   -0.7301    0.1869   -0.6573
   -0.6240   -0.5743    0.5299
...    36 C-G ...
  -63.4149  -63.4283   61.7472
   -0.6022    0.7978    0.0287
   -0.4719   -0.3267   -0.8189
   -0.6440   -0.5067    0.5732
...    37 G-C ...
  -65.7308  -65.6000   62.9779
   -0.7093    0.5120   -0.4845
   -0.0603   -0.7288   -0.6821
   -0.7023   -0.4546    0.5478
...    38 A-T ...
  -67.9871  -66.9979   64.7533
   -0.6038   -0.0240   -0.7968
    0.3717   -0.8927   -0.2548
   -0.7052   -0.4500    0.5479
...    39 C-G ...
  -70.6121  -68.0264   66.3150
   -0.2909   -0.4807   -0.8272
    0.6162   -0.7556    0.2224
   -0.7319   -0.4450    0.5160
...    40 A-T ...
  -73.1265  -69.6773   67.8745
    0.1730   -0.8232   -0.5408
    0.6553   -0.3137    0.6872
   -0.7353   -0.4732    0.4851
...    41 C-G ...
  -75.7836  -71.4077   68.9775
    0.5033   -0.8584   -0.0995
    0.4574    0.1670    0.8734
   -0.7331   -0.4851    0.4767
...    42 G-C ...
  -78.0383  -72.7829   70.9850
    0.7063   -0.5622    0.4302
    0.0661    0.6574    0.7506
   -0.7048   -0.5017    0.5015
...    43 A-T ...
  -80.4115  -74.3044   72.4392
    0.6129   -0.0594    0.7879
   -0.3405    0.8800    0.3312
   -0.7130   -0.4713    0.5192
...    44 C-G ...
  -82.4300  -76.4135   73.9776
    0.3780    0.4511    0.8085
   -0.6239    0.7693   -0.1375
   -0.6840   -0.4524    0.5722
...    45 T-A ...
  -84.4118  -78.2505   76.3137
    0.0099    0.8566    0.5158
   -0.7298    0.3589   -0.5820
   -0.6836   -0.3707    0.6287
...    46 T-A ...
  -86.5249  -79.3515   78.4134
   -0.3344    0.9379    0.0925
   -0.6338   -0.1512   -0.7586
   -0.6975   -0.3123    0.6450
...    47 A-T ...
  -88.9238  -80.0814   80.5781
   -0.5379    0.7208   -0.4371
   -0.3736   -0.6687   -0.6428
   -0.7557   -0.1825    0.6290
...    48 C-G ...
  -91.3384  -79.9619   82.8635
   -0.6253    0.2558   -0.7373
   -0.0602   -0.9577   -0.2812
   -0.7780   -0.1315    0.6143
...    49 T-A ...
  -94.0621  -79.8482   84.8555
   -0.5059   -0.2886   -0.8129
    0.2292   -0.9535    0.1958
   -0.8316   -0.0872    0.5485
...    50 G-C ...
  -96.9003  -80.3433   86.5763
   -0.2173   -0.7925   -0.5698
    0.4530   -0.5989    0.6604
   -0.8646   -0.1146    0.4892
...    51 T-A ...
  -99.9213  -80.6640   87.6676
    0.0524   -0.9934   -0.1021
    0.4907   -0.0634    0.8690
   -0.8697   -0.0956    0.4841
...    52 A-T ...
 -102.3830  -80.3566   90.2232
    0.2774   -0.7559    0.5930
    0.3608    0.6540    0.6649
   -0.8904    0.0295    0.4542
...    53 G-C ...
 -105.3661  -80.2329   91.5908
    0.4893   -0.2909    0.8222
    0.1798    0.9561    0.2312
   -0.8534    0.0347    0.5202
...    54 G-C ...
 -108.3431  -80.8048   93.4933
    0.5821    0.2980    0.7566
   -0.1265    0.9523   -0.2777
   -0.8032    0.0660    0.5920
...    55 T-A ...
 -110.5649  -81.1321   95.9061
    0.4743    0.7557    0.4516
   -0.4162    0.6446   -0.6413
   -0.7757    0.1162    0.6203
...    56 C-G ...
 -113.0112  -80.6017   97.8922
    0.2291    0.9728   -0.0346
   -0.6295    0.1210   -0.7676
   -0.7425    0.1976    0.6400
...    57 A-T ...
 -115.3901  -79.9342  100.2381
   -0.0487    0.8417   -0.5378
   -0.7152   -0.4052   -0.5695
   -0.6972    0.3569    0.6217
...    58 T-A ...
 -117.3285  -78.3824  102.3461
   -0.3600    0.4925   -0.7924
   -0.6121   -0.7657   -0.1978
   -0.7041    0.4138    0.5771
...    59 G-C ...
 -119.7916  -76.8014  104.1264
   -0.6097   -0.1170   -0.7840
   -0.3074   -0.8767    0.3699
   -0.7306    0.4665    0.4986
...    60 T-A ...
 -122.1936  -74.7496  105.4301
   -0.6960   -0.5832   -0.4189
    0.0830   -0.6448    0.7598
   -0.7133    0.4940    0.4972
...    61 T-A ...
 -124.5041  -72.9465  106.8551
   -0.5617   -0.8090    0.1733
    0.4899   -0.1565    0.8576
   -0.6667    0.5666    0.4842
...    62 A-T ...
 -126.4750  -70.6933  108.7450
   -0.1142   -0.5928    0.7972
    0.7892    0.4332    0.4352
   -0.6034    0.6789    0.4184
...    63 T-A ...
 -128.9599  -68.8483  109.8868
    0.3001   -0.2556    0.9190
    0.7508    0.6575   -0.0623
   -0.5884    0.7087    0.3892
...    64 A-T ...
 -130.8401  -66.1529  110.9501
    0.7226    0.2514    0.6440
    0.3821    0.6311   -0.6751
   -0.5761    0.7339    0.3599
...    65 A-T ...
 -132.6709  -63.8861  112.2289
    0.8399    0.5271    0.1296
   -0.0879    0.3677   -0.9258
   -0.5356    0.7661    0.3551
...    66 C-G ...
 -134.1815  -61.4560  113.9697
    0.6825    0.5939   -0.4260
   -0.5401    0.0171   -0.8414
   -0.4924    0.8044    0.3324
...    67 G-C ...
 -135.7844  -58.6349  114.4726
    0.3590    0.3578   -0.8621
   -0.8536   -0.2476   -0.4582
   -0.3774    0.9004    0.2165
...    68 G-C ...
 -136.7435  -55.4614  114.3768
   -0.1117    0.0475   -0.9926
   -0.9498   -0.2989    0.0926
   -0.2923    0.9531    0.0785
...    69 A-T ...
 -137.4699  -52.1921  114.4710
   -0.6694   -0.1498   -0.7277
   -0.6908   -0.2347    0.6838
   -0.2732    0.9605    0.0536
...    70 T-A ...
 -137.9821  -48.9718  113.9943
   -0.9463   -0.2173   -0.2396
   -0.2211   -0.1060    0.9695
   -0.2360    0.9703    0.0523
...    71 A-T ...
 -138.7099  -45.5868  113.9423
   -0.8749   -0.1587    0.4576
    0.4567    0.0448    0.8885
   -0.1615    0.9863    0.0333
...    72 T-A ...
 -139.6198  -42.4369  113.3709
   -0.4905   -0.0457    0.8702
    0.8643    0.1018    0.4925
   -0.1111    0.9938   -0.0105
...    73 C-G ...
 -140.2321  -39.1188  113.3084
    0.1761    0.0488    0.9832
    0.9813    0.0707   -0.1793
   -0.0782    0.9963   -0.0354
...    74 T-A ...
 -140.6696  -35.7693  113.4375
    0.6910    0.0259    0.7224
    0.7220    0.0218   -0.6915
   -0.0336    0.9994   -0.0036
...    75 C-G ...
 -140.8991  -32.3610  113.3395
    0.9870   -0.0128    0.1603
    0.1600   -0.0238   -0.9868
    0.0164    0.9996   -0.0214
...    76 G-C ...
 -140.5922  -29.0688  112.6108
    0.8898   -0.2672   -0.3700
   -0.3807    0.0124   -0.9246
    0.2517    0.9636   -0.0907
...    77 A-T ...
 -139.8445  -25.8765  112.1469
    0.4777   -0.2938   -0.8280
   -0.8304    0.1568   -0.5347
    0.2869    0.9429   -0.1690
...    78 G-C ...
 -138.5156  -22.9086  111.3736
   -0.0672   -0.2489   -0.9662
   -0.9438    0.3299   -0.0194
    0.3236    0.9106   -0.2571
...    79 C-G ...
 -137.0024  -20.0798  110.1582
   -0.6217   -0.0386   -0.7823
   -0.7096    0.4507    0.5416
    0.3317    0.8918   -0.3076
...    80 T-A ...
 -135.8594  -17.2200  108.9417
   -0.9139    0.2109   -0.3468
   -0.2263    0.4445    0.8667
    0.3370    0.8706   -0.3585
...    81 C-G ...
 -134.9420  -14.2030  107.9412
   -0.8499    0.4570    0.2622
    0.4093    0.2592    0.8748
    0.3319    0.8508   -0.4074
...    82 G-C ...
 -133.1298  -11.0953  107.5495
   -0.4318    0.5157    0.7400
    0.8474   -0.0491    0.5286
    0.3090    0.8554   -0.4158
...    83 G-C ...
 -132.1184   -8.2642  105.9404
    0.1358    0.3465    0.9282
    0.9224   -0.3862    0.0092
    0.3616    0.8549   -0.3721
...    84 G-C ...
 -131.0690   -5.3454  104.6514
    0.5912   -0.0123    0.8064
    0.6881   -0.5139   -0.5123
    0.4207    0.8578   -0.2954
...    85 A-T ...
 -129.8157   -2.3547  103.7863
    0.8738   -0.3499    0.3376
    0.1804   -0.4116   -0.8933
    0.4516    0.8415   -0.2966
...    86 T-A ...
 -128.2645    0.5273  103.4164
    0.8178   -0.5490   -0.1725
   -0.3065   -0.1618   -0.9380
    0.4870    0.8200   -0.3006
...    87 C-G ...
 -126.4209    3.1559  102.5509
    0.4467   -0.5758   -0.6848
   -0.7260    0.2141   -0.6536
    0.5229    0.7890   -0.3224
...    88 C-G ...
 -124.5413    5.6249  101.4517
   -0.0795   -0.4645   -0.8820
   -0.8357    0.5134   -0.1950
    0.5434    0.7216   -0.4290
...    89 G-C ...
 -123.1246    8.1721   99.7861
   -0.6077   -0.1668   -0.7765
   -0.6047    0.7309    0.3162
    0.5148    0.6617   -0.5451
...    90 C-G ...
 -121.3066   10.0348   97.4711
   -0.8504    0.2883   -0.4402
   -0.1187    0.7098    0.6943
    0.5126    0.6427   -0.5694
...    91 T-A ...
 -119.9092   12.1104   95.0070
   -0.7518    0.6576    0.0481
    0.4360    0.4411    0.7845
    0.4947    0.6107   -0.6183
...    92 T-A ...
 -118.4921   13.9772   92.7050
   -0.3006    0.8292    0.4712
    0.7996   -0.0502    0.5985
    0.5200    0.5566   -0.6479
...    93 T-A ...
 -117.0292   15.7866   90.3664
    0.2589    0.6604    0.7049
    0.8096   -0.5464    0.2145
    0.5268    0.5151   -0.6761
...    94 A-T ...
 -114.8251   16.8025   87.9677
    0.7314    0.1764    0.6587
    0.4444   -0.8560   -0.2642
    0.5172    0.4859   -0.7045
...    95 A-T ...
 -113.1989   18.4984   85.7756
    0.8503   -0.3633    0.3807
   -0.0794   -0.8038   -0.5896
    0.5202    0.4711   -0.7123
...    96 C-G ...
 -111.2754   20.4608   83.7877
    0.6548   -0.7558   -0.0079
   -0.5462   -0.4659   -0.6961
    0.5224    0.4601   -0.7179
...    97 A-T ...
 -109.4129   21.8251   81.2934
    0.1457   -0.9190   -0.3664
   -0.8202    0.0949   -0.5641
    0.5532    0.3827   -0.7399
...    98 C-G ...
 -107.0604   22.6192   79.0067
   -0.3393   -0.7298   -0.5935
   -0.7562    0.5869   -0.2894
    0.5595    0.3506   -0.7510
...    99 T-A ...
 -104.7372   23.2836   76.3269
   -0.7518   -0.2549   -0.6082
   -0.3931    0.9137    0.1030
    0.5294    0.3165   -0.7871
...   100 T-A ...
 -102.9605   23.9793   73.6594
   -0.8138    0.3589   -0.4571
    0.1406    0.8847    0.4444
    0.5639    0.2974   -0.7705
...   101 T-A ...
 -101.1721   24.7072   70.9952
   -0.5546    0.8221   -0.1285
    0.5899    0.4974    0.6361
    0.5869    0.2770   -0.7608
...   102 A-T ...
  -98.8533   25.6271   68.5602
    0.0361    0.9519    0.3043
    0.7940   -0.2123    0.5696
    0.6068    0.2211   -0.7635
...   103 T-A ...
  -97.4643   26.6475   65.7900
    0.4054    0.7173    0.5666
    0.6750   -0.6529    0.3436
    0.6164    0.2432   -0.7489
...   104 G-C ...
  -95.4438   27.7265   63.3784
    0.6725    0.1418    0.7263
    0.3066   -0.9467   -0.0991
    0.6736    0.2893   -0.6801
...   105 C-G ...
  -93.1094   28.9967   61.4159
    0.6960   -0.4278    0.5767
   -0.1300   -0.8650   -0.4847
    0.7062    0.2624   -0.6576
...   106 T-A ...
  -90.4070   30.0966   59.5159
    0.4653   -0.8615    0.2035
   -0.4870   -0.4411   -0.7539
    0.7392    0.2517   -0.6247
...   107 T-A ...
  -87.8664   30.8509   57.6982
    0.0698   -0.9692   -0.2361
   -0.6457    0.1365   -0.7513
    0.7604    0.2049   -0.6163
...   108 C-G ...
  -85.1995   31.3070   55.6967
   -0.3600   -0.6915   -0.6263
   -0.5424    0.7014   -0.4625
    0.7591    0.1732   -0.6275
...   109 C-G ...
  -82.7005   31.6519   53.5516
   -0.6668   -0.2093   -0.7153
   -0.2383    0.9692   -0.0614
    0.7061    0.1295   -0.6962
...   110 G-C ...
  -80.6715   32.4021   51.2937
   -0.7512    0.3338   -0.5694
    0.1802    0.9337    0.3095
    0.6350    0.1299   -0.7615
...   111 G-C ...
  -78.8460   32.8276   48.4740
   -0.5488    0.7993   -0.2449
    0.5890    0.5776    0.5652
    0.5932    0.1659   -0.7878
...   112 C-G ...
  -77.3402   33.3181   45.5061
   -0.1387    0.9781    0.1552
    0.7995    0.0181    0.6004
    0.5844    0.2073   -0.7845
...   113 T-A ...
  -75.5528   34.0488   42.7835
    0.2957    0.8167    0.4955
    0.7534   -0.5183    0.4047
    0.5873    0.2537   -0.7686
...   114 C-G ...
  -73.4866   34.8537   40.2720
    0.6759    0.3249    0.6615
    0.4321   -0.9018    0.0014
    0.5970    0.2849   -0.7499
...   115 G-C ...
  -71.3085   35.2797   37.7429
    0.7479   -0.3135    0.5851
   -0.0527   -0.9067   -0.4185
    0.6617    0.2822   -0.6947
...   116 T-A ...
  -68.7199   36.5863   36.0302
    0.5618   -0.7758    0.2874
   -0.4511   -0.5785   -0.6796
    0.6935    0.2521   -0.6749
...   117 A-T ...
  -66.0656   37.4372   34.0497
    0.1342   -0.9795   -0.1503
   -0.6758    0.0205   -0.7368
    0.7248    0.2004   -0.6592
...   118 T-A ...
  -63.2420   37.8735   32.4075
   -0.2284   -0.8165   -0.5302
   -0.6426    0.5356   -0.5479
    0.7313    0.2156   -0.6471
...   119 A-T ...
  -60.8359   38.9660   30.1245
   -0.5593   -0.2028   -0.8038
   -0.3179    0.9479   -0.0180
    0.7656    0.2455   -0.5946
...   120 A-T ...
  -58.2776   39.4206   28.1563
   -0.6272    0.3957   -0.6709
    0.0632    0.8844    0.4625
    0.7763    0.2476   -0.5797
...   121 T-A ...
  -55.8724   39.7235   25.8327
   -0.4808    0.8141   -0.3255
    0.3825    0.5288    0.7576
    0.7890    0.2398   -0.5657
...   122 G-C ...
  -53.1747   40.5323   23.7777
   -0.1950    0.9470    0.2552
    0.5902   -0.0946    0.8017
    0.7834    0.3069   -0.5405
...   123 T-A ...
  -50.8935   41.6479   21.6542
    0.1263    0.7452    0.6548
    0.5906   -0.5869    0.5539
    0.7970    0.3167   -0.5142
...   124 G-C ...
  -48.1813   42.7748   19.9392
    0.3782    0.2148    0.9004
    0.4208   -0.9063    0.0394
    0.8245    0.3640   -0.4332
...   125 T-A ...
  -45.7332   44.3551   18.6341
    0.4914   -0.3237    0.8086
    0.1703   -0.8748   -0.4537
    0.8541    0.3606   -0.3747
...   126 C-G ...
  -42.9352   45.4604   17.6124
    0.4968   -0.7812    0.3780
   -0.1321   -0.4986   -0.8567
    0.8578    0.3757   -0.3509
...   127 G-C ...
  -40.1041   46.2489   15.9216
    0.2288   -0.9647   -0.1308
   -0.3118    0.0546   -0.9486
    0.9222    0.2578   -0.2882
...   128 A-T ...
  -37.1151   47.0341   15.0479
    0.0035   -0.7302   -0.6832
   -0.3814    0.6306   -0.6760
    0.9244    0.2629   -0.2763
...   129 C-G ...
  -33.8275   47.2522   14.5689
   -0.2301   -0.2731   -0.9341
   -0.3110    0.9301   -0.1954
    0.9221    0.2456   -0.2990
...   130 C-G ...
  -30.6673   47.6966   13.3308
   -0.4270    0.2771   -0.8607
   -0.1007    0.9314    0.3498
    0.8986    0.2361   -0.3698
...   131 A-T ...
  -27.5410   49.1328   12.9712
   -0.3953    0.8095   -0.4342
    0.1672    0.5282    0.8325
    0.9032    0.2565   -0.3441
...   132 A-T ...
  -24.6096   49.9310   11.7094
   -0.2176    0.9652    0.1447
    0.3591   -0.0587    0.9315
    0.9076    0.2547   -0.3338
...   133 A-T ...
  -21.7894   50.8393   10.2899
    0.0644    0.7458    0.6631
    0.3983   -0.6284    0.6681
    0.9150    0.2211   -0.3375
...   134 T-A ...
  -19.0082   52.0402    8.9385
    0.2450    0.2904    0.9250
    0.3072   -0.9282    0.2101
    0.9196    0.2327   -0.3166
...   135 G-C ...
  -16.4568   53.8980    7.5291
    0.5336   -0.3334    0.7773
    0.0348   -0.9096   -0.4140
    0.8450    0.2479   -0.4738
...   136 T-A ...
  -14.1680   56.5697    6.1949
    0.5795   -0.7269    0.3684
   -0.3140   -0.6163   -0.7222
    0.7521    0.3028   -0.5854
...   137 G-C ...
  -11.6468   58.0146    4.7337
    0.2454   -0.9541   -0.1717
   -0.6318   -0.0231   -0.7748
    0.7352    0.2986   -0.6085
...   138 A-T ...
   -8.6697   58.7288    3.6171
   -0.0344   -0.7815   -0.6230
   -0.6534    0.4892   -0.5777
    0.7562    0.3872   -0.5274
...   139 G-C ...
   -6.3210   59.0879    1.6441
   -0.2967   -0.3277   -0.8970
   -0.5657    0.8170   -0.1114
    0.7694    0.4744   -0.4278
...   140 C-G ...
   -3.4295   60.2436    1.0436
   -0.4424    0.2288   -0.8671
   -0.1682    0.9286    0.3309
    0.8809    0.2922   -0.3723
...   141 G-C ...
   -0.6892   63.9062   -2.2355
   -0.9992    0.0156   -0.0375
   -0.0024    0.8991    0.4378
    0.0405    0.4375   -0.8983
...   142 C-G ...
   -0.9979   65.6136   -4.9248
   -0.8337    0.5217    0.1810
    0.5169    0.6220    0.5881
    0.1942    0.5839   -0.7882
...   143 T-A ...
   -0.1243   66.2249   -7.8041
   -0.3751    0.8568    0.3538
    0.8856    0.2185    0.4098
    0.2739    0.4670   -0.8408
...   144 C-G ...
   -0.1579   67.4196  -10.7921
    0.1799    0.8792    0.4411
    0.9276   -0.3009    0.2214
    0.3274    0.3694   -0.8697
...   145 A-T ...
    0.5354   69.2486  -13.4513
    0.7352    0.4961    0.4620
    0.6117   -0.7791   -0.1369
    0.2921    0.3832   -0.8763
...   146 C-G ...
    1.4422   72.1063  -15.5858
    0.9808    0.0622    0.1849
    0.1266   -0.9240   -0.3608
    0.1484    0.3773   -0.9141
...   147 A-T ...
    2.3151   74.2409  -18.3713
    0.8657   -0.4292   -0.2574
   -0.4984   -0.7868   -0.3642
   -0.0462    0.4436   -0.8950
