  147 base-pairs
...     1 A-T ...
    0.0000    0.0000    0.0000
    1.0000    0.0000    0.0000
    0.0000    1.0000    0.0000
    0.0000    0.0000    1.0000
...     2 G-C ...
   -0.1394   -1.2357    3.2268
    0.7529    0.6366    0.1670
   -0.6386    0.7680   -0.0486
   -0.1592   -0.0700    0.9848
...     3 T-A ...
   -0.0365   -3.2932    6.3751
    0.2722    0.9301    0.2466
   -0.9238    0.3243   -0.2033
   -0.2691   -0.1725    0.9475
...     4 G-C ...
   -0.3505   -4.1660    9.4928
   -0.3756    0.9250    0.0579
   -0.8781   -0.3352   -0.3415
   -0.2965   -0.1791    0.9381
...     5 A-T ...
   -0.4462   -4.1476   12.7498
   -0.8116    0.5840   -0.0165
   -0.5523   -0.7762   -0.3042
   -0.1905   -0.2378    0.9524
...     6 G-C ...
   -1.5908   -4.1730   15.6201
   -0.9976    0.0246   -0.0651
   -0.0043   -0.9555   -0.2950
   -0.0695   -0.2940    0.9533
...     7 C-G ...
   -1.1030   -4.4824   18.7362
   -0.8441   -0.5304   -0.0787
    0.5345   -0.8441   -0.0432
   -0.0435   -0.0785    0.9960
...     8 G-C ...
   -2.4028   -7.7290   23.1475
   -0.2754   -0.3293   -0.9032
    0.6650   -0.7437    0.0684
   -0.6942   -0.5818    0.4238
...     9 C-G ...
   -4.4690   -9.9728   24.1132
    0.1145   -0.7025   -0.7024
    0.8512   -0.2952    0.4340
   -0.5122   -0.6476    0.5642
...    10 T-A ...
   -6.7405  -10.8752   25.9697
    0.4841   -0.8363   -0.2574
    0.6595    0.1553    0.7355
   -0.5751   -0.5258    0.6267
...    11 C-G ...
   -9.1656  -12.6208   27.1640
    0.7073   -0.6682    0.2307
    0.3448    0.6110    0.7126
   -0.6171   -0.4245    0.6626
...    12 A-T ...
  -10.9234  -14.6633   29.0693
    0.7515   -0.1377    0.6452
   -0.2029    0.8824    0.4246
   -0.6277   -0.4500    0.6352
...    13 C-G ...
  -11.8476  -17.4863   31.2451
    0.4295    0.2823    0.8578
   -0.5708    0.8209    0.0156
   -0.6998   -0.4963    0.5137
...    14 A-T ...
  -13.5897  -19.7827   33.4259
   -0.1504    0.6104    0.7777
   -0.6874    0.5008   -0.5260
   -0.7106   -0.6136    0.3443
...    15 A-T ...
  -15.7336  -21.8956   34.6855
   -0.5495    0.7733    0.3163
   -0.4484    0.0464   -0.8926
   -0.7050   -0.6323    0.3213
...    16 T-A ...
  -17.8102  -23.8576   36.3497
   -0.7057    0.6800   -0.1989
   -0.0872   -0.3620   -0.9281
   -0.7031   -0.6376    0.3148
...    17 T-A ...
  -20.0994  -25.8320   37.5516
   -0.6189    0.3335   -0.7112
    0.3536   -0.6901   -0.6314
   -0.7014   -0.6422    0.3092
...    18 T-A ...
  -22.4857  -27.7586   38.6315
   -0.2858   -0.1362   -0.9485
    0.6519   -0.7532   -0.0883
   -0.7024   -0.6436    0.3041
...    19 A-T ...
  -24.5874  -30.2251   39.6610
    0.2184   -0.5757   -0.7880
    0.6727   -0.4961    0.5489
   -0.7069   -0.6500    0.2789
...    20 T-A ...
  -27.2666  -32.1253   40.0382
    0.5371   -0.7519   -0.3823
    0.4558   -0.1227    0.8816
   -0.7098   -0.6477    0.2768
...    21 T-A ...
  -29.6578  -34.2464   40.6849
    0.6895   -0.6890    0.2232
    0.0466    0.3497    0.9357
   -0.7228   -0.6347    0.2733
...    22 C-G ...
  -31.9905  -36.4458   41.5240
    0.5831   -0.3198    0.7468
   -0.3924    0.6941    0.6036
   -0.7114   -0.6450    0.2792
...    23 G-C ...
  -34.5688  -38.3307   42.6884
    0.3015    0.2073    0.9307
   -0.6742    0.7365    0.0544
   -0.6742   -0.6439    0.3618
...    24 C-G ...
  -36.5005  -40.7522   43.9725
   -0.1072    0.6142    0.7818
   -0.7273    0.4877   -0.4829
   -0.6779   -0.6204    0.3945
...    25 A-T ...
  -38.9781  -42.7307   45.1032
   -0.4562    0.8380    0.2994
   -0.5315    0.0132   -0.8469
   -0.7137   -0.5455    0.4394
...    26 A-T ...
  -41.2210  -44.4418   46.7167
   -0.6772    0.6880   -0.2609
   -0.1603   -0.4840   -0.8602
   -0.7181   -0.5407    0.4381
...    27 A-T ...
  -43.5845  -46.0329   48.2796
   -0.6378    0.2723   -0.7204
    0.2657   -0.8001   -0.5377
   -0.7229   -0.5344    0.4380
...    28 G-C ...
  -46.1785  -47.5547   49.7279
   -0.3404   -0.1865   -0.9216
    0.5580   -0.8290   -0.0383
   -0.7568   -0.5273    0.3862
...    29 G-C ...
  -48.9558  -49.2193   50.7480
    0.0892   -0.5901   -0.8024
    0.6247   -0.5943    0.5065
   -0.7757   -0.5464    0.3157
...    30 C-G ...
  -51.7556  -50.9558   51.4045
    0.4497   -0.8092   -0.3780
    0.4492   -0.1609    0.8788
   -0.7720   -0.5650    0.2911
...    31 C-G ...
  -54.3789  -53.0179   52.0920
    0.6702   -0.7209    0.1764
    0.0960    0.3198    0.9426
   -0.7359   -0.6148    0.2835
...    32 G-C ...
  -56.8676  -54.9097   53.4245
    0.6606   -0.3380    0.6704
   -0.3224    0.6786    0.6599
   -0.6780   -0.6521    0.3393
...    33 G-C ...
  -59.0463  -57.3196   54.4417
    0.4158    0.1601    0.8952
   -0.6397    0.7512    0.1628
   -0.6464   -0.6404    0.4148
...    34 C-G ...
  -60.8747  -59.7449   55.8366
    0.0207    0.5895    0.8075
   -0.7617    0.5325   -0.3692
   -0.6477   -0.6074    0.4600
...    35 C-G ...
  -62.8600  -61.8446   57.6030
   -0.3401    0.8456    0.4115
   -0.6557    0.1005   -0.7483
   -0.6741   -0.5243    0.5203
...    36 C-G ...
  -65.0609  -63.4252   59.6184
   -0.5779    0.8054   -0.1319
   -0.3778   -0.4072   -0.8316
   -0.7234   -0.4308    0.5396
...    37 G-C ...
  -67.7789  -64.8849   61.0454
   -0.6016    0.4667   -0.6483
   -0.0251   -0.8222   -0.5687
   -0.7984   -0.3258    0.5063
...    38 A-T ...
  -70.5234  -65.8324   62.6277
   -0.4733   -0.1257   -0.8719
    0.3210   -0.9463   -0.0378
   -0.8203   -0.2978    0.4882
...    39 C-G ...
  -73.5474  -66.2621   64.0136
   -0.2142   -0.6221   -0.7530
    0.5088   -0.7292    0.4576
   -0.8338   -0.2851    0.4728
...    40 A-T ...
  -76.1452  -67.4798   65.7513
    0.1749   -0.9263   -0.3338
    0.5118   -0.2041    0.8345
   -0.8411   -0.3168    0.4384
...    41 C-G ...
  -79.2123  -68.5920   66.6205
    0.4253   -0.8859    0.1852
    0.3308    0.3427    0.8793
   -0.8424   -0.3127    0.4389
...    42 G-C ...
  -81.9765  -69.3367   68.4490
    0.6006   -0.4850    0.6356
    0.0248    0.8059    0.5915
   -0.7991   -0.3395    0.4961
...    43 A-T ...
  -84.6800  -70.4855   69.9637
    0.5167    0.1166    0.8482
   -0.3284    0.9419    0.0706
   -0.7907   -0.3150    0.5250
...    44 C-G ...
  -86.9890  -72.0586   71.7508
    0.2941    0.6208    0.7268
   -0.5517    0.7312   -0.4013
   -0.7805   -0.2830    0.5575
...    45 T-A ...
  -89.3737  -73.0617   73.8377
    0.0221    0.9417    0.3357
   -0.6375    0.2719   -0.7209
   -0.7701   -0.1981    0.6064
...    46 T-A ...
  -91.7589  -73.6426   75.9423
   -0.3119    0.9346   -0.1710
   -0.5460   -0.3236   -0.7727
   -0.7775   -0.1476    0.6113
...    47 A-T ...
  -94.5274  -74.0403   77.8082
   -0.5093    0.5529   -0.6595
   -0.2871   -0.8316   -0.4755
   -0.8113   -0.0528    0.5823
...    48 C-G ...
  -97.1428  -73.5287   79.8009
   -0.5638    0.0140   -0.8258
    0.0034   -0.9998   -0.0193
   -0.8259   -0.0137    0.5637
...    49 T-A ...
 -100.0447  -73.2740   81.4436
   -0.4447   -0.5482   -0.7083
    0.2734   -0.8362    0.4755
   -0.8529    0.0178    0.5217
...    50 G-C ...
 -102.7954  -73.6131   83.3375
   -0.1646   -0.9492   -0.2682
    0.4605   -0.3144    0.8301
   -0.8723    0.0131    0.4888
...    51 T-A ...
 -106.0140  -73.5491   84.4051
    0.1063   -0.9629    0.2481
    0.4827    0.2681    0.8338
   -0.8693    0.0311    0.4933
...    52 A-T ...
 -108.6941  -72.7516   86.4777
    0.3327   -0.4924    0.8043
    0.3283    0.8600    0.3907
   -0.8840    0.1341    0.4478
...    53 G-C ...
 -111.7106  -72.5346   87.9192
    0.5120    0.0655    0.8565
    0.1140    0.9831   -0.1433
   -0.8514    0.1710    0.4958
...    54 G-C ...
 -114.6637  -72.1821   89.5657
    0.5779    0.5862    0.5678
   -0.1774    0.7693   -0.6137
   -0.7966    0.2539    0.5486
...    55 T-A ...
 -117.0114  -71.6612   91.8177
    0.4473    0.8873    0.1121
   -0.4571    0.3345   -0.8241
   -0.7687    0.3174    0.5553
...    56 A-T ...
 -119.4582  -70.3587   93.7020
    0.2220    0.8512   -0.4756
   -0.6698   -0.2213   -0.7088
   -0.7085    0.4759    0.5210
...    57 T-A ...
 -121.2490  -68.4856   95.6896
   -0.1267    0.5990   -0.7906
   -0.7048   -0.6152   -0.3532
   -0.6980    0.5125    0.5001
...    58 C-G ...
 -123.5527  -66.6007   97.0833
   -0.5016    0.0875   -0.8607
   -0.5253   -0.8213    0.2227
   -0.6874    0.5638    0.4579
...    59 T-A ...
 -125.8203  -64.4483   98.2649
   -0.6907   -0.4038   -0.5999
   -0.2003   -0.6904    0.6952
   -0.6949    0.6003    0.3959
...    60 C-G ...
 -128.2464  -62.4710   99.3933
   -0.6855   -0.7278   -0.0230
    0.2575   -0.2718    0.9272
   -0.6810    0.6297    0.3738
...    61 G-C ...
 -130.3383  -60.4248  101.1258
   -0.3781   -0.7490    0.5442
    0.6139    0.2372    0.7529
   -0.6930    0.6187    0.3701
...    62 A-T ...
 -132.6628  -58.2797  102.1727
    0.0781   -0.4236    0.9025
    0.7388    0.6324    0.2329
   -0.6694    0.6485    0.3624
...    63 G-C ...
 -135.0728  -56.2639  103.3382
    0.5124   -0.0272    0.8583
    0.5942    0.7328   -0.3315
   -0.6200    0.6799    0.3917
...    64 C-G ...
 -137.4054  -54.3035  104.7250
    0.7971    0.3442    0.4961
    0.2218    0.5973   -0.7708
   -0.5616    0.7244    0.3998
...    65 T-A ...
 -139.1640  -51.9700  106.3000
    0.8472    0.5293   -0.0462
   -0.2474    0.3161   -0.9159
   -0.4702    0.7874    0.3987
...    66 C-G ...
 -140.5935  -49.3369  107.6018
    0.5775    0.5380   -0.6141
   -0.7099   -0.0406   -0.7031
   -0.4032    0.8420    0.3585
...    67 G-C ...
 -141.9581  -46.3112  108.3135
    0.1386    0.2745   -0.9515
   -0.9440   -0.2538   -0.2107
   -0.2994    0.9275    0.2240
...    68 G-C ...
 -142.6334  -42.9881  108.5174
   -0.3854   -0.0036   -0.9227
   -0.8851   -0.2812    0.3708
   -0.2608    0.9597    0.1052
...    69 G-C ...
 -143.5157  -39.7002  108.2281
   -0.8064   -0.2177   -0.5499
   -0.5295   -0.1482    0.8352
   -0.2633    0.9647    0.0042
...    70 A-T ...
 -144.4798  -36.5073  108.0377
   -0.9667   -0.2370    0.0960
    0.0860    0.0523    0.9949
   -0.2408    0.9701   -0.0302
...    71 T-A ...
 -145.4435  -33.3997  107.2402
   -0.7788   -0.1155    0.6166
    0.5974    0.1632    0.7851
   -0.1913    0.9798   -0.0581
...    72 C-G ...
 -146.0953  -30.1385  106.9033
   -0.2308    0.0416    0.9721
    0.9598    0.1736    0.2205
   -0.1596    0.9839   -0.0800
...    73 C-G ...
 -146.8335  -26.8354  106.4456
    0.3755    0.0786    0.9235
    0.9205    0.0844   -0.3815
   -0.1079    0.9933   -0.0406
...    74 G-C ...
 -146.9025  -23.4865  105.7740
    0.8489   -0.0094    0.5285
    0.5280   -0.0292   -0.8487
    0.0234    0.9995   -0.0198
...    75 C-G ...
 -147.0139  -20.1776  106.0744
    0.9943   -0.1023   -0.0313
   -0.0354   -0.0384   -0.9986
    0.1010    0.9940   -0.0418
...    76 T-A ...
 -146.4144  -16.9235  106.1382
    0.8009   -0.2213   -0.5564
   -0.5618    0.0440   -0.8261
    0.2073    0.9742   -0.0891
...    77 T-A ...
 -145.5364  -13.8324  105.8559
    0.3215   -0.2219   -0.9205
   -0.9125    0.1870   -0.3638
    0.2528    0.9570   -0.1424
...    78 T-A ...
 -144.4933  -10.8226  105.2925
   -0.2734   -0.1085   -0.9558
   -0.9216    0.3140    0.2280
    0.2754    0.9432   -0.1859
...    79 A-T ...
 -143.8393   -7.5768  104.5984
   -0.8003    0.1008   -0.5911
   -0.5240    0.3618    0.7711
    0.2916    0.9268   -0.2368
...    80 A-T ...
 -142.7989   -4.6716  103.5192
   -0.9373    0.3476   -0.0244
    0.0632    0.2384    0.9691
    0.3426    0.9068   -0.2454
...    81 C-G ...
 -141.8762   -1.7540  102.0622
   -0.7390    0.4410    0.5094
    0.5739    0.0159    0.8188
    0.3529    0.8974   -0.2648
...    82 A-T ...
 -140.3191    1.1248  101.3863
   -0.2332    0.3396    0.9112
    0.9046   -0.2682    0.3315
    0.3569    0.9015   -0.2447
...    83 C-G ...
 -139.6948    4.2917  100.4507
    0.3008    0.1349    0.9441
    0.8762   -0.4300   -0.2177
    0.3766    0.8927   -0.2476
...    84 T-A ...
 -138.6002    7.3685   99.7636
    0.7097   -0.1765    0.6821
    0.5569   -0.4524   -0.6965
    0.4315    0.8742   -0.2228
...    85 T-A ...
 -137.2716   10.2644   99.1739
    0.8861   -0.4353    0.1593
    0.0342   -0.2813   -0.9590
    0.4622    0.8552   -0.2344
...    86 T-A ...
 -135.6902   13.0139   98.5601
    0.7185   -0.5654   -0.4051
   -0.4784    0.0211   -0.8779
    0.5049    0.8245   -0.2554
...    87 A-T ...
 -133.7686   15.5702   97.5713
    0.2295   -0.5662   -0.7917
   -0.7756    0.3850   -0.5002
    0.5880    0.7288   -0.3508
...    88 T-A ...
 -131.3295   17.5085   96.5561
   -0.2150   -0.3087   -0.9265
   -0.7721    0.6347   -0.0323
    0.5980    0.7085   -0.3748
...    89 G-C ...
 -129.5905   19.9173   94.9794
   -0.6806    0.0635   -0.7299
   -0.4560    0.7431    0.4898
    0.5735    0.6662   -0.4768
...    90 C-G ...
 -127.7404   21.8449   92.9423
   -0.8303    0.4606   -0.3137
    0.0332    0.6028    0.7972
    0.5563    0.6515   -0.5158
...    91 T-A ...
 -126.0552   23.9014   90.8934
   -0.6772    0.7095    0.1949
    0.5097    0.2614    0.8197
    0.5306    0.6544   -0.5387
...    92 T-A ...
 -124.4691   25.9181   88.8585
   -0.1986    0.7613    0.6172
    0.8047   -0.2328    0.5462
    0.5595    0.6051   -0.5664
...    93 C-G ...
 -122.6735   27.8987   86.8841
    0.3402    0.4523    0.8244
    0.7441   -0.6655    0.0580
    0.5749    0.5937   -0.5630
...    94 C-G ...
 -120.9009   30.0478   84.9440
    0.6557   -0.0512    0.7533
    0.4119   -0.8119   -0.4137
    0.6328    0.5815   -0.5113
...    95 G-C ...
 -118.6828   31.6304   82.9158
    0.6864   -0.5797    0.4391
   -0.0478   -0.6385   -0.7682
    0.7256    0.5063   -0.4660
...    96 T-A ...
 -116.1241   33.4768   81.9410
    0.5152   -0.8569   -0.0155
   -0.4082   -0.2295   -0.8836
    0.7536    0.4616   -0.4680
...    97 C-G ...
 -113.5633   34.8620   80.4306
    0.1248   -0.8503   -0.5112
   -0.6190    0.3359   -0.7099
    0.7754    0.4051   -0.4844
...    98 A-T ...
 -111.0569   36.1154   78.5708
   -0.3456   -0.5388   -0.7683
   -0.5348    0.7858   -0.3106
    0.7711    0.3035   -0.5597
...    99 T-A ...
 -108.2989   36.4506   76.7942
   -0.5761   -0.0552   -0.8155
   -0.2689    0.9550    0.1253
    0.7719    0.2915   -0.5650
...   100 G-C ...
 -105.9148   37.6596   74.7642
   -0.6747    0.5053   -0.5380
    0.1645    0.8135    0.5578
    0.7196    0.2878   -0.6319
...   101 T-A ...
 -103.7950   38.2061   72.2165
   -0.4802    0.8657   -0.1410
    0.5125    0.4074    0.7559
    0.7119    0.2908   -0.6393
...   102 T-A ...
 -101.6325   39.0205   69.9058
   -0.0499    0.9485    0.3127
    0.6893   -0.1939    0.6981
    0.7228    0.2503   -0.6441
...   103 A-T ...
  -98.8283   39.4302   67.9735
    0.4515    0.5853    0.6735
    0.5274   -0.7839    0.3277
    0.7197    0.2073   -0.6626
...   104 T-A ...
  -96.7770   40.6946   65.7073
    0.6653    0.0894    0.7412
    0.2061   -0.9762   -0.0673
    0.7176    0.1976   -0.6679
...   105 A-T ...
  -94.3905   40.9224   63.2974
    0.6257   -0.5645    0.5383
   -0.2750   -0.8055   -0.5249
    0.7299    0.1804   -0.6593
...   106 A-T ...
  -91.9140   41.6052   61.3092
    0.3379   -0.9316    0.1339
   -0.5903   -0.3206   -0.7408
    0.7330    0.1713   -0.6583
...   107 C-G ...
  -89.0894   42.1112   59.6365
   -0.0602   -0.9624   -0.2649
   -0.6677    0.2361   -0.7060
    0.7420    0.1344   -0.6568
...   108 G-C ...
  -86.8826   42.4957   57.0835
   -0.5127   -0.6562   -0.5537
   -0.4730    0.7540   -0.4558
    0.7166    0.0282   -0.6969
...   109 G-C ...
  -84.5047   42.1879   54.6712
   -0.7419   -0.1158   -0.6604
   -0.0766    0.9932   -0.0882
    0.6661   -0.0148   -0.7457
...   110 A-T ...
  -82.3593   42.0290   52.1543
   -0.6465    0.5153   -0.5627
    0.4009    0.8569    0.3241
    0.6492   -0.0160   -0.7605
...   111 G-C ...
  -80.4019   41.7913   49.4442
   -0.3467    0.9040   -0.2504
    0.6978    0.4269    0.5752
    0.6268    0.0247   -0.7788
...   112 C-G ...
  -78.6542   41.8240   46.5820
    0.0865    0.9851    0.1483
    0.7750   -0.1601    0.6113
    0.6260    0.0621   -0.7774
...   113 T-A ...
  -76.7748   42.2355   43.8473
    0.4661    0.7269    0.5043
    0.6079   -0.6773    0.4144
    0.6428    0.1134   -0.7576
...   114 C-G ...
  -74.6675   42.6806   41.3440
    0.7179    0.1609    0.6773
    0.2022   -0.9792    0.0182
    0.6661    0.1239   -0.7355
...   115 G-C ...
  -72.3073   42.6595   38.8983
    0.6247   -0.4503    0.6379
   -0.2290   -0.8867   -0.4016
    0.7465    0.1048   -0.6571
...   116 T-A ...
  -69.5790   43.3958   37.1461
    0.3771   -0.8624    0.3378
   -0.5245   -0.4994   -0.6895
    0.7633    0.0829   -0.6407
...   117 A-T ...
  -67.2714   43.5312   34.6448
   -0.0567   -0.9804   -0.1885
   -0.6354    0.1811   -0.7507
    0.7701    0.0772   -0.6332
...   118 T-A ...
  -64.3715   43.4642   33.0505
   -0.3739   -0.7391   -0.5603
   -0.5099    0.6684   -0.5415
    0.7747    0.0832   -0.6268
...   119 A-T ...
  -61.9199   44.1816   30.7791
   -0.5940   -0.1084   -0.7971
   -0.1395    0.9897   -0.0306
    0.7922    0.0930   -0.6031
...   120 A-T ...
  -59.3400   44.2125   28.7786
   -0.5377    0.5051   -0.6751
    0.2318    0.8584    0.4576
    0.8107    0.0895   -0.5786
...   121 T-A ...
  -56.9496   44.0120   26.4906
   -0.3282    0.8813   -0.3401
    0.4729    0.4649    0.7485
    0.8177    0.0849   -0.5693
...   122 G-C ...
  -54.1059   44.4545   24.7575
   -0.0576    0.9734    0.2219
    0.5862   -0.1469    0.7967
    0.8081    0.1760   -0.5622
...   123 T-A ...
  -51.8241   45.3010   22.4867
    0.2368    0.7322    0.6386
    0.5225   -0.6501    0.5516
    0.8191    0.2031   -0.5365
...   124 G-C ...
  -48.9091   45.8868   20.9136
    0.4038    0.1862    0.8957
    0.3095   -0.9491    0.0577
    0.8609    0.2539   -0.4409
...   125 T-A ...
  -46.1897   47.3058   19.6719
    0.4697   -0.3650    0.8038
    0.0547   -0.8967   -0.4392
    0.8811    0.2503   -0.4013
...   126 C-G ...
  -43.2147   48.0963   18.5087
    0.3764   -0.8412    0.3881
   -0.2148   -0.4867   -0.8467
    0.9012    0.2354   -0.3639
...   127 G-C ...
  -40.2041   48.4814   16.9732
    0.1033   -0.9830   -0.1517
   -0.3337    0.1095   -0.9363
    0.9370    0.1474   -0.3167
...   128 A-T ...
  -37.0583   48.8327   15.9798
   -0.1269   -0.7074   -0.6953
   -0.3086    0.6943   -0.6501
    0.9427    0.1321   -0.3064
...   129 C-G ...
  -33.7840   48.6726   15.2044
   -0.2755   -0.2085   -0.9384
   -0.1808    0.9700   -0.1625
    0.9441    0.1249   -0.3050
...   130 C-G ...
  -30.5785   48.8183   14.0552
   -0.3783    0.3777   -0.8451
    0.0171    0.9157    0.4016
    0.9255    0.1375   -0.3528
...   131 A-T ...
  -27.4358   49.4857   13.0875
   -0.3583    0.8411   -0.4052
    0.2387    0.5021    0.8312
    0.9026    0.2011   -0.3807
...   132 A-T ...
  -24.5708   50.0543   11.6527
   -0.1516    0.9750    0.1625
    0.3871   -0.0927    0.9174
    0.9095    0.2019   -0.3634
...   133 A-T ...
  -21.7075   50.7903   10.3161
    0.0779    0.7327    0.6761
    0.3988   -0.6445    0.6524
    0.9137    0.2188   -0.3423
...   134 T-A ...
  -19.0083   52.0402    8.9385
    0.2450    0.2904    0.9250
    0.3072   -0.9282    0.2101
    0.9196    0.2327   -0.3166
...   135 G-C ...
  -16.4569   53.8980    7.5291
    0.5336   -0.3334    0.7773
    0.0348   -0.9096   -0.4140
    0.8450    0.2479   -0.4738
...   136 T-A ...
  -14.1681   56.5697    6.1949
    0.5795   -0.7269    0.3684
   -0.3140   -0.6163   -0.7222
    0.7521    0.3028   -0.5854
...   137 G-C ...
  -11.6469   58.0146    4.7337
    0.2454   -0.9541   -0.1717
   -0.6318   -0.0231   -0.7748
    0.7352    0.2986   -0.6085
...   138 A-T ...
   -8.6698   58.7288    3.6171
   -0.0344   -0.7815   -0.6230
   -0.6534    0.4892   -0.5777
    0.7562    0.3872   -0.5274
...   139 G-C ...
   -6.3211   59.0879    1.6441
   -0.2967   -0.3277   -0.8970
   -0.5657    0.8170   -0.1114
    0.7694    0.4744   -0.4278
...   140 C-G ...
   -3.4296   60.2436    1.0436
   -0.4424    0.2288   -0.8671
   -0.1682    0.9286    0.3309
    0.8809    0.2922   -0.3723
...   141 G-C ...
   -0.6893   63.9062   -2.2355
   -0.9992    0.0156   -0.0375
   -0.0024    0.8991    0.4378
    0.0405    0.4375   -0.8983
...   142 C-G ...
   -0.9980   65.6137   -4.9248
   -0.8337    0.5217    0.1810
    0.5169    0.6220    0.5881
    0.1942    0.5839   -0.7882
...   143 T-A ...
   -0.1244   66.2250   -7.8041
   -0.3751    0.8568    0.3538
    0.8856    0.2185    0.4098
    0.2739    0.4670   -0.8408
...   144 C-G ...
   -0.1580   67.4196  -10.7921
    0.1799    0.8792    0.4411
    0.9276   -0.3009    0.2214
    0.3274    0.3694   -0.8697
...   145 A-T ...
    0.5353   69.2486  -13.4513
    0.7352    0.4961    0.4620
    0.6117   -0.7791   -0.1369
    0.2921    0.3832   -0.8763
...   146 C-G ...
    1.4421   72.1063  -15.5858
    0.9808    0.0622    0.1849
    0.1266   -0.9240   -0.3608
    0.1484    0.3773   -0.9141
...   147 A-T ...
    2.3150   74.2410  -18.3713
    0.8657   -0.4292   -0.2574
   -0.4984   -0.7868   -0.3642
   -0.0462    0.4436   -0.8950
