  147 base-pairs
...     1 A-T ...
    0.0000    0.0000    0.0000
    1.0000    0.0000    0.0000
    0.0000    1.0000    0.0000
    0.0000    0.0000    1.0000
...     2 G-C ...
   -0.1394   -1.2357    3.2268
    0.7529    0.6366    0.1670
   -0.6386    0.7680   -0.0486
   -0.1592   -0.0700    0.9848
...     3 T-A ...
   -0.0365   -3.2932    6.3751
    0.2722    0.9301    0.2466
   -0.9238    0.3243   -0.2033
   -0.2691   -0.1725    0.9475
...     4 G-C ...
   -0.3505   -4.1660    9.4928
   -0.3756    0.9250    0.0579
   -0.8781   -0.3352   -0.3415
   -0.2965   -0.1791    0.9381
...     5 A-T ...
   -0.4462   -4.1476   12.7498
   -0.8116    0.5840   -0.0165
   -0.5523   -0.7762   -0.3042
   -0.1905   -0.2378    0.9524
...     6 G-C ...
   -1.5908   -4.1730   15.6201
   -0.9976    0.0246   -0.0651
   -0.0043   -0.9555   -0.2950
   -0.0695   -0.2940    0.9533
...     7 C-G ...
   -1.1030   -4.4824   18.7362
   -0.8441   -0.5304   -0.0787
    0.5345   -0.8441   -0.0432
   -0.0435   -0.0785    0.9960
...     8 G-C ...
   -2.4028   -7.7290   23.1475
   -0.2754   -0.3293   -0.9032
    0.6650   -0.7437    0.0684
   -0.6942   -0.5818    0.4238
...     9 C-G ...
   -4.4690   -9.9728   24.1132
    0.1145   -0.7025   -0.7024
    0.8512   -0.2952    0.4340
   -0.5122   -0.6476    0.5642
...    10 T-A ...
   -6.7405  -10.8752   25.9697
    0.4841   -0.8363   -0.2574
    0.6595    0.1553    0.7355
   -0.5751   -0.5258    0.6267
...    11 C-G ...
   -9.1656  -12.6208   27.1640
    0.7073   -0.6682    0.2307
    0.3448    0.6110    0.7126
   -0.6171   -0.4245    0.6626
...    12 A-T ...
  -10.9234  -14.6633   29.0693
    0.7515   -0.1377    0.6452
   -0.2029    0.8824    0.4246
   -0.6277   -0.4500    0.6352
...    13 C-G ...
  -11.8476  -17.4863   31.2451
    0.4295    0.2823    0.8578
   -0.5708    0.8209    0.0156
   -0.6998   -0.4963    0.5137
...    14 A-T ...
  -13.5897  -19.7827   33.4259
   -0.1504    0.6104    0.7777
   -0.6874    0.5008   -0.5260
   -0.7106   -0.6136    0.3443
...    15 A-T ...
  -15.8264  -21.8262   34.6096
   -0.5381    0.7869    0.3020
   -0.4511    0.0338   -0.8919
   -0.7120   -0.6161    0.3368
...    16 T-A ...
  -17.9297  -23.8078   36.4097
   -0.7304    0.6425   -0.2319
   -0.0607   -0.3991   -0.9149
   -0.6803   -0.6542    0.3305
...    17 T-A ...
  -20.1526  -25.7781   37.8145
   -0.6481    0.2434   -0.7216
    0.4056   -0.6915   -0.5977
   -0.6445   -0.6801    0.3495
...    18 T-A ...
  -22.3710  -27.8705   39.0329
   -0.2830   -0.2131   -0.9352
    0.7147   -0.6970   -0.0574
   -0.6396   -0.6846    0.3495
...    19 A-T ...
  -24.2668  -30.4668   40.3263
    0.2631   -0.6376   -0.7240
    0.7256   -0.3639    0.5841
   -0.6359   -0.6790    0.3669
...    20 T-A ...
  -26.7808  -32.5406   41.0295
    0.6052   -0.7445   -0.2819
    0.4725    0.0510    0.8798
   -0.6407   -0.6656    0.3827
...    21 T-A ...
  -28.9333  -34.7744   42.0292
    0.7514   -0.5780    0.3183
    0.0024    0.4848    0.8746
   -0.6599   -0.6564    0.3657
...    22 C-G ...
  -31.0664  -36.9717   43.2781
    0.6132   -0.1468    0.7762
   -0.4666    0.7255    0.5058
   -0.6374   -0.6724    0.3764
...    23 G-C ...
  -33.4656  -38.7846   44.8818
    0.3356    0.3887    0.8580
   -0.7534    0.6576   -0.0032
   -0.5655   -0.6453    0.5136
...    24 C-G ...
  -35.0023  -41.1444   46.6018
   -0.0838    0.7154    0.6936
   -0.8145    0.3519   -0.4613
   -0.5741   -0.6036    0.5532
...    25 A-T ...
  -37.3709  -43.1186   47.9922
   -0.5299    0.8164    0.2296
   -0.5952   -0.1652   -0.7864
   -0.6041   -0.5534    0.5734
...    26 A-T ...
  -39.3489  -44.8363   49.9774
   -0.7758    0.5617   -0.2873
   -0.1690   -0.6237   -0.7632
   -0.6079   -0.5436    0.5788
...    27 A-T ...
  -41.2838  -46.4007   52.1004
   -0.7345    0.0656   -0.6754
    0.3359   -0.8297   -0.4459
   -0.5896   -0.5543    0.5874
...    28 G-C ...
  -43.5658  -47.9234   54.1046
   -0.3969   -0.3851   -0.8332
    0.6773   -0.7355    0.0173
   -0.6195   -0.5575    0.5527
...    29 G-C ...
  -45.9316  -49.7698   55.8216
    0.1192   -0.7262   -0.6771
    0.7697   -0.3632    0.5250
   -0.6272   -0.5837    0.5156
...    30 C-G ...
  -48.1945  -51.7374   57.2157
    0.5641   -0.7824   -0.2639
    0.5488    0.1165    0.8278
   -0.6169   -0.6118    0.4952
...    31 C-G ...
  -50.4832  -53.7532   58.7061
    0.8100   -0.5392    0.2306
    0.1252    0.5432    0.8302
   -0.5729   -0.6436    0.5074
...    32 G-C ...
  -52.2880  -55.5071   60.5702
    0.8036   -0.0939    0.5878
   -0.3343    0.7457    0.5763
   -0.4925   -0.6596    0.5679
...    33 G-C ...
  -53.6936  -57.8423   62.5438
    0.5051    0.4032    0.7630
   -0.7351    0.6643    0.1355
   -0.4523   -0.6293    0.6320
...    34 C-G ...
  -54.8689  -60.1470   64.6054
    0.0271    0.7526    0.6580
   -0.8916    0.3159   -0.3246
   -0.4521   -0.5778    0.6795
...    35 C-G ...
  -56.1481  -61.8494   67.2795
   -0.4385    0.8505    0.2906
   -0.7633   -0.1817   -0.6200
   -0.4745   -0.4937    0.7288
...    36 C-G ...
  -57.7466  -63.2229   69.9126
   -0.7715    0.6126   -0.1721
   -0.3981   -0.6757   -0.6204
   -0.4963   -0.4101    0.7651
...    37 G-C ...
  -59.5388  -65.3567   71.9569
   -0.8272    0.1308   -0.5465
    0.1082   -0.9173   -0.3833
   -0.5514   -0.3762    0.7446
...    38 A-T ...
  -61.3728  -66.5039   74.3343
   -0.5973   -0.4566   -0.6594
    0.5814   -0.8128    0.0362
   -0.5525   -0.3618    0.7509
...    39 C-G ...
  -63.6177  -67.4306   76.4846
   -0.1784   -0.8188   -0.5457
    0.7991   -0.4441    0.4051
   -0.5741   -0.3638    0.7336
...    40 A-T ...
  -65.5294  -68.8460   78.9182
    0.3738   -0.9101   -0.1785
    0.7364    0.1743    0.6537
   -0.5638   -0.3758    0.7354
...    41 C-G ...
  -67.5992  -70.4683   81.0218
    0.7168   -0.6692    0.1960
    0.4198    0.6387    0.6449
   -0.5567   -0.3799    0.7387
...    42 G-C ...
  -69.3780  -71.2065   83.7358
    0.8519   -0.1174    0.5103
   -0.0886    0.9282    0.3614
   -0.5161   -0.3531    0.7804
...    43 A-T ...
  -71.2123  -72.3514   86.0590
    0.6406    0.4637    0.6121
   -0.5563    0.8297   -0.0463
   -0.5293   -0.3109    0.7894
...    44 C-G ...
  -72.5118  -73.8812   88.6656
    0.2790    0.8613    0.4247
   -0.8227    0.4425   -0.3569
   -0.4953   -0.2499    0.8320
...    45 T-A ...
  -73.8040  -74.6832   91.8776
   -0.2042    0.9787    0.0208
   -0.8366   -0.1635   -0.5228
   -0.5083   -0.1242    0.8522
...    46 T-A ...
  -75.4593  -74.9265   94.5675
   -0.5825    0.7442   -0.3269
   -0.6106   -0.6661   -0.4283
   -0.5365   -0.0499    0.8424
...    47 A-T ...
  -77.5041  -75.0217   97.2082
   -0.7851    0.1877   -0.5903
   -0.1653   -0.9819   -0.0924
   -0.5969    0.0251    0.8019
...    48 C-G ...
  -79.7220  -74.2175   99.6186
   -0.7390   -0.3812   -0.5554
    0.2617   -0.9222    0.2847
   -0.6208    0.0651    0.7813
...    49 T-A ...
  -82.1327  -73.6617  101.9472
   -0.4401   -0.8278   -0.3480
    0.5848   -0.5583    0.5885
   -0.6814    0.0554    0.7298
...    50 G-C ...
  -84.2844  -73.6354  104.4921
    0.0272   -0.9973    0.0678
    0.7265    0.0662    0.6839
   -0.6866    0.0307    0.7264
...    51 T-A ...
  -86.7989  -73.8351  106.5281
    0.4122   -0.7827    0.4664
    0.5884    0.6195    0.5196
   -0.6956    0.0602    0.7159
...    52 A-T ...
  -88.8311  -72.3312  109.1191
    0.6299   -0.0914    0.7713
    0.1740    0.9844   -0.0254
   -0.7570    0.1502    0.6360
...    53 G-C ...
  -91.4788  -71.8063  111.0338
    0.6964    0.4444    0.5635
   -0.1735    0.8662   -0.4687
   -0.6964    0.2286    0.6803
...    54 G-C ...
  -93.6122  -71.3269  113.8198
    0.5466    0.8314    0.1004
   -0.5499    0.4467   -0.7057
   -0.6316    0.3305    0.7014
...    55 T-A ...
  -95.3054  -70.2672  116.3391
    0.2181    0.9164   -0.3356
   -0.7575   -0.0579   -0.6503
   -0.6154    0.3960    0.6815
...    56 A-T ...
  -96.9506  -68.4734  118.8063
   -0.1654    0.6357   -0.7540
   -0.7799   -0.5523   -0.2946
   -0.6037    0.5393    0.5871
...    57 T-A ...
  -98.4017  -66.2644  120.6904
   -0.5271    0.2194   -0.8210
   -0.5948   -0.7853    0.1720
   -0.6070    0.5790    0.5444
...    58 C-G ...
 -100.5344  -64.0773  122.3198
   -0.7656   -0.3639   -0.5304
   -0.1394   -0.7111    0.6891
   -0.6280    0.6016    0.4937
...    59 T-A ...
 -102.8579  -62.0332  123.6027
   -0.6922   -0.7199   -0.0499
    0.2945   -0.3449    0.8913
   -0.6589    0.6023    0.4508
...    60 C-G ...
 -104.9832  -60.2090  125.3977
   -0.3692   -0.7432    0.5580
    0.6482    0.2244    0.7277
   -0.6660    0.6303    0.3988
...    61 G-C ...
 -106.5298  -57.7205  127.0450
    0.0897   -0.4255    0.9005
    0.7573    0.6164    0.2158
   -0.6469    0.6626    0.3775
...    62 A-T ...
 -108.3583  -55.0944  127.8695
    0.5621    0.0556    0.8252
    0.5750    0.6909   -0.4382
   -0.5945    0.7208    0.3564
...    63 G-C ...
 -110.3339  -52.6851  128.9842
    0.8130    0.4072    0.4162
    0.1885    0.4922   -0.8498
   -0.5509    0.7694    0.3234
...    64 C-G ...
 -112.2316  -50.2652  130.5002
    0.7999    0.5706   -0.1862
   -0.3184    0.1404   -0.9375
   -0.5088    0.8091    0.2940
...    65 T-A ...
 -113.7552  -47.5242  131.6766
    0.5600    0.4528   -0.6938
   -0.7060   -0.1773   -0.6856
   -0.4334    0.8738    0.2204
...    66 C-G ...
 -115.1413  -44.5546  132.0924
    0.0725    0.1964   -0.9778
   -0.9312   -0.3378   -0.1369
   -0.3572    0.9205    0.1584
...    67 G-C ...
 -117.0446  -41.7126  132.0358
   -0.4409   -0.1115   -0.8906
   -0.8415   -0.2939    0.4534
   -0.3122    0.9493    0.0357
...    68 G-C ...
 -118.0564  -38.4601  131.5342
   -0.8302   -0.3135   -0.4610
   -0.4514   -0.1073    0.8859
   -0.3271    0.9435   -0.0524
...    69 G-C ...
 -119.5121  -35.4610  130.9022
   -0.9157   -0.3771    0.1390
    0.0779    0.1728    0.9819
   -0.3942    0.9099   -0.1289
...    70 A-T ...
 -120.8874  -32.4423  130.0829
   -0.6778   -0.1228    0.7249
    0.6435    0.3778    0.6657
   -0.3556    0.9177   -0.1770
...    71 T-A ...
 -122.5173  -29.6778  129.2032
   -0.2228    0.1229    0.9671
    0.9118    0.3772    0.1621
   -0.3449    0.9179   -0.1961
...    72 C-G ...
 -123.9552  -26.6609  128.5073
    0.3966    0.3736    0.8385
    0.8584    0.1729   -0.4830
   -0.3254    0.9113   -0.2521
...    73 C-G ...
 -125.2112  -23.7955  127.3735
    0.8368    0.2899    0.4645
    0.5085   -0.0970   -0.8556
   -0.2029    0.9521   -0.2286
...    74 G-C ...
 -125.6236  -20.7017  126.1299
    0.9958    0.0470   -0.0784
   -0.0640   -0.2543   -0.9650
   -0.0653    0.9660   -0.2502
...    75 C-G ...
 -125.7751  -17.2685  125.7285
    0.7781   -0.1528   -0.6093
   -0.6266   -0.2559   -0.7361
   -0.0434    0.9546   -0.2949
...    76 T-A ...
 -125.4432  -13.9398  124.8056
    0.2748   -0.3398   -0.8994
   -0.9614   -0.0859   -0.2613
    0.0116    0.9366   -0.3503
...    77 T-A ...
 -125.0705  -10.9608  123.5407
   -0.3404   -0.3459   -0.8743
   -0.9399    0.1524    0.3056
    0.0275    0.9258   -0.3770
...    78 T-A ...
 -124.8867   -8.0371  122.1230
   -0.8216   -0.2150   -0.5279
   -0.5696    0.3471    0.7451
    0.0230    0.9129   -0.4076
...    79 A-T ...
 -125.1076   -4.7675  121.2988
   -0.9935    0.1083    0.0340
    0.0770    0.4228    0.9029
    0.0834    0.8997   -0.4284
...    80 A-T ...
 -124.8719   -1.9570  119.6768
   -0.7311    0.4086    0.5463
    0.6671    0.2603    0.6980
    0.1430    0.8748   -0.4629
...    81 C-G ...
 -124.8526    0.8965  117.7628
   -0.1986    0.5328    0.8226
    0.9664   -0.0332    0.2549
    0.1631    0.8456   -0.5083
...    82 A-T ...
 -124.2146    3.6896  116.0172
    0.4461    0.3812    0.8098
    0.8703   -0.3958   -0.2931
    0.2087    0.8355   -0.5083
...    83 C-G ...
 -124.0001    6.7958  114.6777
    0.8409    0.0965    0.5325
    0.4879   -0.5607   -0.6690
    0.2340    0.8224   -0.5186
...    84 T-A ...
 -123.1742    9.9907  113.3136
    0.9421   -0.3234    0.0887
   -0.1024   -0.5295   -0.8421
    0.3193    0.7842   -0.5320
...    85 T-A ...
 -121.9309   12.6056  111.8495
    0.7005   -0.5956   -0.3931
   -0.6281   -0.2531   -0.7358
    0.3388    0.7623   -0.5514
...    86 T-A ...
 -120.7048   14.9736  110.0181
    0.1937   -0.6973   -0.6901
   -0.9064    0.1420   -0.3979
    0.3755    0.7026   -0.6045
...    87 A-T ...
 -119.6183   17.1974  107.7656
   -0.4117   -0.5446   -0.7307
   -0.8295    0.5560    0.0529
    0.3774    0.6279   -0.6807
...    88 T-A ...
 -117.9061   18.6309  105.4263
   -0.7782   -0.2400   -0.5804
   -0.5141    0.7742    0.3692
    0.3608    0.5857   -0.7258
...    89 G-C ...
 -116.8190   20.3475  102.7931
   -0.9591    0.2282   -0.1675
    0.0803    0.7867    0.6121
    0.2714    0.5736   -0.7729
...    90 C-G ...
 -116.1915   22.0567   99.9582
   -0.7397    0.6373    0.2163
    0.6206    0.5215    0.5856
    0.2603    0.5674   -0.7812
...    91 T-A ...
 -115.8253   24.0425   97.1044
   -0.2270    0.8299    0.5096
    0.9484    0.0695    0.3093
    0.2213    0.5536   -0.8029
...    92 T-A ...
 -115.3365   25.8428   94.4695
    0.3657    0.7177    0.5926
    0.9019   -0.4305   -0.0352
    0.2299    0.5473   -0.8047
...    93 C-G ...
 -114.7240   27.8002   91.7738
    0.8426    0.2889    0.4544
    0.4763   -0.7935   -0.3787
    0.2512    0.5355   -0.8063
...    94 C-G ...
 -114.1316   29.5296   89.0181
    0.9237   -0.2554    0.2855
   -0.0605   -0.8332   -0.5496
    0.3782    0.4904   -0.7851
...    95 G-C ...
 -113.0247   30.7298   86.3328
    0.6934   -0.7181    0.0586
   -0.5365   -0.5689   -0.6233
    0.4810    0.4008   -0.7797
...    96 G-C ...
 -111.1233   31.8253   83.8238
    0.2225   -0.9488   -0.2243
   -0.8204   -0.0579   -0.5689
    0.5268    0.3106   -0.7912
...    97 C-G ...
 -108.8872   32.3690   81.3768
   -0.3084   -0.8307   -0.4634
   -0.7886    0.4957   -0.3639
    0.5320    0.2532   -0.8080
...    98 T-A ...
 -107.0081   32.9421   78.6967
   -0.7160   -0.4410   -0.5412
   -0.4710    0.8773   -0.0917
    0.5152    0.1892   -0.8359
...    99 C-G ...
 -105.6277   33.6304   75.7860
   -0.8646    0.1720   -0.4722
    0.0905    0.9775    0.1904
    0.4943    0.1219   -0.8607
...   100 G-C ...
 -103.9507   34.4873   73.0401
   -0.6503    0.7250   -0.2268
    0.6156    0.6779    0.4019
    0.4451    0.1217   -0.8872
...   101 T-A ...
 -102.9335   34.5243   69.8616
   -0.2348    0.9715    0.0337
    0.8594    0.1912    0.4743
    0.4543    0.1403   -0.8797
...   102 C-G ...
 -101.5915   35.1380   66.9589
    0.3067    0.8968    0.3189
    0.8401   -0.4126    0.3522
    0.4474    0.1599   -0.8799
...   103 A-T ...
  -99.9555   35.1753   63.9642
    0.6924    0.4683    0.5488
    0.5057   -0.8576    0.0938
    0.5146    0.2125   -0.8307
...   104 T-A ...
  -98.4094   36.3306   61.3165
    0.8330   -0.0503    0.5510
    0.0777   -0.9754   -0.2064
    0.5478    0.2147   -0.8086
...   105 G-C ...
  -96.4134   37.0780   58.5607
    0.6523   -0.6531    0.3847
   -0.4436   -0.7405   -0.5049
    0.6146    0.1586   -0.7727
...   106 T-A ...
  -93.9742   37.8914   56.3777
    0.2953   -0.9539    0.0539
   -0.7267   -0.2609   -0.6355
    0.6202    0.1484   -0.7703
...   107 T-A ...
  -91.8313   38.2790   54.0447
   -0.1872   -0.9355   -0.2996
   -0.7573    0.3317   -0.5625
    0.6256    0.1216   -0.7706
...   108 A-T ...
  -89.9036   38.7700   51.2633
   -0.6345   -0.5077   -0.5827
   -0.4559    0.8547   -0.2483
    0.6241    0.1081   -0.7738
...   109 T-A ...
  -87.7115   38.4120   48.8418
   -0.7696    0.0121   -0.6384
   -0.0571    0.9945    0.0877
    0.6359    0.1040   -0.7647
...   110 A-T ...
  -85.4258   38.9390   46.3135
   -0.5937    0.6692   -0.4469
    0.4649    0.7385    0.4883
    0.6568    0.0822   -0.7495
...   111 A-T ...
  -83.4291   39.0672   43.7893
   -0.1983    0.9762   -0.0877
    0.7166    0.2055    0.6665
    0.6687    0.0693   -0.7403
...   112 C-G ...
  -81.6766   39.2776   40.8380
    0.2426    0.9225    0.3003
    0.6957   -0.3812    0.6089
    0.6761    0.0613   -0.7342
...   113 G-C ...
  -79.1929   39.4366   38.7001
    0.5419    0.5147    0.6644
    0.4329   -0.8485    0.3043
    0.7204    0.1227   -0.6826
...   114 G-C ...
  -76.7028   40.0656   36.6375
    0.6117   -0.0367    0.7903
    0.1033   -0.9867   -0.1257
    0.7843    0.1585   -0.5997
...   115 A-T ...
  -74.0758   40.8305   34.7172
    0.5303   -0.6295    0.5679
   -0.2820   -0.7627   -0.5820
    0.7995    0.1485   -0.5820
...   116 T-A ...
  -71.2020   41.6390   33.3767
    0.2967   -0.9369    0.1848
   -0.5142   -0.3199   -0.7958
    0.8047    0.1411   -0.5767
...   117 A-T ...
  -68.3090   42.0728   31.6056
   -0.1010   -0.9321   -0.3478
   -0.5786    0.3394   -0.7416
    0.8093    0.1264   -0.5736
...   118 T-A ...
  -65.3378   42.0499   30.2132
   -0.3713   -0.6191   -0.6920
   -0.4409    0.7735   -0.4554
    0.8172    0.1360   -0.5601
...   119 A-T ...
  -62.5667   42.7643   28.2880
   -0.5383    0.0520   -0.8411
   -0.0892    0.9890    0.1182
    0.8380    0.1386   -0.5278
...   120 A-T ...
  -59.8654   42.8706   26.4745
   -0.4867    0.6143   -0.6211
    0.2321    0.7764    0.5860
    0.8422    0.1411   -0.5205
...   121 T-A ...
  -57.3343   42.9224   24.2799
   -0.2808    0.9340   -0.2208
    0.4476    0.3309    0.8307
    0.8490    0.1344   -0.5110
...   122 G-C ...
  -54.4631   43.4225   22.3766
   -0.0235    0.9291    0.3692
    0.5237   -0.3031    0.7962
    0.8516    0.2121   -0.4794
...   123 T-A ...
  -51.9330   44.3506   20.4938
    0.2255    0.6329    0.7407
    0.4528   -0.7413    0.4955
    0.8626    0.2236   -0.4537
...   124 G-C ...
  -49.0058   45.1849   19.0365
    0.3655    0.0560    0.9291
    0.2649   -0.9632   -0.0461
    0.8924    0.2629   -0.3668
...   125 T-A ...
  -46.2732   46.4699   17.9919
    0.3979   -0.4742    0.7854
    0.0520   -0.8430   -0.5354
    0.9160    0.2538   -0.3108
...   126 C-G ...
  -43.2983   47.2004   17.1868
    0.3563   -0.8796    0.3153
   -0.1653   -0.3915   -0.9052
    0.9196    0.2704   -0.2849
...   127 G-C ...
  -40.3358   47.7154   15.6995
    0.1073   -0.9721   -0.2084
   -0.2643    0.1742   -0.9486
    0.9584    0.1569   -0.2383
...   128 A-T ...
  -37.2547   48.1998   14.9959
   -0.0623   -0.6708   -0.7390
   -0.2779    0.7228   -0.6327
    0.9586    0.1659   -0.2315
...   129 C-G ...
  -33.9542   48.0508   14.5963
   -0.2301   -0.1774   -0.9569
   -0.1957    0.9716   -0.1331
    0.9533    0.1566   -0.2582
...   130 C-G ...
  -30.7382   48.1614   13.4442
   -0.3774    0.3675   -0.8500
   -0.0152    0.9153    0.4025
    0.9259    0.1648   -0.3398
...   131 A-T ...
  -27.5602   49.2761   12.9813
   -0.3600    0.8354   -0.4154
    0.1945    0.5027    0.8423
    0.9125    0.2224   -0.3434
...   132 A-T ...
  -24.6123   49.9729   11.7220
   -0.1964    0.9681    0.1555
    0.3632   -0.0755    0.9286
    0.9108    0.2389   -0.3368
...   133 A-T ...
  -21.7830   50.8489   10.2927
    0.0758    0.7402    0.6681
    0.3939   -0.6377    0.6619
    0.9160    0.2130   -0.3399
...   134 T-A ...
  -19.0084   52.0402    8.9384
    0.2450    0.2904    0.9250
    0.3072   -0.9282    0.2101
    0.9196    0.2327   -0.3167
...   135 G-C ...
  -16.4569   53.8980    7.5290
    0.5336   -0.3334    0.7773
    0.0348   -0.9096   -0.4140
    0.8450    0.2479   -0.4738
...   136 T-A ...
  -14.1681   56.5698    6.1949
    0.5795   -0.7269    0.3684
   -0.3140   -0.6163   -0.7222
    0.7521    0.3028   -0.5854
...   137 G-C ...
  -11.6469   58.0146    4.7337
    0.2454   -0.9541   -0.1717
   -0.6318   -0.0231   -0.7748
    0.7352    0.2986   -0.6085
...   138 A-T ...
   -8.6698   58.7289    3.6170
   -0.0344   -0.7815   -0.6230
   -0.6534    0.4892   -0.5777
    0.7562    0.3872   -0.5274
...   139 G-C ...
   -6.3211   59.0879    1.6440
   -0.2967   -0.3277   -0.8970
   -0.5657    0.8170   -0.1114
    0.7694    0.4744   -0.4278
...   140 C-G ...
   -3.4296   60.2437    1.0435
   -0.4424    0.2288   -0.8671
   -0.1682    0.9286    0.3309
    0.8809    0.2922   -0.3723
...   141 G-C ...
   -0.6894   63.9063   -2.2356
   -0.9992    0.0156   -0.0375
   -0.0024    0.8991    0.4378
    0.0405    0.4375   -0.8983
...   142 C-G ...
   -0.9980   65.6137   -4.9249
   -0.8337    0.5217    0.1810
    0.5169    0.6220    0.5881
    0.1942    0.5839   -0.7882
...   143 T-A ...
   -0.1245   66.2250   -7.8041
   -0.3751    0.8568    0.3538
    0.8856    0.2185    0.4098
    0.2739    0.4670   -0.8408
...   144 C-G ...
   -0.1581   67.4197  -10.7921
    0.1799    0.8792    0.4411
    0.9276   -0.3009    0.2214
    0.3274    0.3694   -0.8697
...   145 A-T ...
    0.5352   69.2487  -13.4513
    0.7352    0.4961    0.4620
    0.6117   -0.7791   -0.1369
    0.2921    0.3832   -0.8763
...   146 C-G ...
    1.4420   72.1064  -15.5858
    0.9808    0.0622    0.1849
    0.1266   -0.9240   -0.3608
    0.1484    0.3773   -0.9141
...   147 A-T ...
    2.3150   74.2410  -18.3714
    0.8657   -0.4292   -0.2574
   -0.4984   -0.7868   -0.3642
   -0.0462    0.4436   -0.8950
