  147 base-pairs
...     1 A-T ...
    0.0000    0.0000    0.0000
    1.0000    0.0000    0.0000
    0.0000    1.0000    0.0000
    0.0000    0.0000    1.0000
...     2 G-C ...
   -0.1394   -1.2357    3.2268
    0.7529    0.6366    0.1670
   -0.6386    0.7680   -0.0486
   -0.1592   -0.0700    0.9848
...     3 T-A ...
   -0.0365   -3.2932    6.3751
    0.2722    0.9301    0.2466
   -0.9238    0.3243   -0.2033
   -0.2691   -0.1725    0.9475
...     4 G-C ...
   -0.3505   -4.1660    9.4928
   -0.3756    0.9250    0.0579
   -0.8781   -0.3352   -0.3415
   -0.2965   -0.1791    0.9381
...     5 A-T ...
   -0.4462   -4.1476   12.7498
   -0.8116    0.5840   -0.0165
   -0.5523   -0.7762   -0.3042
   -0.1905   -0.2378    0.9524
...     6 G-C ...
   -1.5908   -4.1730   15.6201
   -0.9976    0.0246   -0.0651
   -0.0043   -0.9555   -0.2950
   -0.0695   -0.2940    0.9533
...     7 C-G ...
   -1.1030   -4.4824   18.7362
   -0.8441   -0.5304   -0.0787
    0.5345   -0.8441   -0.0432
   -0.0435   -0.0785    0.9960
...     8 G-C ...
   -2.4028   -7.7290   23.1475
   -0.2754   -0.3293   -0.9032
    0.6650   -0.7437    0.0684
   -0.6942   -0.5818    0.4238
...     9 C-G ...
   -4.4690   -9.9728   24.1132
    0.1145   -0.7025   -0.7024
    0.8512   -0.2952    0.4340
   -0.5122   -0.6476    0.5642
...    10 T-A ...
   -6.7405  -10.8752   25.9697
    0.4841   -0.8363   -0.2574
    0.6595    0.1553    0.7355
   -0.5751   -0.5258    0.6267
...    11 C-G ...
   -9.1656  -12.6208   27.1640
    0.7073   -0.6682    0.2307
    0.3448    0.6110    0.7126
   -0.6171   -0.4245    0.6626
...    12 A-T ...
  -10.9234  -14.6633   29.0693
    0.7515   -0.1377    0.6452
   -0.2029    0.8824    0.4246
   -0.6277   -0.4500    0.6352
...    13 C-G ...
  -11.8476  -17.4863   31.2451
    0.4295    0.2823    0.8578
   -0.5708    0.8209    0.0156
   -0.6998   -0.4963    0.5137
...    14 A-T ...
  -13.5897  -19.7827   33.4259
   -0.1504    0.6104    0.7777
   -0.6874    0.5008   -0.5260
   -0.7106   -0.6136    0.3443
...    15 A-T ...
  -15.7297  -21.8937   34.6890
   -0.5441    0.7753    0.3207
   -0.4515    0.0517   -0.8908
   -0.7072   -0.6295    0.3219
...    16 T-A ...
  -17.8093  -23.8456   36.3529
   -0.6997    0.6884   -0.1908
   -0.0961   -0.3554   -0.9298
   -0.7079   -0.6323    0.3148
...    17 T-A ...
  -20.1150  -25.7959   37.5526
   -0.6172    0.3534   -0.7030
    0.3374   -0.6883   -0.6422
   -0.7108   -0.6335    0.3056
...    18 T-A ...
  -22.5322  -27.6866   38.6156
   -0.2943   -0.1097   -0.9494
    0.6339   -0.7659   -0.1080
   -0.7153   -0.6336    0.2949
...    19 A-T ...
  -24.7353  -30.0769   39.5539
    0.1990   -0.5459   -0.8139
    0.6624   -0.5371    0.5222
   -0.7222   -0.6431    0.2547
...    20 T-A ...
  -27.4590  -31.9207   39.8591
    0.5142   -0.7464   -0.4225
    0.4581   -0.1775    0.8710
   -0.7251   -0.6414    0.2507
...    21 T-A ...
  -29.9018  -34.0078   40.4091
    0.6715   -0.7190    0.1791
    0.0647    0.2976    0.9525
   -0.7381   -0.6280    0.2464
...    22 C-G ...
  -32.2787  -36.1894   41.1476
    0.5811   -0.3799    0.7197
   -0.3649    0.6689    0.6477
   -0.7275   -0.6390    0.2500
...    23 G-C ...
  -34.8908  -38.0607   42.2253
    0.3201    0.1384    0.9372
   -0.6488    0.7529    0.1104
   -0.6904   -0.6434    0.3308
...    24 C-G ...
  -36.8838  -40.4938   43.3737
   -0.0733    0.5644    0.8223
   -0.7162    0.5440   -0.4372
   -0.6941   -0.6209    0.3643
...    25 A-T ...
  -39.3926  -42.4661   44.4245
   -0.4146    0.8328    0.3669
   -0.5457    0.0951   -0.8326
   -0.7282   -0.5454    0.4150
...    26 A-T ...
  -41.6732  -44.1896   45.9645
   -0.6474    0.7373   -0.1933
   -0.2006   -0.4095   -0.8900
   -0.7353   -0.5374    0.4130
...    27 A-T ...
  -44.0824  -45.7726   47.4566
   -0.6343    0.3653   -0.6813
    0.2099   -0.7668   -0.6066
   -0.7440   -0.5278    0.4097
...    28 G-C ...
  -46.7294  -47.2524   48.8316
   -0.3672   -0.0815   -0.9266
    0.5046   -0.8543   -0.1248
   -0.7814   -0.5134    0.3548
...    29 G-C ...
  -49.5952  -48.8200   49.7366
    0.0371   -0.5125   -0.8579
    0.5916   -0.6806    0.4322
   -0.8053   -0.5236    0.2779
...    30 C-G ...
  -52.4858  -50.4342   50.2594
    0.3872   -0.7933   -0.4699
    0.4498   -0.2824    0.8473
   -0.8048   -0.5395    0.2474
...    31 C-G ...
  -55.2179  -52.3989   50.7663
    0.6190   -0.7811    0.0815
    0.1309    0.2050    0.9700
   -0.7744   -0.5898    0.2291
...    32 G-C ...
  -57.7981  -54.2603   51.9325
    0.6403   -0.4622    0.6135
   -0.2644    0.6173    0.7410
   -0.7212   -0.6367    0.2731
...    33 G-C ...
  -60.1334  -56.6164   52.6930
    0.4347    0.0164    0.9004
   -0.5784    0.7715    0.2652
   -0.6903   -0.6361    0.3448
...    34 C-G ...
  -62.1378  -59.0487   53.7994
    0.0741    0.4785    0.8749
   -0.7192    0.6335   -0.2855
   -0.6909   -0.6081    0.3911
...    35 C-G ...
  -64.2596  -61.2200   55.3031
   -0.2634    0.8095    0.5247
   -0.6487    0.2540   -0.7174
   -0.7140   -0.5294    0.4582
...    36 C-G ...
  -66.5532  -62.8921   57.1302
   -0.5002    0.8659   -0.0109
   -0.4158   -0.2512   -0.8741
   -0.7596   -0.4326    0.4857
...    37 G-C ...
  -69.3719  -64.2800   58.3962
   -0.5469    0.6163   -0.5667
   -0.1061   -0.7224   -0.6833
   -0.8305   -0.3136    0.4605
...    38 A-T ...
  -72.2014  -65.1586   59.8413
   -0.4737    0.0642   -0.8784
    0.2167   -0.9582   -0.1869
   -0.8536   -0.2789    0.4399
...    39 C-G ...
  -75.2629  -65.4634   61.1458
   -0.2697   -0.4623   -0.8447
    0.4160   -0.8471    0.3308
   -0.8685   -0.2622    0.4208
...    40 A-T ...
  -78.0286  -66.6440   62.6190
    0.0754   -0.8678   -0.4912
    0.4645   -0.4054    0.7874
   -0.8824   -0.2875    0.3725
...    41 C-G ...
  -81.2181  -67.5370   63.2548
    0.3132   -0.9494    0.0235
    0.3442    0.1366    0.9289
   -0.8851   -0.2829    0.3696
...    42 G-C ...
  -84.0792  -68.2913   64.9014
    0.5143   -0.6652    0.5413
    0.0989    0.6729    0.7331
   -0.8519   -0.3235    0.4119
...    43 A-T ...
  -86.9552  -69.3645   66.1249
    0.4896   -0.1123    0.8647
   -0.2139    0.9459    0.2439
   -0.8453   -0.3043    0.4391
...    44 C-G ...
  -89.5200  -70.9381   67.5285
    0.3327    0.4260    0.8413
   -0.4363    0.8605   -0.2631
   -0.8360   -0.2795    0.4721
...    45 T-A ...
  -92.1120  -72.0102   69.3094
    0.1237    0.8457    0.5191
   -0.5560    0.4923   -0.6697
   -0.8219   -0.2058    0.5311
...    46 T-A ...
  -94.6635  -72.6692   71.1803
   -0.1726    0.9849    0.0147
   -0.5365   -0.0815   -0.8400
   -0.8261   -0.1529    0.5424
...    47 A-T ...
  -97.5068  -72.9575   72.9238
   -0.3547    0.7587   -0.5465
   -0.3801   -0.6510   -0.6571
   -0.8543   -0.0254    0.5192
...    48 C-G ...
 -100.1439  -72.4117   74.8494
   -0.4729    0.2915   -0.8315
   -0.1649   -0.9563   -0.2414
   -0.8656    0.0229    0.5003
...    49 T-A ...
 -103.0972  -71.9618   76.3261
   -0.4529   -0.2867   -0.8442
    0.0706   -0.9554    0.2866
   -0.8887    0.0702    0.4530
...    50 G-C ...
 -106.0830  -72.1625   77.8409
   -0.2913   -0.8146   -0.5015
    0.2919   -0.5750    0.7643
   -0.9110    0.0762    0.4053
...    51 T-A ...
 -109.3486  -71.7223   78.6134
   -0.0964   -0.9953    0.0129
    0.4063   -0.0275    0.9133
   -0.9086    0.0933    0.4070
...    52 A-T ...
 -112.0891  -70.8829   80.5969
    0.1148   -0.7110    0.6938
    0.4162    0.6686    0.6163
   -0.9020    0.2180    0.3727
...    53 G-C ...
 -115.2043  -70.3547   81.7126
    0.3700   -0.2267    0.9010
    0.3113    0.9440    0.1096
   -0.8753    0.2400    0.4198
...    54 G-C ...
 -118.2922  -69.7376   83.0030
    0.5666    0.3178    0.7603
    0.0738    0.8994   -0.4309
   -0.8207    0.3003    0.4861
...    55 T-A ...
 -120.8848  -69.2126   84.9766
    0.5718    0.7266    0.3810
   -0.2307    0.5880   -0.7752
   -0.7873    0.3554    0.5038
...    56 A-T ...
 -123.3379  -67.8712   86.8167
    0.4736    0.8540   -0.2156
   -0.5453    0.0920   -0.8332
   -0.6917    0.5121    0.5092
...    57 T-A ...
 -125.0895  -66.0816   88.9001
    0.1642    0.7581   -0.6312
   -0.7234   -0.3424   -0.5995
   -0.6706    0.5550    0.4922
...    58 T-A ...
 -127.0882  -64.1008   90.4920
   -0.2590    0.4030   -0.8778
   -0.7104   -0.6952   -0.1096
   -0.6545    0.5951    0.4663
...    59 C-G ...
 -129.2799  -61.9793   91.7303
   -0.6253   -0.1069   -0.7730
   -0.4477   -0.7623    0.4675
   -0.6392    0.6384    0.4288
...    60 A-T ...
 -131.6262  -60.1164   93.2222
   -0.7518   -0.5639   -0.3418
   -0.0127   -0.5058    0.8625
   -0.6592    0.6528    0.3731
...    61 T-A ...
 -133.8737  -57.7029   93.7802
   -0.6774   -0.7098    0.1934
    0.3958   -0.1301    0.9091
   -0.6201    0.6923    0.3691
...    62 G-C ...
 -135.6761  -55.3703   95.3452
   -0.2814   -0.6431    0.7122
    0.7352    0.3324    0.5907
   -0.6166    0.6898    0.3793
...    63 T-A ...
 -138.1972  -53.3345   96.3111
    0.1700   -0.3550    0.9193
    0.7889    0.6081    0.0889
   -0.5906    0.7101    0.3834
...    64 T-A ...
 -140.3010  -51.1467   97.4910
    0.6023    0.0752    0.7947
    0.5583    0.6719   -0.4867
   -0.5706    0.7368    0.3627
...    65 A-T ...
 -142.1447  -48.5921   98.6481
    0.8803    0.3680    0.2994
    0.0903    0.4895   -0.8673
   -0.4658    0.7905    0.3977
...    66 T-A ...
 -143.4874  -46.2756  100.5007
    0.8291    0.5216   -0.2015
   -0.3685    0.2388   -0.8984
   -0.4204    0.8191    0.3902
...    67 A-T ...
 -144.4744  -43.3713  101.8376
    0.5559    0.3910   -0.7336
   -0.7885   -0.0315   -0.6143
   -0.2632    0.9199    0.2908
...    68 A-T ...
 -145.0724  -40.3201  102.7054
    0.0182    0.2534   -0.9672
   -0.9753   -0.2083   -0.0729
   -0.2199    0.9447    0.2434
...    69 C-G ...
 -145.1509  -37.0382  103.2007
   -0.5024    0.0729   -0.8616
   -0.8430   -0.2627    0.4693
   -0.1922    0.9621    0.1934
...    70 G-C ...
 -146.3592  -33.8913  103.7069
   -0.8946   -0.1387   -0.4248
   -0.4047   -0.1517    0.9018
   -0.1895    0.9786    0.0795
...    71 G-C ...
 -147.1831  -30.5784  103.6170
   -0.9602   -0.2160    0.1770
    0.1817   -0.0018    0.9834
   -0.2121    0.9764    0.0410
...    72 A-T ...
 -147.8579  -27.3092  103.5975
   -0.6386   -0.1325    0.7580
    0.7488    0.1201    0.6518
   -0.1774    0.9839    0.0225
...    73 C-G ...
 -148.9536  -24.1181  103.3363
   -0.1140   -0.0316    0.9930
    0.9817    0.1498    0.1175
   -0.1525    0.9882    0.0140
...    74 T-A ...
 -149.6864  -20.8466  103.4170
    0.4625    0.0122    0.8865
    0.8805    0.1106   -0.4609
   -0.1036    0.9938    0.0404
...    75 C-G ...
 -150.1254  -17.5682  103.4558
    0.9068    0.0181    0.4211
    0.4198    0.0503   -0.9062
   -0.0376    0.9986    0.0380
...    76 G-C ...
 -150.1345  -14.1801  103.1967
    0.9762   -0.1360   -0.1687
   -0.1659    0.0316   -0.9856
    0.1394    0.9902    0.0083
...    77 A-T ...
 -149.5240  -10.9721  103.2013
    0.6734   -0.1778   -0.7176
   -0.7062    0.1323   -0.6955
    0.2186    0.9751   -0.0365
...    78 G-C ...
 -148.4029   -7.8563  103.0244
    0.1588   -0.1774   -0.9712
   -0.9457    0.2553   -0.2013
    0.2837    0.9505   -0.1272
...    79 C-G ...
 -146.9938   -4.9378  102.2219
   -0.4119   -0.0483   -0.9100
   -0.8542    0.3681    0.3671
    0.3172    0.9285   -0.1928
...    80 T-A ...
 -145.7787   -2.0021  101.1752
   -0.8287    0.1354   -0.5430
   -0.4579    0.3938    0.7970
    0.3217    0.9092   -0.2644
...    81 C-G ...
 -144.8162    0.9955  100.1068
   -0.9259    0.3724    0.0636
    0.1650    0.2471    0.9548
    0.3399    0.8946   -0.2902
...    82 G-C ...
 -143.5017    4.0861   99.5853
   -0.6422    0.4276    0.6362
    0.6987   -0.0148    0.7152
    0.3153    0.9038   -0.2893
...    83 G-C ...
 -142.5021    7.1139   98.3751
   -0.1269    0.3046    0.9440
    0.9350   -0.2811    0.2164
    0.3312    0.9101   -0.2491
...    84 G-C ...
 -141.5266   10.1960   97.3087
    0.4104    0.0259    0.9116
    0.8248   -0.4370   -0.3589
    0.3891    0.8991   -0.2007
...    85 A-T ...
 -140.3382   13.1678   96.5381
    0.8054   -0.2875    0.5183
    0.3970   -0.3875   -0.8320
    0.4400    0.8759   -0.1980
...    86 T-A ...
 -138.9991   16.1554   96.5066
    0.8799   -0.4747    0.0233
   -0.0760   -0.1890   -0.9790
    0.4691    0.8596   -0.2024
...    87 C-G ...
 -137.3440   18.9053   95.8576
    0.6234   -0.5578   -0.5478
   -0.5753    0.1472   -0.8046
    0.5295    0.8168   -0.2291
...    88 C-G ...
 -135.1733   21.3558   95.0288
    0.1361   -0.4691   -0.8726
   -0.7919    0.4778   -0.3803
    0.5953    0.7428   -0.3064
...    89 G-C ...
 -133.4060   23.8330   93.5021
   -0.4134   -0.1888   -0.8907
   -0.6681    0.7276    0.1559
    0.6186    0.6595   -0.4270
...    90 C-G ...
 -131.2457   25.6415   91.6726
   -0.7367    0.2402   -0.6321
   -0.2865    0.7359    0.6135
    0.6125    0.6331   -0.4733
...    91 T-A ...
 -129.2750   27.5593   89.7439
   -0.7821    0.6006   -0.1664
    0.2035    0.4985    0.8427
    0.5890    0.6251   -0.5121
...    92 T-A ...
 -127.4074   29.4183   87.7971
   -0.4586    0.8179    0.3475
    0.6290    0.0225    0.7771
    0.6277    0.5749   -0.5248
...    93 T-A ...
 -125.5309   31.2393   85.8251
    0.0543    0.6940    0.7179
    0.7624   -0.4932    0.4191
    0.6449    0.5246   -0.5558
...    94 A-T ...
 -122.8938   32.3521   83.8622
    0.5988    0.1922    0.7775
    0.4863   -0.8585   -0.1624
    0.6363    0.4754   -0.6076
...    95 A-T ...
 -120.9072   34.0655   81.9330
    0.7738   -0.3577    0.5228
    0.0188   -0.8120   -0.5833
    0.6332    0.4612   -0.6216
...    96 C-G ...
 -118.7025   35.9647   80.3371
    0.6318   -0.7617    0.1437
   -0.4062   -0.4832   -0.7756
    0.6602    0.4316   -0.6147
...    97 A-T ...
 -116.5742   37.2230   78.0390
    0.1878   -0.9429   -0.2752
   -0.6819    0.0766   -0.7274
    0.7070    0.3243   -0.6285
...    98 C-G ...
 -113.8139   37.9658   76.3484
   -0.2432   -0.7615   -0.6008
   -0.6592    0.5841   -0.4735
    0.7115    0.2809   -0.6441
...    99 T-A ...
 -111.3408   38.5108   74.1638
   -0.6134   -0.3233   -0.7206
   -0.3820    0.9200   -0.0876
    0.6913    0.2215   -0.6878
...   100 T-A ...
 -109.0514   38.9708   71.8896
   -0.7101    0.2928   -0.6403
    0.0655    0.9330    0.3539
    0.7010    0.2094   -0.6817
...   101 T-A ...
 -106.8212   39.3996   69.5424
   -0.5059    0.8007   -0.3208
    0.4796    0.5702    0.6670
    0.7170    0.1835   -0.6725
...   102 A-T ...
 -103.9707   40.0533   67.7144
   -0.0004    0.9836    0.1804
    0.6832   -0.1314    0.7183
    0.7302    0.1236   -0.6720
...   103 T-A ...
 -102.0578   40.6697   65.0678
    0.3780    0.7660    0.5200
    0.5733   -0.6347    0.5182
    0.7270    0.1023   -0.6790
...   104 G-C ...
  -99.4293   40.7352   62.9679
    0.5996    0.2136    0.7713
    0.2325   -0.9686    0.0875
    0.7658    0.1269   -0.6304
...   105 C-G ...
  -96.9159   41.5519   60.9086
    0.5933   -0.3809    0.7091
   -0.1531   -0.9183   -0.3651
    0.7903    0.1081   -0.6031
...   106 T-A ...
  -94.1366   42.0425   59.1234
    0.3562   -0.8329    0.4236
   -0.4462   -0.5499   -0.7061
    0.8210    0.0625   -0.5675
...   107 T-A ...
  -91.3638   42.2897   57.4455
    0.0155   -0.9974   -0.0703
   -0.5710    0.0488   -0.8195
    0.8208    0.0528   -0.5688
...   108 C-G ...
  -88.6311   42.3166   55.5946
   -0.3646   -0.7624   -0.5346
   -0.4478    0.6470   -0.6172
    0.8164    0.0144   -0.5773
...   109 C-G ...
  -85.8973   41.9624   53.6051
   -0.6155   -0.2580   -0.7447
   -0.1299    0.9652   -0.2269
    0.7774   -0.0429   -0.6276
...   110 G-C ...
  -83.4016   42.1717   51.2983
   -0.6425    0.3632   -0.6748
    0.2898    0.9303    0.2248
    0.7094   -0.0512   -0.7030
...   111 G-C ...
  -81.2122   41.8310   48.7081
   -0.4095    0.8318   -0.3747
    0.6214    0.5550    0.5530
    0.6680   -0.0064   -0.7442
...   112 C-G ...
  -79.3090   41.7129   45.9415
   -0.0055    0.9994    0.0343
    0.7497   -0.0186    0.6615
    0.6618    0.0294   -0.7491
...   113 T-A ...
  -77.3143   41.9795   43.2628
    0.3802    0.8151    0.4371
    0.6368   -0.5734    0.5155
    0.6708    0.0824   -0.7370
...   114 C-G ...
  -75.1164   42.3170   40.8117
    0.6713    0.2889    0.6825
    0.2726   -0.9526    0.1351
    0.6892    0.0953   -0.7183
...   115 G-C ...
  -72.6542   42.2004   38.4562
    0.6285   -0.3355    0.7017
   -0.1515   -0.9377   -0.3126
    0.7629    0.0902   -0.6402
...   116 T-A ...
  -69.9152   42.9517   36.7129
    0.4211   -0.7966    0.4337
   -0.4654   -0.6002   -0.6505
    0.7785    0.0721   -0.6235
...   117 A-T ...
  -67.5787   43.0085   34.2104
    0.0130   -0.9940   -0.1082
   -0.6234    0.0765   -0.7782
    0.7818    0.0776   -0.6186
...   118 T-A ...
  -64.6350   43.0112   32.6935
   -0.3099   -0.8032   -0.5088
   -0.5357    0.5896   -0.6045
    0.7855    0.0852   -0.6129
...   119 A-T ...
  -62.1796   43.7622   30.4139
   -0.5612   -0.1961   -0.8041
   -0.1960    0.9754   -0.1011
    0.8041    0.1008   -0.5858
...   120 A-T ...
  -59.5433   43.8262   28.4868
   -0.5431    0.4314   -0.7204
    0.1703    0.8967    0.4086
    0.8222    0.0993   -0.5604
...   121 T-A ...
  -57.0739   43.6220   26.2810
   -0.3622    0.8410   -0.4019
    0.4250    0.5328    0.7318
    0.8296    0.0942   -0.5504
...   122 G-C ...
  -54.1879   44.1133   24.6212
   -0.1057    0.9806    0.1651
    0.5689   -0.0765    0.8188
    0.8155    0.1805   -0.5498
...   123 T-A ...
  -51.8753   44.9361   22.3625
    0.1919    0.7732    0.6045
    0.5324   -0.5994    0.5977
    0.8245    0.2071   -0.5267
...   124 G-C ...
  -48.9336   45.5253   20.8280
    0.3798    0.2416    0.8930
    0.3390   -0.9345    0.1086
    0.8607    0.2615   -0.4368
...   125 T-A ...
  -46.2329   46.9749   19.5643
    0.4672   -0.3156    0.8259
    0.0886   -0.9127   -0.3989
    0.8797    0.2596   -0.3985
...   126 C-G ...
  -43.2641   47.8060   18.3970
    0.3947   -0.8148    0.4247
   -0.1904   -0.5247   -0.8297
    0.8989    0.2466   -0.3623
...   127 G-C ...
  -40.2449   48.2255   16.8655
    0.1305   -0.9844   -0.1183
   -0.3276    0.0698   -0.9422
    0.9358    0.1617   -0.3134
...   128 A-T ...
  -37.0984   48.6295   15.8794
   -0.1035   -0.7295   -0.6761
   -0.3200    0.6680   -0.6718
    0.9417    0.1468   -0.3026
...   129 C-G ...
  -33.8114   48.5290   15.1330
   -0.2634   -0.2368   -0.9352
   -0.2014    0.9615   -0.1868
    0.9434    0.1392   -0.3009
...   130 C-G ...
  -30.6015   48.7317   13.9955
   -0.3789    0.3546   -0.8548
   -0.0033    0.9231    0.3844
    0.9254    0.1485   -0.3486
...   131 A-T ...
  -27.4583   49.4587   13.0506
   -0.3664    0.8310   -0.4185
    0.2252    0.5156    0.8267
    0.9028    0.2087   -0.3761
...   132 A-T ...
  -24.5841   50.0466   11.6363
   -0.1607    0.9749    0.1538
    0.3816   -0.0824    0.9207
    0.9102    0.2067   -0.3588
...   133 A-T ...
  -21.7124   50.7890   10.3143
    0.0734    0.7351    0.6739
    0.3983   -0.6412    0.6560
    0.9143    0.2202   -0.3399
...   134 T-A ...
  -19.0084   52.0401    8.9384
    0.2450    0.2904    0.9250
    0.3072   -0.9282    0.2101
    0.9196    0.2327   -0.3167
...   135 G-C ...
  -16.4570   53.8979    7.5290
    0.5336   -0.3334    0.7773
    0.0348   -0.9096   -0.4140
    0.8450    0.2479   -0.4738
...   136 T-A ...
  -14.1682   56.5697    6.1949
    0.5795   -0.7269    0.3684
   -0.3140   -0.6163   -0.7222
    0.7521    0.3028   -0.5854
...   137 G-C ...
  -11.6470   58.0146    4.7337
    0.2454   -0.9541   -0.1717
   -0.6318   -0.0231   -0.7748
    0.7352    0.2986   -0.6085
...   138 A-T ...
   -8.6699   58.7288    3.6170
   -0.0344   -0.7815   -0.6230
   -0.6534    0.4892   -0.5777
    0.7562    0.3872   -0.5274
...   139 G-C ...
   -6.3212   59.0878    1.6440
   -0.2967   -0.3277   -0.8970
   -0.5657    0.8170   -0.1114
    0.7694    0.4744   -0.4278
...   140 C-G ...
   -3.4297   60.2436    1.0435
   -0.4424    0.2288   -0.8671
   -0.1682    0.9286    0.3309
    0.8809    0.2922   -0.3723
...   141 G-C ...
   -0.6894   63.9062   -2.2356
   -0.9992    0.0156   -0.0375
   -0.0024    0.8991    0.4378
    0.0405    0.4375   -0.8983
...   142 C-G ...
   -0.9981   65.6136   -4.9249
   -0.8337    0.5217    0.1810
    0.5169    0.6220    0.5881
    0.1942    0.5839   -0.7882
...   143 T-A ...
   -0.1245   66.2249   -7.8041
   -0.3751    0.8568    0.3538
    0.8856    0.2185    0.4098
    0.2739    0.4670   -0.8408
...   144 C-G ...
   -0.1581   67.4196  -10.7921
    0.1799    0.8792    0.4411
    0.9276   -0.3009    0.2214
    0.3274    0.3694   -0.8697
...   145 A-T ...
    0.5352   69.2486  -13.4513
    0.7352    0.4961    0.4620
    0.6117   -0.7791   -0.1369
    0.2921    0.3832   -0.8763
...   146 C-G ...
    1.4420   72.1063  -15.5858
    0.9808    0.0622    0.1849
    0.1266   -0.9240   -0.3608
    0.1484    0.3773   -0.9141
...   147 A-T ...
    2.3149   74.2409  -18.3714
    0.8657   -0.4292   -0.2574
   -0.4984   -0.7868   -0.3642
   -0.0462    0.4436   -0.8950
