  147 base-pairs
...     1 A-T ...
    0.0000    0.0000    0.0000
    1.0000    0.0000    0.0000
    0.0000    1.0000    0.0000
    0.0000    0.0000    1.0000
...     2 G-C ...
   -0.1394   -1.2357    3.2268
    0.7529    0.6366    0.1670
   -0.6386    0.7680   -0.0486
   -0.1592   -0.0700    0.9848
...     3 T-A ...
   -0.0365   -3.2932    6.3751
    0.2722    0.9301    0.2466
   -0.9238    0.3243   -0.2033
   -0.2691   -0.1725    0.9475
...     4 G-C ...
   -0.3505   -4.1660    9.4928
   -0.3756    0.9250    0.0579
   -0.8781   -0.3352   -0.3415
   -0.2965   -0.1791    0.9381
...     5 A-T ...
   -0.4462   -4.1476   12.7498
   -0.8116    0.5840   -0.0165
   -0.5523   -0.7762   -0.3042
   -0.1905   -0.2378    0.9524
...     6 G-C ...
   -1.5908   -4.1730   15.6201
   -0.9976    0.0246   -0.0651
   -0.0043   -0.9555   -0.2950
   -0.0695   -0.2940    0.9533
...     7 C-G ...
   -1.1030   -4.4824   18.7362
   -0.8441   -0.5304   -0.0787
    0.5345   -0.8441   -0.0432
   -0.0435   -0.0785    0.9960
...     8 G-C ...
   -2.4028   -7.7290   23.1475
   -0.2754   -0.3293   -0.9032
    0.6650   -0.7437    0.0684
   -0.6942   -0.5818    0.4238
...     9 C-G ...
   -4.4690   -9.9728   24.1132
    0.1145   -0.7025   -0.7024
    0.8512   -0.2952    0.4340
   -0.5122   -0.6476    0.5642
...    10 T-A ...
   -6.7405  -10.8752   25.9697
    0.4841   -0.8363   -0.2574
    0.6595    0.1553    0.7355
   -0.5751   -0.5258    0.6267
...    11 C-G ...
   -9.1656  -12.6208   27.1640
    0.7073   -0.6682    0.2307
    0.3448    0.6110    0.7126
   -0.6171   -0.4245    0.6626
...    12 A-T ...
  -10.9234  -14.6633   29.0693
    0.7515   -0.1377    0.6452
   -0.2029    0.8824    0.4246
   -0.6277   -0.4500    0.6352
...    13 C-G ...
  -11.8476  -17.4863   31.2451
    0.4295    0.2823    0.8578
   -0.5708    0.8209    0.0156
   -0.6998   -0.4963    0.5137
...    14 A-T ...
  -13.5897  -19.7827   33.4259
   -0.1504    0.6104    0.7777
   -0.6874    0.5008   -0.5260
   -0.7106   -0.6136    0.3443
...    15 A-T ...
  -15.8208  -21.8500   34.5541
   -0.5224    0.7943    0.3100
   -0.4503    0.0517   -0.8914
   -0.7241   -0.6053    0.3307
...    16 T-A ...
  -17.9592  -23.7971   36.3307
   -0.7111    0.6676   -0.2207
   -0.0733   -0.3826   -0.9210
   -0.6993   -0.6387    0.3210
...    17 T-A ...
  -20.2562  -25.7137   37.6999
   -0.6354    0.2870   -0.7169
    0.3772   -0.6947   -0.6124
   -0.6738   -0.6595    0.3332
...    18 T-A ...
  -22.5630  -27.7379   38.8016
   -0.2814   -0.1485   -0.9480
    0.6714   -0.7363   -0.0840
   -0.6856   -0.6601    0.3069
...    19 A-T ...
  -24.6790  -30.2194   39.8101
    0.2253   -0.5689   -0.7909
    0.6881   -0.4818    0.5426
   -0.6898   -0.6665    0.2829
...    20 T-A ...
  -27.3571  -32.1522   40.2402
    0.5464   -0.7506   -0.3715
    0.4635   -0.0985    0.8806
   -0.6976   -0.6533    0.2941
...    21 T-A ...
  -29.7067  -34.3131   40.9180
    0.6917   -0.6809    0.2407
    0.0330    0.3627    0.9313
   -0.7214   -0.6362    0.2734
...    22 C-G ...
  -32.0483  -36.4575   41.8237
    0.5840   -0.3133    0.7488
   -0.4017    0.6901    0.6020
   -0.7054   -0.6524    0.2772
...    23 G-C ...
  -34.6571  -38.1973   43.0996
    0.3544    0.2194    0.9090
   -0.6771    0.7307    0.0876
   -0.6450   -0.6465    0.4075
...    24 C-G ...
  -36.4909  -40.5947   44.4162
   -0.0188    0.6095    0.7925
   -0.7568    0.5093   -0.4097
   -0.6534   -0.6075    0.4517
...    25 A-T ...
  -39.0176  -42.5171   45.4660
   -0.4151    0.8363    0.3583
   -0.5931    0.0499   -0.8036
   -0.6899   -0.5461    0.4753
...    26 A-T ...
  -41.2505  -44.2388   47.1402
   -0.6689    0.7199   -0.1851
   -0.2464   -0.4496   -0.8586
   -0.7013   -0.5287    0.4782
...    27 A-T ...
  -43.4713  -45.7718   48.9693
   -0.6882    0.3182   -0.6520
    0.1958   -0.7839   -0.5893
   -0.6986   -0.5332    0.4772
...    28 G-C ...
  -46.0656  -47.1433   50.6534
   -0.4294   -0.1280   -0.8940
    0.5181   -0.8457   -0.1278
   -0.7397   -0.5181    0.4295
...    29 G-C ...
  -48.8807  -48.7305   51.8716
    0.0003   -0.5686   -0.8226
    0.6491   -0.6257    0.4327
   -0.7607   -0.5341    0.3688
...    30 C-G ...
  -51.5687  -50.4720   52.6602
    0.3959   -0.8045   -0.4428
    0.5098   -0.2086    0.8346
   -0.7638   -0.5562    0.3275
...    31 C-G ...
  -54.3066  -52.2606   53.5349
    0.6536   -0.7510    0.0941
    0.1822    0.2768    0.9435
   -0.7346   -0.5995    0.3178
...    32 G-C ...
  -56.5080  -54.0090   54.8439
    0.7102   -0.4364    0.5525
   -0.2034    0.6241    0.7544
   -0.6740   -0.6481    0.3544
...    33 G-C ...
  -58.5161  -56.4288   56.0772
    0.5103    0.0370    0.8592
   -0.5741    0.7585    0.3084
   -0.6403   -0.6507    0.4083
...    34 C-G ...
  -60.3986  -58.8537   57.2934
    0.1354    0.4968    0.8572
   -0.7558    0.6112   -0.2349
   -0.6406   -0.6161    0.4583
...    35 C-G ...
  -62.2938  -60.9282   59.2247
   -0.2509    0.8080    0.5330
   -0.7084    0.2220   -0.6700
   -0.6598   -0.5457    0.5167
...    36 C-G ...
  -64.4023  -62.6369   61.2152
   -0.5617    0.8271    0.0198
   -0.4707   -0.2998   -0.8298
   -0.6803   -0.4754    0.5578
...    37 G-C ...
  -66.8356  -64.6762   62.4083
   -0.6687    0.5531   -0.4968
   -0.0856   -0.7210   -0.6876
   -0.7385   -0.4173    0.5295
...    38 A-T ...
  -69.2082  -65.9515   64.1221
   -0.5856    0.0150   -0.8105
    0.3254   -0.9114   -0.2519
   -0.7424   -0.4113    0.5288
...    39 C-G ...
  -71.9238  -66.8332   65.6109
   -0.2984   -0.4578   -0.8375
    0.5642   -0.7923    0.2321
   -0.7698   -0.4033    0.4947
...    40 A-T ...
  -74.5742  -68.3459   67.0845
    0.1360   -0.8289   -0.5426
    0.6155   -0.3585    0.7019
   -0.7763   -0.4295    0.4614
...    41 C-G ...
  -77.3669  -69.9162   68.0996
    0.4487   -0.8890   -0.0912
    0.4420    0.1320    0.8873
   -0.7768   -0.4384    0.4521
...    42 G-C ...
  -79.7642  -71.1514   70.0253
    0.6510   -0.6117    0.4495
    0.0867    0.6482    0.7565
   -0.7541   -0.4535    0.4750
...    43 A-T ...
  -82.2871  -72.5065   71.3881
    0.5797   -0.1056    0.8080
   -0.2883    0.9009    0.3246
   -0.7621   -0.4211    0.4918
...    44 C-G ...
  -84.5017  -74.4700   72.8497
    0.3798    0.4193    0.8246
   -0.5608    0.8133   -0.1553
   -0.7357   -0.4035    0.5440
...    45 T-A ...
  -86.6995  -76.1641   75.0973
    0.0550    0.8515    0.5214
   -0.6770    0.4156   -0.6074
   -0.7339   -0.3196    0.5994
...    46 T-A ...
  -88.9732  -77.0989   77.1026
   -0.2614    0.9615    0.0842
   -0.6131   -0.0980   -0.7839
   -0.7455   -0.2566    0.6151
...    47 A-T ...
  -91.4717  -77.5884   79.2129
   -0.4392    0.7750   -0.4544
   -0.4113   -0.6231   -0.6652
   -0.7987   -0.1053    0.5925
...    48 C-G ...
  -93.9538  -77.2287   81.3831
   -0.5551    0.3256   -0.7654
   -0.1496   -0.9443   -0.2932
   -0.8182   -0.0482    0.5729
...    49 T-A ...
  -96.7395  -76.8140   83.2371
   -0.4903   -0.2253   -0.8419
    0.1077   -0.9743    0.1980
   -0.8649    0.0064    0.5020
...    50 G-C ...
  -99.7199  -76.9803   84.7779
   -0.2726   -0.7590   -0.5912
    0.3371   -0.6509    0.6802
   -0.9011   -0.0139    0.4333
...    51 T-A ...
 -102.8202  -76.9539   85.6728
   -0.0603   -0.9923   -0.1078
    0.4216   -0.1232    0.8984
   -0.9048    0.0087    0.4258
...    52 A-T ...
 -105.3585  -76.2945   88.1246
    0.1309   -0.7756    0.6175
    0.3928    0.6125    0.6860
   -0.9103    0.1528    0.3848
...    53 G-C ...
 -108.3910  -75.7702   89.2685
    0.3772   -0.3366    0.8628
    0.2869    0.9283    0.2367
   -0.8806    0.1582    0.4467
...    54 G-C ...
 -111.5703  -75.9047   90.9087
    0.5487    0.2337    0.8027
    0.0288    0.9543   -0.2975
   -0.8355    0.1864    0.5169
...    55 T-A ...
 -114.1836  -75.6180   92.7946
    0.5222    0.6900    0.5012
   -0.2511    0.6860   -0.6829
   -0.8150    0.2307    0.5315
...    56 A-T ...
 -116.6588  -74.9068   95.1070
    0.3997    0.9143   -0.0662
   -0.5323    0.1727   -0.8288
   -0.7463    0.3665    0.5557
...    57 T-A ...
 -118.6022  -73.6394   97.3680
    0.1107    0.8505   -0.5142
   -0.6796   -0.3127   -0.6636
   -0.7252    0.4229    0.5434
...    58 C-G ...
 -120.9399  -71.8694   99.2093
   -0.3045    0.4327   -0.8485
   -0.6296   -0.7599   -0.1616
   -0.7148    0.4850    0.5038
...    59 T-A ...
 -123.2563  -69.9544  100.5880
   -0.5588   -0.0867   -0.8247
   -0.3979   -0.8445    0.3584
   -0.7276    0.5285    0.4375
...    60 C-G ...
 -125.9428  -68.6086  101.9016
   -0.6962   -0.5798   -0.4233
   -0.0331   -0.5630    0.8258
   -0.7171    0.5889    0.3728
...    61 G-C ...
 -128.2364  -67.0015  103.7164
   -0.5855   -0.7975    0.1454
    0.3557   -0.0915    0.9301
   -0.7285    0.5963    0.3373
...    62 A-T ...
 -130.4375  -64.8526  105.0054
   -0.2401   -0.6651    0.7071
    0.6674    0.4158    0.6177
   -0.7049    0.6203    0.3441
...    63 G-C ...
 -132.7509  -62.7474  106.0828
    0.1789   -0.3197    0.9305
    0.7227    0.6845    0.0962
   -0.6677    0.6552    0.3534
...    64 C-G ...
 -135.3342  -60.8034  107.2789
    0.5992    0.1253    0.7907
    0.4905    0.7232   -0.4863
   -0.6328    0.6792    0.3719
...    65 T-A ...
 -137.5236  -58.6899  108.6720
    0.8228    0.4276    0.3743
    0.1013    0.5378   -0.8370
   -0.5592    0.7266    0.3992
...    66 C-G ...
 -139.0308  -56.1329  109.9646
    0.7877    0.5746   -0.2224
   -0.4058    0.2121   -0.8890
   -0.4636    0.7905    0.4002
...    67 A-T ...
 -140.5043  -53.4666  111.4861
    0.4988    0.4699   -0.7283
   -0.8017   -0.0690   -0.5937
   -0.3292    0.8800    0.3423
...    68 T-A ...
 -141.0696  -50.4764  112.6281
    0.0486    0.3005   -0.9525
   -0.9542   -0.2680   -0.1332
   -0.2954    0.9153    0.2737
...    69 G-C ...
 -142.0037  -47.2295  113.2678
   -0.5182   -0.0121   -0.8552
   -0.8076   -0.3221    0.4940
   -0.2814    0.9466    0.1571
...    70 T-A ...
 -142.5872  -43.8669  113.3019
   -0.8901   -0.1733   -0.4216
   -0.3789   -0.2329    0.8956
   -0.2534    0.9569    0.1416
...    71 T-A ...
 -143.2651  -40.6885  113.5224
   -0.9561   -0.1944    0.2193
    0.2368   -0.0717    0.9689
   -0.1727    0.9783    0.1146
...    72 A-T ...
 -143.4116  -37.1939  114.1194
   -0.4983   -0.0476    0.8657
    0.8658    0.0255    0.4998
   -0.0458    0.9985    0.0285
...    73 T-A ...
 -144.1794  -33.9896  113.9441
    0.0294    0.0119    0.9995
    0.9995    0.0149   -0.0296
   -0.0152    0.9998   -0.0114
...    74 A-T ...
 -143.8985  -30.5484  113.5434
    0.7017    0.0474    0.7109
    0.7125   -0.0471   -0.7001
    0.0003    0.9978   -0.0668
...    75 A-T ...
 -143.9457  -27.3593  113.4508
    0.9822   -0.0252    0.1863
    0.1834   -0.0882   -0.9791
    0.0411    0.9958   -0.0820
...    76 C-G ...
 -143.7055  -24.0315  113.7851
    0.9152   -0.1270   -0.3824
   -0.3921   -0.0620   -0.9178
    0.0928    0.9900   -0.1065
...    77 G-C ...
 -143.2837  -20.9163  112.8501
    0.5293   -0.3176   -0.7868
   -0.8142    0.0706   -0.5763
    0.2386    0.9456   -0.2212
...    78 G-C ...
 -142.1201  -18.1545  111.4408
   -0.0267   -0.3532   -0.9352
   -0.9412    0.3240   -0.0955
    0.3367    0.8777   -0.3411
...    79 A-T ...
 -140.7533  -15.3731  110.1865
   -0.5995   -0.0968   -0.7945
   -0.7198    0.4992    0.4823
    0.3500    0.8611   -0.3689
...    80 T-A ...
 -139.3240  -12.9034  108.5097
   -0.8948    0.1777   -0.4095
   -0.2807    0.4893    0.8257
    0.3471    0.8538   -0.3879
...    81 C-G ...
 -138.3496  -10.0230  107.0730
   -0.8645    0.4605    0.2012
    0.3629    0.2952    0.8838
    0.3476    0.8371   -0.4224
...    82 G-C ...
 -136.5195   -6.9179  106.6611
   -0.4691    0.5419    0.6974
    0.8205   -0.0246    0.5711
    0.3266    0.8401   -0.4331
...    83 G-C ...
 -135.4308   -4.1504  104.9887
    0.0907    0.3827    0.9194
    0.9212   -0.3830    0.0686
    0.3784    0.8407   -0.3873
...    84 G-C ...
 -134.3212   -1.2850  103.6308
    0.5522    0.0205    0.8334
    0.7116   -0.5325   -0.4584
    0.4344    0.8462   -0.3086
...    85 A-T ...
 -133.0267    1.6717  102.7070
    0.8567   -0.3355    0.3918
    0.2217   -0.4464   -0.8669
    0.4658    0.8295   -0.3081
...    86 T-A ...
 -131.4560    4.5373  102.2965
    0.8241   -0.5551   -0.1124
   -0.2627   -0.1988   -0.9442
    0.5018    0.8076   -0.3096
...    87 C-G ...
 -129.5685    7.1292  101.4135
    0.4766   -0.6028   -0.6399
   -0.6943    0.1884   -0.6946
    0.5393    0.7753   -0.3287
...    88 C-G ...
 -127.6314    9.5485  100.3017
   -0.0403   -0.4987   -0.8658
   -0.8242    0.5065   -0.2534
    0.5649    0.7034   -0.4315
...    89 G-C ...
 -126.1300   12.0262   98.6024
   -0.5723   -0.1955   -0.7964
   -0.6155    0.7442    0.2596
    0.5419    0.6387   -0.5463
...    90 C-G ...
 -124.2019   13.7924   96.2997
   -0.8281    0.2735   -0.4894
   -0.1467    0.7369    0.6600
    0.5411    0.6183   -0.5701
...    91 T-A ...
 -122.6842   15.7669   93.8216
   -0.7493    0.6621   -0.0116
    0.4029    0.4697    0.7855
    0.5255    0.5840   -0.6187
...    92 T-A ...
 -121.1519   17.5356   91.5146
   -0.3153    0.8488    0.4244
    0.7719   -0.0308    0.6350
    0.5520    0.5278   -0.6455
...    93 T-A ...
 -119.5736   19.2425   89.1722
    0.2334    0.6863    0.6888
    0.7950   -0.5426    0.2712
    0.5599    0.4843   -0.6723
...    94 A-T ...
 -117.2527   20.1354   86.8301
    0.7057    0.1972    0.6806
    0.4465   -0.8695   -0.2111
    0.5501    0.4529   -0.7016
...    95 A-T ...
 -115.5212   21.7280   84.6390
    0.8311   -0.3552    0.4279
   -0.0647   -0.8260   -0.5600
    0.5523    0.4378   -0.7095
...    96 C-G ...
 -113.5011   23.5922   82.6492
    0.6464   -0.7616    0.0463
   -0.5246   -0.4877   -0.6978
    0.5540    0.4268   -0.7148
...    97 A-T ...
 -111.5314   24.8402   80.1732
    0.1486   -0.9336   -0.3261
   -0.7978    0.0817   -0.5973
    0.5843    0.3489   -0.7327
...    98 C-G ...
 -109.0875   25.5232   77.9461
   -0.3262   -0.7478   -0.5783
   -0.7382    0.5837   -0.3383
    0.5905    0.3165   -0.7423
...    99 T-A ...
 -106.6609   26.0659   75.3311
   -0.7330   -0.2685   -0.6250
   -0.3849    0.9213    0.0556
    0.5609    0.2813   -0.7786
...   100 T-A ...
 -104.7822   26.6444   72.7051
   -0.7926    0.3516   -0.4982
    0.1366    0.8986    0.4169
    0.5943    0.2624   -0.7602
...   101 T-A ...
 -102.8917   27.2557   70.0815
   -0.5388    0.8236   -0.1769
    0.5742    0.5127    0.6383
    0.6164    0.2423   -0.7492
...   102 A-T ...
 -100.4729   28.0579   67.6986
    0.0415    0.9615    0.2718
    0.7710   -0.2038    0.6034
    0.6355    0.1845   -0.7497
...   103 T-A ...
  -98.9756   28.9568   64.9422
    0.3986    0.7305    0.5545
    0.6523   -0.6509    0.3885
    0.6447    0.2069   -0.7359
...   104 G-C ...
  -96.8593   29.9173   62.5631
    0.6509    0.1566    0.7428
    0.2935   -0.9543   -0.0560
    0.7001    0.2544   -0.6671
...   105 C-G ...
  -94.4416   31.0802   60.6315
    0.6702   -0.4188    0.6127
   -0.1296   -0.8789   -0.4590
    0.7308    0.2282   -0.6433
...   106 T-A ...
  -91.6628   32.0707   58.7799
    0.4437   -0.8617    0.2462
   -0.4714   -0.4581   -0.7536
    0.7622    0.2183   -0.6094
...   107 T-A ...
  -89.0553   32.7222   57.0170
    0.0601   -0.9774   -0.2026
   -0.6206    0.1224   -0.7745
    0.7818    0.1723   -0.5992
...   108 C-G ...
  -86.3213   33.0725   55.0829
   -0.3536   -0.7047   -0.6151
   -0.5162    0.6954   -0.4999
    0.7800    0.1408   -0.6097
...   109 C-G ...
  -83.7535   33.3136   53.0054
   -0.6499   -0.2199   -0.7275
   -0.2194    0.9708   -0.0974
    0.7276    0.0963   -0.6792
...   110 G-C ...
  -81.6450   33.9629   50.7859
   -0.7294    0.3294   -0.5996
    0.1882    0.9393    0.2870
    0.6577    0.0965   -0.7471
...   111 G-C ...
  -79.7335   34.2751   48.0092
   -0.5278    0.8010   -0.2825
    0.5838    0.5837    0.5644
    0.6169    0.1330   -0.7757
...   112 C-G ...
  -78.1413   34.6567   45.0704
   -0.1250    0.9844    0.1241
    0.7838    0.0213    0.6207
    0.6083    0.1749   -0.7742
...   113 T-A ...
  -76.2680   35.2802   42.3783
    0.2983    0.8247    0.4805
    0.7334   -0.5203    0.4376
    0.6108    0.2219   -0.7600
...   114 C-G ...
  -74.1196   35.9761   39.9045
    0.6664    0.3298    0.6687
    0.4150   -0.9092    0.0349
    0.6195    0.2542   -0.7427
...   115 G-C ...
  -71.8752   36.2964   37.4172
    0.7293   -0.3125    0.6087
   -0.0607   -0.9157   -0.3973
    0.6815    0.2528   -0.6868
...   116 T-A ...
  -69.2233   37.5159   35.7292
    0.5410   -0.7791    0.3168
   -0.4483   -0.5859   -0.6751
    0.7116    0.2232   -0.6662
...   117 A-T ...
  -66.5207   38.2726   33.7764
    0.1188   -0.9847   -0.1278
   -0.6617    0.0174   -0.7495
    0.7403    0.1736   -0.6495
...   118 T-A ...
  -63.6591   38.6250   32.1765
   -0.2341   -0.8225   -0.5184
   -0.6229    0.5363   -0.5695
    0.7465    0.1896   -0.6378
...   119 A-T ...
  -61.1900   39.6331   29.9180
   -0.5489   -0.2057   -0.8102
   -0.2998    0.9532   -0.0390
    0.7803    0.2215   -0.5849
...   120 A-T ...
  -58.5889   40.0113   27.9888
   -0.6093    0.3961   -0.6869
    0.0721    0.8903    0.4495
    0.7896    0.2244   -0.5711
...   121 T-A ...
  -56.1422   40.2373   25.7009
   -0.4615    0.8174   -0.3449
    0.3806    0.5336    0.7553
    0.8013    0.2173   -0.5573
...   122 G-C ...
  -53.3977   40.9735   23.6768
   -0.1826    0.9535    0.2399
    0.5779   -0.0933    0.8108
    0.7954    0.2867   -0.5340
...   123 T-A ...
  -51.0717   42.0282   21.5705
    0.1306    0.7513    0.6469
    0.5741   -0.5893    0.5684
    0.8083    0.2972   -0.5083
...   124 G-C ...
  -48.3179   43.0881   19.8760
    0.3728    0.2187    0.9018
    0.4054   -0.9125    0.0537
    0.8346    0.3456   -0.4289
...   125 T-A ...
  -45.8298   44.6145   18.5790
    0.4792   -0.3231    0.8161
    0.1602   -0.8820   -0.4432
    0.8630    0.3431   -0.3709
...   126 C-G ...
  -43.0046   45.6648   17.5703
    0.4816   -0.7853    0.3891
   -0.1332   -0.5044   -0.8531
    0.8662    0.3591   -0.3475
...   127 G-C ...
  -40.1539   46.4005   15.8821
    0.2183   -0.9678   -0.1252
   -0.3066    0.0538   -0.9503
    0.9265    0.2459   -0.2850
...   128 A-T ...
  -37.1521   47.1518   15.0194
   -0.0015   -0.7328   -0.6805
   -0.3717    0.6321   -0.6799
    0.9283    0.2520   -0.2733
...   129 C-G ...
  -33.8602   47.3350   14.5499
   -0.2292   -0.2734   -0.9342
   -0.3012    0.9326   -0.1990
    0.9256    0.2358   -0.2961
...   130 C-G ...
  -30.6903   47.7483   13.3258
   -0.4220    0.2792   -0.8626
   -0.0939    0.9328    0.3479
    0.9017    0.2278   -0.3674
...   131 A-T ...
  -27.5526   49.1586   12.9633
   -0.3908    0.8104   -0.4364
    0.1688    0.5292    0.8315
    0.9049    0.2513   -0.3436
...   132 A-T ...
  -24.6151   49.9417   11.7073
   -0.2153    0.9660    0.1432
    0.3585   -0.0582    0.9317
    0.9084    0.2520   -0.3338
...   133 A-T ...
  -21.7911   50.8427   10.2888
    0.0652    0.7462    0.6625
    0.3974   -0.6284    0.6687
    0.9153    0.2197   -0.3375
...   134 T-A ...
  -19.0083   52.0402    8.9385
    0.2450    0.2904    0.9250
    0.3072   -0.9282    0.2101
    0.9196    0.2327   -0.3166
...   135 G-C ...
  -16.4569   53.8980    7.5292
    0.5336   -0.3334    0.7773
    0.0348   -0.9096   -0.4140
    0.8450    0.2479   -0.4738
...   136 T-A ...
  -14.1680   56.5698    6.1950
    0.5795   -0.7269    0.3684
   -0.3140   -0.6163   -0.7222
    0.7521    0.3028   -0.5854
...   137 G-C ...
  -11.6468   58.0147    4.7338
    0.2454   -0.9541   -0.1717
   -0.6318   -0.0231   -0.7748
    0.7352    0.2986   -0.6085
...   138 A-T ...
   -8.6697   58.7289    3.6172
   -0.0344   -0.7815   -0.6230
   -0.6534    0.4892   -0.5777
    0.7562    0.3872   -0.5274
...   139 G-C ...
   -6.3211   59.0880    1.6442
   -0.2967   -0.3277   -0.8970
   -0.5657    0.8170   -0.1114
    0.7694    0.4744   -0.4278
...   140 C-G ...
   -3.4296   60.2437    1.0436
   -0.4424    0.2288   -0.8671
   -0.1682    0.9286    0.3309
    0.8809    0.2922   -0.3723
...   141 G-C ...
   -0.6893   63.9063   -2.2355
   -0.9992    0.0156   -0.0375
   -0.0024    0.8991    0.4378
    0.0405    0.4375   -0.8983
...   142 C-G ...
   -0.9979   65.6137   -4.9248
   -0.8337    0.5217    0.1810
    0.5169    0.6220    0.5881
    0.1942    0.5839   -0.7882
...   143 T-A ...
   -0.1244   66.2250   -7.8040
   -0.3751    0.8568    0.3538
    0.8856    0.2185    0.4098
    0.2739    0.4670   -0.8408
...   144 C-G ...
   -0.1579   67.4197  -10.7920
    0.1799    0.8792    0.4411
    0.9276   -0.3009    0.2214
    0.3274    0.3694   -0.8697
...   145 A-T ...
    0.5353   69.2487  -13.4512
    0.7352    0.4961    0.4620
    0.6117   -0.7791   -0.1369
    0.2921    0.3832   -0.8763
...   146 C-G ...
    1.4422   72.1064  -15.5857
    0.9808    0.0622    0.1849
    0.1266   -0.9240   -0.3608
    0.1484    0.3773   -0.9141
...   147 A-T ...
    2.3151   74.2410  -18.3713
    0.8657   -0.4292   -0.2574
   -0.4984   -0.7868   -0.3642
   -0.0462    0.4436   -0.8950
