  147 base-pairs
...     1 A-T ...
    0.0000    0.0000    0.0000
    1.0000    0.0000    0.0000
    0.0000    1.0000    0.0000
    0.0000    0.0000    1.0000
...     2 G-C ...
   -0.1394   -1.2357    3.2268
    0.7529    0.6366    0.1670
   -0.6386    0.7680   -0.0486
   -0.1592   -0.0700    0.9848
...     3 T-A ...
   -0.0365   -3.2932    6.3751
    0.2722    0.9301    0.2466
   -0.9238    0.3243   -0.2033
   -0.2691   -0.1725    0.9475
...     4 G-C ...
   -0.3505   -4.1660    9.4928
   -0.3756    0.9250    0.0579
   -0.8781   -0.3352   -0.3415
   -0.2965   -0.1791    0.9381
...     5 A-T ...
   -0.4462   -4.1476   12.7498
   -0.8116    0.5840   -0.0165
   -0.5523   -0.7762   -0.3042
   -0.1905   -0.2378    0.9524
...     6 G-C ...
   -1.5908   -4.1730   15.6201
   -0.9976    0.0246   -0.0651
   -0.0043   -0.9555   -0.2950
   -0.0695   -0.2940    0.9533
...     7 C-G ...
   -1.1030   -4.4824   18.7362
   -0.8441   -0.5304   -0.0787
    0.5345   -0.8441   -0.0432
   -0.0435   -0.0785    0.9960
...     8 G-C ...
   -2.4028   -7.7290   23.1475
   -0.2754   -0.3293   -0.9032
    0.6650   -0.7437    0.0684
   -0.6942   -0.5818    0.4238
...     9 C-G ...
   -4.4690   -9.9728   24.1132
    0.1145   -0.7025   -0.7024
    0.8512   -0.2952    0.4340
   -0.5122   -0.6476    0.5642
...    10 T-A ...
   -6.7405  -10.8752   25.9697
    0.4841   -0.8363   -0.2574
    0.6595    0.1553    0.7355
   -0.5751   -0.5258    0.6267
...    11 C-G ...
   -9.1656  -12.6208   27.1640
    0.7073   -0.6682    0.2307
    0.3448    0.6110    0.7126
   -0.6171   -0.4245    0.6626
...    12 A-T ...
  -10.9234  -14.6633   29.0693
    0.7515   -0.1377    0.6452
   -0.2029    0.8824    0.4246
   -0.6277   -0.4500    0.6352
...    13 C-G ...
  -11.8476  -17.4863   31.2451
    0.4295    0.2823    0.8578
   -0.5708    0.8209    0.0156
   -0.6998   -0.4963    0.5137
...    14 A-T ...
  -13.5897  -19.7827   33.4259
   -0.1504    0.6104    0.7777
   -0.6874    0.5008   -0.5260
   -0.7106   -0.6136    0.3443
...    15 A-T ...
  -15.7328  -21.8943   34.6911
   -0.5517    0.7721    0.3156
   -0.4494    0.0436   -0.8923
   -0.7026   -0.6340    0.3229
...    16 T-A ...
  -17.7998  -23.8637   36.3650
   -0.7111    0.6742   -0.1998
   -0.0861   -0.3654   -0.9269
   -0.6978   -0.6418    0.3179
...    17 T-A ...
  -20.0673  -25.8544   37.5893
   -0.6269    0.3192   -0.7107
    0.3607   -0.6896   -0.6279
   -0.6906   -0.6500    0.3172
...    18 T-A ...
  -22.4177  -27.8068   38.7097
   -0.2909   -0.1549   -0.9441
    0.6655   -0.7417   -0.0834
   -0.6874   -0.6526    0.3189
...    19 A-T ...
  -24.4252  -30.3216   39.8352
    0.2217   -0.5934   -0.7738
    0.6900   -0.4653    0.5545
   -0.6891   -0.6568    0.3063
...    20 T-A ...
  -27.0577  -32.2673   40.3055
    0.5493   -0.7511   -0.3663
    0.4698   -0.0849    0.8787
   -0.6910   -0.6548    0.3062
...    21 T-A ...
  -29.3878  -34.4199   41.0588
    0.7109   -0.6633    0.2340
    0.0514    0.3809    0.9232
   -0.7015   -0.6442    0.3049
...    22 C-G ...
  -31.6508  -36.6459   42.0082
    0.6062   -0.2770    0.7455
   -0.4012    0.7029    0.5874
   -0.6867   -0.6552    0.3149
...    23 G-C ...
  -34.1376  -38.5752   43.2991
    0.3173    0.2515    0.9144
   -0.6965    0.7162    0.0448
   -0.6436   -0.6511    0.4024
...    24 C-G ...
  -35.9465  -41.0029   44.7385
   -0.1071    0.6406    0.7604
   -0.7570    0.4433   -0.4801
   -0.6446   -0.6270    0.4374
...    25 A-T ...
  -38.3251  -43.0073   46.0304
   -0.4783    0.8327    0.2790
   -0.5571   -0.0421   -0.8294
   -0.6789   -0.5522    0.4840
...    26 A-T ...
  -40.4509  -44.7289   47.7881
   -0.7138    0.6472   -0.2676
   -0.1668   -0.5283   -0.8325
   -0.6802   -0.5496    0.4850
...    27 A-T ...
  -42.6905  -46.3447   49.5066
   -0.6753    0.2061   -0.7081
    0.2855   -0.8122   -0.5087
   -0.6800   -0.5457    0.4897
...    28 G-C ...
  -45.1509  -47.9179   51.1324
   -0.3653   -0.2540   -0.8956
    0.5990   -0.8005   -0.0173
   -0.7125   -0.5428    0.4445
...    29 G-C ...
  -47.7836  -49.6611   52.3844
    0.0885   -0.6323   -0.7697
    0.6778   -0.5280    0.5117
   -0.7299   -0.5670    0.3819
...    30 C-G ...
  -50.4558  -51.4888   53.2915
    0.4788   -0.8059   -0.3482
    0.4968   -0.0783    0.8643
   -0.7238   -0.5868    0.3629
...    31 C-G ...
  -52.9403  -53.6184   54.2426
    0.7207   -0.6675    0.1874
    0.1229    0.3891    0.9130
   -0.6823   -0.6349    0.3624
...    32 G-C ...
  -55.2540  -55.5463   55.8213
    0.7176   -0.2483    0.6507
   -0.3267    0.7051    0.6294
   -0.6151   -0.6642    0.4249
...    33 G-C ...
  -57.2099  -57.9992   57.1395
    0.4595    0.2528    0.8515
   -0.6756    0.7218    0.1503
   -0.5765   -0.6443    0.5024
...    34 C-G ...
  -58.7729  -60.4114   58.8387
    0.0355    0.6516    0.7577
   -0.8180    0.4546   -0.3526
   -0.5742   -0.6073    0.5491
...    35 C-G ...
  -60.4946  -62.4554   60.9155
   -0.3665    0.8540    0.3694
   -0.7127   -0.0025   -0.7014
   -0.5981   -0.5203    0.6096
...    36 C-G ...
  -62.4509  -63.9663   63.2161
   -0.6418    0.7522   -0.1494
   -0.4102   -0.5013   -0.7618
   -0.6479   -0.4277    0.6303
...    37 G-C ...
  -64.9603  -65.4561   64.9669
   -0.6866    0.3627   -0.6301
   -0.0108   -0.8717   -0.4900
   -0.7270   -0.3296    0.6024
...    38 A-T ...
  -67.4881  -66.4309   66.8722
   -0.5373   -0.2442   -0.8073
    0.3892   -0.9210    0.0196
   -0.7483   -0.3036    0.5898
...    39 C-G ...
  -70.3373  -66.9279   68.5861
   -0.2329   -0.7110   -0.6636
    0.6055   -0.6400    0.4732
   -0.7610   -0.2916    0.5795
...    40 A-T ...
  -72.6376  -68.1213   70.7168
    0.2156   -0.9436   -0.2514
    0.6060   -0.0726    0.7922
   -0.7657   -0.3231    0.5561
...    41 C-G ...
  -75.5075  -69.3269   72.0267
    0.5127   -0.8267    0.2318
    0.3891    0.4643    0.7956
   -0.7654   -0.3177    0.5597
...    42 G-C ...
  -78.0212  -70.0215   74.2084
    0.7046   -0.3633    0.6096
    0.0240    0.8707    0.4912
   -0.7092   -0.3314    0.6222
...    43 A-T ...
  -80.4376  -71.1542   76.1530
    0.6013    0.2530    0.7579
   -0.3935    0.9193    0.0053
   -0.6954   -0.3014    0.6523
...    44 C-G ...
  -82.3774  -72.6451   78.3824
    0.3299    0.7235    0.6063
   -0.6541    0.6384   -0.4058
   -0.6807   -0.2627    0.6839
...    45 T-A ...
  -84.3914  -73.5268   80.8719
   -0.0103    0.9760    0.2177
   -0.7448    0.1378   -0.6529
   -0.6672   -0.1688    0.7255
...    46 T-A ...
  -86.4314  -73.9776   83.3392
   -0.4053    0.8836   -0.2345
   -0.6160   -0.4535   -0.6441
   -0.6755   -0.1166    0.7281
...    47 A-T ...
  -88.9055  -74.3312   85.5957
   -0.6454    0.4232   -0.6358
   -0.2760   -0.9054   -0.3226
   -0.7122   -0.0327    0.7012
...    48 C-G ...
  -91.2518  -73.7421   87.8926
   -0.6788   -0.1382   -0.7212
    0.0920   -0.9904    0.1032
   -0.7285    0.0037    0.6850
...    49 T-A ...
  -93.8859  -73.4714   89.9428
   -0.4973   -0.6717   -0.5491
    0.4203   -0.7402    0.5249
   -0.7590    0.0302    0.6504
...    50 G-C ...
  -96.2382  -73.7168   92.3233
   -0.1188   -0.9871   -0.1076
    0.6173   -0.1583    0.7706
   -0.7777    0.0251    0.6282
...    51 T-A ...
  -99.2312  -73.6984   93.9259
    0.2337   -0.9066    0.3513
    0.5900    0.4195    0.6899
   -0.7728    0.0461    0.6330
...    52 A-T ...
 -101.5905  -72.7891   96.3106
    0.5146   -0.3495    0.7830
    0.3131    0.9267    0.2078
   -0.7982    0.1383    0.5863
...    53 G-C ...
 -104.3000  -72.5596   98.2625
    0.6549    0.2186    0.7234
   -0.0025    0.9579   -0.2872
   -0.7557    0.1863    0.6278
...    54 G-C ...
 -106.8965  -72.1530  100.4128
    0.6247    0.6933    0.3593
   -0.3582    0.6633   -0.6571
   -0.6938    0.2818    0.6627
...    55 T-A ...
 -108.7822  -71.4435  103.0112
    0.3857    0.9175   -0.0971
   -0.6380    0.1892   -0.7465
   -0.6665    0.3499    0.6583
...    56 A-T ...
 -110.8904  -69.9979  105.1805
    0.0519    0.7852   -0.6170
   -0.7810   -0.3531   -0.5152
   -0.6224    0.5086    0.5949
...    57 T-A ...
 -112.3765  -67.9492  107.2484
   -0.3363    0.4740   -0.8138
   -0.7117   -0.6938   -0.1100
   -0.6168    0.5422    0.5706
...    58 C-G ...
 -114.4839  -65.9942  108.8534
   -0.6820   -0.0594   -0.7289
   -0.3980   -0.8060    0.4381
   -0.6135    0.5889    0.5261
...    59 T-A ...
 -116.5967  -63.8010  110.2443
   -0.7757   -0.5151   -0.3646
    0.0159   -0.5934    0.8048
   -0.6309    0.6185    0.4685
...    60 C-G ...
 -118.8284  -61.7716  111.6591
   -0.6164   -0.7507    0.2376
    0.4874   -0.1268    0.8639
   -0.6184    0.6483    0.4441
...    61 G-C ...
 -120.5556  -59.5398  113.5600
   -0.1815   -0.6780    0.7123
    0.7623    0.3606    0.5375
   -0.6212    0.6406    0.4514
...    62 A-T ...
 -122.6810  -57.3299  114.8618
    0.3283   -0.2938    0.8977
    0.7316    0.6802   -0.0449
   -0.5975    0.6715    0.4383
...    63 G-C ...
 -124.8349  -55.2415  116.3479
    0.7155    0.1000    0.6914
    0.4453    0.6974   -0.5616
   -0.5383    0.7097    0.4545
...    64 C-G ...
 -126.8345  -53.1788  118.0575
    0.8783    0.4226    0.2237
   -0.0186    0.4976   -0.8672
   -0.4778    0.7575    0.4448
...    65 T-A ...
 -128.2320  -50.6939  119.7529
    0.7777    0.5336   -0.3324
   -0.4953    0.1945   -0.8467
   -0.3871    0.8231    0.4155
...    66 C-G ...
 -129.3726  -47.9274  121.0595
    0.3673    0.4665   -0.8047
   -0.8693   -0.1356   -0.4754
   -0.3309    0.8741    0.3557
...    67 G-C ...
 -130.6195  -44.8374  121.7324
   -0.1387    0.1632   -0.9768
   -0.9549   -0.2836    0.0883
   -0.2626    0.9450    0.1951
...    68 G-C ...
 -131.3430  -41.5114  121.7394
   -0.6280   -0.1080   -0.7707
   -0.7356   -0.2409    0.6332
   -0.2540    0.9645    0.0719
...    69 G-C ...
 -132.3717  -38.2695  121.3803
   -0.9231   -0.2743   -0.2696
   -0.2640   -0.0576    0.9628
   -0.2796    0.9599   -0.0193
...    70 A-T ...
 -133.4146  -35.1009  121.1516
   -0.8913   -0.2196    0.3968
    0.3700    0.1536    0.9162
   -0.2621    0.9634   -0.0557
...    71 T-A ...
 -134.6321  -32.0803  120.3595
   -0.5617   -0.0451    0.8261
    0.7974    0.2363    0.5552
   -0.2203    0.9706   -0.0968
...    72 C-G ...
 -135.4029  -28.8600  119.8872
    0.0653    0.1387    0.9882
    0.9791    0.1822   -0.0903
   -0.1925    0.9734   -0.1239
...    73 C-G ...
 -136.2904  -25.6081  119.3389
    0.6310    0.1576    0.7596
    0.7652    0.0342   -0.6428
   -0.1273    0.9869   -0.0990
...    74 G-C ...
 -136.5793  -22.3255  118.4256
    0.9674    0.0198    0.2523
    0.2529   -0.1119   -0.9610
    0.0092    0.9935   -0.1132
...    75 C-G ...
 -136.5923  -19.0023  118.4627
    0.9405   -0.1248   -0.3161
   -0.3304   -0.1188   -0.9363
    0.0793    0.9850   -0.1530
...    76 T-A ...
 -136.0013  -15.7673  118.0689
    0.5980   -0.2812   -0.7505
   -0.7833   -0.0068   -0.6216
    0.1697    0.9596   -0.2243
...    77 T-A ...
 -135.2462  -12.7259  117.2931
    0.0289   -0.2931   -0.9556
   -0.9798    0.1811   -0.0852
    0.1981    0.9388   -0.2820
...    78 T-A ...
 -134.4108   -9.7836  116.2282
   -0.5511   -0.1603   -0.8189
   -0.8076    0.3494    0.4751
    0.2100    0.9232   -0.3220
...    79 A-T ...
 -133.9869   -6.5681  115.2280
   -0.9413    0.1052   -0.3207
   -0.2521    0.4126    0.8753
    0.2244    0.9048   -0.3619
...    80 A-T ...
 -133.2487   -3.7519  113.7350
   -0.8886    0.3855    0.2487
    0.3666    0.2709    0.8900
    0.2757    0.8820   -0.3821
...    81 C-G ...
 -132.7207   -0.9351  111.9237
   -0.5308    0.4898    0.6916
    0.7993    0.0179    0.6007
    0.2818    0.8716   -0.4010
...    82 A-T ...
 -131.3380    1.8406  110.6658
    0.0712    0.3759    0.9239
    0.9528   -0.2998    0.0485
    0.2952    0.8769   -0.3795
...    83 C-G ...
 -130.9180    4.9435  109.4568
    0.5809    0.1443    0.8011
    0.7506   -0.4756   -0.4587
    0.3148    0.8678   -0.3846
...    84 T-A ...
 -129.9631    7.9457  108.3591
    0.8766   -0.1959    0.4395
    0.2996   -0.4924   -0.8172
    0.3765    0.8480   -0.3730
...    85 T-A ...
 -128.7535   10.7568  107.2958
    0.8738   -0.4753   -0.1029
   -0.2706   -0.2993   -0.9150
    0.4041    0.8273   -0.3901
...    86 T-A ...
 -127.3131   13.4119  106.1465
    0.5369   -0.6050   -0.5879
   -0.7214    0.0320   -0.6918
    0.4374    0.7955   -0.4193
...    87 A-T ...
 -125.7041   15.8734  104.5391
   -0.0481   -0.5753   -0.8165
   -0.8745    0.4192   -0.2439
    0.4826    0.7023   -0.5233
...    88 T-A ...
 -123.6060   17.7069  102.8051
   -0.5008   -0.2934   -0.8144
   -0.7166    0.6683    0.1999
    0.4856    0.6836   -0.5449
...    89 G-C ...
 -122.3158   20.0595  100.7771
   -0.8660    0.1046   -0.4889
   -0.2498    0.7566    0.6043
    0.4332    0.6455   -0.6291
...    90 C-G ...
 -121.0521   21.9278   98.2840
   -0.8624    0.5041   -0.0464
    0.3021    0.5860    0.7519
    0.4063    0.6344   -0.6577
...    91 T-A ...
 -119.9483   23.9386   95.8320
   -0.5505    0.7356    0.3949
    0.7450    0.2193    0.6300
    0.3768    0.6410   -0.6687
...    92 T-A ...
 -118.9363   25.9262   93.4363
    0.0330    0.7528    0.6574
    0.9186   -0.2820    0.2768
    0.3938    0.5947   -0.7009
...    93 C-G ...
 -117.7089   27.8782   91.0445
    0.5916    0.4129    0.6925
    0.6942   -0.6977   -0.1770
    0.4101    0.5854   -0.6994
...    94 C-G ...
 -116.4662   30.0095   88.7163
    0.8461   -0.1029    0.5230
    0.2311   -0.8134   -0.5338
    0.4803    0.5725   -0.6645
...    95 G-C ...
 -114.8425   31.5647   86.1676
    0.7573   -0.6217    0.2001
   -0.3023   -0.6053   -0.7364
    0.5789    0.4972   -0.6463
...    96 G-C ...
 -112.6965   33.2397   84.1741
    0.3950   -0.9016   -0.1764
   -0.6647   -0.1479   -0.7323
    0.6342    0.4065   -0.6577
...    97 C-G ...
 -110.2287   34.3844   82.2652
   -0.0811   -0.8551   -0.5121
   -0.7589    0.3861   -0.5245
    0.6462    0.3461   -0.6802
...    98 T-A ...
 -107.9089   35.1558   80.0051
   -0.5287   -0.5300   -0.6629
   -0.5650    0.8027   -0.1911
    0.6334    0.2735   -0.7239
...    99 C-G ...
 -105.9003   35.8795   77.4947
   -0.7811    0.0534   -0.6221
   -0.1126    0.9680    0.2244
    0.6142    0.2453   -0.7500
...   100 G-C ...
 -104.0259   37.0822   74.9356
   -0.7478    0.5870   -0.3102
    0.3978    0.7702    0.4985
    0.5315    0.2495   -0.8095
...   101 T-A ...
 -102.6822   37.5444   71.8943
   -0.4142    0.9099    0.0212
    0.7458    0.3260    0.5810
    0.5217    0.2565   -0.8136
...   102 T-A ...
 -101.2027   38.2797   69.0770
    0.1311    0.9328    0.3356
    0.8402   -0.2843    0.4618
    0.5261    0.2214   -0.8211
...   103 C-G ...
  -99.5286   39.0405   66.3207
    0.6118    0.5591    0.5596
    0.5809   -0.7977    0.1621
    0.5370    0.2259   -0.8128
...   104 A-T ...
  -97.6013   39.4600   63.5999
    0.7929   -0.0502    0.6072
    0.1024   -0.9714   -0.2141
    0.6006    0.2320   -0.7651
...   105 T-A ...
  -95.5900   40.8212   61.3670
    0.7286   -0.5497    0.4087
   -0.3288   -0.8041   -0.4953
    0.6008    0.2265   -0.7666
...   106 G-C ...
  -93.6077   41.2418   58.6842
    0.3316   -0.9369    0.1105
   -0.6797   -0.3185   -0.6607
    0.6543    0.1440   -0.7424
...   107 T-A ...
  -90.9933   41.6284   56.6713
   -0.1116   -0.9650   -0.2372
   -0.7465    0.2390   -0.6210
    0.6559    0.1078   -0.7471
...   108 T-A ...
  -88.7078   41.8362   54.3671
   -0.5294   -0.6411   -0.5556
   -0.5363    0.7603   -0.3664
    0.6573    0.1040   -0.7464
...   109 A-T ...
  -86.6457   42.4323   51.7459
   -0.7599   -0.0091   -0.6500
   -0.0653    0.9959    0.0624
    0.6468    0.0899   -0.7573
...   110 T-A ...
  -84.6504   42.0553   49.1310
   -0.6775    0.5129   -0.5272
    0.3417    0.8542    0.3918
    0.6513    0.0853   -0.7540
...   111 A-T ...
  -82.2342   42.5567   46.7953
   -0.2896    0.9450   -0.1519
    0.6990    0.3173    0.6409
    0.6539    0.0794   -0.7524
...   112 A-T ...
  -80.3042   42.7787   44.1779
    0.1904    0.9508    0.2443
    0.7301   -0.3035    0.6123
    0.6563    0.0618   -0.7520
...   113 C-G ...
  -78.5742   43.3225   41.3761
    0.5406    0.6320    0.5553
    0.5141   -0.7706    0.3766
    0.6659    0.0818   -0.7415
...   114 G-C ...
  -76.1175   43.2423   39.0354
    0.6651    0.0572    0.7445
    0.1214   -0.9921   -0.0322
    0.7368    0.1119   -0.6668
...   115 G-C ...
  -73.5452   43.8313   36.9224
    0.5543   -0.5199    0.6500
   -0.2584   -0.8498   -0.4593
    0.7912    0.0867   -0.6054
...   116 A-T ...
  -70.8788   44.1185   35.0042
    0.2591   -0.9309    0.2574
   -0.5307   -0.3599   -0.7673
    0.8069    0.0623   -0.5873
...   117 A-T ...
  -68.1153   44.3008   33.2959
   -0.0971   -0.9637   -0.2486
   -0.5793    0.2579   -0.7732
    0.8093    0.0690   -0.5834
...   118 T-A ...
  -65.1367   44.1584   31.8654
   -0.3793   -0.6869   -0.6199
   -0.4423    0.7231   -0.5306
    0.8127    0.0729   -0.5781
...   119 A-T ...
  -62.5224   44.7848   29.7784
   -0.5628   -0.0476   -0.8253
   -0.0896    0.9960    0.0037
    0.8218    0.0760   -0.5648
...   120 A-T ...
  -59.8652   44.7636   27.8864
   -0.4878    0.5530   -0.6755
    0.2525    0.8301    0.4972
    0.8357    0.0720   -0.5445
...   121 T-A ...
  -57.4046   44.5345   25.6821
   -0.2786    0.9055   -0.3201
    0.4646    0.4187    0.7802
    0.8405    0.0687   -0.5374
...   122 G-C ...
  -54.4974   44.9250   24.0508
   -0.0290    0.9674    0.2516
    0.5534   -0.1941    0.8100
    0.8324    0.1627   -0.5298
...   123 T-A ...
  -52.1147   45.7567   21.8845
    0.2416    0.7041    0.6678
    0.4817   -0.6844    0.5473
    0.8423    0.1894   -0.5045
...   124 G-C ...
  -49.1348   46.2872   20.4263
    0.3836    0.1474    0.9117
    0.2763   -0.9603    0.0390
    0.8812    0.2370   -0.4091
...   125 T-A ...
  -46.3366   47.6492   19.2983
    0.4366   -0.4009    0.8054
    0.0384   -0.8861   -0.4619
    0.8988    0.2326   -0.3715
...   126 C-G ...
  -43.3114   48.3815   18.2320
    0.3425   -0.8615    0.3748
   -0.2085   -0.4586   -0.8638
    0.9161    0.2177   -0.3367
...   127 G-C ...
  -40.2672   48.7348   16.7701
    0.0801   -0.9817   -0.1728
   -0.3125    0.1399   -0.9396
    0.9465    0.1292   -0.2956
...   128 A-T ...
  -37.0979   49.0370   15.8508
   -0.1330   -0.6900   -0.7115
   -0.2807    0.7147   -0.6407
    0.9505    0.1145   -0.2887
...   129 C-G ...
  -33.8211   48.8138   15.1259
   -0.2676   -0.1864   -0.9453
   -0.1563    0.9765   -0.1483
    0.9508    0.1080   -0.2905
...   130 C-G ...
  -30.5982   48.8940   14.0272
   -0.3635    0.3955   -0.8435
    0.0306    0.9100    0.4135
    0.9311    0.1245   -0.3428
...   131 A-T ...
  -27.4430   49.5006   13.0674
   -0.3467    0.8482   -0.4004
    0.2417    0.4933    0.8356
    0.9063    0.1929   -0.3761
...   132 A-T ...
  -24.5727   50.0543   11.6435
   -0.1463    0.9751    0.1665
    0.3852   -0.0989    0.9175
    0.9112    0.1984   -0.3611
...   133 A-T ...
  -21.7082   50.7891   10.3126
    0.0783    0.7313    0.6775
    0.3971   -0.6462    0.6517
    0.9144    0.2180   -0.3410
...   134 T-A ...
  -19.0083   52.0403    8.9385
    0.2450    0.2904    0.9250
    0.3072   -0.9282    0.2101
    0.9196    0.2327   -0.3166
...   135 G-C ...
  -16.4568   53.8981    7.5292
    0.5336   -0.3334    0.7773
    0.0348   -0.9096   -0.4140
    0.8450    0.2479   -0.4738
...   136 T-A ...
  -14.1680   56.5698    6.1950
    0.5795   -0.7269    0.3684
   -0.3140   -0.6163   -0.7222
    0.7521    0.3028   -0.5854
...   137 G-C ...
  -11.6468   58.0147    4.7338
    0.2454   -0.9541   -0.1717
   -0.6318   -0.0231   -0.7748
    0.7352    0.2986   -0.6085
...   138 A-T ...
   -8.6697   58.7290    3.6172
   -0.0344   -0.7815   -0.6230
   -0.6534    0.4892   -0.5777
    0.7562    0.3872   -0.5274
...   139 G-C ...
   -6.3210   59.0880    1.6442
   -0.2967   -0.3277   -0.8970
   -0.5657    0.8170   -0.1114
    0.7694    0.4744   -0.4278
...   140 C-G ...
   -3.4295   60.2438    1.0436
   -0.4424    0.2288   -0.8671
   -0.1682    0.9286    0.3309
    0.8809    0.2922   -0.3723
...   141 G-C ...
   -0.6892   63.9063   -2.2355
   -0.9992    0.0156   -0.0375
   -0.0024    0.8991    0.4378
    0.0405    0.4375   -0.8983
...   142 C-G ...
   -0.9979   65.6138   -4.9248
   -0.8337    0.5217    0.1810
    0.5169    0.6220    0.5881
    0.1942    0.5839   -0.7882
...   143 T-A ...
   -0.1243   66.2251   -7.8040
   -0.3751    0.8568    0.3538
    0.8856    0.2185    0.4098
    0.2739    0.4670   -0.8407
...   144 C-G ...
   -0.1579   67.4197  -10.7920
    0.1799    0.8792    0.4411
    0.9276   -0.3009    0.2214
    0.3274    0.3694   -0.8697
...   145 A-T ...
    0.5354   69.2487  -13.4512
    0.7352    0.4961    0.4620
    0.6117   -0.7791   -0.1369
    0.2921    0.3832   -0.8763
...   146 C-G ...
    1.4422   72.1065  -15.5857
    0.9808    0.0622    0.1849
    0.1266   -0.9240   -0.3608
    0.1484    0.3773   -0.9141
...   147 A-T ...
    2.3151   74.2411  -18.3713
    0.8657   -0.4292   -0.2574
   -0.4984   -0.7868   -0.3642
   -0.0462    0.4436   -0.8950
