  147 base-pairs
...     1 A-T ...
    0.0000    0.0000    0.0000
    1.0000    0.0000    0.0000
    0.0000    1.0000    0.0000
    0.0000    0.0000    1.0000
...     2 G-C ...
   -0.1394   -1.2357    3.2268
    0.7529    0.6366    0.1670
   -0.6386    0.7680   -0.0486
   -0.1592   -0.0700    0.9848
...     3 T-A ...
   -0.0365   -3.2932    6.3751
    0.2722    0.9301    0.2466
   -0.9238    0.3243   -0.2033
   -0.2691   -0.1725    0.9475
...     4 G-C ...
   -0.3505   -4.1660    9.4928
   -0.3756    0.9250    0.0579
   -0.8781   -0.3352   -0.3415
   -0.2965   -0.1791    0.9381
...     5 A-T ...
   -0.4462   -4.1476   12.7498
   -0.8116    0.5840   -0.0165
   -0.5523   -0.7762   -0.3042
   -0.1905   -0.2378    0.9524
...     6 G-C ...
   -1.5908   -4.1730   15.6201
   -0.9976    0.0246   -0.0651
   -0.0043   -0.9555   -0.2950
   -0.0695   -0.2940    0.9533
...     7 C-G ...
   -1.1030   -4.4824   18.7362
   -0.8441   -0.5304   -0.0787
    0.5345   -0.8441   -0.0432
   -0.0435   -0.0785    0.9960
...     8 G-C ...
   -2.4028   -7.7290   23.1475
   -0.2754   -0.3293   -0.9032
    0.6650   -0.7437    0.0684
   -0.6942   -0.5818    0.4238
...     9 C-G ...
   -4.4690   -9.9728   24.1132
    0.1145   -0.7025   -0.7024
    0.8512   -0.2952    0.4340
   -0.5122   -0.6476    0.5642
...    10 T-A ...
   -6.7405  -10.8752   25.9697
    0.4841   -0.8363   -0.2574
    0.6595    0.1553    0.7355
   -0.5751   -0.5258    0.6267
...    11 C-G ...
   -9.1656  -12.6208   27.1640
    0.7073   -0.6682    0.2307
    0.3448    0.6110    0.7126
   -0.6171   -0.4245    0.6626
...    12 A-T ...
  -10.9234  -14.6633   29.0693
    0.7515   -0.1377    0.6452
   -0.2029    0.8824    0.4246
   -0.6277   -0.4500    0.6352
...    13 C-G ...
  -11.8476  -17.4863   31.2451
    0.4295    0.2823    0.8578
   -0.5708    0.8209    0.0156
   -0.6998   -0.4963    0.5137
...    14 A-T ...
  -13.5897  -19.7827   33.4259
   -0.1504    0.6104    0.7777
   -0.6874    0.5008   -0.5260
   -0.7106   -0.6136    0.3443
...    15 A-T ...
  -15.8094  -21.8610   34.5590
   -0.5259    0.7913    0.3118
   -0.4500    0.0522   -0.8915
   -0.7217   -0.6092    0.3286
...    16 T-A ...
  -17.9378  -23.8289   36.3295
   -0.7152    0.6640   -0.2183
   -0.0706   -0.3794   -0.9225
   -0.6954   -0.6443    0.3182
...    17 T-A ...
  -20.2194  -25.7692   37.6910
   -0.6379    0.2848   -0.7155
    0.3832   -0.6885   -0.6157
   -0.6680   -0.6669    0.3301
...    18 T-A ...
  -22.5042  -27.8210   38.7870
   -0.2804   -0.1453   -0.9488
    0.6786   -0.7292   -0.0889
   -0.6789   -0.6687    0.3030
...    19 A-T ...
  -24.5839  -30.3324   39.7677
    0.2306   -0.5511   -0.8019
    0.6951   -0.4835    0.5321
   -0.6810   -0.6801    0.2716
...    20 T-A ...
  -27.2300  -32.3120   40.1575
    0.5571   -0.7332   -0.3899
    0.4673   -0.1114    0.8771
   -0.6865   -0.6708    0.2805
...    21 T-A ...
  -29.5384  -34.5317   40.7895
    0.7068   -0.6730    0.2182
    0.0316    0.3382    0.9405
   -0.7068   -0.6578    0.2603
...    22 C-G ...
  -31.8179  -36.7571   41.6518
    0.5969   -0.3215    0.7351
   -0.4118    0.6635    0.6246
   -0.6886   -0.6755    0.2637
...    23 G-C ...
  -34.3489  -38.6079   42.9277
    0.3562    0.2006    0.9126
   -0.6962    0.7085    0.1161
   -0.6233   -0.6767    0.3920
...    24 C-G ...
  -36.1019  -41.0950   44.1877
   -0.0291    0.5832    0.8118
   -0.7749    0.4999   -0.3869
   -0.6315   -0.6403    0.4373
...    25 A-T ...
  -38.5630  -43.1250   45.1952
   -0.4389    0.8097    0.3895
   -0.6014    0.0573   -0.7969
   -0.6676   -0.5840    0.4618
...    26 A-T ...
  -40.7182  -44.9803   46.8304
   -0.6957    0.7016   -0.1543
   -0.2381   -0.4279   -0.8719
   -0.6777   -0.5698    0.4647
...    27 A-T ...
  -42.8622  -46.6608   48.6223
   -0.7063    0.3143   -0.6343
    0.2198   -0.7544   -0.6185
   -0.6729   -0.5763    0.4638
...    28 G-C ...
  -45.3811  -48.1960   50.2780
   -0.4334   -0.1134   -0.8941
    0.5498   -0.8193   -0.1626
   -0.7141   -0.5620    0.4174
...    29 G-C ...
  -48.1121  -49.9411   51.4690
    0.0143   -0.5379   -0.8429
    0.6788   -0.6137    0.4032
   -0.7342   -0.5779    0.3563
...    30 C-G ...
  -50.7163  -51.8203   52.2181
    0.4236   -0.7702   -0.4768
    0.5277   -0.2180    0.8210
   -0.7363   -0.5993    0.3141
...    31 C-G ...
  -53.3632  -53.7576   53.0497
    0.6858   -0.7255    0.0582
    0.1818    0.2482    0.9515
   -0.7048   -0.6419    0.3021
...    32 G-C ...
  -55.4620  -55.6578   54.3120
    0.7353   -0.4266    0.5267
   -0.2203    0.5845    0.7809
   -0.6409   -0.6902    0.3358
...    33 G-C ...
  -57.3399  -58.2187   55.4698
    0.5199    0.0246    0.8539
   -0.6021    0.7196    0.3459
   -0.6059   -0.6940    0.3889
...    34 C-G ...
  -59.0940  -60.7757   56.6077
    0.1263    0.4670    0.8752
   -0.7847    0.5868   -0.1999
   -0.6069   -0.6615    0.4406
...    35 C-G ...
  -60.8637  -63.0167   58.4744
   -0.2763    0.7743    0.5693
   -0.7272    0.2189   -0.6506
   -0.6284   -0.5938    0.5026
...    36 C-G ...
  -62.8625  -64.9007   60.4207
   -0.5946    0.8016    0.0621
   -0.4709   -0.2846   -0.8350
   -0.6516   -0.5258    0.5467
...    37 G-C ...
  -65.1887  -67.0865   61.5636
   -0.6979    0.5458   -0.4637
   -0.0676   -0.6947   -0.7161
   -0.7130   -0.4685    0.5218
...    38 A-T ...
  -67.4824  -68.5264   63.2540
   -0.5984    0.0252   -0.8008
    0.3569   -0.8865   -0.2946
   -0.7173   -0.4621    0.5215
...    39 C-G ...
  -70.1382  -69.5764   64.7414
   -0.2939   -0.4341   -0.8516
    0.5979   -0.7786    0.1906
   -0.7458   -0.4531    0.4883
...    40 A-T ...
  -72.7034  -71.2579   66.1844
    0.1579   -0.8006   -0.5779
    0.6395   -0.3631    0.6777
   -0.7524   -0.4766    0.4546
...    41 C-G ...
  -75.4217  -72.9753   67.1736
    0.4778   -0.8683   -0.1332
    0.4511    0.1124    0.8853
   -0.7538   -0.4831    0.4454
...    42 G-C ...
  -77.7439  -74.3677   69.0812
    0.6771   -0.6069    0.4162
    0.0778    0.6214    0.7796
   -0.7317   -0.4955    0.4680
...    43 A-T ...
  -80.2045  -75.8508   70.4231
    0.5955   -0.1180    0.7946
   -0.3101    0.8788    0.3628
   -0.7411   -0.4625    0.4868
...    44 C-G ...
  -82.3338  -77.9375   71.8413
    0.3812    0.3990    0.8340
   -0.5862    0.8019   -0.1157
   -0.7149   -0.4447    0.5395
...    45 T-A ...
  -84.4478  -79.7732   74.0557
    0.0429    0.8336    0.5507
   -0.6974    0.4197   -0.5810
   -0.7154   -0.3591    0.5993
...    46 T-A ...
  -86.6651  -80.8279   76.0602
   -0.2776    0.9529    0.1220
   -0.6260   -0.0830   -0.7754
   -0.7288   -0.2916    0.6196
...    47 A-T ...
  -89.0804  -81.3961   78.2399
   -0.4433    0.7923   -0.4193
   -0.4235   -0.5974   -0.6810
   -0.7900   -0.1243    0.6004
...    48 C-G ...
  -91.5231  -81.1053   80.4550
   -0.5618    0.3566   -0.7465
   -0.1608   -0.9322   -0.3243
   -0.8115   -0.0622    0.5810
...    49 T-A ...
  -94.2746  -80.7223   82.3604
   -0.5023   -0.1896   -0.8437
    0.0964   -0.9819    0.1633
   -0.8593    0.0007    0.5114
...    50 G-C ...
  -97.2416  -80.9069   83.9244
   -0.2916   -0.7352   -0.6119
    0.3308   -0.6778    0.6567
   -0.8975   -0.0109    0.4408
...    51 T-A ...
 -100.3347  -80.8647   84.8452
   -0.0839   -0.9877   -0.1319
    0.4259   -0.1552    0.8914
   -0.9009    0.0186    0.4337
...    52 A-T ...
 -102.7869  -80.1213   87.4268
    0.1004   -0.7796    0.6182
    0.4180    0.5969    0.6849
   -0.9029    0.1897    0.3858
...    53 G-C ...
 -105.7919  -79.4716   88.5851
    0.3594   -0.3483    0.8657
    0.3286    0.9155    0.2319
   -0.8734    0.2012    0.4435
...    54 G-C ...
 -108.9850  -79.4480   90.2034
    0.5559    0.2128    0.8036
    0.0783    0.9490   -0.3055
   -0.8276    0.2327    0.5109
...    55 T-A ...
 -111.5978  -79.0083   92.0553
    0.5563    0.6662    0.4967
   -0.2090    0.6906   -0.6923
   -0.8043    0.2814    0.5234
...    56 A-T ...
 -114.0413  -78.1373   94.3563
    0.4604    0.8843   -0.0774
   -0.5146    0.1948   -0.8350
   -0.7234    0.4243    0.5448
...    57 T-A ...
 -115.9059  -76.6963   96.5687
    0.1796    0.8292   -0.5293
   -0.6961   -0.2731   -0.6640
   -0.6951    0.4877    0.5281
...    58 C-G ...
 -118.1197  -74.7011   98.3451
   -0.2574    0.4339   -0.8634
   -0.6892   -0.7087   -0.1507
   -0.6773    0.5563    0.4814
...    59 T-A ...
 -120.2815  -72.5693   99.6292
   -0.5516   -0.0631   -0.8317
   -0.4762   -0.7948    0.3761
   -0.6848    0.6035    0.4084
...    60 C-G ...
 -122.8986  -71.0067  100.8230
   -0.7396   -0.5277   -0.4178
   -0.1050   -0.5226    0.8461
   -0.6648    0.6696    0.3311
...    61 G-C ...
 -125.0644  -69.1158  102.5150
   -0.6730   -0.7192    0.1726
    0.3244   -0.0773    0.9427
   -0.6647    0.6905    0.2854
...    62 A-T ...
 -127.0546  -66.6697  103.6254
   -0.3300   -0.5823    0.7430
    0.6972    0.3803    0.6077
   -0.6364    0.7185    0.2805
...    63 G-C ...
 -129.1029  -64.2147  104.4693
    0.1173   -0.2610    0.9582
    0.7982    0.5989    0.0654
   -0.5909    0.7571    0.2786
...    64 C-G ...
 -131.4572  -61.8654  105.3952
    0.5918    0.1212    0.7969
    0.5878    0.6117   -0.5295
   -0.5516    0.7817    0.2908
...    65 T-A ...
 -133.4020  -59.3792  106.5183
    0.8621    0.3526    0.3640
    0.1912    0.4389   -0.8779
   -0.4693    0.8265    0.3110
...    66 C-G ...
 -134.9623  -56.5874  107.6020
    0.8474    0.4749   -0.2376
   -0.3498    0.1626   -0.9226
   -0.3995    0.8649    0.3039
...    67 G-C ...
 -136.1632  -53.5272  107.8973
    0.5605    0.3802   -0.7357
   -0.7766   -0.0670   -0.6264
   -0.2875    0.9225    0.2577
...    68 G-C ...
 -136.7073  -50.2722  108.5906
    0.0479    0.1888   -0.9808
   -0.9704   -0.2238   -0.0904
   -0.2366    0.9562    0.1725
...    69 G-C ...
 -136.6616  -46.6908  108.2242
   -0.4726   -0.0600   -0.8793
   -0.8626   -0.1732    0.4754
   -0.1808    0.9831    0.0301
...    70 T-A ...
 -136.7910  -43.4256  107.6546
   -0.8629   -0.1627   -0.4786
   -0.4739   -0.0688    0.8779
   -0.1757    0.9843   -0.0177
...    71 C-G ...
 -137.6395  -40.2752  107.1392
   -0.9790   -0.1478    0.1403
    0.1294    0.0809    0.9883
   -0.1574    0.9857   -0.0601
...    72 A-T ...
 -137.7584  -36.8859  107.1218
   -0.7039   -0.1264    0.6990
    0.6793    0.1678    0.7144
   -0.2076    0.9777   -0.0323
...    73 T-A ...
 -138.8415  -33.7878  106.7169
   -0.2373   -0.0111    0.9714
    0.9518    0.1973    0.2348
   -0.1942    0.9803   -0.0363
...    74 G-C ...
 -139.5634  -30.4026  106.4256
    0.4202    0.0775    0.9041
    0.8986    0.1031   -0.4264
   -0.1263    0.9916   -0.0263
...    75 T-A ...
 -140.4712  -27.1562  106.6575
    0.8494    0.1148    0.5152
    0.5178    0.0081   -0.8555
   -0.1024    0.9934   -0.0526
...    76 T-A ...
 -140.7699  -24.0076  106.6548
    0.9984    0.0156   -0.0551
   -0.0539   -0.0695   -0.9961
   -0.0193    0.9975   -0.0685
...    77 A-T ...
 -140.7110  -20.7297  106.0754
    0.7766   -0.1554   -0.6105
   -0.6221   -0.0362   -0.7821
    0.0995    0.9872   -0.1248
...    78 T-A ...
 -139.7458  -17.6180  106.0478
    0.3351   -0.1806   -0.9247
   -0.9332    0.0718   -0.3522
    0.1300    0.9809   -0.1445
...    79 A-T ...
 -139.5006  -14.3115  105.3858
   -0.3189   -0.1378   -0.9377
   -0.9321    0.2251    0.2839
    0.1720    0.9645   -0.2002
...    80 A-T ...
 -138.7790  -11.3051  104.5039
   -0.8081    0.0368   -0.5879
   -0.5529    0.2969    0.7785
    0.2032    0.9542   -0.2196
...    81 C-G ...
 -137.8720   -8.2606  103.0488
   -0.9682    0.2467   -0.0416
    0.0163    0.2282    0.9735
    0.2497    0.9418   -0.2250
...    82 G-C ...
 -137.0398   -5.1200  102.4835
   -0.7043    0.3855    0.5961
    0.6531    0.0226    0.7570
    0.2783    0.9224   -0.2677
...    83 G-C ...
 -136.1449   -2.1098  101.3251
   -0.2403    0.2828    0.9286
    0.9298   -0.2078    0.3039
    0.2789    0.9364   -0.2130
...    84 A-T ...
 -135.3450    1.0412  100.3750
    0.3823    0.0948    0.9192
    0.8697   -0.3730   -0.3232
    0.3122    0.9230   -0.2250
...    85 A-T ...
 -134.4823    4.1013   99.6539
    0.8284   -0.1527    0.5389
    0.4480   -0.3970   -0.8011
    0.3363    0.9050   -0.2605
...    86 T-A ...
 -133.5565    7.2721   99.4595
    0.9301   -0.3612    0.0673
   -0.0334   -0.2655   -0.9635
    0.3659    0.8939   -0.2590
...    87 C-G ...
 -132.1431   10.1977   98.7743
    0.7020   -0.4993   -0.5078
   -0.5765    0.0202   -0.8169
    0.4181    0.8662   -0.2737
...    88 C-G ...
 -130.6119   12.9686   97.8843
    0.2200   -0.5217   -0.8243
   -0.8502    0.3118   -0.4242
    0.4783    0.7941   -0.3749
...    89 G-C ...
 -129.3505   15.6461   96.2746
   -0.3710   -0.3421   -0.8633
   -0.7868    0.6097    0.0965
    0.4933    0.7150   -0.4953
...    90 C-G ...
 -127.4559   17.6602   94.1473
   -0.7650    0.0778   -0.6393
   -0.3990    0.7220    0.5653
    0.5055    0.6875   -0.5213
...    91 T-A ...
 -125.9808   19.7954   91.7540
   -0.8426    0.5042   -0.1892
    0.1693    0.5815    0.7957
    0.5112    0.6385   -0.5754
...    92 T-A ...
 -124.4005   21.6868   89.5718
   -0.5198    0.8034    0.2903
    0.6476    0.1490    0.7473
    0.5571    0.5764   -0.5978
...    93 T-A ...
 -122.7661   23.4776   87.3162
    0.0126    0.7664    0.6422
    0.8140   -0.3809    0.4385
    0.5807    0.5173   -0.6287
...    94 A-T ...
 -120.2093   24.4253   85.2257
    0.5763    0.3670    0.7301
    0.5847   -0.8094   -0.0546
    0.5709    0.4584   -0.6811
...    95 A-T ...
 -118.4443   26.0231   83.0507
    0.8146   -0.1874    0.5488
    0.1093   -0.8798   -0.4627
    0.5696    0.4369   -0.6962
...    96 C-G ...
 -116.4748   27.9351   81.0433
    0.7274   -0.6576    0.1962
   -0.3797   -0.6239   -0.6831
    0.5716    0.4223   -0.7035
...    97 A-T ...
 -114.4340   29.1755   78.6125
    0.2921   -0.9349   -0.2018
   -0.7353   -0.0846   -0.6724
    0.6116    0.3448   -0.7121
...    98 C-G ...
 -111.8795   29.9147   76.5383
   -0.1775   -0.8387   -0.5149
   -0.7618    0.4483   -0.4676
    0.6230    0.3092   -0.7185
...    99 T-A ...
 -109.2958   30.4925   74.0953
   -0.6388   -0.4174   -0.6463
   -0.4844    0.8708   -0.0837
    0.5978    0.2596   -0.7585
...   100 T-A ...
 -107.2592   31.0074   71.5726
   -0.7759    0.2053   -0.5966
    0.0059    0.9479    0.3185
    0.6309    0.2436   -0.7367
...   101 T-A ...
 -105.2122   31.5398   69.0456
   -0.5971    0.7383   -0.3137
    0.4621    0.6363    0.6177
    0.6556    0.2239   -0.7211
...   102 A-T ...
 -102.6436   32.3050   66.7761
   -0.0454    0.9859    0.1614
    0.7284   -0.0779    0.6807
    0.6836    0.1484   -0.7146
...   103 T-A ...
 -100.9775   32.9892   64.0480
    0.3077    0.8133    0.4938
    0.6563   -0.5572    0.5087
    0.6888    0.1676   -0.7053
...   104 G-C ...
  -98.7375   33.8124   61.7353
    0.5800    0.2812    0.7646
    0.3513   -0.9331    0.0767
    0.7350    0.2241   -0.6400
...   105 C-G ...
  -96.2526   34.8999   59.8378
    0.6445   -0.3057    0.7008
   -0.0476   -0.9309   -0.3623
    0.7631    0.2001   -0.6145
...   106 T-A ...
  -93.4246   35.8573   58.0431
    0.4663   -0.8024    0.3724
   -0.3950   -0.5656   -0.7240
    0.7916    0.1905   -0.5806
...   107 T-A ...
  -90.7374   36.4448   56.3800
    0.1179   -0.9895   -0.0835
   -0.5711    0.0012   -0.8208
    0.8123    0.1444   -0.5650
...   108 C-G ...
  -87.9004   36.7164   54.5845
   -0.2847   -0.7858   -0.5491
   -0.5108    0.6090   -0.6068
    0.8112    0.1077   -0.5748
...   109 C-G ...
  -85.2223   36.8379   52.6369
   -0.5952   -0.3283   -0.7334
   -0.2487    0.9432   -0.2204
    0.7641    0.0512   -0.6431
...   110 G-C ...
  -83.0191   37.3243   50.4549
   -0.7033    0.2322   -0.6719
    0.1413    0.9720    0.1880
    0.6967    0.0373   -0.7164
...   111 G-C ...
  -80.9623   37.4039   47.7629
   -0.5337    0.7455   -0.3991
    0.5341    0.6631    0.5245
    0.6557    0.0668   -0.7521
...   112 C-G ...
  -79.2209   37.5168   44.8842
   -0.1559    0.9877    0.0069
    0.7486    0.1136    0.6533
    0.6445    0.1070   -0.7571
...   113 T-A ...
  -77.2078   37.8887   42.2438
    0.2589    0.8792    0.4000
    0.7208   -0.4515    0.5259
    0.6430    0.1522   -0.7506
...   114 C-G ...
  -74.9473   38.3341   39.8033
    0.6334    0.4101    0.6562
    0.4231   -0.8936    0.1499
    0.6479    0.1827   -0.7395
...   115 G-C ...
  -72.6101   38.4104   37.3771
    0.7082   -0.2403    0.6639
   -0.0405   -0.9526   -0.3015
    0.7048    0.1866   -0.6844
...   116 T-A ...
  -69.8921   39.4851   35.6668
    0.5319   -0.7402    0.4113
   -0.4245   -0.6533   -0.6269
    0.7327    0.1589   -0.6618
...   117 A-T ...
  -67.1495   40.0518   33.7059
    0.1226   -0.9919   -0.0327
   -0.6406   -0.0539   -0.7659
    0.7580    0.1148   -0.6421
...   118 T-A ...
  -64.2420   40.2586   32.1515
   -0.2224   -0.8652   -0.4494
   -0.6067    0.4836   -0.6309
    0.7632    0.1323   -0.6325
...   119 A-T ...
  -61.7042   41.0802   29.8740
   -0.5273   -0.2632   -0.8079
   -0.2924    0.9490   -0.1183
    0.7978    0.1738   -0.5774
...   120 A-T ...
  -59.0438   41.3089   27.9994
   -0.5882    0.3497   -0.7292
    0.0676    0.9198    0.3866
    0.8059    0.1781   -0.5647
...   121 T-A ...
  -56.5355   41.3601   25.7675
   -0.4449    0.7953   -0.4118
    0.3670    0.5813    0.7262
    0.8169    0.1720   -0.5505
...   122 G-C ...
  -53.7202   41.9351   23.7800
   -0.1752    0.9688    0.1751
    0.5588   -0.0486    0.8279
    0.8106    0.2429   -0.5329
...   123 T-A ...
  -51.3320   42.8242   21.6590
    0.1303    0.7860    0.6044
    0.5532   -0.5635    0.6136
    0.8228    0.2544   -0.5082
...   124 G-C ...
  -48.5166   43.7223   19.9563
    0.3650    0.2590    0.8943
    0.3864   -0.9160    0.1076
    0.8470    0.3063   -0.4344
...   125 T-A ...
  -45.9778   45.1268   18.6176
    0.4635   -0.2919    0.8366
    0.1470   -0.9057   -0.3975
    0.8738    0.3073   -0.3769
...   126 C-G ...
  -43.1164   46.0680   17.5907
    0.4621   -0.7761    0.4291
   -0.1358   -0.5401   -0.8306
    0.8764    0.3255   -0.3550
...   127 G-C ...
  -40.2443   46.6747   15.8603
    0.2059   -0.9740   -0.0947
   -0.3029    0.0286   -0.9526
    0.9305    0.2248   -0.2891
...   128 A-T ...
  -37.2260   47.3612   14.9832
   -0.0087   -0.7504   -0.6610
   -0.3617    0.6186   -0.6975
    0.9322    0.2330   -0.2768
...   129 C-G ...
  -33.9286   47.4936   14.5136
   -0.2299   -0.2916   -0.9285
   -0.2903    0.9312   -0.2206
    0.9289    0.2188   -0.2987
...   130 C-G ...
  -30.7470   47.8604   13.3040
   -0.4169    0.2690   -0.8682
   -0.0856    0.9393    0.3322
    0.9049    0.2128   -0.3686
...   131 A-T ...
  -27.5827   49.2353   12.9450
   -0.3826    0.8091   -0.4460
    0.1717    0.5366    0.8262
    0.9078    0.2395   -0.3442
...   132 A-T ...
  -24.6299   49.9783   11.7027
   -0.2104    0.9680    0.1367
    0.3574   -0.0540    0.9324
    0.9099    0.2451   -0.3346
...   133 A-T ...
  -21.7972   50.8579   10.2853
    0.0668    0.7487    0.6596
    0.3958   -0.6267    0.6713
    0.9159    0.2162   -0.3381
...   134 T-A ...
  -19.0084   52.0401    8.9383
    0.2450    0.2904    0.9250
    0.3072   -0.9282    0.2101
    0.9196    0.2327   -0.3167
...   135 G-C ...
  -16.4570   53.8980    7.5289
    0.5336   -0.3334    0.7773
    0.0348   -0.9096   -0.4140
    0.8450    0.2479   -0.4738
...   136 T-A ...
  -14.1682   56.5697    6.1948
    0.5795   -0.7269    0.3684
   -0.3140   -0.6163   -0.7222
    0.7521    0.3028   -0.5854
...   137 G-C ...
  -11.6470   58.0146    4.7335
    0.2454   -0.9541   -0.1717
   -0.6318   -0.0231   -0.7748
    0.7352    0.2986   -0.6085
...   138 A-T ...
   -8.6699   58.7288    3.6169
   -0.0344   -0.7815   -0.6230
   -0.6534    0.4892   -0.5777
    0.7562    0.3872   -0.5274
...   139 G-C ...
   -6.3212   59.0879    1.6439
   -0.2967   -0.3277   -0.8970
   -0.5657    0.8170   -0.1114
    0.7694    0.4744   -0.4278
...   140 C-G ...
   -3.4297   60.2436    1.0434
   -0.4424    0.2288   -0.8671
   -0.1682    0.9286    0.3309
    0.8809    0.2922   -0.3723
...   141 G-C ...
   -0.6894   63.9062   -2.2357
   -0.9992    0.0156   -0.0375
   -0.0024    0.8991    0.4378
    0.0405    0.4375   -0.8983
...   142 C-G ...
   -0.9981   65.6136   -4.9250
   -0.8337    0.5217    0.1810
    0.5169    0.6220    0.5881
    0.1942    0.5839   -0.7882
...   143 T-A ...
   -0.1245   66.2249   -7.8043
   -0.3751    0.8568    0.3538
    0.8856    0.2185    0.4098
    0.2739    0.4670   -0.8408
...   144 C-G ...
   -0.1581   67.4196  -10.7923
    0.1799    0.8792    0.4411
    0.9276   -0.3009    0.2214
    0.3274    0.3694   -0.8697
...   145 A-T ...
    0.5351   69.2486  -13.4515
    0.7352    0.4961    0.4620
    0.6117   -0.7791   -0.1369
    0.2921    0.3832   -0.8763
...   146 C-G ...
    1.4420   72.1063  -15.5860
    0.9808    0.0622    0.1849
    0.1266   -0.9240   -0.3608
    0.1484    0.3773   -0.9141
...   147 A-T ...
    2.3149   74.2409  -18.3715
    0.8657   -0.4292   -0.2574
   -0.4984   -0.7868   -0.3642
   -0.0462    0.4436   -0.8950
