  147 base-pairs
...     1 A-T ...
    0.0000    0.0000    0.0000
    1.0000    0.0000    0.0000
    0.0000    1.0000    0.0000
    0.0000    0.0000    1.0000
...     2 G-C ...
   -0.1394   -1.2357    3.2268
    0.7529    0.6366    0.1670
   -0.6386    0.7680   -0.0486
   -0.1592   -0.0700    0.9848
...     3 T-A ...
   -0.0365   -3.2932    6.3751
    0.2722    0.9301    0.2466
   -0.9238    0.3243   -0.2033
   -0.2691   -0.1725    0.9475
...     4 G-C ...
   -0.3505   -4.1660    9.4928
   -0.3756    0.9250    0.0579
   -0.8781   -0.3352   -0.3415
   -0.2965   -0.1791    0.9381
...     5 A-T ...
   -0.4462   -4.1476   12.7498
   -0.8116    0.5840   -0.0165
   -0.5523   -0.7762   -0.3042
   -0.1905   -0.2378    0.9524
...     6 G-C ...
   -1.5908   -4.1730   15.6201
   -0.9976    0.0246   -0.0651
   -0.0043   -0.9555   -0.2950
   -0.0695   -0.2940    0.9533
...     7 C-G ...
   -1.1030   -4.4824   18.7362
   -0.8441   -0.5304   -0.0787
    0.5345   -0.8441   -0.0432
   -0.0435   -0.0785    0.9960
...     8 G-C ...
   -2.4028   -7.7290   23.1475
   -0.2754   -0.3293   -0.9032
    0.6650   -0.7437    0.0684
   -0.6942   -0.5818    0.4238
...     9 C-G ...
   -4.4690   -9.9728   24.1132
    0.1145   -0.7025   -0.7024
    0.8512   -0.2952    0.4340
   -0.5122   -0.6476    0.5642
...    10 T-A ...
   -6.7405  -10.8752   25.9697
    0.4841   -0.8363   -0.2574
    0.6595    0.1553    0.7355
   -0.5751   -0.5258    0.6267
...    11 C-G ...
   -9.1656  -12.6208   27.1640
    0.7073   -0.6682    0.2307
    0.3448    0.6110    0.7126
   -0.6171   -0.4245    0.6626
...    12 A-T ...
  -10.9234  -14.6633   29.0693
    0.7515   -0.1377    0.6452
   -0.2029    0.8824    0.4246
   -0.6277   -0.4500    0.6352
...    13 C-G ...
  -11.8476  -17.4863   31.2451
    0.4295    0.2823    0.8578
   -0.5708    0.8209    0.0156
   -0.6998   -0.4963    0.5137
...    14 A-T ...
  -13.5897  -19.7827   33.4259
   -0.1504    0.6104    0.7777
   -0.6874    0.5008   -0.5260
   -0.7106   -0.6136    0.3443
...    15 A-T ...
  -15.8280  -21.8378   34.5763
   -0.5351    0.7891    0.3017
   -0.4459    0.0395   -0.8942
   -0.7175   -0.6130    0.3307
...    16 T-A ...
  -17.9532  -23.8116   36.3515
   -0.7226    0.6502   -0.2348
   -0.0569   -0.3945   -0.9171
   -0.6889   -0.6494    0.3221
...    17 T-A ...
  -20.2143  -25.7689   37.7188
   -0.6357    0.2575   -0.7277
    0.4032   -0.6932   -0.5975
   -0.6583   -0.6732    0.3368
...    18 T-A ...
  -22.4743  -27.8530   38.8551
   -0.2666   -0.1907   -0.9447
    0.7008   -0.7113   -0.0542
   -0.6616   -0.6766    0.3233
...    19 A-T ...
  -24.4686  -30.4259   40.0216
    0.2669   -0.6229   -0.7353
    0.6994   -0.3998    0.5925
   -0.6631   -0.6724    0.3290
...    20 T-A ...
  -27.0567  -32.4515   40.5866
    0.5923   -0.7532   -0.2863
    0.4461    0.0106    0.8949
   -0.6710   -0.6578    0.3423
...    21 T-A ...
  -29.3027  -34.6526   41.4432
    0.7171   -0.6132    0.3313
   -0.0172    0.4596    0.8880
   -0.6968   -0.6425    0.3190
...    22 C-G ...
  -31.5666  -36.8074   42.5299
    0.5686   -0.1928    0.7997
   -0.4633    0.7282    0.5050
   -0.6797   -0.6576    0.3248
...    23 G-C ...
  -34.1306  -38.5546   43.9172
    0.3031    0.3459    0.8880
   -0.7220    0.6915   -0.0229
   -0.6219   -0.6342    0.4594
...    24 C-G ...
  -35.8725  -40.9001   45.4538
   -0.0912    0.6965    0.7117
   -0.7684    0.4053   -0.4952
   -0.6334   -0.5921    0.4983
...    25 A-T ...
  -38.3894  -42.8405   46.5938
   -0.5007    0.8356    0.2261
   -0.5495   -0.1050   -0.8289
   -0.6689   -0.5392    0.5117
...    26 A-T ...
  -40.5793  -44.5280   48.3663
   -0.7195    0.6181   -0.3166
   -0.1510   -0.5843   -0.7974
   -0.6778   -0.5259    0.5137
...    27 A-T ...
  -42.7553  -46.0406   50.2786
   -0.6747    0.1424   -0.7243
    0.3133   -0.8332   -0.4557
   -0.6683   -0.5343    0.5175
...    28 G-C ...
  -45.2898  -47.4662   52.0307
   -0.3531   -0.3171   -0.8802
    0.6193   -0.7844    0.0341
   -0.7012   -0.5331    0.4734
...    29 G-C ...
  -47.9449  -49.2035   53.4099
    0.1243   -0.6981   -0.7052
    0.6903   -0.4497    0.5668
   -0.7128   -0.5572    0.4260
...    30 C-G ...
  -50.4523  -51.0993   54.4411
    0.5239   -0.8113   -0.2594
    0.4734    0.0243    0.8805
   -0.7080   -0.5841    0.3968
...    31 C-G ...
  -53.0071  -53.0286   55.5688
    0.7357   -0.6191    0.2746
    0.0788    0.4810    0.8732
   -0.6726   -0.6208    0.4027
...    32 G-C ...
  -55.1157  -54.7356   57.1276
    0.7194   -0.2014    0.6647
   -0.3377    0.7348    0.5882
   -0.6070   -0.6476    0.4606
...    33 G-C ...
  -56.9308  -57.0633   58.7600
    0.4369    0.3044    0.8464
   -0.6898    0.7174    0.0980
   -0.5774   -0.6267    0.5234
...    34 C-G ...
  -58.5682  -59.3930   60.4477
    0.0011    0.6998    0.7143
   -0.8117    0.4179   -0.4081
   -0.5841   -0.5793    0.5685
...    35 C-G ...
  -60.3348  -61.1764   62.7632
   -0.4040    0.8642    0.2999
   -0.6796   -0.0641   -0.7308
   -0.6123   -0.4991    0.6132
...    36 C-G ...
  -62.3760  -62.6188   65.0325
   -0.6831    0.6951   -0.2241
   -0.3540   -0.5835   -0.7309
   -0.6388   -0.4199    0.6446
...    37 G-C ...
  -64.5988  -64.7251   66.6103
   -0.7153    0.2578   -0.6495
    0.0905   -0.8875   -0.4519
   -0.6929   -0.3820    0.6115
...    38 A-T ...
  -66.8721  -65.8864   68.5581
   -0.5180   -0.3346   -0.7873
    0.4973   -0.8666    0.0411
   -0.6960   -0.3702    0.6153
...    39 C-G ...
  -69.5031  -66.7818   70.2138
   -0.1513   -0.7422   -0.6529
    0.6793   -0.5579    0.4767
   -0.7181   -0.3714    0.5886
...    40 A-T ...
  -71.9203  -68.2441   72.1194
    0.3235   -0.9202   -0.2206
    0.6216    0.0309    0.7827
   -0.7134   -0.3903    0.5820
...    41 C-G ...
  -74.4533  -69.8680   73.6380
    0.6128   -0.7549    0.2335
    0.3465    0.5223    0.7792
   -0.7102   -0.3966    0.5817
...    42 G-C ...
  -76.7384  -70.7318   75.8942
    0.7261   -0.2561    0.6381
   -0.0858    0.8871    0.4536
   -0.6822   -0.3841    0.6221
...    43 A-T ...
  -79.0622  -71.9450   77.6891
    0.5391    0.3287    0.7755
   -0.4747    0.8791   -0.0426
   -0.6957   -0.3451    0.6299
...    44 C-G ...
  -80.9631  -73.6143   79.7998
    0.2445    0.7764    0.5808
   -0.7003    0.5557   -0.4481
   -0.6707   -0.2972    0.6796
...    45 T-A ...
  -82.9351  -74.6773   82.5653
   -0.1417    0.9831    0.1156
   -0.7166   -0.0214   -0.6972
   -0.6829   -0.1816    0.7075
...    46 T-A ...
  -85.1322  -75.1072   84.8066
   -0.4570    0.8259   -0.3303
   -0.5405   -0.5527   -0.6344
   -0.7065   -0.1114    0.6989
...    47 A-T ...
  -87.6838  -75.3394   86.9433
   -0.6180    0.3352   -0.7112
   -0.2001   -0.9418   -0.2700
   -0.7603   -0.0245    0.6491
...    48 C-G ...
  -90.3144  -74.6634   88.9166
   -0.6090   -0.2332   -0.7581
    0.1327   -0.9723    0.1925
   -0.7820    0.0166    0.6231
...    49 T-A ...
  -93.1653  -74.2070   90.6999
   -0.3903   -0.7279   -0.5637
    0.3933   -0.6855    0.6127
   -0.8324    0.0174    0.5538
...    50 G-C ...
  -95.8987  -74.3509   92.6204
   -0.0385   -0.9949   -0.0936
    0.5330   -0.0996    0.8402
   -0.8452   -0.0175    0.5341
...    51 T-A ...
  -98.8498  -74.6398   93.9257
    0.2450   -0.8765    0.4144
    0.4625    0.4813    0.7446
   -0.8521    0.0093    0.5233
...    52 A-T ...
 -101.4069  -73.3499   96.1643
    0.3961   -0.2541    0.8824
    0.2099    0.9606    0.1824
   -0.8939    0.1130    0.4338
...    53 G-C ...
 -104.4383  -72.9322   97.4140
    0.5250    0.3029    0.7954
   -0.0138    0.9374   -0.3478
   -0.8510    0.1716    0.4963
...    54 G-C ...
 -107.2540  -72.7500   99.5661
    0.5105    0.7688    0.3853
   -0.3197    0.5856   -0.7449
   -0.7983    0.2571    0.5447
...    55 T-A ...
 -109.5931  -72.0020  101.6548
    0.3124    0.9445   -0.1015
   -0.5400    0.0886   -0.8370
   -0.7816    0.3163    0.5377
...    56 A-T ...
 -111.8936  -70.5749  103.8113
    0.0529    0.7578   -0.6504
   -0.6599   -0.4623   -0.5923
   -0.7495    0.4605    0.4756
...    57 T-A ...
 -113.8417  -68.6489  105.5514
   -0.2719    0.3745   -0.8865
   -0.6109   -0.7789   -0.1416
   -0.7435    0.5031    0.4406
...    58 C-G ...
 -116.3773  -66.6831  106.8542
   -0.5740   -0.2405   -0.7827
   -0.3233   -0.8117    0.4865
   -0.7524    0.5323    0.3881
...    59 T-A ...
 -119.0064  -64.8149  107.7426
   -0.6318   -0.6776   -0.3763
    0.0254   -0.5033    0.8638
   -0.7747    0.5362    0.3352
...    60 C-G ...
 -121.5629  -63.0796  108.9710
   -0.5070   -0.8203    0.2648
    0.4153    0.0367    0.9090
   -0.7553    0.5708    0.3220
...    61 T-A ...
 -124.3672  -61.3620  109.8713
   -0.1722   -0.6519    0.7385
    0.6299    0.5035    0.5914
   -0.7574    0.5670    0.3239
...    62 C-G ...
 -126.8090  -59.3985  110.9445
    0.2259   -0.2284    0.9470
    0.6443    0.7642    0.0306
   -0.7306    0.6032    0.3198
...    63 A-T ...
 -128.9305  -56.6781  111.3704
    0.6469    0.2235    0.7291
    0.4095    0.7047   -0.5794
   -0.6433    0.6734    0.3643
...    64 T-A ...
 -131.0924  -54.7655  112.9140
    0.8030    0.5149    0.3001
    0.0160    0.4847   -0.8745
   -0.5957    0.7071    0.3810
...    65 G-C ...
 -133.0502  -52.1377  114.2744
    0.7382    0.5801   -0.3443
   -0.4758    0.0860   -0.8753
   -0.4782    0.8100    0.3395
...    66 T-A ...
 -134.0960  -49.3647  115.8177
    0.3945    0.4962   -0.7734
   -0.8058   -0.2178   -0.5507
   -0.4417    0.8404    0.3139
...    67 T-A ...
 -135.2690  -46.5791  116.7214
   -0.0832    0.2262   -0.9705
   -0.9066   -0.4214   -0.0204
   -0.4136    0.8782    0.2402
...    68 A-T ...
 -136.9299  -43.6890  117.4064
   -0.6248   -0.1205   -0.7714
   -0.6717   -0.4206    0.6098
   -0.3980    0.8992    0.1819
...    69 T-A ...
 -137.8452  -40.5293  117.3775
   -0.8961   -0.2964   -0.3303
   -0.2533   -0.2695    0.9291
   -0.3644    0.9163    0.1664
...    70 A-T ...
 -138.8937  -37.2831  118.2926
   -0.8484   -0.2660    0.4578
    0.4734    0.0061    0.8808
   -0.2371    0.9640    0.1207
...    71 A-T ...
 -139.7047  -34.1172  118.4532
   -0.3942   -0.1121    0.9122
    0.9056    0.1216    0.4063
   -0.1565    0.9862    0.0536
...    72 C-G ...
 -140.8140  -30.8162  118.3037
    0.1924    0.0256    0.9810
    0.9735    0.1213   -0.1941
   -0.1239    0.9923   -0.0016
...    73 G-C ...
 -140.9016  -27.5484  118.1215
    0.7489    0.0161    0.6625
    0.6621    0.0245   -0.7490
   -0.0283    0.9996    0.0077
...    74 G-C ...
 -141.0980  -24.2485  118.2580
    0.9843   -0.0834    0.1558
    0.1567    0.0044   -0.9876
    0.0817    0.9965    0.0174
...    75 A-T ...
 -140.9559  -20.9799  118.2016
    0.8782   -0.1481   -0.4547
   -0.4548    0.0353   -0.8899
    0.1479    0.9883   -0.0364
...    76 G-C ...
 -140.2390  -17.7808  118.1629
    0.4858   -0.2239   -0.8449
   -0.8441    0.1308   -0.5200
    0.2270    0.9658   -0.1255
...    77 A-T ...
 -139.2174  -14.7268  117.3557
   -0.1142   -0.1509   -0.9819
   -0.9510    0.3025    0.0641
    0.2873    0.9411   -0.1781
...    78 G-C ...
 -138.0259  -11.7693  116.3350
   -0.6165   -0.0384   -0.7864
   -0.7324    0.3947    0.5548
    0.2891    0.9180   -0.2714
...    79 C-G ...
 -136.9368   -8.8486  114.8746
   -0.9351    0.1864   -0.3016
   -0.2138    0.3822    0.8990
    0.2828    0.9051   -0.3175
...    80 T-A ...
 -136.0229   -5.9200  113.6542
   -0.8898    0.3893    0.2379
    0.3521    0.2545    0.9007
    0.2902    0.8852   -0.3635
...    81 C-G ...
 -134.9742   -2.9348  112.6196
   -0.4666    0.4872    0.7382
    0.8341   -0.0353    0.5505
    0.2942    0.8726   -0.3899
...    82 G-C ...
 -132.8399   -0.2174  111.6806
    0.1163    0.3594    0.9259
    0.9462   -0.3236    0.0067
    0.3020    0.8753   -0.3777
...    83 G-C ...
 -131.8954    2.6355  110.1407
    0.6194    0.0498    0.7835
    0.6789   -0.5351   -0.5028
    0.3942    0.8434   -0.3652
...    84 G-C ...
 -130.7327    5.5578  108.9673
    0.8384   -0.3464    0.4209
    0.2273   -0.4798   -0.8474
    0.4955    0.8061   -0.3235
...    85 A-T ...
 -129.0779    8.2961  108.0828
    0.7794   -0.6102   -0.1423
   -0.3148   -0.1850   -0.9310
    0.5418    0.7703   -0.3362
...    86 T-A ...
 -126.9425   10.7274  107.5052
    0.4742   -0.6563   -0.5868
   -0.6672    0.1670   -0.7259
    0.5744    0.7357   -0.3588
...    87 C-G ...
 -124.8019   12.9469  106.3018
   -0.0417   -0.4728   -0.8802
   -0.7995    0.5442   -0.2544
    0.5993    0.6931   -0.4007
...    88 C-G ...
 -122.7085   14.9676  104.7448
   -0.5221   -0.1853   -0.8325
   -0.6288    0.7431    0.2289
    0.5763    0.6430   -0.5045
...    89 G-C ...
 -121.1565   17.3745  103.0433
   -0.8425    0.2065   -0.4975
   -0.1835    0.7584    0.6255
    0.5064    0.6183   -0.6011
...    90 C-G ...
 -119.6252   19.2086  100.5094
   -0.7923    0.6089   -0.0376
    0.3564    0.5119    0.7816
    0.4952    0.6059   -0.6226
...    91 T-A ...
 -118.3955   21.3348   98.0265
   -0.4282    0.8010    0.4184
    0.7759    0.0885    0.6246
    0.4633    0.5921   -0.6594
...    92 T-A ...
 -117.1941   23.2616   95.6607
    0.1521    0.7307    0.6656
    0.8713   -0.4171    0.2587
    0.4666    0.5406   -0.7000
...    93 T-A ...
 -115.9275   25.1202   93.2614
    0.6499    0.3610    0.6688
    0.6040   -0.7795   -0.1662
    0.4613    0.5119   -0.7247
...    94 A-T ...
 -114.2353   26.2255   90.5328
    0.8731   -0.2112    0.4395
    0.0647   -0.8432   -0.5337
    0.4833    0.4944   -0.7225
...    95 A-T ...
 -112.6155   27.8928   88.3506
    0.7377   -0.6700    0.0828
   -0.4460   -0.5757   -0.6853
    0.5068    0.4686   -0.7235
...    96 C-G ...
 -110.5165   29.6344   86.3724
    0.3640   -0.8861   -0.2868
   -0.7760   -0.1182   -0.6196
    0.5151    0.4481   -0.7307
...    97 A-T ...
 -108.6946   30.8890   83.8010
   -0.2131   -0.8236   -0.5255
   -0.8229    0.4413   -0.3579
    0.5267    0.3562   -0.7718
...    98 C-G ...
 -106.5862   31.4245   81.2180
   -0.6368   -0.4662   -0.6142
   -0.5650    0.8241   -0.0397
    0.5247    0.3217   -0.7882
...    99 T-A ...
 -104.5725   31.8818   78.2432
   -0.8659    0.0936   -0.4913
   -0.0720    0.9487    0.3077
    0.4950    0.3019   -0.8148
...   100 T-A ...
 -103.0115   32.5270   75.4313
   -0.7095    0.6582   -0.2520
    0.4623    0.7045    0.5385
    0.5319    0.2656   -0.8041
...   101 T-A ...
 -101.4175   33.1577   72.6227
   -0.2779    0.9573    0.0804
    0.7836    0.1775    0.5954
    0.5557    0.2284   -0.7994
...   102 A-T ...
  -99.2047   33.7741   70.0236
    0.3482    0.8351    0.4258
    0.7486   -0.5211    0.4099
    0.5642    0.1760   -0.8067
...   103 T-A ...
  -97.8516   34.8474   67.2616
    0.6501    0.4692    0.5976
    0.4833   -0.8623    0.1513
    0.5863    0.1905   -0.7874
...   104 G-C ...
  -95.8371   35.7359   64.7647
    0.7485   -0.1741    0.6399
    0.0071   -0.9628   -0.2702
    0.6631    0.2068   -0.7194
...   105 C-G ...
  -93.4008   36.6216   62.7432
    0.5882   -0.6892    0.4230
   -0.4137   -0.7059   -0.5749
    0.6949    0.1632   -0.7004
...   106 T-A ...
  -90.6335   37.1968   60.7153
    0.2168   -0.9756    0.0338
   -0.6476   -0.1696   -0.7429
    0.7305    0.1391   -0.6685
...   107 T-A ...
  -88.1212   37.5042   58.7389
   -0.2231   -0.9049   -0.3623
   -0.6337    0.4171   -0.6515
    0.7407    0.0842   -0.6666
...   108 C-G ...
  -85.5885   37.4994   56.5329
   -0.5786   -0.4747   -0.6633
   -0.3580    0.8785   -0.3164
    0.7329    0.0544   -0.6782
...   109 C-G ...
  -83.2444   37.4393   54.1937
   -0.7429    0.0720   -0.6655
    0.0303    0.9968    0.0741
    0.6687    0.0349   -0.7427
...   110 G-C ...
  -81.2250   37.9007   51.8788
   -0.6692    0.5861   -0.4568
    0.4384    0.8077    0.3943
    0.6000    0.0636   -0.7974
...   111 G-C ...
  -79.5296   38.1919   48.9660
   -0.3360    0.9360   -0.1051
    0.7500    0.3334    0.5712
    0.5697    0.1131   -0.8140
...   112 C-G ...
  -78.1170   38.6289   45.9474
    0.1217    0.9548    0.2712
    0.8089   -0.2538    0.5304
    0.5752    0.1548   -0.8032
...   113 T-A ...
  -76.3756   39.2352   43.1717
    0.5091    0.6568    0.5563
    0.6224   -0.7273    0.2892
    0.5945    0.1990   -0.7791
...   114 C-G ...
  -74.2856   39.8414   40.6447
    0.7585    0.0839    0.6462
    0.2118   -0.9696   -0.1227
    0.6163    0.2299   -0.7532
...   115 G-C ...
  -72.1477   40.0616   38.0635
    0.6793   -0.5317    0.5058
   -0.2653   -0.8205   -0.5063
    0.6843    0.2097   -0.6984
...   116 T-A ...
  -69.4235   40.9378   36.3406
    0.3926   -0.9020    0.1798
   -0.5828   -0.3952   -0.7101
    0.7115    0.1740   -0.6808
...   117 A-T ...
  -66.6768   41.4121   34.3618
   -0.0724   -0.9666   -0.2459
   -0.6749    0.2290   -0.7015
    0.7344    0.1152   -0.6689
...   118 T-A ...
  -63.8667   41.4312   32.6544
   -0.3966   -0.7026   -0.5908
   -0.5366    0.6996   -0.4718
    0.7448    0.1299   -0.6545
...   119 A-T ...
  -61.3416   42.1836   30.3933
   -0.6105   -0.0353   -0.7912
   -0.1369    0.9887    0.0615
    0.7801    0.1458   -0.6085
...   120 A-T ...
  -58.8059   42.3040   28.3507
   -0.5664    0.5472   -0.6163
    0.2335    0.8237    0.5167
    0.7904    0.1488   -0.5943
...   121 T-A ...
  -56.4538   42.3426   25.9606
   -0.3451    0.9038   -0.2530
    0.4897    0.4034    0.7729
    0.8007    0.1428   -0.5818
...   122 G-C ...
  -53.7418   42.8534   23.8230
   -0.0441    0.9469    0.3183
    0.5922   -0.2319    0.7717
    0.8046    0.2226   -0.5505
...   123 T-A ...
  -51.3908   43.7744   21.7120
    0.2429    0.6816    0.6902
    0.5187   -0.6925    0.5014
    0.8197    0.2362   -0.5218
...   124 G-C ...
  -48.5995   44.6591   20.0165
    0.4159    0.1201    0.9015
    0.3060   -0.9519   -0.0144
    0.8564    0.2819   -0.4326
...   125 T-A ...
  -45.9961   45.9979   18.7473
    0.4603   -0.4174    0.7835
    0.0609   -0.8657   -0.4969
    0.8857    0.2764   -0.3731
...   126 C-G ...
  -43.0975   46.8035   17.7545
    0.4105   -0.8477    0.3360
   -0.1934   -0.4410   -0.8764
    0.8911    0.2948   -0.3450
...   127 G-C ...
  -40.2230   47.3560   16.0889
    0.1381   -0.9749   -0.1745
   -0.3102    0.1248   -0.9425
    0.9406    0.1843   -0.2851
...   128 A-T ...
  -37.1850   47.9083   15.2288
   -0.0636   -0.6992   -0.7121
   -0.3283    0.6885   -0.6467
    0.9424    0.1926   -0.2733
...   129 C-G ...
  -33.8933   47.8653   14.7169
   -0.2555   -0.2171   -0.9421
   -0.2355    0.9591   -0.1572
    0.9377    0.1818   -0.2961
...   130 C-G ...
  -30.7149   48.0804   13.4746
   -0.4113    0.3340   -0.8481
   -0.0332    0.9243    0.3801
    0.9109    0.1845   -0.3691
...   131 A-T ...
  -27.5420   49.2821   13.0305
   -0.3721    0.8283   -0.4189
    0.1977    0.5117    0.8361
    0.9069    0.2282   -0.3541
...   132 A-T ...
  -24.6039   49.9852   11.7437
   -0.1982    0.9682    0.1526
    0.3694   -0.0704    0.9266
    0.9079    0.2400   -0.3438
...   133 A-T ...
  -21.7842   50.8610   10.2967
    0.0773    0.7423    0.6656
    0.3974   -0.6352    0.6623
    0.9144    0.2133   -0.3441
...   134 T-A ...
  -19.0084   52.0401    8.9383
    0.2450    0.2904    0.9250
    0.3072   -0.9282    0.2101
    0.9196    0.2327   -0.3167
...   135 G-C ...
  -16.4570   53.8979    7.5290
    0.5336   -0.3334    0.7773
    0.0348   -0.9096   -0.4140
    0.8450    0.2479   -0.4738
...   136 T-A ...
  -14.1681   56.5697    6.1948
    0.5795   -0.7269    0.3684
   -0.3140   -0.6163   -0.7222
    0.7521    0.3028   -0.5854
...   137 G-C ...
  -11.6469   58.0145    4.7336
    0.2454   -0.9541   -0.1717
   -0.6318   -0.0231   -0.7748
    0.7352    0.2986   -0.6085
...   138 A-T ...
   -8.6698   58.7288    3.6169
   -0.0344   -0.7815   -0.6230
   -0.6534    0.4892   -0.5777
    0.7562    0.3872   -0.5274
...   139 G-C ...
   -6.3212   59.0878    1.6440
   -0.2967   -0.3277   -0.8970
   -0.5657    0.8170   -0.1114
    0.7694    0.4744   -0.4278
...   140 C-G ...
   -3.4297   60.2436    1.0434
   -0.4424    0.2288   -0.8671
   -0.1682    0.9286    0.3309
    0.8809    0.2922   -0.3723
...   141 G-C ...
   -0.6894   63.9062   -2.2357
   -0.9992    0.0156   -0.0375
   -0.0024    0.8991    0.4378
    0.0405    0.4375   -0.8983
...   142 C-G ...
   -0.9980   65.6136   -4.9250
   -0.8337    0.5217    0.1810
    0.5169    0.6220    0.5881
    0.1942    0.5839   -0.7882
...   143 T-A ...
   -0.1245   66.2249   -7.8042
   -0.3751    0.8568    0.3538
    0.8856    0.2185    0.4098
    0.2739    0.4670   -0.8408
...   144 C-G ...
   -0.1581   67.4196  -10.7922
    0.1799    0.8792    0.4411
    0.9276   -0.3009    0.2214
    0.3274    0.3694   -0.8697
...   145 A-T ...
    0.5352   69.2486  -13.4514
    0.7352    0.4961    0.4620
    0.6117   -0.7791   -0.1369
    0.2921    0.3832   -0.8763
...   146 C-G ...
    1.4420   72.1063  -15.5859
    0.9808    0.0622    0.1849
    0.1266   -0.9240   -0.3608
    0.1484    0.3773   -0.9141
...   147 A-T ...
    2.3150   74.2409  -18.3715
    0.8657   -0.4292   -0.2574
   -0.4984   -0.7868   -0.3642
   -0.0462    0.4436   -0.8950
