  147 base-pairs
...     1 A-T ...
    0.0000    0.0000    0.0000
    1.0000    0.0000    0.0000
    0.0000    1.0000    0.0000
    0.0000    0.0000    1.0000
...     2 G-C ...
   -0.1394   -1.2357    3.2268
    0.7529    0.6366    0.1670
   -0.6386    0.7680   -0.0486
   -0.1592   -0.0700    0.9848
...     3 T-A ...
   -0.0365   -3.2932    6.3751
    0.2722    0.9301    0.2466
   -0.9238    0.3243   -0.2033
   -0.2691   -0.1725    0.9475
...     4 G-C ...
   -0.3505   -4.1660    9.4928
   -0.3756    0.9250    0.0579
   -0.8781   -0.3352   -0.3415
   -0.2965   -0.1791    0.9381
...     5 A-T ...
   -0.4462   -4.1476   12.7498
   -0.8116    0.5840   -0.0165
   -0.5523   -0.7762   -0.3042
   -0.1905   -0.2378    0.9524
...     6 G-C ...
   -1.5908   -4.1730   15.6201
   -0.9976    0.0246   -0.0651
   -0.0043   -0.9555   -0.2950
   -0.0695   -0.2940    0.9533
...     7 C-G ...
   -1.1030   -4.4824   18.7362
   -0.8441   -0.5304   -0.0787
    0.5345   -0.8441   -0.0432
   -0.0435   -0.0785    0.9960
...     8 G-C ...
   -2.4028   -7.7290   23.1475
   -0.2754   -0.3293   -0.9032
    0.6650   -0.7437    0.0684
   -0.6942   -0.5818    0.4238
...     9 C-G ...
   -4.4690   -9.9728   24.1132
    0.1145   -0.7025   -0.7024
    0.8512   -0.2952    0.4340
   -0.5122   -0.6476    0.5642
...    10 T-A ...
   -6.7405  -10.8752   25.9697
    0.4841   -0.8363   -0.2574
    0.6595    0.1553    0.7355
   -0.5751   -0.5258    0.6267
...    11 C-G ...
   -9.1656  -12.6208   27.1640
    0.7073   -0.6682    0.2307
    0.3448    0.6110    0.7126
   -0.6171   -0.4245    0.6626
...    12 A-T ...
  -10.9234  -14.6633   29.0693
    0.7515   -0.1377    0.6452
   -0.2029    0.8824    0.4246
   -0.6277   -0.4500    0.6352
...    13 C-G ...
  -11.8476  -17.4863   31.2451
    0.4295    0.2823    0.8578
   -0.5708    0.8209    0.0156
   -0.6998   -0.4963    0.5137
...    14 A-T ...
  -13.5897  -19.7827   33.4259
   -0.1504    0.6104    0.7777
   -0.6874    0.5008   -0.5260
   -0.7106   -0.6136    0.3443
...    15 A-T ...
  -15.7386  -21.8842   34.6862
   -0.5418    0.7781    0.3179
   -0.4515    0.0496   -0.8909
   -0.7089   -0.6262    0.3244
...    16 T-A ...
  -17.8279  -23.8173   36.3569
   -0.6964    0.6907   -0.1951
   -0.0974   -0.3603   -0.9277
   -0.7110   -0.6270    0.3182
...    17 T-A ...
  -20.1487  -25.7464   37.5616
   -0.6140    0.3511   -0.7070
    0.3342   -0.6958   -0.6358
   -0.7151   -0.6266    0.3098
...    18 T-A ...
  -22.5811  -27.6126   38.6363
   -0.2932   -0.1200   -0.9485
    0.6294   -0.7710   -0.0970
   -0.7197   -0.6254    0.3016
...    19 A-T ...
  -24.7725  -30.0046   39.6292
    0.1957   -0.5706   -0.7976
    0.6577   -0.5269    0.5383
   -0.7274   -0.6299    0.2721
...    20 T-A ...
  -27.5166  -31.8144   39.9881
    0.5074   -0.7651   -0.3965
    0.4548   -0.1530    0.8774
   -0.7319   -0.6255    0.2703
...    21 T-A ...
  -29.9899  -33.8497   40.6041
    0.6605   -0.7210    0.2096
    0.0648    0.3328    0.9408
   -0.7480   -0.6078    0.2665
...    22 C-G ...
  -32.4161  -35.9558   41.4126
    0.5698   -0.3588    0.7393
   -0.3580    0.7014    0.6163
   -0.7397   -0.6158    0.2712
...    23 G-C ...
  -35.0878  -37.7206   42.5357
    0.3142    0.1749    0.9331
   -0.6344    0.7699    0.0693
   -0.7063   -0.6137    0.3529
...    24 C-G ...
  -37.1446  -40.0587   43.7686
   -0.0696    0.6046    0.7935
   -0.6997    0.5373   -0.4708
   -0.7110   -0.5880    0.3856
...    25 A-T ...
  -39.7148  -41.9190   44.8810
   -0.3998    0.8592    0.3193
   -0.5339    0.0649   -0.8431
   -0.7451   -0.5075    0.4327
...    26 A-T ...
  -42.0575  -43.5062   46.4720
   -0.6268    0.7411   -0.2405
   -0.1997   -0.4512   -0.8698
   -0.7532   -0.4971    0.4308
...    27 A-T ...
  -44.5265  -44.9482   48.0083
   -0.6159    0.3426   -0.7094
    0.1985   -0.8040   -0.5605
   -0.7624   -0.4860    0.4272
...    28 G-C ...
  -47.2331  -46.2827   49.4214
   -0.3563   -0.1263   -0.9258
    0.4843   -0.8723   -0.0674
   -0.7991   -0.4724    0.3719
...    29 G-C ...
  -50.1536  -47.7249   50.3690
    0.0361   -0.5651   -0.8242
    0.5674   -0.6673    0.4824
   -0.8226   -0.4851    0.2966
...    30 C-G ...
  -53.0961  -49.2294   50.9489
    0.3730   -0.8315   -0.4116
    0.4294   -0.2385    0.8710
   -0.8225   -0.5017    0.2681
...    31 C-G ...
  -55.8928  -51.0763   51.5447
    0.5962   -0.7897    0.1449
    0.1212    0.2669    0.9561
   -0.7937   -0.5524    0.2548
...    32 G-C ...
  -58.5532  -52.7706   52.7926
    0.6164   -0.4344    0.6568
   -0.2591    0.6757    0.6901
   -0.7436   -0.5955    0.3040
...    33 G-C ...
  -60.9788  -54.9882   53.6735
    0.4185    0.0710    0.9055
   -0.5605    0.8046    0.1959
   -0.7146   -0.5895    0.3765
...    34 C-G ...
  -63.0752  -57.2740   54.9155
    0.0709    0.5411    0.8379
   -0.6952    0.6293   -0.3476
   -0.7154   -0.5579    0.4208
...    35 C-G ...
  -65.2943  -59.2561   56.5325
   -0.2519    0.8542    0.4549
   -0.6272    0.2139   -0.7489
   -0.7370   -0.4739    0.4818
...    36 C-G ...
  -67.6772  -60.7111   58.4293
   -0.4780    0.8737   -0.0905
   -0.4044   -0.3104   -0.8603
   -0.7797   -0.3746    0.5017
...    37 G-C ...
  -70.5613  -61.9225   59.7372
   -0.5216    0.5789   -0.6267
   -0.1093   -0.7739   -0.6238
   -0.8461   -0.2569    0.4669
...    38 A-T ...
  -73.4404  -62.6184   61.1903
   -0.4557   -0.0015   -0.8901
    0.2000   -0.9746   -0.1008
   -0.8674   -0.2240    0.4444
...    39 C-G ...
  -76.5334  -62.7500   62.4571
   -0.2631   -0.5292   -0.8067
    0.3932   -0.8224    0.4112
   -0.8810   -0.2090    0.4244
...    40 A-T ...
  -79.3480  -63.7413   63.9803
    0.0686   -0.9093   -0.4103
    0.4434   -0.3407    0.8291
   -0.8937   -0.2388    0.3798
...    41 C-G ...
  -82.5653  -64.5132   64.6348
    0.2976   -0.9477    0.1153
    0.3301    0.2155    0.9190
   -0.8958   -0.2354    0.3770
...    42 G-C ...
  -85.4711  -65.0668   66.2904
    0.4962   -0.6186    0.6091
    0.0961    0.7364    0.6696
   -0.8629   -0.2738    0.4249
...    43 A-T ...
  -88.3794  -65.9848   67.5634
    0.4743   -0.0359    0.8796
   -0.2070    0.9666    0.1511
   -0.8557   -0.2537    0.4510
...    44 C-G ...
  -90.9831  -67.3936   69.0664
    0.3230    0.5011    0.8029
   -0.4242    0.8350   -0.3504
   -0.8460   -0.2274    0.4823
...    45 T-A ...
  -93.6145  -68.2657   70.8998
    0.1193    0.8912    0.4377
   -0.5428    0.4277   -0.7228
   -0.8313   -0.1513    0.5348
...    46 T-A ...
  -96.1995  -68.7345   72.7848
   -0.1744    0.9812   -0.0831
   -0.5226   -0.1638   -0.8367
   -0.8346   -0.1025    0.5413
...    47 A-T ...
  -99.0994  -68.9071   74.4609
   -0.3651    0.6922   -0.6225
   -0.3590   -0.7216   -0.5919
   -0.8589    0.0074    0.5120
...    48 C-G ...
 -101.7736  -68.2311   76.3046
   -0.4740    0.1935   -0.8590
   -0.1382   -0.9798   -0.1444
   -0.8696    0.0503    0.4911
...    49 T-A ...
 -104.7492  -67.7155   77.7242
   -0.4405   -0.3849   -0.8110
    0.0988   -0.9187    0.3824
   -0.8923    0.0883    0.4427
...    50 G-C ...
 -107.7282  -67.8363   79.2612
   -0.2619   -0.8707   -0.4164
    0.3110   -0.4845    0.8176
   -0.9136    0.0846    0.3976
...    51 T-A ...
 -111.0053  -67.4286   79.9956
   -0.0576   -0.9920    0.1121
    0.4076    0.0792    0.9097
   -0.9114    0.0981    0.3998
...    52 A-T ...
 -113.7911  -66.5377   81.8728
    0.1551   -0.6417    0.7512
    0.3865    0.7392    0.5516
   -0.9092    0.2048    0.3626
...    53 G-C ...
 -116.9171  -66.0709   82.9815
    0.3912   -0.1298    0.9111
    0.2604    0.9652    0.0257
   -0.8827    0.2272    0.4114
...    54 G-C ...
 -120.0008  -65.5107   84.2956
    0.5567    0.4117    0.7215
    0.0134    0.8640   -0.5034
   -0.8306    0.2899    0.4755
...    55 T-A ...
 -122.5865  -64.9740   86.2769
    0.5289    0.7901    0.3098
   -0.2808    0.5074   -0.8147
   -0.8009    0.3439    0.4902
...    56 A-T ...
 -125.1403  -63.6348   87.9798
    0.3882    0.8727   -0.2961
   -0.5676   -0.0267   -0.8229
   -0.7261    0.4875    0.4850
...    57 T-A ...
 -127.0123  -61.8456   89.9686
    0.0719    0.7176   -0.6927
   -0.6997   -0.4587   -0.5478
   -0.7108    0.5241    0.4691
...    58 C-G ...
 -129.2907  -59.9073   91.3133
   -0.3302    0.2761   -0.9026
   -0.6403   -0.7681   -0.0007
   -0.6935    0.5778    0.4304
...    59 T-A ...
 -131.4854  -57.6713   92.4531
   -0.6020   -0.2191   -0.7678
   -0.3963   -0.7528    0.5256
   -0.6932    0.6207    0.3664
...    60 C-G ...
 -133.8768  -55.5989   93.4476
   -0.7311   -0.6255   -0.2725
    0.0393   -0.4374    0.8984
   -0.6812    0.6461    0.3444
...    61 G-C ...
 -136.1338  -53.6356   95.0518
   -0.5453   -0.7752    0.3190
    0.4540    0.0467    0.8898
   -0.7046    0.6300    0.3265
...    62 A-T ...
 -138.4753  -51.4625   95.9844
   -0.1557   -0.5650    0.8103
    0.7125    0.5040    0.4883
   -0.6842    0.6533    0.3241
...    63 G-C ...
 -140.9422  -49.4159   96.9600
    0.2986   -0.2131    0.9303
    0.7011    0.7103   -0.0623
   -0.6475    0.6708    0.3615
...    64 C-G ...
 -143.3908  -47.4619   98.1422
    0.6774    0.1847    0.7121
    0.4304    0.6855   -0.5872
   -0.5966    0.7042    0.3849
...    65 T-A ...
 -145.3449  -45.2486   99.6648
    0.8581    0.4540    0.2399
   -0.0046    0.4740   -0.8805
   -0.5135    0.7545    0.4088
...    66 C-G ...
 -146.9475  -42.7506  101.0380
    0.7306    0.5790   -0.3618
   -0.5177    0.1244   -0.8465
   -0.4451    0.8058    0.3906
...    67 G-C ...
 -148.3822  -39.8176  101.9346
    0.3811    0.4062   -0.8305
   -0.8669   -0.1552   -0.4737
   -0.3213    0.9005    0.2929
...    68 G-C ...
 -149.0159  -36.5485  102.5586
   -0.1332    0.1582   -0.9784
   -0.9556   -0.2822    0.0845
   -0.2627    0.9462    0.1888
...    69 G-C ...
 -149.7252  -33.2165  102.6071
   -0.6314   -0.0934   -0.7698
   -0.7346   -0.2459    0.6324
   -0.2483    0.9648    0.0866
...    70 A-T ...
 -150.5958  -30.0028  102.6654
   -0.9543   -0.2125   -0.2100
   -0.1925   -0.1004    0.9762
   -0.2285    0.9720    0.0549
...    71 T-A ...
 -151.3354  -26.7899  102.1240
   -0.9188   -0.1860    0.3481
    0.3498    0.0249    0.9365
   -0.1828    0.9822    0.0422
...    72 C-G ...
 -151.9642  -23.5161  102.1423
   -0.5014   -0.1045    0.8589
    0.8510    0.1196    0.5114
   -0.1561    0.9873    0.0290
...    73 C-G ...
 -152.6654  -20.1807  102.0535
    0.0875   -0.0681    0.9938
    0.9879    0.1344   -0.0778
   -0.1282    0.9886    0.0790
...    74 T-A ...
 -153.3030  -16.9198  102.4245
    0.6265   -0.0392    0.7784
    0.7758    0.1268   -0.6181
   -0.0745    0.9912    0.1098
...    75 C-G ...
 -153.6212  -13.6555  102.7557
    0.9701   -0.0175    0.2419
    0.2424    0.1059   -0.9644
   -0.0087    0.9942    0.1070
...    76 A-T ...
 -153.5408  -10.2914  102.9214
    0.9232   -0.1043   -0.3699
   -0.3572    0.1226   -0.9259
    0.1420    0.9870    0.0759
...    77 T-A ...
 -152.6313   -7.2407  103.6323
    0.6068   -0.0710   -0.7917
   -0.7742    0.1725   -0.6089
    0.1798    0.9825    0.0497
...    78 G-C ...
 -151.9644   -3.9480  103.3574
    0.0208   -0.0842   -0.9962
   -0.9671    0.2511   -0.0414
    0.2536    0.9643   -0.0762
...    79 T-A ...
 -150.5562   -1.0027  102.7779
   -0.5129    0.0347   -0.8578
   -0.8160    0.2905    0.4997
    0.2665    0.9562   -0.1207
...    80 T-A ...
 -149.4855    2.0147  102.1556
   -0.8868    0.2361   -0.3972
   -0.3467    0.2284    0.9098
    0.3055    0.9445   -0.1207
...    81 A-T ...
 -148.3248    5.2612  102.4190
   -0.8443    0.4269    0.3239
    0.3518   -0.0144    0.9360
    0.4042    0.9042   -0.1380
...    82 T-A ...
 -147.3419    8.2651  101.3464
   -0.5103    0.3931    0.7649
    0.7408   -0.2508    0.6232
    0.4368    0.8846   -0.1632
...    83 A-T ...
 -145.1212   10.8641  100.7763
    0.1763    0.1855    0.9667
    0.8621   -0.5031   -0.0607
    0.4751    0.8441   -0.2486
...    84 A-T ...
 -143.7720   13.7186   99.9731
    0.6609   -0.1371    0.7379
    0.5742   -0.5407   -0.6147
    0.4833    0.8299   -0.2787
...    85 C-G ...
 -142.4204   16.7058   99.5236
    0.8442   -0.4432    0.3015
    0.1227   -0.3878   -0.9135
    0.5218    0.8082   -0.2730
...    86 G-C ...
 -140.6057   19.2573   98.2222
    0.6747   -0.7026   -0.2261
   -0.3696   -0.0565   -0.9275
    0.6388    0.7094   -0.2978
...    87 G-C ...
 -138.1571   21.4111   97.3593
    0.2797   -0.6948   -0.6626
   -0.6566    0.3651   -0.6600
    0.7005    0.6196   -0.3541
...    88 A-T ...
 -135.7649   23.2692   96.0825
   -0.2064   -0.3714   -0.9052
   -0.6673    0.7300   -0.1474
    0.7156    0.5737   -0.3986
...    89 G-C ...
 -133.2465   24.8475   94.5649
   -0.5826    0.0524   -0.8111
   -0.4161    0.8380    0.3530
    0.6982    0.5431   -0.4664
...    90 C-G ...
 -130.9620   26.3182   92.5969
   -0.7340    0.5026   -0.4567
    0.0123    0.6823    0.7310
    0.6790    0.5310   -0.5070
...    91 T-A ...
 -128.8567   27.9634   90.5703
   -0.6182    0.7849    0.0413
    0.4422    0.3039    0.8439
    0.6498    0.5399   -0.5349
...    92 T-A ...
 -126.8714   29.6090   88.5568
   -0.1937    0.8367    0.5122
    0.7158   -0.2366    0.6571
    0.6710    0.4939   -0.5531
...    93 T-A ...
 -124.8895   31.2534   86.5436
    0.3030    0.5469    0.7804
    0.6741   -0.7019    0.2302
    0.6736    0.4563   -0.5814
...    94 A-T ...
 -122.3651   32.2137   84.4249
    0.6918   -0.0498    0.7204
    0.2793   -0.9015   -0.3305
    0.6659    0.4299   -0.6097
...    95 A-T ...
 -120.2254   33.7821   82.5432
    0.7219   -0.5741    0.3864
   -0.1928   -0.7031   -0.6844
    0.6646    0.4196   -0.6183
...    96 C-G ...
 -117.7946   35.4322   81.0063
    0.4751   -0.8797   -0.0211
   -0.5488   -0.2774   -0.7886
    0.6878    0.3863   -0.6146
...    97 A-T ...
 -115.5979   36.5812   78.7272
   -0.0173   -0.9110   -0.4122
   -0.6994    0.3056   -0.6462
    0.7146    0.2771   -0.6424
...    98 C-G ...
 -112.8539   37.0452   76.9105
   -0.4191   -0.6103   -0.6722
   -0.5641    0.7552   -0.3339
    0.7114    0.2393   -0.6608
...    99 T-A ...
 -110.4482   37.4488   74.6266
   -0.7018   -0.1048   -0.7046
   -0.2114    0.9752    0.0655
    0.6802    0.1949   -0.7066
...   100 T-A ...
 -108.2338   37.8162   72.2634
   -0.6794    0.4968   -0.5400
    0.2493    0.8485    0.4669
    0.6901    0.1826   -0.7003
...   101 T-A ...
 -106.0875   38.1865   69.8325
   -0.3777    0.9092   -0.1752
    0.6039    0.3853    0.6978
    0.7019    0.1577   -0.6946
...   102 A-T ...
 -103.3302   38.6474   67.8528
    0.1486    0.9397    0.3082
    0.6928   -0.3213    0.6456
    0.7057    0.1176   -0.6987
...   103 T-A ...
 -101.4828   39.3745   65.1966
    0.5011    0.6315    0.5917
    0.5062   -0.7685    0.3915
    0.7019    0.1033   -0.7047
...   104 G-C ...
  -98.9605   39.4541   62.9786
    0.6493    0.0350    0.7597
    0.1147   -0.9920   -0.0523
    0.7518    0.1212   -0.6482
...   105 C-G ...
  -96.4298   40.2495   60.9454
    0.5673   -0.5361    0.6251
   -0.2708   -0.8383   -0.4732
    0.7777    0.0991   -0.6208
...   106 T-A ...
  -93.6631   40.6658   59.1305
    0.2734   -0.9141    0.2996
   -0.5240   -0.4027   -0.7505
    0.8067    0.0482   -0.5890
...   107 T-A ...
  -90.9187   40.8378   57.3974
   -0.0918   -0.9765   -0.1949
   -0.5840    0.2114   -0.7837
    0.8065    0.0419   -0.5897
...   108 C-G ...
  -88.2435   40.8210   55.4683
   -0.4527   -0.6494   -0.6110
   -0.3948    0.7604   -0.5157
    0.7995    0.0078   -0.6006
...   109 C-G ...
  -85.5962   40.4594   53.3698
   -0.6544   -0.1050   -0.7488
   -0.0420    0.9938   -0.1026
    0.7550   -0.0357   -0.6548
...   110 G-C ...
  -83.1333   40.7275   51.0477
   -0.6220    0.4977   -0.6045
    0.3761    0.8670    0.3269
    0.6868   -0.0240   -0.7265
...   111 G-C ...
  -81.0298   40.5107   48.3806
   -0.3471    0.9013   -0.2593
    0.6761    0.4321    0.5969
    0.6500    0.0319   -0.7593
...   112 C-G ...
  -79.2021   40.5761   45.5716
    0.0713    0.9856    0.1533
    0.7585   -0.1533    0.6334
    0.6478    0.0711   -0.7585
...   113 T-A ...
  -77.2482   41.0269   42.8965
    0.4420    0.7309    0.5201
    0.6045   -0.6711    0.4293
    0.6627    0.1246   -0.7384
...   114 C-G ...
  -75.0722   41.5189   40.4619
    0.6964    0.1678    0.6978
    0.2157   -0.9763    0.0195
    0.6845    0.1369   -0.7161
...   115 G-C ...
  -72.6401   41.5507   38.0881
    0.6145   -0.4445    0.6518
   -0.2042   -0.8876   -0.4128
    0.7621    0.1206   -0.6362
...   116 T-A ...
  -69.8787   42.3469   36.4109
    0.3824   -0.8585    0.3416
   -0.4983   -0.5030   -0.7062
    0.7781    0.0998   -0.6202
...   117 A-T ...
  -67.5162   42.5503   33.9642
   -0.0346   -0.9794   -0.1992
   -0.6201    0.1773   -0.7642
    0.7838    0.0971   -0.6134
...   118 T-A ...
  -64.5771   42.5551   32.4416
   -0.3468   -0.7400   -0.5763
   -0.5090    0.6646   -0.5471
    0.7878    0.1036   -0.6072
...   119 A-T ...
  -62.0860   43.3463   30.2383
   -0.5740   -0.1117   -0.8112
   -0.1573    0.9872   -0.0246
    0.8036    0.1135   -0.5843
...   120 A-T ...
  -59.4651   43.4486   28.2954
   -0.5332    0.5011   -0.6816
    0.2057    0.8583    0.4701
    0.8206    0.1104   -0.5607
...   121 T-A ...
  -57.0264   43.3184   26.0549
   -0.3387    0.8778   -0.3388
    0.4485    0.4671    0.7620
    0.8271    0.1061   -0.5519
...   122 G-C ...
  -54.1593   43.8419   24.3836
   -0.0807    0.9700    0.2293
    0.5740   -0.1428    0.8063
    0.8149    0.1967   -0.5452
...   123 T-A ...
  -51.8521   44.7587   22.1644
    0.2115    0.7308    0.6490
    0.5249   -0.6450    0.5554
    0.8245    0.2232   -0.5200
...   124 G-C ...
  -48.9224   45.4169   20.6481
    0.3859    0.1858    0.9036
    0.3259   -0.9438    0.0549
    0.8631    0.2733   -0.4248
...   125 T-A ...
  -46.2098   46.8984   19.4588
    0.4642   -0.3633    0.8078
    0.0772   -0.8919   -0.4456
    0.8823    0.2692   -0.3860
...   126 C-G ...
  -43.2355   47.7577   18.3409
    0.3855   -0.8377    0.3868
   -0.1949   -0.4837   -0.8533
    0.9019    0.2535   -0.3497
...   127 G-C ...
  -40.2148   48.2194   16.8481
    0.1203   -0.9803   -0.1563
   -0.3248    0.1099   -0.9394
    0.9381    0.1638   -0.3052
...   128 A-T ...
  -37.0659   48.6293   15.8921
   -0.1099   -0.7061   -0.6996
   -0.3122    0.6927   -0.6501
    0.9436    0.1470   -0.2966
...   129 C-G ...
  -33.7849   48.5203   15.1487
   -0.2648   -0.2092   -0.9413
   -0.1925    0.9680   -0.1610
    0.9449    0.1385   -0.2966
...   130 C-G ...
  -30.5784   48.7158   14.0145
   -0.3768    0.3750   -0.8470
    0.0037    0.9150    0.4035
    0.9263    0.1489   -0.3461
...   131 A-T ...
  -27.4409   49.4314   13.0638
   -0.3640    0.8381   -0.4062
    0.2293    0.5034    0.8331
    0.9027    0.2101   -0.3754
...   132 A-T ...
  -24.5741   50.0292   11.6417
   -0.1585    0.9739    0.1626
    0.3833   -0.0911    0.9191
    0.9099    0.2080   -0.3588
...   133 A-T ...
  -21.7097   50.7838   10.3132
    0.0747    0.7326    0.6765
    0.3985   -0.6438    0.6532
    0.9141    0.2208   -0.3400
...   134 T-A ...
  -19.0084   52.0401    8.9384
    0.2450    0.2904    0.9250
    0.3072   -0.9282    0.2101
    0.9196    0.2327   -0.3167
...   135 G-C ...
  -16.4570   53.8979    7.5290
    0.5336   -0.3334    0.7773
    0.0348   -0.9096   -0.4140
    0.8450    0.2479   -0.4738
...   136 T-A ...
  -14.1682   56.5697    6.1948
    0.5795   -0.7269    0.3684
   -0.3140   -0.6163   -0.7222
    0.7521    0.3028   -0.5854
...   137 G-C ...
  -11.6469   58.0145    4.7336
    0.2454   -0.9541   -0.1717
   -0.6318   -0.0231   -0.7748
    0.7352    0.2986   -0.6085
...   138 A-T ...
   -8.6699   58.7288    3.6170
   -0.0344   -0.7815   -0.6230
   -0.6534    0.4892   -0.5777
    0.7562    0.3872   -0.5274
...   139 G-C ...
   -6.3212   59.0878    1.6440
   -0.2967   -0.3277   -0.8970
   -0.5657    0.8170   -0.1114
    0.7694    0.4744   -0.4278
...   140 C-G ...
   -3.4297   60.2436    1.0435
   -0.4424    0.2288   -0.8671
   -0.1682    0.9286    0.3309
    0.8809    0.2922   -0.3723
...   141 G-C ...
   -0.6894   63.9062   -2.2357
   -0.9992    0.0156   -0.0375
   -0.0024    0.8991    0.4378
    0.0405    0.4375   -0.8983
...   142 C-G ...
   -0.9980   65.6136   -4.9249
   -0.8337    0.5217    0.1810
    0.5169    0.6220    0.5881
    0.1942    0.5839   -0.7882
...   143 T-A ...
   -0.1245   66.2249   -7.8042
   -0.3751    0.8568    0.3538
    0.8856    0.2185    0.4098
    0.2739    0.4670   -0.8408
...   144 C-G ...
   -0.1581   67.4196  -10.7922
    0.1799    0.8792    0.4411
    0.9276   -0.3009    0.2214
    0.3274    0.3694   -0.8697
...   145 A-T ...
    0.5352   69.2486  -13.4514
    0.7352    0.4961    0.4620
    0.6117   -0.7791   -0.1369
    0.2921    0.3832   -0.8763
...   146 C-G ...
    1.4420   72.1063  -15.5859
    0.9808    0.0622    0.1849
    0.1266   -0.9240   -0.3608
    0.1484    0.3773   -0.9141
...   147 A-T ...
    2.3149   74.2409  -18.3715
    0.8657   -0.4292   -0.2574
   -0.4984   -0.7868   -0.3642
   -0.0462    0.4436   -0.8950
