  147 base-pairs
...     1 A-T ...
    0.0000    0.0000    0.0000
    1.0000    0.0000    0.0000
    0.0000    1.0000    0.0000
    0.0000    0.0000    1.0000
...     2 G-C ...
   -0.1394   -1.2357    3.2268
    0.7529    0.6366    0.1670
   -0.6386    0.7680   -0.0486
   -0.1592   -0.0700    0.9848
...     3 T-A ...
   -0.0365   -3.2932    6.3751
    0.2722    0.9301    0.2466
   -0.9238    0.3243   -0.2033
   -0.2691   -0.1725    0.9475
...     4 G-C ...
   -0.3505   -4.1660    9.4928
   -0.3756    0.9250    0.0579
   -0.8781   -0.3352   -0.3415
   -0.2965   -0.1791    0.9381
...     5 A-T ...
   -0.4462   -4.1476   12.7498
   -0.8116    0.5840   -0.0165
   -0.5523   -0.7762   -0.3042
   -0.1905   -0.2378    0.9524
...     6 G-C ...
   -1.5908   -4.1730   15.6201
   -0.9976    0.0246   -0.0651
   -0.0043   -0.9555   -0.2950
   -0.0695   -0.2940    0.9533
...     7 C-G ...
   -1.1030   -4.4824   18.7362
   -0.8441   -0.5304   -0.0787
    0.5345   -0.8441   -0.0432
   -0.0435   -0.0785    0.9960
...     8 G-C ...
   -2.4028   -7.7290   23.1475
   -0.2754   -0.3293   -0.9032
    0.6650   -0.7437    0.0684
   -0.6942   -0.5818    0.4238
...     9 C-G ...
   -4.4690   -9.9728   24.1132
    0.1145   -0.7025   -0.7024
    0.8512   -0.2952    0.4340
   -0.5122   -0.6476    0.5642
...    10 T-A ...
   -6.7405  -10.8752   25.9697
    0.4841   -0.8363   -0.2574
    0.6595    0.1553    0.7355
   -0.5751   -0.5258    0.6267
...    11 C-G ...
   -9.1656  -12.6208   27.1640
    0.7073   -0.6682    0.2307
    0.3448    0.6110    0.7126
   -0.6171   -0.4245    0.6626
...    12 A-T ...
  -10.9234  -14.6633   29.0693
    0.7515   -0.1377    0.6452
   -0.2029    0.8824    0.4246
   -0.6277   -0.4500    0.6352
...    13 C-G ...
  -11.8476  -17.4863   31.2451
    0.4295    0.2823    0.8578
   -0.5708    0.8209    0.0156
   -0.6998   -0.4963    0.5137
...    14 A-T ...
  -13.5897  -19.7827   33.4259
   -0.1504    0.6104    0.7777
   -0.6874    0.5008   -0.5260
   -0.7106   -0.6136    0.3443
...    15 A-T ...
  -15.8294  -21.8433   34.5556
   -0.5290    0.7923    0.3039
   -0.4458    0.0452   -0.8940
   -0.7220   -0.6084    0.3293
...    16 T-A ...
  -17.9687  -23.8005   36.3245
   -0.7153    0.6592   -0.2318
   -0.0618   -0.3901   -0.9187
   -0.6960   -0.6429    0.3198
...    17 T-A ...
  -20.2577  -25.7339   37.6821
   -0.6311    0.2719   -0.7265
    0.3924   -0.6960   -0.6014
   -0.6691   -0.6646    0.3325
...    18 T-A ...
  -22.5526  -27.7880   38.7824
   -0.2669   -0.1715   -0.9483
    0.6852   -0.7258   -0.0616
   -0.6777   -0.6662    0.3112
...    19 A-T ...
  -24.6266  -30.3155   39.8661
    0.2528   -0.6073   -0.7532
    0.6864   -0.4361    0.5820
   -0.6819   -0.6641    0.3066
...    20 T-A ...
  -27.2742  -32.2826   40.3591
    0.5705   -0.7608   -0.3094
    0.4435   -0.0317    0.8957
   -0.6913   -0.6482    0.3193
...    21 T-A ...
  -29.5924  -34.4419   41.1303
    0.6949   -0.6478    0.3123
   -0.0052    0.4297    0.9030
   -0.7191   -0.6291    0.2952
...    22 C-G ...
  -31.9362  -36.5534   42.1248
    0.5583   -0.2418    0.7936
   -0.4384    0.7261    0.5297
   -0.7044   -0.6436    0.2994
...    23 G-C ...
  -34.5842  -38.2417   43.4100
    0.3120    0.3002    0.9014
   -0.6921    0.7218   -0.0009
   -0.6509   -0.6236    0.4330
...    24 C-G ...
  -36.4351  -40.5667   44.8416
   -0.0645    0.6732    0.7367
   -0.7466    0.4573   -0.4832
   -0.6621   -0.5812    0.4731
...    25 A-T ...
  -39.0146  -42.4465   45.9023
   -0.4553    0.8519    0.2587
   -0.5508   -0.0413   -0.8336
   -0.6995   -0.5221    0.4881
...    26 A-T ...
  -41.2988  -44.0810   47.5987
   -0.6789    0.6742   -0.2907
   -0.1833   -0.5390   -0.8221
   -0.7110   -0.5048    0.4896
...    27 A-T ...
  -43.5753  -45.5236   49.4403
   -0.6592    0.2217   -0.7186
    0.2580   -0.8309   -0.4930
   -0.7063   -0.5103    0.4905
...    28 G-C ...
  -46.2163  -46.8372   51.1126
   -0.3691   -0.2447   -0.8966
    0.5592   -0.8290   -0.0040
   -0.7423   -0.5029    0.4428
...    29 G-C ...
  -49.0204  -48.4305   52.3604
    0.0758   -0.6637   -0.7442
    0.6478   -0.5346    0.5427
   -0.7580   -0.5232    0.3894
...    30 C-G ...
  -51.6748  -50.1949   53.2383
    0.4591   -0.8335   -0.3074
    0.4645   -0.0698    0.8828
   -0.7573   -0.5481    0.3551
...    31 C-G ...
  -54.3901  -51.9829   54.2104
    0.6786   -0.6951    0.2375
    0.1081    0.4143    0.9037
   -0.7266   -0.5875    0.3563
...    32 G-C ...
  -56.6389  -53.6123   55.6293
    0.6905   -0.3094    0.6539
   -0.2811    0.7182    0.6366
   -0.6665   -0.6233    0.4089
...    33 G-C ...
  -58.6593  -55.8943   57.0782
    0.4492    0.2012    0.8705
   -0.6259    0.7661    0.1459
   -0.6375   -0.6104    0.4701
...    34 C-G ...
  -60.5245  -58.1928   58.5547
    0.0532    0.6397    0.7668
   -0.7641    0.5204   -0.3812
   -0.6429   -0.5656    0.5165
...    35 C-G ...
  -62.4732  -59.9948   60.6980
   -0.3256    0.8722    0.3651
   -0.6697    0.0599   -0.7402
   -0.6675   -0.4855    0.5646
...    36 C-G ...
  -64.6659  -61.4246   62.8211
   -0.6059    0.7772   -0.1700
   -0.3956   -0.4797   -0.7832
   -0.6902   -0.4073    0.5981
...    37 G-C ...
  -67.0995  -63.3942   64.2045
   -0.6685    0.3919   -0.6320
    0.0064   -0.8468   -0.5319
   -0.7437   -0.3596    0.5636
...    38 A-T ...
  -69.5206  -64.4776   66.0039
   -0.5314   -0.1987   -0.8235
    0.4000   -0.9157   -0.0372
   -0.7467   -0.3492    0.5661
...    39 C-G ...
  -72.2717  -65.2363   67.5168
   -0.2138   -0.6511   -0.7283
    0.6013   -0.6753    0.4271
   -0.7699   -0.3466    0.5359
...    40 A-T ...
  -74.8919  -66.6045   69.2002
    0.2260   -0.9206   -0.3185
    0.5976   -0.1272    0.7916
   -0.7693   -0.3693    0.5214
...    41 C-G ...
  -77.6310  -68.0957   70.4727
    0.5165   -0.8424    0.1535
    0.3790    0.3856    0.8412
   -0.7678   -0.3764    0.5184
...    42 G-C ...
  -80.0607  -68.9618   72.5632
    0.6701   -0.4144    0.6158
   -0.0003    0.8295    0.5585
   -0.7422   -0.3745    0.5558
...    43 A-T ...
  -82.5622  -70.1065   74.1476
    0.5453    0.1649    0.8218
   -0.3696    0.9273    0.0593
   -0.7523   -0.3361    0.5666
...    44 C-G ...
  -84.7094  -71.7877   75.9988
    0.3098    0.6620    0.6825
   -0.6143    0.6872   -0.3877
   -0.7257   -0.2991    0.6195
...    45 T-A ...
  -86.8864  -72.9563   78.5634
   -0.0317    0.9686    0.2466
   -0.6849    0.1586   -0.7112
   -0.7280   -0.1915    0.6583
...    46 T-A ...
  -89.1927  -73.4240   80.6843
   -0.3417    0.9138   -0.2195
   -0.5747   -0.3879   -0.7206
   -0.7436   -0.1201    0.6578
...    47 A-T ...
  -91.8033  -73.5706   82.7360
   -0.5234    0.5225   -0.6731
   -0.3120   -0.8526   -0.4192
   -0.7929   -0.0094    0.6093
...    48 C-G ...
  -94.4095  -72.8256   84.6951
   -0.5849   -0.0236   -0.8108
   -0.0167   -0.9990    0.0411
   -0.8110    0.0375    0.5839
...    49 T-A ...
  -97.2699  -72.2142   86.4018
   -0.4489   -0.5643   -0.6929
    0.2477   -0.8236    0.5103
   -0.8586    0.0574    0.5095
...    50 G-C ...
 -100.1501  -72.2414   88.1085
   -0.1683   -0.9492   -0.2659
    0.4444   -0.3138    0.8391
   -0.8799    0.0231    0.4746
...    51 T-A ...
 -103.2406  -72.0914   89.1615
    0.1042   -0.9670    0.2323
    0.4660    0.2538    0.8476
   -0.8786    0.0200    0.4771
...    52 C-G ...
 -106.1631  -72.2080   90.6485
    0.3620   -0.6205    0.6957
    0.3140    0.7838    0.5357
   -0.8777    0.0245    0.4786
...    53 A-T ...
 -109.1398  -71.3457   92.1450
    0.5667   -0.0262    0.8235
    0.0653    0.9978   -0.0131
   -0.8213    0.0612    0.5672
...    54 T-A ...
 -111.7439  -71.5939   94.1142
    0.5644    0.4890    0.6651
   -0.2361    0.8677   -0.4375
   -0.7910    0.0899    0.6051
...    55 G-C ...
 -114.4422  -71.1907   96.3669
    0.4242    0.8883    0.1760
   -0.5341    0.4023   -0.7436
   -0.7313    0.2214    0.6451
...    56 T-A ...
 -116.3913  -70.4782   98.9908
    0.1066    0.9553   -0.2757
   -0.6912   -0.1281   -0.7112
   -0.7147    0.2664    0.6467
...    57 T-A ...
 -118.5078  -69.4431  101.0929
   -0.2416    0.7030   -0.6688
   -0.6608   -0.6240   -0.4171
   -0.7106    0.3412    0.6154
...    58 A-T ...
 -121.1457  -68.4225  102.9778
   -0.5784    0.1413   -0.8034
   -0.3981   -0.9086    0.1267
   -0.7120    0.3931    0.5818
...    59 T-A ...
 -123.2570  -66.4779  104.5734
   -0.7209   -0.3438   -0.6018
   -0.0545   -0.8375    0.5438
   -0.6909    0.4248    0.5850
...    60 A-T ...
 -125.4732  -65.1254  106.9525
   -0.6315   -0.7743    0.0398
    0.4832   -0.3529    0.8013
   -0.6064    0.5252    0.5970
...    61 A-T ...
 -127.5259  -63.3026  108.7265
   -0.2548   -0.7760    0.5769
    0.7953    0.1712    0.5815
   -0.5500    0.6070    0.5736
...    62 C-G ...
 -129.9359  -61.3142  110.2755
    0.2219   -0.5075    0.8326
    0.8198    0.5593    0.1225
   -0.5279    0.6554    0.5402
...    63 G-C ...
 -131.3984  -58.9431  111.9890
    0.7098   -0.1195    0.6942
    0.5471    0.7143   -0.4364
   -0.4437    0.6895    0.5724
...    64 G-C ...
 -132.9898  -56.7901  113.9434
    0.9354    0.2032    0.2893
    0.0874    0.6599   -0.7462
   -0.3425    0.7233    0.5995
...    65 A-T ...
 -134.0653  -54.4970  116.0714
    0.8332    0.4932   -0.2502
   -0.4772    0.4123   -0.7761
   -0.2796    0.7660    0.5789
...    66 T-A ...
 -134.4267  -52.1590  118.2673
    0.5020    0.5705   -0.6500
   -0.8340    0.1204   -0.5384
   -0.2290    0.8124    0.5363
...    67 A-T ...
 -134.9430  -49.2988  119.8233
   -0.0400    0.4021   -0.9147
   -0.9847   -0.1711   -0.0322
   -0.1694    0.8995    0.4028
...    68 G-C ...
 -135.1412  -46.2893  120.9879
   -0.5250    0.1570   -0.8365
   -0.8357   -0.2814    0.4716
   -0.1614    0.9466    0.2790
...    69 G-C ...
 -135.3634  -42.6523  121.1733
   -0.8984   -0.0904   -0.4297
   -0.3966   -0.2531    0.8824
   -0.1885    0.9632    0.1915
...    70 T-A ...
 -136.0621  -39.3985  121.1890
   -0.9765   -0.1819    0.1159
    0.1415   -0.1347    0.9807
   -0.1628    0.9740    0.1573
...    71 A-T ...
 -136.6901  -36.0928  121.4201
   -0.6802   -0.1788    0.7108
    0.7210    0.0117    0.6929
   -0.1322    0.9838    0.1210
...    72 T-A ...
 -137.6957  -32.9201  121.2834
   -0.1861   -0.0761    0.9796
    0.9784    0.0767    0.1918
   -0.0897    0.9941    0.0602
...    73 C-G ...
 -138.2348  -29.6049  121.5311
    0.4787    0.0068    0.8779
    0.8759    0.0644   -0.4781
   -0.0598    0.9979    0.0249
...    74 T-A ...
 -138.5073  -26.2642  121.8996
    0.8802   -0.0240    0.4741
    0.4747    0.0376   -0.8794
    0.0033    0.9990    0.0445
...    75 C-G ...
 -138.5942  -22.8605  122.0385
    0.9885   -0.0578   -0.1395
   -0.1382    0.0258   -0.9901
    0.0609    0.9980    0.0175
...    76 G-C ...
 -138.2372  -19.5579  121.4184
    0.7291   -0.3071   -0.6117
   -0.6170    0.0920   -0.7816
    0.2963    0.9472   -0.1224
...    77 A-T ...
 -137.2580  -16.4278  120.8706
    0.2136   -0.2822   -0.9353
   -0.9224    0.2571   -0.2883
    0.3219    0.9242   -0.2054
...    78 G-C ...
 -135.8528  -13.5652  119.8531
   -0.3358   -0.1859   -0.9234
   -0.8781    0.4164    0.2356
    0.3407    0.8900   -0.3031
...    79 C-G ...
 -134.4158  -10.8260  118.3627
   -0.7986    0.0679   -0.5980
   -0.4969    0.4863    0.7188
    0.3396    0.8711   -0.3547
...    80 T-A ...
 -133.2881   -8.0357  116.9917
   -0.9387    0.3297   -0.1006
    0.0479    0.4137    0.9091
    0.3413    0.8486   -0.4041
...    81 C-G ...
 -132.2416   -5.0994  115.8727
   -0.6958    0.5352    0.4790
    0.6365    0.1504    0.7565
    0.3328    0.8312   -0.4453
...    82 G-C ...
 -130.1416   -2.2499  115.1335
   -0.1739    0.5136    0.8402
    0.9314   -0.1913    0.3097
    0.3198    0.8364   -0.4451
...    83 G-C ...
 -129.1087    0.4855  113.4003
    0.3868    0.2609    0.8845
    0.8352   -0.5058   -0.2160
    0.3910    0.8223   -0.4135
...    84 G-C ...
 -127.9670    3.3120  111.9907
    0.7411   -0.1478    0.6549
    0.4780   -0.5689   -0.6692
    0.4716    0.8090   -0.3510
...    85 A-T ...
 -126.4785    6.1291  110.9780
    0.8587   -0.4944    0.1345
   -0.0705   -0.3740   -0.9247
    0.5075    0.7846   -0.3560
...    86 T-A ...
 -124.5938    8.7630  110.3934
    0.6703   -0.6523   -0.3538
   -0.5072   -0.0547   -0.8601
    0.5417    0.7560   -0.3676
...    87 C-G ...
 -122.5570   11.1177  109.2472
    0.2083   -0.5965   -0.7751
   -0.7932    0.3607   -0.4907
    0.5723    0.7170   -0.3980
...    88 C-G ...
 -120.5181   13.2828  107.8309
   -0.3154   -0.3941   -0.8633
   -0.7611    0.6484   -0.0180
    0.5668    0.6514   -0.5044
...    89 G-C ...
 -119.0288   15.6555  105.9976
   -0.7555   -0.0250   -0.6547
   -0.4091    0.7985    0.4416
    0.5117    0.6015   -0.6135
...    90 C-G ...
 -117.3640   17.3310  103.4369
   -0.8549    0.4432   -0.2696
    0.1250    0.6804    0.7221
    0.5035    0.5837   -0.6370
...    91 T-A ...
 -116.0813   19.2749  100.8167
   -0.6128    0.7648    0.1988
    0.6315    0.3228    0.7050
    0.4750    0.5576   -0.6808
...    92 T-A ...
 -114.7938   21.0089   98.3432
   -0.0761    0.8398    0.5376
    0.8695   -0.2080    0.4481
    0.4881    0.5015   -0.7143
...    93 T-A ...
 -113.4624   22.6807   95.8346
    0.4744    0.5725    0.6687
    0.7341   -0.6765    0.0584
    0.4858    0.4632   -0.7412
...    94 A-T ...
 -111.5468   23.5129   93.1429
    0.8380    0.0238    0.5452
    0.2586   -0.8971   -0.3583
    0.4805    0.4413   -0.7579
...    95 A-T ...
 -109.9923   25.0561   90.8030
    0.8250   -0.5085    0.2465
   -0.2829   -0.7492   -0.5988
    0.4892    0.4244   -0.7620
...    96 C-G ...
 -108.0498   26.7992   88.6490
    0.5227   -0.8446   -0.1161
   -0.6955   -0.3437   -0.6309
    0.4930    0.4105   -0.7671
...    97 A-T ...
 -106.3006   27.9666   85.9817
   -0.0426   -0.9143   -0.4029
   -0.8574    0.2405   -0.4551
    0.5130    0.3260   -0.7941
...    98 C-G ...
 -104.1415   28.4861   83.4378
   -0.5142   -0.6471   -0.5630
   -0.6864    0.7040   -0.1823
    0.5143    0.2927   -0.8061
...    99 T-A ...
 -102.0650   28.8851   80.5072
   -0.8442   -0.1189   -0.5227
   -0.2380    0.9568    0.1669
    0.4803    0.2653   -0.8360
...   100 T-A ...
 -100.5038   29.4040   77.6699
   -0.7956    0.4904   -0.3557
    0.3179    0.8378    0.4440
    0.5157    0.2402   -0.8224
...   101 T-A ...
  -98.9210   29.9442   74.8367
   -0.4366    0.8982   -0.0519
    0.7206    0.3837    0.5775
    0.5386    0.2147   -0.8148
...   102 A-T ...
  -96.7639   30.5999   72.1896
    0.1974    0.9276    0.3171
    0.8104   -0.3364    0.4796
    0.5516    0.1623   -0.8182
...   103 T-A ...
  -95.5314   31.5161   69.3131
    0.5524    0.6383    0.5360
    0.6107   -0.7476    0.2609
    0.5673    0.1833   -0.8029
...   104 G-C ...
  -93.6275   32.3981   66.7304
    0.7525    0.0284    0.6580
    0.1656   -0.9751   -0.1473
    0.6374    0.2198   -0.7385
...   105 C-G ...
  -91.3356   33.4113   64.5848
    0.6836   -0.5321    0.4995
   -0.2882   -0.8256   -0.4851
    0.6705    0.1877   -0.7177
...   106 T-A ...
  -88.6822   34.1913   62.4700
    0.3661   -0.9194    0.1440
   -0.6057   -0.3529   -0.7131
    0.7064    0.1739   -0.6861
...   107 T-A ...
  -86.2347   34.6667   60.4427
   -0.0762   -0.9631   -0.2582
   -0.6866    0.2385   -0.6868
    0.7230    0.1250   -0.6794
...   108 C-G ...
  -83.7160   34.8319   58.2177
   -0.4958   -0.6243   -0.6037
   -0.4876    0.7754   -0.4013
    0.7186    0.0954   -0.6888
...   109 C-G ...
  -81.3829   34.9113   55.8676
   -0.7443   -0.1082   -0.6590
   -0.1214    0.9923   -0.0258
    0.6567    0.0608   -0.7517
...   110 G-C ...
  -79.4591   35.4575   53.4739
   -0.7493    0.4340   -0.5002
    0.3144    0.8979    0.3080
    0.5828    0.0735   -0.8093
...   111 G-C ...
  -77.8257   35.7227   50.5209
   -0.4694    0.8630   -0.1868
    0.6948    0.4916    0.5249
    0.5448    0.1167   -0.8304
...   112 C-G ...
  -76.5063   36.0922   47.4494
   -0.0148    0.9834    0.1808
    0.8397   -0.0860    0.5362
    0.5429    0.1598   -0.8245
...   113 T-A ...
  -74.8738   36.6840   44.5999
    0.4172    0.7683    0.4855
    0.7202   -0.6053    0.3391
    0.5544    0.2081   -0.8058
...   114 C-G ...
  -72.9145   37.3371   41.9709
    0.7485    0.2400    0.6182
    0.3380   -0.9401   -0.0442
    0.5706    0.2420   -0.7848
...   115 G-C ...
  -70.8663   37.6078   39.3166
    0.7502   -0.3960    0.5296
   -0.1652   -0.8877   -0.4297
    0.6403    0.2349   -0.7314
...   116 T-A ...
  -68.2931   38.6905   37.4571
    0.5055   -0.8290    0.2393
   -0.5420   -0.5209   -0.6595
    0.6714    0.2037   -0.7126
...   117 A-T ...
  -65.6849   39.3394   35.3449
    0.0403   -0.9842   -0.1726
   -0.7127    0.0928   -0.6953
    0.7003    0.1511   -0.6977
...   118 T-A ...
  -62.9331   39.5667   33.5496
   -0.3241   -0.7848   -0.5282
   -0.6257    0.5966   -0.5026
    0.7096    0.1676   -0.6844
...   119 A-T ...
  -60.5676   40.4874   31.1570
   -0.6159   -0.1457   -0.7743
   -0.2432    0.9699    0.0109
    0.7494    0.1950   -0.6328
...   120 A-T ...
  -58.0901   40.7689   29.0572
   -0.6289    0.4518   -0.6327
    0.1532    0.8698    0.4690
    0.7623    0.1980   -0.6162
...   121 T-A ...
  -55.7879   40.9259   26.6187
   -0.4367    0.8510   -0.2916
    0.4568    0.4890    0.7431
    0.7750    0.1913   -0.6023
...   122 G-C ...
  -53.1520   41.5783   24.4233
   -0.1240    0.9537    0.2741
    0.6201   -0.1412    0.7717
    0.7747    0.2656   -0.5739
...   123 T-A ...
  -50.9110   42.5840   22.2165
    0.1955    0.7294    0.6556
    0.5802   -0.6250    0.5223
    0.7907    0.2783   -0.5454
...   124 G-C ...
  -48.2188   43.5988   20.4141
    0.4195    0.1880    0.8881
    0.3769   -0.9261    0.0180
    0.8258    0.3272   -0.4593
...   125 T-A ...
  -45.7450   45.0698   19.0385
    0.5011   -0.3523    0.7904
    0.1155   -0.8780   -0.4646
    0.8576    0.3241   -0.3992
...   126 C-G ...
  -42.9274   46.0439   17.9544
    0.4733   -0.8044    0.3590
   -0.1769   -0.4861   -0.8558
    0.8629    0.3416   -0.3723
...   127 G-C ...
  -40.1127   46.7185   16.2025
    0.1925   -0.9708   -0.1434
   -0.3304    0.0735   -0.9410
    0.9240    0.2285   -0.3066
...   128 A-T ...
  -37.1170   47.4019   15.2691
   -0.0338   -0.7241   -0.6889
   -0.3738    0.6484   -0.6632
    0.9269    0.2351   -0.2926
...   129 C-G ...
  -33.8328   47.5184   14.7195
   -0.2550   -0.2581   -0.9319
   -0.2866    0.9406   -0.1821
    0.9235    0.2206   -0.3138
...   130 C-G ...
  -30.6812   47.8780   13.4356
   -0.4331    0.2948   -0.8518
   -0.0709    0.9309    0.3583
    0.8985    0.2156   -0.3823
...   131 A-T ...
  -27.5318   49.2200   13.0313
   -0.3879    0.8170   -0.4265
    0.1860    0.5227    0.8320
    0.9027    0.2434   -0.3547
...   132 A-T ...
  -24.6017   49.9678   11.7410
   -0.2075    0.9670    0.1481
    0.3679   -0.0632    0.9277
    0.9064    0.2470   -0.3427
...   133 A-T ...
  -21.7865   50.8578   10.2971
    0.0725    0.7447    0.6635
    0.3995   -0.6312    0.6648
    0.9139    0.2168   -0.3432
...   134 T-A ...
  -19.0083   52.0402    8.9385
    0.2450    0.2904    0.9250
    0.3072   -0.9282    0.2101
    0.9196    0.2327   -0.3166
...   135 G-C ...
  -16.4569   53.8980    7.5292
    0.5336   -0.3334    0.7773
    0.0348   -0.9096   -0.4140
    0.8450    0.2479   -0.4738
...   136 T-A ...
  -14.1681   56.5698    6.1950
    0.5795   -0.7269    0.3684
   -0.3140   -0.6163   -0.7222
    0.7521    0.3028   -0.5854
...   137 G-C ...
  -11.6468   58.0147    4.7338
    0.2454   -0.9541   -0.1717
   -0.6318   -0.0231   -0.7748
    0.7352    0.2986   -0.6085
...   138 A-T ...
   -8.6698   58.7289    3.6172
   -0.0344   -0.7815   -0.6230
   -0.6534    0.4892   -0.5777
    0.7562    0.3872   -0.5274
...   139 G-C ...
   -6.3211   59.0880    1.6442
   -0.2967   -0.3277   -0.8970
   -0.5657    0.8170   -0.1114
    0.7694    0.4744   -0.4278
...   140 C-G ...
   -3.4296   60.2437    1.0437
   -0.4424    0.2288   -0.8671
   -0.1682    0.9286    0.3309
    0.8809    0.2922   -0.3723
...   141 G-C ...
   -0.6893   63.9063   -2.2354
   -0.9992    0.0156   -0.0375
   -0.0024    0.8991    0.4378
    0.0405    0.4375   -0.8983
...   142 C-G ...
   -0.9979   65.6137   -4.9247
   -0.8337    0.5217    0.1810
    0.5169    0.6220    0.5881
    0.1942    0.5839   -0.7882
...   143 T-A ...
   -0.1244   66.2250   -7.8040
   -0.3751    0.8568    0.3538
    0.8856    0.2185    0.4098
    0.2739    0.4670   -0.8407
...   144 C-G ...
   -0.1580   67.4197  -10.7920
    0.1799    0.8792    0.4411
    0.9276   -0.3009    0.2214
    0.3274    0.3694   -0.8697
...   145 A-T ...
    0.5353   69.2487  -13.4512
    0.7352    0.4961    0.4620
    0.6117   -0.7791   -0.1369
    0.2921    0.3832   -0.8763
...   146 C-G ...
    1.4421   72.1064  -15.5857
    0.9808    0.0622    0.1849
    0.1266   -0.9240   -0.3608
    0.1484    0.3773   -0.9141
...   147 A-T ...
    2.3151   74.2411  -18.3712
    0.8657   -0.4292   -0.2574
   -0.4984   -0.7868   -0.3642
   -0.0462    0.4436   -0.8950
