  147 base-pairs
...     1 A-T ...
    0.0000    0.0000    0.0000
    1.0000    0.0000    0.0000
    0.0000    1.0000    0.0000
    0.0000    0.0000    1.0000
...     2 G-C ...
   -0.1394   -1.2357    3.2268
    0.7529    0.6366    0.1670
   -0.6386    0.7680   -0.0486
   -0.1592   -0.0700    0.9848
...     3 T-A ...
   -0.0365   -3.2932    6.3751
    0.2722    0.9301    0.2466
   -0.9238    0.3243   -0.2033
   -0.2691   -0.1725    0.9475
...     4 G-C ...
   -0.3505   -4.1660    9.4928
   -0.3756    0.9250    0.0579
   -0.8781   -0.3352   -0.3415
   -0.2965   -0.1791    0.9381
...     5 A-T ...
   -0.4462   -4.1476   12.7498
   -0.8116    0.5840   -0.0165
   -0.5523   -0.7762   -0.3042
   -0.1905   -0.2378    0.9524
...     6 G-C ...
   -1.5908   -4.1730   15.6201
   -0.9976    0.0246   -0.0651
   -0.0043   -0.9555   -0.2950
   -0.0695   -0.2940    0.9533
...     7 C-G ...
   -1.1030   -4.4824   18.7362
   -0.8441   -0.5304   -0.0787
    0.5345   -0.8441   -0.0432
   -0.0435   -0.0785    0.9960
...     8 G-C ...
   -2.4028   -7.7290   23.1475
   -0.2754   -0.3293   -0.9032
    0.6650   -0.7437    0.0684
   -0.6942   -0.5818    0.4238
...     9 C-G ...
   -4.4690   -9.9728   24.1132
    0.1145   -0.7025   -0.7024
    0.8512   -0.2952    0.4340
   -0.5122   -0.6476    0.5642
...    10 T-A ...
   -6.7405  -10.8752   25.9697
    0.4841   -0.8363   -0.2574
    0.6595    0.1553    0.7355
   -0.5751   -0.5258    0.6267
...    11 C-G ...
   -9.1656  -12.6208   27.1640
    0.7073   -0.6682    0.2307
    0.3448    0.6110    0.7126
   -0.6171   -0.4245    0.6626
...    12 A-T ...
  -10.9234  -14.6633   29.0693
    0.7515   -0.1377    0.6452
   -0.2029    0.8824    0.4246
   -0.6277   -0.4500    0.6352
...    13 C-G ...
  -11.8476  -17.4863   31.2451
    0.4295    0.2823    0.8578
   -0.5708    0.8209    0.0156
   -0.6998   -0.4963    0.5137
...    14 A-T ...
  -13.5897  -19.7827   33.4259
   -0.1504    0.6104    0.7777
   -0.6874    0.5008   -0.5260
   -0.7106   -0.6136    0.3443
...    15 A-T ...
  -15.8112  -21.8596   34.5574
   -0.5256    0.7918    0.3112
   -0.4498    0.0518   -0.8916
   -0.7221   -0.6086    0.3289
...    16 T-A ...
  -17.9412  -23.8246   36.3283
   -0.7146    0.6643   -0.2193
   -0.0705   -0.3804   -0.9221
   -0.6960   -0.6435    0.3187
...    17 T-A ...
  -20.2252  -25.7614   37.6904
   -0.6372    0.2845   -0.7163
    0.3828   -0.6898   -0.6145
   -0.6689   -0.6658    0.3306
...    18 T-A ...
  -22.5134  -27.8099   38.7868
   -0.2798   -0.1471   -0.9487
    0.6778   -0.7301   -0.0867
   -0.6799   -0.6674    0.3040
...    19 A-T ...
  -24.5949  -30.3209   39.7774
    0.2309   -0.5573   -0.7976
    0.6935   -0.4806    0.5367
   -0.6824   -0.6771    0.2755
...    20 T-A ...
  -27.2456  -32.2934   40.1794
    0.5560   -0.7380   -0.3825
    0.4654   -0.1048    0.8789
   -0.6887   -0.6666    0.2852
...    21 T-A ...
  -29.5614  -34.5004   40.8272
    0.7034   -0.6734    0.2274
    0.0300    0.3477    0.9371
   -0.7101   -0.6524    0.2648
...    22 C-G ...
  -31.8557  -36.7055   41.7047
    0.5926   -0.3161    0.7409
   -0.4112    0.6722    0.6157
   -0.6926   -0.6695    0.2683
...    23 G-C ...
  -34.4099  -38.5264   42.9782
    0.3540    0.2094    0.9115
   -0.6920    0.7143    0.1046
   -0.6292   -0.6678    0.3978
...    24 C-G ...
  -36.1851  -40.9876   44.2582
   -0.0283    0.5935    0.8043
   -0.7697    0.5004   -0.3963
   -0.6377   -0.6303    0.4427
...    25 A-T ...
  -38.6622  -42.9895   45.2802
   -0.4331    0.8188    0.3769
   -0.5979    0.0520   -0.7999
   -0.6745   -0.5717    0.4670
...    26 A-T ...
  -40.8420  -44.8023   46.9290
   -0.6876    0.7066   -0.1672
   -0.2392   -0.4378   -0.8667
   -0.6856   -0.5559    0.4700
...    27 A-T ...
  -43.0120  -46.4322   48.7353
   -0.6997    0.3133   -0.6420
    0.2134   -0.7660   -0.6064
   -0.6818   -0.5613    0.4692
...    28 G-C ...
  -45.5569  -47.9116   50.4016
   -0.4308   -0.1214   -0.8943
    0.5401   -0.8285   -0.1477
   -0.7230   -0.5466    0.4225
...    29 G-C ...
  -48.3157  -49.6045   51.6023
    0.0108   -0.5519   -0.8339
    0.6685   -0.6162    0.4165
   -0.7436   -0.5619    0.3623
...    30 C-G ...
  -50.9469  -51.4397   52.3685
    0.4146   -0.7846   -0.4609
    0.5203   -0.2112    0.8275
   -0.7466   -0.5829    0.3207
...    31 C-G ...
  -53.6292  -53.3206   53.2219
    0.6738   -0.7350    0.0756
    0.1807    0.2631    0.9477
   -0.7165   -0.6249    0.3102
...    32 G-C ...
  -55.7711  -55.1556   54.5075
    0.7248   -0.4284    0.5395
   -0.2144    0.6040    0.7676
   -0.6547   -0.6721    0.3459
...    33 G-C ...
  -57.7077  -57.6556   55.7007
    0.5153    0.0336    0.8563
   -0.5906    0.7380    0.3265
   -0.6210   -0.6740    0.4002
...    34 C-G ...
  -59.5211  -60.1562   56.8732
    0.1305    0.4843    0.8651
   -0.7715    0.5976   -0.2182
   -0.6226   -0.6390    0.4517
...    35 C-G ...
  -61.3450  -62.3196   58.7776
   -0.2619    0.7939    0.5488
   -0.7184    0.2194   -0.6602
   -0.6445   -0.5672    0.5128
...    36 C-G ...
  -63.3971  -64.1089   60.7551
   -0.5757    0.8167    0.0385
   -0.4729   -0.2942   -0.8306
   -0.6671   -0.4964    0.5556
...    37 G-C ...
  -65.7799  -66.1989   61.9449
   -0.6812    0.5514   -0.4815
   -0.0817   -0.7109   -0.6986
   -0.7275   -0.4365    0.5293
...    38 A-T ...
  -68.1239  -67.5326   63.6551
   -0.5934    0.0197   -0.8047
    0.3347   -0.9031   -0.2689
   -0.7320   -0.4289    0.5293
...    39 C-G ...
  -70.8156  -68.4703   65.1529
   -0.3011   -0.4492   -0.8411
    0.5754   -0.7890    0.2154
   -0.7604   -0.4191    0.4961
...    40 A-T ...
  -73.4333  -70.0434   66.6246
    0.1383   -0.8215   -0.5531
    0.6255   -0.3605    0.6919
   -0.7678   -0.4417    0.4641
...    41 C-G ...
  -76.2065  -71.6526   67.6497
    0.4527   -0.8856   -0.1033
    0.4495    0.1266    0.8842
   -0.7700   -0.4468    0.4555
...    42 G-C ...
  -78.5811  -72.9086   69.5844
    0.6556   -0.6135    0.4403
    0.0931    0.6442    0.7591
   -0.7494   -0.4567    0.4795
...    43 A-T ...
  -81.0977  -74.2641   70.9554
    0.5873   -0.1099    0.8018
   -0.2834    0.9001    0.3310
   -0.7581   -0.4217    0.4975
...    44 C-G ...
  -83.3014  -76.2310   72.4286
    0.3900    0.4149    0.8221
   -0.5589    0.8161   -0.1468
   -0.7318   -0.4022    0.5501
...    45 T-A ...
  -85.4876  -77.9132   74.6903
    0.0692    0.8512    0.5203
   -0.6800    0.4218   -0.5997
   -0.7299   -0.3123    0.6080
...    46 T-A ...
  -87.7526  -78.8079   76.7154
   -0.2429    0.9664    0.0842
   -0.6258   -0.0898   -0.7748
   -0.7412   -0.2409    0.6266
...    47 A-T ...
  -90.1861  -79.1845   78.9146
   -0.4065    0.7940   -0.4520
   -0.4461   -0.6042   -0.6603
   -0.7973   -0.0668    0.5998
...    48 C-G ...
  -92.6246  -78.6983   81.0979
   -0.5415    0.3518   -0.7636
   -0.2009   -0.9361   -0.2889
   -0.8164   -0.0030    0.5775
...    49 T-A ...
  -95.3639  -78.1139   82.9682
   -0.5060   -0.1995   -0.8391
    0.0498   -0.9780    0.2024
   -0.8611    0.0606    0.5049
...    50 G-C ...
  -98.3450  -78.0955   84.5152
   -0.3228   -0.7449   -0.5838
    0.2946   -0.6653    0.6860
   -0.8994    0.0494    0.4342
...    51 T-A ...
 -101.4377  -77.8697   85.4108
   -0.1308   -0.9872   -0.0907
    0.4131   -0.1375    0.9002
   -0.9012    0.0803    0.4258
...    52 A-T ...
 -103.8520  -76.8739   87.9595
    0.0559   -0.7528    0.6559
    0.4441    0.6071    0.6589
   -0.8942    0.2544    0.3683
...    53 G-C ...
 -106.8246  -76.0061   89.0583
    0.3352   -0.3230    0.8851
    0.3748    0.9076    0.1892
   -0.8644    0.2683    0.4253
...    54 G-C ...
 -110.0193  -75.7285   90.6427
    0.5614    0.2241    0.7967
    0.1300    0.9268   -0.3523
   -0.8173    0.3013    0.4911
...    55 T-A ...
 -112.6168  -75.0572   92.4441
    0.5878    0.6607    0.4669
   -0.1679    0.6641   -0.7285
   -0.7914    0.3498    0.5013
...    56 A-T ...
 -115.0247  -73.9381   94.6736
    0.5071    0.8536   -0.1191
   -0.4985    0.1778   -0.8484
   -0.7031    0.4896    0.5157
...    57 T-A ...
 -116.8321  -72.2840   96.8566
    0.2038    0.7985   -0.5665
   -0.6960   -0.2888   -0.6574
   -0.6885    0.5283    0.4969
...    58 T-A ...
 -118.8768  -70.3803   98.5367
   -0.2177    0.4697   -0.8555
   -0.7127   -0.6754   -0.1895
   -0.6669    0.5685    0.4818
...    59 C-G ...
 -121.4085  -68.6025   99.5953
   -0.5775   -0.0404   -0.8154
   -0.5024   -0.7697    0.3939
   -0.6435    0.6371    0.4242
...    60 A-T ...
 -123.4613  -66.1925  100.8062
   -0.7064   -0.5068   -0.4942
   -0.1800   -0.5466    0.8178
   -0.6846    0.6666    0.2949
...    61 T-A ...
 -125.7283  -63.8321  101.2586
   -0.7016   -0.7124    0.0164
    0.2150   -0.1896    0.9580
   -0.6793    0.6757    0.2862
...    62 G-C ...
 -127.9799  -61.4282  102.0320
   -0.4224   -0.6444    0.6374
    0.6365    0.2898    0.7148
   -0.6453    0.7076    0.2877
...    63 T-A ...
 -130.5193  -59.1877  102.5852
   -0.0023   -0.3246    0.9458
    0.7933    0.5752    0.1993
   -0.6088    0.7508    0.2562
...    64 T-A ...
 -132.6357  -56.8606  103.2960
    0.4712    0.0910    0.8773
    0.6612    0.6218   -0.4197
   -0.5837    0.7778    0.2329
...    65 A-T ...
 -134.4279  -54.0232  103.8047
    0.8123    0.4174    0.4074
    0.2372    0.4016   -0.8845
   -0.5329    0.8151    0.2272
...    66 T-A ...
 -136.1068  -51.6023  105.1961
    0.8362    0.5346   -0.1225
   -0.2171    0.1175   -0.9691
   -0.5037    0.8369    0.2143
...    67 A-T ...
 -137.7312  -48.7329  105.6010
    0.6192    0.3876   -0.6829
   -0.6798   -0.1707   -0.7133
   -0.3930    0.9059    0.1578
...    68 A-T ...
 -138.6670  -45.7534  106.0485
    0.1584    0.1542   -0.9753
   -0.9311   -0.3053   -0.1995
   -0.3285    0.9397    0.0952
...    69 C-G ...
 -139.0610  -42.3624  106.0736
   -0.3882   -0.0613   -0.9195
   -0.8704   -0.3033    0.3878
   -0.3027    0.9509    0.0644
...    70 G-C ...
 -140.4139  -39.3384  106.1107
   -0.8484   -0.2307   -0.4764
   -0.4666   -0.0992    0.8789
   -0.2501    0.9679   -0.0235
...    71 G-C ...
 -141.5418  -36.2385  105.7714
   -0.9482   -0.3037    0.0928
    0.0645    0.1017    0.9927
   -0.3109    0.9473   -0.0768
...    72 A-T ...
 -142.6670  -33.1892  105.3983
   -0.7065   -0.1902    0.6817
    0.6318    0.2646    0.7286
   -0.3190    0.9454   -0.0668
...    73 C-G ...
 -144.1850  -30.2618  104.8618
   -0.2335   -0.0205    0.9721
    0.9196    0.3203    0.2276
   -0.3161    0.9471   -0.0559
...    74 T-A ...
 -145.5374  -27.1665  104.5309
    0.3540    0.0972    0.9302
    0.8989    0.2393   -0.3671
   -0.2583    0.9661   -0.0027
...    75 C-G ...
 -146.5816  -23.8745  104.3212
    0.8395    0.1815    0.5121
    0.5058    0.0832   -0.8586
   -0.1985    0.9799   -0.0220
...    76 G-C ...
 -146.8003  -20.5457  103.6706
    0.9981   -0.0579   -0.0191
   -0.0202   -0.0174   -0.9996
    0.0576    0.9982   -0.0186
...    77 A-T ...
 -146.7034  -17.2650  103.3658
    0.7904   -0.1595   -0.5915
   -0.5995   -0.0027   -0.8004
    0.1260    0.9872   -0.0977
...    78 G-C ...
 -145.8085  -14.0681  102.9569
    0.3286   -0.2401   -0.9134
   -0.9218    0.1291   -0.3655
    0.2057    0.9621   -0.1790
...    79 C-G ...
 -144.5391  -10.9873  102.1623
   -0.2856   -0.1576   -0.9453
   -0.9282    0.2909    0.2320
    0.2384    0.9437   -0.2294
...    80 T-A ...
 -143.6359   -7.9471  101.2132
   -0.7592    0.0216   -0.6504
   -0.5924    0.3910    0.7044
    0.2695    0.9201   -0.2841
...    81 C-G ...
 -143.1064   -4.7974  100.3808
   -0.9559    0.2848   -0.0713
    0.0351    0.3521    0.9353
    0.2915    0.8916   -0.3466
...    82 G-C ...
 -141.8299   -1.3481  100.4036
   -0.7296    0.4489    0.5160
    0.6244    0.1294    0.7703
    0.2790    0.8842   -0.3747
...    83 G-C ...
 -140.8341    1.5729   98.9108
   -0.2221    0.4042    0.8873
    0.9216   -0.2102    0.3264
    0.3185    0.8902   -0.3258
...    84 G-C ...
 -139.8859    4.5514   97.6770
    0.3076    0.1332    0.9422
    0.8832   -0.4084   -0.2306
    0.3541    0.9030   -0.2433
...    85 A-T ...
 -138.9112    7.6792   96.8925
    0.7744   -0.1715    0.6090
    0.5002   -0.4233   -0.7554
    0.3873    0.8896   -0.2421
...    86 T-A ...
 -137.7779   10.7628   96.6695
    0.9040   -0.4086    0.1260
    0.0133   -0.2676   -0.9634
    0.4274    0.8726   -0.2364
...    87 C-G ...
 -136.1761   13.6103   96.0703
    0.7055   -0.5366   -0.4629
   -0.5234    0.0458   -0.8508
    0.4778    0.8426   -0.2485
...    88 C-G ...
 -134.4617   16.3021   95.2756
    0.2426   -0.5367   -0.8081
   -0.8063    0.3517   -0.4756
    0.5395    0.7669   -0.3474
...    89 G-C ...
 -132.9725   18.9045   93.7363
   -0.3357   -0.3294   -0.8825
   -0.7598    0.6484    0.0470
    0.5567    0.6863   -0.4680
...    90 C-G ...
 -130.8564   20.8072   91.7187
   -0.7213    0.1103   -0.6838
   -0.3957    0.7446    0.5376
    0.5684    0.6583   -0.4935
...    91 T-A ...
 -129.1417   22.8509   89.4058
   -0.8050    0.5425   -0.2403
    0.1507    0.5787    0.8015
    0.5739    0.6089   -0.5476
...    92 T-A ...
 -127.3497   24.6496   87.3103
   -0.4971    0.8291    0.2561
    0.6101    0.1241    0.7825
    0.6170    0.5452   -0.5675
...    93 T-A ...
 -125.5076   26.3465   85.1441
    0.0121    0.7699    0.6380
    0.7691   -0.4149    0.4861
    0.6390    0.4848   -0.5972
...    94 A-T ...
 -122.7902   27.1505   83.1996
    0.5538    0.3469    0.7569
    0.5476   -0.8366   -0.0173
    0.6272    0.4241   -0.6532
...    95 A-T ...
 -120.8402   28.6422   81.1058
    0.7766   -0.2199    0.5904
    0.0902   -0.8887   -0.4496
    0.6235    0.4024   -0.6703
...    96 C-G ...
 -118.6850   30.4387   79.1814
    0.6854   -0.6889    0.2359
   -0.3755   -0.6119   -0.6961
    0.6239    0.3885   -0.6781
...    97 A-T ...
 -116.4786   31.5639   76.8414
    0.2575   -0.9490   -0.1819
   -0.7068   -0.0566   -0.7051
    0.6589    0.3102   -0.6853
...    98 C-G ...
 -113.7998   32.1716   74.8843
   -0.1921   -0.8342   -0.5169
   -0.7189    0.4782   -0.5045
    0.6681    0.2747   -0.6916
...    99 T-A ...
 -111.0885   32.6136   72.5553
   -0.6284   -0.3945   -0.6704
   -0.4409    0.8907   -0.1108
    0.6409    0.2260   -0.7336
...   100 T-A ...
 -108.9271   33.0148   70.1181
   -0.7412    0.2327   -0.6297
    0.0338    0.9498    0.3112
    0.6704    0.2093   -0.7118
...   101 T-A ...
 -106.7608   33.4430   67.6740
   -0.5541    0.7590   -0.3420
    0.4638    0.6226    0.6303
    0.6913    0.1906   -0.6970
...   102 A-T ...
 -104.0867   34.0901   65.4960
   -0.0155    0.9882    0.1522
    0.6997   -0.0980    0.7076
    0.7142    0.1175   -0.6900
...   103 T-A ...
 -102.3006   34.6886   62.8240
    0.3186    0.8062    0.4985
    0.6176   -0.5755    0.5360
    0.7190    0.1371   -0.6813
...   104 G-C ...
  -99.9524   35.4135   60.5873
    0.5623    0.2673    0.7826
    0.3153   -0.9441    0.0960
    0.7645    0.1927   -0.6151
...   105 C-G ...
  -97.3659   36.3975   58.7657
    0.6097   -0.3224    0.7241
   -0.0678   -0.9314   -0.3576
    0.7897    0.1690   -0.5898
...   106 T-A ...
  -94.4481   37.2437   57.0605
    0.4264   -0.8151    0.3922
   -0.3902   -0.5570   -0.7332
    0.8160    0.1596   -0.5555
...   107 T-A ...
  -91.6910   37.7321   55.4808
    0.0879   -0.9933   -0.0748
   -0.5451    0.0149   -0.8382
    0.8338    0.1144   -0.5401
...   108 C-G ...
  -88.7914   37.9055   53.7739
   -0.2933   -0.7793   -0.5539
   -0.4725    0.6218   -0.6246
    0.8311    0.0785   -0.5505
...   109 C-G ...
  -86.0500   37.9428   51.9146
   -0.5845   -0.3136   -0.7483
   -0.2129    0.9493   -0.2315
    0.7829    0.0240   -0.6216
...   110 G-C ...
  -83.7698   38.3501   49.7956
   -0.6783    0.2497   -0.6911
    0.1654    0.9682    0.1875
    0.7159    0.0129   -0.6980
...   111 G-C ...
  -81.6439   38.3561   47.1588
   -0.5020    0.7587   -0.4152
    0.5399    0.6499    0.5349
    0.6757    0.0444   -0.7359
...   112 C-G ...
  -79.8337   38.4113   44.3212
   -0.1280    0.9918   -0.0008
    0.7358    0.0955    0.6705
    0.6650    0.0852   -0.7419
...   113 T-A ...
  -77.7511   38.7171   41.7270
    0.2739    0.8734    0.4026
    0.6960   -0.4689    0.5438
    0.6637    0.1313   -0.7364
...   114 C-G ...
  -75.4195   39.0948   39.3468
    0.6298    0.3955    0.6685
    0.3965   -0.9038    0.1612
    0.6679    0.1635   -0.7261
...   115 G-C ...
  -73.0301   39.1062   36.9721
    0.6891   -0.2562    0.6779
   -0.0583   -0.9520   -0.3006
    0.7223    0.1676   -0.6709
...   116 T-A ...
  -70.2549   40.1094   35.3092
    0.5063   -0.7521    0.4219
   -0.4285   -0.6440   -0.6337
    0.7484    0.1401   -0.6483
...   117 A-T ...
  -67.4686   40.6107   33.3936
    0.1005   -0.9945   -0.0310
   -0.6287   -0.0393   -0.7766
    0.7711    0.0975   -0.6292
...   118 T-A ...
  -64.5316   40.7535   31.8875
   -0.2341   -0.8600   -0.4534
   -0.5856    0.4970   -0.6403
    0.7760    0.1156   -0.6200
...   119 A-T ...
  -61.9407   41.5200   29.6522
   -0.5210   -0.2525   -0.8154
   -0.2705    0.9549   -0.1229
    0.8096    0.1565   -0.5657
...   120 A-T ...
  -59.2503   41.6945   27.8147
   -0.5722    0.3609   -0.7365
    0.0813    0.9185    0.3869
    0.8161    0.1615   -0.5549
...   121 T-A ...
  -56.7153   41.6971   25.6143
   -0.4252    0.8033   -0.4171
    0.3699    0.5748    0.7300
    0.8261    0.1561   -0.5415
...   122 G-C ...
  -53.8693   42.2248   23.6550
   -0.1610    0.9716    0.1732
    0.5500   -0.0574    0.8332
    0.8195    0.2294   -0.5252
...   123 T-A ...
  -51.4495   43.0820   21.5588
    0.1370    0.7842    0.6052
    0.5392   -0.5716    0.6185
    0.8310    0.2416   -0.5011
...   124 G-C ...
  -48.6067   43.9404   19.8821
    0.3620    0.2538    0.8970
    0.3723   -0.9215    0.1106
    0.8546    0.2939   -0.4281
...   125 T-A ...
  -46.0377   45.3100   18.5617
    0.4539   -0.2983    0.8396
    0.1371   -0.9077   -0.3966
    0.8804    0.2952   -0.3711
...   126 C-G ...
  -43.1568   46.2124   17.5533
    0.4491   -0.7823    0.4316
   -0.1380   -0.5380   -0.8316
    0.8827    0.3140   -0.3496
...   127 G-C ...
  -40.2717   46.7877   15.8336
    0.1963   -0.9758   -0.0960
   -0.2989    0.0337   -0.9537
    0.9339    0.2159   -0.2850
...   128 A-T ...
  -37.2445   47.4499   14.9704
   -0.0136   -0.7488   -0.6626
   -0.3535    0.6235   -0.6973
    0.9353    0.2248   -0.2732
...   129 C-G ...
  -33.9448   47.5537   14.5087
   -0.2296   -0.2874   -0.9299
   -0.2816    0.9342   -0.2192
    0.9317    0.2115   -0.2955
...   130 C-G ...
  -30.7568   47.8955   13.3092
   -0.4129    0.2739   -0.8686
   -0.0794    0.9392    0.3339
    0.9073    0.2068   -0.3661
...   131 A-T ...
  -27.5868   49.2483   12.9439
   -0.3796    0.8106   -0.4460
    0.1735    0.5359    0.8263
    0.9087    0.2363   -0.3440
...   132 A-T ...
  -24.6316   49.9829   11.7032
   -0.2087    0.9684    0.1367
    0.3575   -0.0546    0.9323
    0.9103    0.2435   -0.3348
...   133 A-T ...
  -21.7973   50.8591   10.2854
    0.0675    0.7486    0.6596
    0.3953   -0.6271    0.6712
    0.9161    0.2154   -0.3383
...   134 T-A ...
  -19.0084   52.0403    8.9384
    0.2450    0.2904    0.9250
    0.3072   -0.9282    0.2101
    0.9196    0.2327   -0.3167
...   135 G-C ...
  -16.4570   53.8981    7.5291
    0.5336   -0.3334    0.7773
    0.0348   -0.9096   -0.4140
    0.8450    0.2479   -0.4738
...   136 T-A ...
  -14.1681   56.5699    6.1949
    0.5795   -0.7269    0.3684
   -0.3140   -0.6163   -0.7222
    0.7521    0.3028   -0.5854
...   137 G-C ...
  -11.6469   58.0147    4.7337
    0.2454   -0.9541   -0.1717
   -0.6318   -0.0231   -0.7748
    0.7352    0.2986   -0.6085
...   138 A-T ...
   -8.6698   58.7290    3.6170
   -0.0344   -0.7815   -0.6230
   -0.6534    0.4892   -0.5777
    0.7562    0.3872   -0.5274
...   139 G-C ...
   -6.3212   59.0880    1.6441
   -0.2967   -0.3277   -0.8970
   -0.5657    0.8170   -0.1114
    0.7694    0.4744   -0.4278
...   140 C-G ...
   -3.4297   60.2438    1.0435
   -0.4424    0.2288   -0.8671
   -0.1682    0.9286    0.3309
    0.8809    0.2922   -0.3723
...   141 G-C ...
   -0.6894   63.9064   -2.2356
   -0.9992    0.0156   -0.0375
   -0.0024    0.8991    0.4378
    0.0405    0.4375   -0.8983
...   142 C-G ...
   -0.9980   65.6138   -4.9249
   -0.8337    0.5217    0.1810
    0.5169    0.6220    0.5881
    0.1942    0.5839   -0.7882
...   143 T-A ...
   -0.1245   66.2251   -7.8041
   -0.3751    0.8568    0.3538
    0.8856    0.2185    0.4098
    0.2739    0.4670   -0.8408
...   144 C-G ...
   -0.1581   67.4198  -10.7921
    0.1799    0.8792    0.4411
    0.9276   -0.3009    0.2214
    0.3274    0.3694   -0.8697
...   145 A-T ...
    0.5352   69.2488  -13.4513
    0.7352    0.4961    0.4620
    0.6117   -0.7791   -0.1369
    0.2921    0.3832   -0.8763
...   146 C-G ...
    1.4420   72.1065  -15.5858
    0.9808    0.0622    0.1849
    0.1266   -0.9240   -0.3608
    0.1484    0.3773   -0.9141
...   147 A-T ...
    2.3149   74.2411  -18.3714
    0.8657   -0.4292   -0.2574
   -0.4984   -0.7868   -0.3642
   -0.0462    0.4436   -0.8950
