  147 base-pairs
...     1 A-T ...
    0.0000    0.0000    0.0000
    1.0000    0.0000    0.0000
    0.0000    1.0000    0.0000
    0.0000    0.0000    1.0000
...     2 G-C ...
   -0.1394   -1.2357    3.2268
    0.7529    0.6366    0.1670
   -0.6386    0.7680   -0.0486
   -0.1592   -0.0700    0.9848
...     3 T-A ...
   -0.0365   -3.2932    6.3751
    0.2722    0.9301    0.2466
   -0.9238    0.3243   -0.2033
   -0.2691   -0.1725    0.9475
...     4 G-C ...
   -0.3505   -4.1660    9.4928
   -0.3756    0.9250    0.0579
   -0.8781   -0.3352   -0.3415
   -0.2965   -0.1791    0.9381
...     5 A-T ...
   -0.4462   -4.1476   12.7498
   -0.8116    0.5840   -0.0165
   -0.5523   -0.7762   -0.3042
   -0.1905   -0.2378    0.9524
...     6 G-C ...
   -1.5908   -4.1730   15.6201
   -0.9976    0.0246   -0.0651
   -0.0043   -0.9555   -0.2950
   -0.0695   -0.2940    0.9533
...     7 C-G ...
   -1.1030   -4.4824   18.7362
   -0.8441   -0.5304   -0.0787
    0.5345   -0.8441   -0.0432
   -0.0435   -0.0785    0.9960
...     8 G-C ...
   -2.4028   -7.7290   23.1475
   -0.2754   -0.3293   -0.9032
    0.6650   -0.7437    0.0684
   -0.6942   -0.5818    0.4238
...     9 C-G ...
   -4.4690   -9.9728   24.1132
    0.1145   -0.7025   -0.7024
    0.8512   -0.2952    0.4340
   -0.5122   -0.6476    0.5642
...    10 T-A ...
   -6.7405  -10.8752   25.9697
    0.4841   -0.8363   -0.2574
    0.6595    0.1553    0.7355
   -0.5751   -0.5258    0.6267
...    11 C-G ...
   -9.1656  -12.6208   27.1640
    0.7073   -0.6682    0.2307
    0.3448    0.6110    0.7126
   -0.6171   -0.4245    0.6626
...    12 A-T ...
  -10.9234  -14.6633   29.0693
    0.7515   -0.1377    0.6452
   -0.2029    0.8824    0.4246
   -0.6277   -0.4500    0.6352
...    13 C-G ...
  -11.8476  -17.4863   31.2451
    0.4295    0.2823    0.8578
   -0.5708    0.8209    0.0156
   -0.6998   -0.4963    0.5137
...    14 A-T ...
  -13.5897  -19.7827   33.4259
   -0.1504    0.6104    0.7777
   -0.6874    0.5008   -0.5260
   -0.7106   -0.6136    0.3443
...    15 A-T ...
  -15.8353  -21.8187   34.6061
   -0.5394    0.7876    0.2980
   -0.4489    0.0305   -0.8931
   -0.7124   -0.6155    0.3371
...    16 T-A ...
  -17.9441  -23.7945   36.4048
   -0.7300    0.6404   -0.2387
   -0.0563   -0.4043   -0.9129
   -0.6811   -0.6530    0.3312
...    17 T-A ...
  -20.1720  -25.7601   37.8071
   -0.6441    0.2376   -0.7271
    0.4098   -0.6955   -0.5903
   -0.6459   -0.6781    0.3506
...    18 T-A ...
  -22.3971  -27.8518   39.0254
   -0.2754   -0.2251   -0.9346
    0.7168   -0.6959   -0.0436
   -0.6406   -0.6820    0.3530
...    19 A-T ...
  -24.2880  -30.4520   40.3729
    0.2750   -0.6636   -0.6957
    0.7181   -0.3394    0.6076
   -0.6393   -0.6667    0.3832
...    20 T-A ...
  -26.8101  -32.5041   41.1260
    0.6102   -0.7557   -0.2379
    0.4570    0.0905    0.8849
   -0.6472   -0.6487    0.4006
...    21 T-A ...
  -28.9804  -34.6875   42.1897
    0.7402   -0.5631    0.3674
   -0.0192    0.5286    0.8487
   -0.6721   -0.6352    0.3805
...    22 C-G ...
  -31.1682  -36.8039   43.4925
    0.5867   -0.1065    0.8027
   -0.4794    0.7532    0.4503
   -0.6526   -0.6491    0.3909
...    23 G-C ...
  -33.6590  -38.5151   45.0725
    0.3088    0.4349    0.8459
   -0.7458    0.6626   -0.0684
   -0.5902   -0.6098    0.5289
...    24 C-G ...
  -35.2846  -40.7657   46.8607
   -0.1015    0.7557    0.6469
   -0.7926    0.3316   -0.5117
   -0.6012   -0.5647    0.5653
...    25 A-T ...
  -37.7344  -42.6456   48.2531
   -0.5293    0.8340    0.1557
   -0.5634   -0.2084   -0.7995
   -0.6343   -0.5109    0.5802
...    26 A-T ...
  -39.8221  -44.2209   50.2420
   -0.7540    0.5500   -0.3593
   -0.1426   -0.6709   -0.7277
   -0.6413   -0.4974    0.5843
...    27 A-T ...
  -41.8784  -45.6223   52.3649
   -0.6993    0.0287   -0.7142
    0.3441   -0.8623   -0.3715
   -0.6265   -0.5056    0.5932
...    28 G-C ...
  -44.2826  -46.9775   54.3499
   -0.3595   -0.4378   -0.8241
    0.6640   -0.7405    0.1038
   -0.6556   -0.5099    0.5569
...    29 G-C ...
  -46.7625  -48.6777   56.0595
    0.1441   -0.7772   -0.6126
    0.7335   -0.3316    0.5933
   -0.6642   -0.5348    0.5223
...    30 C-G ...
  -49.1229  -50.5183   57.4741
    0.5647   -0.8085   -0.1657
    0.5006    0.1760    0.8476
   -0.6561   -0.5616    0.5041
...    31 C-G ...
  -51.5340  -52.3739   58.9894
    0.7826   -0.5291    0.3279
    0.0819    0.6097    0.7884
   -0.6171   -0.5901    0.5206
...    32 G-C ...
  -53.5154  -53.9179   60.8728
    0.7577   -0.0528    0.6505
   -0.3582    0.7995    0.4822
   -0.5455   -0.5983    0.5869
...    33 G-C ...
  -55.1413  -56.0358   62.9234
    0.4549    0.4656    0.7591
   -0.7275    0.6859    0.0154
   -0.5135   -0.5593    0.6507
...    34 C-G ...
  -56.5439  -58.1288   65.0732
   -0.0082    0.8128    0.5825
   -0.8545    0.2969   -0.4262
   -0.5194   -0.5012    0.6921
...    35 C-G ...
  -58.0857  -59.5416   67.7761
   -0.4396    0.8828    0.1652
   -0.7117   -0.2302   -0.6638
   -0.5480   -0.4094    0.7295
...    36 C-G ...
  -59.9446  -60.6158   70.3805
   -0.7376    0.6028   -0.3043
   -0.3572   -0.7307   -0.5818
   -0.5731   -0.3204    0.7543
...    37 G-C ...
  -61.9669  -62.4902   72.4625
   -0.7696    0.0836   -0.6330
    0.1207   -0.9545   -0.2729
   -0.6270   -0.2864    0.7245
...    38 A-T ...
  -64.0547  -63.3503   74.7571
   -0.5432   -0.5183   -0.6605
    0.5552   -0.8119    0.1804
   -0.6298   -0.2688    0.7288
...    39 C-G ...
  -66.5160  -64.0005   76.7670
   -0.1441   -0.8731   -0.4657
    0.7450   -0.4055    0.5296
   -0.6513   -0.2707    0.7089
...    40 A-T ...
  -68.6848  -65.1132   79.1517
    0.3693   -0.9289   -0.0289
    0.6705    0.2447    0.7004
   -0.6435   -0.2780    0.7132
...    41 C-G ...
  -71.0006  -66.4415   81.2146
    0.6772   -0.6455    0.3531
    0.3637    0.7109    0.6020
   -0.6396   -0.2792    0.7162
...    42 G-C ...
  -73.0802  -66.8062   83.7874
    0.7868   -0.0548    0.6147
   -0.1091    0.9680    0.2258
   -0.6074   -0.2448    0.7557
...    43 A-T ...
  -75.1942  -67.6245   86.0122
    0.5751    0.5382    0.6162
   -0.5312    0.8184   -0.2191
   -0.6222   -0.2013    0.7565
...    44 C-G ...
  -76.8213  -68.7812   88.6267
    0.2417    0.9102    0.3365
   -0.7676    0.3914   -0.5075
   -0.5936   -0.1356    0.7932
...    45 T-A ...
  -78.5068  -69.1470   91.7307
   -0.1908    0.9717   -0.1393
   -0.7701   -0.2361   -0.5926
   -0.6087   -0.0058    0.7934
...    46 T-A ...
  -80.5028  -69.0169   94.1833
   -0.5307    0.6848   -0.4995
   -0.5591   -0.7257   -0.4010
   -0.6370    0.0665    0.7680
...    47 A-T ...
  -82.8716  -68.7591   96.5324
   -0.7058    0.0883   -0.7029
   -0.1566   -0.9871    0.0332
   -0.6909    0.1335    0.7105
...    48 C-G ...
  -85.3674  -67.6423   98.5066
   -0.6648   -0.4710   -0.5798
    0.2221   -0.8657    0.4485
   -0.7132    0.1694    0.6802
...    49 T-A ...
  -88.0504  -66.7939  100.4152
   -0.3928   -0.8786   -0.2715
    0.5069   -0.4532    0.7333
   -0.7673    0.1504    0.6234
...    50 G-C ...
  -90.5079  -66.4241  102.6401
    0.0221   -0.9750    0.2211
    0.6335    0.1847    0.7514
   -0.7734    0.1234    0.6218
...    51 T-A ...
  -93.2603  -66.3701  104.3535
    0.3543   -0.6907    0.6304
    0.5125    0.7073    0.4869
   -0.7822    0.1506    0.6046
...    52 A-T ...
  -95.6167  -64.4548  106.3940
    0.5191    0.0590    0.8527
    0.1625    0.9726   -0.1662
   -0.8391    0.2249    0.4953
...    53 G-C ...
  -98.5086  -63.6985  107.8216
    0.6027    0.5621    0.5664
   -0.1251    0.7676   -0.6286
   -0.7881    0.3080    0.5330
...    54 G-C ...
 -101.0126  -62.8313  110.1613
    0.5037    0.8635    0.0234
   -0.4613    0.2918   -0.8379
   -0.7304    0.4113    0.5453
...    55 T-A ...
 -103.0684  -61.4479  112.2190
    0.2285    0.8580   -0.4601
   -0.6603   -0.2107   -0.7209
   -0.7154    0.4685    0.5183
...    56 A-T ...
 -105.1271  -59.3924  114.0930
   -0.0990    0.4891   -0.8666
   -0.7077   -0.6468   -0.2842
   -0.6995    0.5852    0.4102
...    57 T-A ...
 -106.9166  -57.0080  115.3843
   -0.4352    0.0415   -0.8994
   -0.5672   -0.7884    0.2381
   -0.6992    0.6137    0.3666
...    58 C-G ...
 -109.3470  -54.7512  116.3753
   -0.6764   -0.5035   -0.5375
   -0.1771   -0.5972    0.7823
   -0.7149    0.6244    0.3148
...    59 T-A ...
 -111.9234  -52.7060  117.0422
   -0.6367   -0.7711    0.0038
    0.2122   -0.1705    0.9623
   -0.7413    0.6135    0.2721
...    60 C-G ...
 -114.3487  -50.7592  118.2451
   -0.3791   -0.6724    0.6357
    0.5496    0.3891    0.7393
   -0.7445    0.6297    0.2220
...    61 G-C ...
 -116.2421  -48.1797  119.3131
    0.0310   -0.2797    0.9596
    0.6832    0.7067    0.1839
   -0.7296    0.6499    0.2130
...    62 A-T ...
 -118.3560  -45.6470  119.5968
    0.4721    0.2260    0.8521
    0.5570    0.6727   -0.4871
   -0.6833    0.7046    0.1917
...    63 G-C ...
 -120.6245  -43.2975  120.1660
    0.7328    0.5391    0.4151
    0.2235    0.3855   -0.8952
   -0.6427    0.7488    0.1620
...    64 C-G ...
 -122.8459  -40.8726  121.1533
    0.7568    0.6199   -0.2073
   -0.2467   -0.0229   -0.9688
   -0.6054    0.7843    0.1356
...    65 T-A ...
 -124.7198  -38.1684  121.7674
    0.5614    0.4190   -0.7136
   -0.6296   -0.3434   -0.6969
   -0.5370    0.8406    0.0710
...    66 C-G ...
 -126.4689  -35.3584  121.6890
    0.1096    0.0794   -0.9908
   -0.8768   -0.4617   -0.1341
   -0.4681    0.8835    0.0190
...    67 G-C ...
 -128.7594  -32.8110  121.2371
   -0.3838   -0.2690   -0.8834
   -0.8210   -0.3384    0.4597
   -0.4226    0.9017   -0.0910
...    68 G-C ...
 -130.1204  -29.7642  120.3719
   -0.7700   -0.4642   -0.4378
   -0.4636   -0.0644    0.8837
   -0.4384    0.8834   -0.1656
...    69 G-C ...
 -131.8692  -27.0269  119.4094
   -0.8650   -0.4735    0.1662
    0.0303    0.2815    0.9591
   -0.5009    0.8346   -0.2291
...    70 A-T ...
 -133.5859  -24.2998  118.2720
   -0.6710   -0.1406    0.7280
    0.5756    0.5202    0.6310
   -0.4674    0.8424   -0.2681
...    71 T-A ...
 -135.5430  -21.8708  117.1228
   -0.2524    0.1783    0.9511
    0.8516    0.5077    0.1308
   -0.4595    0.8429   -0.2800
...    72 C-G ...
 -137.3497  -19.1399  116.1705
    0.3340    0.4878    0.8065
    0.8326    0.2484   -0.4950
   -0.4418    0.8369   -0.3232
...    73 C-G ...
 -138.9416  -16.5336  114.8638
    0.7872    0.4360    0.4362
    0.5196   -0.0880   -0.8498
   -0.3321    0.8956   -0.2958
...    74 G-C ...
 -139.7733  -13.6085  113.4108
    0.9781    0.1822   -0.1003
   -0.0364   -0.3247   -0.9451
   -0.2048    0.9281   -0.3110
...    75 C-G ...
 -140.3675  -10.2567  112.7777
    0.7821   -0.0772   -0.6184
   -0.5958   -0.3836   -0.7056
   -0.1828    0.9203   -0.3460
...    76 T-A ...
 -140.5011   -6.9702  111.6366
    0.2967   -0.3392   -0.8927
   -0.9465   -0.2285   -0.2278
   -0.1267    0.9125   -0.3889
...    77 T-A ...
 -140.5824   -4.0107  110.2605
   -0.3210   -0.4135   -0.8521
   -0.9408    0.0362    0.3369
   -0.1085    0.9098   -0.4006
...    78 T-A ...
 -140.8038   -1.1090  108.7763
   -0.8098   -0.3208   -0.4913
   -0.5773    0.2861    0.7648
   -0.1048    0.9029   -0.4168
...    79 A-T ...
 -141.4073    2.1343  107.9991
   -0.9968   -0.0033    0.0805
    0.0711    0.4323    0.8989
   -0.0377    0.9017   -0.4306
...    80 A-T ...
 -141.5577    4.9548  106.3832
   -0.7442    0.3216    0.5855
    0.6677    0.3312    0.6667
    0.0204    0.8871   -0.4612
...    81 C-G ...
 -142.1220    7.7754  104.3294
   -0.2281    0.4855    0.8440
    0.9727    0.0761    0.2191
    0.0421    0.8709   -0.4896
...    82 T-A ...
 -142.3698   10.6606  102.5543
    0.3640    0.3925    0.8447
    0.9282   -0.2283   -0.2939
    0.0775    0.8910   -0.4474
...    83 C-G ...
 -142.0101   13.5487  101.0385
    0.8310    0.1553    0.5341
    0.5417   -0.4439   -0.7137
    0.1263    0.8825   -0.4531
...    84 A-T ...
 -141.6927   16.2122   98.9046
    0.9669   -0.2466    0.0651
   -0.0591   -0.4650   -0.8833
    0.2480    0.8503   -0.4642
...    85 T-A ...
 -140.6406   19.0879   97.7914
    0.7813   -0.5095   -0.3605
   -0.5409   -0.2646   -0.7983
    0.3114    0.8188   -0.4824
...    86 G-C ...
 -139.3320   21.8001   95.9881
    0.2519   -0.6780   -0.6905
   -0.8866    0.1242   -0.4455
    0.3878    0.7244   -0.5699
...    87 T-A ...
 -137.4327   23.8943   94.1618
   -0.2778   -0.5221   -0.8064
   -0.8713    0.4904   -0.0174
    0.4045    0.6978   -0.5912
...    88 T-A ...
 -136.0038   25.9294   92.1575
   -0.7300   -0.1612   -0.6641
   -0.5459    0.7221    0.4248
    0.4111    0.6727   -0.6152
...    89 A-T ...
 -134.6682   28.3823   90.1330
   -0.8949    0.3783   -0.2366
    0.0792    0.6566    0.7501
    0.4391    0.6525   -0.6176
...    90 T-A ...
 -133.4400   30.0554   87.5746
   -0.7064    0.6880    0.1662
    0.5353    0.3657    0.7614
    0.4631    0.6268   -0.6266
...    91 A-T ...
 -131.4700   32.0897   85.5222
   -0.0953    0.8018    0.5900
    0.8615   -0.2305    0.4524
    0.4988    0.5514   -0.6688
...    92 A-T ...
 -130.0137   33.8699   83.2479
    0.4521    0.5283    0.7187
    0.7325   -0.6796    0.0389
    0.5090    0.5089   -0.6943
...    93 C-G ...
 -128.7347   36.0343   80.9170
    0.7881    0.0537    0.6132
    0.3369   -0.8714   -0.3567
    0.5152    0.4877   -0.7048
...    94 G-C ...
 -126.8393   37.2592   78.5427
    0.7716   -0.5121    0.3772
   -0.1784   -0.7435   -0.6445
    0.6105    0.4300   -0.6651
...    95 G-C ...
 -124.5413   38.5005   76.5491
    0.4818   -0.8748    0.0503
   -0.5350   -0.3392   -0.7738
    0.6940    0.3459   -0.6314
...    96 A-T ...
 -122.0653   39.5607   74.6065
    0.0277   -0.9301   -0.3662
   -0.6981    0.2442   -0.6731
    0.7155    0.2743   -0.6425
...    97 A-T ...
 -119.6405   40.3172   72.5818
   -0.3938   -0.6247   -0.6743
   -0.5739    0.7401   -0.3505
    0.7180    0.2489   -0.6500
...    98 C-G ...
 -116.8561   40.3970   70.5095
   -0.6492   -0.1133   -0.7521
   -0.2517    0.9651    0.0718
    0.7178    0.2359   -0.6551
...    99 T-A ...
 -114.3651   40.5586   67.8826
   -0.6987    0.4581   -0.5495
    0.1866    0.8582    0.4782
    0.6906    0.2315   -0.6851
...   100 T-A ...
 -112.2512   41.0290   65.4234
   -0.4158    0.8889   -0.1924
    0.5665    0.4186    0.7098
    0.7115    0.1862   -0.6776
...   101 T-A ...
 -110.1107   41.4886   62.9762
    0.0205    0.9722    0.2331
    0.6928   -0.1819    0.6978
    0.7208    0.1472   -0.6773
...   102 A-T ...
 -107.4325   41.7391   60.8226
    0.4910    0.6170    0.6150
    0.4904   -0.7792    0.3902
    0.7200    0.1100   -0.6852
...   103 T-A ...
 -105.3797   42.7411   58.5032
    0.6416    0.1604    0.7501
    0.1923   -0.9803    0.0451
    0.7425    0.1153   -0.6598
...   104 G-C ...
 -102.7963   43.3328   56.4882
    0.5495   -0.4799    0.6839
   -0.2112   -0.8718   -0.4421
    0.8084    0.0985   -0.5804
...   105 C-G ...
  -99.8937   43.7143   55.0036
    0.2954   -0.8847    0.3606
   -0.4838   -0.4640   -0.7421
    0.8238    0.0448   -0.5651
...   106 T-A ...
  -96.7638   43.7037   53.4967
   -0.0618   -0.9915   -0.1142
   -0.5294    0.1296   -0.8384
    0.8461    0.0087   -0.5329
...   107 T-A ...
  -93.9538   43.5345   51.9549
   -0.3883   -0.7453   -0.5420
   -0.3789    0.6653   -0.6433
    0.8400   -0.0444   -0.5407
...   108 C-G ...
  -91.1744   43.0889   50.1395
   -0.5626   -0.2038   -0.8012
   -0.0592    0.9766   -0.2068
    0.8246   -0.0689   -0.5615
...   109 C-G ...
  -88.5456   42.6624   48.1810
   -0.5834    0.3553   -0.7304
    0.2680    0.9331    0.2398
    0.7667   -0.0559   -0.6395
...   110 G-C ...
  -86.1378   42.8160   46.2460
   -0.4267    0.7935   -0.4340
    0.5541    0.6086    0.5680
    0.7148    0.0018   -0.6993
...   111 G-C ...
  -84.0106   43.0204   43.6345
   -0.0853    0.9963    0.0045
    0.7121    0.0578    0.6997
    0.6968    0.0628   -0.7145
...   112 C-G ...
  -82.1023   43.4655   40.9068
    0.2973    0.8545    0.4260
    0.6402   -0.5094    0.5750
    0.7083    0.1018   -0.6985
...   113 T-A ...
  -79.8887   43.9611   38.4769
    0.5570    0.4432    0.7023
    0.3936   -0.8856    0.2466
    0.7313    0.1391   -0.6678
...   114 C-G ...
  -77.3525   44.3303   36.3716
    0.6562   -0.1720    0.7347
    0.0138   -0.9708   -0.2396
    0.7544    0.1674   -0.6347
...   115 G-C ...
  -74.8638   44.3579   34.1331
    0.4762   -0.7254    0.4970
   -0.3545   -0.6756   -0.6464
    0.8047    0.1316   -0.5789
...   116 T-A ...
  -71.8234   44.7937   32.8521
    0.1747   -0.9802    0.0938
   -0.5446   -0.1755   -0.8201
    0.8203    0.0922   -0.5644
...   117 A-T ...
  -68.7775   44.8921   31.3061
   -0.2241   -0.8969   -0.3812
   -0.5151    0.4411   -0.7349
    0.8273    0.0317   -0.5609
...   118 T-A ...
  -65.8153   44.5156   29.9485
   -0.4394   -0.5409   -0.7172
   -0.3276    0.8399   -0.4327
    0.8364    0.0448   -0.5463
...   119 A-T ...
  -62.9479   44.9159   28.0870
   -0.5193    0.1421   -0.8427
    0.0335    0.9887    0.1461
    0.8539    0.0476   -0.5182
...   120 A-T ...
  -60.2380   44.7457   26.2919
   -0.4087    0.6839   -0.6043
    0.3181    0.7274    0.6081
    0.8555    0.0563   -0.5148
...   121 T-A ...
  -57.7064   44.5737   24.1124
   -0.1764    0.9648   -0.1950
    0.4786    0.2572    0.8396
    0.8602    0.0548   -0.5071
...   122 G-C ...
  -54.7954   44.8492   22.2111
    0.0611    0.9171    0.3938
    0.4914   -0.3711    0.7879
    0.8688    0.1454   -0.4734
...   123 T-A ...
  -52.1916   45.6248   20.3799
    0.2750    0.5940    0.7560
    0.3882   -0.7880    0.4779
    0.8796    0.1621   -0.4473
...   124 G-C ...
  -49.2028   46.2776   18.9728
    0.3637    0.0086    0.9315
    0.1916   -0.9793   -0.0658
    0.9116    0.2024   -0.3578
...   125 T-A ...
  -46.3748   47.3841   17.9690
    0.3593   -0.5170    0.7769
   -0.0053   -0.8336   -0.5523
    0.9332    0.1943   -0.3022
...   126 C-G ...
  -43.3514   47.9147   17.1993
    0.2947   -0.9075    0.2994
   -0.1856   -0.3616   -0.9137
    0.9374    0.2137   -0.2750
...   127 G-C ...
  -40.3660   48.2840   15.7341
    0.0574   -0.9715   -0.2301
   -0.2503    0.2092   -0.9453
    0.9665    0.1119   -0.2311
...   128 A-T ...
  -37.2647   48.6381   15.0586
   -0.0921   -0.6510   -0.7534
   -0.2403    0.7488   -0.6177
    0.9663    0.1241   -0.2254
...   129 C-G ...
  -33.9738   48.3470   14.6542
   -0.2343   -0.1472   -0.9609
   -0.1520    0.9819   -0.1134
    0.9602    0.1195   -0.2525
...   130 C-G ...
  -30.7542   48.3328   13.5128
   -0.3614    0.3965   -0.8439
    0.0187    0.9080    0.4185
    0.9322    0.1354   -0.3356
...   131 A-T ...
  -27.5621   49.3348   13.0025
   -0.3468    0.8444   -0.4083
    0.2077    0.4937    0.8445
    0.9147    0.2081   -0.3466
...   132 A-T ...
  -24.6112   49.9911   11.7348
   -0.1872    0.9693    0.1593
    0.3669   -0.0815    0.9267
    0.9112    0.2319   -0.3404
...   133 A-T ...
  -21.7807   50.8540   10.2953
    0.0813    0.7383    0.6695
    0.3930   -0.6411    0.6592
    0.9159    0.2095   -0.3423
...   134 T-A ...
  -19.0084   52.0403    8.9384
    0.2450    0.2904    0.9250
    0.3072   -0.9282    0.2101
    0.9196    0.2327   -0.3167
...   135 G-C ...
  -16.4570   53.8981    7.5290
    0.5336   -0.3334    0.7773
    0.0348   -0.9096   -0.4140
    0.8450    0.2479   -0.4738
...   136 T-A ...
  -14.1681   56.5699    6.1949
    0.5795   -0.7269    0.3684
   -0.3140   -0.6163   -0.7222
    0.7521    0.3028   -0.5854
...   137 G-C ...
  -11.6469   58.0147    4.7336
    0.2454   -0.9541   -0.1717
   -0.6318   -0.0231   -0.7748
    0.7352    0.2986   -0.6085
...   138 A-T ...
   -8.6699   58.7290    3.6170
   -0.0344   -0.7815   -0.6230
   -0.6534    0.4892   -0.5777
    0.7562    0.3872   -0.5274
...   139 G-C ...
   -6.3212   59.0880    1.6440
   -0.2967   -0.3277   -0.8970
   -0.5657    0.8170   -0.1114
    0.7694    0.4744   -0.4278
...   140 C-G ...
   -3.4297   60.2438    1.0435
   -0.4424    0.2288   -0.8671
   -0.1682    0.9286    0.3309
    0.8809    0.2922   -0.3723
...   141 G-C ...
   -0.6894   63.9064   -2.2356
   -0.9992    0.0156   -0.0375
   -0.0024    0.8991    0.4378
    0.0405    0.4375   -0.8983
...   142 C-G ...
   -0.9980   65.6138   -4.9249
   -0.8337    0.5217    0.1810
    0.5169    0.6220    0.5881
    0.1942    0.5839   -0.7882
...   143 T-A ...
   -0.1245   66.2251   -7.8041
   -0.3751    0.8568    0.3538
    0.8856    0.2185    0.4098
    0.2739    0.4670   -0.8408
...   144 C-G ...
   -0.1581   67.4198  -10.7921
    0.1799    0.8792    0.4411
    0.9276   -0.3009    0.2214
    0.3274    0.3694   -0.8697
...   145 A-T ...
    0.5352   69.2488  -13.4513
    0.7352    0.4961    0.4620
    0.6117   -0.7791   -0.1369
    0.2921    0.3832   -0.8763
...   146 C-G ...
    1.4420   72.1065  -15.5858
    0.9808    0.0622    0.1849
    0.1266   -0.9240   -0.3608
    0.1484    0.3773   -0.9141
...   147 A-T ...
    2.3149   74.2411  -18.3714
    0.8657   -0.4292   -0.2574
   -0.4984   -0.7868   -0.3642
   -0.0462    0.4436   -0.8950
