  147 base-pairs
...     1 A-T ...
    0.0000    0.0000    0.0000
    1.0000    0.0000    0.0000
    0.0000    1.0000    0.0000
    0.0000    0.0000    1.0000
...     2 G-C ...
   -0.1394   -1.2357    3.2268
    0.7529    0.6366    0.1670
   -0.6386    0.7680   -0.0486
   -0.1592   -0.0700    0.9848
...     3 T-A ...
   -0.0365   -3.2932    6.3751
    0.2722    0.9301    0.2466
   -0.9238    0.3243   -0.2033
   -0.2691   -0.1725    0.9475
...     4 G-C ...
   -0.3505   -4.1660    9.4928
   -0.3756    0.9250    0.0579
   -0.8781   -0.3352   -0.3415
   -0.2965   -0.1791    0.9381
...     5 A-T ...
   -0.4462   -4.1476   12.7498
   -0.8116    0.5840   -0.0165
   -0.5523   -0.7762   -0.3042
   -0.1905   -0.2378    0.9524
...     6 G-C ...
   -1.5908   -4.1730   15.6201
   -0.9976    0.0246   -0.0651
   -0.0043   -0.9555   -0.2950
   -0.0695   -0.2940    0.9533
...     7 C-G ...
   -1.1030   -4.4824   18.7362
   -0.8441   -0.5304   -0.0787
    0.5345   -0.8441   -0.0432
   -0.0435   -0.0785    0.9960
...     8 G-C ...
   -2.4028   -7.7290   23.1475
   -0.2754   -0.3293   -0.9032
    0.6650   -0.7437    0.0684
   -0.6942   -0.5818    0.4238
...     9 C-G ...
   -4.4690   -9.9728   24.1132
    0.1145   -0.7025   -0.7024
    0.8512   -0.2952    0.4340
   -0.5122   -0.6476    0.5642
...    10 T-A ...
   -6.7405  -10.8752   25.9697
    0.4841   -0.8363   -0.2574
    0.6595    0.1553    0.7355
   -0.5751   -0.5258    0.6267
...    11 C-G ...
   -9.1656  -12.6208   27.1640
    0.7073   -0.6682    0.2307
    0.3448    0.6110    0.7126
   -0.6171   -0.4245    0.6626
...    12 A-T ...
  -10.9234  -14.6633   29.0693
    0.7515   -0.1377    0.6452
   -0.2029    0.8824    0.4246
   -0.6277   -0.4500    0.6352
...    13 C-G ...
  -11.8476  -17.4863   31.2451
    0.4295    0.2823    0.8578
   -0.5708    0.8209    0.0156
   -0.6998   -0.4963    0.5137
...    14 A-T ...
  -13.5897  -19.7827   33.4259
   -0.1504    0.6104    0.7777
   -0.6874    0.5008   -0.5260
   -0.7106   -0.6136    0.3443
...    15 A-T ...
  -15.8224  -21.8486   34.5563
   -0.5258    0.7930    0.3076
   -0.4486    0.0488   -0.8924
   -0.7227   -0.6072    0.3301
...    16 T-A ...
  -17.9588  -23.8031   36.3297
   -0.7137    0.6633   -0.2250
   -0.0683   -0.3856   -0.9201
   -0.6971   -0.6413    0.3205
...    17 T-A ...
  -20.2490  -25.7304   37.6944
   -0.6344    0.2798   -0.7206
    0.3844   -0.6945   -0.6081
   -0.6707   -0.6628    0.3330
...    18 T-A ...
  -22.5463  -27.7712   38.7976
   -0.2758   -0.1587   -0.9480
    0.6786   -0.7307   -0.0751
   -0.6808   -0.6641    0.3092
...    19 A-T ...
  -24.6336  -30.2802   39.8398
    0.2373   -0.5845   -0.7759
    0.6893   -0.4615    0.5585
   -0.6845   -0.6674    0.2934
...    20 T-A ...
  -27.2923  -32.2358   40.2975
    0.5582   -0.7537   -0.3468
    0.4567   -0.0699    0.8869
   -0.6927   -0.6534    0.3052
...    21 T-A ...
  -29.6207  -34.4047   41.0162
    0.6960   -0.6657    0.2691
    0.0175    0.3904    0.9205
   -0.7179   -0.6359    0.2834
...    22 C-G ...
  -31.9527  -36.5454   41.9624
    0.5763   -0.2826    0.7668
   -0.4183    0.7041    0.5738
   -0.7021   -0.6515    0.2875
...    23 G-C ...
  -34.5675  -38.2751   43.2488
    0.3382    0.2539    0.9062
   -0.6863    0.7254    0.0529
   -0.6439   -0.6398    0.4196
...    24 C-G ...
  -36.3956  -40.6512   44.6169
   -0.0383    0.6361    0.7707
   -0.7559    0.4860   -0.4387
   -0.6535   -0.5993    0.4622
...    25 A-T ...
  -38.9320  -42.5663   45.6797
   -0.4340    0.8426    0.3190
   -0.5784    0.0109   -0.8157
   -0.6907   -0.5385    0.4827
...    26 A-T ...
  -41.1752  -44.2598   47.3700
   -0.6764    0.7006   -0.2271
   -0.2215   -0.4877   -0.8445
   -0.7024   -0.5209    0.4851
...    27 A-T ...
  -43.4090  -45.7616   49.2116
   -0.6797    0.2775   -0.6790
    0.2223   -0.8042   -0.5512
   -0.6990   -0.5256    0.4849
...    28 G-C ...
  -46.0134  -47.1161   50.8988
   -0.4073   -0.1773   -0.8959
    0.5377   -0.8395   -0.0783
   -0.7382   -0.5137    0.4372
...    29 G-C ...
  -48.8152  -48.7145   52.1358
    0.0303   -0.6097   -0.7920
    0.6524   -0.5883    0.4778
   -0.7573   -0.5312    0.3800
...    30 C-G ...
  -51.4807  -50.4754   52.9685
    0.4228   -0.8187   -0.3884
    0.4949   -0.1505    0.8558
   -0.7591   -0.5541    0.3416
...    31 C-G ...
  -54.2034  -52.2688   53.8930
    0.6664   -0.7297    0.1531
    0.1544    0.3359    0.9291
   -0.7294   -0.5955    0.3365
...    32 G-C ...
  -56.4173  -53.9689   55.2583
    0.7053   -0.3847    0.5955
   -0.2339    0.6666    0.7077
   -0.6692   -0.6384    0.3802
...    33 G-C ...
  -58.4259  -56.3343   56.5905
    0.4887    0.1064    0.8660
   -0.5956    0.7660    0.2420
   -0.6376   -0.6340    0.4377
...    34 C-G ...
  -60.2977  -58.7115   57.9205
    0.1049    0.5601    0.8218
   -0.7608    0.5773   -0.2963
   -0.6404   -0.5942    0.4867
...    35 C-G ...
  -62.2056  -60.6737   59.9553
   -0.2780    0.8411    0.4639
   -0.6955    0.1568   -0.7012
   -0.6626   -0.5176    0.5414
...    36 C-G ...
  -64.3431  -62.2568   62.0191
   -0.5779    0.8139   -0.0603
   -0.4448   -0.3760   -0.8129
   -0.6843   -0.4429    0.5793
...    37 G-C ...
  -66.7785  -64.2456   63.3113
   -0.6690    0.4928   -0.5563
   -0.0544   -0.7790   -0.6247
   -0.7412   -0.3877    0.5480
...    38 A-T ...
  -69.1754  -65.4197   65.0729
   -0.5677   -0.0718   -0.8201
    0.3504   -0.9225   -0.1617
   -0.7450   -0.3792    0.5488
...    39 C-G ...
  -71.9075  -66.2247   66.5829
   -0.2706   -0.5419   -0.7957
    0.5764   -0.7532    0.3170
   -0.7710   -0.3729    0.5162
...    40 A-T ...
  -74.5507  -67.6613   68.1549
    0.1649   -0.8778   -0.4497
    0.6099   -0.2675    0.7460
   -0.7751   -0.3973    0.4913
...    41 C-G ...
  -77.3325  -69.1779   69.2915
    0.4694   -0.8829    0.0150
    0.4219    0.2392    0.8745
   -0.7757   -0.4041    0.4848
...    42 G-C ...
  -79.7474  -70.2254   71.3058
    0.6554   -0.5403    0.5277
    0.0611    0.7343    0.6760
   -0.7528   -0.4108    0.5143
...    43 A-T ...
  -82.2755  -71.4559   72.7743
    0.5689    0.0044    0.8224
   -0.3104    0.9272    0.2097
   -0.7616   -0.3746    0.5288
...    44 C-G ...
  -84.4810  -73.2739   74.4211
    0.3605    0.5258    0.7704
   -0.5743    0.7760   -0.2609
   -0.7350   -0.3484    0.5817
...    45 T-A ...
  -86.6848  -74.7083   76.8285
    0.0344    0.9139    0.4045
   -0.6785    0.3185   -0.6620
   -0.7338   -0.2517    0.6310
...    46 T-A ...
  -88.9796  -75.3903   78.9035
   -0.2775    0.9593   -0.0521
   -0.6050   -0.2166   -0.7662
   -0.7464   -0.1811    0.6404
...    47 A-T ...
  -91.5095  -75.6279   81.0235
   -0.4543    0.6905   -0.5628
   -0.3934   -0.7224   -0.5687
   -0.7993   -0.0370    0.5999
...    48 C-G ...
  -94.0265  -74.9999   83.1020
   -0.5612    0.1952   -0.8043
   -0.1268   -0.9806   -0.1495
   -0.8179    0.0181    0.5751
...    49 T-A ...
  -96.8312  -74.3820   84.8768
   -0.4852   -0.3626   -0.7956
    0.1320   -0.9299    0.3433
   -0.8644    0.0615    0.4991
...    50 G-C ...
  -99.7880  -74.3861   86.4617
   -0.2601   -0.8495   -0.4590
    0.3593   -0.5264    0.7706
   -0.8962    0.0354    0.4421
...    51 T-A ...
 -102.8815  -74.2865   87.3880
   -0.0394   -0.9974    0.0607
    0.4359    0.0375    0.8992
   -0.8991    0.0619    0.4333
...    52 A-T ...
 -105.3769  -73.2035   89.7828
    0.1535   -0.6479    0.7461
    0.3930    0.7328    0.5554
   -0.9066    0.2080    0.3671
...    53 G-C ...
 -108.3992  -72.4769   90.8599
    0.4019   -0.1638    0.9009
    0.2760    0.9598    0.0514
   -0.8731    0.2280    0.4310
...    54 G-C ...
 -111.5248  -72.3103   92.5742
    0.5672    0.3908    0.7249
    0.0024    0.8794   -0.4760
   -0.8236    0.2717    0.4978
...    55 T-A ...
 -114.0819  -71.6964   94.4508
    0.5267    0.7797    0.3387
   -0.2858    0.5376   -0.7933
   -0.8006    0.3210    0.5060
...    56 A-T ...
 -116.4846  -70.5570   96.6682
    0.3827    0.8862   -0.2613
   -0.5668    0.0018   -0.8239
   -0.7296    0.4634    0.5029
...    57 T-A ...
 -118.3562  -68.8793   98.7104
    0.0742    0.7309   -0.6785
   -0.7023   -0.4447   -0.5559
   -0.7080    0.5177    0.4803
...    58 C-G ...
 -120.6489  -66.7966  100.2631
   -0.3527    0.2486   -0.9021
   -0.6225   -0.7821    0.0279
   -0.6987    0.5714    0.4306
...    59 T-A ...
 -122.9374  -64.6524  101.3380
   -0.6028   -0.2589   -0.7547
   -0.3602   -0.7558    0.5469
   -0.7120    0.6015    0.3623
...    60 C-G ...
 -125.5563  -63.0638  102.5342
   -0.7117   -0.6593   -0.2424
    0.0370   -0.3798    0.9243
   -0.7015    0.6489    0.2948
...    61 G-C ...
 -127.7127  -61.0992  104.1671
   -0.5585   -0.7468    0.3611
    0.4366    0.1055    0.8934
   -0.7053    0.6566    0.2672
...    62 A-T ...
 -129.7659  -58.6775  105.1698
   -0.1621   -0.5006    0.8504
    0.7196    0.5298    0.4490
   -0.6752    0.6847    0.2743
...    63 G-C ...
 -131.9761  -56.3588  106.0018
    0.2788   -0.1214    0.9526
    0.7213    0.6814   -0.1243
   -0.6340    0.7218    0.2775
...    64 C-G ...
 -134.4414  -54.1848  107.0336
    0.6798    0.2774    0.6789
    0.4286    0.6009   -0.6747
   -0.5951    0.7496    0.2896
...    65 T-A ...
 -136.4764  -51.7927  108.1920
    0.8575    0.4809    0.1828
    0.0005    0.3545   -0.9351
   -0.5145    0.8019    0.3037
...    66 C-G ...
 -138.1078  -49.0411  109.1782
    0.7313    0.5376   -0.4197
   -0.5159    0.0336   -0.8560
   -0.4461    0.8425    0.3019
...    67 G-C ...
 -139.6679  -46.0820  109.3761
    0.3623    0.3755   -0.8531
   -0.8640   -0.2079   -0.4585
   -0.3495    0.9032    0.2492
...    68 G-C ...
 -140.4679  -42.8361  109.9607
   -0.1698    0.1171   -0.9785
   -0.9332   -0.3382    0.1214
   -0.3167    0.9337    0.1667
...    69 G-C ...
 -141.3908  -39.5731  109.9188
   -0.6400   -0.1745   -0.7483
   -0.7020   -0.2631    0.6618
   -0.3124    0.9489    0.0459
...    70 A-T ...
 -142.2481  -36.3049  109.7869
   -0.9487   -0.2666   -0.1699
   -0.1547   -0.0772    0.9849
   -0.2757    0.9607    0.0320
...    71 T-A ...
 -143.2165  -33.1687  109.2721
   -0.8857   -0.2521    0.3898
    0.3816    0.0828    0.9206
   -0.2644    0.9641    0.0228
...    72 C-G ...
 -144.2913  -29.9365  109.0971
   -0.4554   -0.0978    0.8849
    0.8629    0.1962    0.4657
   -0.2191    0.9757   -0.0050
...    73 C-G ...
 -145.0080  -26.7105  108.8789
    0.1103   -0.0684    0.9915
    0.9758    0.1969   -0.0950
   -0.1887    0.9780    0.0885
...    74 G-C ...
 -145.1120  -23.3825  109.0416
    0.6709   -0.0496    0.7399
    0.7341    0.1858   -0.6532
   -0.1050    0.9813    0.1610
...    75 C-G ...
 -145.8482  -20.1004  109.8737
    0.9750    0.0258    0.2206
    0.2146    0.1467   -0.9656
   -0.0573    0.9888    0.1375
...    76 T-A ...
 -145.9562  -16.8475  110.6062
    0.9413   -0.0116   -0.3373
   -0.3333    0.1251   -0.9345
    0.0531    0.9921    0.1139
...    77 C-G ...
 -145.2926  -13.6657  110.6230
    0.5629   -0.0482   -0.8251
   -0.8080    0.1783   -0.5616
    0.1742    0.9828    0.0615
...    78 A-T ...
 -144.2117  -10.4325  110.9115
    0.0152   -0.0783   -0.9968
   -0.9560    0.2911   -0.0374
    0.2931    0.9535   -0.0704
...    79 T-A ...
 -142.8219   -7.5172  110.4221
   -0.4906    0.0334   -0.8707
   -0.8204    0.3191    0.4745
    0.2937    0.9471   -0.1291
...    80 G-C ...
 -141.7856   -4.3467  109.7337
   -0.9050    0.1867   -0.3822
   -0.3244    0.2783    0.9041
    0.2751    0.9422   -0.1913
...    81 T-A ...
 -140.7702   -1.3136  108.4997
   -0.9167    0.3471    0.1981
    0.2538    0.1226    0.9595
    0.3087    0.9298   -0.2005
...    82 T-A ...
 -139.7376    1.6302  107.5585
   -0.5456    0.4221    0.7240
    0.7552   -0.1269    0.6431
    0.3633    0.8976   -0.2495
...    83 A-T ...
 -137.9922    4.5339  106.6345
    0.1777    0.2880    0.9410
    0.8954   -0.4441   -0.0332
    0.4084    0.8484   -0.3367
...    84 T-A ...
 -137.2466    7.5891  105.6786
    0.6266    0.0231    0.7790
    0.6573   -0.5528   -0.5123
    0.4188    0.8330   -0.3615
...    85 A-T ...
 -135.6930   10.1997  104.0993
    0.8900   -0.3635    0.2754
    0.0908   -0.4506   -0.8881
    0.4469    0.8154   -0.3680
...    86 A-T ...
 -134.1562   12.7905  103.0895
    0.7600   -0.5976   -0.2553
   -0.4263   -0.1619   -0.8900
    0.4905    0.7852   -0.3778
...    87 C-G ...
 -132.0367   15.2948  102.3062
    0.3718   -0.6219   -0.6892
   -0.7707    0.2071   -0.6027
    0.5175    0.7552   -0.4023
...    88 G-C ...
 -130.5553   17.6136  100.5013
   -0.1951   -0.4825   -0.8539
   -0.8045    0.5767   -0.1420
    0.5610    0.6592   -0.5007
...    89 G-C ...
 -128.8828   19.4011   98.2673
   -0.6592   -0.1620   -0.7343
   -0.5215    0.8020    0.2912
    0.5418    0.5749   -0.6131
...    90 A-T ...
 -126.9560   21.0671   96.0553
   -0.8346    0.3757   -0.4028
    0.0078    0.7392    0.6735
    0.5508    0.5589   -0.6199
...    91 T-A ...
 -125.2974   22.3988   93.4212
   -0.6852    0.7283   -0.0078
    0.4445    0.4266    0.7877
    0.5770    0.5363   -0.6161
...    92 T-A ...
 -123.6184   23.9736   91.0876
   -0.2421    0.8709    0.4276
    0.7561   -0.1069    0.6457
    0.6081    0.4797   -0.6326
...    93 T-A ...
 -121.8574   25.5423   88.7787
    0.2862    0.6574    0.6971
    0.7371   -0.6159    0.2782
    0.6122    0.4342   -0.6608
...    94 A-T ...
 -119.4291   26.2151   86.4714
    0.7125    0.1281    0.6898
    0.3661   -0.9066   -0.2098
    0.5986    0.4020   -0.6929
...    95 A-T ...
 -117.5291   27.6442   84.3077
    0.7891   -0.4318    0.4369
   -0.1342   -0.8152   -0.5634
    0.5994    0.3859   -0.7012
...    96 C-G ...
 -115.3181   29.3141   82.3503
    0.5723   -0.8183    0.0533
   -0.5584   -0.4364   -0.7055
    0.6005    0.3740   -0.7067
...    97 A-T ...
 -113.2055   30.3737   79.9059
    0.0660   -0.9438   -0.3239
   -0.7787    0.1542   -0.6081
    0.6239    0.2924   -0.7247
...    98 C-G ...
 -110.6796   30.8215   77.7115
   -0.3858   -0.7161   -0.5817
   -0.6768    0.6481   -0.3491
    0.6270    0.2590   -0.7347
...    99 T-A ...
 -108.1802   31.1296   75.1271
   -0.7463   -0.2030   -0.6339
   -0.3000    0.9527    0.0482
    0.5941    0.2261   -0.7720
...   100 T-A ...
 -106.2242   31.5224   72.5237
   -0.7517    0.4193   -0.5090
    0.2119    0.8845    0.4156
    0.6245    0.2045   -0.7538
...   101 T-A ...
 -104.2563   31.9495   69.9219
   -0.4617    0.8673   -0.1861
    0.6103    0.4628    0.6429
    0.6437    0.1833   -0.7430
...   102 A-T ...
 -101.7545   32.5254   67.5632
    0.1200    0.9558    0.2683
    0.7442   -0.2655    0.6129
    0.6571    0.1261   -0.7432
...   103 T-A ...
 -100.1585   33.2770   64.8176
    0.4529    0.6973    0.5555
    0.5911   -0.7013    0.3985
    0.6675    0.1479   -0.7298
...   104 G-C ...
  -97.9442   34.0437   62.4577
    0.6541    0.1055    0.7490
    0.2129   -0.9759   -0.0484
    0.7259    0.1911   -0.6608
...   105 C-G ...
  -95.4174   34.9890   60.5460
    0.6270   -0.4699    0.6214
   -0.1980   -0.8675   -0.4563
    0.7535    0.1630   -0.6370
...   106 T-A ...
  -92.5465   35.7329   58.7202
    0.3689   -0.8939    0.2546
   -0.5003   -0.4218   -0.7561
    0.7833    0.1516   -0.6029
...   107 T-A ...
  -89.8777   36.1596   56.9800
   -0.0178   -0.9801   -0.1977
   -0.6018    0.1684   -0.7807
    0.7984    0.1051   -0.5928
...   108 C-G ...
  -87.1068   36.2772   55.0710
   -0.4040   -0.6775   -0.6146
   -0.4546    0.7318   -0.5078
    0.7938    0.0742   -0.6036
...   109 C-G ...
  -84.5060   36.3033   53.0215
   -0.6602   -0.1725   -0.7310
   -0.1415    0.9844   -0.1044
    0.7376    0.0345   -0.6743
...   110 G-C ...
  -82.3348   36.7666   50.8188
   -0.6986    0.3806   -0.6059
    0.2581    0.9238    0.2827
    0.6674    0.0411   -0.7436
...   111 G-C ...
  -80.3918   36.9113   48.0519
   -0.4650    0.8366   -0.2896
    0.6233    0.5417    0.5640
    0.6287    0.0818   -0.7733
...   112 C-G ...
  -78.7643   37.1543   45.1178
   -0.0527    0.9916    0.1177
    0.7805   -0.0326    0.6243
    0.6229    0.1248   -0.7723
...   113 T-A ...
  -76.8443   37.6218   42.4280
    0.3547    0.8040    0.4773
    0.6925   -0.5689    0.4436
    0.6282    0.1732   -0.7585
...   114 C-G ...
  -74.6344   38.1512   39.9737
    0.6850    0.2865    0.6698
    0.3516   -0.9353    0.0404
    0.6381    0.2078   -0.7414
...   115 G-C ...
  -72.3611   38.3087   37.4987
    0.7055   -0.3575    0.6119
   -0.1197   -0.9111   -0.3944
    0.6985    0.2050   -0.6856
...   116 T-A ...
  -69.6355   39.3403   35.8087
    0.4895   -0.8109    0.3208
   -0.4831   -0.5584   -0.6744
    0.7260    0.1752   -0.6650
...   117 A-T ...
  -66.8883   39.9199   33.8595
    0.0586   -0.9903   -0.1262
   -0.6582    0.0567   -0.7507
    0.7505    0.1271   -0.6485
...   118 T-A ...
  -64.0082   40.0961   32.2637
   -0.2816   -0.8078   -0.5179
   -0.5892    0.5716   -0.5711
    0.7573    0.1444   -0.6369
...   119 A-T ...
  -61.4775   40.9478   30.0115
   -0.5594   -0.1759   -0.8100
   -0.2449    0.9687   -0.0412
    0.7919    0.1753   -0.5850
...   120 A-T ...
  -58.8589   41.1753   28.0819
   -0.5877    0.4273   -0.6870
    0.1213    0.8861    0.4474
    0.7999    0.1796   -0.5726
...   121 T-A ...
  -56.4064   41.2652   25.7932
   -0.4189    0.8396   -0.3458
    0.4097    0.5146    0.7532
    0.8104    0.1739   -0.5595
...   122 G-C ...
  -53.6344   41.8634   23.7546
   -0.1379    0.9613    0.2386
    0.5754   -0.1184    0.8092
    0.8061    0.2489   -0.5368
...   123 T-A ...
  -51.2726   42.8161   21.6462
    0.1643    0.7463    0.6451
    0.5500   -0.6122    0.5681
    0.8188    0.2615   -0.5110
...   124 G-C ...
  -48.4812   43.7631   19.9511
    0.3829    0.2055    0.9006
    0.3689   -0.9279    0.0549
    0.8469    0.3112   -0.4311
...   125 T-A ...
  -45.9368   45.1890   18.6477
    0.4681   -0.3396    0.8158
    0.1259   -0.8882   -0.4419
    0.8747    0.3095   -0.3730
...   126 C-G ...
  -43.0736   46.1265   17.6388
    0.4536   -0.8016    0.3895
   -0.1523   -0.5003   -0.8523
    0.8781    0.3274   -0.3490
...   127 G-C ...
  -40.2079   46.7635   15.9395
    0.1906   -0.9732   -0.1285
   -0.3070    0.0652   -0.9495
    0.9324    0.2205   -0.2864
...   128 A-T ...
  -37.1889   47.4358   15.0729
   -0.0224   -0.7301   -0.6829
   -0.3563    0.6441   -0.6769
    0.9341    0.2282   -0.2746
...   129 C-G ...
  -33.8940   47.5363   14.5899
   -0.2377   -0.2640   -0.9348
   -0.2789    0.9404   -0.1946
    0.9304    0.2144   -0.2971
...   130 C-G ...
  -30.7166   47.8777   13.3654
   -0.4178    0.2915   -0.8605
   -0.0735    0.9332    0.3518
    0.9056    0.2103   -0.3684
...   131 A-T ...
  -27.5591   49.2179   12.9793
   -0.3829    0.8151   -0.4347
    0.1784    0.5269    0.8310
    0.9064    0.2407   -0.3471
...   132 A-T ...
  -24.6166   49.9657   11.7176
   -0.2087    0.9674    0.1437
    0.3616   -0.0602    0.9304
    0.9087    0.2461   -0.3372
...   133 A-T ...
  -21.7912   50.8526   10.2904
    0.0693    0.7460    0.6624
    0.3970   -0.6297    0.6677
    0.9152    0.2167   -0.3398
...   134 T-A ...
  -19.0084   52.0401    8.9383
    0.2450    0.2904    0.9250
    0.3072   -0.9282    0.2101
    0.9196    0.2327   -0.3167
...   135 G-C ...
  -16.4570   53.8979    7.5290
    0.5336   -0.3334    0.7773
    0.0348   -0.9096   -0.4140
    0.8450    0.2479   -0.4738
...   136 T-A ...
  -14.1681   56.5697    6.1948
    0.5795   -0.7269    0.3684
   -0.3140   -0.6163   -0.7222
    0.7521    0.3028   -0.5854
...   137 G-C ...
  -11.6469   58.0145    4.7336
    0.2454   -0.9541   -0.1717
   -0.6318   -0.0231   -0.7748
    0.7352    0.2986   -0.6085
...   138 A-T ...
   -8.6699   58.7288    3.6169
   -0.0344   -0.7815   -0.6230
   -0.6534    0.4892   -0.5777
    0.7562    0.3872   -0.5274
...   139 G-C ...
   -6.3212   59.0878    1.6440
   -0.2967   -0.3277   -0.8970
   -0.5657    0.8170   -0.1114
    0.7694    0.4744   -0.4278
...   140 C-G ...
   -3.4297   60.2436    1.0434
   -0.4424    0.2288   -0.8671
   -0.1682    0.9286    0.3309
    0.8809    0.2922   -0.3723
...   141 G-C ...
   -0.6894   63.9062   -2.2357
   -0.9992    0.0156   -0.0375
   -0.0024    0.8991    0.4378
    0.0405    0.4375   -0.8983
...   142 C-G ...
   -0.9980   65.6136   -4.9250
   -0.8337    0.5217    0.1810
    0.5169    0.6220    0.5881
    0.1942    0.5839   -0.7882
...   143 T-A ...
   -0.1245   66.2249   -7.8042
   -0.3751    0.8568    0.3538
    0.8856    0.2185    0.4098
    0.2739    0.4670   -0.8408
...   144 C-G ...
   -0.1581   67.4196  -10.7922
    0.1799    0.8792    0.4411
    0.9276   -0.3009    0.2214
    0.3274    0.3694   -0.8697
...   145 A-T ...
    0.5352   69.2486  -13.4514
    0.7352    0.4961    0.4620
    0.6117   -0.7791   -0.1369
    0.2921    0.3832   -0.8763
...   146 C-G ...
    1.4420   72.1063  -15.5859
    0.9808    0.0622    0.1849
    0.1266   -0.9240   -0.3608
    0.1484    0.3773   -0.9141
...   147 A-T ...
    2.3150   74.2409  -18.3715
    0.8657   -0.4292   -0.2574
   -0.4984   -0.7868   -0.3642
   -0.0462    0.4436   -0.8950
