  147 base-pairs
...     1 A-T ...
    0.0000    0.0000    0.0000
    1.0000    0.0000    0.0000
    0.0000    1.0000    0.0000
    0.0000    0.0000    1.0000
...     2 G-C ...
   -0.1394   -1.2357    3.2268
    0.7529    0.6366    0.1670
   -0.6386    0.7680   -0.0486
   -0.1592   -0.0700    0.9848
...     3 T-A ...
   -0.0365   -3.2932    6.3751
    0.2722    0.9301    0.2466
   -0.9238    0.3243   -0.2033
   -0.2691   -0.1725    0.9475
...     4 G-C ...
   -0.3505   -4.1660    9.4928
   -0.3756    0.9250    0.0579
   -0.8781   -0.3352   -0.3415
   -0.2965   -0.1791    0.9381
...     5 A-T ...
   -0.4462   -4.1476   12.7498
   -0.8116    0.5840   -0.0165
   -0.5523   -0.7762   -0.3042
   -0.1905   -0.2378    0.9524
...     6 G-C ...
   -1.5908   -4.1730   15.6201
   -0.9976    0.0246   -0.0651
   -0.0043   -0.9555   -0.2950
   -0.0695   -0.2940    0.9533
...     7 C-G ...
   -1.1030   -4.4824   18.7362
   -0.8441   -0.5304   -0.0787
    0.5345   -0.8441   -0.0432
   -0.0435   -0.0785    0.9960
...     8 G-C ...
   -2.4028   -7.7290   23.1475
   -0.2754   -0.3293   -0.9032
    0.6650   -0.7437    0.0684
   -0.6942   -0.5818    0.4238
...     9 C-G ...
   -4.4690   -9.9728   24.1132
    0.1145   -0.7025   -0.7024
    0.8512   -0.2952    0.4340
   -0.5122   -0.6476    0.5642
...    10 T-A ...
   -6.7405  -10.8752   25.9697
    0.4841   -0.8363   -0.2574
    0.6595    0.1553    0.7355
   -0.5751   -0.5258    0.6267
...    11 C-G ...
   -9.1656  -12.6208   27.1640
    0.7073   -0.6682    0.2307
    0.3448    0.6110    0.7126
   -0.6171   -0.4245    0.6626
...    12 A-T ...
  -10.9234  -14.6633   29.0693
    0.7515   -0.1377    0.6452
   -0.2029    0.8824    0.4246
   -0.6277   -0.4500    0.6352
...    13 C-G ...
  -11.8476  -17.4863   31.2451
    0.4295    0.2823    0.8578
   -0.5708    0.8209    0.0156
   -0.6998   -0.4963    0.5137
...    14 A-T ...
  -13.5897  -19.7827   33.4259
   -0.1504    0.6104    0.7777
   -0.6874    0.5008   -0.5260
   -0.7106   -0.6136    0.3443
...    15 A-T ...
  -15.8263  -21.8281   34.6082
   -0.5411    0.7854    0.3004
   -0.4485    0.0327   -0.8932
   -0.7114   -0.6181    0.3346
...    16 T-A ...
  -17.9301  -23.8188   36.4001
   -0.7319    0.6395   -0.2353
   -0.0550   -0.3997   -0.9150
   -0.6792   -0.6568    0.3277
...    17 T-A ...
  -20.1510  -25.8007   37.7925
   -0.6452    0.2398   -0.7254
    0.4126   -0.6897   -0.5950
   -0.6430   -0.6832    0.3460
...    18 T-A ...
  -22.3638  -27.9114   38.9955
   -0.2741   -0.2156   -0.9372
    0.7194   -0.6927   -0.0510
   -0.6383   -0.6882    0.3449
...    19 A-T ...
  -24.2515  -30.5241   40.2820
    0.2763   -0.6393   -0.7176
    0.7215   -0.3553    0.5943
   -0.6349   -0.6820    0.3631
...    20 T-A ...
  -26.7556  -32.6167   40.9652
    0.6157   -0.7405   -0.2693
    0.4601    0.0603    0.8858
   -0.6397   -0.6693    0.3779
...    21 T-A ...
  -28.8977  -34.8655   41.9513
    0.7510   -0.5686    0.3356
   -0.0176    0.4908    0.8711
   -0.6600   -0.6601    0.3586
...    22 C-G ...
  -31.0303  -37.0756   43.1833
    0.5981   -0.1344    0.7901
   -0.4847    0.7245    0.4902
   -0.6383   -0.6761    0.3681
...    23 G-C ...
  -33.4392  -38.9015   44.7578
    0.3111    0.3982    0.8629
   -0.7609    0.6484   -0.0248
   -0.5694   -0.6489    0.5047
...    24 C-G ...
  -34.9874  -41.2705   46.4594
   -0.1097    0.7187    0.6866
   -0.8077    0.3382   -0.4830
   -0.5793   -0.6075    0.5434
...    25 A-T ...
  -37.3803  -43.2780   47.7805
   -0.5521    0.8072    0.2089
   -0.5690   -0.1817   -0.8020
   -0.6094   -0.5617    0.5596
...    26 A-T ...
  -39.3809  -45.0285   49.7159
   -0.7794    0.5417   -0.3149
   -0.1313   -0.6326   -0.7633
   -0.6126   -0.5535    0.5642
...    27 A-T ...
  -41.3427  -46.6312   51.7882
   -0.7142    0.0415   -0.6987
    0.3711   -0.8240   -0.4282
   -0.5935   -0.5651    0.5731
...    28 G-C ...
  -43.6477  -48.2026   53.7323
   -0.3582   -0.4032   -0.8421
    0.6967   -0.7158    0.0464
   -0.6215   -0.5701    0.5373
...    29 G-C ...
  -46.0159  -50.1046   55.3906
    0.1645   -0.7287   -0.6648
    0.7616   -0.3344    0.5551
   -0.6268   -0.5976    0.4999
...    30 C-G ...
  -48.2656  -52.1308   56.7276
    0.5980   -0.7666   -0.2340
    0.5142    0.1430    0.8457
   -0.6148   -0.6260    0.4797
...    31 C-G ...
  -50.5339  -54.2102   58.1621
    0.8179   -0.5090    0.2682
    0.0744    0.5559    0.8279
   -0.5705   -0.6572    0.4925
...    32 G-C ...
  -52.3527  -56.0046   59.9855
    0.7812   -0.0579    0.6216
   -0.3846    0.7396    0.5523
   -0.4917   -0.6705    0.5555
...    33 G-C ...
  -53.7632  -58.3617   61.9316
    0.4558    0.4311    0.7787
   -0.7646    0.6375    0.0946
   -0.4556   -0.6385    0.6203
...    34 C-G ...
  -54.9472  -60.6807   63.9752
   -0.0335    0.7609    0.6480
   -0.8878    0.2751   -0.3690
   -0.4591   -0.5876    0.6663
...    35 C-G ...
  -56.2920  -62.3993   66.6083
   -0.4900    0.8326    0.2582
   -0.7241   -0.2237   -0.6524
   -0.4855   -0.5067    0.7125
...    36 C-G ...
  -57.9563  -63.8184   69.1835
   -0.7919    0.5703   -0.2183
   -0.3332   -0.7032   -0.6281
   -0.5117   -0.4247    0.7469
...    37 G-C ...
  -59.7367  -66.0498   71.1644
   -0.8058    0.0753   -0.5873
    0.1781   -0.9151   -0.3617
   -0.5647   -0.3961    0.7240
...    38 A-T ...
  -61.6165  -67.2669   73.4743
   -0.5368   -0.5017   -0.6783
    0.6254   -0.7763    0.0792
   -0.5663   -0.3817    0.7305
...    39 C-G ...
  -63.9044  -68.2922   75.5348
   -0.1018   -0.8376   -0.5366
    0.8038   -0.3871    0.4518
   -0.5862   -0.3853    0.7127
...    40 A-T ...
  -65.8418  -69.7808   77.9121
    0.4392   -0.8877   -0.1382
    0.6906    0.2352    0.6839
   -0.5746   -0.3958    0.7164
...    41 C-G ...
  -67.9062  -71.4869   79.9550
    0.7490   -0.6147    0.2473
    0.3440    0.6797    0.6478
   -0.5663   -0.4001    0.7206
...    42 G-C ...
  -69.7664  -72.2819   82.6032
    0.8316   -0.0443    0.5536
   -0.1712    0.9278    0.3314
   -0.5283   -0.3703    0.7640
...    43 A-T ...
  -71.6281  -73.5008   84.8710
    0.5739    0.5243    0.6291
   -0.6120    0.7850   -0.0959
   -0.5442   -0.3300    0.7714
...    44 C-G ...
  -72.9486  -75.0609   87.4498
    0.1920    0.8906    0.4124
   -0.8348    0.3691   -0.4084
   -0.5159   -0.2658    0.8143
...    45 T-A ...
  -74.3389  -75.8845   90.6165
   -0.2820    0.9592   -0.0195
   -0.7945   -0.2449   -0.5557
   -0.5378   -0.1412    0.8311
...    46 T-A ...
  -76.1105  -76.1936   93.2268
   -0.6284    0.6802   -0.3774
   -0.5291   -0.7294   -0.4336
   -0.5702   -0.0728    0.8183
...    47 A-T ...
  -78.2806  -76.4871   95.7719
   -0.7821    0.0800   -0.6180
   -0.0550   -0.9967   -0.0594
   -0.6208   -0.0125    0.7839
...    48 C-G ...
  -80.6556  -75.8485   98.0938
   -0.6777   -0.4819   -0.5554
    0.3547   -0.8759    0.3272
   -0.6442    0.0247    0.7645
...    49 T-A ...
  -83.1738  -75.4959  100.3560
   -0.3348   -0.8863   -0.3200
    0.6327   -0.4631    0.6207
   -0.6983    0.0053    0.7158
...    50 G-C ...
  -85.3548  -75.6068  102.8727
    0.1410   -0.9835    0.1133
    0.7037    0.1801    0.6873
   -0.6964   -0.0172    0.7175
...    51 T-A ...
  -87.8628  -76.0022  104.8918
    0.4949   -0.7073    0.5048
    0.5059    0.7069    0.4944
   -0.7064    0.0107    0.7077
...    52 A-T ...
  -90.0876  -74.6841  107.4075
    0.6379    0.0125    0.7700
    0.0591    0.9961   -0.0651
   -0.7678    0.0870    0.6347
...    53 G-C ...
  -92.7852  -74.3875  109.3084
    0.6456    0.5446    0.5354
   -0.2763    0.8201   -0.5011
   -0.7120    0.1756    0.6799
...    54 G-C ...
  -94.9308  -74.0211  112.0986
    0.4483    0.8923    0.0536
   -0.6080    0.3484   -0.7134
   -0.6552    0.2872    0.6987
...    55 T-A ...
  -96.6886  -73.0424  114.6067
    0.1052    0.9188   -0.3803
   -0.7577   -0.1736   -0.6290
   -0.6440    0.3544    0.6780
...    56 A-T ...
  -98.4903  -71.3366  117.0232
   -0.2573    0.5770   -0.7752
   -0.7172   -0.6516   -0.2470
   -0.6476    0.4924    0.5815
...    57 T-A ...
 -100.1357  -69.2237  118.8638
   -0.5756    0.1180   -0.8092
   -0.4919   -0.8405    0.2273
   -0.6533    0.5288    0.5418
...    58 C-G ...
 -102.4514  -67.2315  120.4874
   -0.7381   -0.4741   -0.4799
   -0.0275   -0.6897    0.7236
   -0.6741    0.5473    0.4960
...    59 T-A ...
 -104.9501  -65.4028  121.7920
   -0.6066   -0.7948    0.0177
    0.3735   -0.2652    0.8889
   -0.7018    0.5458    0.4578
...    60 C-G ...
 -107.1754  -63.6895  123.5966
   -0.2529   -0.7483    0.6133
    0.6614    0.3289    0.6741
   -0.7061    0.5761    0.4117
...    61 G-C ...
 -108.8702  -61.2724  125.2147
    0.1933   -0.3673    0.9098
    0.7039    0.6979    0.1323
   -0.6835    0.6148    0.3934
...    62 A-T ...
 -110.8768  -58.7762  126.0154
    0.6134    0.1466    0.7760
    0.4759    0.7156   -0.5113
   -0.6303    0.6829    0.3692
...    63 G-C ...
 -112.9680  -56.4946  127.1898
    0.8058    0.4912    0.3307
    0.0790    0.4643   -0.8821
   -0.5868    0.7370    0.3354
...    64 C-G ...
 -114.9232  -54.1660  128.7660
    0.7344    0.6206   -0.2749
   -0.4024    0.0719   -0.9126
   -0.5466    0.7809    0.3025
...    65 T-A ...
 -116.5522  -51.4927  129.9552
    0.4652    0.4580   -0.7575
   -0.7458   -0.2582   -0.6141
   -0.4768    0.8506    0.2215
...    66 C-G ...
 -118.1169  -48.6160  130.3152
   -0.0266    0.1559   -0.9874
   -0.9163   -0.3986   -0.0383
   -0.3996    0.9038    0.1534
...    67 G-C ...
 -120.2363  -45.8973  130.3116
   -0.5169   -0.1738   -0.8382
   -0.7768   -0.3164    0.5446
   -0.3598    0.9326    0.0285
...    68 G-C ...
 -121.4695  -42.7169  129.7683
   -0.8555   -0.3704   -0.3617
   -0.3557   -0.0873    0.9305
   -0.3762    0.9248   -0.0571
...    69 G-C ...
 -123.1139  -39.8094  129.1807
   -0.8797   -0.4054    0.2487
    0.1705    0.2193    0.9606
   -0.4439    0.8875   -0.1238
...    70 A-T ...
 -124.6833  -36.8730  128.3741
   -0.5931   -0.1096    0.7977
    0.6962    0.4277    0.5764
   -0.4043    0.8972   -0.1774
...    71 T-A ...
 -126.4866  -34.1994  127.5502
   -0.1226    0.1619    0.9792
    0.9113    0.4091    0.0465
   -0.3931    0.8980   -0.1977
...    72 C-G ...
 -128.0788  -31.2580  126.8733
    0.4732    0.4202    0.7743
    0.7968    0.1707   -0.5796
   -0.3757    0.8912   -0.2541
...    73 C-G ...
 -129.5425  -28.4941  125.7179
    0.8756    0.3213    0.3606
    0.4174   -0.1276   -0.8997
   -0.2430    0.9384   -0.2458
...    74 G-C ...
 -130.1246  -25.4511  124.3998
    0.9822    0.0487   -0.1812
   -0.1593   -0.2938   -0.9425
   -0.0992    0.9546   -0.2808
...    75 C-G ...
 -130.3205  -22.0380  123.8761
    0.7135   -0.1746   -0.6785
   -0.6963   -0.2847   -0.6589
   -0.0781    0.9426   -0.3247
...    76 T-A ...
 -130.0699  -18.7532  122.7674
    0.1828   -0.3714   -0.9103
   -0.9829   -0.0903   -0.1606
   -0.0225    0.9241   -0.3815
...    77 T-A ...
 -129.8220  -15.8165  121.3721
   -0.4299   -0.3683   -0.8243
   -0.9029    0.1711    0.3944
   -0.0043    0.9138   -0.4061
...    78 T-A ...
 -129.7382  -12.9360  119.8491
   -0.8744   -0.2106   -0.4371
   -0.4852    0.3743    0.7902
   -0.0028    0.9031   -0.4295
...    79 A-T ...
 -129.9447   -9.6532  119.0567
   -0.9795    0.1587    0.1244
    0.1821    0.4309    0.8838
    0.0866    0.8883   -0.4510
...    80 A-T ...
 -129.6989   -6.8786  117.3616
   -0.6509    0.4623    0.6022
    0.7434    0.2272    0.6291
    0.1540    0.8571   -0.4916
...    81 C-G ...
 -129.6599   -4.0608  115.3908
   -0.0867    0.5564    0.8264
    0.9812   -0.0960    0.1676
    0.1726    0.8253   -0.5376
...    82 A-T ...
 -128.9917   -1.3611  113.5205
    0.5413    0.3584    0.7606
    0.8107   -0.4626   -0.3590
    0.2232    0.8109   -0.5410
...    83 C-G ...
 -128.6635    1.6955  112.1080
    0.8872    0.0394    0.4596
    0.3872   -0.6051   -0.6956
    0.2507    0.7952   -0.5521
...    84 T-A ...
 -127.7012    4.7810  110.6096
    0.9155   -0.4016    0.0234
   -0.2114   -0.5298   -0.8213
    0.3423    0.7470   -0.5700
...    85 T-A ...
 -126.3470    7.2504  109.0025
    0.6143   -0.6632   -0.4275
   -0.6997   -0.2075   -0.6836
    0.3647    0.7191   -0.5915
...    86 T-A ...
 -125.0488    9.4511  107.0233
    0.0799   -0.7272   -0.6817
   -0.9148    0.2181   -0.3399
    0.3959    0.6508   -0.6478
...    87 A-T ...
 -123.9037   11.5024  104.6361
   -0.5105   -0.5160   -0.6879
   -0.7660    0.6363    0.0912
    0.3906    0.5735   -0.7201
...    88 T-A ...
 -122.2013   12.7142  102.1616
   -0.8335   -0.1707   -0.5255
   -0.4090    0.8300    0.3792
    0.3714    0.5310   -0.7616
...    89 G-C ...
 -121.0247   14.3408   99.3999
   -0.9220    0.3594   -0.1442
    0.2136    0.7825    0.5848
    0.3231    0.5084   -0.7982
...    90 T-A ...
 -120.1793   15.5595   96.4982
   -0.6657    0.7189    0.2000
    0.6808    0.4754    0.5572
    0.3055    0.5071   -0.8059
...    91 C-G ...
 -119.4636   17.2978   93.8113
   -0.1260    0.8652    0.4853
    0.9475   -0.0400    0.3173
    0.2939    0.4998   -0.8147
...    92 A-T ...
 -118.0015   18.4876   90.9522
    0.4360    0.6287    0.6439
    0.8317   -0.5548   -0.0215
    0.3437    0.5450   -0.7648
...    93 T-A ...
 -117.2217   20.5905   88.5551
    0.7943    0.2337    0.5608
    0.4827   -0.8033   -0.3489
    0.3689    0.5478   -0.7509
...    94 G-C ...
 -115.8991   22.5160   85.9522
    0.8841   -0.3553    0.3034
   -0.1088   -0.7882   -0.6058
    0.4544    0.5026   -0.7355
...    95 T-A ...
 -114.1498   24.5608   83.9436
    0.6738   -0.7368   -0.0557
   -0.5723   -0.4726   -0.6702
    0.4674    0.4834   -0.7401
...    96 T-A ...
 -112.4671   26.0210   81.6938
    0.2093   -0.9042   -0.3724
   -0.8445    0.0249   -0.5350
    0.4930    0.4265   -0.7583
...    97 A-T ...
 -111.0096   27.3385   78.9535
   -0.3782   -0.7301   -0.5691
   -0.7825    0.5806   -0.2248
    0.4945    0.3604   -0.7909
...    98 T-A ...
 -108.9677   27.8984   76.4536
   -0.7274   -0.3221   -0.6059
   -0.4648    0.8809    0.0897
    0.5049    0.3469   -0.7904
...    99 A-T ...
 -107.2626   29.2520   73.7955
   -0.8392    0.3400   -0.4245
    0.1321    0.8845    0.4474
    0.5276    0.3193   -0.7872
...   100 A-T ...
 -105.6317   30.0873   71.1361
   -0.5796    0.8083   -0.1036
    0.6011    0.5099    0.6154
    0.5502    0.2944   -0.7814
...   101 C-G ...
 -104.2431   30.8138   68.0396
   -0.1195    0.9630    0.2416
    0.8163   -0.0432    0.5760
    0.5651    0.2660   -0.7810
...   102 G-C ...
 -102.1519   31.6880   65.6659
    0.3767    0.7237    0.5782
    0.7200   -0.6214    0.3088
    0.5828    0.3000   -0.7552
...   103 G-C ...
 -100.3039   32.8284   63.1687
    0.6509    0.2454    0.7184
    0.4096   -0.9103   -0.0602
    0.6392    0.3335   -0.6930
...   104 A-T ...
  -98.1476   34.0018   61.0392
    0.7235   -0.3647    0.5861
   -0.0499   -0.8744   -0.4826
    0.6885    0.3199   -0.6508
...   105 C-G ...
  -95.7982   35.5465   59.3365
    0.5367   -0.7958    0.2804
   -0.4138   -0.5378   -0.7345
    0.7353    0.2782   -0.6180
...   106 T-A ...
  -92.7960   36.5182   57.6475
    0.1348   -0.9799   -0.1470
   -0.6346    0.0285   -0.7723
    0.7610    0.1974   -0.6180
...   107 T-A ...
  -90.2024   36.9523   55.8117
   -0.2867   -0.8028   -0.5228
   -0.5729    0.5811   -0.5780
    0.7678    0.1338   -0.6265
...   108 C-G ...
  -87.6183   37.0832   53.6869
   -0.5934   -0.3052   -0.7448
   -0.2719    0.9469   -0.1714
    0.7576    0.1008   -0.6449
...   109 C-G ...
  -85.2260   37.1711   51.3976
   -0.7090    0.2426   -0.6621
    0.1113    0.9657    0.2346
    0.6963    0.0927   -0.7117
...   110 G-C ...
  -83.1064   37.7914   49.2340
   -0.5995    0.7056   -0.3778
    0.4886    0.6965    0.5254
    0.6339    0.1304   -0.7624
...   111 G-C ...
  -81.2928   38.3655   46.4366
   -0.2516    0.9674    0.0270
    0.7524    0.1780    0.6342
    0.6087    0.1799   -0.7727
...   112 C-G ...
  -79.7276   39.0851   43.5522
    0.1890    0.8922    0.4103
    0.7626   -0.3966    0.5110
    0.6186    0.2163   -0.7553
...   113 T-A ...
  -77.8364   39.9145   40.9437
    0.5373    0.5281    0.6576
    0.5479   -0.8113    0.2039
    0.6412    0.2508   -0.7252
...   114 C-G ...
  -75.6082   40.6747   38.5855
    0.7329   -0.0663    0.6771
    0.1379   -0.9601   -0.2433
    0.6662    0.2717   -0.6945
...   115 G-C ...
  -73.3472   41.0375   36.1350
    0.6098   -0.6455    0.4598
   -0.3060   -0.7270   -0.6147
    0.7311    0.2342   -0.6408
...   116 T-A ...
  -70.4957   41.8672   34.6372
    0.3114   -0.9464    0.0854
   -0.5763   -0.2596   -0.7749
    0.7556    0.1921   -0.6263
...   117 A-T ...
  -67.6009   42.3144   32.8704
   -0.1358   -0.9264   -0.3513
   -0.6184    0.3563   -0.7005
    0.7741    0.1221   -0.6212
...   118 T-A ...
  -64.7211   42.2671   31.3001
   -0.4198   -0.6064   -0.6753
   -0.4568    0.7841   -0.4201
    0.7843    0.1321   -0.6062
...   119 A-T ...
  -62.0514   42.9671   29.2286
   -0.5819    0.0701   -0.8102
   -0.0695    0.9884    0.1354
    0.8103    0.1351   -0.5703
...   120 A-T ...
  -59.4471   43.0550   27.2769
   -0.5073    0.6287   -0.5894
    0.2708    0.7656    0.5835
    0.8181    0.1364   -0.5586
...   121 T-A ...
  -57.0215   43.0962   24.9650
   -0.2779    0.9402   -0.1968
    0.4896    0.3149    0.8131
    0.8265    0.1296   -0.5478
...   122 G-C ...
  -54.2331   43.5792   22.9341
    0.0020    0.9253    0.3792
    0.5532   -0.3170    0.7704
    0.8331    0.2082   -0.5125
...   123 T-A ...
  -51.7731   44.4946   20.9618
    0.2589    0.6241    0.7372
    0.4646   -0.7496    0.4714
    0.8468    0.2205   -0.4841
...   124 G-C ...
  -48.8952   45.3260   19.4147
    0.3943    0.0478    0.9178
    0.2572   -0.9645   -0.0602
    0.8823    0.2598   -0.3926
...   125 T-A ...
  -46.1889   46.5979   18.2989
    0.4165   -0.4806    0.7717
    0.0325   -0.8404   -0.5410
    0.9086    0.2504   -0.3344
...   126 C-G ...
  -43.2307   47.3072   17.4289
    0.3599   -0.8825    0.3028
   -0.1890   -0.3868   -0.9026
    0.9137    0.2676   -0.3060
...   127 G-C ...
  -40.2965   47.8029   15.8902
    0.0996   -0.9721   -0.2125
   -0.2807    0.1774   -0.9433
    0.9546    0.1535   -0.2552
...   128 A-T ...
  -37.2249   48.2671   15.1312
   -0.0769   -0.6689   -0.7393
   -0.2849    0.7253   -0.6266
    0.9555    0.1625   -0.2464
...   129 C-G ...
  -33.9301   48.1046   14.6813
   -0.2446   -0.1747   -0.9538
   -0.1939    0.9726   -0.1284
    0.9500    0.1536   -0.2717
...   130 C-G ...
  -30.7287   48.2065   13.4903
   -0.3864    0.3704   -0.8447
   -0.0073    0.9146    0.4043
    0.9223    0.1624   -0.3507
...   131 A-T ...
  -27.5483   49.3023   13.0145
   -0.3601    0.8374   -0.4112
    0.2022    0.5003    0.8419
    0.9107    0.2200   -0.3495
...   132 A-T ...
  -24.6051   49.9846   11.7377
   -0.1933    0.9684    0.1575
    0.3680   -0.0773    0.9266
    0.9095    0.2371   -0.3414
...   133 A-T ...
  -21.7809   50.8563   10.2959
    0.0791    0.7396    0.6684
    0.3952   -0.6388    0.6601
    0.9152    0.2119   -0.3428
...   134 T-A ...
  -19.0082   52.0402    8.9385
    0.2450    0.2904    0.9250
    0.3072   -0.9282    0.2101
    0.9196    0.2327   -0.3166
...   135 G-C ...
  -16.4568   53.8980    7.5292
    0.5336   -0.3334    0.7773
    0.0348   -0.9096   -0.4140
    0.8450    0.2479   -0.4738
...   136 T-A ...
  -14.1679   56.5698    6.1950
    0.5795   -0.7269    0.3684
   -0.3140   -0.6163   -0.7222
    0.7521    0.3028   -0.5854
...   137 G-C ...
  -11.6467   58.0147    4.7338
    0.2454   -0.9541   -0.1717
   -0.6318   -0.0231   -0.7748
    0.7352    0.2986   -0.6085
...   138 A-T ...
   -8.6696   58.7289    3.6172
   -0.0344   -0.7815   -0.6230
   -0.6534    0.4892   -0.5777
    0.7562    0.3872   -0.5274
...   139 G-C ...
   -6.3210   59.0879    1.6442
   -0.2967   -0.3277   -0.8970
   -0.5657    0.8170   -0.1114
    0.7694    0.4744   -0.4278
...   140 C-G ...
   -3.4295   60.2437    1.0437
   -0.4424    0.2288   -0.8671
   -0.1682    0.9286    0.3309
    0.8809    0.2922   -0.3723
...   141 G-C ...
   -0.6892   63.9063   -2.2354
   -0.9992    0.0156   -0.0375
   -0.0024    0.8991    0.4378
    0.0405    0.4375   -0.8983
...   142 C-G ...
   -0.9978   65.6137   -4.9247
   -0.8337    0.5217    0.1810
    0.5169    0.6220    0.5881
    0.1942    0.5839   -0.7882
...   143 T-A ...
   -0.1243   66.2250   -7.8040
   -0.3751    0.8568    0.3538
    0.8856    0.2185    0.4098
    0.2739    0.4670   -0.8407
...   144 C-G ...
   -0.1578   67.4197  -10.7920
    0.1799    0.8792    0.4411
    0.9276   -0.3009    0.2214
    0.3274    0.3694   -0.8697
...   145 A-T ...
    0.5354   69.2487  -13.4512
    0.7352    0.4961    0.4620
    0.6117   -0.7791   -0.1369
    0.2921    0.3832   -0.8763
...   146 C-G ...
    1.4423   72.1064  -15.5857
    0.9808    0.0622    0.1849
    0.1266   -0.9240   -0.3608
    0.1484    0.3773   -0.9141
...   147 A-T ...
    2.3152   74.2410  -18.3712
    0.8657   -0.4292   -0.2574
   -0.4984   -0.7868   -0.3642
   -0.0462    0.4436   -0.8950
