  147 base-pairs
...     1 A-T ...
    0.0000    0.0000    0.0000
    1.0000    0.0000    0.0000
    0.0000    1.0000    0.0000
    0.0000    0.0000    1.0000
...     2 G-C ...
   -0.1394   -1.2357    3.2268
    0.7529    0.6366    0.1670
   -0.6386    0.7680   -0.0486
   -0.1592   -0.0700    0.9848
...     3 T-A ...
   -0.0365   -3.2932    6.3751
    0.2722    0.9301    0.2466
   -0.9238    0.3243   -0.2033
   -0.2691   -0.1725    0.9475
...     4 G-C ...
   -0.3505   -4.1660    9.4928
   -0.3756    0.9250    0.0579
   -0.8781   -0.3352   -0.3415
   -0.2965   -0.1791    0.9381
...     5 A-T ...
   -0.4462   -4.1476   12.7498
   -0.8116    0.5840   -0.0165
   -0.5523   -0.7762   -0.3042
   -0.1905   -0.2378    0.9524
...     6 G-C ...
   -1.5908   -4.1730   15.6201
   -0.9976    0.0246   -0.0651
   -0.0043   -0.9555   -0.2950
   -0.0695   -0.2940    0.9533
...     7 C-G ...
   -1.1030   -4.4824   18.7362
   -0.8441   -0.5304   -0.0787
    0.5345   -0.8441   -0.0432
   -0.0435   -0.0785    0.9960
...     8 G-C ...
   -2.4028   -7.7290   23.1475
   -0.2754   -0.3293   -0.9032
    0.6650   -0.7437    0.0684
   -0.6942   -0.5818    0.4238
...     9 C-G ...
   -4.4690   -9.9728   24.1132
    0.1145   -0.7025   -0.7024
    0.8512   -0.2952    0.4340
   -0.5122   -0.6476    0.5642
...    10 T-A ...
   -6.7405  -10.8752   25.9697
    0.4841   -0.8363   -0.2574
    0.6595    0.1553    0.7355
   -0.5751   -0.5258    0.6267
...    11 C-G ...
   -9.1656  -12.6208   27.1640
    0.7073   -0.6682    0.2307
    0.3448    0.6110    0.7126
   -0.6171   -0.4245    0.6626
...    12 A-T ...
  -10.9234  -14.6633   29.0693
    0.7515   -0.1377    0.6452
   -0.2029    0.8824    0.4246
   -0.6277   -0.4500    0.6352
...    13 C-G ...
  -11.8476  -17.4863   31.2451
    0.4295    0.2823    0.8578
   -0.5708    0.8209    0.0156
   -0.6998   -0.4963    0.5137
...    14 A-T ...
  -13.5897  -19.7827   33.4259
   -0.1504    0.6104    0.7777
   -0.6874    0.5008   -0.5260
   -0.7106   -0.6136    0.3443
...    15 A-T ...
  -15.8196  -21.8368   34.6029
   -0.5403    0.7852    0.3025
   -0.4484    0.0356   -0.8931
   -0.7120   -0.6182    0.3328
...    16 T-A ...
  -17.9234  -23.8319   36.3892
   -0.7309    0.6417   -0.2325
   -0.0559   -0.3958   -0.9166
   -0.6802   -0.6570    0.3252
...    17 T-A ...
  -20.1479  -25.8167   37.7735
   -0.6446    0.2455   -0.7240
    0.4108   -0.6874   -0.5989
   -0.6447   -0.6835    0.3423
...    18 T-A ...
  -22.3630  -27.9301   38.9570
   -0.2738   -0.2043   -0.9399
    0.7160   -0.6957   -0.0574
   -0.6422   -0.6887    0.3367
...    19 A-T ...
  -24.2643  -30.5441   40.1878
    0.2722   -0.6219   -0.7343
    0.7196   -0.3750    0.5844
   -0.6388   -0.6875    0.3455
...    20 T-A ...
  -26.7778  -32.6407   40.8113
    0.6112   -0.7356   -0.2922
    0.4616    0.0314    0.8865
   -0.6430   -0.6767    0.3587
...    21 T-A ...
  -28.9295  -34.9107   41.7291
    0.7491   -0.5831    0.3144
   -0.0122    0.4623    0.8866
   -0.6623   -0.6680    0.3392
...    22 C-G ...
  -31.0632  -37.1546   42.8919
    0.6006   -0.1649    0.7824
   -0.4785    0.7098    0.5169
   -0.6406   -0.6848    0.3474
...    23 G-C ...
  -33.4663  -39.0212   44.4188
    0.3162    0.3645    0.8759
   -0.7576    0.6527    0.0019
   -0.5710   -0.6642    0.4826
...    24 C-G ...
  -35.0211  -41.4431   46.0361
   -0.1030    0.6931    0.7134
   -0.8075    0.3605   -0.4669
   -0.5808   -0.6242    0.5225
...    25 A-T ...
  -37.4031  -43.4950   47.2904
   -0.5440    0.8029    0.2436
   -0.5739   -0.1443   -0.8061
   -0.6121   -0.5784    0.5393
...    26 A-T ...
  -39.4052  -45.3083   49.1640
   -0.7747    0.5630   -0.2878
   -0.1417   -0.5982   -0.7887
   -0.6162   -0.5703    0.5433
...    27 A-T ...
  -41.3755  -46.9726   51.1762
   -0.7162    0.0821   -0.6930
    0.3580   -0.8092   -0.4659
   -0.5990   -0.5818    0.5502
...    28 G-C ...
  -43.6950  -48.5933   53.0564
   -0.3673   -0.3569   -0.8589
    0.6850   -0.7285    0.0098
   -0.6292   -0.5848    0.5120
...    29 G-C ...
  -46.0976  -50.5331   54.6161
    0.1496   -0.6959   -0.7024
    0.7567   -0.3767    0.5344
   -0.6364   -0.6114    0.4702
...    30 C-G ...
  -48.3747  -52.6007   55.8329
    0.5822   -0.7641   -0.2778
    0.5181    0.0854    0.8511
   -0.6266   -0.6394    0.4456
...    31 C-G ...
  -50.6735  -54.7238   57.1449
    0.8073   -0.5404    0.2371
    0.0857    0.5049    0.8589
   -0.5838   -0.6731    0.4539
...    32 G-C ...
  -52.5087  -56.5940   58.8622
    0.7788   -0.1137    0.6169
   -0.3693    0.7119    0.5973
   -0.5071   -0.6930    0.5125
...    33 G-C ...
  -53.9605  -59.0471   60.6602
    0.4632    0.3686    0.8060
   -0.7504    0.6470    0.1353
   -0.4716   -0.6674    0.5763
...    34 C-G ...
  -55.2060  -61.4751   62.5337
   -0.0176    0.7159    0.6980
   -0.8793    0.3212   -0.3516
   -0.4759   -0.6199    0.6239
...    35 C-G ...
  -56.5937  -63.3514   65.0323
   -0.4688    0.8257    0.3139
   -0.7257   -0.1574   -0.6698
   -0.5036   -0.5418    0.6730
...    36 C-G ...
  -58.2923  -64.9170   67.4964
   -0.7722    0.6093   -0.1803
   -0.3487   -0.6435   -0.6814
   -0.5312   -0.4633    0.7094
...    37 G-C ...
  -60.1421  -67.2162   69.3045
   -0.7955    0.1501   -0.5871
    0.1508   -0.8893   -0.4317
   -0.5869   -0.4320    0.6848
...    38 A-T ...
  -62.0860  -68.5450   71.4918
   -0.5455   -0.4242   -0.7228
    0.5960   -0.8027    0.0213
   -0.5892   -0.4192    0.6907
...    39 C-G ...
  -64.4350  -69.6545   73.4292
   -0.1247   -0.7842   -0.6079
    0.7818   -0.4549    0.4265
   -0.6109   -0.4220    0.6698
...    40 A-T ...
  -66.4662  -71.2787   75.6316
    0.4064   -0.8884   -0.2136
    0.6871    0.1431    0.7123
   -0.6022   -0.4363    0.6686
...    41 C-G ...
  -68.6303  -73.0889   77.4749
    0.7179   -0.6667    0.2001
    0.3588    0.6008    0.7144
   -0.5965   -0.4411    0.6705
...    42 G-C ...
  -70.5668  -74.0619   80.0010
    0.8150   -0.1349    0.5636
   -0.1400    0.8979    0.4173
   -0.5624   -0.4190    0.7129
...    43 A-T ...
  -72.5333  -75.4128   82.0983
    0.5790    0.4331    0.6908
   -0.5749    0.8177   -0.0309
   -0.5782   -0.3792    0.7224
...    44 C-G ...
  -73.9853  -77.1551   84.4855
    0.2186    0.8344    0.5060
   -0.8054    0.4470   -0.3893
   -0.5510   -0.3224    0.7697
...    45 T-A ...
  -75.5010  -78.2324   87.5171
   -0.2368    0.9687    0.0748
   -0.7860   -0.1458   -0.6007
   -0.5710   -0.2010    0.7960
...    46 T-A ...
  -77.3646  -78.7253   90.0308
   -0.5797    0.7492   -0.3204
   -0.5491   -0.6497   -0.5258
   -0.6021   -0.1289    0.7880
...    47 A-T ...
  -79.6149  -79.0820   92.4745
   -0.7372    0.2098   -0.6423
   -0.1227   -0.9763   -0.1781
   -0.6645   -0.0525    0.7455
...    48 C-G ...
  -82.0544  -78.5281   94.7298
   -0.6725   -0.3584   -0.6476
    0.2674   -0.9335    0.2389
   -0.6901   -0.0125    0.7236
...    49 T-A ...
  -84.6830  -78.2237   96.8600
   -0.3766   -0.8109   -0.4478
    0.5479   -0.5848    0.5982
   -0.7470   -0.0201    0.6646
...    50 G-C ...
  -87.0673  -78.4651   99.1815
    0.0578   -0.9983   -0.0044
    0.6547    0.0346    0.7551
   -0.7536   -0.0465    0.6556
...    51 T-A ...
  -89.7539  -78.9073  100.9431
    0.3942   -0.8025    0.4479
    0.5102    0.5965    0.6196
   -0.7644   -0.0158    0.6445
...    52 A-T ...
  -92.0855  -77.6128  103.4238
    0.5450   -0.1209    0.8297
    0.1345    0.9893    0.0558
   -0.8276    0.0812    0.5555
...    53 G-C ...
  -94.9442  -77.3086  105.0668
    0.6077    0.4322    0.6663
   -0.1578    0.8879   -0.4321
   -0.7783    0.1575    0.6078
...    54 G-C ...
  -97.4041  -77.0990  107.6088
    0.4917    0.8442    0.2136
   -0.4851    0.4693   -0.7379
   -0.7232    0.2592    0.6402
...    55 T-A ...
  -99.4356  -76.2823  109.9650
    0.2108    0.9442   -0.2531
   -0.6721   -0.0479   -0.7389
   -0.7098    0.3259    0.6245
...    56 A-T ...
 -101.4553  -74.7299  112.3164
   -0.1061    0.6731   -0.7319
   -0.7101   -0.5665   -0.4181
   -0.6961    0.4753    0.5381
...    57 T-A ...
 -103.2353  -72.7095  114.1236
   -0.4338    0.2443   -0.8673
   -0.5704   -0.8195    0.0545
   -0.6974    0.5184    0.4949
...    58 C-G ...
 -105.6672  -70.7207  115.5875
   -0.6739   -0.3679   -0.6407
   -0.1865   -0.7544    0.6294
   -0.7149    0.5436    0.4397
...    59 T-A ...
 -108.2418  -68.8699  116.6641
   -0.6410   -0.7479   -0.1724
    0.1984   -0.3785    0.9041
   -0.7415    0.5453    0.3910
...    60 C-G ...
 -110.6752  -67.2736  118.2722
   -0.3964   -0.7875    0.4719
    0.5356    0.2192    0.8156
   -0.7457    0.5760    0.3349
...    61 G-C ...
 -112.5585  -64.9488  119.8106
   -0.0064   -0.4572    0.8893
    0.6866    0.6446    0.3363
   -0.7270    0.6127    0.3098
...    62 A-T ...
 -114.6327  -62.4581  120.4758
    0.4431    0.0566    0.8947
    0.5861    0.7369   -0.3369
   -0.6783    0.6737    0.2933
...    63 G-C ...
 -116.8830  -60.1970  121.3614
    0.7233    0.4401    0.5322
    0.2705    0.5285   -0.8047
   -0.6354    0.7259    0.2632
...    64 C-G ...
 -119.1243  -57.9414  122.6528
    0.7804    0.6220   -0.0639
   -0.1973    0.1479   -0.9691
   -0.5933    0.7690    0.2381
...    65 T-A ...
 -120.9704  -55.3331  123.6659
    0.6197    0.5025   -0.6029
   -0.5941   -0.2016   -0.7787
   -0.5128    0.8408    0.1736
...    66 C-G ...
 -122.5904  -52.4637  123.9521
    0.1926    0.2225   -0.9557
   -0.8805   -0.3908   -0.2684
   -0.4332    0.8932    0.1206
...    67 G-C ...
 -124.6365  -49.7399  123.6633
   -0.3062   -0.1205   -0.9443
   -0.8757   -0.3534    0.3291
   -0.3734    0.9277    0.0027
...    68 G-C ...
 -125.7803  -46.5506  123.0445
   -0.7375   -0.3557   -0.5740
   -0.5619   -0.1483    0.8138
   -0.3746    0.9227   -0.0905
...    69 G-C ...
 -127.3389  -43.6464  122.2227
   -0.9014   -0.4329    0.0093
   -0.0695    0.1658    0.9837
   -0.4274    0.8861   -0.1795
...    70 A-T ...
 -128.7741  -40.7072  121.2249
   -0.7631   -0.1677    0.6241
    0.5220    0.4095    0.7482
   -0.3811    0.8968   -0.2249
...    71 T-A ...
 -130.4265  -38.0343  120.1259
   -0.3609    0.1052    0.9266
    0.8574    0.4282    0.2853
   -0.3668    0.8975   -0.2448
...    72 C-G ...
 -131.9309  -35.1010  119.2190
    0.2558    0.3967    0.8816
    0.9056    0.2209   -0.3622
   -0.3384    0.8910   -0.3027
...    73 C-G ...
 -133.1823  -32.3197  117.8795
    0.7479    0.3384    0.5711
    0.6258   -0.0722   -0.7767
   -0.2216    0.9382   -0.2658
...    74 G-C ...
 -133.5964  -29.2644  116.5437
    0.9931    0.1021    0.0572
    0.0826   -0.2656   -0.9605
   -0.0829    0.9587   -0.2723
...    75 C-G ...
 -133.8996  -25.8503  116.0695
    0.8615   -0.1159   -0.4943
   -0.5048   -0.2998   -0.8095
   -0.0544    0.9469   -0.3168
...    76 T-A ...
 -133.6411  -22.5176  115.1425
    0.4139   -0.3387   -0.8450
   -0.9103   -0.1451   -0.3877
    0.0087    0.9297   -0.3683
...    77 T-A ...
 -133.2630  -19.5486  113.8587
   -0.1973   -0.3839   -0.9021
   -0.9799    0.1047    0.1697
    0.0293    0.9174   -0.3968
...    78 T-A ...
 -132.9008  -16.6699  112.3898
   -0.7460   -0.2251   -0.6268
   -0.6634    0.3341    0.6696
    0.0587    0.9153   -0.3985
...    79 T-A ...
 -132.5438  -13.7551  110.9857
   -0.9923    0.0580   -0.1098
   -0.0779    0.3981    0.9140
    0.0968    0.9155   -0.3905
...    80 C-G ...
 -132.2964  -10.5715  109.8963
   -0.8176    0.3459    0.4604
    0.5617    0.3029    0.7699
    0.1269    0.8880   -0.4419
...    81 A-T ...
 -131.3706   -7.6671  108.4042
   -0.3387    0.4068    0.8484
    0.9355    0.0493    0.3498
    0.1005    0.9122   -0.3972
...    82 T-A ...
 -131.5382   -4.6883  106.9975
    0.2033    0.3748    0.9045
    0.9726   -0.1835   -0.1426
    0.1125    0.9088   -0.4019
...    83 G-C ...
 -131.2441   -1.5649  105.5023
    0.7545    0.1353    0.6421
    0.6294   -0.4264   -0.6497
    0.1859    0.8943   -0.4069
...    84 T-A ...
 -130.9123    1.6592  104.6012
    0.9732   -0.1320    0.1886
    0.1088   -0.4582   -0.8821
    0.2028    0.8790   -0.4316
...    85 T-A ...
 -130.1406    4.4606  103.3761
    0.8478   -0.4416   -0.2938
   -0.4523   -0.3127   -0.8352
    0.2769    0.8410   -0.4649
...    86 A-T ...
 -129.2061    7.0470  101.5274
    0.3999   -0.6506   -0.6456
   -0.8417    0.0183   -0.5397
    0.3629    0.7592   -0.5402
...    87 T-A ...
 -127.3557    9.2501  100.0075
   -0.1008   -0.5677   -0.8170
   -0.9193    0.3673   -0.1417
    0.3805    0.7368   -0.5589
...    88 A-T ...
 -126.2514   11.7204   97.9994
   -0.6545   -0.2616   -0.7094
   -0.6478    0.6779    0.3476
    0.3900    0.6870   -0.6131
...    89 A-T ...
 -124.9488   13.7024   95.8353
   -0.9057    0.1934   -0.3773
   -0.1279    0.7238    0.6780
    0.4042    0.6623   -0.6308
...    90 C-G ...
 -123.6806   15.4635   93.1024
   -0.7991    0.5990    0.0507
    0.4141    0.4874    0.7688
    0.4358    0.6353   -0.6375
...    91 G-C ...
 -122.1770   17.6592   91.1654
   -0.3347    0.7896    0.5143
    0.8379   -0.0003    0.5458
    0.4311    0.6136   -0.6616
...    92 G-C ...
 -120.8889   19.6179   88.7902
    0.1514    0.6221    0.7681
    0.8811   -0.4372    0.1804
    0.4480    0.6495   -0.6144
...    93 A-T ...
 -119.5814   21.7977   86.5723
    0.6509    0.2238    0.7255
    0.5947   -0.7443   -0.3039
    0.4719    0.6292   -0.6175
...    94 A-T ...
 -118.0482   23.9632   84.6834
    0.8732   -0.2663    0.4082
    0.0908   -0.7339   -0.6731
    0.4789    0.6248   -0.6166
...    95 A-T ...
 -116.4265   26.1625   82.8992
    0.7526   -0.6576   -0.0331
   -0.4316   -0.4548   -0.7790
    0.4973    0.6006   -0.6261
...    96 C-G ...
 -114.3517   28.2537   81.2925
    0.3860   -0.8195   -0.4237
   -0.7666   -0.0294   -0.6414
    0.5131    0.5724   -0.6396
...    97 A-T ...
 -112.4972   29.9069   78.9848
   -0.1880   -0.7393   -0.6466
   -0.8234    0.4775   -0.3065
    0.5353    0.4748   -0.6986
...    98 C-G ...
 -110.3610   30.8332   76.5426
   -0.6161   -0.3807   -0.6895
   -0.5758    0.8151    0.0644
    0.5375    0.4367   -0.7214
...    99 T-A ...
 -108.2773   31.7081   73.7068
   -0.8514    0.1554   -0.5010
   -0.0908    0.8970    0.4326
    0.5167    0.4137   -0.7496
...   100 T-A ...
 -106.6224   32.7280   71.0613
   -0.7003    0.6885   -0.1887
    0.4409    0.6250    0.6442
    0.5614    0.3679   -0.7412
...   101 T-A ...
 -104.9249   33.6769   68.4001
   -0.2704    0.9446    0.1859
    0.7583    0.0900    0.6457
    0.5932    0.3155   -0.7406
...   102 A-T ...
 -102.5569   34.5197   65.9957
    0.3526    0.7690    0.5331
    0.7146   -0.5892    0.3772
    0.6042    0.2479   -0.7573
...   103 T-A ...
 -101.0383   35.8528   63.4414
    0.6363    0.3765    0.6733
    0.4480   -0.8909    0.0749
    0.6281    0.2540   -0.7355
...   104 G-C ...
  -98.8818   36.9310   61.1455
    0.7110   -0.2707    0.6489
   -0.0117   -0.9274   -0.3740
    0.7030    0.2583   -0.6626
...   105 C-G ...
  -96.3150   37.9188   59.3699
    0.5401   -0.7516    0.3787
   -0.4079   -0.6274   -0.6633
    0.7361    0.2038   -0.6454
...   106 T-A ...
  -93.4265   38.5741   57.5534
    0.1772   -0.9830   -0.0488
   -0.6125   -0.0714   -0.7872
    0.7703    0.1694   -0.6147
...   107 T-A ...
  -90.8010   38.9385   55.7464
   -0.2412   -0.8590   -0.4515
   -0.5780    0.5009   -0.6442
    0.7796    0.1056   -0.6174
...   108 C-G ...
  -88.1641   38.9794   53.6781
   -0.5619   -0.3937   -0.7275
   -0.3010    0.9165   -0.2636
    0.7705    0.0708   -0.6335
...   109 C-G ...
  -85.7193   38.9551   51.4406
   -0.6994    0.1574   -0.6971
    0.0726    0.9860    0.1498
    0.7110    0.0542   -0.7011
...   110 G-C ...
  -83.5652   39.4660   49.2720
   -0.6117    0.6501   -0.4508
    0.4540    0.7551    0.4730
    0.6479    0.0847   -0.7570
...   111 G-C ...
  -81.6955   39.8575   46.4779
   -0.2802    0.9580   -0.0616
    0.7316    0.2546    0.6324
    0.6215    0.1321   -0.7722
...   112 C-G ...
  -80.0817   40.3803   43.5769
    0.1557    0.9283    0.3377
    0.7613   -0.3306    0.5577
    0.6294    0.1703   -0.7582
...   113 T-A ...
  -78.1458   41.0383   40.9492
    0.5112    0.5933    0.6218
    0.5632   -0.7777    0.2792
    0.6492    0.2075   -0.7317
...   114 C-G ...
  -75.8890   41.6492   38.5690
    0.7232    0.0031    0.6907
    0.1617   -0.9730   -0.1649
    0.6715    0.2310   -0.7041
...   115 G-C ...
  -73.5996   41.8661   36.1227
    0.6154   -0.5974    0.5142
   -0.2844   -0.7767   -0.5619
    0.7351    0.1996   -0.6479
...   116 T-A ...
  -70.7311   42.6425   34.6049
    0.3257   -0.9324    0.1564
   -0.5634   -0.3243   -0.7599
    0.7593    0.1594   -0.6310
...   117 A-T ...
  -67.8373   43.0164   32.8203
   -0.1184   -0.9494   -0.2908
   -0.6171    0.2998   -0.7275
    0.7779    0.0933   -0.6214
...   118 T-A ...
  -64.9399   42.9120   31.2752
   -0.4056   -0.6532   -0.6393
   -0.4637    0.7498   -0.4720
    0.7877    0.1050   -0.6071
...   119 A-T ...
  -62.2515   43.5359   29.1865
   -0.5719    0.0223   -0.8200
   -0.0803    0.9933    0.0831
    0.8164    0.1134   -0.5663
...   120 A-T ...
  -59.6181   43.5515   27.2696
   -0.5048    0.5946   -0.6258
    0.2574    0.7956    0.5483
    0.8240    0.1157   -0.5547
...   121 T-A ...
  -57.1617   43.5025   24.9895
   -0.2815    0.9279   -0.2444
    0.4776    0.3563    0.8031
    0.8323    0.1093   -0.5434
...   122 G-C ...
  -54.3396   43.9063   22.9825
   -0.0052    0.9408    0.3390
    0.5458   -0.2814    0.7892
    0.8379    0.1891   -0.5120
...   123 T-A ...
  -51.8585   44.7442   20.9953
    0.2514    0.6532    0.7142
    0.4607   -0.7297    0.5052
    0.8512    0.2021   -0.4844
...   124 G-C ...
  -48.9596   45.5052   19.4377
    0.3889    0.0797    0.9178
    0.2562   -0.9663   -0.0246
    0.8850    0.2447   -0.3962
...   125 T-A ...
  -46.2423   46.7312   18.2947
    0.4119   -0.4559    0.7889
    0.0334   -0.8577   -0.5131
    0.9106    0.2377   -0.3381
...   126 C-G ...
  -43.2759   47.4063   17.4134
    0.3568   -0.8737    0.3306
   -0.1867   -0.4135   -0.8912
    0.9153    0.2563   -0.3107
...   127 G-C ...
  -40.3363   47.8554   15.8491
    0.1004   -0.9763   -0.1916
   -0.2796    0.1571   -0.9472
    0.9549    0.1486   -0.2572
...   128 A-T ...
  -37.2609   48.3059   15.0830
   -0.0755   -0.6826   -0.7269
   -0.2844    0.7134   -0.6404
    0.9557    0.1584   -0.2480
...   129 C-G ...
  -33.9638   48.1388   14.6396
   -0.2431   -0.1902   -0.9512
   -0.1946    0.9702   -0.1443
    0.9503    0.1500   -0.2729
...   130 C-G ...
  -30.7572   48.2351   13.4607
   -0.3851    0.3598   -0.8499
   -0.0086    0.9195    0.3931
    0.9228    0.1587   -0.3510
...   131 A-T ...
  -27.5655   49.3310   12.9979
   -0.3576    0.8351   -0.4180
    0.2012    0.5060    0.8388
    0.9120    0.2158   -0.3489
...   132 A-T ...
  -24.6144   49.9993   11.7315
   -0.1923    0.9693    0.1532
    0.3664   -0.0739    0.9275
    0.9104    0.2345   -0.3410
...   133 A-T ...
  -21.7850   50.8621   10.2930
    0.0788    0.7413    0.6665
    0.3943   -0.6373    0.6621
    0.9156    0.2106   -0.3425
...   134 T-A ...
  -19.0084   52.0402    8.9386
    0.2450    0.2904    0.9250
    0.3072   -0.9282    0.2101
    0.9196    0.2327   -0.3166
...   135 G-C ...
  -16.4569   53.8980    7.5292
    0.5336   -0.3334    0.7773
    0.0348   -0.9096   -0.4140
    0.8450    0.2479   -0.4738
...   136 T-A ...
  -14.1681   56.5698    6.1950
    0.5795   -0.7269    0.3684
   -0.3140   -0.6163   -0.7222
    0.7521    0.3028   -0.5854
...   137 G-C ...
  -11.6469   58.0146    4.7338
    0.2454   -0.9541   -0.1717
   -0.6318   -0.0231   -0.7748
    0.7352    0.2986   -0.6085
...   138 A-T ...
   -8.6698   58.7289    3.6172
   -0.0344   -0.7815   -0.6230
   -0.6534    0.4892   -0.5777
    0.7562    0.3872   -0.5274
...   139 G-C ...
   -6.3211   59.0879    1.6442
   -0.2967   -0.3277   -0.8970
   -0.5657    0.8170   -0.1114
    0.7694    0.4744   -0.4278
...   140 C-G ...
   -3.4296   60.2437    1.0437
   -0.4424    0.2288   -0.8671
   -0.1682    0.9286    0.3309
    0.8809    0.2922   -0.3723
...   141 G-C ...
   -0.6893   63.9063   -2.2354
   -0.9992    0.0156   -0.0375
   -0.0024    0.8991    0.4378
    0.0405    0.4375   -0.8983
...   142 C-G ...
   -0.9980   65.6137   -4.9247
   -0.8337    0.5217    0.1810
    0.5169    0.6220    0.5881
    0.1942    0.5839   -0.7882
...   143 T-A ...
   -0.1244   66.2250   -7.8040
   -0.3751    0.8568    0.3538
    0.8856    0.2185    0.4098
    0.2739    0.4670   -0.8408
...   144 C-G ...
   -0.1580   67.4197  -10.7920
    0.1799    0.8792    0.4411
    0.9276   -0.3009    0.2214
    0.3274    0.3694   -0.8697
...   145 A-T ...
    0.5352   69.2487  -13.4512
    0.7352    0.4961    0.4620
    0.6117   -0.7791   -0.1369
    0.2921    0.3832   -0.8763
...   146 C-G ...
    1.4421   72.1064  -15.5857
    0.9808    0.0622    0.1849
    0.1266   -0.9240   -0.3608
    0.1484    0.3773   -0.9141
...   147 A-T ...
    2.3150   74.2410  -18.3712
    0.8657   -0.4292   -0.2574
   -0.4984   -0.7868   -0.3642
   -0.0462    0.4436   -0.8950
