  147 base-pairs
...     1 A-T ...
    0.0000    0.0000    0.0000
    1.0000    0.0000    0.0000
    0.0000    1.0000    0.0000
    0.0000    0.0000    1.0000
...     2 G-C ...
   -0.1394   -1.2357    3.2268
    0.7529    0.6366    0.1670
   -0.6386    0.7680   -0.0486
   -0.1592   -0.0700    0.9848
...     3 T-A ...
   -0.0365   -3.2932    6.3751
    0.2722    0.9301    0.2466
   -0.9238    0.3243   -0.2033
   -0.2691   -0.1725    0.9475
...     4 G-C ...
   -0.3505   -4.1660    9.4928
   -0.3756    0.9250    0.0579
   -0.8781   -0.3352   -0.3415
   -0.2965   -0.1791    0.9381
...     5 A-T ...
   -0.4462   -4.1476   12.7498
   -0.8116    0.5840   -0.0165
   -0.5523   -0.7762   -0.3042
   -0.1905   -0.2378    0.9524
...     6 G-C ...
   -1.5908   -4.1730   15.6201
   -0.9976    0.0246   -0.0651
   -0.0043   -0.9555   -0.2950
   -0.0695   -0.2940    0.9533
...     7 C-G ...
   -1.1030   -4.4824   18.7362
   -0.8441   -0.5304   -0.0787
    0.5345   -0.8441   -0.0432
   -0.0435   -0.0785    0.9960
...     8 G-C ...
   -2.4028   -7.7290   23.1475
   -0.2754   -0.3293   -0.9032
    0.6650   -0.7437    0.0684
   -0.6942   -0.5818    0.4238
...     9 C-G ...
   -4.4690   -9.9728   24.1132
    0.1145   -0.7025   -0.7024
    0.8512   -0.2952    0.4340
   -0.5122   -0.6476    0.5642
...    10 T-A ...
   -6.7405  -10.8752   25.9697
    0.4841   -0.8363   -0.2574
    0.6595    0.1553    0.7355
   -0.5751   -0.5258    0.6267
...    11 C-G ...
   -9.1656  -12.6208   27.1640
    0.7073   -0.6682    0.2307
    0.3448    0.6110    0.7126
   -0.6171   -0.4245    0.6626
...    12 A-T ...
  -10.9234  -14.6633   29.0693
    0.7515   -0.1377    0.6452
   -0.2029    0.8824    0.4246
   -0.6277   -0.4500    0.6352
...    13 C-G ...
  -11.8476  -17.4863   31.2451
    0.4295    0.2823    0.8578
   -0.5708    0.8209    0.0156
   -0.6998   -0.4963    0.5137
...    14 A-T ...
  -13.5897  -19.7827   33.4259
   -0.1504    0.6104    0.7777
   -0.6874    0.5008   -0.5260
   -0.7106   -0.6136    0.3443
...    15 A-T ...
  -15.7348  -21.8866   34.6893
   -0.5419    0.7772    0.3198
   -0.4523    0.0510   -0.8904
   -0.7084   -0.6272    0.3239
...    16 T-A ...
  -17.8202  -23.8253   36.3591
   -0.6972    0.6906   -0.1920
   -0.0985   -0.3576   -0.9287
   -0.7100   -0.6286    0.3173
...    17 T-A ...
  -20.1356  -25.7598   37.5652
   -0.6160    0.3539   -0.7038
    0.3333   -0.6924   -0.6399
   -0.7138   -0.6287    0.3086
...    18 T-A ...
  -22.5632  -27.6321   38.6382
   -0.2960   -0.1133   -0.9484
    0.6296   -0.7699   -0.1045
   -0.7183   -0.6281    0.2992
...    19 A-T ...
  -24.7693  -30.0127   39.6045
    0.1939   -0.5567   -0.8078
    0.6600   -0.5351    0.5273
   -0.7258   -0.6354    0.2637
...    20 T-A ...
  -27.5074  -31.8325   39.9397
    0.5077   -0.7559   -0.4132
    0.4585   -0.1690    0.8725
   -0.7294   -0.6324    0.2608
...    21 T-A ...
  -29.9693  -33.8888   40.5237
    0.6650   -0.7224    0.1896
    0.0685    0.3118    0.9477
   -0.7437   -0.6172    0.2569
...    22 C-G ...
  -32.3725  -36.0299   41.2985
    0.5774   -0.3736    0.7259
   -0.3576    0.6836    0.6363
   -0.7340   -0.6270    0.2611
...    23 G-C ...
  -35.0124  -37.8465   42.4052
    0.3215    0.1518    0.9347
   -0.6398    0.7625    0.0963
   -0.6981   -0.6289    0.3423
...    24 C-G ...
  -37.0358  -40.2329   43.5970
   -0.0666    0.5808    0.8113
   -0.7092    0.5444   -0.4479
   -0.7018   -0.6053    0.3756
...    25 A-T ...
  -39.5727  -42.1493   44.6845
   -0.4042    0.8451    0.3500
   -0.5440    0.0855   -0.8347
   -0.7353   -0.5278    0.4252
...    26 A-T ...
  -41.8783  -43.8098   46.2559
   -0.6374    0.7417   -0.2090
   -0.2054   -0.4249   -0.8816
   -0.7426   -0.5190    0.4232
...    27 A-T ...
  -44.3108  -45.3282   47.7770
   -0.6287    0.3594   -0.6896
    0.2001   -0.7821   -0.5901
   -0.7514   -0.5090    0.4198
...    28 G-C ...
  -46.9806  -46.7415   49.1798
   -0.3672   -0.0966   -0.9251
    0.4933   -0.8634   -0.1056
   -0.7886   -0.4951    0.3647
...    29 G-C ...
  -49.8697  -48.2486   50.1166
    0.0316   -0.5318   -0.8463
    0.5821   -0.6785    0.4481
   -0.8125   -0.5068    0.2881
...    30 C-G ...
  -52.7834  -49.8100   50.6734
    0.3777   -0.8086   -0.4511
    0.4449   -0.2688    0.8543
   -0.8120   -0.5234    0.2582
...    31 C-G ...
  -55.5434  -51.7228   51.2233
    0.6092   -0.7866    0.1008
    0.1319    0.2258    0.9652
   -0.7820   -0.5747    0.2413
...    32 G-C ...
  -58.1501  -53.5220   52.4306
    0.6335   -0.4551    0.6257
   -0.2585    0.6378    0.7256
   -0.7293   -0.6214    0.2864
...    33 G-C ...
  -60.5155  -55.8273   53.2457
    0.4324    0.0331    0.9011
   -0.5704    0.7840    0.2450
   -0.6983   -0.6199    0.3579
...    34 C-G ...
  -62.5499  -58.2079   54.4085
    0.0762    0.4986    0.8635
   -0.7117    0.6337   -0.3031
   -0.6983   -0.5914    0.4031
...    35 C-G ...
  -64.7027  -60.3129   55.9597
   -0.2586    0.8241    0.5040
   -0.6438    0.2419   -0.7259
   -0.7201   -0.5122    0.4680
...    36 C-G ...
  -67.0213  -61.9168   57.8169
   -0.4946    0.8685   -0.0341
   -0.4139   -0.2699   -0.8694
   -0.7642   -0.4158    0.4930
...    37 G-C ...
  -69.8531  -63.2598   59.1043
   -0.5422    0.6042   -0.5840
   -0.1060   -0.7386   -0.6658
   -0.8336   -0.2990    0.4645
...    38 A-T ...
  -72.6897  -64.0943   60.5634
   -0.4699    0.0435   -0.8816
    0.2154   -0.9630   -0.1623
   -0.8560   -0.2661    0.4432
...    39 C-G ...
  -75.7561  -64.3598   61.8663
   -0.2665   -0.4828   -0.8342
    0.4138   -0.8390    0.3534
   -0.8705   -0.2510    0.4234
...    40 A-T ...
  -78.5320  -65.4941   63.3577
    0.0787   -0.8789   -0.4704
    0.4614   -0.3862    0.7987
   -0.8837   -0.2799    0.3752
...    41 C-G ...
  -81.7222  -66.3720   64.0004
    0.3161   -0.9476    0.0464
    0.3395    0.1586    0.9271
   -0.8859   -0.2773    0.3719
...    42 G-C ...
  -84.5878  -67.1062   65.6506
    0.5160   -0.6505    0.5574
    0.0916    0.6888    0.7191
   -0.8517   -0.3200    0.4150
...    43 A-T ...
  -87.4574  -68.1746   66.8921
    0.4867   -0.0904    0.8689
   -0.2228    0.9489    0.2236
   -0.8447   -0.3024    0.4417
...    44 C-G ...
  -90.0132  -69.7413   68.3213
    0.3242    0.4464    0.8340
   -0.4439    0.8504   -0.2825
   -0.8354   -0.2786    0.4739
...    45 T-A ...
  -92.6026  -70.8016   70.1148
    0.1090    0.8575    0.5027
   -0.5591    0.4711   -0.6823
   -0.8219   -0.2067    0.5308
...    46 T-A ...
  -95.1538  -71.4639   71.9880
   -0.1919    0.9814   -0.0051
   -0.5295   -0.1079   -0.8414
   -0.8263   -0.1587    0.5403
...    47 A-T ...
  -98.0188  -71.8088   73.6921
   -0.3786    0.7352   -0.5622
   -0.3560   -0.6764   -0.6448
   -0.8544   -0.0440    0.5178
...    48 C-G ...
 -100.6807  -71.3179   75.6051
   -0.4821    0.2575   -0.8374
   -0.1291   -0.9663   -0.2228
   -0.8666    0.0007    0.4991
...    49 T-A ...
 -103.6497  -70.9520   77.0778
   -0.4407   -0.3203   -0.8385
    0.1091   -0.9464    0.3041
   -0.8910    0.0425    0.4520
...    50 G-C ...
 -106.6244  -71.2326   78.6009
   -0.2549   -0.8343   -0.4889
    0.3169   -0.5498    0.7729
   -0.9136    0.0420    0.4045
...    51 T-A ...
 -109.9030  -70.9250   79.3685
   -0.0492   -0.9985    0.0258
    0.4073    0.0036    0.9133
   -0.9120    0.0554    0.4065
...    52 A-T ...
 -112.6951  -70.2301   81.3157
    0.1578   -0.7033    0.6932
    0.3804    0.6911    0.6145
   -0.9112    0.1667    0.3766
...    53 G-C ...
 -115.8276  -69.8857   82.4507
    0.3880   -0.2065    0.8982
    0.2547    0.9606    0.1108
   -0.8858    0.1858    0.4253
...    54 G-C ...
 -118.9259  -69.4646   83.7870
    0.5501    0.3495    0.7584
    0.0128    0.9046   -0.4261
   -0.8350    0.2441    0.4932
...    55 T-A ...
 -121.5316  -69.1176   85.7857
    0.5238    0.7613    0.3822
   -0.2757    0.5760   -0.7695
   -0.8060    0.2977    0.5116
...    56 A-T ...
 -124.0885  -67.9530   87.6058
    0.3964    0.8931   -0.2129
   -0.5580    0.0502   -0.8283
   -0.7291    0.4471    0.5182
...    57 T-A ...
 -125.9738  -66.3382   89.7229
    0.0875    0.7753   -0.6254
   -0.6954   -0.4020   -0.5957
   -0.7133    0.4871    0.5040
...    58 C-G ...
 -128.2537  -64.5076   91.1994
   -0.3098    0.3581   -0.8808
   -0.6482   -0.7573   -0.0799
   -0.6956    0.5461    0.4667
...    59 T-A ...
 -130.4446  -62.3539   92.4834
   -0.5857   -0.1432   -0.7978
   -0.4181   -0.7899    0.4487
   -0.6944    0.5963    0.4027
...    60 C-G ...
 -132.8440  -60.3494   93.5834
   -0.7310   -0.5885   -0.3456
    0.0076   -0.5133    0.8582
   -0.6824    0.6247    0.3797
...    61 G-C ...
 -135.1414  -58.5169   95.2795
   -0.5671   -0.7891    0.2358
    0.4239   -0.0342    0.9051
   -0.7062    0.6133    0.3539
...    62 A-T ...
 -137.4894  -56.3940   96.3092
   -0.1944   -0.6241    0.7568
    0.7018    0.4505    0.5519
   -0.6853    0.6384    0.3504
...    63 G-C ...
 -139.9616  -54.3850   97.3506
    0.2572   -0.2886    0.9223
    0.7151    0.6988    0.0192
   -0.6500    0.6545    0.3861
...    64 T-A ...
 -142.4828  -52.6743   98.7258
    0.6270    0.1124    0.7709
    0.4796    0.7241   -0.4956
   -0.6139    0.6805    0.4001
...    65 C-G ...
 -144.5646  -50.4724  100.0143
    0.8320    0.4726    0.2905
    0.0182    0.5002   -0.8657
   -0.5544    0.7256    0.4076
...    66 A-T ...
 -146.3566  -47.9057  101.2710
    0.7747    0.5460   -0.3189
   -0.4741    0.1679   -0.8643
   -0.4184    0.8208    0.3889
...    67 T-A ...
 -147.2008  -45.2504  102.9563
    0.4480    0.5147   -0.7310
   -0.8084   -0.1160   -0.5771
   -0.3818    0.8495    0.3641
...    68 G-C ...
 -148.4837  -42.2343  103.7433
   -0.0568    0.2399   -0.9691
   -0.9467   -0.3213   -0.0240
   -0.3171    0.9161    0.2454
...    69 T-A ...
 -148.9665  -38.9868  104.2035
   -0.5523    0.0037   -0.8336
   -0.7776   -0.3626    0.5136
   -0.3004    0.9319    0.2032
...    70 T-A ...
 -149.7361  -35.8424  104.6283
   -0.9221   -0.1653   -0.3499
   -0.2970   -0.2774    0.9137
   -0.2481    0.9464    0.2067
...    71 A-T ...
 -150.3367  -32.7466  106.1413
   -0.8891   -0.1724    0.4241
    0.4458   -0.1150    0.8877
   -0.1043    0.9783    0.1791
...    72 T-A ...
 -151.0755  -29.4842  106.1419
   -0.5186   -0.1553    0.8408
    0.8529   -0.0244    0.5215
   -0.0605    0.9876    0.1451
...    73 A-T ...
 -150.3923  -26.0924  106.4656
    0.2136   -0.0376    0.9762
    0.9769    0.0163   -0.2131
   -0.0079    0.9992    0.0402
...    74 A-T ...
 -150.6261  -22.8492  106.6235
    0.7513   -0.0141    0.6598
    0.6598   -0.0010   -0.7514
    0.0112    0.9999    0.0085
...    75 C-G ...
 -150.8487  -19.6043  107.1650
    0.9861   -0.0681    0.1513
    0.1514   -0.0037   -0.9885
    0.0679    0.9977    0.0067
...    76 G-C ...
 -150.5223  -16.2483  106.8082
    0.8738   -0.2337   -0.4264
   -0.4265    0.0527   -0.9030
    0.2335    0.9709   -0.0536
...    77 G-C ...
 -149.2962  -13.1133  106.6714
    0.4591   -0.2906   -0.8395
   -0.8229    0.2169   -0.5251
    0.3347    0.9319   -0.1396
...    78 A-T ...
 -148.0345  -10.1556  105.9970
   -0.1436   -0.1588   -0.9768
   -0.9166    0.3935    0.0708
    0.3731    0.9055   -0.2021
...    79 C-G ...
 -146.2794   -7.5206  104.9667
   -0.6259    0.0533   -0.7780
   -0.6778    0.4563    0.5766
    0.3857    0.8882   -0.2495
...    80 T-A ...
 -144.9418   -4.7176  103.7204
   -0.9073    0.2746   -0.3183
   -0.1929    0.4009    0.8956
    0.3735    0.8740   -0.3108
...    81 C-G ...
 -143.8098   -1.8257  102.5388
   -0.8231    0.4833    0.2981
    0.4175    0.1591    0.8947
    0.3849    0.8609   -0.3327
...    82 G-C ...
 -142.1968    1.0688  101.8084
   -0.4182    0.4537    0.7870
    0.8312   -0.1582    0.5329
    0.3662    0.8770   -0.3109
...    83 G-C ...
 -141.0795    4.0272  100.5467
    0.1194    0.2366    0.9642
    0.9116   -0.4108   -0.0121
    0.3933    0.8805   -0.2648
...    84 G-C ...
 -139.9380    7.0533   99.5114
    0.5845   -0.1067    0.8044
    0.6688   -0.4980   -0.5520
    0.4594    0.8606   -0.2197
...    85 A-T ...
 -138.5101    9.9081   98.7380
    0.8424   -0.4304    0.3243
    0.1751   -0.3506   -0.9200
    0.5097    0.8318   -0.2200
...    86 T-A ...
 -136.7991   12.6963   98.6584
    0.7957   -0.5770   -0.1840
   -0.2808   -0.0824   -0.9562
    0.5366    0.8126   -0.2276
...    87 C-G ...
 -134.9063   15.2566   97.9043
    0.4345   -0.5699   -0.6975
   -0.6841    0.2950   -0.6671
    0.5859    0.7670   -0.2617
...    88 C-G ...
 -132.5912   17.4917   96.8702
   -0.0801   -0.3872   -0.9185
   -0.7740    0.6048   -0.1875
    0.6281    0.6959   -0.3481
...    89 G-C ...
 -130.7960   19.9017   95.2871
   -0.5756   -0.0390   -0.8168
   -0.5312    0.7772    0.3373
    0.6216    0.6280   -0.4681
...    90 C-G ...
 -128.7228   21.6495   93.3080
   -0.7906    0.3927   -0.4698
   -0.0870    0.6875    0.7210
    0.6061    0.6109   -0.5094
...    91 T-A ...
 -126.8391   23.5380   91.2723
   -0.7161    0.6975    0.0255
    0.3912    0.3708    0.8423
    0.5781    0.6132   -0.5384
...    92 T-A ...
 -125.0671   25.3981   89.2438
   -0.3013    0.8131    0.4980
    0.7351   -0.1346    0.6645
    0.6074    0.5663   -0.5572
...    93 T-A ...
 -123.2930   27.2445   87.2094
    0.2303    0.5925    0.7719
    0.7537   -0.6104    0.2437
    0.6156    0.5257   -0.5871
...    94 A-T ...
 -120.8857   28.4423   85.0636
    0.6944    0.0440    0.7183
    0.3824   -0.8681   -0.3166
    0.6096    0.4945   -0.6196
...    95 A-T ...
 -118.9501   30.2138   83.1416
    0.7842   -0.4806    0.3924
   -0.1125   -0.7321   -0.6718
    0.6102    0.4827   -0.6283
...    96 C-G ...
 -116.7330   32.1059   81.5639
    0.5714   -0.8206   -0.0088
   -0.5164   -0.3511   -0.7810
    0.6378    0.4508   -0.6244
...    97 A-T ...
 -114.6877   33.4526   79.2488
    0.0819   -0.9145   -0.3962
   -0.7311    0.2151   -0.6475
    0.6773    0.3427   -0.6510
...    98 C-G ...
 -112.0191   34.1793   77.4075
   -0.3533   -0.6640   -0.6590
   -0.6438    0.6837   -0.3437
    0.6788    0.3028   -0.6690
...    99 T-A ...
 -109.6827   34.7967   75.0979
   -0.6898   -0.1906   -0.6985
   -0.3125    0.9486    0.0498
    0.6531    0.2526   -0.7139
...   100 T-A ...
 -107.5294   35.3517   72.7138
   -0.7282    0.4157   -0.5449
    0.1630    0.8773    0.4514
    0.6657    0.2399   -0.7066
...   101 T-A ...
 -105.4375   35.8931   70.2656
   -0.4646    0.8650   -0.1893
    0.5649    0.4541    0.6890
    0.6820    0.2132   -0.6996
...   102 A-T ...
 -102.7056   36.5696   68.2950
    0.0706    0.9543    0.2902
    0.7188   -0.2504    0.6486
    0.6917    0.1629   -0.7036
...   103 T-A ...
 -100.9314   37.3939   65.6147
    0.4508    0.6808    0.5773
    0.5677   -0.7177    0.4032
    0.6888    0.1460   -0.7101
...   104 G-C ...
  -98.4344   37.6147   63.3752
    0.6487    0.0990    0.7546
    0.1902   -0.9811   -0.0348
    0.7369    0.1660   -0.6553
...   105 C-G ...
  -95.9882   38.5611   61.3015
    0.6091   -0.4805    0.6310
   -0.2105   -0.8650   -0.4554
    0.7646    0.1446   -0.6280
...   106 T-A ...
  -93.2719   39.1422   59.4555
    0.3399   -0.8862    0.3148
   -0.4980   -0.4536   -0.7391
    0.7978    0.0944   -0.5955
...   107 T-A ...
  -90.5600   39.4701   57.6956
   -0.0254   -0.9843   -0.1749
   -0.6015    0.1548   -0.7837
    0.7984    0.0853   -0.5960
...   108 C-G ...
  -87.9033   39.5918   55.7445
   -0.4117   -0.6905   -0.5947
   -0.4475    0.7217   -0.5282
    0.7939    0.0487   -0.6061
...   109 C-G ...
  -85.2572   39.3581   53.6251
   -0.6498   -0.1619   -0.7426
   -0.1059    0.9868   -0.1225
    0.7527   -0.0009   -0.6584
...   110 G-C ...
  -82.8327   39.7346   51.2736
   -0.6529    0.4469   -0.6116
    0.3247    0.8946    0.3070
    0.6843    0.0018   -0.7292
...   111 G-C ...
  -80.7290   39.5909   48.5994
   -0.3981    0.8747   -0.2764
    0.6524    0.4818    0.5850
    0.6449    0.0525   -0.7625
...   112 C-G ...
  -78.9109   39.6970   45.7812
    0.0191    0.9910    0.1326
    0.7673   -0.0996    0.6336
    0.6410    0.0897   -0.7623
...   113 T-A ...
  -76.9878   40.1884   43.0879
    0.4068    0.7625    0.5032
    0.6383   -0.6313    0.4405
    0.6535    0.1420   -0.7435
...   114 C-G ...
  -74.8482   40.7281   40.6281
    0.6902    0.2143    0.6911
    0.2610   -0.9646    0.0384
    0.6749    0.1539   -0.7217
...   115 G-C ...
  -72.4347   40.8177   38.2325
    0.6358   -0.4038    0.6578
   -0.1670   -0.9040   -0.3935
    0.7536    0.1403   -0.6422
...   116 T-A ...
  -69.7165   41.6952   36.5260
    0.4192   -0.8347    0.3570
   -0.4796   -0.5375   -0.6936
    0.7709    0.1195   -0.6257
...   117 A-T ...
  -67.3750   41.9414   34.0599
    0.0028   -0.9837   -0.1796
   -0.6292    0.1378   -0.7649
    0.7773    0.1152   -0.6186
...   118 T-A ...
  -64.4446   42.0272   32.5237
   -0.3208   -0.7637   -0.5603
   -0.5355    0.6342   -0.5578
    0.7813    0.1211   -0.6123
...   119 A-T ...
  -61.9963   42.8799   30.2884
   -0.5708   -0.1446   -0.8082
   -0.1915    0.9807   -0.0402
    0.7984    0.1319   -0.5875
...   120 A-T ...
  -59.3814   43.0407   28.3398
   -0.5489    0.4735   -0.6888
    0.1778    0.8714    0.4573
    0.8167    0.1285   -0.5625
...   121 T-A ...
  -56.9368   42.9539   26.1008
   -0.3643    0.8625   -0.3514
    0.4335    0.4910    0.7556
    0.8242    0.1229   -0.5528
...   122 G-C ...
  -54.0753   43.5322   24.4362
   -0.1052    0.9706    0.2164
    0.5763   -0.1178    0.8087
    0.8104    0.2098   -0.5470
...   123 T-A ...
  -51.7858   44.4734   22.2049
    0.1943    0.7434    0.6400
    0.5388   -0.6261    0.5637
    0.8198    0.2353   -0.5221
...   124 G-C ...
  -48.8672   45.1646   20.6789
    0.3821    0.2037    0.9014
    0.3446   -0.9365    0.0655
    0.8575    0.2855   -0.4280
...   125 T-A ...
  -46.1834   46.6843   19.4717
    0.4709   -0.3462    0.8114
    0.0936   -0.8950   -0.4362
    0.8772    0.2813   -0.3890
...   126 C-G ...
  -43.2258   47.5844   18.3402
    0.3995   -0.8273    0.3950
   -0.1868   -0.4953   -0.8484
    0.8975    0.2651   -0.3524
...   127 G-C ...
  -40.2094   48.0779   16.8436
    0.1348   -0.9799   -0.1472
   -0.3261    0.0964   -0.9404
    0.9357    0.1748   -0.3065
...   128 A-T ...
  -37.0658   48.5192   15.8810
   -0.1001   -0.7134   -0.6936
   -0.3209    0.6830   -0.6561
    0.9418    0.1569   -0.2973
...   129 C-G ...
  -33.7824   48.4445   15.1391
   -0.2616   -0.2193   -0.9399
   -0.2039    0.9644   -0.1682
    0.9434    0.1476   -0.2970
...   130 C-G ...
  -30.5788   48.6718   13.9998
   -0.3794    0.3663   -0.8496
   -0.0057    0.9174    0.3980
    0.9252    0.1559   -0.3460
...   131 A-T ...
  -27.4451   49.4176   13.0553
   -0.3689    0.8341   -0.4102
    0.2241    0.5081    0.8316
    0.9020    0.2149   -0.3744
...   132 A-T ...
  -24.5771   50.0259   11.6379
   -0.1626    0.9736    0.1599
    0.3817   -0.0874    0.9201
    0.9099    0.2107   -0.3575
...   133 A-T ...
  -21.7109   50.7839   10.3130
    0.0731    0.7334    0.6758
    0.3987   -0.6426    0.6543
    0.9142    0.2216   -0.3394
...   134 T-A ...
  -19.0084   52.0404    8.9385
    0.2450    0.2904    0.9250
    0.3072   -0.9282    0.2101
    0.9196    0.2327   -0.3166
...   135 G-C ...
  -16.4570   53.8982    7.5291
    0.5336   -0.3334    0.7773
    0.0348   -0.9096   -0.4140
    0.8450    0.2479   -0.4738
...   136 T-A ...
  -14.1682   56.5700    6.1950
    0.5795   -0.7269    0.3684
   -0.3140   -0.6163   -0.7222
    0.7521    0.3028   -0.5854
...   137 G-C ...
  -11.6469   58.0148    4.7338
    0.2454   -0.9541   -0.1717
   -0.6318   -0.0231   -0.7748
    0.7352    0.2986   -0.6085
...   138 A-T ...
   -8.6699   58.7291    3.6171
   -0.0344   -0.7815   -0.6230
   -0.6534    0.4892   -0.5777
    0.7562    0.3872   -0.5274
...   139 G-C ...
   -6.3212   59.0881    1.6441
   -0.2967   -0.3277   -0.8970
   -0.5657    0.8170   -0.1114
    0.7694    0.4744   -0.4278
...   140 C-G ...
   -3.4297   60.2439    1.0436
   -0.4424    0.2288   -0.8671
   -0.1682    0.9286    0.3309
    0.8809    0.2922   -0.3723
...   141 G-C ...
   -0.6894   63.9065   -2.2355
   -0.9992    0.0156   -0.0375
   -0.0024    0.8991    0.4378
    0.0405    0.4375   -0.8983
...   142 C-G ...
   -0.9980   65.6139   -4.9248
   -0.8337    0.5217    0.1810
    0.5169    0.6220    0.5881
    0.1942    0.5839   -0.7882
...   143 T-A ...
   -0.1245   66.2252   -7.8040
   -0.3751    0.8568    0.3538
    0.8856    0.2185    0.4098
    0.2739    0.4670   -0.8408
...   144 C-G ...
   -0.1581   67.4199  -10.7920
    0.1799    0.8792    0.4411
    0.9276   -0.3009    0.2214
    0.3274    0.3694   -0.8697
...   145 A-T ...
    0.5352   69.2489  -13.4512
    0.7352    0.4961    0.4620
    0.6117   -0.7791   -0.1369
    0.2921    0.3832   -0.8763
...   146 C-G ...
    1.4420   72.1066  -15.5857
    0.9808    0.0622    0.1849
    0.1266   -0.9240   -0.3608
    0.1484    0.3773   -0.9141
...   147 A-T ...
    2.3149   74.2412  -18.3713
    0.8657   -0.4292   -0.2574
   -0.4984   -0.7868   -0.3642
   -0.0462    0.4436   -0.8950
