  147 base-pairs
...     1 A-T ...
    0.0000    0.0000    0.0000
    1.0000    0.0000    0.0000
    0.0000    1.0000    0.0000
    0.0000    0.0000    1.0000
...     2 G-C ...
   -0.1394   -1.2357    3.2268
    0.7529    0.6366    0.1670
   -0.6386    0.7680   -0.0486
   -0.1592   -0.0700    0.9848
...     3 T-A ...
   -0.0365   -3.2932    6.3751
    0.2722    0.9301    0.2466
   -0.9238    0.3243   -0.2033
   -0.2691   -0.1725    0.9475
...     4 G-C ...
   -0.3505   -4.1660    9.4928
   -0.3756    0.9250    0.0579
   -0.8781   -0.3352   -0.3415
   -0.2965   -0.1791    0.9381
...     5 A-T ...
   -0.4462   -4.1476   12.7498
   -0.8116    0.5840   -0.0165
   -0.5523   -0.7762   -0.3042
   -0.1905   -0.2378    0.9524
...     6 G-C ...
   -1.5908   -4.1730   15.6201
   -0.9976    0.0246   -0.0651
   -0.0043   -0.9555   -0.2950
   -0.0695   -0.2940    0.9533
...     7 C-G ...
   -1.1030   -4.4824   18.7362
   -0.8441   -0.5304   -0.0787
    0.5345   -0.8441   -0.0432
   -0.0435   -0.0785    0.9960
...     8 G-C ...
   -2.4028   -7.7290   23.1475
   -0.2754   -0.3293   -0.9032
    0.6650   -0.7437    0.0684
   -0.6942   -0.5818    0.4238
...     9 C-G ...
   -4.4690   -9.9728   24.1132
    0.1145   -0.7025   -0.7024
    0.8512   -0.2952    0.4340
   -0.5122   -0.6476    0.5642
...    10 T-A ...
   -6.7405  -10.8752   25.9697
    0.4841   -0.8363   -0.2574
    0.6595    0.1553    0.7355
   -0.5751   -0.5258    0.6267
...    11 C-G ...
   -9.1656  -12.6208   27.1640
    0.7073   -0.6682    0.2307
    0.3448    0.6110    0.7126
   -0.6171   -0.4245    0.6626
...    12 A-T ...
  -10.9234  -14.6633   29.0693
    0.7515   -0.1377    0.6452
   -0.2029    0.8824    0.4246
   -0.6277   -0.4500    0.6352
...    13 C-G ...
  -11.8476  -17.4863   31.2451
    0.4295    0.2823    0.8578
   -0.5708    0.8209    0.0156
   -0.6998   -0.4963    0.5137
...    14 A-T ...
  -13.5897  -19.7827   33.4259
   -0.1504    0.6104    0.7777
   -0.6874    0.5008   -0.5260
   -0.7106   -0.6136    0.3443
...    15 A-T ...
  -15.7348  -21.8956   34.6887
   -0.5533    0.7715    0.3141
   -0.4478    0.0426   -0.8931
   -0.7024   -0.6348    0.3219
...    16 T-A ...
  -17.8040  -23.8674   36.3595
   -0.7119    0.6724   -0.2025
   -0.0826   -0.3666   -0.9267
   -0.6974   -0.6430    0.3165
...    17 T-A ...
  -20.0714  -25.8636   37.5774
   -0.6249    0.3160   -0.7139
    0.3653   -0.6898   -0.6251
   -0.6899   -0.6514    0.3157
...    18 T-A ...
  -22.4202  -27.8232   38.6912
   -0.2855   -0.1585   -0.9452
    0.6686   -0.7396   -0.0779
   -0.6867   -0.6542    0.3171
...    19 A-T ...
  -24.4226  -30.3464   39.8181
    0.2296   -0.5963   -0.7693
    0.6881   -0.4595    0.5615
   -0.6883   -0.6583    0.3048
...    20 T-A ...
  -27.0505  -32.3013   40.2808
    0.5557   -0.7505   -0.3578
    0.4633   -0.0778    0.8828
   -0.6903   -0.6563    0.3045
...    21 T-A ...
  -29.3767  -34.4607   41.0305
    0.7119   -0.6582    0.2449
    0.0410    0.3871    0.9211
   -0.7011   -0.6457    0.3025
...    22 C-G ...
  -31.6390  -36.6925   41.9756
    0.5991   -0.2684    0.7544
   -0.4116    0.7049    0.5777
   -0.6868   -0.6566    0.3118
...    23 G-C ...
  -34.1364  -38.6230   43.2558
    0.3021    0.2601    0.9171
   -0.7017    0.7118    0.0293
   -0.6452   -0.6524    0.3976
...    24 C-G ...
  -35.9547  -41.0529   44.6868
   -0.1251    0.6452    0.7537
   -0.7523    0.4336   -0.4961
   -0.6469   -0.6290    0.4312
...    25 A-T ...
  -38.3490  -43.0669   45.9409
   -0.4931    0.8293    0.2631
   -0.5400   -0.0546   -0.8399
   -0.6821   -0.5562    0.4747
...    26 A-T ...
  -40.4903  -44.8031   47.6680
   -0.7170    0.6349   -0.2878
   -0.1419   -0.5371   -0.8315
   -0.6825   -0.5553    0.4752
...    27 A-T ...
  -42.7422  -46.4403   49.3523
   -0.6631    0.1889   -0.7243
    0.3095   -0.8119   -0.4950
   -0.6816   -0.5524    0.4799
...    28 G-C ...
  -45.2129  -48.0422   50.9395
   -0.3403   -0.2692   -0.9010
    0.6136   -0.7896    0.0042
   -0.7126   -0.5514    0.4338
...    29 G-C ...
  -47.8417  -49.8211   52.1550
    0.1189   -0.6383   -0.7606
    0.6759   -0.5091    0.5329
   -0.7273   -0.5775    0.3709
...    30 C-G ...
  -50.5009  -51.6911   53.0201
    0.5038   -0.7993   -0.3276
    0.4774   -0.0584    0.8767
   -0.7199   -0.5981    0.3522
...    31 C-G ...
  -52.9635  -53.8634   53.9371
    0.7306   -0.6488    0.2129
    0.0913    0.4018    0.9111
   -0.6767   -0.6462    0.3528
...    32 G-C ...
  -55.2707  -55.8316   55.4845
    0.7061   -0.2232    0.6720
   -0.3604    0.7037    0.6123
   -0.6095   -0.6746    0.4165
...    33 G-C ...
  -57.1986  -58.3160   56.7870
    0.4287    0.2746    0.8607
   -0.6986    0.7049    0.1231
   -0.5729   -0.6540    0.4940
...    34 C-G ...
  -58.7441  -60.7495   58.4773
   -0.0057    0.6607    0.7506
   -0.8203    0.4263   -0.3814
   -0.5719   -0.6179    0.5395
...    35 C-G ...
  -60.4741  -62.8143   60.5287
   -0.4057    0.8452    0.3480
   -0.6908   -0.0342   -0.7222
   -0.5985   -0.5334    0.5978
...    36 C-G ...
  -62.4552  -64.3664   62.7837
   -0.6649    0.7254   -0.1780
   -0.3678   -0.5254   -0.7672
   -0.6501   -0.4446    0.6161
...    37 G-C ...
  -64.9561  -65.9464   64.4763
   -0.6826    0.3247   -0.6547
    0.0412   -0.8774   -0.4781
   -0.7296   -0.3533    0.5855
...    38 A-T ...
  -67.4911  -67.0114   66.3282
   -0.5021   -0.2801   -0.8182
    0.4306   -0.9015    0.0444
   -0.7500   -0.3300    0.5732
...    39 C-G ...
  -70.3626  -67.6182   67.9730
   -0.1795   -0.7312   -0.6581
    0.6221   -0.6026    0.4998
   -0.7621   -0.3197    0.5630
...    40 A-T ...
  -72.6631  -68.8880   70.0642
    0.2703   -0.9349   -0.2299
    0.5870   -0.0293    0.8091
   -0.7632   -0.3536    0.5409
...    41 C-G ...
  -75.5031  -70.2184   71.3171
    0.5496   -0.7943    0.2588
    0.3423    0.4967    0.7975
   -0.7621   -0.3497    0.5449
...    42 G-C ...
  -78.0358  -71.0228   73.4456
    0.7084   -0.3135    0.6323
   -0.0374    0.8780    0.4772
   -0.7048   -0.3617    0.6103
...    43 A-T ...
  -80.4282  -72.2620   75.3569
    0.5670    0.2996    0.7673
   -0.4468    0.8944   -0.0191
   -0.6920   -0.3320    0.6410
...    44 C-G ...
  -82.3293  -73.8326   77.5676
    0.2708    0.7519    0.6012
   -0.6821    0.5905   -0.4313
   -0.6793   -0.2932    0.6727
...    45 T-A ...
  -84.3455  -74.7971   80.0280
   -0.0786    0.9766    0.2002
   -0.7374    0.0782   -0.6710
   -0.6709   -0.2003    0.7140
...    46 T-A ...
  -86.4064  -75.3443   82.4612
   -0.4616    0.8489   -0.2575
   -0.5690   -0.5060   -0.6482
   -0.6805   -0.1527    0.7166
...    47 A-T ...
  -88.9133  -75.9024   84.6543
   -0.6732    0.3541   -0.6492
   -0.1933   -0.9316   -0.3078
   -0.7138   -0.0817    0.6956
...    48 C-G ...
  -91.3285  -75.4801   86.9255
   -0.6591   -0.2123   -0.7214
    0.1795   -0.9760    0.1233
   -0.7303   -0.0482    0.6814
...    49 T-A ...
  -93.9880  -75.4098   88.9665
   -0.4325   -0.7260   -0.5346
    0.4856   -0.6872    0.5404
   -0.7597   -0.0259    0.6498
...    50 G-C ...
  -96.3063  -75.8091   91.3621
   -0.0264   -0.9960   -0.0854
    0.6312   -0.0829    0.7712
   -0.7752   -0.0336    0.6308
...    51 T-A ...
  -99.2845  -76.0329   92.9787
    0.3203   -0.8724    0.3691
    0.5512    0.4885    0.6764
   -0.7704   -0.0132    0.6374
...    52 A-T ...
 -101.7156  -75.3359   95.3524
    0.5578   -0.2869    0.7788
    0.2255    0.9554    0.1905
   -0.7988    0.0694    0.5976
...    53 G-C ...
 -104.4004  -75.3408   97.3522
    0.6453    0.2906    0.7065
   -0.1006    0.9491   -0.2985
   -0.7573    0.1215    0.6416
...    54 G-C ...
 -106.9667  -75.1523   99.5680
    0.5639    0.7546    0.3355
   -0.4365    0.6173   -0.6545
   -0.7010    0.2226    0.6775
...    55 T-A ...
 -108.8424  -74.5901  102.2087
    0.2928    0.9489   -0.1179
   -0.6738    0.1173   -0.7295
   -0.6784    0.2930    0.6737
...    56 A-T ...
 -111.0450  -73.3320  104.4046
   -0.0511    0.7786   -0.6254
   -0.7580   -0.4380   -0.4834
   -0.6503    0.4494    0.6125
...    57 T-A ...
 -112.6603  -71.4206  106.5124
   -0.4161    0.4266   -0.8030
   -0.6390   -0.7655   -0.0756
   -0.6469    0.4817    0.5912
...    58 C-G ...
 -114.8983  -69.6755  108.1920
   -0.7062   -0.1388   -0.6943
   -0.2903   -0.8376    0.4627
   -0.6458    0.5283    0.5512
...    59 T-A ...
 -117.1596  -67.6968  109.6799
   -0.7380   -0.5962   -0.3161
    0.1215   -0.5782    0.8068
   -0.6638    0.5570    0.4991
...    60 C-G ...
 -119.4930  -65.8703  111.2129
   -0.5224   -0.8045    0.2826
    0.5506   -0.0653    0.8322
   -0.6510    0.5904    0.4771
...    61 G-C ...
 -121.2889  -63.7586  113.1918
   -0.0658   -0.6818    0.7285
    0.7609    0.4381    0.4788
   -0.6456    0.5858    0.4899
...    62 A-T ...
 -123.5129  -61.7272  114.6147
    0.4199   -0.2517    0.8720
    0.6613    0.7429   -0.1040
   -0.6216    0.6203    0.4784
...    63 G-C ...
 -125.7250  -59.8218  116.2522
    0.7570    0.1677    0.6315
    0.3377    0.7270   -0.5979
   -0.5593    0.6659    0.4937
...    64 C-G ...
 -127.7470  -57.9261  118.1180
    0.8567    0.4938    0.1492
   -0.1301    0.4868   -0.8638
   -0.4991    0.7206    0.4813
...    65 T-A ...
 -129.1874  -55.5460  119.9215
    0.7043    0.5871   -0.3991
   -0.5795    0.1507   -0.8009
   -0.4101    0.7954    0.4464
...    66 C-G ...
 -130.3992  -52.8496  121.3049
    0.2611    0.4850   -0.8346
   -0.8966   -0.1985   -0.3959
   -0.3577    0.8517    0.3830
...    67 G-C ...
 -131.7879  -49.8309  122.0498
   -0.2406    0.1496   -0.9590
   -0.9232   -0.3402    0.1786
   -0.2996    0.9284    0.2200
...    68 G-C ...
 -132.7212  -46.5533  122.1114
   -0.6955   -0.1443   -0.7038
   -0.6544   -0.2773    0.7035
   -0.2967    0.9499    0.0984
...    69 G-C ...
 -133.9594  -43.3701  121.8738
   -0.9332   -0.3164   -0.1706
   -0.1575   -0.0664    0.9853
   -0.3231    0.9463    0.0122
...    70 A-T ...
 -135.1455  -40.2396  121.7630
   -0.8333   -0.2498    0.4932
    0.4636    0.1701    0.8695
   -0.3011    0.9532   -0.0260
...    71 T-A ...
 -136.5454  -37.2602  121.1070
   -0.4631   -0.0567    0.8845
    0.8477    0.2632    0.4607
   -0.2589    0.9631   -0.0738
...    72 C-G ...
 -137.4472  -34.0616  120.6869
    0.1757    0.1467    0.9734
    0.9577    0.2033   -0.2036
   -0.2278    0.9681   -0.1048
...    73 C-G ...
 -138.4783  -30.8372  120.1962
    0.7121    0.1707    0.6810
    0.6855    0.0406   -0.7269
   -0.1517    0.9845   -0.0881
...    74 G-C ...
 -138.9300  -27.5598  119.3097
    0.9896    0.0229    0.1417
    0.1434   -0.1170   -0.9827
   -0.0060    0.9929   -0.1191
...    75 C-G ...
 -138.9362  -24.2394  119.3391
    0.8991   -0.1313   -0.4175
   -0.4327   -0.1230   -0.8931
    0.0660    0.9837   -0.1674
...    76 T-A ...
 -138.3664  -21.0146  118.8569
    0.5088   -0.2946   -0.8089
   -0.8467   -0.0010   -0.5321
    0.1560    0.9556   -0.2499
...    77 T-A ...
 -137.6613  -17.9947  117.9631
   -0.0807   -0.3030   -0.9496
   -0.9799    0.1987    0.0199
    0.1826    0.9320   -0.3130
...    78 T-A ...
 -136.8914  -15.0815  116.7726
   -0.6413   -0.1532   -0.7519
   -0.7420    0.3732    0.5569
    0.1953    0.9150   -0.3530
...    79 A-T ...
 -136.5166  -11.8443  115.7718
   -0.9652    0.1536   -0.2116
   -0.1299    0.4207    0.8978
    0.2269    0.8941   -0.3861
...    80 A-T ...
 -135.7946   -9.0686  114.1874
   -0.8279    0.4411    0.3465
    0.4817    0.2426    0.8421
    0.2874    0.8641   -0.4133
...    81 C-G ...
 -135.2761   -6.2824  112.3118
   -0.4119    0.5256    0.7444
    0.8612   -0.0423    0.5064
    0.2977    0.8497   -0.4352
...    82 A-T ...
 -133.8059   -3.6437  110.8686
    0.2076    0.3691    0.9059
    0.9236   -0.3790   -0.0572
    0.3223    0.8486   -0.4196
...    83 C-G ...
 -133.2633   -0.5969  109.5754
    0.6777    0.0930    0.7294
    0.6491   -0.5419   -0.5339
    0.3456    0.8353   -0.4276
...    84 T-A ...
 -132.1681    2.2978  108.3362
    0.8958   -0.2788    0.3463
    0.1610   -0.5227   -0.8372
    0.4144    0.8057   -0.4233
...    85 T-A ...
 -130.7994    4.9554  107.0990
    0.8033   -0.5680   -0.1791
   -0.3908   -0.2758   -0.8782
    0.4494    0.7754   -0.4435
...    86 T-A ...
 -129.1963    7.4094  105.7483
    0.4054   -0.6739   -0.6176
   -0.7749    0.1051   -0.6233
    0.4850    0.7313   -0.4796
...    87 A-T ...
 -127.3973    9.5760  103.9321
   -0.1908   -0.5960   -0.7800
   -0.8352    0.5161   -0.1900
    0.5158    0.6152   -0.5962
...    88 T-A ...
 -125.2553   11.0549  101.9354
   -0.6039   -0.2603   -0.7534
   -0.6072    0.7625    0.2233
    0.5163    0.5923   -0.6185
...    89 T-A ...
 -123.4944   12.7285   99.7715
   -0.8387    0.2440   -0.4869
   -0.1241    0.7849    0.6070
    0.5303    0.5695   -0.6280
...    90 C-G ...
 -121.9130   14.5742   97.5220
   -0.7344    0.6784   -0.0202
    0.4315    0.4897    0.7576
    0.5238    0.5477   -0.6524
...    91 A-T ...
 -119.9802   16.4939   95.5862
   -0.3307    0.8226    0.4626
    0.8004   -0.0152    0.5992
    0.5000    0.5685   -0.6534
...    92 T-A ...
 -118.9361   18.4368   93.0842
    0.1648    0.7104    0.6842
    0.8457   -0.4588    0.2727
    0.5077    0.5337   -0.6763
...    93 G-C ...
 -116.9529   19.9352   90.8393
    0.6128    0.2582    0.7469
    0.5679   -0.8011   -0.1890
    0.5496    0.5399   -0.6375
...    94 T-A ...
 -115.3893   22.2014   88.9546
    0.8052   -0.2326    0.5455
    0.1344   -0.8244   -0.5498
    0.5776    0.5160   -0.6326
...    95 T-A ...
 -113.5108   24.0021   87.0197
    0.7172   -0.6824    0.1411
   -0.3669   -0.5419   -0.7561
    0.5925    0.4905   -0.6391
...    96 A-T ...
 -111.4747   25.4541   84.7880
    0.2853   -0.9222   -0.2610
   -0.7053   -0.0177   -0.7087
    0.6489    0.3863   -0.6555
...    97 T-A ...
 -108.8844   26.4692   83.0611
   -0.1345   -0.8133   -0.5661
   -0.7448    0.4598   -0.4836
    0.6536    0.3566   -0.6676
...    98 A-T ...
 -106.8139   27.5238   80.6337
   -0.6101   -0.3976   -0.6853
   -0.4808    0.8733   -0.0787
    0.6298    0.2815   -0.7240
...    99 A-T ...
 -104.7423   28.1540   78.2053
   -0.7719    0.1907   -0.6065
   -0.0208    0.9459    0.3239
    0.6354    0.2627   -0.7261
...   100 C-G ...
 -102.8381   28.4468   75.4557
   -0.6643    0.6718   -0.3277
    0.4166    0.6968    0.5839
    0.6206    0.2514   -0.7428
...   101 G-C ...
 -100.6079   29.6076   73.1888
   -0.3261    0.9374    0.1223
    0.7502    0.1779    0.6368
    0.5752    0.2994   -0.7613
...   102 G-C ...
  -98.8668   30.6268   70.4498
    0.1300    0.8548    0.5024
    0.8049   -0.3869    0.4500
    0.5790    0.3459   -0.7383
...   103 A-T ...
  -97.0432   31.7330   67.9235
    0.5852    0.4359    0.6838
    0.5496   -0.8332    0.0608
    0.5962    0.3403   -0.7271
...   104 G-C ...
  -95.1475   33.0934   65.5453
    0.7514   -0.1148    0.6498
    0.1307   -0.9394   -0.3170
    0.6468    0.3231   -0.6908
...   105 C-G ...
  -92.9734   34.5173   63.4678
    0.6594   -0.6365    0.4002
   -0.3119   -0.7159   -0.6247
    0.6841    0.2871   -0.6705
...   106 T-A ...
  -90.4785   35.4763   61.4961
    0.3289   -0.9431    0.0495
   -0.6036   -0.2502   -0.7570
    0.7263    0.2190   -0.6516
...   107 T-A ...
  -87.9744   36.1276   59.5416
   -0.0971   -0.9180   -0.3846
   -0.6759    0.3445   -0.6516
    0.7306    0.1967   -0.6539
...   108 C-G ...
  -85.5570   36.5603   57.3537
   -0.5087   -0.5342   -0.6752
   -0.4619    0.8311   -0.3095
    0.7265    0.1544   -0.6695
...   109 C-G ...
  -83.1894   36.6626   54.9181
   -0.7293    0.0154   -0.6840
   -0.0643    0.9938    0.0909
    0.6812    0.1103   -0.7238
...   110 G-C ...
  -81.0165   37.4219   52.4351
   -0.6818    0.5820   -0.4432
    0.4018    0.8042    0.4380
    0.6114    0.1205   -0.7821
...   111 G-C ...
  -79.1752   37.7010   49.5854
   -0.3716    0.9259   -0.0683
    0.7277    0.3361    0.5978
    0.5765    0.1725   -0.7987
...   112 C-G ...
  -77.5953   38.2365   46.6781
    0.0848    0.9475    0.3083
    0.8110   -0.2454    0.5311
    0.5789    0.2050   -0.7892
...   113 T-A ...
  -75.8832   39.1240   43.9520
    0.4847    0.6439    0.5920
    0.6364   -0.7239    0.2663
    0.6000    0.2477   -0.7607
...   114 C-G ...
  -73.9306   39.9964   41.4425
    0.7475    0.0659    0.6610
    0.2146   -0.9657   -0.1463
    0.6287    0.2512   -0.7360
...   115 G-C ...
  -71.7009   40.4116   38.9244
    0.6542   -0.5283    0.5412
   -0.2337   -0.8217   -0.5198
    0.7193    0.2136   -0.6610
...   116 T-A ...
  -69.0531   41.4318   37.2151
    0.3987   -0.8947    0.2016
   -0.5410   -0.4070   -0.7360
    0.7405    0.1843   -0.6463
...   117 A-T ...
  -66.7520   41.9024   34.7811
   -0.0540   -0.9551   -0.2914
   -0.6550    0.2542   -0.7116
    0.7537    0.1525   -0.6393
...   118 T-A ...
  -63.8962   42.0253   33.1220
   -0.3824   -0.6823   -0.6231
   -0.5275    0.7148   -0.4590
    0.7586    0.1532   -0.6333
...   119 A-T ...
  -61.5020   42.9138   30.8739
   -0.6158   -0.0469   -0.7865
   -0.1496    0.9870    0.0583
    0.7736    0.1535   -0.6149
...   120 A-T ...
  -58.9832   43.1306   28.8091
   -0.5603    0.5517   -0.6178
    0.2357    0.8212    0.5197
    0.7941    0.1456   -0.5901
...   121 T-A ...
  -56.6511   43.1356   26.4523
   -0.3445    0.9013   -0.2624
    0.4870    0.4106    0.7709
    0.8026    0.1378   -0.5804
...   122 G-C ...
  -53.8601   43.7282   24.6937
   -0.0616    0.9540    0.2934
    0.6049   -0.1981    0.7713
    0.7939    0.2250   -0.5649
...   123 T-A ...
  -51.6374   44.7482   22.4398
    0.2423    0.6895    0.6825
    0.5398   -0.6803    0.4958
    0.8062    0.2483   -0.5370
...   124 G-C ...
  -48.7724   45.4779   20.8498
    0.4148    0.1352    0.8998
    0.3206   -0.9472   -0.0055
    0.8515    0.2907   -0.4363
...   125 T-A ...
  -46.0929   46.9976   19.6618
    0.4824   -0.4043    0.7771
    0.0598   -0.8698   -0.4897
    0.8739    0.2827   -0.3954
...   126 C-G ...
  -43.1440   47.8841   18.5234
    0.3868   -0.8556    0.3440
   -0.2153   -0.4466   -0.8685
    0.8967    0.2618   -0.3570
...   127 G-C ...
  -40.1432   48.3577   17.0192
    0.1082   -0.9757   -0.1903
   -0.3367    0.1442   -0.9305
    0.9354    0.1648   -0.3129
...   128 A-T ...
  -37.0056   48.7464   16.0368
   -0.1263   -0.6858   -0.7168
   -0.3120    0.7134   -0.6275
    0.9417    0.1443   -0.3041
...   129 C-G ...
  -33.7394   48.6117   15.2489
   -0.2773   -0.1855   -0.9427
   -0.1832    0.9734   -0.1377
    0.9431    0.1345   -0.3040
...   130 C-G ...
  -30.5449   48.7777   14.0828
   -0.3811    0.3930   -0.8368
    0.0169    0.9079    0.4188
    0.9244    0.1454   -0.3526
...   131 A-T ...
  -27.4150   49.4547   13.1060
   -0.3610    0.8454   -0.3936
    0.2403    0.4922    0.8367
    0.9011    0.2074   -0.3808
...   132 A-T ...
  -24.5595   50.0398   11.6609
   -0.1521    0.9736    0.1705
    0.3889   -0.0996    0.9159
    0.9086    0.2056   -0.3634
...   133 A-T ...
  -21.7042   50.7876   10.3163
    0.0786    0.7304    0.6784
    0.3995   -0.6466    0.6499
    0.9134    0.2199   -0.3426
...   134 T-A ...
  -19.0084   52.0402    8.9384
    0.2450    0.2904    0.9250
    0.3072   -0.9282    0.2101
    0.9196    0.2327   -0.3167
...   135 G-C ...
  -16.4570   53.8980    7.5291
    0.5336   -0.3334    0.7773
    0.0348   -0.9096   -0.4140
    0.8450    0.2479   -0.4738
...   136 T-A ...
  -14.1681   56.5698    6.1949
    0.5795   -0.7269    0.3684
   -0.3140   -0.6163   -0.7222
    0.7521    0.3028   -0.5854
...   137 G-C ...
  -11.6469   58.0147    4.7337
    0.2454   -0.9541   -0.1717
   -0.6318   -0.0231   -0.7748
    0.7352    0.2986   -0.6085
...   138 A-T ...
   -8.6698   58.7289    3.6171
   -0.0344   -0.7815   -0.6230
   -0.6534    0.4892   -0.5777
    0.7562    0.3872   -0.5274
...   139 G-C ...
   -6.3212   59.0880    1.6441
   -0.2967   -0.3277   -0.8970
   -0.5657    0.8170   -0.1114
    0.7694    0.4744   -0.4278
...   140 C-G ...
   -3.4297   60.2437    1.0435
   -0.4424    0.2288   -0.8671
   -0.1682    0.9286    0.3309
    0.8809    0.2922   -0.3723
...   141 G-C ...
   -0.6894   63.9063   -2.2356
   -0.9992    0.0156   -0.0375
   -0.0024    0.8991    0.4378
    0.0405    0.4375   -0.8983
...   142 C-G ...
   -0.9980   65.6137   -4.9249
   -0.8337    0.5217    0.1810
    0.5169    0.6220    0.5881
    0.1942    0.5839   -0.7882
...   143 T-A ...
   -0.1245   66.2250   -7.8041
   -0.3751    0.8568    0.3538
    0.8856    0.2185    0.4098
    0.2739    0.4670   -0.8408
...   144 C-G ...
   -0.1581   67.4197  -10.7921
    0.1799    0.8792    0.4411
    0.9276   -0.3009    0.2214
    0.3274    0.3694   -0.8697
...   145 A-T ...
    0.5352   69.2487  -13.4513
    0.7352    0.4961    0.4620
    0.6117   -0.7791   -0.1369
    0.2921    0.3832   -0.8763
...   146 C-G ...
    1.4420   72.1064  -15.5858
    0.9808    0.0622    0.1849
    0.1266   -0.9240   -0.3608
    0.1484    0.3773   -0.9141
...   147 A-T ...
    2.3149   74.2410  -18.3714
    0.8657   -0.4292   -0.2574
   -0.4984   -0.7868   -0.3642
   -0.0462    0.4436   -0.8950
