  147 base-pairs
...     1 A-T ...
    0.0000    0.0000    0.0000
    1.0000    0.0000    0.0000
    0.0000    1.0000    0.0000
    0.0000    0.0000    1.0000
...     2 G-C ...
   -0.1394   -1.2357    3.2268
    0.7529    0.6366    0.1670
   -0.6386    0.7680   -0.0486
   -0.1592   -0.0700    0.9848
...     3 T-A ...
   -0.0365   -3.2932    6.3751
    0.2722    0.9301    0.2466
   -0.9238    0.3243   -0.2033
   -0.2691   -0.1725    0.9475
...     4 G-C ...
   -0.3505   -4.1660    9.4928
   -0.3756    0.9250    0.0579
   -0.8781   -0.3352   -0.3415
   -0.2965   -0.1791    0.9381
...     5 A-T ...
   -0.4462   -4.1476   12.7498
   -0.8116    0.5840   -0.0165
   -0.5523   -0.7762   -0.3042
   -0.1905   -0.2378    0.9524
...     6 G-C ...
   -1.5908   -4.1730   15.6201
   -0.9976    0.0246   -0.0651
   -0.0043   -0.9555   -0.2950
   -0.0695   -0.2940    0.9533
...     7 C-G ...
   -1.1030   -4.4824   18.7362
   -0.8441   -0.5304   -0.0787
    0.5345   -0.8441   -0.0432
   -0.0435   -0.0785    0.9960
...     8 G-C ...
   -2.4028   -7.7290   23.1475
   -0.2754   -0.3293   -0.9032
    0.6650   -0.7437    0.0684
   -0.6942   -0.5818    0.4238
...     9 C-G ...
   -4.4690   -9.9728   24.1132
    0.1145   -0.7025   -0.7024
    0.8512   -0.2952    0.4340
   -0.5122   -0.6476    0.5642
...    10 T-A ...
   -6.7405  -10.8752   25.9697
    0.4841   -0.8363   -0.2574
    0.6595    0.1553    0.7355
   -0.5751   -0.5258    0.6267
...    11 C-G ...
   -9.1656  -12.6208   27.1640
    0.7073   -0.6682    0.2307
    0.3448    0.6110    0.7126
   -0.6171   -0.4245    0.6626
...    12 A-T ...
  -10.9234  -14.6633   29.0693
    0.7515   -0.1377    0.6452
   -0.2029    0.8824    0.4246
   -0.6277   -0.4500    0.6352
...    13 C-G ...
  -11.8476  -17.4863   31.2451
    0.4295    0.2823    0.8578
   -0.5708    0.8209    0.0156
   -0.6998   -0.4963    0.5137
...    14 A-T ...
  -13.5897  -19.7827   33.4259
   -0.1504    0.6104    0.7777
   -0.6874    0.5008   -0.5260
   -0.7106   -0.6136    0.3443
...    15 A-T ...
  -15.8117  -21.8588   34.5576
   -0.5253    0.7920    0.3111
   -0.4500    0.0518   -0.8915
   -0.7222   -0.6083    0.3292
...    16 T-A ...
  -17.9420  -23.8224   36.3294
   -0.7143    0.6645   -0.2193
   -0.0710   -0.3806   -0.9220
   -0.6962   -0.6431    0.3190
...    17 T-A ...
  -20.2267  -25.7575   37.6928
   -0.6372    0.2847   -0.7161
    0.3822   -0.6902   -0.6145
   -0.6693   -0.6652    0.3310
...    18 T-A ...
  -22.5159  -27.8038   38.7906
   -0.2803   -0.1472   -0.9486
    0.6772   -0.7306   -0.0867
   -0.6803   -0.6667    0.3044
...    19 A-T ...
  -24.5987  -30.3131   39.7837
    0.2301   -0.5582   -0.7972
    0.6932   -0.4809    0.5368
   -0.6830   -0.6762    0.2763
...    20 T-A ...
  -27.2517  -32.2822   40.1890
    0.5549   -0.7391   -0.3819
    0.4656   -0.1045    0.8788
   -0.6894   -0.6654    0.2862
...    21 T-A ...
  -29.5702  -34.4853   40.8399
    0.7024   -0.6743    0.2281
    0.0307    0.3488    0.9367
   -0.7111   -0.6509    0.2657
...    22 C-G ...
  -31.8686  -36.6850   41.7204
    0.5921   -0.3162    0.7412
   -0.4100    0.6737    0.6149
   -0.6938   -0.6680    0.2693
...    23 G-C ...
  -34.4274  -38.4985   42.9946
    0.3545    0.2099    0.9112
   -0.6904    0.7160    0.1036
   -0.6307   -0.6658    0.3987
...    24 C-G ...
  -36.2083  -40.9539   44.2776
   -0.0268    0.5947    0.8035
   -0.7685    0.5017   -0.3970
   -0.6392   -0.6282    0.4436
...    25 A-T ...
  -38.6884  -42.9492   45.3031
   -0.4305    0.8207    0.3758
   -0.5978    0.0527   -0.7999
   -0.6762   -0.5690    0.4680
...    26 A-T ...
  -40.8734  -44.7528   46.9546
   -0.6851    0.7088   -0.1680
   -0.2409   -0.4382   -0.8660
   -0.6874   -0.5528    0.4709
...    27 A-T ...
  -43.0492  -46.3715   48.7636
   -0.6985    0.3153   -0.6424
    0.2102   -0.7677   -0.6054
   -0.6841   -0.5578    0.4700
...    28 G-C ...
  -45.6002  -47.8373   50.4321
   -0.4312   -0.1204   -0.8942
    0.5364   -0.8311   -0.1468
   -0.7255   -0.5429    0.4230
...    29 G-C ...
  -48.3678  -49.5157   51.6329
    0.0084   -0.5527   -0.8334
    0.6654   -0.6190    0.4172
   -0.7464   -0.5580    0.3626
...    30 C-G ...
  -51.0076  -51.3388   52.3982
    0.4108   -0.7871   -0.4601
    0.5188   -0.2132    0.8279
   -0.7498   -0.5788    0.3207
...    31 C-G ...
  -53.6993  -53.2062   53.2511
    0.6698   -0.7386    0.0767
    0.1814    0.2628    0.9476
   -0.7201   -0.6208    0.3100
...    32 G-C ...
  -55.8513  -55.0290   54.5367
    0.7217   -0.4323    0.5407
   -0.2119    0.6056    0.7670
   -0.6590   -0.6681    0.3454
...    33 G-C ...
  -57.8039  -57.5175   55.7290
    0.5141    0.0309    0.8572
   -0.5867    0.7416    0.3252
   -0.6257   -0.6701    0.3994
...    34 C-G ...
  -59.6355  -60.0065   56.8978
    0.1318    0.4838    0.8652
   -0.7674    0.6023   -0.2199
   -0.6275   -0.6350    0.4506
...    35 C-G ...
  -61.4767  -62.1588   58.7979
   -0.2580    0.7957    0.5480
   -0.7153    0.2240   -0.6619
   -0.6494   -0.5628    0.5114
...    36 C-G ...
  -63.5438  -63.9363   60.7707
   -0.5701    0.8208    0.0370
   -0.4725   -0.2907   -0.8320
   -0.6721   -0.4918    0.5535
...    37 G-C ...
  -65.9421  -66.0087   61.9557
   -0.6753    0.5569   -0.4834
   -0.0848   -0.7098   -0.6993
   -0.7326   -0.4313    0.5266
...    38 A-T ...
  -68.3012  -67.3256   63.6573
   -0.5903    0.0251   -0.8068
    0.3286   -0.9055   -0.2686
   -0.7373   -0.4237    0.5263
...    39 C-G ...
  -71.0051  -68.2438   65.1439
   -0.3013   -0.4458   -0.8429
    0.5682   -0.7939    0.2167
   -0.7658   -0.4136    0.4925
...    40 A-T ...
  -73.6419  -69.7980   66.6014
    0.1341   -0.8216   -0.5541
    0.6193   -0.3670    0.6941
   -0.7736   -0.4362    0.4596
...    41 C-G ...
  -76.4330  -71.3867   67.6098
    0.4458   -0.8892   -0.1030
    0.4462    0.1210    0.8867
   -0.7760   -0.4412    0.4507
...    42 G-C ...
  -78.8271  -72.6290   69.5289
    0.6476   -0.6202    0.4427
    0.0940    0.6416    0.7612
   -0.7561   -0.4514    0.4738
...    43 A-T ...
  -81.3628  -73.9671   70.8822
    0.5812   -0.1169    0.8053
   -0.2779    0.9016    0.3315
   -0.7649   -0.4164    0.4915
...    44 C-G ...
  -83.5923  -75.9181   72.3382
    0.3876    0.4093    0.8260
   -0.5508    0.8213   -0.1485
   -0.7392   -0.3974    0.5438
...    45 T-A ...
  -85.8091  -77.5891   74.5793
    0.0723    0.8488    0.5237
   -0.6715    0.4296   -0.6037
   -0.7374   -0.3080    0.6011
...    46 T-A ...
  -88.0973  -78.4719   76.5834
   -0.2357    0.9681    0.0856
   -0.6198   -0.0819   -0.7805
   -0.7486   -0.2370    0.6193
...    47 A-T ...
  -90.5494  -78.8342   78.7642
   -0.3944    0.7998   -0.4525
   -0.4457   -0.5971   -0.6669
   -0.8036   -0.0613    0.5920
...    48 C-G ...
  -93.0015  -78.3351   80.9269
   -0.5299    0.3605   -0.7676
   -0.2073   -0.9327   -0.2950
   -0.8224    0.0028    0.5690
...    49 T-A ...
  -95.7534  -77.7307   82.7712
   -0.4987   -0.1904   -0.8456
    0.0375   -0.9794    0.1985
   -0.8659    0.0673    0.4956
...    50 G-C ...
  -98.7545  -77.6862   84.2810
   -0.3228   -0.7386   -0.5919
    0.2788   -0.6718    0.6863
   -0.9045    0.0565    0.4228
...    51 T-A ...
 -101.8559  -77.4332   85.1368
   -0.1394   -0.9854   -0.0982
    0.3993   -0.1467    0.9050
   -0.9062    0.0869    0.4139
...    52 A-T ...
 -104.2959  -76.4291   87.6568
    0.0387   -0.7570    0.6522
    0.4401    0.5989    0.6690
   -0.8971    0.2612    0.3564
...    53 G-C ...
 -107.2765  -75.5433   88.7173
    0.3176   -0.3312    0.8885
    0.3803    0.9028    0.2006
   -0.8686    0.2742    0.4127
...    54 G-C ...
 -110.4954  -75.2460   90.2502
    0.5492    0.2143    0.8077
    0.1449    0.9275   -0.3446
   -0.8230    0.3063    0.4784
...    55 T-A ...
 -113.1198  -74.5601   92.0087
    0.5847    0.6530    0.4814
   -0.1484    0.6695   -0.7278
   -0.7976    0.3541    0.4883
...    56 A-T ...
 -115.5623  -73.4336   94.1955
    0.5157    0.8504   -0.1045
   -0.4804    0.1860   -0.8571
   -0.7095    0.4922    0.5044
...    57 T-A ...
 -117.3892  -71.7770   96.2843
    0.2437    0.7910   -0.5612
   -0.6941   -0.2619   -0.6705
   -0.6774    0.5529    0.4852
...    58 C-G ...
 -119.5211  -69.5693   97.9024
   -0.2074    0.4071   -0.8895
   -0.7270   -0.6725   -0.1383
   -0.6545    0.6181    0.4354
...    59 T-A ...
 -121.5817  -67.2520   99.0207
   -0.5312   -0.0696   -0.8444
   -0.5340   -0.7463    0.3974
   -0.6578    0.6620    0.3592
...    60 C-G ...
 -124.1240  -65.2304   99.7453
   -0.7378   -0.4989   -0.4546
   -0.1767   -0.5073    0.8435
   -0.6514    0.7027    0.2861
...    61 A-T ...
 -126.2081  -62.7803  100.7626
   -0.6660   -0.7398    0.0950
    0.2357   -0.0879    0.9678
   -0.7077    0.6670    0.2330
...    62 T-A ...
 -128.7280  -60.6500  101.0385
   -0.4497   -0.6620    0.5996
    0.5580    0.3159    0.7673
   -0.6974    0.6797    0.2274
...    63 G-C ...
 -131.1305  -58.2592  101.5892
    0.0070   -0.3064    0.9519
    0.7555    0.6253    0.1957
   -0.6552    0.7177    0.2359
...    64 T-A ...
 -133.7674  -56.2166  102.2797
    0.4243    0.1153    0.8982
    0.6480    0.6542   -0.3901
   -0.6325    0.7475    0.2028
...    65 T-A ...
 -135.8752  -53.9364  102.9984
    0.7549    0.4330    0.4926
    0.2979    0.4428   -0.8457
   -0.5843    0.7851    0.2052
...    66 A-T ...
 -137.6844  -51.1552  103.4007
    0.8473    0.5162   -0.1249
   -0.2081    0.1064   -0.9723
   -0.4886    0.8498    0.1975
...    67 T-A ...
 -138.8760  -48.4000  104.6528
    0.6340    0.4611   -0.6208
   -0.6243   -0.1686   -0.7628
   -0.4564    0.8712    0.1809
...    68 A-T ...
 -140.4839  -45.4863  104.9460
    0.1859    0.1846   -0.9651
   -0.9048   -0.3509   -0.2414
   -0.3832    0.9180    0.1018
...    69 A-T ...
 -141.4486  -42.4535  105.0815
   -0.3637   -0.0806   -0.9280
   -0.8648   -0.3410    0.3686
   -0.3462    0.9366    0.0543
...    70 C-G ...
 -142.1321  -39.0789  104.6729
   -0.8026   -0.2372   -0.5472
   -0.5082   -0.2083    0.8357
   -0.3122    0.9489    0.0466
...    71 G-C ...
 -143.3558  -36.0150  104.9171
   -0.9574   -0.2536    0.1381
    0.1289    0.0525    0.9903
   -0.2584    0.9659   -0.0176
...    72 G-C ...
 -144.2468  -32.8134  104.6745
   -0.7113   -0.2246    0.6661
    0.6377    0.1926    0.7459
   -0.2958    0.9552    0.0062
...    73 A-T ...
 -145.4082  -29.6126  104.3714
   -0.1565   -0.0169    0.9875
    0.9526    0.2615    0.1554
   -0.2609    0.9650   -0.0248
...    74 T-A ...
 -146.8220  -26.6184  104.3273
    0.3841    0.1140    0.9162
    0.8912    0.2137   -0.4002
   -0.2414    0.9702   -0.0195
...    75 C-G ...
 -147.6674  -23.3879  104.2236
    0.8606    0.1717    0.4794
    0.4758    0.0647   -0.8772
   -0.1816    0.9830   -0.0260
...    76 G-C ...
 -147.8382  -20.0606  103.5571
    0.9955   -0.0790   -0.0525
   -0.0546   -0.0240   -0.9982
    0.0776    0.9966   -0.0282
...    77 A-T ...
 -147.6635  -16.7817  103.2360
    0.7668   -0.1790   -0.6164
   -0.6255    0.0072   -0.7802
    0.1441    0.9838   -0.1064
...    78 G-C ...
 -146.7092  -13.6071  102.7857
    0.2938   -0.2495   -0.9227
   -0.9299    0.1486   -0.3363
    0.2211    0.9569   -0.1884
...    79 C-G ...
 -145.3989  -10.5554  101.9416
   -0.3191   -0.1522   -0.9354
   -0.9135    0.3121    0.2608
    0.2522    0.9378   -0.2386
...    80 T-A ...
 -144.4564   -7.5367  100.9634
   -0.7782    0.0399   -0.6267
   -0.5610    0.4042    0.7224
    0.2822    0.9138   -0.2922
...    81 C-G ...
 -143.8645   -4.4006  100.1169
   -0.9506    0.3076   -0.0417
    0.0714    0.3476    0.9349
    0.3021    0.8857   -0.3525
...    82 G-C ...
 -142.4989   -0.9897  100.1096
   -0.7038    0.4633    0.5385
    0.6488    0.1104    0.7529
    0.2894    0.8793   -0.3782
...    83 G-C ...
 -141.4671    1.9097   98.6048
   -0.1888    0.4034    0.8954
    0.9244   -0.2347    0.3006
    0.3314    0.8844   -0.3286
...    84 G-C ...
 -140.4806    4.8733   97.3651
    0.3340    0.1186    0.9351
    0.8670   -0.4279   -0.2554
    0.3698    0.8960   -0.2458
...    85 A-T ...
 -139.4466    7.9797   96.5824
    0.7836   -0.1957    0.5897
    0.4723   -0.4290   -0.7700
    0.4036    0.8819   -0.2437
...    86 T-A ...
 -138.2408   11.0355   96.3605
    0.8960   -0.4320    0.1027
   -0.0144   -0.2593   -0.9657
    0.4438    0.8638   -0.2385
...    87 C-G ...
 -136.5791   13.8457   95.7513
    0.6820   -0.5498   -0.4823
   -0.5397    0.0667   -0.8392
    0.4936    0.8326   -0.2512
...    88 C-G ...
 -134.8042   16.4941   94.9420
    0.2133   -0.5341   -0.8180
   -0.8062    0.3767   -0.4562
    0.5518    0.7568   -0.3503
...    89 G-C ...
 -133.2803   19.0742   93.4030
   -0.3599   -0.3108   -0.8797
   -0.7424    0.6665    0.0683
    0.5651    0.6777   -0.4706
...    90 C-G ...
 -131.1523   20.9487   91.3721
   -0.7305    0.1361   -0.6692
   -0.3676    0.7475    0.5533
    0.5755    0.6501   -0.4961
...    91 T-A ...
 -129.4232   22.9754   89.0581
   -0.7958    0.5643   -0.2196
    0.1781    0.5647    0.8058
    0.5788    0.6022   -0.5499
...    92 T-A ...
 -127.6251   24.7574   86.9545
   -0.4737    0.8367    0.2748
    0.6254    0.0999    0.7739
    0.6201    0.5384   -0.5706
...    93 T-A ...
 -125.7781   26.4410   84.7837
    0.0383    0.7604    0.6483
    0.7674   -0.4380    0.4683
    0.6401    0.4795   -0.6003
...    94 A-T ...
 -123.0788   27.2301   82.8118
    0.5684    0.3237    0.7564
    0.5312   -0.8464   -0.0370
    0.6282    0.4229   -0.6531
...    95 A-T ...
 -121.1208   28.7193   80.7265
    0.7770   -0.2438    0.5804
    0.0704   -0.8826   -0.4649
    0.6255    0.4021   -0.6686
...    96 C-G ...
 -118.9463   30.5082   78.8194
    0.6745   -0.7047    0.2203
   -0.3908   -0.5939   -0.7032
    0.6264    0.3882   -0.6760
...    97 A-T ...
 -116.7304   31.6297   76.4872
    0.2400   -0.9504   -0.1978
   -0.7112   -0.0335   -0.7022
    0.6607    0.3092   -0.6840
...    98 C-G ...
 -114.0501   32.2214   74.5266
   -0.2087   -0.8228   -0.5286
   -0.7128    0.4980   -0.4938
    0.6696    0.2737   -0.6905
...    99 T-A ...
 -111.3389   32.6502   72.1932
   -0.6368   -0.3738   -0.6744
   -0.4266    0.8994   -0.0956
    0.6422    0.2268   -0.7322
...   100 T-A ...
 -109.1770   33.0527   69.7567
   -0.7387    0.2544   -0.6241
    0.0500    0.9441    0.3257
    0.6721    0.2094   -0.7102
...   101 T-A ...
 -107.0082   33.4809   67.3150
   -0.5422    0.7730   -0.3294
    0.4749    0.6053    0.6388
    0.6932    0.1900   -0.6953
...   102 A-T ...
 -104.3273   34.1189   65.1452
   -0.0013    0.9860    0.1670
    0.6990   -0.1185    0.7053
    0.7151    0.1176   -0.6890
...   103 T-A ...
 -102.5350   34.7338   62.4818
    0.3299    0.7942    0.5103
    0.6099   -0.5919    0.5269
    0.7205    0.1374   -0.6797
...   104 G-C ...
 -100.1777   35.4604   60.2547
    0.5660    0.2480    0.7862
    0.3025   -0.9496    0.0818
    0.7669    0.1916   -0.6125
...   105 C-G ...
  -97.5774   36.4372   58.4510
    0.6050   -0.3409    0.7196
   -0.0798   -0.9251   -0.3711
    0.7922    0.1671   -0.5869
...   106 T-A ...
  -94.6451   37.2681   56.7636
    0.4157   -0.8260    0.3808
   -0.3964   -0.5414   -0.7415
    0.8186    0.1573   -0.5524
...   107 T-A ...
  -91.8797   37.7442   55.1948
    0.0756   -0.9932   -0.0888
   -0.5436    0.0336   -0.8387
    0.8359    0.1117   -0.5374
...   108 C-G ...
  -88.9753   37.9048   53.4954
   -0.3016   -0.7679   -0.5651
   -0.4638    0.6360   -0.6167
    0.8330    0.0761   -0.5480
...   109 C-G ...
  -86.2295   37.9339   51.6427
   -0.5865   -0.2965   -0.7537
   -0.2013    0.9547   -0.2190
    0.7845    0.0233   -0.6197
...   110 G-C ...
  -83.9385   38.3424   49.5374
   -0.6737    0.2665   -0.6893
    0.1757    0.9637    0.2008
    0.7178    0.0142   -0.6961
...   111 G-C ...
  -81.8057   38.3589   46.9067
   -0.4926    0.7696   -0.4064
    0.5455    0.6369    0.5449
    0.6781    0.0467   -0.7335
...   112 C-G ...
  -79.9867   38.4302   44.0754
   -0.1176    0.9930    0.0117
    0.7348    0.0790    0.6737
    0.6681    0.0878   -0.7389
...   113 T-A ...
  -77.8944   38.7483   41.4911
    0.2812    0.8655    0.4146
    0.6896   -0.4827    0.5399
    0.6674    0.1341   -0.7325
...   114 C-G ...
  -75.5513   39.1349   39.1250
    0.6310    0.3814    0.6756
    0.3877   -0.9093    0.1513
    0.6720    0.1665   -0.7216
...   115 G-C ...
  -73.1524   39.1548   36.7607
    0.6842   -0.2703    0.6774
   -0.0652   -0.9477   -0.3123
    0.7264    0.1695   -0.6660
...   116 T-A ...
  -70.3631   40.1527   35.1210
    0.4984   -0.7611    0.4152
   -0.4310   -0.6331   -0.6430
    0.7522    0.1415   -0.6436
...   117 A-T ...
  -67.5625   40.6540   33.2262
    0.0928   -0.9948   -0.0413
   -0.6255   -0.0260   -0.7798
    0.7747    0.0982   -0.6247
...   118 T-A ...
  -64.6179   40.7903   31.7356
   -0.2385   -0.8535   -0.4634
   -0.5790    0.5080   -0.6377
    0.7797    0.1162   -0.6153
...   119 A-T ...
  -62.0115   41.5562   29.5213
   -0.5196   -0.2420   -0.8194
   -0.2634    0.9577   -0.1159
    0.8128    0.1556   -0.5614
...   120 A-T ...
  -59.3135   41.7271   27.6950
   -0.5673    0.3705   -0.7355
    0.0860    0.9149    0.3945
    0.8190    0.1605   -0.5509
...   121 T-A ...
  -56.7712   41.7304   25.5036
   -0.4189    0.8091   -0.4123
    0.3711    0.5669    0.7355
    0.8288    0.1551   -0.5377
...   122 G-C ...
  -53.9174   42.2567   23.5560
   -0.1564    0.9712    0.1797
    0.5472   -0.0663    0.8344
    0.8223    0.2288   -0.5210
...   123 T-A ...
  -51.4875   43.1180   21.4745
    0.1389    0.7795    0.6108
    0.5347   -0.5782    0.6163
    0.8336    0.2410   -0.4971
...   124 G-C ...
  -48.6368   43.9760   19.8135
    0.3604    0.2468    0.8996
    0.3680   -0.9237    0.1060
    0.8571    0.2929   -0.4237
...   125 T-A ...
  -46.0580   45.3436   18.5095
    0.4503   -0.3050    0.8392
    0.1346   -0.9059   -0.4015
    0.8826    0.2938   -0.3669
...   126 C-G ...
  -43.1711   46.2405   17.5146
    0.4449   -0.7864    0.4285
   -0.1377   -0.5329   -0.8349
    0.8849    0.3125   -0.3453
...   127 G-C ...
  -40.2798   46.8155   15.8085
    0.1931   -0.9761   -0.0999
   -0.2963    0.0390   -0.9543
    0.9354    0.2139   -0.2817
...   128 A-T ...
  -37.2492   47.4728   14.9563
   -0.0146   -0.7461   -0.6656
   -0.3499    0.6274   -0.6956
    0.9367    0.2228   -0.2703
...   129 C-G ...
  -33.9485   47.5680   14.5021
   -0.2286   -0.2834   -0.9314
   -0.2782    0.9358   -0.2164
    0.9329    0.2096   -0.2928
...   130 C-G ...
  -30.7576   47.9016   13.3087
   -0.4108    0.2775   -0.8685
   -0.0774    0.9385    0.3365
    0.9084    0.2054   -0.3641
...   131 A-T ...
  -27.5870   49.2466   12.9417
   -0.3788    0.8114   -0.4451
    0.1736    0.5347    0.8270
    0.9091    0.2359   -0.3434
...   132 A-T ...
  -24.6316   49.9810   11.7021
   -0.2085    0.9683    0.1373
    0.3573   -0.0553    0.9324
    0.9104    0.2434   -0.3345
...   133 A-T ...
  -21.7970   50.8577   10.2851
    0.0675    0.7483    0.6599
    0.3951   -0.6274    0.6710
    0.9161    0.2154   -0.3381
...   134 T-A ...
  -19.0084   52.0402    8.9383
    0.2450    0.2904    0.9250
    0.3072   -0.9282    0.2101
    0.9196    0.2327   -0.3167
...   135 G-C ...
  -16.4569   53.8980    7.5290
    0.5336   -0.3334    0.7773
    0.0348   -0.9096   -0.4140
    0.8450    0.2479   -0.4738
...   136 T-A ...
  -14.1681   56.5698    6.1948
    0.5795   -0.7269    0.3684
   -0.3140   -0.6163   -0.7222
    0.7521    0.3028   -0.5854
...   137 G-C ...
  -11.6469   58.0146    4.7336
    0.2454   -0.9541   -0.1717
   -0.6318   -0.0231   -0.7748
    0.7352    0.2986   -0.6085
...   138 A-T ...
   -8.6698   58.7289    3.6170
   -0.0344   -0.7815   -0.6230
   -0.6534    0.4892   -0.5777
    0.7562    0.3872   -0.5274
...   139 G-C ...
   -6.3211   59.0879    1.6440
   -0.2967   -0.3277   -0.8970
   -0.5657    0.8170   -0.1114
    0.7694    0.4744   -0.4278
...   140 C-G ...
   -3.4296   60.2437    1.0434
   -0.4424    0.2288   -0.8671
   -0.1682    0.9286    0.3309
    0.8809    0.2922   -0.3723
...   141 G-C ...
   -0.6893   63.9063   -2.2357
   -0.9992    0.0156   -0.0375
   -0.0024    0.8991    0.4378
    0.0405    0.4375   -0.8983
...   142 C-G ...
   -0.9980   65.6137   -4.9250
   -0.8337    0.5217    0.1810
    0.5169    0.6220    0.5881
    0.1942    0.5839   -0.7882
...   143 T-A ...
   -0.1244   66.2250   -7.8042
   -0.3751    0.8568    0.3538
    0.8856    0.2185    0.4098
    0.2739    0.4670   -0.8408
...   144 C-G ...
   -0.1580   67.4197  -10.7922
    0.1799    0.8792    0.4411
    0.9276   -0.3009    0.2214
    0.3274    0.3694   -0.8697
...   145 A-T ...
    0.5352   69.2487  -13.4514
    0.7352    0.4961    0.4620
    0.6117   -0.7791   -0.1369
    0.2921    0.3832   -0.8763
...   146 C-G ...
    1.4421   72.1064  -15.5859
    0.9808    0.0622    0.1849
    0.1266   -0.9240   -0.3608
    0.1484    0.3773   -0.9141
...   147 A-T ...
    2.3150   74.2410  -18.3715
    0.8657   -0.4292   -0.2574
   -0.4984   -0.7868   -0.3642
   -0.0462    0.4436   -0.8950
