  147 base-pairs
...     1 A-T ...
    0.0000    0.0000    0.0000
    1.0000    0.0000    0.0000
    0.0000    1.0000    0.0000
    0.0000    0.0000    1.0000
...     2 G-C ...
   -0.1394   -1.2357    3.2268
    0.7529    0.6366    0.1670
   -0.6386    0.7680   -0.0486
   -0.1592   -0.0700    0.9848
...     3 T-A ...
   -0.0365   -3.2932    6.3751
    0.2722    0.9301    0.2466
   -0.9238    0.3243   -0.2033
   -0.2691   -0.1725    0.9475
...     4 G-C ...
   -0.3505   -4.1660    9.4928
   -0.3756    0.9250    0.0579
   -0.8781   -0.3352   -0.3415
   -0.2965   -0.1791    0.9381
...     5 A-T ...
   -0.4462   -4.1476   12.7498
   -0.8116    0.5840   -0.0165
   -0.5523   -0.7762   -0.3042
   -0.1905   -0.2378    0.9524
...     6 G-C ...
   -1.5908   -4.1730   15.6201
   -0.9976    0.0246   -0.0651
   -0.0043   -0.9555   -0.2950
   -0.0695   -0.2940    0.9533
...     7 C-G ...
   -1.1030   -4.4824   18.7362
   -0.8441   -0.5304   -0.0787
    0.5345   -0.8441   -0.0432
   -0.0435   -0.0785    0.9960
...     8 G-C ...
   -2.4028   -7.7290   23.1475
   -0.2754   -0.3293   -0.9032
    0.6650   -0.7437    0.0684
   -0.6942   -0.5818    0.4238
...     9 C-G ...
   -4.4690   -9.9728   24.1132
    0.1145   -0.7025   -0.7024
    0.8512   -0.2952    0.4340
   -0.5122   -0.6476    0.5642
...    10 T-A ...
   -6.7405  -10.8752   25.9697
    0.4841   -0.8363   -0.2574
    0.6595    0.1553    0.7355
   -0.5751   -0.5258    0.6267
...    11 C-G ...
   -9.1656  -12.6208   27.1640
    0.7073   -0.6682    0.2307
    0.3448    0.6110    0.7126
   -0.6171   -0.4245    0.6626
...    12 A-T ...
  -10.9234  -14.6633   29.0693
    0.7515   -0.1377    0.6452
   -0.2029    0.8824    0.4246
   -0.6277   -0.4500    0.6352
...    13 C-G ...
  -11.8476  -17.4863   31.2451
    0.4295    0.2823    0.8578
   -0.5708    0.8209    0.0156
   -0.6998   -0.4963    0.5137
...    14 A-T ...
  -13.5897  -19.7827   33.4259
   -0.1504    0.6104    0.7777
   -0.6874    0.5008   -0.5260
   -0.7106   -0.6136    0.3443
...    15 A-T ...
  -15.8155  -21.8553   34.5574
   -0.5255    0.7923    0.3101
   -0.4495    0.0509   -0.8918
   -0.7224   -0.6080    0.3294
...    16 T-A ...
  -17.9481  -23.8160   36.3295
   -0.7142    0.6642   -0.2210
   -0.0700   -0.3820   -0.9215
   -0.6965   -0.6426    0.3193
...    17 T-A ...
  -20.2348  -25.7489   37.6928
   -0.6363    0.2834   -0.7175
    0.3830   -0.6914   -0.6127
   -0.6697   -0.6646    0.3314
...    18 T-A ...
  -22.5269  -27.7937   38.7916
   -0.2787   -0.1503   -0.9485
    0.6778   -0.7305   -0.0834
   -0.6804   -0.6661    0.3055
...    19 A-T ...
  -24.6146  -30.3004   39.7964
    0.2326   -0.5650   -0.7917
    0.6922   -0.4757    0.5428
   -0.6832   -0.6742    0.2804
...    20 T-A ...
  -27.2689  -32.2667   40.2142
    0.5565   -0.7426   -0.3727
    0.4629   -0.0954    0.8813
   -0.6900   -0.6629    0.2907
...    21 T-A ...
  -29.5890  -34.4625   40.8816
    0.7014   -0.6716    0.2388
    0.0265    0.3594    0.9328
   -0.7123   -0.6479    0.2699
...    22 C-G ...
  -31.8940  -36.6499   41.7786
    0.5881   -0.3071    0.7482
   -0.4134    0.6810    0.6044
   -0.6952   -0.6647    0.2736
...    23 G-C ...
  -34.4633  -38.4463   43.0593
    0.3493    0.2215    0.9104
   -0.6910    0.7172    0.0906
   -0.6329   -0.6607    0.4036
...    24 C-G ...
  -36.2513  -40.8857   44.3643
   -0.0318    0.6050    0.7956
   -0.7664    0.4962   -0.4080
   -0.6416   -0.6227    0.4478
...    25 A-T ...
  -38.7473  -42.8641   45.3958
   -0.4355    0.8245    0.3613
   -0.5921    0.0400   -0.8049
   -0.6781   -0.5645    0.4708
...    26 A-T ...
  -40.9421  -44.6498   47.0554
   -0.6868    0.7033   -0.1837
   -0.2322   -0.4517   -0.8614
   -0.6888   -0.5489    0.4736
...    27 A-T ...
  -43.1258  -46.2541   48.8697
   -0.6952    0.3014   -0.6526
    0.2195   -0.7755   -0.5919
   -0.6845   -0.5548    0.4729
...    28 G-C ...
  -45.6827  -47.7113   50.5405
   -0.4231   -0.1381   -0.8955
    0.5436   -0.8294   -0.1289
   -0.7249   -0.5413    0.4260
...    29 G-C ...
  -48.4462  -49.3918   51.7521
    0.0199   -0.5671   -0.8234
    0.6673   -0.6058    0.4333
   -0.7445   -0.5581    0.3664
...    30 C-G ...
  -51.0792  -51.2183   52.5365
    0.4222   -0.7913   -0.4422
    0.5143   -0.1926    0.8357
   -0.7465   -0.5803    0.3257
...    31 C-G ...
  -53.7601  -53.0942   53.4073
    0.6772   -0.7296    0.0957
    0.1713    0.2829    0.9437
   -0.7156   -0.6227    0.3166
...    32 G-C ...
  -55.9081  -54.9126   54.7140
    0.7231   -0.4121    0.5544
   -0.2250    0.6182    0.7531
   -0.6531   -0.6693    0.3543
...    33 G-C ...
  -57.8407  -57.3953   55.9454
    0.5078    0.0559    0.8597
   -0.5990    0.7401    0.3057
   -0.6192   -0.6702    0.4093
...    34 C-G ...
  -59.6434  -59.8808   57.1644
    0.1183    0.5042    0.8555
   -0.7751    0.5853   -0.2378
   -0.6206   -0.6350    0.4600
...    35 C-G ...
  -61.4699  -62.0114   59.1032
   -0.2770    0.8021    0.5290
   -0.7149    0.1958   -0.6712
   -0.6420   -0.5642    0.5192
...    36 C-G ...
  -63.5250  -63.7771   61.1015
   -0.5885    0.8084    0.0145
   -0.4608   -0.3206   -0.8276
   -0.6643   -0.4937    0.5612
...    37 G-C ...
  -65.8951  -65.8894   62.3053
   -0.6874    0.5262   -0.5006
   -0.0619   -0.7292   -0.6815
   -0.7236   -0.4375    0.5338
...    38 A-T ...
  -68.2275  -67.2276   64.0301
   -0.5867   -0.0128   -0.8097
    0.3554   -0.9025   -0.2433
   -0.7276   -0.4306    0.5340
...    39 C-G ...
  -70.9121  -68.1841   65.5325
   -0.2845   -0.4774   -0.8314
    0.5908   -0.7702    0.2401
   -0.7550   -0.4229    0.5012
...    40 A-T ...
  -73.5053  -69.7733   67.0327
    0.1619   -0.8327   -0.5295
    0.6290   -0.3263    0.7056
   -0.7603   -0.4473    0.4710
...    41 C-G ...
  -76.2446  -71.4184   68.0854
    0.4766   -0.8758   -0.0764
    0.4401    0.1624    0.8831
   -0.7610   -0.4545    0.4629
...    42 G-C ...
  -78.5988  -72.6838   70.0441
    0.6711   -0.5818    0.4596
    0.0703    0.6670    0.7418
   -0.7381   -0.4655    0.4885
...    43 A-T ...
  -81.0796  -74.0784   71.4436
    0.5866   -0.0700    0.8069
   -0.3127    0.8994    0.3053
   -0.7471   -0.4314    0.5057
...    44 C-G ...
  -83.2306  -76.0719   72.9572
    0.3729    0.4500    0.8114
   -0.5847    0.7930   -0.1711
   -0.7205   -0.4106    0.5588
...    45 T-A ...
  -85.3696  -77.7640   75.2580
    0.0369    0.8674    0.4963
   -0.6928    0.3801   -0.6129
   -0.7202   -0.3212    0.6149
...    46 T-A ...
  -87.6092  -78.6869   77.3023
   -0.2821    0.9577    0.0563
   -0.6187   -0.1368   -0.7736
   -0.7332   -0.2531    0.6311
...    47 A-T ...
  -90.0692  -79.1455   79.4621
   -0.4555    0.7527   -0.4754
   -0.4082   -0.6512   -0.6398
   -0.7911   -0.0974    0.6038
...    48 C-G ...
  -92.5398  -78.7425   81.6387
   -0.5673    0.2909   -0.7704
   -0.1397   -0.9560   -0.2581
   -0.8116   -0.0388    0.5829
...    49 T-A ...
  -95.3111  -78.2941   83.5069
   -0.4967   -0.2619   -0.8275
    0.1210   -0.9650    0.2328
   -0.8594    0.0155    0.5110
...    50 G-C ...
  -98.2648  -78.4418   85.0953
   -0.2742   -0.7854   -0.5549
    0.3524   -0.6190    0.7019
   -0.8948   -0.0032    0.4465
...    51 T-A ...
 -101.3541  -78.4109   86.0343
   -0.0560   -0.9967   -0.0590
    0.4361   -0.0775    0.8965
   -0.8981    0.0245    0.4390
...    52 A-T ...
 -103.8246  -77.5758   88.5532
    0.1356   -0.7335    0.6661
    0.4048    0.6546    0.6385
   -0.9043    0.1830    0.3856
...    53 G-C ...
 -106.8376  -76.9399   89.7031
    0.3874   -0.2778    0.8790
    0.2972    0.9402    0.1662
   -0.8727    0.1969    0.4469
...    54 G-C ...
 -109.9916  -76.9189   91.3878
    0.5642    0.2865    0.7743
    0.0328    0.9294   -0.3677
   -0.8250    0.2329    0.5150
...    55 T-A ...
 -112.5716  -76.4634   93.2798
    0.5400    0.7187    0.4380
   -0.2551    0.6357   -0.7286
   -0.8021    0.2817    0.5266
...    56 A-T ...
 -114.9888  -75.5376   95.5839
    0.4167    0.8972   -0.1463
   -0.5461    0.1184   -0.8293
   -0.7267    0.4255    0.5393
...    57 T-A ...
 -116.8558  -74.0472   97.7657
    0.1207    0.8020   -0.5850
   -0.7016   -0.3480   -0.6218
   -0.7023    0.4855    0.5207
...    58 C-G ...
 -119.1131  -72.0630   99.4946
   -0.3110    0.3664   -0.8770
   -0.6543   -0.7518   -0.0821
   -0.6894    0.5482    0.4735
...    59 T-A ...
 -121.3447  -69.9666  100.7389
   -0.5811   -0.1426   -0.8012
   -0.4142   -0.7956    0.4420
   -0.7005    0.5888    0.4033
...    60 C-G ...
 -123.9712  -68.4475  101.9848
   -0.7268   -0.5919   -0.3484
   -0.0295   -0.4798    0.8769
   -0.6862    0.6476    0.3313
...    61 G-C ...
 -126.1390  -66.5809  103.7069
   -0.6153   -0.7483    0.2480
    0.3846   -0.0104    0.9230
   -0.6881    0.6633    0.2942
...    62 A-T ...
 -128.1701  -64.1860  104.8330
   -0.2437   -0.5686    0.7857
    0.7111    0.4461    0.5434
   -0.6595    0.6911    0.2957
...    63 G-C ...
 -130.3128  -61.8318  105.7322
    0.2009   -0.2186    0.9549
    0.7614    0.6482   -0.0118
   -0.6163    0.7295    0.2967
...    64 C-G ...
 -132.7391  -59.6092  106.7652
    0.6392    0.1821    0.7472
    0.5083    0.6290   -0.5881
   -0.5771    0.7557    0.3095
...    65 T-A ...
 -134.7452  -57.2125  107.9699
    0.8637    0.4142    0.2872
    0.0954    0.4252   -0.9000
   -0.4949    0.8048    0.3278
...    66 C-G ...
 -136.3499  -54.4755  109.0848
    0.7938    0.5204   -0.3148
   -0.4344    0.1230   -0.8923
   -0.4257    0.8450    0.3237
...    67 G-C ...
 -137.7256  -51.4701  109.4059
    0.4666    0.4037   -0.7870
   -0.8242   -0.1242   -0.5525
   -0.3207    0.9064    0.2748
...    68 G-C ...
 -138.3994  -48.2342  110.1199
   -0.0576    0.1820   -0.9816
   -0.9588   -0.2840    0.0036
   -0.2781    0.9414    0.1909
...    69 G-C ...
 -139.1139  -44.9165  110.1561
   -0.5619   -0.0948   -0.8218
   -0.7857   -0.2496    0.5660
   -0.2588    0.9637    0.0657
...    70 A-T ...
 -139.7696  -41.6085  110.1055
   -0.9362   -0.1980   -0.2904
   -0.2729   -0.1112    0.9556
   -0.2215    0.9739    0.0501
...    71 T-A ...
 -140.4949  -38.3996  109.6414
   -0.9389   -0.2112    0.2718
    0.2739    0.0197    0.9616
   -0.2085    0.9772    0.0393
...    72 C-G ...
 -141.3605  -35.1000  109.4945
   -0.5627   -0.0988    0.8208
    0.8117    0.1223    0.5712
   -0.1568    0.9876    0.0113
...    73 C-G ...
 -141.8804  -31.8328  109.3625
   -0.0146   -0.1002    0.9949
    0.9901    0.1376    0.0284
   -0.1397    0.9854    0.0971
...    74 G-C ...
 -141.8019  -28.5171  109.5937
    0.5731   -0.1006    0.8133
    0.8169    0.1492   -0.5572
   -0.0653    0.9837    0.1676
...    75 C-G ...
 -142.4624  -25.2010  110.3623
    0.9410   -0.0378    0.3362
    0.3381    0.1389   -0.9308
   -0.0115    0.9896    0.1435
...    76 T-A ...
 -142.5441  -21.8677  111.2490
    0.9631   -0.0337   -0.2670
   -0.2599    0.1409   -0.9553
    0.0698    0.9894    0.1269
...    77 T-A ...
 -142.0814  -18.7545  111.7558
    0.6473   -0.0532   -0.7604
   -0.7423    0.1827   -0.6447
    0.1732    0.9817    0.0788
...    78 C-G ...
 -141.5198  -15.6055  111.4043
    0.0811   -0.0284   -0.9963
   -0.9629    0.2561   -0.0856
    0.2576    0.9662   -0.0066
...    79 A-T ...
 -140.0498  -12.5094  111.1646
   -0.4726   -0.0007   -0.8813
   -0.8209    0.3643    0.4399
    0.3207    0.9313   -0.1727
...    80 T-A ...
 -138.7232   -9.6744  110.1777
   -0.8373    0.1648   -0.5212
   -0.4494    0.3355    0.8280
    0.3113    0.9275   -0.2068
...    81 G-C ...
 -137.6318   -6.6023  109.2756
   -0.9326    0.3413    0.1173
    0.1864    0.1770    0.9664
    0.3091    0.9231   -0.2287
...    82 T-A ...
 -136.7247   -3.5710  107.9339
   -0.6363    0.4245    0.6442
    0.6856   -0.0716    0.7244
    0.3536    0.9026   -0.2455
...    83 T-A ...
 -135.6661   -0.6858  106.8635
   -0.0613    0.3496    0.9349
    0.9203   -0.3428    0.1885
    0.3864    0.8720   -0.3007
...    84 A-T ...
 -133.9347    2.0459  105.5792
    0.6007    0.0595    0.7973
    0.6908   -0.5407   -0.4801
    0.4025    0.8391   -0.3659
...    85 T-A ...
 -132.9969    5.0971  104.8397
    0.8710   -0.2387    0.4293
    0.2630   -0.5115   -0.8180
    0.4148    0.8255   -0.3828
...    86 A-T ...
 -131.5577    7.6957  103.2199
    0.8144   -0.5631   -0.1403
   -0.3289   -0.2487   -0.9111
    0.4782    0.7881   -0.3877
...    87 A-T ...
 -129.8251   10.0988  102.1001
    0.4548   -0.6566   -0.6017
   -0.7173    0.1304   -0.6845
    0.5279    0.7428   -0.4117
...    88 C-G ...
 -127.4501   12.2214  100.9493
   -0.0431   -0.5010   -0.8644
   -0.8367    0.4909   -0.2428
    0.5460    0.7128   -0.4403
...    89 G-C ...
 -125.9988   14.5523   99.1214
   -0.5685   -0.1756   -0.8037
   -0.6044    0.7519    0.2633
    0.5581    0.6355   -0.5336
...    90 G-C ...
 -124.5141   16.4861   96.8743
   -0.8551    0.2052   -0.4762
   -0.1536    0.7770    0.6105
    0.4952    0.5952   -0.6329
...    91 A-T ...
 -122.8195   18.2358   94.5130
   -0.7482    0.6635   -0.0063
    0.4199    0.4808    0.7698
    0.5138    0.5733   -0.6383
...    92 T-A ...
 -121.5478   19.8356   91.7999
   -0.3862    0.8418    0.3772
    0.7469    0.0453    0.6634
    0.5414    0.5380   -0.6462
...    93 T-A ...
 -120.0695   21.5966   89.4928
    0.1464    0.7221    0.6761
    0.8204   -0.4705    0.3249
    0.5527    0.5071   -0.6614
...    94 A-T ...
 -117.6971   22.5303   87.2050
    0.6663    0.2729    0.6940
    0.5130   -0.8431   -0.1610
    0.5412    0.4633   -0.7017
...    95 A-T ...
 -116.0094   24.1494   84.9942
    0.8400   -0.2806    0.4644
    0.0068   -0.8504   -0.5261
    0.5425    0.4451   -0.7124
...    96 C-G ...
 -114.0649   26.0604   82.9706
    0.6919   -0.7157    0.0952
   -0.4733   -0.5492   -0.6887
    0.5452    0.4315   -0.7187
...    97 A-T ...
 -112.1159   27.3247   80.4822
    0.2128   -0.9359   -0.2806
   -0.7853    0.0070   -0.6190
    0.5813    0.3521   -0.7335
...    98 C-G ...
 -109.6659   28.0433   78.2765
   -0.2678   -0.7903   -0.5510
   -0.7614    0.5241   -0.3817
    0.5904    0.3173   -0.7421
...    99 T-A ...
 -107.2154   28.6133   75.6931
   -0.7036   -0.3361   -0.6261
   -0.4343    0.9008    0.0044
    0.5625    0.2750   -0.7798
...   100 T-A ...
 -105.3129   29.1729   73.0781
   -0.7979    0.2874   -0.5299
    0.0824    0.9228    0.3764
    0.5971    0.2567   -0.7600
...   101 T-A ...
 -103.3967   29.7516   70.4623
   -0.5715    0.7884   -0.2278
    0.5351    0.5684    0.6249
    0.6222    0.2353   -0.7467
...   102 A-T ...
 -100.9431   30.5344   68.0903
    0.0080    0.9743    0.2250
    0.7634   -0.1513    0.6280
    0.6459    0.1667   -0.7450
...   103 T-A ...
  -99.4123   31.3337   65.3180
    0.3688    0.7674    0.5245
    0.6608   -0.6133    0.4327
    0.6537    0.1870   -0.7333
...   104 G-C ...
  -97.2748   32.2251   62.9326
    0.6327    0.2097    0.7455
    0.3174   -0.9483   -0.0027
    0.7063    0.2383   -0.6665
...   105 C-G ...
  -94.8534   33.3458   60.9799
    0.6685   -0.3720    0.6440
   -0.1021   -0.9036   -0.4160
    0.7366    0.2123   -0.6421
...   106 T-A ...
  -92.0770   34.3105   59.1115
    0.4561   -0.8389    0.2970
   -0.4506   -0.5055   -0.7358
    0.7674    0.2018   -0.6085
...   107 T-A ...
  -89.4558   34.9176   57.3535
    0.0800   -0.9854   -0.1500
   -0.6104    0.0705   -0.7889
    0.7880    0.1547   -0.5959
...   108 C-G ...
  -86.7010   35.2114   55.4397
   -0.3345   -0.7417   -0.5813
   -0.5194    0.6598   -0.5430
    0.7863    0.1203   -0.6060
...   109 C-G ...
  -84.1126   35.3728   53.3779
   -0.6370   -0.2668   -0.7232
   -0.2304    0.9612   -0.1517
    0.7356    0.0700   -0.6738
...   110 G-C ...
  -81.9904   35.9302   51.1416
   -0.7250    0.2892   -0.6251
    0.1752    0.9551    0.2388
    0.6661    0.0636   -0.7431
...   111 G-C ...
  -80.0481   36.1164   48.3722
   -0.5309    0.7801   -0.3311
    0.5720    0.6181    0.5392
    0.6252    0.0969   -0.7744
...   112 C-G ...
  -78.4224   36.3540   45.4352
   -0.1328    0.9886    0.0706
    0.7765    0.0595    0.6273
    0.6160    0.1381   -0.7756
...   113 T-A ...
  -76.5163   36.8412   42.7365
    0.2907    0.8499    0.4394
    0.7310   -0.4936    0.4711
    0.6173    0.1843   -0.7648
...   114 C-G ...
  -74.3450   37.4007   40.2434
    0.6615    0.3641    0.6556
    0.4145   -0.9061    0.0850
    0.6250    0.2156   -0.7503
...   115 G-C ...
  -72.0855   37.5867   37.7529
    0.7252   -0.2831    0.6276
   -0.0611   -0.9344   -0.3510
    0.6858    0.2162   -0.6949
...   116 T-A ...
  -69.4161   38.7166   36.0199
    0.5364   -0.7648    0.3569
   -0.4482   -0.6164   -0.6474
    0.7151    0.1873   -0.6734
...   117 A-T ...
  -66.7112   39.3621   34.0310
    0.1138   -0.9901   -0.0825
   -0.6601   -0.0133   -0.7511
    0.7425    0.1399   -0.6550
...   118 T-A ...
  -63.8432   39.6231   32.4193
   -0.2386   -0.8429   -0.4823
   -0.6186    0.5148   -0.5936
    0.7486    0.1567   -0.6442
...   119 A-T ...
  -61.3584   40.5215   30.1226
   -0.5481   -0.2308   -0.8040
   -0.2914    0.9536   -0.0751
    0.7840    0.1931   -0.5899
...   120 A-T ...
  -58.7455   40.8080   28.1917
   -0.6035    0.3773   -0.7024
    0.0791    0.9049    0.4181
    0.7934    0.1968   -0.5760
...   121 T-A ...
  -56.2886   40.9314   25.9062
   -0.4522    0.8097   -0.3739
    0.3839    0.5551    0.7379
    0.8051    0.1901   -0.5618
...   122 G-C ...
  -53.5237   41.5697   23.8715
   -0.1722    0.9626    0.2093
    0.5751   -0.0743    0.8147
    0.7997    0.2607   -0.5408
...   123 T-A ...
  -51.1796   42.5278   21.7365
    0.1390    0.7682    0.6249
    0.5657   -0.5795    0.5866
    0.8128    0.2720   -0.5151
...   124 G-C ...
  -48.4039   43.4949   20.0157
    0.3759    0.2375    0.8957
    0.3928   -0.9163    0.0782
    0.8393    0.3224   -0.4377
...   125 T-A ...
  -45.8935   44.9494   18.6800
    0.4752   -0.3093    0.8237
    0.1477   -0.8949   -0.4212
    0.8674    0.3218   -0.3796
...   126 C-G ...
  -43.0516   45.9322   17.6465
    0.4714   -0.7825    0.4068
   -0.1409   -0.5222   -0.8411
    0.8706    0.3392   -0.3564
...   127 G-C ...
  -40.1959   46.5905   15.9228
    0.2088   -0.9717   -0.1106
   -0.3087    0.0419   -0.9502
    0.9280    0.2325   -0.2912
...   128 A-T ...
  -37.1867   47.2980   15.0393
   -0.0098   -0.7417   -0.6707
   -0.3675    0.6264   -0.6874
    0.9300    0.2398   -0.2787
...   129 C-G ...
  -33.8930   47.4459   14.5564
   -0.2335   -0.2819   -0.9306
   -0.2940    0.9327   -0.2088
    0.9268    0.2249   -0.3007
...   130 C-G ...
  -30.7199   47.8277   13.3299
   -0.4214    0.2752   -0.8641
   -0.0866    0.9363    0.3404
    0.9027    0.2182   -0.3707
...   131 A-T ...
  -27.5660   49.2101   12.9638
   -0.3862    0.8105   -0.4404
    0.1728    0.5325    0.8286
    0.9061    0.2438   -0.3457
...   132 A-T ...
  -24.6212   49.9660   11.7099
   -0.2116    0.9672    0.1403
    0.3594   -0.0565    0.9315
    0.9089    0.2475   -0.3356
...   133 A-T ...
  -21.7937   50.8535   10.2882
    0.0671    0.7474    0.6610
    0.3969   -0.6278    0.6696
    0.9154    0.2174   -0.3387
...   134 T-A ...
  -19.0083   52.0400    8.9384
    0.2450    0.2904    0.9250
    0.3072   -0.9282    0.2101
    0.9196    0.2327   -0.3167
...   135 G-C ...
  -16.4569   53.8978    7.5291
    0.5336   -0.3334    0.7773
    0.0348   -0.9096   -0.4140
    0.8450    0.2479   -0.4738
...   136 T-A ...
  -14.1680   56.5696    6.1949
    0.5795   -0.7269    0.3684
   -0.3140   -0.6163   -0.7222
    0.7521    0.3028   -0.5854
...   137 G-C ...
  -11.6468   58.0144    4.7337
    0.2454   -0.9541   -0.1717
   -0.6318   -0.0231   -0.7748
    0.7352    0.2986   -0.6085
...   138 A-T ...
   -8.6697   58.7287    3.6171
   -0.0344   -0.7815   -0.6230
   -0.6534    0.4892   -0.5777
    0.7562    0.3872   -0.5274
...   139 G-C ...
   -6.3211   59.0877    1.6441
   -0.2967   -0.3277   -0.8970
   -0.5657    0.8170   -0.1114
    0.7694    0.4744   -0.4278
...   140 C-G ...
   -3.4296   60.2435    1.0435
   -0.4424    0.2288   -0.8671
   -0.1682    0.9286    0.3309
    0.8809    0.2922   -0.3723
...   141 G-C ...
   -0.6893   63.9061   -2.2356
   -0.9992    0.0156   -0.0375
   -0.0024    0.8991    0.4378
    0.0405    0.4375   -0.8983
...   142 C-G ...
   -0.9979   65.6135   -4.9249
   -0.8337    0.5217    0.1810
    0.5169    0.6220    0.5881
    0.1942    0.5839   -0.7882
...   143 T-A ...
   -0.1244   66.2248   -7.8041
   -0.3751    0.8568    0.3538
    0.8856    0.2185    0.4098
    0.2739    0.4670   -0.8408
...   144 C-G ...
   -0.1579   67.4195  -10.7921
    0.1799    0.8792    0.4411
    0.9276   -0.3009    0.2214
    0.3274    0.3694   -0.8697
...   145 A-T ...
    0.5353   69.2485  -13.4513
    0.7352    0.4961    0.4620
    0.6117   -0.7791   -0.1369
    0.2921    0.3832   -0.8763
...   146 C-G ...
    1.4422   72.1062  -15.5858
    0.9808    0.0622    0.1849
    0.1266   -0.9240   -0.3608
    0.1484    0.3773   -0.9141
...   147 A-T ...
    2.3151   74.2408  -18.3714
    0.8657   -0.4292   -0.2574
   -0.4984   -0.7868   -0.3642
   -0.0462    0.4436   -0.8950
