  147 base-pairs
...     1 A-T ...
    0.0000    0.0000    0.0000
    1.0000    0.0000    0.0000
    0.0000    1.0000    0.0000
    0.0000    0.0000    1.0000
...     2 G-C ...
   -0.1394   -1.2357    3.2268
    0.7529    0.6366    0.1670
   -0.6386    0.7680   -0.0486
   -0.1592   -0.0700    0.9848
...     3 T-A ...
   -0.0365   -3.2932    6.3751
    0.2722    0.9301    0.2466
   -0.9238    0.3243   -0.2033
   -0.2691   -0.1725    0.9475
...     4 G-C ...
   -0.3505   -4.1660    9.4928
   -0.3756    0.9250    0.0579
   -0.8781   -0.3352   -0.3415
   -0.2965   -0.1791    0.9381
...     5 A-T ...
   -0.4462   -4.1476   12.7498
   -0.8116    0.5840   -0.0165
   -0.5523   -0.7762   -0.3042
   -0.1905   -0.2378    0.9524
...     6 G-C ...
   -1.5908   -4.1730   15.6201
   -0.9976    0.0246   -0.0651
   -0.0043   -0.9555   -0.2950
   -0.0695   -0.2940    0.9533
...     7 C-G ...
   -1.1030   -4.4824   18.7362
   -0.8441   -0.5304   -0.0787
    0.5345   -0.8441   -0.0432
   -0.0435   -0.0785    0.9960
...     8 G-C ...
   -2.4028   -7.7290   23.1475
   -0.2754   -0.3293   -0.9032
    0.6650   -0.7437    0.0684
   -0.6942   -0.5818    0.4238
...     9 C-G ...
   -4.4690   -9.9728   24.1132
    0.1145   -0.7025   -0.7024
    0.8512   -0.2952    0.4340
   -0.5122   -0.6476    0.5642
...    10 T-A ...
   -6.7405  -10.8752   25.9697
    0.4841   -0.8363   -0.2574
    0.6595    0.1553    0.7355
   -0.5751   -0.5258    0.6267
...    11 C-G ...
   -9.1656  -12.6208   27.1640
    0.7073   -0.6682    0.2307
    0.3448    0.6110    0.7126
   -0.6171   -0.4245    0.6626
...    12 A-T ...
  -10.9234  -14.6633   29.0693
    0.7515   -0.1377    0.6452
   -0.2029    0.8824    0.4246
   -0.6277   -0.4500    0.6352
...    13 C-G ...
  -11.8476  -17.4863   31.2451
    0.4295    0.2823    0.8578
   -0.5708    0.8209    0.0156
   -0.6998   -0.4963    0.5137
...    14 A-T ...
  -13.5897  -19.7827   33.4259
   -0.1504    0.6104    0.7777
   -0.6874    0.5008   -0.5260
   -0.7106   -0.6136    0.3443
...    15 A-T ...
  -15.7350  -21.8925   34.6866
   -0.5483    0.7742    0.3161
   -0.4492    0.0461   -0.8922
   -0.7054   -0.6312    0.3225
...    16 T-A ...
  -17.8123  -23.8494   36.3549
   -0.7049    0.6808   -0.1989
   -0.0889   -0.3630   -0.9275
   -0.7037   -0.6361    0.3165
...    17 T-A ...
  -20.1037  -25.8175   37.5630
   -0.6194    0.3332   -0.7108
    0.3514   -0.6920   -0.6306
   -0.7020   -0.6404    0.3115
...    18 T-A ...
  -22.4919  -27.7367   38.6523
   -0.2882   -0.1387   -0.9475
    0.6504   -0.7545   -0.0874
   -0.7028   -0.6414    0.3076
...    19 A-T ...
  -24.5857  -30.2035   39.7040
    0.2146   -0.5820   -0.7843
    0.6733   -0.4935    0.5505
   -0.7075   -0.6463    0.2860
...    20 T-A ...
  -27.2693  -32.0937   40.1051
    0.5336   -0.7567   -0.3777
    0.4584   -0.1166    0.8811
   -0.7108   -0.6433    0.2847
...    21 T-A ...
  -29.6666  -34.2001   40.7780
    0.6874   -0.6897    0.2276
    0.0510    0.3584    0.9322
   -0.7244   -0.6292    0.2815
...    22 C-G ...
  -32.0087  -36.3790   41.6445
    0.5841   -0.3149    0.7481
   -0.3872    0.7020    0.5977
   -0.7134   -0.6388    0.2881
...    23 G-C ...
  -34.5947  -38.2378   42.8328
    0.3064    0.2159    0.9271
   -0.6697    0.7410    0.0488
   -0.6765   -0.6358    0.3716
...    24 C-G ...
  -36.5347  -40.6334   44.1505
   -0.0997    0.6239    0.7751
   -0.7262    0.4869   -0.4853
   -0.6802   -0.6112    0.4046
...    25 A-T ...
  -39.0183  -42.5817   45.3201
   -0.4479    0.8452    0.2915
   -0.5358    0.0072   -0.8443
   -0.7158   -0.5343    0.4497
...    26 A-T ...
  -41.2677  -44.2523   46.9652
   -0.6720    0.6912   -0.2660
   -0.1696   -0.4932   -0.8532
   -0.7209   -0.5283    0.4486
...    27 A-T ...
  -43.6388  -45.7995   48.5596
   -0.6387    0.2699   -0.7205
    0.2544   -0.8097   -0.5289
   -0.7262   -0.5211    0.4485
...    28 G-C ...
  -46.2415  -47.2738   50.0405
   -0.3474   -0.1947   -0.9173
    0.5484   -0.8357   -0.0303
   -0.7607   -0.5135    0.3970
...    29 G-C ...
  -49.0325  -48.8936   51.0944
    0.0778   -0.6021   -0.7946
    0.6201   -0.5949    0.5114
   -0.7806   -0.5325    0.3271
...    30 C-G ...
  -51.8493  -50.5874   51.7900
    0.4374   -0.8203   -0.3686
    0.4516   -0.1541    0.8788
   -0.7776   -0.5508    0.3030
...    31 C-G ...
  -54.4955  -52.6038   52.5226
    0.6611   -0.7274    0.1841
    0.1049    0.3326    0.9372
   -0.7429   -0.6003    0.2962
...    32 G-C ...
  -57.0068  -54.4350   53.8960
    0.6584   -0.3373    0.6729
   -0.3093    0.6937    0.6504
   -0.6862   -0.6364    0.3524
...    33 G-C ...
  -59.2207  -56.7928   54.9576
    0.4220    0.1679    0.8909
   -0.6270    0.7638    0.1530
   -0.6548   -0.6232    0.4276
...    34 C-G ...
  -61.0826  -59.1659   56.3963
    0.0337    0.6022    0.7976
   -0.7542    0.5390   -0.3751
   -0.6558   -0.5889    0.4724
...    35 C-G ...
  -63.0944  -61.2048   58.2032
   -0.3233    0.8582    0.3986
   -0.6567    0.0997   -0.7475
   -0.6813   -0.5035    0.5314
...    36 C-G ...
  -65.3136  -62.7119   60.2539
   -0.5629    0.8140   -0.1434
   -0.3885   -0.4137   -0.8234
   -0.7296   -0.4077    0.5491
...    37 G-C ...
  -68.0547  -64.0893   61.7162
   -0.5936    0.4683   -0.6544
   -0.0439   -0.8308   -0.5548
   -0.8035   -0.3006    0.5138
...    38 A-T ...
  -70.8151  -64.9507   63.3187
   -0.4780   -0.1297   -0.8688
    0.3002   -0.9536   -0.0228
   -0.8255   -0.2717    0.4947
...    39 C-G ...
  -73.8443  -65.2902   64.7167
   -0.2294   -0.6295   -0.7424
    0.4933   -0.7327    0.4688
   -0.8391   -0.2587    0.4786
...    40 A-T ...
  -76.4654  -66.4219   66.4767
    0.1531   -0.9355   -0.3185
    0.5081   -0.2019    0.8373
   -0.8476   -0.2900    0.4444
...    41 C-G ...
  -79.5568  -67.4482   67.3669
    0.4046   -0.8924    0.2000
    0.3395    0.3496    0.8732
   -0.8492   -0.2854    0.4444
...    42 G-C ...
  -82.3352  -68.0933   69.2109
    0.5883   -0.4882    0.6446
    0.0440    0.8153    0.5774
   -0.8075   -0.3113    0.5011
...    43 A-T ...
  -85.0683  -69.1483   70.7409
    0.5180    0.1188    0.8471
   -0.3052    0.9508    0.0532
   -0.7991   -0.2861    0.5287
...    44 C-G ...
  -87.4196  -70.6312   72.5504
    0.3075    0.6261    0.7165
   -0.5324    0.7373   -0.4158
   -0.7887   -0.2536    0.5601
...    45 T-A ...
  -89.8347  -71.5368   74.6467
    0.0446    0.9467    0.3190
   -0.6280    0.2749   -0.7281
   -0.7769   -0.1679    0.6068
...    46 T-A ...
  -92.2415  -72.0197   76.7511
   -0.2871    0.9391   -0.1890
   -0.5510   -0.3233   -0.7693
   -0.7836   -0.1167    0.6103
...    47 A-T ...
  -95.0219  -72.3010   78.6181
   -0.4889    0.5557   -0.6724
   -0.3079   -0.8312   -0.4630
   -0.8162   -0.0194    0.5775
...    48 C-G ...
  -97.6330  -71.6796   80.5825
   -0.5568    0.0161   -0.8305
   -0.0256   -0.9997   -0.0022
   -0.8302    0.0200    0.5570
...    49 T-A ...
 -100.5385  -71.3112   82.1954
   -0.4540   -0.5469   -0.7034
    0.2444   -0.8356    0.4919
   -0.8568    0.0514    0.5130
...    50 G-C ...
 -103.3186  -71.5384   84.0627
   -0.1891   -0.9483   -0.2549
    0.4421   -0.3140    0.8402
   -0.8768    0.0462    0.4786
...    51 T-A ...
 -106.5450  -71.3650   85.0916
    0.0756   -0.9614    0.2645
    0.4803    0.2676    0.8353
   -0.8738    0.0639    0.4820
...    52 A-T ...
 -109.2219  -70.4499   87.1235
    0.3069   -0.4871    0.8177
    0.3477    0.8571    0.3801
   -0.8860    0.1676    0.4324
...    53 G-C ...
 -112.2515  -70.1192   88.5155
    0.5001    0.0671    0.8633
    0.1440    0.9767   -0.1593
   -0.8539    0.2040    0.4788
...    54 G-C ...
 -115.2195  -69.6506   90.1047
    0.5838    0.5812    0.5669
   -0.1459    0.7619   -0.6310
   -0.7987    0.2856    0.5296
...    55 T-A ...
 -117.5926  -69.0240   92.3045
    0.4682    0.8775    0.1037
   -0.4332    0.3303   -0.8386
   -0.7702    0.3477    0.5347
...    56 A-T ...
 -120.0462  -67.6274   94.1111
    0.2502    0.8368   -0.4870
   -0.6612   -0.2197   -0.7173
   -0.7072    0.5015    0.4983
...    57 T-A ...
 -121.8317  -65.6773   96.0283
   -0.0979    0.5866   -0.8039
   -0.7113   -0.6063   -0.3557
   -0.6960    0.5370    0.4766
...    58 C-G ...
 -124.1183  -63.7186   97.3446
   -0.4814    0.0817   -0.8727
   -0.5472   -0.8058    0.2264
   -0.6846    0.5866    0.4327
...    59 T-A ...
 -126.3630  -61.4975   98.4370
   -0.6846   -0.4012   -0.6085
   -0.2300   -0.6733    0.7027
   -0.6916    0.6210    0.3687
...    60 C-G ...
 -128.7748  -59.4548   99.4711
   -0.6979   -0.7157   -0.0276
    0.2294   -0.2599    0.9380
   -0.6785    0.6483    0.3455
...    61 G-C ...
 -130.8817  -57.3491  101.1111
   -0.4044   -0.7338    0.5459
    0.5969    0.2405    0.7655
   -0.6930    0.6354    0.3407
...    62 A-T ...
 -133.2028  -55.1576  102.0638
    0.0468   -0.4097    0.9110
    0.7407    0.6261    0.2435
   -0.6702    0.6634    0.3327
...    63 G-C ...
 -135.6174  -53.0919  103.1285
    0.4868   -0.0187    0.8733
    0.6123    0.7203   -0.3259
   -0.6230    0.6934    0.3621
...    64 C-G ...
 -137.9626  -51.0798  104.4172
    0.7854    0.3451    0.5139
    0.2504    0.5822   -0.7736
   -0.5662    0.7362    0.3708
...    65 T-A ...
 -139.7465  -48.7036  105.8998
    0.8517    0.5232   -0.0293
   -0.2175    0.3020   -0.9282
   -0.4768    0.7969    0.3710
...    66 C-G ...
 -141.2028  -46.0421  107.1154
    0.5978    0.5258   -0.6051
   -0.6884   -0.0501   -0.7236
   -0.4108    0.8491    0.3320
...    67 G-C ...
 -142.5906  -43.0093  107.7443
    0.1676    0.2591   -0.9512
   -0.9371   -0.2580   -0.2353
   -0.3064    0.9308    0.1996
...    68 G-C ...
 -143.2756  -39.6863  107.8888
   -0.3565   -0.0195   -0.9341
   -0.8953   -0.2785    0.3476
   -0.2670    0.9602    0.0818
...    69 G-C ...
 -144.1536  -36.4058  107.5297
   -0.7871   -0.2314   -0.5719
   -0.5550   -0.1390    0.8201
   -0.2692    0.9629   -0.0190
...    70 A-T ...
 -145.1311  -33.2248  107.2614
   -0.9671   -0.2451    0.0674
    0.0523    0.0676    0.9963
   -0.2488    0.9671   -0.0526
...    71 T-A ...
 -146.0997  -30.1415  106.3885
   -0.7979   -0.1170    0.5914
    0.5683    0.1814    0.8026
   -0.2012    0.9764   -0.0782
...    72 C-G ...
 -146.7872  -26.8962  105.9925
   -0.2653    0.0499    0.9629
    0.9488    0.1912    0.2515
   -0.1716    0.9803   -0.0981
...    73 C-G ...
 -147.5624  -23.6107  105.4850
    0.3415    0.0964    0.9349
    0.9316    0.0972   -0.3503
   -0.1246    0.9906   -0.0566
...    74 G-C ...
 -147.6635  -20.2707  104.7830
    0.8303    0.0159    0.5570
    0.5573   -0.0260   -0.8299
    0.0013    0.9995   -0.0304
...    75 C-G ...
 -147.8572  -16.9606  105.0412
    0.9970   -0.0771    0.0028
   -0.0010   -0.0492   -0.9988
    0.0771    0.9958   -0.0492
...    76 T-A ...
 -147.3472  -13.6894  105.0906
    0.8244   -0.2030   -0.5283
   -0.5358    0.0205   -0.8441
    0.1822    0.9790   -0.0919
...    77 T-A ...
 -146.5525  -10.5741  104.8134
    0.3570   -0.2174   -0.9084
   -0.9061    0.1557   -0.3934
    0.2269    0.9636   -0.1414
...    78 T-A ...
 -145.5886   -7.5344  104.2662
   -0.2399   -0.1220   -0.9631
   -0.9381    0.2843    0.1976
    0.2497    0.9509   -0.1827
...    79 A-T ...
 -145.0178   -4.2733  103.5757
   -0.7845    0.0683   -0.6164
   -0.5607    0.3465    0.7521
    0.2650    0.9356   -0.2335
...    80 A-T ...
 -144.0550   -1.3361  102.5144
   -0.9492    0.3096   -0.0559
    0.0232    0.2460    0.9690
    0.3137    0.9185   -0.2407
...    81 C-G ...
 -143.2083    1.6069  101.0690
   -0.7728    0.4114    0.4833
    0.5465    0.0443    0.8363
    0.3227    0.9104   -0.2591
...    82 A-T ...
 -141.7694    4.5544  100.4250
   -0.2783    0.3313    0.9016
    0.9047   -0.2249    0.3619
    0.3226    0.9163   -0.2372
...    83 C-G ...
 -141.2660    7.7455   99.5005
    0.2630    0.1513    0.9528
    0.9024   -0.3879   -0.1875
    0.3412    0.9092   -0.2386
...    84 T-A ...
 -140.3010   10.8720   98.8419
    0.6955   -0.1397    0.7048
    0.6009   -0.4246   -0.6772
    0.3939    0.8945   -0.2114
...    85 T-A ...
 -139.1055   13.8337   98.2890
    0.9028   -0.3874    0.1868
    0.0780   -0.2797   -0.9569
    0.4230    0.8785   -0.2223
...    86 C-G ...
 -137.6522   16.6860   97.5930
    0.7389   -0.5416   -0.4009
   -0.4701    0.0118   -0.8825
    0.4828    0.8405   -0.2459
...    87 A-T ...
 -135.9613   19.3984   96.5354
    0.2632   -0.5522   -0.7911
   -0.7798    0.3610   -0.5114
    0.5680    0.7515   -0.3356
...    88 T-A ...
 -133.5742   21.4317   95.5791
   -0.1872   -0.3080   -0.9328
   -0.7939    0.6067   -0.0410
    0.5785    0.7328   -0.3581
...    89 G-C ...
 -131.8957   23.9207   94.0641
   -0.6693    0.0457   -0.7415
   -0.4924    0.7202    0.4888
    0.5564    0.6923   -0.4596
...    90 T-A ...
 -129.9505   25.7522   92.0446
   -0.8343    0.4253   -0.3509
   -0.0351    0.5941    0.8036
    0.5502    0.6828   -0.4807
...    91 T-A ...
 -128.1600   27.7789   90.2046
   -0.6570    0.7335    0.1743
    0.4698    0.2175    0.8556
    0.5896    0.6440   -0.4875
...    92 A-T ...
 -125.5803   29.7389   88.9855
   -0.0972    0.7380    0.6677
    0.7689   -0.3703    0.5212
    0.6320    0.5641   -0.5314
...    93 T-A ...
 -124.0512   31.9023   86.9794
    0.3384    0.4446    0.8293
    0.6941   -0.7130    0.0990
    0.6353    0.5421   -0.5500
...    94 A-T ...
 -121.6717   33.2045   84.8945
    0.7195   -0.1301    0.6822
    0.2782   -0.8460   -0.4548
    0.6363    0.5170   -0.5725
...    95 A-T ...
 -119.6176   35.0259   83.1588
    0.7383   -0.6082    0.2915
   -0.2053   -0.6144   -0.7618
    0.6424    0.5026   -0.5785
...    96 C-G ...
 -117.2454   36.8712   81.7830
    0.4811   -0.8658   -0.1373
   -0.5647   -0.1864   -0.8039
    0.6705    0.4643   -0.5786
...    97 G-C ...
 -115.1373   38.2063   79.4832
   -0.0208   -0.8706   -0.4915
   -0.7061    0.3609   -0.6092
    0.7078    0.3344   -0.6223
...    98 G-C ...
 -112.5914   38.8936   77.3490
   -0.4773   -0.5470   -0.6877
   -0.5416    0.7994   -0.2600
    0.6920    0.2483   -0.6778
...    99 A-T ...
 -110.3479   39.5473   75.0103
   -0.7272    0.0443   -0.6850
   -0.1205    0.9742    0.1909
    0.6758    0.2214   -0.7031
...   100 T-A ...
 -108.2188   39.6132   72.4737
   -0.6756    0.5502   -0.4907
    0.2823    0.8080    0.5172
    0.6811    0.2109   -0.7012
...   101 T-A ...
 -106.1086   40.0728   70.0243
   -0.3509    0.9300   -0.1097
    0.6274    0.3205    0.7097
    0.6952    0.1802   -0.6959
...   102 A-T ...
 -103.3454   40.5425   68.0480
    0.1927    0.9126    0.3605
    0.6882   -0.3876    0.6133
    0.6995    0.1299   -0.7027
...   103 T-A ...
 -101.5095   41.3435   65.4048
    0.5365    0.5743    0.6183
    0.4781   -0.8106    0.3382
    0.6955    0.1142   -0.7094
...   104 G-C ...
  -99.0246   41.4347   63.1479
    0.6593   -0.0345    0.7511
    0.0703   -0.9917   -0.1072
    0.7486    0.1235   -0.6514
...   105 C-G ...
  -96.4910   42.2276   61.1241
    0.5491   -0.5918    0.5901
   -0.3128   -0.8003   -0.5116
    0.7750    0.0963   -0.6245
...   106 T-A ...
  -93.7257   42.6041   59.3052
    0.2339   -0.9384    0.2542
   -0.5477   -0.3432   -0.7630
    0.8033    0.0392   -0.5943
...   107 T-A ...
  -90.9911   42.7210   57.5559
   -0.1393   -0.9622   -0.2341
   -0.5789    0.2709   -0.7691
    0.8034    0.0284   -0.5948
...   108 C-G ...
  -88.3374   42.6418   55.6035
   -0.4874   -0.6036   -0.6309
   -0.3612    0.7972   -0.4837
    0.7949   -0.0079   -0.6067
...   109 C-G ...
  -85.7311   42.2152   53.4652
   -0.6635   -0.0474   -0.7467
    0.0057    0.9976   -0.0683
    0.7482   -0.0496   -0.6616
...   110 G-C ...
  -83.2813   42.4347   51.1290
   -0.6005    0.5465   -0.5838
    0.4204    0.8368    0.3509
    0.6803   -0.0347   -0.7322
...   111 G-C ...
  -81.2081   42.1903   48.4404
   -0.3037    0.9246   -0.2302
    0.6999    0.3804    0.6045
    0.6465    0.0224   -0.7626
...   112 C-G ...
  -79.3925   42.2399   45.6241
    0.1205    0.9762    0.1805
    0.7531   -0.2084    0.6241
    0.6468    0.0607   -0.7602
...   113 T-A ...
  -77.4337   42.6630   42.9502
    0.4796    0.6942    0.5367
    0.5727   -0.7110    0.4079
    0.6648    0.1117   -0.7386
...   114 C-G ...
  -75.2497   43.1080   40.5159
    0.7062    0.1162    0.6984
    0.1681   -0.9858   -0.0060
    0.6878    0.1216   -0.7157
...   115 G-C ...
  -72.8300   43.0773   38.1332
    0.5940   -0.4885    0.6391
   -0.2478   -0.8670   -0.4324
    0.7653    0.0985   -0.6360
...   116 T-A ...
  -70.0377   43.7736   36.4679
    0.3418   -0.8829    0.3220
   -0.5231   -0.4634   -0.7153
    0.7808    0.0760   -0.6202
...   117 A-T ...
  -67.6603   43.9059   34.0380
   -0.0814   -0.9733   -0.2146
   -0.6117    0.2188   -0.7603
    0.7869    0.0693   -0.6131
...   118 T-A ...
  -64.7265   43.7914   32.5107
   -0.3821   -0.7143   -0.5864
   -0.4776    0.6958   -0.5364
    0.7912    0.0751   -0.6070
...   119 A-T ...
  -62.1998   44.4656   30.3188
   -0.5817   -0.0775   -0.8097
   -0.1124    0.9936   -0.0144
    0.8056    0.0827   -0.5866
...   120 A-T ...
  -59.5854   44.4648   28.3654
   -0.5139    0.5298   -0.6747
    0.2454    0.8444    0.4762
    0.8220    0.0792   -0.5639
...   121 T-A ...
  -57.1656   44.2455   26.1130
   -0.3030    0.8940   -0.3301
    0.4718    0.4416    0.7631
    0.8280    0.0754   -0.5556
...   122 G-C ...
  -54.2931   44.6587   24.4228
   -0.0418    0.9708    0.2364
    0.5719   -0.1707    0.8024
    0.8193    0.1688   -0.5480
...   123 T-A ...
  -51.9650   45.4980   22.1995
    0.2410    0.7184    0.6526
    0.5032   -0.6675    0.5489
    0.8299    0.1960   -0.5223
...   124 G-C ...
  -49.0196   46.0604   20.6790
    0.3952    0.1671    0.9033
    0.2932   -0.9548    0.0484
    0.8706    0.2457   -0.4263
...   125 T-A ...
  -46.2618   47.4525   19.4911
    0.4545   -0.3827    0.8044
    0.0462   -0.8917   -0.4504
    0.8896    0.2419   -0.3875
...   126 C-G ...
  -43.2621   48.2156   18.3740
    0.3604   -0.8512    0.3815
   -0.2124   -0.4731   -0.8550
    0.9083    0.2271   -0.3512
...   127 G-C ...
  -40.2353   48.5869   16.8733
    0.0922   -0.9825   -0.1621
   -0.3240    0.1243   -0.9378
    0.9415    0.1390   -0.3069
...   128 A-T ...
  -37.0780   48.9169   15.9152
   -0.1298   -0.6990   -0.7033
   -0.2957    0.7043   -0.6454
    0.9464    0.1242   -0.2981
...   129 C-G ...
  -33.8020   48.7291   15.1642
   -0.2719   -0.1977   -0.9418
   -0.1695    0.9732   -0.1554
    0.9473    0.1174   -0.2981
...   130 C-G ...
  -30.5880   48.8465   14.0395
   -0.3714    0.3864   -0.8443
    0.0232    0.9129    0.4076
    0.9282    0.1318   -0.3480
...   131 A-T ...
  -27.4393   49.4883   13.0768
   -0.3531    0.8445   -0.4027
    0.2400    0.4977    0.8335
    0.9043    0.1976   -0.3784
...   132 A-T ...
  -24.5718   50.0518   11.6474
   -0.1493    0.9750    0.1646
    0.3861   -0.0958    0.9175
    0.9103    0.2005   -0.3622
...   133 A-T ...
  -21.7080   50.7888   10.3139
    0.0780    0.7320    0.6769
    0.3980   -0.6453    0.6520
    0.9141    0.2186   -0.3416
...   134 T-A ...
  -19.0083   52.0401    8.9383
    0.2450    0.2904    0.9250
    0.3072   -0.9282    0.2101
    0.9196    0.2327   -0.3167
...   135 G-C ...
  -16.4569   53.8980    7.5290
    0.5336   -0.3334    0.7773
    0.0348   -0.9096   -0.4140
    0.8450    0.2479   -0.4738
...   136 T-A ...
  -14.1681   56.5697    6.1948
    0.5795   -0.7269    0.3684
   -0.3140   -0.6163   -0.7222
    0.7521    0.3028   -0.5854
...   137 G-C ...
  -11.6469   58.0146    4.7336
    0.2454   -0.9541   -0.1717
   -0.6318   -0.0231   -0.7748
    0.7352    0.2986   -0.6085
...   138 A-T ...
   -8.6698   58.7288    3.6170
   -0.0344   -0.7815   -0.6230
   -0.6534    0.4892   -0.5777
    0.7562    0.3872   -0.5274
...   139 G-C ...
   -6.3211   59.0879    1.6440
   -0.2967   -0.3277   -0.8970
   -0.5657    0.8170   -0.1114
    0.7694    0.4744   -0.4278
...   140 C-G ...
   -3.4296   60.2436    1.0434
   -0.4424    0.2288   -0.8671
   -0.1682    0.9286    0.3309
    0.8809    0.2922   -0.3723
...   141 G-C ...
   -0.6893   63.9062   -2.2357
   -0.9992    0.0156   -0.0375
   -0.0024    0.8991    0.4378
    0.0405    0.4375   -0.8983
...   142 C-G ...
   -0.9980   65.6136   -4.9250
   -0.8337    0.5217    0.1810
    0.5169    0.6220    0.5881
    0.1942    0.5839   -0.7882
...   143 T-A ...
   -0.1244   66.2249   -7.8042
   -0.3751    0.8568    0.3538
    0.8856    0.2185    0.4098
    0.2739    0.4670   -0.8408
...   144 C-G ...
   -0.1580   67.4196  -10.7922
    0.1799    0.8792    0.4411
    0.9276   -0.3009    0.2214
    0.3274    0.3694   -0.8697
...   145 A-T ...
    0.5353   69.2486  -13.4514
    0.7352    0.4961    0.4620
    0.6117   -0.7791   -0.1369
    0.2921    0.3832   -0.8763
...   146 C-G ...
    1.4421   72.1063  -15.5859
    0.9808    0.0622    0.1849
    0.1266   -0.9240   -0.3608
    0.1484    0.3773   -0.9141
...   147 A-T ...
    2.3150   74.2409  -18.3715
    0.8657   -0.4292   -0.2574
   -0.4984   -0.7868   -0.3642
   -0.0462    0.4436   -0.8950
