  147 base-pairs
...     1 A-T ...
    0.0000    0.0000    0.0000
    1.0000    0.0000    0.0000
    0.0000    1.0000    0.0000
    0.0000    0.0000    1.0000
...     2 G-C ...
   -0.1394   -1.2357    3.2268
    0.7529    0.6366    0.1670
   -0.6386    0.7680   -0.0486
   -0.1592   -0.0700    0.9848
...     3 T-A ...
   -0.0365   -3.2932    6.3751
    0.2722    0.9301    0.2466
   -0.9238    0.3243   -0.2033
   -0.2691   -0.1725    0.9475
...     4 G-C ...
   -0.3505   -4.1660    9.4928
   -0.3756    0.9250    0.0579
   -0.8781   -0.3352   -0.3415
   -0.2965   -0.1791    0.9381
...     5 A-T ...
   -0.4462   -4.1476   12.7498
   -0.8116    0.5840   -0.0165
   -0.5523   -0.7762   -0.3042
   -0.1905   -0.2378    0.9524
...     6 G-C ...
   -1.5908   -4.1730   15.6201
   -0.9976    0.0246   -0.0651
   -0.0043   -0.9555   -0.2950
   -0.0695   -0.2940    0.9533
...     7 C-G ...
   -1.1030   -4.4824   18.7362
   -0.8441   -0.5304   -0.0787
    0.5345   -0.8441   -0.0432
   -0.0435   -0.0785    0.9960
...     8 G-C ...
   -2.4028   -7.7290   23.1475
   -0.2754   -0.3293   -0.9032
    0.6650   -0.7437    0.0684
   -0.6942   -0.5818    0.4238
...     9 C-G ...
   -4.4690   -9.9728   24.1132
    0.1145   -0.7025   -0.7024
    0.8512   -0.2952    0.4340
   -0.5122   -0.6476    0.5642
...    10 T-A ...
   -6.7405  -10.8752   25.9697
    0.4841   -0.8363   -0.2574
    0.6595    0.1553    0.7355
   -0.5751   -0.5258    0.6267
...    11 C-G ...
   -9.1656  -12.6208   27.1640
    0.7073   -0.6682    0.2307
    0.3448    0.6110    0.7126
   -0.6171   -0.4245    0.6626
...    12 A-T ...
  -10.9234  -14.6633   29.0693
    0.7515   -0.1377    0.6452
   -0.2029    0.8824    0.4246
   -0.6277   -0.4500    0.6352
...    13 C-G ...
  -11.8476  -17.4863   31.2451
    0.4295    0.2823    0.8578
   -0.5708    0.8209    0.0156
   -0.6998   -0.4963    0.5137
...    14 A-T ...
  -13.5897  -19.7827   33.4259
   -0.1504    0.6104    0.7777
   -0.6874    0.5008   -0.5260
   -0.7106   -0.6136    0.3443
...    15 A-T ...
  -15.7357  -21.8917   34.6902
   -0.5507    0.7730    0.3150
   -0.4494    0.0434   -0.8923
   -0.7034   -0.6330    0.3234
...    16 T-A ...
  -17.8068  -23.8549   36.3652
   -0.7096    0.6755   -0.2006
   -0.0867   -0.3663   -0.9265
   -0.6993   -0.6400    0.3185
...    17 T-A ...
  -20.0813  -25.8379   37.5889
   -0.6253    0.3203   -0.7116
    0.3590   -0.6916   -0.6268
   -0.6929   -0.6474    0.3175
...    18 T-A ...
  -22.4402  -27.7808   38.7088
   -0.2904   -0.1553   -0.9442
    0.6628   -0.7443   -0.0815
   -0.6901   -0.6495    0.3191
...    19 A-T ...
  -24.4579  -30.2877   39.8384
    0.2203   -0.5971   -0.7713
    0.6871   -0.4663    0.5572
   -0.6924   -0.6527    0.3075
...    20 T-A ...
  -27.1014  -32.2191   40.3123
    0.5463   -0.7553   -0.3620
    0.4677   -0.0834    0.8799
   -0.6948   -0.6500    0.3077
...    21 T-A ...
  -29.4462  -34.3552   41.0704
    0.7062   -0.6663    0.2395
    0.0511    0.3854    0.9213
   -0.7062   -0.6384    0.3062
...    22 C-G ...
  -31.7289  -36.5606   42.0246
    0.6015   -0.2767    0.7495
   -0.3987    0.7089    0.5817
   -0.6923   -0.6487    0.3161
...    23 G-C ...
  -34.2403  -38.4612   43.3144
    0.3144    0.2548    0.9145
   -0.6914    0.7216    0.0366
   -0.6505   -0.6438    0.4030
...    24 C-G ...
  -36.0770  -40.8666   44.7573
   -0.1068    0.6462    0.7556
   -0.7507    0.4459   -0.4875
   -0.6519   -0.6193    0.4375
...    25 A-T ...
  -38.4818  -42.8440   46.0445
   -0.4739    0.8381    0.2703
   -0.5517   -0.0434   -0.8329
   -0.6863   -0.5439    0.4829
...    26 A-T ...
  -40.6340  -44.5375   47.7978
   -0.7068    0.6509   -0.2772
   -0.1649   -0.5326   -0.8301
   -0.6880   -0.5410    0.4838
...    27 A-T ...
  -42.8996  -46.1241   49.5095
   -0.6682    0.2067   -0.7147
    0.2829   -0.8179   -0.5010
   -0.6882   -0.5369    0.4881
...    28 G-C ...
  -45.3868  -47.6660   51.1260
   -0.3599   -0.2572   -0.8968
    0.5927   -0.8054   -0.0069
   -0.7205   -0.5340    0.4423
...    29 G-C ...
  -48.0460  -49.3787   52.3668
    0.0901   -0.6383   -0.7645
    0.6691   -0.5298    0.5211
   -0.7377   -0.5585    0.3794
...    30 C-G ...
  -50.7417  -51.1784   53.2626
    0.4755   -0.8121   -0.3382
    0.4883   -0.0761    0.8693
   -0.7317   -0.5785    0.3604
...    31 C-G ...
  -53.2522  -53.2816   54.2064
    0.7136   -0.6717    0.1991
    0.1172    0.3946    0.9114
   -0.6907   -0.6270    0.3603
...    32 G-C ...
  -55.5967  -55.1801   55.7781
    0.7088   -0.2490    0.6600
   -0.3280    0.7120    0.6209
   -0.6245   -0.6566    0.4230
...    33 G-C ...
  -57.5864  -57.6068   57.0942
    0.4516    0.2556    0.8548
   -0.6722    0.7275    0.1375
   -0.5868   -0.6367    0.5003
...    34 C-G ...
  -59.1870  -59.9954   58.7935
    0.0305    0.6566    0.7536
   -0.8107    0.4573   -0.3655
   -0.5846   -0.5998    0.5463
...    35 C-G ...
  -60.9501  -62.0121   60.8627
   -0.3666    0.8583    0.3590
   -0.7039   -0.0035   -0.7103
   -0.6084   -0.5131    0.6055
...    36 C-G ...
  -62.9454  -63.4981   63.1471
   -0.6368    0.7537   -0.1626
   -0.4025   -0.5048   -0.7637
   -0.6576   -0.4209    0.6248
...    37 G-C ...
  -65.4818  -64.9711   64.8757
   -0.6775    0.3602   -0.6413
   -0.0067   -0.8748   -0.4844
   -0.7355   -0.3239    0.5951
...    38 A-T ...
  -68.0351  -65.9287   66.7568
   -0.5272   -0.2487   -0.8125
    0.3874   -0.9214    0.0306
   -0.7563   -0.2986    0.5821
...    39 C-G ...
  -70.9069  -66.4101   68.4380
   -0.2250   -0.7150   -0.6619
    0.5987   -0.6374    0.4851
   -0.7687   -0.2872    0.5715
...    40 A-T ...
  -73.2384  -67.5863   70.5457
    0.2189   -0.9450   -0.2432
    0.5957   -0.0680    0.8003
   -0.7728   -0.3200    0.5481
...    41 C-G ...
  -76.1250  -68.7841   71.8248
    0.5104   -0.8249    0.2428
    0.3785    0.4690    0.7980
   -0.7722   -0.3154    0.5516
...    42 G-C ...
  -78.6653  -69.4743   73.9790
    0.6977   -0.3588    0.6201
    0.0160    0.8731    0.4873
   -0.7162   -0.3301    0.6149
...    43 A-T ...
  -81.1011  -70.6040   75.9018
    0.5911    0.2583    0.7641
   -0.3964    0.9181   -0.0037
   -0.7025   -0.3007    0.6450
...    44 C-G ...
  -83.0634  -72.0917   78.1149
    0.3194    0.7275    0.6072
   -0.6516    0.6338   -0.4167
   -0.6880   -0.2626    0.6765
...    45 T-A ...
  -85.1054  -72.9711   80.5838
   -0.0187    0.9768    0.2135
   -0.7375    0.1307   -0.6625
   -0.6751   -0.1699    0.7180
...    46 T-A ...
  -87.1724  -73.4263   83.0291
   -0.4098    0.8794   -0.2423
   -0.6046   -0.4608   -0.6497
   -0.6830   -0.1198    0.7205
...    47 A-T ...
  -89.6770  -73.8164   85.2506
   -0.6463    0.4117   -0.6424
   -0.2604   -0.9104   -0.3215
   -0.7173   -0.0405    0.6956
...    48 C-G ...
  -92.0507  -73.2544   87.5289
   -0.6717   -0.1512   -0.7253
    0.1065   -0.9885    0.1073
   -0.7331   -0.0052    0.6801
...    49 T-A ...
  -94.7020  -73.0186   89.5633
   -0.4832   -0.6816   -0.5495
    0.4296   -0.7314    0.5296
   -0.7629    0.0198    0.6462
...    50 G-C ...
  -97.0631  -73.2910   91.9328
   -0.1011   -0.9892   -0.1057
    0.6167   -0.1457    0.7736
   -0.7807    0.0130    0.6248
...    51 T-A ...
 -100.0623  -73.3214   93.5227
    0.2489   -0.9017    0.3536
    0.5800    0.4312    0.6912
   -0.7757    0.0330    0.6303
...    52 A-T ...
 -102.4507  -72.4717   95.8943
    0.5216   -0.3421    0.7816
    0.2955    0.9318    0.2106
   -0.8004    0.1212    0.5872
...    53 G-C ...
 -105.1612  -72.3020   97.8511
    0.6521    0.2283    0.7229
   -0.0217    0.9588   -0.2832
   -0.7578    0.1690    0.6302
...    54 G-C ...
 -107.7539  -71.9540  100.0160
    0.6122    0.7037    0.3606
   -0.3737    0.6594   -0.6523
   -0.6968    0.2646    0.6667
...    55 T-A ...
 -109.6428  -71.2952  102.6260
    0.3667    0.9256   -0.0936
   -0.6451    0.1804   -0.7425
   -0.6704    0.3327    0.6633
...    56 A-T ...
 -111.7833  -69.9100  104.8042
    0.0282    0.7905   -0.6118
   -0.7760   -0.3685   -0.5119
   -0.6301    0.4892    0.6030
...    57 T-A ...
 -113.3031  -67.9127  106.9005
   -0.3555    0.4716   -0.8070
   -0.6951   -0.7106   -0.1091
   -0.6249    0.5221    0.5804
...    58 C-G ...
 -115.4440  -66.0242  108.5438
   -0.6890   -0.0707   -0.7213
   -0.3722   -0.8195    0.4358
   -0.6219    0.5687    0.5383
...    59 T-A ...
 -117.5948  -63.8976  109.9827
   -0.7679   -0.5312   -0.3581
    0.0424   -0.5999    0.7990
   -0.6392    0.5983    0.4831
...    60 C-G ...
 -119.8505  -61.9322  111.4514
   -0.5939   -0.7677    0.2405
    0.5046   -0.1227    0.8546
   -0.6266    0.6289    0.4603
...    61 G-C ...
 -121.5931  -59.7517  113.3986
   -0.1522   -0.6895    0.7081
    0.7640    0.3725    0.5269
   -0.6271    0.6212    0.4701
...    62 A-T ...
 -123.7419  -57.6035  114.7628
    0.3530   -0.2972    0.8872
    0.7154    0.6968   -0.0512
   -0.6030    0.6527    0.4586
...    63 G-C ...
 -125.9087  -55.5827  116.3213
    0.7283    0.1054    0.6771
    0.4186    0.7140   -0.5613
   -0.5426    0.6922    0.4759
...    64 C-G ...
 -127.9093  -53.5879  118.1070
    0.8750    0.4361    0.2101
   -0.0477    0.5097   -0.8590
   -0.4817    0.7417    0.4668
...    65 T-A ...
 -129.3116  -51.1561  119.8731
    0.7604    0.5519   -0.3423
   -0.5187    0.1989   -0.8315
   -0.3908    0.8098    0.4376
...    66 C-G ...
 -130.4617  -48.4266  121.2468
    0.3400    0.4851   -0.8057
   -0.8786   -0.1416   -0.4560
   -0.3353    0.8629    0.3781
...    67 G-C ...
 -131.7379  -45.3635  121.9920
   -0.1671    0.1783   -0.9697
   -0.9485   -0.2976    0.1087
   -0.2692    0.9379    0.2188
...    68 G-C ...
 -132.5073  -42.0479  122.0745
   -0.6487   -0.1008   -0.7543
   -0.7146   -0.2604    0.6493
   -0.2619    0.9602    0.0969
...    69 G-C ...
 -133.5816  -38.8108  121.8110
   -0.9288   -0.2767   -0.2466
   -0.2341   -0.0779    0.9691
   -0.2874    0.9578    0.0076
...    70 A-T ...
 -134.6493  -35.6433  121.6760
   -0.8771   -0.2317    0.4207
    0.3984    0.1381    0.9067
   -0.2682    0.9629   -0.0289
...    71 T-A ...
 -135.9038  -32.6124  120.9804
   -0.5344   -0.0621    0.8429
    0.8145    0.2286    0.5332
   -0.2258    0.9715   -0.0716
...    72 C-G ...
 -136.6931  -29.3849  120.5843
    0.0979    0.1205    0.9879
    0.9756    0.1845   -0.1192
   -0.1967    0.9754   -0.0995
...    73 C-G ...
 -137.6036  -26.1250  120.1148
    0.6559    0.1417    0.7414
    0.7440    0.0445   -0.6667
   -0.1275    0.9889   -0.0762
...    74 G-C ...
 -137.9182  -22.8236  119.2762
    0.9750    0.0084    0.2222
    0.2220   -0.0952   -0.9704
    0.0130    0.9954   -0.0947
...    75 C-G ...
 -137.9030  -19.5031  119.3809
    0.9293   -0.1276   -0.3467
   -0.3597   -0.0980   -0.9279
    0.0844    0.9870   -0.1370
...    76 T-A ...
 -137.2880  -16.2688  119.0302
    0.5722   -0.2749   -0.7727
   -0.8011    0.0143   -0.5983
    0.1755    0.9614   -0.2120
...    77 T-A ...
 -136.5154  -13.2253  118.2826
   -0.0029   -0.2773   -0.9608
   -0.9790    0.1968   -0.0538
    0.2040    0.9404   -0.2720
...    78 T-A ...
 -135.6652  -10.2788  117.2405
   -0.5769   -0.1370   -0.8052
   -0.7876    0.3546    0.5040
    0.2165    0.9249   -0.3125
...    79 A-T ...
 -135.2237   -7.0404  116.3084
   -0.9474    0.1359   -0.2898
   -0.2151    0.4002    0.8908
    0.2371    0.9063   -0.3499
...    80 A-T ...
 -134.4509   -4.2152  114.8466
   -0.8683    0.4075    0.2828
    0.4009    0.2408    0.8839
    0.2921    0.8809   -0.3724
...    81 C-G ...
 -133.8823   -1.3772  113.0755
   -0.4931    0.4938    0.7162
    0.8165   -0.0213    0.5769
    0.3001    0.8693   -0.3927
...    82 A-T ...
 -132.4269    1.3634  111.8234
    0.1128    0.3559    0.9277
    0.9414   -0.3368    0.0147
    0.3177    0.8717   -0.3731
...    83 C-G ...
 -131.9201    4.4666  110.6512
    0.6088    0.1067    0.7861
    0.7173   -0.4974   -0.4880
    0.3389    0.8609   -0.3793
...    84 T-A ...
 -130.8734    7.4441  109.5730
    0.8784   -0.2409    0.4127
    0.2561   -0.4917   -0.8322
    0.4034    0.8368   -0.3702
...    85 T-A ...
 -129.5643   10.2105  108.5165
    0.8473   -0.5151   -0.1295
   -0.3054   -0.2729   -0.9123
    0.4346    0.8125   -0.3885
...    86 T-A ...
 -128.0201   12.8021  107.3628
    0.4927   -0.6262   -0.6043
   -0.7324    0.0765   -0.6765
    0.4699    0.7759   -0.4209
...    87 A-T ...
 -126.2784   15.1661  105.7495
   -0.0937   -0.5730   -0.8142
   -0.8539    0.4667   -0.2302
    0.5119    0.6737   -0.5330
...    88 T-A ...
 -124.1120   16.8743  103.9745
   -0.5300   -0.2674   -0.8047
   -0.6743    0.7083    0.2087
    0.5142    0.6533   -0.5557
...    89 G-C ...
 -122.7326   19.1428  101.9097
   -0.8659    0.1537   -0.4760
   -0.1945    0.7732    0.6036
    0.4608    0.6153   -0.6396
...    90 C-G ...
 -121.4055   20.9237   99.3830
   -0.8298    0.5569   -0.0373
    0.3499    0.5711    0.7426
    0.4348    0.6031   -0.6687
...    91 T-A ...
 -120.2131   22.8424   96.8967
   -0.4943    0.7742    0.3953
    0.7674    0.1750    0.6168
    0.4083    0.6082   -0.6807
...    92 T-A ...
 -119.1082   24.7289   94.4581
    0.0965    0.7571    0.6461
    0.9007   -0.3426    0.2669
    0.4235    0.5562   -0.7150
...    93 C-G ...
 -117.7869   26.5474   92.0088
    0.6315    0.3789    0.6765
    0.6381   -0.7496   -0.1758
    0.4405    0.5427   -0.7151
...    94 C-G ...
 -116.4439   28.5395   89.6117
    0.8437   -0.1574    0.5132
    0.1604   -0.8385   -0.5208
    0.5123    0.5217   -0.6822
...    95 G-C ...
 -114.7563   29.9240   87.0060
    0.7082   -0.6751    0.2066
   -0.3593   -0.5966   -0.7176
    0.6077    0.4340   -0.6651
...    96 G-C ...
 -112.5104   31.3744   84.9494
    0.3180   -0.9354   -0.1544
   -0.6836   -0.1134   -0.7209
    0.6569    0.3348   -0.6756
...    97 C-G ...
 -109.9785   32.2496   82.9876
   -0.1579   -0.8610   -0.4835
   -0.7305    0.4313   -0.5296
    0.6645    0.2696   -0.6970
...    98 T-A ...
 -107.6311   32.7445   80.6817
   -0.5798   -0.5062   -0.6385
   -0.4971    0.8406   -0.2150
    0.6455    0.1927   -0.7390
...    99 C-G ...
 -105.6101   33.1967   78.1192
   -0.7810    0.0972   -0.6169
   -0.0255    0.9820    0.1871
    0.6239    0.1619   -0.7645
...   100 T-A ...
 -103.7300   33.4345   75.3614
   -0.6899    0.6169   -0.3789
    0.4358    0.7718    0.4631
    0.5781    0.1544   -0.8012
...   101 C-G ...
 -101.9431   33.9348   72.6166
   -0.2795    0.9600   -0.0139
    0.7749    0.2341    0.5871
    0.5669    0.1533   -0.8094
...   102 A-T ...
  -99.7948   34.4258   70.0904
    0.2156    0.8963    0.3876
    0.7944   -0.3918    0.4641
    0.5678    0.2078   -0.7965
...   103 T-A ...
  -98.4548   35.4753   67.2430
    0.6108    0.5595    0.5603
    0.5563   -0.8067    0.1991
    0.5634    0.1901   -0.8040
...   104 G-C ...
  -96.3914   35.8122   64.6165
    0.7747   -0.0491    0.6304
    0.0860   -0.9795   -0.1820
    0.6265    0.1952   -0.7546
...   105 T-A ...
  -94.2358   36.9995   62.3783
    0.6763   -0.5773    0.4576
   -0.3498   -0.7984   -0.4901
    0.6482    0.1714   -0.7419
...   106 T-A ...
  -92.0238   37.6712   60.0981
    0.3348   -0.9375    0.0945
   -0.6810   -0.3101   -0.6634
    0.6513    0.1578   -0.7423
...   107 A-T ...
  -90.0210   38.0677   57.4105
   -0.1989   -0.9330   -0.3001
   -0.7272    0.3457   -0.5930
    0.6570    0.1003   -0.7472
...   108 T-A ...
  -87.4768   37.9587   55.3169
   -0.5512   -0.6191   -0.5593
   -0.5146    0.7799   -0.3562
    0.6567    0.0915   -0.7485
...   109 A-T ...
  -85.4155   38.5033   52.6855
   -0.7624    0.0193   -0.6468
   -0.0332    0.9971    0.0688
    0.6462    0.0739   -0.7595
...   110 A-T ...
  -83.3754   38.4772   50.1419
   -0.6211    0.6064   -0.4966
    0.4239    0.7928    0.4380
    0.6593    0.0615   -0.7494
...   111 C-G ...
  -81.6006   38.2945   47.3027
   -0.2993    0.9393   -0.1679
    0.6998    0.3357    0.6305
    0.6486    0.0712   -0.7578
...   112 G-C ...
  -79.1179   38.6279   45.0196
    0.1082    0.9484    0.2981
    0.7547   -0.2735    0.5964
    0.6471    0.1604   -0.7453
...   113 G-C ...
  -77.1043   39.3049   42.3747
    0.4639    0.6141    0.6385
    0.5666   -0.7597    0.3190
    0.6810    0.2138   -0.7004
...   114 A-T ...
  -74.9015   40.0589   40.0441
    0.6876    0.0226    0.7257
    0.1718   -0.9762   -0.1324
    0.7055    0.2157   -0.6751
...   115 G-C ...
  -72.5042   41.0143   37.9434
    0.6182   -0.5294    0.5810
   -0.2254   -0.8275   -0.5142
    0.7530    0.1869   -0.6309
...   116 T-A ...
  -69.7623   41.9580   36.3331
    0.3729   -0.8978    0.2344
   -0.5160   -0.4106   -0.7518
    0.7712    0.1594   -0.6163
...   117 A-T ...
  -67.3687   42.3613   33.9713
   -0.0575   -0.9572   -0.2837
   -0.6217    0.2567   -0.7400
    0.7811    0.1338   -0.6098
...   118 T-A ...
  -64.4469   42.4254   32.4270
   -0.3682   -0.6827   -0.6312
   -0.4980    0.7181   -0.4862
    0.7852    0.1353   -0.6043
...   119 A-T ...
  -61.9521   43.2511   30.2670
   -0.5887   -0.0472   -0.8070
   -0.1374    0.9896    0.0424
    0.7966    0.1358   -0.5890
...   120 A-T ...
  -59.3634   43.4166   28.2874
   -0.5336    0.5516   -0.6411
    0.2296    0.8240    0.5179
    0.8140    0.1292   -0.5663
...   121 T-A ...
  -56.9617   43.3708   26.0043
   -0.3266    0.9021   -0.2819
    0.4685    0.4136    0.7807
    0.8209    0.1229   -0.5577
...   122 G-C ...
  -54.1172   43.9266   24.3181
   -0.0603    0.9574    0.2823
    0.5817   -0.1961    0.7894
    0.8111    0.2118   -0.5451
...   123 T-A ...
  -51.8249   44.9092   22.1167
    0.2313    0.6936    0.6822
    0.5205   -0.6807    0.5155
    0.8219    0.2359   -0.5184
...   124 G-C ...
  -48.9107   45.5951   20.5965
    0.3965    0.1384    0.9075
    0.3117   -0.9501    0.0087
    0.8635    0.2794   -0.4199
...   125 T-A ...
  -46.1905   47.0836   19.4512
    0.4640   -0.4034    0.7886
    0.0613   -0.8735   -0.4829
    0.8837    0.2724   -0.3806
...   126 C-G ...
  -43.2139   47.9422   18.3566
    0.3746   -0.8569    0.3541
   -0.2051   -0.4490   -0.8697
    0.9042    0.2532   -0.3439
...   127 G-C ...
  -40.1932   48.4022   16.8850
    0.1046   -0.9769   -0.1863
   -0.3245    0.1436   -0.9349
    0.9401    0.1583   -0.3020
...   128 A-T ...
  -37.0425   48.7812   15.9399
   -0.1223   -0.6865   -0.7168
   -0.3020    0.7137   -0.6320
    0.9454    0.1391   -0.2946
...   129 C-G ...
  -33.7697   48.6326   15.1864
   -0.2699   -0.1857   -0.9448
   -0.1777    0.9740   -0.1406
    0.9464    0.1300   -0.2958
...   130 C-G ...
  -30.5641   48.7850   14.0497
   -0.3741    0.3933   -0.8399
    0.0170    0.9084    0.4178
    0.9272    0.1420   -0.3465
...   131 A-T ...
  -27.4268   49.4527   13.0843
   -0.3579    0.8455   -0.3964
    0.2375    0.4929    0.8370
    0.9031    0.2054   -0.3772
...   132 A-T ...
  -24.5653   50.0367   11.6512
   -0.1525    0.9737    0.1691
    0.3862   -0.0988    0.9171
    0.9097    0.2051   -0.3610
...   133 A-T ...
  -21.7064   50.7861   10.3142
    0.0774    0.7307    0.6783
    0.3985   -0.6462    0.6508
    0.9139    0.2200   -0.3412
...   134 T-A ...
  -19.0084   52.0402    8.9384
    0.2450    0.2904    0.9250
    0.3072   -0.9282    0.2101
    0.9196    0.2327   -0.3167
...   135 G-C ...
  -16.4570   53.8980    7.5291
    0.5336   -0.3334    0.7773
    0.0348   -0.9096   -0.4140
    0.8450    0.2479   -0.4738
...   136 T-A ...
  -14.1681   56.5697    6.1949
    0.5795   -0.7269    0.3684
   -0.3140   -0.6163   -0.7222
    0.7521    0.3028   -0.5854
...   137 G-C ...
  -11.6469   58.0146    4.7337
    0.2454   -0.9541   -0.1717
   -0.6318   -0.0231   -0.7748
    0.7352    0.2986   -0.6085
...   138 A-T ...
   -8.6699   58.7289    3.6171
   -0.0344   -0.7815   -0.6230
   -0.6534    0.4892   -0.5777
    0.7562    0.3872   -0.5274
...   139 G-C ...
   -6.3212   59.0879    1.6441
   -0.2967   -0.3277   -0.8970
   -0.5657    0.8170   -0.1114
    0.7694    0.4744   -0.4278
...   140 C-G ...
   -3.4297   60.2437    1.0435
   -0.4424    0.2288   -0.8671
   -0.1682    0.9286    0.3309
    0.8809    0.2922   -0.3723
...   141 G-C ...
   -0.6894   63.9062   -2.2356
   -0.9992    0.0156   -0.0375
   -0.0024    0.8991    0.4378
    0.0405    0.4375   -0.8983
...   142 C-G ...
   -0.9980   65.6137   -4.9249
   -0.8337    0.5217    0.1810
    0.5169    0.6220    0.5881
    0.1942    0.5839   -0.7882
...   143 T-A ...
   -0.1245   66.2250   -7.8041
   -0.3751    0.8568    0.3538
    0.8856    0.2185    0.4098
    0.2739    0.4670   -0.8408
...   144 C-G ...
   -0.1581   67.4196  -10.7921
    0.1799    0.8792    0.4411
    0.9276   -0.3009    0.2214
    0.3274    0.3694   -0.8697
...   145 A-T ...
    0.5352   69.2486  -13.4513
    0.7352    0.4961    0.4620
    0.6117   -0.7791   -0.1369
    0.2921    0.3832   -0.8763
...   146 C-G ...
    1.4420   72.1063  -15.5858
    0.9808    0.0622    0.1849
    0.1266   -0.9240   -0.3608
    0.1484    0.3773   -0.9141
...   147 A-T ...
    2.3149   74.2410  -18.3714
    0.8657   -0.4292   -0.2574
   -0.4984   -0.7868   -0.3642
   -0.0462    0.4436   -0.8950
