  147 base-pairs
...     1 A-T ...
    0.0000    0.0000    0.0000
    1.0000    0.0000    0.0000
    0.0000    1.0000    0.0000
    0.0000    0.0000    1.0000
...     2 G-C ...
   -0.1394   -1.2357    3.2268
    0.7529    0.6366    0.1670
   -0.6386    0.7680   -0.0486
   -0.1592   -0.0700    0.9848
...     3 T-A ...
   -0.0365   -3.2932    6.3751
    0.2722    0.9301    0.2466
   -0.9238    0.3243   -0.2033
   -0.2691   -0.1725    0.9475
...     4 G-C ...
   -0.3505   -4.1660    9.4928
   -0.3756    0.9250    0.0579
   -0.8781   -0.3352   -0.3415
   -0.2965   -0.1791    0.9381
...     5 A-T ...
   -0.4462   -4.1476   12.7498
   -0.8116    0.5840   -0.0165
   -0.5523   -0.7762   -0.3042
   -0.1905   -0.2378    0.9524
...     6 G-C ...
   -1.5908   -4.1730   15.6201
   -0.9976    0.0246   -0.0651
   -0.0043   -0.9555   -0.2950
   -0.0695   -0.2940    0.9533
...     7 C-G ...
   -1.1030   -4.4824   18.7362
   -0.8441   -0.5304   -0.0787
    0.5345   -0.8441   -0.0432
   -0.0435   -0.0785    0.9960
...     8 G-C ...
   -2.4028   -7.7290   23.1475
   -0.2754   -0.3293   -0.9032
    0.6650   -0.7437    0.0684
   -0.6942   -0.5818    0.4238
...     9 C-G ...
   -4.4690   -9.9728   24.1132
    0.1145   -0.7025   -0.7024
    0.8512   -0.2952    0.4340
   -0.5122   -0.6476    0.5642
...    10 T-A ...
   -6.7405  -10.8752   25.9697
    0.4841   -0.8363   -0.2574
    0.6595    0.1553    0.7355
   -0.5751   -0.5258    0.6267
...    11 C-G ...
   -9.1656  -12.6208   27.1640
    0.7073   -0.6682    0.2307
    0.3448    0.6110    0.7126
   -0.6171   -0.4245    0.6626
...    12 A-T ...
  -10.9234  -14.6633   29.0693
    0.7515   -0.1377    0.6452
   -0.2029    0.8824    0.4246
   -0.6277   -0.4500    0.6352
...    13 C-G ...
  -11.8476  -17.4863   31.2451
    0.4295    0.2823    0.8578
   -0.5708    0.8209    0.0156
   -0.6998   -0.4963    0.5137
...    14 A-T ...
  -13.5897  -19.7827   33.4259
   -0.1504    0.6104    0.7777
   -0.6874    0.5008   -0.5260
   -0.7106   -0.6136    0.3443
...    15 A-T ...
  -15.7305  -21.8936   34.6881
   -0.5444    0.7752    0.3204
   -0.4511    0.0515   -0.8910
   -0.7072   -0.6296    0.3216
...    16 T-A ...
  -17.8114  -23.8453   36.3511
   -0.6998    0.6882   -0.1915
   -0.0953   -0.3556   -0.9298
   -0.7080   -0.6324    0.3144
...    17 T-A ...
  -20.1180  -25.7959   37.5487
   -0.6165    0.3529   -0.7038
    0.3383   -0.6885   -0.6416
   -0.7110   -0.6336    0.3051
...    18 T-A ...
  -22.5360  -27.6873   38.6092
   -0.2929   -0.1103   -0.9497
    0.6343   -0.7657   -0.1067
   -0.7154   -0.6337    0.2943
...    19 A-T ...
  -24.7410  -30.0773   39.5453
    0.2008   -0.5462   -0.8132
    0.6618   -0.5364    0.5237
   -0.7223   -0.6433    0.2538
...    20 T-A ...
  -27.4644  -31.9223   39.8469
    0.5155   -0.7464   -0.4210
    0.4565   -0.1766    0.8720
   -0.7252   -0.6417    0.2497
...    21 T-A ...
  -29.9071  -34.0104   40.3938
    0.6717   -0.7183    0.1812
    0.0623    0.2985    0.9524
   -0.7382   -0.6284    0.2452
...    22 C-G ...
  -32.2844  -36.1932   41.1291
    0.5795   -0.3786    0.7217
   -0.3673    0.6691    0.6460
   -0.7275   -0.6394    0.2487
...    23 G-C ...
  -34.8989  -38.0650   42.2030
    0.3167    0.1398    0.9382
   -0.6502    0.7522    0.1074
   -0.6907   -0.6440    0.3291
...    24 C-G ...
  -36.8934  -40.4994   43.3479
   -0.0775    0.5651    0.8214
   -0.7154    0.5423   -0.4406
   -0.6944   -0.6218    0.3623
...    25 A-T ...
  -39.4060  -42.4734   44.3875
   -0.4187    0.8320    0.3640
   -0.5421    0.0926   -0.8352
   -0.7286   -0.5470    0.4122
...    26 A-T ...
  -41.6890  -44.2024   45.9186
   -0.6492    0.7345   -0.1975
   -0.1946   -0.4114   -0.8905
   -0.7353   -0.5397    0.4100
...    27 A-T ...
  -44.0994  -45.7935   47.4009
   -0.6326    0.3612   -0.6850
    0.2165   -0.7668   -0.6043
   -0.7436   -0.5306    0.4069
...    28 G-C ...
  -46.7467  -47.2845   48.7652
   -0.3620   -0.0852   -0.9283
    0.5099   -0.8518   -0.1206
   -0.7804   -0.5169    0.3518
...    29 G-C ...
  -49.6083  -48.8658   49.6616
    0.0448   -0.5140   -0.8566
    0.5936   -0.6760    0.4366
   -0.8035   -0.5281    0.2748
...    30 C-G ...
  -52.4925  -50.4953   50.1742
    0.3951   -0.7916   -0.4662
    0.4473   -0.2775    0.8502
   -0.8024   -0.5444    0.2445
...    31 C-G ...
  -55.2151  -52.4760   50.6714
    0.6246   -0.7762    0.0863
    0.1245    0.2080    0.9702
   -0.7710   -0.5952    0.2265
...    32 G-C ...
  -57.7864  -54.3570   51.8283
    0.6413   -0.4553    0.6175
   -0.2733    0.6165    0.7384
   -0.7169   -0.6423    0.2709
...    33 G-C ...
  -60.1031  -56.7322   52.5854
    0.4302    0.0223    0.9025
   -0.5870    0.7665    0.2608
   -0.6859   -0.6419    0.3428
...    34 C-G ...
  -62.0885  -59.1809   53.6906
    0.0648    0.4811    0.8743
   -0.7243    0.6254   -0.2904
   -0.6864   -0.6144    0.3889
...    35 C-G ...
  -64.1973  -61.3667   55.1911
   -0.2757    0.8074    0.5216
   -0.6480    0.2446   -0.7212
   -0.7099   -0.5369    0.4558
...    36 C-G ...
  -66.4833  -63.0593   57.0095
   -0.5119    0.8589   -0.0156
   -0.4080   -0.2591   -0.8754
   -0.7560   -0.4417    0.4831
...    37 G-C ...
  -69.2895  -64.4868   58.2626
   -0.5540    0.6058   -0.5710
   -0.0915   -0.7260   -0.6815
   -0.8274   -0.3253    0.4577
...    38 A-T ...
  -72.1100  -65.4084   59.7009
   -0.4713    0.0529   -0.8804
    0.2339   -0.9549   -0.1827
   -0.8504   -0.2920    0.4376
...    39 C-G ...
  -75.1711  -65.7622   60.9967
   -0.2583   -0.4704   -0.8438
    0.4301   -0.8381    0.3356
   -0.8650   -0.2762    0.4188
...    40 A-T ...
  -77.9199  -66.9850   62.4684
    0.0936   -0.8681   -0.4875
    0.4699   -0.3932    0.7903
   -0.8777   -0.3031    0.3711
...    41 C-G ...
  -81.0930  -67.9357   63.0992
    0.3324   -0.9427    0.0279
    0.3389    0.1470    0.9293
   -0.8801   -0.2995    0.3684
...    42 G-C ...
  -83.9440  -68.7447   64.7395
    0.5280   -0.6520    0.5441
    0.0830    0.6773    0.7310
   -0.8452   -0.3409    0.4117
...    43 A-T ...
  -86.7951  -69.8786   65.9658
    0.4915   -0.0984    0.8653
   -0.2358    0.9414    0.2410
   -0.8383   -0.3225    0.4395
...    44 C-G ...
  -89.3223  -71.5077   67.3741
    0.3224    0.4363    0.8401
   -0.4568    0.8490   -0.2657
   -0.8291   -0.2981    0.4730
...    45 T-A ...
  -91.8873  -72.6360   69.1601
    0.1023    0.8502    0.5165
   -0.5687    0.4760   -0.6708
   -0.8161   -0.2251    0.5322
...    46 T-A ...
  -94.4196  -73.3556   71.0358
   -0.1999    0.9797    0.0120
   -0.5347   -0.0988   -0.8393
   -0.8211   -0.1742    0.5436
...    47 A-T ...
  -97.2631  -73.7357   72.7652
   -0.3831    0.7436   -0.5480
   -0.3591   -0.6665   -0.6534
   -0.8511   -0.0535    0.5223
...    48 C-G ...
  -99.9134  -73.2770   74.7002
   -0.4873    0.2705   -0.8303
   -0.1307   -0.9627   -0.2369
   -0.8634   -0.0069    0.5045
...    49 T-A ...
 -102.8743  -72.9325   76.1935
   -0.4473   -0.3075   -0.8399
    0.1092   -0.9508    0.2899
   -0.8877    0.0379    0.4588
...    50 G-C ...
 -105.8366  -73.2388   77.7366
   -0.2631   -0.8275   -0.4960
    0.3209   -0.5599    0.7639
   -0.9098    0.0418    0.4128
...    51 T-A ...
 -109.1099  -72.9236   78.5371
   -0.0559   -0.9983    0.0171
    0.4157   -0.0077    0.9095
   -0.9078    0.0579    0.4155
...    52 A-T ...
 -111.8698  -72.2023   80.5321
    0.1543   -0.7062    0.6910
    0.3940    0.6854    0.6124
   -0.9061    0.1777    0.3840
...    53 G-C ...
 -114.9901  -71.8152   81.6895
    0.3923   -0.2121    0.8950
    0.2703    0.9567    0.1082
   -0.8792    0.1995    0.4327
...    54 G-C ...
 -118.0797  -71.3438   83.0346
    0.5634    0.3405    0.7527
    0.0259    0.9034   -0.4280
   -0.8257    0.2607    0.5002
...    55 T-A ...
 -120.6595  -70.9447   85.0532
    0.5440    0.7506    0.3750
   -0.2707    0.5800   -0.7683
   -0.7942    0.3164    0.5187
...    56 A-T ...
 -123.1457  -69.7222   86.9320
    0.4263    0.8775   -0.2197
   -0.5646    0.0683   -0.8226
   -0.7068    0.4747    0.5245
...    57 T-A ...
 -124.9459  -68.0323   89.0593
    0.1124    0.7687   -0.6297
   -0.7167   -0.3762   -0.5872
   -0.6883    0.5173    0.5086
...    58 C-G ...
 -127.1347  -66.0977   90.5367
   -0.3015    0.3663   -0.8803
   -0.6814   -0.7286   -0.0698
   -0.6670    0.5788    0.4693
...    59 T-A ...
 -129.2173  -63.8393   91.8182
   -0.5985   -0.1218   -0.7918
   -0.4509   -0.7658    0.4586
   -0.6622    0.6315    0.4034
...    60 C-G ...
 -131.5183  -61.7167   92.9104
   -0.7628   -0.5544   -0.3328
   -0.0102   -0.5043    0.8634
   -0.6465    0.6621    0.3790
...    61 G-C ...
 -133.7053  -59.7580   94.6130
   -0.6075   -0.7527    0.2537
    0.4310   -0.0440    0.9013
   -0.6673    0.6568    0.3512
...    62 A-T ...
 -135.9172  -57.4827   95.6262
   -0.2221   -0.5970    0.7709
    0.7335    0.4186    0.5355
   -0.6424    0.6844    0.3449
...    63 G-C ...
 -138.2518  -55.3032   96.6461
    0.2498   -0.2834    0.9259
    0.7573    0.6530   -0.0045
   -0.6034    0.7023    0.3777
...    64 C-G ...
 -140.5833  -53.2036   97.8263
    0.6654    0.0934    0.7406
    0.5070    0.6717   -0.5402
   -0.5480    0.7349    0.3996
...    65 T-A ...
 -142.4029  -50.8999   99.3795
    0.8857    0.3634    0.2888
    0.0719    0.5072   -0.8588
   -0.4586    0.7815    0.4231
...    66 C-G ...
 -143.8427  -48.3321  100.7954
    0.7985    0.5156   -0.3108
   -0.4669    0.2043   -0.8604
   -0.3802    0.8321    0.4038
...    67 G-C ...
 -145.0038  -45.3073  101.7618
    0.4643    0.3810   -0.7995
   -0.8535   -0.0485   -0.5188
   -0.2365    0.9233    0.3027
...    68 G-C ...
 -145.2847  -41.9999  102.4202
   -0.0583    0.1861   -0.9808
   -0.9850   -0.1707    0.0262
   -0.1626    0.9676    0.1932
...    69 T-A ...
 -145.2424  -38.6975  102.6646
   -0.5767    0.0375   -0.8161
   -0.8042   -0.2018    0.5590
   -0.1437    0.9787    0.1465
...    70 C-G ...
 -145.8130  -35.4411  102.8564
   -0.9505   -0.0804   -0.3002
   -0.2878   -0.1372    0.9478
   -0.1174    0.9873    0.1072
...    71 A-T ...
 -146.2719  -32.2077  103.5635
   -0.9245   -0.1518    0.3496
    0.3580   -0.0310    0.9332
   -0.1308    0.9879    0.0831
...    72 T-A ...
 -147.0397  -28.9669  103.2077
   -0.5932   -0.0885    0.8002
    0.8008    0.0364    0.5978
   -0.0821    0.9954    0.0493
...    73 G-C ...
 -146.8705  -25.6338  103.4365
    0.0267   -0.0802    0.9964
    0.9980    0.0586   -0.0220
   -0.0566    0.9951    0.0816
...    74 T-A ...
 -147.6344  -22.3893  103.8116
    0.5677   -0.0598    0.8210
    0.8231    0.0592   -0.5648
   -0.0148    0.9965    0.0829
...    75 T-A ...
 -147.8092  -19.1720  104.1731
    0.9411   -0.0472    0.3348
    0.3372    0.0582   -0.9396
    0.0249    0.9972    0.0707
...    76 A-T ...
 -147.5286  -15.8483  104.4420
    0.9455   -0.1678   -0.2792
   -0.2656    0.0989   -0.9590
    0.1885    0.9809    0.0489
...    77 T-A ...
 -146.5191  -12.8246  105.0989
    0.6705   -0.1461   -0.7274
   -0.7042    0.1835   -0.6859
    0.2337    0.9721    0.0202
...    78 A-T ...
 -145.4317   -9.6628  104.8930
    0.1020   -0.1605   -0.9817
   -0.9407    0.3053   -0.1476
    0.3234    0.9386   -0.1199
...    79 A-T ...
 -144.1615   -6.7307  104.3381
   -0.4695    0.0332   -0.8823
   -0.8117    0.3771    0.4461
    0.3475    0.9256   -0.1501
...    80 C-G ...
 -142.6339   -3.9393  103.2750
   -0.8380    0.2270   -0.4961
   -0.4110    0.3355    0.8477
    0.3589    0.9143   -0.1879
...    81 G-C ...
 -141.7554   -0.6771  102.9289
   -0.9267    0.3579    0.1147
    0.1939    0.1938    0.9617
    0.3219    0.9134   -0.2490
...    82 G-C ...
 -140.7907    2.4119  101.8532
   -0.6485    0.3834    0.6576
    0.6992   -0.0417    0.7138
    0.3011    0.9226   -0.2410
...    83 A-T ...
 -139.7814    5.4224  100.8650
   -0.0682    0.2859    0.9558
    0.9419   -0.2975    0.1561
    0.3290    0.9109   -0.2490
...    84 G-C ...
 -138.9004    8.5316  100.0025
    0.4534    0.0267    0.8909
    0.8067   -0.4374   -0.3974
    0.3790    0.8989   -0.2198
...    85 A-T ...
 -137.7483   11.5028   99.1783
    0.8291   -0.2871    0.4797
    0.3575   -0.3875   -0.8497
    0.4298    0.8761   -0.2186
...    86 T-A ...
 -136.4137   14.4914   99.0843
    0.8804   -0.4739   -0.0182
   -0.1218   -0.1889   -0.9744
    0.4583    0.8601   -0.2241
...    87 C-G ...
 -134.7919   17.2425   98.3597
    0.5979   -0.5563   -0.5771
   -0.6126    0.1472   -0.7766
    0.5169    0.8178   -0.2528
...    88 C-G ...
 -132.6669   19.6984   97.4332
    0.0962   -0.4670   -0.8790
   -0.8097    0.4768   -0.3420
    0.5788    0.7447   -0.3323
...    89 G-C ...
 -130.9800   22.1866   95.8363
   -0.4536   -0.1870   -0.8714
   -0.6622    0.7251    0.1891
    0.5965    0.6628   -0.4527
...    90 C-G ...
 -128.9091   24.0094   93.9199
   -0.7656    0.2404   -0.5968
   -0.2604    0.7324    0.6291
    0.5883    0.6370   -0.4981
...    91 T-A ...
 -127.0339   25.9423   91.9130
   -0.7910    0.5983   -0.1280
    0.2396    0.4953    0.8350
    0.5630    0.6298   -0.5351
...    92 T-A ...
 -125.2630   27.8186   89.8944
   -0.4464    0.8138    0.3721
    0.6630    0.0215    0.7483
    0.6009    0.5807   -0.5492
...    93 T-A ...
 -123.4847   29.6603   87.8530
    0.0816    0.6900    0.7192
    0.7828   -0.4910    0.3822
    0.6169    0.5318   -0.5802
...    94 A-T ...
 -120.9498   30.8147   85.7887
    0.6280    0.1916    0.7543
    0.4861   -0.8534   -0.1880
    0.6077    0.4847   -0.6290
...    95 A-T ...
 -119.0542   32.5576   83.7960
    0.7964   -0.3549    0.4897
    0.0026   -0.8076   -0.5897
    0.6048    0.4709   -0.6423
...    96 C-G ...
 -116.9280   34.4867   82.1316
    0.6431   -0.7573    0.1136
   -0.4316   -0.4810   -0.7632
    0.6326    0.4418   -0.6361
...    97 A-T ...
 -114.8982   35.7790   79.7651
    0.1855   -0.9390   -0.2897
   -0.7094    0.0760   -0.7007
    0.6800    0.3355   -0.6520
...    98 C-G ...
 -112.2093   36.5600   77.9784
   -0.2585   -0.7588   -0.5978
   -0.6816    0.5818   -0.4438
    0.6846    0.2927   -0.6676
...    99 T-A ...
 -109.8233   37.1464   75.7092
   -0.6361   -0.3229   -0.7007
   -0.3934    0.9171   -0.0655
    0.6638    0.2340   -0.7104
...   100 T-A ...
 -107.6205   37.6470   73.3589
   -0.7349    0.2918   -0.6121
    0.0695    0.9303    0.3601
    0.6746    0.2221   -0.7040
...   101 T-A ...
 -105.4777   38.1173   70.9393
   -0.5240    0.7988   -0.2956
    0.4972    0.5686    0.6553
    0.6915    0.1964   -0.6951
...   102 A-T ...
 -102.7006   38.8139   69.0186
   -0.0044    0.9818    0.1898
    0.7086   -0.1308    0.6933
    0.7056    0.1376   -0.6952
...   103 T-A ...
 -100.8852   39.4757   66.3156
    0.3869    0.7652    0.5146
    0.5972   -0.6331    0.4925
    0.7026    0.1168   -0.7019
...   104 G-C ...
  -98.3299   39.5953   64.1297
    0.6215    0.2135    0.7538
    0.2465   -0.9666    0.0705
    0.7436    0.1420   -0.6533
...   105 C-G ...
  -95.8929   40.4628   62.0018
    0.6197   -0.3801    0.6866
   -0.1534   -0.9167   -0.3690
    0.7697    0.1234   -0.6264
...   106 T-A ...
  -93.1761   41.0043   60.1378
    0.3790   -0.8322    0.4048
   -0.4605   -0.5490   -0.6975
    0.8027    0.0779   -0.5913
...   107 T-A ...
  -90.4580   41.3007   58.3806
    0.0257   -0.9965   -0.0800
   -0.5956    0.0490   -0.8017
    0.8028    0.0683   -0.5923
...   108 C-G ...
  -87.7818   41.3762   56.4502
   -0.3704   -0.7620   -0.5312
   -0.4734    0.6468   -0.5979
    0.7992    0.0300   -0.6003
...   109 C-G ...
  -85.1035   41.0747   54.3784
   -0.6327   -0.2588   -0.7298
   -0.1482    0.9656   -0.2139
    0.7601   -0.0272   -0.6493
...   110 G-C ...
  -82.6743   41.3399   52.0077
   -0.6645    0.3616   -0.6540
    0.2843    0.9317    0.2263
    0.6911   -0.0356   -0.7218
...   111 G-C ...
  -80.5464   41.0501   49.3607
   -0.4289    0.8303   -0.3559
    0.6285    0.5573    0.5426
    0.6489    0.0090   -0.7608
...   112 C-G ...
  -78.7105   40.9790   46.5474
   -0.0168    0.9989    0.0444
    0.7659   -0.0157    0.6428
    0.6428    0.0448   -0.7647
...   113 T-A ...
  -76.7850   41.2951   43.8242
    0.3803    0.8156    0.4360
    0.6558   -0.5702    0.4948
    0.6522    0.0978   -0.7517
...   114 C-G ...
  -74.6507   41.6821   41.3254
    0.6828    0.2913    0.6701
    0.2876   -0.9502    0.1199
    0.6716    0.1108   -0.7325
...   115 G-C ...
  -72.2401   41.6222   38.9160
    0.6472   -0.3332    0.6857
   -0.1458   -0.9369   -0.3177
    0.7483    0.1056   -0.6549
...   116 T-A ...
  -69.5476   42.4232   37.1257
    0.4397   -0.7945    0.4188
   -0.4703   -0.6010   -0.6462
    0.7651    0.0872   -0.6379
...   117 A-T ...
  -67.2552   42.5274   34.5869
    0.0233   -0.9932   -0.1142
   -0.6383    0.0731   -0.7663
    0.7695    0.0908   -0.6322
...   118 T-A ...
  -64.3397   42.5747   33.0177
   -0.3090   -0.8042   -0.5077
   -0.5535    0.5862   -0.5917
    0.7734    0.0982   -0.6262
...   119 A-T ...
  -61.9360   43.3727   30.6981
   -0.5715   -0.1979   -0.7964
   -0.2093    0.9735   -0.0918
    0.7935    0.1142   -0.5978
...   120 A-T ...
  -59.3304   43.4785   28.7309
   -0.5584    0.4296   -0.7097
    0.1658    0.8960    0.4119
    0.8129    0.1124   -0.5715
...   121 T-A ...
  -56.8898   43.3159   26.4889
   -0.3768    0.8394   -0.3917
    0.4290    0.5329    0.7294
    0.8210    0.1068   -0.5609
...   122 G-C ...
  -54.0310   43.8459   24.7957
   -0.1138    0.9785    0.1722
    0.5799   -0.0753    0.8112
    0.8067    0.1922   -0.5589
...   123 T-A ...
  -51.7551   44.7041   22.5131
    0.1911    0.7717    0.6065
    0.5455   -0.5972    0.5880
    0.8160    0.2185   -0.5351
...   124 G-C ...
  -48.8402   45.3344   20.9452
    0.3862    0.2412    0.8903
    0.3496   -0.9315    0.1007
    0.8536    0.2724   -0.4441
...   125 T-A ...
  -46.1682   46.8170   19.6627
    0.4775   -0.3143    0.8205
    0.0942   -0.9101   -0.4035
    0.8735    0.2700   -0.4050
...   126 C-G ...
  -43.2185   47.6812   18.4751
    0.4052   -0.8124    0.4192
   -0.1916   -0.5238   -0.8300
    0.8939    0.2561   -0.3679
...   127 G-C ...
  -40.2111   48.1278   16.9300
    0.1377   -0.9831   -0.1209
   -0.3333    0.0690   -0.9403
    0.9327    0.1698   -0.3182
...   128 A-T ...
  -37.0732   48.5531   15.9271
   -0.1015   -0.7295   -0.6765
   -0.3279    0.6665   -0.6695
    0.9393    0.1539   -0.3068
...   129 C-G ...
  -33.7893   48.4749   15.1646
   -0.2655   -0.2378   -0.9343
   -0.2085    0.9603   -0.1852
    0.9413    0.1456   -0.3046
...   130 C-G ...
  -30.5875   48.7000   14.0098
   -0.3833    0.3531   -0.8535
   -0.0071    0.9229    0.3850
    0.9236    0.1536   -0.3513
...   131 A-T ...
  -27.4513   49.4464   13.0605
   -0.3702    0.8300   -0.4172
    0.2246    0.5158    0.8268
    0.9014    0.2123   -0.3773
...   132 A-T ...
  -24.5808   50.0426   11.6408
   -0.1623    0.9746    0.1545
    0.3825   -0.0822    0.9203
    0.9096    0.2085   -0.3594
...   133 A-T ...
  -21.7113   50.7886   10.3155
    0.0735    0.7350    0.6741
    0.3989   -0.6411    0.6556
    0.9140    0.2207   -0.3403
...   134 T-A ...
  -19.0083   52.0402    8.9385
    0.2450    0.2904    0.9250
    0.3072   -0.9282    0.2101
    0.9196    0.2327   -0.3166
...   135 G-C ...
  -16.4569   53.8980    7.5291
    0.5336   -0.3334    0.7773
    0.0348   -0.9096   -0.4140
    0.8450    0.2479   -0.4738
...   136 T-A ...
  -14.1680   56.5698    6.1950
    0.5795   -0.7269    0.3684
   -0.3140   -0.6163   -0.7222
    0.7521    0.3028   -0.5854
...   137 G-C ...
  -11.6468   58.0147    4.7338
    0.2454   -0.9541   -0.1717
   -0.6318   -0.0231   -0.7748
    0.7352    0.2986   -0.6085
...   138 A-T ...
   -8.6697   58.7289    3.6171
   -0.0344   -0.7815   -0.6230
   -0.6534    0.4892   -0.5777
    0.7562    0.3872   -0.5274
...   139 G-C ...
   -6.3211   59.0879    1.6442
   -0.2967   -0.3277   -0.8970
   -0.5657    0.8170   -0.1114
    0.7694    0.4744   -0.4278
...   140 C-G ...
   -3.4296   60.2437    1.0436
   -0.4424    0.2288   -0.8671
   -0.1682    0.9286    0.3309
    0.8809    0.2922   -0.3723
...   141 G-C ...
   -0.6893   63.9063   -2.2355
   -0.9992    0.0156   -0.0375
   -0.0024    0.8991    0.4378
    0.0405    0.4375   -0.8983
...   142 C-G ...
   -0.9979   65.6137   -4.9248
   -0.8337    0.5217    0.1810
    0.5169    0.6220    0.5881
    0.1942    0.5839   -0.7882
...   143 T-A ...
   -0.1244   66.2250   -7.8040
   -0.3751    0.8568    0.3538
    0.8856    0.2185    0.4098
    0.2739    0.4670   -0.8408
...   144 C-G ...
   -0.1580   67.4197  -10.7920
    0.1799    0.8792    0.4411
    0.9276   -0.3009    0.2214
    0.3274    0.3694   -0.8697
...   145 A-T ...
    0.5353   69.2487  -13.4512
    0.7352    0.4961    0.4620
    0.6117   -0.7791   -0.1369
    0.2921    0.3832   -0.8763
...   146 C-G ...
    1.4421   72.1064  -15.5857
    0.9808    0.0622    0.1849
    0.1266   -0.9240   -0.3608
    0.1484    0.3773   -0.9141
...   147 A-T ...
    2.3151   74.2411  -18.3713
    0.8657   -0.4292   -0.2574
   -0.4984   -0.7868   -0.3642
   -0.0462    0.4436   -0.8950
