  147 base-pairs
...     1 A-T ...
    0.0000    0.0000    0.0000
    1.0000    0.0000    0.0000
    0.0000    1.0000    0.0000
    0.0000    0.0000    1.0000
...     2 G-C ...
   -0.1394   -1.2357    3.2268
    0.7529    0.6366    0.1670
   -0.6386    0.7680   -0.0486
   -0.1592   -0.0700    0.9848
...     3 T-A ...
   -0.0365   -3.2932    6.3751
    0.2722    0.9301    0.2466
   -0.9238    0.3243   -0.2033
   -0.2691   -0.1725    0.9475
...     4 G-C ...
   -0.3505   -4.1660    9.4928
   -0.3756    0.9250    0.0579
   -0.8781   -0.3352   -0.3415
   -0.2965   -0.1791    0.9381
...     5 A-T ...
   -0.4462   -4.1476   12.7498
   -0.8116    0.5840   -0.0165
   -0.5523   -0.7762   -0.3042
   -0.1905   -0.2378    0.9524
...     6 G-C ...
   -1.5908   -4.1730   15.6201
   -0.9976    0.0246   -0.0651
   -0.0043   -0.9555   -0.2950
   -0.0695   -0.2940    0.9533
...     7 C-G ...
   -1.1030   -4.4824   18.7362
   -0.8441   -0.5304   -0.0787
    0.5345   -0.8441   -0.0432
   -0.0435   -0.0785    0.9960
...     8 G-C ...
   -2.4028   -7.7290   23.1475
   -0.2754   -0.3293   -0.9032
    0.6650   -0.7437    0.0684
   -0.6942   -0.5818    0.4238
...     9 C-G ...
   -4.4690   -9.9728   24.1132
    0.1145   -0.7025   -0.7024
    0.8512   -0.2952    0.4340
   -0.5122   -0.6476    0.5642
...    10 T-A ...
   -6.7405  -10.8752   25.9697
    0.4841   -0.8363   -0.2574
    0.6595    0.1553    0.7355
   -0.5751   -0.5258    0.6267
...    11 C-G ...
   -9.1656  -12.6208   27.1640
    0.7073   -0.6682    0.2307
    0.3448    0.6110    0.7126
   -0.6171   -0.4245    0.6626
...    12 A-T ...
  -10.9234  -14.6633   29.0693
    0.7515   -0.1377    0.6452
   -0.2029    0.8824    0.4246
   -0.6277   -0.4500    0.6352
...    13 C-G ...
  -11.8476  -17.4863   31.2451
    0.4295    0.2823    0.8578
   -0.5708    0.8209    0.0156
   -0.6998   -0.4963    0.5137
...    14 A-T ...
  -13.5897  -19.7827   33.4259
   -0.1504    0.6104    0.7777
   -0.6874    0.5008   -0.5260
   -0.7106   -0.6136    0.3443
...    15 A-T ...
  -15.8080  -21.8607   34.5632
   -0.5261    0.7910    0.3123
   -0.4508    0.0520   -0.8911
   -0.7212   -0.6095    0.3292
...    16 T-A ...
  -17.9335  -23.8302   36.3364
   -0.7159    0.6635   -0.2172
   -0.0715   -0.3792   -0.9225
   -0.6945   -0.6449    0.3190
...    17 T-A ...
  -20.2110  -25.7724   37.7020
   -0.6395    0.2843   -0.7143
    0.3829   -0.6879   -0.6166
   -0.6666   -0.6678    0.3311
...    18 T-A ...
  -22.4909  -27.8254   38.8059
   -0.2828   -0.1457   -0.9481
    0.6795   -0.7281   -0.0908
   -0.6770   -0.6699    0.3048
...    19 A-T ...
  -24.5622  -30.3391   39.7921
    0.2287   -0.5488   -0.8041
    0.6980   -0.4833    0.5283
   -0.6786   -0.6821    0.2725
...    20 T-A ...
  -27.2021  -32.3249   40.1873
    0.5573   -0.7306   -0.3946
    0.4713   -0.1130    0.8747
   -0.6836   -0.6734    0.2814
...    21 T-A ...
  -29.5019  -34.5531   40.8223
    0.7104   -0.6713    0.2114
    0.0358    0.3344    0.9417
   -0.7029   -0.6615    0.2616
...    22 C-G ...
  -31.7658  -36.7919   41.6888
    0.6031   -0.3224    0.7296
   -0.4103    0.6590    0.6304
   -0.6840   -0.6796    0.2651
...    23 G-C ...
  -34.2735  -38.6627   42.9819
    0.3616    0.1978    0.9111
   -0.6992    0.7040    0.1247
   -0.6168   -0.6821    0.3928
...    24 C-G ...
  -36.0028  -41.1648   44.2439
   -0.0266    0.5786    0.8152
   -0.7805    0.4974   -0.3786
   -0.6245   -0.6463    0.4384
...    25 A-T ...
  -38.4434  -43.2130   45.2633
   -0.4410    0.8046    0.3977
   -0.6080    0.0582   -0.7918
   -0.6602   -0.5910    0.4636
...    26 A-T ...
  -40.5722  -45.0920   46.9067
   -0.7019    0.6976   -0.1440
   -0.2423   -0.4239   -0.8727
   -0.6699   -0.5776    0.4665
...    27 A-T ...
  -42.6885  -46.8000   48.7061
   -0.7141    0.3131   -0.6261
    0.2203   -0.7484   -0.6255
   -0.6645   -0.5846    0.4655
...    28 G-C ...
  -45.1804  -48.3661   50.3735
   -0.4403   -0.1105   -0.8910
    0.5547   -0.8138   -0.1732
   -0.7060   -0.5706    0.4196
...    29 G-C ...
  -47.8859  -50.1408   51.5786
    0.0112   -0.5310   -0.8473
    0.6875   -0.6113    0.3921
   -0.7261   -0.5869    0.3582
...    30 C-G ...
  -50.4680  -52.0457   52.3365
    0.4257   -0.7623   -0.4875
    0.5372   -0.2206    0.8141
   -0.7281   -0.6085    0.3156
...    31 C-G ...
  -53.0880  -54.0148   53.1746
    0.6929   -0.7197    0.0448
    0.1885    0.2408    0.9521
   -0.6960   -0.6512    0.3025
...    32 G-C ...
  -55.1518  -55.9513   54.4392
    0.7443   -0.4249    0.5152
   -0.2185    0.5741    0.7891
   -0.6310   -0.7000    0.3344
...    33 G-C ...
  -56.9881  -58.5461   55.5903
    0.5276    0.0200    0.8492
   -0.6061    0.7093    0.3599
   -0.5952   -0.7047    0.3863
...    34 C-G ...
  -58.7023  -61.1332   56.7193
    0.1296    0.4575    0.8797
   -0.7928    0.5807   -0.1852
   -0.5955   -0.6734    0.4379
...    35 C-G ...
  -60.4298  -63.4171   58.5745
   -0.2800    0.7634    0.5821
   -0.7356    0.2190   -0.6411
   -0.6169   -0.6077    0.5002
...    36 C-G ...
  -62.3860  -65.3538   60.5147
   -0.6033    0.7936    0.0788
   -0.4749   -0.2781   -0.8349
   -0.6407   -0.5411    0.5447
...    37 G-C ...
  -64.6736  -67.5867   61.6456
   -0.7081    0.5445   -0.4496
   -0.0654   -0.6845   -0.7260
   -0.7031   -0.4847    0.5203
...    38 A-T ...
  -66.9324  -69.0811   63.3342
   -0.6051    0.0310   -0.7955
    0.3650   -0.8773   -0.3118
   -0.7075   -0.4790    0.5196
...    39 C-G ...
  -69.5619  -70.1877   64.8257
   -0.2952   -0.4230   -0.8567
    0.6086   -0.7745    0.1727
   -0.7365   -0.4704    0.4861
...    40 A-T ...
  -72.0960  -71.9242   66.2577
    0.1634   -0.7874   -0.5943
    0.6485   -0.3683    0.6662
   -0.7434   -0.4943    0.4505
...    41 C-G ...
  -74.7851  -73.6944   67.2304
    0.4875   -0.8595   -0.1539
    0.4558    0.1002    0.8844
   -0.7447   -0.5013    0.4406
...    42 G-C ...
  -77.0745  -75.1608   69.1233
    0.6872   -0.6070    0.3991
    0.0744    0.6053    0.7925
   -0.7227   -0.5149    0.4611
...    43 A-T ...
  -79.5052  -76.7079   70.4484
    0.6011   -0.1278    0.7889
   -0.3198    0.8662    0.3839
   -0.7324   -0.4830    0.4798
...    44 C-G ...
  -81.5982  -78.8544   71.8336
    0.3793    0.3846    0.8415
   -0.5971    0.7965   -0.0949
   -0.7068   -0.4665    0.5318
...    45 T-A ...
  -83.6769  -80.7734   74.0139
    0.0331    0.8200    0.5714
   -0.7047    0.4246   -0.5685
   -0.7087   -0.3838    0.5919
...    46 T-A ...
  -85.8702  -81.9146   75.9997
   -0.2912    0.9452    0.1477
   -0.6262   -0.0716   -0.7763
   -0.7232   -0.3186    0.6128
...    47 A-T ...
  -88.2679  -82.5791   78.1719
   -0.4545    0.7974   -0.3970
   -0.4161   -0.5841   -0.6969
   -0.7876   -0.1515    0.5973
...    48 C-G ...
  -90.7069  -82.3890   80.3991
   -0.5664    0.3700   -0.7364
   -0.1482   -0.9247   -0.3506
   -0.8107   -0.0894    0.5786
...    49 T-A ...
  -93.4621  -82.0979   82.3140
   -0.4989   -0.1717   -0.8495
    0.1092   -0.9848    0.1350
   -0.8598   -0.0254    0.5101
...    50 G-C ...
  -96.4324  -82.3668   83.8633
   -0.2795   -0.7201   -0.6351
    0.3372   -0.6929    0.6373
   -0.8990   -0.0361    0.4365
...    51 T-A ...
  -99.5289  -82.3948   84.7707
   -0.0698   -0.9841   -0.1633
    0.4236   -0.1775    0.8883
   -0.9032   -0.0071    0.4292
...    52 A-T ...
 -102.0049  -81.7725   87.3598
    0.1068   -0.7975    0.5938
    0.4052    0.5802    0.7065
   -0.9080    0.1652    0.3851
...    53 G-C ...
 -105.0265  -81.2134   88.5199
    0.3560   -0.3712    0.8576
    0.3142    0.9118    0.2642
   -0.8801    0.1754    0.4412
...    54 G-C ...
 -108.2392  -81.2916   90.1053
    0.5436    0.1936    0.8167
    0.0693    0.9593   -0.2736
   -0.8365    0.2053    0.5081
...    55 T-A ...
 -110.8824  -80.9465   91.9374
    0.5405    0.6571    0.5254
   -0.2091    0.7098   -0.6726
   -0.8149    0.2537    0.5210
...    56 A-T ...
 -113.3723  -80.1882   94.2290
    0.4490    0.8925   -0.0419
   -0.5045    0.2146   -0.8363
   -0.7374    0.3967    0.5466
...    57 T-A ...
 -115.2911  -78.8450   96.4561
    0.1773    0.8481   -0.4993
   -0.6813   -0.2604   -0.6841
   -0.7102    0.4614    0.5317
...    58 C-G ...
 -117.5597  -76.9350   98.2578
   -0.2470    0.4581   -0.8539
   -0.6775   -0.7116   -0.1858
   -0.6928    0.5326    0.4861
...    59 T-A ...
 -119.7700  -74.8749   99.5676
   -0.5332   -0.0430   -0.8449
   -0.4746   -0.8116    0.3408
   -0.7004    0.5827    0.4123
...    60 C-G ...
 -122.4389  -73.3918  100.7415
   -0.7229   -0.5223   -0.4523
   -0.1210   -0.5487    0.8272
   -0.6803    0.6527    0.3335
...    61 G-C ...
 -124.6801  -71.5817  102.4246
   -0.6694   -0.7310    0.1320
    0.2966   -0.1001    0.9497
   -0.6811    0.6749    0.2839
...    62 A-T ...
 -126.7547  -69.2007  103.5351
   -0.3474   -0.6040    0.7173
    0.6717    0.3735    0.6398
   -0.6543    0.7041    0.2760
...    63 G-C ...
 -128.8600  -66.7900  104.3667
    0.0862   -0.2804    0.9560
    0.7881    0.6063    0.1067
   -0.6095    0.7442    0.2733
...    64 C-G ...
 -131.2735  -64.4831  105.2538
    0.5609    0.1125    0.8202
    0.5990    0.6288   -0.4958
   -0.5715    0.7694    0.2853
...    65 T-A ...
 -133.2919  -62.0420  106.3484
    0.8428    0.3567    0.4030
    0.2192    0.4565   -0.8623
   -0.4915    0.8151    0.3065
...    66 C-G ...
 -134.9540  -59.2974  107.4289
    0.8501    0.4887   -0.1964
   -0.3135    0.1699   -0.9343
   -0.4232    0.8557    0.2976
...    67 G-C ...
 -136.2065  -56.2685  107.7265
    0.5880    0.3944   -0.7062
   -0.7468   -0.0707   -0.6613
   -0.3107    0.9162    0.2530
...    68 G-C ...
 -136.8336  -53.0351  108.4254
    0.0914    0.1962   -0.9763
   -0.9619   -0.2361   -0.1375
   -0.2575    0.9517    0.1672
...    69 G-C ...
 -137.3755  -49.6829  108.4022
   -0.4381   -0.0630   -0.8967
   -0.8717   -0.2139    0.4409
   -0.2196    0.9748    0.0388
...    70 A-T ...
 -137.8767  -46.3610  108.2798
   -0.8878   -0.1569   -0.4328
   -0.4222   -0.0971    0.9013
   -0.1834    0.9828    0.0199
...    71 T-A ...
 -138.3877  -43.1281  107.7160
   -0.9782   -0.1692    0.1206
    0.1201    0.0132    0.9927
   -0.1696    0.9855    0.0074
...    72 C-G ...
 -139.0911  -39.7957  107.4316
   -0.6889   -0.0646    0.7220
    0.7160    0.0943    0.6917
   -0.1128    0.9934   -0.0187
...    73 C-G ...
 -139.4967  -36.5151  107.2458
   -0.1766   -0.0739    0.9815
    0.9778    0.1008    0.1835
   -0.1125    0.9922    0.0544
...    74 G-C ...
 -139.3125  -33.2076  107.3936
    0.4353   -0.0868    0.8961
    0.8988    0.0981   -0.4272
   -0.0509    0.9914    0.1207
...    75 C-G ...
 -139.9661  -29.8353  107.8926
    0.8753   -0.0552    0.4805
    0.4836    0.0818   -0.8715
    0.0088    0.9951    0.0983
...    76 T-A ...
 -140.1047  -26.4598  108.5813
    0.9902   -0.0859   -0.1101
   -0.1021    0.0932   -0.9904
    0.0953    0.9919    0.0835
...    77 T-A ...
 -139.5272  -23.3146  109.0969
    0.7498   -0.0730   -0.6576
   -0.6461    0.1329   -0.7516
    0.1422    0.9884    0.0525
...    78 T-A ...
 -138.8422  -20.1358  109.3126
    0.2308   -0.0591   -0.9712
   -0.9540    0.1827   -0.2379
    0.1915    0.9814   -0.0142
...    79 C-G ...
 -138.4734  -16.9774  108.6594
   -0.3817    0.0058   -0.9243
   -0.8890    0.2713    0.3688
    0.2528    0.9625   -0.0984
...    80 A-T ...
 -137.2056  -13.8826  107.9384
   -0.8211    0.0628   -0.5673
   -0.5136    0.3522    0.7824
    0.2489    0.9338   -0.2570
...    81 T-A ...
 -136.2842  -11.0153  106.5950
   -0.9686    0.2382   -0.0716
   -0.0019    0.2807    0.9598
    0.2487    0.9297   -0.2715
...    82 G-C ...
 -135.3721   -7.9577  105.4781
   -0.7394    0.3873    0.5507
    0.6136    0.0511    0.7879
    0.2770    0.9205   -0.2755
...    83 T-A ...
 -134.7721   -4.8802  104.0762
   -0.2317    0.3877    0.8922
    0.9173   -0.2182    0.3331
    0.3238    0.8956   -0.3051
...    84 T-A ...
 -133.8976   -1.9872  102.9183
    0.3803    0.2024    0.9024
    0.8576   -0.4424   -0.2622
    0.3462    0.8737   -0.3418
...    85 A-T ...
 -132.4316    0.7353  101.4294
    0.8418   -0.1466    0.5194
    0.3884   -0.5038   -0.7716
    0.3748    0.8513   -0.3671
...    86 T-A ...
 -131.3133    3.7508  100.8625
    0.9114   -0.4089    0.0476
   -0.1152   -0.3643   -0.9241
    0.3952    0.8367   -0.3791
...    87 A-T ...
 -129.9812    6.3964   99.2900
    0.6175   -0.6271   -0.4748
   -0.6240   -0.0231   -0.7811
    0.4789    0.7786   -0.4055
...    88 A-T ...
 -128.2053    8.6928   98.0251
    0.1247   -0.5799   -0.8051
   -0.8429    0.3662   -0.3943
    0.5234    0.7278   -0.4431
...    89 C-G ...
 -125.8514   10.6290   96.4916
   -0.3819   -0.2905   -0.8774
   -0.7523    0.6491    0.1125
    0.5369    0.7030   -0.4664
...    90 G-C ...
 -124.4388   13.0461   94.7369
   -0.7777    0.1419   -0.6124
   -0.3169    0.7527    0.5770
    0.5428    0.6428   -0.5404
...    91 G-C ...
 -122.9697   15.1524   92.6407
   -0.8620    0.4837   -0.1516
    0.1942    0.5914    0.7826
    0.4682    0.6452   -0.6038
...    92 A-T ...
 -121.4365   17.1165   90.3182
   -0.5272    0.7728    0.3534
    0.6925    0.1497    0.7057
    0.4924    0.6168   -0.6141
...    93 T-A ...
 -120.4321   19.1447   87.8949
   -0.0370    0.7534    0.6565
    0.8589   -0.3118    0.4063
    0.5108    0.5789   -0.6356
...    94 A-T ...
 -118.3270   20.7285   85.5633
    0.6150    0.3469    0.7082
    0.6080   -0.7805   -0.1456
    0.5022    0.5201   -0.6909
...    95 A-T ...
 -116.7793   22.5177   83.3804
    0.8547   -0.1861    0.4847
    0.1116   -0.8459   -0.5215
    0.5071    0.4998   -0.7022
...    96 C-G ...
 -115.0115   24.6210   81.3863
    0.7614   -0.6379    0.1159
   -0.3962   -0.5993   -0.6956
    0.5132    0.4837   -0.7090
...    97 A-T ...
 -113.1471   26.0673   78.9282
    0.3143   -0.9110   -0.2670
   -0.7662   -0.0773   -0.6380
    0.5605    0.4051   -0.7223
...    98 C-G ...
 -110.7329   27.0024   76.7681
   -0.1741   -0.8170   -0.5498
   -0.7994    0.4433   -0.4056
    0.5751    0.3688   -0.7302
...    99 T-A ...
 -108.2881   27.7938   74.2401
   -0.6530   -0.4063   -0.6391
   -0.5171    0.8558   -0.0158
    0.5533    0.3202   -0.7690
...   100 T-A ...
 -106.3799   28.5105   71.6653
   -0.8059    0.2100   -0.5535
   -0.0109    0.9295    0.3685
    0.5919    0.3030   -0.7469
...   101 T-A ...
 -104.4482   29.2255   69.0902
   -0.6279    0.7357   -0.2540
    0.4662    0.6169    0.6341
    0.6232    0.2798   -0.7303
...   102 A-T ...
 -101.9670   30.1693   66.7857
   -0.0610    0.9752    0.2128
    0.7514   -0.0954    0.6529
    0.6570    0.1997   -0.7269
...   103 T-A ...
 -100.3994   31.0305   64.0497
    0.3060    0.7944    0.5248
    0.6824   -0.5673    0.4609
    0.6638    0.2171   -0.7157
...   104 G-C ...
  -98.2458   32.0141   61.7171
    0.5963    0.2555    0.7610
    0.3720   -0.9280    0.0202
    0.7114    0.2710   -0.6484
...   105 C-G ...
  -95.8364   33.2455   59.8211
    0.6678   -0.3250    0.6696
   -0.0387   -0.9136   -0.4048
    0.7433    0.2444   -0.6227
...   106 T-A ...
  -93.0729   34.3426   58.0092
    0.4896   -0.8090    0.3252
   -0.4010   -0.5401   -0.7400
    0.7743    0.2319   -0.5888
...   107 T-A ...
  -90.4338   35.0505   56.3189
    0.1327   -0.9828   -0.1282
   -0.5876    0.0261   -0.8087
    0.7982    0.1826   -0.5741
...   108 C-G ...
  -87.6401   35.4366   54.4822
   -0.2822   -0.7682   -0.5747
   -0.5318    0.6239   -0.5727
    0.7985    0.1440   -0.5845
...   109 C-G ...
  -85.0046   35.6589   52.4843
   -0.6016   -0.3092   -0.7365
   -0.2663    0.9469   -0.1800
    0.7531    0.0878   -0.6520
...   110 G-C ...
  -82.8484   36.2568   50.2874
   -0.7153    0.2466   -0.6539
    0.1302    0.9663    0.2219
    0.6866    0.0735   -0.7233
...   111 G-C ...
  -80.8291   36.4615   47.5715
   -0.5476    0.7522   -0.3664
    0.5317    0.6510    0.5418
    0.6461    0.1019   -0.7564
...   112 C-G ...
  -79.1157   36.6889   44.6830
   -0.1680    0.9849    0.0427
    0.7537    0.1004    0.6495
    0.6354    0.1413   -0.7591
...   113 T-A ...
  -77.1318   37.1718   42.0392
    0.2523    0.8685    0.4267
    0.7304   -0.4602    0.5047
    0.6346    0.1844   -0.7505
...   114 C-G ...
  -74.9040   37.7171   39.5854
    0.6337    0.3959    0.6646
    0.4329   -0.8935    0.1195
    0.6411    0.2120   -0.7376
...   115 G-C ...
  -72.5846   37.8875   37.1467
    0.7132   -0.2530    0.6538
   -0.0336   -0.9439   -0.3286
    0.7002    0.2124   -0.6816
...   116 T-A ...
  -69.8832   39.0323   35.4612
    0.5393   -0.7467    0.3893
   -0.4210   -0.6395   -0.6433
    0.7293    0.1830   -0.6593
...   117 A-T ...
  -67.1413   39.6702   33.5194
    0.1294   -0.9900   -0.0559
   -0.6408   -0.0404   -0.7666
    0.7567    0.1350   -0.6397
...   118 T-A ...
  -64.2369   39.9295   31.9706
   -0.2170   -0.8566   -0.4681
   -0.6099    0.4934   -0.6201
    0.7622    0.1510   -0.6295
...   119 A-T ...
  -61.7044   40.8025   29.7127
   -0.5264   -0.2526   -0.8119
   -0.2986    0.9490   -0.1016
    0.7961    0.1889   -0.5749
...   120 A-T ...
  -59.0473   41.0768   27.8403
   -0.5902    0.3582   -0.7234
    0.0622    0.9137    0.4017
    0.8049    0.1921   -0.5615
...   121 T-A ...
  -56.5386   41.1749   25.6098
   -0.4488    0.7993   -0.3995
    0.3634    0.5717    0.7356
    0.8164    0.1850   -0.5471
...   122 G-C ...
  -53.7268   41.7896   23.6342
   -0.1791    0.9656    0.1887
    0.5577   -0.0583    0.8280
    0.8105    0.2536   -0.5281
...   123 T-A ...
  -51.3376   42.7124   21.5291
    0.1265    0.7782    0.6151
    0.5539   -0.5698    0.6071
    0.8229    0.2639   -0.5031
...   124 G-C ...
  -48.5229   43.6399   19.8445
    0.3620    0.2491    0.8983
    0.3891   -0.9161    0.0973
    0.8471    0.3143   -0.4286
...   125 T-A ...
  -45.9851   45.0680   18.5304
    0.4622   -0.3003    0.8344
    0.1506   -0.9007   -0.4075
    0.8739    0.3141   -0.3710
...   126 C-G ...
  -43.1247   46.0291   17.5216
    0.4629   -0.7795    0.4220
   -0.1321   -0.5314   -0.8367
    0.8765    0.3316   -0.3490
...   127 G-C ...
  -40.2470   46.6578   15.8149
    0.2066   -0.9732   -0.1011
   -0.2996    0.0355   -0.9534
    0.9314    0.2273   -0.2842
...   128 A-T ...
  -37.2269   47.3515   14.9540
   -0.0064   -0.7462   -0.6657
   -0.3595    0.6229   -0.6947
    0.9331    0.2349   -0.2723
...   129 C-G ...
  -33.9284   47.4859   14.4977
   -0.2271   -0.2865   -0.9308
   -0.2894    0.9324   -0.2164
    0.9299    0.2202   -0.2946
...   130 C-G ...
  -30.7438   47.8524   13.2960
   -0.4147    0.2726   -0.8682
   -0.0861    0.9380    0.3357
    0.9059    0.2140   -0.3656
...   131 A-T ...
  -27.5819   49.2253   12.9390
   -0.3828    0.8097   -0.4449
    0.1704    0.5351    0.8274
    0.9080    0.2409   -0.3428
...   132 A-T ...
  -24.6294   49.9728   11.6994
   -0.2112    0.9677    0.1376
    0.3566   -0.0548    0.9326
    0.9101    0.2460   -0.3335
...   133 A-T ...
  -21.7965   50.8550   10.2847
    0.0662    0.7482    0.6601
    0.3956   -0.6270    0.6711
    0.9161    0.2167   -0.3375
...   134 T-A ...
  -19.0083   52.0402    8.9384
    0.2450    0.2904    0.9250
    0.3072   -0.9282    0.2101
    0.9196    0.2327   -0.3167
...   135 G-C ...
  -16.4569   53.8980    7.5291
    0.5336   -0.3334    0.7773
    0.0348   -0.9096   -0.4140
    0.8450    0.2479   -0.4738
...   136 T-A ...
  -14.1680   56.5697    6.1949
    0.5795   -0.7269    0.3684
   -0.3140   -0.6163   -0.7222
    0.7521    0.3028   -0.5854
...   137 G-C ...
  -11.6468   58.0146    4.7337
    0.2454   -0.9541   -0.1717
   -0.6318   -0.0231   -0.7748
    0.7352    0.2986   -0.6085
...   138 A-T ...
   -8.6697   58.7289    3.6171
   -0.0344   -0.7815   -0.6230
   -0.6534    0.4892   -0.5777
    0.7562    0.3872   -0.5274
...   139 G-C ...
   -6.3211   59.0879    1.6441
   -0.2967   -0.3277   -0.8970
   -0.5657    0.8170   -0.1114
    0.7694    0.4744   -0.4278
...   140 C-G ...
   -3.4296   60.2436    1.0435
   -0.4424    0.2288   -0.8671
   -0.1682    0.9286    0.3309
    0.8809    0.2922   -0.3723
...   141 G-C ...
   -0.6893   63.9062   -2.2356
   -0.9992    0.0156   -0.0375
   -0.0024    0.8991    0.4378
    0.0405    0.4375   -0.8983
...   142 C-G ...
   -0.9979   65.6137   -4.9249
   -0.8337    0.5217    0.1810
    0.5169    0.6220    0.5881
    0.1942    0.5839   -0.7882
...   143 T-A ...
   -0.1244   66.2250   -7.8041
   -0.3751    0.8568    0.3538
    0.8856    0.2185    0.4098
    0.2739    0.4670   -0.8408
...   144 C-G ...
   -0.1579   67.4196  -10.7921
    0.1799    0.8792    0.4411
    0.9276   -0.3009    0.2214
    0.3274    0.3694   -0.8697
...   145 A-T ...
    0.5353   69.2486  -13.4513
    0.7352    0.4961    0.4620
    0.6117   -0.7791   -0.1369
    0.2921    0.3832   -0.8763
...   146 C-G ...
    1.4422   72.1063  -15.5858
    0.9808    0.0622    0.1849
    0.1266   -0.9240   -0.3608
    0.1484    0.3773   -0.9141
...   147 A-T ...
    2.3151   74.2410  -18.3714
    0.8657   -0.4292   -0.2574
   -0.4984   -0.7868   -0.3642
   -0.0462    0.4436   -0.8950
