  147 base-pairs
...     1 A-T ...
    0.0000    0.0000    0.0000
    1.0000    0.0000    0.0000
    0.0000    1.0000    0.0000
    0.0000    0.0000    1.0000
...     2 G-C ...
   -0.1394   -1.2357    3.2268
    0.7529    0.6366    0.1670
   -0.6386    0.7680   -0.0486
   -0.1592   -0.0700    0.9848
...     3 T-A ...
   -0.0365   -3.2932    6.3751
    0.2722    0.9301    0.2466
   -0.9238    0.3243   -0.2033
   -0.2691   -0.1725    0.9475
...     4 G-C ...
   -0.3505   -4.1660    9.4928
   -0.3756    0.9250    0.0579
   -0.8781   -0.3352   -0.3415
   -0.2965   -0.1791    0.9381
...     5 A-T ...
   -0.4462   -4.1476   12.7498
   -0.8116    0.5840   -0.0165
   -0.5523   -0.7762   -0.3042
   -0.1905   -0.2378    0.9524
...     6 G-C ...
   -1.5908   -4.1730   15.6201
   -0.9976    0.0246   -0.0651
   -0.0043   -0.9555   -0.2950
   -0.0695   -0.2940    0.9533
...     7 C-G ...
   -1.1030   -4.4824   18.7362
   -0.8441   -0.5304   -0.0787
    0.5345   -0.8441   -0.0432
   -0.0435   -0.0785    0.9960
...     8 G-C ...
   -2.4028   -7.7290   23.1475
   -0.2754   -0.3293   -0.9032
    0.6650   -0.7437    0.0684
   -0.6942   -0.5818    0.4238
...     9 C-G ...
   -4.4690   -9.9728   24.1132
    0.1145   -0.7025   -0.7024
    0.8512   -0.2952    0.4340
   -0.5122   -0.6476    0.5642
...    10 T-A ...
   -6.7405  -10.8752   25.9697
    0.4841   -0.8363   -0.2574
    0.6595    0.1553    0.7355
   -0.5751   -0.5258    0.6267
...    11 C-G ...
   -9.1656  -12.6208   27.1640
    0.7073   -0.6682    0.2307
    0.3448    0.6110    0.7126
   -0.6171   -0.4245    0.6626
...    12 A-T ...
  -10.9234  -14.6633   29.0693
    0.7515   -0.1377    0.6452
   -0.2029    0.8824    0.4246
   -0.6277   -0.4500    0.6352
...    13 C-G ...
  -11.8476  -17.4863   31.2451
    0.4295    0.2823    0.8578
   -0.5708    0.8209    0.0156
   -0.6998   -0.4963    0.5137
...    14 A-T ...
  -13.5897  -19.7827   33.4259
   -0.1504    0.6104    0.7777
   -0.6874    0.5008   -0.5260
   -0.7106   -0.6136    0.3443
...    15 A-T ...
  -15.7373  -21.8912   34.6866
   -0.5501    0.7738    0.3140
   -0.4487    0.0433   -0.8926
   -0.7043   -0.6319    0.3234
...    16 T-A ...
  -17.8122  -23.8500   36.3595
   -0.7076    0.6770   -0.2024
   -0.0863   -0.3671   -0.9262
   -0.7013   -0.6379    0.3182
...    17 T-A ...
  -20.0947  -25.8261   37.5764
   -0.6217    0.3225   -0.7138
    0.3576   -0.6939   -0.6250
   -0.6968   -0.6438    0.3161
...    18 T-A ...
  -22.4658  -27.7583   38.6862
   -0.2871   -0.1544   -0.9454
    0.6588   -0.7483   -0.0778
   -0.6954   -0.6452    0.3165
...    19 A-T ...
  -24.4945  -30.2626   39.8097
    0.2206   -0.6018   -0.7676
    0.6803   -0.4690    0.5632
   -0.6989   -0.6465    0.3059
...    20 T-A ...
  -27.1558  -32.1733   40.2746
    0.5423   -0.7618   -0.3542
    0.4609   -0.0827    0.8836
   -0.7024   -0.6425    0.3063
...    21 T-A ...
  -29.5276  -34.2835   41.0249
    0.6961   -0.6727    0.2509
    0.0470    0.3915    0.9190
   -0.7164   -0.6279    0.3041
...    22 C-G ...
  -31.8496  -36.4536   41.9713
    0.5884   -0.2786    0.7591
   -0.3960    0.7192    0.5709
   -0.7050   -0.6365    0.3128
...    23 G-C ...
  -34.4156  -38.3003   43.2323
    0.3042    0.2580    0.9170
   -0.6796    0.7334    0.0191
   -0.6676   -0.6290    0.3984
...    24 C-G ...
  -36.3205  -40.6650   44.6559
   -0.1079    0.6554    0.7475
   -0.7335    0.4550   -0.5049
   -0.6711   -0.6028    0.4317
...    25 A-T ...
  -38.7826  -42.5904   45.9142
   -0.4609    0.8506    0.2529
   -0.5364   -0.0401   -0.8430
   -0.7069   -0.5242    0.4748
...    26 A-T ...
  -41.0069  -44.2182   47.6363
   -0.6842    0.6654   -0.2985
   -0.1612   -0.5371   -0.8280
   -0.7112   -0.5184    0.4748
...    27 A-T ...
  -43.3496  -45.7289   49.3088
   -0.6450    0.2187   -0.7322
    0.2705   -0.8308   -0.4864
   -0.7147   -0.5118    0.4767
...    28 G-C ...
  -45.9204  -47.1803   50.8743
   -0.3447   -0.2545   -0.9035
    0.5670   -0.8236    0.0157
   -0.7481   -0.5069    0.4282
...    29 G-C ...
  -48.6674  -48.8029   52.0409
    0.0897   -0.6484   -0.7560
    0.6356   -0.5471    0.5447
   -0.7668   -0.5294    0.3631
...    30 C-G ...
  -51.4450  -50.5112   52.8661
    0.4559   -0.8321   -0.3158
    0.4583   -0.0847    0.8847
   -0.7630   -0.5481    0.3428
...    31 C-G ...
  -54.0499  -52.5218   53.7537
    0.6796   -0.6963    0.2307
    0.1008    0.4001    0.9109
   -0.7266   -0.5958    0.3421
...    32 G-C ...
  -56.5244  -54.3007   55.2659
    0.6706   -0.2701    0.6909
   -0.3223    0.7328    0.5993
   -0.6682   -0.6246    0.4043
...    33 G-C ...
  -58.6802  -56.6192   56.5168
    0.4240    0.2470    0.8713
   -0.6447    0.7580    0.0988
   -0.6361   -0.6036    0.4807
...    34 C-G ...
  -60.4691  -58.9168   58.1568
    0.0249    0.6649    0.7465
   -0.7706    0.4885   -0.4094
   -0.6369   -0.5650    0.5245
...    35 C-G ...
  -62.4187  -60.8397   60.1479
   -0.3421    0.8799    0.3298
   -0.6662    0.0204   -0.7455
   -0.6627   -0.4747    0.5792
...    36 C-G ...
  -64.5896  -62.2100   62.3415
   -0.5871    0.7830   -0.2055
   -0.3860   -0.4939   -0.7791
   -0.7116   -0.3781    0.5922
...    37 G-C ...
  -67.2878  -63.5205   63.9490
   -0.6170    0.3891   -0.6841
   -0.0270   -0.8791   -0.4758
   -0.7865   -0.2751    0.5529
...    38 A-T ...
  -70.0027  -64.3093   65.6714
   -0.4884   -0.2271   -0.8426
    0.3300   -0.9419    0.0626
   -0.8078   -0.2475    0.5349
...    39 C-G ...
  -72.9990  -64.6024   67.1618
   -0.2227   -0.7077   -0.6705
    0.5260   -0.6663    0.5285
   -0.8208   -0.2349    0.5206
...    40 A-T ...
  -75.5358  -65.6256   69.1060
    0.1771   -0.9591   -0.2208
    0.5327   -0.0952    0.8410
   -0.8276   -0.2665    0.4940
...    41 C-G ...
  -78.5754  -66.6354   70.1829
    0.4387   -0.8519    0.2861
    0.3475    0.4544    0.8202
   -0.8287   -0.2604    0.4954
...    42 G-C ...
  -81.3003  -67.1362   72.1556
    0.6209   -0.3931    0.6782
    0.0321    0.8772    0.4790
   -0.7832   -0.2756    0.5573
...    43 A-T ...
  -83.9587  -68.0822   73.8768
    0.5378    0.2327    0.8103
   -0.3352    0.9409   -0.0477
   -0.7736   -0.2460    0.5840
...    44 C-G ...
  -86.2041  -69.4097   75.9216
    0.3081    0.7160    0.6264
   -0.5697    0.6662   -0.4813
   -0.7619   -0.2085    0.6132
...    45 T-A ...
  -88.5210  -70.1230   78.1953
    0.0224    0.9795    0.2004
   -0.6612    0.1649   -0.7319
   -0.7499   -0.1161    0.6513
...    46 T-A ...
  -90.8402  -70.4117   80.4298
   -0.3270    0.8989   -0.2915
   -0.5658   -0.4333   -0.7015
   -0.7569   -0.0644    0.6503
...    47 A-T ...
  -93.5595  -70.5728   82.4082
   -0.5416    0.4449   -0.7133
   -0.2890   -0.8953   -0.3390
   -0.7894    0.0226    0.6135
...    48 C-G ...
  -96.1162  -69.8046   84.4029
   -0.5945   -0.1157   -0.7957
    0.0216   -0.9915    0.1280
   -0.8038    0.0589    0.5920
...    49 T-A ...
  -98.9585  -69.3450   86.1113
   -0.4622   -0.6550   -0.5978
    0.3095   -0.7509    0.5834
   -0.8310    0.0846    0.5498
...    50 G-C ...
 -101.6114  -69.4204   88.1681
   -0.1569   -0.9814   -0.1104
    0.5034   -0.1756    0.8460
   -0.8497    0.0772    0.5217
...    51 T-A ...
 -104.7807  -69.2236   89.3660
    0.1380   -0.9105    0.3899
    0.5152    0.4022    0.7568
   -0.8459    0.0964    0.5246
...    52 A-T ...
 -107.3751  -68.1303   91.4192
    0.3833   -0.3536    0.8533
    0.3277    0.9158    0.2323
   -0.8635    0.1906    0.4669
...    53 G-C ...
 -110.3181  -67.7236   92.9668
    0.5546    0.2093    0.8054
    0.0829    0.9492   -0.3037
   -0.8280    0.2352    0.5091
...    54 G-C ...
 -113.1786  -67.1430   94.7042
    0.5934    0.6790    0.4323
   -0.2306    0.6580   -0.7169
   -0.7711    0.3257    0.5470
...    55 T-A ...
 -115.4032  -66.2950   96.9807
    0.4289    0.9014   -0.0589
   -0.5128    0.1893   -0.8374
   -0.7437    0.3894    0.5435
...    56 A-T ...
 -117.7981  -64.7476   98.7477
    0.1589    0.7686   -0.6197
   -0.7045   -0.3514   -0.6166
   -0.6917    0.5346    0.4856
...    57 T-A ...
 -119.5295  -62.6228  100.5302
   -0.2038    0.4594   -0.8645
   -0.7012   -0.6848   -0.1986
   -0.6832    0.5657    0.4617
...    58 C-G ...
 -121.8099  -60.6024  101.7769
   -0.5667   -0.0679   -0.8211
   -0.4716   -0.7905    0.3909
   -0.6756    0.6087    0.4159
...    59 T-A ...
 -124.0730  -58.3535  102.7897
   -0.7174   -0.5165   -0.4675
   -0.1134   -0.5755    0.8099
   -0.6874    0.6340    0.3543
...    60 C-G ...
 -126.4722  -56.2804  103.8061
   -0.6511   -0.7433    0.1536
    0.3472   -0.1117    0.9311
   -0.6750    0.6595    0.3308
...    61 G-C ...
 -128.4825  -54.0240  105.3722
   -0.2920   -0.6664    0.6861
    0.6682    0.3711    0.6448
   -0.6843    0.6467    0.3369
...    62 A-T ...
 -130.7914  -51.8099  106.3005
    0.1828   -0.2779    0.9431
    0.7269    0.6841    0.0606
   -0.6620    0.6744    0.3271
...    63 G-C ...
 -133.1657  -49.7152  107.3948
    0.5952    0.1186    0.7948
    0.5228    0.6940   -0.4950
   -0.6103    0.7101    0.3511
...    64 C-G ...
 -135.4260  -47.6446  108.7354
    0.8253    0.4406    0.3533
    0.1125    0.4847   -0.8674
   -0.5534    0.7556    0.3504
...    65 T-A ...
 -137.1189  -45.1595  110.1442
    0.8088    0.5476   -0.2144
   -0.3591    0.1713   -0.9174
   -0.4657    0.8190    0.3352
...    66 C-G ...
 -138.5254  -42.4081  111.2139
    0.4751    0.4686   -0.7448
   -0.7801   -0.1672   -0.6028
   -0.4071    0.8674    0.2861
...    67 G-C ...
 -139.9797  -39.3670  111.6593
    0.0072    0.1505   -0.9886
   -0.9460   -0.3193   -0.0555
   -0.3240    0.9356    0.1401
...    68 G-C ...
 -140.8244  -36.0739  111.5453
   -0.4983   -0.1384   -0.8559
   -0.8125   -0.2697    0.5168
   -0.3024    0.9529    0.0219
...    69 G-C ...
 -141.9133  -32.8775  111.0197
   -0.8577   -0.3186   -0.4036
   -0.4037   -0.0688    0.9123
   -0.3184    0.9454   -0.0696
...    70 A-T ...
 -143.0585  -29.7653  110.6140
   -0.9284   -0.2670    0.2584
    0.2180    0.1718    0.9607
   -0.3009    0.9483   -0.1012
...    71 T-A ...
 -144.3041  -26.8166  109.6326
   -0.6772   -0.0810    0.7313
    0.6890    0.2789    0.6689
   -0.2581    0.9569   -0.1331
...    72 C-G ...
 -145.1877  -23.6459  109.0522
   -0.0942    0.1342    0.9865
    0.9683    0.2424    0.0595
   -0.2312    0.9608   -0.1528
...    73 C-G ...
 -146.1832  -20.4463  108.4022
    0.4976    0.1901    0.8463
    0.8493    0.0916   -0.5200
   -0.1764    0.9775   -0.1159
...    74 G-C ...
 -146.5379  -17.1737  107.4804
    0.9156    0.0853    0.3930
    0.3994   -0.0787   -0.9134
   -0.0470    0.9932   -0.1061
...    75 C-G ...
 -146.7953  -13.8572  107.5291
    0.9831   -0.0482   -0.1764
   -0.1812   -0.1265   -0.9753
    0.0247    0.9908   -0.1331
...    76 T-A ...
 -146.4131  -10.5757  107.2501
    0.7190   -0.2165   -0.6604
   -0.6844   -0.0551   -0.7270
    0.1210    0.9747   -0.1878
...    77 T-A ...
 -145.8108   -7.4619  106.6336
    0.1853   -0.2627   -0.9469
   -0.9704    0.1028   -0.2184
    0.1548    0.9594   -0.2359
...    78 T-A ...
 -145.0899   -4.4275  105.7548
   -0.4186   -0.1779   -0.8906
   -0.8918    0.2660    0.3661
    0.1717    0.9474   -0.2700
...    79 A-T ...
 -144.8190   -1.1470  104.9161
   -0.8955    0.0398   -0.4433
   -0.4016    0.3573    0.8432
    0.1920    0.9331   -0.3040
...    80 A-T ...
 -144.1367    1.7774  103.6197
   -0.9446    0.2986    0.1362
    0.2193    0.2655    0.9388
    0.2442    0.9167   -0.3163
...    81 C-G ...
 -143.6306    4.6980  101.9804
   -0.6606    0.4121    0.6276
    0.7075    0.0620    0.7040
    0.2512    0.9090   -0.3325
...    82 A-T ...
 -142.3724    7.6448  101.0089
   -0.0890    0.3371    0.9373
    0.9620   -0.2147    0.1686
    0.2580    0.9167   -0.3052
...    83 C-G ...
 -142.0974   10.8277   99.9828
    0.4522    0.1567    0.8780
    0.8476   -0.3819   -0.3684
    0.2776    0.9108   -0.3056
...    84 T-A ...
 -141.3023   13.9583   99.1438
    0.8258   -0.1370    0.5471
    0.4522   -0.4189   -0.7874
    0.3371    0.8976   -0.2839
...    85 C-G ...
 -140.2234   16.9277   98.2204
    0.9093   -0.4156   -0.0187
   -0.1392   -0.2616   -0.9551
    0.3921    0.8711   -0.2957
...    86 A-T ...
 -138.8547   19.7537   97.0070
    0.5995   -0.6086   -0.5198
   -0.6235    0.0522   -0.7801
    0.5019    0.7917   -0.3482
...    87 T-A ...
 -136.7070   22.0987   96.2406
    0.1800   -0.5236   -0.8327
   -0.8353    0.3657   -0.4105
    0.5195    0.7695   -0.3715
...    88 G-C ...
 -135.0910   24.5629   94.6090
   -0.3992   -0.2983   -0.8670
   -0.7504    0.6497    0.1219
    0.5269    0.6992   -0.4832
...    89 T-A ...
 -133.0512   26.3457   92.6762
   -0.7553    0.0828   -0.6502
   -0.4005    0.7270    0.5578
    0.5188    0.6816   -0.5159
...    90 T-A ...
 -131.2924   28.3396   90.7842
   -0.8261    0.5229   -0.2103
    0.1314    0.5415    0.8304
    0.5481    0.6583   -0.5160
...    91 A-T ...
 -129.0886   30.6704   89.5396
   -0.4710    0.8024    0.3665
    0.6468    0.0316    0.7620
    0.5998    0.5960   -0.5338
...    92 T-A ...
 -127.6351   32.6784   87.3175
   -0.0388    0.7165    0.6965
    0.7912   -0.4037    0.4594
    0.6104    0.5689   -0.5512
...    93 A-T ...
 -125.1108   34.0485   85.4193
    0.5360    0.2859    0.7943
    0.5861   -0.8033   -0.1064
    0.6076    0.5225   -0.5981
...    94 A-T ...
 -123.2534   35.9249   83.5147
    0.7844   -0.2401    0.5719
    0.1426   -0.8276   -0.5429
    0.6037    0.5074   -0.6149
...    95 C-G ...
 -121.2239   38.0069   81.9245
    0.7131   -0.6682    0.2123
   -0.3038   -0.5673   -0.7654
    0.6318    0.4813   -0.6075
...    96 G-C ...
 -119.1922   39.3439   79.5609
    0.3208   -0.9299   -0.1801
   -0.6402   -0.0728   -0.7647
    0.6980    0.3606   -0.6187
...    97 G-C ...
 -116.5962   40.2693   77.6009
   -0.1614   -0.8448   -0.5102
   -0.6861    0.4677   -0.5572
    0.7093    0.2601   -0.6551
...    98 A-T ...
 -114.2467   40.9442   75.3915
   -0.5711   -0.4035   -0.7148
   -0.4314    0.8884   -0.1569
    0.6984    0.2187   -0.6815
...    99 T-A ...
 -111.8313   40.9725   73.1410
   -0.7130    0.1157   -0.6915
   -0.0658    0.9709    0.2302
    0.6980    0.2096   -0.6847
...   100 T-A ...
 -109.5939   41.3827   70.8058
   -0.5992    0.6706   -0.4373
    0.3714    0.7167    0.5902
    0.7093    0.1912   -0.6785
...   101 T-A ...
 -107.4171   41.8034   68.4096
   -0.2382    0.9709   -0.0247
    0.6520    0.1787    0.7369
    0.7199    0.1594   -0.6756
...   102 A-T ...
 -104.6180   42.1345   66.4738
    0.2832    0.8510    0.4422
    0.6339   -0.5121    0.5796
    0.7197    0.1161   -0.6845
...   103 T-A ...
 -102.6683   42.9668   63.9270
    0.5826    0.4587    0.6710
    0.3860   -0.8827    0.2682
    0.7153    0.1027   -0.6913
...   104 G-C ...
 -100.1460   43.0133   61.7161
    0.6369   -0.1639    0.7533
   -0.0264   -0.9812   -0.1912
    0.7705    0.1019   -0.6292
...   105 C-G ...
  -97.5018   43.7133   59.8111
    0.4756   -0.6893    0.5465
   -0.3772   -0.7210   -0.5813
    0.7947    0.0703   -0.6029
...   106 T-A ...
  -94.6696   43.9611   58.0811
    0.1379   -0.9736    0.1819
   -0.5592   -0.2281   -0.7971
    0.8175    0.0082   -0.5759
...   107 T-A ...
  -91.8910   43.9497   56.3999
   -0.2221   -0.9243   -0.3103
   -0.5323    0.3815   -0.7557
    0.8169   -0.0026   -0.5768
...   108 C-G ...
  -89.2086   43.7633   54.4991
   -0.5247   -0.5086   -0.6827
   -0.2755    0.8602   -0.4291
    0.8055   -0.0371   -0.5915
...   109 C-G ...
  -86.5960   43.2471   52.3904
   -0.6474    0.0647   -0.7594
    0.0948    0.9955    0.0040
    0.7562   -0.0694   -0.6506
...   110 G-C ...
  -84.0844   43.4045   50.1251
   -0.5396    0.6343   -0.5537
    0.4810    0.7720    0.4156
    0.6910   -0.0421   -0.7216
...   111 G-C ...
  -81.9836   43.1630   47.4610
   -0.2238    0.9595   -0.1712
    0.7149    0.2810    0.6403
    0.6624    0.0209   -0.7488
...   112 C-G ...
  -80.1137   43.2536   44.6875
    0.1909    0.9499    0.2476
    0.7214   -0.3068    0.6208
    0.6657    0.0601   -0.7438
...   113 T-A ...
  -78.0754   43.7023   42.0835
    0.5168    0.6214    0.5889
    0.5107   -0.7759    0.3704
    0.6871    0.1093   -0.7183
...   114 C-G ...
  -75.8117   44.1457   39.7281
    0.6966    0.0227    0.7171
    0.0998   -0.9928   -0.0655
    0.7105    0.1172   -0.6939
...   115 G-C ...
  -73.3442   44.0965   37.4043
    0.5456   -0.5645    0.6194
   -0.2939   -0.8210   -0.4895
    0.7849    0.0850   -0.6138
...   116 T-A ...
  -70.4752   44.7040   35.8414
    0.2774   -0.9203    0.2760
   -0.5345   -0.3865   -0.7516
    0.7984    0.0610   -0.5991
...   117 A-T ...
  -68.0212   44.8172   33.5002
   -0.1359   -0.9544   -0.2658
   -0.5792    0.2942   -0.7603
    0.8038    0.0506   -0.5927
...   118 T-A ...
  -65.0653   44.5965   32.0305
   -0.4108   -0.6608   -0.6282
   -0.4227    0.7485   -0.5109
    0.8078    0.0557   -0.5868
...   119 A-T ...
  -62.4517   45.1718   29.9321
   -0.5730   -0.0138   -0.8195
   -0.0569    0.9981    0.0230
    0.8176    0.0598   -0.5727
...   120 A-T ...
  -59.8164   45.0987   28.0116
   -0.4779    0.5795   -0.6602
    0.2831    0.8131    0.5087
    0.8315    0.0562   -0.5526
...   121 T-A ...
  -57.3885   44.8357   25.7772
   -0.2563    0.9183   -0.3016
    0.4849    0.3920    0.7818
    0.8362    0.0542   -0.5458
...   122 G-C ...
  -54.4962   45.1774   24.1106
   -0.0038    0.9637    0.2671
    0.5569   -0.2198    0.8010
    0.8306    0.1517   -0.5358
...   123 T-A ...
  -52.1190   45.9918   21.9369
    0.2622    0.6889    0.6758
    0.4723   -0.7023    0.5326
    0.8415    0.1796   -0.5095
...   124 G-C ...
  -49.1437   46.5014   20.4647
    0.3920    0.1284    0.9110
    0.2596   -0.9654    0.0244
    0.8826    0.2270   -0.4118
...   125 T-A ...
  -46.3302   47.8307   19.3402
    0.4345   -0.4177    0.7980
    0.0217   -0.8809   -0.4728
    0.9004    0.2227   -0.3736
...   126 C-G ...
  -43.2979   48.5277   18.2735
    0.3316   -0.8705    0.3638
   -0.2189   -0.4460   -0.8678
    0.9177    0.2081   -0.3384
...   127 G-C ...
  -40.2560   48.8526   16.8061
    0.0668   -0.9809   -0.1828
   -0.3139    0.1533   -0.9370
    0.9471    0.1200   -0.2977
...   128 A-T ...
  -37.0861   49.1266   15.8828
   -0.1431   -0.6821   -0.7171
   -0.2745    0.7235   -0.6334
    0.9509    0.1062   -0.2908
...   129 C-G ...
  -33.8143   48.8750   15.1475
   -0.2722   -0.1763   -0.9460
   -0.1466    0.9792   -0.1403
    0.9510    0.1005   -0.2924
...   130 C-G ...
  -30.5924   48.9289   14.0467
   -0.3624    0.4038   -0.8400
    0.0393    0.9071    0.4191
    0.9312    0.1189   -0.3446
...   131 A-T ...
  -27.4364   49.5110   13.0792
   -0.3427    0.8520   -0.3958
    0.2471    0.4882    0.8370
    0.9063    0.1891   -0.3779
...   132 A-T ...
  -24.5688   50.0563   11.6482
   -0.1424    0.9752    0.1695
    0.3871   -0.1028    0.9163
    0.9110    0.1961   -0.3629
...   133 A-T ...
  -21.7069   50.7888   10.3127
    0.0800    0.7304    0.6783
    0.3972   -0.6475    0.6504
    0.9142    0.2174   -0.3419
...   134 T-A ...
  -19.0083   52.0401    8.9385
    0.2450    0.2904    0.9250
    0.3072   -0.9282    0.2101
    0.9196    0.2327   -0.3167
...   135 G-C ...
  -16.4569   53.8979    7.5291
    0.5336   -0.3334    0.7773
    0.0348   -0.9096   -0.4140
    0.8450    0.2479   -0.4738
...   136 T-A ...
  -14.1681   56.5697    6.1950
    0.5795   -0.7269    0.3684
   -0.3140   -0.6163   -0.7222
    0.7521    0.3028   -0.5854
...   137 G-C ...
  -11.6469   58.0145    4.7337
    0.2454   -0.9541   -0.1717
   -0.6318   -0.0231   -0.7748
    0.7352    0.2986   -0.6085
...   138 A-T ...
   -8.6698   58.7288    3.6171
   -0.0344   -0.7815   -0.6230
   -0.6534    0.4892   -0.5777
    0.7562    0.3872   -0.5274
...   139 G-C ...
   -6.3211   59.0878    1.6441
   -0.2967   -0.3277   -0.8970
   -0.5657    0.8170   -0.1114
    0.7694    0.4744   -0.4278
...   140 C-G ...
   -3.4296   60.2436    1.0436
   -0.4424    0.2288   -0.8671
   -0.1682    0.9286    0.3309
    0.8809    0.2922   -0.3723
...   141 G-C ...
   -0.6893   63.9062   -2.2355
   -0.9992    0.0156   -0.0375
   -0.0024    0.8991    0.4378
    0.0405    0.4375   -0.8983
...   142 C-G ...
   -0.9980   65.6136   -4.9248
   -0.8337    0.5217    0.1810
    0.5169    0.6220    0.5881
    0.1942    0.5839   -0.7882
...   143 T-A ...
   -0.1244   66.2249   -7.8041
   -0.3751    0.8568    0.3538
    0.8856    0.2185    0.4098
    0.2739    0.4670   -0.8408
...   144 C-G ...
   -0.1580   67.4196  -10.7921
    0.1799    0.8792    0.4411
    0.9276   -0.3009    0.2214
    0.3274    0.3694   -0.8697
...   145 A-T ...
    0.5352   69.2486  -13.4513
    0.7352    0.4961    0.4620
    0.6117   -0.7791   -0.1369
    0.2921    0.3832   -0.8763
...   146 C-G ...
    1.4421   72.1063  -15.5858
    0.9808    0.0622    0.1849
    0.1266   -0.9240   -0.3608
    0.1484    0.3773   -0.9141
...   147 A-T ...
    2.3150   74.2409  -18.3713
    0.8657   -0.4292   -0.2574
   -0.4984   -0.7868   -0.3642
   -0.0462    0.4436   -0.8950
