  147 base-pairs
...     1 A-T ...
    0.0000    0.0000    0.0000
    1.0000    0.0000    0.0000
    0.0000    1.0000    0.0000
    0.0000    0.0000    1.0000
...     2 G-C ...
   -0.1394   -1.2357    3.2268
    0.7529    0.6366    0.1670
   -0.6386    0.7680   -0.0486
   -0.1592   -0.0700    0.9848
...     3 T-A ...
   -0.0365   -3.2932    6.3751
    0.2722    0.9301    0.2466
   -0.9238    0.3243   -0.2033
   -0.2691   -0.1725    0.9475
...     4 G-C ...
   -0.3505   -4.1660    9.4928
   -0.3756    0.9250    0.0579
   -0.8781   -0.3352   -0.3415
   -0.2965   -0.1791    0.9381
...     5 A-T ...
   -0.4462   -4.1476   12.7498
   -0.8116    0.5840   -0.0165
   -0.5523   -0.7762   -0.3042
   -0.1905   -0.2378    0.9524
...     6 G-C ...
   -1.5908   -4.1730   15.6201
   -0.9976    0.0246   -0.0651
   -0.0043   -0.9555   -0.2950
   -0.0695   -0.2940    0.9533
...     7 C-G ...
   -1.1030   -4.4824   18.7362
   -0.8441   -0.5304   -0.0787
    0.5345   -0.8441   -0.0432
   -0.0435   -0.0785    0.9960
...     8 G-C ...
   -2.4028   -7.7290   23.1475
   -0.2754   -0.3293   -0.9032
    0.6650   -0.7437    0.0684
   -0.6942   -0.5818    0.4238
...     9 C-G ...
   -4.4690   -9.9728   24.1132
    0.1145   -0.7025   -0.7024
    0.8512   -0.2952    0.4340
   -0.5122   -0.6476    0.5642
...    10 T-A ...
   -6.7405  -10.8752   25.9697
    0.4841   -0.8363   -0.2574
    0.6595    0.1553    0.7355
   -0.5751   -0.5258    0.6267
...    11 C-G ...
   -9.1656  -12.6208   27.1640
    0.7073   -0.6682    0.2307
    0.3448    0.6110    0.7126
   -0.6171   -0.4245    0.6626
...    12 A-T ...
  -10.9234  -14.6633   29.0693
    0.7515   -0.1377    0.6452
   -0.2029    0.8824    0.4246
   -0.6277   -0.4500    0.6352
...    13 C-G ...
  -11.8476  -17.4863   31.2451
    0.4295    0.2823    0.8578
   -0.5708    0.8209    0.0156
   -0.6998   -0.4963    0.5137
...    14 A-T ...
  -13.5897  -19.7827   33.4259
   -0.1504    0.6104    0.7777
   -0.6874    0.5008   -0.5260
   -0.7106   -0.6136    0.3443
...    15 A-T ...
  -15.7282  -21.9064   34.6813
   -0.5540    0.7703    0.3158
   -0.4453    0.0462   -0.8942
   -0.7034   -0.6360    0.3174
...    16 T-A ...
  -17.7990  -23.8881   36.3327
   -0.7094    0.6756   -0.2008
   -0.0800   -0.3603   -0.9294
   -0.7002   -0.6433    0.3097
...    17 T-A ...
  -20.0757  -25.8880   37.5162
   -0.6170    0.3303   -0.7143
    0.3637   -0.6852   -0.6311
   -0.6979   -0.6492    0.3026
...    18 T-A ...
  -22.4480  -27.8444   38.5702
   -0.2761   -0.1343   -0.9517
    0.6596   -0.7467   -0.0860
   -0.6991   -0.6515    0.2948
...    19 A-T ...
  -24.5414  -30.3343   39.5552
    0.2342   -0.5645   -0.7915
    0.6715   -0.4947    0.5516
   -0.7030   -0.6607    0.2632
...    20 T-A ...
  -27.1987  -32.2718   39.8754
    0.5514   -0.7403   -0.3845
    0.4457   -0.1281    0.8860
   -0.7051   -0.6599    0.2594
...    21 T-A ...
  -29.5652  -34.4362   40.4642
    0.6961   -0.6822    0.2238
    0.0284    0.3376    0.9409
   -0.7174   -0.6485    0.2543
...    22 C-G ...
  -31.8697  -36.6881   41.2424
    0.5756   -0.3219    0.7517
   -0.4127    0.6792    0.6069
   -0.7059   -0.6596    0.2581
...    23 G-C ...
  -34.4339  -38.6321   42.3417
    0.2792    0.1974    0.9397
   -0.6878    0.7240    0.0523
   -0.6701   -0.6610    0.3379
...    24 C-G ...
  -36.3525  -41.1090   43.5447
   -0.1361    0.5991    0.7890
   -0.7252    0.4823   -0.4913
   -0.6749   -0.6391    0.3689
...    25 A-T ...
  -38.8204  -43.1570   44.5702
   -0.4815    0.8230    0.3013
   -0.5095    0.0169   -0.8603
   -0.7131   -0.5678    0.4111
...    26 A-T ...
  -41.0649  -44.9485   46.0924
   -0.6855    0.6770   -0.2679
   -0.1254   -0.4723   -0.8725
   -0.7172   -0.5645    0.4086
...    27 A-T ...
  -43.4307  -46.6253   47.5588
   -0.6230    0.2702   -0.7341
    0.3001   -0.7841   -0.5433
   -0.7224   -0.5588    0.4074
...    28 G-C ...
  -46.0268  -48.2370   48.9010
   -0.3071   -0.1777   -0.9349
    0.5790   -0.8146   -0.0354
   -0.7553   -0.5522    0.3531
...    29 G-C ...
  -48.7899  -49.9915   49.7984
    0.1299   -0.5726   -0.8095
    0.6224   -0.5884    0.5161
   -0.7718   -0.5709    0.2800
...    30 C-G ...
  -51.5634  -51.8136   50.3224
    0.4824   -0.7907   -0.3770
    0.4228   -0.1668    0.8907
   -0.7672   -0.5890    0.2539
...    31 C-G ...
  -54.1478  -53.9633   50.8793
    0.6811   -0.7078    0.1877
    0.0534    0.3037    0.9513
   -0.7303   -0.6378    0.2446
...    32 G-C ...
  -56.6309  -55.9475   52.0855
    0.6416   -0.3351    0.6900
   -0.3654    0.6573    0.6591
   -0.6744   -0.6750    0.2993
...    33 G-C ...
  -58.7881  -58.4311   52.9683
    0.3732    0.1524    0.9151
   -0.6648    0.7319    0.1493
   -0.6471   -0.6641    0.3745
...    34 C-G ...
  -60.6166  -60.9306   54.2326
   -0.0305    0.5737    0.8185
   -0.7578    0.5207   -0.3933
   -0.6518   -0.6322    0.4189
...    35 C-G ...
  -62.6250  -63.1228   55.8580
   -0.3808    0.8286    0.4105
   -0.6221    0.0989   -0.7766
   -0.6841   -0.5511    0.4778
...    36 C-G ...
  -64.8729  -64.8099   57.7309
   -0.5914    0.7931   -0.1455
   -0.3256   -0.4000   -0.8567
   -0.7377   -0.4593    0.4948
...    37 G-C ...
  -67.6161  -66.3732   58.9937
   -0.5792    0.4644   -0.6700
    0.0258   -0.8110   -0.5845
   -0.8148   -0.3558    0.4578
...    38 A-T ...
  -70.4137  -67.4233   60.4088
   -0.4227   -0.1201   -0.8983
    0.3468   -0.9372   -0.0380
   -0.8373   -0.3276    0.4378
...    39 C-G ...
  -73.4954  -67.9561   61.6179
   -0.1566   -0.6124   -0.7749
    0.5016   -0.7252    0.4718
   -0.8508   -0.3148    0.4207
...    40 A-T ...
  -76.1515  -69.2798   63.1843
    0.2168   -0.9155   -0.3390
    0.4688   -0.2069    0.8587
   -0.8563   -0.3451    0.3843
...    41 C-G ...
  -79.2345  -70.4862   63.8567
    0.4358   -0.8785    0.1957
    0.2706    0.3353    0.9024
   -0.8584   -0.3403    0.3839
...    42 G-C ...
  -82.0804  -71.3286   65.5116
    0.5719   -0.4807    0.6647
   -0.0312    0.7970    0.6032
   -0.8198   -0.3656    0.4408
...    43 A-T ...
  -84.8478  -72.5632   66.8360
    0.4580    0.1164    0.8813
   -0.3548    0.9329    0.0612
   -0.8151   -0.3407    0.4686
...    44 C-G ...
  -87.2330  -74.2164   68.4462
    0.2300    0.6178    0.7520
   -0.5414    0.7233   -0.4286
   -0.8087   -0.3086    0.5008
...    45 T-A ...
  -89.7302  -75.3055   70.3527
   -0.0239    0.9378    0.3462
   -0.5931    0.2655   -0.7601
   -0.8048   -0.2235    0.5499
...    46 T-A ...
  -92.2418  -75.9690   72.2779
   -0.3214    0.9289   -0.1838
   -0.4830   -0.3277   -0.8120
   -0.8145   -0.1722    0.5540
...    47 A-T ...
  -95.1241  -76.4471   73.9421
   -0.4718    0.5486   -0.6903
   -0.2339   -0.8327   -0.5018
   -0.8501   -0.0753    0.5212
...    48 C-G ...
  -97.8873  -76.0090   75.7405
   -0.5011    0.0096   -0.8653
    0.0259   -0.9993   -0.0261
   -0.8650   -0.0355    0.5006
...    49 T-A ...
 -100.9098  -75.8297   77.1607
   -0.3781   -0.5519   -0.7432
    0.2538   -0.8339    0.4901
   -0.8903   -0.0033    0.4554
...    50 G-C ...
 -103.7902  -76.2458   78.8371
   -0.1242   -0.9510   -0.2832
    0.4010   -0.3092    0.8623
   -0.9076   -0.0065    0.4198
...    51 T-A ...
 -107.0845  -76.2534   79.6514
    0.1054   -0.9613    0.2544
    0.4103    0.2751    0.8695
   -0.9058    0.0127    0.4234
...    52 A-T ...
 -109.9288  -75.4835   81.5218
    0.2725   -0.4814    0.8331
    0.2797    0.8681    0.4101
   -0.9206    0.1212    0.3712
...    53 G-C ...
 -113.0623  -75.3069   82.7001
    0.4354    0.0825    0.8964
    0.1087    0.9837   -0.1434
   -0.8937    0.1599    0.4193
...    54 G-C ...
 -116.1589  -74.9891   84.0697
    0.5153    0.6037    0.6083
   -0.1366    0.7586   -0.6371
   -0.8461    0.2452    0.4733
...    55 T-A ...
 -118.7074  -74.4868   86.0985
    0.4191    0.8974    0.1378
   -0.3885    0.3144   -0.8661
   -0.8206    0.3095    0.4804
...    56 A-T ...
 -121.3439  -73.2102   87.7291
    0.2463    0.8483   -0.4687
   -0.5996   -0.2466   -0.7614
   -0.7615    0.4685    0.4479
...    57 T-A ...
 -123.3421  -71.3448   89.5145
   -0.0673    0.5830   -0.8097
   -0.6580   -0.6360   -0.4032
   -0.7500    0.5056    0.4264
...    58 C-G ...
 -125.8001  -69.4875   90.6595
   -0.4234    0.0610   -0.9039
   -0.5267   -0.8284    0.1908
   -0.7371    0.5568    0.3829
...    59 T-A ...
 -128.2099  -67.3641   91.5857
   -0.6247   -0.4309   -0.6512
   -0.2486   -0.6809    0.6889
   -0.7402    0.5923    0.3182
...    60 C-G ...
 -130.7724  -65.4223   92.4435
   -0.6652   -0.7435   -0.0685
    0.1772   -0.2463    0.9529
   -0.7254    0.6217    0.2956
...    61 G-C ...
 -133.0623  -63.3917   93.9300
   -0.4107   -0.7446    0.5262
    0.5366    0.2692    0.7997
   -0.7371    0.6108    0.2890
...    62 A-T ...
 -135.5200  -61.2770   94.7042
    0.0036   -0.3981    0.9173
    0.7002    0.6559    0.2819
   -0.7139    0.6413    0.2811
...    63 G-C ...
 -138.0709  -59.2866   95.5826
    0.4315    0.0102    0.9021
    0.6054    0.7381   -0.2979
   -0.6688    0.6747    0.3123
...    64 C-G ...
 -140.5674  -57.3445   96.6851
    0.7395    0.3802    0.5555
    0.2775    0.5796   -0.7662
   -0.6133    0.7207    0.3231
...    65 T-A ...
 -142.5214  -55.0100   98.0116
    0.8338    0.5519    0.0128
   -0.1706    0.2797   -0.9448
   -0.5250    0.7856    0.3274
...    66 C-G ...
 -144.1369  -52.3799   99.0858
    0.6156    0.5353   -0.5783
   -0.6418   -0.0852   -0.7621
   -0.4573    0.8403    0.2911
...    67 G-C ...
 -145.6513  -49.3778   99.5662
    0.2150    0.2475   -0.9447
   -0.9134   -0.2915   -0.2842
   -0.3457    0.9240    0.1634
...    68 G-C ...
 -146.4439  -46.0737   99.5921
   -0.3019   -0.0474   -0.9521
   -0.9053   -0.2987    0.3020
   -0.2988    0.9532    0.0473
...    69 G-C ...
 -147.3984  -42.8279   99.1091
   -0.7476   -0.2644   -0.6092
   -0.5957   -0.1388    0.7912
   -0.2938    0.9544   -0.0537
...    70 A-T ...
 -148.4451  -39.6790   98.7200
   -0.9629   -0.2690    0.0213
   -0.0027    0.0888    0.9960
   -0.2698    0.9590   -0.0862
...    71 T-A ...
 -149.4398  -36.6378   97.7300
   -0.8247   -0.1243    0.5518
    0.5212    0.2119    0.8267
   -0.2196    0.9694   -0.1099
...    72 C-G ...
 -150.1744  -33.4163   97.2219
   -0.3146    0.0647    0.9470
    0.9305    0.2182    0.2942
   -0.1876    0.9738   -0.1288
...    73 C-G ...
 -150.9868  -30.1602   96.5898
    0.2933    0.1244    0.9479
    0.9455    0.1091   -0.3069
   -0.1416    0.9862   -0.0856
...    74 G-C ...
 -151.1181  -26.8382   95.7955
    0.8025    0.0452    0.5949
    0.5964   -0.0340   -0.8020
   -0.0161    0.9984   -0.0542
...    75 C-G ...
 -151.3843  -23.5269   95.9645
    0.9971   -0.0576    0.0503
    0.0461   -0.0721   -0.9963
    0.0610    0.9957   -0.0692
...    76 T-A ...
 -150.9332  -20.2459   95.9551
    0.8506   -0.1993   -0.4865
   -0.4979   -0.0083   -0.8672
    0.1688    0.9799   -0.1063
...    77 T-A ...
 -150.1808  -17.1235   95.6375
    0.3996   -0.2303   -0.8873
   -0.8908    0.1307   -0.4351
    0.2162    0.9643   -0.1529
...    78 T-A ...
 -149.2461  -14.0786   95.0634
   -0.1974   -0.1449   -0.9695
   -0.9502    0.2717    0.1528
    0.2413    0.9514   -0.1914
...    79 A-T ...
 -148.7112  -10.8129   94.3453
   -0.7609    0.0493   -0.6470
   -0.5937    0.3495    0.7248
    0.2618    0.9356   -0.2367
...    80 A-T ...
 -147.7404   -7.8783   93.2805
   -0.9496    0.2984   -0.0955
   -0.0160    0.2582    0.9660
    0.3129    0.9188   -0.2404
...    81 C-G ...
 -146.8635   -4.9450   91.8293
   -0.7939    0.4093    0.4497
    0.5149    0.0591    0.8552
    0.3234    0.9105   -0.2577
...    82 A-T ...
 -145.4184   -1.9946   91.2018
   -0.3132    0.3380    0.8875
    0.8928   -0.2137    0.3964
    0.3237    0.9166   -0.2348
...    83 C-G ...
 -144.9052    1.1891   90.2597
    0.2278    0.1617    0.9602
    0.9114   -0.3825   -0.1519
    0.3427    0.9097   -0.2345
...    84 T-A ...
 -143.9370    4.3159   89.6071
    0.6713   -0.1298    0.7298
    0.6273   -0.4250   -0.6526
    0.3949    0.8958   -0.2038
...    85 T-A ...
 -142.7380    7.2796   89.0743
    0.8981   -0.3806    0.2203
    0.1130   -0.2844   -0.9520
    0.4250    0.8799   -0.2124
...    86 T-A ...
 -141.2871   10.1185   88.5398
    0.7765   -0.5197   -0.3563
   -0.4231   -0.0110   -0.9060
    0.4669    0.8543   -0.2285
...    87 A-T ...
 -139.5213   12.8133   87.6204
    0.3130   -0.5370   -0.7834
   -0.7719    0.3367   -0.5392
    0.5533    0.7735   -0.3091
...    88 T-A ...
 -137.1711   14.9382   86.7692
   -0.1402   -0.3050   -0.9420
   -0.8129    0.5786   -0.0664
    0.5653    0.7564   -0.3290
...    89 G-C ...
 -135.5278   17.5080   85.3518
   -0.6415    0.0340   -0.7664
   -0.5353    0.6958    0.4789
    0.5496    0.7174   -0.4282
...    90 C-G ...
 -133.6955   19.6165   83.4826
   -0.8430    0.4088   -0.3496
   -0.0563    0.5793    0.8131
    0.5349    0.7052   -0.4654
...    91 T-A ...
 -132.0474   21.8508   81.5948
   -0.7389    0.6506    0.1754
    0.4411    0.2702    0.8558
    0.5094    0.7097   -0.4866
...    92 T-A ...
 -130.5025   24.0515   79.7289
   -0.2943    0.7192    0.6294
    0.7877   -0.1905    0.5859
    0.5412    0.6682   -0.5105
...    93 C-G ...
 -128.7578   26.2435   77.9441
    0.2518    0.4426    0.8606
    0.7917   -0.6056    0.0799
    0.5566    0.6613   -0.5029
...    94 C-G ...
 -127.0463   28.6139   76.2232
    0.6107   -0.0323    0.7912
    0.5039   -0.7549   -0.4198
    0.6109    0.6550   -0.4447
...    95 G-C ...
 -124.8290   30.4656   74.4338
    0.7070   -0.5412    0.4552
    0.0568   -0.5981   -0.7994
    0.7049    0.5910   -0.3921
...    96 G-C ...
 -122.3410   32.4674   73.3500
    0.5403   -0.8410   -0.0284
   -0.3363   -0.1849   -0.9234
    0.7713    0.5085   -0.3828
...    97 C-G ...
 -119.5176   33.9764   72.4613
    0.2139   -0.8312   -0.5132
   -0.5633    0.3243   -0.7600
    0.7981    0.4516   -0.3988
...    98 T-A ...
 -116.6608   35.1200   71.1915
   -0.1860   -0.5504   -0.8139
   -0.5542    0.7428   -0.3757
    0.8114    0.3812   -0.4432
...    99 C-G ...
 -113.9937   36.1973   69.5820
   -0.5052   -0.0007   -0.8630
   -0.3048    0.9357    0.1777
    0.8074    0.3528   -0.4729
...   100 G-C ...
 -111.4877   37.7417   67.8974
   -0.6510    0.5170   -0.5558
    0.0920    0.7806    0.6183
    0.7535    0.3513   -0.5557
...   101 T-A ...
 -109.2008   38.5183   65.5634
   -0.5021    0.8562   -0.1217
    0.4375    0.3729    0.8183
    0.7460    0.3576   -0.5618
...   102 A-T ...
 -106.3261   39.6365   64.0765
   -0.0518    0.9002    0.4323
    0.6473   -0.2993    0.7010
    0.7605    0.3161   -0.5672
...   103 T-A ...
 -104.2972   40.9800   61.8271
    0.3050    0.6126    0.7292
    0.5718   -0.7301    0.3742
    0.7616    0.3028   -0.5730
...   104 A-T ...
 -101.5429   41.5068   59.8835
    0.6044   -0.0137    0.7966
    0.2238   -0.9567   -0.1863
    0.7646    0.2908   -0.5751
...   105 T-A ...
  -99.1108   43.0543   58.2822
    0.6292   -0.5117    0.5851
   -0.1265   -0.8101   -0.5725
    0.7669    0.2862   -0.5745
...   106 C-G ...
  -96.5196   43.9781   56.4651
    0.3951   -0.9082    0.1382
   -0.4740   -0.3303   -0.8162
    0.7869    0.2570   -0.5610
...   107 A-T ...
  -94.0011   44.6748   54.3483
   -0.0370   -0.9461   -0.3217
   -0.5886    0.2809   -0.7581
    0.8076    0.1613   -0.5673
...   108 T-A ...
  -91.0167   44.8115   52.9386
   -0.3381   -0.6602   -0.6708
   -0.4801    0.7340   -0.4804
    0.8094    0.1596   -0.5651
...   109 G-C ...
  -88.5058   45.4443   50.7955
   -0.6189   -0.1012   -0.7790
   -0.1554    0.9878   -0.0049
    0.7700    0.1180   -0.6271
...   110 T-A ...
  -86.0309   45.2057   48.5481
   -0.6181    0.4521   -0.6431
    0.2103    0.8833    0.4189
    0.7574    0.1237   -0.6411
...   111 T-A ...
  -83.6424   45.3831   46.3339
   -0.3592    0.8902   -0.2802
    0.5299    0.4417    0.7240
    0.7682    0.1116   -0.6304
...   112 A-T ...
  -80.8019   45.7556   44.5033
    0.0650    0.9634    0.2601
    0.6328   -0.2413    0.7357
    0.7715    0.1168   -0.6254
...   113 T-A ...
  -78.7115   46.4419   42.0396
    0.3846    0.6955    0.6069
    0.5040   -0.7091    0.4932
    0.7733    0.1162   -0.6233
...   114 A-T ...
  -75.9661   46.4805   40.0426
    0.5973    0.0758    0.7984
    0.1462   -0.9891   -0.0155
    0.7886    0.1260   -0.6019
...   115 A-T ...
  -73.3866   47.1009   38.1622
    0.5683   -0.5226    0.6356
   -0.2310   -0.8427   -0.4863
    0.7898    0.1295   -0.5996
...   116 C-G ...
  -70.5294   47.9052   36.6457
    0.3325   -0.8999    0.2823
   -0.4888   -0.4204   -0.7644
    0.8066    0.1161   -0.5796
...   117 G-C ...
  -68.0043   47.9876   34.3660
   -0.0854   -0.9811   -0.1735
   -0.5528    0.1916   -0.8110
    0.8289    0.0267   -0.5587
...   118 G-C ...
  -65.1018   47.7861   32.6087
   -0.4361   -0.6957   -0.5708
   -0.3840    0.7175   -0.5811
    0.8138   -0.0343   -0.5801
...   119 A-T ...
  -62.3880   47.5758   30.7152
   -0.5889   -0.1071   -0.8010
   -0.0333    0.9935   -0.1084
    0.8075   -0.0372   -0.5887
...   120 A-T ...
  -59.7833   47.1972   28.7848
   -0.4746    0.5055   -0.7206
    0.3121    0.8621    0.3992
    0.8230   -0.0355   -0.5669
...   121 T-A ...
  -57.3988   46.5997   26.5668
   -0.2381    0.8824   -0.4059
    0.5081    0.4693    0.7222
    0.8277   -0.0343   -0.5601
...   122 G-C ...
  -54.5154   46.6639   24.8310
    0.0252    0.9872    0.1572
    0.5648   -0.1438    0.8126
    0.8249    0.0683   -0.5612
...   123 T-A ...
  -52.1534   47.1778   22.5489
    0.2910    0.7488    0.5954
    0.4633   -0.6548    0.5971
    0.8371    0.1021   -0.5375
...   124 G-C ...
  -49.1750   47.4440   20.9979
    0.4119    0.2049    0.8879
    0.2355   -0.9652    0.1134
    0.8803    0.1624   -0.4458
...   125 T-A ...
  -46.3418   48.5856   19.7120
    0.4396   -0.3568    0.8243
   -0.0099   -0.9196   -0.3928
    0.8981    0.1645   -0.4078
...   126 C-G ...
  -43.3037   49.0961   18.5348
    0.3197   -0.8470    0.4246
   -0.2479   -0.5073   -0.8253
    0.9145    0.1586   -0.3722
...   127 G-C ...
  -40.2836   49.2259   16.9575
    0.0472   -0.9915   -0.1215
   -0.3305    0.0993   -0.9386
    0.9426    0.0845   -0.3230
...   128 A-T ...
  -37.1196   49.3997   15.9516
   -0.1637   -0.7155   -0.6792
   -0.2764    0.6942   -0.6646
    0.9470    0.0790   -0.3114
...   129 C-G ...
  -33.8500   49.0782   15.1784
   -0.2866   -0.2113   -0.9345
   -0.1381    0.9743   -0.1779
    0.9480    0.0780   -0.3084
...   130 C-G ...
  -30.6239   49.0720   14.0659
   -0.3664    0.3819   -0.8485
    0.0513    0.9188    0.3913
    0.9291    0.0998   -0.3562
...   131 A-T ...
  -27.4520   49.6073   13.0899
   -0.3366    0.8475   -0.4104
    0.2557    0.5017    0.8264
    0.9063    0.1733   -0.3856
...   132 A-T ...
  -24.5777   50.1029   11.6532
   -0.1353    0.9781    0.1583
    0.3903   -0.0942    0.9158
    0.9107    0.1857   -0.3690
...   133 A-T ...
  -21.7081   50.7999   10.3162
    0.0828    0.7336    0.6745
    0.3972   -0.6450    0.6528
    0.9140    0.2139   -0.3448
...   134 T-A ...
  -19.0083   52.0402    8.9384
    0.2450    0.2904    0.9250
    0.3072   -0.9282    0.2101
    0.9196    0.2327   -0.3166
...   135 G-C ...
  -16.4569   53.8980    7.5291
    0.5336   -0.3334    0.7773
    0.0348   -0.9096   -0.4140
    0.8450    0.2479   -0.4738
...   136 T-A ...
  -14.1680   56.5698    6.1949
    0.5795   -0.7269    0.3684
   -0.3140   -0.6163   -0.7222
    0.7521    0.3028   -0.5854
...   137 G-C ...
  -11.6468   58.0147    4.7337
    0.2454   -0.9541   -0.1717
   -0.6318   -0.0231   -0.7748
    0.7352    0.2986   -0.6085
...   138 A-T ...
   -8.6698   58.7289    3.6171
   -0.0344   -0.7815   -0.6230
   -0.6534    0.4892   -0.5777
    0.7562    0.3872   -0.5274
...   139 G-C ...
   -6.3211   59.0879    1.6441
   -0.2967   -0.3277   -0.8970
   -0.5657    0.8170   -0.1114
    0.7694    0.4744   -0.4278
...   140 C-G ...
   -3.4296   60.2437    1.0435
   -0.4424    0.2288   -0.8671
   -0.1682    0.9286    0.3309
    0.8809    0.2922   -0.3723
...   141 G-C ...
   -0.6893   63.9063   -2.2356
   -0.9992    0.0156   -0.0375
   -0.0024    0.8991    0.4378
    0.0405    0.4375   -0.8983
...   142 C-G ...
   -0.9979   65.6137   -4.9249
   -0.8337    0.5217    0.1810
    0.5169    0.6220    0.5881
    0.1942    0.5839   -0.7882
...   143 T-A ...
   -0.1244   66.2250   -7.8041
   -0.3751    0.8568    0.3538
    0.8856    0.2185    0.4098
    0.2739    0.4670   -0.8408
...   144 C-G ...
   -0.1580   67.4197  -10.7921
    0.1799    0.8792    0.4411
    0.9276   -0.3009    0.2214
    0.3274    0.3694   -0.8697
...   145 A-T ...
    0.5353   69.2487  -13.4513
    0.7352    0.4961    0.4620
    0.6117   -0.7791   -0.1369
    0.2921    0.3832   -0.8763
...   146 C-G ...
    1.4421   72.1064  -15.5858
    0.9808    0.0622    0.1849
    0.1266   -0.9240   -0.3608
    0.1484    0.3773   -0.9141
...   147 A-T ...
    2.3151   74.2410  -18.3714
    0.8657   -0.4292   -0.2574
   -0.4984   -0.7868   -0.3642
   -0.0462    0.4436   -0.8950
