  147 base-pairs
...     1 A-T ...
    0.0000    0.0000    0.0000
    1.0000    0.0000    0.0000
    0.0000    1.0000    0.0000
    0.0000    0.0000    1.0000
...     2 G-C ...
   -0.1394   -1.2357    3.2268
    0.7529    0.6366    0.1670
   -0.6386    0.7680   -0.0486
   -0.1592   -0.0700    0.9848
...     3 T-A ...
   -0.0365   -3.2932    6.3751
    0.2722    0.9301    0.2466
   -0.9238    0.3243   -0.2033
   -0.2691   -0.1725    0.9475
...     4 G-C ...
   -0.3505   -4.1660    9.4928
   -0.3756    0.9250    0.0579
   -0.8781   -0.3352   -0.3415
   -0.2965   -0.1791    0.9381
...     5 A-T ...
   -0.4462   -4.1476   12.7498
   -0.8116    0.5840   -0.0165
   -0.5523   -0.7762   -0.3042
   -0.1905   -0.2378    0.9524
...     6 G-C ...
   -1.5908   -4.1730   15.6201
   -0.9976    0.0246   -0.0651
   -0.0043   -0.9555   -0.2950
   -0.0695   -0.2940    0.9533
...     7 C-G ...
   -1.1030   -4.4824   18.7362
   -0.8441   -0.5304   -0.0787
    0.5345   -0.8441   -0.0432
   -0.0435   -0.0785    0.9960
...     8 G-C ...
   -2.4028   -7.7290   23.1475
   -0.2754   -0.3293   -0.9032
    0.6650   -0.7437    0.0684
   -0.6942   -0.5818    0.4238
...     9 C-G ...
   -4.4690   -9.9728   24.1132
    0.1145   -0.7025   -0.7024
    0.8512   -0.2952    0.4340
   -0.5122   -0.6476    0.5642
...    10 T-A ...
   -6.7405  -10.8752   25.9697
    0.4841   -0.8363   -0.2574
    0.6595    0.1553    0.7355
   -0.5751   -0.5258    0.6267
...    11 C-G ...
   -9.1656  -12.6208   27.1640
    0.7073   -0.6682    0.2307
    0.3448    0.6110    0.7126
   -0.6171   -0.4245    0.6626
...    12 A-T ...
  -10.9234  -14.6633   29.0693
    0.7515   -0.1377    0.6452
   -0.2029    0.8824    0.4246
   -0.6277   -0.4500    0.6352
...    13 C-G ...
  -11.8476  -17.4863   31.2451
    0.4295    0.2823    0.8578
   -0.5708    0.8209    0.0156
   -0.6998   -0.4963    0.5137
...    14 A-T ...
  -13.5897  -19.7827   33.4259
   -0.1504    0.6104    0.7777
   -0.6874    0.5008   -0.5260
   -0.7106   -0.6136    0.3443
...    15 A-T ...
  -15.8282  -21.8393   34.5654
   -0.5277    0.7928    0.3050
   -0.4487    0.0448   -0.8926
   -0.7213   -0.6079    0.3321
...    16 T-A ...
  -17.9617  -23.7926   36.3456
   -0.7160    0.6596   -0.2288
   -0.0664   -0.3906   -0.9182
   -0.6950   -0.6422    0.3234
...    17 T-A ...
  -20.2436  -25.7215   37.7197
   -0.6356    0.2716   -0.7227
    0.3882   -0.6967   -0.6033
   -0.6673   -0.6640    0.3373
...    18 T-A ...
  -22.5322  -27.7664   38.8474
   -0.2758   -0.1735   -0.9454
    0.6847   -0.7258   -0.0666
   -0.6746   -0.6657    0.3189
...    19 A-T ...
  -24.5889  -30.2910   39.9603
    0.2434   -0.6072   -0.7563
    0.6936   -0.4361    0.5734
   -0.6780   -0.6642    0.3150
...    20 T-A ...
  -27.2297  -32.2563   40.4891
    0.5659   -0.7607   -0.3180
    0.4561   -0.0325    0.8893
   -0.6868   -0.6483    0.3286
...    21 T-A ...
  -29.5380  -34.4150   41.2915
    0.7008   -0.6479    0.2984
    0.0106    0.4277    0.9038
   -0.7132   -0.6303    0.3067
...    22 C-G ...
  -31.8598  -36.5306   42.3224
    0.5748   -0.2437    0.7811
   -0.4279    0.7242    0.5408
   -0.6975   -0.6451    0.3120
...    23 G-C ...
  -34.4738  -38.2269   43.6647
    0.3318    0.2981    0.8950
   -0.6930    0.7208    0.0168
   -0.6401   -0.6258    0.4458
...    24 C-G ...
  -36.2869  -40.5557   45.1339
   -0.0481    0.6708    0.7401
   -0.7583    0.4578   -0.4642
   -0.6502   -0.5835    0.4866
...    25 A-T ...
  -38.8254  -42.4360   46.2711
   -0.4464    0.8518    0.2741
   -0.5733   -0.0370   -0.8185
   -0.6871   -0.5225    0.5049
...    26 A-T ...
  -41.0635  -44.0690   48.0279
   -0.6845    0.6779   -0.2681
   -0.2084   -0.5344   -0.8191
   -0.6986   -0.5048    0.5071
...    27 A-T ...
  -43.2900  -45.5087   49.9297
   -0.6789    0.2287   -0.6977
    0.2395   -0.8293   -0.5049
   -0.6941   -0.5099    0.5082
...    28 G-C ...
  -45.8845  -46.8169   51.6735
   -0.3972   -0.2364   -0.8868
    0.5539   -0.8322   -0.0262
   -0.7317   -0.5016    0.4615
...    29 G-C ...
  -48.6575  -48.3996   52.9959
    0.0484   -0.6578   -0.7516
    0.6606   -0.5434    0.5181
   -0.7492   -0.5216    0.4082
...    30 C-G ...
  -51.2933  -50.1529   53.9400
    0.4430   -0.8337   -0.3298
    0.4915   -0.0819    0.8670
   -0.7498   -0.5462    0.3735
...    31 C-G ...
  -53.9873  -51.9308   54.9792
    0.6804   -0.7026    0.2081
    0.1403    0.4036    0.9041
   -0.7193   -0.5860    0.3732
...    32 G-C ...
  -56.1915  -53.5648   56.4527
    0.7087   -0.3234    0.6270
   -0.2541    0.7121    0.6545
   -0.6582   -0.6231    0.4225
...    33 G-C ...
  -58.1740  -55.8553   57.9413
    0.4792    0.1846    0.8581
   -0.6140    0.7691    0.1775
   -0.6272   -0.6119    0.4819
...    34 C-G ...
  -60.0067  -58.1604   59.4453
    0.0849    0.6267    0.7746
   -0.7712    0.5336   -0.3472
   -0.6309   -0.5679    0.5286
...    35 C-G ...
  -61.8937  -59.9851   61.6238
   -0.3027    0.8694    0.3905
   -0.6930    0.0805   -0.7164
   -0.6543   -0.4875    0.5781
...    36 C-G ...
  -64.0208  -61.4340   63.7983
   -0.5996    0.7889   -0.1347
   -0.4275   -0.4580   -0.7795
   -0.6766   -0.4098    0.6118
...    37 G-C ...
  -66.4231  -63.3812   65.2349
   -0.6799    0.4186   -0.6020
   -0.0254   -0.8340   -0.5512
   -0.7328   -0.3595    0.5777
...    38 A-T ...
  -68.8023  -64.4641   67.0841
   -0.5592   -0.1672   -0.8120
    0.3810   -0.9217   -0.0726
   -0.7363   -0.3499    0.5791
...    39 C-G ...
  -71.5183  -65.2104   68.6579
   -0.2473   -0.6257   -0.7398
    0.5992   -0.6988    0.3907
   -0.7615   -0.3467    0.5477
...    40 A-T ...
  -74.1181  -66.5758   70.3684
    0.1979   -0.9136   -0.3551
    0.6150   -0.1664    0.7708
   -0.7633   -0.3709    0.5290
...    41 C-G ...
  -76.8533  -68.0570   71.6587
    0.5010   -0.8584    0.1104
    0.4083    0.3469    0.8444
   -0.7631   -0.3780    0.5243
...    42 G-C ...
  -79.2439  -68.9573   73.7755
    0.6731   -0.4530    0.5846
    0.0306    0.8069    0.5899
   -0.7389   -0.3792    0.5570
...    43 A-T ...
  -81.7332  -70.1094   75.3720
    0.5649    0.1194    0.8165
   -0.3467    0.9322    0.1036
   -0.7488   -0.3416    0.5680
...    44 C-G ...
  -83.8777  -71.8114   77.2099
    0.3366    0.6252    0.7042
   -0.6041    0.7170   -0.3478
   -0.7223   -0.3083    0.6190
...    45 T-A ...
  -86.0352  -73.0424   79.7648
   -0.0049    0.9564    0.2920
   -0.6901    0.2081   -0.6932
   -0.7237   -0.2049    0.6590
...    46 T-A ...
  -88.3148  -73.5596   81.9027
   -0.3209    0.9319   -0.1693
   -0.5925   -0.3370   -0.7317
   -0.7389   -0.1345    0.6602
...    47 A-T ...
  -90.8690  -73.6942   84.0134
   -0.5004    0.5814   -0.6415
   -0.3481   -0.8135   -0.4658
   -0.7927   -0.0098    0.6095
...    48 C-G ...
  -93.4235  -72.9589   86.0234
   -0.5796    0.0501   -0.8134
   -0.0613   -0.9980   -0.0178
   -0.8126    0.0395    0.5815
...    49 T-A ...
  -96.2572  -72.3114   87.7505
   -0.4665   -0.4990   -0.7303
    0.2024   -0.8640    0.4610
   -0.8610    0.0673    0.5041
...    50 G-C ...
  -99.1761  -72.3065   89.4005
   -0.2046   -0.9208   -0.3320
    0.4103   -0.3886    0.8250
   -0.8887    0.0325    0.4573
...    51 T-A ...
 -102.2534  -72.2934   90.3914
    0.0368   -0.9793    0.1991
    0.4491    0.1942    0.8721
   -0.8927    0.0573    0.4469
...    52 A-T ...
 -104.7824  -71.0735   92.6875
    0.2231   -0.5249    0.8214
    0.3472    0.8302    0.4362
   -0.9109    0.1879    0.3675
...    53 G-C ...
 -107.8268  -70.4141   93.7565
    0.4413   -0.0042    0.8973
    0.1973    0.9760   -0.0925
   -0.8754    0.2179    0.4316
...    54 G-C ...
 -110.8900  -70.2292   95.5664
    0.5571    0.5346    0.6355
   -0.0899    0.7996   -0.5938
   -0.8255    0.2737    0.4935
...    55 T-A ...
 -113.4150  -69.5564   97.4666
    0.4692    0.8603    0.1992
   -0.3623    0.3933   -0.8450
   -0.8054    0.3243    0.4962
...    56 A-T ...
 -115.8246  -68.3025   99.6097
    0.2868    0.8690   -0.4033
   -0.5989   -0.1660   -0.7834
   -0.7477    0.4662    0.4728
...    57 T-A ...
 -117.7564  -66.5180  101.5053
   -0.0305    0.6287   -0.7771
   -0.6803   -0.5826   -0.4446
   -0.7323    0.5151    0.4455
...    58 C-G ...
 -120.1695  -64.4589  102.8948
   -0.4235    0.0816   -0.9022
   -0.5365   -0.8251    0.1772
   -0.7300    0.5590    0.3932
...    59 T-A ...
 -122.6109  -62.3998  103.8191
   -0.6165   -0.4214   -0.6651
   -0.2459   -0.6995    0.6710
   -0.7480    0.5772    0.3276
...    60 C-G ...
 -125.2827  -60.8648  104.9937
   -0.6527   -0.7523   -0.0898
    0.1432   -0.2390    0.9604
   -0.7440    0.6140    0.2637
...    61 G-C ...
 -127.4992  -58.8847  106.5394
   -0.4426   -0.7400    0.5065
    0.4932    0.2708    0.8267
   -0.7489    0.6157    0.2451
...    62 A-T ...
 -129.6876  -56.5362  107.4096
   -0.0322   -0.3950    0.9181
    0.6950    0.6513    0.3046
   -0.7183    0.6479    0.2535
...    63 G-C ...
 -132.0551  -54.3513  108.1779
    0.3781    0.0307    0.9253
    0.6281    0.7257   -0.2807
   -0.6801    0.6873    0.2551
...    64 C-G ...
 -134.6301  -52.3138  109.2140
    0.7073    0.4260    0.5642
    0.2937    0.5489   -0.7826
   -0.6431    0.7192    0.2631
...    65 T-A ...
 -136.7844  -49.9945  110.3003
    0.8127    0.5820    0.0281
   -0.1336    0.2331   -0.9632
   -0.5671    0.7791    0.2672
...    66 C-G ...
 -138.5813  -47.3006  111.1116
    0.6160    0.5530   -0.5610
   -0.6071   -0.1206   -0.7854
   -0.5020    0.8244    0.2615
...    67 G-C ...
 -140.4754  -44.5032  111.1499
    0.2122    0.3085   -0.9273
   -0.8831   -0.3457   -0.3171
   -0.4184    0.8862    0.1991
...    68 G-C ...
 -141.5656  -41.2976  111.5065
   -0.3046   -0.0119   -0.9524
   -0.8651   -0.4150    0.2819
   -0.3986    0.9097    0.1161
...    69 G-C ...
 -142.8574  -38.1708  111.2991
   -0.7086   -0.3194   -0.6292
   -0.5734   -0.2588    0.7773
   -0.4112    0.9116    0.0002
...    70 A-T ...
 -144.0863  -35.0278  110.9894
   -0.9265   -0.3762   -0.0025
   -0.0081    0.0132    0.9999
   -0.3761    0.9264   -0.0153
...    71 T-A ...
 -145.4529  -32.0213  110.1332
   -0.8069   -0.2538    0.5334
    0.4954    0.2010    0.8451
   -0.3217    0.9461   -0.0364
...    72 T-A ...
 -146.6342  -29.0104  109.7588
   -0.3468   -0.0003    0.9379
    0.8937    0.3033    0.3306
   -0.2846    0.9529   -0.1049
...    73 C-G ...
 -147.2676  -25.6988  109.0592
    0.2957    0.1933    0.9355
    0.9223    0.1974   -0.3322
   -0.2489    0.9611   -0.1199
...    74 A-T ...
 -147.6835  -22.4759  107.8759
    0.8165    0.1613    0.5544
    0.5616    0.0009   -0.8274
   -0.1340    0.9869   -0.0899
...    75 T-A ...
 -148.1980  -19.2545  108.0414
    0.9959    0.0730    0.0539
    0.0596   -0.0776   -0.9952
   -0.0685    0.9943   -0.0817
...    76 G-C ...
 -148.2026  -15.7430  107.7105
    0.8303   -0.1383   -0.5399
   -0.5527   -0.0789   -0.8297
    0.0721    0.9873   -0.1419
...    77 T-A ...
 -147.3687  -12.4949  107.5725
    0.3980   -0.1938   -0.8967
   -0.9109    0.0327   -0.4114
    0.1090    0.9805   -0.1635
...    78 T-A ...
 -146.7789   -9.4321  106.9586
   -0.1901   -0.1808   -0.9650
   -0.9723    0.1709    0.1595
    0.1361    0.9686   -0.2083
...    79 A-T ...
 -146.5391   -6.0786  106.2439
   -0.7790   -0.0137   -0.6269
   -0.6055    0.2763    0.7463
    0.1630    0.9610   -0.2235
...    80 T-A ...
 -145.7118   -3.1969  104.8750
   -0.9744    0.1670   -0.1506
   -0.1049    0.2549    0.9613
    0.1989    0.9524   -0.2309
...    81 A-T ...
 -144.7096    0.1313  104.3292
   -0.7319    0.4077    0.5460
    0.6095    0.0335    0.7921
    0.3046    0.9125   -0.2730
...    82 A-T ...
 -143.7908    3.0558  103.2428
   -0.1936    0.4003    0.8957
    0.9140   -0.2583    0.3130
    0.3566    0.8792   -0.3158
...    83 C-G ...
 -143.1606    6.1969  101.9611
    0.3695    0.1985    0.9078
    0.8491   -0.4691   -0.2430
    0.3776    0.8606   -0.3418
...    84 G-C ...
 -141.5943    8.8121  100.7619
    0.7540   -0.2041    0.6244
    0.4591   -0.5160   -0.7231
    0.4698    0.8319   -0.2954
...    85 G-C ...
 -139.9128   11.5338   99.9986
    0.8228   -0.5420    0.1711
   -0.0043   -0.3069   -0.9517
    0.5684    0.7823   -0.2548
...    86 A-T ...
 -137.8404   13.9213   99.2438
    0.6099   -0.6831   -0.4018
   -0.4715    0.0948   -0.8768
    0.6370    0.7241   -0.2643
...    87 C-G ...
 -135.3064   15.9997   98.9823
    0.2274   -0.5693   -0.7901
   -0.7090    0.4594   -0.5351
    0.6676    0.6818   -0.2992
...    88 C-G ...
 -132.6107   17.8451   97.7558
   -0.2867   -0.3078   -0.9072
   -0.6580    0.7516   -0.0471
    0.6963    0.5834   -0.4180
...    89 G-C ...
 -130.6403   20.0534   96.1996
   -0.6863    0.1123   -0.7186
   -0.3339    0.8291    0.4485
    0.6462    0.5477   -0.5315
...    90 C-G ...
 -128.5111   21.5789   93.9050
   -0.7558    0.5722   -0.3183
    0.1477    0.6225    0.7685
    0.6379    0.5338   -0.5551
...    91 T-A ...
 -126.7146   23.4228   91.5324
   -0.5198    0.8335    0.1874
    0.5970    0.1975    0.7775
    0.6110    0.5160   -0.6003
...    92 T-A ...
 -124.9686   25.0727   89.2966
   -0.0171    0.8157    0.5782
    0.7844   -0.3477    0.5137
    0.6200    0.4623   -0.6339
...    93 T-A ...
 -123.1750   26.6617   87.0386
    0.4730    0.4687    0.7460
    0.6293   -0.7724    0.0862
    0.6166    0.4287   -0.6603
...    94 A-T ...
 -120.8927   27.3846   84.6217
    0.7679   -0.1166    0.6298
    0.1800   -0.9044   -0.3868
    0.6147    0.4104   -0.6735
...    95 A-T ...
 -118.8962   28.8193   82.5694
    0.7200   -0.6253    0.3011
   -0.3046   -0.6746   -0.6725
    0.6236    0.3925   -0.6761
...    96 C-G ...
 -116.5083   30.3896   80.7615
    0.4227   -0.8995   -0.1105
   -0.6543   -0.2186   -0.7239
    0.6270    0.3783   -0.6810
...    97 A-T ...
 -114.3183   31.4408   78.3918
   -0.1072   -0.8816   -0.4597
   -0.7611    0.3703   -0.5326
    0.6397    0.2927   -0.7107
...    98 C-G ...
 -111.8212   31.7966   76.1471
   -0.5188   -0.5498   -0.6546
   -0.5689    0.7936   -0.2157
    0.6381    0.2605   -0.7245
...    99 T-A ...
 -109.3779   32.0549   73.4968
   -0.7838    0.0118   -0.6209
   -0.1399    0.9708    0.1950
    0.6050    0.2397   -0.7593
...   100 T-A ...
 -107.4391   32.4964   70.8900
   -0.6845    0.6003   -0.4136
    0.3593    0.7715    0.5251
    0.6343    0.2109   -0.7438
...   101 T-A ...
 -105.4792   32.9640   68.2925
   -0.3215    0.9457   -0.0477
    0.6869    0.2676    0.6757
    0.6518    0.1845   -0.7356
...   102 A-T ...
 -102.9668   33.4824   65.9552
    0.2558    0.8842    0.3909
    0.7074   -0.4468    0.5477
    0.6589    0.1364   -0.7398
...   103 T-A ...
 -101.3115   34.3868   63.2962
    0.5488    0.5483    0.6311
    0.4938   -0.8217    0.2845
    0.6746    0.1555   -0.7217
...   104 G-C ...
  -99.0327   35.1704   61.0019
    0.6680   -0.0844    0.7393
    0.0794   -0.9798   -0.1837
    0.7399    0.1814   -0.6478
...   105 C-G ...
  -96.4068   36.0200   59.1949
    0.5612   -0.6254    0.5421
   -0.3124   -0.7666   -0.5610
    0.7664    0.1455   -0.6256
...   106 T-A ...
  -93.4553   36.5997   57.4446
    0.2512   -0.9589    0.1320
   -0.5502   -0.2536   -0.7956
    0.7964    0.1272   -0.5913
...   107 T-A ...
  -90.7506   36.9030   55.7367
   -0.1416   -0.9372   -0.3188
   -0.5745    0.3400   -0.7445
    0.8062    0.0777   -0.5866
...   108 C-G ...
  -87.9852   36.9013   53.8248
   -0.4827   -0.5432   -0.6870
   -0.3594    0.8382   -0.4103
    0.7986    0.0488   -0.5998
...   109 C-G ...
  -85.3894   36.8472   51.7724
   -0.6736   -0.0049   -0.7391
   -0.0221    0.9997    0.0135
    0.7388    0.0255   -0.6735
...   110 G-C ...
  -83.1670   37.2879   49.6334
   -0.6475    0.5253   -0.5521
    0.3612    0.8495    0.3846
    0.6710    0.0496   -0.7398
...   111 G-C ...
  -81.2154   37.5179   46.8823
   -0.3673    0.9106   -0.1895
    0.6774    0.4015    0.6164
    0.6374    0.0980   -0.7643
...   112 C-G ...
  -79.5583   37.8968   43.9815
    0.0540    0.9725    0.2267
    0.7689   -0.1853    0.6120
    0.6371    0.1412   -0.7577
...   113 T-A ...
  -77.5971   38.4520   41.3439
    0.4317    0.7071    0.5601
    0.6267   -0.6817    0.3776
    0.6488    0.1880   -0.7374
...   114 C-G ...
  -75.3218   39.0254   38.9726
    0.7016    0.1474    0.6971
    0.2601   -0.9638   -0.0581
    0.6634    0.2221   -0.7146
...   115 G-C ...
  -73.0092   39.2260   36.5449
    0.6619   -0.4802    0.5755
   -0.1957   -0.8519   -0.4857
    0.7235    0.2089   -0.6579
...   116 T-A ...
  -70.1950   40.1577   34.9754
    0.4132   -0.8776    0.2430
   -0.5183   -0.4460   -0.7297
    0.7488    0.1756   -0.6392
...   117 A-T ...
  -67.3602   40.6808   33.1392
   -0.0207   -0.9763   -0.2156
   -0.6378    0.1789   -0.7491
    0.7699    0.1220   -0.6264
...   118 T-A ...
  -64.4504   40.7599   31.6030
   -0.3349   -0.7350   -0.5896
   -0.5321    0.6640   -0.5254
    0.7777    0.1378   -0.6134
...   119 A-T ...
  -61.8284   41.5605   29.4651
   -0.5625   -0.0782   -0.8231
   -0.1738    0.9845    0.0253
    0.8083    0.1573   -0.5673
...   120 A-T ...
  -59.1868   41.7280   27.5644
   -0.5520    0.5110   -0.6590
    0.1781    0.8443    0.5055
    0.8146    0.1616   -0.5570
...   121 T-A ...
  -56.7187   41.7983   25.2961
   -0.3620    0.8850   -0.2927
    0.4371    0.4385    0.7853
    0.8233    0.1563   -0.5456
...   122 G-C ...
  -53.9181   42.3579   23.2899
   -0.0864    0.9517    0.2945
    0.5633   -0.1972    0.8024
    0.8217    0.2352   -0.5191
...   123 T-A ...
  -51.5026   43.3150   21.2601
    0.1964    0.7012    0.6854
    0.5160   -0.6683    0.5358
    0.8338    0.2485   -0.4931
...   124 G-C ...
  -48.6667   44.2343   19.6467
    0.3832    0.1441    0.9124
    0.3280   -0.9446    0.0114
    0.8635    0.2949   -0.4092
...   125 T-A ...
  -46.0528   45.6167   18.4356
    0.4463   -0.3958    0.8026
    0.0939   -0.8712   -0.4819
    0.8899    0.2905   -0.3517
...   126 C-G ...
  -43.1473   46.4816   17.4987
    0.4185   -0.8348    0.3577
   -0.1624   -0.4563   -0.8749
    0.8936    0.3081   -0.3265
...   127 G-C ...
  -40.2488   47.0857   15.8750
    0.1588   -0.9739   -0.1622
   -0.2950    0.1099   -0.9491
    0.9422    0.1986   -0.2699
...   128 A-T ...
  -37.2071   47.6946   15.0649
   -0.0398   -0.7066   -0.7065
   -0.3297    0.6768   -0.6582
    0.9432    0.2067   -0.2599
...   129 C-G ...
  -33.9088   47.7066   14.6066
   -0.2380   -0.2291   -0.9439
   -0.2489    0.9537   -0.1687
    0.9388    0.1947   -0.2840
...   130 C-G ...
  -30.7176   47.9686   13.4038
   -0.4053    0.3221   -0.8556
   -0.0513    0.9264    0.3730
    0.9128    0.1951   -0.3589
...   131 A-T ...
  -27.5538   49.2288   12.9879
   -0.3756    0.8233   -0.4256
    0.1853    0.5166    0.8359
    0.9081    0.2351   -0.3466
...   132 A-T ...
  -24.6121   49.9628   11.7224
   -0.2043    0.9674    0.1494
    0.3632   -0.0668    0.9293
    0.9090    0.2441   -0.3377
...   133 A-T ...
  -21.7872   50.8489   10.2922
    0.0720    0.7434    0.6650
    0.3963   -0.6331    0.6649
    0.9153    0.2157   -0.3402
...   134 T-A ...
  -19.0084   52.0402    8.9385
    0.2450    0.2904    0.9250
    0.3072   -0.9282    0.2101
    0.9196    0.2327   -0.3166
...   135 G-C ...
  -16.4570   53.8980    7.5291
    0.5336   -0.3334    0.7773
    0.0348   -0.9096   -0.4140
    0.8450    0.2479   -0.4738
...   136 T-A ...
  -14.1682   56.5698    6.1949
    0.5795   -0.7269    0.3684
   -0.3140   -0.6163   -0.7222
    0.7521    0.3028   -0.5854
...   137 G-C ...
  -11.6469   58.0147    4.7337
    0.2454   -0.9541   -0.1717
   -0.6318   -0.0231   -0.7748
    0.7352    0.2986   -0.6085
...   138 A-T ...
   -8.6699   58.7289    3.6171
   -0.0344   -0.7815   -0.6230
   -0.6534    0.4892   -0.5777
    0.7562    0.3872   -0.5274
...   139 G-C ...
   -6.3212   59.0880    1.6441
   -0.2967   -0.3277   -0.8970
   -0.5657    0.8170   -0.1114
    0.7694    0.4744   -0.4278
...   140 C-G ...
   -3.4297   60.2437    1.0436
   -0.4424    0.2288   -0.8671
   -0.1682    0.9286    0.3309
    0.8809    0.2922   -0.3723
...   141 G-C ...
   -0.6894   63.9063   -2.2355
   -0.9992    0.0156   -0.0375
   -0.0024    0.8991    0.4378
    0.0405    0.4375   -0.8983
...   142 C-G ...
   -0.9980   65.6137   -4.9248
   -0.8337    0.5217    0.1810
    0.5169    0.6220    0.5881
    0.1942    0.5839   -0.7882
...   143 T-A ...
   -0.1245   66.2250   -7.8041
   -0.3751    0.8568    0.3538
    0.8856    0.2185    0.4098
    0.2739    0.4670   -0.8408
...   144 C-G ...
   -0.1581   67.4197  -10.7921
    0.1799    0.8792    0.4411
    0.9276   -0.3009    0.2214
    0.3274    0.3694   -0.8697
...   145 A-T ...
    0.5352   69.2487  -13.4513
    0.7352    0.4961    0.4620
    0.6117   -0.7791   -0.1369
    0.2921    0.3832   -0.8763
...   146 C-G ...
    1.4420   72.1064  -15.5858
    0.9808    0.0622    0.1849
    0.1266   -0.9240   -0.3608
    0.1484    0.3773   -0.9141
...   147 A-T ...
    2.3149   74.2411  -18.3713
    0.8657   -0.4292   -0.2574
   -0.4984   -0.7868   -0.3642
   -0.0462    0.4436   -0.8950
