  147 base-pairs
...     1 A-T ...
    0.0000    0.0000    0.0000
    1.0000    0.0000    0.0000
    0.0000    1.0000    0.0000
    0.0000    0.0000    1.0000
...     2 G-C ...
   -0.1394   -1.2357    3.2268
    0.7529    0.6366    0.1670
   -0.6386    0.7680   -0.0486
   -0.1592   -0.0700    0.9848
...     3 T-A ...
   -0.0365   -3.2932    6.3751
    0.2722    0.9301    0.2466
   -0.9238    0.3243   -0.2033
   -0.2691   -0.1725    0.9475
...     4 G-C ...
   -0.3505   -4.1660    9.4928
   -0.3756    0.9250    0.0579
   -0.8781   -0.3352   -0.3415
   -0.2965   -0.1791    0.9381
...     5 A-T ...
   -0.4462   -4.1476   12.7498
   -0.8116    0.5840   -0.0165
   -0.5523   -0.7762   -0.3042
   -0.1905   -0.2378    0.9524
...     6 G-C ...
   -1.5908   -4.1730   15.6201
   -0.9976    0.0246   -0.0651
   -0.0043   -0.9555   -0.2950
   -0.0695   -0.2940    0.9533
...     7 C-G ...
   -1.1030   -4.4824   18.7362
   -0.8441   -0.5304   -0.0787
    0.5345   -0.8441   -0.0432
   -0.0435   -0.0785    0.9960
...     8 G-C ...
   -2.4028   -7.7290   23.1475
   -0.2754   -0.3293   -0.9032
    0.6650   -0.7437    0.0684
   -0.6942   -0.5818    0.4238
...     9 C-G ...
   -4.4690   -9.9728   24.1132
    0.1145   -0.7025   -0.7024
    0.8512   -0.2952    0.4340
   -0.5122   -0.6476    0.5642
...    10 T-A ...
   -6.7405  -10.8752   25.9697
    0.4841   -0.8363   -0.2574
    0.6595    0.1553    0.7355
   -0.5751   -0.5258    0.6267
...    11 C-G ...
   -9.1656  -12.6208   27.1640
    0.7073   -0.6682    0.2307
    0.3448    0.6110    0.7126
   -0.6171   -0.4245    0.6626
...    12 A-T ...
  -10.9234  -14.6633   29.0693
    0.7515   -0.1377    0.6452
   -0.2029    0.8824    0.4246
   -0.6277   -0.4500    0.6352
...    13 C-G ...
  -11.8476  -17.4863   31.2451
    0.4295    0.2823    0.8578
   -0.5708    0.8209    0.0156
   -0.6998   -0.4963    0.5137
...    14 A-T ...
  -13.5897  -19.7827   33.4259
   -0.1504    0.6104    0.7777
   -0.6874    0.5008   -0.5260
   -0.7106   -0.6136    0.3443
...    15 A-T ...
  -15.8245  -21.8473   34.5529
   -0.5243    0.7940    0.3075
   -0.4487    0.0493   -0.8923
   -0.7237   -0.6059    0.3304
...    16 T-A ...
  -17.9643  -23.7958   36.3268
   -0.7120    0.6651   -0.2251
   -0.0694   -0.3857   -0.9200
   -0.6987   -0.6394    0.3208
...    17 T-A ...
  -20.2607  -25.7154   37.6920
   -0.6333    0.2820   -0.7207
    0.3819   -0.6961   -0.6079
   -0.6731   -0.6602    0.3332
...    18 T-A ...
  -22.5664  -27.7471   38.7922
   -0.2759   -0.1570   -0.9483
    0.6752   -0.7338   -0.0750
   -0.6841   -0.6610    0.3085
...    19 A-T ...
  -24.6689  -30.2453   39.8310
    0.2347   -0.5863   -0.7754
    0.6861   -0.4652    0.5594
   -0.6887   -0.6632    0.2930
...    20 T-A ...
  -27.3413  -32.1833   40.2886
    0.5532   -0.7581   -0.3453
    0.4552   -0.0720    0.8875
   -0.6976   -0.6482    0.3053
...    21 T-A ...
  -29.6871  -34.3333   41.0066
    0.6896   -0.6712    0.2719
    0.0190    0.3921    0.9197
   -0.7239   -0.6291    0.2831
...    22 C-G ...
  -32.0429  -36.4494   41.9500
    0.5716   -0.2864    0.7689
   -0.4131    0.7092    0.5712
   -0.7090   -0.6442    0.2871
...    23 G-C ...
  -34.6860  -38.1458   43.2210
    0.3383    0.2524    0.9065
   -0.6779    0.7335    0.0488
   -0.6527   -0.6310    0.4193
...    24 C-G ...
  -36.5472  -40.4970   44.5865
   -0.0328    0.6387    0.7688
   -0.7484    0.4941   -0.4424
   -0.6624   -0.5899    0.4617
...    25 A-T ...
  -39.1050  -42.3806   45.6467
   -0.4221    0.8499    0.3155
   -0.5759    0.0174   -0.8174
   -0.7001   -0.5267    0.4821
...    26 A-T ...
  -41.3791  -44.0346   47.3333
   -0.6637    0.7114   -0.2310
   -0.2273   -0.4861   -0.8438
   -0.7126   -0.5075    0.4844
...    27 A-T ...
  -43.6449  -45.4895   49.1719
   -0.6719    0.2889   -0.6820
    0.2088   -0.8096   -0.5486
   -0.7106   -0.5110    0.4837
...    28 G-C ...
  -46.2819  -46.7864   50.8523
   -0.4073   -0.1704   -0.8973
    0.5207   -0.8504   -0.0749
   -0.7503   -0.4978    0.4351
...    29 G-C ...
  -49.1249  -48.3226   52.0738
    0.0206   -0.6110   -0.7914
    0.6373   -0.6018    0.4813
   -0.7703   -0.5143    0.3770
...    30 C-G ...
  -51.8309  -50.0285   52.8900
    0.4062   -0.8283   -0.3859
    0.4869   -0.1612    0.8584
   -0.7733   -0.5366    0.3379
...    31 C-G ...
  -54.5987  -51.7601   53.7992
    0.6482   -0.7451    0.1572
    0.1568    0.3327    0.9299
   -0.7452   -0.5781    0.3324
...    32 G-C ...
  -56.8599  -53.4053   55.1512
    0.6915   -0.4018    0.6003
   -0.2223    0.6723    0.7061
   -0.6873   -0.6217    0.3757
...    33 G-C ...
  -58.9365  -55.7201   56.4686
    0.4846    0.0941    0.8697
   -0.5779    0.7808    0.2376
   -0.6567   -0.6177    0.4327
...    34 C-G ...
  -60.8818  -58.0491   57.7781
    0.1128    0.5570    0.8228
   -0.7431    0.5970   -0.3023
   -0.6596   -0.5773    0.4812
...    35 C-G ...
  -62.8568  -59.9631   59.7931
   -0.2591    0.8482    0.4619
   -0.6846    0.1761   -0.7073
   -0.6813   -0.4995    0.5351
...    36 C-G ...
  -65.0526  -61.4908   61.8361
   -0.5539    0.8301   -0.0647
   -0.4473   -0.3621   -0.8178
   -0.7023   -0.4240    0.5719
...    37 G-C ...
  -67.5512  -63.4051   63.1075
   -0.6479    0.5140   -0.5622
   -0.0711   -0.7756   -0.6272
   -0.7584   -0.3664    0.5391
...    38 A-T ...
  -70.0003  -64.5101   64.8401
   -0.5604   -0.0521   -0.8266
    0.3239   -0.9323   -0.1608
   -0.7623   -0.3578    0.5393
...    39 C-G ...
  -72.7719  -65.2355   66.3151
   -0.2777   -0.5304   -0.8010
    0.5490   -0.7718    0.3208
   -0.7884   -0.3506    0.5055
...    40 A-T ...
  -75.4788  -66.5948   67.8456
    0.1431   -0.8802   -0.4525
    0.5914   -0.2905    0.7522
   -0.7936   -0.3753    0.4790
...    41 C-G ...
  -78.3214  -68.0296   68.9364
    0.4409   -0.8974    0.0159
    0.4174    0.2207    0.8815
   -0.7946   -0.3820    0.4719
...    42 G-C ...
  -80.7948  -69.0144   70.9096
    0.6297   -0.5644    0.5337
    0.0742    0.7276    0.6819
   -0.7732   -0.3898    0.5001
...    43 A-T ...
  -83.3819  -70.1737   72.3323
    0.5556   -0.0193    0.8312
   -0.2840    0.9352    0.2115
   -0.7814   -0.3536    0.5141
...    44 C-G ...
  -85.6695  -71.9299   73.9342
    0.3640    0.5085    0.7804
   -0.5448    0.7958   -0.2644
   -0.7555   -0.3289    0.5666
...    45 T-A ...
  -87.9577  -73.3123   76.2937
    0.0560    0.9089    0.4133
   -0.6558    0.3456   -0.6711
   -0.7528   -0.2335    0.6154
...    46 T-A ...
  -90.3088  -73.9401   78.3222
   -0.2464    0.9680   -0.0478
   -0.5967   -0.1904   -0.7796
   -0.7637   -0.1636    0.6245
...    47 A-T ...
  -92.8790  -74.1114   80.3986
   -0.4189    0.7114   -0.5643
   -0.4058   -0.7026   -0.5846
   -0.8123   -0.0159    0.5830
...    48 C-G ...
  -95.4125  -73.4223   82.4332
   -0.5362    0.2232   -0.8141
   -0.1569   -0.9739   -0.1638
   -0.8294    0.0399    0.5572
...    49 T-A ...
  -98.2319  -72.7269   84.1531
   -0.4788   -0.3362   -0.8110
    0.0919   -0.9379    0.3346
   -0.8731    0.0857    0.4799
...    50 G-C ...
 -101.2294  -72.6436   85.6610
   -0.2763   -0.8339   -0.4777
    0.3209   -0.5486    0.7720
   -0.9059    0.0600    0.4192
...    51 T-A ...
 -104.3404  -72.4499   86.5068
   -0.0738   -0.9963    0.0436
    0.4121    0.0094    0.9111
   -0.9081    0.0852    0.4099
...    52 A-T ...
 -106.8689  -71.3324   88.8409
    0.1118   -0.6657    0.7378
    0.3997    0.7099    0.5799
   -0.9098    0.2301    0.3455
...    53 G-C ...
 -109.8966  -70.5380   89.8476
    0.3692   -0.1930    0.9091
    0.3034    0.9496    0.0784
   -0.8784    0.2468    0.4092
...    54 G-C ...
 -113.0683  -70.3110   91.4707
    0.5548    0.3594    0.7503
    0.0439    0.8880   -0.4578
   -0.8308    0.2869    0.4769
...    55 T-A ...
 -115.6673  -69.6565   93.2777
    0.5368    0.7573    0.3719
   -0.2436    0.5611   -0.7911
   -0.8078    0.3341    0.4857
...    56 A-T ...
 -118.1144  -68.4955   95.4320
    0.4139    0.8810   -0.2292
   -0.5374    0.0333   -0.8427
   -0.7348    0.4719    0.4873
...    57 T-A ...
 -120.0137  -66.8116   97.4445
    0.1160    0.7431   -0.6591
   -0.6925   -0.4152   -0.5899
   -0.7120    0.5248    0.4665
...    58 C-G ...
 -122.3075  -64.7065   98.9623
   -0.3137    0.2772   -0.9082
   -0.6412   -0.7673   -0.0127
   -0.7004    0.5783    0.4184
...    59 T-A ...
 -124.5824  -62.5328  100.0042
   -0.5790   -0.2270   -0.7831
   -0.3979   -0.7596    0.5144
   -0.7116    0.6095    0.3495
...    60 C-G ...
 -127.2076  -60.9064  101.1301
   -0.7148   -0.6372   -0.2882
   -0.0092   -0.4035    0.9149
   -0.6993    0.6566    0.2825
...    61 G-C ...
 -129.4004  -58.9430  102.7126
   -0.5858   -0.7473    0.3138
    0.3970    0.0730    0.9149
   -0.7066    0.6605    0.2539
...    62 A-T ...
 -131.4770  -56.5280  103.6871
   -0.2092   -0.5228    0.8264
    0.7041    0.5059    0.4983
   -0.6786    0.6861    0.2623
...    63 G-C ...
 -133.6999  -54.2083  104.4832
    0.2301   -0.1539    0.9609
    0.7341    0.6756   -0.0676
   -0.6388    0.7210    0.2685
...    64 C-G ...
 -136.1871  -52.0354  105.4639
    0.6478    0.2489    0.7200
    0.4673    0.6165   -0.6337
   -0.6016    0.7469    0.2831
...    65 T-A ...
 -138.2536  -49.6572  106.5909
    0.8501    0.4683    0.2407
    0.0502    0.3829   -0.9224
   -0.5241    0.7963    0.3020
...    66 C-G ...
 -139.9221  -46.9268  107.5763
    0.7538    0.5462   -0.3654
   -0.4713    0.0618   -0.8798
   -0.4579    0.8354    0.3040
...    67 G-C ...
 -141.4959  -43.9741  107.7845
    0.4062    0.4002   -0.8215
   -0.8394   -0.1919   -0.5085
   -0.3612    0.8961    0.2579
...    68 G-C ...
 -142.3339  -40.7527  108.4347
   -0.1184    0.1468   -0.9821
   -0.9376   -0.3423    0.0618
   -0.3271    0.9280    0.1782
...    69 G-C ...
 -143.2590  -37.4919  108.4554
   -0.5982   -0.1528   -0.7866
   -0.7353   -0.2855    0.6147
   -0.3185    0.9461    0.0585
...    70 A-T ...
 -144.1258  -34.2267  108.3804
   -0.9360   -0.2662   -0.2304
   -0.2083   -0.1089    0.9720
   -0.2838    0.9577    0.0464
...    71 T-A ...
 -145.0890  -31.0830  107.9096
   -0.9039   -0.2707    0.3313
    0.3287    0.0562    0.9428
   -0.2738    0.9610    0.0382
...    72 C-G ...
 -146.1844  -27.8580  107.7796
   -0.5040   -0.1316    0.8536
    0.8326    0.1889    0.5207
   -0.2298    0.9731    0.0144
...    73 C-G ...
 -146.9351  -24.6366  107.6376
    0.0537   -0.1002    0.9935
    0.9769    0.2113   -0.0315
   -0.2068    0.9723    0.1092
...    74 G-C ...
 -147.2554  -21.3478  107.6194
    0.6460   -0.0343    0.7626
    0.7562    0.1658   -0.6330
   -0.1047    0.9856    0.1330
...    75 T-A ...
 -148.0852  -18.2289  108.3841
    0.9472    0.0182    0.3201
    0.3157    0.1219   -0.9410
   -0.0561    0.9924    0.1097
...    76 C-G ...
 -148.1299  -15.0439  108.6551
    0.9635   -0.0039   -0.2676
   -0.2656    0.1092   -0.9579
    0.0329    0.9940    0.1041
...    77 A-T ...
 -147.9646  -11.6829  109.1264
    0.6428   -0.0895   -0.7608
   -0.7437    0.1654   -0.6478
    0.1838    0.9822    0.0397
...    78 T-A ...
 -146.8634   -8.6267  109.3071
    0.1618   -0.0661   -0.9846
   -0.9608    0.2172   -0.1725
    0.2253    0.9739   -0.0284
...    79 G-C ...
 -145.9576   -5.3247  108.9160
   -0.4792   -0.0106   -0.8776
   -0.8437    0.2813    0.4573
    0.2421    0.9595   -0.1438
...    80 T-A ...
 -144.7460   -2.2852  107.9563
   -0.8674    0.1645   -0.4696
   -0.4208    0.2613    0.8687
    0.2656    0.9511   -0.1574
...    81 T-A ...
 -143.7410    0.7147  107.2172
   -0.9249    0.3554    0.1354
    0.1883    0.1186    0.9749
    0.3304    0.9272   -0.1766
...    82 A-T ...
 -142.2048    3.8644  106.8215
   -0.4688    0.4377    0.7672
    0.7718   -0.2194    0.5968
    0.4296    0.8719   -0.2350
...    83 T-A ...
 -141.3824    6.8619  105.7225
    0.0207    0.2881    0.9574
    0.8918   -0.4383    0.1126
    0.4520    0.8514   -0.2660
...    84 A-T ...
 -139.5148    9.5338  104.5231
    0.6335   -0.0596    0.7715
    0.6230   -0.5520   -0.5542
    0.4589    0.8317   -0.3126
...    85 A-T ...
 -138.0949   12.2569  103.6360
    0.8639   -0.3876    0.3216
    0.1367   -0.4341   -0.8904
    0.4848    0.8132   -0.3220
...    86 C-G ...
 -136.3894   15.1250  103.1606
    0.7719   -0.5985   -0.2144
   -0.3692   -0.1475   -0.9176
    0.5175    0.7874   -0.3348
...    87 G-C ...
 -134.6522   17.4164  101.5798
    0.3509   -0.6953   -0.6272
   -0.7053    0.2443   -0.6655
    0.6160    0.6759   -0.4046
...    88 G-C ...
 -132.4274   19.0857   99.7943
   -0.1617   -0.5336   -0.8301
   -0.7262    0.6339   -0.2661
    0.6682    0.5598   -0.4900
...    89 A-T ...
 -130.2728   20.6504   97.8921
   -0.6056   -0.0857   -0.7911
   -0.4540    0.8537    0.2551
    0.6535    0.5136   -0.5559
...    90 C-G ...
 -127.9575   21.7554   95.7822
   -0.7804    0.3747   -0.5005
   -0.0286    0.7783    0.6273
    0.6246    0.5039   -0.5966
...    91 T-A ...
 -125.9306   23.1170   93.0829
   -0.6546    0.7555   -0.0253
    0.4488    0.4154    0.7912
    0.6083    0.5066   -0.6110
...    92 T-A ...
 -124.1423   24.6580   90.7978
   -0.2088    0.8843    0.4177
    0.7506   -0.1289    0.6481
    0.6269    0.4488   -0.6368
...    93 T-A ...
 -122.3154   26.1364   88.4830
    0.3077    0.6528    0.6922
    0.7136   -0.6395    0.2859
    0.6293    0.4060   -0.6626
...    94 A-T ...
 -119.8566   26.7203   86.1871
    0.7127    0.1088    0.6930
    0.3364   -0.9199   -0.2015
    0.6156    0.3767   -0.6922
...    95 A-T ...
 -117.8970   28.0722   84.0265
    0.7722   -0.4547    0.4437
   -0.1579   -0.8138   -0.5593
    0.6154    0.3618   -0.7002
...    96 C-G ...
 -115.6212   29.6584   82.0724
    0.5459   -0.8357    0.0599
   -0.5684   -0.4220   -0.7063
    0.6155    0.3515   -0.7054
...    97 A-T ...
 -113.4654   30.6432   79.6353
    0.0389   -0.9463   -0.3209
   -0.7711    0.1758   -0.6119
    0.6355    0.2713   -0.7229
...    98 C-G ...
 -110.9142   31.0152   77.4544
   -0.4040   -0.7059   -0.5818
   -0.6563    0.6667   -0.3532
    0.6372    0.2392   -0.7326
...    99 T-A ...
 -108.3952   31.2463   74.8804
   -0.7489   -0.1834   -0.6368
   -0.2740    0.9606    0.0457
    0.6034    0.2087   -0.7696
...   100 T-A ...
 -106.4190   31.5819   72.2851
   -0.7388    0.4380   -0.5121
    0.2332    0.8792    0.4155
    0.6323    0.1875   -0.7517
...   101 T-A ...
 -104.4321   31.9616   69.6921
   -0.4409    0.8778   -0.1872
    0.6196    0.4485    0.6442
    0.6494    0.1680   -0.7416
...   102 A-T ...
 -101.9201   32.4885   67.3395
    0.1353    0.9535    0.2693
    0.7383   -0.2783    0.6144
    0.6608    0.1157   -0.7416
...   103 T-A ...
 -100.3066   33.2181   64.5994
    0.4622    0.6896    0.5576
    0.5793   -0.7108    0.3990
    0.6715    0.1386   -0.7280
...   104 G-C ...
  -98.0746   33.9559   62.2463
    0.6536    0.0947    0.7509
    0.1985   -0.9789   -0.0494
    0.7303    0.1813   -0.6586
...   105 C-G ...
  -95.5283   34.8681   60.3422
    0.6189   -0.4801    0.6217
   -0.2091   -0.8636   -0.4587
    0.7572    0.1539   -0.6348
...   106 T-A ...
  -92.6393   35.5740   58.5287
    0.3568   -0.8994    0.2526
   -0.5038   -0.4129   -0.7588
    0.7867    0.1435   -0.6004
...   107 T-A ...
  -89.9606   35.9749   56.7966
   -0.0289   -0.9790   -0.2019
   -0.5981    0.1787   -0.7812
    0.8009    0.0982   -0.5907
...   108 C-G ...
  -87.1825   36.0720   54.8954
   -0.4098   -0.6698   -0.6192
   -0.4454    0.7394   -0.5049
    0.7960    0.0689   -0.6013
...   109 C-G ...
  -84.5732   36.0882   52.8576
   -0.6605   -0.1617   -0.7332
   -0.1316    0.9863   -0.0990
    0.7392    0.0311   -0.6727
...   110 G-C ...
  -82.3886   36.5444   50.6669
   -0.6941    0.3905   -0.6047
    0.2656    0.9197    0.2891
    0.6691    0.0400   -0.7421
...   111 G-C ...
  -80.4383   36.6898   47.9065
   -0.4580    0.8422   -0.2846
    0.6265    0.5329    0.5687
    0.6307    0.0821   -0.7717
...   112 C-G ...
  -78.8054   36.9427   44.9766
   -0.0458    0.9912    0.1244
    0.7793   -0.0425    0.6253
    0.6250    0.1256   -0.7704
...   113 T-A ...
  -76.8796   37.4187   42.2928
    0.3587    0.7983    0.4837
    0.6882   -0.5763    0.4408
    0.6307    0.1748   -0.7561
...   114 C-G ...
  -74.6600   37.9577   39.8516
    0.6849    0.2783    0.6734
    0.3473   -0.9371    0.0341
    0.6405    0.2105   -0.7385
...   115 G-C ...
  -72.3792   38.1261   37.3851
    0.7030   -0.3647    0.6106
   -0.1220   -0.9076   -0.4017
    0.7007    0.2079   -0.6825
...   116 T-A ...
  -69.6477   39.1613   35.7080
    0.4865   -0.8147    0.3155
   -0.4832   -0.5518   -0.6798
    0.7279    0.1782   -0.6621
...   117 A-T ...
  -66.8946   39.7505   33.7706
    0.0568   -0.9894   -0.1337
   -0.6565    0.0639   -0.7516
    0.7522    0.1305   -0.6459
...   118 T-A ...
  -64.0106   39.9348   32.1831
   -0.2818   -0.8033   -0.5247
   -0.5871    0.5769   -0.5680
    0.7589    0.1480   -0.6341
...   119 A-T ...
  -61.4751   40.8008   29.9432
   -0.5582   -0.1699   -0.8121
   -0.2438    0.9692   -0.0352
    0.7931    0.1784   -0.5824
...   120 A-T ...
  -58.8536   41.0391   28.0191
   -0.5865    0.4321   -0.6850
    0.1212    0.8831    0.4532
    0.8008    0.1828   -0.5703
...   121 T-A ...
  -56.3985   41.1432   25.7343
   -0.4184    0.8418   -0.3411
    0.4089    0.5099    0.7569
    0.8110    0.1772   -0.5575
...   122 G-C ...
  -53.6255   41.7560   23.7014
   -0.1388    0.9598    0.2441
    0.5747   -0.1227    0.8091
    0.8065    0.2526   -0.5345
...   123 T-A ...
  -51.2631   42.7257   21.6022
    0.1628    0.7429    0.6493
    0.5502   -0.6146    0.5653
    0.8190    0.2653   -0.5088
...   124 G-C ...
  -48.4725   43.6884   19.9156
    0.3816    0.2016    0.9021
    0.3704   -0.9275    0.0506
    0.8469    0.3148   -0.4286
...   125 T-A ...
  -45.9294   45.1260   18.6219
    0.4678   -0.3426    0.8147
    0.1279   -0.8859   -0.4459
    0.8745    0.3128   -0.3706
...   126 C-G ...
  -43.0674   46.0743   17.6198
    0.4547   -0.8025    0.3864
   -0.1505   -0.4969   -0.8547
    0.8779    0.3304   -0.3467
...   127 G-C ...
  -40.2011   46.7254   15.9283
    0.1922   -0.9725   -0.1314
   -0.3062    0.0678   -0.9496
    0.9324    0.2227   -0.2847
...   128 A-T ...
  -37.1829   47.4060   15.0674
   -0.0208   -0.7283   -0.6850
   -0.3567    0.6454   -0.6754
    0.9340    0.2303   -0.2732
...   129 C-G ...
  -33.8881   47.5128   14.5878
   -0.2366   -0.2621   -0.9356
   -0.2800    0.9405   -0.1926
    0.9304    0.2164   -0.2959
...   130 C-G ...
  -30.7109   47.8601   13.3646
   -0.4176    0.2925   -0.8603
   -0.0749    0.9325    0.3534
    0.9055    0.2120   -0.3675
...   131 A-T ...
  -27.5566   49.2062   12.9791
   -0.3838    0.8152   -0.4339
    0.1775    0.5262    0.8316
    0.9062    0.2421   -0.3466
...   132 A-T ...
  -24.6155   49.9601   11.7170
   -0.2095    0.9671    0.1443
    0.3614   -0.0606    0.9305
    0.9086    0.2471   -0.3368
...   133 A-T ...
  -21.7906   50.8500   10.2906
    0.0688    0.7457    0.6627
    0.3971   -0.6299    0.6675
    0.9152    0.2172   -0.3395
...   134 T-A ...
  -19.0084   52.0402    8.9384
    0.2450    0.2904    0.9250
    0.3072   -0.9282    0.2101
    0.9196    0.2327   -0.3167
...   135 G-C ...
  -16.4570   53.8980    7.5290
    0.5336   -0.3334    0.7773
    0.0348   -0.9096   -0.4140
    0.8450    0.2479   -0.4738
...   136 T-A ...
  -14.1681   56.5698    6.1948
    0.5795   -0.7269    0.3684
   -0.3140   -0.6163   -0.7222
    0.7521    0.3028   -0.5854
...   137 G-C ...
  -11.6469   58.0146    4.7336
    0.2454   -0.9541   -0.1717
   -0.6318   -0.0231   -0.7748
    0.7352    0.2986   -0.6085
...   138 A-T ...
   -8.6698   58.7289    3.6170
   -0.0344   -0.7815   -0.6230
   -0.6534    0.4892   -0.5777
    0.7562    0.3872   -0.5274
...   139 G-C ...
   -6.3211   59.0879    1.6440
   -0.2967   -0.3277   -0.8970
   -0.5657    0.8170   -0.1114
    0.7694    0.4744   -0.4278
...   140 C-G ...
   -3.4296   60.2437    1.0435
   -0.4424    0.2288   -0.8671
   -0.1682    0.9286    0.3309
    0.8809    0.2922   -0.3723
...   141 G-C ...
   -0.6893   63.9062   -2.2356
   -0.9992    0.0156   -0.0375
   -0.0024    0.8991    0.4378
    0.0405    0.4375   -0.8983
...   142 C-G ...
   -0.9980   65.6137   -4.9249
   -0.8337    0.5217    0.1810
    0.5169    0.6220    0.5881
    0.1942    0.5839   -0.7882
...   143 T-A ...
   -0.1244   66.2250   -7.8042
   -0.3751    0.8568    0.3538
    0.8856    0.2185    0.4098
    0.2739    0.4670   -0.8408
...   144 C-G ...
   -0.1580   67.4196  -10.7922
    0.1799    0.8792    0.4411
    0.9276   -0.3009    0.2214
    0.3274    0.3694   -0.8697
...   145 A-T ...
    0.5352   69.2486  -13.4514
    0.7352    0.4961    0.4620
    0.6117   -0.7791   -0.1369
    0.2921    0.3832   -0.8763
...   146 C-G ...
    1.4421   72.1063  -15.5859
    0.9808    0.0622    0.1849
    0.1266   -0.9240   -0.3608
    0.1484    0.3773   -0.9141
...   147 A-T ...
    2.3150   74.2410  -18.3714
    0.8657   -0.4292   -0.2574
   -0.4984   -0.7868   -0.3642
   -0.0462    0.4436   -0.8950
