  147 base-pairs
...     1 A-T ...
    0.0000    0.0000    0.0000
    1.0000    0.0000    0.0000
    0.0000    1.0000    0.0000
    0.0000    0.0000    1.0000
...     2 G-C ...
   -0.1394   -1.2357    3.2268
    0.7529    0.6366    0.1670
   -0.6386    0.7680   -0.0486
   -0.1592   -0.0700    0.9848
...     3 T-A ...
   -0.0365   -3.2932    6.3751
    0.2722    0.9301    0.2466
   -0.9238    0.3243   -0.2033
   -0.2691   -0.1725    0.9475
...     4 G-C ...
   -0.3505   -4.1660    9.4928
   -0.3756    0.9250    0.0579
   -0.8781   -0.3352   -0.3415
   -0.2965   -0.1791    0.9381
...     5 A-T ...
   -0.4462   -4.1476   12.7498
   -0.8116    0.5840   -0.0165
   -0.5523   -0.7762   -0.3042
   -0.1905   -0.2378    0.9524
...     6 G-C ...
   -1.5908   -4.1730   15.6201
   -0.9976    0.0246   -0.0651
   -0.0043   -0.9555   -0.2950
   -0.0695   -0.2940    0.9533
...     7 C-G ...
   -1.1030   -4.4824   18.7362
   -0.8441   -0.5304   -0.0787
    0.5345   -0.8441   -0.0432
   -0.0435   -0.0785    0.9960
...     8 G-C ...
   -2.4028   -7.7290   23.1475
   -0.2754   -0.3293   -0.9032
    0.6650   -0.7437    0.0684
   -0.6942   -0.5818    0.4238
...     9 C-G ...
   -4.4690   -9.9728   24.1132
    0.1145   -0.7025   -0.7024
    0.8512   -0.2952    0.4340
   -0.5122   -0.6476    0.5642
...    10 T-A ...
   -6.7405  -10.8752   25.9697
    0.4841   -0.8363   -0.2574
    0.6595    0.1553    0.7355
   -0.5751   -0.5258    0.6267
...    11 C-G ...
   -9.1656  -12.6208   27.1640
    0.7073   -0.6682    0.2307
    0.3448    0.6110    0.7126
   -0.6171   -0.4245    0.6626
...    12 A-T ...
  -10.9234  -14.6633   29.0693
    0.7515   -0.1377    0.6452
   -0.2029    0.8824    0.4246
   -0.6277   -0.4500    0.6352
...    13 C-G ...
  -11.8476  -17.4863   31.2451
    0.4295    0.2823    0.8578
   -0.5708    0.8209    0.0156
   -0.6998   -0.4963    0.5137
...    14 A-T ...
  -13.5897  -19.7827   33.4259
   -0.1504    0.6104    0.7777
   -0.6874    0.5008   -0.5260
   -0.7106   -0.6136    0.3443
...    15 A-T ...
  -15.8165  -21.8563   34.5468
   -0.5187    0.7956    0.3130
   -0.4516    0.0559   -0.8905
   -0.7259   -0.6033    0.3303
...    16 T-A ...
  -17.9578  -23.7979   36.3224
   -0.7077    0.6728   -0.2156
   -0.0782   -0.3779   -0.9225
   -0.7022   -0.6360    0.3201
...    17 T-A ...
  -20.2647  -25.7044   37.6904
   -0.6353    0.2967   -0.7130
    0.3694   -0.6940   -0.6179
   -0.6782   -0.6560    0.3313
...    18 T-A ...
  -22.5839  -27.7123   38.7786
   -0.2855   -0.1334   -0.9491
    0.6622   -0.7433   -0.0948
   -0.6928   -0.6555    0.3005
...    19 A-T ...
  -24.7356  -30.1637   39.7297
    0.2132   -0.5464   -0.8099
    0.6835   -0.5089    0.5232
   -0.6981   -0.6651    0.2650
...    20 T-A ...
  -27.4399  -32.0679   40.1074
    0.5323   -0.7449   -0.4021
    0.4674   -0.1373    0.8733
   -0.7058   -0.6528    0.2751
...    21 T-A ...
  -29.8205  -34.2176   40.7161
    0.6832   -0.7004    0.2066
    0.0474    0.3248    0.9446
   -0.7287   -0.6356    0.2551
...    22 C-G ...
  -32.1838  -36.3633   41.5506
    0.5874   -0.3543    0.7276
   -0.3831    0.6702    0.6357
   -0.7129   -0.6521    0.2580
...    23 G-C ...
  -34.8024  -38.1112   42.7820
    0.3685    0.1725    0.9135
   -0.6629    0.7377    0.1280
   -0.6518   -0.6527    0.3862
...    24 C-G ...
  -36.6637  -40.5304   44.0107
    0.0022    0.5732    0.8194
   -0.7518    0.5412   -0.3766
   -0.6594   -0.6152    0.4321
...    25 A-T ...
  -39.1890  -42.4610   45.0152
   -0.3883    0.8276    0.4054
   -0.6040    0.1036   -0.7902
   -0.6960   -0.5517    0.4596
...    26 A-T ...
  -41.4327  -44.2086   46.6446
   -0.6509    0.7470   -0.1352
   -0.2739   -0.3971   -0.8760
   -0.7081   -0.5331    0.4631
...    27 A-T ...
  -43.6645  -45.7637   48.4364
   -0.6886    0.3754   -0.6204
    0.1594   -0.7562   -0.6346
   -0.7074   -0.5359    0.4609
...    28 G-C ...
  -46.2730  -47.1326   50.0924
   -0.4492   -0.0596   -0.8914
    0.4841   -0.8549   -0.1868
   -0.7509   -0.5154    0.4129
...    29 G-C ...
  -49.1334  -48.6744   51.2563
   -0.0363   -0.5130   -0.8576
    0.6307   -0.6774    0.3785
   -0.7752   -0.5271    0.3482
...    30 C-G ...
  -51.8754  -50.3607   51.9610
    0.3541   -0.7867   -0.5056
    0.5145   -0.2875    0.8078
   -0.7809   -0.5462    0.3030
...    31 C-G ...
  -54.6692  -52.0975   52.7476
    0.6224   -0.7823    0.0259
    0.2097    0.1985    0.9574
   -0.7541   -0.5904    0.2876
...    32 G-C ...
  -56.9028  -53.8589   53.9584
    0.6990   -0.5091    0.5021
   -0.1627    0.5705    0.8050
   -0.6963   -0.6444    0.3160
...    33 G-C ...
  -58.9794  -56.2973   55.0384
    0.5252   -0.0576    0.8490
   -0.5341    0.7544    0.3816
   -0.6625   -0.6539    0.3654
...    34 C-G ...
  -60.9490  -58.7310   56.0796
    0.1730    0.4136    0.8939
   -0.7298    0.6633   -0.1656
   -0.6614   -0.6237    0.4166
...    35 C-G ...
  -62.9004  -60.8897   57.8531
   -0.2009    0.7680    0.6082
   -0.7069    0.3162   -0.6327
   -0.6782   -0.5570    0.4794
...    36 C-G ...
  -65.0450  -62.6812   59.7229
   -0.5143    0.8505    0.1100
   -0.4991   -0.1925   -0.8449
   -0.6974   -0.4894    0.5235
...    37 G-C ...
  -67.5467  -64.6772   60.7891
   -0.6393    0.6405   -0.4256
   -0.1395   -0.6408   -0.7549
   -0.7562   -0.4232    0.4990
...    38 A-T ...
  -69.9612  -65.9767   62.4123
   -0.5930    0.1376   -0.7934
    0.2632   -0.8980   -0.3525
   -0.7610   -0.4178    0.4963
...    39 C-G ...
  -72.7078  -66.8394   63.8435
   -0.3363   -0.3417   -0.8776
    0.5126   -0.8481    0.1338
   -0.7900   -0.4048    0.4604
...    40 A-T ...
  -75.4437  -68.3221   65.1690
    0.0747   -0.7641   -0.6408
    0.5935   -0.4823    0.6443
   -0.8014   -0.4285    0.4174
...    41 C-G ...
  -78.3298  -69.8147   66.0175
    0.3837   -0.8997   -0.2081
    0.4552   -0.0119    0.8903
   -0.8035   -0.4363    0.4049
...    42 G-C ...
  -80.7933  -71.1298   67.7939
    0.6051   -0.7111    0.3581
    0.1350    0.5348    0.8341
   -0.7846   -0.4564    0.4196
...    43 A-T ...
  -83.4004  -72.4725   68.9961
    0.5704   -0.2553    0.7807
   -0.2207    0.8679    0.4451
   -0.7912   -0.4262    0.4386
...    44 C-G ...
  -85.7476  -74.4510   70.2156
    0.4082    0.2719    0.8715
   -0.4967    0.8671   -0.0379
   -0.7660   -0.4174    0.4890
...    45 T-A ...
  -88.0676  -76.2782   72.2301
    0.1178    0.7599    0.6393
   -0.6378    0.5513   -0.5378
   -0.7611   -0.3444    0.5496
...    46 T-A ...
  -90.4063  -77.3332   74.0989
   -0.1833    0.9558    0.2298
   -0.6121    0.0719   -0.7875
   -0.7692   -0.2850    0.5719
...    47 A-T ...
  -92.8987  -77.9022   76.1878
   -0.3458    0.8805   -0.3243
   -0.4651   -0.4610   -0.7558
   -0.8150   -0.1105    0.5689
...    48 C-G ...
  -95.3448  -77.6411   78.3920
   -0.4971    0.5063   -0.7047
   -0.2477   -0.8611   -0.4440
   -0.8316   -0.0461    0.5534
...    49 T-A ...
  -98.0938  -77.2047   80.2816
   -0.4894   -0.0224   -0.8718
   -0.0134   -0.9994    0.0332
   -0.8719    0.0279    0.4888
...    50 G-C ...
 -101.1365  -77.2417   81.7166
   -0.3363   -0.6070   -0.7200
    0.2279   -0.7943    0.5632
   -0.9138    0.0253    0.4054
...    51 T-A ...
 -104.2431  -76.9812   82.5308
   -0.1735   -0.9421   -0.2869
    0.3607   -0.3318    0.8717
   -0.9164    0.0478    0.3974
...    52 A-T ...
 -106.8026  -76.4629   84.9707
    0.0006   -0.8842    0.4672
    0.4257    0.4230    0.7999
   -0.9048    0.1984    0.3767
...    53 G-C ...
 -109.8126  -75.8064   86.0859
    0.2742   -0.5355    0.7988
    0.3842    0.8225    0.4194
   -0.8816    0.1919    0.4313
...    54 G-C ...
 -113.1059  -75.8299   87.5161
    0.5111    0.0024    0.8595
    0.1734    0.9792   -0.1058
   -0.8419    0.2031    0.5000
...    55 T-A ...
 -115.8070  -75.5290   89.2786
    0.5626    0.5050    0.6545
   -0.1035    0.8285   -0.5503
   -0.8202    0.2418    0.5184
...    56 A-T ...
 -118.3635  -74.9312   91.5335
    0.5185    0.8435    0.1399
   -0.4283    0.3979   -0.8113
   -0.7401    0.3607    0.5676
...    57 T-A ...
 -120.3236  -73.8339   93.8658
    0.2724    0.9054   -0.3258
   -0.6474   -0.0780   -0.7582
   -0.7118    0.4174    0.5649
...    58 C-G ...
 -122.5629  -72.1019   95.8573
   -0.1515    0.6258   -0.7651
   -0.7075   -0.6092   -0.3582
   -0.6903    0.4871    0.5350
...    59 T-A ...
 -124.7191  -70.1525   97.4056
   -0.4643    0.1597   -0.8711
   -0.5514   -0.8218    0.1432
   -0.6931    0.5469    0.4697
...    60 C-G ...
 -127.3463  -68.6731   98.6612
   -0.7068   -0.3678   -0.6043
   -0.2266   -0.6915    0.6859
   -0.6701    0.6217    0.4055
...    61 G-C ...
 -129.6554  -67.0750  100.4467
   -0.7041   -0.7032   -0.0985
    0.1859   -0.3164    0.9302
   -0.6853    0.6367    0.3535
...    62 A-T ...
 -131.8004  -64.8919  101.7991
   -0.4461   -0.7296    0.5183
    0.5990    0.1869    0.7786
   -0.6650    0.6578    0.3537
...    63 G-C ...
 -133.9700  -62.6584  102.9107
   -0.0393   -0.4970    0.8669
    0.7774    0.5298    0.3390
   -0.6277    0.6873    0.3655
...    64 C-G ...
 -136.4409  -60.5319  104.0419
    0.4516   -0.1054    0.8860
    0.6639    0.7031   -0.2547
   -0.5961    0.7032    0.3875
...    65 T-A ...
 -138.7722  -58.3949  105.4323
    0.7916    0.2690    0.5487
    0.2907    0.6240   -0.7253
   -0.5375    0.7337    0.4157
...    66 T-A ...
 -140.4380  -56.1179  106.9269
    0.8655    0.5006    0.0170
   -0.2043    0.3838   -0.9005
   -0.4573    0.7760    0.4344
...    67 C-G ...
 -141.7848  -53.3942  107.9986
    0.6380    0.5337   -0.5551
   -0.6836    0.0607   -0.7273
   -0.3545    0.8435    0.4035
...    68 A-T ...
 -142.5650  -50.4649  109.5832
    0.2190    0.3579   -0.9077
   -0.9512   -0.1290   -0.2804
   -0.2175    0.9248    0.3121
...    69 T-A ...
 -142.7704  -47.3319  110.4556
   -0.2827    0.1877   -0.9407
   -0.9374   -0.2621    0.2294
   -0.2035    0.9466    0.2501
...    70 G-C ...
 -143.4048  -44.0426  111.0530
   -0.7918   -0.0605   -0.6077
   -0.5750   -0.2616    0.7752
   -0.2059    0.9633    0.1724
...    71 T-A ...
 -143.8775  -40.6495  111.0847
   -0.9855   -0.1632   -0.0472
   -0.0188   -0.1714    0.9850
   -0.1688    0.9716    0.1659
...    72 T-A ...
 -144.3246  -37.4270  111.3470
   -0.8033   -0.1424    0.5783
    0.5890   -0.0467    0.8068
   -0.0879    0.9887    0.1214
...    73 A-T ...
 -144.0952  -33.9346  111.7924
   -0.1454   -0.0216    0.9891
    0.9894   -0.0062    0.1453
    0.0030    0.9997    0.0223
...    74 T-A ...
 -144.7486  -30.7109  111.8675
    0.3955   -0.0027    0.9184
    0.9181   -0.0280   -0.3955
    0.0268    0.9996   -0.0086
...    75 A-T ...
 -144.4191  -27.3215  111.4986
    0.8943   -0.0495    0.4447
    0.4427   -0.0458   -0.8955
    0.0647    0.9977   -0.0191
...    76 A-T ...
 -144.1563  -24.1642  111.6073
    0.9826   -0.1305   -0.1322
   -0.1347   -0.0100   -0.9908
    0.1280    0.9914   -0.0274
...    77 C-G ...
 -143.3538  -20.9427  112.0686
    0.7356   -0.1745   -0.6545
   -0.6528    0.0754   -0.7538
    0.1809    0.9818   -0.0584
...    78 G-C ...
 -142.7783  -17.8067  111.2676
    0.2208   -0.2544   -0.9416
   -0.9293    0.2383   -0.2822
    0.2961    0.9373   -0.1838
...    79 G-C ...
 -141.6855  -15.0054  109.8560
   -0.3526   -0.1960   -0.9150
   -0.8672    0.4359    0.2408
    0.3516    0.8784   -0.3236
...    80 A-T ...
 -140.6077  -12.2628  108.4160
   -0.8202    0.0595   -0.5690
   -0.4647    0.5108    0.7233
    0.3337    0.8576   -0.3913
...    81 C-G ...
 -139.5428   -9.7703  106.4539
   -0.9412    0.3226   -0.0999
    0.0538    0.4353    0.8987
    0.3334    0.8405   -0.4271
...    82 G-C ...
 -138.4570   -6.8973  105.2389
   -0.6683    0.5547    0.4957
    0.6620    0.1394    0.7365
    0.3394    0.8203   -0.4603
...    83 G-C ...
 -137.3197   -4.1836  103.4835
   -0.1556    0.4937    0.8556
    0.9154   -0.2535    0.3128
    0.3713    0.8319   -0.4125
...    84 G-C ...
 -136.2179   -1.3678  102.0162
    0.3552    0.1872    0.9158
    0.8435   -0.4865   -0.2277
    0.4029    0.8534   -0.3308
...    85 A-T ...
 -135.0758    1.6195  100.9476
    0.7902   -0.1714    0.5884
    0.4384   -0.5129   -0.7381
    0.4282    0.8412   -0.3301
...    86 T-A ...
 -133.7745    4.6025  100.4235
    0.8854   -0.4498    0.1174
   -0.0492   -0.3418   -0.9385
    0.4623    0.8251   -0.3248
...    87 C-G ...
 -132.0549    7.3176   99.5344
    0.6535   -0.6018   -0.4591
   -0.5679    0.0110   -0.8230
    0.5003    0.7986   -0.3346
...    88 C-G ...
 -130.2762    9.8695   98.4536
    0.1736   -0.5971   -0.7831
   -0.8178    0.3557   -0.4525
    0.5487    0.7190   -0.4266
...    89 G-C ...
 -128.7918   12.3273   96.6889
   -0.3991   -0.3625   -0.8422
   -0.7329    0.6780    0.0554
    0.5510    0.6394   -0.5363
...    90 C-G ...
 -126.7151   14.0634   94.4943
   -0.7582    0.0998   -0.6444
   -0.3416    0.7809    0.5229
    0.5554    0.6166   -0.5580
...    91 T-A ...
 -125.0495   15.9380   92.0230
   -0.8081    0.5489   -0.2138
    0.2099    0.6073    0.7662
    0.5504    0.5743   -0.6060
...    92 T-A ...
 -123.3694   17.6286   89.7570
   -0.4744    0.8423    0.2557
    0.6576    0.1461    0.7391
    0.5852    0.5188   -0.6232
...    93 T-A ...
 -121.6417   19.2540   87.4563
    0.0454    0.7868    0.6155
    0.7977   -0.3995    0.4517
    0.6013    0.4705   -0.6458
...    94 A-T ...
 -119.0675   20.1082   85.3619
    0.5814    0.3656    0.7268
    0.5594   -0.8283   -0.0307
    0.5908    0.4244   -0.6861
...    95 A-T ...
 -117.2360   21.6135   83.1748
    0.8052   -0.1991    0.5585
    0.0883   -0.8911   -0.4450
    0.5863    0.4077   -0.7000
...    96 C-G ...
 -115.1987   23.4400   81.1500
    0.7110   -0.6715    0.2087
   -0.3914   -0.6244   -0.6760
    0.5843    0.3989   -0.7067
...    97 A-T ...
 -113.1282   24.6104   78.7116
    0.2745   -0.9416   -0.1949
   -0.7372   -0.0759   -0.6714
    0.6174    0.3280   -0.7150
...    98 C-G ...
 -110.5549   25.3178   76.6422
   -0.1910   -0.8379   -0.5112
   -0.7562    0.4577   -0.4677
    0.6259    0.2972   -0.7211
...    99 T-A ...
 -107.9630   25.8551   74.1958
   -0.6437   -0.4116   -0.6452
   -0.4763    0.8753   -0.0831
    0.5990    0.2538   -0.7594
...   100 T-A ...
 -105.9284   26.3524   71.6709
   -0.7771    0.2096   -0.5934
    0.0119    0.9476    0.3191
    0.6293    0.2409   -0.7389
...   101 T-A ...
 -103.8945   26.8977   69.1407
   -0.6013    0.7380   -0.3061
    0.4669    0.6355    0.6149
    0.6484    0.2269   -0.7267
...   102 A-T ...
 -101.3777   27.7025   66.8486
   -0.0659    0.9838    0.1669
    0.7378   -0.0645    0.6719
    0.6718    0.1674   -0.7216
...   103 T-A ...
  -99.7638   28.4502   64.1109
    0.2912    0.8178    0.4965
    0.6769   -0.5428    0.4971
    0.6760    0.1913   -0.7116
...   104 G-C ...
  -97.5731   29.3576   61.7805
    0.5800    0.2918    0.7605
    0.3787   -0.9232    0.0653
    0.7212    0.2501   -0.6460
...   105 C-G ...
  -95.1395   30.5382   59.8647
    0.6621   -0.2926    0.6899
   -0.0228   -0.9281   -0.3717
    0.7491    0.2304   -0.6212
...   106 T-A ...
  -92.3513   31.6001   58.0619
    0.4985   -0.7905    0.3557
   -0.3835   -0.5691   -0.7274
    0.7774    0.2262   -0.5869
...   107 T-A ...
  -89.7066   32.3134   56.3769
    0.1542   -0.9827   -0.1022
   -0.5817   -0.0067   -0.8134
    0.7986    0.1849   -0.5727
...   108 C-G ...
  -86.9025   32.7381   54.5530
   -0.2593   -0.7847   -0.5630
   -0.5429    0.6006   -0.5870
    0.7987    0.1535   -0.5818
...   109 C-G ...
  -84.2535   33.0353   52.5872
   -0.5905   -0.3364   -0.7336
   -0.2917    0.9365   -0.1947
    0.7525    0.0990   -0.6511
...   110 G-C ...
  -82.0906   33.6808   50.4045
   -0.7218    0.2171   -0.6572
    0.0997    0.9722    0.2117
    0.6849    0.0872   -0.7234
...   111 G-C ...
  -80.0689   33.9267   47.6994
   -0.5731    0.7302   -0.3719
    0.5092    0.6729    0.5365
    0.6421    0.1181   -0.7575
...   112 C-G ...
  -78.3756   34.2092   44.8048
   -0.2029    0.9785    0.0365
    0.7505    0.1315    0.6477
    0.6289    0.1588   -0.7611
...   113 T-A ...
  -76.4203   34.7636   42.1528
    0.2190    0.8794    0.4228
    0.7487   -0.4294    0.5051
    0.6257    0.2059   -0.7524
...   114 C-G ...
  -74.2167   35.4100   39.7076
    0.6176    0.4241    0.6623
    0.4716   -0.8736    0.1197
    0.6294    0.2384   -0.7396
...   115 G-C ...
  -71.9103   35.6885   37.2684
    0.7264   -0.2201    0.6511
    0.0089   -0.9443   -0.3291
    0.6872    0.2448   -0.6839
...   116 T-A ...
  -69.2719   36.9640   35.5718
    0.5754   -0.7210    0.3860
   -0.3931   -0.6577   -0.6426
    0.7172    0.2181   -0.6619
...   117 A-T ...
  -66.5784   37.7434   33.6152
    0.1770   -0.9824   -0.0605
   -0.6422   -0.0687   -0.7634
    0.7458    0.1740   -0.6430
...   118 T-A ...
  -63.6987   38.1586   32.0533
   -0.1772   -0.8641   -0.4710
   -0.6368    0.4656   -0.6146
    0.7504    0.1911   -0.6328
...   119 A-T ...
  -61.2348   39.1902   29.7816
   -0.5172   -0.2724   -0.8113
   -0.3452    0.9339   -0.0935
    0.7831    0.2317   -0.5771
...   120 A-T ...
  -58.6049   39.6108   27.8984
   -0.6104    0.3341   -0.7182
    0.0193    0.9127    0.4082
    0.7918    0.2353   -0.5636
...   121 T-A ...
  -56.1169   39.8517   25.6554
   -0.4890    0.7795   -0.3915
    0.3386    0.5833    0.7383
    0.8039    0.2284   -0.5492
...   122 G-C ...
  -53.3485   40.6202   23.6738
   -0.2236    0.9547    0.1964
    0.5635   -0.0378    0.8252
    0.7953    0.2952   -0.5296
...   123 T-A ...
  -51.0150   41.6743   21.5643
    0.0933    0.7791    0.6199
    0.5825   -0.5477    0.6006
    0.8075    0.3051   -0.5049
...   124 G-C ...
  -48.2581   42.7476   19.8668
    0.3543    0.2597    0.8983
    0.4305   -0.8981    0.0899
    0.8301    0.3549   -0.4300
...   125 T-A ...
  -45.7952   44.2988   18.5473
    0.4784   -0.2841    0.8309
    0.1886   -0.8909   -0.4132
    0.8577    0.3544   -0.3726
...   126 C-G ...
  -42.9874   45.3959   17.5255
    0.4974   -0.7611    0.4163
   -0.1131   -0.5327   -0.8387
    0.8601    0.3701   -0.3511
...   127 G-C ...
  -40.1410   46.1559   15.8167
    0.2406   -0.9653   -0.1012
   -0.3030    0.0244   -0.9527
    0.9221    0.2599   -0.2866
...   128 A-T ...
  -37.1494   46.9544   14.9478
    0.0173   -0.7469   -0.6647
   -0.3820    0.6095   -0.6947
    0.9240    0.2659   -0.2748
...   129 C-G ...
  -33.8593   47.1985   14.4900
   -0.2199   -0.2958   -0.9296
   -0.3191    0.9223   -0.2179
    0.9219    0.2487   -0.2972
...   130 C-G ...
  -30.6922   47.6646   13.2740
   -0.4233    0.2587   -0.8683
   -0.1116    0.9362    0.3333
    0.8991    0.2380   -0.3674
...   131 A-T ...
  -27.5625   49.1354   12.9373
   -0.3947    0.8042   -0.4444
    0.1600    0.5365    0.8286
    0.9048    0.2560   -0.3404
...   132 A-T ...
  -24.6221   49.9355   11.6942
   -0.2197    0.9657    0.1386
    0.3546   -0.0533    0.9335
    0.9088    0.2543   -0.3307
...   133 A-T ...
  -21.7948   50.8400   10.2852
    0.0616    0.7480    0.6608
    0.3970   -0.6258    0.6714
    0.9157    0.2210   -0.3355
...   134 T-A ...
  -19.0083   52.0403    8.9384
    0.2450    0.2904    0.9250
    0.3072   -0.9282    0.2101
    0.9196    0.2327   -0.3167
...   135 G-C ...
  -16.4569   53.8981    7.5290
    0.5336   -0.3334    0.7773
    0.0348   -0.9096   -0.4140
    0.8450    0.2479   -0.4738
...   136 T-A ...
  -14.1681   56.5699    6.1948
    0.5795   -0.7269    0.3684
   -0.3140   -0.6163   -0.7222
    0.7521    0.3028   -0.5854
...   137 G-C ...
  -11.6469   58.0147    4.7336
    0.2454   -0.9541   -0.1717
   -0.6318   -0.0231   -0.7748
    0.7352    0.2986   -0.6085
...   138 A-T ...
   -8.6698   58.7290    3.6170
   -0.0344   -0.7815   -0.6230
   -0.6534    0.4892   -0.5777
    0.7562    0.3872   -0.5274
...   139 G-C ...
   -6.3211   59.0880    1.6440
   -0.2967   -0.3277   -0.8970
   -0.5657    0.8170   -0.1114
    0.7694    0.4744   -0.4278
...   140 C-G ...
   -3.4296   60.2438    1.0434
   -0.4424    0.2288   -0.8671
   -0.1682    0.9286    0.3309
    0.8809    0.2922   -0.3723
...   141 G-C ...
   -0.6893   63.9064   -2.2357
   -0.9992    0.0156   -0.0375
   -0.0024    0.8991    0.4378
    0.0405    0.4375   -0.8983
...   142 C-G ...
   -0.9980   65.6138   -4.9249
   -0.8337    0.5217    0.1810
    0.5169    0.6220    0.5881
    0.1942    0.5839   -0.7882
...   143 T-A ...
   -0.1244   66.2251   -7.8042
   -0.3751    0.8568    0.3538
    0.8856    0.2185    0.4098
    0.2739    0.4670   -0.8408
...   144 C-G ...
   -0.1580   67.4198  -10.7922
    0.1799    0.8792    0.4411
    0.9276   -0.3009    0.2214
    0.3274    0.3694   -0.8697
...   145 A-T ...
    0.5353   69.2488  -13.4514
    0.7352    0.4961    0.4620
    0.6117   -0.7791   -0.1369
    0.2921    0.3832   -0.8763
...   146 C-G ...
    1.4421   72.1065  -15.5859
    0.9808    0.0622    0.1849
    0.1266   -0.9240   -0.3608
    0.1484    0.3773   -0.9141
...   147 A-T ...
    2.3150   74.2411  -18.3715
    0.8657   -0.4292   -0.2574
   -0.4984   -0.7868   -0.3642
   -0.0462    0.4436   -0.8950
